9.99552E-05 0.738854 9.99552E-05 0.0917359 0.10913 9.99552E-05 9.99552E-05 0.0597805 9.99552E-05
9.99731E-05 0.222572 9.99731E-05 9.99731E-05 0.0159032 0.061401 0.43922 0.125175 0.135429
0.294521 9.99821E-05 0.138205 0.0755933 0.0369538 0.225116 9.99821E-05 0.0387821 0.190628
0.195534 0.443174 0.109743 9.99731E-05 0.0972065 0.123398 9.99731E-05 9.99731E-05 0.0306453
9.9964E-05 0.174101 9.9964E-05 0.22139 0.127886 0.177681 0.298543 9.9964E-05 9.9964E-05
0.22106 0.425522 0.0996225 9.9973E-05 0.0553735 0.0973686 0.100754 9.9973E-05 9.9973E-05
9.99821E-05 0.411176 0.135134 9.99821E-05 0.101648 0.0637764 0.155024 0.0380046 0.095036
9.99463E-05 0.613436 9.99463E-05 9.99463E-05 0.0214852 9.99463E-05 9.99463E-05 0.364479 9.99463E-05
9.99552E-05 9.99552E-05 0.607683 0.0262572 9.99552E-05 0.0846169 9.99552E-05 0.280943 9.99552E-05
0.381295 0.176424 0.22667 0.00230862 0.116382 9.99731E-05 9.99731E-05 9.99731E-05 0.0966204
0.275848 9.9982E-05 0.0573077 0.291964 0.0294465 0.282076 9.9982E-05 0.0543259 0.00883223
9.99642E-05 9.99642E-05 0.332925 9.99642E-05 0.000654659 0.00534713 0.330972 0.329701 9.99642E-05
9.99552E-05 0.178269 9.99552E-05 9.99552E-05 9.99552E-05 0.0096214 0.323861 0.487749 9.99552E-05
9.99731E-05 0.321099 0.0145109 9.99731E-05 0.0407158 0.0874593 0.484192 9.99731E-05 0.051723
9.99553E-05 0.294085 0.555162 9.99553E-05 9.99553E-05 9.99553E-05 9.99553E-05 0.12299 0.0272634
9.99464E-05 0.481079 9.99464E-05 0.303225 9.99464E-05 0.215095 9.99464E-05 9.99464E-05 9.99464E-05
0.0841677 0.34837 0.239415 9.99731E-05 9.99731E-05 0.026801 0.246437 9.99731E-05 0.0545096
0.08271 0.238764 0.283225 0.217614 0.177287 9.99641E-05 9.99641E-05 9.99641E-05 9.99641E-05
9.99552E-05 9.99552E-05 0.0404132 0.126288 9.99552E-05 9.99552E-05 0.00889078 0.823909 9.99552E-05
9.99551E-05 0.524242 0.213099 9.99551E-05 9.99551E-05 9.99551E-05 0.157361 9.99551E-05 0.104798
0.475269 0.184228 0.143094 9.99553E-05 0.196909 9.99553E-05 9.99553E-05 9.99553E-05 9.99553E-05
0.088527 9.99641E-05 9.99641E-05 0.163897 9.99641E-05 0.191241 9.99641E-05 0.547043 0.00889161
0.073741 0.128762 0.242744 9.99731E-05 0.0946397 0.328968 0.130845 9.99731E-05 9.99731E-05
9.99731E-05 0.0703928 9.99731E-05 0.0798144 0.0234139 0.522234 0.285236 9.99731E-05 0.0186091
0.334935 0.166191 9.99641E-05 9.99641E-05 0.0864971 0.367834 9.99641E-05 0.044142 9.99641E-05
0.0509205 0.538391 9.9973E-05 0.0707998 0.0175733 0.196368 9.9973E-05 0.125648 9.9973E-05
0.0502446 0.0310611 0.100142 0.324994 0.214802 0.0257482 9.9991E-05 0.251647 0.0012606
9.99552E-05 0.137559 9.99552E-05 0.60453 9.99552E-05 9.99552E-05 0.209546 9.99552E-05 0.0478649
0.296278 9.99641E-05 9.99641E-05 0.103519 9.99641E-05 9.99641E-05 0.117414 0.395578 0.0868108
9.99373E-05 9.99373E-05 9.99373E-05 9.99373E-05 9.99373E-05 0.820616 9.99373E-05 0.178684 9.99373E-05
9.99731E-05 0.0535378 0.0101916 0.529346 0.238318 9.99731E-05 0.14328 9.99731E-05 0.0250268
9.99551E-05 9.99551E-05 9.99551E-05 9.99551E-05 0.0565918 9.99551E-05 0.318823 0.0312704 0.592815
0.361324 9.99731E-05 0.226176 0.25534 9.99731E-05 0.0121187 0.0835446 0.0611969 9.99731E-05
9.99821E-05 0.0724714 0.140298 0.0518573 9.99821E-05 0.0428699 0.143569 0.257161 0.291573
9.99641E-05 0.603674 9.99641E-05 0.0981197 0.172211 0.116489 9.99641E-05 0.00910687 9.99641E-05
9.99465E-05 0.742442 9.99465E-05 9.99465E-05 0.0389903 9.99465E-05 0.217968 9.99465E-05 9.99465E-05
9.99641E-05 0.00250859 9.99641E-05 0.468114 0.162518 9.99641E-05 0.0619635 9.99641E-05 0.304495
0.662599 9.99462E-05 9.99462E-05 9.99462E-05 9.99462E-05 9.99462E-05 0.120002 0.216799 9.99462E-05
0.0345196 0.0346268 9.9982E-05 9.9982E-05 0.141407 0.148854 0.074881 0.221709 0.343803
0.0906325 0.229074 9.9973E-05 9.9973E-05 9.9973E-05 0.0744609 0.200541 0.10132 0.30367
9.99731E-05 9.99731E-05 0.232771 0.102778 0.117061 0.212148 9.99731E-05 0.0292637 0.305678
9.995E-05 9.995E-05 0.302262 9.995E-05 0.144039 0.151107 9.995E-05 9.995E-05 0.402093
0.0235064 0.320735 9.99731E-05 9.99731E-05 0.0229481 9.99731E-05 0.424673 0.0367445 0.171093
0.0201031 0.240039 0.169641 0.445737 0.02284 9.99731E-05 0.10134 9.99731E-05 9.99731E-05
9.9964E-05 9.9964E-05 9.9964E-05 9.9964E-05 0.0405176 0.0598694 0.0307236 0.480573 0.387917
0.0395677 0.431966 0.434382 9.99642E-05 9.99642E-05 9.99642E-05 0.0907412 0.00294317 9.99642E-05
9.99461E-05 0.269935 0.721526 9.99461E-05 9.99461E-05 9.99461E-05 9.99461E-05 9.99461E-05 0.00793948
0.156749 9.99641E-05 0.552667 9.99641E-05 0.169111 9.99641E-05 0.0455096 0.0755631 9.99641E-05
9.99553E-05 0.068138 0.330867 9.99553E-05 9.99553E-05 9.99553E-05 9.99553E-05 0.317582 0.282914
9.99551E-05 0.800132 9.99551E-05 9.99551E-05 0.166241 9.99551E-05 9.99551E-05 0.0321029 0.00102458
0.00656971 0.713147 9.99551E-05 0.127472 9.99551E-05 0.152311 9.99551E-05 9.99551E-05 9.99551E-05
0.292614 9.99552E-05 9.99552E-05 9.99552E-05 0.067151 9.99552E-05 0.45398 9.99552E-05 0.185755
9.9955E-05 0.310184 0.168511 0.348206 9.9955E-05 0.1726 9.9955E-05 9.9955E-05 9.9955E-05
0.229999 0.316634 9.99552E-05 9.99552E-05 9.99552E-05 0.0608274 9.99552E-05 0.39204 9.99552E-05
0.024484 9.99552E-05 9.99552E-05 0.163337 9.99552E-05 9.99552E-05 0.805314 0.00636542 9.99552E-05
9.99732E-05 0.143688 0.00566558 0.483254 0.119124 9.99732E-05 0.0479442 0.200024 9.99732E-05
9.99551E-05 0.131723 9.99551E-05 0.161049 9.99551E-05 0.274487 0.432241 9.99551E-05 9.99551E-05
9.99464E-05 9.99464E-05 9.99464E-05 0.275988 9.99464E-05 9.99464E-05 0.656859 0.0665527 9.99464E-05
9.9973E-05 0.181505 0.0111927 0.197795 0.180398 9.9973E-05 0.320458 0.108351 9.9973E-05
0.266833 0.494935 0.0331717 9.99641E-05 0.188012 9.99641E-05 0.0166493 9.99641E-05 9.99641E-05
9.99462E-05 0.439422 9.99462E-05 0.445633 9.99462E-05 9.99462E-05 9.99462E-05 0.114346 9.99462E-05
9.9964E-05 0.0870755 0.237835 9.9964E-05 0.360502 0.102328 9.9964E-05 9.9964E-05 0.21186
9.9946E-05 9.9946E-05 0.0195507 0.685344 9.9946E-05 9.9946E-05 9.9946E-05 0.294506 9.9946E-05
9.99553E-05 0.159667 9.99553E-05 9.99553E-05 0.181502 0.559113 9.99553E-05 9.99553E-05 0.0992187
9.99552E-05 0.523203 9.99552E-05 0.202882 9.99552E-05 0.0353107 9.99552E-05 9.99552E-05 0.238105
9.99552E-05 9.99552E-05 0.418327 9.99552E-05 0.0132798 0.118739 9.99552E-05 0.449154 9.99552E-05
0.0405452 0.647793 9.99641E-05 9.99641E-05 0.0501881 0.0725307 0.188543 9.99641E-05 9.99641E-05
0.0531944 9.9991E-05 0.0659344 0.187047 0.201117 0.00213529 0.101065 0.341592 0.047816
0.00421224 0.352766 9.99641E-05 9.99641E-05 0.0805713 9.99641E-05 9.99641E-05 0.404085 0.157965
0.0100516 0.259871 9.99641E-05 0.259177 9.99641E-05 9.99641E-05 0.010171 9.99641E-05 0.46033
0.122328 0.0926569 0.456354 9.9982E-05 0.151695 9.9982E-05 0.00738085 0.0226243 0.146762
9.99641E-05 9.99641E-05 0.131808 9.99641E-05 0.191078 0.218127 9.99641E-05 0.44938 0.00920731
0.00563559 0.0333692 9.99554E-05 9.99554E-05 0.213644 9.99554E-05 0.746851 9.99554E-05 9.99554E-05
9.99731E-05 0.109301 9.99731E-05 0.0946292 0.149059 0.061734 9.99731E-05 0.293049 0.291927
9.99554E-05 0.607682 9.99554E-05 9.99554E-05 9.99554E-05 0.0247528 0.2282 9.99554E-05 0.138865
9.99731E-05 0.104711 0.135897 9.99731E-05 0.0844141 9.99731E-05 0.399649 0.252224 0.0228052
9.99643E-05 0.0546252 0.679297 0.0823828 9.99643E-05 0.0496483 9.99643E-05 0.133647 9.99643E-05
0.110817 9.9982E-05 0.137822 0.270868 0.138455 0.0344053 0.185515 0.121919 9.9982E-05
0.0439565 0.0699893 9.9982E-05 0.213403 9.9982E-05 0.0448773 0.151818 0.286351 0.189404
9.99641E-05 0.157923 9.99641E-05 0.144952 0.0263808 9.99641E-05 0.494325 0.176019 9.99641E-05
9.99552E-05 0.395632 9.99552E-05 0.332803 0.216428 9.99552E-05 9.99552E-05 0.0546376 9.99552E-05
0.280881 0.44355 0.0091152 9.99642E-05 9.99642E-05 0.106292 9.99642E-05 0.159763 9.99642E-05
0.127997 0.329717 9.99732E-05 0.0165185 9.99732E-05 9.99732E-05 0.452084 0.0217153 0.0516683
0.106507 9.99641E-05 0.216221 9.99641E-05 9.99641E-05 0.256071 9.99641E-05 0.313343 0.107458
9.996E-05 0.211019 0.478153 9.996E-05 0.100816 0.0794687 0.130144 9.996E-05 9.996E-05
0.0159612 0.507622 0.207631 0.0143032 0.146139 9.9973E-05 9.9973E-05 0.108044 9.9973E-05
0.139568 9.99642E-05 0.00423889 9.99642E-05 0.0526426 9.99642E-05 0.463249 0.339902 9.99642E-05
9.99551E-05 9.99551E-05 9.99551E-05 0.02469 9.99551E-05 0.560997 0.309074 0.10474 9.99551E-05
0.368688 0.476737 0.0855073 0.0313053 9.99643E-05 9.99643E-05 9.99643E-05 9.99643E-05 0.037362
0.242312 9.99462E-05 9.99462E-05 9.99462E-05 9.99462E-05 0.10026 9.99462E-05 0.656828 9.99462E-05
9.99464E-05 0.207782 9.99464E-05 0.0502593 9.99464E-05 0.74136 9.99464E-05 9.99464E-05 9.99464E-05
9.99554E-05 0.315454 9.99554E-05 9.99554E-05 0.103707 0.172518 0.407822 9.99554E-05 9.99554E-05
0.104558 9.99732E-05 0.263778 9.99732E-05 0.12448 0.228229 0.0161218 0.262534 9.99732E-05
0.430393 0.0259768 0.195362 0.03622 0.0459301 0.0890515 0.150533 9.9991E-05 0.0264342
9.9964E-05 9.9964E-05 0.205149 9.9964E-05 0.105791 0.111739 0.173413 0.403508 9.9964E-05
0.104488 0.0894726 0.31617 9.9973E-05 0.00488331 9.9973E-05 0.443046 0.0416406 9.9973E-05
9.99731E-05 0.327621 0.0968327 0.30979 0.089012 0.00892064 9.99731E-05 9.99731E-05 0.167523
9.99371E-05 0.0894248 0.909876 9.99371E-05 9.99371E-05 9.99371E-05 9.99371E-05 9.99371E-05 9.99371E-05
9.99641E-05 0.300766 9.99641E-05 0.225951 0.045823 0.360875 0.0661852 9.99641E-05 9.99641E-05
0.0805241 0.14196 0.0984143 9.99641E-05 9.99641E-05 0.299047 0.379654 9.99641E-05 9.99641E-05
9.99463E-05 9.99463E-05 0.0744402 0.650238 9.99463E-05 9.99463E-05 0.274722 9.99463E-05 9.99463E-05
9.99373E-05 9.99373E-05 9.99373E-05 9.99373E-05 0.0395256 0.959775 9.99373E-05 9.99373E-05 9.99373E-05
0.62151 9.99553E-05 0.246587 0.0119176 9.99553E-05 9.99553E-05 0.119485 9.99553E-05 9.99553E-05
0.999201 9.993E-05 9.993E-05 9.993E-05 9.993E-05 9.993E-05 9.993E-05 9.993E-05 9.993E-05
9.99641E-05 0.564064 0.00419583 9.99641E-05 0.0170578 9.99641E-05 9.99641E-05 0.278696 0.135587
9.99731E-05 0.286659 0.18675 9.99731E-05 9.99731E-05 0.042119 0.0313591 0.237791 0.215022
9.99641E-05 0.237574 0.168573 9.99641E-05 9.99641E-05 9.99641E-05 0.417264 0.148085 0.0281037
0.0675723 0.131732 0.0456649 0.369611 9.99642E-05 9.99642E-05 9.99642E-05 9.99642E-05 0.38502
0.0125369 0.369987 9.99821E-05 0.0168762 0.0575722 0.034758 9.99821E-05 0.302745 0.205325
0.633363 9.99641E-05 9.99641E-05 9.99641E-05 0.00645452 0.0730646 9.99641E-05 0.215322 0.0713968
9.99821E-05 0.0391868 9.99821E-05 0.0103689 0.0673925 0.37219 0.305378 0.156921 0.048362
9.99553E-05 0.657927 9.99553E-05 9.99553E-05 0.0692821 0.100453 9.99553E-05 0.171838 9.99553E-05
9.99641E-05 0.00565704 9.99641E-05 0.00966001 9.99641E-05 0.40886 0.42361 9.99641E-05 0.151813
0.124205 0.304423 9.99553E-05 9.99553E-05 9.99553E-05 9.99553E-05 0.223522 0.34735 9.99553E-05
9.99372E-05 9.99372E-05 9.99372E-05 9.99372E-05 9.99372E-05 0.877083 0.122218 9.99372E-05 9.99372E-05
0.054724 9.99553E-05 0.180377 0.486753 9.99553E-05 9.99553E-05 0.277647 9.99553E-05 9.99553E-05
9.99552E-05 0.509724 0.205797 9.99552E-05 9.99552E-05 0.017449 9.99552E-05 0.26653 9.99552E-05
0.0126169 9.99641E-05 9.99641E-05 9.99641E-05 0.00891622 0.0261712 9.99641E-05 0.930806 0.0210895
0.037449 9.9973E-05 9.9973E-05 0.238323 0.00445721 0.170204 9.9973E-05 0.484016 0.065251
0.0019542 0.20447 0.0616785 9.99731E-05 9.99731E-05 0.0432547 0.560969 9.99731E-05 0.127374
9.99641E-05 0.100998 9.99641E-05 0.0728107 0.091331 0.537862 9.99641E-05 0.196598 9.99641E-05
0.0110464 9.99463E-05 9.99463E-05 9.99463E-05 9.99463E-05 0.0845362 0.903818 9.99463E-05 9.99463E-05
0.0445923 0.856716 9.99462E-05 9.99462E-05 9.99462E-05 9.99462E-05 9.99462E-05 9.99462E-05 0.0980916
0.0112728 0.197117 9.99641E-05 9.99641E-05 0.160763 9.99641E-05 0.156429 9.99641E-05 0.474018
9.99642E-05 0.140664 0.480989 9.99642E-05 9.99642E-05 0.22241 0.00210726 9.99642E-05 0.153429
0.0859497 0.472836 0.241702 0.0421047 0.0853774 9.9973E-05 9.9973E-05 9.9973E-05 0.0717307
9.99731E-05 0.13626 0.447768 9.99731E-05 9.99731E-05 0.218954 0.101923 0.0868571 0.00793735
9.99731E-05 0.27855 0.00735147 0.234533 0.167042 9.99731E-05 0.141019 0.171204 9.99731E-05
0.355161 0.0707635 9.99552E-05 9.99552E-05 9.99552E-05 0.126562 9.99552E-05 9.99552E-05 0.447015
0.202561 0.511692 0.201237 9.99643E-05 9.99643E-05 0.0789872 9.99643E-05 9.99643E-05 0.00512232
0.024187 9.99553E-05 0.758168 0.152414 0.0647314 9.99553E-05 9.99553E-05 9.99553E-05 9.99553E-05
0.0677727 0.394531 0.0317989 0.110533 0.023894 9.9982E-05 0.354817 9.9982E-05 0.0164538
0.0402324 0.151225 0.295586 9.99731E-05 0.0712408 9.99731E-05 9.99731E-05 0.373081 0.0683346
0.486375 0.00659983 0.00867954 0.0397056 0.141212 9.9991E-05 0.0901954 0.197564 0.0295687
0.271936 0.159642 0.153769 9.99642E-05 0.33582 9.99642E-05 9.99642E-05 0.0784336 9.99642E-05
9.99463E-05 0.750128 0.0247617 9.99463E-05 9.99463E-05 9.99463E-05 9.99463E-05 9.99463E-05 0.224511
9.99372E-05 0.411571 9.99372E-05 9.99372E-05 9.99372E-05 9.99372E-05 9.99372E-05 9.99372E-05 0.587729
0.155433 0.360651 9.99553E-05 9.99553E-05 9.99553E-05 0.0551587 9.99553E-05 9.99553E-05 0.428258
0.204077 9.99642E-05 0.311796 9.99642E-05 0.0111653 9.99642E-05 0.245312 0.227251 9.99642E-05
9.99552E-05 0.756886 0.0802792 9.99552E-05 9.99552E-05 9.99552E-05 9.99552E-05 0.0201658 0.142169
9.99374E-05 9.99374E-05 9.99374E-05 0.97926 9.99374E-05 9.99374E-05 0.0200405 9.99374E-05 9.99374E-05
0.582526 0.0745683 9.99732E-05 9.99732E-05 0.0206591 0.00513433 0.305735 0.0110772 9.99732E-05
0.0340807 0.227579 0.284485 0.0773243 0.00794612 9.9991E-05 0.108013 0.0953778 0.165093
0.198657 9.99552E-05 0.222449 0.444099 9.99552E-05 0.134296 9.99552E-05 9.99552E-05 9.99552E-05
9.99552E-05 0.357072 9.99552E-05 9.99552E-05 0.134996 0.507018 9.99552E-05 0.000414114 9.99552E-05
9.9973E-05 0.267239 0.0155323 9.9973E-05 9.9973E-05 0.0974358 0.157277 0.343165 0.119051
9.993E-05 9.993E-05 9.993E-05 9.993E-05 0.999201 9.993E-05 9.993E-05 9.993E-05 9.993E-05
0.213239 0.529088 0.00334852 9.99642E-05 9.99642E-05 0.110501 9.99642E-05 0.143424 9.99642E-05
0.0306247 0.205872 9.99642E-05 9.99642E-05 0.00546251 0.159659 0.597982 9.99642E-05 9.99642E-05
9.99732E-05 9.99732E-05 0.0773768 0.257313 0.299806 9.99732E-05 0.143609 0.0561872 0.165408
0.0751931 9.99553E-05 9.99553E-05 0.146483 9.99553E-05 9.99553E-05 0.17269 0.605133 9.99553E-05
9.99642E-05 9.99642E-05 0.199736 0.134802 0.0477602 9.99642E-05 0.0571322 0.56017 9.99642E-05
9.9946E-05 0.0407956 9.9946E-05 0.456795 9.9946E-05 9.9946E-05 9.9946E-05 9.9946E-05 0.501809
9.99642E-05 0.193015 9.99642E-05 0.308163 9.99642E-05 0.0431072 0.32698 0.128335 9.99642E-05
9.99643E-05 0.110712 0.0672132 9.99643E-05 0.15762 0.381938 0.282116 9.99643E-05 9.99643E-05
0.0295388 9.99641E-05 0.25529 0.106662 0.143132 9.99641E-05 9.99641E-05 9.99641E-05 0.464978
0.392513 9.99552E-05 9.99552E-05 9.99552E-05 9.99552E-05 0.0317203 0.563378 9.99552E-05 0.0118894
0.0238011 0.19373 9.99553E-05 0.780108 0.0018611 9.99553E-05 9.99553E-05 9.99553E-05 9.99553E-05
9.99464E-05 0.898778 9.99464E-05 0.0110785 9.99464E-05 9.99464E-05 9.99464E-05 0.089544 9.99464E-05
0.192583 0.219672 0.152298 9.99731E-05 9.99731E-05 0.138843 9.99731E-05 0.258993 0.0373103
9.993E-05 9.993E-05 9.993E-05 9.993E-05 0.999201 9.993E-05 9.993E-05 9.993E-05 9.993E-05
9.99551E-05 0.274403 0.0879405 9.99551E-05 0.257836 9.99551E-05 9.99551E-05 0.379321 9.99551E-05
9.99641E-05 0.217512 9.99641E-05 9.99641E-05 9.99641E-05 0.0591084 0.261141 0.36142 0.100419
9.99641E-05 9.99641E-05 0.455839 0.114222 0.0923234 9.99641E-05 0.186468 9.99641E-05 0.150748
9.99375E-05 9.99375E-05 9.99375E-05 9.99375E-05 0.353274 9.99375E-05 9.99375E-05 0.646026 9.99375E-05
0.0651736 0.608687 0.207583 9.99731E-05 9.99731E-05 0.0150474 0.056134 0.0470753 9.99731E-05
9.99463E-05 0.497992 9.99463E-05 0.499913 9.99463E-05 0.00149562 9.99463E-05 9.99463E-05 9.99463E-05
9.99372E-05 9.99372E-05 9.99372E-05 9.99372E-05 9.99372E-05 9.99372E-05 9.99372E-05 0.0840298 0.915271
9.99554E-05 9.99554E-05 0.0317057 0.0363587 9.99554E-05 9.99554E-05 0.730089 9.99554E-05 0.201347
0.149868 0.153364 0.196245 9.9982E-05 0.0570378 0.0353664 0.316823 0.0910966 9.9982E-05
9.99552E-05 0.398071 9.99552E-05 9.99552E-05 9.99552E-05 0.0698434 9.99552E-05 0.128891 0.402694
0.0641076 0.333128 0.0222882 0.104156 9.99821E-05 9.99821E-05 0.280532 0.19012 0.00546785
0.125149 9.99551E-05 0.245243 9.99551E-05 9.99551E-05 9.99551E-05 0.406386 9.99551E-05 0.222722
0.0583299 0.602169 0.200624 0.066143 0.00481052 0.0676238 9.99732E-05 9.99732E-05 9.99732E-05
9.99641E-05 0.424388 0.103111 0.348608 9.99641E-05 0.111887 9.99641E-05 9.99641E-05 0.0116062
9.99375E-05 0.522061 9.99375E-05 9.99375E-05 9.99375E-05 9.99375E-05 9.99375E-05 0.477239 9.99375E-05
0.0613631 0.0153136 9.99642E-05 9.99642E-05 9.99642E-05 0.227354 0.500458 0.195112 9.99642E-05
0.887098 0.0993066 9.99553E-05 9.99553E-05 0.00181626 9.99553E-05 0.0112792 9.99553E-05 9.99553E-05
0.162606 0.470261 0.251183 0.0640756 0.0514749 9.99642E-05 9.99642E-05 9.99642E-05 9.99642E-05
9.99463E-05 9.99463E-05 0.496171 0.287224 9.99463E-05 9.99463E-05 9.99463E-05 0.216005 9.99463E-05
0.092622 0.0484529 0.375282 9.99731E-05 0.327448 9.99731E-05 0.15097 0.00492584 9.99731E-05
0.150876 0.0430542 0.228103 0.0313161 0.301009 0.0788554 9.99821E-05 0.166586 9.99821E-05
9.99731E-05 0.428311 0.22475 9.99731E-05 0.0842228 0.00437931 9.99731E-05 0.170936 0.0871015
9.99642E-05 0.452056 9.99642E-05 9.99642E-05 0.0469616 0.0444767 0.0426741 0.413432 9.99642E-05
0.999201 9.993E-05 9.993E-05 9.993E-05 9.993E-05 9.993E-05 9.993E-05 9.993E-05 9.993E-05
9.99553E-05 0.136415 0.200587 9.99553E-05 0.0568959 9.99553E-05 9.99553E-05 0.605603 9.99553E-05
0.154509 0.212863 0.0249711 9.99642E-05 9.99642E-05 9.99642E-05 0.505255 0.102002 9.99642E-05
0.128642 0.203853 9.99731E-05 0.397502 0.0541104 0.0044559 0.211137 9.99731E-05 9.99731E-05
0.213701 0.356323 9.99551E-05 9.99551E-05 0.0268366 9.99551E-05 0.402639 9.99551E-05 9.99551E-05
