0.287636 9.99731E-05 0.26043 0.0479083 0.0327373 9.99731E-05 0.283539 0.0258455 9.99731E-05 0.0616035
0.0512483 9.9973E-05 0.288321 9.9973E-05 0.0989282 9.9973E-05 0.0488472 0.0575825 0.0790374 0.375736
0.779219 9.99463E-05 9.99463E-05 9.99463E-05 9.99463E-05 0.0364529 0.172759 0.0109693 9.99463E-05 9.99463E-05
0.800445 9.99552E-05 9.99552E-05 0.0986032 9.99552E-05 0.0154939 9.99552E-05 0.0544378 0.0305205 9.99552E-05
0.326796 0.241843 9.99641E-05 0.126633 0.0555071 9.99641E-05 9.99641E-05 0.0967583 9.99641E-05 0.152063
0.714492 9.99462E-05 9.99462E-05 9.99462E-05 0.0223965 0.0367277 9.99462E-05 9.99462E-05 9.99462E-05 0.225784
9.99641E-05 0.252415 0.247147 0.116028 9.99641E-05 9.99641E-05 9.99641E-05 0.0444825 0.0184705 0.321058
0.388397 0.0216297 0.479686 9.99552E-05 9.99552E-05 9.99552E-05 9.99552E-05 0.104997 9.99552E-05 0.00478968
9.99462E-05 9.99462E-05 0.255712 0.0671179 9.99462E-05 9.99462E-05 9.99462E-05 9.99462E-05 0.525408 0.151162
0.0379316 9.99552E-05 9.99552E-05 9.99552E-05 9.99552E-05 0.232131 0.538759 0.0903664 0.100312 9.99552E-05
0.244537 9.9964E-05 9.9964E-05 0.216792 9.9964E-05 0.240993 0.0203029 0.0853255 0.191649 9.9964E-05
0.0724396 0.0897234 0.240453 0.115023 0.0898923 9.997E-05 9.997E-05 0.164594 0.227576 9.997E-05
0.0643336 0.224831 0.655747 0.0434572 9.99551E-05 9.99551E-05 0.0111318 9.99551E-05 9.99551E-05 9.99551E-05
9.99641E-05 0.387023 0.0203315 0.0969221 0.0455697 9.99641E-05 0.279386 0.170369 9.99641E-05 9.99641E-05
0.111319 0.0722085 0.135978 9.99642E-05 9.99642E-05 0.0274014 9.99642E-05 9.99642E-05 0.60242 0.0502741
0.16888 0.0996188 9.99642E-05 0.309569 0.18042 9.99642E-05 9.99642E-05 0.18146 0.059652 9.99642E-05
0.0892581 0.00475348 9.9973E-05 9.9973E-05 0.0888683 0.109456 0.121311 9.9973E-05 0.325955 0.260098
0.107844 9.99641E-05 9.99641E-05 9.99641E-05 0.121842 0.112021 0.283444 0.201304 9.99641E-05 0.173145
0.312732 9.99462E-05 0.430108 9.99462E-05 0.061064 9.99462E-05 9.99462E-05 9.99462E-05 9.99462E-05 0.195496
0.0183955 0.127123 9.99641E-05 0.0333654 0.274591 9.99641E-05 0.300748 0.245377 9.99641E-05 9.99641E-05
9.99463E-05 9.99463E-05 9.99463E-05 0.0417959 9.99463E-05 0.195797 0.618505 0.143303 9.99463E-05 9.99463E-05
9.99641E-05 9.99641E-05 0.504668 0.21234 0.125697 0.0808677 9.99641E-05 9.99641E-05 0.0286768 0.0473503
0.40249 9.99552E-05 9.99552E-05 0.209689 9.99552E-05 0.043672 9.99552E-05 0.0656679 0.277982 9.99552E-05
0.131332 9.99462E-05 9.99462E-05 0.482676 9.99462E-05 9.99462E-05 0.168055 9.99462E-05 9.99462E-05 0.217338
9.99641E-05 9.99641E-05 9.99641E-05 0.544277 0.0413258 0.237114 0.0232092 0.084902 0.0687713 9.99641E-05
9.9964E-05 9.9964E-05 0.0577165 0.236272 0.474906 9.9964E-05 0.0773279 0.0812501 0.0721275 9.9964E-05
9.99551E-05 9.99551E-05 0.39986 9.99551E-05 9.99551E-05 0.00173007 0.235104 0.335321 9.99551E-05 0.0274856
0.171251 0.0247171 0.0775417 9.99462E-05 9.99462E-05 9.99462E-05 9.99462E-05 9.99462E-05 9.99462E-05 0.72589
0.215671 0.243289 0.320338 9.9964E-05 0.00294894 0.173506 9.9964E-05 0.0438467 9.9964E-05 9.9964E-05
9.99373E-05 9.99373E-05 0.409598 0.533814 9.99373E-05 0.0558885 9.99373E-05 9.99373E-05 9.99373E-05 9.99373E-05
9.99642E-05 0.0233309 9.99642E-05 9.99642E-05 0.21428 0.0216721 0.30755 0.063634 9.99642E-05 0.369132
0.39902 0.178782 9.99641E-05 9.99641E-05 0.034986 9.99641E-05 0.169327 0.168323 0.0491618 9.99641E-05
9.99463E-05 9.99463E-05 0.206259 9.99463E-05 9.99463E-05 0.302027 0.189043 9.99463E-05 9.99463E-05 0.302071
0.591855 0.18089 0.183934 9.99552E-05 9.99552E-05 9.99552E-05 0.00683827 9.99552E-05 9.99552E-05 0.035984
0.81369 9.99372E-05 9.99372E-05 0.166878 9.99372E-05 9.99372E-05 9.99372E-05 0.0187321 9.99372E-05 9.99372E-05
0.0431897 0.184967 9.99463E-05 9.99463E-05 9.99463E-05 9.99463E-05 0.759822 0.0114209 9.99463E-05 9.99463E-05
9.99371E-05 9.99371E-05 9.99371E-05 9.99371E-05 0.393539 9.99371E-05 9.99371E-05 0.0737392 9.99371E-05 0.532022
0.343836 9.99462E-05 9.99462E-05 0.046484 9.99462E-05 0.357939 9.99462E-05 9.99462E-05 9.99462E-05 0.251141
0.542744 9.99821E-05 0.139551 0.0318901 0.0652932 9.99821E-05 0.0509557 0.0622875 0.00459877 0.10248
0.695136 9.99463E-05 0.147706 9.99463E-05 9.99463E-05 0.0937957 9.99463E-05 0.0627624 9.99463E-05 9.99463E-05
9.99463E-05 9.99463E-05 0.384822 9.99463E-05 9.99463E-05 9.99463E-05 0.0990387 9.99463E-05 0.144218 0.371322
9.99374E-05 9.99374E-05 9.99374E-05 9.99374E-05 9.99374E-05 0.0746822 0.434697 9.99374E-05 0.489921 9.99374E-05
0.0313482 9.9973E-05 0.141261 0.118524 0.160252 0.00980614 0.508435 0.0300739 9.9973E-05 9.9973E-05
0.479624 9.99463E-05 9.99463E-05 9.99463E-05 0.171717 9.99463E-05 9.99463E-05 0.0397531 0.308306 9.99463E-05
0.0786774 0.144339 0.350425 0.10812 9.99731E-05 0.0835999 9.99731E-05 0.179997 0.054542 9.99731E-05
0.355978 9.99642E-05 9.99642E-05 0.00174376 0.107961 9.99642E-05 0.199583 0.0646553 0.269679 9.99642E-05
0.0184325 0.044404 9.99551E-05 9.99551E-05 0.0296851 9.99551E-05 0.357084 9.99551E-05 0.549895 9.99551E-05
0.528271 0.148867 9.99462E-05 9.99462E-05 9.99462E-05 9.99462E-05 0.00783306 9.99462E-05 0.31443 9.99462E-05
0.178232 9.99553E-05 0.189943 9.99553E-05 0.327716 9.99553E-05 0.0556828 9.99553E-05 0.247927 9.99553E-05
0.286474 9.9955E-05 0.172077 9.9955E-05 0.0676155 9.9955E-05 0.272252 0.201081 9.9955E-05 9.9955E-05
0.548493 9.99371E-05 9.99371E-05 0.289863 0.160944 9.99371E-05 9.99371E-05 9.99371E-05 9.99371E-05 9.99371E-05
0.0334477 9.99551E-05 9.99551E-05 9.99551E-05 9.99551E-05 0.314196 0.168277 0.128025 9.99551E-05 0.355554
0.302444 9.9955E-05 0.166338 0.122713 9.9955E-05 9.9955E-05 9.9955E-05 9.9955E-05 0.314259 0.0937471
0.436647 9.99372E-05 0.356765 9.99372E-05 9.99372E-05 0.205888 9.99372E-05 9.99372E-05 9.99372E-05 9.99372E-05
9.99461E-05 0.837423 9.99461E-05 9.99461E-05 9.99461E-05 0.0126876 9.99461E-05 0.0339169 9.99461E-05 0.115373
9.99641E-05 0.173226 0.110606 9.99641E-05 0.436624 9.99641E-05 0.0225978 0.0756553 9.99641E-05 0.18089
0.0357668 0.0617584 0.223071 0.267279 0.00283399 9.9982E-05 0.0392671 9.9982E-05 0.00494764 0.364876
9.99463E-05 0.781457 9.99463E-05 9.99463E-05 9.99463E-05 9.99463E-05 0.0143872 9.99463E-05 0.0582511 0.145305
0.133791 0.180677 0.0647475 9.9982E-05 0.108863 0.0503412 0.102195 0.102503 0.256682 9.9982E-05
0.468709 9.99372E-05 9.99372E-05 9.99372E-05 9.99372E-05 0.0360533 0.494538 9.99372E-05 9.99372E-05 9.99372E-05
0.524859 9.99463E-05 0.414697 9.99463E-05 0.0183292 0.0415148 9.99463E-05 9.99463E-05 9.99463E-05 9.99463E-05
9.99371E-05 9.99371E-05 9.99371E-05 9.99371E-05 9.99371E-05 9.99371E-05 0.272631 0.227432 0.499237 9.99371E-05
0.271702 9.99551E-05 0.0922503 9.99551E-05 0.102358 9.99551E-05 9.99551E-05 9.99551E-05 0.355197 0.177993
0.0204686 9.99552E-05 0.254505 0.497804 9.99552E-05 9.99552E-05 0.0561093 0.170613 9.99552E-05 9.99552E-05
9.99551E-05 0.101866 9.99551E-05 0.247323 0.554566 9.99551E-05 0.00441307 9.99551E-05 9.99551E-05 0.0913322
9.99463E-05 9.99463E-05 0.759008 0.00557537 9.99463E-05 9.99463E-05 0.225989 9.99463E-05 0.00882804 9.99463E-05
0.673647 9.99461E-05 9.99461E-05 0.0464527 9.99461E-05 9.99461E-05 0.270605 9.99461E-05 9.99461E-05 0.00869563
0.24342 9.99552E-05 0.0631821 9.99552E-05 0.0289142 9.99552E-05 9.99552E-05 0.234354 0.42963 9.99552E-05
0.302259 9.99552E-05 0.378874 9.99552E-05 0.273319 9.99552E-05 0.0181316 0.0269166 9.99552E-05 9.99552E-05
9.99462E-05 9.99462E-05 0.292727 9.99462E-05 0.257387 0.0443135 0.404972 9.99462E-05 9.99462E-05 9.99462E-05
0.240086 0.122712 9.99731E-05 9.99731E-05 9.99731E-05 0.061186 0.254517 0.0774028 0.228589 0.0152069
9.99463E-05 9.99463E-05 0.381448 9.99463E-05 9.99463E-05 9.99463E-05 0.0681633 0.140761 0.409029 9.99463E-05
9.99373E-05 0.451181 9.99373E-05 9.99373E-05 9.99373E-05 9.99373E-05 9.99373E-05 0.164085 9.99373E-05 0.384034
0.309749 9.99732E-05 0.208751 0.0218448 0.14647 9.99732E-05 9.99732E-05 0.138007 0.023475 0.151404
0.49939 0.303952 9.99375E-05 0.195959 9.99375E-05 9.99375E-05 9.99375E-05 9.99375E-05 9.99375E-05 9.99375E-05
9.99641E-05 0.169671 0.104198 9.99641E-05 0.17048 9.99641E-05 0.233461 0.0844673 0.237324 9.99641E-05
9.99375E-05 9.99375E-05 9.99375E-05 0.183713 0.261816 9.99375E-05 9.99375E-05 9.99375E-05 0.553772 9.99375E-05
9.99551E-05 9.99551E-05 0.318914 9.99551E-05 9.99551E-05 0.134625 9.99551E-05 0.237502 0.00835827 0.300101
9.99461E-05 0.0877947 0.664982 9.99461E-05 0.125502 0.121122 9.99461E-05 9.99461E-05 9.99461E-05 9.99461E-05
0.316504 0.453025 0.0814126 9.99551E-05 0.0523073 9.99551E-05 9.99551E-05 0.0962518 9.99551E-05 9.99551E-05
0.592497 0.0442233 0.00777597 9.99463E-05 9.99463E-05 9.99463E-05 9.99463E-05 0.354904 9.99463E-05 9.99463E-05
0.264152 0.161601 9.99821E-05 0.188781 0.210996 0.0686167 0.0842834 0.0172378 0.00413264 9.99821E-05
9.99285E-05 9.99285E-05 9.99285E-05 9.99285E-05 9.99285E-05 9.99285E-05 0.936348 9.99285E-05 9.99285E-05 0.062853
9.99641E-05 9.99641E-05 0.439196 0.103548 0.263577 0.107619 0.0116808 9.99641E-05 0.0739802 9.99641E-05
0.272845 9.99552E-05 9.99552E-05 0.0395192 9.99552E-05 9.99552E-05 0.314679 0.121662 0.250794 9.99552E-05
0.334858 9.99641E-05 0.0845276 9.99641E-05 9.99641E-05 9.99641E-05 0.352413 0.0551514 0.123642 0.0490087
0.00558444 9.99462E-05 0.289146 9.99462E-05 9.99462E-05 9.99462E-05 0.302069 9.99462E-05 9.99462E-05 0.402601
0.25124 0.128625 9.99462E-05 0.587386 9.99462E-05 9.99462E-05 9.99462E-05 9.99462E-05 0.0321496 9.99462E-05
0.0467762 9.99731E-05 0.178239 0.144393 0.0718469 0.266403 0.110403 9.99731E-05 0.181638 9.99731E-05
0.114741 9.99551E-05 0.510221 9.99551E-05 0.126837 0.238657 9.99551E-05 9.99551E-05 0.00904422 9.99551E-05
9.99374E-05 9.99374E-05 9.99374E-05 0.822231 0.0997147 9.99374E-05 9.99374E-05 9.99374E-05 0.0773545 9.99374E-05
9.99463E-05 0.323211 9.99463E-05 0.150053 9.99463E-05 9.99463E-05 0.497962 0.0281744 9.99463E-05 9.99463E-05
0.0937996 0.19663 9.99821E-05 0.102712 0.00995987 0.0177586 0.496161 0.0556628 0.0271158 9.99821E-05
0.418747 9.99552E-05 9.99552E-05 9.99552E-05 9.99552E-05 0.256873 0.152681 9.99552E-05 0.0851194 0.0860804
9.99551E-05 9.99551E-05 0.385954 9.99551E-05 9.99551E-05 9.99551E-05 0.100949 0.119491 0.250203 0.142904
0.538179 0.0810802 9.99461E-05 9.99461E-05 9.99461E-05 9.99461E-05 9.99461E-05 0.0340284 0.346113 9.99461E-05
9.99552E-05 9.99552E-05 9.99552E-05 0.138405 0.139948 0.0488342 0.58051 9.99552E-05 9.99552E-05 0.0918036
0.0867939 0.115545 9.99461E-05 9.99461E-05 9.99461E-05 9.99461E-05 0.23011 9.99461E-05 0.566951 9.99461E-05
0.325254 9.99461E-05 0.0676318 0.352192 9.99461E-05 9.99461E-05 0.254323 9.99461E-05 9.99461E-05 9.99461E-05
9.9946E-05 9.9946E-05 9.9946E-05 0.372659 9.9946E-05 9.9946E-05 0.28808 9.9946E-05 0.109246 0.229416
9.99373E-05 9.99373E-05 9.99373E-05 0.11911 0.120038 9.99373E-05 9.99373E-05 9.99373E-05 9.99373E-05 0.760153
9.99462E-05 9.99462E-05 9.99462E-05 0.802685 9.99462E-05 0.0929139 9.99462E-05 0.0979196 9.99462E-05 0.00588218
9.99372E-05 9.99372E-05 9.99372E-05 9.99372E-05 9.99372E-05 0.266335 9.99372E-05 9.99372E-05 0.143336 0.58963
9.99372E-05 9.99372E-05 9.99372E-05 9.99372E-05 9.99372E-05 0.960417 9.99372E-05 9.99372E-05 0.0074254 0.0314582
0.667359 9.99461E-05 9.99461E-05 9.99461E-05 0.217539 9.99461E-05 0.0869172 9.99461E-05 9.99461E-05 0.0275856
0.141783 9.99461E-05 9.99461E-05 0.224199 0.0574363 9.99461E-05 9.99461E-05 9.99461E-05 0.575982 9.99461E-05
9.99551E-05 0.489083 0.11065 9.99551E-05 0.0179259 9.99551E-05 0.246394 9.99551E-05 9.99551E-05 0.135448
0.467754 9.99462E-05 9.99462E-05 9.99462E-05 0.123697 0.0870999 9.99462E-05 9.99462E-05 9.99462E-05 0.32085
0.200798 9.99552E-05 0.313524 0.0671638 0.371051 9.99552E-05 9.99552E-05 0.0469634 9.99552E-05 9.99552E-05
0.176514 9.99642E-05 0.202126 9.99642E-05 0.016036 0.480557 0.0125675 0.1118 9.99642E-05 9.99642E-05
9.99463E-05 0.0341233 9.99463E-05 0.295498 9.99463E-05 9.99463E-05 0.273408 9.99463E-05 9.99463E-05 0.396371
9.99551E-05 9.99551E-05 0.311376 0.171523 0.361988 9.99551E-05 0.00100113 0.153612 9.99551E-05 9.99551E-05
9.99463E-05 0.190128 9.99463E-05 0.595263 0.0811943 9.99463E-05 0.132816 9.99463E-05 9.99463E-05 9.99463E-05
0.302171 0.429793 0.154543 0.0604671 0.0525266 9.99552E-05 9.99552E-05 9.99552E-05 9.99552E-05 9.99552E-05
9.99373E-05 9.99373E-05 9.99373E-05 0.894137 9.99373E-05 9.99373E-05 0.0205745 9.99373E-05 9.99373E-05 0.0845891
9.99373E-05 0.205861 9.99373E-05 9.99373E-05 9.99373E-05 0.193917 9.99373E-05 9.99373E-05 0.599522 9.99373E-05
0.337568 9.99462E-05 0.573103 9.99462E-05 9.99462E-05 9.99462E-05 0.0687494 9.99462E-05 0.0199803 9.99462E-05
0.274109 0.0146832 0.462737 9.99642E-05 0.0317356 9.99642E-05 9.99642E-05 0.076418 9.99642E-05 0.139918
9.9955E-05 9.9955E-05 0.0576861 0.293411 0.458852 0.163762 9.9955E-05 0.0257894 9.9955E-05 9.9955E-05
0.298258 9.9964E-05 0.10947 9.9964E-05 0.0541108 0.0239537 0.276374 9.9964E-05 9.9964E-05 0.237434
0.181498 9.99461E-05 9.99461E-05 0.475552 0.312766 9.99461E-05 0.0295849 9.99461E-05 9.99461E-05 9.99461E-05
0.243404 0.0962707 9.99462E-05 9.99462E-05 9.99462E-05 9.99462E-05 0.145609 9.99462E-05 9.99462E-05 0.514117
0.497907 0.461633 9.99372E-05 9.99372E-05 9.99372E-05 0.0397606 9.99372E-05 9.99372E-05 9.99372E-05 9.99372E-05
0.0276288 0.260052 9.99553E-05 9.99553E-05 9.99553E-05 9.99553E-05 0.662122 0.0269063 0.0227913 9.99553E-05
0.437191 9.99374E-05 9.99374E-05 9.99374E-05 9.99374E-05 0.0859048 9.99374E-05 9.99374E-05 0.476205 9.99374E-05
9.9964E-05 0.00149081 0.183791 0.0537826 9.9964E-05 9.9964E-05 0.219114 9.9964E-05 0.471554 0.0698679
9.99553E-05 0.309926 0.0583122 9.99553E-05 9.99553E-05 9.99553E-05 0.143618 0.0573758 0.430269 9.99553E-05
0.190532 9.99731E-05 9.99731E-05 0.0576029 0.289052 0.0382299 0.0676418 0.239228 0.117414 9.99731E-05
0.296364 9.99375E-05 9.99375E-05 9.99375E-05 9.99375E-05 0.2888 0.414137 9.99375E-05 9.99375E-05 9.99375E-05
0.0801003 0.132868 9.99642E-05 0.107731 9.99642E-05 0.140233 0.334155 0.204514 9.99642E-05 9.99642E-05
9.99373E-05 9.99373E-05 9.99373E-05 9.99373E-05 9.99373E-05 0.0157801 0.239278 9.99373E-05 0.744242 9.99373E-05
0.383587 0.124702 9.99641E-05 0.0717609 0.0586164 9.99641E-05 0.332552 9.99641E-05 9.99641E-05 0.0283823
9.99642E-05 0.00400521 0.266554 9.99642E-05 0.0542885 0.0531455 9.99642E-05 0.12308 0.498527 9.99642E-05
0.0901676 9.9973E-05 9.9973E-05 9.9973E-05 0.343139 0.175294 0.14782 0.11129 0.0134361 0.118554
9.99552E-05 9.99552E-05 0.274824 9.99552E-05 9.99552E-05 0.0614957 0.588962 0.0603825 9.99552E-05 0.0138354
9.99282E-05 9.99282E-05 9.99282E-05 9.99282E-05 0.576812 9.99282E-05 0.422388 9.99282E-05 9.99282E-05 9.99282E-05
9.99372E-05 9.99372E-05 9.99372E-05 9.99372E-05 0.94354 0.00913948 0.0466208 9.99372E-05 9.99372E-05 9.99372E-05
0.33761 9.99553E-05 9.99553E-05 0.0661162 0.284328 0.0782933 0.233152 9.99553E-05 9.99553E-05 9.99553E-05
9.99553E-05 9.99553E-05 0.331457 9.99553E-05 0.0742318 9.99553E-05 9.99553E-05 0.0603001 0.332466 0.201046
0.370082 9.99373E-05 0.157537 9.99373E-05 0.471682 9.99373E-05 9.99373E-05 9.99373E-05 9.99373E-05 9.99373E-05
0.372478 9.99553E-05 9.99553E-05 9.99553E-05 0.205584 0.0764464 9.99553E-05 0.00249994 9.99553E-05 0.342492
0.347028 9.99553E-05 9.99553E-05 0.0300295 9.99553E-05 0.201548 0.192191 9.99553E-05 9.99553E-05 0.228703
0.0799613 0.131285 0.185217 9.9973E-05 9.9973E-05 0.0294888 0.433617 0.0021123 0.138018 9.9973E-05
9.99462E-05 9.99462E-05 9.99462E-05 9.99462E-05 0.142452 0.2003 9.99462E-05 9.99462E-05 0.280008 0.376641
9.99551E-05 9.99551E-05 9.99551E-05 0.633837 9.99551E-05 0.0522369 0.148271 0.109769 0.0553857 9.99551E-05
0.222228 0.16992 0.375574 0.0870416 0.121769 9.99641E-05 0.0230672 9.99641E-05 9.99641E-05 9.99641E-05
9.99201E-05 9.99201E-05 9.99201E-05 9.99201E-05 9.99201E-05 9.99201E-05 9.99201E-05 0.999101 9.99201E-05 9.99201E-05
0.498998 9.99553E-05 0.166498 0.0621271 9.99553E-05 9.99553E-05 0.255638 0.0162395 9.99553E-05 9.99553E-05
0.0295504 0.466306 9.99462E-05 0.299848 9.99462E-05 9.99462E-05 0.203696 9.99462E-05 9.99462E-05 9.99462E-05
9.99642E-05 0.0616482 0.0494637 9.99642E-05 9.99642E-05 0.0745254 0.0163728 0.522425 0.275165 9.99642E-05
9.99463E-05 9.99463E-05 0.653488 9.99463E-05 9.99463E-05 0.0418881 9.99463E-05 0.102619 9.99463E-05 0.201405
0.333803 9.99463E-05 0.266929 9.99463E-05 9.99463E-05 9.99463E-05 9.99463E-05 0.0829182 0.31575 9.99463E-05
0.152257 0.238989 9.99461E-05 9.99461E-05 0.426775 9.99461E-05 0.181379 9.99461E-05 9.99461E-05 9.99461E-05
0.195719 9.99641E-05 9.99641E-05 0.0559773 0.297914 9.99641E-05 9.99641E-05 0.071096 0.0405195 0.338374
9.99553E-05 0.0245854 9.99553E-05 0.331955 0.0161869 9.99553E-05 0.373248 9.99553E-05 9.99553E-05 0.253526
0.403142 9.99642E-05 9.99642E-05 9.99642E-05 0.374717 0.140198 0.0108152 0.0692535 0.00147513 9.99642E-05
0.272251 0.336087 9.99462E-05 9.99462E-05 9.99462E-05 0.245581 9.99462E-05 9.99462E-05 9.99462E-05 0.145482
9.99643E-05 0.0704029 0.14237 9.99643E-05 0.187912 0.0978338 0.265543 0.235539 9.99643E-05 9.99643E-05
0.0500113 9.99732E-05 0.295528 0.186795 0.287039 9.99732E-05 0.031453 0.051058 9.99732E-05 0.0978162
0.00822928 9.99731E-05 0.379912 0.174067 9.99731E-05 0.00727385 0.271224 9.99731E-05 0.114108 0.044886
9.99201E-05 9.99201E-05 9.99201E-05 9.99201E-05 9.99201E-05 9.99201E-05 9.99201E-05 0.999101 9.99201E-05 9.99201E-05
0.251645 9.99552E-05 0.453649 9.99552E-05 9.99552E-05 9.99552E-05 0.126487 0.15722 0.0105001 9.99552E-05
0.642348 0.03842 0.253854 0.016182 9.99553E-05 9.99553E-05 9.99553E-05 9.99553E-05 9.99553E-05 0.0486967
9.99552E-05 0.0853441 0.118789 9.99552E-05 9.99552E-05 9.99552E-05 9.99552E-05 0.066319 0.691061 0.0379866
9.99373E-05 9.99373E-05 0.673318 9.99373E-05 9.99373E-05 9.99373E-05 9.99373E-05 0.0841588 0.241824 9.99373E-05
0.554627 0.0135969 0.0560592 0.0760449 0.0487564 9.997E-05 0.159208 9.997E-05 0.0914077 9.997E-05
0.178245 0.262221 0.109727 9.99641E-05 0.208201 9.99641E-05 0.089563 9.99641E-05 9.99641E-05 0.151643
9.99201E-05 9.99201E-05 9.99201E-05 9.99201E-05 0.999101 9.99201E-05 9.99201E-05 9.99201E-05 9.99201E-05 9.99201E-05
9.99463E-05 0.681681 9.99463E-05 9.99463E-05 9.99463E-05 9.99463E-05 0.0254563 0.00194545 9.99463E-05 0.290318
0.288101 0.0460299 0.00273339 0.142355 9.9991E-05 0.0229423 0.317507 0.0212335 0.133946 0.0250511
0.212025 9.99732E-05 0.258993 0.154552 0.209165 0.0624558 9.99732E-05 0.0178772 0.0846326 9.99732E-05
0.389197 0.25182 0.105632 9.99731E-05 0.0872335 0.0190365 0.0416352 0.105146 9.99731E-05 9.99731E-05
0.158454 0.112036 9.9964E-05 9.9964E-05 0.246376 0.0275121 9.9964E-05 9.9964E-05 0.287579 0.167643
0.603021 9.99463E-05 9.99463E-05 0.0953568 9.99463E-05 9.99463E-05 0.275001 9.99463E-05 0.0260211 9.99463E-05
0.520501 9.99552E-05 0.0635454 9.99552E-05 0.207221 9.99552E-05 9.99552E-05 9.99552E-05 0.18165 0.0265827
9.99372E-05 0.636512 0.276071 9.99372E-05 0.0867168 9.99372E-05 9.99372E-05 9.99372E-05 9.99372E-05 9.99372E-05
0.190275 0.0388765 0.0523879 0.291771 9.99732E-05 9.99732E-05 0.0922336 0.109307 0.224849 9.99732E-05
9.99373E-05 0.0863424 9.99373E-05 9.99373E-05 9.99373E-05 0.883023 9.99373E-05 0.0299347 9.99373E-05 9.99373E-05
9.99463E-05 9.99463E-05 0.227721 9.99463E-05 9.99463E-05 9.99463E-05 0.607285 9.99463E-05 0.0182056 0.146189
0.118338 9.995E-05 0.275343 9.995E-05 9.995E-05 9.995E-05 0.141868 9.995E-05 0.234592 0.229359
9.99374E-05 9.99374E-05 9.99374E-05 9.99374E-05 9.99374E-05 9.99374E-05 0.670667 0.236782 0.0918514 9.99374E-05
9.99641E-05 9.99641E-05 0.0930582 9.99641E-05 0.191871 0.0482514 0.488798 0.0718097 0.105812 9.99641E-05
0.269985 0.0437048 0.132712 0.11745 0.107975 9.998E-05 0.23876 0.017014 0.0722008 9.998E-05
0.196472 0.0267802 0.305408 0.138483 0.173734 9.99642E-05 9.99642E-05 0.158722 9.99642E-05 9.99642E-05
9.99201E-05 9.99201E-05 9.99201E-05 9.99201E-05 9.99201E-05 0.999101 9.99201E-05 9.99201E-05 9.99201E-05 9.99201E-05
0.163789 0.184297 0.454383 9.99553E-05 9.99553E-05 9.99553E-05 9.99553E-05 0.0688745 0.128157 9.99553E-05
0.592978 9.99731E-05 0.0255211 9.99731E-05 0.110892 0.00505641 9.99731E-05 0.108022 0.00227805 0.154953
0.206418 9.99461E-05 0.254868 0.00523575 9.99461E-05 9.99461E-05 9.99461E-05 9.99461E-05 9.99461E-05 0.532879
0.169639 0.100175 9.99551E-05 0.0898661 9.99551E-05 9.99551E-05 0.529301 9.99551E-05 9.99551E-05 0.110519
