0.0099911 0.0693771 0.0545483 0.297632 9.99821E-05 9.99821E-05 0.0187582 0.00630943 0.543184
0.0448344 0.0193548 0.0645207 9.9982E-05 9.9982E-05 0.0784957 0.229365 0.084697 0.478533
0.00555947 9.99821E-05 0.117101 9.99821E-05 0.0647666 0.0686362 0.0883844 0.441426 0.213926
0.0245462 9.99642E-05 0.0558021 0.235188 0.0971129 9.99642E-05 9.99642E-05 9.99642E-05 0.586951
0.0744811 0.0830371 0.189524 0.00333025 9.99731E-05 0.435528 9.99731E-05 9.99731E-05 0.2138
9.99462E-05 9.99462E-05 9.99462E-05 9.99462E-05 0.192766 0.0903954 9.99462E-05 9.99462E-05 0.716238
0.140183 9.99731E-05 0.212788 0.0657389 9.99731E-05 0.381195 0.164401 9.99731E-05 0.0353935
0.0212415 0.13955 0.0575605 0.0601628 9.99731E-05 0.147277 9.99731E-05 9.99731E-05 0.573908
0.0353817 9.99731E-05 9.99731E-05 0.367328 0.136032 0.0256438 0.198279 0.237035 9.99731E-05
0.0177077 9.99731E-05 0.130977 9.99731E-05 0.126669 9.99731E-05 0.0447927 0.476161 0.203392
0.0784214 9.9982E-05 0.0587141 0.0642101 0.28529 9.9982E-05 0.138758 0.144243 0.230163
0.146886 9.99553E-05 9.99553E-05 0.487339 9.99553E-05 0.361233 9.99553E-05 0.00404171 9.99553E-05
9.997E-05 9.997E-05 0.0693785 0.493045 0.0211295 0.137803 0.0476973 9.997E-05 0.230647
0.0648642 9.99641E-05 0.202856 9.99641E-05 9.99641E-05 0.378941 9.99641E-05 0.00580029 0.347138
9.99464E-05 9.99464E-05 9.99464E-05 0.669328 0.0225286 9.99464E-05 9.99464E-05 0.307544 9.99464E-05
9.99552E-05 9.99552E-05 0.308419 0.237931 9.99552E-05 0.211839 9.99552E-05 9.99552E-05 0.241312
9.99642E-05 9.99642E-05 9.99642E-05 0.19369 9.99642E-05 0.143337 0.0174478 0.285779 0.359347
0.237711 9.99641E-05 9.99641E-05 9.99641E-05 0.139862 9.99641E-05 0.0732335 0.339172 0.209622
9.99462E-05 9.99462E-05 9.99462E-05 0.491369 9.99462E-05 9.99462E-05 0.371843 9.99462E-05 0.136188
9.99374E-05 9.99374E-05 9.99374E-05 9.99374E-05 9.99374E-05 0.120448 9.99374E-05 9.99374E-05 0.878853
9.99642E-05 9.99642E-05 0.0824707 9.99642E-05 0.179561 9.99642E-05 0.137006 0.110241 0.490321
9.9955E-05 9.9955E-05 0.0408458 0.537596 9.9955E-05 0.149744 0.271314 9.9955E-05 9.9955E-05
0.194055 9.99642E-05 9.99642E-05 0.0415898 0.0507217 9.99642E-05 0.0858521 9.99642E-05 0.627382
9.99463E-05 9.99463E-05 0.308247 9.99463E-05 9.99463E-05 9.99463E-05 0.00806082 9.99463E-05 0.683092
0.132639 9.99731E-05 0.125628 0.0986274 0.178082 9.99731E-05 0.220411 9.99731E-05 0.244312
0.0955905 9.99641E-05 0.17036 0.286471 0.0818549 9.99641E-05 9.99641E-05 9.99641E-05 0.365324
0.175434 9.9964E-05 0.174869 0.162845 9.9964E-05 9.9964E-05 9.9964E-05 0.329266 0.157186
9.99553E-05 0.165884 9.99553E-05 9.99553E-05 9.99553E-05 0.107274 0.393681 0.332661 9.99553E-05
0.0444599 0.0906213 9.9982E-05 0.128956 0.174987 0.139106 0.24034 9.9982E-05 0.18133
9.99461E-05 9.99461E-05 0.771378 0.214158 9.99461E-05 9.99461E-05 9.99461E-05 0.0138646 9.99461E-05
0.267006 0.536457 9.99641E-05 9.99641E-05 0.0736208 9.99641E-05 0.107115 0.015401 9.99641E-05
0.0873595 9.99732E-05 0.00174509 0.0706869 9.99732E-05 0.524734 9.99732E-05 0.00105829 0.314116
9.995E-05 9.995E-05 0.135985 9.995E-05 9.995E-05 0.0719654 0.625867 0.165683 9.995E-05
9.997E-05 0.134752 0.140217 0.207239 9.997E-05 0.297141 9.997E-05 0.0594487 0.160902
0.26912 9.99641E-05 0.0524469 0.0887143 9.99641E-05 9.99641E-05 0.00322607 9.99641E-05 0.586093
9.99464E-05 9.99464E-05 9.99464E-05 9.99464E-05 9.99464E-05 0.110915 9.99464E-05 0.161065 0.72742
0.297211 0.490039 9.99462E-05 9.99462E-05 9.99462E-05 9.99462E-05 0.212151 9.99462E-05 9.99462E-05
9.99373E-05 9.99373E-05 9.99373E-05 9.99373E-05 0.0277465 9.99373E-05 0.971554 9.99373E-05 9.99373E-05
0.139121 0.236584 0.143692 0.239743 9.99641E-05 9.99641E-05 9.99641E-05 9.99641E-05 0.24046
0.160605 0.187849 9.99641E-05 0.0363508 0.142659 9.99641E-05 9.99641E-05 9.99641E-05 0.472137
9.99463E-05 9.99463E-05 0.168259 9.99463E-05 9.99463E-05 9.99463E-05 0.0503537 0.780788 9.99463E-05
0.130385 0.113213 0.180679 0.0627795 0.0327061 9.99731E-05 9.99731E-05 0.479937 9.99731E-05
9.99552E-05 9.99552E-05 9.99552E-05 9.99552E-05 0.00396133 0.16505 0.119181 9.99552E-05 0.711308
0.140603 0.217792 9.99732E-05 0.144553 0.156387 9.99732E-05 9.99732E-05 0.0211313 0.319233
0.0577239 9.99731E-05 0.0466077 0.243404 9.99731E-05 0.294154 0.168068 9.99731E-05 0.189743
0.139653 9.99732E-05 9.99732E-05 0.0903574 0.0386418 0.013263 9.99732E-05 0.269109 0.448675
9.99462E-05 9.99462E-05 0.023023 9.99462E-05 9.99462E-05 9.99462E-05 9.99462E-05 0.649453 0.326925
0.12214 0.018132 9.9973E-05 0.100649 9.9973E-05 0.0973595 9.9973E-05 0.46237 0.199049
9.995E-05 0.311453 9.995E-05 0.395775 9.995E-05 9.995E-05 9.995E-05 0.120698 0.171575
0.104479 0.127761 9.99552E-05 0.000894063 9.99552E-05 9.99552E-05 9.99552E-05 9.99552E-05 0.766367
9.99641E-05 0.0294882 0.136327 0.135983 0.0827787 9.99641E-05 9.99641E-05 9.99641E-05 0.615023
0.192184 9.99731E-05 9.99731E-05 9.99731E-05 0.279833 0.0234691 0.155741 0.0854695 0.263003
9.9955E-05 9.9955E-05 0.105838 0.436577 9.9955E-05 9.9955E-05 9.9955E-05 0.232106 0.224979
9.996E-05 9.996E-05 0.187065 0.446087 0.265657 9.996E-05 0.045391 9.996E-05 0.0554003
0.0873783 9.99731E-05 9.99731E-05 0.0380779 0.0454123 0.681383 0.0839751 0.0634739 9.99731E-05
0.11718 0.0938067 9.99821E-05 0.377466 0.0279052 0.228404 0.0919731 0.0630644 9.99821E-05
0.0728409 0.0304289 0.17046 0.127685 0.0971562 0.102994 9.99821E-05 9.99821E-05 0.398235
9.99463E-05 9.99463E-05 9.99463E-05 0.00788026 9.99463E-05 0.915434 9.99463E-05 0.0760862 9.99463E-05
0.279701 0.1367 9.9964E-05 0.00101481 0.211033 0.371152 9.9964E-05 9.9964E-05 9.9964E-05
0.0981425 0.0648043 9.99731E-05 9.99731E-05 0.0433726 9.99731E-05 0.0180511 0.00740824 0.767921
9.99642E-05 0.349998 9.99642E-05 0.177986 0.170173 9.99642E-05 9.99642E-05 0.060596 0.240848
0.379138 9.99641E-05 9.99641E-05 0.0325871 0.0113863 9.99641E-05 9.99641E-05 0.318274 0.258214
9.9973E-05 9.9973E-05 9.9973E-05 0.376066 0.00957707 0.11285 0.102752 0.309376 0.0890787
0.0186478 9.99462E-05 0.698932 9.99462E-05 9.99462E-05 9.99462E-05 9.99462E-05 9.99462E-05 0.281821
9.99793E-05 0.420329 0.0461289 0.119442 0.00106735 0.263225 9.99793E-05 9.99793E-05 0.149508
9.99642E-05 9.99642E-05 0.0559382 0.464635 0.00834409 9.99642E-05 9.99642E-05 0.416572 0.0541114
0.0122751 0.0341822 0.0427501 9.99731E-05 0.0683731 9.99731E-05 9.99731E-05 0.0075266 0.834593
0.267225 0.0208563 9.99552E-05 0.609192 9.99552E-05 9.99552E-05 9.99552E-05 9.99552E-05 0.102227
0.124686 0.324684 9.99461E-05 0.55003 9.99461E-05 9.99461E-05 9.99461E-05 9.99461E-05 9.99461E-05
9.99642E-05 0.518181 0.144206 0.0142831 9.99642E-05 9.99642E-05 9.99642E-05 0.0726599 0.25027
0.146739 9.997E-05 9.997E-05 0.114044 0.0673219 0.288647 9.997E-05 0.3167 0.0662482
0.239816 9.99552E-05 9.99552E-05 0.480185 9.99552E-05 9.99552E-05 9.99552E-05 0.222348 0.0571507
0.196767 9.99463E-05 9.99463E-05 9.99463E-05 9.99463E-05 0.586729 0.215904 9.99463E-05 9.99463E-05
0.304777 0.203319 0.041167 0.383492 9.99731E-05 9.99731E-05 9.99731E-05 0.011057 0.0558885
9.99554E-05 0.31151 0.0559883 9.99554E-05 9.99554E-05 0.208914 9.99554E-05 9.99554E-05 0.423088
0.143259 0.185071 0.0183001 0.0989663 9.99731E-05 0.276152 9.99731E-05 0.277952 9.99731E-05
9.99376E-05 9.99376E-05 9.99376E-05 0.979754 9.99376E-05 9.99376E-05 9.99376E-05 0.0195465 9.99376E-05
0.268573 9.99641E-05 9.99641E-05 9.99641E-05 0.227745 9.99641E-05 0.0840115 0.32636 0.0929106
0.0112239 0.4067 9.9973E-05 0.0260308 0.3358 0.0185219 9.9973E-05 0.201424 9.9973E-05
0.00507061 0.0922465 9.99821E-05 0.00541502 0.116216 0.379404 9.99821E-05 0.0324534 0.368995
0.336428 9.99463E-05 9.99463E-05 9.99463E-05 9.99463E-05 0.246618 9.99463E-05 9.99463E-05 0.416354
0.0118377 9.99821E-05 0.0336617 0.124416 0.146361 0.225967 0.0526143 9.99821E-05 0.404942
9.99463E-05 0.312327 9.99463E-05 9.99463E-05 9.99463E-05 9.99463E-05 0.517619 9.99463E-05 0.169454
9.99821E-05 0.0685243 0.0549744 0.289118 0.0433267 9.99821E-05 0.168098 0.207291 0.168467
0.0992424 9.997E-05 0.0915127 0.148947 9.997E-05 0.00251575 9.997E-05 0.339017 0.318465
0.116174 9.995E-05 9.995E-05 0.0775925 9.995E-05 9.995E-05 9.995E-05 0.167322 0.638412
0.0824815 9.99642E-05 9.99642E-05 9.99642E-05 9.99642E-05 0.150087 0.319513 0.245098 0.202421
9.99641E-05 9.99641E-05 0.327205 0.165825 0.0744882 0.182436 9.99641E-05 9.99641E-05 0.249647
9.99641E-05 0.0769118 0.068525 0.35356 0.19362 9.99641E-05 0.306984 9.99641E-05 9.99641E-05
9.998E-05 0.0403815 9.998E-05 0.448905 0.00435557 0.182536 0.263665 0.0344046 0.0255522
9.99553E-05 9.99553E-05 0.741333 0.0405242 9.99553E-05 9.99553E-05 9.99553E-05 0.131141 0.0865022
9.99732E-05 9.99732E-05 0.180603 0.0387305 0.089497 0.186537 9.99732E-05 0.0490444 0.455288
0.197152 9.99732E-05 0.0621425 0.215447 0.0210489 0.156781 9.99732E-05 0.347129 9.99732E-05
9.99641E-05 9.99641E-05 9.99641E-05 9.99641E-05 0.243614 0.0776946 0.074338 0.146133 0.457821
0.177977 9.99551E-05 9.99551E-05 0.316145 9.99551E-05 0.0893763 9.99551E-05 0.416002 9.99551E-05
9.99731E-05 9.99731E-05 0.00510107 0.178183 0.0872656 0.178089 9.99731E-05 0.135963 0.415099
9.99731E-05 9.99731E-05 0.18514 9.99731E-05 0.0611874 0.21941 0.103079 0.13151 0.299374
9.99641E-05 9.99641E-05 9.99641E-05 0.0247187 0.0229453 0.0398042 9.99641E-05 0.800405 0.111727
9.9955E-05 0.0400904 0.453056 9.9955E-05 9.9955E-05 0.151978 9.9955E-05 9.9955E-05 0.354376
0.0321667 9.99641E-05 0.0844146 9.99641E-05 9.99641E-05 9.99641E-05 0.387391 0.00556335 0.490064
0.0657068 0.107196 0.373368 9.99642E-05 9.99642E-05 0.210634 0.242695 9.99642E-05 9.99642E-05
0.0219025 9.99461E-05 0.777086 9.99461E-05 9.99461E-05 9.99461E-05 0.200412 9.99461E-05 9.99461E-05
9.99373E-05 9.99373E-05 9.99373E-05 9.99373E-05 9.99373E-05 9.99373E-05 0.99872 0.000580807 9.99373E-05
9.99373E-05 9.99373E-05 9.99373E-05 9.99373E-05 0.896355 9.99373E-05 9.99373E-05 9.99373E-05 0.102946
0.0387003 0.150564 9.99641E-05 0.0419337 9.99641E-05 9.99641E-05 9.99641E-05 0.0508476 0.717554
0.0269003 9.996E-05 9.996E-05 0.653365 9.996E-05 0.111126 0.0072502 9.996E-05 0.200959
9.99641E-05 0.0660956 9.99641E-05 9.99641E-05 9.99641E-05 0.482992 0.302037 0.100723 0.0477525
0.0131545 0.432066 9.99641E-05 9.99641E-05 9.99641E-05 9.99641E-05 0.0227289 0.331672 0.19998
0.00203756 0.621691 9.99552E-05 0.322433 9.99552E-05 9.99552E-05 9.99552E-05 9.99552E-05 0.0533389
0.0224892 9.99642E-05 0.262951 0.218076 0.381588 9.99642E-05 0.114496 9.99642E-05 9.99642E-05
9.99731E-05 0.27598 0.476899 9.99731E-05 9.99731E-05 0.111215 0.102927 0.0322731 0.000406553
9.99642E-05 0.0220502 0.200098 0.258196 9.99642E-05 0.0956555 9.99642E-05 9.99642E-05 0.4236
9.99464E-05 9.99464E-05 0.446843 9.99464E-05 9.99464E-05 0.0333879 9.99464E-05 9.99464E-05 0.519169
0.0223699 0.407531 9.996E-05 9.996E-05 9.996E-05 0.220446 0.162529 9.996E-05 0.186724
9.99461E-05 9.99461E-05 0.620287 9.99461E-05 9.99461E-05 9.99461E-05 0.196654 9.99461E-05 0.18246
9.99552E-05 9.99552E-05 9.99552E-05 0.332466 0.385216 0.178044 9.99552E-05 0.103774 9.99552E-05
9.99374E-05 9.99374E-05 9.99374E-05 0.346965 9.99374E-05 9.99374E-05 9.99374E-05 9.99374E-05 0.652335
9.99731E-05 0.00321294 9.99731E-05 0.296679 9.99731E-05 0.364474 0.285739 0.02564 0.0239546
0.106085 9.9973E-05 0.209622 0.467204 0.00634724 0.0756301 0.134812 9.9973E-05 9.9973E-05
0.0150443 0.0459149 9.99551E-05 9.99551E-05 9.99551E-05 9.99551E-05 0.197389 9.99551E-05 0.741152
9.99551E-05 9.99551E-05 0.384617 0.242863 9.99551E-05 9.99551E-05 0.192472 9.99551E-05 0.179549
0.021824 9.99642E-05 0.0444276 9.99642E-05 9.99642E-05 0.21732 0.124983 9.99642E-05 0.591046
9.99551E-05 0.02804 9.99551E-05 9.99551E-05 0.152091 0.38882 9.99551E-05 9.99551E-05 0.430549
0.0511718 0.188493 9.996E-05 9.996E-05 9.996E-05 0.219655 0.0797512 9.996E-05 0.460529
9.99642E-05 0.0183474 9.99642E-05 0.131674 0.0193866 9.99642E-05 9.99642E-05 0.3356 0.494592
0.0135135 9.99731E-05 9.99731E-05 0.565208 0.0096467 0.069781 0.0946917 9.99731E-05 0.246859
9.99375E-05 9.99375E-05 0.0938836 9.99375E-05 9.99375E-05 9.99375E-05 9.99375E-05 0.905417 9.99375E-05
0.122066 0.242172 9.99551E-05 0.437059 9.99551E-05 9.99551E-05 9.99551E-05 9.99551E-05 0.198203
9.99643E-05 0.077654 0.0177533 9.99643E-05 0.260949 9.99643E-05 0.0295434 9.99643E-05 0.613701
0.116292 9.99821E-05 0.0488563 9.99821E-05 0.0102894 0.0550453 0.225671 0.0625035 0.481143
0.0618525 0.0264001 9.99731E-05 0.293637 0.0190869 9.99731E-05 0.0679296 0.530794 9.99731E-05
9.99641E-05 9.99641E-05 9.99641E-05 9.99641E-05 0.0957197 0.128293 0.0611741 0.0483221 0.666092
0.14224 0.317799 9.9982E-05 0.00440089 0.0261683 0.0350165 0.103614 0.370561 9.9982E-05
0.066581 0.101438 9.99641E-05 0.235823 0.132537 9.99641E-05 0.46322 9.99641E-05 9.99641E-05
0.0939731 9.99731E-05 9.99731E-05 0.0447356 0.114772 9.99731E-05 0.0827671 0.32489 0.338562
9.99463E-05 0.4436 9.99463E-05 9.99463E-05 0.116682 9.99463E-05 9.99463E-05 9.99463E-05 0.439118
9.99372E-05 0.939371 9.99372E-05 9.99372E-05 9.99372E-05 9.99372E-05 9.99372E-05 9.99372E-05 0.059929
9.99731E-05 0.712335 0.149197 9.99731E-05 0.0258798 9.99731E-05 0.0120773 0.0415405 0.0586705
0.181315 0.073081 9.99731E-05 0.206798 0.100394 9.99731E-05 0.294636 0.143477 9.99731E-05
9.99463E-05 0.0693703 9.99463E-05 0.440958 9.99463E-05 9.99463E-05 9.99463E-05 9.99463E-05 0.489072
0.0896981 0.24431 0.12723 9.99821E-05 0.242699 0.179523 0.0835246 9.99821E-05 0.0328155
0.0380427 9.99642E-05 9.99642E-05 9.99642E-05 0.0138467 0.0663253 0.782612 9.99642E-05 0.0987732
9.997E-05 9.997E-05 0.0831492 0.137383 0.0643206 0.136283 9.997E-05 0.434463 0.144101
9.99553E-05 0.0524535 9.99553E-05 9.99553E-05 0.0411149 9.99553E-05 0.317343 0.588589 9.99553E-05
0.0925996 9.995E-05 0.443689 0.148662 9.995E-05 9.995E-05 9.995E-05 9.995E-05 0.31455
9.99731E-05 0.0604384 0.0183533 0.218714 0.0373736 0.173544 9.99731E-05 9.99731E-05 0.491277
0.999201 9.993E-05 9.993E-05 9.993E-05 9.993E-05 9.993E-05 9.993E-05 9.993E-05 9.993E-05
9.99643E-05 9.99643E-05 0.0267881 9.99643E-05 0.0576898 9.99643E-05 0.130895 0.141091 0.643137
0.0272255 9.996E-05 0.182986 9.996E-05 0.14259 0.321571 9.996E-05 9.996E-05 0.325227
0.449997 0.0441366 0.00975452 0.285822 0.197723 0.00119017 9.99821E-05 9.99821E-05 0.0111772
0.0537713 9.99731E-05 0.0532456 0.420027 0.155818 0.210605 0.106233 9.99731E-05 9.99731E-05
0.107238 9.99642E-05 9.99642E-05 0.370949 9.99642E-05 0.0453292 9.99642E-05 0.2131 0.262984
9.997E-05 0.338751 0.0491073 0.0558196 9.997E-05 0.276815 9.997E-05 0.10937 0.169837
0.0729989 0.201184 9.99821E-05 0.132318 9.99821E-05 0.186481 0.157307 0.0790846 0.170426
0.194126 9.99642E-05 0.33624 9.99642E-05 9.99642E-05 0.14937 0.0906635 9.99642E-05 0.229201
0.123198 0.142261 9.996E-05 9.996E-05 0.0700388 9.996E-05 9.996E-05 0.443242 0.22086
9.99551E-05 9.99551E-05 9.99551E-05 9.99551E-05 0.130169 0.318473 0.301172 9.99551E-05 0.249686
0.109848 0.1745 0.135626 9.997E-05 0.18397 9.997E-05 9.997E-05 0.336421 0.059335
9.99552E-05 0.33608 9.99552E-05 0.268698 9.99552E-05 9.99552E-05 0.0412089 9.99552E-05 0.353513
9.99731E-05 0.0560132 0.246427 0.183143 0.0536651 9.99731E-05 0.295848 9.99731E-05 0.164604
0.999201 9.993E-05 9.993E-05 9.993E-05 9.993E-05 9.993E-05 9.993E-05 9.993E-05 9.993E-05
0.234059 9.99641E-05 9.99641E-05 0.524444 9.99641E-05 0.0203619 9.99641E-05 0.0714403 0.149295
9.99641E-05 0.106325 0.067836 9.99641E-05 9.99641E-05 0.299318 0.116643 9.99641E-05 0.409479
0.112785 9.99641E-05 9.99641E-05 0.31194 9.99641E-05 0.176683 0.00410053 0.394092 9.99641E-05
0.188622 9.99643E-05 9.99643E-05 0.510876 0.00133169 0.184406 9.99643E-05 0.114364 9.99643E-05
9.995E-05 9.995E-05 9.995E-05 0.255584 9.995E-05 0.0475764 0.0999521 9.995E-05 0.596388
9.99731E-05 0.385823 0.0887416 9.99731E-05 0.0328977 0.107966 9.99731E-05 0.209586 0.174686
9.993E-05 0.999201 9.993E-05 9.993E-05 9.993E-05 9.993E-05 9.993E-05 9.993E-05 9.993E-05
9.99463E-05 9.99463E-05 9.99463E-05 9.99463E-05 9.99463E-05 0.827644 9.99463E-05 0.0558403 0.115916
0.0757253 9.998E-05 9.998E-05 0.068377 0.115297 0.0209152 0.111624 0.154513 0.453349
9.99641E-05 0.328612 0.0484547 0.371562 0.112822 9.99641E-05 9.99641E-05 9.99641E-05 0.13815
9.996E-05 0.017224 9.996E-05 0.30061 9.996E-05 0.4538 0.116603 9.996E-05 0.111362
0.0693939 9.99821E-05 9.99821E-05 0.225937 0.172877 0.258087 0.0375232 0.146944 0.0890377
0.0376051 9.99642E-05 0.0394948 0.159549 9.99642E-05 9.99642E-05 9.99642E-05 0.0375177 0.725433
9.99552E-05 0.0438217 0.027679 0.660795 9.99552E-05 9.99552E-05 9.99552E-05 9.99552E-05 0.267205
9.99552E-05 0.107482 9.99552E-05 0.235593 0.0525846 0.603841 9.99552E-05 9.99552E-05 9.99552E-05
0.0988958 9.99732E-05 0.107363 0.243039 9.99732E-05 0.070325 0.228288 9.99732E-05 0.251789
0.0168254 9.99462E-05 9.99462E-05 9.99462E-05 0.980432 0.00214245 9.99462E-05 9.99462E-05 9.99462E-05
0.0110265 9.99642E-05 9.99642E-05 9.99642E-05 0.0891395 9.99642E-05 0.416981 0.0977046 0.384748
9.99553E-05 9.99553E-05 9.99553E-05 9.99553E-05 0.0517742 9.99553E-05 0.0266764 0.806209 0.114841
0.248099 9.99554E-05 9.99554E-05 9.99554E-05 9.99554E-05 9.99554E-05 0.118182 0.430606 0.202613
0.0579098 0.034194 0.14549 0.230048 0.0864989 9.9991E-05 0.071994 0.363656 0.0101101
0.156392 0.0956924 0.0450018 0.164949 0.0901048 0.0550029 9.999E-05 0.150747 0.24201
0.0365181 0.006132 0.103883 0.2281 9.99732E-05 0.321987 9.99732E-05 9.99732E-05 0.30308
9.993E-05 9.993E-05 9.993E-05 9.993E-05 0.999201 9.993E-05 9.993E-05 9.993E-05 9.993E-05
0.0195555 9.99553E-05 9.99553E-05 0.303392 9.99553E-05 0.441847 9.99553E-05 0.234707 9.99553E-05
0.014973 0.0506598 9.99821E-05 0.0744744 0.0270584 0.222543 0.109836 9.99821E-05 0.500256
0.0518895 0.127216 0.0472279 0.0680194 0.0446129 9.99821E-05 0.32946 9.99821E-05 0.331374
9.99551E-05 9.99551E-05 9.99551E-05 9.99551E-05 0.063748 0.195721 0.296305 9.99551E-05 0.443726
