0.0518828 0.0832434 9.9964E-05 0.014865 9.9964E-05 0.849609 9.9964E-05 9.9964E-05
9.9982E-05 0.349041 0.203731 0.020897 0.0136628 0.248233 9.9982E-05 0.164236
0.0062916 0.295698 0.143021 9.9991E-05 0.0121056 0.241398 0.00554065 0.295847
0.116624 9.9991E-05 0.0574423 0.0891366 0.0158957 0.191921 0.0739915 0.454888
0.0201703 0.132603 9.9991E-05 0.0151788 0.168691 0.0124307 0.100103 0.550723
0.102496 0.149206 9.9973E-05 9.9973E-05 0.0238544 9.9973E-05 0.00729134 0.716853
0.068523 9.9982E-05 0.0367937 0.00793981 9.9982E-05 0.290028 0.0699922 0.526523
9.9982E-05 0.149091 0.347622 0.0621271 9.9982E-05 0.251906 0.0539243 0.13513
0.108301 0.172097 9.9991E-05 0.0476304 0.321836 0.194973 0.0704638 0.0845986
0.299977 0.118692 9.9991E-05 0.12747 0.332795 0.0308992 0.0602055 0.0298611
0.208723 0.741603 9.9973E-05 0.0157047 0.000529942 9.9973E-05 0.0331392 9.9973E-05
9.99639E-05 0.117491 9.99639E-05 0.0527701 0.756957 9.99639E-05 0.0723813 9.99639E-05
0.0300891 0.264375 9.9991E-05 0.0278754 0.0869182 0.130121 0.107622 0.3529
0.106228 0.00030802 0.147155 0.140058 0.163954 0.349846 0.0923516 9.9991E-05
9.9955E-05 0.506863 0.372066 9.9955E-05 9.9955E-05 9.9955E-05 0.120571 9.9955E-05
0.0137821 9.9991E-05 0.478713 0.0807371 0.119492 0.027667 0.169987 0.109522
0.169046 9.9973E-05 0.470749 0.202807 9.9973E-05 9.9973E-05 0.0261764 0.130922
9.9982E-05 0.206511 0.122449 0.116356 0.141509 0.297996 0.114979 9.9982E-05
9.9982E-05 0.372139 0.0467792 9.9982E-05 0.178874 0.115556 0.122242 0.164211
0.00230525 0.171862 0.134324 0.107383 0.0512147 0.197103 0.0348988 0.30091
0.0781526 0.155814 0.0336367 9.9991E-05 0.0354139 0.293398 0.129943 0.273541
0.0264436 0.519136 0.0464478 9.9991E-05 0.147255 0.200418 0.0431444 0.0170545
0.0228647 0.132446 0.000767827 0.0103468 0.218052 0.22333 0.128622 0.263571
9.9964E-05 0.00256531 0.132268 0.276783 9.9964E-05 9.9964E-05 9.9964E-05 0.587984
0.224767 0.774634 9.9946E-05 9.9946E-05 9.9946E-05 9.9946E-05 9.9946E-05 9.9946E-05
0.0633685 0.0727597 0.0684407 0.161484 0.0157726 0.462904 9.9991E-05 0.15517
0.157578 0.142393 0.196973 0.210662 0.0600483 0.120105 0.100191 0.0120484
0.0416709 0.208893 0.112295 0.0922802 0.11647 0.341871 0.0864198 9.9991E-05
0.00163982 0.41168 0.0778657 0.154006 9.9982E-05 0.1088 9.9982E-05 0.245808
9.99729E-05 0.253204 0.0961326 0.584201 9.99729E-05 0.030255 0.0359074 9.99729E-05
0.0749094 0.521504 0.0111724 0.00234008 0.11052 9.9991E-05 0.0668697 0.212584
0.141656 0.16638 0.118164 0.02942 0.437092 0.0792362 0.027951 9.9991E-05
9.9982E-05 9.9982E-05 0.0135489 0.00458399 0.175997 0.200671 0.0910536 0.513946
0.0453512 0.222576 0.19192 9.9973E-05 9.9973E-05 9.9973E-05 0.0619109 0.477943
0.124026 9.9982E-05 9.9982E-05 0.0390108 0.199101 0.296523 0.0741891 0.26695
9.9946E-05 9.9946E-05 9.9946E-05 9.9946E-05 9.9946E-05 0.931031 0.0683697 9.9946E-05
0.169104 9.9973E-05 9.9973E-05 9.9973E-05 0.125021 0.142625 0.0210808 0.54187
0.229212 0.174571 9.9973E-05 0.177239 9.9973E-05 0.382653 0.0360244 9.9973E-05
0.100125 0.180244 0.0302593 0.162806 0.12097 9.9991E-05 0.0353535 0.370141
0.00215322 0.104334 0.310596 9.9982E-05 9.9982E-05 0.175869 0.144711 0.262137
0.0632635 0.66876 0.0939458 0.0745469 9.9982E-05 0.0441855 0.0550981 9.9982E-05
0.156317 9.9982E-05 0.242167 0.0677639 0.099617 0.0155044 9.9982E-05 0.41843
0.0499795 9.9991E-05 0.128114 0.0656189 0.217404 0.291139 0.0220668 0.225578
9.9964E-05 0.213994 9.9964E-05 0.0272338 0.432049 0.326324 9.9964E-05 9.9964E-05
0.0268604 9.9982E-05 0.116028 0.00711393 0.720273 9.9982E-05 0.0921155 0.0374087
0.229648 0.160633 0.0110144 0.0462979 0.0549978 0.187516 0.027716 0.282177
9.9982E-05 9.9982E-05 0.0549673 0.110996 0.319762 0.170357 0.0193064 0.324411
9.9973E-05 9.9973E-05 0.124796 0.056445 0.386328 9.9973E-05 0.00981698 0.422315
0.0144349 0.639658 0.212323 0.0991487 9.9973E-05 9.9973E-05 0.0341358 9.9973E-05
9.9982E-05 0.495125 0.198405 0.137095 0.0103426 0.1531 0.00573287 9.9982E-05
0.151247 0.0722977 0.178756 0.0608198 0.183936 0.18348 0.169364 9.9991E-05
0.0482642 0.286521 0.222047 0.02548 9.9991E-05 0.221423 0.126597 0.0695666
0.0676368 9.9982E-05 0.501995 0.0271276 0.233091 9.9982E-05 0.0138421 0.156107
0.226177 0.128163 0.142803 0.244143 9.9982E-05 9.9982E-05 0.0176808 0.240833
9.9964E-05 0.302304 0.253951 0.108657 0.334688 9.9964E-05 9.9964E-05 9.9964E-05
0.102018 0.269197 0.000603264 0.0110687 0.0836945 0.0413009 0.0615891 0.430529
0.0612043 9.9964E-05 0.136505 0.0250587 0.776832 9.9964E-05 9.9964E-05 9.9964E-05
0.0234521 0.272259 9.9991E-05 0.0345295 0.456289 0.0165602 0.0524892 0.144321
9.99729E-05 0.349231 0.12163 9.99729E-05 0.195362 9.99729E-05 0.0990036 0.234472
0.146586 0.151564 0.0488934 9.9991E-05 0.529009 0.011781 0.0403262 0.0717401
9.9955E-05 9.9955E-05 9.9955E-05 0.00413868 9.9955E-05 9.9955E-05 0.0192593 0.976102
0.155836 0.174909 0.034749 9.9991E-05 0.096458 0.085042 0.0713537 0.381552
9.9982E-05 0.27931 0.151688 9.9982E-05 0.090605 0.0963738 0.0936221 0.288202
9.9973E-05 9.9973E-05 9.9973E-05 0.917881 0.000835818 0.0201035 0.0606241 0.000256167
0.157283 9.9973E-05 0.0853704 0.0169364 9.9973E-05 0.547506 9.9973E-05 0.192605
9.9946E-05 9.9946E-05 0.122063 9.9946E-05 9.9946E-05 0.877338 9.9946E-05 9.9946E-05
0.0760111 0.13172 9.9991E-05 0.0569739 0.0343834 0.41575 0.123723 0.161339
9.9973E-05 0.447369 0.0235215 0.084039 9.9973E-05 9.9973E-05 0.0560628 0.388708
9.9964E-05 0.16516 9.9964E-05 0.0506715 9.9964E-05 0.320563 9.9964E-05 0.463205
0.100784 0.0475495 0.339148 0.120773 9.9991E-05 0.183961 0.0533678 0.154317
0.166369 0.320648 9.9982E-05 0.0889884 0.235298 9.9982E-05 0.00671414 0.181783
0.018792 0.306363 0.239356 0.0843138 9.9991E-05 0.155937 0.108095 0.0870428
9.9982E-05 0.507344 9.9982E-05 0.100769 0.0225474 0.0974752 0.152475 0.119189
0.000339751 0.623708 0.178672 0.0417143 9.9973E-05 9.9973E-05 9.9973E-05 0.155266
0.224487 0.0703005 0.144153 0.132285 0.230473 0.0483977 0.0200084 0.129895
0.105714 0.0764704 0.444309 0.0108401 0.273306 9.9982E-05 0.0891615 9.9982E-05
9.9973E-05 0.110467 9.9973E-05 0.0388801 0.245855 9.9973E-05 0.161223 0.443275
0.0832759 0.0625738 9.9964E-05 9.9964E-05 9.9964E-05 9.9964E-05 0.00711127 0.846639
0.0251668 0.039267 9.9955E-05 9.9955E-05 9.9955E-05 9.9955E-05 9.9955E-05 0.935066
9.9955E-05 9.9955E-05 9.9955E-05 0.170996 9.9955E-05 9.9955E-05 0.0727513 0.755753
0.034129 0.212977 9.9991E-05 0.0241633 0.152922 0.0805843 0.0924557 0.402669
0.0513254 0.0673681 9.9991E-05 0.011434 0.289324 0.215678 0.0557633 0.309007
0.0626382 0.226684 9.9973E-05 0.246279 0.20236 9.9973E-05 9.9973E-05 0.261738
0.00198544 0.109832 0.261877 0.0738597 0.201426 9.9991E-05 0.0500762 0.300844
9.99731E-05 0.452809 9.99731E-05 0.0299205 9.99731E-05 0.131989 0.130167 0.254815
0.114685 0.193325 0.0611114 9.9982E-05 0.289212 0.227198 9.9982E-05 0.114269
9.9973E-05 0.0281581 0.0439218 9.9973E-05 9.9973E-05 0.798876 0.0622307 0.0665133
0.137033 0.179402 9.9973E-05 9.9973E-05 0.462726 9.9973E-05 0.161626 0.0589128
0.0460963 0.438589 0.171618 0.0851766 9.9982E-05 0.15342 0.1049 9.9982E-05
9.9964E-05 0.440438 9.9964E-05 9.9964E-05 0.324522 0.168215 0.0664253 9.9964E-05
0.0209663 9.99459E-05 9.99459E-05 0.978434 9.99459E-05 9.99459E-05 9.99459E-05 9.99459E-05
0.160398 0.476847 0.0706414 0.0338006 0.0889106 0.147189 0.0221143 9.9991E-05
0.0220531 0.012362 0.0553493 9.9991E-05 0.0152793 0.0443593 0.10852 0.741977
9.9973E-05 0.419966 0.360389 0.00208486 9.9973E-05 0.0984526 0.118808 9.9973E-05
0.106231 0.0564917 0.0696105 9.9973E-05 9.9973E-05 0.225916 9.9973E-05 0.541451
0.0861992 9.9982E-05 0.101637 0.0897456 0.114639 0.0126442 9.9982E-05 0.594934
0.108301 0.159394 0.152224 9.9973E-05 0.288125 0.291656 9.9973E-05 9.9973E-05
0.0428905 0.656706 9.99731E-05 9.99731E-05 9.99731E-05 0.0703496 0.0157931 0.213961
0.0222005 0.175488 9.9991E-05 0.481777 0.0639445 0.158623 0.0840202 0.0138469
9.9982E-05 0.292673 0.150825 0.288174 0.0994493 0.0186711 9.9982E-05 0.150007
0.0198396 0.416071 9.9982E-05 0.160055 9.9982E-05 0.313861 0.076961 0.0130121
9.994E-05 9.994E-05 9.994E-05 0.9993 9.994E-05 9.994E-05 9.994E-05 9.994E-05
0.132107 0.45935 0.206764 0.0302677 9.9991E-05 0.0236219 0.070837 0.0769529
0.9993 9.994E-05 9.994E-05 9.994E-05 9.994E-05 9.994E-05 9.994E-05 9.994E-05
0.112541 9.9982E-05 0.198725 0.0536983 0.476733 0.124887 0.0332152 9.9982E-05
9.9973E-05 0.336488 0.303645 9.9973E-05 0.157782 0.0561912 9.9973E-05 0.145594
9.9991E-05 0.168425 0.241372 0.0325006 0.292638 0.0667081 0.000328332 0.197928
0.0474707 0.261279 0.143881 9.9991E-05 0.00559709 0.181607 0.0954261 0.264639
0.095463 0.598424 0.0521364 0.164366 9.9982E-05 9.9982E-05 0.0401478 0.0492627
9.9973E-05 0.419998 9.9973E-05 9.9973E-05 0.0751035 0.252425 0.0577004 0.194473
0.077263 0.147676 0.0199984 9.9991E-05 0.0751044 0.142185 0.0485712 0.489101
0.011073 0.346224 0.0803088 0.0267348 0.412029 9.9991E-05 0.097963 0.0255677
0.0965506 9.9973E-05 0.275304 0.0393628 0.134375 9.9973E-05 9.9973E-05 0.454108
0.0345914 0.210493 0.0729346 0.4621 0.0662597 9.9991E-05 0.0764646 0.0770573
0.0358343 9.9973E-05 0.0676454 9.9973E-05 0.23475 0.0482886 9.9973E-05 0.613181
9.994E-05 9.994E-05 9.994E-05 0.9993 9.994E-05 9.994E-05 9.994E-05 9.994E-05
0.180491 0.429828 0.116699 9.9991E-05 0.0514775 0.176965 0.027886 0.016553
0.0598297 9.9982E-05 0.0713471 0.0703322 9.9982E-05 0.577281 0.0604867 0.160523
9.9955E-05 0.0865887 9.9955E-05 9.9955E-05 0.489108 9.9955E-05 9.9955E-05 0.423803
0.0719226 0.162376 9.9982E-05 0.0143544 0.340334 0.234329 0.176485 9.9982E-05
0.0395328 0.102624 0.0615302 0.0851171 0.00872905 0.232585 0.0841194 0.385763
0.00791134 0.116792 0.0127665 0.391052 9.9991E-05 0.0639064 0.186478 0.220993
0.0442669 0.254937 9.9991E-05 0.230667 0.00698217 0.0141242 0.041742 0.407181
0.0726082 9.9982E-05 0.259644 9.9982E-05 0.201693 0.0490319 0.0389893 0.377834
9.9973E-05 0.497542 9.9973E-05 0.114548 0.325969 9.9973E-05 0.0525268 0.00911432
9.99641E-05 9.99641E-05 0.224263 0.103995 9.99641E-05 9.99641E-05 0.0455755 0.625766
9.9964E-05 0.857078 0.01476 9.9964E-05 9.9964E-05 0.102753 0.0250086 9.9964E-05
0.0678409 0.510261 9.9973E-05 0.155962 0.0843776 9.9973E-05 9.9973E-05 0.181259
9.9964E-05 9.9964E-05 0.0406078 9.9964E-05 0.794002 0.0506215 9.9964E-05 0.114369
0.120725 9.9991E-05 0.0424381 0.192036 0.0825769 0.425663 0.0390958 0.0973646
9.9964E-05 0.210112 9.9964E-05 0.100335 9.9964E-05 0.677248 0.0119047 9.9964E-05
9.9973E-05 9.9973E-05 0.00839779 0.0631311 0.109042 9.9973E-05 0.0969495 0.72218
0.0066397 9.9982E-05 0.0866717 0.274331 0.190851 9.9982E-05 0.0109095 0.430397
9.9973E-05 0.327804 0.226338 0.123222 9.9973E-05 9.9973E-05 0.10957 0.212766
0.00365651 0.322342 9.9982E-05 0.0828925 0.091203 0.27878 9.9982E-05 0.220926
0.179819 0.307806 9.9991E-05 0.0102636 0.171027 0.161613 0.111232 0.0581384
9.99459E-05 9.99459E-05 0.852939 9.99459E-05 0.146462 9.99459E-05 9.99459E-05 9.99459E-05
9.994E-05 9.994E-05 0.9993 9.994E-05 9.994E-05 9.994E-05 9.994E-05 9.994E-05
9.9991E-05 0.194299 0.0402482 0.0623482 0.384831 0.232186 0.0654501 0.0205372
0.106706 9.9973E-05 9.9973E-05 0.0644147 0.0823184 9.9973E-05 0.0552569 0.691004
0.172331 0.0191739 9.9982E-05 9.9982E-05 0.297936 0.0716379 0.127364 0.311357
0.0348314 0.799768 0.0671497 9.9973E-05 9.9973E-05 9.9973E-05 0.096778 0.0011734
0.0728367 0.293704 9.9982E-05 0.123403 0.158661 0.0956132 9.9982E-05 0.255582
0.0863284 0.433007 9.9982E-05 0.000178619 0.21786 0.177928 0.0844981 9.9982E-05
0.122815 0.20671 0.114656 0.0867937 9.9991E-05 0.0618924 0.11451 0.292523
0.00265142 9.9982E-05 0.0971038 0.343609 9.9982E-05 0.0958076 0.152236 0.308392
0.112856 0.0039204 0.177366 0.0158867 0.0374375 0.119064 0.0521872 0.481282
9.994E-05 9.994E-05 9.994E-05 9.994E-05 9.994E-05 9.994E-05 0.9993 9.994E-05
0.0869544 9.9982E-05 0.140353 9.9982E-05 0.0630094 0.290919 0.0891692 0.329395
0.311921 9.9982E-05 0.166028 9.9982E-05 0.0465373 0.178839 0.0195303 0.276944
9.99459E-05 9.99459E-05 9.99459E-05 9.99459E-05 0.958159 9.99459E-05 0.0412411 9.99459E-05
0.222247 0.00548977 0.130802 9.9982E-05 0.117975 9.9982E-05 0.131933 0.391353
0.00380156 0.283284 9.9991E-05 0.126228 0.10486 0.260597 0.129347 0.0917825
0.0557776 0.291346 0.17657 0.10278 0.0875713 9.9991E-05 0.0525766 0.233279
9.9973E-05 9.9973E-05 9.9973E-05 0.0121814 0.687112 0.0737228 0.085093 0.141591
0.0611273 9.9991E-05 0.288235 0.175365 0.057983 0.231241 0.080032 0.105916
9.9973E-05 0.480183 9.9973E-05 9.9973E-05 0.0148487 0.227378 0.0738177 0.203472
0.0308234 0.258111 9.9991E-05 0.0862996 0.166749 0.145348 0.0805009 0.232068
9.9964E-05 9.9964E-05 0.0365893 0.116648 9.9964E-05 0.687873 9.9964E-05 0.15849
0.0199181 0.287473 0.156658 0.0955821 0.096131 0.11212 0.0287807 0.203337
0.093933 0.180592 0.0132236 0.0174246 9.9991E-05 0.229446 0.0957813 0.369499
9.994E-05 9.994E-05 9.994E-05 9.994E-05 9.994E-05 9.994E-05 0.9993 9.994E-05
9.9973E-05 9.9973E-05 0.187128 9.9973E-05 0.0812904 0.179751 0.50493 0.0466011
0.0363725 9.9991E-05 0.340909 0.0180291 0.0848235 0.0730045 0.0290239 0.417737
0.0199057 0.395697 9.9991E-05 0.0457191 0.193797 0.197921 0.0669034 0.0799574
0.0345896 9.9973E-05 9.9973E-05 9.9973E-05 0.216006 0.62608 0.0456316 0.0773934
9.9982E-05 0.353469 0.12652 9.9982E-05 0.0603196 0.213718 0.0627341 0.183039
0.196982 0.323774 0.15318 9.9973E-05 9.9973E-05 9.9973E-05 0.0853516 0.240413
9.994E-05 9.994E-05 0.9993 9.994E-05 9.994E-05 9.994E-05 9.994E-05 9.994E-05
9.9991E-05 0.171503 0.0292487 0.0719175 0.0331041 0.293329 0.178447 0.222351
0.024587 0.48181 0.17996 0.0724683 0.012568 0.00279147 9.9991E-05 0.225716
0.129239 0.0429779 0.296352 0.184027 0.153542 0.115133 0.0673808 0.0113492
0.00159554 0.0783321 0.0126418 0.0833366 0.134876 0.231316 0.144739 0.313163
0.100577 0.373664 0.472405 9.9982E-05 0.00204853 0.0377681 0.0133384 9.9982E-05
9.9991E-05 0.0782293 0.133381 0.0126834 0.114814 0.149723 0.112657 0.398411
0.161265 0.191339 0.0702079 9.9973E-05 0.19131 9.9973E-05 9.9973E-05 0.385578
0.0382391 9.9973E-05 0.0957161 9.9973E-05 0.353835 9.9973E-05 0.146954 0.364955
0.0479138 9.9991E-05 0.386376 0.0336826 0.43393 0.0593507 0.0181905 0.020456
0.992164 9.99459E-05 9.99459E-05 0.00723673 9.99459E-05 9.99459E-05 9.99459E-05 9.99459E-05
0.111905 0.0336813 0.203857 0.152744 0.254659 0.0344592 0.00689295 0.201802
0.0425053 0.19599 0.348696 0.279014 9.9982E-05 9.9982E-05 0.0958067 0.0377884
0.0371245 0.424679 9.9982E-05 0.0969214 0.0256942 0.251682 0.163699 9.9982E-05
0.0776125 0.340615 0.215614 0.020751 9.9991E-05 0.264258 0.0172875 0.0637624
9.9973E-05 0.0238791 9.9973E-05 0.237794 0.132146 0.384427 9.9973E-05 0.221454
0.102668 9.9991E-05 0.17474 0.0237571 0.172108 0.275687 0.0409009 0.210039
0.9993 9.994E-05 9.994E-05 9.994E-05 9.994E-05 9.994E-05 9.994E-05 9.994E-05
0.0392709 0.035561 9.9991E-05 0.0102159 0.329806 0.0443105 0.090469 0.450267
0.172322 0.21954 0.198927 0.0791797 9.9982E-05 0.249029 0.0808024 9.9982E-05
9.9991E-05 0.121747 0.0599957 0.00264098 0.0354288 0.0981732 0.0619399 0.619975
9.9982E-05 0.117786 0.377296 0.0531912 0.213319 0.106595 9.9982E-05 0.131613
