9.99731E-05 0.0128469 0.112857 0.0222884 9.99731E-05 0.0598982 0.0848807 0.0556605 0.651269 9.99731E-05
0.028499 0.00264731 0.268683 9.9973E-05 9.9973E-05 0.118173 0.144875 0.0509688 0.385854 9.9973E-05
0.215065 0.595714 9.99461E-05 9.99461E-05 9.99461E-05 9.99461E-05 9.99461E-05 9.99461E-05 0.122558 0.0660633
0.0599439 0.0390903 9.99552E-05 9.99552E-05 9.99552E-05 9.99552E-05 9.99552E-05 0.34042 0.442525 0.117521
0.208751 9.99731E-05 0.0258741 9.99731E-05 0.139112 0.133814 0.155174 0.0771875 0.259787 9.99731E-05
0.00106529 9.99461E-05 9.99461E-05 9.99461E-05 0.0933348 9.99461E-05 9.99461E-05 9.99461E-05 0.618804 0.286196
0.0772341 0.0356013 9.99731E-05 0.444108 0.0631121 0.0173452 0.0923775 9.99731E-05 0.269922 9.99731E-05
9.99373E-05 9.99373E-05 0.0146297 9.99373E-05 9.99373E-05 9.99373E-05 0.197591 9.99373E-05 0.78708 9.99373E-05
0.0286612 9.99641E-05 0.19196 0.327105 0.146383 9.99641E-05 9.99641E-05 0.166137 9.99641E-05 0.139353
0.039548 9.99552E-05 0.330726 9.99552E-05 9.99552E-05 0.182481 9.99552E-05 9.99552E-05 0.223911 0.222834
0.21894 0.059964 0.0893106 9.9982E-05 9.9982E-05 0.0647411 0.041129 0.095325 0.0470102 0.383381
9.99462E-05 9.99462E-05 9.99462E-05 0.17537 9.99462E-05 0.0636264 0.265976 0.494429 9.99462E-05 9.99462E-05
9.99373E-05 9.99373E-05 9.99373E-05 0.317992 9.99373E-05 9.99373E-05 0.294689 9.99373E-05 0.38662 9.99373E-05
0.0431015 9.99463E-05 9.99463E-05 9.99463E-05 0.118492 0.130218 9.99463E-05 9.99463E-05 0.707589 9.99463E-05
9.99284E-05 9.99284E-05 9.99284E-05 9.99284E-05 9.99284E-05 9.99284E-05 9.99284E-05 0.935429 0.063772 9.99284E-05
0.277973 9.99642E-05 9.99642E-05 9.99642E-05 9.99642E-05 0.112544 0.0861339 0.176717 0.328833 0.0174001
9.99552E-05 9.99552E-05 0.00902762 9.99552E-05 9.99552E-05 9.99552E-05 0.0216795 0.524358 0.330412 0.114023
0.0794124 0.341153 0.0108154 9.99731E-05 9.99731E-05 0.312005 9.99731E-05 0.098164 0.024249 0.1339
9.99642E-05 0.0816517 0.23977 0.125987 9.99642E-05 9.99642E-05 0.279975 0.0397492 0.232466 9.99642E-05
9.99464E-05 9.99464E-05 0.0290432 9.99464E-05 9.99464E-05 9.99464E-05 0.0261794 9.99464E-05 0.883783 0.0603942
9.99552E-05 9.99552E-05 0.0775152 0.24783 9.99552E-05 0.113347 9.99552E-05 9.99552E-05 0.204744 0.356063
0.114095 9.9964E-05 0.180084 0.00213818 0.114226 9.9964E-05 0.497182 0.0918754 9.9964E-05 9.9964E-05
0.117695 0.471804 9.99551E-05 9.99551E-05 9.99551E-05 0.0641667 9.99551E-05 0.285185 0.0606495 9.99551E-05
0.538975 9.99372E-05 9.99372E-05 9.99372E-05 0.365529 9.99372E-05 9.99372E-05 9.99372E-05 0.0947965 9.99372E-05
0.47015 9.99641E-05 9.99641E-05 0.0208563 0.017813 0.0408585 0.0927709 9.99641E-05 9.99641E-05 0.357151
0.181142 9.9973E-05 9.9973E-05 0.00295996 0.0124689 0.138712 0.233756 0.114235 0.316428 9.9973E-05
0.00499985 9.99641E-05 0.420963 0.0577171 9.99641E-05 0.40445 9.99641E-05 0.00677689 0.104693 9.99641E-05
9.99462E-05 0.115506 0.557846 9.99462E-05 9.99462E-05 9.99462E-05 9.99462E-05 0.103645 0.222403 9.99462E-05
9.9955E-05 0.321054 9.9955E-05 0.106657 9.9955E-05 9.9955E-05 0.30623 9.9955E-05 0.171942 0.0936174
0.851139 9.99464E-05 9.99464E-05 9.99464E-05 9.99464E-05 9.99464E-05 0.0685498 0.0468996 0.0328122 9.99464E-05
9.99641E-05 0.0333093 0.327581 9.99641E-05 0.272277 0.167492 0.0482216 9.99641E-05 9.99641E-05 0.150719
9.99552E-05 0.0313642 9.99552E-05 0.385659 9.99552E-05 0.0401923 0.213609 9.99552E-05 0.328677 9.99552E-05
9.99372E-05 9.99372E-05 0.599265 0.337356 9.99372E-05 9.99372E-05 9.99372E-05 9.99372E-05 9.99372E-05 0.0626796
9.99462E-05 9.99462E-05 0.00730497 0.353301 9.99462E-05 9.99462E-05 0.286795 9.99462E-05 0.352 9.99462E-05
0.205253 0.261407 9.99461E-05 9.99461E-05 9.99461E-05 0.121827 9.99461E-05 9.99461E-05 0.410913 9.99461E-05
9.99553E-05 9.99553E-05 0.00400096 0.112592 0.041668 0.0502451 9.99553E-05 9.99553E-05 0.790994 9.99553E-05
0.0298244 0.1198 0.120455 9.99821E-05 0.141661 0.154534 0.407105 9.99821E-05 0.00833283 0.018088
9.99282E-05 0.559229 0.439971 9.99282E-05 9.99282E-05 9.99282E-05 9.99282E-05 9.99282E-05 9.99282E-05 9.99282E-05
0.06473 9.99731E-05 0.204142 0.110591 0.0836365 0.139712 0.18779 9.99731E-05 0.209099 9.99731E-05
9.99461E-05 0.619462 9.99461E-05 9.99461E-05 9.99461E-05 9.99461E-05 0.162426 0.137821 0.0796911 9.99461E-05
0.309459 9.99552E-05 0.386231 9.99552E-05 9.99552E-05 0.192796 0.0796665 0.0313485 9.99552E-05 9.99552E-05
9.994E-05 9.994E-05 9.994E-05 0.527738 9.994E-05 0.186877 9.994E-05 0.119828 9.994E-05 0.164957
9.9955E-05 9.9955E-05 9.9955E-05 0.0861573 0.0715555 0.02822 0.116436 9.9955E-05 0.697132 9.9955E-05
9.99553E-05 0.19063 9.99553E-05 9.99553E-05 9.99553E-05 9.99553E-05 0.024019 0.459966 0.291965 0.0329202
0.0446787 0.0190219 9.99731E-05 0.254978 9.99731E-05 0.0745059 0.33791 9.99731E-05 0.237527 0.0310782
9.99642E-05 0.0892893 9.99642E-05 0.267639 9.99642E-05 0.0159336 0.01586 0.170872 0.440006 9.99642E-05
0.0110049 0.140849 9.9955E-05 0.26492 9.9955E-05 9.9955E-05 9.9955E-05 0.190792 0.391935 9.9955E-05
9.99551E-05 0.375418 0.207032 9.99551E-05 0.0902749 0.255606 9.99551E-05 0.0711688 9.99551E-05 9.99551E-05
9.99554E-05 9.99554E-05 9.99554E-05 0.140276 9.99554E-05 0.0932665 0.465199 0.117233 0.183525 9.99554E-05
9.99462E-05 9.99462E-05 9.99462E-05 9.99462E-05 0.00593805 0.0149851 0.069845 9.99462E-05 0.908632 9.99462E-05
0.18677 9.9964E-05 9.9964E-05 9.9964E-05 0.0120175 9.9964E-05 0.316994 0.0438193 0.397836 0.0421633
9.99552E-05 9.99552E-05 0.343051 9.99552E-05 0.07804 0.0908404 9.99552E-05 9.99552E-05 0.163898 0.323671
0.29651 0.00813044 0.15476 9.9955E-05 9.9955E-05 9.9955E-05 9.9955E-05 0.393386 0.146715 9.9955E-05
0.111619 0.301214 9.99731E-05 0.0475919 9.99731E-05 9.99731E-05 0.0666304 0.00458213 0.31679 0.151273
9.99372E-05 9.99372E-05 9.99372E-05 9.99372E-05 0.88567 0.00403768 9.99372E-05 9.99372E-05 0.109593 9.99372E-05
9.99551E-05 9.99551E-05 0.132326 9.99551E-05 0.416363 0.172668 0.222029 0.0561148 9.99551E-05 9.99551E-05
0.181608 9.9955E-05 9.9955E-05 9.9955E-05 0.357505 9.9955E-05 9.9955E-05 0.0855626 0.254453 0.120372
9.99201E-05 9.99201E-05 9.99201E-05 9.99201E-05 0.999101 9.99201E-05 9.99201E-05 9.99201E-05 9.99201E-05 9.99201E-05
9.99639E-05 0.173618 9.99639E-05 9.99639E-05 0.21671 0.249828 0.203508 0.116976 0.0389601 9.99639E-05
9.99641E-05 0.0108717 9.99641E-05 0.0993367 0.12975 0.0909805 9.99641E-05 9.99641E-05 0.628948 0.0397131
9.99641E-05 0.0759858 0.0705334 9.99641E-05 9.99641E-05 9.99641E-05 0.280131 0.126534 0.364736 0.0816796
0.105106 9.99731E-05 0.0160537 0.0104929 0.00878478 0.49486 9.99731E-05 0.277175 0.0872282 9.99731E-05
9.9964E-05 9.9964E-05 0.345546 9.9964E-05 0.0638408 0.102072 0.272907 0.17688 0.0383538 9.9964E-05
0.548298 9.99552E-05 9.99552E-05 9.99552E-05 9.99552E-05 0.0700749 0.0105429 9.99552E-05 0.351179 0.0194048
0.115333 0.118181 9.99731E-05 9.99731E-05 0.253619 0.0347784 0.161792 0.0719069 0.24409 9.99731E-05
0.117963 9.99731E-05 0.0540308 0.271811 9.99731E-05 0.0965369 0.177569 0.0834659 0.198323 9.99731E-05
9.99462E-05 0.185659 9.99462E-05 9.99462E-05 9.99462E-05 9.99462E-05 9.99462E-05 0.353305 0.449372 0.0110646
9.99731E-05 0.200134 9.99731E-05 0.0520268 0.0811714 0.102376 0.0382696 0.395248 0.130474 9.99731E-05
9.9964E-05 0.308868 9.9964E-05 0.166604 0.0204039 0.0276787 0.464503 0.0115427 9.9964E-05 9.9964E-05
0.0628288 9.99641E-05 0.332009 0.0954592 9.99641E-05 9.99641E-05 0.263008 9.99641E-05 0.154906 0.0913889
9.99641E-05 9.99641E-05 0.0677166 0.176199 9.99641E-05 0.109636 9.99641E-05 0.0515276 0.389474 0.205047
0.0325901 9.99551E-05 9.99551E-05 0.565261 9.99551E-05 0.182114 0.0948543 0.124682 9.99551E-05 9.99551E-05
9.99554E-05 9.99554E-05 0.272721 9.99554E-05 0.250832 0.184163 0.0107505 9.99554E-05 0.281034 9.99554E-05
0.0458864 9.99821E-05 0.0690871 0.264188 0.112534 0.133571 0.202737 0.0142128 0.157583 9.99821E-05
0.0192003 0.204288 9.99644E-05 9.99644E-05 0.0273774 9.99644E-05 0.0526093 0.000807372 0.695318 9.99644E-05
9.99551E-05 9.99551E-05 9.99551E-05 9.99551E-05 0.0568304 0.253857 0.412546 0.104261 0.172006 9.99551E-05
0.109463 9.99286E-05 9.99286E-05 9.99286E-05 9.99286E-05 9.99286E-05 9.99286E-05 0.889738 9.99286E-05 9.99286E-05
9.99641E-05 9.99641E-05 0.280145 0.0692086 9.99641E-05 0.151902 0.00776493 9.99641E-05 0.295538 0.195042
9.99641E-05 9.99641E-05 9.99641E-05 0.0279728 9.99641E-05 0.0338183 0.290933 0.121336 0.40346 0.122081
9.99731E-05 9.99731E-05 0.226331 9.99731E-05 0.0298774 0.0270429 0.0862509 0.138608 0.421156 0.070434
9.99552E-05 0.313394 0.0057294 9.99552E-05 9.99552E-05 0.139314 9.99552E-05 0.0535669 0.487496 9.99552E-05
0.00902449 0.0670444 9.99821E-05 0.206571 0.127946 9.99821E-05 0.0483927 0.148479 0.321322 0.0710201
9.99552E-05 0.321595 0.304163 0.0942809 0.0950436 9.99552E-05 9.99552E-05 9.99552E-05 0.184417 9.99552E-05
0.264422 9.99551E-05 9.99551E-05 0.123329 9.99551E-05 9.99551E-05 0.526916 0.0255319 0.0593011 9.99551E-05
0.0770139 0.109975 0.00385441 0.315194 9.9982E-05 0.091034 0.0131851 0.00787824 0.381666 9.9982E-05
9.9946E-05 9.9946E-05 0.264566 9.9946E-05 9.9946E-05 0.204954 9.9946E-05 0.160125 0.369756 9.9946E-05
9.99463E-05 9.99463E-05 0.534741 0.0727558 9.99463E-05 0.100534 9.99463E-05 9.99463E-05 0.291369 9.99463E-05
0.587157 9.99461E-05 9.99461E-05 9.99461E-05 0.0483885 9.99461E-05 9.99461E-05 0.147456 0.216398 9.99461E-05
0.0638389 0.390477 0.0334778 0.30783 9.99732E-05 9.99732E-05 9.99732E-05 0.0397979 0.0660727 0.0982058
9.9955E-05 9.9955E-05 0.304065 0.348894 9.9955E-05 9.9955E-05 0.287897 9.9955E-05 0.0121019 0.0465425
0.695065 0.21847 9.99374E-05 9.99374E-05 9.99374E-05 9.99374E-05 9.99374E-05 0.0857651 9.99374E-05 9.99374E-05
0.0225622 9.99553E-05 9.99553E-05 0.437865 9.99553E-05 0.0662405 9.99553E-05 9.99553E-05 0.403728 0.0691043
9.99462E-05 0.0264028 9.99462E-05 0.639316 0.21281 0.120872 9.99462E-05 9.99462E-05 9.99462E-05 9.99462E-05
9.99372E-05 9.99372E-05 0.254584 9.99372E-05 9.99372E-05 9.99372E-05 9.99372E-05 9.99372E-05 0.392536 0.35218
9.9964E-05 9.9964E-05 0.140714 0.435212 9.9964E-05 0.103249 0.09615 0.1475 0.0767742 9.9964E-05
9.99551E-05 0.0076063 0.0665015 9.99551E-05 9.99551E-05 9.99551E-05 9.99551E-05 0.322724 0.487254 0.115414
0.133301 9.99731E-05 0.261097 9.99731E-05 9.99731E-05 0.0592433 0.0136497 0.0567012 0.460089 0.0156192
9.99371E-05 9.99371E-05 9.99371E-05 0.242344 9.99371E-05 9.99371E-05 9.99371E-05 0.582213 0.174743 9.99371E-05
0.37081 0.356726 9.99371E-05 9.99371E-05 9.99371E-05 9.99371E-05 9.99371E-05 9.99371E-05 0.271764 9.99371E-05
0.348985 9.9973E-05 0.141997 0.0591605 0.0741905 0.0416992 9.9973E-05 0.140603 0.193065 9.9973E-05
0.0651176 9.99462E-05 0.543394 9.99462E-05 0.359783 9.99462E-05 9.99462E-05 0.031106 9.99462E-05 9.99462E-05
0.898743 9.99373E-05 0.0526112 9.99373E-05 9.99373E-05 9.99373E-05 9.99373E-05 9.99373E-05 9.99373E-05 0.0479467
0.0566428 9.99372E-05 0.923776 9.99372E-05 9.99372E-05 9.99372E-05 9.99372E-05 9.99372E-05 9.99372E-05 0.0188814
9.99283E-05 9.99283E-05 9.99283E-05 9.99283E-05 9.99283E-05 0.0305912 9.99283E-05 9.99283E-05 9.99283E-05 0.968609
9.99372E-05 9.99372E-05 9.99372E-05 9.99372E-05 9.99372E-05 0.0349791 0.291741 9.99372E-05 0.67258 9.99372E-05
0.0989613 9.9964E-05 9.9964E-05 0.140536 0.119574 9.9964E-05 0.265735 0.260987 0.113806 9.9964E-05
9.9955E-05 9.9955E-05 0.0919275 0.241635 0.340078 9.9955E-05 0.0506705 9.9955E-05 0.275189 9.9955E-05
9.99462E-05 9.99462E-05 0.329402 9.99462E-05 9.99462E-05 9.99462E-05 0.263694 9.99462E-05 0.32549 0.0808141
9.99462E-05 9.99462E-05 9.99462E-05 0.269287 9.99462E-05 9.99462E-05 0.620196 9.99462E-05 0.0467513 0.0631666
0.0190081 0.332454 9.99641E-05 0.359626 9.99641E-05 9.99641E-05 0.00374821 9.99641E-05 0.0133771 0.271387
0.22343 0.108726 0.191241 0.297574 9.99731E-05 0.0897 9.99731E-05 0.0605053 0.0285235 9.99731E-05
0.129475 0.0546183 9.99463E-05 9.99463E-05 9.99463E-05 9.99463E-05 0.0711394 9.99463E-05 0.744168 9.99463E-05
0.470104 0.350109 9.99463E-05 9.99463E-05 0.019343 9.99463E-05 0.159845 9.99463E-05 9.99463E-05 9.99463E-05
9.99372E-05 0.306926 9.99372E-05 9.99372E-05 9.99372E-05 9.99372E-05 0.314205 9.99372E-05 0.37817 9.99372E-05
0.927769 9.99372E-05 0.0256889 0.0458428 9.99372E-05 9.99372E-05 9.99372E-05 9.99372E-05 9.99372E-05 9.99372E-05
9.99374E-05 9.99374E-05 9.99374E-05 0.0498811 9.99374E-05 9.99374E-05 9.99374E-05 0.556254 9.99374E-05 0.393166
9.99462E-05 9.99462E-05 0.0301438 9.99462E-05 9.99462E-05 9.99462E-05 0.117076 0.223323 0.628857 9.99462E-05
0.00767225 9.99731E-05 0.356901 0.00206833 0.064099 0.0358841 0.410914 9.99731E-05 0.122161 9.99731E-05
0.30562 0.174246 9.99461E-05 9.99461E-05 9.99461E-05 9.99461E-05 0.393204 9.99461E-05 9.99461E-05 0.12633
9.99371E-05 0.0650726 0.288633 9.99371E-05 9.99371E-05 9.99371E-05 9.99371E-05 9.99371E-05 0.645595 9.99371E-05
0.571963 9.99641E-05 0.0545556 9.99641E-05 9.99641E-05 0.109959 0.196475 0.0654401 0.0012077 9.99641E-05
0.053574 0.0434113 9.99552E-05 0.256623 0.104547 9.99552E-05 9.99552E-05 9.99552E-05 0.541345 9.99552E-05
0.0591632 0.449022 9.99642E-05 9.99642E-05 0.0512334 9.99642E-05 0.0114293 9.99642E-05 0.400045 0.0287078
9.99641E-05 0.530708 0.0712139 0.0300396 0.08822 0.194896 9.99641E-05 9.99641E-05 0.0845229 9.99641E-05
0.0473871 0.248249 0.047247 9.99641E-05 9.99641E-05 9.99641E-05 9.99641E-05 0.278701 0.238336 0.139681
9.9982E-05 9.9982E-05 0.117025 0.187771 0.174312 0.0730179 0.00242263 0.277982 0.112685 0.0545854
0.0724163 0.153928 0.0910915 0.59244 9.99552E-05 0.0896246 9.99552E-05 9.99552E-05 9.99552E-05 9.99552E-05
9.99731E-05 0.153958 9.99731E-05 0.00301084 9.99731E-05 0.0667345 0.351837 0.256465 0.128111 0.0395831
0.174018 0.478197 0.0336795 9.99553E-05 9.99553E-05 9.99553E-05 9.99553E-05 9.99553E-05 0.175774 0.137831
0.0268622 0.442073 0.146784 0.111358 9.99732E-05 0.019412 0.00740854 9.99732E-05 0.245802 9.99732E-05
9.99373E-05 9.99373E-05 9.99373E-05 0.0622228 0.282463 9.99373E-05 9.99373E-05 0.654614 9.99373E-05 9.99373E-05
9.9955E-05 9.9955E-05 0.097228 0.0360029 0.125265 9.9955E-05 9.9955E-05 9.9955E-05 0.588243 0.152762
9.99641E-05 0.362272 0.0889652 9.99641E-05 9.99641E-05 0.099022 0.163943 0.226954 9.99641E-05 0.0584435
9.99551E-05 9.99551E-05 0.258694 9.99551E-05 9.99551E-05 0.204311 0.230933 9.99551E-05 0.0652166 0.240345
9.99462E-05 9.99462E-05 0.411301 9.99462E-05 9.99462E-05 0.282063 9.99462E-05 9.99462E-05 0.167587 0.13845
9.99553E-05 0.0901234 9.99553E-05 0.0804038 9.99553E-05 9.99553E-05 0.276877 9.99553E-05 0.483124 0.0689725
9.99462E-05 9.99462E-05 0.0121956 9.99462E-05 9.99462E-05 0.064206 0.787147 9.99462E-05 9.99462E-05 0.135852
9.99285E-05 0.796945 9.99285E-05 9.99285E-05 9.99285E-05 9.99285E-05 0.202255 9.99285E-05 9.99285E-05 9.99285E-05
9.99551E-05 0.249358 0.0218328 0.634368 0.0490585 9.99551E-05 9.99551E-05 9.99551E-05 9.99551E-05 0.0448836
0.020328 0.247232 9.99551E-05 9.99551E-05 9.99551E-05 9.99551E-05 0.246866 0.00511539 0.479959 9.99551E-05
0.0464405 9.99464E-05 9.99464E-05 9.99464E-05 0.354994 9.99464E-05 9.99464E-05 9.99464E-05 0.420874 0.177092
0.0588027 0.585037 0.218605 9.99463E-05 0.136956 9.99463E-05 9.99463E-05 9.99463E-05 9.99463E-05 9.99463E-05
9.99641E-05 0.0824749 0.278013 0.290756 9.99641E-05 0.034451 9.99641E-05 0.138505 0.1754 9.99641E-05
0.000349004 9.99552E-05 0.448697 0.0849922 9.99552E-05 9.99552E-05 9.99552E-05 0.223409 9.99552E-05 0.242053
0.487198 9.99551E-05 9.99551E-05 9.99551E-05 9.99551E-05 0.144199 9.99551E-05 0.180867 0.104342 0.0828943
0.0277114 0.0752809 9.9964E-05 0.153329 9.9964E-05 9.9964E-05 0.333968 0.0104282 0.398882 9.9964E-05
9.99201E-05 9.99201E-05 9.99201E-05 9.99201E-05 9.99201E-05 0.999101 9.99201E-05 9.99201E-05 9.99201E-05 9.99201E-05
9.99375E-05 9.99375E-05 0.104279 9.99375E-05 9.99375E-05 9.99375E-05 9.99375E-05 9.99375E-05 0.838382 0.0566404
0.162475 9.99551E-05 9.99551E-05 0.320857 0.230084 9.99551E-05 9.99551E-05 9.99551E-05 0.240256 0.0458276
9.99552E-05 0.0163281 0.211331 9.99552E-05 0.200578 0.329259 9.99552E-05 0.242004 9.99552E-05 9.99552E-05
0.0550594 0.038601 0.0875412 0.299119 9.99732E-05 0.0489555 0.152236 9.99732E-05 0.318189 9.99732E-05
9.99552E-05 9.99552E-05 0.155953 9.99552E-05 9.99552E-05 0.131634 0.196741 0.396343 0.11883 9.99552E-05
9.9946E-05 0.189807 9.9946E-05 9.9946E-05 0.333405 9.9946E-05 0.313993 9.9946E-05 0.162196 9.9946E-05
0.0144435 9.99552E-05 0.389662 9.99552E-05 9.99552E-05 0.0444176 0.251575 9.99552E-05 0.299402 9.99552E-05
0.426157 9.99463E-05 9.99463E-05 9.99463E-05 0.237252 0.215683 9.99463E-05 9.99463E-05 0.120307 9.99463E-05
9.99552E-05 9.99552E-05 9.99552E-05 9.99552E-05 9.99552E-05 0.110377 0.181958 0.143277 0.168959 0.39493
9.99552E-05 0.216234 0.0617239 9.99552E-05 0.349061 9.99552E-05 9.99552E-05 9.99552E-05 0.21758 0.154902
9.99554E-05 0.327755 9.99554E-05 9.99554E-05 0.04276 0.204399 9.99554E-05 9.99554E-05 0.371291 0.0532955
0.0558736 0.0424229 0.0220212 9.99643E-05 9.99643E-05 9.99643E-05 0.226127 0.35041 0.302746 9.99643E-05
9.9964E-05 0.128169 0.0807403 0.378966 9.9964E-05 9.9964E-05 0.041228 9.9964E-05 0.276032 0.0944643
9.99201E-05 9.99201E-05 9.99201E-05 9.99201E-05 9.99201E-05 0.999101 9.99201E-05 9.99201E-05 9.99201E-05 9.99201E-05
9.9964E-05 0.113186 9.9964E-05 0.211774 9.9964E-05 0.308482 0.130994 0.0479904 0.187174 9.9964E-05
9.99463E-05 9.99463E-05 0.254628 0.000617046 9.99463E-05 9.99463E-05 0.0993814 9.99463E-05 0.644774 9.99463E-05
9.99462E-05 9.99462E-05 9.99462E-05 9.99462E-05 0.149516 0.102058 9.99462E-05 0.629671 0.118155 9.99462E-05
9.99465E-05 9.99465E-05 9.99465E-05 0.00617247 9.99465E-05 0.409638 0.178651 0.404939 9.99465E-05 9.99465E-05
0.0191762 0.0681399 9.99642E-05 0.0377686 9.99642E-05 9.99642E-05 0.105543 0.0914748 0.677498 9.99642E-05
9.99731E-05 0.37813 0.0730493 9.99731E-05 0.173338 0.023171 9.99731E-05 0.12507 0.196149 0.0307934
9.99284E-05 9.99284E-05 9.99284E-05 9.99284E-05 9.99284E-05 9.99284E-05 0.975905 9.99284E-05 9.99284E-05 0.0232954
9.99553E-05 9.99553E-05 0.0362457 0.19684 0.327078 9.99553E-05 9.99553E-05 0.00508115 0.434255 9.99553E-05
0.104574 0.390942 9.99639E-05 9.99639E-05 0.0505651 0.109 9.99639E-05 0.0643904 0.280129 9.99639E-05
0.0255521 0.356993 9.99641E-05 0.116903 9.99641E-05 9.99641E-05 0.279761 0.125445 9.99641E-05 0.0949462
9.99551E-05 0.342782 0.160171 9.99551E-05 9.99551E-05 9.99551E-05 0.282915 0.0595743 0.154058 9.99551E-05
9.9973E-05 0.0569036 0.0351893 9.9973E-05 0.173002 0.0325494 0.143042 0.418479 9.9973E-05 0.140534
0.121898 0.0117813 0.0802318 0.0097435 0.0455531 9.99821E-05 9.99821E-05 0.119367 0.573963 0.0372633
0.0976991 0.0510207 9.99551E-05 9.99551E-05 9.99551E-05 9.99551E-05 0.146345 0.456555 0.247881 9.99551E-05
9.99462E-05 0.196586 9.99462E-05 9.99462E-05 0.454079 9.99462E-05 0.100599 9.99462E-05 0.248136 9.99462E-05
0.281229 9.99731E-05 0.0634234 0.161715 9.99731E-05 0.0584034 0.09884 0.171642 0.164447 9.99731E-05
9.99372E-05 9.99372E-05 9.99372E-05 0.0582705 0.16167 9.99372E-05 9.99372E-05 9.99372E-05 9.99372E-05 0.77936
9.99552E-05 0.639934 0.00192731 0.21511 0.0185376 9.99552E-05 9.99552E-05 9.99552E-05 0.123991 9.99552E-05
9.99552E-05 9.99552E-05 0.389313 0.0412915 9.99552E-05 9.99552E-05 9.99552E-05 0.378837 0.121256 0.068803
9.99642E-05 9.99642E-05 0.0576813 0.345006 0.05699 0.312741 9.99642E-05 0.00524027 0.221942 9.99642E-05
0.0626959 0.00489842 0.132362 0.206005 0.0722098 0.402068 0.0136241 9.9991E-05 0.004287 0.101749
0.167673 9.99641E-05 9.99641E-05 0.0816501 0.237776 0.0776859 9.99641E-05 0.252967 0.181847 9.99641E-05
0.0251112 9.99554E-05 0.0676784 9.99554E-05 0.00498065 9.99554E-05 0.348946 9.99554E-05 0.552784 9.99554E-05
9.99201E-05 9.99201E-05 9.99201E-05 9.99201E-05 9.99201E-05 9.99201E-05 9.99201E-05 9.99201E-05 9.99201E-05 0.999101
9.99732E-05 0.0248831 9.99732E-05 0.0779728 0.0623014 0.0572287 0.0774487 0.375301 0.324565 9.99732E-05
9.99642E-05 9.99642E-05 0.114351 0.0959841 9.99642E-05 9.99642E-05 0.189248 0.0566613 0.531931 0.0114244
0.220714 9.99462E-05 0.364657 9.99462E-05 9.99462E-05 9.99462E-05 0.122654 9.99462E-05 0.291375 9.99462E-05
9.99641E-05 0.345588 0.144923 9.99641E-05 0.176926 0.0218612 9.99641E-05 0.00962043 0.300682 9.99641E-05
