0.0245404 9.9982E-05 9.9982E-05 0.961107 0.0132415 0.000911065
0.0406908 0.171069 0.0224615 0.112527 0.630925 0.0223262
0.05821 0.0857808 0.0677807 0.403461 0.327188 0.0575786
0.0667566 0.0949457 9.9991E-05 0.427086 0.334998 0.0761137
0.128484 0.0689538 0.172209 0.144023 0.413126 0.0732033
0.0112931 0.0586686 0.0864685 0.171067 0.481526 0.190976
0.159611 0.0204632 0.11308 0.4102 0.220332 0.0763143
0.0705455 0.0739293 0.10832 0.491964 0.255142 9.9991E-05
0.0159701 0.152186 0.353458 0.354649 0.0318011 0.0919354
0.0546271 0.189853 0.196772 0.181408 0.0576824 0.319657
0.0406867 0.0284425 0.255486 0.0961796 0.280733 0.298472
0.073443 0.0634719 0.76051 0.102375 9.9982E-05 9.9982E-05
0.130521 0.165035 0.111256 0.29826 0.188501 0.106427
0.0757215 0.14849 0.176574 0.384533 0.0814664 0.133215
0.128664 0.0478298 0.0493186 0.205135 0.458924 0.110128
0.1624 0.21374 0.114532 0.039422 0.412972 0.0569339
0.0160005 0.113272 9.9991E-05 0.248416 0.425906 0.196306
0.156643 0.171302 0.195681 0.324166 0.0616125 0.0905952
0.113039 9.9982E-05 0.456117 0.175172 0.255472 9.9982E-05
0.0290674 0.122209 0.00135705 0.390398 0.393248 0.0637198
0.148525 9.99947E-05 0.109487 0.597289 0.085803 0.0587956
0.138194 0.0195308 0.222079 0.430659 0.105725 0.0838117
0.0990666 0.109049 0.164269 0.188592 0.401431 0.0375919
9.999E-05 0.274506 0.142742 0.240464 0.335244 0.00694342
0.162884 0.0339462 0.293892 0.194628 9.9991E-05 0.31455
0.0508628 0.147445 9.9991E-05 0.609302 0.170719 0.0215707
0.211702 0.13299 0.244493 0.0984397 0.23017 0.0822056
0.0163894 0.133724 0.186542 0.37261 0.221098 0.0696366
9.9991E-05 0.175888 0.0192907 0.424742 0.224006 0.155973
9.9973E-05 0.63484 9.9973E-05 9.9973E-05 0.318704 0.0461557
0.057016 0.0391146 0.347037 9.9991E-05 0.422287 0.134446
0.0635532 0.0049468 0.659642 0.118494 9.9991E-05 0.153264
0.110945 0.194986 0.0168724 0.223901 0.444209 0.00908653
0.071254 9.9991E-05 0.126068 0.376627 0.305326 0.120625
0.0906422 0.0266084 0.119637 0.487232 0.0614884 0.214391
0.137943 9.9964E-05 9.9964E-05 0.861658 9.9964E-05 9.9964E-05
0.0130217 0.038942 0.0152554 0.1696 0.53006 0.233121
0.0238425 0.134633 0.133041 0.580187 9.9991E-05 0.128197
0.0540206 0.157044 0.215805 0.0965656 0.276717 0.199848
0.152115 0.00120819 0.126587 0.320754 0.30513 0.0942062
0.0801781 0.0210078 0.287687 0.149848 0.342773 0.118505
0.0597099 0.09777 0.0685466 0.101067 0.450367 0.222539
0.081925 0.0354354 0.0978394 0.294248 0.404739 0.0858138
9.9982E-05 9.9982E-05 0.581398 0.378118 0.0245837 0.0157007
0.132443 0.111948 0.654762 0.0861745 9.9991E-05 0.0145723
0.0769826 9.9991E-05 0.361127 0.300274 0.0477057 0.213812
0.0285897 0.0717579 0.125199 0.240387 0.533967 9.9991E-05
0.0406333 0.138999 0.207445 9.9991E-05 0.593691 0.0191321
0.123748 0.0446982 0.51578 0.107702 0.207972 9.99913E-05
0.0414284 0.211691 0.0828713 0.343488 0.320421 9.9991E-05
0.112547 0.16699 0.133703 0.352727 0.110029 0.124004
0.152131 0.0614725 0.217264 0.0660175 0.423754 0.079361
0.0391879 0.0333996 0.140269 0.0255257 0.69414 0.067478
0.10656 0.201924 9.9991E-05 0.148476 0.311534 0.231407
0.0197062 0.122226 0.853777 9.9982E-05 0.00409054 9.9982E-05
0.11247 0.0324078 0.0465059 0.197937 0.475379 0.135301
0.0479983 0.0548442 0.896858 9.99731E-05 9.99731E-05 9.99731E-05
0.0459721 0.171477 0.540425 0.108446 0.0117154 0.121965
0.0829394 0.0409886 0.236905 0.22116 0.308716 0.109291
0.107497 9.9991E-05 0.526509 0.0535757 0.133579 0.178739
0.0158352 0.0261249 0.0198017 0.261214 0.627692 0.0493317
0.163186 0.0171054 9.9991E-05 0.155012 0.512689 0.151909
0.123351 0.0728229 0.275717 0.297283 0.230727 9.9991E-05
0.0955148 0.904085 9.9964E-05 9.9964E-05 9.9964E-05 9.9964E-05
9.9973E-05 9.9973E-05 9.9973E-05 0.390682 0.448432 0.160586
0.0864358 9.9982E-05 9.9982E-05 0.881911 0.0193559 0.0120969
0.107599 9.9991E-05 0.180561 0.534918 0.00396869 0.172853
0.00934079 0.145855 0.221354 0.172669 0.409628 0.041154
0.0438491 0.0785029 9.9982E-05 0.395986 0.481462 9.9982E-05
0.093116 0.133198 0.0445767 0.181182 0.481001 0.0669265
0.0524048 0.10585 0.649942 9.9982E-05 9.9982E-05 0.191603
0.170203 0.12091 9.9991E-05 0.50559 0.0865464 0.11665
0.10849 0.186679 0.113845 0.159997 0.339106 0.0918836
0.0493668 0.0879248 0.328085 9.9991E-05 0.506885 0.0276383
9.9991E-05 0.0863535 0.237641 0.249489 0.100492 0.325924
0.142637 9.9982E-05 0.520955 9.9982E-05 0.262052 0.0741555
0.202446 0.0520304 0.347744 0.0897812 0.235467 0.0725312
0.0265253 0.0477965 9.9982E-05 9.9982E-05 0.757533 0.167945
9.9973E-05 9.9973E-05 9.9973E-05 0.141126 0.758523 0.100051
0.125685 0.136683 0.122626 0.0313925 0.55193 0.0316831
0.0942925 0.0617811 0.0954394 0.366272 0.269493 0.112722
0.0490289 0.117182 0.138817 0.322128 0.26551 0.107334
9.9991E-05 0.222927 0.461511 0.0457712 0.174229 0.0954619
0.119287 9.9973E-05 9.9973E-05 9.9973E-05 0.738127 0.142286
0.133474 0.0690215 0.367746 0.214411 0.17659 0.038757
0.0449873 9.9991E-05 0.407376 0.142769 0.307738 0.0970308
0.100337 0.0135799 0.0827153 0.633533 0.157526 0.0123095
0.222649 9.9991E-05 0.549972 0.0341067 0.0856821 0.10749
0.138251 0.260388 0.0384819 0.261392 0.185261 0.116225
0.106452 9.9973E-05 0.38179 0.511459 9.9973E-05 9.9973E-05
9.9964E-05 0.988792 9.9964E-05 9.9964E-05 9.9964E-05 0.010808
0.0886186 0.104618 0.267049 0.33071 9.9991E-05 0.208904
0.0910547 9.9991E-05 0.0116215 0.283555 0.570591 0.0430784
0.154328 0.121042 0.24021 0.186922 0.297398 9.9991E-05
0.0301943 9.9982E-05 9.9982E-05 0.470719 0.446412 0.0524748
0.0465333 0.0924888 9.9991E-05 0.355924 0.419088 0.0858666
9.9991E-05 0.0238092 0.309913 0.279769 0.261131 0.125278
0.0693631 9.9982E-05 0.378038 0.437199 9.9982E-05 0.115201
0.122536 0.523083 9.9991E-05 0.30608 0.0197184 0.0284828
0.00149405 0.347365 0.213766 0.112405 0.3028 0.0221697
0.0971681 0.133213 0.273091 0.416449 0.0441926 0.0358865
9.996E-05 0.9995 9.996E-05 9.996E-05 9.996E-05 9.996E-05
0.0564328 0.159773 0.0745331 0.10807 0.390386 0.210805
9.996E-05 9.996E-05 9.996E-05 9.996E-05 9.996E-05 0.9995
0.0408465 0.113958 0.024537 0.325524 0.24825 0.246884
9.9982E-05 9.9982E-05 0.134362 0.20907 0.568578 0.0877905
0.0155901 0.0071237 0.321888 0.165232 0.416641 0.0735247
0.0625304 0.191643 9.9991E-05 0.396302 0.232129 0.117295
0.0477504 0.118076 0.317406 0.00308298 0.382085 0.131599
0.0504861 0.14505 0.179525 0.212831 0.363381 0.0487279
0.0698127 0.0382507 9.9991E-05 0.28376 0.413044 0.195033
0.0685514 0.213144 0.422404 9.9991E-05 0.162135 0.133666
9.9991E-05 0.108346 0.143588 0.110388 0.535538 0.10204
0.0681772 0.529557 9.9991E-05 0.161167 0.141484 0.0995144
0.0267641 0.135566 9.9991E-05 0.303365 0.46079 0.0734146
9.996E-05 0.9995 9.996E-05 9.996E-05 9.996E-05 9.996E-05
0.0064463 9.9991E-05 0.163054 0.336225 0.190653 0.303521
0.169074 9.9982E-05 0.168461 0.576905 0.0853606 9.9982E-05
9.9991E-05 0.0112401 0.292843 0.013552 0.603107 0.0791573
0.167896 0.023723 0.300133 0.449387 9.9991E-05 0.0587605
0.123043 0.0359697 9.9991E-05 0.642821 0.127851 0.0702155
0.118688 0.607668 9.9991E-05 0.145329 0.0710169 0.0571982
0.155253 0.192599 0.123013 0.364068 9.9991E-05 0.164967
0.0415346 9.9991E-05 0.244737 0.111369 0.499628 0.102632
0.0627571 0.25932 0.581099 9.9991E-05 0.0182466 0.0784777
0.0871975 0.0447254 0.0897798 0.0128626 0.737631 0.0278038
0.0945872 9.9991E-05 0.324575 0.290733 0.238111 0.0518939
0.0313996 0.235543 0.281996 0.241246 0.128173 0.081642
0.0223267 9.9982E-05 0.611222 0.18963 0.176622 9.9982E-05
0.0297593 0.226589 0.159719 0.357859 0.152792 0.0732825
0.0414729 9.9964E-05 9.9964E-05 0.958127 9.9964E-05 9.9964E-05
0.123994 0.0295595 0.225584 0.193253 0.361204 0.0664049
0.03654 0.290896 0.111007 0.225796 0.254056 0.0817037
0.079181 0.156731 0.0600672 0.054453 0.532816 0.116752
0.0470867 0.0283142 0.285099 0.505019 0.0580903 0.0763911
0.147022 0.0206987 0.383379 0.288631 0.031056 0.129213
9.9973E-05 9.9973E-05 0.101974 9.9973E-05 0.89254 0.00518623
0.110434 9.99641E-05 9.99641E-05 9.99641E-05 0.889166 9.99641E-05
0.134325 0.00487692 0.460154 0.162397 0.238147 9.9991E-05
0.0106643 0.0460233 0.213343 0.271416 0.319329 0.139224
0.1884 0.013161 0.438207 0.133162 0.133565 0.0935056
0.0256376 0.102469 0.239964 9.9991E-05 0.396455 0.235374
0.0295447 0.0900869 0.4848 0.118116 0.238216 0.0392368
0.0555006 0.0886751 0.498502 0.327615 9.9991E-05 0.0296072
0.123622 0.0110665 0.110265 0.114414 0.504011 0.136622
0.0707219 0.48717 9.9991E-05 0.168737 0.20024 0.0730302
0.0921186 9.9991E-05 0.203844 0.161836 0.45314 0.0889611
0.9995 9.996E-05 9.996E-05 9.996E-05 9.996E-05 9.996E-05
0.107496 0.0434846 0.0465798 0.624362 0.0196161 0.158461
0.0604029 9.9982E-05 9.9982E-05 0.0948414 0.603246 0.24131
0.108332 0.0378522 0.568628 0.0691954 0.166874 0.0491181
0.114358 9.9991E-05 0.193916 0.0420037 0.354367 0.295254
0.258217 0.135366 0.270148 0.233942 0.0515436 0.0507824
0.105445 0.111439 0.316022 0.0171513 0.362515 0.0874288
0.16127 0.0813486 0.477063 0.00633425 0.257708 0.0162752
0.113307 0.206575 9.9991E-05 0.116321 0.415875 0.147822
0.137522 0.0143142 0.388949 0.203525 0.255589 9.9991E-05
0.176488 0.173064 0.0667669 0.0789094 0.362998 0.141774
9.9973E-05 0.134101 9.9973E-05 0.856256 0.00934339 9.9973E-05
0.0389906 0.185192 0.0869449 0.244843 0.34891 0.09512
0.0995457 9.9982E-05 9.9982E-05 0.626502 0.196598 0.0771549
0.9995 9.996E-05 9.996E-05 9.996E-05 9.996E-05 9.996E-05
0.554999 9.9991E-05 0.114406 0.0974319 0.208191 0.0248729
0.00485188 0.028792 0.0716069 0.0423981 0.713758 0.138593
0.120004 0.0838257 0.334218 0.246373 0.146152 0.0694264
0.088447 0.00583443 0.0303439 0.831912 9.9991E-05 0.0433622
0.0998617 9.9991E-05 0.28102 0.421328 0.192607 0.00508433
0.0930938 9.9982E-05 0.223166 9.9982E-05 0.491817 0.191723
0.076037 9.99641E-05 9.99641E-05 9.99641E-05 0.923563 9.99641E-05
0.1622 0.195737 9.9991E-05 0.353659 0.267954 0.0203498
9.9991E-05 0.107049 0.528643 0.101932 0.249958 0.0123185
0.11863 0.143767 0.267128 0.168166 0.103999 0.198309
0.146166 0.186857 9.9991E-05 0.100926 0.538586 0.027365
0.113138 9.9991E-05 0.535703 0.0230604 0.247159 0.0808393
0.143682 0.0721274 0.167524 0.138573 0.401359 0.0767342
0.0127595 0.0127223 0.389995 9.9991E-05 0.475237 0.109186
0.137507 9.9982E-05 0.196968 9.9982E-05 0.622579 0.0427452
9.9991E-05 0.0360315 0.454917 0.337778 0.0521374 0.119036
9.9964E-05 0.00875357 9.9964E-05 9.9964E-05 9.9964E-05 0.990847
0.013237 0.138322 0.486611 0.116397 0.110242 0.135192
0.0943033 0.219141 9.9991E-05 0.290263 0.232461 0.163732
0.193533 0.18526 0.14928 0.396682 9.9991E-05 0.0751463
0.0852959 0.038932 0.294004 0.333577 0.195712 0.0524789
0.0125228 0.195112 0.100633 0.367986 0.323647 9.9991E-05
0.018759 0.0366414 0.064809 0.451687 0.389334 0.0387688
9.996E-05 9.996E-05 9.996E-05 9.996E-05 9.996E-05 0.9995
0.176716 0.0345105 0.265635 0.234044 0.288994 9.9991E-05
0.12488 0.100565 0.0963115 0.229527 0.18944 0.259276
0.0177969 9.9991E-05 0.100701 0.297334 0.568367 0.0157006
0.104654 0.108918 0.344099 0.097348 0.344881 9.9991E-05
