9.99373E-05 9.99373E-05 0.184793 9.99373E-05 9.99373E-05 9.99373E-05 9.99373E-05 0.814508 9.99373E-05
0.417031 9.9973E-05 9.9973E-05 0.0207649 0.0620102 0.161717 9.9973E-05 0.0145676 0.32361
0.179401 0.102702 9.99641E-05 9.99641E-05 9.99641E-05 0.361833 0.0994425 9.99641E-05 0.256222
0.188156 9.99731E-05 0.0154769 9.99731E-05 0.028259 9.99731E-05 0.127302 0.590628 0.0498784
9.99641E-05 9.99641E-05 0.0642017 0.113727 0.194708 0.372902 9.99641E-05 0.254062 9.99641E-05
9.99551E-05 9.99551E-05 9.99551E-05 9.99551E-05 0.0980452 0.141118 0.134418 0.625918 9.99551E-05
9.996E-05 9.996E-05 9.996E-05 0.15032 0.131503 0.0682801 9.996E-05 0.372054 0.277443
9.99462E-05 9.99462E-05 9.99462E-05 9.99462E-05 0.0205687 0.507603 9.99462E-05 0.471229 9.99462E-05
0.220836 9.99553E-05 0.389198 9.99553E-05 0.0128427 9.99553E-05 9.99553E-05 0.376623 9.99553E-05
0.143302 0.0333969 0.143139 0.219731 0.0604395 9.9991E-05 0.297835 0.0237637 0.0782923
9.9973E-05 0.00949453 0.287022 9.9973E-05 0.124532 0.117235 0.308982 9.9973E-05 0.152434
0.408348 0.12166 0.0889574 9.99731E-05 0.110222 0.166298 9.99731E-05 0.104214 9.99731E-05
9.99553E-05 9.99553E-05 0.467828 0.116449 9.99553E-05 0.0110232 9.99553E-05 0.4042 9.99553E-05
9.99731E-05 0.129709 9.99731E-05 0.2243 0.220831 0.109973 9.99731E-05 0.299806 0.0150799
0.910838 9.99375E-05 9.99375E-05 9.99375E-05 9.99375E-05 9.99375E-05 9.99375E-05 0.0884629 9.99375E-05
0.0404314 0.310122 0.20082 9.99821E-05 0.0151627 0.0523156 9.99821E-05 0.378554 0.00239404
0.556572 9.99641E-05 9.99641E-05 0.0973438 9.99641E-05 9.99641E-05 0.103706 0.111393 0.130585
0.237404 0.142477 0.00402991 0.0288593 0.255048 9.9991E-05 0.173612 0.0143086 0.14416
0.246053 9.99553E-05 0.133582 9.99553E-05 9.99553E-05 0.152019 9.99553E-05 0.467846 9.99553E-05
0.174016 0.122671 9.9973E-05 9.9973E-05 0.166319 0.131016 0.148464 0.257213 9.9973E-05
9.99552E-05 9.99552E-05 9.99552E-05 0.539047 0.123744 9.99552E-05 0.211089 0.125621 9.99552E-05
0.083944 0.245817 0.650993 9.99551E-05 9.99551E-05 0.0187462 9.99551E-05 9.99551E-05 9.99551E-05
0.162477 9.99641E-05 9.99641E-05 9.99641E-05 0.0880765 9.99641E-05 0.0960433 0.488591 0.164413
9.99461E-05 9.99461E-05 9.99461E-05 9.99461E-05 0.222471 9.99461E-05 9.99461E-05 0.510081 0.266849
9.9982E-05 0.0428099 0.0900968 9.9982E-05 0.164643 0.105412 0.228939 0.115185 0.252714
9.99551E-05 0.26404 0.116688 9.99551E-05 0.0604177 9.99551E-05 9.99551E-05 0.558354 9.99551E-05
0.302406 0.0604376 0.24445 9.9964E-05 0.298165 9.9964E-05 9.9964E-05 9.9964E-05 0.0941412
0.10705 9.99642E-05 9.99642E-05 9.99642E-05 0.132003 0.313894 0.22357 0.223083 9.99642E-05
0.148511 0.24273 0.0741629 9.99641E-05 9.99641E-05 0.249147 0.285049 9.99641E-05 9.99641E-05
0.0158941 9.99462E-05 0.28123 9.99462E-05 9.99462E-05 9.99462E-05 9.99462E-05 9.99462E-05 0.702276
9.99551E-05 0.307915 9.99551E-05 9.99551E-05 0.603745 9.99551E-05 0.0859134 0.00192736 9.99551E-05
0.267237 9.99462E-05 9.99462E-05 9.99462E-05 9.99462E-05 0.649442 9.99462E-05 9.99462E-05 0.0827208
0.00555801 9.99642E-05 0.647428 0.0987637 9.99642E-05 9.99642E-05 0.191416 9.99642E-05 0.0564346
0.151204 0.160362 0.0147663 9.99821E-05 9.99821E-05 0.41931 0.0308188 0.191055 0.0322832
9.99641E-05 0.0641002 9.99641E-05 9.99641E-05 0.0265825 0.00616027 9.99641E-05 0.774025 0.128732
9.99373E-05 9.99373E-05 9.99373E-05 0.529575 9.99373E-05 9.99373E-05 9.99373E-05 0.469726 9.99373E-05
9.99821E-05 0.300414 0.0222191 9.99821E-05 0.426491 0.144769 0.0263018 0.0653167 0.0142896
9.99642E-05 9.99642E-05 0.296215 0.0576937 9.99642E-05 0.0218998 0.500714 9.99642E-05 0.123078
9.99821E-05 0.138914 0.0714992 9.99821E-05 0.277701 0.111914 0.00891028 0.378802 0.0120606
0.241051 0.143674 0.0236976 9.9982E-05 0.031341 0.0898167 0.219157 0.251063 9.9982E-05
0.558153 9.99463E-05 9.99463E-05 9.99463E-05 0.0725675 9.99463E-05 9.99463E-05 9.99463E-05 0.36868
0.260089 0.0620634 0.18028 0.225057 0.148746 9.99731E-05 9.99731E-05 9.99731E-05 0.123464
9.9964E-05 9.9964E-05 0.0727005 0.418135 0.000412614 0.144369 9.9964E-05 0.363983 9.9964E-05
0.213903 0.0640472 9.99642E-05 9.99642E-05 0.0603352 9.99642E-05 0.0592906 0.602024 9.99642E-05
0.143625 0.0759037 0.114965 9.99731E-05 0.105504 0.49031 9.99731E-05 9.99731E-05 0.0693927
0.45153 9.99374E-05 9.99374E-05 9.99374E-05 9.99374E-05 9.99374E-05 9.99374E-05 0.547771 9.99374E-05
0.476754 0.194908 0.113861 9.99551E-05 9.99551E-05 9.99551E-05 9.99551E-05 0.213977 9.99551E-05
0.410533 9.9973E-05 0.180054 0.0315839 0.196019 0.121774 0.0597356 9.9973E-05 9.9973E-05
0.330639 0.454137 0.214624 9.99464E-05 9.99464E-05 9.99464E-05 9.99464E-05 9.99464E-05 9.99464E-05
9.99461E-05 0.119116 9.99461E-05 9.99461E-05 0.171904 9.99461E-05 9.99461E-05 0.708381 9.99461E-05
9.99461E-05 0.305447 9.99461E-05 9.99461E-05 9.99461E-05 0.0270104 9.99461E-05 0.666943 9.99461E-05
0.1703 9.99641E-05 9.99641E-05 0.182648 9.99641E-05 0.200605 0.354664 9.99641E-05 0.091383
0.182602 9.9955E-05 0.362739 9.9955E-05 9.9955E-05 9.9955E-05 9.9955E-05 0.330709 0.12345
0.0655048 9.99642E-05 0.0924613 9.99642E-05 9.99642E-05 0.0773509 0.22068 0.543604 9.99642E-05
0.21504 9.99462E-05 9.99462E-05 0.487486 9.99462E-05 0.296874 9.99462E-05 9.99462E-05 9.99462E-05
0.304367 0.425173 0.0663048 0.140208 0.0635476 9.99641E-05 9.99641E-05 9.99641E-05 9.99641E-05
0.0433239 9.99551E-05 9.99551E-05 0.18329 9.99551E-05 9.99551E-05 9.99551E-05 0.548382 0.224505
0.0936127 9.99463E-05 9.99463E-05 0.648943 9.99463E-05 0.256845 9.99463E-05 9.99463E-05 9.99463E-05
0.331633 0.0720296 0.0125645 0.0433375 0.149458 9.9982E-05 0.0893657 0.301411 9.9982E-05
9.9964E-05 0.054329 9.9964E-05 0.234369 0.119282 9.9964E-05 0.0650438 0.526577 9.9964E-05
0.19174 0.151895 0.0685154 9.99731E-05 9.99731E-05 9.99731E-05 0.316649 0.266849 0.00405218
0.379215 9.99641E-05 0.00369376 9.99641E-05 0.391946 9.99641E-05 9.99641E-05 0.114054 0.110692
0.318258 0.105128 0.529423 9.99551E-05 0.0466905 9.99551E-05 9.99551E-05 9.99551E-05 9.99551E-05
9.996E-05 0.175802 9.996E-05 9.996E-05 0.0982388 9.996E-05 0.0376358 0.0770335 0.61089
9.99731E-05 0.489326 0.0798268 9.99731E-05 0.0129699 0.256924 9.99731E-05 0.0942711 0.0663827
0.493068 9.99552E-05 0.154813 9.99552E-05 9.99552E-05 0.101038 9.99552E-05 9.99552E-05 0.250581
9.99642E-05 0.0972555 9.99642E-05 0.282014 0.0134072 9.99642E-05 9.99642E-05 0.586748 0.0201753
0.0175818 9.99553E-05 0.285101 9.99553E-05 0.204521 9.99553E-05 9.99553E-05 0.492297 9.99553E-05
9.99641E-05 0.312434 0.289342 9.99641E-05 0.0307323 0.0800216 9.99641E-05 0.28707 9.99641E-05
9.99641E-05 0.372807 0.229046 0.193881 9.99641E-05 9.99641E-05 0.096293 9.99641E-05 0.107573
0.21018 9.99731E-05 0.0477792 9.99731E-05 0.219927 0.378731 0.056078 0.0870054 9.99731E-05
0.273778 9.99642E-05 0.450451 9.99642E-05 0.0929002 9.99642E-05 9.99642E-05 0.0463195 0.136152
9.99463E-05 9.99463E-05 9.99463E-05 0.230734 0.223332 0.545335 9.99463E-05 9.99463E-05 9.99463E-05
0.12692 0.128342 0.0596766 9.99731E-05 0.118566 0.424369 9.99731E-05 0.141825 9.99731E-05
9.99643E-05 9.99643E-05 9.99643E-05 9.99643E-05 0.00920701 0.164498 0.0279908 0.729139 0.0687654
0.499012 0.151772 9.99731E-05 0.0515395 0.123288 0.0875368 9.99731E-05 0.0865523 9.99731E-05
0.324264 9.99556E-05 0.00139057 9.99556E-05 9.99556E-05 9.99556E-05 9.99556E-05 0.628889 0.0449562
0.114298 9.996E-05 9.996E-05 9.996E-05 0.42828 0.0788111 0.283382 9.996E-05 0.0948287
0.0961636 0.275501 9.99641E-05 9.99641E-05 0.0960135 9.99641E-05 0.249923 0.281999 9.99641E-05
0.46088 0.0207715 9.99641E-05 9.99641E-05 0.0760606 0.3502 0.0916873 9.99641E-05 9.99641E-05
9.99642E-05 9.99642E-05 0.00398686 9.99642E-05 0.287191 0.408057 0.0180492 0.282316 9.99642E-05
9.997E-05 0.0937859 0.169708 0.175218 9.997E-05 0.120899 0.0916245 0.348465 9.997E-05
9.99552E-05 0.0219504 9.99552E-05 0.701269 9.99552E-05 9.99552E-05 0.0194464 0.256834 9.99552E-05
0.160828 0.0461814 0.326491 9.997E-05 9.997E-05 0.297832 0.0210298 9.997E-05 0.147338
0.0670082 9.997E-05 9.997E-05 0.134959 0.341881 0.0651502 9.997E-05 0.335419 0.0552832
0.260238 9.99641E-05 9.99641E-05 0.0111315 0.125455 9.99641E-05 0.00831344 0.594462 9.99641E-05
0.343673 9.99821E-05 0.033138 0.391905 9.99821E-05 0.0754858 0.10829 0.0436058 0.00370287
9.996E-05 9.996E-05 0.192704 9.996E-05 0.0589535 0.151674 9.996E-05 0.177489 0.41878
9.99553E-05 0.0825551 0.313788 9.99553E-05 9.99553E-05 9.99553E-05 0.182727 0.420431 9.99553E-05
9.99551E-05 0.196326 0.662604 9.99551E-05 9.99551E-05 0.0212658 0.119305 9.99551E-05 9.99551E-05
9.99374E-05 0.327705 9.99374E-05 9.99374E-05 9.99374E-05 9.99374E-05 9.99374E-05 9.99374E-05 0.671596
9.995E-05 9.995E-05 0.073261 0.732444 0.0234214 9.995E-05 9.995E-05 0.170374 9.995E-05
0.0334336 9.99732E-05 0.661602 0.253203 0.014424 9.99732E-05 9.99732E-05 0.0311062 0.00593194
0.197062 9.99731E-05 9.99731E-05 9.99731E-05 0.104042 0.0928781 0.45698 0.085208 0.0635301
0.363518 9.9964E-05 0.449724 0.128268 0.0144175 9.9964E-05 9.9964E-05 0.0436724 9.9964E-05
0.252231 9.99641E-05 9.99641E-05 0.113295 9.99641E-05 0.18067 0.0785014 0.374902 9.99641E-05
0.0494881 0.0955144 0.321788 0.201874 9.997E-05 9.997E-05 0.0241459 0.306891 9.997E-05
0.773182 9.994E-05 9.994E-05 0.203811 9.994E-05 9.994E-05 9.994E-05 0.0224069 9.994E-05
9.99641E-05 0.293637 0.0814728 9.99641E-05 0.0046985 9.99641E-05 9.99641E-05 0.393357 0.226435
0.0662699 9.9964E-05 0.129717 0.266086 9.9964E-05 9.9964E-05 9.9964E-05 0.189742 0.347784
9.99732E-05 0.229855 0.00813625 0.343502 0.326159 9.99732E-05 9.99732E-05 0.0285211 0.0635263
9.99552E-05 9.99552E-05 0.0472827 9.99552E-05 0.126285 9.99552E-05 0.0251711 9.99552E-05 0.800761
9.99642E-05 9.99642E-05 0.476333 9.99642E-05 0.113328 0.0674598 0.298647 9.99642E-05 0.0438315
9.99372E-05 9.99372E-05 9.99372E-05 9.99372E-05 9.99372E-05 9.99372E-05 0.964959 9.99372E-05 0.0343419
0.214938 9.99552E-05 9.99552E-05 9.99552E-05 9.99552E-05 0.0970887 0.069185 0.618289 9.99552E-05
0.193572 9.99642E-05 0.280212 0.0321248 9.99642E-05 9.99642E-05 9.99642E-05 0.492247 0.00144507
9.99461E-05 9.99461E-05 0.0746569 0.340868 9.99461E-05 0.583876 9.99461E-05 9.99461E-05 9.99461E-05
9.99642E-05 0.194024 9.99642E-05 9.99642E-05 9.99642E-05 0.334517 0.246433 0.202089 0.0225377
9.99642E-05 0.250968 0.346731 9.99642E-05 0.0278342 9.99642E-05 0.0345917 0.339475 9.99642E-05
9.99552E-05 0.18532 0.315044 9.99552E-05 0.0709895 9.99552E-05 0.428146 9.99552E-05 9.99552E-05
0.14836 9.99732E-05 0.0478904 0.355461 9.99732E-05 0.0783559 9.99732E-05 0.0489505 0.320682
9.99463E-05 0.14558 9.99463E-05 9.99463E-05 0.115989 9.99463E-05 9.99463E-05 0.737831 9.99463E-05
9.99461E-05 0.40087 9.99461E-05 0.181887 9.99461E-05 9.99461E-05 9.99461E-05 9.99461E-05 0.416643
9.99552E-05 9.99552E-05 0.101189 9.99552E-05 9.99552E-05 0.798702 0.0688832 0.0307261 9.99552E-05
9.99372E-05 9.99372E-05 9.99372E-05 0.0237598 9.99372E-05 9.99372E-05 9.99372E-05 9.99372E-05 0.975541
0.236762 9.99642E-05 0.209882 0.207755 9.99642E-05 0.0168081 0.328392 9.99642E-05 9.99642E-05
0.227875 9.99374E-05 9.99374E-05 9.99374E-05 9.99374E-05 9.99374E-05 9.99374E-05 0.771425 9.99374E-05
0.0319209 0.0378284 0.450728 9.99552E-05 9.99552E-05 0.479023 9.99552E-05 9.99552E-05 9.99552E-05
9.99551E-05 0.179785 0.438178 9.99551E-05 0.123868 0.25767 9.99551E-05 9.99551E-05 9.99551E-05
0.11527 9.9964E-05 9.9964E-05 9.9964E-05 9.9964E-05 0.258076 0.107221 0.375655 0.143377
9.99552E-05 9.99552E-05 0.429579 9.99552E-05 0.0251543 9.99552E-05 9.99552E-05 0.321701 0.223066
0.00118033 9.99731E-05 9.99731E-05 0.253859 0.0961017 9.99731E-05 0.0211545 0.425205 0.202199
9.99551E-05 0.00410772 9.99551E-05 9.99551E-05 9.99551E-05 0.329857 0.155895 0.50964 9.99551E-05
0.0478117 0.120435 9.99641E-05 0.26119 9.99641E-05 0.563735 9.99641E-05 9.99641E-05 0.00642829
0.498947 9.99552E-05 9.99552E-05 9.99552E-05 9.99552E-05 9.99552E-05 0.0745528 0.20008 0.22592
0.0147216 9.9973E-05 0.210347 0.0849028 0.184076 0.261023 9.9973E-05 0.24463 9.9973E-05
0.284841 9.99552E-05 0.186703 0.31169 9.99552E-05 9.99552E-05 9.99552E-05 9.99552E-05 0.216266
9.99641E-05 0.351575 0.0800913 9.99641E-05 0.166144 9.99641E-05 0.0069175 0.394873 9.99641E-05
9.99552E-05 0.229762 9.99552E-05 0.0141332 9.99552E-05 9.99552E-05 0.503555 9.99552E-05 0.252051
9.99642E-05 9.99642E-05 0.194455 0.289451 9.99642E-05 9.99642E-05 0.327626 0.153815 0.0342541
0.473974 9.99553E-05 0.289636 0.235419 0.000471414 9.99553E-05 9.99553E-05 9.99553E-05 9.99553E-05
9.9973E-05 9.9973E-05 0.0878091 0.228904 0.0136266 0.258661 0.021058 0.389642 9.9973E-05
0.212217 9.99642E-05 0.395437 9.99642E-05 0.0658445 0.268706 0.0573954 9.99642E-05 9.99642E-05
0.102074 9.99642E-05 0.140496 9.99642E-05 0.1192 9.99642E-05 0.425518 0.212312 9.99642E-05
0.316953 9.99642E-05 0.164507 0.0149679 0.192172 9.99642E-05 0.311 9.99642E-05 9.99642E-05
9.99552E-05 0.254072 9.99552E-05 0.169065 9.99552E-05 9.99552E-05 0.00605153 0.570311 9.99552E-05
9.99371E-05 0.853215 9.99371E-05 9.99371E-05 9.99371E-05 0.146085 9.99371E-05 9.99371E-05 9.99371E-05
9.99552E-05 0.462369 9.99552E-05 9.99552E-05 9.99552E-05 0.432722 0.0889151 9.99552E-05 0.0154937
0.0540741 0.00735454 0.160096 0.217136 0.251832 0.108587 9.99821E-05 0.20072 9.99821E-05
0.0233853 0.201714 9.99553E-05 9.99553E-05 9.99553E-05 0.0510546 9.99553E-05 0.723346 9.99553E-05
9.99554E-05 0.362493 9.99554E-05 9.99554E-05 0.221559 9.99554E-05 0.104931 0.310517 9.99554E-05
9.99642E-05 9.99642E-05 0.0816514 0.402437 9.99642E-05 9.99642E-05 0.333099 0.0343548 0.148058
0.296805 0.153439 0.278547 0.201188 9.9964E-05 9.9964E-05 0.0696205 9.9964E-05 9.9964E-05
0.0705414 9.996E-05 0.571095 0.155216 9.996E-05 9.996E-05 0.142711 9.996E-05 0.0600367
9.99641E-05 9.99641E-05 0.141004 9.99641E-05 0.124675 9.99641E-05 0.0268742 0.442627 0.26442
0.0413407 0.239685 0.175291 9.9964E-05 9.9964E-05 9.9964E-05 0.046274 0.49701 9.9964E-05
9.993E-05 9.993E-05 9.993E-05 9.993E-05 0.999201 9.993E-05 9.993E-05 9.993E-05 9.993E-05
0.0755173 9.996E-05 9.996E-05 9.996E-05 9.996E-05 0.107505 0.131745 0.545901 0.138933
9.99551E-05 9.99551E-05 9.99551E-05 0.600223 0.0308089 9.99551E-05 9.99551E-05 0.181413 0.187055
0.220925 0.129743 9.996E-05 9.996E-05 0.525926 9.996E-05 0.0889039 0.0341022 9.996E-05
9.99642E-05 9.99642E-05 0.40089 9.99642E-05 0.0410234 0.11131 0.0652153 0.381162 9.99642E-05
0.669535 9.99552E-05 0.139233 9.99552E-05 9.99552E-05 0.179031 9.99552E-05 0.0117011 9.99552E-05
0.101185 0.771766 9.9946E-05 0.12645 9.9946E-05 9.9946E-05 9.9946E-05 9.9946E-05 9.9946E-05
0.222585 0.309974 0.00142797 0.0151204 0.0016926 0.240908 0.0490713 0.159121 9.999E-05
9.99642E-05 9.99642E-05 9.99642E-05 0.00655932 0.426572 0.0296233 9.99642E-05 0.249626 0.287219
0.390439 0.23209 9.99642E-05 0.0224123 0.0443309 9.99642E-05 0.310328 9.99642E-05 9.99642E-05
0.101157 0.00975406 9.99641E-05 0.317691 9.99641E-05 0.378561 0.192438 9.99641E-05 9.99641E-05
0.0327129 0.522073 0.143372 9.99642E-05 0.21511 9.99642E-05 9.99642E-05 0.086333 9.99642E-05
9.99553E-05 0.0682123 9.99553E-05 9.99553E-05 0.0228966 0.222622 9.99553E-05 0.68577 9.99553E-05
9.99641E-05 9.99641E-05 0.25675 9.99641E-05 0.0706892 9.99641E-05 0.126932 0.355872 0.189357
9.993E-05 9.993E-05 9.993E-05 9.993E-05 0.999201 9.993E-05 9.993E-05 9.993E-05 9.993E-05
9.99551E-05 9.99551E-05 0.480011 9.99551E-05 0.183086 0.00854777 9.99551E-05 0.327855 9.99551E-05
9.99372E-05 9.99372E-05 9.99372E-05 9.99372E-05 9.99372E-05 0.812666 9.99372E-05 0.186634 9.99372E-05
0.617416 9.99553E-05 0.201894 9.99553E-05 0.128842 9.99553E-05 9.99553E-05 0.0513477 9.99553E-05
0.238271 9.99554E-05 0.489195 9.99554E-05 0.185618 0.0864169 9.99554E-05 9.99554E-05 9.99554E-05
9.99552E-05 9.99552E-05 0.269063 0.0384894 9.99552E-05 9.99552E-05 9.99552E-05 0.649029 0.042919
0.173149 0.461299 9.99821E-05 0.111797 9.99821E-05 0.0681307 0.0590448 0.0759676 0.0504126
0.243033 0.755275 9.99463E-05 9.99463E-05 9.99463E-05 0.0010921 9.99463E-05 9.99463E-05 9.99463E-05
0.0775842 0.125667 9.99642E-05 0.29112 0.259088 0.246141 9.99642E-05 9.99642E-05 9.99642E-05
0.154694 9.9982E-05 0.0887298 0.110538 0.0841241 9.9982E-05 0.0171907 0.54176 0.00276274
9.99553E-05 0.401246 0.0207515 9.99553E-05 9.99553E-05 9.99553E-05 0.140671 0.436831 9.99553E-05
9.9973E-05 0.0432618 0.0941263 0.00146029 9.9973E-05 0.627593 0.107144 0.126115 9.9973E-05
0.782676 0.022366 9.99462E-05 9.99462E-05 9.99462E-05 9.99462E-05 0.194359 9.99462E-05 9.99462E-05
9.99571E-05 9.99571E-05 0.0910972 0.0245568 9.99571E-05 9.99571E-05 9.99571E-05 0.834485 0.0493612
9.99552E-05 0.0695324 0.33063 9.99552E-05 9.99552E-05 0.0590506 9.99552E-05 0.540287 9.99552E-05
9.99553E-05 0.0550356 9.99553E-05 0.0974194 9.99553E-05 0.815154 9.99553E-05 0.0318909 9.99553E-05
9.99552E-05 9.99552E-05 0.332743 0.258024 9.99552E-05 0.0916376 9.99552E-05 0.317096 9.99552E-05
9.99462E-05 9.99462E-05 9.99462E-05 0.167676 0.0116937 9.99462E-05 0.820031 9.99462E-05 9.99462E-05
0.0093103 9.99732E-05 9.99732E-05 0.263448 0.0778608 9.99732E-05 0.0745875 0.532995 0.041498
0.747378 9.99463E-05 0.159907 9.99463E-05 9.99463E-05 9.99463E-05 0.0921152 9.99463E-05 9.99463E-05
0.156816 9.99551E-05 0.00127461 0.680567 0.160842 9.99551E-05 9.99551E-05 9.99551E-05 9.99551E-05
0.121501 0.0318029 0.370321 0.0835501 0.204948 9.998E-05 0.0852713 0.102405 9.998E-05
9.99641E-05 0.0858065 0.256548 9.99641E-05 0.223046 0.0255638 9.99641E-05 0.408637 9.99641E-05
9.99553E-05 0.203797 9.99553E-05 9.99553E-05 0.0259769 0.399798 9.99553E-05 0.369929 9.99553E-05
9.99371E-05 0.0517956 9.99371E-05 9.99371E-05 9.99371E-05 9.99371E-05 0.947505 9.99371E-05 9.99371E-05
0.142396 0.11041 0.244146 9.99643E-05 9.99643E-05 0.114015 9.99643E-05 0.388634 9.99643E-05
0.20128 9.99552E-05 9.99552E-05 0.0644815 9.99552E-05 0.161399 9.99552E-05 0.57234 9.99552E-05
0.0274394 9.99731E-05 0.00856541 9.99731E-05 0.0747985 9.99731E-05 0.25737 0.512958 0.118568
9.9964E-05 9.9964E-05 9.9964E-05 0.339067 9.9964E-05 0.0174736 0.135053 0.420513 0.0874931
