9.9991E-05 0.406659 0.593241
0.317541 0.508311 0.174148
0.336172 0.441822 0.222006
0.0998853 0.752195 0.147919
0.213804 0.517033 0.269163
0.248174 0.640677 0.111149
0.135679 0.404084 0.460238
0.329407 0.325041 0.345552
0.235643 0.199213 0.565144
0.240172 0.271483 0.488345
9.9991E-05 0.289112 0.710788
0.372487 0.291256 0.336257
0.187784 0.327644 0.484571
0.215688 0.304956 0.479356
0.322784 0.0192197 0.657996
0.309103 0.0781738 0.612723
0.320426 0.145043 0.53453
0.210019 0.225917 0.564064
0.319604 0.23933 0.441066
0.276732 0.383127 0.340141
0.0212994 0.423389 0.555312
0.304878 0.372078 0.323044
0.209595 0.514399 0.276006
0.250703 0.572822 0.176475
9.9991E-05 0.024256 0.975644
0.183184 0.508015 0.308802
0.414179 0.318397 0.267424
0.281166 0.335342 0.383493
0.359868 0.407776 0.232356
0.740631 0.118419 0.14095
0.37827 0.119151 0.502579
0.183006 0.319734 0.49726
0.329098 0.291637 0.379266
0.160437 0.522768 0.316795
0.0425372 0.377829 0.579634
9.9991E-05 0.171584 0.828316
0.0671601 0.843009 0.0898306
0.0766833 9.9991E-05 0.923217
0.377399 0.33778 0.284821
0.0671184 0.434419 0.498463
0.46712 0.481064 0.0518166
0.198256 0.612259 0.189485
0.280554 0.539241 0.180205
0.376918 0.493592 0.12949
0.343827 0.020171 0.636002
0.198101 0.526091 0.275808
0.191587 0.449795 0.358618
0.305116 0.524748 0.170136
0.445419 0.126888 0.427692
0.394843 0.11989 0.485267
0.24881 0.0261878 0.725002
0.261705 0.195697 0.542599
0.566845 0.433055 9.9991E-05
0.206194 0.400344 0.393462
0.576066 0.423834 9.9991E-05
0.104973 0.511668 0.383359
0.466702 0.533198 9.9991E-05
0.337319 0.598713 0.063968
0.154804 0.206467 0.638729
0.160108 0.279612 0.56028
0.126342 0.873558 9.9991E-05
0.127755 0.174229 0.698015
0.268835 0.337854 0.39331
0.969377 9.9991E-05 0.0305229
0.0208755 0.70805 0.271075
9.9991E-05 0.55784 0.44206
0.119185 0.537276 0.34354
0.409879 0.239374 0.350747
0.0920923 0.35155 0.556358
0.32801 0.464222 0.207769
0.24669 0.580067 0.173243
0.260938 0.014336 0.724726
0.305273 0.191447 0.50328
0.549843 0.256279 0.193878
0.449401 0.422496 0.128103
0.419629 0.443359 0.137012
0.190141 0.766489 0.0433702
0.20818 0.680357 0.111463
0.191413 0.808487 9.9991E-05
0.28437 0.400943 0.314688
0.349796 0.38365 0.266554
0.0333758 0.602124 0.364501
0.500548 0.247756 0.251697
0.295772 0.05735 0.646878
0.261722 0.528238 0.21004
0.207588 0.479269 0.313142
0.0310715 0.338762 0.630167
0.134144 0.175861 0.689995
0.325665 0.134124 0.540211
0.134722 0.390352 0.474927
0.9998 9.999E-05 9.999E-05
0.266187 0.151226 0.582587
0.0139009 0.68891 0.297189
0.429664 0.111037 0.459299
0.0564488 0.829751 0.113801
0.357259 0.498228 0.144513
0.298252 0.701648 9.9991E-05
0.0380695 0.720073 0.241857
0.514685 0.053512 0.431803
0.644579 0.146434 0.208987
0.3317 0.225148 0.443152
0.9998 9.999E-05 9.999E-05
0.305943 0.328456 0.365601
9.9991E-05 0.931724 0.0681758
0.233634 0.490489 0.275877
0.456105 0.472633 0.0712621
0.265652 0.320958 0.41339
0.30337 0.256712 0.439918
0.616272 0.0458566 0.337872
0.265067 0.231052 0.503881
0.211063 0.601544 0.187394
0.505119 0.0845183 0.410362
0.296353 0.522329 0.181318
0.539036 0.101238 0.359726
0.288449 0.452517 0.259034
0.9998 9.999E-05 9.999E-05
0.0647395 0.482423 0.452837
0.0157537 0.564965 0.419281
0.351409 0.648491 9.9991E-05
0.122504 0.0577613 0.819734
0.303795 0.432096 0.26411
0.395926 9.9991E-05 0.603974
0.328248 0.372906 0.298846
0.177082 0.432666 0.390252
0.48473 0.222307 0.292963
0.368578 0.168143 0.463279
0.261379 9.9991E-05 0.738521
0.31077 0.410645 0.278585
0.187174 0.631523 0.181303
0.187476 9.9991E-05 0.812424
0.0603801 0.428507 0.511113
0.207282 0.598947 0.193772
0.507803 0.295955 0.196242
0.634569 0.023714 0.341717
0.0320011 0.726504 0.241495
0.144656 0.291541 0.563803
0.587822 0.363628 0.0485508
0.657547 0.226968 0.115485
0.245139 0.50542 0.24944
0.0903816 0.81951 0.0901086
0.302144 0.551634 0.146222
0.350754 0.0599553 0.589291
0.43021 0.305345 0.264444
0.191497 0.28508 0.523422
0.119373 0.804367 0.0762606
0.362209 0.171678 0.466113
0.224587 0.473551 0.301862
9.999E-05 9.999E-05 0.9998
0.00531174 0.531259 0.463429
0.16819 0.83171 9.9991E-05
0.449415 0.231006 0.319579
0.0999425 0.677933 0.222124
0.237578 0.185961 0.57646
0.332329 0.318638 0.349034
0.328135 0.428521 0.243344
0.437741 0.276278 0.285981
0.103717 0.404102 0.492181
0.339715 0.305568 0.354716
0.234919 0.612706 0.152375
0.365415 0.178614 0.455971
9.9991E-05 0.353893 0.646007
9.999E-05 9.999E-05 0.9998
9.9991E-05 0.144727 0.855173
0.415399 0.584501 9.9991E-05
0.363704 0.340888 0.295408
0.0382983 0.673867 0.287834
0.135549 0.497434 0.367017
0.220913 0.345501 0.433587
0.47513 0.266971 0.257899
0.21623 0.265347 0.518423
0.438206 0.141904 0.41989
0.344422 0.505258 0.15032
0.238187 0.276621 0.485192
0.186011 0.518754 0.295235
9.9991E-05 0.47792 0.52198
0.269036 0.575794 0.15517
0.123778 0.313836 0.562386
0.367288 0.40107 0.231642
0.0527072 0.947193 9.9991E-05
0.515399 0.338685 0.145916
0.405466 9.9991E-05 0.594434
0.140723 0.0668203 0.792457
0.273822 0.516794 0.209384
0.304753 0.568435 0.126812
0.152919 0.310616 0.536465
9.999E-05 0.9998 9.999E-05
0.217547 0.59584 0.186612
0.217883 0.225582 0.556535
0.167584 0.675377 0.15704
0.607639 0.0789813 0.313379
