0.143884 9.9991E-05 0.0740641 0.0325201 0.749431
0.395176 0.122921 0.171124 0.202856 0.107923
0.394838 0.0394931 0.100054 0.0639441 0.401671
0.0730989 0.102452 0.137174 0.071404 0.615872
0.393203 0.0396956 0.118933 0.145137 0.303032
0.484687 9.9991E-05 0.185901 0.0387792 0.290533
0.222023 9.9982E-05 0.0912172 9.9982E-05 0.686559
0.251315 0.0956565 0.058659 0.242253 0.352117
0.277005 0.088432 0.149457 0.0907584 0.394347
0.219492 0.201496 0.31637 0.083283 0.17936
0.0783821 0.119258 0.465041 0.175685 0.161635
0.732255 0.121071 9.9982E-05 0.146474 9.9982E-05
0.265109 0.0339501 0.0560155 0.144963 0.499962
0.284461 0.118215 0.0984795 0.183137 0.315708
0.178988 0.0391264 0.148543 0.633242 9.9991E-05
9.999E-05 0.233523 0.0068161 0.423664 0.335897
9.9982E-05 0.0330139 0.238065 0.728722 9.9982E-05
9.999E-05 0.322357 0.149947 0.0473758 0.48022
0.519256 9.9982E-05 9.9982E-05 0.0470769 0.433467
0.250726 0.0624447 0.199188 0.0332445 0.454397
0.299746 9.9991E-05 0.177203 0.0905694 0.432381
0.36846 9.9991E-05 0.230374 0.162437 0.238629
0.175046 0.0612784 0.0878848 0.235969 0.439822
0.165848 0.131862 9.9991E-05 0.238253 0.463937
0.248219 0.110962 0.599868 9.9991E-05 0.0408506
9.9991E-05 0.171699 0.0452574 0.381679 0.401264
0.237476 0.149003 0.262279 0.154315 0.196926
0.389428 0.158383 0.133127 0.137028 0.182034
0.273292 0.144633 0.0721739 0.311269 0.198632
9.9982E-05 0.47553 9.9982E-05 0.298676 0.225593
0.480329 0.000333271 0.151584 0.367654 9.9991E-05
0.64097 0.045322 0.145505 9.9991E-05 0.168103
0.107667 0.057136 0.035216 0.449463 0.350518
0.11376 9.9991E-05 0.130516 0.357807 0.397817
0.191999 0.0855439 0.139227 0.213111 0.37012
9.99731E-05 0.043956 9.99731E-05 9.99731E-05 0.955744
0.144674 0.092182 0.221156 0.0634553 0.478532
0.236791 0.158698 0.479342 0.0115868 0.113582
0.337743 0.0739599 0.165837 0.253386 0.169074
0.165047 9.9991E-05 0.163105 0.419036 0.252711
0.429284 9.9991E-05 0.0846781 0.34807 0.137868
0.11956 0.00424796 0.211221 0.33043 0.334541
0.328414 0.0467988 0.115008 0.200102 0.309678
0.584482 0.194752 0.0500996 9.9991E-05 0.170566
0.510289 0.189264 0.0575886 0.0739018 0.168957
0.455498 9.9991E-05 0.321924 0.00454018 0.217938
0.547653 0.00617634 9.9991E-05 0.238788 0.207283
0.418059 0.0848222 9.9991E-05 0.212837 0.284182
0.348682 0.138762 0.0126542 0.364134 0.135768
0.296355 0.168724 9.9991E-05 0.378893 0.155928
9.9991E-05 0.161552 0.125591 0.433757 0.279
0.241367 0.0841504 0.0316405 0.280126 0.362716
0.182293 0.0969251 9.9991E-05 0.661854 0.0588281
0.0790213 0.18131 0.328815 0.104049 0.306805
0.83993 0.131365 9.9982E-05 0.0285049 9.9982E-05
0.240972 0.0544215 0.141658 0.0746811 0.488267
0.964279 9.99731E-05 0.0354211 9.99731E-05 9.99731E-05
0.701988 0.0146116 0.112499 9.9991E-05 0.170801
0.340948 0.0436396 0.257881 0.229603 0.127929
0.513247 0.0375625 0.267093 0.0585 0.123598
9.9991E-05 0.00640159 0.0235092 0.376591 0.593398
9.9991E-05 0.0675171 0.174899 0.394649 0.362835
0.327889 9.9982E-05 9.9982E-05 0.313926 0.357985
9.9982E-05 0.899539 0.0406338 9.9982E-05 0.0596277
0.101521 9.9991E-05 0.236956 0.10439 0.557033
9.9973E-05 9.9973E-05 0.0363403 9.9973E-05 0.96336
0.193002 0.0101681 0.121185 0.0873369 0.588308
0.473932 0.0194948 0.0748961 0.130293 0.301385
0.0581207 0.0825055 9.9991E-05 0.243577 0.615697
0.083587 0.214835 0.105206 0.166801 0.429571
0.632888 0.0874209 0.278598 0.000992903 9.9991E-05
0.108178 0.03871 0.0611162 0.472292 0.319704
0.171533 0.163577 0.100547 0.237395 0.326947
0.394267 0.0399399 0.145736 0.3183 0.101758
0.387639 0.202058 0.157353 0.167189 0.0857608
0.580045 0.0431067 0.0904631 0.286285 9.9991E-05
0.511069 0.0713254 0.00709582 9.9991E-05 0.41041
9.9991E-05 0.0180322 0.0169914 0.500912 0.463964
9.9982E-05 9.9982E-05 0.0366606 0.391456 0.571684
0.0844763 0.138512 0.0680916 0.285811 0.423109
0.250852 0.0371262 9.9991E-05 0.284551 0.427371
0.125398 0.099645 0.162771 0.187858 0.424329
0.548238 0.134684 0.0935637 0.0428936 0.180621
9.9991E-05 0.107176 0.0359568 0.679618 0.177149
0.402483 0.0294315 0.0159255 0.102191 0.449969
0.329515 9.9991E-05 0.162757 0.194767 0.312861
0.126004 0.0252383 0.0297469 0.0843179 0.734693
0.669019 0.00143825 0.168057 9.9991E-05 0.161385
9.9991E-05 0.247444 0.158677 0.326662 0.267118
0.701239 9.9982E-05 0.0813213 9.9982E-05 0.217239
9.9973E-05 0.954734 0.0449664 9.9973E-05 9.9973E-05
0.52973 9.9991E-05 0.286843 0.0167654 0.166561
0.107377 9.9991E-05 0.103742 0.162719 0.626061
0.339419 0.0618417 0.0145126 0.471556 0.112671
9.9982E-05 9.9982E-05 0.179267 0.242564 0.57797
0.173265 0.0615047 0.134093 0.160484 0.470655
0.451747 0.0715649 0.161874 0.125836 0.188978
0.657348 9.9982E-05 0.140429 9.9982E-05 0.202022
0.212378 0.458554 9.9991E-05 0.0390497 0.289919
0.216923 0.376896 0.0304734 0.196693 0.179015
0.314766 0.222594 0.040696 0.150182 0.271762
9.997E-05 0.9996 9.997E-05 9.997E-05 9.997E-05
0.123683 0.0490368 0.239789 0.508727 0.0787642
9.997E-05 9.997E-05 0.9996 9.997E-05 9.997E-05
0.0643303 0.06916 0.259194 0.440035 0.167281
0.37019 9.9991E-05 0.0621512 0.409107 0.158452
0.346882 9.9982E-05 9.9982E-05 0.429651 0.223268
0.436731 0.0260485 0.106899 9.9991E-05 0.430222
0.269056 0.23875 0.0699244 0.343699 0.0785706
0.0795303 0.0647056 0.0941096 0.348745 0.412909
0.324898 9.9991E-05 0.179735 0.218874 0.276393
0.404935 0.210303 0.138284 0.0756626 0.170816
0.186792 0.00825081 0.0766786 0.387603 0.340676
0.107234 0.454518 0.0512877 0.205956 0.181004
0.343342 9.9991E-05 0.0707774 0.355925 0.229856
9.997E-05 0.9996 9.997E-05 9.997E-05 9.997E-05
0.345594 0.00182424 0.367567 0.231836 0.0531788
0.0565173 0.0789208 0.0497629 0.101758 0.713041
0.624689 0.0877972 0.0474493 0.0919925 0.148072
0.355384 0.143261 0.142776 9.9991E-05 0.358479
0.132164 0.123355 0.0735889 0.0827856 0.588106
9.9982E-05 0.381726 9.9982E-05 0.119675 0.498399
0.233343 0.29065 0.191456 9.9991E-05 0.284451
0.437368 9.9991E-05 0.0651287 0.391133 0.106271
0.577763 0.151729 0.104556 0.00510926 0.160843
0.537929 0.0229886 9.9991E-05 0.37117 0.0678127
0.46376 0.0743593 0.193319 0.173014 0.0955472
0.279364 0.0574753 0.116646 0.17987 0.366645
0.55481 9.9991E-05 0.0369704 0.241024 0.167096
0.300832 0.242903 0.223398 0.102154 0.130713
0.231549 0.0479529 9.9982E-05 9.9982E-05 0.720298
0.308373 0.0694987 0.0121202 0.0927673 0.517241
0.384112 0.324195 0.0133682 0.138534 0.139791
0.281152 0.117252 0.0370028 0.429475 0.135118
0.411964 0.00781784 0.178491 9.9991E-05 0.401627
0.30398 0.108885 0.249602 0.0383979 0.299135
0.00203244 9.9973E-05 9.9973E-05 0.997668 9.9973E-05
9.997E-05 9.997E-05 9.997E-05 0.9996 9.997E-05
0.509557 0.18462 0.100927 9.9991E-05 0.204797
0.0330789 0.0967298 0.217757 0.121261 0.531173
0.445593 0.120704 0.125515 9.9991E-05 0.308088
0.171412 0.0135652 0.249677 0.565245 9.9991E-05
0.653819 0.0705538 0.205669 9.9991E-05 0.0698582
0.537473 0.0795402 0.128106 9.9991E-05 0.254781
0.0863997 0.132648 0.123516 0.212627 0.444809
9.9991E-05 0.349468 0.0744317 0.0413163 0.534684
0.449454 9.9991E-05 0.106835 0.078894 0.364717
9.99729E-05 0.168477 9.99729E-05 9.99729E-05 0.831223
0.0752369 0.0213269 0.055992 0.0414339 0.80601
0.0504744 9.9991E-05 0.326343 0.156956 0.466127
0.529497 0.0942281 0.220041 0.150867 0.00536604
0.0815539 9.9991E-05 0.286241 0.171905 0.4602
0.280479 0.1766 0.066578 0.10037 0.375973
0.452935 0.079683 9.9991E-05 0.385269 0.0820121
0.483095 0.0902552 9.9991E-05 0.216683 0.209867
0.0121188 0.231363 0.076076 0.353091 0.327351
0.508463 9.9991E-05 0.0806223 0.00304387 0.407771
0.409585 0.135793 0.104283 0.152873 0.197465
9.9973E-05 0.137813 9.9973E-05 9.9973E-05 0.861887
0.205546 0.211555 0.0628731 0.321552 0.198474
0.0140986 0.0685238 0.285192 0.0997733 0.532412
9.9973E-05 0.275803 9.9973E-05 9.9973E-05 0.723897
0.0309317 9.9991E-05 0.00622433 0.364798 0.597946
0.231389 0.00789288 0.176766 0.434198 0.149754
0.470269 0.135853 0.130168 9.9991E-05 0.26361
9.9982E-05 0.0600147 0.0945818 9.9982E-05 0.845203
0.393688 9.9991E-05 0.00682482 0.237566 0.361821
0.445839 9.9991E-05 0.276408 0.202632 0.0750211
9.997E-05 9.997E-05 9.997E-05 0.9996 9.997E-05
0.0421324 0.0894823 9.9991E-05 0.371417 0.496868
0.511358 9.9991E-05 0.0749328 0.308204 0.105405
0.29404 0.178565 0.235428 0.25638 0.0355867
9.9991E-05 0.286376 0.00576749 0.198073 0.509684
0.37334 9.9982E-05 0.181821 0.44464 9.9982E-05
0.265592 9.9982E-05 9.9982E-05 0.209672 0.524536
0.465766 0.00405968 0.232527 0.15744 0.140207
0.332506 9.9991E-05 0.137273 0.32725 0.202871
0.519936 0.00864807 0.106958 0.0567711 0.307686
9.997E-05 9.997E-05 0.9996 9.997E-05 9.997E-05
0.520813 0.198941 0.15449 9.9991E-05 0.125656
9.9991E-05 0.165287 0.129227 0.685644 0.019743
0.167808 0.129668 0.0663011 0.158111 0.478112
0.172221 0.0572396 0.0115228 0.440791 0.318226
0.338828 0.151921 9.9991E-05 0.0567968 0.452354
0.202564 9.9991E-05 0.0492806 0.27636 0.471696
9.997E-05 9.997E-05 0.9996 9.997E-05 9.997E-05
0.406509 0.0490308 0.071009 0.0371349 0.436316
0.0358099 0.0831094 0.203738 0.309425 0.367918
0.152546 9.9991E-05 0.000323309 0.218735 0.628296
0.479489 0.19191 9.9982E-05 0.328401 9.9982E-05
