0.271331 0.494714 0.233955
0.185986 0.687321 0.126694
0.304254 0.527342 0.168404
0.156694 0.62353 0.219776
0.290411 0.552325 0.157264
0.336237 0.44041 0.223353
0.234573 0.339902 0.425525
0.202917 0.460139 0.336944
0.29672 0.422779 0.280502
0.483727 0.0071099 0.509163
0.796 0.131664 0.0723361
0.273143 0.129702 0.597155
0.282391 0.442341 0.275268
0.323773 0.378976 0.297251
0.500615 0.499285 9.9991E-05
0.228266 0.706299 0.0654345
0.549748 0.450152 9.9991E-05
0.484322 0.181287 0.334391
0.105335 0.687263 0.207401
0.459779 0.232579 0.307641
0.345725 0.618874 0.0354015
0.283865 0.615788 0.100348
0.2166 0.712572 0.0708282
0.00617031 0.490785 0.503045
0.954443 0.0454568 9.9991E-05
0.372957 0.551684 0.0753597
0.374733 0.279955 0.345312
0.174498 0.505567 0.319935
0.225173 0.423942 0.350885
0.0372673 0.314688 0.648045
0.391696 0.553408 0.0548961
0.364465 9.9991E-05 0.635435
0.240424 0.759476 9.9991E-05
0.355305 0.528868 0.115827
0.448051 0.410351 0.141599
0.286297 0.669129 0.0445739
0.311149 0.54476 0.144091
0.611764 0.247479 0.140757
0.322875 0.415483 0.261642
0.433819 0.405618 0.160563
0.0600927 0.719512 0.220396
0.397029 0.440336 0.162634
0.343644 0.569482 0.0868749
9.9991E-05 0.32832 0.67158
0.402175 9.9991E-05 0.597725
0.430187 0.238735 0.331078
0.0824212 0.685997 0.231582
0.0362344 0.593327 0.370439
0.283752 0.295521 0.420727
0.117719 0.561768 0.320513
0.515466 0.351955 0.132579
0.257613 0.564977 0.17741
9.9991E-05 0.81894 0.18096
0.365171 0.307675 0.327153
9.9991E-05 0.413421 0.586479
0.320302 0.535287 0.144411
0.150331 0.195089 0.654581
0.2288 0.325075 0.446125
0.457031 0.51138 0.0315893
0.583737 0.0601858 0.356078
0.119497 0.755056 0.125447
0.517591 0.482309 9.9991E-05
9.9991E-05 0.798188 0.201712
0.0242173 0.0293514 0.946431
0.380929 0.494038 0.125033
0.151001 0.832721 0.0162787
0.402702 0.302353 0.294945
0.0830874 0.625861 0.291051
0.183653 0.788988 0.0273589
0.240915 0.448305 0.31078
0.413956 9.9991E-05 0.585944
0.325479 0.340383 0.334138
0.348159 0.464827 0.187014
0.147712 0.511265 0.341023
0.247463 0.308244 0.444293
0.212855 0.474398 0.312747
0.289914 0.0959497 0.614136
0.214537 0.785363 9.9991E-05
0.134353 0.865547 9.9991E-05
0.270776 0.503289 0.225936
0.245985 0.536821 0.217194
0.27507 0.539891 0.185039
0.13182 0.360875 0.507305
0.266196 0.669795 0.0640092
0.15667 0.401854 0.441476
0.206859 0.540276 0.252864
0.255327 0.662774 0.0818985
0.540227 0.384639 0.075134
0.348295 0.358434 0.293272
0.302818 0.493887 0.203296
9.999E-05 9.999E-05 0.9998
0.439256 0.216522 0.344223
0.198483 0.759995 0.0415225
0.0640272 0.760598 0.175375
0.324859 0.599487 0.0756548
0.206846 0.618161 0.174993
0.147629 0.530507 0.321864
0.398502 0.0444477 0.55705
0.318541 0.0312912 0.650168
9.9991E-05 0.58068 0.41922
0.241418 0.50157 0.257012
9.999E-05 9.999E-05 0.9998
0.430636 0.442169 0.127195
0.9998 9.999E-05 9.999E-05
0.363236 0.614523 0.0222405
9.9991E-05 0.911634 0.0882663
0.231964 0.578508 0.189527
0.143441 0.518313 0.338246
0.191386 0.538082 0.270532
0.363033 0.491442 0.145525
0.235954 0.728347 0.0356986
0.377467 0.170616 0.451917
0.165649 0.634572 0.199779
0.320319 0.177033 0.502648
0.284454 0.385245 0.330301
9.999E-05 9.999E-05 0.9998
0.349463 0.581347 0.0691896
0.339201 0.368819 0.29198
0.108868 0.469742 0.42139
0.671837 0.143732 0.184431
0.273103 0.369434 0.357463
0.392608 0.19278 0.414612
0.240171 0.179419 0.58041
0.303961 0.634863 0.0611762
0.193976 0.237157 0.568866
0.323798 0.676102 9.9991E-05
0.416942 0.499167 0.0838906
0.280886 0.281888 0.437226
0.103006 0.686944 0.21005
0.435847 0.382404 0.18175
0.251548 0.393656 0.354796
0.120845 0.534527 0.344628
0.171553 0.304317 0.52413
0.235766 0.519895 0.244339
0.227518 0.494526 0.277955
0.560991 0.12682 0.312189
9.999E-05 0.9998 9.999E-05
9.999E-05 0.9998 9.999E-05
0.179607 0.396945 0.423448
0.371929 0.261707 0.366364
0.346351 0.303056 0.350592
0.591318 0.408582 9.9991E-05
0.295727 0.2449 0.459372
0.323152 0.134998 0.54185
0.293468 0.466048 0.240483
0.229755 0.214056 0.556189
0.243683 0.576092 0.180225
0.9998 9.999E-05 9.999E-05
0.431915 0.334846 0.233239
0.312574 0.680233 0.00719307
0.167863 0.515208 0.316929
0.453937 0.545963 9.9991E-05
0.471496 0.220483 0.308021
0.17737 0.394227 0.428403
0.232245 0.389516 0.378238
0.175203 0.631278 0.193518
0.271114 0.433702 0.295184
0.293116 0.575919 0.130965
9.9991E-05 0.613391 0.386509
0.259779 0.319055 0.421166
0.443571 0.556329 9.9991E-05
0.9998 9.999E-05 9.999E-05
0.591007 0.408893 9.9991E-05
0.0226272 0.775109 0.202264
0.30262 0.424001 0.273379
0.204734 0.465213 0.330052
0.290316 0.600121 0.109563
0.50701 0.376266 0.116724
9.999E-05 0.9998 9.999E-05
0.180636 0.661072 0.158292
0.193355 0.576122 0.230523
0.307574 0.446713 0.245713
0.136953 0.684456 0.178591
0.423592 0.408276 0.168132
0.270419 0.603058 0.126523
0.288325 0.403511 0.308164
0.429996 0.569904 9.9991E-05
0.267987 0.477153 0.25486
0.985614 0.0142863 9.9991E-05
0.192457 0.122342 0.685201
0.512937 0.325873 0.16119
0.373918 0.414257 0.211825
0.182969 0.694697 0.122334
0.0248237 0.560954 0.414222
0.30895 0.672848 0.0182017
0.9998 9.999E-05 9.999E-05
0.168866 0.564789 0.266345
0.590605 0.278665 0.130731
9.9991E-05 0.869235 0.130665
0.0277469 0.516253 0.456001
