9.99639E-05 9.99639E-05 0.132032 9.99639E-05 0.0809587 0.0849154 0.701694 9.99639E-05
0.103977 0.406053 0.0163341 9.9973E-05 0.349375 0.123961 9.9973E-05 9.9973E-05
9.99729E-05 9.99729E-05 0.195541 0.0789102 0.511518 0.11162 0.102111 9.99729E-05
0.118389 9.9982E-05 9.9982E-05 0.0776684 0.504181 0.0139228 0.195251 0.0903887
0.0752744 0.327833 9.9982E-05 0.0708978 0.309657 9.9982E-05 0.113057 0.103082
9.9982E-05 0.307126 0.0183361 0.0495066 0.497761 0.0237711 9.9982E-05 0.1033
0.0427836 0.193339 0.0804172 0.0321869 0.0843732 0.0604024 0.46553 0.040968
0.0714467 9.9982E-05 0.170518 0.00306694 0.356597 0.216861 0.181309 9.9982E-05
0.0478031 0.449547 0.220896 0.00618195 9.9991E-05 0.102964 0.0786455 0.0938619
0.188126 0.0302331 0.221493 0.0894404 9.9982E-05 9.9982E-05 0.244722 0.225785
9.9973E-05 9.9973E-05 0.484584 0.149845 0.179329 9.9973E-05 0.0519492 0.133993
0.0658708 0.508906 0.424723 9.99594E-05 9.99594E-05 9.99594E-05 9.99594E-05 9.99594E-05
0.175809 0.239088 0.0197917 0.139138 0.225196 9.9991E-05 0.131967 0.0689111
0.15666 0.271082 9.9982E-05 0.0480244 9.9982E-05 0.11377 0.299636 0.110628
9.9982E-05 0.42415 0.0345726 0.0939891 9.9982E-05 0.24595 0.131486 0.0696531
0.0904022 0.175059 0.154996 0.126087 9.9991E-05 0.301396 0.147636 0.00432326
0.126146 0.392271 9.9982E-05 0.0139529 9.9982E-05 0.153554 0.196009 0.117868
0.146838 0.0936752 0.0869618 0.148605 0.225125 0.117951 0.180745 9.9991E-05
9.9973E-05 0.0938981 0.37133 0.104537 0.278036 9.9973E-05 0.151898 9.9973E-05
0.0662559 0.167638 9.9991E-05 0.0625386 0.391418 0.051541 0.183145 0.0773635
9.9982E-05 0.213759 0.147099 0.0989199 0.164216 9.9982E-05 0.306919 0.0688871
0.0561176 9.9991E-05 0.398413 0.0507334 0.352741 0.00230484 0.100871 0.0387189
9.999E-05 0.112842 0.0477267 0.152451 0.369704 0.163098 0.114613 0.0394648
0.116519 0.308476 9.9982E-05 0.0998834 0.264982 0.141886 0.0680537 9.9982E-05
9.9964E-05 9.9964E-05 0.658672 0.106878 9.9964E-05 9.9964E-05 0.00770543 0.226345
0.033849 0.327399 0.0476657 9.9982E-05 9.9982E-05 0.0489239 0.502096 0.039867
0.161872 0.154346 0.164891 0.0764034 0.0246684 0.226152 0.0958661 0.0958003
0.129712 0.0297374 0.0894809 0.124526 0.356833 9.9991E-05 0.151965 0.117645
0.0980404 0.333344 9.9991E-05 0.0646082 0.325032 0.0944711 0.0664775 0.0179268
0.496589 0.199517 0.0224473 0.0235737 0.197772 0.0536572 9.9991E-05 0.00634388
0.0462969 0.526064 0.233279 0.00523203 0.00640939 0.0818522 9.9991E-05 0.100767
9.9955E-05 9.9955E-05 0.776135 9.9955E-05 9.9955E-05 0.0281739 0.195191 9.9955E-05
0.0291986 0.464233 9.9973E-05 0.132564 0.366833 0.00687153 9.9973E-05 9.9973E-05
9.9982E-05 0.336479 9.9982E-05 0.120961 0.257468 0.140099 0.0734712 0.0713215
9.9973E-05 0.459533 0.05885 0.0919462 9.9973E-05 9.9973E-05 0.300922 0.0884485
9.994E-05 9.994E-05 9.994E-05 9.994E-05 9.994E-05 9.994E-05 0.9993 9.994E-05
9.9964E-05 0.424403 9.9964E-05 0.0458453 0.366903 9.9964E-05 9.9964E-05 0.162449
0.147708 9.9973E-05 0.322732 9.9973E-05 9.9973E-05 0.0183204 0.358949 0.151991
0.109725 0.642579 9.9973E-05 0.00872864 0.124131 9.9973E-05 9.9973E-05 0.114536
0.0240964 0.180475 0.125271 0.129786 0.0863122 0.268412 0.17444 0.0112077
9.9973E-05 9.9973E-05 0.303493 0.049487 0.512641 0.0555132 9.9973E-05 0.0785656
0.000260812 0.0344289 9.9991E-05 0.115252 0.477011 0.127442 0.188542 0.0569631
0.0366026 9.9973E-05 9.9973E-05 0.0928023 0.730383 0.0575486 9.9973E-05 0.0823633
0.0829939 9.9964E-05 0.236364 9.9964E-05 0.463102 9.9964E-05 0.21714 9.9964E-05
0.108069 9.9973E-05 0.523873 0.0131205 9.9973E-05 0.129 0.225637 9.9973E-05
9.9973E-05 0.281263 0.325173 0.0391047 9.9973E-05 9.9973E-05 0.199064 0.155095
0.0494498 0.319715 0.0932519 0.0261979 0.427466 0.00998496 0.0738344 9.9991E-05
0.0110194 0.309358 0.132066 0.0174403 0.479056 0.0508614 9.9982E-05 9.9982E-05
0.0914083 9.9973E-05 0.376633 0.104718 0.293854 0.133087 9.9973E-05 9.9973E-05
0.0767342 0.0556175 0.278004 0.0750828 0.413407 0.0948364 0.00621794 9.9991E-05
0.113572 0.101246 0.193989 0.0854286 9.9991E-05 0.114865 0.263039 0.127761
0.0366535 0.282856 0.110794 0.156664 0.194498 0.134976 0.0520455 0.0315132
0.0437452 0.167456 9.9982E-05 0.0429163 0.0755852 0.656242 9.9982E-05 0.0138559
0.146374 0.238342 0.075356 9.9982E-05 9.9982E-05 0.295269 0.0274959 0.216963
0.199849 9.9955E-05 0.698976 9.9955E-05 9.9955E-05 0.100675 9.9955E-05 9.9955E-05
9.9973E-05 0.293165 9.9973E-05 0.136632 0.423027 9.9973E-05 0.109819 0.0370568
9.9964E-05 0.0559524 0.849323 9.9964E-05 9.9964E-05 0.0381343 9.9964E-05 0.0561909
0.112015 0.0836756 0.385789 0.0744786 0.298426 9.9982E-05 9.9982E-05 0.0454154
0.0590254 0.331142 0.226709 0.0586988 0.0182897 0.257825 0.0246236 0.0236859
9.9973E-05 0.311897 0.49204 0.0274282 9.9973E-05 9.9973E-05 0.0831139 0.0852208
9.9955E-05 0.681089 9.9955E-05 0.0580553 0.260356 9.9955E-05 9.9955E-05 9.9955E-05
0.0228013 0.212508 9.9991E-05 0.151427 0.269012 0.172089 0.105352 0.0667109
9.9964E-05 0.358864 9.9964E-05 0.0860247 0.401782 9.9964E-05 0.15293 9.9964E-05
0.884274 9.9955E-05 9.9955E-05 0.051389 9.9955E-05 9.9955E-05 0.0638374 9.9955E-05
9.9973E-05 0.0508732 9.9973E-05 9.9973E-05 0.361245 0.0919586 0.290064 0.205559
9.9955E-05 0.000493778 9.9955E-05 9.9955E-05 9.9955E-05 9.9955E-05 0.975849 0.023157
0.0644677 0.128228 0.0255235 0.0998084 0.399914 9.9991E-05 0.233604 0.048355
0.0765999 0.0841223 0.229896 0.0843512 0.524731 9.9973E-05 9.9973E-05 9.9973E-05
0.12602 0.18799 9.9973E-05 0.0463643 0.396576 9.9973E-05 0.24275 9.9973E-05
0.116707 0.099817 0.0494581 0.122779 0.323041 0.150285 0.0531033 0.0848085
0.128162 0.410864 0.364545 0.0010061 9.9973E-05 9.9973E-05 9.9973E-05 0.0951232
0.0323648 0.256283 0.190835 0.059928 9.9991E-05 0.124749 0.321765 0.0139748
0.0619095 0.435156 9.9991E-05 0.0931872 0.21573 0.0337959 0.114605 0.0455156
0.0191494 0.22969 0.0953431 0.0920432 0.374661 0.133615 9.9991E-05 0.0553975
0.107461 0.132355 0.140861 9.9982E-05 9.9982E-05 0.141969 0.287571 0.189582
0.0367242 0.458832 0.212381 0.033913 9.9982E-05 0.219646 9.9982E-05 0.0383043
9.9973E-05 0.252353 0.140779 0.160889 0.366937 9.9973E-05 9.9973E-05 0.0787427
0.0102064 0.554786 9.9973E-05 0.0321963 0.320494 0.0820167 9.9973E-05 9.9973E-05
9.99639E-05 0.605193 9.99639E-05 9.99639E-05 0.344186 0.00127887 9.99639E-05 0.0489419
0.116303 0.568043 0.0792727 0.0773878 0.0350827 0.0731881 0.0317056 0.0190178
0.0268517 0.196574 0.0839757 0.105554 0.264107 0.0624758 0.260361 9.9991E-05
9.9973E-05 0.472903 9.9973E-05 0.0164357 0.183909 9.9973E-05 0.32305 0.00340231
0.161708 0.163087 0.370693 0.0164003 0.0699979 0.0512849 0.111725 0.0551038
0.0395725 0.418325 9.9982E-05 0.074581 0.166359 0.236734 9.9982E-05 0.0642284
0.0578437 0.588959 9.9973E-05 0.114571 0.11281 9.9973E-05 0.125516 9.9973E-05
9.9982E-05 0.0210991 0.345068 0.00955185 0.348077 0.0842133 0.191791 9.9982E-05
0.0314465 0.0978881 9.9964E-05 9.9964E-05 0.0780997 9.9964E-05 0.792166 9.9964E-05
9.99641E-05 0.445697 0.429418 0.106712 9.99641E-05 9.99641E-05 9.99641E-05 0.0177729
0.163927 0.300568 9.9991E-05 0.0804426 0.106187 0.0401653 0.23918 0.0694299
9.9973E-05 9.9973E-05 0.423914 0.0524087 0.24745 0.0654598 0.210467 9.9973E-05
0.948423 9.99459E-05 9.99459E-05 9.99459E-05 9.99459E-05 9.99459E-05 9.99459E-05 0.0509769
0.052231 0.217579 0.481892 0.0465566 0.0884721 0.0341321 0.0344663 0.0446707
9.9982E-05 0.0667738 0.018066 0.127377 0.477919 9.9982E-05 0.253536 0.0561285
0.103921 0.28116 9.9982E-05 0.0544798 0.0731127 0.291089 0.196037 9.9982E-05
9.9973E-05 9.9973E-05 9.9973E-05 0.0733368 0.817986 0.0062227 0.0120461 0.0901081
0.0724871 0.0916469 9.9982E-05 0.00517019 0.780818 9.9982E-05 0.000455867 0.0492218
0.0293496 9.9982E-05 0.150029 9.9982E-05 0.543727 0.109929 0.0850834 0.081682
9.9982E-05 0.168626 0.325794 0.0219568 0.360226 9.9982E-05 0.0470091 0.0761885
0.356165 0.0831798 0.200871 0.194988 0.0213083 0.000449481 0.142939 9.9991E-05
0.247355 0.0727155 0.0643371 0.0212993 0.534633 0.0275693 0.0319908 9.9991E-05
0.110846 0.214028 0.237645 0.087701 0.101512 0.0206245 0.205163 0.0224814
0.9993 9.994E-05 9.994E-05 9.994E-05 9.994E-05 9.994E-05 9.994E-05 9.994E-05
0.0693344 0.125865 0.162614 0.0952553 0.246402 0.106199 9.9991E-05 0.19423
9.99549E-05 9.99549E-05 9.99549E-05 0.0189163 9.99549E-05 9.99549E-05 0.0238131 0.956771
0.0397148 0.232363 9.9982E-05 0.0239622 9.9982E-05 0.19347 0.405515 0.104776
9.9973E-05 0.159993 0.27212 9.9973E-05 0.218081 0.152253 0.197252 9.9973E-05
0.000163975 0.315533 0.171448 9.9973E-05 9.9973E-05 0.196143 0.316412 9.9973E-05
0.0524995 9.9973E-05 0.150098 0.0931229 0.694762 0.00921714 9.9973E-05 9.9973E-05
0.135781 0.529291 0.00285503 0.0354966 9.9991E-05 0.100713 0.138673 0.0570895
0.0426801 0.41709 0.125667 0.106996 0.277728 0.00177792 0.0279617 9.9991E-05
0.0233179 0.410949 9.9991E-05 0.0487512 0.327856 0.0775703 0.0644664 0.0469886
0.0852093 0.0654399 0.500342 0.127128 0.193413 0.00483176 9.9991E-05 0.0235353
0.0707655 0.0692942 0.106309 0.0495108 0.459746 0.134144 0.0589878 0.0512433
0.344242 0.094552 0.139308 0.0625103 0.10578 0.0720008 0.154107 0.0274996
0.0271693 9.9982E-05 9.9982E-05 0.0495249 0.787598 0.0722567 0.0356108 0.02764
0.964446 9.9946E-05 9.9946E-05 9.9946E-05 0.0349545 9.9946E-05 9.9946E-05 9.9946E-05
0.0118323 0.119926 0.161256 9.9991E-05 0.0892956 0.0809319 0.271588 0.265069
9.9991E-05 0.17466 0.0516056 0.0438119 0.162703 0.0326936 0.534243 0.000182886
0.0877379 0.262094 0.0916723 9.9964E-05 0.558096 9.9964E-05 9.9964E-05 9.9964E-05
9.9973E-05 0.15098 0.385394 0.0777212 9.9973E-05 9.9973E-05 0.374152 0.0114527
0.119539 0.317235 9.9991E-05 0.115549 0.109116 0.115371 0.143398 0.0796923
0.359015 0.333318 0.00640348 0.111715 9.9973E-05 9.9973E-05 0.189248 9.9973E-05
0.174972 0.16226 9.9991E-05 0.108239 0.243536 0.198396 0.00952508 0.102972
9.9973E-05 0.365948 0.14042 9.9973E-05 0.143259 0.337169 9.9973E-05 0.0129035
0.0975822 0.0980671 0.404977 0.0910946 0.175863 0.0483828 0.0700423 0.0139911
9.99641E-05 0.871296 9.99641E-05 0.0317316 9.99641E-05 0.0763792 0.0201931 9.99641E-05
9.9973E-05 9.9973E-05 0.514431 0.115732 0.31019 0.0421746 0.0171726 9.9973E-05
0.077265 9.9982E-05 0.430301 0.0706351 0.401983 9.9982E-05 0.016887 0.00272976
9.99687E-05 0.568916 0.339434 0.0039248 9.99687E-05 0.0873254 9.99687E-05 9.99687E-05
0.180932 9.9982E-05 0.440258 0.0422469 9.9982E-05 0.113663 0.221597 0.00110359
9.9973E-05 0.0365024 0.00878744 0.0461222 0.231774 9.9973E-05 0.676514 9.9973E-05
0.0676765 0.5248 9.9973E-05 0.0983159 0.291248 9.9973E-05 9.9973E-05 0.0176596
0.348089 0.504683 9.9973E-05 9.9973E-05 9.9973E-05 0.00218285 0.144301 0.00044345
0.169834 0.300814 9.9973E-05 0.112635 0.40372 0.0126976 9.9973E-05 9.9973E-05
0.00361799 0.146971 0.379705 0.0193591 0.309297 9.9991E-05 0.127019 0.0139308
0.00621978 0.332831 0.474015 0.123576 9.9973E-05 9.9973E-05 9.9973E-05 0.0630588
9.9955E-05 0.0561377 9.9955E-05 9.9955E-05 0.00547522 0.937887 9.9955E-05 9.9955E-05
9.994E-05 9.994E-05 9.994E-05 9.994E-05 9.994E-05 0.9993 9.994E-05 9.994E-05
0.0759435 0.119635 0.0859499 0.087814 0.274304 0.152418 0.177735 0.0262006
9.9973E-05 0.6905 9.9973E-05 0.00325205 0.0685668 9.9973E-05 0.0799291 0.157453
0.0116503 0.642382 0.160827 0.0896846 0.00488532 9.9991E-05 0.0246099 0.0658604
9.9982E-05 0.26909 0.333396 0.10055 0.126576 0.128735 9.9982E-05 0.0414522
0.215316 0.143643 0.268554 9.9973E-05 0.327229 9.9973E-05 9.9973E-05 0.0449576
0.0195814 0.116059 0.58124 0.076107 9.9982E-05 9.9982E-05 0.178923 0.02789
0.0473266 0.550552 9.9982E-05 0.0507092 0.211225 0.0575104 9.9982E-05 0.0824767
0.363381 0.0019297 9.9991E-05 0.0856964 0.188791 0.0707284 0.24302 0.0463535
9.9982E-05 0.103968 0.274019 0.0503658 0.409924 9.9982E-05 0.10137 0.0601534
9.994E-05 9.994E-05 9.994E-05 0.9993 9.994E-05 9.994E-05 9.994E-05 9.994E-05
9.9982E-05 0.140134 9.9982E-05 0.0661351 0.00383318 0.0252237 0.618375 0.146099
9.9964E-05 9.9964E-05 9.9964E-05 0.0067266 0.57452 0.154351 9.9964E-05 0.264003
0.0363672 0.597039 0.366094 9.9955E-05 9.9955E-05 9.9955E-05 9.9955E-05 9.9955E-05
9.9982E-05 0.338377 9.9982E-05 0.110296 0.286639 0.0488712 0.0883231 0.127294
0.108495 0.393727 0.261514 0.127118 9.9991E-05 0.0332296 0.0553662 0.02045
0.0191556 0.218806 0.209697 0.0830458 0.149322 0.194602 0.0496537 0.0757182
0.0661456 0.717857 0.0229861 0.0452741 9.9973E-05 9.9973E-05 0.147437 9.9973E-05
0.125493 0.109148 0.0302055 0.0837703 0.247913 0.254034 0.0942046 0.0552312
9.9982E-05 0.23155 0.294994 0.101876 0.282075 9.9982E-05 0.0837757 0.00552942
0.16564 0.204252 0.0246372 0.0689613 0.386679 0.10833 0.0107941 0.0307067
0.063856 9.9955E-05 9.9955E-05 9.9955E-05 0.300833 9.9955E-05 0.634811 9.9955E-05
0.150836 9.9973E-05 9.9973E-05 0.0939715 0.574083 9.9973E-05 0.119216 0.0615931
9.9982E-05 0.341211 0.0815205 0.0351666 0.0136025 9.9982E-05 0.452703 0.0755971
9.994E-05 9.994E-05 9.994E-05 0.9993 9.994E-05 9.994E-05 9.994E-05 9.994E-05
9.99639E-05 0.283267 9.99639E-05 0.372267 9.99639E-05 0.165026 0.179041 9.99639E-05
9.9964E-05 0.0575209 9.9964E-05 9.9964E-05 0.513209 0.324654 9.9964E-05 0.104216
9.9973E-05 9.9973E-05 0.433744 0.0660512 0.34009 0.128965 9.9973E-05 0.0308498
9.9973E-05 9.9973E-05 0.00349575 0.025861 0.0846137 9.9973E-05 0.876503 0.00922686
9.9991E-05 0.144514 0.296973 0.0677069 0.194238 0.0725029 0.185052 0.0389129
9.9982E-05 0.292541 0.0832994 0.0982935 0.430207 0.0695709 9.9982E-05 0.0258874
9.99459E-05 9.99459E-05 9.99459E-05 0.00410271 9.99459E-05 0.995298 9.99459E-05 9.99459E-05
0.0323357 0.431039 9.9982E-05 0.0875797 0.0307126 0.0865807 0.331552 9.9982E-05
0.0817759 0.307537 0.343463 9.99729E-05 0.112749 0.154175 9.99729E-05 9.99729E-05
0.0771563 0.359299 0.266524 0.0133332 0.0645584 0.165126 9.9991E-05 0.0539035
0.0875471 0.0646195 9.9991E-05 0.159095 0.341118 0.0750902 0.190708 0.081722
9.9973E-05 0.15019 0.395609 9.9973E-05 9.9973E-05 0.355952 0.0594119 0.0385369
9.9973E-05 0.257981 9.9973E-05 0.0720245 0.389272 9.9973E-05 0.269447 0.010976
9.9955E-05 0.543655 9.9955E-05 9.9955E-05 0.345052 9.9955E-05 9.9955E-05 0.110794
9.9982E-05 0.434521 0.147365 0.0840979 0.214702 0.00475825 0.114356 9.9982E-05
0.017067 0.29597 0.25953 9.9991E-05 0.08105 0.178353 0.0927343 0.0751961
9.994E-05 9.994E-05 9.994E-05 9.994E-05 9.994E-05 9.994E-05 9.994E-05 0.9993
0.087919 9.9982E-05 0.438795 0.0153749 0.291425 0.114833 9.9982E-05 0.051453
0.200618 0.397531 9.9982E-05 0.0385875 9.9982E-05 0.049061 0.242431 0.0715717
0.0759008 0.191713 0.151821 0.107465 0.119071 9.9991E-05 0.3265 0.0274295
0.00340714 0.0646008 0.131411 0.0608595 0.21131 0.273016 0.204415 0.0509803
0.127794 9.9982E-05 0.0849873 0.00752986 0.357931 0.0612899 0.360268 9.9982E-05
0.0205734 0.183447 0.00769756 0.0397466 0.112438 0.205641 0.363005 0.0674512
9.994E-05 9.994E-05 9.994E-05 9.994E-05 9.994E-05 9.994E-05 9.994E-05 0.9993
0.0545889 0.241447 0.124252 0.0970477 0.396339 0.00378942 0.0824359 9.9991E-05
0.0909405 0.139054 0.0671717 0.0857415 0.202784 0.077056 0.177952 0.1593
9.9982E-05 0.323384 9.9982E-05 0.039198 0.377588 0.052244 0.193967 0.0134201
0.0969714 0.27191 0.118484 9.9973E-05 9.9973E-05 0.2929 0.219434 9.9973E-05
