9.99642E-05 0.668421 0.109736 9.99642E-05 0.134365 9.99642E-05 0.0342065 9.99642E-05 0.052872
0.346985 0.256074 9.99731E-05 0.168934 9.99731E-05 0.0796871 0.0133929 9.99731E-05 0.134627
0.180409 0.303463 9.99821E-05 0.0338868 9.99821E-05 0.275344 0.00227488 0.0505533 0.153869
9.995E-05 0.664037 9.995E-05 9.995E-05 9.995E-05 9.995E-05 0.221006 0.0393162 0.075141
0.288536 0.340717 9.99641E-05 0.125763 9.99641E-05 0.14185 9.99641E-05 9.99641E-05 0.102735
0.240241 0.585407 9.99552E-05 0.0144293 9.99552E-05 9.99552E-05 9.99552E-05 0.159422 9.99552E-05
0.265422 0.171079 0.228595 0.133861 0.200642 9.99642E-05 9.99642E-05 9.99642E-05 9.99642E-05
0.0583107 0.198995 0.011229 0.103485 0.510881 0.116494 9.99821E-05 0.000405014 9.99821E-05
9.99463E-05 0.170023 9.99463E-05 9.99463E-05 0.157312 9.99463E-05 0.672065 9.99463E-05 9.99463E-05
9.99641E-05 9.99641E-05 0.456941 0.110416 9.99641E-05 0.125872 9.99641E-05 0.179953 0.126419
0.00864561 0.0227435 0.182872 0.206401 9.9982E-05 0.278155 9.9982E-05 0.149372 0.151611
0.208532 0.119866 9.99642E-05 9.99642E-05 0.234605 9.99642E-05 0.254445 9.99642E-05 0.182153
0.18827 0.439636 9.99552E-05 9.99552E-05 0.304118 9.99552E-05 0.0674762 9.99552E-05 9.99552E-05
0.514012 0.245005 0.0711841 9.99641E-05 9.99641E-05 0.0548679 9.99641E-05 9.99641E-05 0.114531
9.99552E-05 0.161102 9.99552E-05 9.99552E-05 0.315225 9.99552E-05 0.493615 0.0295579 9.99552E-05
0.0211773 0.298666 9.99731E-05 0.190334 0.0675025 0.273548 9.99731E-05 9.99731E-05 0.148472
0.306132 0.218322 9.99641E-05 9.99641E-05 0.0705656 9.99641E-05 0.3791 0.0254811 9.99641E-05
0.0173739 0.223287 0.171446 0.217452 9.9991E-05 0.0293327 0.0534086 0.118091 0.169509
9.99462E-05 0.209395 9.99462E-05 9.99462E-05 0.549133 9.99462E-05 0.240872 9.99462E-05 9.99462E-05
0.478947 0.0694739 0.0110461 0.194882 9.9982E-05 0.122318 9.9982E-05 0.0515635 0.0715695
9.99372E-05 9.99372E-05 0.718762 9.99372E-05 9.99372E-05 9.99372E-05 9.99372E-05 0.280538 9.99372E-05
9.99641E-05 0.0936291 9.99641E-05 0.251435 0.402727 9.99641E-05 0.250152 9.99641E-05 0.00165673
9.99463E-05 0.718454 9.99463E-05 9.99463E-05 9.99463E-05 9.99463E-05 0.277026 9.99463E-05 0.00391986
0.0210615 0.773306 0.139462 9.99643E-05 9.99643E-05 0.0294985 9.99643E-05 0.0362717 9.99643E-05
9.99641E-05 0.272947 0.188528 9.99641E-05 9.99641E-05 0.345146 9.99641E-05 0.162188 0.0307913
9.9982E-05 0.474126 0.0475037 0.103775 9.9982E-05 0.0557871 0.0386751 0.0597037 0.22023
9.997E-05 9.997E-05 0.265392 0.106516 0.0852433 0.167699 0.0845237 9.997E-05 0.290327
0.128311 0.00427388 0.0460061 0.455668 0.100074 9.99821E-05 0.188159 9.99821E-05 0.0773078
0.244107 9.99641E-05 9.99641E-05 0.202019 0.32706 9.99641E-05 9.99641E-05 0.200396 0.0260181
9.99462E-05 9.99462E-05 9.99462E-05 9.99462E-05 0.0242374 0.953753 0.0214095 9.99462E-05 9.99462E-05
9.99552E-05 0.0675103 0.276302 0.548447 9.99552E-05 9.99552E-05 9.99552E-05 9.99552E-05 0.107241
0.569378 9.99641E-05 0.162215 9.99641E-05 0.24152 0.0215076 9.99641E-05 9.99641E-05 0.00497966
0.132691 9.99732E-05 0.220042 0.212356 9.99732E-05 0.208997 0.132448 0.0931656 9.99732E-05
0.306096 9.99641E-05 0.12344 0.0739118 0.401999 0.0941536 9.99641E-05 9.99641E-05 9.99641E-05
9.99372E-05 0.910283 9.99372E-05 9.99372E-05 9.99372E-05 9.99372E-05 9.99372E-05 9.99372E-05 0.0890173
0.220434 0.388438 0.335476 9.99552E-05 9.99552E-05 9.99552E-05 9.99552E-05 9.99552E-05 0.0551513
9.99461E-05 0.084427 9.99461E-05 0.617396 9.99461E-05 9.99461E-05 9.99461E-05 9.99461E-05 0.297578
9.99641E-05 0.15964 9.99641E-05 0.221127 9.99641E-05 0.103225 0.232486 0.283123 9.99641E-05
0.166875 9.9973E-05 0.30165 0.0601508 0.441588 0.00208301 9.9973E-05 9.9973E-05 0.0273529
9.99551E-05 0.268862 9.99551E-05 9.99551E-05 0.535746 0.0161208 9.99551E-05 0.178771 9.99551E-05
9.99731E-05 9.99731E-05 0.10427 0.115647 0.000247504 0.38046 0.315825 9.99731E-05 0.0832508
9.99462E-05 9.99462E-05 0.924138 9.99462E-05 0.00387838 9.99462E-05 0.0713838 9.99462E-05 9.99462E-05
0.207288 0.258467 0.229023 0.110142 0.0771513 9.9991E-05 0.0404809 0.077046 0.000302551
9.99642E-05 0.616689 9.99642E-05 0.0318919 9.99642E-05 9.99642E-05 0.201144 0.0264045 0.12347
0.322726 9.99641E-05 9.99641E-05 9.99641E-05 0.32987 0.158945 9.99641E-05 0.0550061 0.133054
9.99642E-05 0.283635 0.121927 9.99642E-05 0.441718 9.99642E-05 0.0855565 9.99642E-05 0.0667631
0.00513419 0.318294 0.353241 9.9973E-05 0.0172128 0.190307 0.115512 9.9973E-05 9.9973E-05
0.281127 0.0951038 0.248902 0.0506495 0.015365 9.9991E-05 0.153993 0.0567669 0.0979929
9.99643E-05 9.99643E-05 0.263592 0.236491 0.386581 0.0991675 9.99643E-05 9.99643E-05 0.0137674
9.99551E-05 0.621422 9.99551E-05 0.0706979 0.099557 9.99551E-05 9.99551E-05 9.99551E-05 0.207823
9.99461E-05 0.889015 9.99461E-05 0.0230904 9.99461E-05 0.0872951 9.99461E-05 9.99461E-05 9.99461E-05
0.344146 9.99641E-05 0.146224 9.99641E-05 9.99641E-05 9.99641E-05 0.214018 0.262482 0.03273
9.9964E-05 0.378676 9.9964E-05 0.0647133 0.0279064 0.16874 0.359564 9.9964E-05 9.9964E-05
9.99551E-05 0.033169 9.99551E-05 9.99551E-05 0.807284 0.0930263 9.99551E-05 0.0660214 9.99551E-05
0.923519 9.99463E-05 9.99463E-05 0.069459 9.99463E-05 9.99463E-05 0.00642219 9.99463E-05 9.99463E-05
0.126422 9.99551E-05 9.99551E-05 0.492385 9.99551E-05 9.99551E-05 0.291734 9.99551E-05 0.0889594
0.478963 0.484887 9.99552E-05 9.99552E-05 9.99552E-05 0.0214663 9.99552E-05 9.99552E-05 0.0141844
0.827664 9.99554E-05 0.00726615 9.99554E-05 9.99554E-05 9.99554E-05 0.139884 9.99554E-05 0.0246862
0.458442 0.066163 0.0407545 0.027113 0.0972618 9.9982E-05 9.9982E-05 0.161453 0.148613
9.996E-05 0.395042 0.38941 0.0456118 9.996E-05 9.996E-05 9.996E-05 0.0818263 0.0877104
9.99642E-05 0.539241 9.99642E-05 0.139929 0.108612 9.99642E-05 9.99642E-05 0.150221 0.0615965
9.99551E-05 0.286155 0.408495 9.99551E-05 9.99551E-05 9.99551E-05 0.066901 9.99551E-05 0.23795
9.9973E-05 9.9973E-05 0.0773494 0.251005 0.0261392 0.0221084 0.44126 9.9973E-05 0.181838
0.0374645 0.113063 9.99641E-05 9.99641E-05 0.0336385 0.645548 9.99641E-05 9.99641E-05 0.169887
9.99731E-05 0.392443 0.0376432 0.331178 0.187401 0.0183014 0.0327334 9.99731E-05 9.99731E-05
0.1307 9.99821E-05 0.0557837 9.99821E-05 0.302732 0.320053 0.0574581 0.00280749 0.130265
9.99372E-05 0.766867 0.232433 9.99372E-05 9.99372E-05 9.99372E-05 9.99372E-05 9.99372E-05 9.99372E-05
9.99551E-05 0.220304 9.99551E-05 9.99551E-05 0.324079 9.99551E-05 0.26562 9.99551E-05 0.189497
9.99461E-05 0.171151 0.0346223 9.99461E-05 0.793627 9.99461E-05 9.99461E-05 9.99461E-05 9.99461E-05
9.99731E-05 0.0172914 0.564118 0.212605 0.0927015 0.0746303 9.99731E-05 0.0383541 9.99731E-05
0.351488 0.144227 0.136705 9.997E-05 9.997E-05 9.997E-05 0.16181 0.107929 0.0975413
9.99641E-05 9.99641E-05 0.490627 9.99641E-05 0.327265 0.0515001 0.0267197 9.99641E-05 0.103488
0.825689 9.99464E-05 9.99464E-05 0.0795365 9.99464E-05 9.99464E-05 9.99464E-05 9.99464E-05 0.0941752
9.99641E-05 0.0414572 0.145938 0.232159 0.478578 9.99641E-05 9.99641E-05 9.99641E-05 0.101468
0.204144 0.429823 9.99732E-05 0.0821373 0.107704 0.136618 9.99732E-05 0.0392734 9.99732E-05
0.421933 0.111993 0.0242867 0.0868201 0.159884 9.99821E-05 0.0670745 9.99821E-05 0.127808
9.99554E-05 0.209839 9.99554E-05 0.0474517 0.124458 9.99554E-05 0.617752 9.99554E-05 9.99554E-05
0.0676872 9.9982E-05 0.151715 9.9982E-05 0.118978 0.109169 0.172758 0.160798 0.218696
0.0492924 0.243182 9.9982E-05 0.0506714 0.257948 0.0404759 9.9982E-05 0.295565 0.0626654
0.566018 9.99731E-05 9.99731E-05 0.2349 9.99731E-05 0.0295435 0.056941 0.0180272 0.0942705
0.111683 0.454051 9.996E-05 0.06538 0.141943 9.996E-05 9.996E-05 9.996E-05 0.226543
0.168307 0.536619 0.188455 9.99642E-05 0.0636779 9.99642E-05 9.99642E-05 0.0425414 9.99642E-05
9.99463E-05 0.278728 0.527627 0.193045 9.99463E-05 9.99463E-05 9.99463E-05 9.99463E-05 9.99463E-05
0.133855 9.99731E-05 9.99731E-05 0.0678366 0.202131 0.266618 0.298479 0.0307803 9.99731E-05
0.281483 0.140532 0.35326 9.99731E-05 0.146742 0.0419554 0.0357277 9.99731E-05 9.99731E-05
9.9964E-05 0.62703 0.110739 9.9964E-05 0.0493479 9.9964E-05 0.106946 9.9964E-05 0.105538
0.319676 0.00377502 0.0204034 0.0430355 0.118462 9.9991E-05 0.302411 0.0752304 0.116907
0.307787 0.257783 9.99552E-05 9.99552E-05 0.00697384 0.426956 9.99552E-05 9.99552E-05 9.99552E-05
9.99642E-05 0.2657 9.99642E-05 0.0335612 0.415756 9.99642E-05 0.0464314 0.238152 9.99642E-05
9.99731E-05 9.99731E-05 0.0224201 0.17313 0.385932 0.0165971 0.349485 0.0521358 9.99731E-05
9.99463E-05 0.00610673 9.99463E-05 0.101219 9.99463E-05 0.892075 9.99463E-05 9.99463E-05 9.99463E-05
0.19571 0.204484 0.598818 9.99553E-05 9.99553E-05 9.99553E-05 9.99553E-05 9.99553E-05 0.000489034
0.0557545 0.124914 0.593407 9.997E-05 0.152617 0.0456813 9.997E-05 9.997E-05 0.0273263
0.0866628 0.171198 0.0247781 9.99731E-05 9.99731E-05 9.99731E-05 0.35531 0.33441 0.0273407
9.9955E-05 9.9955E-05 0.285307 9.9955E-05 0.292527 9.9955E-05 0.353734 9.9955E-05 0.0679318
0.37802 0.19557 9.99641E-05 9.99641E-05 9.99641E-05 9.99641E-05 0.269663 0.113928 0.0424197
9.99641E-05 0.285333 0.1795 0.131939 9.99641E-05 9.99641E-05 0.286185 0.116644 9.99641E-05
0.0832983 0.050589 0.224828 9.9964E-05 0.116323 9.9964E-05 0.524561 9.9964E-05 9.9964E-05
9.99463E-05 0.476817 9.99463E-05 9.99463E-05 0.201946 0.320637 9.99463E-05 9.99463E-05 9.99463E-05
9.99641E-05 0.604098 0.238939 9.99641E-05 9.99641E-05 0.048365 0.0994024 0.00879648 9.99641E-05
9.99552E-05 0.0595045 0.306221 0.324924 9.99552E-05 9.99552E-05 0.308851 9.99552E-05 9.99552E-05
9.99552E-05 0.150331 9.99552E-05 9.99552E-05 9.99552E-05 0.809864 9.99552E-05 0.0248889 0.0144163
0.0513893 9.99552E-05 9.99552E-05 9.99552E-05 9.99552E-05 0.0138299 0.661625 0.272656 9.99552E-05
9.993E-05 9.993E-05 9.993E-05 9.993E-05 9.993E-05 9.993E-05 9.993E-05 0.999201 9.993E-05
0.155286 0.462877 9.99731E-05 0.00325287 0.314184 9.99731E-05 0.0187157 0.0453844 9.99731E-05
9.99551E-05 0.376005 0.130546 9.99551E-05 0.344454 9.99551E-05 0.148495 9.99551E-05 9.99551E-05
0.815411 9.99462E-05 0.13334 9.99462E-05 0.0506494 9.99462E-05 9.99462E-05 9.99462E-05 9.99462E-05
9.99551E-05 0.156294 0.149413 0.590683 0.10311 9.99551E-05 9.99551E-05 9.99551E-05 9.99551E-05
9.99552E-05 0.253361 0.12736 0.167882 0.450897 9.99552E-05 9.99552E-05 9.99552E-05 9.99552E-05
9.99642E-05 9.99642E-05 0.0347114 0.0827407 0.339818 0.108292 9.99642E-05 0.434039 9.99642E-05
9.99732E-05 0.0550482 0.40663 9.99732E-05 0.189774 0.20474 0.140559 9.99732E-05 0.00294786
9.99554E-05 0.592619 9.99554E-05 0.125477 0.187614 9.99554E-05 9.99554E-05 9.99554E-05 0.0937901
0.0731175 0.428726 9.99464E-05 9.99464E-05 9.99464E-05 0.497557 9.99464E-05 9.99464E-05 9.99464E-05
0.300168 0.176576 9.99552E-05 0.21968 0.303075 9.99552E-05 9.99552E-05 9.99552E-05 9.99552E-05
9.99372E-05 9.99372E-05 9.99372E-05 9.99372E-05 9.99372E-05 0.837217 0.162084 9.99372E-05 9.99372E-05
0.344965 9.99642E-05 0.114927 9.99642E-05 0.166114 9.99642E-05 0.248928 0.124666 9.99642E-05
9.99642E-05 0.584458 9.99642E-05 9.99642E-05 0.18132 0.0437546 0.158813 9.99642E-05 0.0312547
0.237741 9.99731E-05 9.99731E-05 0.0768686 0.397534 0.00785701 0.172782 9.99731E-05 0.106917
0.0125327 9.9973E-05 9.9973E-05 0.364593 0.146093 0.329189 9.9973E-05 0.0363344 0.110958
0.240307 0.307725 0.0286464 0.117475 0.0990685 0.158995 9.9982E-05 0.047583 9.9982E-05
9.99552E-05 0.565664 9.99552E-05 0.0703701 9.99552E-05 0.108842 0.254624 9.99552E-05 9.99552E-05
0.554697 0.156611 9.99462E-05 9.99462E-05 9.99462E-05 0.288092 9.99462E-05 9.99462E-05 9.99462E-05
0.352029 0.553986 9.99552E-05 9.99552E-05 0.0449972 9.99552E-05 9.99552E-05 0.0484874 9.99552E-05
0.131208 0.215499 0.54666 0.104286 9.99642E-05 9.99642E-05 9.99642E-05 0.00194764 9.99642E-05
9.99641E-05 0.195655 9.99641E-05 0.067241 0.0591558 0.155225 0.522323 9.99641E-05 9.99641E-05
9.9973E-05 0.322035 0.328442 0.0105949 0.168551 9.9973E-05 0.1635 0.00657772 9.9973E-05
0.0999114 9.99642E-05 0.416504 0.0915445 9.99642E-05 0.347458 0.0441821 9.99642E-05 9.99642E-05
9.99552E-05 0.571833 9.99552E-05 0.273527 0.103539 9.99552E-05 9.99552E-05 9.99552E-05 0.0506007
0.0612255 0.100392 0.0908355 0.161636 9.99731E-05 0.258973 9.99731E-05 0.326638 9.99731E-05
9.99731E-05 0.414745 0.145343 0.0160564 0.222895 0.0248416 9.99731E-05 0.17582 9.99731E-05
9.99463E-05 9.99463E-05 0.288752 0.00469327 9.99463E-05 9.99463E-05 0.705955 9.99463E-05 9.99463E-05
0.224999 0.403984 0.245428 0.123301 9.99639E-05 9.99639E-05 9.99639E-05 0.00188818 9.99639E-05
0.19574 0.132377 0.0579367 9.998E-05 0.326774 9.998E-05 0.215862 0.00714615 0.063965
9.99641E-05 9.99641E-05 9.99641E-05 0.101578 0.264344 9.99641E-05 0.111105 0.425632 0.0969413
9.9991E-05 0.109845 0.163927 0.0229241 0.0742487 0.0995053 0.143998 0.203505 0.181947
0.00101382 0.432023 9.99642E-05 0.419104 0.0721398 9.99642E-05 9.99642E-05 0.0753196 9.99642E-05
9.99462E-05 0.0601841 0.0335901 0.905626 9.99462E-05 9.99462E-05 9.99462E-05 9.99462E-05 9.99462E-05
9.99642E-05 0.260973 9.99642E-05 0.509789 0.164507 0.0287407 9.99642E-05 0.0355902 9.99642E-05
9.99464E-05 9.99464E-05 0.330923 9.99464E-05 0.48147 9.99464E-05 0.187007 9.99464E-05 9.99464E-05
9.99462E-05 0.488446 9.99462E-05 0.205461 0.305494 9.99462E-05 9.99462E-05 9.99462E-05 9.99462E-05
0.0759379 0.286193 9.996E-05 0.334782 9.996E-05 9.996E-05 9.996E-05 0.153989 0.148698
0.0609732 0.446135 0.0222951 9.99643E-05 9.99643E-05 9.99643E-05 0.236897 0.2333 9.99643E-05
9.999E-05 0.178288 0.330381 0.034987 0.187733 0.0481467 0.121734 0.0947826 0.00384757
9.99641E-05 9.99641E-05 0.160729 0.283026 9.99641E-05 0.0166109 0.479528 0.0597063 9.99641E-05
9.99641E-05 0.508584 9.99641E-05 9.99641E-05 0.131251 0.301218 9.99641E-05 0.0566756 0.00187114
0.0275574 0.363966 0.0451852 0.139271 0.382022 9.99731E-05 9.99731E-05 0.041698 9.99731E-05
9.993E-05 9.993E-05 9.993E-05 9.993E-05 9.993E-05 9.993E-05 9.993E-05 9.993E-05 0.999201
0.185619 0.259666 9.99731E-05 9.99731E-05 9.99731E-05 0.221394 0.0532022 0.149426 0.130394
0.337282 0.246771 0.41187 9.99552E-05 9.99552E-05 0.00357749 9.99552E-05 9.99552E-05 9.99552E-05
0.134665 9.99642E-05 9.99642E-05 9.99642E-05 0.111087 9.99642E-05 0.174401 0.137715 0.441732
9.99552E-05 9.99552E-05 0.0965403 9.99552E-05 0.650386 9.99552E-05 9.99552E-05 0.217122 0.0354514
0.140091 0.173041 9.99641E-05 9.99641E-05 0.0130873 9.99641E-05 0.493863 9.99641E-05 0.179518
9.9964E-05 0.233686 0.129313 0.550565 0.0656618 9.9964E-05 9.9964E-05 9.9964E-05 0.0203751
0.117903 0.179888 0.0159218 0.364597 9.99821E-05 0.0236369 0.18304 9.99821E-05 0.114813
9.99554E-05 0.548888 0.31512 9.99554E-05 9.99554E-05 0.103283 9.99554E-05 9.99554E-05 0.0322099
9.99642E-05 0.2005 0.160597 0.34338 9.99642E-05 9.99642E-05 0.0842637 0.210859 9.99642E-05
0.630102 0.012617 0.0178391 9.99641E-05 9.99641E-05 9.99641E-05 9.99641E-05 0.254632 0.0844106
9.99642E-05 9.99642E-05 0.0947346 0.394765 9.99642E-05 0.141719 9.99642E-05 0.0460882 0.322293
9.994E-05 0.739313 9.994E-05 0.103975 0.156112 9.994E-05 9.994E-05 9.994E-05 9.994E-05
9.9973E-05 0.31744 0.247388 9.9973E-05 0.347824 0.060538 0.00269808 0.023812 9.9973E-05
9.993E-05 9.993E-05 9.993E-05 9.993E-05 9.993E-05 9.993E-05 9.993E-05 9.993E-05 0.999201
9.995E-05 0.0871538 0.0866524 9.995E-05 0.641404 9.995E-05 9.995E-05 9.995E-05 0.18429
0.390861 0.297793 0.0655082 9.99641E-05 0.240199 0.00523855 9.99641E-05 9.99641E-05 9.99641E-05
0.359797 9.99642E-05 0.271713 9.99642E-05 0.00384142 9.99642E-05 0.199671 9.99642E-05 0.164578
0.0247575 9.99642E-05 0.0762247 9.99642E-05 0.414579 9.99642E-05 0.089152 9.99642E-05 0.394887
0.0849089 0.435648 0.152885 9.99821E-05 0.0404848 0.017385 0.197857 0.0706324 9.99821E-05
9.99462E-05 0.249044 0.17484 0.575517 9.99462E-05 9.99462E-05 9.99462E-05 9.99462E-05 9.99462E-05
9.99373E-05 9.99373E-05 9.99373E-05 0.744924 0.254376 9.99373E-05 9.99373E-05 9.99373E-05 9.99373E-05
0.841091 0.0170479 0.117409 0.00402941 0.00527168 9.99732E-05 0.0148509 9.99732E-05 9.99732E-05
0.217766 0.415231 0.0294266 9.9973E-05 0.155196 9.9973E-05 0.0328346 0.149246 9.9973E-05
9.99464E-05 0.433686 9.99464E-05 9.99464E-05 0.416792 9.99464E-05 9.99464E-05 0.148923 9.99464E-05
0.35721 0.0548893 9.99551E-05 0.283591 0.30381 9.99551E-05 9.99551E-05 9.99551E-05 9.99551E-05
0.285749 0.0489091 9.9964E-05 0.0861127 9.9964E-05 9.9964E-05 0.428766 0.150064 9.9964E-05
9.997E-05 0.588764 0.297134 0.0301234 0.0357858 0.0150993 9.997E-05 9.997E-05 0.0327933
9.99642E-05 0.490237 9.99642E-05 0.289985 0.0507405 9.99642E-05 0.0871654 0.0814724 9.99642E-05
0.412668 0.000964155 9.99642E-05 0.273314 0.310268 0.00238508 9.99642E-05 9.99642E-05 9.99642E-05
0.185287 0.00377407 0.174033 9.99821E-05 0.390268 0.0672216 0.139607 9.99821E-05 0.0396088
9.99372E-05 9.99372E-05 0.17862 9.99372E-05 9.99372E-05 9.99372E-05 9.99372E-05 0.82068 9.99372E-05
9.99642E-05 0.332042 0.439046 0.00702532 0.0205838 9.99642E-05 9.99642E-05 0.200904 9.99642E-05
0.0467221 9.99642E-05 9.99642E-05 0.134834 0.250713 9.99642E-05 0.565458 0.0018727 9.99642E-05
9.99463E-05 9.99463E-05 0.846943 0.0239483 9.99463E-05 9.99463E-05 9.99463E-05 9.99463E-05 0.128509
9.996E-05 0.0219187 0.342891 9.996E-05 0.365033 9.996E-05 9.996E-05 0.153629 0.116128
9.99641E-05 0.52222 0.297476 9.99641E-05 0.0429675 9.99641E-05 0.0355239 9.99641E-05 0.101412
0.125102 0.589308 9.99553E-05 9.99553E-05 0.251203 9.99553E-05 9.99553E-05 9.99553E-05 0.0338875
9.993E-05 9.993E-05 9.993E-05 9.993E-05 9.993E-05 9.993E-05 9.993E-05 0.999201 9.993E-05
9.99553E-05 0.139444 9.99553E-05 9.99553E-05 0.380913 9.99553E-05 0.226349 9.99553E-05 0.252795
0.375508 0.444563 9.99642E-05 9.99642E-05 0.0904158 9.99642E-05 9.99642E-05 0.0880833 0.00102987
9.99552E-05 0.434663 9.99552E-05 9.99552E-05 0.245612 9.99552E-05 9.99552E-05 0.250929 0.0682964
0.325166 0.561419 0.0142879 9.99551E-05 9.99551E-05 9.99551E-05 9.99551E-05 0.0986278 9.99551E-05
