0.0995913 0.033015 9.99731E-05 9.99731E-05 0.152054 0.0761908 9.99731E-05 0.638849
0.00486371 0.137432 0.102862 0.138218 0.0670466 9.9991E-05 0.108691 0.440787
9.99731E-05 0.0541245 9.99731E-05 0.296453 0.188104 9.99731E-05 0.383035 0.077984
9.99641E-05 0.30742 9.99641E-05 0.129433 9.99641E-05 9.99641E-05 0.120506 0.442241
9.99641E-05 0.479802 0.301295 0.179105 9.99641E-05 9.99641E-05 9.99641E-05 0.0393981
0.34102 0.162571 9.99731E-05 0.0423226 9.99731E-05 9.99731E-05 0.0108994 0.442887
0.101175 0.230198 0.4324 0.0910087 9.99821E-05 0.0927218 9.99821E-05 0.0522971
9.99731E-05 0.0171186 0.302799 0.0384097 0.31965 9.99731E-05 9.99731E-05 0.321723
0.835197 0.155572 9.99553E-05 0.00873157 9.99553E-05 9.99553E-05 9.99553E-05 9.99553E-05
0.356555 0.0374925 9.99731E-05 9.99731E-05 9.99731E-05 0.29308 0.203272 0.1093
0.0799262 0.195534 9.9991E-05 0.0216274 0.0227517 0.127433 0.350762 0.201866
0.281351 0.0505574 0.0510374 0.343618 0.271533 0.00170253 9.99821E-05 9.99821E-05
9.99821E-05 0.21442 0.233855 0.0513497 0.22694 0.0535926 9.99821E-05 0.219644
9.99731E-05 0.110531 0.159782 0.274293 9.99731E-05 0.0247948 9.99731E-05 0.4303
0.585531 9.99732E-05 0.095538 0.0147629 0.0157499 9.99732E-05 9.99732E-05 0.288118
9.99732E-05 0.2078 0.0144505 0.156686 0.177761 9.99732E-05 9.99732E-05 0.443003
0.0782537 0.0500821 0.103525 9.99821E-05 9.99821E-05 0.0823348 0.331874 0.35373
0.085474 9.99731E-05 9.99731E-05 0.230466 9.99731E-05 0.0424945 0.252476 0.388789
0.256088 9.99642E-05 9.99642E-05 9.99642E-05 0.476539 9.99642E-05 0.0398682 0.227105
9.99642E-05 9.99642E-05 0.14907 0.206531 9.99642E-05 9.99642E-05 0.0930035 0.550995
9.99552E-05 9.99552E-05 9.99552E-05 9.99552E-05 9.99552E-05 0.618485 0.186892 0.194123
0.250861 0.187614 9.99641E-05 9.99641E-05 0.493816 0.0673087 9.99641E-05 9.99641E-05
0.116674 0.257412 9.9973E-05 0.220064 9.9973E-05 9.9973E-05 0.0624178 0.343131
9.99461E-05 0.752549 9.99461E-05 0.246852 9.99461E-05 9.99461E-05 9.99461E-05 9.99461E-05
9.99731E-05 0.338358 9.99731E-05 9.99731E-05 0.146007 0.0736247 0.246894 0.194817
0.162123 0.189257 9.99731E-05 0.0321981 0.00815344 9.99731E-05 9.99731E-05 0.607969
9.9982E-05 0.0706162 9.9982E-05 0.109184 0.126605 0.464532 0.0463607 0.182502
0.126928 9.99732E-05 0.0756924 9.99732E-05 0.304475 9.99732E-05 0.117569 0.375036
9.99641E-05 9.99641E-05 0.306316 9.99641E-05 0.200405 9.99641E-05 0.387698 0.105182
0.124142 0.872712 9.99553E-05 9.99553E-05 9.99553E-05 0.00264591 9.99553E-05 9.99553E-05
0.329029 9.99643E-05 9.99643E-05 0.289366 9.99643E-05 9.99643E-05 0.0414459 0.33976
9.9982E-05 0.134697 0.304825 0.16745 0.336299 0.00471079 9.9982E-05 0.0518179
0.463604 0.00224677 9.99642E-05 9.99642E-05 9.99642E-05 0.238914 0.294836 9.99642E-05
9.99731E-05 0.222307 0.297522 9.99731E-05 0.342746 0.0703958 9.99731E-05 0.0667289
9.9955E-05 0.290773 9.9955E-05 0.142444 9.9955E-05 9.9955E-05 9.9955E-05 0.566284
9.99462E-05 9.99462E-05 9.99462E-05 9.99462E-05 9.99462E-05 0.313249 9.99462E-05 0.686151
9.99642E-05 9.99642E-05 9.99642E-05 0.334594 0.514239 9.99642E-05 0.0280674 0.1227
0.0787513 0.142182 9.99551E-05 9.99551E-05 9.99551E-05 9.99551E-05 0.778567 9.99551E-05
9.9982E-05 0.156485 0.00973329 0.232422 0.404706 9.9982E-05 0.137297 0.0591568
9.999E-05 0.0477032 0.00436431 0.106224 0.444435 0.0200668 0.237531 0.139575
0.270082 0.35638 9.99821E-05 0.0232402 0.0362459 0.202683 0.111169 9.99821E-05
0.0737876 0.0712557 9.99821E-05 0.133732 0.0801386 0.615915 0.0249711 9.99821E-05
0.158913 9.9973E-05 0.0361689 9.9973E-05 0.154969 0.260798 9.9973E-05 0.388851
0.110508 0.193188 9.99821E-05 0.104216 0.284798 9.99821E-05 0.0100261 0.297063
9.9982E-05 0.137476 0.117366 0.187375 0.359039 9.9982E-05 0.0947138 0.103832
0.0202572 9.99821E-05 9.99821E-05 0.192666 0.18199 0.008876 0.184581 0.411429
0.18773 0.118641 9.99731E-05 0.0295829 9.99731E-05 0.0914809 9.99731E-05 0.572266
0.486804 9.9982E-05 0.00610596 0.135249 0.0295717 0.195745 9.9982E-05 0.146324
9.99554E-05 9.99554E-05 9.99554E-05 9.99554E-05 0.552463 0.2819 9.99554E-05 0.165136
9.99462E-05 9.99462E-05 9.99462E-05 0.0553246 9.99462E-05 9.99462E-05 9.99462E-05 0.944076
9.99641E-05 0.254467 9.99641E-05 9.99641E-05 0.113338 9.99641E-05 0.0117839 0.620012
0.248576 9.99731E-05 0.0226375 0.21875 9.99731E-05 0.0508278 0.458909 9.99731E-05
0.545086 0.223546 9.99641E-05 9.99641E-05 0.0119273 9.99641E-05 9.99641E-05 0.219041
9.99731E-05 0.188999 0.172475 9.99731E-05 0.107162 9.99731E-05 0.28906 0.242005
0.0679881 9.99641E-05 0.609608 0.16304 9.99641E-05 9.99641E-05 9.99641E-05 0.158964
0.626731 9.99553E-05 0.0798422 9.99553E-05 9.99553E-05 9.99553E-05 9.99553E-05 0.292927
0.1492 0.408523 0.18697 0.0114195 9.9991E-05 0.039629 0.00964958 0.19451
0.383322 9.99463E-05 0.616078 9.99463E-05 9.99463E-05 9.99463E-05 9.99463E-05 9.99463E-05
0.165807 9.9982E-05 0.0569381 0.301362 0.179213 9.9982E-05 0.13492 0.161559
0.0577716 9.9973E-05 9.9973E-05 0.0717968 9.9973E-05 0.202897 0.0538832 0.613351
0.0170412 0.154044 9.99731E-05 9.99731E-05 0.367234 9.99731E-05 0.033983 0.427397
0.199151 0.0368028 9.99731E-05 0.413436 9.99731E-05 0.193695 9.99731E-05 0.156615
0.593103 0.0119778 9.9982E-05 0.0220088 0.244604 0.0379765 9.9982E-05 0.0901298
9.99553E-05 0.471347 9.99553E-05 9.99553E-05 9.99553E-05 9.99553E-05 0.199758 0.328395
0.0804265 0.113976 9.99642E-05 9.99642E-05 0.421865 9.99642E-05 9.99642E-05 0.383332
0.278918 0.20226 9.99732E-05 9.99732E-05 0.0655033 0.230999 9.99732E-05 0.22202
9.99641E-05 0.193232 9.99641E-05 0.0568597 9.99641E-05 0.0232964 9.99641E-05 0.726212
0.178139 9.99821E-05 9.99821E-05 0.275513 0.341352 0.0322187 0.01951 0.153068
0.114321 9.99731E-05 9.99731E-05 9.99731E-05 0.445177 0.139918 0.0379826 0.262301
9.99641E-05 9.99641E-05 9.99641E-05 9.99641E-05 0.269602 0.48113 0.189929 0.0589392
0.22672 0.0875015 0.277395 0.278795 9.9982E-05 9.9982E-05 0.0550757 0.0743128
9.9973E-05 0.101189 0.104437 0.118463 0.1367 0.538912 9.9973E-05 9.9973E-05
9.99553E-05 9.99553E-05 0.635591 0.334726 9.99553E-05 9.99553E-05 0.0291833 9.99553E-05
9.99731E-05 0.00515271 9.99731E-05 0.223228 0.471064 0.0856482 9.99731E-05 0.214607
9.99732E-05 0.130332 0.269313 0.00219922 0.0674925 9.99732E-05 9.99732E-05 0.530364
0.21188 9.99731E-05 0.00348581 0.352563 0.281795 9.99731E-05 9.99731E-05 0.149976
0.463705 0.140896 9.99733E-05 0.049284 9.99733E-05 0.00585488 9.99733E-05 0.33996
0.403753 0.148347 0.253628 0.0185207 0.00124258 0.0906989 0.0837092 9.9991E-05
0.0192846 0.151508 9.99641E-05 9.99641E-05 0.527099 9.99641E-05 9.99641E-05 0.301708
0.0490802 0.0614917 0.559692 0.0294453 0.29025 9.9982E-05 9.9982E-05 0.00984043
9.99642E-05 9.99642E-05 0.305443 0.25499 9.99642E-05 9.99642E-05 0.0401171 0.39905
9.99821E-05 0.0806997 0.205126 9.99821E-05 0.0354983 0.0627861 0.0561785 0.559511
9.99732E-05 9.99732E-05 9.99732E-05 0.000920578 0.0648324 0.212625 0.227927 0.493395
0.115327 0.152957 0.128539 9.9982E-05 0.359334 9.9982E-05 0.146552 0.0970913
0.131479 0.0876937 0.0257427 0.104741 9.9982E-05 0.28678 9.9982E-05 0.363364
0.0044538 0.0449643 9.9991E-05 0.155937 0.0775494 0.139837 0.0134761 0.563683
0.220741 9.99821E-05 9.99821E-05 0.134085 0.0932492 0.157835 0.303325 0.0905654
0.135664 0.691224 0.0587001 0.114012 9.99641E-05 9.99641E-05 9.99641E-05 9.99641E-05
0.0728709 0.0632374 9.99732E-05 9.99732E-05 0.157912 9.99732E-05 0.387396 0.318284
0.345762 0.0285057 9.99731E-05 9.99731E-05 0.302927 0.195605 0.126901 9.99731E-05
9.99464E-05 0.918033 0.0813674 9.99464E-05 9.99464E-05 9.99464E-05 9.99464E-05 9.99464E-05
9.99642E-05 0.064029 9.99642E-05 0.0877839 9.99642E-05 0.513807 9.99642E-05 0.333981
0.132748 0.00462072 0.0103559 0.204884 9.99732E-05 0.647091 9.99732E-05 9.99732E-05
0.380684 0.020101 9.99731E-05 0.0944853 9.99731E-05 9.99731E-05 0.327037 0.177393
0.294766 0.00242373 9.9973E-05 0.171924 0.168366 0.36222 9.9973E-05 9.9973E-05
0.355609 9.9973E-05 0.304985 0.130279 9.9973E-05 9.9973E-05 0.117803 0.0910243
0.422673 0.0694132 9.99731E-05 9.99731E-05 9.99731E-05 0.0900752 0.0122508 0.405288
0.421537 9.9964E-05 0.278495 9.9964E-05 9.9964E-05 0.111243 9.9964E-05 0.188325
9.99731E-05 0.390449 0.0229947 0.0868514 0.0689054 9.99731E-05 9.99731E-05 0.4305
0.0429666 0.197578 9.9982E-05 0.195426 9.9982E-05 0.0529511 0.26229 0.248588
0.638563 0.177009 9.99553E-05 0.183929 9.99553E-05 9.99553E-05 9.99553E-05 9.99553E-05
9.99552E-05 0.838987 9.99552E-05 0.0399997 9.99552E-05 9.99552E-05 0.120514 9.99552E-05
0.504737 9.99463E-05 9.99463E-05 9.99463E-05 9.99463E-05 9.99463E-05 0.494664 9.99463E-05
0.176952 9.99462E-05 9.99462E-05 9.99462E-05 9.99462E-05 9.99462E-05 0.822449 9.99462E-05
0.0193122 9.99551E-05 9.99551E-05 9.99551E-05 0.474068 9.99551E-05 9.99551E-05 0.50612
0.13508 0.110279 9.9982E-05 0.0483135 0.379973 0.135984 9.9982E-05 0.190171
0.0915988 9.99821E-05 0.538539 9.99821E-05 0.103942 0.0138149 0.00331752 0.248588
9.99731E-05 9.99731E-05 9.99731E-05 0.0854027 0.358945 0.0922234 0.286558 0.176572
9.99552E-05 9.99552E-05 9.99552E-05 9.99552E-05 0.488516 0.233184 9.99552E-05 0.277799
9.99641E-05 0.0259825 9.99641E-05 9.99641E-05 0.103665 0.220986 0.648967 9.99641E-05
0.176854 0.200368 0.0205771 0.112552 0.103268 0.133025 9.99911E-05 0.253257
9.99464E-05 9.99464E-05 9.99464E-05 9.99464E-05 0.0728861 9.99464E-05 9.99464E-05 0.926514
9.99732E-05 0.531994 9.99732E-05 0.0127229 0.175455 0.101706 9.99732E-05 0.177822
9.99641E-05 9.99641E-05 0.591841 9.99641E-05 0.267477 9.99641E-05 0.104678 0.0356049
0.00285092 0.977867 9.99642E-05 9.99642E-05 9.99642E-05 0.00824885 0.0106338 9.99642E-05
0.190637 0.0169865 0.546766 9.99731E-05 9.99731E-05 0.156181 0.0891286 9.99731E-05
0.18442 9.99552E-05 9.99552E-05 9.99552E-05 0.130759 9.99552E-05 9.99552E-05 0.684321
0.247007 0.0337578 0.0400431 9.99731E-05 0.625222 9.99731E-05 9.99731E-05 0.0536703
9.99731E-05 0.165649 0.0719436 0.111258 0.461805 9.99731E-05 0.189045 9.99731E-05
9.99641E-05 9.99641E-05 9.99641E-05 0.216883 0.0178811 9.99641E-05 0.240424 0.524411
0.167894 0.544067 9.9973E-05 0.15333 0.0791527 9.9973E-05 9.9973E-05 0.0552568
9.99731E-05 0.150802 0.0445706 0.195263 9.99731E-05 9.99731E-05 0.254272 0.354792
9.99641E-05 0.0695998 0.356548 9.99641E-05 9.99641E-05 9.99641E-05 0.0671199 0.506332
9.99821E-05 9.99821E-05 0.183017 0.156688 0.0869482 0.231409 0.0475454 0.294192
0.425573 0.272517 9.99731E-05 9.99731E-05 9.99731E-05 0.0456827 0.0550763 0.20085
0.364626 0.0676173 0.00803857 9.9982E-05 0.108237 0.216937 9.9982E-05 0.234345
9.99552E-05 0.00626172 0.255922 9.99552E-05 9.99552E-05 0.737316 9.99552E-05 9.99552E-05
9.99641E-05 9.99641E-05 9.99641E-05 0.187773 0.23876 9.99641E-05 0.148869 0.424198
9.99821E-05 0.035211 9.99821E-05 0.0069934 0.0318859 0.0127833 0.710761 0.202166
0.00237341 0.0118592 0.00998576 0.140971 9.9991E-05 0.209957 0.227796 0.396957
0.80565 9.99553E-05 9.99553E-05 0.0443145 9.99553E-05 9.99553E-05 9.99553E-05 0.149536
0.00182629 0.0177465 0.170066 0.0998335 0.00701054 0.133928 0.0744993 0.49509
0.392481 9.9982E-05 0.160737 0.0405647 0.224817 0.128084 9.9982E-05 0.0531165
0.11241 9.9964E-05 9.9964E-05 0.156637 0.434586 9.9964E-05 0.295967 9.9964E-05
0.127235 9.99731E-05 9.99731E-05 0.141404 9.99731E-05 0.267945 0.234197 0.228918
9.99553E-05 9.99553E-05 9.99553E-05 9.99553E-05 0.283919 0.0522696 9.99553E-05 0.663311
9.99731E-05 9.99731E-05 0.0846169 9.99731E-05 0.553417 0.102508 0.00780837 0.25135
9.99643E-05 0.0642285 9.99643E-05 9.99643E-05 0.445133 9.99643E-05 0.156288 0.33395
0.0363379 0.0207577 0.370996 0.0268522 0.225435 0.143228 0.176293 9.99911E-05
9.99553E-05 9.99553E-05 9.99553E-05 9.99553E-05 0.17134 9.99553E-05 0.0419687 0.786192
0.265165 9.99822E-05 0.0101101 0.0541807 0.0132742 9.99822E-05 0.113064 0.544006
0.0383599 0.164967 9.99642E-05 0.112192 9.99642E-05 9.99642E-05 0.684082 9.99642E-05
0.534675 9.9973E-05 0.0124071 9.9973E-05 9.9973E-05 0.191484 0.0494402 0.211694
0.178059 0.0943048 9.99731E-05 9.99731E-05 0.157322 0.49559 0.0744242 9.99731E-05
9.99731E-05 0.430768 9.99731E-05 0.162729 0.141564 0.0357875 9.99731E-05 0.228852
0.0136064 0.0938487 0.159434 0.0175496 0.338824 0.00329273 0.0246839 0.348761
9.994E-05 9.994E-05 9.994E-05 0.9993 9.994E-05 9.994E-05 9.994E-05 9.994E-05
0.148989 9.99554E-05 9.99554E-05 9.99554E-05 9.99554E-05 9.99554E-05 0.0970134 0.753498
9.99641E-05 0.166244 0.34647 9.99641E-05 9.99641E-05 0.397957 9.99641E-05 0.0889292
0.416129 9.99731E-05 0.0650675 0.351088 0.0725649 9.99731E-05 0.0948506 9.99731E-05
0.00369722 9.99642E-05 9.99642E-05 0.448429 0.340655 9.99642E-05 0.206818 9.99642E-05
0.688365 9.99641E-05 9.99641E-05 0.0907822 0.0806878 9.99641E-05 9.99641E-05 0.139765
0.0402078 0.0155102 9.99731E-05 9.99731E-05 0.347046 0.090708 9.99731E-05 0.506228
0.391481 9.99731E-05 0.0276215 0.0545311 0.400623 9.99731E-05 9.99731E-05 0.125443
0.00255151 0.196463 9.99643E-05 0.376626 9.99643E-05 9.99643E-05 9.99643E-05 0.42396
0.130809 9.99821E-05 9.99821E-05 0.183624 0.201515 0.157697 0.232111 0.094044
9.99731E-05 0.052439 0.281323 9.99731E-05 0.0830701 9.99731E-05 0.448488 0.13438
0.0307863 9.99732E-05 0.166305 9.99732E-05 0.0319765 0.403011 9.99732E-05 0.367622
9.99464E-05 9.99464E-05 9.99464E-05 9.99464E-05 0.208371 9.99464E-05 9.99464E-05 0.791029
0.0978126 0.152311 0.000707255 9.9991E-05 0.0591776 0.0320119 0.32776 0.33012
9.994E-05 9.994E-05 9.994E-05 0.9993 9.994E-05 9.994E-05 9.994E-05 9.994E-05
9.99641E-05 9.99641E-05 9.99641E-05 0.242995 0.214259 0.273744 9.99641E-05 0.268603
9.99641E-05 9.99641E-05 0.216733 0.200274 0.407732 9.99641E-05 9.99641E-05 0.174861
0.467869 9.99731E-05 0.164746 0.00961479 9.99731E-05 0.136924 9.99731E-05 0.220546
0.335515 9.99732E-05 0.120669 0.198201 0.221409 0.123906 9.99732E-05 9.99732E-05
0.292315 0.19486 9.99731E-05 0.0155324 0.0958608 9.99731E-05 9.99731E-05 0.401132
9.99642E-05 9.99642E-05 0.231955 9.99642E-05 0.0164432 0.184906 9.99642E-05 0.566296
9.994E-05 9.994E-05 9.994E-05 9.994E-05 0.9993 9.994E-05 9.994E-05 9.994E-05
0.0556366 0.0237491 0.534587 0.195423 0.0403649 9.99821E-05 9.99821E-05 0.15004
0.242191 0.0352187 9.9991E-05 0.119972 0.0767768 0.0520707 0.144482 0.329189
9.99732E-05 0.156966 0.0181832 9.99732E-05 0.41115 9.99732E-05 0.104444 0.308956
9.99731E-05 9.99731E-05 0.498316 0.069416 0.0865189 9.99731E-05 0.147387 0.198062
0.376913 9.9973E-05 0.0454785 0.159554 0.319792 9.9973E-05 0.0979622 9.9973E-05
9.99641E-05 0.099034 9.99641E-05 9.99641E-05 9.99641E-05 0.141839 0.12314 0.635586
0.0976148 0.173668 9.99731E-05 0.0508102 0.257432 9.99731E-05 9.99731E-05 0.420174
9.99552E-05 9.99552E-05 0.735187 9.99552E-05 0.0717171 9.99552E-05 9.99552E-05 0.192596
0.00393635 0.211602 9.99821E-05 0.167526 0.435685 0.174908 0.00614236 9.99821E-05
9.99552E-05 9.99552E-05 0.277935 9.99552E-05 9.99552E-05 0.0925407 0.629024 9.99552E-05
9.99554E-05 9.99554E-05 9.99554E-05 9.99554E-05 9.99554E-05 0.102391 0.273386 0.623723
0.613005 9.99642E-05 9.99642E-05 0.00264306 9.99642E-05 9.99642E-05 0.113026 0.270926
9.99552E-05 9.99552E-05 9.99552E-05 0.127735 9.99552E-05 0.66246 9.99552E-05 0.209305
0.213538 9.99821E-05 9.99821E-05 0.134012 0.0202627 0.222229 0.12676 0.282998
0.236767 0.107898 9.99731E-05 0.0785209 9.99731E-05 0.0546074 9.99731E-05 0.521907
9.99732E-05 0.0822448 0.159012 0.119434 0.243691 9.99732E-05 9.99732E-05 0.395319
9.99461E-05 9.99461E-05 0.119635 9.99461E-05 9.99461E-05 9.99461E-05 0.879766 9.99461E-05
0.203557 9.99732E-05 0.31116 0.0756435 0.243261 9.99732E-05 9.99732E-05 0.16608
0.22577 9.99731E-05 0.220917 0.0629547 0.217891 9.99731E-05 9.99731E-05 0.272167
9.99731E-05 0.0644817 9.99731E-05 0.110857 0.184842 9.99731E-05 0.358701 0.280818
9.99551E-05 9.99551E-05 9.99551E-05 0.229155 9.99551E-05 9.99551E-05 0.278635 0.49171
