0.334001 9.9991E-05 0.259167 0.336112 0.00547736 0.065143
9.99732E-05 9.99732E-05 0.270473 0.575362 9.99732E-05 0.153866
9.99821E-05 9.99821E-05 0.447032 0.282509 0.108698 0.161561
0.130403 0.0784306 0.252868 0.514492 0.0237071 9.99911E-05
0.203462 0.222022 0.348866 0.22545 9.99821E-05 9.99821E-05
9.99731E-05 0.0903999 0.272886 0.636414 9.99731E-05 9.99731E-05
0.215179 0.368993 0.0763081 0.260303 0.0791163 9.99911E-05
0.193151 0.110721 0.695828 9.99731E-05 9.99731E-05 9.99731E-05
0.477469 9.99731E-05 9.99731E-05 0.183716 9.99731E-05 0.338515
9.99821E-05 0.177281 0.0738229 9.99821E-05 0.35473 0.393966
9.999E-05 0.0205474 0.323212 0.0992729 0.368489 0.188378
0.648056 0.0218222 0.145907 0.184016 9.99821E-05 9.99821E-05
0.810813 9.99731E-05 0.0566411 0.132246 9.99731E-05 9.99731E-05
0.0426384 0.557244 0.228821 0.12722 9.9991E-05 0.0439764
0.616366 9.99731E-05 9.99731E-05 0.180524 9.99731E-05 0.202809
0.286945 0.128007 0.230112 0.193511 0.161325 9.99911E-05
0.136327 9.99821E-05 0.0836547 0.428643 9.99821E-05 0.351175
9.999E-05 0.44177 0.199212 0.222779 0.109345 0.0267944
0.221987 9.99821E-05 0.180003 0.148206 9.99821E-05 0.449603
0.182337 0.200411 0.303456 0.313597 9.99821E-05 9.99821E-05
9.99821E-05 0.481895 9.99821E-05 0.104069 0.366781 0.0470558
0.323872 9.99821E-05 0.256635 9.99821E-05 0.104145 0.315149
9.996E-05 9.996E-05 9.996E-05 0.9995 9.996E-05 9.996E-05
9.99642E-05 0.0167942 9.99642E-05 0.982806 9.99642E-05 9.99642E-05
9.99821E-05 0.0276061 0.182561 0.358029 0.431604 9.99821E-05
0.181944 0.146503 0.103218 0.416291 0.100555 0.0514883
9.9982E-05 0.383682 0.0334086 9.9982E-05 0.1511 0.431609
9.99732E-05 9.99732E-05 0.388521 0.195852 9.99732E-05 0.415327
0.214652 9.99731E-05 0.511285 9.99731E-05 9.99731E-05 0.273764
0.00852981 9.99731E-05 9.99731E-05 9.99731E-05 0.837311 0.153859
9.99821E-05 0.217871 0.26624 0.220815 9.99821E-05 0.294874
0.0224406 0.320424 0.495663 9.99821E-05 0.161272 9.99821E-05
9.99641E-05 9.99641E-05 9.99641E-05 9.99641E-05 0.484905 0.514695
0.148625 0.0439866 0.67099 0.015249 0.0245283 0.0966217
0.0564105 9.99821E-05 0.233021 0.70119 0.00917845 9.99821E-05
9.99821E-05 0.343848 0.0502102 0.385096 9.99821E-05 0.220646
9.99822E-05 0.0271151 0.47437 0.411208 9.99822E-05 0.0871072
9.99731E-05 9.99731E-05 9.99731E-05 0.562882 0.147864 0.288954
0.158572 0.229298 0.352459 0.15378 9.9991E-05 0.105791
0.120049 0.0941203 0.225925 0.559706 9.99821E-05 9.99821E-05
9.99821E-05 0.133103 9.99821E-05 0.258808 0.219409 0.38848
9.99821E-05 0.697869 9.99821E-05 0.0462668 0.08558 0.170084
0.271068 0.0666776 0.234296 0.300429 0.0718522 0.0556771
0.171326 9.99821E-05 0.261896 0.468126 9.99821E-05 0.0984523
0.280018 0.0803003 0.41747 0.0478269 0.174285 9.9991E-05
0.380923 0.330779 0.172404 0.114612 0.00118268 9.9991E-05
0.470789 0.281731 9.99821E-05 0.119374 0.127906 9.99821E-05
9.9991E-05 0.220163 0.127925 0.0805578 0.00921723 0.562036
0.474164 0.154729 0.298078 9.99821E-05 0.0728296 9.99821E-05
0.0290025 0.328542 0.475667 0.166588 9.9982E-05 9.9982E-05
0.0184754 9.9982E-05 0.360999 0.501006 0.11932 9.9982E-05
9.99821E-05 0.362454 0.179446 0.14833 9.99821E-05 0.309569
0.0523845 9.9982E-05 9.9982E-05 0.448489 0.146518 0.352408
0.336841 9.99731E-05 0.405605 9.99731E-05 0.257254 9.99731E-05
0.135222 0.258285 0.319909 9.99821E-05 9.99821E-05 0.286384
0.10833 0.144427 0.0298475 9.9991E-05 0.0237534 0.693543
9.9982E-05 9.9982E-05 0.263369 0.602088 0.032559 0.101784
0.133421 0.0169112 0.110425 0.169661 9.99911E-05 0.569482
0.0410484 0.266565 0.444837 9.9982E-05 9.9982E-05 0.247349
0.0662397 0.265083 0.0970275 0.57145 9.9982E-05 9.9982E-05
9.99911E-05 0.0261673 0.433553 0.0383957 0.0274925 0.474291
0.115914 0.435393 9.99731E-05 0.448393 9.99731E-05 9.99731E-05
0.106516 9.99821E-05 0.0774403 0.0843945 9.99821E-05 0.731449
9.99731E-05 0.26955 0.122648 9.99731E-05 0.607502 9.99731E-05
0.0780022 9.99821E-05 0.575767 0.313139 0.0328909 9.99821E-05
0.315444 9.99821E-05 0.0898976 9.99821E-05 0.332985 0.261473
9.99731E-05 0.43253 0.0886953 0.478474 9.99731E-05 9.99731E-05
0.487095 0.197874 0.156598 0.158233 9.99821E-05 9.99821E-05
0.16799 0.0403535 0.624315 9.9982E-05 9.9982E-05 0.167142
9.99821E-05 0.261812 0.347391 9.99821E-05 0.172984 0.217613
0.145144 0.543268 0.146804 9.9991E-05 0.00116225 0.163521
0.43699 0.346061 9.99821E-05 9.99821E-05 0.129525 0.0872239
9.99822E-05 0.347153 0.437179 0.126385 9.99822E-05 0.0890835
0.2256 0.223255 0.498873 0.0520725 9.99821E-05 9.99821E-05
9.99644E-05 9.99644E-05 0.859816 0.139784 9.99644E-05 9.99644E-05
0.231155 0.337347 0.168108 0.0530275 9.9991E-05 0.210263
0.685578 9.99732E-05 9.99732E-05 0.131692 0.182431 9.99732E-05
9.99821E-05 0.291809 9.99821E-05 0.070742 0.155855 0.481395
0.0804136 9.99821E-05 0.365483 0.251283 9.99821E-05 0.302621
0.0798208 0.0374056 0.429737 9.99821E-05 9.99821E-05 0.452836
9.99732E-05 0.353779 0.510525 0.135396 9.99732E-05 9.99732E-05
0.15389 0.0725094 0.393111 0.16355 0.120236 0.0967034
9.99821E-05 0.181055 0.33769 0.306173 9.99821E-05 0.174882
0.424764 9.99731E-05 0.218614 9.99731E-05 0.356322 9.99731E-05
0.0905135 0.332112 0.0680513 0.373444 0.0708663 0.0650125
0.117088 0.243622 0.00392964 0.44248 9.9991E-05 0.192781
9.99732E-05 0.104832 9.99732E-05 0.292792 9.99732E-05 0.602076
0.250423 9.99731E-05 9.99731E-05 0.586999 0.162278 9.99731E-05
0.139763 0.0185441 0.171813 0.21156 0.384955 0.073364
0.328234 9.9982E-05 0.196842 9.9982E-05 0.206526 0.268198
0.12975 9.99821E-05 0.0619075 0.176844 0.631299 9.99821E-05
0.0731357 0.735226 9.99821E-05 0.0728596 0.118578 9.99821E-05
0.16939 0.498549 0.0282642 0.0580788 0.245618 9.99911E-05
9.99821E-05 0.100145 9.99821E-05 0.420701 0.0837806 0.395174
0.392219 0.31373 9.9982E-05 9.9982E-05 0.0727743 0.221077
9.99821E-05 0.223027 0.247175 0.325401 9.99821E-05 0.204197
0.0974915 0.13602 9.9991E-05 0.499535 0.0268662 0.239987
0.310568 0.343823 9.99731E-05 9.99731E-05 9.99731E-05 0.345309
9.9982E-05 0.21012 0.26161 0.390166 0.137905 9.9982E-05
0.154767 9.99731E-05 9.99731E-05 0.73414 0.110793 9.99731E-05
9.99642E-05 9.99642E-05 9.99642E-05 0.471523 9.99642E-05 0.528077
9.99642E-05 9.99642E-05 9.99642E-05 0.297876 0.701724 9.99642E-05
9.99732E-05 9.99732E-05 9.99732E-05 0.250189 0.25397 0.495541
9.99732E-05 9.99732E-05 9.99732E-05 0.388268 0.36119 0.250242
0.0215812 0.0437226 0.554237 0.242992 9.9991E-05 0.137367
0.416812 0.0949481 0.102767 0.366955 0.018418 9.9991E-05
0.156005 0.250339 0.499833 9.9991E-05 0.00527658 0.0884454
9.99731E-05 9.99731E-05 0.740531 0.114055 9.99731E-05 0.145114
0.179402 9.99732E-05 0.628007 0.192291 9.99732E-05 9.99732E-05
9.99731E-05 0.131151 0.416149 9.99731E-05 0.4524 9.99731E-05
9.99822E-05 0.467899 9.99822E-05 0.180725 0.130403 0.220772
0.511502 9.99731E-05 0.155805 0.332393 9.99731E-05 9.99731E-05
9.99732E-05 9.99732E-05 0.183739 0.402752 0.413209 9.99732E-05
0.168037 9.99642E-05 0.831563 9.99642E-05 9.99642E-05 9.99642E-05
9.99641E-05 9.99641E-05 9.99641E-05 0.43078 0.56882 9.99641E-05
0.182591 0.168257 9.99732E-05 9.99732E-05 9.99732E-05 0.648851
0.351011 0.209809 0.112447 0.198069 9.9991E-05 0.128565
0.332168 9.9982E-05 0.402914 9.9982E-05 0.0875992 0.177118
0.281178 9.9982E-05 0.226303 9.9982E-05 0.483474 0.00884511
9.9973E-05 0.175136 0.454702 0.369862 9.9973E-05 9.9973E-05
0.444899 0.00279121 9.9982E-05 0.221658 0.330451 9.9982E-05
9.99643E-05 0.184258 9.99643E-05 0.815342 9.99643E-05 9.99643E-05
0.199046 9.99731E-05 0.561438 0.239216 9.99731E-05 9.99731E-05
9.99732E-05 0.509223 0.315284 0.175194 9.99732E-05 9.99732E-05
0.0542011 9.9991E-05 0.0300445 0.343662 0.11332 0.458673
0.227008 0.0330488 0.0367099 0.392784 9.9991E-05 0.31035
0.301325 0.389378 9.99821E-05 9.99821E-05 0.265802 0.0432947
0.058028 0.120232 0.31531 0.360785 9.9991E-05 0.145545
9.99821E-05 0.0999969 0.406108 0.255077 0.238618 9.99821E-05
0.135215 0.36847 0.143678 0.192599 0.0815465 0.0784915
0.0259437 0.119956 9.99821E-05 0.110181 9.99821E-05 0.74372
9.9982E-05 0.155326 0.366212 0.308513 9.9982E-05 0.169749
0.00862935 0.190719 0.256551 9.99821E-05 9.99821E-05 0.5439
0.0197273 0.14683 0.333032 9.99821E-05 9.99821E-05 0.500211
9.9982E-05 0.408098 0.09345 9.9982E-05 0.189967 0.308285
0.191224 0.226279 0.324699 0.257598 9.99821E-05 9.99821E-05
9.99821E-05 9.99821E-05 0.93963 0.0379489 0.0112808 0.0109406
9.99643E-05 9.99643E-05 0.961442 9.99643E-05 0.0381582 9.99643E-05
0.608977 0.0844628 0.00750572 0.179583 9.99911E-05 0.119372
0.214753 0.019493 0.412863 0.300074 0.0527168 9.9991E-05
9.99822E-05 9.99822E-05 0.405251 0.408187 0.000727362 0.185634
0.0534442 9.99733E-05 9.99733E-05 0.820582 9.99733E-05 0.125674
0.220998 0.278005 9.9991E-05 0.0014468 0.0320464 0.467404
0.106768 9.99821E-05 9.99821E-05 0.300997 0.170414 0.421621
0.0267278 0.131705 9.9991E-05 0.366962 0.46716 0.00734495
0.216989 0.0881284 0.383558 0.311125 9.9982E-05 9.9982E-05
9.996E-05 0.9995 9.996E-05 9.996E-05 9.996E-05 9.996E-05
9.9991E-05 0.0887023 0.349204 0.226583 0.132125 0.203286
0.154717 0.39382 0.190809 0.260454 9.99821E-05 9.99821E-05
0.0432795 0.425543 9.99732E-05 9.99732E-05 9.99732E-05 0.530878
0.582569 0.128734 0.206479 0.0820172 9.99821E-05 9.99821E-05
0.392273 0.0185066 0.0558746 0.167193 9.9991E-05 0.366053
9.99731E-05 9.99731E-05 0.752746 0.161184 9.99731E-05 0.08577
0.159641 0.0542861 0.12328 0.312282 9.9991E-05 0.350412
9.99643E-05 0.48443 9.99643E-05 0.51517 9.99643E-05 9.99643E-05
9.99732E-05 0.344977 0.260491 9.99732E-05 9.99732E-05 0.394232
9.99821E-05 9.99821E-05 0.331222 0.576894 0.0190488 0.0726359
0.251459 0.215189 0.181699 9.99911E-05 0.213116 0.138437
0.0411556 9.99732E-05 0.802188 0.156357 9.99732E-05 9.99732E-05
0.00731622 0.12291 0.326031 0.235311 0.058698 0.249734
9.996E-05 0.9995 9.996E-05 9.996E-05 9.996E-05 9.996E-05
0.466136 0.345014 0.188266 9.99821E-05 0.000383657 9.99821E-05
0.0714836 0.208253 0.635206 0.048627 9.9991E-05 0.0363302
0.0546663 0.271691 0.109075 9.9991E-05 0.0297434 0.534724
0.802028 0.101775 9.99732E-05 9.99732E-05 9.99732E-05 0.0958971
0.310461 9.99731E-05 9.99731E-05 0.67408 9.99731E-05 0.0151592
9.99731E-05 9.99731E-05 0.61688 0.167573 9.99731E-05 0.215247
0.151847 9.99643E-05 0.847754 9.99643E-05 9.99643E-05 9.99643E-05
9.99821E-05 0.701131 0.0469517 0.0300643 9.99821E-05 0.221653
0.198672 0.0289437 0.0348139 0.6275 9.9991E-05 0.10997
0.131509 9.99821E-05 0.476807 0.360624 0.0308603 9.99821E-05
0.0644081 0.029284 0.783445 9.99821E-05 9.99821E-05 0.122663
0.26816 9.99821E-05 0.148514 0.157936 9.99821E-05 0.42519
0.00157015 0.368084 0.314612 0.223075 0.092559 9.9991E-05
0.174472 9.9991E-05 0.484707 0.157451 0.0798018 0.103468
0.390317 9.99642E-05 0.609283 9.99642E-05 9.99642E-05 9.99642E-05
0.571032 0.0218578 9.99821E-05 0.346684 0.0602255 9.99821E-05
9.99821E-05 0.386461 0.24305 9.99821E-05 0.294103 0.0761851
9.99643E-05 9.99643E-05 9.99643E-05 0.89777 9.99643E-05 0.10183
0.0421344 9.99821E-05 9.99821E-05 0.0258672 0.017028 0.91477
9.99732E-05 0.71549 9.99732E-05 0.142711 9.99732E-05 0.141499
0.0586246 0.582606 9.9991E-05 0.00124821 0.14964 0.207781
0.237172 0.210155 0.205314 0.335111 0.0121475 9.9991E-05
0.148346 0.105183 0.577421 0.122688 9.99911E-05 0.0462617
9.99732E-05 9.99732E-05 0.549582 9.99732E-05 0.422738 0.0273802
0.507193 0.059579 0.269279 9.99821E-05 9.99821E-05 0.16375
0.10105 0.106755 0.281296 0.282741 9.9991E-05 0.228058
9.99821E-05 0.049183 0.230381 0.580557 9.99821E-05 0.139679
9.9982E-05 0.242395 0.124574 0.582789 9.9982E-05 0.0500415
