0.37968 0.222755 0.155721 0.000205689 0.241538 9.9991E-05
0.357759 0.115327 0.0593971 0.22361 0.0360577 0.207849
0.0245828 0.0214952 0.0390328 0.69564 0.160863 0.0583862
0.202102 9.99821E-05 9.99821E-05 0.269608 0.457322 0.0707673
0.454902 0.0270448 0.00370949 9.9991E-05 0.233713 0.280531
0.194593 0.112659 9.9991E-05 0.444713 0.165309 0.0826255
0.373062 0.344372 0.0618749 9.99821E-05 9.99821E-05 0.220491
0.768069 0.0755855 9.99821E-05 0.0490355 9.99821E-05 0.10711
9.99643E-05 9.99643E-05 0.893182 9.99643E-05 0.106418 9.99643E-05
9.99732E-05 0.740737 0.235502 0.0234618 9.99732E-05 9.99732E-05
9.9982E-05 0.0372641 0.156394 0.330782 0.47536 9.9982E-05
0.276896 9.99821E-05 0.451086 9.99821E-05 0.0012232 0.270595
0.348894 9.99911E-05 0.221892 0.119028 0.07509 0.234996
0.0705214 0.462156 9.99821E-05 9.99821E-05 0.210677 0.256445
0.258045 9.99821E-05 0.626253 0.104634 9.99821E-05 0.0108678
0.530803 9.99732E-05 9.99732E-05 9.99732E-05 0.389148 0.079749
0.00851071 9.99821E-05 0.180514 0.499152 0.311623 9.99821E-05
0.0535283 0.150672 0.114161 0.431186 9.9991E-05 0.250352
0.28761 9.99731E-05 0.444429 0.267661 9.99731E-05 9.99731E-05
0.0332233 0.0391556 0.0276872 0.390429 0.341304 0.168201
9.99642E-05 0.992835 9.99642E-05 9.99642E-05 0.00676474 9.99642E-05
0.362536 9.99821E-05 0.454888 0.0653257 0.11705 9.99821E-05
9.99821E-05 9.99821E-05 0.12089 0.369299 0.370793 0.138819
0.167705 9.99731E-05 9.99731E-05 9.99731E-05 0.764154 0.0678414
0.0168057 0.0177566 9.99821E-05 0.31598 0.649258 9.99821E-05
0.225966 0.153186 0.0667948 9.9991E-05 0.412198 0.141755
0.164654 0.356088 0.0596698 9.9991E-05 0.357104 0.0623848
0.516135 0.120155 9.99732E-05 0.36341 9.99732E-05 9.99732E-05
0.106036 9.99821E-05 0.172476 0.61788 9.99821E-05 0.103408
9.996E-05 9.996E-05 9.996E-05 9.996E-05 0.9995 9.996E-05
0.191053 0.397227 0.00209844 0.203539 9.99911E-05 0.205982
0.278529 9.99821E-05 9.99821E-05 0.251305 0.105228 0.364738
9.99732E-05 0.158979 0.438579 0.402142 9.99732E-05 9.99732E-05
0.511829 0.092622 0.202054 0.00529839 0.12023 0.0679666
0.233273 9.9982E-05 9.9982E-05 0.243469 0.370438 0.15262
0.210247 0.755536 9.99731E-05 9.99731E-05 9.99731E-05 0.0339178
0.488084 9.99822E-05 0.0241165 0.289609 9.99822E-05 0.197991
9.99732E-05 9.99732E-05 0.00366117 0.853825 0.142214 9.99732E-05
0.237768 0.137343 9.9991E-05 0.254489 0.120114 0.250186
0.226604 9.99821E-05 9.99821E-05 0.508975 0.154504 0.109717
9.99911E-05 0.161218 0.322973 0.117301 0.343219 0.0551888
9.99821E-05 0.615734 0.228541 9.99821E-05 0.110244 0.0452814
0.308612 0.275982 0.0811795 0.11245 0.0776035 0.144172
0.222137 9.99911E-05 0.227154 0.267763 0.245262 0.0375842
0.217284 9.9991E-05 0.192448 0.182625 0.168197 0.239347
0.14731 0.144843 0.274315 0.314199 0.0632177 0.0561151
0.230361 0.2307 0.473134 9.99821E-05 0.0656053 9.99821E-05
0.0320348 0.184571 0.503454 0.142629 0.0254682 0.111842
0.397998 9.99733E-05 0.351266 9.99733E-05 0.250436 9.99733E-05
0.505675 0.166428 9.9991E-05 0.0621674 0.063205 0.202425
0.486294 9.99731E-05 9.99731E-05 0.0585565 0.45485 9.99731E-05
9.99821E-05 0.369562 0.260927 0.289426 9.99821E-05 0.0798853
0.183767 9.99821E-05 0.340385 0.0277111 0.447937 9.99821E-05
0.238462 9.99732E-05 9.99732E-05 0.554481 0.206757 9.99732E-05
0.138086 0.236026 0.307554 0.0918427 9.9991E-05 0.226391
0.327547 0.159721 0.499896 9.99821E-05 9.99821E-05 0.0126351
0.154194 0.136474 9.9991E-05 0.310108 0.363383 0.0357404
0.126137 0.302727 0.476134 9.99821E-05 9.99821E-05 0.0948032
0.18045 9.9991E-05 0.22449 0.255356 0.071054 0.26855
0.0858936 0.437571 9.9991E-05 0.235106 0.133637 0.107693
0.269899 9.99821E-05 0.0729816 0.433799 0.223121 9.99821E-05
9.9982E-05 0.118233 0.226549 9.9982E-05 0.273993 0.381025
0.185828 0.0345166 0.542178 0.0375977 0.0867671 0.113113
9.99821E-05 0.144683 9.99821E-05 0.0319649 0.77477 0.0483826
0.967621 0.0116711 9.99732E-05 9.99732E-05 0.020408 9.99732E-05
9.99731E-05 9.99731E-05 0.670022 9.99731E-05 0.323152 0.00652648
0.31108 0.2031 9.9991E-05 0.156185 0.149824 0.179711
0.277137 0.0235931 0.456279 0.0346677 0.00933767 0.198986
0.452809 9.99821E-05 0.282399 0.210515 9.99821E-05 0.0540776
0.317599 0.589942 9.99821E-05 0.0321751 0.0600839 9.99821E-05
0.0653823 0.194547 0.497973 0.0597047 0.0142013 0.168191
9.99731E-05 9.99731E-05 0.405809 9.99731E-05 0.335456 0.258436
0.120678 9.99732E-05 9.99732E-05 0.178042 9.99732E-05 0.700981
0.504724 0.0574662 0.108989 9.99821E-05 9.99821E-05 0.328622
0.592589 0.0512745 9.99908E-05 0.233909 9.99908E-05 0.122028
0.212041 0.00821437 0.40001 9.9991E-05 0.0115992 0.368036
0.0910967 9.99822E-05 0.64983 9.99822E-05 0.258088 0.000785317
9.9991E-05 0.207749 0.385808 0.159489 0.153671 0.0931828
0.396913 0.00728432 0.00457508 0.387418 0.0914984 0.112311
0.487296 9.9991E-05 0.02889 0.249327 0.0082375 0.22615
0.203032 9.99732E-05 9.99732E-05 0.242981 9.99732E-05 0.553687
0.290049 0.120404 0.0236902 0.161413 0.404344 9.99911E-05
0.00538273 0.6104 9.99732E-05 0.383918 9.99732E-05 9.99732E-05
0.217154 9.99821E-05 0.45039 0.0941219 0.238135 9.99821E-05
0.0215839 0.371458 0.262457 0.0484709 0.216686 0.0793444
0.227419 0.204183 0.115491 0.18863 0.13452 0.129758
9.99821E-05 0.348615 0.267114 0.263485 9.99821E-05 0.120587
9.99731E-05 9.99731E-05 0.0848291 9.99731E-05 0.786883 0.127988
9.99821E-05 0.143332 0.0497665 0.648148 0.158554 9.99821E-05
0.13352 0.0999248 0.428161 0.145115 0.19318 9.9991E-05
0.143894 9.99643E-05 9.99643E-05 9.99643E-05 0.855706 9.99643E-05
9.99732E-05 0.757642 9.99732E-05 9.99732E-05 0.180662 0.0613954
9.99821E-05 0.0920348 0.402495 9.99821E-05 0.212462 0.292808
9.9991E-05 0.203303 0.121074 0.392585 0.201626 0.0813118
9.99731E-05 0.0932114 0.757723 9.99731E-05 9.99731E-05 0.148765
9.99731E-05 9.99731E-05 0.411346 0.400607 9.99731E-05 0.187747
0.0853822 0.541335 0.107937 0.0207337 0.244512 9.9991E-05
0.185421 0.15366 0.660619 9.99731E-05 9.99731E-05 9.99731E-05
0.111893 9.9982E-05 9.9982E-05 0.222481 0.526351 0.139075
9.9991E-05 0.10786 0.155479 0.30004 0.352331 0.0841905
0.123522 0.687847 0.125903 9.99911E-05 0.00729548 0.0553329
9.99732E-05 0.0581796 9.99732E-05 0.0684489 0.873072 9.99732E-05
9.99821E-05 0.1106 0.512411 0.374273 0.00251609 9.99821E-05
9.99732E-05 0.0574463 9.99732E-05 0.914049 0.0282051 9.99732E-05
0.530486 0.0260188 0.109353 0.299488 9.9991E-05 0.0345538
0.360689 9.99731E-05 0.405301 9.99731E-05 0.23371 9.99731E-05
0.270255 0.24815 0.268955 0.145669 9.9991E-05 0.0668716
0.463475 0.139944 9.99821E-05 0.340329 9.99821E-05 0.0560515
0.571674 0.121042 0.132155 9.99821E-05 0.174929 9.99821E-05
0.0168457 0.255848 9.99911E-05 0.525482 0.192507 0.0092178
0.170105 0.69478 0.0279515 9.99911E-05 0.0903417 0.0167214
0.622992 0.0561011 9.99821E-05 9.99821E-05 0.250337 0.0703702
0.119087 0.257884 9.99732E-05 9.99732E-05 0.622729 9.99732E-05
0.668758 9.99642E-05 9.99642E-05 0.330842 9.99642E-05 9.99642E-05
9.996E-05 9.996E-05 9.996E-05 9.996E-05 0.9995 9.996E-05
9.99911E-05 0.137898 0.372757 0.376631 0.107082 0.00553196
0.349318 9.9991E-05 0.252808 0.207069 0.168034 0.022672
0.523294 0.00724276 0.456272 9.99821E-05 9.99821E-05 0.0129909
0.379596 9.9991E-05 0.0477112 0.240366 0.123221 0.209006
0.281795 0.0652359 9.9982E-05 0.519552 9.9982E-05 0.133218
0.163253 0.0649364 0.23162 9.99821E-05 0.539991 9.99821E-05
9.9982E-05 0.0820476 9.9982E-05 0.402329 0.205132 0.310292
0.523885 9.9973E-05 9.9973E-05 0.297647 0.178167 9.9973E-05
0.327481 0.656832 9.99732E-05 9.99732E-05 9.99732E-05 0.0153878
0.0503668 0.0366629 0.215829 0.243931 0.45311 9.99911E-05
0.426799 0.178562 0.27519 9.9982E-05 0.119249 9.9982E-05
9.99821E-05 0.397665 0.366013 9.99821E-05 0.21179 0.0243328
0.218969 9.9982E-05 9.9982E-05 0.372579 0.0494182 0.358834
9.99732E-05 0.261975 9.99732E-05 0.546579 0.191146 9.99732E-05
0.270111 0.363868 9.9991E-05 0.216419 0.0399182 0.109584
9.99642E-05 0.305196 0.694404 9.99642E-05 9.99642E-05 9.99642E-05
0.403897 0.359824 9.9991E-05 0.0849015 0.102475 0.048802
0.0879434 0.0358647 0.559063 0.220791 9.9991E-05 0.0962378
0.0419543 9.99821E-05 0.273601 0.610386 9.99821E-05 0.0738585
9.99821E-05 0.422219 0.308437 0.185045 9.99821E-05 0.0840996
0.630054 0.329656 9.99732E-05 0.0399897 9.99732E-05 9.99732E-05
0.702081 0.145101 9.99731E-05 0.152518 9.99731E-05 9.99731E-05
0.577112 0.0206113 9.99732E-05 0.401977 9.99732E-05 9.99732E-05
0.149883 0.0970607 0.428501 0.297866 9.99911E-05 0.0265896
0.605309 9.99731E-05 9.99731E-05 0.329615 0.0647759 9.99731E-05
9.99822E-05 9.99822E-05 0.0803007 0.5862 0.237919 0.09538
9.99821E-05 0.142257 9.99821E-05 0.680176 0.110255 0.0671126
0.116554 0.471618 0.41146 0.000168314 9.9982E-05 9.9982E-05
0.105657 0.266819 0.582786 0.014899 0.0297382 9.99911E-05
9.9991E-05 0.062588 0.0350029 0.0608948 0.778372 0.0630424
0.613322 0.0695159 9.9991E-05 0.137137 0.106464 0.0734614
9.996E-05 9.996E-05 9.996E-05 9.996E-05 9.996E-05 0.9995
0.231075 0.163136 0.0960108 0.403106 0.106572 9.9991E-05
0.16694 0.476688 9.9991E-05 0.0308073 0.241409 0.0840559
9.99821E-05 0.307358 0.208277 0.100621 9.99821E-05 0.383544
0.23021 0.0201063 0.210299 0.298905 9.99911E-05 0.24038
0.0956381 9.99731E-05 0.803627 9.99731E-05 9.99731E-05 0.100435
0.635139 0.226296 9.99821E-05 0.09108 0.0472855 9.99821E-05
0.628723 0.179595 0.0619192 9.99821E-05 9.99821E-05 0.129564
0.0810894 0.239844 9.99821E-05 9.99821E-05 0.335902 0.342965
0.0531307 0.143831 0.217782 0.414627 9.9991E-05 0.170529
0.0478182 9.99821E-05 9.99821E-05 0.716642 0.144776 0.0905638
0.254689 0.21044 0.185452 0.0816199 0.250119 0.0176797
0.904725 9.99642E-05 9.99642E-05 0.0948749 9.99642E-05 9.99642E-05
0.0976454 0.112743 0.12215 0.38098 0.274042 0.0124389
9.996E-05 9.996E-05 9.996E-05 9.996E-05 9.996E-05 0.9995
0.453103 0.0459226 0.203296 9.9991E-05 0.0198176 0.277761
0.518825 0.00148065 0.153269 0.0410934 0.109341 0.175992
0.0298164 0.206017 0.579033 9.99911E-05 0.175127 0.00990715
0.0828898 9.99732E-05 0.518978 9.99732E-05 9.99732E-05 0.397833
0.235853 0.0376291 0.338211 0.0914537 0.260498 0.0363542
0.691602 0.193395 9.99732E-05 0.114702 9.99732E-05 9.99732E-05
0.776228 9.99643E-05 9.99643E-05 0.223373 9.99643E-05 9.99643E-05
0.132271 0.235359 9.99821E-05 0.095253 9.99821E-05 0.536916
9.9991E-05 0.05555 0.20854 0.311801 0.220477 0.203532
0.453856 9.99732E-05 9.99732E-05 0.361636 0.184208 9.99732E-05
0.505261 0.0297742 9.99821E-05 0.280068 9.99821E-05 0.184697
0.165893 9.99731E-05 0.581632 0.252175 9.99731E-05 9.99731E-05
0.101936 0.143955 0.0089844 0.233975 0.368298 0.142851
0.530182 9.9982E-05 0.182499 0.0888286 0.19829 9.9982E-05
0.842049 9.99732E-05 0.0832437 9.99732E-05 9.99732E-05 0.0744078
0.19365 9.99911E-05 0.259515 0.00855887 0.288711 0.249465
9.99642E-05 0.397926 9.99642E-05 0.601675 9.99642E-05 9.99642E-05
0.109241 0.308525 9.99821E-05 0.558164 0.0238696 9.99821E-05
9.99731E-05 0.132304 0.612057 0.255339 9.99731E-05 9.99731E-05
9.99732E-05 0.604498 0.154332 9.99732E-05 9.99732E-05 0.24087
0.0777572 0.2701 0.265859 0.198331 0.0826519 0.105301
0.336816 0.231653 0.117747 9.9991E-05 0.218491 0.0951942
0.690482 9.99821E-05 9.99821E-05 0.0519992 0.0601465 0.197172
9.996E-05 9.996E-05 9.996E-05 0.9995 9.996E-05 9.996E-05
0.478139 9.99732E-05 0.365629 9.99732E-05 9.99732E-05 0.155932
0.235348 9.9982E-05 0.218618 0.337299 9.9982E-05 0.208535
0.226581 9.99731E-05 9.99731E-05 0.625394 9.99731E-05 0.147724
0.0349125 0.333887 9.9991E-05 0.517983 0.0407072 0.0724098
