0.623685 0.171343 0.0968244 9.99821E-05 9.99821E-05 0.107948
0.442182 0.028307 0.180718 0.219537 0.129156 9.9991E-05
0.272312 9.99821E-05 0.129034 9.99821E-05 0.149659 0.448795
0.21929 9.99821E-05 9.99821E-05 0.101206 0.602677 0.0766261
0.417242 0.14056 9.99821E-05 0.287126 9.99821E-05 0.154872
0.262943 9.9973E-05 9.9973E-05 0.416987 0.319769 9.9973E-05
0.209737 0.0508445 9.99821E-05 0.555138 0.184081 9.99821E-05
0.907779 0.0589371 9.99731E-05 9.99731E-05 0.0329842 9.99731E-05
9.99732E-05 9.99732E-05 0.667838 0.123648 0.208215 9.99732E-05
9.99732E-05 0.476909 9.99732E-05 9.99732E-05 0.279614 0.243177
9.9982E-05 0.300959 0.109782 9.9982E-05 0.434501 0.154558
0.54825 0.276971 0.174479 9.99731E-05 9.99731E-05 9.99731E-05
0.351661 0.261132 0.230478 0.0343141 0.117793 0.00462088
0.101931 0.207699 9.99821E-05 0.644969 0.0452009 9.99821E-05
0.297121 0.0146065 0.218459 0.0298289 0.439884 9.99911E-05
0.509267 0.129436 9.99732E-05 9.99732E-05 9.99732E-05 0.360997
0.368731 9.99821E-05 0.245475 0.189944 0.19565 9.99821E-05
9.99821E-05 0.25363 9.99821E-05 0.272368 0.359118 0.114685
0.276523 9.99641E-05 0.723077 9.99641E-05 9.99641E-05 9.99641E-05
0.257029 0.213656 9.99821E-05 9.99821E-05 0.425035 0.104081
9.99821E-05 0.300097 9.99821E-05 0.364954 0.272934 0.0618152
0.112333 9.9973E-05 0.626853 9.9973E-05 9.9973E-05 0.260514
0.0175052 9.9991E-05 0.0796567 0.422304 0.133618 0.346817
9.99641E-05 9.99641E-05 9.99641E-05 0.531624 9.99641E-05 0.467976
0.291849 0.00578996 9.9991E-05 0.127294 0.18498 0.389988
0.265126 0.113721 0.293774 9.9991E-05 0.0451252 0.282154
9.9973E-05 0.592788 0.232768 9.9973E-05 9.9973E-05 0.174144
0.300837 9.99821E-05 0.561768 0.00912599 0.128069 9.99821E-05
0.357523 9.99731E-05 0.076741 9.99731E-05 0.565436 9.99731E-05
9.99731E-05 0.0442411 9.99731E-05 9.99731E-05 0.276814 0.678645
9.99821E-05 0.0799874 0.415167 0.417661 0.0869838 9.99821E-05
0.406749 0.293815 9.99821E-05 0.193988 9.99821E-05 0.105249
9.99821E-05 9.99821E-05 0.379958 0.180644 0.0352599 0.403939
0.55426 0.0664934 0.214523 0.000110566 0.124969 0.0396449
0.427419 9.9991E-05 0.0565334 0.0626113 0.124943 0.328393
9.99732E-05 0.320606 9.99732E-05 0.527708 0.151386 9.99732E-05
0.644211 9.99732E-05 0.0301643 0.325325 9.99732E-05 9.99732E-05
9.99821E-05 9.99821E-05 0.329947 0.0728196 0.091279 0.505754
0.330236 0.173391 0.289396 0.058169 0.148709 9.9991E-05
0.69307 0.0310802 9.99821E-05 9.99821E-05 0.267108 0.00854135
9.99821E-05 0.329109 0.158998 9.99821E-05 0.440739 0.0709548
9.99911E-05 0.551944 0.00726993 0.24107 0.112889 0.0867272
0.276067 0.23253 9.99731E-05 0.491103 9.99731E-05 9.99731E-05
0.233175 0.0794052 0.29079 9.9991E-05 0.288073 0.108456
0.300544 0.34261 9.99821E-05 9.99821E-05 0.136647 0.219999
0.691518 0.14156 9.99732E-05 9.99732E-05 0.166622 9.99732E-05
0.446585 0.42461 9.99821E-05 9.99821E-05 0.0275269 0.101078
0.0355525 0.361477 0.151349 0.307189 0.144332 9.9991E-05
0.480811 0.273161 9.99733E-05 9.99733E-05 0.245729 9.99733E-05
0.596127 0.241437 9.99731E-05 9.99731E-05 0.162136 9.99731E-05
0.5223 9.9991E-05 0.0109509 0.0129488 0.131536 0.322164
9.99731E-05 9.99731E-05 0.192567 0.588101 0.219033 9.99731E-05
0.323337 0.0363169 0.348918 9.9991E-05 0.027403 0.263925
0.497823 9.99731E-05 9.99731E-05 9.99731E-05 0.410298 0.0915787
0.00493999 9.99731E-05 0.403089 0.591671 9.99731E-05 9.99731E-05
0.303854 9.99732E-05 0.635135 0.0607114 9.99732E-05 9.99732E-05
0.154633 9.9991E-05 0.174056 0.53454 0.0987314 0.0379397
9.99643E-05 9.99643E-05 0.294153 0.705447 9.99643E-05 9.99643E-05
0.281679 0.342784 0.364766 0.0105716 9.9982E-05 9.9982E-05
0.0610173 0.318017 9.9982E-05 0.282347 0.338419 9.9982E-05
0.114267 9.99821E-05 0.193014 9.99821E-05 0.646779 0.0457408
9.99731E-05 0.783533 9.99731E-05 0.181836 0.034331 9.99731E-05
9.9973E-05 0.246216 0.670568 9.9973E-05 0.0829169 9.9973E-05
0.0525978 0.0314701 9.99821E-05 9.99821E-05 0.311009 0.604724
0.503145 0.170338 9.99821E-05 0.101225 9.99821E-05 0.225092
9.99731E-05 0.312254 0.163236 9.99731E-05 0.524211 9.99731E-05
0.337687 9.9982E-05 9.9982E-05 0.384555 0.204081 0.0734771
0.388927 0.270177 0.340596 9.99731E-05 9.99731E-05 9.99731E-05
0.691592 0.0450852 0.263023 9.99731E-05 9.99731E-05 9.99731E-05
0.105048 0.280061 0.0740504 9.9991E-05 0.399765 0.140975
0.0281588 0.142554 0.283313 0.423469 0.122406 9.9991E-05
0.0304055 0.680098 0.26818 9.99821E-05 9.99821E-05 0.0211158
0.434488 9.99643E-05 9.99643E-05 0.565112 9.99643E-05 9.99643E-05
0.77165 0.19197 0.0360798 9.99732E-05 9.99732E-05 9.99732E-05
0.53034 9.99821E-05 9.99821E-05 0.195123 0.0162221 0.258115
0.167949 0.473315 0.255311 0.103224 9.99821E-05 9.99821E-05
0.269991 9.99822E-05 0.365264 9.99822E-05 0.349563 0.0149818
9.99731E-05 0.195024 0.468492 9.99731E-05 0.336184 9.99731E-05
0.0614093 9.99731E-05 0.115687 9.99731E-05 0.822604 9.99731E-05
0.406562 9.99731E-05 9.99731E-05 0.0650859 0.528053 9.99731E-05
0.858711 0.140889 9.99642E-05 9.99642E-05 9.99642E-05 9.99642E-05
0.464899 9.99821E-05 0.444528 0.00151981 9.99821E-05 0.0888533
9.99643E-05 9.99643E-05 0.489332 0.510268 9.99643E-05 9.99643E-05
0.236793 9.9991E-05 0.24047 0.086305 0.233452 0.202881
0.0115902 0.336218 0.00981287 0.496289 0.0864892 0.0596008
0.0227509 0.301479 0.233898 0.0512111 0.390561 9.9991E-05
9.9991E-05 0.213631 0.41198 0.326819 0.00178196 0.0456887
0.113896 0.0220251 9.9991E-05 0.195987 0.282381 0.385611
0.104927 0.014497 0.433884 9.9991E-05 0.189305 0.257287
0.350357 9.99821E-05 0.502046 9.99821E-05 0.0691444 0.0782521
0.141329 9.99642E-05 9.99642E-05 9.99642E-05 9.99642E-05 0.858272
9.99732E-05 0.349904 9.99732E-05 0.565153 9.99732E-05 0.0846433
0.0092171 0.531095 9.99821E-05 0.0960512 9.99821E-05 0.363437
9.99642E-05 9.99642E-05 9.99642E-05 0.378387 0.621213 9.99642E-05
0.0850834 0.512207 0.307615 0.0325079 9.9991E-05 0.0624863
0.181915 9.99821E-05 0.124871 0.372625 0.32039 9.99821E-05
9.9991E-05 0.191937 0.0751346 0.42001 0.143815 0.169003
0.131506 0.28546 0.410344 9.9982E-05 0.17249 9.9982E-05
0.18344 0.0967273 0.00808129 9.9982E-05 9.9982E-05 0.711552
9.9991E-05 0.0213513 0.084319 0.321087 0.0478057 0.525337
9.99732E-05 9.99732E-05 0.417687 0.552467 9.99732E-05 0.0295453
9.99643E-05 9.99643E-05 9.99643E-05 9.99643E-05 0.143168 0.856432
9.99732E-05 9.99732E-05 0.692773 0.228467 9.99732E-05 0.0784601
9.99643E-05 9.99643E-05 9.99643E-05 9.99643E-05 0.794611 0.20499
0.775826 9.99821E-05 0.111026 0.0343668 0.0785819 9.99821E-05
0.590551 0.103952 0.0423905 0.173247 9.9991E-05 0.089759
0.41013 0.019673 9.99731E-05 0.569897 9.99731E-05 9.99731E-05
0.628517 9.99822E-05 0.0291962 9.99822E-05 0.322085 0.0200024
0.813146 0.0549935 0.114551 9.99821E-05 0.0171097 9.99821E-05
0.150128 0.147809 9.99821E-05 9.99821E-05 0.331765 0.370098
0.00913546 0.265706 0.175674 0.322023 9.9991E-05 0.227362
0.696399 0.149985 9.99821E-05 9.99821E-05 0.074719 0.0786971
0.127627 9.99643E-05 9.99643E-05 9.99643E-05 9.99643E-05 0.871973
0.683241 9.99911E-05 0.0816936 0.0565694 0.0649477 0.113448
9.99642E-05 9.99642E-05 9.99642E-05 0.148821 9.99642E-05 0.850779
9.99732E-05 9.99732E-05 0.715375 0.088207 0.196118 9.99732E-05
0.259808 0.158084 0.0631592 9.99821E-05 0.518748 9.99821E-05
0.337097 0.319136 0.343467 9.99732E-05 9.99732E-05 9.99732E-05
0.277108 9.9973E-05 0.320214 9.9973E-05 9.9973E-05 0.402378
0.376036 9.9973E-05 9.9973E-05 0.2315 0.392164 9.9973E-05
0.0761751 9.99731E-05 0.323571 9.99731E-05 9.99731E-05 0.599954
0.0333661 9.9982E-05 0.0224191 0.659289 0.284725 9.9982E-05
0.670529 9.99821E-05 9.99821E-05 0.0793167 0.236383 0.0135716
0.0483577 0.32401 9.99821E-05 0.548078 9.99821E-05 0.0793536
0.402019 9.9991E-05 0.0578876 0.0781188 0.432556 0.0293193
0.192555 0.338513 0.163948 0.304785 9.9982E-05 9.9982E-05
0.248251 0.458527 9.99732E-05 9.99732E-05 9.99732E-05 0.292922
0.392641 9.99821E-05 0.528315 0.0453816 0.0334622 9.99821E-05
9.99643E-05 9.99643E-05 9.99643E-05 9.99643E-05 0.829204 0.170396
0.121947 0.342022 9.99821E-05 0.106145 9.99821E-05 0.429686
9.99821E-05 0.0359073 0.642709 0.248194 0.0729897 9.99821E-05
0.253113 0.103575 0.0278844 0.52465 0.039863 0.0509153
0.278237 0.144418 0.473283 0.103862 9.99821E-05 9.99821E-05
0.17704 0.0782908 0.388086 0.0728959 0.283588 9.9991E-05
9.99821E-05 0.452521 9.99821E-05 0.0509026 0.483518 0.012859
0.762733 9.99642E-05 9.99642E-05 0.236867 9.99642E-05 9.99642E-05
0.9995 9.996E-05 9.996E-05 9.996E-05 9.996E-05 9.996E-05
0.724487 9.99733E-05 9.99733E-05 9.99733E-05 0.0480236 0.22719
0.186539 0.237152 0.57601 9.99732E-05 9.99732E-05 9.99732E-05
0.865765 9.99731E-05 0.0426257 9.99731E-05 0.0913098 9.99731E-05
0.0335387 9.99821E-05 0.545105 0.184911 0.236246 9.99821E-05
9.99732E-05 9.99732E-05 0.26443 0.616572 9.99732E-05 0.118698
0.0246091 0.383475 0.113569 0.197984 0.241165 0.0391973
9.99911E-05 0.0486721 0.558384 0.131489 0.0632394 0.198115
0.0880493 0.153471 9.9991E-05 0.0535841 0.100853 0.603943
0.5342 0.0162758 0.135467 9.9991E-05 0.132426 0.181531
9.996E-05 0.9995 9.996E-05 9.996E-05 9.996E-05 9.996E-05
0.21622 0.0318397 0.0391814 9.9991E-05 0.572817 0.139842
0.184138 9.99732E-05 9.99732E-05 0.674211 9.99732E-05 0.141351
9.99821E-05 0.343333 0.448428 0.127931 0.0801084 9.99821E-05
0.294991 0.252411 0.279328 9.99911E-05 0.0870628 0.0861073
0.0737278 0.150207 0.510695 9.99821E-05 0.26517 9.99821E-05
0.56075 0.0235139 0.227269 0.00314508 0.11854 0.0667822
0.551241 0.0914569 0.318096 0.0128626 9.99911E-05 0.0262441
9.99732E-05 0.0327568 9.99732E-05 0.783561 9.99732E-05 0.183383
0.0941776 0.152759 9.99821E-05 0.189984 0.562879 9.99821E-05
0.0209892 9.9991E-05 0.146433 0.467234 0.241012 0.124232
0.114145 0.420811 9.99822E-05 9.99822E-05 0.331848 0.132996
0.875002 9.99821E-05 0.0580739 9.99821E-05 0.0460495 0.0206749
0.0183484 0.0303832 0.460538 0.130968 0.0915858 0.268176
9.996E-05 0.9995 9.996E-05 9.996E-05 9.996E-05 9.996E-05
0.469124 0.323458 0.207118 9.99731E-05 9.99731E-05 9.99731E-05
0.636625 0.00241739 0.0267653 0.307587 0.0265053 9.9991E-05
0.113339 0.288045 0.437183 0.038724 0.115556 0.00715219
0.252322 0.747278 9.99643E-05 9.99643E-05 9.99643E-05 9.99643E-05
0.511002 0.0735737 9.9982E-05 0.359803 9.9982E-05 0.0554218
0.647595 9.99911E-05 0.0301029 0.060404 0.068746 0.193052
0.783013 9.99644E-05 0.216587 9.99644E-05 9.99644E-05 9.99644E-05
9.99732E-05 0.0894125 9.99732E-05 0.772402 0.137885 9.99732E-05
0.153381 0.199345 0.0487461 0.247012 0.136411 0.215105
0.634509 9.99821E-05 0.0999996 9.99821E-05 0.17028 0.0950114
0.647407 9.99641E-05 0.352193 9.99641E-05 9.99641E-05 9.99641E-05
0.130607 9.99821E-05 0.398544 0.376003 0.0946473 9.99821E-05
0.68111 0.0175524 9.9991E-05 0.141887 0.0527967 0.106554
0.614371 9.99821E-05 0.193538 9.99821E-05 0.0950356 0.0968556
0.60548 0.00429597 0.280848 0.0163942 0.0928821 9.99911E-05
0.378354 0.244482 0.12269 0.105873 9.99911E-05 0.148501
9.99643E-05 9.99643E-05 9.99643E-05 0.239749 0.759851 9.99643E-05
0.00971829 0.183377 0.353432 0.180443 0.200423 0.0726068
9.99732E-05 0.193802 0.147747 9.99732E-05 0.65815 9.99732E-05
9.99821E-05 0.66491 0.0155187 0.317519 0.00185166 9.99821E-05
0.00146136 0.479367 0.278482 9.9991E-05 0.0399316 0.200658
0.167492 0.303548 0.0276199 0.0552016 0.270913 0.175226
0.752997 0.0397356 9.99822E-05 9.99822E-05 0.113892 0.0931752
9.99642E-05 9.99642E-05 9.99642E-05 9.99642E-05 0.983774 0.0158264
0.436112 0.142988 0.379241 9.99821E-05 0.0414588 9.99821E-05
0.712329 9.99731E-05 0.0187275 0.268644 9.99731E-05 9.99731E-05
0.36269 9.9991E-05 0.00298981 0.167146 0.444218 0.0228563
0.0185073 9.9991E-05 0.0897334 0.610251 0.0646578 0.21675
