9.9973E-05 9.9973E-05 9.9973E-05 0.143831 0.478777 0.377092
0.141294 0.0374383 0.177764 0.484141 0.0321591 0.127203
9.999E-05 0.0536948 0.351633 0.261922 0.164681 0.167969
0.143451 0.129408 0.30667 0.150737 0.154961 0.114774
0.0978564 0.0898114 0.35403 0.170189 0.188293 0.0998197
9.999E-05 0.126214 0.559842 0.171968 0.0673047 0.0745716
0.0116782 0.0773019 0.378223 0.019123 0.335524 0.17815
9.9982E-05 9.9982E-05 0.174601 0.464155 0.226455 0.134589
0.0262662 0.00547023 0.33885 9.9991E-05 0.247363 0.381951
0.147823 0.217414 0.0613936 9.9991E-05 0.193117 0.380152
0.126523 0.193639 0.158326 0.0731143 0.206721 0.241677
0.173497 9.9982E-05 0.273419 9.9982E-05 0.145361 0.407523
0.140205 0.0663179 0.349307 0.288631 0.155438 9.9991E-05
0.104946 0.136495 0.351917 0.00570687 0.288639 0.112296
0.00262916 0.0385063 0.589459 0.1827 0.186605 9.9991E-05
0.121116 0.0402517 0.0908736 0.453141 0.250817 0.0438013
0.0969337 0.142672 0.760094 9.9973E-05 9.9973E-05 9.9973E-05
0.190074 0.0630992 0.0878961 9.9991E-05 0.494887 0.163944
0.00586112 9.9991E-05 0.414843 0.0130109 0.154226 0.41196
0.127199 0.0359924 0.0298323 0.377085 0.193098 0.236792
9.999E-05 0.0248573 0.162443 0.216528 0.329121 0.266951
0.0753769 0.046347 0.356958 0.203823 0.180122 0.137374
0.0185372 0.0540066 0.59252 0.10379 0.196487 0.0346586
0.253109 9.9982E-05 9.9982E-05 0.53635 0.144518 0.0658234
9.9982E-05 0.319035 0.128175 9.9982E-05 0.287184 0.265407
0.0744316 0.0702396 0.263389 0.188315 0.192582 0.211042
0.184233 0.161721 0.13665 0.114793 0.23604 0.166563
0.00544656 0.164312 0.323101 0.00366924 0.201589 0.301883
0.163473 0.0133579 0.227282 0.479159 9.9991E-05 0.116628
0.562399 9.99729E-05 9.99729E-05 0.250103 0.187198 9.99729E-05
0.0694104 0.103889 0.445331 0.245276 9.9991E-05 0.135995
0.0683021 0.0185835 9.9982E-05 9.9982E-05 0.0943043 0.81861
0.0562627 9.9982E-05 0.779365 0.0301152 0.134057 9.9982E-05
9.999E-05 0.0425508 0.206399 0.466761 0.188038 0.0961507
9.999E-05 0.116628 0.0910567 0.107038 0.270493 0.414685
9.9973E-05 9.9973E-05 0.0130515 9.9973E-05 0.868134 0.118515
9.9982E-05 0.190741 0.347627 0.288328 0.173104 9.9982E-05
0.110683 0.148972 9.9982E-05 9.9982E-05 0.265433 0.474712
0.0955172 0.0808248 0.818137 0.00532123 9.9982E-05 9.9982E-05
9.9991E-05 0.0219236 0.156569 0.308868 0.302566 0.209973
0.0905816 0.0592054 9.9991E-05 0.328404 0.141083 0.380626
9.9991E-05 0.154848 0.16264 0.392274 0.16469 0.125447
9.9982E-05 0.0362322 9.9982E-05 0.473264 0.268603 0.221701
0.0624118 9.9991E-05 0.143683 0.0918132 0.121907 0.580085
0.164126 0.00647944 9.9991E-05 0.0375464 0.189633 0.602115
9.9991E-05 0.205331 0.341298 0.0864837 0.0653833 0.301404
0.132706 9.9982E-05 0.362838 0.27391 9.9982E-05 0.230346
0.129156 9.9982E-05 0.544012 0.255436 9.9982E-05 0.0711951
0.10646 9.9982E-05 9.9982E-05 0.4773 0.162498 0.253542
0.116822 9.9991E-05 0.300959 0.209119 0.105407 0.267593
0.0765186 0.137813 0.126804 0.0469291 0.402321 0.209614
0.0317666 9.9991E-05 0.496036 0.190605 0.160715 0.120778
0.0545258 0.0442864 0.50668 0.394308 9.9982E-05 9.9982E-05
0.127524 0.159539 0.25193 0.250529 0.200985 0.00949397
0.293202 9.9973E-05 9.9973E-05 0.134049 9.9973E-05 0.572448
0.00197746 0.0846671 0.402517 0.193718 0.249892 0.067228
0.25217 9.99641E-05 9.99641E-05 9.99641E-05 9.99641E-05 0.74743
0.179956 0.0222485 0.239436 0.200121 9.9991E-05 0.358138
0.101061 0.0986116 0.188689 0.34611 0.161257 0.104272
9.9991E-05 0.136023 0.20524 0.187356 0.17953 0.29175
0.0171524 9.9982E-05 0.139113 0.785186 0.0583487 9.9982E-05
0.0468518 0.113887 0.369605 0.191365 0.205746 0.0725459
0.0398311 9.9982E-05 0.632943 9.9982E-05 0.14441 0.182616
0.853677 0.0273207 9.9982E-05 0.0290718 0.0897302 9.9982E-05
9.9982E-05 0.251479 0.241524 0.44203 0.0647676 9.9982E-05
9.9991E-05 0.0153199 0.168961 0.162546 0.560474 0.0925993
9.9991E-05 0.0797581 0.00521176 0.361942 0.323495 0.229493
0.00920478 9.9991E-05 0.628059 0.095474 0.0690166 0.198146
0.0506207 0.0146863 0.283202 0.39702 0.254371 9.9991E-05
0.132144 0.0669191 0.10998 0.37063 0.249723 0.0706039
0.06464 0.141886 0.291171 0.172414 9.9991E-05 0.329789
0.105416 0.0198109 0.150616 0.265576 0.396894 0.0616863
0.0898349 0.0779604 0.376388 0.14183 0.280924 0.0330633
0.0557313 0.0669567 0.335318 0.329397 0.0143915 0.198206
0.176369 0.128006 0.0116552 0.31454 9.9991E-05 0.36933
0.0699089 0.0583891 0.157911 0.406116 9.9991E-05 0.307575
0.0694831 9.9991E-05 0.148431 0.392657 0.193385 0.195945
0.00991225 0.0879024 0.0120469 0.889938 9.9982E-05 9.9982E-05
9.9964E-05 9.9964E-05 0.173736 0.825865 9.9964E-05 9.9964E-05
0.162185 0.000648224 9.9973E-05 0.836866 9.9973E-05 9.9973E-05
0.062919 0.0325904 9.9991E-05 0.347386 0.193963 0.363042
0.0979438 0.0660527 0.540309 0.110396 0.126209 0.0590895
0.157768 9.9982E-05 9.9982E-05 0.353233 0.0748135 0.413985
0.0384622 0.0847196 0.342668 0.447495 0.086555 9.9991E-05
0.000266368 0.0309678 0.465826 0.132091 0.146312 0.224537
9.9982E-05 0.012576 9.9982E-05 0.348376 0.127702 0.511146
0.00902191 9.9991E-05 0.218237 0.0834253 0.559851 0.129365
9.9982E-05 0.0738978 0.469349 9.9982E-05 0.201546 0.255008
0.206488 0.178723 0.101422 0.146843 0.366424 9.9991E-05
9.9973E-05 9.9973E-05 0.0608307 9.9973E-05 0.31653 0.622339
0.946579 0.0530213 9.99639E-05 9.99639E-05 9.99639E-05 9.99639E-05
9.9991E-05 0.0512658 0.149715 0.101758 0.233568 0.463593
9.9991E-05 0.0346064 0.514765 0.109464 0.232882 0.108183
0.0764634 0.0264203 0.37558 0.164702 0.191597 0.165237
9.9991E-05 0.0568703 0.225738 0.423761 0.167409 0.126122
0.0678344 0.0584004 0.36634 0.465252 0.0361439 0.0060291
0.0230767 0.109842 9.9991E-05 0.39788 0.0938071 0.375295
9.9982E-05 0.0911269 0.470486 9.9982E-05 0.0380181 0.400169
0.490215 9.9982E-05 0.227195 9.9982E-05 0.252622 0.0297681
0.460215 9.9982E-05 0.35949 0.12642 9.9982E-05 0.0536747
0.133598 9.9991E-05 0.570093 0.0060644 0.20893 0.0812145
0.9995 9.996E-05 9.996E-05 9.996E-05 9.996E-05 9.996E-05
0.113035 0.181398 0.30739 0.323027 0.0750502 9.9991E-05
9.996E-05 0.9995 9.996E-05 9.996E-05 9.996E-05 9.996E-05
0.00758487 0.160712 0.346247 0.102628 0.195932 0.186895
9.9982E-05 0.0152124 0.497458 0.252214 9.9982E-05 0.234916
0.0223308 0.0594081 0.491667 0.198169 0.0696281 0.158797
9.9991E-05 0.146077 0.0218353 0.359983 0.256525 0.21548
0.071173 0.0768552 0.348826 0.0607127 0.169699 0.272734
0.119768 9.9991E-05 0.0251581 0.412753 0.291183 0.151037
9.9973E-05 0.151953 0.837685 9.9973E-05 0.010062 9.9973E-05
0.234558 9.9991E-05 0.0574065 0.0647577 0.262128 0.38105
0.0398933 0.0382332 0.0679082 0.575259 0.0217173 0.256989
0.515623 0.014899 0.315939 9.9982E-05 0.15334 9.9982E-05
0.199845 0.0919517 0.220072 0.487931 9.9982E-05 9.9982E-05
0.9995 9.996E-05 9.996E-05 9.996E-05 9.996E-05 9.996E-05
9.9991E-05 0.208504 0.402468 0.0138854 0.134974 0.240069
0.0365226 9.9991E-05 0.062629 0.34601 0.392997 0.161742
0.0815251 9.9982E-05 0.302714 0.334545 9.9982E-05 0.281016
0.0671655 0.0984082 0.0862591 9.9991E-05 0.351405 0.396662
0.0120378 0.0483425 0.562882 0.13056 0.246078 9.9991E-05
0.353542 0.0121622 0.197994 0.0546011 0.381601 9.9991E-05
0.17232 0.034293 0.353581 0.174599 0.150524 0.114684
9.9973E-05 0.0584502 0.602427 9.9973E-05 9.9973E-05 0.338823
0.165772 0.0142352 0.0327812 0.129803 0.184632 0.472777
0.00816381 9.9991E-05 0.754013 0.133826 0.035658 0.0682398
9.9982E-05 9.9982E-05 0.324098 0.0409722 0.221022 0.413709
0.173107 0.0821456 9.9991E-05 0.181738 0.161519 0.401389
9.9991E-05 0.00918967 0.477084 0.0278546 0.0140793 0.471693
0.180839 0.0767572 9.9982E-05 9.9982E-05 0.139288 0.602917
0.00312283 9.9982E-05 0.366921 9.9982E-05 0.424456 0.2053
9.9973E-05 9.9973E-05 0.372385 0.434041 0.193274 9.9973E-05
0.337671 0.0686303 0.473552 9.9991E-05 0.0341655 0.085881
0.0829338 0.0261952 0.157266 0.355772 0.147271 0.230561
0.0643629 0.0951529 0.464584 0.0845053 0.147537 0.143858
0.0648707 0.104141 0.458395 9.9991E-05 0.213899 0.158595
9.9982E-05 0.00179553 0.427889 0.383806 9.9982E-05 0.18631
0.0896475 0.0454963 9.9991E-05 0.633045 0.0782683 0.153443
0.117088 0.00533772 9.9991E-05 0.158211 0.214763 0.504499
0.12517 0.11649 0.237506 0.471052 0.0496813 9.9991E-05
0.115965 0.0461803 0.202827 0.206894 0.144507 0.283627
0.0496081 0.200785 0.508748 0.062914 0.0282459 0.149698
0.180172 0.0800891 0.251988 9.9982E-05 9.9982E-05 0.48755
0.0490746 0.00921002 9.9991E-05 0.037053 0.344582 0.559981
0.0886738 0.0826687 0.431991 0.267998 0.128569 9.9991E-05
0.363668 0.0587229 0.173748 0.0564455 0.347315 9.9991E-05
0.0429912 0.0563831 0.342447 0.428948 0.117419 0.0118123
9.996E-05 9.996E-05 9.996E-05 9.996E-05 0.9995 9.996E-05
9.9982E-05 0.0885949 9.9982E-05 0.422047 0.454841 0.0343164
9.9982E-05 0.230468 0.224272 0.359502 0.185558 9.9982E-05
0.062196 0.0553498 0.654292 9.9991E-05 0.0117321 0.21633
9.9991E-05 0.138447 0.173804 0.494765 0.129375 0.0635101
0.197071 0.0700728 9.9991E-05 0.272332 0.281403 0.179022
0.164653 9.9982E-05 9.9982E-05 0.498463 0.142935 0.193749
0.127224 0.0508132 0.490429 0.0516183 0.0985038 0.181412
0.205081 0.0417346 0.163165 0.466164 0.123755 9.9991E-05
0.0165491 0.0194112 0.163994 0.148636 0.271302 0.380108
0.0894378 0.129291 0.201428 0.228089 0.262927 0.0888269
0.149725 9.9982E-05 9.9982E-05 0.46125 0.334003 0.0548218
0.16742 0.0517473 0.338425 0.220379 0.0672161 0.154813
0.0219588 0.0760966 0.307389 0.242726 0.35173 9.9991E-05
9.996E-05 9.996E-05 9.996E-05 9.996E-05 0.9995 9.996E-05
9.9973E-05 9.9973E-05 0.30842 0.0822147 0.609066 9.9973E-05
0.0320815 0.0727806 0.0605053 0.834433 9.9982E-05 9.9982E-05
0.0675484 0.0539414 0.0422659 0.166947 0.22441 0.444887
9.9982E-05 0.0136995 9.9982E-05 0.196958 0.533576 0.255566
9.99819E-05 9.99819E-05 0.217848 0.189709 0.13786 0.454383
9.9982E-05 0.137634 0.352305 0.347359 0.162502 9.9982E-05
9.9973E-05 0.00586253 9.9973E-05 0.895605 0.0982325 9.9973E-05
0.0986313 9.9991E-05 0.205694 0.263148 0.393705 0.038722
0.0788888 9.9991E-05 0.206866 0.233363 0.0439336 0.436848
0.0864041 0.132769 0.545266 0.0306201 0.0223163 0.182625
0.136361 0.0122068 0.449437 0.129482 0.272414 9.9991E-05
9.9991E-05 0.145724 0.0904928 0.470021 0.0717254 0.221938
9.9991E-05 0.00510294 0.162544 0.472556 0.113089 0.246608
9.9991E-05 0.125206 0.423656 0.326739 0.00177939 0.12252
9.9991E-05 0.0006565 0.669593 0.121368 0.138688 0.0695952
9.9973E-05 0.0611068 0.394167 9.9973E-05 9.9973E-05 0.544426
9.996E-05 0.9995 9.996E-05 9.996E-05 9.996E-05 9.996E-05
0.192957 9.9982E-05 9.9982E-05 0.356365 0.0927873 0.357691
0.163509 0.136075 0.536488 9.9982E-05 0.163728 9.9982E-05
0.129421 0.0211276 9.9991E-05 0.0112782 0.554667 0.283407
0.0973633 0.0294517 0.00654778 0.45778 0.258117 0.150741
0.245177 9.9991E-05 0.335524 0.0369149 0.103686 0.278598
0.0278141 0.0496518 0.36454 0.0157721 0.233255 0.308967
9.996E-05 0.9995 9.996E-05 9.996E-05 9.996E-05 9.996E-05
0.0671995 0.043347 0.633514 9.9991E-05 0.197469 0.05837
0.0456366 0.177347 0.0775772 0.486614 0.212725 9.9991E-05
0.00175794 9.9991E-05 0.36048 0.503137 0.118846 0.015679
0.177751 9.9982E-05 9.9982E-05 0.354703 0.232313 0.235033
