9.99462E-05 9.99462E-05 0.0488243 9.99462E-05 9.99462E-05 9.99462E-05 9.99462E-05 0.0857506 0.433628 0.431197
0.0124885 9.9964E-05 0.089223 0.185287 9.9964E-05 9.9964E-05 0.0891629 0.110239 9.9964E-05 0.5132
0.449207 0.143043 9.99641E-05 0.0239195 0.107803 9.99641E-05 0.122035 9.99641E-05 0.153594 9.99641E-05
0.0365846 9.99641E-05 9.99641E-05 0.196505 0.153808 9.99641E-05 0.0113737 9.99641E-05 0.550217 0.0511118
0.0275086 9.9955E-05 0.124502 9.9955E-05 9.9955E-05 0.506612 0.127774 9.9955E-05 0.213104 9.9955E-05
9.995E-05 9.995E-05 9.995E-05 0.129325 0.205979 0.157556 9.995E-05 9.995E-05 0.479007 0.0276327
9.996E-05 0.109517 0.0755718 9.996E-05 9.996E-05 0.384188 9.996E-05 0.0592294 0.216303 0.15479
0.298643 9.99372E-05 0.0250173 9.99372E-05 9.99372E-05 9.99372E-05 9.99372E-05 9.99372E-05 0.67564 9.99372E-05
0.0387348 0.0387666 9.99641E-05 0.408524 9.99641E-05 0.389674 9.99641E-05 0.0637822 9.99641E-05 0.0601188
0.201962 0.461389 9.99642E-05 0.0453284 0.0418986 9.99642E-05 9.99642E-05 9.99642E-05 0.113472 0.13555
0.439866 0.00232505 0.0212432 0.0941808 0.118392 9.99731E-05 0.129485 9.99731E-05 0.194208 9.99731E-05
0.206129 9.996E-05 0.181391 0.280481 9.996E-05 0.165049 9.996E-05 0.106532 0.0600181 9.996E-05
0.225147 9.99641E-05 9.99641E-05 0.0117112 9.99641E-05 0.222605 9.99641E-05 0.0903162 0.193534 0.256287
0.214866 9.99641E-05 0.141998 0.116795 9.99641E-05 0.209591 0.035343 9.99641E-05 0.281008 9.99641E-05
9.99552E-05 9.99552E-05 9.99552E-05 0.806739 9.99552E-05 0.0581166 9.99552E-05 0.0546015 0.0764316 0.00361153
9.995E-05 9.995E-05 0.0893678 0.105794 9.995E-05 9.995E-05 0.196938 0.0499729 0.557427 9.995E-05
9.99641E-05 9.99641E-05 0.0443417 0.666863 0.00798097 9.99641E-05 0.0762904 9.99641E-05 0.139631 0.064493
9.99552E-05 9.99552E-05 0.17113 0.23009 0.16056 9.99552E-05 9.99552E-05 9.99552E-05 0.251418 0.186301
0.0242836 9.99371E-05 9.99371E-05 9.99371E-05 9.99371E-05 9.99371E-05 9.99371E-05 0.597363 9.99371E-05 0.377654
0.622075 0.0390834 9.99641E-05 9.99641E-05 0.0160527 0.119643 9.99641E-05 9.99641E-05 0.0963014 0.106444
9.99374E-05 0.429931 9.99374E-05 9.99374E-05 0.256388 9.99374E-05 9.99374E-05 9.99374E-05 9.99374E-05 0.312982
0.14743 0.254199 9.9955E-05 9.9955E-05 9.9955E-05 0.153792 0.093318 0.35076 9.9955E-05 9.9955E-05
9.99641E-05 9.99641E-05 0.0796474 0.302528 9.99641E-05 0.00171572 0.0760377 9.99641E-05 0.321862 0.21781
9.995E-05 9.995E-05 9.995E-05 9.995E-05 0.0945626 0.328773 0.389011 9.995E-05 0.037832 0.149321
0.132014 9.9964E-05 9.9964E-05 9.9964E-05 0.119778 9.9964E-05 0.389789 0.0823929 0.0619199 0.213707
0.0580711 0.0514024 9.9973E-05 0.074386 0.0199532 9.9973E-05 0.242663 0.211736 0.341488 9.9973E-05
0.287351 0.121794 0.218237 9.9982E-05 0.0268596 9.9982E-05 0.159223 0.125556 0.0470756 0.0137036
9.996E-05 9.996E-05 9.996E-05 0.152289 0.0134014 0.159092 9.996E-05 0.200551 0.140954 0.333313
0.463049 9.99551E-05 9.99551E-05 9.99551E-05 0.199049 9.99551E-05 9.99551E-05 0.0986182 0.071083 0.167701
9.99463E-05 0.0506955 9.99463E-05 9.99463E-05 0.136363 9.99463E-05 0.759976 9.99463E-05 0.0523657 9.99463E-05
9.996E-05 9.996E-05 0.149106 9.996E-05 0.230102 0.464255 9.996E-05 0.02493 0.0115147 0.119693
0.698911 9.99463E-05 0.0590144 9.99463E-05 9.99463E-05 9.99463E-05 9.99463E-05 0.00379465 0.23768 9.99463E-05
0.346515 0.652685 9.99283E-05 9.99283E-05 9.99283E-05 9.99283E-05 9.99283E-05 9.99283E-05 9.99283E-05 9.99283E-05
0.42303 9.99551E-05 9.99551E-05 9.99551E-05 9.99551E-05 0.0815332 0.0775152 0.0488787 0.368543 9.99551E-05
9.994E-05 9.994E-05 0.0344525 9.994E-05 9.994E-05 9.994E-05 0.15037 9.994E-05 0.718405 0.0961726
9.99373E-05 0.20886 9.99373E-05 9.99373E-05 9.99373E-05 9.99373E-05 9.99373E-05 9.99373E-05 0.117757 0.672683
0.0544623 9.99551E-05 0.184503 9.99551E-05 9.99551E-05 0.193598 9.99551E-05 0.295665 9.99551E-05 0.271272
0.00458005 0.0469561 9.99642E-05 9.99642E-05 0.0258738 9.99642E-05 0.0901131 0.11402 9.99642E-05 0.718057
9.99731E-05 0.00630333 0.173019 9.99731E-05 0.0459097 9.99731E-05 0.179713 0.228381 0.172658 0.193716
0.111177 9.9982E-05 0.0853753 0.0970913 0.179944 9.9982E-05 0.016265 0.00664422 0.27495 0.228354
0.0427813 0.0077591 0.0876167 0.30475 9.99642E-05 9.99642E-05 0.345818 9.99642E-05 9.99642E-05 0.210875
9.995E-05 0.622501 0.039841 0.185797 0.0584329 9.995E-05 0.092928 9.995E-05 9.995E-05 9.995E-05
0.292808 9.99641E-05 0.00238546 9.99641E-05 0.0740699 0.0808726 9.99641E-05 9.99641E-05 0.164412 0.385053
0.0418653 9.99642E-05 0.0609006 0.320986 0.175612 9.99642E-05 9.99642E-05 9.99642E-05 0.334136 0.0661002
0.534591 9.99731E-05 0.111807 0.0246067 9.99731E-05 9.99731E-05 0.0883283 0.095687 0.0244338 0.120246
9.99642E-05 0.0154142 0.12429 0.256858 9.99642E-05 9.99642E-05 9.99642E-05 0.0473684 0.323355 0.232314
9.99551E-05 0.295906 9.99551E-05 0.62943 9.99551E-05 9.99551E-05 9.99551E-05 0.00155553 0.0554429 0.0171654
0.101269 0.384902 0.0769423 0.309233 0.0393326 9.9964E-05 9.9964E-05 9.9964E-05 0.0879211 9.9964E-05
0.650773 0.000412371 9.99464E-05 0.0880579 9.99464E-05 9.99464E-05 9.99464E-05 0.260157 9.99464E-05 9.99464E-05
0.107207 9.99371E-05 0.106478 9.99371E-05 9.99371E-05 9.99371E-05 9.99371E-05 9.99371E-05 0.785616 9.99371E-05
9.99373E-05 9.99373E-05 9.99373E-05 9.99373E-05 0.0318298 9.99373E-05 0.0655965 9.99373E-05 0.901874 9.99373E-05
0.38119 9.99641E-05 0.0590973 0.0658747 0.332107 9.99641E-05 0.0563181 9.99641E-05 9.99641E-05 0.105013
9.995E-05 0.0953873 9.995E-05 0.294806 9.995E-05 9.995E-05 0.188764 9.995E-05 0.341673 0.0788694
9.99464E-05 9.99464E-05 9.99464E-05 9.99464E-05 0.124858 9.99464E-05 0.0907066 0.0674523 0.716384 9.99464E-05
0.173477 9.99551E-05 0.109657 0.0453621 9.99551E-05 0.60528 9.99551E-05 0.0657238 9.99551E-05 9.99551E-05
9.99552E-05 0.0698515 0.0515591 0.0693539 9.99552E-05 0.303369 9.99552E-05 0.505367 9.99552E-05 9.99552E-05
9.99641E-05 9.99641E-05 9.99641E-05 9.99641E-05 0.204277 0.0697264 0.295242 0.101221 0.177737 0.151397
0.174438 9.99364E-05 9.99364E-05 9.99364E-05 9.99364E-05 0.824763 9.99364E-05 9.99364E-05 9.99364E-05 9.99364E-05
0.0737027 9.9973E-05 0.179351 0.0939565 0.13551 0.114701 9.9973E-05 0.185605 0.216874 9.9973E-05
9.99461E-05 0.177251 0.0665676 9.99461E-05 9.99461E-05 9.99461E-05 9.99461E-05 9.99461E-05 0.158025 0.597557
0.089797 9.99552E-05 9.99552E-05 0.0624944 0.231463 9.99552E-05 9.99552E-05 0.152412 0.463334 9.99552E-05
0.0240752 0.0343853 0.367928 0.355182 9.9973E-05 9.9973E-05 0.101343 9.9973E-05 0.0785363 0.0382505
0.491061 0.100144 0.147174 0.210227 9.99551E-05 9.99551E-05 9.99551E-05 9.99551E-05 0.0508946 9.99551E-05
0.108981 9.99641E-05 0.0616239 9.99641E-05 0.112508 9.99641E-05 0.588131 0.0403815 0.0879751 9.99641E-05
0.174776 0.158204 9.99463E-05 9.99463E-05 9.99463E-05 9.99463E-05 9.99463E-05 0.0511782 0.615242 9.99463E-05
0.465117 9.99462E-05 9.99462E-05 0.203967 9.99462E-05 9.99462E-05 0.11906 0.211256 9.99462E-05 9.99462E-05
9.99551E-05 0.000267877 0.0280627 9.99551E-05 9.99551E-05 9.99551E-05 0.0612243 9.99551E-05 0.649628 0.260317
9.994E-05 9.994E-05 0.325721 0.0933307 9.994E-05 9.994E-05 9.994E-05 0.173831 0.406518 9.994E-05
0.0312028 0.0283069 0.132542 9.99641E-05 9.99641E-05 9.99641E-05 9.99641E-05 0.487064 0.311769 0.0087159
9.99551E-05 0.528608 9.99551E-05 9.99551E-05 0.189975 9.99551E-05 0.108559 0.149499 9.99551E-05 0.0228584
0.142648 0.143745 0.0899753 0.196193 0.079038 0.195906 9.9973E-05 9.9973E-05 0.152196 9.9973E-05
0.346133 0.0677573 0.232968 0.0340356 0.0293943 9.99731E-05 0.0816358 0.207776 9.99731E-05 9.99731E-05
0.0418824 9.99553E-05 0.1916 9.99553E-05 9.99553E-05 0.472165 9.99553E-05 9.99553E-05 0.0410951 0.252758
0.0694123 9.99642E-05 0.143859 9.99642E-05 9.99642E-05 0.0553676 0.143642 0.350683 0.236637 9.99642E-05
9.99376E-05 9.99376E-05 9.99376E-05 9.99376E-05 9.99376E-05 0.209977 0.0743559 9.99376E-05 0.714968 9.99376E-05
0.135833 9.99731E-05 0.113644 0.292601 9.99731E-05 0.0389419 9.99731E-05 0.225563 0.105053 0.0880643
9.99375E-05 9.99375E-05 9.99375E-05 0.698271 9.99375E-05 9.99375E-05 0.0441427 0.256886 9.99375E-05 9.99375E-05
0.448003 9.99641E-05 0.0954539 9.99641E-05 0.23392 0.203832 0.00491018 9.99641E-05 9.99641E-05 0.0134808
0.285369 9.9964E-05 9.9964E-05 0.0421337 0.321299 0.107072 9.9964E-05 0.188857 0.0548697 9.9964E-05
0.408182 9.99731E-05 0.0231954 0.150168 0.0774973 0.231014 9.99731E-05 9.99731E-05 0.100495 0.00914782
0.131832 9.99464E-05 0.367515 9.99464E-05 9.99464E-05 9.99464E-05 9.99464E-05 0.0332934 0.46676 9.99464E-05
0.178909 0.183029 9.99552E-05 9.99552E-05 0.108131 9.99552E-05 9.99552E-05 0.215426 0.314006 9.99552E-05
9.99285E-05 0.347233 9.99285E-05 9.99285E-05 9.99285E-05 9.99285E-05 9.99285E-05 9.99285E-05 9.99285E-05 0.651967
0.554367 9.99641E-05 9.99641E-05 0.070509 0.03666 9.99641E-05 0.140666 0.188059 0.00933965 9.99641E-05
0.235164 0.00144317 0.0695025 0.236004 9.9982E-05 0.108458 0.116761 9.9982E-05 0.124246 0.108221
0.0313957 0.108911 0.103342 0.205289 9.9964E-05 9.9964E-05 9.9964E-05 9.9964E-05 0.231822 0.31884
0.0896359 9.99463E-05 0.00850953 9.99463E-05 9.99463E-05 9.99463E-05 9.99463E-05 0.112811 9.99463E-05 0.788444
0.291919 9.99372E-05 9.99372E-05 9.99372E-05 9.99372E-05 0.249434 0.457948 9.99372E-05 9.99372E-05 9.99372E-05
9.99642E-05 0.169814 9.99642E-05 9.99642E-05 0.216455 9.99642E-05 0.206628 0.133823 0.22906 0.0438193
0.373203 0.329563 9.99461E-05 9.99461E-05 0.00226795 9.99461E-05 9.99461E-05 0.294367 9.99461E-05 9.99461E-05
9.99374E-05 9.99374E-05 9.99374E-05 0.122208 9.99374E-05 9.99374E-05 0.871554 0.00553823 9.99374E-05 9.99374E-05
9.99463E-05 0.692219 9.99463E-05 9.99463E-05 0.00214535 0.246674 0.0583623 9.99463E-05 9.99463E-05 9.99463E-05
9.99283E-05 0.954103 0.0450978 9.99283E-05 9.99283E-05 9.99283E-05 9.99283E-05 9.99283E-05 9.99283E-05 9.99283E-05
0.016177 0.0100039 9.99731E-05 0.30335 0.233976 0.0880556 0.00350809 9.99731E-05 9.99731E-05 0.344629
0.190762 0.575014 0.134781 0.0988431 9.9946E-05 9.9946E-05 9.9946E-05 9.9946E-05 9.9946E-05 9.9946E-05
0.137698 9.99551E-05 9.99551E-05 0.417934 0.0491862 0.101797 9.99551E-05 9.99551E-05 0.292885 9.99551E-05
9.996E-05 0.276018 9.996E-05 0.100649 9.996E-05 0.0984741 0.114303 9.996E-05 0.125157 0.284999
9.99371E-05 0.191578 9.99371E-05 0.640578 9.99371E-05 9.99371E-05 9.99371E-05 9.99371E-05 0.167145 9.99371E-05
9.99551E-05 0.124409 9.99551E-05 9.99551E-05 9.99551E-05 0.0139749 0.345729 0.0390753 0.476313 9.99551E-05
0.0373741 0.123197 0.0276698 0.0923046 9.99731E-05 0.0414796 0.227464 9.99731E-05 9.99731E-05 0.450211
9.99462E-05 0.198269 9.99462E-05 9.99462E-05 9.99462E-05 0.67855 0.00288666 9.99462E-05 9.99462E-05 0.119695
9.99374E-05 9.99374E-05 0.0512985 9.99374E-05 9.99374E-05 9.99374E-05 0.892587 9.99374E-05 9.99374E-05 0.0554144
0.336235 9.99465E-05 9.99465E-05 0.106376 0.00785251 9.99465E-05 9.99465E-05 9.99465E-05 9.99465E-05 0.548937
9.99372E-05 9.99372E-05 9.99372E-05 0.141303 0.720676 9.99372E-05 9.99372E-05 9.99372E-05 9.99372E-05 0.137321
0.0891256 9.995E-05 9.995E-05 0.0150718 9.995E-05 9.995E-05 9.995E-05 0.183776 0.502539 0.208988
9.99641E-05 0.155804 9.99641E-05 0.131688 9.99641E-05 9.99641E-05 0.136022 0.250977 0.276312 0.0487972
0.618323 0.011796 9.99461E-05 9.99461E-05 9.99461E-05 0.216154 9.99461E-05 9.99461E-05 0.153127 9.99461E-05
9.99642E-05 0.162051 9.99642E-05 9.99642E-05 0.0757181 0.0355775 9.99642E-05 0.196969 0.512581 0.016704
9.99552E-05 0.127815 0.140204 9.99552E-05 0.0166364 9.99552E-05 9.99552E-05 0.469159 0.245686 9.99552E-05
9.99641E-05 0.177338 0.0610567 9.99641E-05 0.329615 9.99641E-05 0.0923215 0.213666 0.125602 9.99641E-05
9.99821E-05 0.212152 0.0383755 0.145804 9.99821E-05 0.0030472 0.270533 0.0684671 0.0833208 0.1781
9.99642E-05 9.99642E-05 9.99642E-05 0.0847705 9.99642E-05 0.0215164 0.0657569 0.240091 0.309391 0.278075
9.99463E-05 0.128585 9.99463E-05 9.99463E-05 9.99463E-05 9.99463E-05 0.622264 0.216483 0.0320694 9.99463E-05
0.344432 9.99464E-05 9.99464E-05 9.99464E-05 0.00102028 9.99464E-05 9.99464E-05 0.00999293 0.643955 9.99464E-05
0.0341541 9.99373E-05 9.99373E-05 9.99373E-05 9.99373E-05 9.99373E-05 0.945265 9.99373E-05 9.99373E-05 0.0198816
9.994E-05 9.994E-05 9.994E-05 0.425311 0.366684 0.14012 9.994E-05 9.994E-05 0.0672857 9.994E-05
0.155381 9.996E-05 9.996E-05 0.338397 9.996E-05 9.996E-05 0.00335467 0.0748006 0.195912 0.231756
0.862438 9.99372E-05 9.99372E-05 9.99372E-05 9.99372E-05 9.99372E-05 9.99372E-05 0.0945921 0.0422706 9.99372E-05
0.130507 9.99461E-05 0.0911956 9.99461E-05 9.99461E-05 9.99461E-05 0.312778 0.46492 9.99461E-05 9.99461E-05
0.1351 9.9964E-05 9.9964E-05 9.9964E-05 0.0296493 9.9964E-05 0.0474603 0.100955 0.125815 0.56062
9.9973E-05 0.0795039 0.0867269 0.0263263 9.9973E-05 9.9973E-05 0.421715 0.130204 0.242008 0.0132157
9.99372E-05 9.99372E-05 9.99372E-05 9.99372E-05 9.99372E-05 0.326547 0.177094 9.99372E-05 9.99372E-05 0.495659
9.99463E-05 9.99463E-05 9.99463E-05 0.00102215 0.159287 0.0547721 9.99463E-05 9.99463E-05 0.784319 9.99463E-05
0.437648 0.283916 0.0318429 9.99641E-05 9.99641E-05 0.0105823 9.99641E-05 9.99641E-05 0.128795 0.106817
9.99462E-05 9.99462E-05 9.99462E-05 0.571758 0.035851 9.99462E-05 0.21164 9.99462E-05 0.180151 9.99462E-05
0.0498708 0.13346 9.996E-05 0.0407841 9.996E-05 0.0202324 9.996E-05 9.996E-05 0.401615 0.353638
0.0874361 0.419863 0.0654737 0.24623 9.99552E-05 9.99552E-05 0.180498 9.99552E-05 9.99552E-05 9.99552E-05
9.99641E-05 9.99641E-05 0.174552 0.0151636 0.00859799 9.99641E-05 9.99641E-05 0.279217 0.437892 0.0841771
0.0712531 9.99464E-05 9.99464E-05 9.99464E-05 0.343548 9.99464E-05 0.245279 9.99464E-05 9.99464E-05 0.33932
9.99642E-05 0.50786 0.077401 9.99642E-05 0.00216637 0.0205802 9.99642E-05 9.99642E-05 0.311325 0.0802678
9.99553E-05 0.188873 0.0288987 0.58201 0.0914083 9.99553E-05 9.99553E-05 0.108311 9.99553E-05 9.99553E-05
0.120941 0.0289438 9.997E-05 0.0634239 0.039514 0.0538569 9.997E-05 9.997E-05 0.39254 0.300481
0.225435 0.218145 9.99641E-05 0.269589 0.0968085 9.99641E-05 9.99641E-05 0.00999032 0.179632 9.99641E-05
0.0280773 9.99551E-05 0.125621 9.99551E-05 0.248073 9.99551E-05 9.99551E-05 0.295057 9.99551E-05 0.302672
0.0746433 0.110126 0.185421 9.99551E-05 0.192847 9.99551E-05 9.99551E-05 9.99551E-05 9.99551E-05 0.436463
9.99374E-05 9.99374E-05 9.99374E-05 9.99374E-05 9.99374E-05 9.99374E-05 9.99374E-05 0.233031 0.586484 0.179786
9.99372E-05 0.0357708 9.99372E-05 9.99372E-05 9.99372E-05 9.99372E-05 9.99372E-05 0.579491 0.384039 9.99372E-05
9.99377E-05 0.162081 9.99377E-05 9.99377E-05 9.99377E-05 9.99377E-05 9.99377E-05 0.118961 0.718258 9.99377E-05
0.117407 9.99642E-05 0.147042 0.0921918 0.0461473 9.99642E-05 9.99642E-05 0.336361 9.99642E-05 0.260452
9.994E-05 9.994E-05 9.994E-05 0.174023 9.994E-05 9.994E-05 9.994E-05 0.314417 0.376805 0.134155
9.99463E-05 9.99463E-05 9.99463E-05 9.99463E-05 0.331628 0.29731 9.99463E-05 0.220703 0.149759 9.99463E-05
9.99287E-05 9.99287E-05 9.99287E-05 9.99287E-05 9.99287E-05 9.99287E-05 9.99287E-05 9.99287E-05 0.22653 0.772671
0.00159737 0.646476 9.99551E-05 0.127841 9.99551E-05 0.039695 9.99551E-05 9.99551E-05 0.183891 9.99551E-05
0.217684 0.436836 9.99642E-05 0.0769127 0.226752 9.99642E-05 0.0245423 9.99642E-05 9.99642E-05 0.0168732
9.99552E-05 0.116152 0.0647058 9.99552E-05 9.99552E-05 9.99552E-05 0.617289 9.99552E-05 0.172879 0.0284739
9.9964E-05 0.128583 9.9964E-05 0.0313569 9.9964E-05 0.107149 9.9964E-05 0.357374 0.240631 0.134507
9.99201E-05 9.99201E-05 0.999101 9.99201E-05 9.99201E-05 9.99201E-05 9.99201E-05 9.99201E-05 9.99201E-05 9.99201E-05
0.464614 9.99462E-05 9.99462E-05 9.99462E-05 0.038701 9.99462E-05 9.99462E-05 9.99462E-05 0.31764 0.178445
9.99731E-05 0.122621 0.0477062 9.99731E-05 0.0475938 0.276107 0.152475 9.99731E-05 0.262384 0.0908128
9.99731E-05 0.0320227 0.326027 0.102479 0.153353 0.292691 0.00175806 0.09137 9.99731E-05 9.99731E-05
0.0430488 0.145828 0.0466817 9.997E-05 0.0724029 0.18026 9.997E-05 0.368672 9.997E-05 0.142807
0.458974 9.99462E-05 0.0230154 0.48955 9.99462E-05 9.99462E-05 9.99462E-05 9.99462E-05 9.99462E-05 0.0278616
0.0906078 0.106263 9.9955E-05 9.9955E-05 9.9955E-05 0.206896 9.9955E-05 0.284717 0.311016 9.9955E-05
0.200107 9.99731E-05 0.0466545 0.0158205 9.99731E-05 0.145395 9.99731E-05 0.107505 0.0827273 0.401491
9.995E-05 9.995E-05 0.160932 9.995E-05 9.995E-05 0.321361 0.202993 9.995E-05 0.0986077 0.215606
0.0200824 0.175773 0.223703 0.292624 0.11724 9.99732E-05 9.99732E-05 0.0247703 0.145507 9.99732E-05
0.490552 9.994E-05 9.994E-05 9.994E-05 0.182191 0.0556939 9.994E-05 9.994E-05 9.994E-05 0.270963
0.569042 0.00644153 0.0483687 9.99554E-05 0.278802 9.99554E-05 9.99554E-05 9.99554E-05 0.0968453 9.99554E-05
0.0734956 9.99464E-05 9.99464E-05 9.99464E-05 9.99464E-05 9.99464E-05 9.99464E-05 0.138228 0.717037 0.0706403
9.996E-05 0.20406 9.996E-05 9.996E-05 0.0282167 9.996E-05 0.169218 0.259936 0.0290137 0.309156
9.99201E-05 9.99201E-05 0.999101 9.99201E-05 9.99201E-05 9.99201E-05 9.99201E-05 9.99201E-05 9.99201E-05 9.99201E-05
9.994E-05 0.184508 0.264163 9.994E-05 9.994E-05 9.994E-05 9.994E-05 0.168037 0.382693 9.994E-05
0.596797 9.99462E-05 9.99462E-05 9.99462E-05 9.99462E-05 9.99462E-05 9.99462E-05 0.0739542 0.24849 0.0801593
0.0623192 0.0292152 0.0715941 0.601745 9.99731E-05 0.0156593 0.0229088 0.196259 9.99731E-05 9.99731E-05
0.379803 0.148772 0.195751 0.202366 9.996E-05 9.996E-05 9.996E-05 0.0292403 0.0436682 9.996E-05
0.175745 9.99552E-05 9.99552E-05 0.175447 9.99552E-05 0.0370033 9.99552E-05 9.99552E-05 0.183891 0.427415
9.99552E-05 0.246338 9.99552E-05 9.99552E-05 0.155741 0.154849 9.99552E-05 0.114296 0.328276 9.99552E-05
9.99283E-05 9.99283E-05 9.99283E-05 9.99283E-05 0.0169305 9.99283E-05 9.99283E-05 0.98227 9.99283E-05 9.99283E-05
0.119127 0.0717368 0.0553733 0.0750756 9.99731E-05 0.653964 9.99731E-05 9.99731E-05 0.0177277 0.0066953
0.00989378 9.998E-05 0.086271 0.1085 0.0690549 0.0347823 9.998E-05 0.0630513 0.222189 0.406057
9.99463E-05 9.99463E-05 9.99463E-05 9.99463E-05 9.99463E-05 9.99463E-05 0.107977 0.344334 0.447217 0.099872
0.168661 0.00545948 0.037758 9.99731E-05 0.0251683 0.0549823 9.99731E-05 0.0427367 0.664934 9.99731E-05
9.99551E-05 9.99551E-05 9.99551E-05 0.31911 0.118265 0.191369 9.99551E-05 0.291653 9.99551E-05 0.0791034
0.148129 0.0191179 9.99552E-05 9.99552E-05 9.99552E-05 9.99552E-05 0.298494 9.99552E-05 0.474717 0.0590415
9.99551E-05 9.99551E-05 0.0293522 0.185733 9.99551E-05 9.99551E-05 0.0368372 0.0227169 0.724861 9.99551E-05
9.99464E-05 0.0587965 9.99464E-05 9.99464E-05 9.99464E-05 0.187353 9.99464E-05 0.168708 0.584543 9.99464E-05
0.234869 0.0847904 0.116112 0.00190185 9.99821E-05 0.0459054 0.187492 9.99821E-05 0.000766287 0.327964
9.99373E-05 0.0190459 0.00100866 9.99373E-05 0.979246 9.99373E-05 9.99373E-05 9.99373E-05 9.99373E-05 9.99373E-05
9.99373E-05 9.99373E-05 9.99373E-05 9.99373E-05 0.162877 9.99373E-05 9.99373E-05 9.99373E-05 0.0845146 0.751909
0.325288 0.0655405 9.995E-05 0.561353 0.00480625 9.995E-05 9.995E-05 9.995E-05 9.995E-05 0.0425124
9.99374E-05 0.445592 0.317203 9.99374E-05 9.99374E-05 9.99374E-05 9.99374E-05 9.99374E-05 9.99374E-05 0.236505
0.114055 0.275769 0.131317 0.0782831 0.11695 9.99731E-05 9.99731E-05 0.206705 9.99731E-05 0.0766213
0.00787174 0.309579 0.0407394 0.0653559 9.996E-05 0.0208814 9.996E-05 9.996E-05 0.555173 9.996E-05
0.172404 0.0500683 9.99553E-05 9.99553E-05 9.99553E-05 0.19322 9.99553E-05 9.99553E-05 0.489188 0.0946199
9.99201E-05 9.99201E-05 9.99201E-05 9.99201E-05 0.999101 9.99201E-05 9.99201E-05 9.99201E-05 9.99201E-05 9.99201E-05
9.99552E-05 9.99552E-05 0.0558822 0.40537 9.99552E-05 0.0561776 9.99552E-05 0.250236 0.231834 9.99552E-05
0.211923 9.99641E-05 0.0120572 0.0983428 9.99641E-05 9.99641E-05 9.99641E-05 0.142121 0.339413 0.195743
0.0273616 9.99731E-05 0.00362994 9.99731E-05 0.0634555 0.192191 0.100535 0.0690685 9.99731E-05 0.543458
9.9964E-05 0.00112762 9.9964E-05 9.9964E-05 0.0493999 0.102333 0.11775 9.9964E-05 0.235254 0.493735
