0.601689 0.162667 0.235644
0.473514 0.144953 0.381533
0.417739 0.285565 0.296696
0.434018 0.157826 0.408156
0.459519 0.264631 0.27585
0.488591 9.9991E-05 0.511309
0.669906 0.0993806 0.230714
0.9998 9.999E-05 9.999E-05
0.0484848 0.7899 0.161616
0.0130282 0.363743 0.623229
0.0635274 0.45506 0.481413
0.201377 0.798523 9.99911E-05
0.480466 0.368094 0.151441
0.461378 0.140588 0.398034
0.386995 0.612905 9.99911E-05
0.653994 9.99911E-05 0.345906
0.267816 0.446421 0.285763
0.268325 0.160584 0.571091
0.535658 0.464242 9.99911E-05
0.297542 0.0587916 0.643666
9.99911E-05 0.166045 0.833855
0.458214 0.541686 9.9991E-05
0.215107 9.9991E-05 0.784793
0.0448075 9.99911E-05 0.955092
9.99911E-05 0.157292 0.842608
0.250163 0.274577 0.47526
0.0710129 0.624399 0.304588
0.805141 0.194759 9.99911E-05
0.651934 0.347967 9.9991E-05
0.209509 0.063727 0.726763
0.23183 0.448549 0.319621
0.786189 0.213711 9.99911E-05
0.365392 0.341817 0.292791
0.763534 0.236366 9.99911E-05
0.524809 9.9991E-05 0.475091
0.341516 0.176684 0.4818
0.596605 0.166495 0.236899
0.253306 0.158345 0.588349
0.657174 0.162319 0.180506
0.609601 0.0831913 0.307208
9.99911E-05 0.561524 0.438376
9.9991E-05 0.57423 0.42567
0.325759 0.183595 0.490646
0.307437 0.355398 0.337165
0.638737 0.19449 0.166772
0.809516 0.0573938 0.13309
0.456547 0.265442 0.278011
0.108585 0.629719 0.261696
0.693776 0.274959 0.0312656
0.645035 0.0835317 0.271434
0.705757 9.9991E-05 0.294143
9.99911E-05 0.523441 0.476459
0.188037 0.507447 0.304516
0.9998 9.999E-05 9.999E-05
0.363453 0.448794 0.187753
0.341142 0.597522 0.0613361
0.189548 0.228441 0.58201
9.99911E-05 0.870558 0.129342
0.318549 0.620347 0.0611037
0.268545 0.108305 0.62315
0.566132 0.353275 0.0805927
9.9991E-05 0.457787 0.542113
0.090898 0.909002 9.9991E-05
0.271651 9.99911E-05 0.728249
0.627473 0.132161 0.240366
0.0895704 0.713871 0.196559
0.530574 9.9991E-05 0.469326
0.533483 0.466417 9.9991E-05
0.709594 0.290306 9.9991E-05
0.140749 0.406653 0.452598
0.341516 0.531388 0.127095
0.0912744 0.876579 0.0321469
0.814511 9.99911E-05 0.185389
0.818334 0.181566 9.99911E-05
0.772389 9.99911E-05 0.227511
0.329098 0.670802 9.99911E-05
0.501459 0.360136 0.138404
9.9991E-05 0.787159 0.212741
0.365182 0.404722 0.230097
0.600302 0.399598 9.9991E-05
0.912409 0.0490016 0.0385892
0.340631 0.380656 0.278713
0.499855 0.176208 0.323937
0.687147 0.201355 0.111498
0.379159 0.257262 0.363579
0.169239 0.410375 0.420386
0.188241 0.482928 0.328831
0.0548059 0.168797 0.776397
0.60147 0.0293702 0.36916
0.432932 0.461449 0.105619
0.267436 9.99911E-05 0.732464
9.99911E-05 0.32217 0.67773
0.0481352 0.697815 0.25405
9.99911E-05 0.307982 0.691918
9.9991E-05 0.914927 0.0849725
0.484825 0.340241 0.174934
0.00856272 0.209009 0.782429
0.207694 0.792206 9.9991E-05
0.421743 9.9991E-05 0.578157
0.0545389 0.160994 0.784467
9.99911E-05 0.494928 0.504972
9.999E-05 9.999E-05 0.9998
9.99911E-05 0.421787 0.578113
9.99911E-05 0.138366 0.861534
0.820124 0.0954355 0.0844401
0.400732 0.488924 0.110344
0.658402 0.307372 0.0342261
0.694028 9.99911E-05 0.305872
0.577205 0.413201 0.00959449
0.705537 9.99911E-05 0.294363
0.428501 0.195174 0.376325
0.553573 0.137098 0.30933
0.254162 9.99911E-05 0.745738
0.930615 0.00285324 0.0665319
9.999E-05 9.999E-05 0.9998
0.187475 0.812425 9.99911E-05
0.481703 0.350145 0.168152
0.492211 0.507689 9.9991E-05
0.712246 0.204651 0.0831024
0.645521 9.9991E-05 0.354379
0.167002 0.320908 0.51209
0.276448 0.050289 0.673263
0.920283 9.9991E-05 0.0796172
0.35355 0.254622 0.391828
0.237725 0.352938 0.409337
0.270929 0.449312 0.279759
0.20897 0.520572 0.270458
0.729965 0.220163 0.0498718
0.224805 9.99911E-05 0.775095
0.519906 0.164514 0.31558
9.99911E-05 0.900269 0.0996307
0.490545 0.124821 0.384635
0.323941 0.675959 9.99911E-05
0.453191 0.546709 9.99911E-05
9.99911E-05 0.539141 0.460759
0.770996 9.99911E-05 0.228904
0.9998 9.999E-05 9.999E-05
0.9998 9.999E-05 9.999E-05
0.308889 0.686726 0.00438498
0.9998 9.999E-05 9.999E-05
0.709522 0.0783313 0.212147
0.130049 0.214879 0.655072
0.0187109 0.704613 0.276676
9.99911E-05 0.723509 0.276391
0.295238 9.9991E-05 0.704662
0.763513 0.16355 0.0729377
9.9991E-05 0.629453 0.370447
0.427295 0.122733 0.449973
0.340606 9.99911E-05 0.659294
0.208738 0.509859 0.281403
0.3366 0.6633 9.99911E-05
0.180493 0.819407 9.99911E-05
0.76126 0.164041 0.0746983
0.248341 0.611426 0.140233
0.155461 9.99911E-05 0.844439
0.403359 0.479491 0.11715
0.536576 0.112357 0.351067
0.193099 0.536045 0.270857
0.964824 9.99911E-05 0.0350762
0.452895 0.152598 0.394507
9.99911E-05 0.67458 0.32532
0.475914 0.523986 9.99911E-05
0.866108 9.9991E-05 0.133792
0.249038 0.750863 9.99911E-05
9.999E-05 0.9998 9.999E-05
0.436222 0.183736 0.380042
0.64621 0.179328 0.174462
0.9998 9.999E-05 9.999E-05
0.371886 0.276302 0.351812
0.242605 0.339977 0.417418
0.857954 0.0291899 0.112856
0.904399 0.095501 9.9991E-05
0.337716 0.662184 9.99911E-05
0.514048 9.9991E-05 0.485852
0.855396 0.0192324 0.125371
0.75342 0.24648 9.99911E-05
0.280319 0.251762 0.467919
0.142498 0.203967 0.653535
0.153407 0.154619 0.691974
9.99911E-05 0.790894 0.209006
9.99911E-05 0.691024 0.308876
0.579489 0.398086 0.0224248
0.235987 0.41302 0.350993
0.666517 0.210649 0.122833
0.4692 0.0600433 0.470757
0.458024 0.541876 9.99911E-05
0.66883 0.16685 0.16432
0.378305 0.160573 0.461121
0.419434 9.9991E-05 0.580466
