9.9973E-05 0.77786 9.9973E-05 0.0813046 0.00447314 9.9973E-05 0.119474 0.0165874
0.164282 0.276705 0.349319 9.9982E-05 9.9982E-05 0.0607863 0.124373 0.0243351
0.168517 0.35881 0.0546717 0.107361 0.0500053 0.0174262 0.232219 0.0109897
0.0233856 0.444054 0.201232 0.152022 0.062391 0.0830702 9.9991E-05 0.033745
0.0293916 0.0821393 0.468763 0.097936 0.139309 9.9991E-05 0.0645046 0.117856
9.9973E-05 0.108034 0.585429 9.9973E-05 0.0961075 9.9973E-05 0.0400456 0.170083
9.999E-05 0.298795 0.230912 0.0441561 0.190367 0.0573226 0.128604 0.0497435
0.326572 0.153867 9.9973E-05 0.450977 0.0463428 0.021941 9.9973E-05 9.9973E-05
0.0187771 0.0430851 0.139128 0.453294 0.035 0.0325302 0.175941 0.102245
9.9964E-05 9.9964E-05 9.9964E-05 0.739034 0.019193 0.120612 9.9964E-05 0.120762
0.0172827 9.9991E-05 0.120569 0.521568 0.0663613 0.0103467 0.158813 0.10496
9.9973E-05 9.9973E-05 0.283758 0.23813 0.0294996 0.0467937 0.401519 9.9973E-05
9.999E-05 0.103711 0.376397 0.31409 0.0725648 0.0165325 0.100203 0.0164016
0.101695 0.189284 0.295231 0.0410143 0.0667596 0.0427317 0.137654 0.12563
0.237445 9.9964E-05 0.658213 9.9964E-05 0.102972 9.9964E-05 9.9964E-05 0.000970458
0.593843 9.9982E-05 9.9982E-05 0.092944 0.125853 0.0788193 0.0989964 0.00934474
0.0196002 9.9964E-05 0.807573 9.9964E-05 0.0077371 9.9964E-05 9.9964E-05 0.164689
0.133656 0.10312 9.9982E-05 0.365489 0.13613 0.202488 9.9982E-05 0.0589163
0.07666 0.208448 0.246965 0.100019 0.112835 9.9991E-05 0.214204 0.0407686
0.18241 0.244955 0.133762 9.9991E-05 0.0780857 0.114295 0.127761 0.118631
0.0365501 0.263785 0.030904 0.17751 0.0752424 9.9991E-05 0.303258 0.112651
0.0543528 0.181436 0.277891 0.0651812 0.0979163 0.0292838 0.293839 9.9991E-05
9.9973E-05 0.227278 0.351366 9.9973E-05 0.152294 9.9973E-05 0.210527 0.0582344
9.9982E-05 0.150427 0.305039 9.9982E-05 0.0939334 0.209962 0.181817 0.0586208
9.9964E-05 9.9964E-05 9.9964E-05 0.349245 0.169427 9.9964E-05 0.260205 0.220724
9.99731E-05 0.214401 0.315378 0.448184 0.0167921 0.00494531 9.99731E-05 9.99731E-05
0.179149 0.12981 9.9991E-05 0.149777 0.0877084 0.0870177 0.253953 0.112486
0.0803862 0.270473 0.304122 0.0175935 0.0633531 0.0888137 0.0899619 0.0852969
0.10444 0.0825293 0.388864 0.251496 9.9982E-05 0.10271 9.9982E-05 0.0697606
0.0403208 9.99639E-05 0.204387 0.126657 9.99639E-05 0.628236 9.99639E-05 9.99639E-05
0.0876277 9.9991E-05 0.388684 0.0815527 0.104007 0.0340069 0.263232 0.0407894
9.9973E-05 0.00931553 9.9973E-05 0.625581 0.00179186 9.9973E-05 0.285705 0.0773063
9.9973E-05 0.157326 0.644197 0.0852645 0.0413494 0.0715627 9.9973E-05 9.9973E-05
0.0998834 0.246015 0.366039 9.9982E-05 0.0583492 9.9982E-05 0.106565 0.122948
9.9982E-05 0.0694685 0.408873 0.0171633 0.098597 9.9982E-05 0.259491 0.146208
9.9955E-05 0.766364 9.9955E-05 9.9955E-05 0.161789 9.9955E-05 0.071347 9.9955E-05
9.9973E-05 0.42648 0.424545 9.9973E-05 0.0374661 0.0219533 9.9973E-05 0.0892565
9.9982E-05 0.282464 0.133629 9.9982E-05 0.0403807 0.0646249 0.290402 0.188299
9.9973E-05 9.9973E-05 0.350281 0.399857 0.0333745 0.111905 9.9973E-05 0.104283
0.273085 0.189207 9.9982E-05 0.0498316 0.173194 9.9982E-05 0.305041 0.00944086
0.0949127 0.11019 0.246093 0.00736844 0.100959 0.0256806 0.414696 9.9991E-05
0.125525 0.367162 0.105496 0.170018 0.0664007 0.0419998 0.0354961 0.087902
0.125355 0.221223 0.132229 0.439958 0.0438271 9.9982E-05 9.9982E-05 0.037208
9.9964E-05 0.459846 9.9964E-05 0.0610973 9.9964E-05 0.114119 0.364539 9.9964E-05
0.058224 0.0243183 9.9982E-05 0.506376 0.0474339 0.0768914 0.286557 9.9982E-05
9.9982E-05 0.208269 0.188232 0.285328 0.011611 9.9982E-05 0.0803466 0.226014
0.0191265 0.181049 0.557221 9.9973E-05 9.9973E-05 0.0629409 0.179363 9.9973E-05
0.184528 0.162261 0.228889 0.275239 9.9982E-05 0.051813 0.0970704 9.9982E-05
0.158157 9.9982E-05 9.9982E-05 0.169209 0.0532926 0.0678206 0.545838 0.0054834
0.243764 0.0229403 0.17499 0.535587 0.0103891 9.9982E-05 0.0121289 9.9982E-05
9.9982E-05 9.9982E-05 0.259305 0.240249 0.142147 0.0317337 0.192404 0.133962
0.145497 9.9991E-05 0.207005 0.153814 0.0861675 0.106215 0.275075 0.026126
0.664394 0.0186494 0.0359538 0.223193 9.9973E-05 0.0575097 9.9973E-05 9.9973E-05
0.295044 0.0505397 9.9982E-05 0.276173 9.9982E-05 0.122364 0.0325975 0.223081
0.111903 9.9955E-05 9.9955E-05 9.9955E-05 9.9955E-05 0.044035 0.843562 9.9955E-05
9.9964E-05 0.00172789 0.299594 0.654994 0.0432837 9.9964E-05 9.9964E-05 9.9964E-05
0.0722754 9.99641E-05 9.99641E-05 0.39953 9.99641E-05 9.99641E-05 0.522064 0.00573032
9.999E-05 0.0996306 0.115609 0.102226 0.0485925 0.0320372 0.561807 0.0399968
0.278803 9.9991E-05 0.243287 0.0828498 0.0649997 0.0359165 0.213617 0.0804276
9.9982E-05 0.0171533 0.138211 0.335064 0.0815323 9.9982E-05 0.311481 0.116358
9.9964E-05 0.399913 0.541017 9.9964E-05 0.0236055 0.0350649 9.9964E-05 9.9964E-05
9.999E-05 0.0696957 0.42585 0.262552 0.0998077 0.000329029 0.0476525 0.0940134
0.0210939 0.0856768 0.495801 0.148987 0.0973826 9.9982E-05 0.150859 9.9982E-05
0.00433244 0.0552429 9.9964E-05 9.9964E-05 0.0358149 0.90421 9.9964E-05 9.9964E-05
0.149355 0.304444 0.32994 0.072111 0.00492595 9.9982E-05 9.9982E-05 0.139024
0.0570622 0.942338 9.9946E-05 9.9946E-05 9.9946E-05 9.9946E-05 9.9946E-05 9.9946E-05
9.9991E-05 0.422263 0.074379 0.0994093 0.0750434 0.00765663 0.231936 0.0892128
0.0127182 9.9991E-05 0.474363 0.183558 0.0544614 0.0832214 0.173517 0.0180613
0.00120138 0.478325 0.39882 9.9973E-05 0.0511418 0.0702122 9.9973E-05 9.9973E-05
0.337537 0.0957675 0.0621038 0.274021 0.092488 0.130453 9.9991E-05 0.00752972
0.0152252 9.9991E-05 0.0309746 0.036779 0.0180351 0.0949747 0.663318 0.140594
0.043119 0.345564 0.209994 0.248282 0.0481146 0.0527372 9.9991E-05 0.0520886
0.0323356 0.124615 0.359447 0.11017 0.140862 0.0881452 0.144326 9.9991E-05
0.10206 9.9991E-05 0.312126 0.152072 0.0401263 0.0813902 0.171344 0.140783
0.123272 0.114485 0.407853 0.0604611 9.9982E-05 0.0660646 9.9982E-05 0.227664
0.645713 9.9982E-05 0.0344232 0.0361411 9.9982E-05 0.0053963 0.186875 0.0912514
0.00782795 0.221509 0.140324 0.179532 0.207513 0.10513 0.113284 0.0248799
9.9991E-05 0.105097 0.651981 0.100067 0.0646409 0.0508767 0.0232558 0.00398123
9.9946E-05 0.280315 0.719085 9.9946E-05 9.9946E-05 9.9946E-05 9.9946E-05 9.9946E-05
0.00135397 0.22283 0.563585 9.9982E-05 0.0310917 0.160331 9.9982E-05 0.0206082
0.108436 0.18048 0.161731 0.315517 0.119098 0.0527168 0.0220332 0.0399877
9.9973E-05 0.187428 0.426825 0.30113 0.0780504 0.00626641 9.9973E-05 9.9973E-05
0.040237 0.0593119 0.0582722 0.18588 9.9991E-05 0.156421 0.425117 0.0746616
0.314277 9.9964E-05 0.0608983 0.591473 9.9964E-05 9.9964E-05 9.9964E-05 0.0329521
9.9973E-05 0.185235 0.534898 9.9973E-05 0.0762492 9.9973E-05 0.195351 0.00796751
0.0719454 0.174384 0.0339322 0.282751 9.9982E-05 9.9982E-05 0.319473 0.117315
9.9973E-05 0.579715 0.246115 0.0402225 0.0917798 0.0418673 9.9973E-05 9.9973E-05
9.9973E-05 9.9973E-05 0.291576 0.272124 0.0501144 9.9973E-05 0.312427 0.0734585
0.193745 0.151723 0.125649 9.9991E-05 0.0709629 0.218347 0.168066 0.0714063
0.0262403 0.152312 9.9973E-05 0.636867 0.0103664 9.9973E-05 0.173915 9.9973E-05
9.9946E-05 9.9946E-05 9.9946E-05 9.9946E-05 9.9946E-05 0.974471 9.9946E-05 0.0249289
9.9973E-05 9.9973E-05 0.225701 0.0485097 0.0777101 9.9973E-05 0.511756 0.136023
0.0492898 0.402076 0.288757 0.144643 0.114935 9.9973E-05 9.9973E-05 9.9973E-05
0.269729 9.9973E-05 0.379658 9.9973E-05 0.101363 0.0120632 0.236887 9.9973E-05
9.9973E-05 0.480076 0.335681 9.9973E-05 0.0460422 9.9973E-05 0.0551254 0.0827754
0.0807845 0.272938 0.311854 0.210919 9.9982E-05 0.0816776 9.9982E-05 0.0416268
0.0662363 0.252627 9.9973E-05 0.105601 9.9973E-05 9.9973E-05 0.486085 0.0891499
0.005914 0.347789 0.0730152 0.106985 0.0370357 9.9991E-05 0.346186 0.0829745
9.9973E-05 0.03248 0.0213337 0.443783 0.111483 0.390621 9.9973E-05 9.9973E-05
0.0356679 9.9982E-05 0.296415 9.9982E-05 0.0122245 0.311201 0.33294 0.011351
9.9991E-05 0.0649509 0.20285 0.277522 0.0499898 0.0565092 0.30206 0.0460191
9.994E-05 9.994E-05 9.994E-05 9.994E-05 9.994E-05 0.9993 9.994E-05 9.994E-05
0.0204308 9.9991E-05 0.478969 0.143419 0.0803506 0.0221884 0.0943266 0.160216
9.994E-05 9.994E-05 9.994E-05 9.994E-05 9.994E-05 9.994E-05 9.994E-05 0.9993
0.193067 0.0112864 0.0550477 0.670058 9.9982E-05 0.0220403 9.9982E-05 0.0483006
0.199356 9.9964E-05 0.301082 0.495078 9.9964E-05 0.00408351 9.9964E-05 9.9964E-05
0.120774 0.285331 0.371742 0.0766306 9.9973E-05 9.9973E-05 0.145223 9.9973E-05
0.0992381 0.384257 9.9991E-05 0.0489318 0.0582838 0.0384266 0.211622 0.159141
0.148596 0.00121711 0.261178 0.19071 0.0196891 0.135634 0.173191 0.0697866
9.9973E-05 0.291174 0.110105 9.9973E-05 0.097381 0.127428 0.373612 9.9973E-05
0.0159267 0.278282 0.512544 9.9973E-05 0.0397786 9.9973E-05 9.9973E-05 0.153169
9.9973E-05 9.9973E-05 0.175996 0.381282 0.120979 0.0352833 0.28616 9.9973E-05
0.223286 0.157142 0.243633 0.143628 0.0277254 0.0001911 0.155469 0.048925
9.9991E-05 0.0299723 0.17594 0.0825792 0.0900578 0.475554 0.0590334 0.0867634
0.0277119 0.327091 0.479875 9.9982E-05 0.0221304 0.0713362 9.9982E-05 0.0716563
9.9955E-05 9.9955E-05 9.9955E-05 9.9955E-05 0.00277421 0.969635 0.0270911 9.9955E-05
0.0980748 9.9973E-05 0.186642 0.452077 9.9973E-05 9.9973E-05 0.0769973 0.185909
0.0156411 0.647035 9.9982E-05 9.9982E-05 0.0875382 0.0041063 0.188292 0.057187
9.9964E-05 9.9964E-05 0.380586 0.535112 0.00288885 0.0810129 9.9964E-05 9.9964E-05
9.9973E-05 0.0289089 9.9973E-05 0.828178 0.0616433 9.9973E-05 0.0431206 0.0378489
0.129525 0.494689 0.0839808 0.0726094 0.110333 0.037351 9.9991E-05 0.0714118
9.9991E-05 0.0347274 0.226534 0.0310415 0.206659 0.395441 0.0932719 0.0122249
0.073673 0.30429 0.164926 0.0999344 0.038342 0.1612 0.0925552 0.0650792
0.206968 0.0213832 0.484294 0.101912 9.9982E-05 9.9982E-05 0.0581599 0.127082
9.9964E-05 9.9964E-05 0.0367767 9.9964E-05 0.139237 0.140426 0.683161 9.9964E-05
0.0728789 9.99641E-05 0.868837 9.99641E-05 0.0385292 9.99641E-05 0.0193547 9.99641E-05
0.058337 9.9973E-05 0.101579 0.564536 0.0759099 9.9973E-05 0.199338 9.9973E-05
9.9991E-05 0.0288554 0.146606 0.334444 0.0157548 0.170417 0.257589 0.0462342
0.161136 0.0613181 0.239367 0.339091 0.00590623 9.9982E-05 0.192981 9.9982E-05
0.00623117 0.0556341 0.0693201 0.0625651 0.0912199 0.153571 0.457143 0.104316
9.9973E-05 0.559395 0.196981 0.136672 0.0894299 0.0172226 9.9973E-05 9.9973E-05
0.0941576 0.244713 0.322181 0.0665617 0.117988 0.154198 9.9982E-05 9.9982E-05
9.9973E-05 9.9973E-05 0.413713 0.1851 9.9973E-05 0.183054 0.196396 0.0214376
0.145557 9.9982E-05 0.411591 0.0620135 0.0620715 0.136737 0.18183 9.9982E-05
9.9955E-05 0.25767 0.0631908 0.67864 9.9955E-05 9.9955E-05 9.9955E-05 9.9955E-05
9.9991E-05 0.000123767 0.0161272 0.372474 0.132597 0.00660091 0.41708 0.0548972
0.922889 9.9946E-05 0.0765116 9.9946E-05 9.9946E-05 9.9946E-05 9.9946E-05 9.9946E-05
0.9993 9.994E-05 9.994E-05 9.994E-05 9.994E-05 9.994E-05 9.994E-05 9.994E-05
0.100926 0.172706 0.0166515 0.0761607 0.084611 0.0564016 0.437529 0.0550147
9.9973E-05 0.240645 0.396942 9.9973E-05 0.0749336 9.9973E-05 0.211941 0.0752386
9.9991E-05 0.0849819 0.279553 0.418719 0.0203336 0.0578442 0.0268966 0.111572
0.100812 9.9973E-05 0.300437 0.461179 0.099511 9.9973E-05 9.9973E-05 0.0377621
9.9982E-05 0.119871 0.310914 9.9982E-05 0.0493383 0.0544545 0.403166 0.062056
9.9982E-05 0.215498 9.9982E-05 0.207933 0.0522747 0.0275892 0.424428 0.0720774
0.059285 0.278043 0.366676 9.9991E-05 0.0630941 0.132461 0.0433788 0.0569612
9.9982E-05 0.127753 0.281807 9.9982E-05 0.196571 0.312068 0.0230222 0.0585783
0.0125803 0.249624 0.217344 9.9982E-05 0.0682712 9.9982E-05 0.34022 0.111761
9.994E-05 9.994E-05 9.994E-05 9.994E-05 0.9993 9.994E-05 9.994E-05 9.994E-05
0.0384761 0.776225 9.9964E-05 9.9964E-05 0.0817129 9.9964E-05 9.9964E-05 0.103187
0.144168 0.281503 0.0856321 0.229001 0.0227785 0.0031245 9.9991E-05 0.233693
9.9982E-05 9.9982E-05 0.213999 0.316088 0.00983452 0.0324674 0.369214 0.0581973
0.101468 0.0199882 0.146348 0.139392 0.0777505 9.9991E-05 0.306948 0.208006
0.0015263 0.187125 9.9991E-05 0.183309 0.183981 0.0380964 0.357648 0.0482141
0.145223 0.0728276 0.177861 9.9991E-05 0.0869213 0.0807141 0.422704 0.0136492
9.9973E-05 9.9973E-05 0.578856 0.299973 0.0672303 0.00837885 0.0452622 9.9973E-05
0.280862 0.13175 0.138004 0.200672 0.0827364 0.108889 9.9991E-05 0.0569862
9.9973E-05 0.248083 0.124598 0.0278225 0.0622664 9.9973E-05 0.536931 9.9973E-05
0.0453596 0.114381 0.26471 0.454134 0.0369427 0.0717773 9.9991E-05 0.0125961
0.0435381 0.922918 9.9955E-05 9.9955E-05 9.9955E-05 0.0330437 9.9955E-05 9.9955E-05
0.0110126 0.0611222 0.386862 0.29182 0.05429 0.136455 0.0432434 0.0151952
9.9991E-05 0.342097 0.421782 0.0557993 0.108802 0.0048935 0.0558519 0.0106738
9.994E-05 9.994E-05 9.994E-05 9.994E-05 0.9993 9.994E-05 9.994E-05 9.994E-05
0.227746 0.0860983 0.171725 0.050299 0.421339 9.9982E-05 9.9982E-05 0.042592
0.422385 0.179866 0.116534 0.184375 9.9991E-05 0.0101896 0.0432581 0.0432915
0.0536342 0.0608851 9.9991E-05 0.566845 0.0483355 0.011374 0.234556 0.0242709
9.9964E-05 0.823816 9.9964E-05 0.0634282 0.0720584 9.9964E-05 9.9964E-05 0.0402977
0.0470352 0.312535 0.356629 0.00629281 0.0459608 9.9991E-05 0.190729 0.0407193
0.163415 9.9982E-05 0.173838 0.00530035 0.0677678 9.9982E-05 0.437628 0.151851
0.9993 9.994E-05 9.994E-05 9.994E-05 9.994E-05 9.994E-05 9.994E-05 9.994E-05
9.9991E-05 0.0986443 0.546829 0.197675 0.113044 0.00428372 0.0100833 0.0293405
0.14265 0.0977546 0.355075 0.0448049 9.9991E-05 0.117923 0.213103 0.0285895
0.242533 0.0623947 0.0653702 0.22553 0.00522756 0.151485 0.117272 0.130188
0.0831611 0.206355 0.320731 0.0366209 0.114205 0.102376 0.136451 9.9991E-05
0.349733 0.026613 0.0136547 9.9973E-05 9.9973E-05 9.9973E-05 0.545655 0.0640451
0.0923988 0.206419 0.446507 0.0601723 0.129387 9.9982E-05 0.064916 9.9982E-05
9.9973E-05 0.0547668 0.399358 0.104572 9.9973E-05 9.9973E-05 0.306438 0.134565
0.0833549 0.00641665 0.441732 0.189997 0.144139 9.9982E-05 0.134161 9.9982E-05
0.229202 0.0648363 0.159262 0.386319 9.9982E-05 0.0169991 9.9982E-05 0.143182
9.994E-05 9.994E-05 9.994E-05 9.994E-05 9.994E-05 9.994E-05 9.994E-05 0.9993
0.102728 0.152454 9.9982E-05 9.9982E-05 0.0196276 0.107578 0.520749 0.0966625
9.9964E-05 9.9964E-05 0.839268 9.9964E-05 0.0394311 0.0907899 9.9964E-05 0.0301112
9.9991E-05 0.0643616 0.118342 0.410884 0.16691 0.0843306 0.124614 0.0304574
0.196915 0.422418 9.9964E-05 9.9964E-05 0.0623091 9.9964E-05 0.317958 9.9964E-05
9.9964E-05 0.19177 0.128753 0.56238 9.9964E-05 0.116697 9.9964E-05 9.9964E-05
0.147567 0.243187 0.251976 0.153708 0.0947925 9.9991E-05 0.0789638 0.0297047
9.994E-05 9.994E-05 9.994E-05 9.994E-05 9.994E-05 9.994E-05 9.994E-05 0.9993
0.0279572 0.245404 0.32505 0.295315 0.0310831 9.9982E-05 0.0749905 9.9982E-05
0.221652 0.101246 0.0459309 0.0561097 0.0743593 0.0914497 0.187713 0.221538
0.0157634 0.265568 0.337588 0.177849 0.0209783 0.0460142 0.136139 9.9991E-05
0.2233 0.0257565 0.116042 9.9982E-05 0.00319739 0.117874 0.513631 9.9982E-05
