0.321958 9.99731E-05 0.0813205 9.99731E-05 0.352251 9.99731E-05 0.204763 0.0394078
0.208153 0.0867551 9.9973E-05 9.9973E-05 9.9973E-05 0.0715641 0.10557 0.527658
9.99731E-05 9.99731E-05 9.99731E-05 0.152816 0.313238 0.21404 0.246803 0.0728039
0.614563 0.222147 9.99642E-05 0.0917272 0.0711627 9.99642E-05 9.99642E-05 9.99642E-05
0.187433 9.99731E-05 0.0499675 9.99731E-05 0.485608 0.0730093 0.203683 9.99731E-05
0.586605 0.0244591 9.99641E-05 0.147129 0.241407 9.99641E-05 9.99641E-05 9.99641E-05
9.99731E-05 0.27179 9.99731E-05 9.99731E-05 0.22399 0.251274 0.0958771 0.156768
9.99552E-05 9.99552E-05 9.99552E-05 9.99552E-05 0.861385 0.0791679 0.0589469 9.99552E-05
9.99552E-05 0.705681 0.222013 9.99552E-05 9.99552E-05 0.0718067 9.99552E-05 9.99552E-05
0.133307 9.99731E-05 0.427448 0.212655 9.99731E-05 0.114964 0.111326 9.99731E-05
0.222932 9.99731E-05 0.365254 0.260652 0.031347 9.99731E-05 0.119515 9.99731E-05
9.99552E-05 0.562769 9.99552E-05 9.99552E-05 0.192076 9.99552E-05 0.244655 9.99552E-05
0.330019 0.286266 9.99642E-05 9.99642E-05 0.250122 9.99642E-05 9.99642E-05 0.133193
0.423335 0.187673 9.99731E-05 9.99731E-05 0.242561 0.016971 0.129161 9.99731E-05
0.091039 0.770328 9.99731E-05 0.0377222 0.0129568 9.99731E-05 9.99731E-05 0.0876543
0.44287 9.99732E-05 0.102591 9.99732E-05 0.31077 0.130811 0.0126577 9.99732E-05
0.197229 0.305297 0.0742882 0.114823 0.0592653 0.150557 0.0628666 0.0356745
0.334656 9.99642E-05 9.99642E-05 0.193706 0.0467927 9.99642E-05 0.424446 9.99642E-05
9.99552E-05 0.232667 9.99552E-05 9.99552E-05 0.210434 9.99552E-05 9.99552E-05 0.556399
0.366834 0.08561 0.00959633 0.302604 0.235055 9.99731E-05 9.99731E-05 9.99731E-05
0.696515 9.99465E-05 9.99465E-05 0.302885 9.99465E-05 9.99465E-05 9.99465E-05 9.99465E-05
9.9973E-05 9.9973E-05 0.522886 9.9973E-05 0.149592 0.109299 0.0194351 0.198488
0.273893 0.473424 9.99642E-05 0.0929902 9.99642E-05 0.159293 9.99642E-05 9.99642E-05
0.444825 9.99641E-05 0.117504 9.99641E-05 9.99641E-05 0.250234 9.99641E-05 0.187038
0.610031 9.99642E-05 0.0978616 0.223056 9.99642E-05 0.0686518 9.99642E-05 9.99642E-05
0.45444 9.9973E-05 0.306645 9.9973E-05 0.156064 0.0563389 0.0262121 9.9973E-05
9.997E-05 9.997E-05 0.299431 0.0622433 9.997E-05 0.129447 0.504259 0.00431984
9.99463E-05 9.99463E-05 0.195982 9.99463E-05 9.99463E-05 9.99463E-05 9.99463E-05 0.803419
9.9964E-05 9.9964E-05 9.9964E-05 0.300486 0.380576 9.9964E-05 0.0402239 0.278314
9.99641E-05 9.99641E-05 0.0497928 0.0306587 0.0961229 0.823026 9.99641E-05 9.99641E-05
0.152708 9.99731E-05 0.1998 0.066195 9.99731E-05 9.99731E-05 0.283604 0.297393
0.256984 0.11833 9.99821E-05 0.0438879 0.459521 0.0476583 0.0734192 9.99821E-05
9.99552E-05 9.99552E-05 0.426975 0.372219 9.99552E-05 0.200306 9.99552E-05 9.99552E-05
0.0356824 0.11025 9.99821E-05 9.99821E-05 0.416199 0.0567696 0.0612358 0.319663
0.733951 9.99552E-05 9.99552E-05 9.99552E-05 0.251382 0.0141663 9.99552E-05 9.99552E-05
0.632791 9.99732E-05 9.99732E-05 0.0456663 9.99732E-05 0.0175261 0.290444 0.013273
0.188926 9.99641E-05 0.420741 9.99641E-05 9.99641E-05 9.99641E-05 0.121241 0.268691
9.99731E-05 9.99731E-05 0.255203 0.478716 0.0516979 0.186718 9.99731E-05 0.0273645
0.164342 0.0168434 0.0164134 0.0697826 0.0950481 0.0154591 0.403882 0.21823
0.414608 9.99731E-05 9.99731E-05 0.109719 0.0715233 9.99731E-05 0.0647095 0.33914
9.99551E-05 9.99551E-05 9.99551E-05 9.99551E-05 9.99551E-05 0.350795 0.347383 0.301322
0.0631303 0.0836307 0.0340151 0.0965826 9.99821E-05 0.165858 0.556583 9.99821E-05
0.54897 9.99731E-05 0.331777 0.0218363 0.0925106 9.99731E-05 0.00460613 9.99731E-05
0.265511 0.249082 0.143497 0.074753 9.99731E-05 9.99731E-05 9.99731E-05 0.266856
9.99821E-05 0.191186 9.99821E-05 0.0410923 0.470968 0.0757133 0.146505 0.0743346
0.412592 0.208688 9.99731E-05 0.000423562 0.208604 9.99731E-05 0.169393 9.99731E-05
0.357109 0.43281 9.99641E-05 9.99641E-05 0.151744 0.0579374 9.99641E-05 9.99641E-05
0.0617229 0.101099 0.10495 0.204489 0.0537957 9.99821E-05 0.473743 9.99821E-05
9.995E-05 0.409554 0.22161 9.995E-05 0.368337 9.995E-05 9.995E-05 9.995E-05
0.531544 9.99551E-05 9.99551E-05 9.99551E-05 0.431979 9.99551E-05 0.0359764 9.99551E-05
0.562888 9.99641E-05 9.99641E-05 9.99641E-05 0.359785 0.0760908 9.99641E-05 0.000836063
0.187336 0.176118 0.0555351 0.399697 9.99821E-05 0.143926 0.0371889 9.99821E-05
0.0458839 0.292199 0.329067 9.9973E-05 9.9973E-05 0.281207 9.9973E-05 0.0513427
9.99553E-05 9.99553E-05 9.99553E-05 0.251327 0.612792 0.135381 9.99553E-05 9.99553E-05
0.0379567 0.165026 0.184288 0.135737 0.176419 9.99911E-05 0.0626924 0.237781
9.996E-05 0.110166 0.562255 9.996E-05 0.155111 9.996E-05 0.172068 9.996E-05
0.6378 9.99552E-05 0.0683276 9.99552E-05 9.99552E-05 9.99552E-05 9.99552E-05 0.293372
0.127221 0.0852237 0.59413 9.99643E-05 9.99643E-05 9.99643E-05 9.99643E-05 0.193026
0.122869 0.0781084 0.00884546 0.290938 0.0973047 9.9991E-05 0.348514 0.05332
0.536964 9.9973E-05 0.0802036 0.0686495 9.9973E-05 9.9973E-05 0.222607 0.0912765
0.0195059 0.134391 9.99731E-05 0.147682 0.305548 9.99731E-05 9.99731E-05 0.392573
0.282315 0.144021 9.99641E-05 9.99641E-05 9.99641E-05 0.0464172 0.526847 9.99641E-05
9.9973E-05 0.201484 0.599524 0.00600465 9.9973E-05 9.9973E-05 0.0822808 0.110406
0.0670097 9.99731E-05 9.99731E-05 9.99731E-05 0.174296 0.617389 0.0576684 0.0833362
0.00199015 9.99642E-05 0.516971 9.99642E-05 0.408056 0.0725835 9.99642E-05 9.99642E-05
9.997E-05 0.170896 9.997E-05 9.997E-05 0.0932668 0.18493 0.499144 0.051463
0.747692 9.99731E-05 9.99731E-05 0.0937032 0.0444967 0.0172004 9.99731E-05 0.0966079
0.272549 0.379307 0.0938899 9.99731E-05 0.123978 9.99731E-05 0.129977 9.99731E-05
0.0183973 9.997E-05 0.067414 9.997E-05 0.353592 9.997E-05 0.318974 0.241323
0.0517399 9.99821E-05 0.185388 0.0993157 9.99821E-05 0.162536 0.17662 0.324201
0.10742 0.375617 9.997E-05 0.176663 0.021091 9.997E-05 0.318909 9.997E-05
0.16925 0.129057 0.00249435 9.99731E-05 9.99731E-05 0.0438425 0.655057 9.99731E-05
0.106856 9.99732E-05 0.0101171 9.99732E-05 0.387301 9.99732E-05 0.157313 0.338112
0.21188 0.0189425 0.0760608 9.99821E-05 0.00919463 9.99821E-05 0.29453 0.389192
0.30629 0.109637 9.99643E-05 9.99643E-05 0.549266 0.0344063 9.99643E-05 9.99643E-05
0.137211 0.125266 0.020528 9.998E-05 0.176193 9.998E-05 0.423837 0.116766
0.0783622 0.777526 9.99554E-05 9.99554E-05 9.99554E-05 0.143612 9.99554E-05 9.99554E-05
0.0555151 0.0603715 0.251896 0.170452 9.998E-05 9.998E-05 0.262678 0.198887
0.0829274 0.19221 9.9973E-05 0.108453 0.0562054 9.9973E-05 9.9973E-05 0.559905
9.99641E-05 0.144565 9.99641E-05 0.053828 0.463806 9.99641E-05 9.99641E-05 0.337402
0.228289 9.99643E-05 9.99643E-05 9.99643E-05 0.361058 9.99643E-05 0.25936 0.150892
0.404981 9.997E-05 0.0634159 0.285917 0.229335 9.997E-05 0.0160515 9.997E-05
0.607305 9.99554E-05 9.99554E-05 0.0335535 9.99554E-05 9.99554E-05 9.99554E-05 0.358642
9.99731E-05 0.214271 0.0677735 0.0871805 0.391727 0.238748 9.99731E-05 9.99731E-05
0.390898 0.356428 9.996E-05 9.996E-05 0.0480339 9.996E-05 0.20424 9.996E-05
0.404203 0.0694301 0.0111388 0.0428125 9.9982E-05 9.9982E-05 0.38049 0.0917262
0.0242436 9.9991E-05 0.0786211 0.0323957 0.040403 0.191834 0.358168 0.274235
0.543227 0.0536665 0.0612182 9.99731E-05 0.0888718 0.252716 9.99731E-05 9.99731E-05
0.296151 0.119963 9.998E-05 0.221816 0.115015 0.0809414 9.998E-05 0.165913
9.99731E-05 0.116149 0.396507 0.0989813 0.346766 0.0412968 9.99731E-05 9.99731E-05
0.0268087 0.0533223 9.99643E-05 9.99643E-05 0.0962396 0.823229 9.99643E-05 9.99643E-05
0.941581 9.99555E-05 0.0181987 0.0397201 9.99555E-05 9.99555E-05 9.99555E-05 9.99555E-05
0.271496 0.0830393 9.99732E-05 9.99732E-05 0.0230635 0.0756159 0.546485 9.99732E-05
9.996E-05 0.207006 9.996E-05 0.385313 9.996E-05 0.297188 0.110092 9.996E-05
9.9982E-05 0.124731 0.129592 9.9982E-05 0.0178546 0.100878 0.607656 0.0190878
0.17661 0.401248 9.99641E-05 0.216903 0.204838 9.99641E-05 9.99641E-05 9.99641E-05
0.493706 9.99463E-05 0.505694 9.99463E-05 9.99463E-05 9.99463E-05 9.99463E-05 9.99463E-05
9.99641E-05 0.808784 9.99641E-05 0.00131318 9.99641E-05 0.0487939 0.140709 9.99641E-05
0.22236 9.997E-05 9.997E-05 9.997E-05 0.171044 0.379777 0.129231 0.0972884
0.396884 9.9982E-05 0.151117 0.0423804 9.9982E-05 0.315464 0.00670311 0.0872519
0.11207 9.99553E-05 0.714402 9.99553E-05 9.99553E-05 9.99553E-05 9.99553E-05 0.173028
9.99552E-05 9.99552E-05 0.0181634 0.00763373 9.99552E-05 0.973703 9.99552E-05 9.99552E-05
9.99552E-05 9.99552E-05 0.701184 0.172657 9.99552E-05 9.99552E-05 9.99552E-05 0.125658
9.99463E-05 9.99463E-05 9.99463E-05 0.953562 9.99463E-05 0.0458387 9.99463E-05 9.99463E-05
0.40221 0.127063 0.075231 9.99731E-05 0.375342 9.99731E-05 9.99731E-05 0.019854
0.361601 0.461578 0.176321 9.99551E-05 9.99551E-05 9.99551E-05 9.99551E-05 9.99551E-05
0.30288 9.99641E-05 0.175367 9.99641E-05 0.471642 9.99641E-05 0.0497108 9.99641E-05
9.99731E-05 9.99731E-05 0.160996 0.0704698 0.294732 0.158124 9.99731E-05 0.315379
0.241065 0.137531 0.0846145 9.998E-05 0.409654 9.998E-05 0.019596 0.107339
9.99642E-05 9.99642E-05 9.99642E-05 0.473038 0.150173 0.166969 0.20942 9.99642E-05
9.99821E-05 0.00532409 0.124168 9.99821E-05 0.0518542 0.661648 0.0291345 0.127671
0.513643 0.0893037 9.99642E-05 9.99642E-05 0.368809 9.99642E-05 9.99642E-05 0.0278444
9.99552E-05 9.99552E-05 9.99552E-05 0.039019 9.99552E-05 0.593226 9.99552E-05 0.367255
0.0366916 9.99552E-05 9.99552E-05 0.0621522 0.900656 9.99552E-05 9.99552E-05 9.99552E-05
0.154408 9.99461E-05 9.99461E-05 9.99461E-05 9.99461E-05 0.844992 9.99461E-05 9.99461E-05
9.99732E-05 0.502681 0.0488793 0.443611 9.99732E-05 9.99732E-05 0.00112798 0.00340051
0.301489 0.459272 9.99731E-05 9.99731E-05 0.0414909 9.99731E-05 0.0931974 0.104251
9.99551E-05 9.99551E-05 0.508502 9.99551E-05 0.474268 9.99551E-05 0.016731 9.99551E-05
9.99641E-05 9.99641E-05 0.327421 0.130861 0.509831 0.0314863 9.99641E-05 9.99641E-05
0.396079 9.99641E-05 9.99641E-05 0.159163 0.171342 9.99641E-05 9.99641E-05 0.273016
0.324326 0.0853561 0.308081 9.99731E-05 0.047182 0.234754 9.99731E-05 9.99731E-05
0.662794 0.00850968 9.998E-05 0.048538 9.998E-05 0.0319404 0.0363846 0.211633
0.289607 9.99552E-05 9.99552E-05 0.18046 0.529433 9.99552E-05 9.99552E-05 9.99552E-05
0.274707 9.99732E-05 0.234199 0.136793 0.0871745 9.99732E-05 0.266828 9.99732E-05
0.0432555 0.456828 0.002937 0.211999 9.99731E-05 0.284681 9.99731E-05 9.99731E-05
0.34674 0.125199 0.343059 9.9973E-05 0.00242715 9.9973E-05 0.182275 9.9973E-05
9.99732E-05 0.0258835 9.99732E-05 0.0362325 0.0429741 0.363523 0.531087 9.99732E-05
0.416799 0.195264 9.99731E-05 0.0399413 0.105197 9.99731E-05 9.99731E-05 0.242499
9.99552E-05 9.99552E-05 9.99552E-05 0.426799 9.99552E-05 0.199694 9.99552E-05 0.373008
9.997E-05 0.184636 9.997E-05 0.246971 0.196339 0.197386 0.174369 9.997E-05
9.99463E-05 0.820638 0.178762 9.99463E-05 9.99463E-05 9.99463E-05 9.99463E-05 9.99463E-05
0.552451 0.0192015 0.0980487 0.069676 0.260323 9.997E-05 9.997E-05 9.997E-05
9.997E-05 0.147453 0.283055 0.0986114 0.294515 9.997E-05 0.176066 9.997E-05
9.998E-05 0.0602541 0.203596 0.405927 0.0394937 9.998E-05 0.139101 0.151428
0.0644658 9.99552E-05 9.99552E-05 0.30746 9.99552E-05 9.99552E-05 0.627574 9.99552E-05
0.499629 0.0330975 9.99642E-05 0.130545 0.336328 9.99642E-05 9.99642E-05 9.99642E-05
9.99552E-05 9.99552E-05 0.157196 0.0981173 0.744186 9.99552E-05 9.99552E-05 9.99552E-05
9.99553E-05 9.99553E-05 9.99553E-05 0.0999825 0.769287 9.99553E-05 9.99553E-05 0.130231
0.0228049 0.274773 9.997E-05 0.0704817 9.997E-05 9.997E-05 0.274923 0.356717
0.321109 0.0115023 9.99642E-05 9.99642E-05 0.288149 9.99642E-05 9.99642E-05 0.37884
0.32864 0.0765041 0.308056 0.0991199 9.99732E-05 9.99732E-05 9.99732E-05 0.187381
0.314344 9.997E-05 0.273483 0.247809 9.997E-05 0.122031 0.0420329 9.997E-05
9.998E-05 0.168298 0.0318161 0.15552 9.998E-05 0.134722 0.380169 0.129275
9.99551E-05 9.99551E-05 0.645614 0.249984 9.99551E-05 0.103902 9.99551E-05 9.99551E-05
0.405353 0.140413 9.99731E-05 9.99731E-05 9.99731E-05 0.388486 0.0180802 0.0473676
0.0231537 0.279697 9.997E-05 9.997E-05 0.273576 0.169972 9.997E-05 0.253302
0.0154551 9.99462E-05 9.99462E-05 9.99462E-05 9.99462E-05 9.99462E-05 0.983945 9.99462E-05
0.429663 9.997E-05 0.0131839 0.241437 0.245353 9.997E-05 9.997E-05 0.070063
0.947875 9.99464E-05 9.99464E-05 9.99464E-05 9.99464E-05 9.99464E-05 9.99464E-05 0.0515257
9.99552E-05 0.593899 9.99552E-05 9.99552E-05 9.99552E-05 9.99552E-05 0.122284 0.283317
0.113847 0.00502385 0.0780804 0.00406189 0.243767 9.99911E-05 0.271111 0.284008
9.997E-05 0.226884 0.375919 9.997E-05 0.0838031 0.00063712 0.312457 9.997E-05
0.210794 9.99641E-05 0.312421 9.99641E-05 0.182615 9.99641E-05 9.99641E-05 0.29377
9.99551E-05 9.99551E-05 0.363702 9.99551E-05 0.306498 9.99551E-05 9.99551E-05 0.329301
0.956743 9.99466E-05 9.99466E-05 9.99466E-05 9.99466E-05 9.99466E-05 0.0426571 9.99466E-05
9.99731E-05 0.444697 0.0326237 0.2408 0.211889 9.99731E-05 0.069691 9.99731E-05
0.240097 9.99731E-05 0.0420674 0.450481 0.00409562 9.99731E-05 9.99731E-05 0.26296
0.0391381 9.99732E-05 0.405482 0.131813 0.12616 9.99732E-05 0.297107 9.99732E-05
0.160309 0.0497817 9.99642E-05 9.99642E-05 0.607501 9.99642E-05 9.99642E-05 0.182008
0.129131 0.201591 9.998E-05 9.998E-05 0.0946732 0.227802 0.132418 0.214185
9.99462E-05 9.99462E-05 9.99462E-05 9.99462E-05 0.000670168 9.99462E-05 0.99873 9.99462E-05
9.99552E-05 9.99552E-05 9.99552E-05 9.99552E-05 0.349774 0.034147 0.615579 9.99552E-05
0.307535 9.99552E-05 9.99552E-05 9.99552E-05 0.594685 9.99552E-05 0.0972811 9.99552E-05
0.0896212 0.471722 0.165414 9.997E-05 9.997E-05 9.997E-05 0.208883 0.0640602
0.000398616 9.99643E-05 0.213877 9.99643E-05 0.333426 9.99643E-05 0.451898 9.99643E-05
0.72496 9.99462E-05 0.27444 9.99462E-05 9.99462E-05 9.99462E-05 9.99462E-05 9.99462E-05
0.199228 9.999E-05 0.104458 0.134602 0.198686 0.11677 0.0404846 0.205671
9.99553E-05 0.162543 9.99553E-05 9.99553E-05 0.469633 9.99553E-05 9.99553E-05 0.367324
9.996E-05 0.376939 9.996E-05 9.996E-05 9.996E-05 0.0651558 0.121975 0.43553
0.4813 0.132325 9.9982E-05 0.109097 9.9982E-05 0.015025 0.147433 0.11462
0.0708977 0.393514 9.99821E-05 0.0236948 0.127959 0.0291787 9.99821E-05 0.354556
9.99731E-05 9.99731E-05 0.0674493 0.0680857 0.753228 9.99731E-05 0.0163753 0.0945622
9.99641E-05 0.613568 0.107481 0.205589 0.0729624 9.99641E-05 9.99641E-05 9.99641E-05
0.902217 9.99642E-05 0.0448534 0.0201172 9.99642E-05 9.99642E-05 0.0324125 9.99642E-05
0.150292 0.0738741 0.174837 9.998E-05 0.395431 0.109966 9.998E-05 0.0954003
9.99732E-05 9.99732E-05 0.0620363 0.0090043 0.771793 9.99732E-05 0.0738588 0.0830079
0.491856 9.99643E-05 0.329106 9.99643E-05 0.156357 9.99643E-05 0.0222813 9.99643E-05
0.0773784 9.99463E-05 9.99463E-05 0.922022 9.99463E-05 9.99463E-05 9.99463E-05 9.99463E-05
0.354927 9.997E-05 9.997E-05 0.0975874 9.997E-05 0.0210237 0.163857 0.362305
9.99821E-05 0.30588 0.35781 0.0586801 9.99821E-05 0.083423 0.0736438 0.120364
0.343359 9.996E-05 0.0973846 0.0337135 9.996E-05 9.996E-05 0.525143 9.996E-05
0.13639 9.99821E-05 9.99821E-05 0.16709 0.00136818 0.0337962 0.633826 0.02733
0.465297 9.99641E-05 0.110722 9.99641E-05 0.243586 9.99641E-05 0.179995 9.99641E-05
0.000258418 0.0382667 9.99732E-05 9.99732E-05 0.718777 0.101399 9.99732E-05 0.141
9.994E-05 9.994E-05 9.994E-05 0.9993 9.994E-05 9.994E-05 9.994E-05 9.994E-05
9.997E-05 0.0222777 0.211729 9.997E-05 0.200447 9.997E-05 0.263113 0.302133
0.192892 0.275776 9.997E-05 0.0844322 0.300882 9.997E-05 9.997E-05 0.145718
9.99551E-05 9.99551E-05 9.99551E-05 9.99551E-05 9.99551E-05 0.129317 0.0508047 0.819379
0.486317 0.0480197 9.99731E-05 0.241202 0.0569719 9.99731E-05 9.99731E-05 0.16719
