0.691923 0.0572908 9.9991E-05 0.250686
0.507496 0.186081 0.129792 0.176631
0.37409 0.23851 0.24886 0.13854
0.400679 0.226913 0.0688884 0.303519
0.22221 0.21798 0.0655034 0.494307
0.230879 0.310266 0.113564 0.34529
0.268074 0.157963 0.0725404 0.501423
0.448743 0.234984 0.179871 0.136402
0.277086 0.256497 0.142772 0.323645
0.250681 0.377429 0.26254 0.109349
0.375306 0.456509 0.168085 9.9991E-05
0.41678 0.0658415 0.405102 0.112277
0.310207 0.0973134 9.9991E-05 0.59238
0.284647 0.283364 0.116426 0.315564
0.0755143 0.275478 0.343092 0.305916
0.195264 0.319158 0.177709 0.307869
0.0308801 0.370242 0.422025 0.176853
0.231244 0.184568 0.221729 0.362458
0.482564 0.094712 0.164882 0.257842
0.459967 0.21839 0.151956 0.169686
0.413118 0.205954 9.9991E-05 0.380828
0.430783 0.184946 9.9991E-05 0.384171
0.319311 0.111113 0.17132 0.398256
0.39605 0.00910039 0.1931 0.40175
0.147816 0.560433 0.171217 0.120534
0.601189 0.125476 0.0873387 0.185996
0.288822 0.265143 0.232037 0.213998
0.276694 0.175066 0.32611 0.22213
0.174588 0.301649 0.450085 0.0736782
0.0183527 0.00895344 0.801 0.171694
0.216272 0.409749 0.340785 0.0331937
0.346693 0.335227 0.31798 9.9991E-05
0.357806 9.9991E-05 0.200466 0.441627
0.209309 0.318047 0.105363 0.367281
0.349303 0.244791 0.0716745 0.334231
0.870461 9.9982E-05 9.9982E-05 0.129339
0.103368 0.455537 9.9991E-05 0.440995
0.569071 0.299961 0.130868 9.9991E-05
9.9991E-05 0.29864 0.391003 0.310258
0.399663 0.259691 0.106886 0.23376
0.472049 0.0521182 0.222384 0.253449
0.15702 0.271491 0.206418 0.365072
0.293826 0.253444 0.144457 0.308273
0.502557 0.0569735 0.27932 0.16115
0.426687 0.283512 0.289702 9.9991E-05
0.171316 0.544335 0.0423138 0.242036
0.570823 0.194915 0.148197 0.0860645
0.263004 0.162642 0.23081 0.343543
0.508889 0.19817 0.263408 0.0295327
0.499148 9.9991E-05 0.333183 0.167569
0.553925 0.273929 0.0402245 0.131922
0.184629 0.249761 0.232565 0.333045
0.491506 0.116212 0.376015 0.0162669
9.9991E-05 0.507154 0.221186 0.27156
0.648424 0.0596893 0.291787 9.9991E-05
0.251659 0.257379 0.0629133 0.428049
0.568936 0.322564 0.1084 9.9991E-05
0.549194 0.157309 0.0956043 0.197893
0.415359 0.382571 0.185138 0.0169321
0.436788 0.421852 0.0740139 0.067346
0.183475 0.137093 9.9991E-05 0.679332
0.211081 0.141835 0.0533857 0.593698
0.326991 0.102059 0.0629175 0.508032
9.9991E-05 0.0258988 0.88737 0.0866313
0.421926 0.364005 0.119033 0.0950361
0.690218 0.10421 9.9991E-05 0.205472
0.368466 0.237873 9.9991E-05 0.39356
0.333299 0.082047 0.201206 0.383448
0.557154 0.0542076 0.0959644 0.292674
0.149569 0.240991 0.245424 0.364016
0.11622 0.636604 0.165198 0.0819777
0.326123 0.150976 0.139713 0.383188
0.183746 0.141348 0.289706 0.385199
0.141551 0.258113 0.595697 0.0046391
0.286166 0.439214 0.2745 0.000120433
0.274813 0.369085 0.300512 0.0555894
9.9991E-05 0.0780082 0.246354 0.675538
0.164235 0.318555 0.0889143 0.428296
0.316614 0.274325 0.00516036 0.4039
0.0192472 0.245281 0.280459 0.455013
0.365164 0.17673 0.122125 0.335982
0.161931 0.344554 0.0580596 0.435456
0.350095 0.236657 0.332941 0.0803078
0.125249 0.290227 0.430553 0.153972
0.204034 0.0198968 0.111502 0.664567
0.705346 0.294454 9.9982E-05 9.9982E-05
0.519867 9.9991E-05 0.0652 0.414833
0.187383 0.421989 9.9991E-05 0.390529
0.130757 0.273771 0.288623 0.306849
0.741991 9.9982E-05 9.9982E-05 0.257809
9.998E-05 9.998E-05 0.9997 9.998E-05
0.40038 0.318096 0.101488 0.180036
0.336143 0.175772 9.9991E-05 0.487985
0.40087 0.0479002 0.403025 0.148205
0.323556 0.245756 9.9991E-05 0.430587
0.22032 0.209235 0.183785 0.386661
0.892082 0.107718 9.9982E-05 9.9982E-05
0.19088 0.333699 9.9991E-05 0.475321
9.9982E-05 9.9982E-05 0.452179 0.547621
0.414555 9.99894E-05 0.585245 9.99894E-05
0.371296 0.0727883 0.220916 0.335
9.998E-05 9.998E-05 0.9997 9.998E-05
0.294772 0.313652 0.233374 0.158202
9.998E-05 0.9997 9.998E-05 9.998E-05
0.47107 0.183839 0.283024 0.0620676
0.576739 0.110459 0.312702 9.9991E-05
0.427872 0.257258 0.0665007 0.24837
0.479328 0.0267347 0.192094 0.301843
0.112165 0.349726 0.382824 0.155285
0.524202 0.211505 0.0314191 0.232874
0.0483542 0.498524 0.119228 0.333894
0.220149 0.0740789 0.292234 0.413538
0.383391 0.185177 0.25058 0.180853
0.0441286 0.114608 0.501683 0.33958
0.341175 0.244152 0.223154 0.191519
9.998E-05 9.998E-05 0.9997 9.998E-05
0.320201 0.47001 0.083283 0.126505
0.589343 0.0836897 9.9991E-05 0.326868
0.262402 0.193051 0.254934 0.289613
0.4189 0.224044 0.213792 0.143264
0.401925 0.0589468 0.0389746 0.500154
9.9991E-05 0.162409 0.338338 0.499153
0.0707872 0.265509 0.257389 0.406315
0.250846 0.320556 0.147168 0.281429
0.384748 0.140956 0.37056 0.103737
0.102308 0.126358 0.407111 0.364223
0.303549 0.135271 0.391318 0.169861
0.443219 0.131544 0.194614 0.230623
0.495884 0.207937 0.11266 0.183519
0.519745 0.217669 0.262486 9.9991E-05
0.503703 0.00771489 0.0259112 0.462671
0.175499 0.123532 0.0563133 0.644655
0.150746 0.278247 0.406854 0.164153
9.9991E-05 0.181066 0.438151 0.380683
0.400185 0.117478 0.128882 0.353454
0.128853 0.29621 0.110003 0.464934
0.416536 0.323363 0.260002 9.9991E-05
0.482608 0.218888 0.298404 9.9991E-05
0.390414 0.261902 0.137246 0.210439
0.217823 0.225148 0.118843 0.438186
0.18716 0.342835 0.0928211 0.377184
9.9991E-05 0.48723 0.29982 0.21285
0.334573 0.0413752 0.270819 0.353232
0.583859 0.101658 0.077208 0.237274
0.00386409 0.185054 0.115085 0.695997
0.0174941 0.120687 0.298495 0.563324
0.35759 0.34614 0.0203233 0.275947
9.998E-05 9.998E-05 9.998E-05 0.9997
0.330313 0.265935 9.9991E-05 0.403652
0.439102 0.36198 9.9991E-05 0.198818
0.393434 0.19691 0.32211 0.0875455
0.182271 0.427694 9.9991E-05 0.389935
0.108239 0.245416 0.162892 0.483453
0.230597 0.239471 0.35725 0.172683
0.422592 0.115898 0.268401 0.193109
0.274629 0.0979327 0.288692 0.338746
0.475988 0.102646 0.0856099 0.335756
0.458962 0.181003 0.149614 0.210421
0.900509 9.9982E-05 0.0992915 9.9982E-05
0.186404 0.113436 0.401873 0.298287
0.389911 0.18342 9.9991E-05 0.426569
9.998E-05 9.998E-05 9.998E-05 0.9997
0.235426 0.143945 9.9991E-05 0.620529
0.173103 0.470823 0.163039 0.193035
0.527444 0.245157 0.167363 0.0600365
0.803349 9.9982E-05 9.9982E-05 0.196451
0.595979 0.101486 0.10892 0.193615
0.203917 0.511321 0.0752192 0.209543
0.527552 0.290098 0.138984 0.0433659
0.242245 0.118007 0.157587 0.48216
0.497026 0.17851 0.324364 9.9991E-05
0.239658 0.368634 0.329952 0.0617556
0.336132 0.0480266 0.218313 0.397529
0.518232 0.387168 0.0942204 0.000380434
0.331699 0.214633 0.0976652 0.356003
0.0819858 0.466182 0.214691 0.237141
0.291223 0.354112 0.0818079 0.272858
0.463965 0.210116 0.325819 9.9991E-05
9.998E-05 0.9997 9.998E-05 9.998E-05
0.364887 0.145677 0.270978 0.218459
0.0442419 0.228367 0.541359 0.186032
0.397137 9.9991E-05 0.117054 0.485709
0.411017 0.295923 0.14087 0.152189
0.601498 0.00199346 0.268422 0.128087
0.457972 0.266495 0.120812 0.154721
9.998E-05 0.9997 9.998E-05 9.998E-05
0.176699 0.148854 0.089744 0.584703
0.225594 0.463365 0.179008 0.132034
0.50805 0.031535 0.00962278 0.450792
0.456941 0.0695577 0.317547 0.155954
