0.0424216 0.286459 9.9991E-05 0.194065 0.0777049 0.39925
0.0298851 0.117297 9.9991E-05 0.0862179 0.0572187 0.709281
9.99821E-05 0.335946 9.99821E-05 0.0238512 0.293611 0.346391
0.0914466 0.13042 0.0163533 9.99911E-05 0.249545 0.512135
9.9982E-05 0.298729 9.9982E-05 0.358621 0.171493 0.170957
9.999E-05 0.00228654 0.128064 0.0383397 0.117003 0.714206
0.396353 0.177275 9.9991E-05 0.372931 0.0207827 0.0325593
9.99821E-05 0.265984 9.99821E-05 0.0720489 0.0438631 0.617905
0.798972 9.99732E-05 0.186254 0.0144749 9.99732E-05 9.99732E-05
0.267619 0.000695369 0.323577 9.99911E-05 0.180273 0.227736
0.288881 0.125489 0.298591 0.0440909 0.242848 9.9991E-05
0.672661 9.99732E-05 9.99732E-05 0.0592857 9.99732E-05 0.267754
0.410128 0.203141 9.99821E-05 9.99821E-05 0.0415327 0.344998
9.9982E-05 0.0121734 9.9982E-05 0.215649 0.216048 0.555929
0.729852 9.99643E-05 9.99643E-05 9.99643E-05 9.99643E-05 0.269748
0.0780369 0.233566 9.9991E-05 0.30314 0.247082 0.138076
0.286626 9.99731E-05 0.276582 9.99731E-05 9.99731E-05 0.436493
9.999E-05 0.00310767 0.238309 0.407248 0.0343036 0.316932
0.369497 0.0733677 9.99732E-05 9.99732E-05 9.99732E-05 0.556836
9.99821E-05 0.0695185 0.106447 9.99821E-05 0.0891337 0.7347
9.99821E-05 9.99821E-05 0.421937 0.0969047 0.187995 0.292963
0.396349 0.417953 0.0129942 9.9982E-05 0.172504 9.9982E-05
0.178762 9.99821E-05 0.0812603 9.99821E-05 0.109945 0.629834
9.9982E-05 9.9982E-05 0.0713836 0.283824 0.515223 0.12937
0.00528262 0.150419 0.296049 0.0315972 0.516551 9.9991E-05
0.158699 0.35524 0.165879 0.0671496 0.252933 9.9991E-05
0.295854 0.0978722 0.149853 0.205299 0.118202 0.132919
0.172021 0.502684 9.99821E-05 0.267459 9.99821E-05 0.0576358
9.99821E-05 0.507425 0.167655 0.0353636 9.99821E-05 0.289357
9.99642E-05 0.0212937 9.99642E-05 9.99642E-05 0.978306 9.99642E-05
9.99731E-05 0.202959 0.15822 0.638521 9.99731E-05 9.99731E-05
0.255031 9.99732E-05 9.99732E-05 9.99732E-05 0.0544827 0.690186
0.471384 0.0606373 0.467679 9.99731E-05 9.99731E-05 9.99731E-05
0.165414 0.65573 9.99911E-05 0.044928 0.0523857 0.0814422
9.9982E-05 0.0878633 9.9982E-05 0.168764 0.355961 0.387211
9.99732E-05 9.99732E-05 0.242742 0.0314345 9.99732E-05 0.725523
9.99731E-05 0.398769 0.0800671 0.520864 9.99731E-05 9.99731E-05
0.0389479 0.225011 0.735742 9.99731E-05 9.99731E-05 9.99731E-05
0.0958991 0.196317 0.226188 0.0780799 0.195392 0.208124
0.0813 0.27294 0.175452 9.9991E-05 0.000360658 0.469848
0.454915 0.240738 9.99821E-05 0.0164752 0.287671 9.99821E-05
0.602051 9.99821E-05 0.198767 0.0604541 0.138528 9.99821E-05
9.9991E-05 0.0645737 0.192589 0.01717 0.0997466 0.625821
0.225173 0.315688 0.130286 9.9991E-05 0.0069108 0.321842
0.230058 0.369871 9.99821E-05 9.99821E-05 0.116008 0.283863
0.218277 9.99732E-05 9.99732E-05 9.99732E-05 0.156565 0.624857
0.478624 9.99731E-05 9.99731E-05 9.99731E-05 0.157428 0.363648
0.492885 9.9982E-05 0.125065 0.163208 9.9982E-05 0.218642
0.406062 0.394118 9.99822E-05 9.99822E-05 0.0504661 0.149153
9.9982E-05 0.261394 9.9982E-05 0.0706371 0.0931972 0.574572
9.9973E-05 0.448921 9.9973E-05 9.9973E-05 0.268523 0.282256
9.99641E-05 9.99641E-05 0.439953 9.99641E-05 9.99641E-05 0.559647
0.571345 0.0239879 0.0389367 9.9991E-05 0.297141 0.0684893
0.0983145 0.443631 0.0567957 9.99911E-05 0.126811 0.274348
0.0300276 0.0433035 0.224496 0.431648 9.99911E-05 0.270424
0.151472 0.306084 0.126915 0.415329 9.99821E-05 9.99821E-05
0.00271437 9.9991E-05 0.194502 0.131659 0.296588 0.374437
0.433 0.0301874 0.111123 0.289083 9.99911E-05 0.136506
0.136173 0.23923 0.0234639 0.319936 9.9991E-05 0.281096
0.00776798 9.9982E-05 0.347989 0.0668992 9.9982E-05 0.577143
0.126063 0.78354 9.99821E-05 9.99821E-05 0.0506374 0.0395598
0.588585 9.9982E-05 9.9982E-05 0.161015 0.0484361 0.201764
0.626582 0.285454 9.9973E-05 0.0876641 9.9973E-05 9.9973E-05
9.99821E-05 0.15079 9.99821E-05 0.041731 0.710607 0.0966727
0.0494522 0.731817 9.99821E-05 0.0745146 0.144016 9.99821E-05
0.28422 0.121528 9.99821E-05 9.99821E-05 0.287489 0.306564
0.00452215 0.214405 9.9982E-05 9.9982E-05 0.311562 0.46931
0.690398 0.240016 9.99731E-05 0.0692865 9.99731E-05 9.99731E-05
0.302104 0.697496 9.99641E-05 9.99641E-05 9.99641E-05 9.99641E-05
9.99821E-05 0.567255 0.220301 9.99821E-05 0.0968981 0.115345
0.340044 0.0962163 0.102227 0.157992 9.9991E-05 0.30342
0.744479 9.99731E-05 9.99731E-05 9.99731E-05 0.213892 0.0413293
9.99732E-05 9.99732E-05 0.0318131 0.639357 9.99732E-05 0.32853
0.363433 0.366564 9.99911E-05 0.0736444 0.0829549 0.113303
9.99822E-05 0.399207 9.99822E-05 0.0564659 0.140193 0.403935
0.327147 0.145591 9.99821E-05 0.297712 9.99821E-05 0.229351
0.487723 0.0698208 9.99822E-05 9.99822E-05 0.157271 0.284985
0.207983 0.0245096 0.193361 0.31309 0.241321 0.0197351
0.212079 0.633992 0.0839825 9.9991E-05 0.00743805 0.0624081
9.99731E-05 0.296549 9.99731E-05 0.138313 9.99731E-05 0.564838
9.99732E-05 0.0463023 9.99732E-05 0.308421 9.99732E-05 0.644977
0.0509427 0.0934094 0.360309 9.99911E-05 0.134143 0.361095
0.0100015 0.0175725 0.204962 0.109579 9.99911E-05 0.657785
0.148776 0.498824 0.0788107 9.9991E-05 0.122353 0.151136
0.418007 9.99821E-05 9.99821E-05 0.0449621 0.257875 0.278956
0.144559 9.99821E-05 0.0768284 0.0239056 9.99821E-05 0.754507
0.0980589 0.0172695 0.236361 0.152881 9.99911E-05 0.49533
0.166462 9.9991E-05 0.0131202 0.0669124 0.597636 0.155769
0.257306 0.434729 0.261694 9.99821E-05 0.046071 9.99821E-05
0.45582 0.325692 0.218188 9.99731E-05 9.99731E-05 9.99731E-05
9.99643E-05 0.122464 9.99643E-05 9.99643E-05 0.877136 9.99643E-05
0.186548 9.99911E-05 0.028166 0.238161 0.227088 0.319937
0.665072 9.99911E-05 0.0739429 0.107477 0.149647 0.00376169
0.148237 9.99732E-05 0.395708 9.99732E-05 9.99732E-05 0.455755
0.793599 9.99731E-05 9.99731E-05 0.118996 0.0871048 9.99731E-05
0.221606 9.99641E-05 9.99641E-05 9.99641E-05 9.99641E-05 0.777994
0.244335 9.9991E-05 0.286376 0.0132286 0.0968295 0.359131
0.842147 9.99641E-05 9.99641E-05 9.99641E-05 9.99641E-05 0.157453
9.99821E-05 0.359061 9.99821E-05 0.189925 0.362541 0.0882735
0.148402 9.9982E-05 0.0993714 9.9982E-05 0.432636 0.31939
0.33954 9.99821E-05 0.0628084 0.525038 0.0724139 9.99821E-05
9.99642E-05 9.99642E-05 0.0618862 9.99642E-05 0.937714 9.99642E-05
0.242652 9.99732E-05 0.704231 9.99732E-05 0.0528172 9.99732E-05
9.99641E-05 9.99641E-05 0.912813 9.99641E-05 9.99641E-05 0.0867874
9.99641E-05 0.265413 9.99641E-05 9.99641E-05 9.99641E-05 0.734187
0.579478 0.054353 9.99821E-05 9.99821E-05 0.129001 0.236968
0.196419 0.21887 0.0029903 9.99911E-05 0.0136342 0.567987
9.99821E-05 0.613039 0.188778 0.0780602 9.99821E-05 0.119923
0.261759 0.690688 0.00797041 9.99821E-05 0.0393822 9.99821E-05
9.99731E-05 0.429119 0.384384 9.99731E-05 0.186197 9.99731E-05
0.374731 0.035515 9.99911E-05 0.225012 0.342827 0.0218152
9.99821E-05 0.342279 9.99821E-05 0.096927 0.106939 0.453655
9.99732E-05 0.337983 9.99732E-05 9.99732E-05 0.577063 0.0846537
9.99821E-05 0.593758 0.128022 9.99821E-05 0.0283024 0.249717
9.996E-05 9.996E-05 9.996E-05 9.996E-05 0.9995 9.996E-05
0.484139 0.226154 0.243402 9.99821E-05 9.99821E-05 0.0461051
0.0889369 0.127659 9.99821E-05 9.99821E-05 0.0381636 0.74504
0.383155 0.258938 9.99821E-05 9.99821E-05 0.165194 0.192513
9.9973E-05 0.572379 9.9973E-05 0.190206 0.237115 9.9973E-05
9.99731E-05 0.0218367 0.066122 9.99731E-05 9.99731E-05 0.911741
0.206987 0.0950493 0.0773698 0.0118468 0.588807 0.0199403
9.99821E-05 9.99821E-05 0.127662 0.041744 0.20303 0.627364
9.99731E-05 0.351191 0.0863247 9.99731E-05 9.99731E-05 0.562184
0.0264391 9.99821E-05 0.134482 0.122884 9.99821E-05 0.715995
0.239446 0.0403568 0.00906479 9.99911E-05 0.184467 0.526565
0.506609 0.113595 0.0322499 0.0962314 0.0230948 0.22822
0.510887 9.99732E-05 9.99732E-05 9.99732E-05 0.280311 0.208502
0.0766643 0.504059 0.0545555 0.184381 9.9991E-05 0.180241
9.99821E-05 0.237082 0.293221 9.99821E-05 0.141308 0.328189
0.324288 0.279656 0.215849 9.9991E-05 0.0761976 0.10391
0.863349 9.99642E-05 0.136251 9.99642E-05 9.99642E-05 9.99642E-05
0.107913 0.208263 0.114618 0.157502 0.0388075 0.372897
0.502524 0.201206 0.117259 0.0316542 9.9991E-05 0.147257
9.9982E-05 0.349849 0.384324 0.0134364 9.9982E-05 0.252191
9.99731E-05 9.99731E-05 0.360811 0.200488 9.99731E-05 0.438401
9.99732E-05 0.369676 0.102576 9.99732E-05 9.99732E-05 0.527449
9.99642E-05 0.921832 0.0777677 9.99642E-05 9.99642E-05 9.99642E-05
9.99643E-05 0.92652 9.99643E-05 9.99643E-05 0.0730805 9.99643E-05
0.499555 0.171289 0.28732 9.99821E-05 9.99821E-05 0.0416353
9.99731E-05 0.446556 9.99731E-05 9.99731E-05 0.111761 0.441383
9.99821E-05 0.431719 0.154004 0.336419 0.077657 9.99821E-05
0.0479061 9.9991E-05 0.560849 0.0288608 0.0797437 0.28254
0.520091 0.186059 9.99821E-05 0.0568496 9.99821E-05 0.236801
0.368661 0.0809631 0.448386 9.99821E-05 0.10179 9.99821E-05
0.00365543 9.99821E-05 9.99821E-05 0.162938 0.578695 0.254512
0.191971 0.40255 0.0311453 9.9991E-05 0.0195603 0.354673
9.996E-05 9.996E-05 9.996E-05 0.9995 9.996E-05 9.996E-05
9.99821E-05 0.0238923 0.123388 9.99821E-05 0.159001 0.693519
9.99731E-05 9.99731E-05 9.99731E-05 0.144274 0.410579 0.444847
0.490791 0.0115992 9.99732E-05 0.49731 9.99732E-05 9.99732E-05
0.338274 0.348184 0.038378 0.166808 9.99911E-05 0.108256
0.520558 9.99642E-05 9.99642E-05 9.99642E-05 9.99642E-05 0.479042
9.99641E-05 0.788878 9.99641E-05 0.210722 9.99641E-05 9.99641E-05
0.0533258 0.327146 0.0366878 0.298163 9.9991E-05 0.284577
9.99732E-05 9.99732E-05 9.99732E-05 0.336719 0.417298 0.245683
0.150699 0.380466 0.196567 0.0492937 9.9991E-05 0.222875
9.9991E-05 0.158334 0.282868 0.0768191 0.00920877 0.47267
0.0452513 0.405883 0.143168 0.214276 0.191322 9.99911E-05
9.99732E-05 0.685299 9.99732E-05 9.99732E-05 0.0199154 0.294486
0.161994 0.350724 0.173683 9.9991E-05 0.186991 0.126507
9.996E-05 9.996E-05 9.996E-05 0.9995 9.996E-05 9.996E-05
0.42777 0.395099 9.99821E-05 0.157639 9.99821E-05 0.0192913
9.996E-05 9.996E-05 9.996E-05 9.996E-05 9.996E-05 0.9995
0.726539 0.183277 9.99732E-05 9.99732E-05 0.0898839 9.99732E-05
0.736299 9.99733E-05 9.99733E-05 0.0152863 9.99733E-05 0.248115
0.144997 9.99821E-05 0.0389968 9.99821E-05 0.113093 0.702713
0.164381 0.624453 9.99731E-05 0.210866 9.99731E-05 9.99731E-05
9.996E-05 0.9995 9.996E-05 9.996E-05 9.996E-05 9.996E-05
0.10308 9.99822E-05 9.99822E-05 0.497017 0.027106 0.372597
0.288223 9.9982E-05 0.241634 9.9982E-05 0.0213439 0.448598
0.272514 0.599946 9.99821E-05 9.99821E-05 0.0979194 0.0294201
9.99821E-05 0.264314 0.0861954 0.107211 9.99821E-05 0.542079
0.266449 0.257 0.0472408 9.99821E-05 9.99821E-05 0.42911
0.106796 9.99821E-05 0.0658599 9.99821E-05 0.344069 0.483076
0.332521 0.491927 9.99821E-05 9.99821E-05 0.119659 0.0556931
0.197896 0.700676 9.99821E-05 0.0611207 9.99821E-05 0.0401073
0.448543 0.061415 0.00848069 9.99911E-05 0.362005 0.119456
9.996E-05 9.996E-05 0.9995 9.996E-05 9.996E-05 9.996E-05
0.29725 0.00888236 0.321861 0.0380076 9.99911E-05 0.333899
0.554812 9.99732E-05 0.170551 9.99732E-05 9.99732E-05 0.274338
0.371377 9.99821E-05 0.117621 0.173381 9.99821E-05 0.337421
0.230104 9.9991E-05 0.285504 0.302697 0.0164458 0.16515
0.486262 0.25933 9.9982E-05 0.0369456 0.217262 9.9982E-05
9.99733E-05 0.3146 9.99733E-05 0.000274046 9.99733E-05 0.684826
9.99641E-05 0.12543 0.87417 9.99641E-05 9.99641E-05 9.99641E-05
0.407766 0.139403 9.99822E-05 0.0385739 9.99822E-05 0.414057
0.0323068 0.120842 0.0438989 9.99821E-05 9.99821E-05 0.802753
9.9991E-05 0.216752 0.168901 0.225513 0.101047 0.287687
9.9982E-05 9.9982E-05 0.193428 0.0922131 0.0562998 0.657859
