0.0627715 9.99551E-05 9.99551E-05 0.141459 0.613398 9.99551E-05 9.99551E-05 0.0987703 9.99551E-05 0.0831016
0.180905 9.9964E-05 0.0559731 9.9964E-05 0.355234 9.9964E-05 0.307693 0.0742771 9.9964E-05 0.0255183
9.99731E-05 0.157214 0.267634 0.114978 0.060781 0.0725204 9.99731E-05 9.99731E-05 0.23065 0.0959232
9.99552E-05 0.105227 0.537062 9.99552E-05 0.21846 9.99552E-05 9.99552E-05 0.032159 9.99552E-05 0.106592
0.075977 9.99642E-05 0.480979 0.00217694 0.241216 9.99642E-05 0.0618224 9.99642E-05 9.99642E-05 0.137429
9.9964E-05 0.14503 0.565526 0.130348 0.0326519 9.9964E-05 0.0415115 9.9964E-05 9.9964E-05 0.0845332
9.99731E-05 9.99731E-05 0.291842 0.0998931 0.00572376 0.195659 0.211361 0.137434 9.99731E-05 0.0577869
9.99641E-05 9.99641E-05 0.131 0.167993 0.541647 0.0718785 0.0367427 0.0503388 9.99641E-05 9.99641E-05
0.0504617 0.0125135 9.99463E-05 9.99463E-05 9.99463E-05 9.99463E-05 9.99463E-05 0.846572 9.99463E-05 0.0898536
9.99373E-05 0.347681 0.105781 9.99373E-05 9.99373E-05 9.99373E-05 9.99373E-05 9.99373E-05 0.545839 9.99373E-05
0.364565 0.263614 0.205987 9.99641E-05 9.99641E-05 0.0419405 9.99641E-05 9.99641E-05 0.0998277 0.0236657
9.99552E-05 9.99552E-05 0.207467 0.0487502 0.18271 9.99552E-05 0.0458662 0.514706 9.99552E-05 9.99552E-05
0.00274861 9.99551E-05 0.0141654 9.99551E-05 0.450999 0.151643 9.99551E-05 0.379944 9.99551E-05 9.99551E-05
9.99551E-05 9.99551E-05 0.284158 0.058578 0.32097 9.99551E-05 0.253698 9.99551E-05 0.0820963 9.99551E-05
9.99553E-05 0.0262716 0.0496931 0.116445 0.0907267 9.99553E-05 9.99553E-05 0.716364 9.99553E-05 9.99553E-05
9.99463E-05 9.99463E-05 0.493792 0.160107 0.264084 9.99463E-05 9.99463E-05 9.99463E-05 9.99463E-05 0.0814162
9.99641E-05 0.192986 9.99641E-05 0.0464112 0.131494 9.99641E-05 0.415807 0.105583 9.99641E-05 0.10732
9.99641E-05 0.0289867 0.309349 0.189988 9.99641E-05 9.99641E-05 0.0395705 9.99641E-05 0.394463 0.0372435
0.271216 9.99461E-05 9.99461E-05 9.99461E-05 0.164447 0.190115 9.99461E-05 0.373623 9.99461E-05 9.99461E-05
9.99641E-05 9.99641E-05 9.99641E-05 0.0340008 0.347284 0.184723 0.119724 0.231131 9.99641E-05 0.0827366
0.081432 0.233871 0.132976 9.99552E-05 9.99552E-05 9.99552E-05 0.170947 9.99552E-05 0.380274 9.99552E-05
0.502279 9.99461E-05 9.99461E-05 9.99461E-05 0.104363 0.301479 9.99461E-05 9.99461E-05 9.99461E-05 0.0912797
9.99641E-05 0.0184159 0.489962 0.0416864 9.99641E-05 9.99641E-05 0.0656373 0.0786251 9.99641E-05 0.305274
0.194864 9.99461E-05 0.159391 9.99461E-05 0.07634 9.99461E-05 9.99461E-05 9.99461E-05 9.99461E-05 0.568806
0.101623 0.351763 0.21079 0.0346062 9.99551E-05 9.99551E-05 9.99551E-05 9.99551E-05 9.99551E-05 0.300719
0.114219 0.0423963 0.168426 0.305228 0.0553668 9.9973E-05 9.9973E-05 0.138215 9.9973E-05 0.17585
0.189439 9.9964E-05 0.0269423 0.0648661 0.265243 0.0128089 9.9964E-05 9.9964E-05 0.440301 9.9964E-05
0.674502 9.99373E-05 9.99373E-05 9.99373E-05 0.314355 9.99373E-05 9.99373E-05 9.99373E-05 0.0104435 9.99373E-05
9.99461E-05 0.164105 9.99461E-05 9.99461E-05 0.290745 0.524001 9.99461E-05 0.0205489 9.99461E-05 9.99461E-05
9.99373E-05 9.99373E-05 9.99373E-05 9.99373E-05 9.99373E-05 0.141074 9.99373E-05 9.99373E-05 0.0196478 0.838578
0.653186 9.99461E-05 0.10727 0.00922607 9.99461E-05 9.99461E-05 0.229718 9.99461E-05 9.99461E-05 9.99461E-05
9.99641E-05 9.99641E-05 0.281966 0.016211 0.11057 0.511425 9.99641E-05 9.99641E-05 0.0479171 0.0315104
9.99552E-05 0.258355 9.99552E-05 0.00314875 9.99552E-05 0.415836 0.0392457 9.99552E-05 0.282915 9.99552E-05
0.196459 9.99552E-05 0.215398 9.99552E-05 0.298178 0.213317 9.99552E-05 9.99552E-05 9.99552E-05 0.0761494
9.99371E-05 9.99371E-05 0.464311 9.99371E-05 0.315915 9.99371E-05 9.99371E-05 9.99371E-05 9.99371E-05 0.219074
9.99372E-05 9.99372E-05 9.99372E-05 9.99372E-05 0.395347 9.99372E-05 0.422747 9.99372E-05 0.181206 9.99372E-05
0.418224 9.99374E-05 0.148705 0.432371 9.99374E-05 9.99374E-05 9.99374E-05 9.99374E-05 9.99374E-05 9.99374E-05
0.0645101 0.332914 9.99551E-05 9.99551E-05 9.99551E-05 0.249091 0.158327 9.99551E-05 9.99551E-05 0.194659
0.185256 0.0233088 0.518994 0.0106473 0.192394 0.0373711 9.99731E-05 9.99731E-05 9.99731E-05 0.0317298
9.99642E-05 0.0268995 0.330522 0.150072 0.444748 9.99642E-05 9.99642E-05 0.0115944 0.035765 9.99642E-05
0.210317 9.99373E-05 9.99373E-05 9.99373E-05 9.99373E-05 9.99373E-05 9.99373E-05 9.99373E-05 0.590901 0.198082
0.0358091 9.99552E-05 0.306665 9.99552E-05 9.99552E-05 9.99552E-05 0.0994757 0.0430784 0.514473 9.99552E-05
9.9955E-05 9.9955E-05 9.9955E-05 0.112195 0.275879 0.00521475 0.399516 9.9955E-05 0.206696 9.9955E-05
0.196743 0.041633 0.145583 0.201387 0.14309 9.9982E-05 9.9982E-05 0.19731 0.063013 0.0110404
9.99641E-05 9.99641E-05 0.329656 9.99641E-05 0.160912 0.440324 0.00457812 9.99641E-05 0.0111016 0.0530294
9.99731E-05 0.0794065 0.235543 0.189741 0.220212 0.0486589 0.0194282 0.20671 9.99731E-05 9.99731E-05
9.99641E-05 9.99641E-05 0.141388 0.109873 9.99641E-05 9.99641E-05 0.143264 0.494074 0.0800163 0.0309847
9.9955E-05 0.00488174 0.451673 9.9955E-05 9.9955E-05 0.192992 9.9955E-05 0.0305142 0.31944 9.9955E-05
9.99463E-05 9.99463E-05 9.99463E-05 0.345945 9.99463E-05 0.278667 9.99463E-05 0.216276 0.158513 9.99463E-05
9.99462E-05 9.99462E-05 0.363799 0.127652 0.505728 9.99462E-05 9.99462E-05 9.99462E-05 9.99462E-05 0.00222073
0.0469037 0.0420094 0.196794 0.305138 0.121331 9.9964E-05 9.9964E-05 9.9964E-05 9.9964E-05 0.287424
9.99599E-05 0.393058 9.99599E-05 9.99599E-05 9.99599E-05 9.99599E-05 0.330969 0.115117 0.119209 0.0411466
0.180045 9.9955E-05 9.9955E-05 9.9955E-05 0.144353 9.9955E-05 9.9955E-05 0.311898 0.169417 0.193787
0.00478496 0.251509 0.126994 9.99641E-05 0.428741 0.148981 9.99641E-05 9.99641E-05 9.99641E-05 0.0385908
0.0184534 0.085488 9.99641E-05 0.0542498 9.99641E-05 0.153074 0.551664 0.136672 9.99641E-05 9.99641E-05
0.292747 9.99641E-05 9.99641E-05 0.32614 9.99641E-05 0.123041 0.0775144 0.140878 0.0392796 9.99641E-05
0.185492 9.9946E-05 9.9946E-05 9.9946E-05 0.112912 9.9946E-05 0.377066 9.9946E-05 9.9946E-05 0.32393
0.122198 9.99464E-05 9.99464E-05 9.99464E-05 9.99464E-05 0.0646224 0.647559 0.165021 9.99464E-05 9.99464E-05
0.279885 0.0825041 0.216218 9.99551E-05 0.386197 9.99551E-05 0.0346965 9.99551E-05 9.99551E-05 9.99551E-05
9.9955E-05 0.194667 0.288676 9.9955E-05 0.238734 9.9955E-05 0.241926 9.9955E-05 0.0354971 9.9955E-05
0.223208 0.0294518 9.99373E-05 9.99373E-05 0.746641 9.99373E-05 9.99373E-05 9.99373E-05 9.99373E-05 9.99373E-05
9.99371E-05 9.99371E-05 0.41032 9.99371E-05 9.99371E-05 9.99371E-05 9.99371E-05 0.0758139 0.513166 9.99371E-05
0.411901 9.9955E-05 9.9955E-05 9.9955E-05 0.086908 0.107283 9.9955E-05 0.0959145 0.297494 9.9955E-05
0.0439345 9.99553E-05 0.0292984 9.99553E-05 0.289409 9.99553E-05 9.99553E-05 9.99553E-05 0.118544 0.518314
0.0105683 9.99641E-05 0.156548 0.463338 9.99641E-05 0.0438465 9.99641E-05 9.99641E-05 0.246634 0.0786656
9.99552E-05 9.99552E-05 9.99552E-05 9.99552E-05 0.331923 0.0695675 9.99552E-05 0.165819 0.389769 0.0424209
9.9955E-05 9.9955E-05 0.35863 0.211993 0.11477 9.9955E-05 0.163867 9.9955E-05 9.9955E-05 0.150241
0.206425 9.99462E-05 0.40924 0.0133244 9.99462E-05 9.99462E-05 9.99462E-05 0.370411 9.99462E-05 9.99462E-05
0.353173 0.011016 9.99641E-05 0.220971 0.00581564 0.321326 9.99641E-05 0.0872988 9.99641E-05 9.99641E-05
0.244382 0.130374 9.99552E-05 0.0669362 0.129045 9.99552E-05 9.99552E-05 9.99552E-05 0.428763 9.99552E-05
9.99462E-05 0.0582833 0.759809 9.99462E-05 9.99462E-05 9.99462E-05 9.99462E-05 0.104867 0.0764406 9.99462E-05
0.157557 9.99731E-05 0.142451 9.99731E-05 9.99731E-05 0.164632 0.0160487 0.158598 0.30529 0.0551233
0.0380111 9.99374E-05 9.99374E-05 9.99374E-05 9.99374E-05 0.609111 0.352178 9.99374E-05 9.99374E-05 9.99374E-05
0.382486 9.99461E-05 0.218907 0.168381 9.99461E-05 0.229627 9.99461E-05 9.99461E-05 9.99461E-05 9.99461E-05
9.99465E-05 9.99465E-05 0.400484 9.99465E-05 0.393385 9.99465E-05 0.129997 9.99465E-05 9.99465E-05 0.0755347
9.99551E-05 9.99551E-05 0.262452 0.106302 0.177597 9.99551E-05 0.0616535 0.391495 9.99551E-05 9.99551E-05
0.115539 9.99463E-05 9.99463E-05 0.130823 9.99463E-05 9.99463E-05 9.99463E-05 0.471162 9.99463E-05 0.281876
0.282339 0.168701 9.99551E-05 9.99551E-05 0.253766 9.99551E-05 9.99551E-05 0.142055 0.152638 9.99551E-05
0.362328 0.0487063 9.99372E-05 9.99372E-05 0.588266 9.99372E-05 9.99372E-05 9.99372E-05 9.99372E-05 9.99372E-05
9.99462E-05 0.0371973 0.0871165 9.99462E-05 0.765536 9.99462E-05 0.109551 9.99462E-05 9.99462E-05 9.99462E-05
0.0239378 9.99462E-05 0.388493 9.99462E-05 0.160498 0.426472 9.99462E-05 9.99462E-05 9.99462E-05 9.99462E-05
9.99821E-05 0.108755 0.0518384 0.0349784 0.13884 0.324876 0.0734138 0.144417 9.99821E-05 0.122682
0.19553 9.99462E-05 9.99462E-05 0.0051197 0.134293 9.99462E-05 0.664458 9.99462E-05 9.99462E-05 9.99462E-05
9.99551E-05 0.0865221 9.99551E-05 0.197481 0.249005 9.99551E-05 9.99551E-05 0.148421 9.99551E-05 0.318071
9.99462E-05 9.99462E-05 0.413747 9.99462E-05 9.99462E-05 9.99462E-05 0.17243 9.99462E-05 0.28533 0.127893
0.0296381 9.99641E-05 0.399819 9.99641E-05 0.279903 0.0357722 9.99641E-05 0.0176295 0.236838 9.99641E-05
9.99374E-05 9.99374E-05 9.99374E-05 9.99374E-05 0.428929 9.99374E-05 0.463257 9.99374E-05 0.107115 9.99374E-05
9.99462E-05 9.99462E-05 0.281394 9.99462E-05 0.301921 9.99462E-05 9.99462E-05 0.0198337 9.99462E-05 0.396252
0.266307 0.311773 0.0410822 0.0226289 0.0517155 0.109196 9.99821E-05 0.0853551 9.99821E-05 0.111742
9.99551E-05 0.0954285 9.99551E-05 9.99551E-05 0.113446 0.655942 9.99551E-05 0.00629564 0.128389 9.99551E-05
9.99285E-05 9.99285E-05 9.99285E-05 0.196021 9.99285E-05 9.99285E-05 9.99285E-05 9.99285E-05 9.99285E-05 0.803179
9.99642E-05 9.99642E-05 0.0986302 9.99642E-05 0.0270453 9.99642E-05 0.40562 0.2373 0.0834595 0.147545
9.99552E-05 9.99552E-05 0.253171 9.99552E-05 9.99552E-05 0.596305 0.0158426 0.00408443 0.130097 9.99552E-05
9.99552E-05 0.175623 0.234863 9.99552E-05 0.139246 9.99552E-05 0.0659419 9.99552E-05 0.383827 9.99552E-05
0.0117588 9.9955E-05 0.142712 9.9955E-05 9.9955E-05 0.228837 9.9955E-05 0.227946 0.388246 9.9955E-05
9.99551E-05 0.0735147 0.240867 9.99551E-05 0.425244 9.99551E-05 0.0230472 0.236827 9.99551E-05 9.99551E-05
0.21257 9.9964E-05 9.9964E-05 0.0721077 0.109952 9.9964E-05 0.163336 0.0821119 0.359523 9.9964E-05
9.99371E-05 9.99371E-05 9.99371E-05 0.024574 9.99371E-05 9.99371E-05 9.99371E-05 0.827781 0.146945 9.99371E-05
0.17015 9.9964E-05 0.23163 0.0317026 0.203497 0.00259789 9.9964E-05 9.9964E-05 9.9964E-05 0.360023
0.00606074 9.9964E-05 0.111946 9.9964E-05 9.9964E-05 9.9964E-05 0.237284 0.0928764 0.170702 0.380731
0.608277 9.99462E-05 0.0687977 9.99462E-05 9.99462E-05 9.99462E-05 0.258607 9.99462E-05 0.063719 9.99462E-05
9.99463E-05 0.162406 0.0203387 9.99463E-05 0.0240148 9.99463E-05 9.99463E-05 9.99463E-05 9.99463E-05 0.792641
0.292327 0.261749 9.99553E-05 9.99553E-05 9.99553E-05 0.144365 9.99553E-05 0.0504386 0.250621 9.99553E-05
9.99282E-05 0.974416 9.99282E-05 9.99282E-05 9.99282E-05 9.99282E-05 9.99282E-05 9.99282E-05 0.024785 9.99282E-05
9.9964E-05 9.9964E-05 0.325257 0.218203 0.303646 0.147488 0.00291241 0.00209337 9.9964E-05 9.9964E-05
9.99551E-05 0.0302704 0.306495 0.143712 9.99551E-05 9.99551E-05 9.99551E-05 0.418613 9.99551E-05 0.100409
9.99641E-05 9.99641E-05 0.115747 0.0584599 0.0758071 0.15954 0.584683 0.00536295 9.99641E-05 9.99641E-05
0.296053 0.0709037 0.210751 0.227794 9.99641E-05 0.113595 9.99641E-05 9.99641E-05 0.0805033 9.99641E-05
0.0704203 9.99462E-05 9.99462E-05 0.46829 9.99462E-05 9.99462E-05 0.130071 0.330618 9.99462E-05 9.99462E-05
9.99641E-05 0.334949 0.253997 0.136076 9.99641E-05 0.247892 9.99641E-05 9.99641E-05 0.0254522 0.00123347
0.0761283 9.99553E-05 9.99553E-05 0.0886976 9.99553E-05 9.99553E-05 0.399524 0.191622 9.99553E-05 0.243529
9.99462E-05 9.99462E-05 0.227333 0.261626 0.505812 9.99462E-05 9.99462E-05 0.00462907 9.99462E-05 9.99462E-05
9.99373E-05 9.99373E-05 9.99373E-05 0.241325 9.99373E-05 9.99373E-05 0.282621 9.99373E-05 9.99373E-05 0.475355
9.99463E-05 9.99463E-05 9.99463E-05 0.188191 0.607419 0.166048 9.99463E-05 9.99463E-05 9.99463E-05 0.0377429
9.99281E-05 9.99281E-05 9.99281E-05 9.99281E-05 9.99281E-05 9.99281E-05 0.0912672 9.99281E-05 9.99281E-05 0.907933
0.171777 0.254848 0.109518 9.99553E-05 9.99553E-05 9.99553E-05 9.99553E-05 0.42162 0.0417366 9.99553E-05
9.99372E-05 9.99372E-05 9.99372E-05 9.99372E-05 0.643635 9.99372E-05 9.99372E-05 0.351492 9.99372E-05 0.00417364
0.102634 9.99462E-05 9.99462E-05 9.99462E-05 0.349143 0.446021 9.99462E-05 9.99462E-05 0.101602 9.99462E-05
0.0218634 0.204084 9.9964E-05 0.164905 0.153764 0.326618 9.9964E-05 9.9964E-05 9.9964E-05 0.128366
0.0435641 0.129185 9.9982E-05 0.148382 0.358205 0.00686622 0.279991 9.9982E-05 0.0315574 0.00204887
9.99461E-05 9.99461E-05 0.166337 0.192138 9.99461E-05 9.99461E-05 9.99461E-05 0.146284 9.99461E-05 0.494642
9.99551E-05 9.99551E-05 0.24977 9.99551E-05 0.0417369 9.99551E-05 0.434546 0.0332233 9.99551E-05 0.240225
9.99552E-05 0.078062 0.166115 0.325931 0.328059 0.101333 9.99552E-05 9.99552E-05 9.99552E-05 9.99552E-05
9.99461E-05 9.99461E-05 0.25806 0.283671 9.99461E-05 9.99461E-05 0.263707 9.99461E-05 0.193962 9.99461E-05
9.99731E-05 0.0758106 0.109281 0.139067 0.222506 9.99731E-05 9.99731E-05 0.0474579 0.374823 0.0307541
0.312456 9.9964E-05 0.365742 0.0722491 0.0344258 9.9964E-05 9.9964E-05 0.110612 0.104116 9.9964E-05
9.99462E-05 9.99462E-05 9.99462E-05 0.0288228 9.99462E-05 0.337307 9.99462E-05 9.99462E-05 0.543851 0.08942
0.294092 0.000561645 0.217447 0.228902 9.99731E-05 0.189039 0.0573137 0.0123442 9.99731E-05 9.99731E-05
9.99464E-05 0.307995 9.99464E-05 9.99464E-05 0.271201 9.99464E-05 0.220474 9.99464E-05 9.99464E-05 0.19973
9.99731E-05 0.158833 0.379603 0.0655346 9.99731E-05 0.258734 0.0367724 9.99731E-05 0.0563822 0.0438421
0.15017 9.99373E-05 9.99373E-05 9.99373E-05 9.99373E-05 9.99373E-05 0.0268239 0.822307 9.99373E-05 9.99373E-05
9.9964E-05 0.0528908 0.444605 0.0348996 0.212029 9.9964E-05 0.238023 9.9964E-05 9.9964E-05 0.0171526
0.0035355 0.0753447 0.327601 0.00711751 9.99641E-05 0.309342 9.99641E-05 9.99641E-05 0.276659 9.99641E-05
0.276516 0.320393 0.115316 0.179101 0.108174 9.99551E-05 9.99551E-05 9.99551E-05 9.99551E-05 9.99551E-05
0.0247634 0.178082 9.99551E-05 9.99551E-05 0.300186 9.99551E-05 9.99551E-05 0.0767841 0.419685 9.99551E-05
9.99283E-05 9.99283E-05 9.99283E-05 0.93754 9.99283E-05 9.99283E-05 0.0616604 9.99283E-05 9.99283E-05 9.99283E-05
9.99282E-05 9.99282E-05 9.99282E-05 0.966286 9.99282E-05 9.99282E-05 9.99282E-05 9.99282E-05 0.0329144 9.99282E-05
0.035378 0.0166465 0.177542 0.461414 0.0832736 0.0560532 9.99732E-05 9.99732E-05 9.99732E-05 0.169393
0.149507 0.0824741 9.99553E-05 9.99553E-05 9.99553E-05 0.0880455 0.196025 0.483449 9.99553E-05 9.99553E-05
9.99551E-05 9.99551E-05 0.214751 0.418389 0.0985491 0.229502 9.99551E-05 9.99551E-05 9.99551E-05 0.0383093
0.710386 0.0728181 0.00987052 9.99463E-05 0.206325 9.99463E-05 9.99463E-05 9.99463E-05 9.99463E-05 9.99463E-05
9.99552E-05 0.345196 0.0970641 9.99552E-05 9.99552E-05 0.0122582 0.422248 9.99552E-05 9.99552E-05 0.122734
9.99641E-05 0.0439011 0.0944655 9.99641E-05 0.353988 0.0645419 9.99641E-05 0.0642326 0.378472 9.99641E-05
9.99462E-05 0.157071 9.99462E-05 0.178128 9.99462E-05 9.99462E-05 9.99462E-05 9.99462E-05 0.590135 0.0740654
0.0388443 0.139733 0.390397 9.99641E-05 0.0612955 9.99641E-05 9.99641E-05 0.0408583 9.99641E-05 0.328472
0.0332278 9.9964E-05 0.144976 0.151386 0.233454 0.207955 9.9964E-05 0.228601 9.9964E-05 9.9964E-05
9.99201E-05 9.99201E-05 0.999101 9.99201E-05 9.99201E-05 9.99201E-05 9.99201E-05 9.99201E-05 9.99201E-05 9.99201E-05
9.99463E-05 0.0315366 9.99463E-05 9.99463E-05 0.781672 9.99463E-05 9.99463E-05 9.99463E-05 0.159769 0.0264223
9.99552E-05 0.15822 0.266896 9.99552E-05 0.00862966 9.99552E-05 0.444723 9.99552E-05 9.99552E-05 0.121031
0.379419 9.99463E-05 0.295689 9.99463E-05 0.0844174 9.99463E-05 9.99463E-05 0.239874 9.99463E-05 9.99463E-05
0.427993 0.0254485 0.115966 0.0683302 0.225701 9.996E-05 9.996E-05 0.136162 9.996E-05 9.996E-05
0.0329011 9.99462E-05 9.99462E-05 9.99462E-05 0.481691 9.99462E-05 9.99462E-05 0.304093 0.180716 9.99462E-05
0.331427 9.9964E-05 0.135222 0.329811 9.9964E-05 0.011291 0.132063 9.9964E-05 0.0597861 9.9964E-05
0.258018 9.99463E-05 9.99463E-05 0.144944 0.405896 9.99463E-05 0.190542 9.99463E-05 9.99463E-05 9.99463E-05
0.251025 9.99553E-05 0.356342 0.0147822 9.99553E-05 9.99553E-05 0.0691453 9.99553E-05 9.99553E-05 0.308206
9.99552E-05 0.0969997 0.353992 0.305731 0.0213459 9.99552E-05 9.99552E-05 9.99552E-05 0.221432 9.99552E-05
0.00653777 0.214869 0.00394083 9.99641E-05 0.373394 0.0111659 0.389693 9.99641E-05 9.99641E-05 9.99641E-05
9.99374E-05 9.99374E-05 9.99374E-05 0.152059 0.318474 9.99374E-05 9.99374E-05 9.99374E-05 0.528767 9.99374E-05
0.125661 9.99552E-05 0.156761 0.253414 0.350001 9.99552E-05 9.99552E-05 0.113663 9.99552E-05 9.99552E-05
0.125475 0.0623164 9.99551E-05 9.99551E-05 9.99551E-05 0.329471 9.99551E-05 0.205754 9.99551E-05 0.276485
9.99201E-05 9.99201E-05 0.999101 9.99201E-05 9.99201E-05 9.99201E-05 9.99201E-05 9.99201E-05 9.99201E-05 9.99201E-05
0.029842 9.99641E-05 0.506942 9.99641E-05 0.0474141 0.201773 9.99641E-05 0.100581 0.113048 9.99641E-05
9.99372E-05 9.99372E-05 0.207752 9.99372E-05 0.742965 0.0485842 9.99372E-05 9.99372E-05 9.99372E-05 9.99372E-05
0.245084 9.99552E-05 9.99552E-05 9.99552E-05 9.99552E-05 0.0405163 0.0112167 0.498028 0.204655 9.99552E-05
9.99553E-05 9.99553E-05 0.0699655 9.99553E-05 0.422959 0.06108 9.99553E-05 0.215372 0.230123 9.99553E-05
9.99551E-05 9.99551E-05 0.215918 0.197561 0.308404 9.99551E-05 9.99551E-05 0.213701 9.99551E-05 0.0639152
0.300077 0.0279948 9.99731E-05 0.167699 0.172025 0.145222 0.0140101 9.99731E-05 0.172672 9.99731E-05
9.99373E-05 9.99373E-05 9.99373E-05 0.969966 0.00839847 9.99373E-05 9.99373E-05 0.0209361 9.99373E-05 9.99373E-05
9.99464E-05 9.99464E-05 0.424147 9.99464E-05 0.0648324 0.115699 0.394722 9.99464E-05 9.99464E-05 9.99464E-05
0.034119 0.0801645 0.423983 9.9982E-05 0.207936 9.9982E-05 0.106381 0.099167 0.0250269 0.0230221
0.12641 0.00336413 0.304086 0.306953 0.0481654 0.00806169 9.99821E-05 0.112702 9.99821E-05 0.0900582
0.111461 9.99551E-05 9.99551E-05 0.0403688 0.237462 0.45861 0.151599 9.99551E-05 9.99551E-05 9.99551E-05
9.99551E-05 0.245136 0.288152 0.238397 9.99551E-05 9.99551E-05 0.0511118 0.176703 9.99551E-05 9.99551E-05
0.239132 9.99642E-05 0.305568 9.99642E-05 0.179849 9.99642E-05 0.0038983 9.99642E-05 0.0250684 0.246084
0.186588 0.0845242 0.25871 0.249102 0.05681 9.99641E-05 9.99641E-05 9.99641E-05 9.99641E-05 0.163866
0.00744969 0.004862 0.0683341 0.124955 0.139526 0.453609 9.99731E-05 0.200963 9.99731E-05 9.99731E-05
9.99732E-05 9.99732E-05 9.99732E-05 0.0945427 0.147368 0.105868 0.137382 0.19678 0.24433 0.0734294
9.99282E-05 0.786535 9.99282E-05 9.99282E-05 9.99282E-05 9.99282E-05 0.212665 9.99282E-05 9.99282E-05 9.99282E-05
0.312475 9.99641E-05 0.00446426 9.99641E-05 0.146244 9.99641E-05 0.394128 9.99641E-05 0.0972051 0.045085
0.0828443 9.99462E-05 9.99462E-05 9.99462E-05 0.258258 9.99462E-05 9.99462E-05 0.272806 0.385493 9.99462E-05
9.99373E-05 9.99373E-05 0.136929 9.99373E-05 9.99373E-05 9.99373E-05 0.352299 9.99373E-05 0.510073 9.99373E-05
0.290582 0.13646 0.037924 0.0062665 0.238779 9.99821E-05 9.99821E-05 0.137076 0.117323 0.0353899
0.039818 9.9982E-05 0.384631 0.0348866 0.104284 0.0646988 9.9982E-05 0.233789 0.0343695 0.103323
9.99642E-05 9.99642E-05 0.162961 0.195537 0.456728 0.149001 0.0306549 0.00471792 9.99642E-05 9.99642E-05
9.99201E-05 0.999101 9.99201E-05 9.99201E-05 9.99201E-05 9.99201E-05 9.99201E-05 9.99201E-05 9.99201E-05 9.99201E-05
0.0576835 9.99463E-05 9.99463E-05 9.99463E-05 0.363494 0.502158 9.99463E-05 0.0760648 9.99463E-05 9.99463E-05
9.99641E-05 0.0612441 0.141823 0.169148 0.367746 9.99641E-05 0.0599353 0.199703 9.99641E-05 9.99641E-05
0.376732 0.0837985 9.99462E-05 9.99462E-05 0.498744 9.99462E-05 9.99462E-05 9.99462E-05 9.99462E-05 0.0401264
9.9955E-05 0.0668808 0.281209 9.9955E-05 0.0388379 9.9955E-05 0.451409 9.9955E-05 9.9955E-05 0.161163
