0.882912 9.99462E-05 9.99462E-05 9.99462E-05 9.99462E-05 9.99462E-05 0.0235735 0.0929148 9.99462E-05
0.388047 0.0910929 9.99731E-05 0.0339656 9.99731E-05 0.00972085 0.0707647 9.99731E-05 0.406109
9.99552E-05 9.99552E-05 0.256923 9.99552E-05 0.15671 0.50756 9.99552E-05 0.0783079 9.99552E-05
0.192069 0.0233228 0.00469025 9.99642E-05 9.99642E-05 0.646776 0.132742 9.99642E-05 9.99642E-05
9.99641E-05 0.216352 9.99641E-05 0.177368 9.99641E-05 0.541365 0.00782325 0.056692 9.99641E-05
0.0658236 0.0254362 9.99731E-05 0.0208079 0.0585136 0.824332 0.0047869 9.99731E-05 9.99731E-05
9.998E-05 0.0910287 0.20765 0.315908 9.998E-05 0.0505108 0.0720272 0.00634848 0.256327
0.552368 0.0580747 9.99641E-05 9.99641E-05 9.99641E-05 0.0757099 9.99641E-05 0.136139 0.177308
9.99642E-05 9.99642E-05 0.499892 9.99642E-05 0.0039266 0.0238384 0.0875298 0.384413 9.99642E-05
0.315425 0.0130091 0.199723 9.99642E-05 0.343665 9.99642E-05 9.99642E-05 0.127777 9.99642E-05
0.195638 0.0173698 0.218103 9.998E-05 0.37467 0.0497679 0.105911 0.0383408 9.998E-05
0.0253991 0.236551 9.99641E-05 9.99641E-05 9.99641E-05 0.0404772 9.99641E-05 0.251822 0.445351
0.302011 9.99731E-05 9.99731E-05 0.0584414 9.99731E-05 0.258322 0.0307638 0.222499 0.127662
0.664481 0.0478677 9.99462E-05 0.287052 9.99462E-05 9.99462E-05 9.99462E-05 9.99462E-05 9.99462E-05
9.99642E-05 9.99642E-05 0.491774 0.0549172 9.99642E-05 0.174393 9.99642E-05 0.0210663 0.25745
0.262748 0.15967 9.99732E-05 0.0501122 9.99732E-05 0.338886 0.139579 9.99732E-05 0.0487053
0.228615 9.99731E-05 0.0800729 9.99731E-05 0.0202679 0.400943 0.0875969 0.182205 9.99731E-05
0.0978546 0.0973599 0.259851 0.156398 0.000304029 0.306861 0.00175568 9.9991E-05 0.0795154
0.0256392 9.99641E-05 0.0500332 9.99641E-05 9.99641E-05 0.355799 9.99641E-05 0.391123 0.177006
0.842788 9.99642E-05 0.0860682 9.99642E-05 9.99642E-05 0.00236108 0.0233805 9.99642E-05 0.0450019
0.332112 0.023923 0.334218 9.996E-05 0.286177 9.996E-05 0.0231703 9.996E-05 9.996E-05
9.9964E-05 9.9964E-05 9.9964E-05 9.9964E-05 0.133307 0.132844 0.0866244 0.466177 0.180648
9.99731E-05 0.0495786 0.194814 0.0314972 9.99731E-05 0.381166 0.227441 9.99731E-05 0.115203
9.99551E-05 9.99551E-05 9.99551E-05 0.0401369 9.99551E-05 0.231069 0.509339 0.218955 9.99551E-05
9.99731E-05 0.0263597 0.00345807 9.99731E-05 0.371586 0.06942 0.376512 9.99731E-05 0.152364
0.407625 0.0928875 0.0387905 9.9991E-05 0.105081 0.00111932 0.0450154 0.164975 0.144406
0.382931 0.293678 0.0387677 9.99641E-05 0.023118 9.99641E-05 9.99641E-05 0.261106 9.99641E-05
0.0146817 9.99553E-05 9.99553E-05 0.0651936 9.99553E-05 0.536771 9.99553E-05 0.382854 9.99553E-05
0.259493 9.99641E-05 9.99641E-05 0.0478608 0.25335 0.230541 9.99641E-05 9.99641E-05 0.208356
9.99374E-05 9.99374E-05 9.99374E-05 9.99374E-05 0.0475007 9.99374E-05 0.9518 9.99374E-05 9.99374E-05
9.99642E-05 0.0680611 0.20081 0.368224 0.0371312 0.325374 9.99642E-05 9.99642E-05 9.99642E-05
0.240174 0.120926 0.134834 0.116069 9.9982E-05 0.0988663 0.0504131 9.9982E-05 0.238517
9.99553E-05 9.99553E-05 0.411933 0.260395 0.295306 0.0318658 9.99553E-05 9.99553E-05 9.99553E-05
0.0557101 9.99821E-05 0.149177 0.137828 9.99821E-05 0.509664 0.0778795 0.00393383 0.0656073
0.168159 0.135717 9.9955E-05 9.9955E-05 9.9955E-05 0.557934 0.137691 9.9955E-05 9.9955E-05
0.740379 9.99552E-05 0.186272 0.0687134 9.99552E-05 0.00413595 9.99552E-05 9.99552E-05 9.99552E-05
9.996E-05 0.19191 9.996E-05 0.200719 9.996E-05 0.215208 9.996E-05 0.175331 0.216432
9.99731E-05 0.0276037 0.109146 9.99731E-05 0.43722 0.260652 0.107435 9.99731E-05 0.0576438
0.0525692 0.156685 0.0811126 9.99821E-05 9.99821E-05 0.313532 0.0685825 0.108571 0.218748
9.99551E-05 0.0644831 9.99551E-05 9.99551E-05 0.187398 0.620354 9.99551E-05 9.99551E-05 0.127265
9.99553E-05 9.99553E-05 0.319735 9.99553E-05 9.99553E-05 0.29771 0.172256 0.209798 9.99553E-05
9.99731E-05 0.0434693 0.75189 0.0419308 0.0607006 9.99731E-05 0.012328 0.0893818 9.99731E-05
0.845466 9.99551E-05 9.99551E-05 0.0221388 9.99551E-05 9.99551E-05 0.0511818 0.0807131 9.99551E-05
0.0602241 0.142145 0.0450295 9.99732E-05 9.99732E-05 0.633005 9.99732E-05 0.070239 0.0490571
0.215932 0.214011 0.154616 9.99731E-05 0.056199 9.99731E-05 0.0325054 9.99731E-05 0.326437
0.437651 0.0300301 0.243123 9.99731E-05 9.99731E-05 0.0407963 0.0885763 9.99731E-05 0.159523
0.311214 9.99464E-05 0.358625 9.99464E-05 9.99464E-05 0.329561 9.99464E-05 9.99464E-05 9.99464E-05
9.99641E-05 0.0716551 0.29449 9.99641E-05 0.103708 0.421499 9.99641E-05 0.108248 9.99641E-05
0.411247 9.99554E-05 0.277656 9.99554E-05 9.99554E-05 0.019359 9.99554E-05 9.99554E-05 0.291239
0.723009 0.123449 9.99641E-05 9.99641E-05 9.99641E-05 0.0493298 0.0312713 9.99641E-05 0.0725408
0.0162709 9.99551E-05 9.99551E-05 9.99551E-05 9.99551E-05 0.722621 0.149531 9.99551E-05 0.111077
0.201591 0.0270709 9.99731E-05 0.220923 0.302588 0.0706796 9.99731E-05 0.176848 9.99731E-05
9.99551E-05 9.99551E-05 0.0654359 9.99551E-05 9.99551E-05 0.450455 0.0755378 0.408072 9.99551E-05
0.256478 9.99731E-05 0.012772 9.99731E-05 0.133168 0.34204 0.0239892 9.99731E-05 0.231254
9.99551E-05 0.031437 9.99551E-05 0.823165 0.0803617 9.99551E-05 9.99551E-05 9.99551E-05 0.064536
0.0507028 0.00944229 0.0189136 0.44906 0.0899324 9.998E-05 9.998E-05 0.0946234 0.287125
0.00608569 0.0415965 9.99731E-05 0.110059 9.99731E-05 0.276217 0.142545 0.423197 9.99731E-05
9.99373E-05 9.99373E-05 9.99373E-05 0.802912 9.99373E-05 9.99373E-05 9.99373E-05 0.196388 9.99373E-05
0.346403 0.100413 0.113689 0.159726 9.9982E-05 0.12382 9.9982E-05 0.10924 0.0465085
0.56303 0.0880487 0.0662912 9.9964E-05 0.132841 0.149389 9.9964E-05 9.9964E-05 9.9964E-05
0.229583 9.99464E-05 9.99464E-05 9.99464E-05 9.99464E-05 0.640274 9.99464E-05 0.129544 9.99464E-05
0.110593 0.227438 0.511793 9.9964E-05 9.9964E-05 0.1156 0.0341771 9.9964E-05 9.9964E-05
9.995E-05 0.0525958 0.121594 9.995E-05 9.995E-05 0.321901 9.995E-05 0.50341 9.995E-05
0.307007 0.0901589 9.99462E-05 9.99462E-05 9.99462E-05 9.99462E-05 0.602235 9.99462E-05 9.99462E-05
9.99641E-05 9.99641E-05 9.99641E-05 0.183612 9.99641E-05 0.0368569 0.0586378 0.26605 0.454444
0.436464 9.99553E-05 0.377252 9.99553E-05 9.99553E-05 9.99553E-05 0.141705 0.0440795 9.99553E-05
0.0586863 0.0839586 0.041164 0.0205875 9.99731E-05 0.707232 0.0880717 9.99731E-05 9.99731E-05
0.16394 0.269401 0.124173 9.99731E-05 9.99731E-05 0.043563 9.99731E-05 0.271924 0.126699
0.0764143 0.0116839 0.177775 9.99731E-05 9.99731E-05 0.166458 9.99731E-05 0.0654538 0.501915
0.606084 9.99553E-05 0.118985 9.99553E-05 0.141359 9.99553E-05 9.99553E-05 0.133072 9.99553E-05
9.99731E-05 0.0770518 0.324427 0.188681 0.0214496 0.338218 9.99731E-05 0.0498729 9.99731E-05
0.097569 0.0940089 0.20127 9.99641E-05 9.99641E-05 9.99641E-05 0.178228 0.428525 9.99641E-05
0.145299 0.105746 9.99552E-05 0.643736 9.99552E-05 0.104719 9.99552E-05 9.99552E-05 9.99552E-05
9.99731E-05 0.23121 0.072067 9.99731E-05 9.99731E-05 0.20135 0.0146062 0.144433 0.336034
0.166165 9.99643E-05 9.99643E-05 0.0739556 9.99643E-05 0.591944 0.0922488 9.99643E-05 0.0752871
0.404504 0.0664744 0.191598 0.0618651 9.99731E-05 9.99731E-05 9.99731E-05 0.24827 0.0269883
0.0791296 9.99643E-05 0.18579 9.99643E-05 9.99643E-05 9.99643E-05 0.260501 0.231711 0.242468
0.169742 0.17146 0.0511016 0.0303514 0.245544 9.9982E-05 0.0634049 0.268197 9.9982E-05
0.367448 0.027812 0.128192 9.99821E-05 0.109688 0.202202 9.99821E-05 0.0496086 0.114849
0.495715 9.99552E-05 9.99552E-05 0.226416 9.99552E-05 0.226491 9.99552E-05 0.0508784 9.99552E-05
0.00315197 0.337795 9.99463E-05 9.99463E-05 9.99463E-05 0.658453 9.99463E-05 9.99463E-05 9.99463E-05
0.316957 9.998E-05 9.998E-05 0.00107713 0.18471 0.0465622 0.0894164 0.235412 0.125665
0.354705 9.99463E-05 0.396367 0.248329 9.99463E-05 9.99463E-05 9.99463E-05 9.99463E-05 9.99463E-05
0.142401 9.9973E-05 0.00831361 9.9973E-05 0.0358465 9.9973E-05 0.17792 0.424092 0.211127
0.240098 0.0983743 0.416168 0.0287252 9.997E-05 0.130652 0.0856827 9.997E-05 9.997E-05
0.527348 0.0344225 0.145445 9.99551E-05 9.99551E-05 0.292285 9.99551E-05 9.99551E-05 9.99551E-05
0.520123 0.0434911 0.0262043 0.0433851 0.0680573 9.99731E-05 9.99731E-05 0.298439 9.99731E-05
0.222541 0.00702514 9.99641E-05 0.14706 9.99641E-05 0.106674 0.5163 9.99641E-05 9.99641E-05
9.99642E-05 9.99642E-05 0.323153 9.99642E-05 0.287477 0.153788 0.0745175 9.99642E-05 0.160665
0.211981 9.9982E-05 0.115011 0.0336811 0.23737 9.9982E-05 0.00887341 0.251952 0.140931
9.99374E-05 9.99374E-05 9.99374E-05 9.99374E-05 9.99374E-05 9.99374E-05 0.748738 9.99374E-05 0.250563
0.544359 9.99642E-05 0.00661338 0.277093 9.99642E-05 9.99642E-05 0.114995 9.99642E-05 0.0565396
9.99464E-05 0.0788721 0.865687 0.0548415 9.99464E-05 9.99464E-05 9.99464E-05 9.99464E-05 9.99464E-05
0.0581695 9.996E-05 0.0315188 0.0481205 0.203651 0.65814 9.996E-05 9.996E-05 9.996E-05
9.995E-05 0.158396 0.461546 9.995E-05 9.995E-05 9.995E-05 0.0298826 0.349675 9.995E-05
0.209685 0.0349919 0.0453347 9.99641E-05 9.99641E-05 0.559133 9.99641E-05 0.150455 9.99641E-05
0.404292 9.99821E-05 0.0923789 0.0832082 0.100292 0.186547 0.0319818 0.1011 9.99821E-05
0.0737653 9.99641E-05 0.576951 9.99641E-05 9.99641E-05 0.178663 9.99641E-05 0.089111 0.0811096
0.179517 0.052061 9.996E-05 9.996E-05 9.996E-05 0.3111 0.406028 9.996E-05 0.050895
0.155806 9.9973E-05 0.151064 0.0814681 9.9973E-05 0.135538 0.4301 0.0457239 9.9973E-05
9.99642E-05 9.99642E-05 9.99642E-05 0.394701 0.0336649 0.224586 0.172687 0.173961 9.99642E-05
9.99463E-05 0.0474478 9.99463E-05 9.99463E-05 0.0415189 9.99463E-05 0.910434 9.99463E-05 9.99463E-05
9.99641E-05 9.99641E-05 0.0815328 0.132399 0.369979 9.99641E-05 0.053014 0.362675 9.99641E-05
0.0240317 9.99373E-05 9.99373E-05 9.99373E-05 0.975269 9.99373E-05 9.99373E-05 9.99373E-05 9.99373E-05
0.313115 9.99551E-05 9.99551E-05 9.99551E-05 9.99551E-05 0.369988 9.99551E-05 0.294501 0.0218949
0.0234089 0.0488065 0.219541 9.9982E-05 9.9982E-05 0.0815432 0.143554 0.178408 0.304538
0.266969 9.99461E-05 0.11677 0.615662 9.99461E-05 9.99461E-05 9.99461E-05 9.99461E-05 9.99461E-05
9.99463E-05 9.99463E-05 0.0727899 9.99463E-05 0.114781 0.811829 9.99463E-05 9.99463E-05 9.99463E-05
9.99731E-05 0.0860797 0.0451215 0.00477369 0.010625 0.150316 9.99731E-05 9.99731E-05 0.702784
9.99641E-05 0.11252 0.0774073 9.99641E-05 0.467853 9.99641E-05 0.0110797 9.99641E-05 0.33074
9.99642E-05 0.0252802 0.386963 0.164963 9.99642E-05 9.99642E-05 0.389235 0.033158 9.99642E-05
0.59647 0.0559913 9.996E-05 9.996E-05 9.996E-05 9.996E-05 0.0384065 0.0191707 0.289562
9.99552E-05 9.99552E-05 9.99552E-05 9.99552E-05 0.0277696 0.0997829 0.510364 9.99552E-05 0.361584
0.312258 0.059329 9.99553E-05 9.99553E-05 9.99553E-05 9.99553E-05 9.99553E-05 0.35847 0.269444
9.993E-05 9.993E-05 9.993E-05 9.993E-05 9.993E-05 9.993E-05 0.999201 9.993E-05 9.993E-05
9.99553E-05 9.99553E-05 0.0815459 9.99553E-05 0.121987 0.354156 9.99553E-05 0.441812 9.99553E-05
0.690194 9.99553E-05 0.0492823 9.99553E-05 9.99553E-05 0.14494 9.99553E-05 0.115084 9.99553E-05
0.146004 0.0744443 9.996E-05 0.0806359 9.996E-05 9.996E-05 9.996E-05 0.549632 0.148884
0.261724 0.131039 9.9973E-05 9.9973E-05 0.180211 9.9973E-05 0.107388 0.135897 0.18344
0.409755 9.99641E-05 0.0308695 9.99641E-05 9.99641E-05 0.417645 0.0143809 9.99641E-05 0.12695
0.168832 9.99551E-05 9.99551E-05 9.99551E-05 9.99551E-05 0.104769 0.48741 0.238489 9.99551E-05
9.99641E-05 0.0232351 9.99641E-05 0.272399 9.99641E-05 0.405706 0.229934 0.0683262 9.99641E-05
0.229734 9.99641E-05 9.99641E-05 0.0309381 0.00328074 0.266159 9.99641E-05 9.99641E-05 0.469488
0.146346 9.996E-05 0.328748 0.305725 9.996E-05 9.996E-05 0.0247619 9.996E-05 0.194019
9.99642E-05 9.99642E-05 0.14652 9.99642E-05 0.0281138 0.703244 0.117414 0.00430734 9.99642E-05
0.126088 9.9982E-05 0.410461 0.0477252 0.0849799 0.142247 9.9982E-05 0.188165 0.000133249
0.2186 0.0244889 0.745905 9.99554E-05 9.99554E-05 9.99554E-05 0.0105063 9.99554E-05 9.99554E-05
9.99552E-05 0.23792 0.0408108 9.99552E-05 9.99552E-05 0.479583 9.99552E-05 9.99552E-05 0.241186
0.368286 9.99732E-05 0.044906 9.99732E-05 0.399264 0.0224988 0.0964178 9.99732E-05 0.068328
9.99731E-05 0.17119 0.349136 9.99731E-05 0.0681224 0.0717344 0.0795302 9.99731E-05 0.259988
9.99464E-05 0.199517 0.678868 9.99464E-05 9.99464E-05 9.99464E-05 9.99464E-05 0.121016 9.99464E-05
0.374357 0.0385938 0.0440568 0.0755109 0.0134924 0.383348 0.0704414 9.9982E-05 9.9982E-05
0.0837167 0.0186378 0.269789 9.99642E-05 9.99642E-05 0.177007 9.99642E-05 0.45045 9.99642E-05
0.264811 0.0411862 9.9973E-05 9.9973E-05 0.240843 0.061795 9.9973E-05 0.295118 0.0959468
0.651162 9.99463E-05 0.241147 9.99463E-05 0.107091 9.99463E-05 9.99463E-05 9.99463E-05 9.99463E-05
0.381266 9.99462E-05 9.99462E-05 0.0178489 9.99462E-05 9.99462E-05 9.99462E-05 9.99462E-05 0.600286
0.392192 9.99552E-05 9.99552E-05 0.0446084 0.00947277 9.99552E-05 9.99552E-05 9.99552E-05 0.553227
0.167423 9.99732E-05 0.0431623 9.99732E-05 0.159831 0.165912 0.0818814 9.99732E-05 0.38149
9.99552E-05 0.0602495 0.443932 9.99552E-05 9.99552E-05 9.99552E-05 9.99552E-05 0.232969 0.26235
9.99462E-05 9.99462E-05 0.0373073 9.99462E-05 9.99462E-05 0.387517 9.99462E-05 9.99462E-05 0.574576
0.0606609 0.100528 9.99731E-05 0.222668 0.159437 0.272971 9.99731E-05 0.183435 9.99731E-05
9.99643E-05 0.100464 9.99643E-05 0.113648 0.290702 0.4573 0.0374862 9.99643E-05 9.99643E-05
0.131177 0.0253797 0.509863 0.0517493 9.9973E-05 0.276874 9.9973E-05 9.9973E-05 0.00465689
9.99552E-05 9.99552E-05 0.0145966 9.99552E-05 0.219907 9.99552E-05 0.0864474 0.678549 9.99552E-05
0.326258 0.0359915 0.0994961 9.99729E-05 0.0695572 9.99729E-05 0.468298 9.99729E-05 9.99729E-05
0.068307 9.9964E-05 0.172414 9.9964E-05 9.9964E-05 0.207181 0.0533645 9.9964E-05 0.498334
9.993E-05 0.999201 9.993E-05 9.993E-05 9.993E-05 9.993E-05 9.993E-05 9.993E-05 9.993E-05
0.837224 9.99464E-05 9.99464E-05 9.99464E-05 0.0598441 9.99464E-05 0.102332 9.99464E-05 9.99464E-05
0.0883592 9.99552E-05 9.99552E-05 0.439122 9.99552E-05 0.233956 0.238062 9.99552E-05 9.99552E-05
0.039418 0.353416 0.146016 0.223495 0.125903 0.0550441 9.99821E-05 9.99821E-05 0.0565088
0.0446407 0.146283 9.99731E-05 0.0148712 0.0944868 9.99731E-05 9.99731E-05 0.42095 0.278469
0.362332 0.0159751 9.99552E-05 9.99552E-05 9.99552E-05 0.10686 9.99552E-05 0.514333 9.99552E-05
0.0197911 0.0331362 9.996E-05 0.304227 9.996E-05 0.298842 9.996E-05 9.996E-05 0.343604
0.261746 9.995E-05 9.995E-05 9.995E-05 9.995E-05 0.180836 9.995E-05 0.30475 0.252169
9.99462E-05 9.99462E-05 0.0445285 0.605206 9.99462E-05 9.99462E-05 0.349666 9.99462E-05 9.99462E-05
9.99642E-05 0.0583473 0.0882251 9.99642E-05 0.115672 0.676012 9.99642E-05 9.99642E-05 0.0613437
0.0867415 9.99642E-05 0.0674039 0.254629 0.391833 0.198993 9.99642E-05 9.99642E-05 9.99642E-05
0.546975 0.0822551 9.99733E-05 0.045643 0.162357 9.99733E-05 9.99733E-05 0.122173 0.0402979
0.450173 0.0240847 0.141962 0.0475198 9.998E-05 9.998E-05 0.0561106 0.0271434 0.252806
0.147014 9.99731E-05 0.481708 9.99731E-05 9.99731E-05 0.0317231 0.210136 0.0157691 0.11335
9.993E-05 0.999201 9.993E-05 9.993E-05 9.993E-05 9.993E-05 9.993E-05 9.993E-05 9.993E-05
0.114499 0.297976 0.0767614 9.99731E-05 9.99731E-05 0.147129 9.99731E-05 0.185815 0.17752
0.452747 9.99463E-05 9.99463E-05 9.99463E-05 9.99463E-05 0.314423 9.99463E-05 0.232231 9.99463E-05
0.178982 0.101313 0.428904 0.139986 0.0318979 9.997E-05 9.997E-05 0.118617 9.997E-05
0.546158 9.99374E-05 9.99374E-05 9.99374E-05 9.99374E-05 9.99374E-05 9.99374E-05 0.453142 9.99374E-05
0.414141 9.999E-05 0.0483583 0.0673133 0.049995 0.116617 0.118956 0.0578153 0.126704
0.128188 9.99642E-05 0.192463 0.199661 9.99642E-05 0.397954 9.99642E-05 9.99642E-05 0.0813338
9.99463E-05 9.99463E-05 9.99463E-05 9.99463E-05 0.0365871 9.99463E-05 9.99463E-05 0.128148 0.834665
9.99463E-05 0.0462671 9.99463E-05 0.735656 9.99463E-05 0.217477 9.99463E-05 9.99463E-05 9.99463E-05
0.200498 0.0314815 0.229261 0.00748374 0.0744316 0.416782 0.0398627 9.9982E-05 9.9982E-05
9.99642E-05 0.0489779 9.99642E-05 9.99642E-05 0.0729971 0.255764 0.0591812 9.99642E-05 0.56268
0.0158364 9.99641E-05 0.110776 0.181868 9.99641E-05 0.39509 9.99641E-05 9.99641E-05 0.29603
9.9973E-05 9.9973E-05 0.0845043 0.125233 0.0521078 0.222724 9.9973E-05 0.295159 0.219972
0.332834 0.0346105 0.0833321 9.99731E-05 0.022168 0.365534 0.161222 9.99731E-05 9.99731E-05
0.261909 0.0391475 9.99642E-05 9.99642E-05 9.99642E-05 0.389574 9.99642E-05 0.187256 0.121714
0.247925 9.99642E-05 0.0488525 0.296177 9.99642E-05 9.99642E-05 9.99642E-05 0.0418523 0.364793
0.191575 0.109864 9.99642E-05 9.99642E-05 9.99642E-05 9.99642E-05 0.24538 0.235972 0.216808
9.99552E-05 0.0787646 9.99552E-05 0.0924529 0.768983 9.99552E-05 9.99552E-05 9.99552E-05 0.0593001
0.259611 9.99731E-05 0.545918 9.99731E-05 0.0215498 0.0280578 0.0526611 9.99731E-05 0.0919022
0.118774 9.99552E-05 0.254428 9.99552E-05 9.99552E-05 0.266106 9.99552E-05 0.360192 9.99552E-05
0.212037 0.313361 0.474002 9.99463E-05 9.99463E-05 9.99463E-05 9.99463E-05 9.99463E-05 9.99463E-05
0.182796 0.105224 0.459668 0.0464695 0.041408 9.99821E-05 9.99821E-05 0.103172 0.061063
0.122632 0.0256244 0.303642 0.254785 9.9973E-05 0.137166 0.15585 9.9973E-05 9.9973E-05
0.27432 9.99553E-05 9.99553E-05 9.99553E-05 9.99553E-05 0.27401 0.0751565 9.99553E-05 0.376014
9.993E-05 9.993E-05 9.993E-05 9.993E-05 0.999201 9.993E-05 9.993E-05 9.993E-05 9.993E-05
0.106768 0.0962885 0.0300853 9.99732E-05 9.99732E-05 0.242299 9.99732E-05 0.206738 0.317522
0.106353 0.118524 9.99641E-05 9.99641E-05 9.99641E-05 0.589498 9.99641E-05 0.0679274 0.117298
0.00529026 0.0509601 9.99732E-05 9.99732E-05 0.00936273 0.816505 0.0658865 0.0516959 9.99732E-05
0.251765 9.99641E-05 0.0670773 0.247068 9.99641E-05 0.287803 0.145886 9.99641E-05 9.99641E-05
