0.349487 0.174554 0.475959
0.293883 0.486943 0.219174
0.176652 0.167059 0.656289
0.377848 0.137566 0.484586
0.530049 0.238762 0.231189
0.473899 0.0091757 0.516926
0.193306 0.456756 0.349939
0.0915319 0.142084 0.766384
0.241664 0.758236 9.999E-05
0.315341 0.479027 0.205633
0.336526 0.385673 0.277801
9.99911E-05 0.711706 0.288194
0.246087 0.321335 0.432578
0.107004 0.467273 0.425723
9.99911E-05 0.707352 0.292548
0.314172 9.99911E-05 0.685728
0.161304 0.530441 0.308255
0.252471 0.339204 0.408325
9.99911E-05 0.510196 0.489704
0.211707 0.162078 0.626215
0.711009 0.152708 0.136283
0.213942 0.341801 0.444258
0.36813 0.203438 0.428432
0.9998 9.999E-05 9.999E-05
0.443512 0.184528 0.37196
0.594579 0.00404468 0.401377
0.477401 0.49228 0.0303186
0.31565 0.114181 0.57017
9.9991E-05 0.0865618 0.913338
0.9998 9.999E-05 9.999E-05
0.213874 0.540993 0.245133
0.100203 0.286122 0.613675
0.302496 0.490368 0.207136
0.0916971 0.285673 0.62263
0.571393 9.9991E-05 0.428507
0.467354 0.179655 0.352992
0.207795 0.299999 0.492206
0.539798 0.0102767 0.449926
0.153226 0.380918 0.465857
0.158247 9.99911E-05 0.841653
0.476041 0.523859 9.99911E-05
0.186337 0.760962 0.0527013
0.488203 0.124551 0.387246
0.280728 0.323704 0.395568
9.9991E-05 0.412156 0.587744
0.104336 0.264438 0.631226
0.174994 0.496073 0.328933
9.9991E-05 0.73911 0.26079
9.99911E-05 0.545677 0.454223
0.190094 9.9991E-05 0.809806
0.374776 9.9991E-05 0.625124
0.436562 0.563338 9.99911E-05
0.418144 0.318896 0.26296
9.99911E-05 0.0532601 0.94664
0.111498 0.67162 0.216883
0.101105 0.504015 0.39488
0.780512 0.178794 0.0406943
0.133332 0.866568 9.99911E-05
0.0413236 0.587324 0.371353
0.402186 0.276543 0.321271
0.218392 0.0826469 0.698961
0.389211 0.610689 9.9991E-05
0.0938419 0.75014 0.156018
0.869423 9.99911E-05 0.130477
0.292643 0.0483779 0.658979
0.24874 0.549842 0.201418
0.601647 9.9991E-05 0.398253
0.0821521 0.664813 0.253035
9.9991E-05 0.298685 0.701215
0.595505 0.0561992 0.348296
9.9991E-05 0.672273 0.327627
0.205369 0.794531 9.99911E-05
0.109603 0.359697 0.5307
9.99911E-05 0.503059 0.496841
0.131279 9.99911E-05 0.868621
9.9991E-05 0.579664 0.420236
0.228063 0.408492 0.363445
0.259848 0.721624 0.0185273
0.236338 0.124663 0.638999
9.9991E-05 0.389336 0.610564
9.99911E-05 0.242756 0.757144
0.398155 0.186408 0.415438
0.284588 0.262121 0.453291
0.402975 0.0152183 0.581807
0.248435 0.710188 0.0413771
0.211421 0.536466 0.252113
0.306827 0.494738 0.198434
0.830519 0.169381 9.9991E-05
0.301224 9.99911E-05 0.698676
0.216981 0.180159 0.60286
0.624971 9.99911E-05 0.374929
0.449916 0.347877 0.202207
0.244612 0.570316 0.185072
0.491625 0.27697 0.231405
0.134921 0.801804 0.0632749
0.149204 0.401834 0.448962
0.81398 0.160181 0.0258393
9.9991E-05 0.760556 0.239344
0.604299 9.9991E-05 0.395601
0.823711 0.176189 9.9991E-05
0.481469 0.518431 9.99911E-05
0.9998 9.999E-05 9.999E-05
0.697664 0.296487 0.00584913
0.520881 0.0392947 0.439824
0.0323714 0.289578 0.678051
0.156929 0.585038 0.258033
9.9991E-05 0.543605 0.456295
0.338784 0.0224725 0.638744
0.214996 0.176285 0.60872
0.189545 9.99911E-05 0.810355
0.602794 0.383956 0.0132501
0.165617 9.99911E-05 0.834283
0.56492 9.99911E-05 0.43498
9.99911E-05 0.12292 0.87698
0.9998 9.999E-05 9.999E-05
0.0591011 0.758197 0.182702
0.0350386 0.24112 0.723842
0.204963 0.478593 0.316444
0.22079 9.9991E-05 0.77911
0.324903 0.0487631 0.626333
0.709211 0.121243 0.169547
0.666268 0.228013 0.105719
0.028309 9.9991E-05 0.971591
0.126152 0.416063 0.457786
0.117438 0.298118 0.584444
0.199601 0.393127 0.407272
0.112232 0.552939 0.334828
0.149815 0.189918 0.660268
0.405636 9.99911E-05 0.594264
0.398346 0.203635 0.398019
0.100322 0.899578 9.99911E-05
0.392329 0.248073 0.359598
9.99911E-05 0.490014 0.509886
9.9991E-05 0.359949 0.639951
0.319076 0.55187 0.129054
0.229237 9.99911E-05 0.770663
9.999E-05 9.999E-05 0.9998
9.999E-05 9.999E-05 0.9998
0.0171965 0.81498 0.167824
9.999E-05 9.999E-05 0.9998
0.375101 0.0860178 0.538882
0.531901 0.327593 0.140505
0.168267 0.509129 0.322604
0.579119 0.383534 0.0373466
0.433527 9.99911E-05 0.566373
0.207586 0.128278 0.664136
9.999E-05 0.9998 9.999E-05
0.409937 9.9991E-05 0.589963
0.557159 0.304558 0.138283
9.99911E-05 0.704826 0.295074
0.424124 0.343302 0.232574
0.155897 0.667965 0.176138
0.197497 0.191117 0.611386
0.381514 0.260315 0.358172
0.732748 0.267152 9.99911E-05
9.99911E-05 0.54603 0.45387
0.278671 0.179738 0.541591
0.36822 0.226895 0.404885
0.129579 9.99911E-05 0.870321
0.430763 0.165499 0.403738
9.999E-05 0.9998 9.999E-05
0.118235 0.533847 0.347917
0.200744 0.170337 0.628919
0.0634173 0.890312 0.0462709
9.99911E-05 0.921341 0.0785589
0.366487 0.370311 0.263202
0.2194 0.029406 0.751194
9.999E-05 9.999E-05 0.9998
0.276508 0.436634 0.286858
0.317374 0.416972 0.265653
0.0825926 9.99911E-05 0.917307
9.9991E-05 0.124648 0.875252
9.9991E-05 0.578774 0.421126
0.588032 0.158749 0.253219
0.298918 9.9991E-05 0.700982
9.99911E-05 0.15433 0.84557
0.546526 0.393365 0.0601094
0.314199 0.324868 0.360933
0.342415 0.357191 0.300394
0.163642 0.797842 0.0385161
0.119475 0.880425 9.99911E-05
0.205364 0.376061 0.418575
0.414976 0.340505 0.244519
0.22256 0.0579536 0.719487
0.156322 9.99911E-05 0.843578
9.99911E-05 0.536234 0.463666
0.12817 0.413729 0.458101
0.578463 9.99911E-05 0.421437
0.435551 0.185785 0.378664
