0.0904686 0.0997721 0.809759
0.0955779 0.266015 0.638407
0.14186 0.182048 0.676092
0.268116 0.230325 0.501559
0.395934 0.244038 0.360028
0.408898 0.188636 0.402466
0.0764066 0.414244 0.509349
0.102711 0.233935 0.663354
0.355676 0.30211 0.342213
0.565627 0.433425 0.000948078
0.682937 0.111386 0.205677
0.592773 0.291257 0.115969
0.313151 0.351826 0.335023
0.428585 0.332456 0.23896
0.585628 0.0420715 0.3723
0.261145 0.269594 0.469261
0.642941 0.0493567 0.307702
0.354101 0.36752 0.278378
0.248642 0.286724 0.464634
0.0971934 0.194814 0.707993
0.15837 0.162825 0.678805
0.473253 0.21793 0.308817
0.327637 0.206484 0.465879
0.121252 0.420239 0.458509
0.801341 0.143753 0.0549061
0.200968 0.30529 0.493742
0.394214 0.378222 0.227564
0.286193 0.401152 0.312655
0.27037 0.234922 0.494708
9.9991E-05 0.825789 0.174111
0.638681 0.157138 0.204181
0.724672 0.189798 0.0855302
0.141482 0.260528 0.597991
0.3255 0.150135 0.524365
0.412072 0.300481 0.287447
0.0601548 0.236733 0.703112
0.256944 0.0756833 0.667373
0.449339 0.301467 0.249194
0.442377 0.250118 0.307506
0.305841 0.191903 0.502256
0.30897 0.239018 0.452011
0.101349 0.183996 0.714654
0.291592 0.169416 0.538993
0.269296 0.197712 0.532992
0.647821 0.288427 0.0637522
0.648149 0.068117 0.283734
0.0697504 0.314585 0.615665
0.326903 0.198706 0.47439
0.535525 0.170986 0.293489
0.343889 0.271716 0.384395
0.438636 0.280142 0.281223
0.398211 0.132971 0.468818
0.288216 0.0659167 0.645867
0.415217 0.241375 0.343407
0.757527 0.199501 0.0429713
0.272887 0.227499 0.499614
0.780605 9.9991E-05 0.219295
0.432035 0.288623 0.279342
0.400652 0.0939423 0.505406
0.628684 0.120487 0.250829
0.0627717 0.133309 0.803919
0.242255 0.30008 0.457665
0.230101 0.210023 0.559876
9.999E-05 0.9998 9.999E-05
0.344785 0.00425747 0.650958
9.9991E-05 0.0579685 0.941932
0.196425 0.174838 0.628737
0.28904 0.257931 0.453029
9.9991E-05 0.215061 0.784839
0.155123 0.343575 0.501302
0.979077 0.0208229 9.9991E-05
0.333983 0.168929 0.497088
0.300625 0.287185 0.41219
0.494395 0.191234 0.314371
0.537677 0.240498 0.221825
0.689857 0.052764 0.257379
0.271753 0.385375 0.342873
0.0470899 0.221554 0.731356
0.145179 9.9991E-05 0.854721
0.262426 0.366917 0.370658
0.116235 0.324456 0.55931
0.257152 0.18059 0.562259
0.570618 0.206753 0.222629
0.307016 0.212993 0.479991
0.2253 0.241618 0.533082
0.463284 9.9991E-05 0.536616
0.00436467 0.220034 0.775601
0.708785 0.0242739 0.266941
0.340705 0.289713 0.369582
0.453064 0.0967555 0.45018
9.999E-05 0.9998 9.999E-05
0.676266 0.0842638 0.23947
0.124624 0.22402 0.651355
0.220898 0.25404 0.525062
0.15851 0.0934028 0.748087
0.0459511 0.231036 0.723012
0.514435 9.9991E-05 0.485465
0.524933 0.113834 0.361233
9.9991E-05 0.832627 0.167273
0.220819 0.374812 0.404369
0.379945 0.273462 0.346594
9.999E-05 0.9998 9.999E-05
0.544123 0.159638 0.296239
0.898054 0.101846 9.9991E-05
0.443149 0.166821 0.39003
0.502293 0.0470833 0.450624
0.314524 0.125365 0.560111
0.0674724 0.178157 0.754371
0.494693 0.293927 0.21138
0.130367 0.23058 0.639053
0.316348 0.168228 0.515424
0.4648 0.415328 0.119872
0.241727 0.0885981 0.669675
0.0596405 0.67661 0.263749
0.280607 0.226741 0.492651
9.999E-05 0.9998 9.999E-05
0.634909 0.000424095 0.364666
0.101081 0.14732 0.751599
0.549273 0.220524 0.230203
0.593897 0.236163 0.16994
0.194525 0.226437 0.579037
0.0356232 0.761815 0.202561
0.558652 0.218518 0.22283
0.227797 0.144734 0.627469
0.41283 0.402337 0.184832
0.393904 0.0966642 0.509432
0.356604 0.118771 0.524625
0.334724 0.332298 0.332977
0.539822 0.195072 0.265106
0.338486 0.416557 0.244958
9.9991E-05 0.327942 0.671958
0.196401 0.183583 0.620016
0.186337 0.4487 0.364964
0.256299 0.353151 0.39055
0.442372 0.222478 0.33515
0.578933 0.277922 0.143145
0.0123816 9.9991E-05 0.987518
9.9991E-05 0.147309 0.852591
0.368166 0.246268 0.385566
0.33155 0.255523 0.412926
0.467257 0.25418 0.278563
0.584097 0.161735 0.254168
0.51767 0.237629 0.2447
0.484285 0.320631 0.195084
0.163808 0.21368 0.622511
0.0169552 0.747233 0.235812
0.435693 0.0960328 0.468274
9.9991E-05 0.984396 0.0155035
0.0829663 0.205131 0.711903
0.137204 0.0383153 0.824481
0.675536 0.231758 0.092706
0.399011 9.9991E-05 0.600889
0.268998 0.380785 0.350217
0.310898 0.234243 0.454859
0.577732 0.167396 0.254872
0.135384 0.390061 0.474556
0.244793 0.196362 0.558844
0.354094 0.405734 0.240172
9.9991E-05 0.208439 0.791461
0.270343 0.318116 0.411541
0.176016 0.165736 0.658247
9.999E-05 0.9998 9.999E-05
0.296872 0.349115 0.354013
0.273786 9.9991E-05 0.726114
0.475521 0.121281 0.403198
9.9991E-05 0.388378 0.611522
0.310375 0.146192 0.543433
0.582464 0.11092 0.306616
0.0208484 9.9991E-05 0.979052
0.0434755 0.365575 0.590949
0.535241 0.157939 0.30682
0.642113 0.176558 0.181329
0.16166 0.268198 0.570141
0.751089 9.9991E-05 0.248811
0.1292 0.176916 0.693884
0.635782 0.0324188 0.331799
0.438403 0.129847 0.43175
0.652041 0.0637144 0.284244
0.9998 9.999E-05 9.999E-05
0.49113 0.126439 0.382432
0.492319 0.20016 0.307521
0.201315 0.415571 0.383113
0.314747 0.0438842 0.641369
0.130005 0.385898 0.484097
0.19751 0.140398 0.662092
0.9998 9.999E-05 9.999E-05
0.480212 0.21232 0.307468
0.51417 0.181494 0.304336
0.0974169 0.104572 0.798011
0.331381 0.143088 0.525532
