0.11315 9.99732E-05 0.828191 0.0583589 9.99732E-05 9.99732E-05
0.135921 0.32406 0.0577765 0.107349 0.0320425 0.342851
0.155208 9.99821E-05 0.349134 0.105519 0.38994 9.99821E-05
9.99732E-05 9.99732E-05 0.88327 0.0152842 0.101146 9.99732E-05
0.0589865 0.0299423 0.476724 9.99821E-05 9.99821E-05 0.434147
9.99731E-05 9.99731E-05 0.715562 9.99731E-05 0.259869 0.0242695
0.042973 0.23895 0.171299 9.99821E-05 9.99821E-05 0.546577
9.99642E-05 0.226607 0.772993 9.99642E-05 9.99642E-05 9.99642E-05
0.171707 9.99821E-05 9.99821E-05 0.462751 0.056916 0.308426
0.106807 9.99821E-05 0.055452 0.254041 0.5835 9.99821E-05
0.059528 9.9982E-05 0.426144 0.135846 0.378282 9.9982E-05
9.99821E-05 0.117203 0.165663 0.509217 9.99821E-05 0.207716
9.99732E-05 9.99732E-05 0.734439 0.0313719 9.99732E-05 0.233889
9.99731E-05 9.99731E-05 0.698931 0.225636 9.99731E-05 0.0751327
0.00356458 0.13782 0.0471842 0.604561 9.99911E-05 0.20677
0.127272 9.99732E-05 0.519331 0.353097 9.99732E-05 9.99732E-05
0.139598 0.26345 0.0444179 0.384121 9.9991E-05 0.168313
0.153919 0.144092 0.304999 0.194164 0.202726 9.9991E-05
9.99821E-05 0.256344 0.290207 0.318118 9.99821E-05 0.135131
9.99821E-05 0.293077 0.529182 0.0718563 0.105685 9.99821E-05
9.99643E-05 9.99643E-05 0.416066 9.99643E-05 0.583534 9.99643E-05
0.0969482 0.331955 0.0107757 0.239074 9.9991E-05 0.321147
0.11054 9.9991E-05 0.237691 0.157097 0.333907 0.160665
0.321188 9.99731E-05 0.373164 9.99731E-05 9.99731E-05 0.305347
0.180865 0.0112456 0.41509 9.99821E-05 0.3926 9.99821E-05
0.0514449 0.197829 0.499339 0.251187 9.9982E-05 9.9982E-05
0.17383 0.0162441 9.9982E-05 0.646893 0.162833 9.9982E-05
9.99821E-05 0.225587 0.100506 9.99821E-05 0.261128 0.41258
9.9991E-05 0.273588 0.204005 0.180427 0.206953 0.134927
0.908961 0.0906395 9.99642E-05 9.99642E-05 9.99642E-05 9.99642E-05
9.999E-05 0.166453 0.0767853 0.0878152 0.0867471 0.582099
0.0402965 0.224815 0.404891 0.329798 9.99821E-05 9.99821E-05
0.227857 0.0503793 9.99821E-05 0.345981 0.375583 9.99821E-05
9.999E-05 0.263692 0.473818 0.177344 0.00877918 0.0762662
9.996E-05 9.996E-05 0.9995 9.996E-05 9.996E-05 9.996E-05
0.0972118 9.99821E-05 0.770462 9.99821E-05 0.0278616 0.104264
9.99642E-05 0.586386 9.99642E-05 9.99642E-05 9.99642E-05 0.413214
0.14849 0.0774202 0.000160478 9.99821E-05 0.77373 9.99821E-05
9.9991E-05 0.264628 0.30041 0.159485 0.181445 0.0939317
9.99731E-05 0.333004 0.483934 9.99731E-05 0.182762 9.99731E-05
0.392501 9.99732E-05 9.99732E-05 0.38507 9.99732E-05 0.222128
0.0719853 9.99821E-05 9.99821E-05 0.746609 0.159259 0.021947
0.0102875 0.0867863 0.493929 0.214627 0.12861 0.0657602
9.99821E-05 0.0543816 0.46971 0.373056 0.102653 9.99821E-05
0.12682 0.317346 0.0658721 0.395626 0.0942357 9.9991E-05
9.99732E-05 0.173654 0.545671 0.280375 9.99732E-05 9.99732E-05
0.10476 9.99732E-05 0.273387 0.621553 9.99732E-05 9.99732E-05
9.9982E-05 9.9982E-05 0.192241 0.539898 0.192116 0.0755461
0.0479462 0.528158 0.00152513 0.422171 9.99821E-05 9.99821E-05
9.99731E-05 0.118972 0.850615 0.0301133 9.99731E-05 9.99731E-05
0.137214 0.0599907 0.802495 9.99731E-05 9.99731E-05 9.99731E-05
0.0222564 0.0171422 9.9991E-05 0.236994 0.634048 0.0894594
0.293367 0.116919 0.247114 0.3424 9.9982E-05 9.9982E-05
9.99732E-05 0.185349 0.692542 9.99732E-05 0.121809 9.99732E-05
9.9991E-05 0.086489 0.110973 0.177044 0.115173 0.510221
9.99731E-05 0.391756 9.99731E-05 0.0884207 9.99731E-05 0.519523
0.132793 9.9982E-05 0.567565 0.0407689 9.9982E-05 0.258674
9.99732E-05 9.99732E-05 0.113623 0.0379285 9.99732E-05 0.848149
9.9991E-05 0.0603759 0.35496 0.487356 0.0625453 0.0346629
9.99821E-05 0.0241172 0.633099 0.13799 0.204594 9.99821E-05
9.99821E-05 0.184848 0.570916 9.99821E-05 0.115683 0.128353
0.0488661 9.99732E-05 0.109042 0.841792 9.99732E-05 9.99732E-05
9.99731E-05 0.121105 9.99731E-05 0.637189 9.99731E-05 0.241406
0.508414 0.129741 0.349659 9.99821E-05 0.0119859 9.99821E-05
0.0852282 0.421634 0.287609 0.103878 9.99911E-05 0.101551
0.183234 0.153651 0.0116715 0.608861 0.0424817 9.9991E-05
9.99641E-05 9.99641E-05 0.92662 9.99641E-05 0.0729803 9.99641E-05
9.99911E-05 0.0856995 0.360851 0.437363 0.0547466 0.0612398
9.99731E-05 0.628416 0.117762 0.253522 9.99731E-05 9.99731E-05
0.141769 0.573704 9.99821E-05 0.20373 0.0805966 9.99821E-05
9.9982E-05 9.9982E-05 0.218747 0.410323 0.269924 0.100805
0.0791594 9.99731E-05 0.0528841 0.867657 9.99731E-05 9.99731E-05
9.99732E-05 0.1393 0.410655 9.99732E-05 9.99732E-05 0.449745
9.99821E-05 0.576236 0.175331 0.243894 9.99821E-05 0.00433789
9.99733E-05 0.119727 0.737481 9.99733E-05 9.99733E-05 0.142491
9.99731E-05 9.99731E-05 0.252952 0.611172 9.99731E-05 0.135577
0.0289344 0.22649 0.0271937 0.717182 9.99822E-05 9.99822E-05
9.9982E-05 9.9982E-05 0.000950044 0.225225 0.283604 0.490022
9.99821E-05 0.198224 0.438681 9.99821E-05 0.0550873 0.307808
9.99821E-05 0.112406 0.531674 0.0626994 9.99821E-05 0.29302
9.99643E-05 0.228113 0.771487 9.99643E-05 9.99643E-05 9.99643E-05
9.99821E-05 0.0620366 0.686434 0.00767787 0.243652 9.99821E-05
9.99911E-05 0.0990779 0.460863 0.0187757 0.185357 0.235826
0.302533 0.35254 0.12155 0.223177 9.99821E-05 9.99821E-05
0.0151779 9.99821E-05 0.408132 0.45442 9.99821E-05 0.122071
9.99731E-05 9.99731E-05 0.586439 0.404142 0.00911893 9.99731E-05
0.103604 9.9991E-05 0.0537614 0.364564 0.266178 0.211792
0.370835 9.99731E-05 0.46932 9.99731E-05 9.99731E-05 0.159545
0.146596 0.268022 0.356193 9.99821E-05 0.22899 9.99821E-05
0.117427 0.375098 0.145183 0.261287 0.100906 9.9991E-05
0.78171 0.161337 0.0566527 9.99732E-05 9.99732E-05 9.99732E-05
9.99822E-05 9.99822E-05 0.711982 0.0796245 0.027852 0.180342
9.99732E-05 9.99732E-05 0.476594 0.405618 0.117487 9.99732E-05
0.165629 9.9991E-05 0.227688 0.037059 0.5627 0.00682385
0.116451 9.9982E-05 9.9982E-05 0.642863 0.0216772 0.218809
9.99731E-05 9.99731E-05 0.41971 0.372259 0.207731 9.99731E-05
0.160947 0.00635189 0.420563 0.243956 0.131256 0.0369259
9.99731E-05 9.99731E-05 0.168774 0.719197 0.111729 9.99731E-05
0.144328 0.0639507 0.791421 9.99731E-05 9.99731E-05 9.99731E-05
0.367158 9.9991E-05 0.35981 0.020095 0.0911918 0.161645
0.106723 9.99731E-05 9.99731E-05 9.99731E-05 0.000889017 0.892088
0.892423 9.99642E-05 9.99642E-05 9.99642E-05 0.107178 9.99642E-05
0.136496 9.99821E-05 9.99821E-05 0.064619 0.529726 0.268959
0.0149541 9.99641E-05 9.99641E-05 9.99641E-05 0.984646 9.99641E-05
9.99731E-05 0.358737 0.623342 9.99731E-05 0.0176207 9.99731E-05
0.111538 0.217944 0.364824 0.305494 9.99821E-05 9.99821E-05
9.99821E-05 0.0587149 0.580208 0.0463552 9.99821E-05 0.314522
9.99821E-05 0.520776 0.130283 9.99821E-05 0.22848 0.120261
9.99731E-05 0.612825 0.374195 9.99731E-05 0.0126798 9.99731E-05
0.0535204 0.296425 0.098747 9.99821E-05 0.551108 9.99821E-05
0.290864 9.99821E-05 0.0437837 0.391026 9.99821E-05 0.274127
9.99821E-05 0.167485 0.704322 0.0282401 9.99821E-05 0.0997534
0.382061 0.242735 0.297481 9.99911E-05 0.0262723 0.0513513
0.0601618 0.294363 0.471785 9.99821E-05 0.17349 9.99821E-05
0.988907 9.99641E-05 0.0106929 9.99641E-05 9.99641E-05 9.99641E-05
0.0044733 9.99911E-05 0.19552 0.556383 0.216464 0.0270597
0.00575906 9.99732E-05 0.630408 0.363533 9.99732E-05 9.99732E-05
0.0663292 0.132937 0.302176 0.316751 0.0635752 0.118232
0.266153 0.314366 9.9982E-05 0.396542 0.0227396 9.9982E-05
9.9991E-05 0.172647 0.606263 0.0428344 0.0992806 0.0788755
0.278159 9.99732E-05 0.418008 0.303534 9.99732E-05 9.99732E-05
0.0848733 9.99821E-05 0.647046 9.99821E-05 0.0631534 0.204728
9.99731E-05 0.122541 0.775853 9.99731E-05 0.101306 9.99731E-05
9.99821E-05 0.00803896 0.520917 0.265952 0.204892 9.99821E-05
0.213206 0.181913 0.0630809 0.491073 0.0506265 9.99911E-05
0.0472589 9.9991E-05 0.185133 0.337502 0.0669935 0.363013
0.397407 0.185975 9.99731E-05 0.416317 9.99731E-05 9.99731E-05
9.9991E-05 0.301429 0.248314 0.24753 0.0362304 0.166396
0.0438628 0.16193 0.142574 9.99821E-05 0.651433 9.99821E-05
0.112397 0.177339 0.323901 0.0294605 0.356803 9.99911E-05
9.99821E-05 9.99821E-05 0.00860725 0.744822 0.207856 0.0385151
9.9982E-05 9.9982E-05 0.546899 0.198959 0.179735 0.074208
9.99731E-05 0.119126 9.99731E-05 0.68513 0.195444 9.99731E-05
9.9982E-05 0.42369 9.9982E-05 0.158329 0.365799 0.0519818
9.99732E-05 9.99732E-05 0.241133 0.335427 0.42314 9.99732E-05
9.99732E-05 0.48205 0.401123 9.99732E-05 0.116527 9.99732E-05
9.996E-05 0.9995 9.996E-05 9.996E-05 9.996E-05 9.996E-05
0.0660538 0.780935 0.0729928 9.99821E-05 0.0798184 9.99821E-05
9.99731E-05 9.99731E-05 9.99731E-05 0.486275 0.243977 0.269448
9.99641E-05 0.624745 0.374855 9.99641E-05 9.99641E-05 9.99641E-05
9.99911E-05 0.152088 0.309353 0.0238415 0.262794 0.251823
9.99732E-05 9.99732E-05 0.358486 9.99732E-05 0.591412 0.0498024
9.99821E-05 9.99821E-05 0.22016 0.471105 0.149903 0.158632
0.285486 0.0959805 9.99821E-05 0.271044 0.347289 9.99821E-05
0.390702 9.99821E-05 0.481325 0.0759024 0.05187 9.99821E-05
9.9982E-05 0.319081 0.424801 0.0573752 9.9982E-05 0.198543
9.99731E-05 9.99731E-05 0.336391 0.493224 9.99731E-05 0.170085
0.13712 9.99731E-05 0.676309 9.99731E-05 0.186271 9.99731E-05
9.99732E-05 9.99732E-05 0.681463 9.99732E-05 0.119088 0.199149
9.99642E-05 9.99642E-05 9.99642E-05 0.334526 9.99642E-05 0.665074
9.99821E-05 9.99821E-05 0.562147 0.0150173 0.174005 0.24863
9.99642E-05 9.99642E-05 0.0823289 0.917271 9.99642E-05 9.99642E-05
9.9973E-05 0.553878 0.285271 9.9973E-05 9.9973E-05 0.160551
0.0773854 0.190117 0.345957 9.99821E-05 9.99821E-05 0.386341
0.123108 9.99732E-05 0.388893 9.99732E-05 9.99732E-05 0.4877
9.99821E-05 0.536935 0.069025 0.196505 0.197335 9.99821E-05
9.99731E-05 9.99731E-05 0.175877 9.99731E-05 0.506078 0.317745
9.99822E-05 0.031029 0.273722 0.470473 0.224576 9.99822E-05
9.99732E-05 0.356631 0.518952 9.99732E-05 9.99732E-05 0.124117
0.199317 0.293248 0.225939 0.0417982 0.195425 0.0442722
9.99732E-05 9.99732E-05 0.153861 0.65314 9.99732E-05 0.192699
9.99732E-05 0.230089 0.459738 0.309873 9.99732E-05 9.99732E-05
9.99731E-05 9.99731E-05 0.81812 0.0702669 0.111313 9.99731E-05
9.99642E-05 9.99642E-05 9.99642E-05 0.836368 9.99642E-05 0.163232
9.996E-05 9.996E-05 9.996E-05 0.9995 9.996E-05 9.996E-05
0.0406344 9.99731E-05 0.824175 0.134891 9.99731E-05 9.99731E-05
9.9991E-05 0.379903 0.412943 0.0128658 0.0631649 0.131023
9.996E-05 0.9995 9.996E-05 9.996E-05 9.996E-05 9.996E-05
9.99642E-05 9.99642E-05 0.204396 9.99642E-05 9.99642E-05 0.795204
0.0230284 9.9982E-05 0.643427 0.178205 0.15514 9.9982E-05
0.0172402 0.5639 0.201381 9.99911E-05 0.0629398 0.154439
9.99821E-05 0.350368 0.413719 0.154999 0.080715 9.99821E-05
9.99731E-05 0.200145 9.99731E-05 0.487519 0.312036 9.99731E-05
0.062123 9.99821E-05 0.863879 0.0211042 0.0526939 9.99821E-05
0.0743829 0.411168 0.439236 0.0750133 9.99821E-05 9.99821E-05
9.99732E-05 0.406715 0.452365 9.99732E-05 9.99732E-05 0.14062
0.123229 0.00252341 0.734531 0.0258447 9.99911E-05 0.113772
9.99732E-05 0.0579259 9.99732E-05 9.99732E-05 0.883781 0.0579932
0.017939 9.99911E-05 0.588462 0.00312406 0.252625 0.13775
0.0303642 9.99821E-05 9.99821E-05 0.649812 0.180975 0.138649
9.99732E-05 9.99732E-05 0.29473 0.582239 0.122731 9.99732E-05
9.99732E-05 9.99732E-05 0.157905 0.54396 0.297836 9.99732E-05
9.99821E-05 9.99821E-05 0.655882 0.218488 0.0447991 0.0806307
9.99732E-05 0.245426 0.677268 9.99732E-05 9.99732E-05 0.0770063
9.99641E-05 0.0999729 9.99641E-05 9.99641E-05 0.899627 9.99641E-05
9.99822E-05 0.00598789 0.381703 0.510232 9.99822E-05 0.101878
9.9991E-05 0.128556 0.422569 0.220583 0.214022 0.01417
0.154276 0.00447182 0.242144 9.9991E-05 0.0840629 0.514944
0.0226137 9.99731E-05 0.740766 9.99731E-05 0.236321 9.99731E-05
