0.722103 0.0594831 0.218414
0.430247 0.20334 0.366413
0.629088 0.370812 9.99911E-05
0.414614 0.395021 0.190365
0.446187 0.220705 0.333108
0.557554 0.442346 9.9991E-05
0.408554 0.193052 0.398394
0.805421 9.99911E-05 0.194479
9.99911E-05 0.32735 0.67255
9.99911E-05 0.615584 0.384316
9.9991E-05 0.772069 0.227831
0.308942 9.99911E-05 0.690958
0.52284 9.99911E-05 0.47706
0.464439 0.035571 0.49999
0.465975 9.99911E-05 0.533926
0.545329 0.14261 0.312061
0.297303 0.28179 0.420907
0.2649 0.537796 0.197304
0.359084 0.0773274 0.563588
0.544177 0.455723 9.99911E-05
9.99911E-05 0.725661 0.274239
0.278516 0.0728388 0.648645
0.321466 0.631172 0.0473629
9.99911E-05 0.929161 0.0707394
0.132377 0.867523 9.99911E-05
0.458313 0.326117 0.21557
0.305693 0.182791 0.511516
0.508624 0.287243 0.204134
0.912327 0.0487842 0.0388888
0.20153 0.626985 0.171485
0.0517334 0.543798 0.404469
0.503909 9.99911E-05 0.495991
0.075353 0.572471 0.352176
0.725309 9.9991E-05 0.274591
0.452251 0.505702 0.0420471
0.288578 0.245786 0.465635
0.320585 0.381232 0.298184
0.0079691 0.978301 0.0137302
0.3379 0.358147 0.303954
0.64818 0.280272 0.0715473
9.99911E-05 0.230846 0.769054
9.99911E-05 0.279898 0.720002
0.36183 0.268476 0.369693
0.512769 0.279327 0.207904
0.487353 0.0926605 0.419987
0.8623 0.0897502 0.04795
0.414511 0.217526 0.367964
0.0556247 0.210549 0.733826
0.805533 9.99911E-05 0.194367
0.925777 0.0064997 0.0677232
0.776976 0.222924 9.9991E-05
9.99911E-05 0.392318 0.607582
9.9991E-05 0.308201 0.691699
0.9998 9.999E-05 9.999E-05
0.20935 0.101306 0.689344
0.155779 0.132383 0.711837
0.227777 0.406214 0.366009
9.99911E-05 0.080116 0.919784
0.251971 0.331736 0.416294
0.15435 0.594443 0.251207
0.857414 0.132985 0.00960103
0.0130774 0.298948 0.687975
9.999E-05 9.999E-05 0.9998
0.493662 0.506238 9.99911E-05
0.671668 0.131814 0.196518
0.264078 0.116875 0.619047
0.664938 0.311025 0.0240375
0.330849 9.9991E-05 0.669051
0.777453 9.9991E-05 0.222447
0.510742 0.299211 0.190047
0.00404499 0.308829 0.687126
0.025778 0.12622 0.848002
0.381597 0.122157 0.496246
0.529588 9.99911E-05 0.470312
0.902005 0.0978954 9.99911E-05
0.226607 9.99911E-05 0.773293
0.66251 9.99911E-05 0.33739
9.9991E-05 0.48148 0.51842
0.671807 0.12901 0.199183
0.611371 9.9991E-05 0.388529
0.957785 9.99911E-05 0.0421148
0.491326 0.407992 0.100682
0.149091 0.55237 0.298539
0.681526 0.0495388 0.268936
0.0858198 0.399991 0.514189
0.468553 0.119589 0.411858
0.140821 0.346683 0.512496
9.9991E-05 0.741558 0.258342
0.533152 0.459787 0.00706041
0.415906 0.181352 0.402742
0.410756 0.589144 9.99911E-05
0.131939 0.445427 0.422634
0.28796 0.248429 0.463611
0.0488455 0.571643 0.379512
9.9991E-05 0.123929 0.875971
0.249613 0.25254 0.497848
9.9991E-05 0.512029 0.487871
0.351787 9.9991E-05 0.648113
0.570785 0.429115 9.9991E-05
9.9991E-05 0.769881 0.230019
9.99911E-05 0.54748 0.45242
9.999E-05 0.9998 9.999E-05
9.99911E-05 0.755832 0.244068
9.999E-05 0.9998 9.999E-05
0.709234 9.9991E-05 0.290666
0.194564 0.2594 0.546035
0.617288 9.9991E-05 0.382612
0.625074 0.36428 0.0106461
0.841613 0.13817 0.0202172
0.636605 0.363295 9.99911E-05
0.227591 0.327423 0.444987
0.903953 9.9991E-05 0.0959465
0.624977 0.374923 9.99911E-05
0.960375 0.0395254 9.99911E-05
9.99911E-05 0.980124 0.0197761
0.292551 0.127249 0.580201
0.715191 9.99911E-05 0.284709
0.436499 9.9991E-05 0.563401
0.644728 0.170578 0.184694
0.645952 0.300687 0.0533608
0.287939 0.58311 0.128952
0.227553 0.39955 0.372897
0.9998 9.999E-05 9.999E-05
0.449383 0.0935339 0.457083
0.44189 0.324808 0.233301
0.0913189 0.43034 0.478341
0.393523 0.0983291 0.508148
0.594992 0.105565 0.299444
0.486011 0.513889 9.99911E-05
0.732906 0.266994 9.99911E-05
9.99911E-05 0.317773 0.682127
0.319934 0.378719 0.301347
0.298628 0.125791 0.575581
0.316577 0.238856 0.444568
9.99911E-05 0.400783 0.599117
0.855079 0.0656727 0.0792485
0.9998 9.999E-05 9.999E-05
0.942597 0.0573027 9.99911E-05
0.203594 0.464727 0.331679
0.9998 9.999E-05 9.999E-05
0.63497 0.320157 0.0448727
9.99911E-05 0.821715 0.178185
0.42917 0.176115 0.394715
9.99911E-05 0.556837 0.443063
0.101771 0.776279 0.12195
0.64754 0.130911 0.221549
9.9991E-05 0.156334 0.843566
0.649898 0.27828 0.0718225
0.416207 0.330079 0.253714
0.194612 9.99911E-05 0.805288
0.415804 0.149294 0.434902
0.191102 9.99911E-05 0.808798
0.724575 9.9991E-05 0.275325
0.375766 0.229884 0.39435
0.181946 0.653163 0.164891
0.335424 0.336996 0.32758
0.0706228 0.562318 0.367059
0.589055 0.212511 0.198434
0.933332 0.0665675 9.99911E-05
0.396372 0.568694 0.0349341
9.99911E-05 0.170277 0.829623
0.33932 9.9991E-05 0.66058
0.585976 0.106374 0.30765
0.158862 0.022024 0.819114
0.00570501 9.99911E-05 0.994195
9.9991E-05 0.358162 0.641738
0.644395 0.304311 0.0512946
0.943455 9.99911E-05 0.0564451
0.289278 9.99911E-05 0.710622
0.231436 0.400223 0.368341
0.898748 0.101152 9.99911E-05
0.672121 0.134107 0.193772
0.425512 9.99911E-05 0.574388
0.440675 0.349642 0.209682
0.532336 0.2758 0.191864
0.72453 9.99911E-05 0.27537
0.213784 0.261107 0.52511
0.172298 0.827602 9.99911E-05
0.247258 0.694961 0.0577812
0.18035 0.185955 0.633696
9.99911E-05 0.281465 0.718435
0.328699 0.282255 0.389046
0.258211 0.237387 0.504403
0.844643 0.00951546 0.145842
0.256725 0.743175 9.9991E-05
0.415012 9.99911E-05 0.584888
0.732658 0.0396385 0.227704
0.368544 0.631356 9.99911E-05
0.241082 0.573266 0.185652
