0.489403 0.289629 0.0712552 9.9991E-05 0.0300408 0.119572
0.37112 0.156114 9.99821E-05 9.99821E-05 0.349332 0.123234
0.328456 9.9991E-05 0.116759 0.32577 0.0374077 0.191508
0.488894 0.207636 0.17788 0.062666 9.99911E-05 0.0628239
0.00233964 0.084961 0.108078 9.9991E-05 0.513208 0.291312
0.57872 0.00670515 9.9982E-05 0.254756 0.15962 9.9982E-05
0.217784 0.226078 0.12803 9.9991E-05 0.301281 0.126727
0.481351 0.518249 9.99642E-05 9.99642E-05 9.99642E-05 9.99642E-05
9.99821E-05 0.128682 0.514185 9.99821E-05 0.245498 0.111435
0.148692 9.99821E-05 0.450898 0.381123 9.99821E-05 0.0190866
9.9982E-05 0.15722 0.401146 0.357394 9.9982E-05 0.0840405
9.99731E-05 0.399877 0.198438 9.99731E-05 0.401385 9.99731E-05
0.200001 0.524217 9.99821E-05 9.99821E-05 0.111355 0.164227
0.282845 9.99821E-05 0.25615 9.99821E-05 0.364428 0.0963768
0.0743268 0.673292 0.206406 0.0378323 0.00804318 9.99911E-05
9.99821E-05 0.531406 0.128136 9.99821E-05 0.0795047 0.260754
0.0941666 0.413458 0.140659 0.132204 9.9991E-05 0.219413
0.389918 9.99821E-05 0.332104 0.238307 9.99821E-05 0.039471
0.134023 0.619239 0.088106 9.99821E-05 0.158432 9.99821E-05
0.583195 9.99822E-05 0.272069 0.0203582 0.124177 9.99822E-05
0.35486 9.99821E-05 0.304985 0.321231 0.0187241 9.99821E-05
9.9982E-05 0.58307 0.0293158 9.9982E-05 0.0537584 0.333656
0.671517 9.9991E-05 0.00341525 0.0988117 0.0464466 0.17971
0.28234 9.99731E-05 9.99731E-05 9.99731E-05 0.477896 0.239464
0.383357 0.137745 0.0921381 0.157249 9.9991E-05 0.229411
0.354935 0.19751 0.246445 9.9982E-05 9.9982E-05 0.200911
0.00702123 0.153203 0.56979 0.0494322 9.9991E-05 0.220453
9.99731E-05 0.209429 9.99731E-05 0.255737 0.534534 9.99731E-05
0.385984 0.381755 9.99731E-05 0.231961 9.99731E-05 9.99731E-05
9.99731E-05 0.105619 0.105487 9.99731E-05 9.99731E-05 0.788594
0.237639 0.0314906 0.0837377 0.116774 0.530259 9.9991E-05
0.340987 0.262614 0.217247 9.9991E-05 0.177193 0.00185882
9.99821E-05 0.121387 0.16986 0.546104 9.99821E-05 0.162449
0.118029 0.654399 9.99821E-05 9.99821E-05 0.153701 0.0736712
0.815253 0.0201135 9.99731E-05 9.99731E-05 9.99731E-05 0.164333
0.688152 9.99821E-05 0.243849 9.99821E-05 0.0211078 0.0466909
0.151309 0.147475 0.153665 0.210143 0.280731 0.0566758
0.246644 0.0683644 9.99821E-05 0.476477 9.99821E-05 0.208315
9.99821E-05 0.293539 9.99821E-05 0.155112 0.443366 0.107784
0.266624 0.199155 9.9982E-05 0.261065 0.272956 9.9982E-05
0.171745 0.120974 0.252808 9.99911E-05 0.101333 0.353041
9.99821E-05 9.99821E-05 0.618599 0.0839095 0.185875 0.111417
0.666552 0.0527126 0.178087 0.0182282 9.9991E-05 0.08432
0.190333 0.240817 0.274051 0.0674989 0.227201 9.99911E-05
0.150276 0.458921 0.0560218 0.152097 0.0756388 0.107046
0.67617 0.126455 0.197075 9.99732E-05 9.99732E-05 9.99732E-05
0.316182 0.172456 0.511063 9.99732E-05 9.99732E-05 9.99732E-05
9.99641E-05 9.99641E-05 0.740599 0.259001 9.99641E-05 9.99641E-05
0.228915 0.359622 0.411163 9.99733E-05 9.99733E-05 9.99733E-05
0.954724 0.0304013 0.014575 9.99731E-05 9.99731E-05 9.99731E-05
0.269583 0.253299 9.9991E-05 0.0978999 0.110852 0.268267
0.603105 9.99821E-05 0.197221 0.16576 0.033714 9.99821E-05
9.9982E-05 0.306869 0.330665 0.0268143 9.9982E-05 0.335452
0.0553089 0.600706 9.99821E-05 0.22524 9.99821E-05 0.118544
9.99821E-05 0.258955 0.197304 0.0732469 0.470294 9.99821E-05
9.99821E-05 0.466987 0.250569 0.103486 0.178758 9.99821E-05
0.346727 0.0579615 9.9991E-05 0.0107544 0.310637 0.273819
0.0252792 0.261001 0.277524 9.99822E-05 0.435996 9.99822E-05
9.9982E-05 0.220842 0.391929 0.110944 0.276084 9.9982E-05
0.491899 9.9982E-05 0.286088 0.19322 0.0285932 9.9982E-05
0.0423219 0.330148 0.0190754 0.149868 0.333526 0.12506
0.315321 9.99731E-05 0.560339 9.99731E-05 9.99731E-05 0.124041
9.9982E-05 0.390729 0.515592 9.9982E-05 0.0825317 0.0109475
0.242002 0.0293026 9.99731E-05 9.99731E-05 9.99731E-05 0.728396
0.221613 0.427331 0.107512 0.01586 9.99911E-05 0.227583
0.27208 0.297375 0.269966 9.99821E-05 9.99821E-05 0.160379
0.902745 9.99821E-05 0.0113803 0.0690851 0.0165901 9.99821E-05
0.084572 0.395185 0.519943 9.99731E-05 9.99731E-05 9.99731E-05
0.121432 0.861327 9.99731E-05 0.016941 9.99731E-05 9.99731E-05
0.330589 0.147691 0.0939409 0.146817 0.0955006 0.185462
0.0163072 0.0646117 0.401999 0.199601 0.317381 9.9991E-05
9.99732E-05 0.354761 0.583579 9.99732E-05 9.99732E-05 0.061361
0.426505 0.137988 0.0272285 9.99822E-05 0.408079 9.99822E-05
0.279286 0.720314 9.99642E-05 9.99642E-05 9.99642E-05 9.99642E-05
0.485028 0.164347 9.99822E-05 9.99822E-05 0.278934 0.071491
9.99731E-05 0.176599 0.445226 9.99731E-05 0.377875 9.99731E-05
0.272641 0.634358 0.0897308 9.99822E-05 9.99822E-05 0.00307002
9.99731E-05 9.99731E-05 0.353532 0.190477 0.455691 9.99731E-05
0.0831233 0.0744442 9.99821E-05 0.145894 0.696339 9.99821E-05
0.106526 0.223893 9.9982E-05 0.000686609 0.668695 9.9982E-05
0.605868 0.385856 0.00797563 9.99732E-05 9.99732E-05 9.99732E-05
0.56996 0.134758 0.125149 0.064873 9.99911E-05 0.10516
0.811642 9.99733E-05 0.0889038 9.99733E-05 0.099154 9.99733E-05
0.312836 0.368899 9.99821E-05 0.13115 9.99821E-05 0.186914
0.363329 0.269063 0.257886 9.9991E-05 0.0173017 0.0923195
0.581528 0.230538 0.187634 9.9973E-05 9.9973E-05 9.9973E-05
0.0230196 9.9991E-05 0.270857 0.144218 0.483535 0.0782712
0.211866 9.99821E-05 0.0346717 9.99821E-05 0.264548 0.488714
0.117286 0.368501 9.99821E-05 0.451176 9.99821E-05 0.0628369
9.99821E-05 0.541539 0.0988303 0.241419 9.99821E-05 0.118012
9.99643E-05 0.164677 9.99643E-05 9.99643E-05 9.99643E-05 0.834923
0.414271 9.99822E-05 0.314405 9.99822E-05 0.158275 0.112849
0.0635657 9.99732E-05 0.862007 9.99732E-05 9.99732E-05 0.0741278
0.256042 9.9991E-05 0.274902 0.311897 0.111424 0.045635
9.99821E-05 0.220743 0.629237 9.99821E-05 0.069337 0.0804829
0.205038 0.0411137 0.227887 0.0969469 0.428915 9.9991E-05
0.377309 9.99821E-05 0.283939 9.99821E-05 0.0169646 0.321587
0.145607 0.23984 0.549619 0.0471093 0.0177239 9.9991E-05
0.258075 0.0716617 9.9982E-05 9.9982E-05 0.152173 0.51789
0.457729 9.99731E-05 0.184867 9.99731E-05 9.99731E-05 0.357104
9.99821E-05 9.99821E-05 0.0797466 0.0476923 0.719099 0.153262
9.996E-05 9.996E-05 9.996E-05 9.996E-05 9.996E-05 0.9995
0.27122 9.99821E-05 0.18654 0.442979 9.99821E-05 0.0990613
9.99731E-05 9.99731E-05 9.99731E-05 0.936033 0.0560811 0.00758623
0.527433 0.378579 0.0936879 9.99731E-05 9.99731E-05 9.99731E-05
0.0320474 0.521917 0.343564 9.99821E-05 9.99821E-05 0.102272
0.703486 0.282554 9.99731E-05 9.99731E-05 0.0136601 9.99731E-05
0.158652 0.404556 0.0656234 0.254368 0.114932 0.0018685
0.0375967 0.754219 9.99821E-05 0.164687 0.0432974 9.99821E-05
9.99731E-05 0.325584 9.99731E-05 0.641708 9.99731E-05 0.0324085
9.99732E-05 9.99732E-05 0.19628 9.99732E-05 0.400005 0.403415
0.277659 0.366191 9.99821E-05 9.99821E-05 0.138149 0.217801
9.99731E-05 0.0723489 9.99731E-05 9.99731E-05 0.28478 0.642572
0.164825 0.624194 9.99821E-05 0.168821 9.99821E-05 0.0419597
0.0463618 9.99641E-05 9.99641E-05 9.99641E-05 9.99641E-05 0.953238
9.99821E-05 0.451545 0.215703 0.118895 0.213657 9.99821E-05
0.438851 0.202788 0.206196 9.99821E-05 0.151965 9.99821E-05
0.173448 0.574767 0.174616 9.9991E-05 0.0477138 0.0293558
9.9991E-05 0.390691 0.0935988 0.0553555 0.0346989 0.425556
0.946235 0.0260467 9.99731E-05 0.0274181 9.99731E-05 9.99731E-05
9.99731E-05 0.152621 0.244954 9.99731E-05 9.99731E-05 0.602125
0.584563 9.99731E-05 9.99731E-05 9.99731E-05 0.400411 0.0147263
0.422107 0.389287 9.9982E-05 0.104584 9.9982E-05 0.0838221
0.575926 0.0903213 0.266704 0.0654219 0.00152705 9.99911E-05
0.210638 0.2377 0.0791246 0.222764 9.99911E-05 0.249673
0.199124 0.329109 0.351417 0.0407868 9.9991E-05 0.079463
9.99732E-05 0.0817968 0.65406 9.99732E-05 9.99732E-05 0.263844
0.367126 0.349934 9.99821E-05 0.0630789 0.219661 9.99821E-05
0.46658 9.99732E-05 9.99732E-05 0.395908 9.99732E-05 0.137212
0.202825 0.275765 0.10617 0.141522 9.9991E-05 0.273618
9.99642E-05 9.99642E-05 0.725902 9.99642E-05 0.273698 9.99642E-05
0.431196 0.118617 0.131196 0.0994496 0.199593 0.0199479
9.9982E-05 0.228159 0.439751 0.25103 0.0808605 9.9982E-05
0.152361 0.346687 0.167335 0.26641 0.0671068 9.9991E-05
0.42885 9.99821E-05 0.442496 0.123266 9.99821E-05 0.00518793
0.584966 0.235799 9.99732E-05 0.178935 9.99732E-05 9.99732E-05
0.368726 0.460176 9.99732E-05 0.170798 9.99732E-05 9.99732E-05
0.166629 0.103075 9.99821E-05 0.408393 0.321703 9.99821E-05
0.346316 0.020965 0.217362 0.0413538 0.373904 9.99911E-05
0.263596 0.673345 9.99731E-05 9.99731E-05 9.99731E-05 0.0627593
0.164145 0.055107 9.99821E-05 0.314754 0.465794 9.99821E-05
0.446516 0.0914958 0.0970482 0.282776 9.99911E-05 0.082064
0.0638879 0.0702059 0.477109 0.129671 0.184587 0.0745388
9.99732E-05 9.99732E-05 0.466241 0.454054 9.99732E-05 0.0794052
0.245223 0.101138 0.111986 9.9991E-05 0.0558807 0.485672
0.121196 0.603985 9.9982E-05 9.9982E-05 0.168699 0.10592
9.99641E-05 9.99641E-05 0.861844 9.99641E-05 0.137756 9.99641E-05
0.602483 9.99731E-05 0.113698 0.283519 9.99731E-05 9.99731E-05
0.545413 0.199402 0.0784365 9.99911E-05 0.0470923 0.129556
9.99821E-05 0.051867 0.281898 0.0611963 0.604839 9.99821E-05
0.0577522 0.649673 9.99821E-05 0.147044 0.145331 9.99821E-05
9.99731E-05 0.286709 0.664309 9.99731E-05 0.0486828 9.99731E-05
0.121825 0.563946 9.9991E-05 0.111387 0.151635 0.0511069
0.139957 0.058193 0.11369 0.0106228 0.655839 0.0216985
0.939698 9.99644E-05 9.99644E-05 9.99644E-05 9.99644E-05 0.0599018
9.99821E-05 0.0100193 0.357801 0.329672 0.302308 9.99821E-05
0.0809705 9.99732E-05 9.99732E-05 0.386979 0.531751 9.99732E-05
0.109578 9.99822E-05 0.532247 0.250926 9.99822E-05 0.107049
0.391349 0.598308 9.99732E-05 9.99732E-05 0.0100425 9.99732E-05
0.438447 0.316972 0.0322848 9.99821E-05 9.99821E-05 0.212096
0.0317287 9.99731E-05 0.842263 9.99731E-05 0.125708 9.99731E-05
0.0232262 0.548599 0.411038 9.99821E-05 9.99821E-05 0.0169372
0.508487 0.0153754 9.99732E-05 9.99732E-05 0.475837 9.99732E-05
9.99732E-05 0.15772 0.581376 9.99732E-05 0.260604 9.99732E-05
9.99644E-05 0.167861 0.831739 9.99644E-05 9.99644E-05 9.99644E-05
0.459116 0.211087 0.204702 9.99821E-05 9.99821E-05 0.124895
0.100732 0.576562 0.0945792 0.0915138 9.99911E-05 0.136513
9.99733E-05 0.663889 9.99733E-05 0.0287753 0.307036 9.99733E-05
9.996E-05 9.996E-05 9.996E-05 9.996E-05 0.9995 9.996E-05
0.28322 0.119379 0.254586 0.0323575 0.188376 0.122081
9.99821E-05 0.472381 9.99821E-05 0.239634 0.232545 0.0552404
0.260172 0.717506 9.99731E-05 0.0220223 9.99731E-05 9.99731E-05
9.9982E-05 0.357022 0.156111 0.178113 0.308554 9.9982E-05
0.807616 0.00895604 0.153636 9.99821E-05 9.99821E-05 0.0295923
0.069527 0.625387 0.0966447 0.125314 0.0321589 0.0509686
0.289192 0.609134 0.0241307 0.0649704 0.0124732 9.99911E-05
0.24003 0.40083 0.119678 9.99911E-05 0.00504299 0.234319
0.0489373 9.99821E-05 0.0990538 0.800825 0.050984 9.99821E-05
0.625572 9.99911E-05 0.220059 0.0817725 0.0230072 0.0494896
9.99732E-05 9.99732E-05 0.508904 0.25527 0.235526 9.99732E-05
0.288855 9.99642E-05 0.710745 9.99642E-05 9.99642E-05 9.99642E-05
0.108027 0.263551 0.391055 0.237167 9.99821E-05 9.99821E-05
0.52609 0.107769 0.36542 9.9982E-05 9.9982E-05 0.000521815
0.258242 0.433863 9.99821E-05 9.99821E-05 0.146343 0.161353
9.996E-05 9.996E-05 9.996E-05 0.9995 9.996E-05 9.996E-05
9.99732E-05 0.63381 0.215274 9.99732E-05 0.150617 9.99732E-05
0.462904 0.173356 0.103115 0.0761222 0.184402 9.99911E-05
0.198643 9.99731E-05 9.99731E-05 9.99731E-05 0.628342 0.172715
0.756741 9.99731E-05 9.99731E-05 0.145436 9.99731E-05 0.097523
