0.196998 0.687334 0.115668
0.5159 0.395025 0.0890753
0.435494 0.226862 0.337644
9.999E-05 0.595433 0.404467
0.224913 0.629567 0.145519
0.102416 0.653773 0.243811
0.348909 0.411535 0.239556
9.999E-05 0.9998 9.999E-05
0.792774 0.0195446 0.187682
0.47589 9.99911E-05 0.52401
0.360725 0.230302 0.408973
0.547224 0.452676 9.99911E-05
0.235604 0.64238 0.122016
0.466669 0.497252 0.0360785
0.531587 0.468313 9.99911E-05
9.99911E-05 0.759608 0.240293
0.572546 0.311957 0.115496
0.464077 0.239814 0.296109
0.336274 0.663626 9.99911E-05
9.9991E-05 0.684142 0.315758
0.408938 9.99911E-05 0.590962
0.247871 0.55854 0.193589
0.399155 0.188422 0.412423
9.9991E-05 0.406294 0.593606
9.9991E-05 0.207311 0.792589
0.233249 0.42631 0.34044
0.812529 9.9991E-05 0.187371
0.380341 0.601835 0.0178235
0.311667 0.688233 9.99911E-05
9.999E-05 9.999E-05 0.9998
0.726076 0.273824 9.99911E-05
0.188155 0.711551 0.100294
0.451393 9.99911E-05 0.548507
0.0978485 0.902051 9.99911E-05
0.224612 0.498133 0.277255
0.675283 0.023954 0.300763
0.557853 0.418624 0.0235231
0.159426 0.218886 0.621688
0.313749 0.591827 0.0944241
0.192799 0.690769 0.116432
0.565765 9.99911E-05 0.434135
0.741978 9.99911E-05 0.257922
0.154206 0.596897 0.248897
0.342606 0.537637 0.119758
0.175858 0.584678 0.239464
0.185743 0.723169 0.0910881
0.550857 0.0977563 0.351387
0.893203 9.9991E-05 0.106697
0.287682 0.681164 0.031154
9.999E-05 0.9998 9.999E-05
9.9991E-05 0.79803 0.20187
0.563789 0.219695 0.216516
0.515244 0.143246 0.34151
9.99911E-05 0.881915 0.117985
0.707832 0.292068 9.99911E-05
0.815052 0.184848 9.99911E-05
0.491988 0.353704 0.154309
0.970281 0.0296188 9.99911E-05
0.745872 0.254028 9.9991E-05
0.441231 0.291909 0.26686
0.172643 0.685166 0.142191
0.786026 9.9991E-05 0.213874
0.823346 0.176554 9.9991E-05
9.99911E-05 0.26388 0.73602
0.243039 0.56123 0.195731
0.353389 0.369779 0.276832
9.9991E-05 0.604095 0.395805
0.451697 0.548203 9.9991E-05
0.326106 0.673794 9.9991E-05
0.272762 0.420747 0.306491
0.640799 0.253308 0.105893
0.866916 9.99911E-05 0.132984
0.374444 0.625456 9.99911E-05
0.199153 0.800747 9.99911E-05
0.0356181 0.906861 0.0575206
0.666197 0.333703 9.9991E-05
0.094524 0.699032 0.206444
0.706031 9.9991E-05 0.293869
0.212709 0.694516 0.0927755
0.0929632 0.906937 9.99911E-05
0.0836313 0.916269 9.99911E-05
0.169137 0.48528 0.345583
0.49974 0.35855 0.14171
9.99911E-05 0.616034 0.383866
0.520924 0.14887 0.330206
0.54428 0.271012 0.184708
0.824506 0.0769039 0.0985902
0.217837 0.240084 0.542078
0.0494369 0.492753 0.45781
0.224525 0.587298 0.188176
9.99911E-05 0.110804 0.889096
0.451677 9.99911E-05 0.548223
0.624093 9.99911E-05 0.375807
0.701962 9.99911E-05 0.297938
0.789578 9.9991E-05 0.210322
0.4339 0.504897 0.0612036
0.526592 0.0420544 0.431354
0.885365 0.114535 9.9991E-05
9.9991E-05 0.511344 0.488556
0.177818 0.151102 0.67108
0.865913 9.99911E-05 0.133987
9.999E-05 9.999E-05 0.9998
0.523008 9.99911E-05 0.476892
0.241009 0.0818743 0.677117
9.999E-05 0.9998 9.999E-05
0.476345 0.269502 0.254153
0.27342 0.646947 0.0796332
9.99911E-05 0.829673 0.170227
0.169202 0.794961 0.0358362
9.99911E-05 0.513443 0.486457
0.504074 9.99911E-05 0.495826
0.216553 0.606446 0.177001
9.99911E-05 0.213576 0.786324
9.99911E-05 0.897727 0.102173
9.999E-05 9.999E-05 0.9998
0.891924 0.107976 9.99911E-05
0.31143 0.679293 0.00927654
0.257493 0.742407 9.99911E-05
0.0530479 0.710958 0.235994
9.9991E-05 0.868261 0.13164
0.237746 0.226447 0.535807
0.100692 0.517144 0.382163
9.9991E-05 0.856088 0.143812
0.535669 0.384252 0.0800794
0.426962 0.247106 0.325933
0.850402 9.9991E-05 0.149498
0.597872 9.99911E-05 0.402028
0.220833 0.769912 0.0092556
9.99911E-05 0.403923 0.595977
0.27198 0.313743 0.414276
0.9998 9.999E-05 9.999E-05
0.484338 0.35508 0.160582
0.779388 0.220512 9.99911E-05
0.393257 0.606643 9.99911E-05
0.605889 0.127671 0.26644
9.99911E-05 0.787508 0.212392
9.999E-05 0.9998 9.999E-05
9.99911E-05 0.967383 0.0325173
0.704586 0.241307 0.054107
0.0134121 0.830013 0.156575
0.36789 0.479846 0.152264
0.559828 0.0863944 0.353778
0.678909 0.136928 0.184163
0.58545 9.99911E-05 0.41445
0.0385696 0.193939 0.767491
9.9991E-05 0.769112 0.230788
0.9998 9.999E-05 9.999E-05
0.0944848 0.53154 0.373976
0.210309 0.513359 0.276332
0.808824 0.191076 9.99911E-05
0.313936 0.596284 0.0897797
0.830347 0.169553 9.99911E-05
0.208986 0.790914 9.9991E-05
0.523132 0.350404 0.126464
0.303341 0.231119 0.46554
0.553797 0.446103 9.99911E-05
0.152076 0.436335 0.411589
0.503783 0.352123 0.144095
9.999E-05 0.9998 9.999E-05
0.307727 0.33808 0.354193
0.929855 0.0700451 9.99911E-05
0.403073 0.582184 0.014743
0.0651164 0.87115 0.0637336
0.899177 0.100723 9.99911E-05
0.764988 0.234912 9.99911E-05
0.149903 0.496413 0.353684
0.331254 0.565298 0.103448
9.999E-05 0.9998 9.999E-05
0.636644 0.353618 0.00973839
0.459677 0.280971 0.259353
9.99911E-05 0.847087 0.152813
0.080316 0.919584 9.9991E-05
0.614743 0.385157 9.9991E-05
0.0552223 0.653948 0.29083
0.0337184 0.773549 0.192733
0.120496 0.879404 9.99911E-05
0.11381 0.536065 0.350125
0.355208 0.188953 0.455839
0.538668 0.142447 0.318886
0.975541 9.99911E-05 0.0243586
0.803533 9.99911E-05 0.196367
0.688783 0.185321 0.125896
0.346934 0.306763 0.346303
9.99911E-05 0.923255 0.0766452
9.99911E-05 0.612943 0.386957
0.384596 0.615304 9.99911E-05
0.211789 0.759639 0.0285727
0.0365161 0.722286 0.241198
0.155376 0.421008 0.423616
