9.9982E-05 0.224717 0.775083 9.9982E-05
0.355443 0.284438 0.240128 0.119991
0.185496 0.190616 0.598837 0.0250515
0.111493 0.0634442 0.67839 0.146672
0.203498 0.19384 0.393187 0.209476
0.292049 0.30471 0.403141 9.9991E-05
0.1107 0.18168 0.606781 0.100839
0.343316 0.111317 0.5137 0.0316671
0.236559 0.478077 0.26306 0.0223036
9.999E-05 0.644607 0.0360204 0.319272
0.146007 0.644201 0.1343 0.0754919
0.350731 0.450541 9.9991E-05 0.198628
0.0747196 0.345542 0.418872 0.160867
0.323886 0.241441 0.137285 0.297389
0.794886 0.0826295 0.111559 0.0109251
0.632655 0.0214251 0.0769227 0.268997
0.955285 9.9982E-05 9.9982E-05 0.0445152
0.0593182 0.155366 0.454019 0.331296
0.274357 0.317462 0.321238 0.086944
0.377045 0.214773 0.292783 0.1154
0.151768 0.255063 0.504633 0.0885364
0.244513 0.252024 0.43905 0.0644119
0.365371 0.305511 0.235368 0.0937495
0.282528 9.9991E-05 0.499934 0.217438
9.9982E-05 0.86255 9.9982E-05 0.13725
0.338141 0.0253389 0.503439 0.133081
0.358654 0.446907 0.0554161 0.139023
0.289851 0.200814 0.254002 0.255334
0.181919 0.129528 0.545583 0.142971
0.330722 9.9991E-05 0.0969742 0.572204
0.460632 0.352058 0.0758737 0.111437
9.9991E-05 0.844521 0.0175962 0.137783
0.381006 9.9991E-05 0.355308 0.263586
0.288453 0.263425 0.370096 0.0780252
0.176843 0.296733 0.381166 0.145258
9.9991E-05 0.0126575 0.809903 0.17734
0.262335 0.0590744 0.639285 0.0393055
9.9991E-05 0.782081 0.0677263 0.150093
0.569834 0.129264 0.172025 0.128877
0.251401 0.381295 0.257195 0.110109
0.360189 0.375918 0.211054 0.0528382
0.399533 0.164432 0.273425 0.16261
0.201821 0.146368 0.574604 0.0772067
0.106904 0.195973 0.603438 0.0936852
0.178741 0.67891 0.0262184 0.11613
0.118585 0.577431 0.277233 0.0267511
0.37151 0.170469 0.443521 0.0144991
0.468716 0.106013 0.303694 0.121577
0.222789 0.457568 0.0995818 0.220061
0.526752 9.9991E-05 0.325423 0.147724
0.113846 0.420586 0.164252 0.301316
0.355152 0.212192 0.271768 0.160888
0.890597 9.9982E-05 9.9982E-05 0.109203
0.312048 0.20541 0.274927 0.207615
0.27637 0.513423 9.9991E-05 0.210106
0.21418 0.0911538 0.539304 0.155363
0.0961632 0.664885 0.0727846 0.166167
9.9991E-05 0.46334 0.336515 0.200045
0.416063 0.365775 0.0679654 0.150196
0.174346 0.592253 0.22816 0.00524124
0.258435 9.9991E-05 0.734753 0.00671253
0.271325 0.25454 0.154002 0.320132
0.500094 0.0299243 0.311178 0.158804
9.998E-05 9.998E-05 9.998E-05 0.9997
0.217131 0.196292 0.586477 9.9991E-05
0.0848624 9.9982E-05 0.914938 9.9982E-05
0.101603 0.421718 0.343272 0.133407
0.136146 0.218402 0.546814 0.0986382
0.097566 0.0196941 0.755098 0.127642
0.308144 9.9991E-05 0.375968 0.315788
9.9991E-05 0.624399 0.178352 0.197149
0.466386 0.162638 0.24211 0.128865
0.289415 0.108414 0.38345 0.218721
0.647265 0.27445 9.9991E-05 0.0781855
0.243203 0.367654 0.28771 0.101433
0.732409 0.267391 9.9982E-05 9.9982E-05
0.141137 0.275255 0.468237 0.11537
0.247895 0.178753 0.449647 0.123705
0.367177 9.9982E-05 0.632623 9.9982E-05
0.394754 0.0758836 0.261414 0.267949
0.17183 0.240171 0.487307 0.100692
0.134856 0.087863 0.68668 0.0906014
0.175177 0.435121 0.257602 0.132101
0.84804 0.126811 9.9991E-05 0.025049
0.228572 0.135272 0.486496 0.14966
0.0699271 0.617284 0.312689 9.9991E-05
0.149456 0.0513219 0.703307 0.0959157
0.25904 0.540841 0.113359 0.0867603
0.322812 0.184792 0.190707 0.301689
0.110812 0.504229 0.384859 9.9991E-05
0.023716 9.9982E-05 9.9982E-05 0.976084
0.27831 0.597503 0.080054 0.0441329
0.0995905 0.0571165 0.766482 0.0768112
0.690743 9.9991E-05 0.168128 0.141029
0.0812718 0.115013 0.760489 0.0432263
0.174133 0.142903 0.571629 0.111335
0.144516 0.388773 0.398297 0.0684139
9.9982E-05 0.384894 0.614906 9.9982E-05
9.9991E-05 0.182528 0.129984 0.687389
0.364106 0.157116 0.159143 0.319634
0.162343 0.264761 0.331689 0.241208
9.998E-05 9.998E-05 9.998E-05 0.9997
0.350975 0.34209 0.103188 0.203748
9.998E-05 0.9997 9.998E-05 9.998E-05
0.487238 0.130944 0.284212 0.0976055
0.606548 0.113031 0.265286 0.0151356
0.546172 0.20034 0.253389 9.9991E-05
0.178533 0.0844307 0.629457 0.107579
0.504497 0.383484 9.9991E-05 0.11192
0.164937 0.30296 0.394591 0.137512
0.34994 0.0831818 0.489134 0.0777446
0.0946768 0.470296 0.0472249 0.387803
0.534544 0.28717 0.10374 0.0745452
0.180346 0.268884 9.9991E-05 0.550669
0.310747 0.182112 0.459366 0.0477752
0.0489705 9.9982E-05 9.9982E-05 0.95083
0.242984 0.370445 0.386471 9.9991E-05
0.103746 0.146274 0.569843 0.180137
0.122073 0.209214 0.564382 0.104331
0.236325 0.420232 0.19192 0.151523
0.488015 9.9991E-05 0.353077 0.158808
0.0033847 0.112731 0.251535 0.63235
0.0887227 0.249849 0.282347 0.379081
0.538036 0.249584 0.212281 9.9991E-05
0.199428 0.434613 0.158797 0.207162
0.699538 0.123636 0.0599777 0.116849
0.346873 0.408215 0.154943 0.0899689
0.00185888 0.350642 0.438307 0.209192
0.506884 0.215587 0.277429 9.9991E-05
0.218679 0.667848 9.9991E-05 0.113372
9.9991E-05 0.00751032 0.928677 0.0637126
0.186753 9.9991E-05 0.663828 0.149319
0.188872 0.151097 0.307271 0.35276
0.553772 0.111503 0.0776917 0.257034
9.9991E-05 0.22242 0.747576 0.0299042
0.0751425 0.6609 0.119181 0.144776
0.9997 9.998E-05 9.998E-05 9.998E-05
0.9997 9.998E-05 9.998E-05 9.998E-05
0.124614 0.389313 0.387181 0.0988921
0.0783341 0.233249 0.605939 0.0824776
0.221635 0.348476 0.32647 0.103419
0.538612 0.378379 9.9991E-05 0.0829084
0.0814618 0.541081 0.252417 0.12504
9.9991E-05 0.600231 0.203683 0.195985
0.238856 0.00550872 0.62622 0.129416
0.183939 0.0630947 0.317327 0.435639
0.288829 0.291562 0.399037 0.0205719
9.998E-05 9.998E-05 9.998E-05 0.9997
0.0831654 0.184964 0.705064 0.0268065
0.299733 0.170933 0.48632 0.0430133
0.500589 0.329224 9.9991E-05 0.170087
0.280551 0.276532 0.376275 0.0666421
0.131388 0.536126 0.113872 0.218614
0.261351 0.269345 0.275795 0.193509
0.493939 0.185409 0.165972 0.154681
0.400496 9.9991E-05 0.266925 0.332479
0.0949138 0.48268 0.340784 0.0816215
0.318107 0.20504 0.243812 0.233041
9.9982E-05 9.9982E-05 0.858168 0.141632
0.349768 0.181558 0.280711 0.187963
0.0124659 0.370906 0.514929 0.101699
9.998E-05 9.998E-05 9.998E-05 0.9997
0.461269 0.129952 0.117339 0.29144
0.44276 0.130773 0.347951 0.0785157
0.0184854 0.357499 0.412438 0.211578
9.9991E-05 0.0569037 0.771582 0.171414
0.31618 0.232471 0.451249 9.9991E-05
0.33718 0.551966 0.0708237 0.0400302
0.9997 9.998E-05 9.998E-05 9.998E-05
0.322136 9.9991E-05 0.441611 0.236153
0.370318 0.512896 0.0841376 0.0326483
0.43354 0.253013 0.139858 0.17359
0.165759 0.0833607 0.380411 0.370469
0.546113 0.453687 9.9982E-05 9.9982E-05
0.492673 0.171891 0.335336 9.9991E-05
0.408762 0.321451 0.269687 9.9991E-05
0.414759 0.200149 0.348169 0.0369226
0.600974 0.291031 0.106105 0.00188988
0.00555567 0.963753 9.9991E-05 0.0305912
0.155948 0.443656 0.230226 0.17017
0.836677 9.9982E-05 9.9982E-05 0.163124
0.0221826 0.304376 0.460379 0.213062
0.16025 0.176836 0.53204 0.130874
0.159785 0.0281264 0.625765 0.186324
0.506788 0.0463059 0.404126 0.0427794
9.998E-05 0.9997 9.998E-05 9.998E-05
0.0886855 0.0950918 0.662974 0.153248
0.270604 0.41668 0.0938482 0.218867
0.277709 9.9991E-05 0.713355 0.00883612
0.4254 0.159892 0.227213 0.187495
