0.331467 0.322769 9.99551E-05 0.305623 0.0357387 9.99551E-05 0.00390163 9.99551E-05 9.99551E-05 9.99551E-05
0.326489 0.133992 9.9982E-05 0.116062 0.0230827 9.9982E-05 0.198108 0.153732 0.000345227 0.047989
9.99641E-05 9.99641E-05 0.190081 0.266026 0.292392 9.99641E-05 0.0795867 0.167048 9.99641E-05 0.00446648
9.99641E-05 0.089734 0.0530856 0.43785 9.99641E-05 0.276587 0.134312 9.99641E-05 9.99641E-05 0.00803175
9.99461E-05 9.99461E-05 9.99461E-05 0.576372 9.99461E-05 9.99461E-05 0.159464 9.99461E-05 0.185968 0.0775964
9.9964E-05 0.168033 0.140303 0.493102 9.9964E-05 0.0687045 0.0446878 9.9964E-05 0.0847694 9.9964E-05
0.143005 0.0322777 9.99642E-05 0.288438 9.99642E-05 9.99642E-05 0.0991497 9.99642E-05 0.332113 0.104616
0.325208 9.99552E-05 9.99552E-05 0.540839 9.99552E-05 9.99552E-05 0.0629133 9.99552E-05 0.0134064 0.0571339
9.99553E-05 9.99553E-05 0.0104584 9.99553E-05 9.99553E-05 0.741076 0.132909 0.090114 0.0249423 9.99553E-05
9.99463E-05 0.0689777 0.107808 0.0610226 0.761592 9.99463E-05 9.99463E-05 9.99463E-05 9.99463E-05 9.99463E-05
9.9973E-05 9.9973E-05 0.090562 0.0144256 0.385038 0.0139854 0.0705419 0.327604 9.9973E-05 0.0975427
0.391009 9.99641E-05 9.99641E-05 0.143769 9.99641E-05 0.199462 0.0756817 9.99641E-05 0.0891313 0.100548
0.347428 0.117224 9.99641E-05 0.106901 9.99641E-05 0.162865 0.0226232 0.242559 9.99641E-05 9.99641E-05
9.9964E-05 0.207365 9.9964E-05 0.34659 9.9964E-05 0.239236 0.0125281 9.9964E-05 0.109507 0.0843729
9.99553E-05 9.99553E-05 0.000766078 0.221806 9.99553E-05 0.626637 9.99553E-05 0.126185 0.0241068 9.99553E-05
0.0706746 9.99731E-05 0.018081 0.356644 9.99731E-05 0.15047 0.270478 9.99731E-05 0.0187815 0.114571
0.202729 9.99551E-05 0.170752 0.171684 9.99551E-05 0.326155 9.99551E-05 9.99551E-05 0.12818 9.99551E-05
9.99641E-05 0.0738808 0.136658 0.226482 0.196728 9.99641E-05 0.0945654 9.99641E-05 9.99641E-05 0.271287
0.425602 9.99373E-05 9.99373E-05 9.99373E-05 9.99373E-05 0.183415 9.99373E-05 0.390284 9.99373E-05 9.99373E-05
0.182723 0.196533 9.99731E-05 0.461528 0.0362638 0.000624499 0.00915765 0.112869 9.99731E-05 9.99731E-05
9.99374E-05 0.861535 0.109944 9.99374E-05 0.0278211 9.99374E-05 9.99374E-05 9.99374E-05 9.99374E-05 9.99374E-05
0.59086 9.99461E-05 9.99461E-05 9.99461E-05 0.116687 9.99461E-05 0.0329683 9.99461E-05 0.258885 9.99461E-05
9.99641E-05 0.00812592 0.158326 0.280308 9.99641E-05 0.15997 0.229933 9.99641E-05 9.99641E-05 0.162939
9.99551E-05 0.264644 9.99551E-05 0.0102852 9.99551E-05 9.99551E-05 0.463914 9.99551E-05 0.246489 0.0141684
9.99731E-05 0.0982515 0.155995 0.00146888 0.107144 9.99731E-05 0.282328 0.287111 9.99731E-05 0.0674023
0.0556652 0.287948 9.99641E-05 0.250148 9.99641E-05 0.195194 0.201748 9.99641E-05 9.99641E-05 0.00889659
0.218965 0.0695477 9.9955E-05 9.9955E-05 0.516827 9.9955E-05 9.9955E-05 0.02664 9.9955E-05 0.16752
9.99283E-05 9.99283E-05 9.99283E-05 9.99283E-05 9.99283E-05 9.99283E-05 9.99283E-05 0.544857 0.454343 9.99283E-05
0.118629 9.9955E-05 0.179796 0.22932 9.9955E-05 9.9955E-05 9.9955E-05 0.432678 0.0390772 9.9955E-05
9.99283E-05 9.99283E-05 9.99283E-05 9.99283E-05 0.219668 9.99283E-05 0.779533 9.99283E-05 9.99283E-05 9.99283E-05
9.99552E-05 0.514477 9.99552E-05 9.99552E-05 9.99552E-05 0.0254392 9.99552E-05 0.101648 0.27173 0.0862066
9.99731E-05 9.99731E-05 0.0400858 0.508081 0.245097 9.99731E-05 0.0487496 0.0654964 0.00289823 0.0892921
0.088047 0.150401 0.197255 9.99642E-05 0.485769 9.99642E-05 0.0173188 9.99642E-05 0.0608095 9.99642E-05
0.275763 9.99462E-05 9.99462E-05 0.438383 9.99462E-05 9.99462E-05 9.99462E-05 0.102635 0.182619 9.99462E-05
9.99461E-05 0.208056 9.99461E-05 0.432658 9.99461E-05 9.99461E-05 0.194475 9.99461E-05 9.99461E-05 0.164211
0.187876 0.811325 9.99283E-05 9.99283E-05 9.99283E-05 9.99283E-05 9.99283E-05 9.99283E-05 9.99283E-05 9.99283E-05
9.99551E-05 0.00951483 9.99551E-05 0.228966 9.99551E-05 9.99551E-05 9.99551E-05 0.196067 0.355877 0.209075
0.283289 0.0964702 0.399569 9.99641E-05 0.0315398 9.99641E-05 0.181707 0.00702534 9.99641E-05 9.99641E-05
0.312904 0.254824 0.00471466 0.0217238 9.9991E-05 0.0974243 0.0893449 0.147298 0.00884308 0.0628227
0.116899 0.0687823 0.104554 0.206208 9.9964E-05 9.9964E-05 9.9964E-05 0.306004 9.9964E-05 0.197153
9.99552E-05 9.99552E-05 9.99552E-05 9.99552E-05 0.325502 9.99552E-05 0.237762 0.250949 0.13155 0.0537381
0.0334635 0.19216 9.99552E-05 9.99552E-05 0.483812 0.216489 9.99552E-05 9.99552E-05 9.99552E-05 0.073576
0.0197961 0.261192 9.9964E-05 0.121683 0.346747 0.0351664 9.9964E-05 9.9964E-05 0.215016 9.9964E-05
9.99552E-05 0.150897 9.99552E-05 0.05926 9.99552E-05 0.29074 9.99552E-05 0.419332 9.99552E-05 0.0792714
0.243916 9.99641E-05 9.99641E-05 0.0765178 9.99641E-05 0.0609341 0.0861338 0.381481 9.99641E-05 0.150618
0.25972 0.0147366 9.99641E-05 0.174571 9.99641E-05 0.373644 0.110972 9.99641E-05 9.99641E-05 0.065957
9.99462E-05 0.101873 9.99462E-05 0.320725 0.113877 0.462925 9.99462E-05 9.99462E-05 9.99462E-05 9.99462E-05
9.99731E-05 0.0600199 0.0550668 0.137998 0.41317 0.179228 9.99731E-05 0.0501748 9.99731E-05 0.104042
9.99465E-05 9.99465E-05 9.99465E-05 0.236504 0.240681 0.261075 9.99465E-05 0.26114 9.99465E-05 9.99465E-05
9.9937E-05 0.202923 9.9937E-05 0.65844 9.9937E-05 9.9937E-05 9.9937E-05 9.9937E-05 9.9937E-05 0.137938
0.00108932 0.0164464 9.99462E-05 0.767828 9.99462E-05 9.99462E-05 0.214037 9.99462E-05 9.99462E-05 9.99462E-05
9.99731E-05 0.276092 0.148296 0.110489 0.121625 0.18152 9.99731E-05 9.99731E-05 0.0873163 0.0743626
0.103905 9.9955E-05 9.9955E-05 0.122975 0.303265 0.162998 0.306357 9.9955E-05 9.9955E-05 9.9955E-05
0.398617 9.99463E-05 0.208696 0.306009 9.99463E-05 9.99463E-05 0.0860781 9.99463E-05 9.99463E-05 9.99463E-05
9.99462E-05 9.99462E-05 0.0517053 9.99462E-05 9.99462E-05 0.260561 9.99462E-05 0.1737 0.513434 9.99462E-05
0.0531949 9.99731E-05 0.0333291 0.0957905 0.0134616 0.26173 9.99731E-05 9.99731E-05 0.527622 0.0145727
9.99552E-05 0.550301 9.99552E-05 9.99552E-05 9.99552E-05 0.0795341 0.205563 0.110706 9.99552E-05 0.0533967
9.99374E-05 0.062964 9.99374E-05 9.99374E-05 9.99374E-05 0.180843 9.99374E-05 9.99374E-05 0.755494 9.99374E-05
0.141974 9.9964E-05 0.0689425 9.9964E-05 9.9964E-05 0.379606 9.9964E-05 0.0551082 0.218405 0.135564
0.106488 0.747236 9.9955E-05 9.9955E-05 0.000457637 9.9955E-05 9.9955E-05 0.107673 9.9955E-05 0.0376458
9.99552E-05 9.99552E-05 0.0464334 0.356752 0.0347879 0.0371687 9.99552E-05 0.524358 9.99552E-05 9.99552E-05
0.0914644 0.208229 9.99641E-05 9.99641E-05 0.230066 0.21472 0.031785 9.99641E-05 9.99641E-05 0.223336
0.10373 9.9964E-05 9.9964E-05 9.9964E-05 0.387242 0.175158 9.9964E-05 0.182808 0.142024 0.00863707
0.00288261 0.135581 9.99641E-05 0.115742 9.99641E-05 9.99641E-05 0.532394 0.122126 9.99641E-05 0.0908751
0.0323668 9.99641E-05 9.99641E-05 0.433303 0.280346 9.99641E-05 0.114636 9.99641E-05 0.133835 0.00511341
0.195436 9.99551E-05 9.99551E-05 9.99551E-05 0.123922 0.188968 0.0752466 0.415928 9.99551E-05 9.99551E-05
9.99282E-05 0.645553 9.99282E-05 0.353648 9.99282E-05 9.99282E-05 9.99282E-05 9.99282E-05 9.99282E-05 9.99282E-05
0.268423 0.0743338 9.99551E-05 0.0345857 9.99551E-05 0.536764 9.99551E-05 9.99551E-05 9.99551E-05 0.0853946
0.511906 0.140407 9.99731E-05 0.215201 0.0696189 0.0365632 9.99731E-05 0.0226612 9.99731E-05 0.00334293
0.13854 0.35411 9.99462E-05 9.99462E-05 0.340378 9.99462E-05 9.99462E-05 0.166372 9.99462E-05 9.99462E-05
9.99462E-05 9.99462E-05 0.161016 0.291951 9.99462E-05 0.324524 9.99462E-05 9.99462E-05 9.99462E-05 0.221909
0.175618 0.0261757 9.99641E-05 9.99641E-05 0.323262 0.307779 0.104905 9.99641E-05 9.99641E-05 0.0618588
9.99374E-05 9.99374E-05 9.99374E-05 0.353165 9.99374E-05 9.99374E-05 9.99374E-05 9.99374E-05 0.520463 0.125672
0.0163824 0.0646959 9.99732E-05 0.249614 0.0208245 0.0162766 9.99732E-05 0.47725 9.99732E-05 0.154656
0.0799386 9.99465E-05 9.99465E-05 0.674606 9.99465E-05 9.99465E-05 0.101859 9.99465E-05 0.142997 9.99465E-05
0.303746 0.14351 9.99641E-05 9.99641E-05 9.99641E-05 0.285425 9.99641E-05 0.0408196 0.146471 0.0796278
9.99375E-05 9.99375E-05 9.99375E-05 9.99375E-05 9.99375E-05 0.736352 0.122631 0.140317 9.99375E-05 9.99375E-05
9.99641E-05 9.99641E-05 0.100457 0.0589752 0.389031 9.99641E-05 9.99641E-05 0.233694 0.0700909 0.147352
0.0139735 0.12636 0.019363 0.0221983 9.99641E-05 9.99641E-05 9.99641E-05 0.761771 9.99641E-05 0.0559347
9.99551E-05 9.99551E-05 9.99551E-05 0.431377 9.99551E-05 9.99551E-05 0.0292967 0.324016 0.178235 0.0365764
0.16311 9.99553E-05 0.0105426 0.53596 9.99553E-05 9.99553E-05 9.99553E-05 0.022077 9.99553E-05 0.26781
9.99553E-05 0.200208 0.182669 0.406138 9.99553E-05 0.152541 0.0579432 9.99553E-05 9.99553E-05 9.99553E-05
9.99201E-05 0.999101 9.99201E-05 9.99201E-05 9.99201E-05 9.99201E-05 9.99201E-05 9.99201E-05 9.99201E-05 9.99201E-05
9.99551E-05 9.99551E-05 9.99551E-05 0.180035 0.174819 0.0922938 0.160242 0.39211 9.99551E-05 9.99551E-05
9.99462E-05 9.99462E-05 9.99462E-05 0.406884 9.99462E-05 0.361425 0.0436309 9.99462E-05 9.99462E-05 0.18746
9.9964E-05 0.256026 9.9964E-05 0.374417 0.179513 0.0452766 9.9964E-05 0.0193742 9.9964E-05 0.124994
0.478673 0.29426 0.0609383 9.99463E-05 9.99463E-05 9.99463E-05 9.99463E-05 9.99463E-05 0.165529 9.99463E-05
0.360676 0.107935 9.99641E-05 0.0562035 9.99641E-05 9.99641E-05 0.422842 0.00929092 0.042653 9.99641E-05
0.238045 0.0782327 0.198239 0.0058346 9.99732E-05 0.154234 0.112362 0.212753 9.99732E-05 9.99732E-05
0.356527 9.99461E-05 0.19134 0.0615135 0.390019 9.99461E-05 9.99461E-05 9.99461E-05 9.99461E-05 9.99461E-05
9.99201E-05 9.99201E-05 9.99201E-05 9.99201E-05 9.99201E-05 9.99201E-05 0.999101 9.99201E-05 9.99201E-05 9.99201E-05
9.99375E-05 0.956899 9.99375E-05 9.99375E-05 9.99375E-05 0.0179659 9.99375E-05 9.99375E-05 0.0244357 9.99375E-05
0.143389 0.193905 9.99553E-05 9.99553E-05 0.384834 0.176137 9.99553E-05 9.99553E-05 9.99553E-05 0.101236
9.99641E-05 0.190055 0.315504 0.0253202 9.99641E-05 0.0379181 0.251135 9.99641E-05 0.179669 9.99641E-05
0.413294 9.99461E-05 9.99461E-05 9.99461E-05 0.497733 9.99461E-05 9.99461E-05 9.99461E-05 0.0147131 0.0736609
0.244816 0.0586152 0.157769 0.155403 9.9964E-05 0.335524 0.0474722 9.9964E-05 9.9964E-05 9.9964E-05
9.99552E-05 0.48628 9.99552E-05 0.112434 0.248777 0.0784609 9.99552E-05 9.99552E-05 0.0735473 9.99552E-05
9.99371E-05 9.99371E-05 9.99371E-05 0.1602 0.0872879 0.751812 9.99371E-05 9.99371E-05 9.99371E-05 9.99371E-05
0.283486 0.197982 9.99461E-05 0.0978127 9.99461E-05 9.99461E-05 0.420119 9.99461E-05 9.99461E-05 9.99461E-05
9.9973E-05 0.279426 0.0233981 9.9973E-05 0.0593063 0.0948617 0.354496 9.9973E-05 0.157558 0.0306542
0.0236739 0.188149 9.99551E-05 9.99551E-05 0.0917125 0.0940985 9.99551E-05 9.99551E-05 0.601867 9.99551E-05
9.99283E-05 9.99283E-05 9.99283E-05 9.99283E-05 9.99283E-05 9.99283E-05 0.89526 9.99283E-05 9.99283E-05 0.103941
9.99552E-05 0.1041 0.0687778 9.99552E-05 0.470082 9.99552E-05 9.99552E-05 0.213673 0.142868 9.99552E-05
9.99372E-05 9.99372E-05 0.905032 9.99372E-05 0.0344772 9.99372E-05 0.0597911 9.99372E-05 9.99372E-05 9.99372E-05
0.155014 0.0396521 0.0034366 0.58379 0.0240452 0.193663 9.99641E-05 9.99641E-05 9.99641E-05 9.99641E-05
0.191378 9.99461E-05 9.99461E-05 0.214582 9.99461E-05 0.458828 0.134612 9.99461E-05 9.99461E-05 9.99461E-05
9.99552E-05 0.102611 9.99552E-05 0.482459 0.161634 0.00674379 9.99552E-05 9.99552E-05 0.246052 9.99552E-05
9.99462E-05 9.99462E-05 0.0755664 0.487889 0.202738 9.99462E-05 9.99462E-05 9.99462E-05 0.233207 9.99462E-05
0.432449 0.163768 9.99553E-05 0.266113 9.99553E-05 0.0569144 9.99553E-05 0.0802559 9.99553E-05 9.99553E-05
0.543691 9.99373E-05 0.373392 9.99373E-05 9.99373E-05 9.99373E-05 0.0822172 9.99373E-05 9.99373E-05 9.99373E-05
0.253842 0.249124 9.99463E-05 9.99463E-05 9.99463E-05 9.99463E-05 0.303988 9.99463E-05 0.192446 9.99463E-05
9.99642E-05 0.0109336 9.99642E-05 0.480115 9.99642E-05 0.238807 0.113319 0.0662574 9.99642E-05 0.090168
0.142327 0.158533 9.99462E-05 9.99462E-05 9.99462E-05 9.99462E-05 0.582227 9.99462E-05 0.116313 9.99462E-05
0.00834848 9.99463E-05 0.191314 0.669464 9.99463E-05 9.99463E-05 9.99463E-05 0.130273 9.99463E-05 9.99463E-05
9.99372E-05 0.00760588 9.99372E-05 9.99372E-05 0.120913 9.99372E-05 0.870781 9.99372E-05 9.99372E-05 9.99372E-05
0.118109 9.99463E-05 0.468541 0.0107941 9.99463E-05 0.401957 9.99463E-05 9.99463E-05 9.99463E-05 9.99463E-05
0.139884 0.0277589 9.99641E-05 0.28891 9.99641E-05 0.292915 0.0795354 0.170597 9.99641E-05 9.99641E-05
0.225049 9.99551E-05 9.99551E-05 0.155161 0.450701 9.99551E-05 9.99551E-05 0.0113356 0.157253 9.99551E-05
9.9973E-05 9.9973E-05 0.101012 0.198999 0.0113024 0.0165563 0.133766 0.366012 0.172051 9.9973E-05
9.9964E-05 0.266661 9.9964E-05 0.31059 9.9964E-05 0.0394129 0.0559634 0.295219 9.9964E-05 0.0317539
9.99461E-05 0.0502413 9.99461E-05 0.117555 9.99461E-05 0.359007 0.472597 9.99461E-05 9.99461E-05 9.99461E-05
9.99641E-05 0.445484 9.99641E-05 9.99641E-05 9.99641E-05 0.078203 0.141286 0.131322 0.171764 0.0315402
9.99372E-05 9.99372E-05 0.172766 0.82145 9.99372E-05 9.99372E-05 0.0050845 9.99372E-05 9.99372E-05 9.99372E-05
9.99464E-05 0.430741 9.99464E-05 0.205273 0.33023 9.99464E-05 9.99464E-05 9.99464E-05 0.0331557 9.99464E-05
9.99552E-05 9.99552E-05 0.201643 0.222118 0.133496 0.269525 0.172718 9.99552E-05 9.99552E-05 9.99552E-05
0.194186 0.0861781 9.9973E-05 0.250093 0.313489 0.127118 0.012123 9.9973E-05 0.016512 9.9973E-05
9.99553E-05 9.99553E-05 9.99553E-05 0.0843368 0.543677 0.109727 0.203535 0.0582244 9.99553E-05 9.99553E-05
9.99641E-05 0.106439 0.104188 0.390572 9.99641E-05 0.146651 9.99641E-05 0.101783 9.99641E-05 0.149967
9.99464E-05 0.151449 0.0854915 9.99464E-05 9.99464E-05 9.99464E-05 0.00119223 0.761268 9.99464E-05 9.99464E-05
0.341084 0.0294457 0.192056 0.245965 9.99642E-05 9.99642E-05 0.0709183 9.99642E-05 9.99642E-05 0.120131
9.99463E-05 0.113913 0.00909664 9.99463E-05 0.0159823 0.860408 9.99463E-05 9.99463E-05 9.99463E-05 9.99463E-05
9.99641E-05 0.254597 0.0479296 0.587981 9.99641E-05 9.99641E-05 0.00412239 9.99641E-05 0.0852516 0.0197181
0.0536418 9.99642E-05 0.231521 0.121625 0.377116 0.140508 9.99642E-05 9.99642E-05 9.99642E-05 0.0751879
0.286 9.9973E-05 0.345046 9.9973E-05 0.101847 0.0378597 9.9973E-05 0.0599261 0.11807 0.0509515
0.261113 0.412028 0.0532978 9.99463E-05 0.272961 9.99463E-05 9.99463E-05 9.99463E-05 9.99463E-05 9.99463E-05
9.99374E-05 0.397824 9.99374E-05 0.53956 9.99374E-05 0.0619169 9.99374E-05 9.99374E-05 9.99374E-05 9.99374E-05
9.99375E-05 9.99375E-05 0.00298721 0.822255 0.174058 9.99375E-05 9.99375E-05 9.99375E-05 9.99375E-05 9.99375E-05
0.0318037 9.99554E-05 0.0911442 0.842553 0.0056104 9.99554E-05 9.99554E-05 0.0283884 9.99554E-05 9.99554E-05
0.210005 0.0441929 9.99552E-05 9.99552E-05 9.99552E-05 0.145902 9.99552E-05 0.547585 9.99552E-05 0.0518147
9.99552E-05 0.00942375 9.99552E-05 0.484539 9.99552E-05 0.0981275 0.0886223 0.318788 9.99552E-05 9.99552E-05
9.99642E-05 0.157336 0.0433081 9.99642E-05 9.99642E-05 0.252218 9.99642E-05 0.403894 0.136189 0.00665417
0.409826 0.328912 0.260562 9.99374E-05 9.99374E-05 9.99374E-05 9.99374E-05 9.99374E-05 9.99374E-05 9.99374E-05
0.284284 0.202695 0.00771136 0.0518378 0.403726 9.99731E-05 9.99731E-05 9.99731E-05 0.0441813 0.00526358
9.99551E-05 9.99551E-05 0.135863 0.00306635 0.730297 0.000864529 9.99551E-05 9.99551E-05 0.12941 9.99551E-05
0.112319 0.0805987 0.0443926 0.0461637 9.99821E-05 0.033354 0.629578 9.99821E-05 0.00455304 0.0488407
0.527969 0.015967 9.9973E-05 0.11936 9.9973E-05 0.0519296 0.145104 0.00806325 0.131308 9.9973E-05
9.99201E-05 9.99201E-05 9.99201E-05 9.99201E-05 9.99201E-05 9.99201E-05 9.99201E-05 9.99201E-05 9.99201E-05 0.999101
9.99642E-05 0.210355 0.0153353 0.387461 0.109636 9.99642E-05 0.189366 0.0874471 9.99642E-05 9.99642E-05
0.0205567 0.81916 0.0115772 9.99463E-05 9.99463E-05 9.99463E-05 0.148107 9.99463E-05 9.99463E-05 9.99463E-05
0.0555987 9.99642E-05 9.99642E-05 0.100665 9.99642E-05 0.256264 9.99642E-05 0.165211 0.0595523 0.362309
0.620302 9.99463E-05 0.0357047 9.99463E-05 9.99463E-05 9.99463E-05 9.99463E-05 0.317858 0.0255355 9.99463E-05
0.050387 9.99551E-05 9.99551E-05 0.0420046 0.437454 0.403062 9.99551E-05 9.99551E-05 9.99551E-05 0.0665922
0.000823933 0.137073 9.99641E-05 0.382827 0.0384707 9.99641E-05 9.99641E-05 0.00491535 0.43549 9.99641E-05
0.0652993 0.0548212 9.99731E-05 0.228997 0.15801 9.99731E-05 0.0203251 0.285991 0.186257 9.99731E-05
0.0163066 0.517915 9.99643E-05 0.103485 9.99643E-05 9.99643E-05 0.207413 9.99643E-05 0.0566582 0.0978219
9.99552E-05 9.99552E-05 0.233483 0.309467 9.99552E-05 0.335926 9.99552E-05 9.99552E-05 0.0536282 0.0669959
9.99551E-05 0.259705 0.251515 9.99551E-05 9.99551E-05 9.99551E-05 0.00578642 0.477289 0.00520426 9.99551E-05
9.99643E-05 0.0904688 0.0578436 0.136953 0.52312 9.99643E-05 9.99643E-05 0.0375986 9.99643E-05 0.153617
0.126913 9.99464E-05 9.99464E-05 0.694681 9.99464E-05 9.99464E-05 9.99464E-05 0.0663699 9.99464E-05 0.111436
0.423309 0.168558 0.0224539 9.99641E-05 9.99641E-05 0.131341 0.219534 0.0344041 9.99641E-05 9.99641E-05
9.99201E-05 9.99201E-05 9.99201E-05 9.99201E-05 9.99201E-05 9.99201E-05 9.99201E-05 9.99201E-05 9.99201E-05 0.999101
0.579173 9.99372E-05 9.99372E-05 0.210409 9.99372E-05 9.99372E-05 9.99372E-05 9.99372E-05 9.99372E-05 0.209719
0.180139 9.99552E-05 9.99552E-05 0.500377 0.140073 9.99552E-05 9.99552E-05 0.16251 9.99552E-05 0.0164022
9.99642E-05 0.0152216 9.99642E-05 9.99642E-05 0.156274 0.658941 9.99642E-05 0.0297698 0.085657 0.0537361
0.303739 9.99464E-05 9.99464E-05 9.99464E-05 0.375338 0.267367 9.99464E-05 9.99464E-05 9.99464E-05 0.052957
0.0094134 0.321923 9.99641E-05 0.303983 0.241326 0.0432291 0.0797259 9.99641E-05 9.99641E-05 9.99641E-05
9.99642E-05 0.234065 9.99642E-05 0.356679 0.101858 9.99642E-05 0.0526997 0.101195 0.153104 9.99642E-05
0.0896475 9.99553E-05 9.99553E-05 0.21716 9.99553E-05 0.0255009 9.99553E-05 0.576906 0.0902854 9.99553E-05
9.99462E-05 9.99462E-05 0.0348639 0.0758573 9.99462E-05 9.99462E-05 9.99462E-05 9.99462E-05 0.878971 0.00970857
0.115179 0.308344 0.0816864 9.9991E-05 0.0181809 0.196438 0.113771 0.0736507 0.0106212 0.0820283
0.393772 9.99642E-05 0.128161 0.206835 9.99642E-05 9.99642E-05 0.0188583 0.215146 9.99642E-05 0.036828
0.327144 9.99462E-05 0.0842024 0.508496 9.99462E-05 9.99462E-05 9.99462E-05 9.99462E-05 0.0795583 9.99462E-05
0.0812854 9.99551E-05 0.184646 0.0387611 9.99551E-05 0.46121 9.99551E-05 9.99551E-05 0.233598 9.99551E-05
9.99641E-05 0.36929 9.99641E-05 0.299275 0.166277 0.0515974 0.0907027 9.99641E-05 9.99641E-05 0.0224581
0.184477 9.99462E-05 9.99462E-05 0.60786 9.99462E-05 0.137129 0.0699339 9.99462E-05 9.99462E-05 9.99462E-05
0.0638671 9.99464E-05 9.99464E-05 0.805339 9.99464E-05 9.99464E-05 9.99464E-05 0.0425498 0.087644 9.99464E-05
0.561577 0.275003 9.99553E-05 9.99553E-05 0.117826 9.99553E-05 0.00674141 9.99553E-05 9.99553E-05 0.0383533
9.99373E-05 0.144495 0.820642 9.99373E-05 9.99373E-05 9.99373E-05 9.99373E-05 9.99373E-05 9.99373E-05 0.0341628
0.0449643 0.716386 0.0445185 9.99552E-05 9.99552E-05 9.99552E-05 9.99552E-05 0.191684 9.99552E-05 0.0019471
9.99552E-05 9.99552E-05 0.0289037 9.99552E-05 0.51182 0.201555 9.99552E-05 0.0516055 0.205616 9.99552E-05
9.99463E-05 0.541765 9.99463E-05 9.99463E-05 0.158684 0.186055 9.99463E-05 9.99463E-05 9.99463E-05 0.112895
0.398296 0.170212 0.0762772 9.99641E-05 0.15303 0.197538 9.99641E-05 9.99641E-05 0.00424717 9.99641E-05
9.99551E-05 0.32437 9.99551E-05 0.367949 0.0434374 0.179607 9.99551E-05 9.99551E-05 9.99551E-05 0.0841364
0.338744 9.99375E-05 9.99375E-05 0.610438 9.99375E-05 9.99375E-05 9.99375E-05 9.99375E-05 0.0501183 9.99375E-05
9.99201E-05 9.99201E-05 0.999101 9.99201E-05 9.99201E-05 9.99201E-05 9.99201E-05 9.99201E-05 9.99201E-05 9.99201E-05
0.445023 9.99642E-05 9.99642E-05 0.0493072 0.105705 0.0610001 9.99642E-05 0.251066 9.99642E-05 0.0874989
0.152283 0.0560265 0.121803 0.360792 9.997E-05 0.174252 9.997E-05 0.121543 9.997E-05 0.0130011
0.11812 9.9955E-05 9.9955E-05 9.9955E-05 9.9955E-05 9.9955E-05 0.0721541 0.472575 0.235188 0.101464
9.9964E-05 0.402571 0.158494 0.178232 9.9964E-05 0.0418817 0.0892816 9.9964E-05 0.12914 9.9964E-05
