0.168287 0.230413 0.6013
0.188711 0.186641 0.624648
0.217579 0.350897 0.431524
0.113144 0.276657 0.610199
0.198567 0.257206 0.544227
9.999E-05 0.491874 0.508026
0.427343 0.146952 0.425705
9.999E-05 0.117859 0.882041
0.649603 0.193848 0.156549
0.517085 0.418203 0.0647119
0.439619 0.289622 0.270759
0.174084 9.99911E-05 0.825816
0.120678 9.99911E-05 0.879222
0.354793 0.333397 0.31181
0.532506 9.99911E-05 0.467394
0.125949 0.220004 0.654046
0.521891 0.095902 0.382207
0.284758 0.412166 0.303076
0.125152 9.9991E-05 0.874748
9.99911E-05 0.26248 0.73742
0.415124 0.584776 9.99911E-05
0.415244 0.0621204 0.522636
0.142359 0.336136 0.521505
9.9991E-05 0.975539 0.024361
0.0873761 0.627805 0.284819
0.124362 0.301221 0.574417
0.716264 0.283636 9.9991E-05
0.324841 0.0129013 0.662258
0.0751901 9.99911E-05 0.92471
9.99911E-05 0.84597 0.15393
0.507493 0.162803 0.329704
0.318821 0.0635876 0.617592
0.367437 0.392725 0.239838
0.151964 0.0110872 0.836949
0.0598421 0.361283 0.578875
0.332882 0.279652 0.387466
0.244438 9.99911E-05 0.755462
0.16657 0.550717 0.282713
0.279172 0.224545 0.496283
0.0859371 0.0954661 0.818597
0.524526 0.475374 9.99911E-05
0.72982 0.27008 9.99911E-05
0.394849 0.219875 0.385276
0.258757 0.224215 0.517027
0.199534 9.99911E-05 0.800366
0.141545 0.0306933 0.827762
0.163824 0.281004 0.555171
0.875764 0.0820768 0.0421592
0.285106 9.99911E-05 0.714794
0.0462268 0.0895301 0.864243
9.9991E-05 0.346977 0.652923
0.50497 0.49493 9.99911E-05
0.47583 0.262408 0.261762
9.99911E-05 0.046162 0.953738
0.698717 9.99911E-05 0.301183
0.638886 9.99911E-05 0.361014
0.142158 0.305809 0.552033
0.9998 9.999E-05 9.999E-05
0.50346 0.112931 0.383609
0.370543 0.312741 0.316716
9.99911E-05 0.0814448 0.918455
0.686589 0.313311 9.9991E-05
0.795033 9.9991E-05 0.204867
9.99911E-05 0.797507 0.202393
0.0623692 0.188902 0.748729
0.476991 0.221864 0.301145
9.9991E-05 0.537979 0.461921
0.739191 9.9991E-05 0.260709
0.174633 9.99911E-05 0.825267
0.237991 0.503572 0.258437
0.534677 0.12498 0.340343
0.73488 0.127477 0.137644
0.382667 9.99911E-05 0.617233
0.317664 9.99911E-05 0.682236
9.99911E-05 0.190126 0.809774
0.543277 9.9991E-05 0.456623
0.376862 9.99911E-05 0.623038
0.486059 0.180226 0.333715
9.9991E-05 0.124891 0.875009
0.0440926 0.0233433 0.932564
0.0872474 9.99911E-05 0.912653
0.0162709 0.359344 0.624385
0.449339 0.233378 0.317283
9.9991E-05 0.297242 0.702658
0.679356 0.320544 9.99957E-05
0.444847 0.154535 0.400618
0.343539 0.303902 0.352559
0.154143 0.845757 9.9991E-05
0.0439658 0.462782 0.493253
0.285431 0.132816 0.581753
9.99911E-05 0.81683 0.18307
0.44175 0.489015 0.0692348
0.724616 0.194997 0.0803876
0.308784 0.664122 0.0270949
0.745029 0.169784 0.0851865
0.329914 0.185688 0.484398
0.501968 0.497932 9.9991E-05
0.695225 9.9991E-05 0.304675
9.9991E-05 0.646787 0.353113
0.258376 0.741524 9.9991E-05
0.572909 0.426991 9.99911E-05
9.999E-05 0.9998 9.999E-05
0.647284 0.352616 9.99911E-05
0.0439653 0.745851 0.210184
0.0957318 9.9991E-05 0.904168
0.357024 0.220078 0.422898
0.306209 0.155086 0.538705
0.0705481 0.140148 0.789304
0.106319 0.102234 0.791446
0.0144372 0.405866 0.579697
0.352606 0.555771 0.0916238
9.9991E-05 0.184055 0.815845
9.99911E-05 0.891137 0.108763
9.9991E-05 0.141953 0.857947
9.999E-05 0.9998 9.999E-05
0.58928 0.12232 0.2884
0.112155 9.99911E-05 0.887745
0.398775 9.9991E-05 0.601125
9.9991E-05 0.168019 0.831881
0.0749823 0.242067 0.682951
0.15188 0.626171 0.221949
0.237928 0.545141 0.216931
9.9991E-05 0.0903606 0.909539
0.518684 0.280727 0.200589
0.281236 0.365949 0.352816
0.520493 0.241513 0.237994
0.491825 0.124947 0.383229
0.194684 0.168444 0.636872
0.0714082 0.598649 0.329943
0.384913 0.300184 0.314903
0.9998 9.999E-05 9.999E-05
0.387965 0.222888 0.389147
0.447923 9.99911E-05 0.551977
0.454224 9.99911E-05 0.545676
0.549988 0.298973 0.151038
9.99911E-05 0.279385 0.720515
9.999E-05 9.999E-05 0.9998
9.99911E-05 0.124927 0.874973
0.503688 9.99911E-05 0.496212
9.99911E-05 0.0021405 0.99776
0.19867 0.120086 0.681244
0.632905 0.366995 9.99911E-05
0.489659 0.167182 0.343159
0.480946 0.48691 0.0321433
0.101014 0.695979 0.203007
9.9991E-05 0.140346 0.859554
0.981705 0.0181951 9.9991E-05
0.0239901 0.366418 0.609592
0.124496 0.591416 0.284088
0.757235 9.99911E-05 0.242665
0.279214 0.104402 0.616384
0.66939 9.9991E-05 0.33051
0.172896 9.9991E-05 0.827004
0.214543 0.0195671 0.76589
0.225083 0.596224 0.178692
0.462472 0.0748987 0.462629
0.137599 0.270338 0.592062
0.535935 0.209311 0.254754
0.17788 9.99911E-05 0.82202
9.9991E-05 0.351548 0.648352
0.998468 9.9991E-05 0.0014316
0.517672 0.0289853 0.453342
9.99911E-05 0.148221 0.851679
0.787915 9.99911E-05 0.211985
0.925185 9.99911E-05 0.0747148
0.286928 0.350066 0.363006
0.198975 0.12905 0.671975
9.999E-05 9.999E-05 0.9998
0.561748 0.189783 0.248469
0.350163 0.24099 0.408847
9.999E-05 9.999E-05 0.9998
0.107265 9.9991E-05 0.892635
0.431059 9.99911E-05 0.568841
0.239136 0.469906 0.290958
0.0373193 0.0737259 0.888955
9.99911E-05 0.0129931 0.986907
0.37475 0.379379 0.245871
0.260591 0.63183 0.107579
0.292811 0.420775 0.286413
0.750842 9.99911E-05 0.249058
0.854287 0.145613 9.99911E-05
0.669336 0.0492971 0.281367
0.36555 0.351402 0.283048
9.99911E-05 0.169454 0.830446
9.99911E-05 0.446601 0.553299
0.318112 9.99911E-05 0.681788
0.0864175 0.0560029 0.85758
9.99911E-05 0.314737 0.685163
0.145036 0.47386 0.381104
