9.9973E-05 0.602452 0.227878 9.9973E-05 9.9973E-05 0.16937
0.0485361 0.259241 0.269437 9.9991E-05 0.25531 0.167376
0.0749128 0.0731027 0.421955 0.0603885 0.189827 0.179814
0.161696 0.00752824 0.549703 0.0805968 0.0322288 0.168247
9.999E-05 0.233855 0.302295 0.149421 0.0624773 0.251851
0.0131091 9.9991E-05 0.608698 0.159163 0.098877 0.120053
0.04449 0.238028 0.437013 0.115778 9.9991E-05 0.164592
9.9991E-05 0.435369 0.0879445 0.00544392 0.436352 0.0347905
0.0985468 0.234507 0.178699 0.0955745 0.0445178 0.348155
0.191098 0.241681 9.9991E-05 0.277073 0.00684065 0.283208
9.999E-05 0.0967322 0.013914 0.363417 0.061717 0.46412
0.103355 0.230992 9.9982E-05 0.112886 9.9982E-05 0.552566
0.104618 0.237276 0.363796 0.212996 0.0370594 0.0442535
0.188684 0.217675 0.0823738 0.194706 0.104428 0.212133
9.9973E-05 0.0873893 9.9973E-05 0.250991 0.66132 9.9973E-05
0.0764516 0.233417 0.0953446 0.0805673 0.461015 0.0532041
0.115404 9.9982E-05 0.0422109 0.257765 0.58442 9.9982E-05
0.156737 0.422457 0.0939261 0.187419 0.0764946 0.0629668
0.0459081 0.191482 0.417915 9.9991E-05 0.140034 0.204561
0.201866 0.0990874 0.281084 0.249474 0.168389 9.9991E-05
9.999E-05 0.181553 0.358687 0.180242 0.137518 0.1419
0.0281196 0.493792 0.197103 0.00523905 0.236268 0.039478
0.0686243 0.0566072 0.52694 0.136946 0.0821587 0.128724
0.297434 0.0958856 0.407358 9.9982E-05 0.199123 9.9982E-05
9.9973E-05 0.0350741 9.9973E-05 0.535727 9.9973E-05 0.428899
0.0628771 0.615594 0.194222 0.0196978 0.107509 9.9991E-05
0.121915 0.353425 9.9991E-05 0.136705 0.114797 0.273058
0.207892 0.059625 0.352103 0.117195 0.190755 0.0724305
0.146322 0.200618 0.213333 0.0572276 0.270962 0.111538
0.506996 0.122075 0.0406693 0.118157 0.20332 0.00878184
0.138098 9.9991E-05 0.102546 0.153437 0.135776 0.470043
0.047968 0.0502282 0.0311081 0.0754845 9.9991E-05 0.795111
0.0553401 0.137651 0.491135 0.0722738 0.136015 0.107584
9.999E-05 0.00687036 0.467817 0.197673 0.200279 0.127262
9.9982E-05 0.342764 0.356715 0.201227 9.9982E-05 0.0990944
9.996E-05 0.9995 9.996E-05 9.996E-05 9.996E-05 9.996E-05
0.0159311 0.0326524 0.695263 0.197909 0.0581443 9.9991E-05
0.0517918 0.44199 9.9991E-05 0.163166 0.111436 0.231516
0.0345297 0.0299841 0.46237 0.128015 0.32585 0.0192517
9.9982E-05 9.9982E-05 0.228629 0.181331 0.25282 0.33702
0.0951239 0.12288 0.304117 0.0175257 0.243762 0.216591
0.0459252 0.0756922 0.489263 0.135107 0.253912 9.9991E-05
9.9991E-05 0.352466 0.265501 0.0543331 0.245661 0.0819387
0.110626 0.537819 9.9973E-05 9.9973E-05 9.9973E-05 0.351255
0.0579124 0.186616 9.9991E-05 0.0616405 0.0235832 0.670148
0.0194421 0.107395 0.171063 0.225772 9.9991E-05 0.476227
0.0312652 0.295261 0.335906 0.0071528 0.125084 0.205331
0.054526 9.9982E-05 0.669497 9.9982E-05 0.0159732 0.259803
0.0744075 0.228351 0.0714049 9.9991E-05 0.108021 0.517716
0.150537 0.0334154 0.186127 0.0308142 0.396812 0.202294
0.0654326 0.273602 9.9991E-05 0.320047 0.0814736 0.259345
0.0380269 9.9991E-05 0.35534 0.0353189 0.253674 0.31754
0.087858 9.9982E-05 0.249522 9.9982E-05 0.467301 0.195119
0.113818 0.193198 9.9982E-05 0.27656 0.416224 9.9982E-05
0.190181 9.9982E-05 0.00397299 9.9982E-05 0.0853696 0.720276
0.054086 0.108285 0.511595 0.129415 0.0436128 0.153006
9.99731E-05 0.0220196 9.99731E-05 9.99731E-05 0.0452747 0.932406
0.0913719 0.167147 0.268733 0.0305461 9.9991E-05 0.442103
0.0899788 9.9991E-05 0.343551 0.153927 0.230404 0.182039
9.9973E-05 0.360121 9.9973E-05 0.179659 9.9973E-05 0.45992
0.0615166 9.9982E-05 0.919824 0.00958302 0.00887668 9.9982E-05
0.0240847 0.0319782 0.446736 0.219911 0.129014 0.148277
9.9991E-05 0.0364446 0.673756 0.00227879 0.143242 0.144179
0.956169 9.9964E-05 9.9964E-05 0.0434313 9.9964E-05 9.9964E-05
9.9991E-05 0.482544 0.0978758 0.111134 0.252226 0.056119
9.9982E-05 0.694262 0.241833 0.0167036 0.0470013 9.9982E-05
9.9982E-05 0.2432 0.362264 0.20923 9.9982E-05 0.185106
0.0728688 0.000785139 0.553648 0.0404348 0.162604 0.169659
0.0440573 0.401575 0.554067 9.9973E-05 9.9973E-05 9.9973E-05
0.0887652 0.357915 0.0687948 0.130387 0.311588 0.0425496
0.127584 9.9982E-05 0.014852 0.229935 9.9982E-05 0.627429
0.0286971 0.421662 9.9991E-05 0.106165 0.416888 0.0264875
0.102672 0.298895 0.114265 0.241643 0.189646 0.0528793
0.0252941 9.9991E-05 0.162637 0.102643 0.441904 0.267422
0.0929051 0.350018 0.0354239 0.126825 0.289684 0.105144
0.0561997 9.9982E-05 9.9982E-05 0.10225 0.522362 0.318988
0.0073646 0.163623 0.441815 0.197671 0.0487961 0.14073
0.0577805 9.9982E-05 0.766886 0.0987362 0.076397 9.9982E-05
9.9964E-05 9.9964E-05 0.793654 9.9964E-05 0.205946 9.9964E-05
0.128075 0.142145 0.602057 9.9991E-05 0.0774421 0.0501812
0.136184 0.285019 0.239716 0.0189055 0.1563 0.163875
0.0220467 0.341757 0.475698 0.0909111 0.0694873 9.9991E-05
0.191259 0.0158073 0.275718 9.9991E-05 0.0334629 0.483653
0.081686 0.0461944 0.21015 0.141832 0.331939 0.188198
0.125851 0.15568 0.513664 0.0408788 9.9991E-05 0.163826
9.9991E-05 0.187916 0.179006 0.0245406 0.0365648 0.571872
9.9973E-05 0.869706 0.12103 9.9973E-05 0.00896347 9.9973E-05
9.9982E-05 9.9982E-05 0.0414664 0.261611 0.0957673 0.600955
0.0853699 0.425509 9.9982E-05 0.172758 0.316164 9.9982E-05
9.9982E-05 0.410363 0.0424915 9.9982E-05 0.0154219 0.531523
0.97222 0.02738 9.9964E-05 9.9964E-05 9.9964E-05 9.9964E-05
9.9991E-05 0.00122614 0.0206773 0.152142 0.28875 0.537105
9.9973E-05 9.9973E-05 0.827178 0.0596914 9.9973E-05 0.112831
0.0506152 0.269294 0.0136708 0.136015 0.479148 0.0512571
9.9982E-05 0.0332276 0.727641 0.0874873 9.9982E-05 0.151444
0.0366365 0.224777 0.487597 0.0813122 0.169577 9.9991E-05
9.9973E-05 0.589123 9.9973E-05 9.9973E-05 0.0875564 0.323021
0.0266804 9.9982E-05 0.470666 0.0375697 9.9982E-05 0.464884
0.492867 0.304354 9.9973E-05 0.20248 9.9973E-05 9.9973E-05
0.309048 0.174517 0.25006 9.9991E-05 0.157528 0.108747
0.121037 0.37867 0.18413 0.102468 9.9991E-05 0.213594
0.9995 9.996E-05 9.996E-05 9.996E-05 9.996E-05 9.996E-05
0.0891458 0.0154274 0.207597 0.256933 0.275855 0.155041
9.996E-05 9.996E-05 9.996E-05 0.9995 9.996E-05 9.996E-05
0.141605 0.142251 9.9991E-05 0.229436 0.31899 0.167617
9.9982E-05 0.174857 0.140677 9.9982E-05 0.472449 0.211816
0.0243958 0.109805 0.285974 0.0192103 0.286548 0.274067
0.212595 0.0807338 0.423217 0.0976585 0.105857 0.0799391
0.13718 0.0637105 0.195844 9.9991E-05 0.28186 0.321305
0.0318979 0.373272 0.329744 0.0892852 0.0163078 0.159493
0.0407083 9.9982E-05 0.681596 0.110341 0.167155 9.9982E-05
0.0963039 9.9991E-05 0.160985 0.0985393 0.0485082 0.595564
0.0512475 9.9991E-05 0.299198 0.128869 0.22758 0.293005
0.45195 0.0891446 0.232774 0.100587 0.125443 9.9991E-05
0.0323675 0.290092 0.251372 9.9982E-05 0.425969 9.9982E-05
0.9995 9.996E-05 9.996E-05 9.996E-05 9.996E-05 9.996E-05
9.9991E-05 0.32522 0.00460184 0.236488 0.20766 0.22593
9.9991E-05 0.584442 0.100494 0.0677027 0.15607 0.091192
0.0903755 0.0613035 0.566688 0.00466651 0.0139441 0.263022
9.9973E-05 0.535665 9.9973E-05 0.0566616 9.9973E-05 0.407373
0.0520438 9.9982E-05 0.493147 0.122885 0.331724 9.9982E-05
0.460001 0.00834217 0.463562 0.0678945 9.9982E-05 9.9982E-05
0.1562 9.9991E-05 0.314015 0.173897 0.155065 0.200724
9.9982E-05 9.9982E-05 0.250342 0.100376 0.317437 0.331644
0.134244 0.077353 0.190393 0.0311136 0.0507811 0.516116
0.0306546 9.9982E-05 0.416309 9.9982E-05 0.372326 0.18051
9.9982E-05 9.9982E-05 0.055724 0.114637 0.330975 0.498464
0.153876 0.113636 0.296479 0.0532934 0.00679161 0.375925
9.9973E-05 9.9973E-05 0.461077 9.9973E-05 0.0186459 0.519977
0.154034 0.305502 9.9991E-05 0.0518507 0.052472 0.436042
9.9973E-05 0.479577 0.494041 0.0260821 9.9973E-05 9.9973E-05
0.0263475 0.148481 0.780106 0.0448651 9.9982E-05 9.9982E-05
0.275002 9.9991E-05 0.293361 0.0600139 0.115428 0.256095
0.103687 9.9991E-05 0.273532 0.118225 0.35849 0.145965
0.0746213 0.228917 0.394596 0.0534257 9.9991E-05 0.24834
0.0500527 9.9982E-05 0.178355 0.272741 9.9982E-05 0.498651
9.996E-05 9.996E-05 9.996E-05 9.996E-05 0.9995 9.996E-05
9.996E-05 9.996E-05 9.996E-05 9.996E-05 0.9995 9.996E-05
0.0437756 0.337554 9.9991E-05 0.0521704 0.253167 0.313232
0.00417929 0.0700469 0.728698 0.19427 9.9991E-05 0.0027057
0.0167579 0.234096 0.240707 0.256807 9.9991E-05 0.251532
9.9982E-05 9.9982E-05 0.0262382 0.187628 0.397007 0.388926
0.10821 9.9973E-05 0.458309 9.9973E-05 9.9973E-05 0.433181
0.0503981 0.287964 0.0860087 0.0323154 9.9991E-05 0.543214
0.01538 0.221937 0.448539 0.131779 0.182264 9.9991E-05
0.378139 0.202195 0.260551 0.158915 9.9982E-05 9.9982E-05
9.9991E-05 0.185913 0.2764 0.0743366 0.28923 0.174021
0.0191459 9.9964E-05 9.9964E-05 0.980454 9.9964E-05 9.9964E-05
9.9982E-05 0.495674 0.207217 0.196376 0.100533 9.9982E-05
9.9982E-05 0.073774 0.387786 0.298814 0.239426 9.9982E-05
0.102048 9.9991E-05 0.117902 0.136204 0.0463208 0.597425
9.9991E-05 0.0436625 0.348319 0.257725 0.238794 0.111399
0.0389534 0.352152 0.00798788 0.275344 0.137584 0.187979
0.0464588 0.176477 0.149039 0.0850204 0.29955 0.243455
0.0742781 0.246784 0.173416 0.00228955 0.14343 0.359802
0.0812167 0.442876 9.9982E-05 0.11084 0.364868 9.9982E-05
9.9982E-05 0.107173 0.418716 0.0711652 9.9982E-05 0.402746
0.0675784 0.376491 0.095695 0.13042 0.0738798 0.255936
0.153605 0.602629 0.232492 9.9982E-05 0.0110739 9.9982E-05
0.0858891 0.0445829 0.227648 0.0305772 0.340502 0.270801
0.0449304 0.197176 0.42153 0.325455 0.010809 9.9991E-05
0.0641624 9.99639E-05 9.99639E-05 0.935438 9.99639E-05 9.99639E-05
9.9991E-05 0.106467 0.0258551 0.463239 0.283185 0.121154
0.0280249 0.283672 0.168516 0.0393507 0.473089 0.00734714
0.0600525 0.227598 0.143168 0.0824596 0.160956 0.325767
9.9964E-05 0.969474 9.9964E-05 0.0301257 9.9964E-05 9.9964E-05
9.9991E-05 0.0375555 0.441103 0.0251627 0.106158 0.389921
9.9991E-05 0.0152117 0.0754578 0.178201 0.299456 0.431574
9.996E-05 9.996E-05 9.996E-05 9.996E-05 0.9995 9.996E-05
0.0489099 0.401686 0.142125 0.130176 0.277004 9.9991E-05
0.127029 9.9982E-05 0.128822 9.9982E-05 0.288896 0.455053
0.105715 9.9991E-05 0.0300111 0.207965 0.29781 0.358399
0.14516 0.176376 0.475838 0.0124091 0.00613688 0.184081
9.9982E-05 0.107538 9.9982E-05 0.0755863 0.434618 0.382058
9.9991E-05 0.164413 0.588045 0.00148197 0.182928 0.063032
0.0368676 9.9991E-05 0.579249 0.0198488 0.043 0.320935
9.9991E-05 0.020539 0.348526 0.170621 0.1774 0.282814
0.00243524 0.000573761 0.260113 0.00271712 0.340525 0.393636
0.0126388 9.9973E-05 9.9973E-05 0.953927 0.0331347 9.9973E-05
0.0662119 0.0193877 0.316981 0.0343802 0.152421 0.410617
0.237147 0.117877 9.9982E-05 0.134236 0.510541 9.9982E-05
0.103664 0.462722 0.0453052 0.185281 0.150732 0.0522952
0.0954643 0.423946 0.0485797 0.0190553 0.240109 0.172846
0.221596 0.247279 0.332879 9.9991E-05 0.00431525 0.193831
0.0231185 0.00654036 0.420076 0.00916127 0.308356 0.232748
9.996E-05 9.996E-05 9.996E-05 0.9995 9.996E-05 9.996E-05
0.0353042 0.116674 0.446223 0.0534224 0.0873617 0.261014
0.0427848 0.369129 9.9991E-05 0.138041 0.241224 0.208721
0.00787022 0.224049 0.584467 9.9982E-05 0.183414 9.9982E-05
0.0657646 0.231681 0.061164 9.9991E-05 0.434908 0.206382
