0.100614 0.0697118 0.0425926 0.0117347 9.9991E-05 0.775246
9.9982E-05 9.9982E-05 0.338491 0.299708 0.168004 0.193596
0.214167 0.0875769 0.36763 0.242683 0.0692929 0.0186493
0.17936 0.0953459 0.315827 0.00373702 0.0825054 0.323225
0.462172 0.0895537 0.341668 0.0821947 0.0243109 9.9991E-05
0.432253 0.155375 0.401296 9.9982E-05 0.0108768 9.9982E-05
0.403131 0.1545 0.162171 0.0786762 0.0236074 0.177915
0.155305 0.0469191 0.234428 0.369624 0.126523 0.0672011
0.00280997 0.153545 0.471662 0.0999511 0.0946303 0.177402
0.145588 0.251712 0.0175778 0.160327 0.189951 0.234843
0.0483395 0.248976 0.305618 0.0864958 0.0578595 0.252711
0.0887637 9.9982E-05 0.592831 9.9982E-05 0.183294 0.134911
0.474428 0.0633354 0.303715 0.0972466 0.0611752 9.9991E-05
0.266658 0.105269 9.9991E-05 0.248856 0.122955 0.256162
0.485423 0.0128124 9.9973E-05 0.501464 9.9973E-05 9.9973E-05
0.144302 9.9982E-05 9.9982E-05 0.531776 0.11484 0.208883
0.512886 0.163142 9.9973E-05 0.323672 9.9973E-05 9.9973E-05
0.279575 0.0934675 9.9991E-05 0.242242 0.171786 0.21283
0.275535 0.0181125 0.395895 0.11625 9.9991E-05 0.194106
0.113944 9.9991E-05 0.542504 0.0529469 0.205652 0.0848523
0.23606 0.166951 0.199173 0.141825 9.9991E-05 0.255892
0.46953 0.0531934 0.309573 0.133852 0.00419409 0.0296575
0.481889 9.9982E-05 0.282293 0.177462 9.9982E-05 0.0581562
0.394669 9.9991E-05 0.138101 0.309185 0.0153046 0.142641
0.11722 0.335268 0.0712263 9.9991E-05 0.0547723 0.421414
0.16325 0.0789366 9.9991E-05 0.159412 0.048498 0.549803
0.350578 0.177653 0.0691332 0.0376813 0.210617 0.154338
0.210983 0.069703 0.0895881 0.252583 0.154993 0.22215
0.206257 0.0936029 0.158084 0.398849 0.13261 0.0105977
9.999E-05 0.0447917 0.145133 0.141232 0.54852 0.120224
0.0264078 0.196751 0.3627 0.371511 0.0425308 9.9991E-05
9.999E-05 0.211214 0.283006 0.123381 0.144441 0.237858
0.432793 9.9991E-05 0.254219 0.110691 0.0988457 0.103351
0.415581 0.159095 0.288315 0.136808 9.9982E-05 9.9982E-05
0.401131 0.18897 0.0140653 0.0689917 9.9991E-05 0.326741
9.996E-05 9.996E-05 9.996E-05 9.996E-05 9.996E-05 0.9995
0.254185 0.118338 0.393133 0.0764399 0.0104424 0.147462
0.00778115 0.218101 9.9991E-05 0.119741 0.0767443 0.577533
0.305047 0.152089 0.271842 0.0923207 0.178601 9.9991E-05
0.170462 0.0657969 0.272764 0.259238 0.106039 0.1257
0.152419 9.9982E-05 0.640165 0.150112 0.0571031 9.9982E-05
0.486299 0.0536785 0.296764 0.0464319 0.0341329 0.082694
0.298221 0.0609694 0.13944 0.271459 0.0343986 0.195512
9.9973E-05 9.9973E-05 0.382667 9.9973E-05 0.195459 0.421574
0.141297 0.109674 0.0551634 0.302996 0.118911 0.271959
0.164645 0.314588 0.30898 9.9982E-05 9.9982E-05 0.211587
0.2405 0.00249919 0.478305 0.249117 0.0294788 9.9991E-05
0.0421257 9.9991E-05 0.655055 0.108669 0.122234 0.0718167
9.9991E-05 0.0929794 0.420907 0.269275 0.146167 0.0705714
0.152365 9.9991E-05 0.338362 0.419638 0.0464251 0.0431102
0.160227 0.233863 0.0556743 0.119521 0.10884 0.321874
0.22742 0.0641934 0.506615 0.170176 0.0314955 9.9991E-05
0.0339284 0.0517996 0.14236 0.614666 0.121296 0.0359504
0.305289 0.219861 0.00260103 0.26855 0.132064 0.0716338
9.9982E-05 0.0710826 0.554408 0.226366 0.147944 9.9982E-05
0.360669 0.0444738 0.450726 0.00586298 9.9991E-05 0.138168
9.9991E-05 0.18724 0.534284 0.170885 0.0748728 0.0326179
0.0903967 0.0440529 0.634881 9.9991E-05 0.0995073 0.131063
0.0617445 0.170058 0.237135 0.381286 0.0607151 0.0890604
0.15375 0.22917 0.232231 0.160133 0.0137266 0.210989
0.313709 9.9973E-05 0.641677 9.9973E-05 0.0443137 9.9973E-05
0.490293 0.130248 0.192393 0.000631682 0.047204 0.139231
0.332017 9.9982E-05 0.48912 0.0395889 9.9982E-05 0.139074
9.9964E-05 9.9964E-05 9.9964E-05 9.9964E-05 0.984887 0.0147136
0.0397297 0.112106 0.255144 0.208144 9.9991E-05 0.384776
9.9973E-05 0.0378048 9.9973E-05 0.0273005 9.9973E-05 0.934595
0.222767 0.182837 0.247927 9.9982E-05 9.9982E-05 0.346269
0.349442 0.0508255 0.383317 0.183226 0.0330901 9.9991E-05
0.12008 9.9982E-05 0.357889 9.9982E-05 0.0785036 0.443327
0.198249 0.105038 0.103921 0.246478 0.18176 0.164553
0.0411792 0.341222 0.291093 0.16745 0.158956 9.9991E-05
0.455462 0.0231722 9.9991E-05 0.153105 0.00250158 0.365659
0.270447 9.9991E-05 0.268374 0.197255 0.112626 0.151197
0.176776 0.133756 0.410894 0.198042 0.0804318 9.9991E-05
0.21541 0.338095 9.9991E-05 0.324402 0.112484 0.0095103
9.9982E-05 0.185006 0.246235 0.518715 0.0498445 9.9982E-05
0.591657 0.079149 0.278198 9.9982E-05 0.0507965 9.9982E-05
0.259076 0.0863577 0.557225 0.0971419 9.9982E-05 9.9982E-05
0.0906102 0.0501915 0.728335 0.0505646 9.9991E-05 0.0801988
0.341413 0.128413 0.357247 0.035528 0.137299 9.9991E-05
0.238138 0.110675 0.233704 0.240012 0.0590632 0.118407
0.21403 0.024355 0.466305 9.9982E-05 9.9982E-05 0.29511
0.0206932 0.183885 0.375516 0.116344 0.225082 0.0784799
0.0268426 0.122763 0.225427 0.47295 0.151918 9.9991E-05
0.460838 9.9973E-05 0.454275 9.9973E-05 9.9973E-05 0.0845874
9.9982E-05 0.201953 0.304039 0.166934 9.9982E-05 0.326873
0.16134 9.9991E-05 0.0751464 0.000553614 0.0688726 0.693988
0.196457 0.198114 0.330341 0.102448 9.9991E-05 0.17254
0.303851 0.0624601 9.9991E-05 0.162216 0.205198 0.266174
0.0370466 0.0645971 0.341825 0.136882 9.9991E-05 0.419549
9.9964E-05 0.0198968 9.9964E-05 9.9964E-05 0.979703 9.9964E-05
0.160026 0.295102 0.20176 0.323172 0.01984 9.9991E-05
0.215175 9.9973E-05 0.567662 9.9973E-05 9.9973E-05 0.216864
0.172995 0.0180209 0.190008 0.481735 0.0689953 0.0682464
0.134162 0.138392 0.568042 9.9982E-05 9.9982E-05 0.159204
0.252845 0.0918388 0.226594 0.188111 0.0454699 0.195142
9.9991E-05 0.11961 0.218732 0.3028 0.0716963 0.287062
0.222138 0.0901619 0.665575 9.9982E-05 0.0219252 9.9982E-05
0.450822 9.99731E-05 9.99731E-05 9.99731E-05 0.383736 0.165142
0.14292 9.9982E-05 0.40241 0.122715 0.331756 9.9982E-05
0.262624 0.0123439 0.31893 0.0748544 0.0264878 0.30476
9.996E-05 9.996E-05 9.996E-05 9.996E-05 0.9995 9.996E-05
0.273153 0.206573 0.184724 0.247627 0.0878227 9.9991E-05
9.996E-05 0.9995 9.996E-05 9.996E-05 9.996E-05 9.996E-05
9.9991E-05 0.166636 0.036512 0.274572 0.0909668 0.431213
0.119869 0.0308997 0.395658 0.343982 9.9991E-05 0.109491
0.14039 9.9991E-05 0.32102 0.272406 0.0419723 0.224111
9.9991E-05 0.0744826 0.343347 0.248831 0.0763953 0.256844
0.214313 0.101985 0.281048 0.309935 0.0926183 9.9991E-05
0.14998 0.0458851 0.240172 0.0506726 0.140557 0.372734
0.377509 0.207101 0.208449 0.0967761 9.9991E-05 0.110064
0.2173 0.0669396 0.529175 9.9982E-05 0.186385 9.9982E-05
9.9991E-05 0.12738 0.389222 0.263427 0.0504826 0.169389
0.418491 9.9982E-05 0.0971466 9.9982E-05 0.435068 0.0490948
0.278194 0.0789594 0.339345 0.271001 0.0147048 0.0177963
9.9964E-05 9.9964E-05 0.00494033 9.9964E-05 0.99466 9.9964E-05
0.0277108 0.288229 0.0601823 0.33923 9.9991E-05 0.284548
0.298537 0.00529762 9.9991E-05 0.12998 0.066521 0.499564
0.20259 9.9982E-05 0.719657 0.062069 0.0154843 9.9982E-05
0.236987 0.13119 9.9991E-05 0.0317148 0.132418 0.46759
0.42324 0.128948 0.236401 0.0533489 0.00257367 0.155488
0.433944 9.9973E-05 9.9973E-05 9.9973E-05 0.347812 0.217943
0.42548 0.163687 0.115701 0.0928661 0.202166 9.99951E-05
0.144568 0.192886 0.328037 0.311185 9.9991E-05 0.0232253
0.122454 9.9991E-05 0.600947 0.0163831 0.179602 0.0805137
0.461362 9.9982E-05 0.264654 0.254834 9.9982E-05 0.0189507
0.0456905 0.0768717 0.257404 0.159764 0.114077 0.346193
0.0959162 0.0803344 0.550002 0.0615142 0.212134 9.9991E-05
9.9982E-05 9.9982E-05 0.68525 0.151024 0.00782085 0.155705
0.0555367 0.157141 9.9991E-05 0.185453 0.229905 0.371864
0.418495 9.9982E-05 0.0122631 9.9982E-05 0.0246077 0.544434
0.51939 0.0132687 0.355106 0.0331723 0.0789624 9.9991E-05
0.137842 0.0634557 0.311273 0.150381 0.336948 9.9991E-05
0.21541 0.0140303 0.231029 0.448063 0.0913676 9.9991E-05
0.162996 0.070731 0.308955 9.9991E-05 0.07525 0.381967
0.334402 0.131409 0.273641 9.9991E-05 0.0749915 0.185456
9.9964E-05 9.9964E-05 0.104799 0.894801 9.9964E-05 9.9964E-05
9.996E-05 9.996E-05 9.996E-05 0.9995 9.996E-05 9.996E-05
0.0969092 0.111705 0.44216 0.127114 0.160265 0.0618469
0.284829 0.121929 0.582455 9.9982E-05 0.0105869 9.9982E-05
0.403593 0.196176 0.224901 9.9991E-05 0.0405379 0.134692
0.208834 0.163944 0.190348 0.436674 9.9982E-05 9.9982E-05
0.211407 0.162936 0.553176 9.9982E-05 0.0722814 9.9982E-05
0.026359 0.1364 0.33836 9.9991E-05 0.16909 0.329691
0.405463 0.00247917 0.468047 9.9982E-05 0.123811 9.9982E-05
0.510765 9.9982E-05 0.00331678 9.9982E-05 0.417605 0.0681137
0.265146 0.0871511 0.330061 0.219303 9.9991E-05 0.0982392
0.9995 9.996E-05 9.996E-05 9.996E-05 9.996E-05 9.996E-05
0.19329 0.159644 9.9982E-05 0.031107 9.9982E-05 0.615758
0.118907 0.199938 0.266079 0.150673 0.0179239 0.246479
9.9982E-05 0.11206 0.532096 9.9982E-05 0.211015 0.144629
0.318506 0.124796 0.556398 9.9973E-05 9.9973E-05 9.9973E-05
0.28709 0.100671 0.117775 0.130581 0.165587 0.198296
0.296396 0.0488468 0.373088 0.178139 0.10343 9.9991E-05
0.180542 0.0108417 0.499196 0.108909 0.101576 0.0989359
0.368847 0.0589374 9.9991E-05 0.311891 0.113387 0.146837
0.149529 9.9973E-05 0.657842 9.9973E-05 9.9973E-05 0.192329
0.253851 0.109253 0.193663 0.231242 0.0811159 0.130874
9.9973E-05 9.9973E-05 9.9973E-05 0.137044 0.0949464 0.76771
0.360177 0.0120476 0.411897 0.162916 0.0476411 0.00532191
0.34342 0.0783565 0.206371 9.9991E-05 0.054449 0.317304
0.9995 9.996E-05 9.996E-05 9.996E-05 9.996E-05 9.996E-05
0.629136 0.0259517 9.9982E-05 0.144139 9.9982E-05 0.200573
0.109056 0.11298 0.25186 0.50731 9.9991E-05 0.0186953
0.0918123 0.124238 0.273461 0.216038 0.0784683 0.215982
9.9964E-05 9.9964E-05 9.9964E-05 9.9964E-05 0.106219 0.893381
0.264292 0.0581569 0.321685 0.120943 9.9991E-05 0.234824
0.27035 0.22424 0.0553876 0.429942 0.00664665 0.0134339
9.996E-05 9.996E-05 9.996E-05 0.9995 9.996E-05 9.996E-05
0.386534 0.0119521 0.0772616 0.251617 0.0152956 0.257339
9.9991E-05 0.00279232 0.460375 0.195333 0.154509 0.186891
0.193115 0.193181 0.28659 0.167355 0.159658 9.9991E-05
0.18418 0.00891316 0.467598 0.0882178 0.0739248 0.177166
0.0208424 0.147004 0.168156 0.576877 9.9991E-05 0.0870211
0.200154 9.9982E-05 0.499478 0.174971 9.9982E-05 0.125197
0.204017 0.188581 0.607102 9.9973E-05 9.9973E-05 9.9973E-05
0.334943 0.0956207 0.360582 0.162664 9.9991E-05 0.0460897
0.0780904 0.282291 0.0141307 0.303964 0.0817124 0.239811
9.99639E-05 0.997167 9.99639E-05 9.99639E-05 0.00243301 9.99639E-05
0.174184 0.159145 0.380644 0.106694 0.169015 0.0103176
0.611963 0.0838825 9.9982E-05 0.298996 0.00495868 9.9982E-05
0.325204 0.0508207 0.0839362 0.074985 0.0948793 0.370174
9.9991E-05 0.000111555 0.229427 0.260009 0.0597272 0.450626
0.121376 0.0353039 0.387445 0.0796596 0.0870437 0.289172
0.213896 0.029898 0.257623 0.201618 9.9991E-05 0.296865
9.996E-05 0.9995 9.996E-05 9.996E-05 9.996E-05 9.996E-05
0.270772 0.0309387 0.527732 9.9991E-05 0.0371533 0.133304
0.129982 0.216833 9.9991E-05 0.33183 0.057724 0.263531
0.314106 9.9991E-05 0.587836 0.0694368 0.00529528 0.0232251
0.0850163 9.9991E-05 0.0210257 0.616329 0.110605 0.166924
