9.99549E-05 0.0539515 0.0848745 9.99549E-05 0.120434 0.0259855 9.99549E-05 9.99549E-05 9.99549E-05 0.714254
0.151355 0.168684 0.186729 9.9982E-05 0.0356748 0.0582144 0.0993726 0.13458 9.9982E-05 0.165191
0.131311 0.133909 0.43856 9.99819E-05 0.122682 9.99819E-05 0.0758748 0.0647917 0.023815 0.0088559
0.238984 9.9982E-05 0.239553 0.0507269 0.0885521 0.116147 0.0773387 9.9982E-05 0.138399 0.050098
0.524573 9.9991E-05 0.106936 0.183551 0.0119453 0.0670559 0.0220489 0.0315122 0.0515561 0.000721955
0.456079 0.304918 0.16995 9.9955E-05 0.0250028 0.0435501 9.9955E-05 9.9955E-05 9.9955E-05 9.9955E-05
0.219711 0.0127593 0.0409185 9.9982E-05 0.255316 0.0266169 0.0820725 9.9982E-05 0.0881067 0.274299
0.333894 0.0541733 0.0952625 9.9982E-05 0.113201 9.9982E-05 0.0931648 0.245521 0.0422851 0.0222976
0.157008 0.31653 0.0580661 0.0414555 0.403098 9.9964E-05 9.9964E-05 9.9964E-05 9.9964E-05 0.0234425
0.00213127 0.17762 0.0210528 9.99729E-05 0.429538 0.152523 0.109373 9.99729E-05 0.107462 9.99729E-05
9.9928E-05 0.949413 9.9928E-05 9.9928E-05 9.9928E-05 0.0497873 9.9928E-05 9.9928E-05 9.9928E-05 9.9928E-05
9.99549E-05 0.137947 0.0788446 0.327354 0.424123 9.99549E-05 9.99549E-05 9.99549E-05 0.0312317 9.99549E-05
0.502428 0.130158 9.9964E-05 9.9964E-05 0.213099 0.0848297 0.010528 9.9964E-05 0.0585574 9.9964E-05
9.9973E-05 9.9973E-05 0.243561 0.337206 9.9973E-05 0.0562297 0.157911 0.00545199 0.0271277 0.172213
9.99459E-05 0.334003 9.99459E-05 0.502001 9.99459E-05 9.99459E-05 9.99459E-05 0.151133 0.0122633 9.99459E-05
0.16221 0.0553074 0.10994 0.053668 9.9982E-05 0.0366346 0.081265 0.361482 0.139293 9.9982E-05
9.99278E-05 9.99278E-05 9.99278E-05 0.987043 9.99278E-05 0.0121578 9.99278E-05 9.99278E-05 9.99278E-05 9.99278E-05
0.0891588 9.9991E-05 0.176757 0.0654388 0.212453 0.0159346 0.0792313 0.134317 0.221112 0.00549772
0.484402 9.9964E-05 0.182705 0.0703844 0.15182 9.9964E-05 9.9964E-05 9.9964E-05 0.0594761 0.0508127
0.611288 0.127164 0.00470349 9.9973E-05 0.191604 0.052491 0.0044021 9.9973E-05 9.9973E-05 0.00804703
0.584983 0.0744438 9.9973E-05 9.9973E-05 0.160974 0.0761846 0.00639815 9.9973E-05 0.0349406 0.061776
0.242032 0.133572 9.9973E-05 0.0858673 0.353165 0.0035205 9.9973E-05 0.125997 9.9973E-05 0.0555459
0.665157 9.9955E-05 9.9955E-05 0.0833441 9.9955E-05 0.0286507 9.9955E-05 0.102558 0.11979 9.9955E-05
0.0173716 0.0521462 0.319792 0.063933 9.9982E-05 9.9982E-05 0.162375 0.163965 0.0167764 0.203441
9.9928E-05 0.949264 9.9928E-05 9.9928E-05 9.9928E-05 0.0499369 9.9928E-05 9.9928E-05 9.9928E-05 9.9928E-05
9.9955E-05 9.9955E-05 0.135273 0.48158 9.9955E-05 0.0112984 0.130901 9.9955E-05 9.9955E-05 0.240447
0.0211278 9.9982E-05 9.9982E-05 0.137451 0.33252 0.132623 0.0703542 0.142529 0.0847181 0.0784771
0.187626 0.177557 0.136874 0.0767086 9.9973E-05 0.100608 0.0475404 9.9973E-05 9.9973E-05 0.272786
0.376697 0.142831 0.188747 0.0478118 0.0558615 0.059768 0.127984 9.9973E-05 9.9973E-05 9.9973E-05
0.257248 0.0156021 0.048934 9.99639E-05 9.99639E-05 9.99639E-05 0.60669 0.0137608 9.99639E-05 0.0573649
9.99369E-05 0.714375 0.269285 9.99369E-05 9.99369E-05 0.0156406 9.99369E-05 9.99369E-05 9.99369E-05 9.99369E-05
9.9955E-05 0.0468296 0.129822 9.9955E-05 0.772518 0.00430369 9.9955E-05 9.9955E-05 0.0460268 9.9955E-05
0.246446 9.9964E-05 0.129243 0.339808 9.9964E-05 9.9964E-05 0.0536246 9.9964E-05 0.067106 0.163373
0.41677 0.0829701 0.271075 0.0394233 9.9973E-05 0.0667105 9.9973E-05 0.0552692 0.0674819 9.9973E-05
9.9964E-05 9.9964E-05 0.0869565 0.583136 0.059944 0.0855438 9.9964E-05 9.9964E-05 0.076457 0.107563
9.9928E-05 9.9928E-05 9.9928E-05 9.9928E-05 9.9928E-05 9.9928E-05 9.9928E-05 9.9928E-05 0.0169681 0.982232
0.545788 0.0791416 9.9946E-05 9.9946E-05 9.9946E-05 0.116966 9.9946E-05 9.9946E-05 9.9946E-05 0.257506
9.9973E-05 0.206118 9.9973E-05 0.132014 0.261469 0.107365 0.0330608 9.9973E-05 0.00940752 0.250266
0.42649 0.109126 9.9964E-05 0.301666 9.9964E-05 0.0503596 0.0974334 9.9964E-05 0.0145253 9.9964E-05
9.99639E-05 0.237161 0.480661 0.00797087 9.99639E-05 9.99639E-05 9.99639E-05 0.176304 0.0255374 0.071966
0.193381 0.240821 9.9955E-05 9.9955E-05 0.297365 0.00264692 9.9955E-05 0.265287 9.9955E-05 9.9955E-05
0.376928 9.9973E-05 0.103937 0.106179 9.9973E-05 0.10646 9.9973E-05 0.173213 0.00822804 0.124755
0.326057 9.9982E-05 0.177783 9.9982E-05 0.0940043 0.0937699 0.0985374 0.0821868 0.0390154 0.0884468
9.9955E-05 0.213311 0.084115 9.9955E-05 0.236654 9.9955E-05 0.0653639 9.9955E-05 9.9955E-05 0.400056
9.99369E-05 9.99369E-05 9.99369E-05 9.99369E-05 0.94529 9.99369E-05 9.99369E-05 0.0114575 0.0425526 9.99369E-05
0.100061 0.088238 0.317321 0.0555906 0.186155 0.131555 0.0273779 9.9991E-05 0.0291694 0.0644316
0.274518 0.0558474 0.504886 9.9964E-05 9.9964E-05 9.9964E-05 0.0630931 0.0669063 0.0343495 9.9964E-05
0.564417 9.9973E-05 0.181835 0.103563 0.0449815 9.9973E-05 0.0464381 0.0285378 0.0299272 9.9973E-05
9.9955E-05 0.249266 0.290919 9.9955E-05 0.242113 9.9955E-05 9.9955E-05 0.163869 0.0533324 9.9955E-05
0.00624554 0.285095 0.331744 9.9973E-05 9.9973E-05 9.9973E-05 0.137088 0.0936378 0.0788637 0.0670262
9.9982E-05 0.191337 9.9982E-05 0.249749 0.280821 0.0293713 0.013085 0.0326932 0.0681414 0.134602
0.0917398 0.0185847 0.692851 9.9973E-05 9.9973E-05 0.0111818 0.0420453 0.0892792 0.0540183 9.9973E-05
9.9964E-05 9.9964E-05 0.199214 0.0824413 0.0584677 0.0382104 9.9964E-05 0.564297 0.0569702 9.9964E-05
0.254582 0.00181847 0.0563456 0.0309722 0.069541 0.144003 0.137721 0.22772 0.0771962 9.9991E-05
0.0173531 9.9973E-05 0.269715 9.9973E-05 0.390055 9.9973E-05 0.0477904 0.222218 0.00680387 0.0457644
0.356043 0.0571239 0.139163 0.0562688 0.0900443 0.0930613 0.0199014 9.9991E-05 0.0814249 0.106869
9.99281E-05 9.99281E-05 9.99281E-05 9.99281E-05 0.983823 9.99281E-05 9.99281E-05 0.0153772 9.99281E-05 9.99281E-05
0.334872 0.212809 9.9964E-05 9.9964E-05 0.282833 9.9964E-05 0.0564443 9.9964E-05 0.0315539 0.0810875
0.183972 0.217222 0.359581 9.99729E-05 0.0489918 0.00448234 0.0108461 0.174604 9.99729E-05 9.99729E-05
9.9982E-05 0.190926 0.00804292 0.139615 0.376924 0.0828002 9.9982E-05 0.0306568 0.0253841 0.145451
0.322446 9.99549E-05 0.54829 0.0515699 9.99549E-05 9.99549E-05 0.0460267 9.99549E-05 0.0311676 9.99549E-05
0.0949692 0.246166 0.136615 0.203351 9.9973E-05 0.141493 9.9973E-05 9.9973E-05 0.132447 0.04466
0.380609 0.155237 0.266107 0.0948068 0.0737536 9.9973E-05 9.9973E-05 9.9973E-05 0.00340752 0.0257796
9.9946E-05 9.9946E-05 9.9946E-05 9.9946E-05 9.9946E-05 0.00485592 0.908821 9.9946E-05 0.0730767 0.0126463
9.9964E-05 0.0527587 0.382454 0.0517418 9.9964E-05 0.119971 9.9964E-05 0.0255984 9.9964E-05 0.367076
9.9937E-05 9.9937E-05 0.10475 9.9937E-05 9.9937E-05 0.0201296 9.9937E-05 9.9937E-05 9.9937E-05 0.874421
0.285463 9.9973E-05 0.160728 9.9973E-05 0.107906 0.0707487 0.0484872 9.9973E-05 0.0501213 0.276246
0.510276 0.401799 9.99551E-05 9.99551E-05 0.005932 9.99551E-05 0.0682277 9.99551E-05 0.0132653 9.99551E-05
0.181745 0.3925 0.0286908 0.0516293 9.9964E-05 9.9964E-05 9.9964E-05 0.0346684 9.9964E-05 0.310367
0.216703 9.9964E-05 0.128748 9.9964E-05 9.9964E-05 0.048453 0.195422 0.349257 0.0610171 9.9964E-05
9.9946E-05 9.9946E-05 0.736425 9.9946E-05 0.12379 0.111741 0.027444 9.9946E-05 9.9946E-05 9.9946E-05
0.0241247 0.041737 0.000300322 0.274668 0.158889 9.9982E-05 9.9982E-05 0.104071 0.075129 0.320881
0.177988 0.390023 0.021916 0.0598395 9.9982E-05 9.9982E-05 0.0769816 0.00923592 0.112816 0.151
0.108902 0.421637 0.167257 9.9973E-05 0.145797 0.0101145 0.0589422 0.0870514 9.9973E-05 9.9973E-05
0.191449 9.9973E-05 9.9973E-05 0.244462 0.280282 0.0799872 0.0880433 0.103703 0.0117732 9.9973E-05
9.9955E-05 9.9955E-05 0.504135 0.0345866 0.190267 9.9955E-05 0.0395352 0.230977 9.9955E-05 9.9955E-05
0.645888 9.9955E-05 9.9955E-05 9.9955E-05 0.232404 9.9955E-05 0.0262603 0.0185319 0.0764159 9.9955E-05
0.371417 9.99549E-05 0.477131 9.99549E-05 9.99549E-05 0.0419187 0.0190471 9.99549E-05 0.0899871 9.99549E-05
0.177419 0.0519987 0.764893 9.99459E-05 9.99459E-05 9.99459E-05 9.99459E-05 9.99459E-05 9.99459E-05 0.00508982
0.261191 9.9964E-05 0.346999 0.10622 0.0752942 9.9964E-05 0.130216 9.9964E-05 0.0796797 9.9964E-05
0.422267 9.9982E-05 0.0928052 0.0156475 0.24606 0.0183223 9.9982E-05 0.0587802 0.110919 0.0349984
0.460411 0.170045 0.0990805 0.185959 9.9964E-05 0.0276839 9.9964E-05 9.9964E-05 0.0564203 9.9964E-05
0.170361 9.9964E-05 0.255852 9.9964E-05 0.327544 0.0483648 0.133248 0.0642301 9.9964E-05 9.9964E-05
0.10848 0.192627 0.247315 0.172107 9.9982E-05 0.0439102 0.135397 0.0956184 0.0043455 9.9982E-05
0.169189 0.0271557 0.408643 0.163323 9.9973E-05 9.9973E-05 0.0169962 9.9973E-05 0.0756533 0.13874
0.1409 0.0176365 0.0442048 9.9973E-05 0.528559 0.0312231 9.9973E-05 0.126086 9.9973E-05 0.111091
0.209068 9.99459E-05 0.0269922 9.99459E-05 9.99459E-05 9.99459E-05 9.99459E-05 9.99459E-05 0.063577 0.699763
9.99641E-05 0.104202 0.452492 0.0235156 0.303358 0.0669708 9.99641E-05 9.99641E-05 0.049062 9.99641E-05
0.21862 0.129362 9.998E-05 0.172653 9.998E-05 0.104941 0.0821979 0.0799317 0.0518036 0.160292
0.261183 0.230113 9.9964E-05 9.9964E-05 0.40023 9.9964E-05 9.9964E-05 0.0317549 0.0244341 0.0518848
9.99369E-05 9.99369E-05 9.99369E-05 9.99369E-05 9.99369E-05 0.0197434 0.972699 9.99369E-05 9.99369E-05 0.0068576
9.9973E-05 0.27313 0.0872927 0.150925 0.401015 0.0384773 9.9973E-05 0.0129175 0.035942 9.9973E-05
0.604299 0.144927 0.0847928 9.9964E-05 9.9964E-05 9.9964E-05 9.9964E-05 0.00354659 0.0987587 0.0632761
9.9973E-05 0.217677 0.139596 0.172335 9.9973E-05 9.9973E-05 0.00500066 0.198006 0.0493157 0.217769
0.234697 0.098466 0.537606 9.9964E-05 9.9964E-05 0.0628562 9.9964E-05 9.9964E-05 0.0555291 0.0104453
0.708894 0.0702073 9.9955E-05 9.9955E-05 9.9955E-05 0.0277663 0.0935392 0.0990933 9.9955E-05 9.9955E-05
0.0854106 0.0582658 0.0363359 9.9973E-05 0.32381 0.112845 9.9973E-05 0.138542 9.9973E-05 0.244492
0.0213848 9.99641E-05 0.808759 9.99641E-05 9.99641E-05 0.105304 9.99641E-05 0.0137256 0.0186233 0.0318034
0.183876 0.186807 9.9973E-05 0.087381 0.0719325 9.9973E-05 0.427343 9.9973E-05 0.0117073 0.0306527
0.157139 0.257805 0.132468 0.1273 9.9973E-05 9.9973E-05 0.203506 0.113323 9.9973E-05 0.00815879
0.0410586 0.338316 0.248874 0.0806457 0.138262 0.00355534 0.100817 9.9982E-05 0.048271 9.9982E-05
9.99201E-05 9.99201E-05 9.99201E-05 9.99201E-05 9.99201E-05 9.99201E-05 0.999101 9.99201E-05 9.99201E-05 9.99201E-05
0.201171 0.44773 0.0119103 0.0911182 9.9991E-05 0.112728 0.0291698 0.0960062 0.000742939 0.00932394
9.99459E-05 9.99459E-05 0.009656 9.99459E-05 9.99459E-05 0.945786 0.0170908 9.99459E-05 0.0268675 9.99459E-05
0.0981072 9.998E-05 9.998E-05 0.438594 0.223729 0.0594553 0.025116 0.044515 0.00618296 0.104101
0.424785 0.105914 9.9964E-05 0.0688049 0.175947 9.9964E-05 9.9964E-05 0.179139 9.9964E-05 0.0450102
0.25478 0.0480341 0.141997 0.269059 0.0753198 9.9973E-05 9.9973E-05 0.098791 9.9973E-05 0.11172
0.180885 0.113373 0.290505 0.0184797 0.00895877 9.9991E-05 0.0519792 0.176663 0.0803246 0.0787317
9.9982E-05 0.190689 0.29066 0.0934922 0.195382 0.0288885 0.0835568 0.082106 0.0350251 9.9982E-05
0.290836 0.260922 9.9955E-05 9.9955E-05 0.126531 9.9955E-05 9.9955E-05 0.0486942 9.9955E-05 0.272516
0.62843 0.181589 9.9973E-05 0.0564234 9.9973E-05 0.0533102 9.9973E-05 0.048107 0.00336651 0.0284744
0.0950975 0.428757 9.9955E-05 9.9955E-05 0.235565 9.9955E-05 0.136471 9.9955E-05 0.10361 9.9955E-05
0.399685 0.0946021 0.16355 0.0182195 0.044403 0.0611533 0.0557423 0.162445 9.9982E-05 9.9982E-05
0.376813 0.152644 0.00486095 0.00205349 9.9973E-05 0.0242742 0.428225 9.9973E-05 0.01083 9.9973E-05
0.563382 9.9973E-05 0.278449 0.0756593 9.9973E-05 0.0395335 0.0238804 0.0116136 0.00718203 9.9973E-05
9.9928E-05 9.9928E-05 0.00772638 9.9928E-05 9.9928E-05 9.9928E-05 0.991474 9.9928E-05 9.9928E-05 9.9928E-05
0.148767 0.294668 9.9973E-05 0.214141 0.111533 0.125239 9.9973E-05 0.05227 9.9973E-05 0.0530808
9.99639E-05 9.99639E-05 0.314174 0.108946 0.0882844 9.99639E-05 9.99639E-05 0.00279082 0.038208 0.447197
0.746803 9.9937E-05 9.9937E-05 9.9937E-05 0.234932 9.9937E-05 0.0175653 9.9937E-05 9.9937E-05 9.9937E-05
9.9955E-05 9.9955E-05 9.9955E-05 0.394387 0.429591 9.9955E-05 0.0262952 9.9955E-05 0.0760178 0.0732086
0.342744 9.9973E-05 0.213603 0.120188 0.0471619 0.0764287 9.9973E-05 9.9973E-05 0.0852666 0.114308
0.120916 0.326633 9.99682E-05 0.00248908 9.99682E-05 9.99682E-05 0.365465 9.99682E-05 0.107935 0.0761618
0.130825 0.10127 0.196179 0.0333775 0.203107 0.0569041 0.150007 0.025098 0.0664365 0.0367947
9.9964E-05 0.0869436 0.247616 0.34943 0.0621641 0.0227314 9.9964E-05 0.230716 9.9964E-05 9.9964E-05
0.140247 0.251968 0.0357704 9.9973E-05 0.347309 9.9973E-05 0.048987 0.12669 0.0487292 9.9973E-05
0.052838 9.9964E-05 0.316291 0.561848 9.9964E-05 9.9964E-05 0.0164578 0.0381593 0.0140053 9.9964E-05
9.9946E-05 0.811851 9.9946E-05 9.9946E-05 0.098784 9.9946E-05 9.9946E-05 0.0112642 9.9946E-05 0.0775016
0.209237 0.130975 0.176715 9.9982E-05 0.217914 0.0594175 0.130769 0.0665803 0.0081934 9.9982E-05
0.183707 9.9955E-05 0.11033 0.229991 0.420368 9.9955E-05 9.9955E-05 9.9955E-05 0.0551044 9.9955E-05
9.9982E-05 0.163812 0.0523578 0.204635 0.301988 0.050366 0.0667749 9.9982E-05 0.0352443 0.124622
0.261637 0.0621127 0.0156843 0.0665799 0.153357 9.9973E-05 9.9973E-05 9.9973E-05 0.0487474 0.391581
0.7288 9.9964E-05 0.0535396 0.0482951 9.9964E-05 0.0566473 0.0614972 9.9964E-05 0.050821 9.9964E-05
0.00464273 0.0210986 0.234323 0.339533 0.054248 0.00410573 0.320528 9.9982E-05 0.0213219 9.9982E-05
0.389814 0.221278 0.137137 0.00154632 9.9973E-05 9.9973E-05 0.101549 0.123392 0.0249827 9.9973E-05
0.359272 0.340191 0.190688 9.9973E-05 9.9973E-05 0.0212021 0.0297494 9.9973E-05 0.00896873 0.0496289
9.9973E-05 0.2488 0.40187 0.0103376 0.214569 0.0727949 0.00892551 9.9973E-05 0.0424036 9.9973E-05
9.99279E-05 9.99279E-05 9.99279E-05 0.127959 9.99279E-05 9.99279E-05 9.99279E-05 0.871242 9.99279E-05 9.99279E-05
9.99279E-05 9.99279E-05 9.99279E-05 9.99279E-05 9.99279E-05 9.99279E-05 9.99279E-05 0.955445 0.043756 9.99279E-05
0.101412 9.9982E-05 0.110274 0.0536417 0.445328 9.9982E-05 0.0707125 0.0677166 0.0365317 0.114182
0.432227 0.0459734 0.0945591 0.33536 0.0118995 0.045249 9.9973E-05 9.9973E-05 0.0344325 9.9973E-05
0.429464 9.9982E-05 0.0577756 0.00886003 0.343785 0.0728677 0.00422284 0.0339603 0.0488647 9.9982E-05
9.9964E-05 0.758241 0.0379617 0.0300558 9.9964E-05 0.0353852 9.9964E-05 0.0858824 0.0520745 9.9964E-05
9.9973E-05 0.244447 0.448724 0.0189354 0.107027 0.0582763 0.114031 9.9973E-05 9.9973E-05 0.00825855
9.9955E-05 0.390067 0.13842 9.9955E-05 0.285106 9.9955E-05 0.0396391 9.9955E-05 9.9955E-05 0.146269
0.4546 0.0656965 9.9982E-05 0.135262 9.9982E-05 0.120795 0.00736093 0.151162 0.0269243 0.0380001
0.253701 0.263156 9.9973E-05 0.0881002 9.9973E-05 9.9973E-05 0.224115 0.0294745 0.0380373 0.103116
0.453723 0.166387 9.9982E-05 0.0766234 0.00218662 0.010776 0.0174264 0.0619952 9.9982E-05 0.210682
9.99201E-05 9.99201E-05 9.99201E-05 9.99201E-05 9.99201E-05 9.99201E-05 9.99201E-05 9.99201E-05 0.999101 9.99201E-05
0.34096 0.075313 9.9964E-05 9.9964E-05 0.124654 0.0737259 9.9964E-05 9.9964E-05 0.00947157 0.375476
0.528111 9.9955E-05 9.9955E-05 9.9955E-05 9.9955E-05 0.28602 9.9955E-05 0.0588901 0.0142184 0.112261
9.9946E-05 0.196606 9.9946E-05 0.418179 0.3729 9.9946E-05 9.9946E-05 9.9946E-05 0.0117154 9.9946E-05
0.338407 9.9973E-05 0.0960762 0.0902027 0.263305 0.0938199 9.9973E-05 0.0929599 0.0249298 9.9973E-05
0.102719 0.105718 0.119347 0.00347689 0.361899 9.9991E-05 0.092269 0.116476 0.0960393 0.00195519
0.102267 0.138039 0.118442 0.011696 0.203026 0.0470852 0.0256148 0.279413 0.0743174 9.9991E-05
0.0794542 0.0113774 0.0667638 0.484863 0.211862 9.9973E-05 9.9973E-05 9.9973E-05 0.0135494 0.13183
0.216088 0.00117472 9.9991E-05 0.150955 0.00662709 0.0108531 0.211185 0.234077 0.0583559 0.110584
0.154073 0.190802 0.263835 9.9973E-05 0.223749 0.0130385 9.9973E-05 9.9973E-05 0.0459297 0.108274
0.304239 0.177364 9.9973E-05 9.9973E-05 0.224881 0.0778513 0.125348 9.9973E-05 0.0116294 0.0783866
0.177989 9.9937E-05 9.9937E-05 9.9937E-05 9.9937E-05 9.9937E-05 0.112325 9.9937E-05 9.9937E-05 0.708987
0.135068 0.287689 0.0805404 0.0527662 0.166313 9.9991E-05 0.0448081 0.00249193 0.0538229 0.1764
0.420472 0.281125 9.9955E-05 0.12658 9.9955E-05 0.0551084 9.9955E-05 9.9955E-05 9.9955E-05 0.116214
9.99201E-05 9.99201E-05 9.99201E-05 9.99201E-05 9.99201E-05 9.99201E-05 9.99201E-05 9.99201E-05 0.999101 9.99201E-05
9.9973E-05 0.0047795 0.223679 0.265671 0.00727742 9.9973E-05 9.9973E-05 0.0680581 0.398176 0.0320598
0.663958 9.99461E-05 9.99461E-05 9.99461E-05 0.0569289 0.0356215 9.99461E-05 0.242891 9.99461E-05 9.99461E-05
0.0280044 9.9982E-05 0.295509 9.9982E-05 0.349451 0.0645206 0.0647917 0.0658341 0.048599 0.08309
0.198837 9.9964E-05 9.9964E-05 0.0424154 0.0921533 0.00187247 9.9964E-05 9.9964E-05 0.0651556 0.599166
0.0407492 0.183982 0.269877 0.211573 0.100815 9.99819E-05 9.99819E-05 0.0583014 0.0183653 0.116138
9.9964E-05 9.9964E-05 0.574036 0.250565 9.9964E-05 0.111017 9.9964E-05 0.036285 0.022085 0.00561143
9.99201E-05 9.99201E-05 9.99201E-05 9.99201E-05 9.99201E-05 9.99201E-05 9.99201E-05 0.999101 9.99201E-05 9.99201E-05
0.217686 0.000552087 9.9982E-05 0.272677 0.17734 9.9982E-05 0.0579831 0.0454794 0.0755054 0.152577
0.0312587 0.156744 0.614351 9.99639E-05 0.00667366 9.99639E-05 0.106525 0.0840482 9.99639E-05 9.99639E-05
9.9973E-05 9.9973E-05 0.275633 0.223881 0.146953 0.121574 0.110087 0.0610314 0.0605414 9.9973E-05
0.247297 0.0770142 0.263307 0.0170989 9.9991E-05 0.0371257 0.0653336 0.0170048 0.0565953 0.219123
9.9946E-05 9.9946E-05 0.597445 9.9946E-05 0.00482413 0.0560688 9.9946E-05 0.341062 9.9946E-05 9.9946E-05
0.366026 0.12379 0.27733 9.99639E-05 9.99639E-05 9.99639E-05 9.99639E-05 0.00604308 0.109215 0.117195
0.1177 0.151757 0.39543 0.105492 0.115242 0.112613 9.9973E-05 0.00146778 9.9973E-05 9.9973E-05
0.44803 0.236171 0.122097 0.111371 0.0220048 9.9964E-05 9.9964E-05 9.9964E-05 0.059926 9.9964E-05
0.057425 9.9964E-05 0.28971 0.337495 0.235052 9.9964E-05 0.00771787 0.0722003 9.9964E-05 9.9964E-05
9.99369E-05 9.99369E-05 9.99369E-05 0.0122321 9.99369E-05 0.973219 0.0138494 9.99369E-05 9.99369E-05 9.99369E-05
0.0212283 0.0591333 0.135764 9.9973E-05 0.420982 0.0108233 0.0979137 0.253856 9.9973E-05 9.9973E-05
9.99201E-05 9.99201E-05 9.99201E-05 0.999101 9.99201E-05 9.99201E-05 9.99201E-05 9.99201E-05 9.99201E-05 9.99201E-05
0.110638 0.340727 9.9973E-05 0.0423831 0.293792 9.9973E-05 0.0423362 9.9973E-05 0.043977 0.125847
0.0131234 0.0669252 0.0707435 9.9973E-05 9.9973E-05 0.0201058 0.0672676 0.31634 9.9973E-05 0.445195
0.232573 9.9964E-05 0.164964 0.00621137 0.154031 9.9964E-05 0.266079 9.9964E-05 9.9964E-05 0.175742
0.0822447 0.105465 0.30282 0.246449 0.0175615 9.9982E-05 0.0294804 0.0481546 9.9982E-05 0.167626
9.99201E-05 9.99201E-05 9.99201E-05 9.99201E-05 9.99201E-05 0.999101 9.99201E-05 9.99201E-05 9.99201E-05 9.99201E-05
0.586847 0.0370243 0.177929 0.0228119 0.0394135 9.9973E-05 0.0446052 9.9973E-05 0.0910693 9.9973E-05
9.9982E-05 0.117179 0.20632 0.0705871 9.9982E-05 0.157946 0.0660016 0.0417717 0.0552839 0.28471
0.623623 9.9964E-05 9.9964E-05 0.136109 0.0854349 9.9964E-05 9.9964E-05 0.0391239 0.0498351 0.0654743
9.99549E-05 9.99549E-05 9.99549E-05 0.114344 0.382879 9.99549E-05 0.0621802 0.308282 9.99549E-05 0.131815
