0.264597 0.137475 0.597928
0.238797 0.203792 0.55741
0.108401 0.420577 0.471022
9.999E-05 0.347638 0.652262
0.439891 0.098501 0.461608
9.999E-05 0.351565 0.648335
0.452794 0.102564 0.444642
0.1517 0.374766 0.473534
0.911216 0.0886836 9.99911E-05
0.476578 0.142897 0.380525
0.461261 0.242076 0.296663
0.892331 0.0732574 0.0344121
0.1682 0.437783 0.394018
0.344675 9.9991E-05 0.655225
0.471535 0.416349 0.112116
0.19348 0.305353 0.501166
0.353075 0.370762 0.276163
0.241296 0.0647395 0.693964
0.582171 0.417729 9.9991E-05
0.14877 0.585949 0.265281
0.0588918 0.217701 0.723407
0.54102 0.45888 9.9991E-05
0.0492806 0.39285 0.55787
9.999E-05 9.999E-05 0.9998
9.9991E-05 0.497807 0.502093
0.25598 0.148086 0.595934
0.721117 9.9991E-05 0.278783
0.359386 0.299284 0.34133
0.150522 0.849378 9.9991E-05
0.275472 0.0547551 0.669773
0.489578 0.267155 0.243267
0.375108 0.403358 0.221534
0.577688 0.286837 0.135476
0.345821 0.452596 0.201583
9.9991E-05 0.112938 0.886962
0.180465 9.99911E-05 0.819435
0.235461 0.38906 0.375479
9.99911E-05 0.70186 0.29804
0.349701 0.307948 0.34235
0.116414 0.649968 0.233618
0.727975 9.99911E-05 0.271925
0.891448 9.99911E-05 0.108452
0.331045 0.0516531 0.617302
0.268659 0.421085 0.310257
0.408129 0.441999 0.149872
0.286472 0.294289 0.419239
0.568367 0.153485 0.278148
0.870554 0.122089 0.00735795
0.521348 0.468101 0.0105512
9.9991E-05 0.164614 0.835286
9.9991E-05 0.381171 0.618729
0.323383 0.424249 0.252368
0.777593 9.99911E-05 0.222307
9.9991E-05 0.656415 0.343485
0.540471 0.297949 0.161579
0.62443 0.37547 9.99911E-05
0.168344 0.0675043 0.764152
0.69088 0.150691 0.158429
0.619097 0.229236 0.151667
0.371584 0.0806438 0.547772
0.18027 0.532479 0.287251
0.50301 9.9991E-05 0.49689
0.97738 0.0225199 9.9991E-05
9.99911E-05 0.0514581 0.948442
0.34506 0.28015 0.37479
0.6952 0.10087 0.20393
9.9991E-05 0.122828 0.877072
0.528479 0.283535 0.187986
0.458898 0.541002 9.9991E-05
0.43284 0.232885 0.334275
0.553435 0.221994 0.224571
0.791001 9.99911E-05 0.208899
0.283972 0.443099 0.272928
0.523811 0.300236 0.175954
9.99911E-05 0.369715 0.630185
0.748917 0.089718 0.161365
0.431985 0.356297 0.211718
0.638705 9.99911E-05 0.361195
0.294281 0.485058 0.220661
0.345087 0.494767 0.160146
0.113122 0.465692 0.421186
0.0172118 0.522657 0.460132
9.99911E-05 0.218797 0.781103
0.104649 0.562184 0.333168
0.443739 9.9991E-05 0.556161
0.262912 0.140508 0.596581
0.47935 0.0685126 0.452138
0.283519 9.99911E-05 0.716381
0.0456868 0.33309 0.621224
0.428611 0.571289 9.9991E-05
9.99911E-05 0.278175 0.721725
0.277543 9.99911E-05 0.722357
0.593249 0.0676239 0.339127
0.449119 0.265062 0.285819
0.934543 0.0233191 0.0421377
0.393713 0.317008 0.289279
0.250032 9.99911E-05 0.749868
0.731642 0.113652 0.154705
9.9991E-05 0.150359 0.849541
0.140435 9.9991E-05 0.859465
0.676945 9.99911E-05 0.322955
9.999E-05 9.999E-05 0.9998
0.4532 0.156108 0.390692
9.99911E-05 0.790045 0.209855
0.0519985 0.604476 0.343526
0.450243 0.306977 0.24278
0.269407 0.340598 0.389995
0.151352 0.59537 0.253278
0.280193 0.576244 0.143564
0.00350743 0.92217 0.0743224
0.431114 9.99911E-05 0.568786
9.99911E-05 0.366143 0.633757
9.99911E-05 0.334719 0.665181
9.9991E-05 0.498998 0.500902
9.999E-05 9.999E-05 0.9998
0.53526 0.46464 9.99911E-05
0.382165 0.134789 0.483046
0.567574 0.249165 0.18326
0.325157 0.586614 0.0882295
9.9991E-05 0.356402 0.643498
0.0918594 0.256524 0.651616
0.0370657 0.0950993 0.867835
9.9991E-05 0.493896 0.506004
0.327053 0.263056 0.409891
0.271692 0.495811 0.232497
0.62617 9.9991E-05 0.37373
0.836139 0.0361347 0.127726
0.187136 0.593185 0.219679
9.99911E-05 0.549879 0.450021
0.0522101 0.337917 0.609873
0.972186 0.0277138 9.99911E-05
0.327237 0.145128 0.527634
0.561903 0.437997 9.9991E-05
0.245702 0.754198 9.9991E-05
0.628787 0.0103728 0.36084
9.99911E-05 0.574824 0.425076
0.0643456 0.935554 9.99911E-05
9.99911E-05 0.674897 0.325003
0.723625 0.276275 9.99911E-05
9.99911E-05 0.57807 0.42183
0.294195 0.383389 0.322416
0.016925 0.513165 0.46991
0.660357 0.221191 0.118452
0.597434 0.179578 0.222987
9.99911E-05 0.0520296 0.94787
0.212235 0.485568 0.302197
0.601295 9.9991E-05 0.398605
9.9991E-05 0.207025 0.792875
0.0265428 0.294568 0.67889
0.690426 0.309474 9.99911E-05
0.502968 0.326031 0.171001
0.899209 0.044372 0.0564191
0.222065 0.594251 0.183684
0.56206 0.0934713 0.344469
0.00645689 9.99911E-05 0.993443
0.30789 0.69201 9.99911E-05
9.99911E-05 0.564239 0.435661
0.429161 0.146934 0.423905
0.115478 0.423466 0.461056
0.276521 0.442451 0.281028
0.671478 9.99911E-05 0.328422
0.785646 0.15063 0.0637239
0.258913 0.277342 0.463745
0.751252 0.0175175 0.23123
0.933024 9.99911E-05 0.0668757
0.280129 0.0972884 0.622583
0.215706 0.412096 0.372198
9.999E-05 0.9998 9.999E-05
0.544516 0.0763483 0.379136
0.315109 0.194164 0.490728
0.0636001 0.772207 0.164193
0.0817971 0.724999 0.193204
0.393424 0.606476 9.9991E-05
0.133716 0.059822 0.806462
0.258858 0.48837 0.252772
0.340849 0.554821 0.10433
0.308598 0.227415 0.463987
9.99911E-05 0.728654 0.271246
0.397867 0.0565471 0.545586
0.693288 9.99911E-05 0.306612
0.405051 9.99911E-05 0.594849
0.352119 0.276012 0.37187
0.441133 0.151239 0.407628
0.0257527 0.442141 0.532107
9.9991E-05 0.972026 0.0278745
0.73299 0.238033 0.028977
0.131783 0.610919 0.257298
0.155628 0.218547 0.625825
9.9991E-05 0.188038 0.811862
