0.0128879 9.99549E-05 0.733154 0.170016 9.99549E-05 9.99549E-05 9.99549E-05 0.0834422 9.99549E-05
0.0101152 0.114299 0.190214 0.138064 0.0985128 0.0364214 9.9982E-05 9.9982E-05 0.412174
9.998E-05 0.127014 0.119044 0.427843 0.0220451 0.0127366 9.998E-05 0.0998192 0.191298
0.0967088 0.101787 0.439452 0.0257643 0.0966618 0.0769199 0.0566415 0.0836246 0.0224403
0.0751704 9.9982E-05 0.0186764 0.0943629 0.0379735 0.114864 0.0436079 9.9982E-05 0.615145
0.0746682 9.9946E-05 9.9946E-05 9.9946E-05 9.9946E-05 9.9946E-05 9.9946E-05 0.103615 0.821117
0.0272533 9.9973E-05 0.482251 0.357465 0.0032236 0.111055 9.9973E-05 9.9973E-05 0.0184521
0.0183066 0.312781 0.140395 0.307955 0.0594586 0.0763606 9.9982E-05 9.9982E-05 0.0845441
0.00142514 9.9982E-05 0.296605 0.132443 0.00739878 9.9982E-05 0.324157 0.234908 0.0028642
0.137643 9.9982E-05 0.099582 0.207637 0.198417 0.0305254 0.159287 0.166708 9.9982E-05
9.99369E-05 0.00466412 9.99369E-05 9.99369E-05 9.99369E-05 9.99369E-05 9.99369E-05 0.994636 9.99369E-05
9.99549E-05 9.99549E-05 9.99549E-05 0.0783192 0.0477205 0.0539297 0.819531 9.99549E-05 9.99549E-05
0.060867 0.139533 0.212462 0.280993 9.9982E-05 0.0977379 9.9982E-05 0.081324 0.126883
0.126975 0.252693 0.240793 9.9982E-05 0.0509737 0.070942 0.185314 9.9982E-05 0.0721093
0.0122636 0.231721 9.99729E-05 0.122928 9.99729E-05 0.0752076 9.99729E-05 0.34258 0.215001
9.9973E-05 0.174143 0.0511799 9.9973E-05 0.207785 0.123395 0.0486282 9.9973E-05 0.394569
0.125535 0.23698 9.9982E-05 9.9982E-05 0.0490271 0.0373578 0.0610746 0.200337 0.289488
0.0840996 9.9973E-05 0.190451 0.144264 0.199024 0.123157 9.9973E-05 9.9973E-05 0.258704
9.997E-05 9.997E-05 0.203256 0.12059 9.997E-05 0.0518437 0.190942 0.131972 0.301097
0.0648688 0.266092 0.127825 0.132122 0.0486126 0.0565981 0.00914864 0.159481 0.135252
0.110472 0.140738 0.252549 0.30865 9.9982E-05 0.0636077 9.9982E-05 0.0904561 0.0333285
9.9982E-05 0.232531 0.0107629 0.484391 0.0247123 0.0487666 9.9982E-05 0.195551 0.00308609
0.120787 0.0424333 0.0885563 0.0682165 0.0477077 0.156437 9.9991E-05 0.0653895 0.410373
9.9982E-05 0.147357 0.226708 0.0209732 0.149288 9.9982E-05 0.188397 0.0112398 0.255836
9.993E-05 9.993E-05 9.993E-05 9.993E-05 9.993E-05 9.993E-05 9.993E-05 0.999201 9.993E-05
0.0502339 0.332731 0.258025 9.9973E-05 0.12705 9.9973E-05 0.0799674 9.9973E-05 0.151693
0.140733 0.185108 0.107529 0.234168 0.0998435 0.0938056 0.13781 0.000903349 9.9991E-05
0.100733 0.102933 0.240349 0.0575227 0.15453 0.0403005 0.0493265 0.0300025 0.224303
0.0994011 0.0722875 9.9982E-05 0.00633664 0.151279 9.9982E-05 0.0220917 0.144947 0.503457
9.99729E-05 0.280699 0.0734142 0.0879902 0.510781 0.0460796 9.99729E-05 9.99729E-05 0.000735834
9.9973E-05 0.238416 9.9973E-05 9.9973E-05 0.0103067 0.0251034 0.198579 0.501717 0.0255787
0.0155442 9.9973E-05 0.0271928 0.729144 9.9973E-05 0.0223205 0.145469 0.0600292 9.9973E-05
0.0743488 0.00835925 0.00390682 9.9982E-05 0.0827422 0.0780061 0.0256161 9.9982E-05 0.726821
0.0414221 0.324617 0.0149365 0.226158 9.9982E-05 0.0924531 9.9982E-05 0.0505702 0.249643
0.138144 9.9973E-05 0.175879 9.9973E-05 0.0168222 0.119839 0.319018 9.9973E-05 0.229998
9.9937E-05 9.9937E-05 0.955228 9.9937E-05 9.9937E-05 0.044072 9.9937E-05 9.9937E-05 9.9937E-05
0.204271 0.179388 0.394299 9.9964E-05 9.9964E-05 0.0015315 9.9964E-05 9.9964E-05 0.220111
0.0856675 9.9955E-05 0.170533 9.9955E-05 0.0925488 9.9955E-05 9.9955E-05 0.650751 9.9955E-05
0.148246 0.0193309 9.9982E-05 0.0793248 0.0597664 0.0379271 0.258622 9.9982E-05 0.396583
9.9982E-05 0.279943 0.0756265 0.147687 9.9982E-05 0.111788 0.103698 0.248754 0.0323027
0.0566952 0.34242 9.9973E-05 0.473278 0.0353651 0.00963865 9.9973E-05 0.0823026 9.9973E-05
0.172211 0.175131 0.055586 0.203698 0.0669986 0.034233 9.9982E-05 9.9982E-05 0.291942
0.130379 0.164647 9.9982E-05 0.101059 0.126653 0.0392884 0.0942713 9.9982E-05 0.343502
9.9955E-05 9.9955E-05 0.392502 0.207769 0.184429 9.9955E-05 0.2148 9.9955E-05 9.9955E-05
9.9946E-05 9.9946E-05 9.9946E-05 0.733383 9.9946E-05 0.0748114 0.191206 9.9946E-05 9.9946E-05
0.140941 0.019138 0.229102 0.252229 9.9982E-05 0.0240702 0.202195 9.9982E-05 0.132124
9.9955E-05 9.9955E-05 0.298272 9.9955E-05 0.0332157 9.9955E-05 9.9955E-05 0.168141 0.499871
9.9973E-05 0.0982233 0.0131443 0.269476 0.0540138 9.9973E-05 0.12831 9.9973E-05 0.436533
9.9964E-05 0.214388 9.9964E-05 0.462677 0.0772292 0.0635704 9.9964E-05 0.181736 9.9964E-05
9.9973E-05 9.9973E-05 0.079695 9.9973E-05 0.146034 0.0137996 0.0969438 0.287355 0.375873
0.0361502 0.0557111 0.254584 9.9982E-05 0.134323 0.133989 0.0618698 0.323173 9.9982E-05
0.0387849 0.0719451 0.150271 0.083255 0.0299263 0.0895875 0.14538 0.217856 0.172995
0.0167073 0.729323 9.9973E-05 0.00220228 0.0479026 0.0247082 0.178857 9.9973E-05 9.9973E-05
0.151226 0.0560416 9.9973E-05 0.415518 0.0434302 0.074351 9.9973E-05 9.9973E-05 0.259133
9.9964E-05 0.120394 9.9964E-05 0.438042 0.133721 9.9964E-05 0.0724892 0.234953 9.9964E-05
0.0898935 9.9982E-05 0.00650436 0.0603367 0.00809495 0.112292 0.0659556 9.9982E-05 0.656723
0.0708843 9.99551E-05 9.99551E-05 0.543361 9.99551E-05 9.99551E-05 0.20815 0.177105 9.99551E-05
0.0102326 9.9973E-05 0.0989926 0.204559 9.9973E-05 9.9973E-05 0.0961124 0.417847 0.171956
0.0796329 0.108389 9.9982E-05 9.9982E-05 0.0398915 0.0100193 0.263393 0.313803 0.184671
0.138446 9.9982E-05 9.9982E-05 0.179823 0.00624408 0.0352821 0.272939 0.172264 0.194803
9.9973E-05 0.580442 0.163261 9.9973E-05 0.0641669 0.0531359 0.110574 0.0281196 9.9973E-05
0.0927613 0.0851151 0.0258534 9.9991E-05 0.0248412 0.103964 0.115566 0.201609 0.35019
9.9973E-05 0.118607 0.248995 0.354022 9.9973E-05 0.0953087 0.00672215 9.9973E-05 0.176046
9.99549E-05 0.0785377 0.00897607 9.99549E-05 0.830267 0.0817192 9.99549E-05 9.99549E-05 9.99549E-05
0.183425 0.114735 0.484251 0.0171547 9.9973E-05 9.9973E-05 9.9973E-05 0.00545484 0.19468
9.9946E-05 0.157231 0.810402 9.9946E-05 9.9946E-05 0.031767 9.9946E-05 9.9946E-05 9.9946E-05
0.101185 9.9973E-05 0.404028 0.245819 0.0800604 0.0806576 0.0879506 9.9973E-05 9.9973E-05
9.9964E-05 9.9964E-05 9.9964E-05 0.296389 0.0264731 0.0633897 9.9964E-05 0.158395 0.454953
9.9964E-05 0.0538003 0.2881 9.9964E-05 0.064276 9.9964E-05 9.9964E-05 0.390369 0.203055
0.0735896 0.228594 9.9982E-05 0.0310448 0.129966 0.0597329 9.9982E-05 0.0516952 0.425178
0.177978 9.9955E-05 9.9955E-05 0.317601 0.104252 9.9955E-05 0.399669 9.9955E-05 9.9955E-05
0.00624143 0.160152 0.155409 0.289996 0.0233653 0.141685 9.9991E-05 0.0907659 0.132285
9.9982E-05 0.171982 0.0433175 9.9982E-05 0.0692351 0.16001 0.0445683 0.302215 0.208472
0.0221822 0.0563345 9.9982E-05 0.479355 9.9982E-05 0.0373257 0.0120952 0.206516 0.185991
0.122572 0.291092 9.9964E-05 0.458334 0.0893298 9.9964E-05 0.0382728 9.9964E-05 9.9964E-05
0.0401533 0.255054 9.9964E-05 0.246777 0.0332068 9.9964E-05 0.424409 9.9964E-05 9.9964E-05
9.9946E-05 9.9946E-05 9.9946E-05 0.593432 9.9946E-05 0.120973 9.9946E-05 9.9946E-05 0.284996
0.0432401 0.710273 0.0741018 9.9973E-05 0.0719346 9.9973E-05 9.9973E-05 0.0970283 0.00312247
0.0230503 0.702463 0.0918216 9.99639E-05 9.99639E-05 9.99639E-05 9.99639E-05 0.0924846 0.0897807
9.9955E-05 0.60414 9.9955E-05 0.341922 0.00718076 0.0462572 9.9955E-05 9.9955E-05 9.9955E-05
0.0331114 0.305059 0.194201 0.247151 0.047552 0.110059 0.0626663 9.9982E-05 9.9982E-05
0.0549716 0.138152 0.24285 0.0982934 0.0586555 0.0479664 0.112137 9.999E-05 0.246874
0.0229741 0.065225 0.196469 0.225163 0.171899 9.9982E-05 0.286335 0.0317344 9.9982E-05
0.0530178 0.125162 9.9982E-05 9.9982E-05 0.140073 0.0504836 0.223396 0.122637 0.28503
0.0130305 9.9982E-05 0.210066 0.341187 0.0514353 0.0989308 0.0328694 9.9982E-05 0.252281
0.0692954 0.097977 0.329242 0.0804647 9.9973E-05 9.9973E-05 0.25566 0.167061 9.9973E-05
9.9964E-05 9.9964E-05 0.729935 9.9964E-05 0.0705752 0.0218422 0.0269437 9.9964E-05 0.150304
0.0748563 9.9955E-05 9.9955E-05 9.9955E-05 9.9955E-05 0.0457477 0.786574 0.0923223 9.9955E-05
0.0386709 0.0248102 0.145976 0.12511 0.176077 0.0926287 9.9991E-05 0.129793 0.266835
9.9964E-05 9.9964E-05 0.29617 0.2125 9.9964E-05 9.9964E-05 0.0963425 0.366726 0.0278607
0.0393441 9.99369E-05 9.99369E-05 9.99369E-05 0.959956 9.99369E-05 9.99369E-05 9.99369E-05 9.99369E-05
0.0164688 9.9982E-05 0.0164165 0.435446 9.9982E-05 0.0350322 0.113294 0.359627 0.0235152
0.0193032 0.187852 0.439081 9.9982E-05 9.9982E-05 0.0384587 0.036073 0.114201 0.164832
9.9991E-05 0.447151 0.029743 0.0114116 0.0904589 0.0431318 0.0686791 0.225948 0.0833768
0.117322 0.275815 0.421869 0.0125034 9.9982E-05 0.0730615 9.9982E-05 0.0619186 0.0373104
0.0461294 0.108064 0.211137 0.114289 0.0809824 0.00452936 0.0426611 0.0451808 0.347027
0.126623 0.178979 0.0966554 0.350363 0.0406836 9.9982E-05 9.9982E-05 0.13412 0.072376
0.0545129 9.9973E-05 0.159725 0.55664 0.000353956 9.9973E-05 9.9973E-05 0.0160796 0.212389
9.99551E-05 9.99551E-05 0.102654 9.99551E-05 0.357298 0.116889 9.99551E-05 9.99551E-05 0.422659
9.9973E-05 9.9973E-05 0.0251454 0.105396 0.283357 9.9973E-05 0.0338449 0.177343 0.374614
9.999E-05 0.0183841 0.216334 0.0926311 0.119548 0.0343443 0.0311329 0.194015 0.29351
9.993E-05 9.993E-05 9.993E-05 9.993E-05 0.999201 9.993E-05 9.993E-05 9.993E-05 9.993E-05
0.112759 0.170188 9.9982E-05 9.9982E-05 0.0241091 0.0484534 0.0215809 0.394708 0.228002
0.984769 9.99459E-05 9.99459E-05 9.99459E-05 0.0121342 0.00249717 9.99459E-05 9.99459E-05 9.99459E-05
0.0929265 0.211871 0.0991348 9.9982E-05 0.0119376 0.0557227 0.437347 0.0908611 9.9982E-05
9.9982E-05 0.279103 0.125671 0.186639 0.0068034 9.9982E-05 0.142338 0.122522 0.136722
9.9973E-05 0.324671 0.328049 0.0476689 9.9973E-05 9.9973E-05 0.144753 0.0930457 0.0615125
0.123672 0.144441 0.142095 0.291764 0.087824 0.0204125 9.9982E-05 9.9982E-05 0.189592
0.0427086 0.280557 9.9982E-05 0.211946 0.173517 0.0337202 0.228492 9.9982E-05 0.0288591
0.0218848 9.9991E-05 0.173515 0.114384 0.0411396 0.0645132 0.194245 0.270301 0.119917
0.114636 0.0671495 9.9973E-05 9.9973E-05 9.9973E-05 0.0940672 0.0605007 0.00351247 0.659834
0.0210713 0.0583551 9.999E-05 0.222352 0.0837953 0.163573 0.131012 0.0723558 0.247385
0.036818 0.397004 0.191907 9.9982E-05 0.0595096 9.9982E-05 0.132759 0.141887 0.039915
0.0207543 9.9982E-05 0.0534684 0.130939 0.288862 0.0405229 9.9982E-05 0.180529 0.284724
0.0341373 0.104775 9.99549E-05 0.42233 9.99549E-05 9.99549E-05 9.99549E-05 9.99549E-05 0.438258
9.9937E-05 9.9937E-05 9.9937E-05 9.9937E-05 0.958639 9.9937E-05 9.9937E-05 9.9937E-05 0.0406614
0.160593 9.9973E-05 0.10377 0.103533 9.9973E-05 9.9973E-05 0.0231075 0.294645 0.314053
0.0394009 0.0128872 0.519868 0.19257 0.0528651 0.0988 0.0834086 9.9982E-05 9.9982E-05
0.00919544 0.129175 9.9973E-05 0.419589 0.00845602 9.9973E-05 0.14947 9.9973E-05 0.283815
0.0623811 9.9991E-05 0.142492 0.0537691 0.132174 0.0696095 0.352097 0.151336 0.0360416
0.10997 0.238768 0.223749 0.363643 9.9973E-05 0.0627118 9.9973E-05 9.9973E-05 0.000858429
0.0122071 9.9973E-05 0.132505 9.9973E-05 0.387 0.148644 9.9973E-05 0.0643021 0.255041
0.0867272 0.102542 9.9982E-05 0.48775 0.0552999 0.0472352 9.9982E-05 0.0390857 0.18116
0.060517 0.0201135 0.0650493 9.9973E-05 9.9973E-05 9.9973E-05 0.304815 0.0498569 0.499349
0.0479193 9.9982E-05 9.9982E-05 0.539977 0.102642 0.0277727 0.00456011 0.199657 0.0772717
9.99371E-05 9.99371E-05 9.99371E-05 9.99371E-05 9.99371E-05 9.99371E-05 0.0915093 9.99371E-05 0.907791
9.9973E-05 0.112283 0.0142573 0.152862 9.9973E-05 0.0228777 9.9973E-05 0.540069 0.15735
0.0905962 0.078608 0.247819 0.267012 0.14508 0.021253 0.0263753 0.0970346 0.0262218
9.9955E-05 0.17466 0.0457071 0.0134489 9.9955E-05 9.9955E-05 0.765684 9.9955E-05 9.9955E-05
9.9955E-05 9.9955E-05 0.155299 0.0775254 0.168396 9.9955E-05 9.9955E-05 0.598279 9.9955E-05
9.996E-05 9.996E-05 0.510826 0.24623 9.996E-05 0.0553514 0.0278078 9.996E-05 0.159385
9.9973E-05 0.123683 0.058265 0.162864 9.9973E-05 0.117392 0.135426 9.9973E-05 0.402069
9.9973E-05 9.9973E-05 0.0745839 9.9973E-05 0.305307 0.0417427 0.0798581 0.0670028 0.431206
0.00617005 0.422808 9.9982E-05 0.265975 0.102711 0.124253 0.0570729 0.0208095 9.9982E-05
0.0653045 9.9964E-05 0.241727 9.9964E-05 0.0221926 9.9964E-05 9.9964E-05 0.0867148 0.583661
0.0138415 9.9982E-05 0.129124 0.047645 9.9982E-05 0.0495122 0.214401 0.44111 0.104167
9.9946E-05 0.675127 9.9946E-05 9.9946E-05 9.9946E-05 9.9946E-05 0.152046 9.9946E-05 0.172228
9.993E-05 0.999201 9.993E-05 9.993E-05 9.993E-05 9.993E-05 9.993E-05 9.993E-05 9.993E-05
0.00599558 9.9982E-05 0.0815388 0.636722 0.0469398 0.0196074 0.141027 9.9982E-05 0.0679692
0.151478 0.06468 0.297338 0.242654 0.04859 0.0581881 0.0438852 0.0838733 0.0093138
0.128629 9.99639E-05 9.99639E-05 0.271731 9.99639E-05 0.0921705 0.175747 9.99639E-05 0.331322
0.0242741 0.390584 9.9973E-05 9.9973E-05 9.9973E-05 0.0367318 0.0026165 0.505287 0.0402067
0.112915 9.9982E-05 0.0839258 0.101359 0.165085 9.9982E-05 0.114578 0.148066 0.273872
9.996E-05 9.996E-05 0.256761 0.396238 0.0295527 0.0313881 9.996E-05 0.28566 9.996E-05
0.101039 0.100287 0.18998 0.189497 0.0395096 0.146788 9.9991E-05 0.00138125 0.231418
0.017817 0.179574 0.233588 0.0561943 0.311706 0.194846 9.9982E-05 0.00607588 9.9982E-05
0.0155147 9.9973E-05 0.161539 0.376981 9.9973E-05 0.049305 9.9973E-05 0.0343307 0.362029
9.993E-05 9.993E-05 9.993E-05 9.993E-05 9.993E-05 0.999201 9.993E-05 9.993E-05 9.993E-05
0.0723388 0.228627 0.48587 0.130208 9.9964E-05 0.0825572 9.9964E-05 9.9964E-05 9.9964E-05
0.293269 0.103873 0.194521 9.9964E-05 9.9964E-05 0.0312791 9.9964E-05 9.9964E-05 0.376658
0.00456175 9.9946E-05 9.9946E-05 9.9946E-05 9.9946E-05 0.00643708 0.988401 9.9946E-05 9.9946E-05
0.176316 0.0478406 0.185274 0.226585 9.9991E-05 0.028332 0.221162 0.0159162 0.0984742
0.111928 0.0754026 0.0474694 0.23291 0.0809617 0.149345 0.261833 0.0400508 9.999E-05
9.9973E-05 0.29825 9.9973E-05 0.469511 0.0228452 0.0388547 0.127257 0.0429834 9.9973E-05
9.99639E-05 0.0162276 0.0572451 9.99639E-05 9.99639E-05 0.0513625 0.768445 9.99639E-05 0.106319
0.0140047 0.0953848 0.0759032 9.9973E-05 0.179735 0.123596 9.9973E-05 9.9973E-05 0.511077
9.99729E-05 9.99729E-05 0.184083 0.382711 9.99729E-05 0.04579 0.124392 0.225583 0.0371406
0.0794425 0.111491 9.9982E-05 9.9982E-05 0.0975498 0.0498345 0.173252 0.0385968 0.449633
9.9955E-05 0.1091 0.783693 9.9955E-05 0.0919546 9.9955E-05 9.9955E-05 9.9955E-05 0.0147518
0.00554454 0.0635758 0.0423482 0.34991 0.0174854 0.0914206 9.9991E-05 0.0747177 0.354898
0.0674663 9.9973E-05 0.403361 9.9973E-05 0.0374639 0.0612531 0.00575555 0.4244 9.9973E-05
9.993E-05 9.993E-05 9.993E-05 9.993E-05 9.993E-05 0.999201 9.993E-05 9.993E-05 9.993E-05
9.9955E-05 0.191899 9.9955E-05 9.9955E-05 9.9955E-05 0.442766 0.123737 9.9955E-05 0.241098
0.0210184 0.28812 9.9964E-05 0.429776 0.00139229 9.9964E-05 9.9964E-05 9.9964E-05 0.259293
0.085111 0.135508 0.0852869 0.32202 0.09052 0.066163 0.154577 0.0607144 9.9991E-05
0.031812 0.115199 0.643476 0.0456424 9.9973E-05 0.102525 0.0610459 9.9973E-05 9.9973E-05
0.00446228 0.173164 0.212302 0.165677 9.9991E-05 0.0268901 0.0168031 0.258176 0.142427
0.0611727 0.142197 9.9982E-05 0.159214 9.9982E-05 0.00406172 0.100961 0.159154 0.373039
9.993E-05 0.999201 9.993E-05 9.993E-05 9.993E-05 9.993E-05 9.993E-05 9.993E-05 9.993E-05
0.00664849 0.162363 0.314542 0.0736432 0.0464345 0.136061 0.163375 9.9991E-05 0.0968331
9.9982E-05 0.139592 0.0977928 0.00543435 0.0763295 9.9982E-05 0.308031 0.206737 0.165883
0.0844148 0.058688 9.9991E-05 0.120132 0.112914 0.0665621 0.188827 0.109228 0.259134
0.0264297 0.051858 0.295342 9.9973E-05 0.097137 0.10993 9.9973E-05 9.9973E-05 0.419003
0.0633234 0.338094 0.0474935 0.137626 9.9973E-05 9.9973E-05 0.299028 0.114136 9.9973E-05
9.9964E-05 0.0968999 0.174958 0.335811 9.9964E-05 0.129835 9.9964E-05 9.9964E-05 0.262095
0.129931 0.0771708 9.9964E-05 0.355834 9.9964E-05 9.9964E-05 0.175013 9.9964E-05 0.261652
9.9973E-05 0.0340202 9.9973E-05 0.0938344 9.9973E-05 0.0611363 0.196126 0.366742 0.247841
0.0813122 9.9973E-05 0.0170414 0.0466292 0.0452135 9.9973E-05 0.568452 9.9973E-05 0.241052
0.999201 9.993E-05 9.993E-05 9.993E-05 9.993E-05 9.993E-05 9.993E-05 9.993E-05 9.993E-05
9.9946E-05 0.0184978 9.9946E-05 0.719259 9.9946E-05 9.9946E-05 9.9946E-05 0.261644 9.9946E-05
0.0630407 0.104542 0.0324898 9.9982E-05 0.171278 0.0865291 9.9982E-05 0.197768 0.344152
9.9973E-05 0.0990834 0.275219 0.0218843 0.107199 0.174106 9.9973E-05 0.322208 9.9973E-05
0.0363515 0.318327 0.299268 0.061906 0.0135898 0.068712 0.0142178 0.187528 9.9991E-05
0.0375091 0.0411363 0.341413 0.155647 0.146432 9.9982E-05 9.9982E-05 0.00239457 0.275267
0.0870899 0.233108 0.450546 9.9964E-05 9.9964E-05 9.9964E-05 0.217746 9.9964E-05 0.0111105
0.999201 9.993E-05 9.993E-05 9.993E-05 9.993E-05 9.993E-05 9.993E-05 9.993E-05 9.993E-05
9.998E-05 0.148358 0.123724 0.276544 0.0590196 0.0353348 0.12119 9.998E-05 0.235629
0.157177 9.9982E-05 0.191089 9.9982E-05 0.0501945 0.0670133 0.205659 0.132548 0.196119
0.0425324 0.278414 0.388564 0.185279 9.9982E-05 0.0156532 0.0348681 9.9982E-05 0.0544886
9.9973E-05 0.128061 9.9973E-05 0.548148 0.084379 0.00807157 0.198733 9.9973E-05 0.0323078
