0.168491 0.167059 0.127477 0.144728 0.392245
9.999E-05 0.283701 0.176024 0.100941 0.439233
0.0773914 0.232861 9.9991E-05 0.599068 0.090579
0.573557 9.99821E-05 9.99821E-05 0.244138 0.182105
9.99821E-05 0.439145 9.99821E-05 0.275225 0.28543
0.671724 0.159143 0.0441574 0.124876 9.9991E-05
0.211465 0.437322 0.055335 0.0676054 0.228273
0.147912 0.152382 9.99821E-05 9.99821E-05 0.699506
0.141906 0.108241 0.550086 9.99911E-05 0.199667
0.397712 9.99821E-05 0.461247 0.140841 9.99821E-05
0.145944 0.201671 0.226162 0.382748 0.0434756
0.0270567 0.319365 0.0195167 9.99911E-05 0.633961
0.098067 9.99911E-05 0.451908 0.0554367 0.394488
0.38983 0.604027 9.99821E-05 0.00594349 9.99821E-05
0.19492 9.99821E-05 0.246875 9.99821E-05 0.558005
0.421136 0.0670019 9.99911E-05 0.241721 0.270041
0.238909 0.0194599 0.31695 0.0320107 0.392671
0.629226 0.251111 0.101674 0.0178893 9.9991E-05
9.99731E-05 9.99731E-05 0.356045 9.99731E-05 0.643655
0.720012 9.99821E-05 9.99821E-05 0.204103 0.0756855
0.730436 0.0105129 0.258851 9.99821E-05 9.99821E-05
9.99821E-05 9.99821E-05 0.390275 0.132793 0.476733
0.641624 0.12617 0.0729077 0.111548 0.0477506
0.16895 0.104005 9.9982E-05 0.726845 9.9982E-05
0.267525 0.154455 9.99911E-05 0.547524 0.0303952
0.122008 9.9991E-05 0.23315 0.382594 0.262148
0.0514761 0.194127 0.561938 0.111125 0.0813337
9.99821E-05 0.389052 0.141294 9.99821E-05 0.469454
0.318543 0.107421 0.0240607 9.9991E-05 0.549875
9.997E-05 9.997E-05 9.997E-05 0.9996 9.997E-05
0.185803 0.657072 0.13914 9.9991E-05 0.0178847
0.172871 0.340845 9.9991E-05 0.106231 0.379953
0.178388 9.99821E-05 0.601304 0.220107 9.99821E-05
0.167561 0.116691 0.0401704 0.0811426 0.594436
0.251603 0.360094 9.9991E-05 0.33818 0.0500218
0.689979 0.0197903 0.170358 0.100088 0.0197851
9.99911E-05 0.652148 0.0297342 0.0358419 0.282176
0.299484 9.99821E-05 0.492539 0.207778 9.99821E-05
0.157956 0.32439 0.0311859 0.151294 0.335174
0.627607 0.0596614 0.0611898 9.9991E-05 0.251442
9.99911E-05 0.159518 0.401609 0.41353 0.0252437
0.378182 0.236467 0.38515 9.99822E-05 9.99822E-05
0.469557 0.152252 0.286242 9.9991E-05 0.0918494
0.0885203 0.286484 0.100297 0.0597513 0.464947
0.0343753 0.191377 0.0250731 0.237077 0.512097
0.707889 9.99732E-05 9.99732E-05 9.99732E-05 0.291811
0.588667 9.99821E-05 0.317172 9.99821E-05 0.0939615
0.354244 0.133268 0.512288 9.99821E-05 9.99821E-05
0.318941 9.99822E-05 0.0799587 9.99822E-05 0.600901
0.481403 0.129614 9.9982E-05 9.9982E-05 0.388783
0.138997 9.9982E-05 9.9982E-05 0.349333 0.51147
0.371827 0.375855 0.233179 0.0190387 9.99911E-05
0.013004 9.9991E-05 0.510603 0.330151 0.146142
0.309561 9.99821E-05 9.99821E-05 0.192803 0.497436
0.00279847 0.756621 0.197784 9.99911E-05 0.042696
9.99821E-05 0.30312 0.480826 9.99821E-05 0.215854
9.9991E-05 0.331643 0.170849 0.320825 0.176583
9.99821E-05 0.436142 0.484087 9.99821E-05 0.0795707
0.0663124 0.642185 0.138546 0.00822952 0.144727
0.627621 0.155834 0.216345 9.99821E-05 9.99821E-05
0.138096 0.205683 9.99911E-05 0.245828 0.410292
0.204294 0.34167 0.374285 0.0796507 9.9991E-05
9.9991E-05 0.0370991 0.555469 0.105241 0.302091
0.0285263 0.104281 9.99911E-05 0.781678 0.0854149
0.0816365 0.121844 0.19055 0.175386 0.430584
9.99821E-05 9.99821E-05 0.28561 0.300267 0.413923
0.832672 9.9982E-05 9.9982E-05 0.0730378 0.0940905
0.138711 0.206938 0.278544 9.9991E-05 0.375706
0.139149 9.99821E-05 0.175775 9.99821E-05 0.684876
0.221877 9.99911E-05 0.251627 0.110272 0.416124
0.416371 0.509497 0.073932 9.99821E-05 9.99821E-05
9.9991E-05 0.101668 0.552995 0.158001 0.187236
9.99822E-05 0.933369 0.0173595 9.99822E-05 0.0490714
9.99911E-05 0.0624855 0.0566686 0.0593155 0.82143
0.24551 0.206751 9.99911E-05 0.128893 0.418747
9.99821E-05 0.519821 0.175185 9.99821E-05 0.304793
0.133262 9.99911E-05 0.112104 0.0861293 0.668405
9.9991E-05 0.473127 0.272853 0.160259 0.0936601
9.99821E-05 0.2813 9.99821E-05 0.11708 0.60142
0.0834828 0.385372 9.9991E-05 0.0152044 0.515841
0.307297 0.352407 9.99821E-05 9.99821E-05 0.340096
0.196177 0.0272111 0.0719354 0.326523 0.378154
0.576654 0.0982871 0.324859 9.99821E-05 9.99821E-05
0.133216 9.9991E-05 0.071625 0.289843 0.505217
0.426072 0.202431 0.181801 0.189596 9.9991E-05
0.47535 0.0448748 0.321031 0.0457785 0.112965
0.0883883 0.347998 0.563414 9.99821E-05 9.99821E-05
0.125822 0.211535 0.0761049 0.545894 0.0406441
0.428001 9.99911E-05 0.304649 0.176074 0.0911759
9.99821E-05 9.99821E-05 0.436999 0.0533868 0.509415
9.997E-05 9.997E-05 9.997E-05 0.9996 9.997E-05
0.679661 0.103119 0.146908 0.070211 9.99911E-05
0.4157 9.99821E-05 0.436636 0.147464 9.99821E-05
0.698398 0.120732 0.0879021 0.0928679 9.9991E-05
0.015534 0.0117004 0.713232 0.0534446 0.206089
0.440303 0.325391 0.0165114 0.000868665 0.216925
0.576725 9.99731E-05 0.422975 9.99731E-05 9.99731E-05
0.399986 9.9982E-05 0.487722 9.9982E-05 0.112092
0.275342 0.232616 9.9991E-05 0.471343 0.0205987
0.304201 0.00290226 0.345885 0.346911 9.9991E-05
0.03917 0.501484 0.414646 0.0446008 9.99911E-05
9.997E-05 9.997E-05 9.997E-05 0.9996 9.997E-05
9.99821E-05 0.030682 0.814694 0.154424 9.99821E-05
0.699048 9.99821E-05 0.247079 0.0536728 9.99821E-05
0.422334 9.9982E-05 0.0133206 9.9982E-05 0.564146
0.238959 9.9991E-05 0.290439 0.153085 0.317417
0.352834 0.303462 0.0834185 9.9991E-05 0.260186
0.307164 0.0288072 0.00866923 9.99911E-05 0.655259
0.341884 9.99821E-05 0.0745542 9.99821E-05 0.583362
0.480019 9.99822E-05 9.99822E-05 0.233488 0.286293
0.0122305 0.186008 0.471332 0.22214 0.108289
0.0620699 0.268079 9.9991E-05 0.196079 0.473672
0.0787462 9.99821E-05 9.99821E-05 0.738522 0.182532
0.0430926 0.369104 9.9991E-05 0.0416453 0.546058
9.99731E-05 9.99731E-05 0.0471343 0.952566 9.99731E-05
9.99821E-05 0.329478 0.415975 9.99821E-05 0.254347
0.341007 0.012355 9.9991E-05 0.036184 0.610354
9.9991E-05 0.0888147 0.223153 0.109556 0.578377
9.9991E-05 0.181813 0.0438635 0.476934 0.29729
0.301424 0.282958 9.9991E-05 0.0655974 0.349921
0.262349 9.99821E-05 0.349757 0.387694 9.99821E-05
0.362771 0.329734 9.99911E-05 0.293002 0.0143925
0.604826 9.99731E-05 9.99731E-05 9.99731E-05 0.394874
0.490303 0.265821 0.210738 9.9991E-05 0.033038
0.317621 9.99911E-05 0.283077 0.271228 0.127974
0.175059 0.0657273 0.553612 9.9991E-05 0.205501
9.99821E-05 9.99821E-05 0.561795 0.2464 0.191605
0.200668 0.348565 9.9982E-05 9.9982E-05 0.450567
0.587409 9.99822E-05 9.99822E-05 0.344504 0.0678871
0.61729 9.99911E-05 0.217042 0.0612496 0.104318
0.156554 9.99732E-05 0.843146 9.99732E-05 9.99732E-05
0.430068 0.345545 0.100597 0.0366225 0.0871681
0.238046 0.190578 0.403058 9.9991E-05 0.168218
0.213794 0.0691365 0.363308 9.9991E-05 0.353662
0.494717 0.0374977 0.380854 0.0119893 0.0749418
0.73495 9.99732E-05 9.99732E-05 9.99732E-05 0.26475
0.329831 9.99732E-05 9.99732E-05 9.99732E-05 0.669869
0.535056 9.99822E-05 9.99822E-05 0.130652 0.334092
9.99821E-05 0.28949 0.421045 9.99821E-05 0.289265
0.398404 9.99821E-05 9.99821E-05 0.0232004 0.578195
0.0473234 0.765376 9.99821E-05 0.187101 9.99821E-05
0.457898 9.99821E-05 0.479513 0.0623892 9.99821E-05
0.149922 0.162897 0.539706 0.0523532 0.0951215
0.0885047 9.99821E-05 0.868517 0.0427782 9.99821E-05
0.201545 9.9991E-05 0.0210482 0.587818 0.189488
0.238543 0.0791235 9.9991E-05 0.041868 0.640365
9.997E-05 0.9996 9.997E-05 9.997E-05 9.997E-05
0.321385 0.112743 0.0343863 0.300828 0.230658
0.536977 0.308307 9.9991E-05 0.0290378 0.125579
0.0167261 0.642865 0.207422 9.99911E-05 0.132887
9.99911E-05 0.481016 0.0606493 0.0379237 0.420311
9.99821E-05 0.117932 0.549912 9.99821E-05 0.331956
0.158467 0.284839 9.9991E-05 0.0262369 0.530358
9.9991E-05 0.406517 0.2106 0.0813436 0.30144
0.305403 0.540379 9.99821E-05 0.154018 9.99821E-05
0.710835 0.154448 0.0479711 9.99911E-05 0.0866462
0.279375 0.465668 9.99821E-05 0.254757 9.99821E-05
9.99911E-05 0.380285 0.324846 0.279004 0.0157659
9.99821E-05 0.101383 9.99821E-05 0.0421023 0.856314
0.186281 9.9991E-05 0.212838 0.270767 0.330014
9.997E-05 0.9996 9.997E-05 9.997E-05 9.997E-05
0.189843 0.0736634 0.176565 0.0390264 0.520902
0.0492693 0.462958 9.9991E-05 0.129428 0.358244
9.99821E-05 0.321183 0.384156 9.99821E-05 0.294461
9.99822E-05 0.0388208 0.611785 9.99822E-05 0.349195
0.377293 9.9991E-05 0.315979 0.163976 0.142652
0.164803 0.229285 0.175026 0.131962 0.298924
9.997E-05 9.997E-05 9.997E-05 9.997E-05 0.9996
0.229012 0.770688 9.99732E-05 9.99732E-05 9.99732E-05
0.318727 0.29488 0.244347 0.115101 0.0269453
0.0808891 9.99821E-05 9.99821E-05 0.199831 0.71908
0.138419 0.288138 0.00249498 9.9991E-05 0.570848
0.26963 0.22813 0.233171 9.9991E-05 0.268969
0.404792 9.99821E-05 9.99821E-05 0.290009 0.304999
0.149208 9.99911E-05 0.0805766 0.0541606 0.715954
0.131392 0.150833 9.99822E-05 9.99822E-05 0.717575
0.0170683 0.0147524 0.408962 0.209466 0.349752
0.839194 0.160506 9.99733E-05 9.99733E-05 9.99733E-05
0.334906 0.0579135 0.482076 0.125005 9.99911E-05
0.052698 0.0644339 0.766159 9.99911E-05 0.116609
0.543712 0.0215111 0.434577 9.99821E-05 9.99821E-05
0.401276 0.240885 0.357639 9.99821E-05 9.99821E-05
0.668006 0.0197365 0.104834 0.103395 0.104029
0.235254 0.179544 9.99911E-05 0.0955872 0.489514
0.915073 9.99732E-05 9.99732E-05 9.99732E-05 0.0846271
9.99821E-05 0.253969 0.055173 9.99821E-05 0.690658
0.300035 0.140264 0.122263 9.9991E-05 0.437338
0.11113 0.349856 9.9991E-05 0.187565 0.351349
0.635366 0.255549 0.0897948 0.0191911 9.9991E-05
