0.783774 9.99821E-05 9.99821E-05 0.0860245 0.130001
0.207417 0.0360658 0.4723 0.155032 0.129185
0.122725 0.221087 0.158202 0.352151 0.145835
0.617065 0.117395 9.9991E-05 0.143827 0.121613
0.159961 9.99821E-05 0.4286 9.99821E-05 0.411239
0.834122 0.120741 9.99821E-05 9.99821E-05 0.0449371
0.203832 9.99821E-05 0.485532 9.99821E-05 0.310435
0.768378 9.99821E-05 0.207579 9.99821E-05 0.0238438
9.999E-05 0.167728 0.0920347 0.69439 0.0457474
0.173292 0.120398 9.9991E-05 0.616057 0.0901532
0.0443275 0.447076 9.9991E-05 0.433513 0.0749838
0.293712 9.99911E-05 0.340668 0.224387 0.141133
0.309909 0.117072 0.287199 0.0749443 0.210876
0.197312 9.9991E-05 0.480247 0.154044 0.168297
0.397797 0.166145 0.060143 0.375815 9.99911E-05
0.211003 9.99821E-05 0.341819 9.99821E-05 0.446977
0.412883 0.109143 0.108969 0.297461 0.0715439
0.301688 0.176099 0.198915 0.202209 0.121089
0.322813 0.187656 0.0556791 0.433751 9.99911E-05
0.714684 0.112372 9.99821E-05 9.99821E-05 0.172744
0.180109 0.309567 9.9991E-05 0.302941 0.207283
0.124003 0.101067 0.026931 0.458633 0.289366
0.468863 0.256881 0.0091986 0.035285 0.229772
0.192893 9.99821E-05 0.0764432 9.99821E-05 0.730464
0.208248 0.535743 9.99821E-05 9.99821E-05 0.255809
0.373844 9.9991E-05 0.0455527 0.345216 0.235288
0.0931927 0.0126032 0.0187293 0.73489 0.140585
0.104103 0.25852 0.568228 0.0690487 9.99911E-05
0.179784 0.398055 0.353749 0.068312 9.9991E-05
9.99732E-05 0.114744 9.99732E-05 9.99732E-05 0.884956
0.24944 0.0629098 0.48336 0.204191 9.99911E-05
0.356885 0.0142528 0.528174 0.100588 9.99911E-05
9.99821E-05 0.239066 9.99821E-05 0.694649 0.0660844
0.516882 0.0496975 0.272431 0.117778 0.0432115
0.706867 9.9982E-05 9.9982E-05 0.0219358 0.270998
0.720839 9.99732E-05 9.99732E-05 0.278861 9.99732E-05
0.0953529 0.123333 0.651847 0.0968479 0.032619
0.316771 0.492459 9.99911E-05 0.0591782 0.131492
0.38735 0.0838741 0.319163 0.0788994 0.130714
0.324897 0.373482 0.159059 0.0268587 0.115703
9.99821E-05 9.99821E-05 0.0374333 0.721268 0.241099
0.192769 9.99822E-05 9.99822E-05 0.703572 0.103458
0.410438 0.0873384 0.176325 0.290052 0.0358467
0.405064 0.227922 0.0125151 0.354399 9.9991E-05
0.000574355 0.364202 0.397264 0.136372 0.101588
0.752764 0.0613122 9.99821E-05 0.185724 9.99821E-05
0.715682 9.99821E-05 9.99821E-05 0.235668 0.0484502
0.128556 0.0532853 0.0786657 0.739393 9.9991E-05
0.51822 9.99733E-05 9.99733E-05 0.48148 9.99733E-05
0.902342 9.99731E-05 9.99731E-05 9.99731E-05 0.0973576
0.599723 0.120382 9.9982E-05 9.9982E-05 0.279695
0.209061 0.270702 0.213115 0.307022 9.9991E-05
0.121654 9.9982E-05 9.9982E-05 0.610887 0.267259
0.568825 0.303839 9.99821E-05 9.99821E-05 0.127136
9.99821E-05 0.159708 0.839911 0.000180654 9.99821E-05
9.99911E-05 0.137871 0.365909 0.428713 0.0674069
0.0998835 0.150714 0.346581 0.13627 0.266551
9.99733E-05 9.99733E-05 0.884743 0.114957 9.99733E-05
0.187873 0.105553 0.495211 0.211263 9.9991E-05
0.529421 0.095245 9.99821E-05 0.375134 9.99821E-05
0.53572 0.194461 0.0407258 0.218477 0.0106155
0.22974 9.9991E-05 0.0190818 0.615152 0.135926
0.0751365 9.99821E-05 0.121155 0.803508 9.99821E-05
0.0154264 0.0538481 0.126329 9.9991E-05 0.804296
0.553127 9.99911E-05 0.193559 0.136792 0.116422
9.99731E-05 0.236992 9.99731E-05 0.762708 9.99731E-05
0.95615 9.99731E-05 9.99731E-05 9.99731E-05 0.0435498
0.370643 9.99821E-05 0.216001 0.413157 9.99821E-05
0.832918 0.130283 9.99821E-05 0.0365998 9.99821E-05
0.322085 0.0150444 9.99911E-05 0.585652 0.0771189
0.255482 0.0884804 0.240094 0.415844 9.9991E-05
0.0961075 9.99821E-05 9.99821E-05 0.746709 0.156984
9.99732E-05 9.99732E-05 0.928673 9.99732E-05 0.0710272
0.473238 0.0554063 0.20711 0.264146 9.99911E-05
0.671254 9.99821E-05 0.125827 9.99821E-05 0.20272
0.0644662 9.99821E-05 0.683178 0.252156 9.99821E-05
0.333658 0.0898834 9.99911E-05 0.398795 0.177563
9.99821E-05 0.355754 0.204988 0.439058 9.99821E-05
0.145548 0.399043 0.293964 0.161299 0.000146573
0.080981 0.269195 0.607943 0.0417806 9.9991E-05
0.626373 9.99732E-05 0.373327 9.99732E-05 9.99732E-05
0.435838 0.123705 9.99911E-05 0.184231 0.256127
0.620806 0.0186655 0.136384 0.224044 9.99911E-05
0.316255 0.173843 0.0117073 0.367385 0.13081
0.374009 9.9991E-05 0.176883 0.19232 0.256688
0.613044 9.9973E-05 9.9973E-05 0.386656 9.9973E-05
9.99911E-05 0.0895042 0.394163 0.430241 0.0859915
0.15576 0.0402885 0.00127417 0.205794 0.596883
0.506235 0.372052 9.9991E-05 0.0238233 0.0977899
0.219638 0.243821 9.9991E-05 0.474965 0.0614762
9.997E-05 9.997E-05 9.997E-05 9.997E-05 0.9996
0.357275 9.99911E-05 0.224974 0.176587 0.241064
0.21441 9.99822E-05 9.99822E-05 0.583969 0.201422
0.157183 0.30383 9.9991E-05 0.51083 0.0280562
0.0737771 9.9991E-05 0.158072 0.740298 0.0277536
0.345552 0.154845 0.206942 0.239242 0.0534184
0.308518 9.99821E-05 9.99821E-05 0.430595 0.260687
0.442634 9.99731E-05 9.99731E-05 0.557066 9.99731E-05
0.367949 0.00669439 0.0506554 9.9991E-05 0.574601
0.0567774 9.9991E-05 0.124848 0.227889 0.590386
9.99821E-05 9.99821E-05 0.482883 0.217538 0.299379
9.99732E-05 0.141933 9.99732E-05 9.99732E-05 0.857767
9.99732E-05 0.454677 9.99732E-05 0.545023 9.99732E-05
9.99731E-05 0.931041 9.99731E-05 9.99731E-05 0.0686594
0.827617 9.9991E-05 0.0161031 0.119828 0.0363512
0.518065 0.0578128 0.0183382 0.308927 0.0968566
0.551476 9.99821E-05 0.377211 0.0711126 9.99821E-05
0.665697 0.136087 0.198016 9.99821E-05 9.99821E-05
0.820759 0.178941 9.99732E-05 9.99732E-05 9.99732E-05
0.177262 0.574872 9.9991E-05 0.113075 0.134692
0.00655502 9.99911E-05 0.401402 0.104084 0.487859
0.477509 9.9991E-05 0.245551 0.00901949 0.267821
0.0435934 0.127498 0.133739 9.99911E-05 0.69507
0.210813 0.30821 0.367598 9.99911E-05 0.113279
9.997E-05 9.997E-05 9.997E-05 9.997E-05 0.9996
9.99911E-05 0.218133 0.349573 0.386182 0.0460122
0.531346 0.0286111 9.9991E-05 0.429924 0.0100192
0.164696 9.9991E-05 0.295386 0.46647 0.0733482
9.9982E-05 0.282681 0.414743 9.9982E-05 0.302376
0.438453 0.240668 0.247765 9.9991E-05 0.0730143
0.11212 9.99821E-05 9.99821E-05 0.420286 0.467394
0.298577 0.0657346 0.339554 9.9991E-05 0.296034
0.82449 0.13267 0.00583366 9.9991E-05 0.0369062
0.634513 0.0347938 0.0847996 0.245793 9.99911E-05
0.342712 0.161098 9.99911E-05 0.485098 0.0109915
0.405231 0.0024024 0.0142361 0.57803 9.9991E-05
9.99732E-05 9.99732E-05 9.99732E-05 0.707578 0.292122
0.416452 0.145226 0.438122 9.99821E-05 9.99821E-05
0.179125 0.72319 9.99821E-05 9.99821E-05 0.0974851
0.596499 0.0606275 0.118923 0.0310894 0.192861
0.075935 0.0245606 9.99821E-05 0.899304 9.99821E-05
0.521332 0.0798047 0.183513 0.21525 9.9991E-05
0.0727221 0.136449 0.292932 0.497797 9.9991E-05
0.353465 0.241518 0.00839298 0.396525 9.9991E-05
0.228755 0.145435 9.99821E-05 0.625611 9.99821E-05
0.9996 9.997E-05 9.997E-05 9.997E-05 9.997E-05
0.792092 0.0807334 0.126975 9.99822E-05 9.99822E-05
0.844147 0.155553 9.99733E-05 9.99733E-05 9.99733E-05
0.0797502 0.314771 0.268583 0.336796 9.99911E-05
0.764558 0.220695 9.99821E-05 9.99821E-05 0.0145473
0.0592149 0.387532 0.553053 9.99821E-05 9.99821E-05
0.483558 0.36417 0.0241644 9.99911E-05 0.128008
0.142745 0.00928989 0.165774 0.61711 0.065081
9.99732E-05 0.237855 9.99732E-05 0.761845 9.99732E-05
0.113369 9.99821E-05 9.99821E-05 0.139379 0.747052
0.408802 0.177469 0.306754 9.9991E-05 0.106874
9.99731E-05 9.99731E-05 0.691376 0.308324 9.99731E-05
0.560873 0.185487 9.99911E-05 0.16125 0.0922892
0.348489 9.99821E-05 0.200825 9.99821E-05 0.450487
9.99821E-05 0.130037 0.595123 0.27464 9.99821E-05
0.053253 0.278812 0.558914 0.108921 9.99911E-05
0.0349759 9.99821E-05 0.159811 0.805014 9.99821E-05
0.51996 0.0274739 0.360962 0.0915039 9.9991E-05
0.250314 0.0686976 0.468758 0.119343 0.0928869
0.290185 9.99821E-05 0.253454 9.99821E-05 0.456161
0.460424 0.210291 9.99821E-05 0.329085 9.99821E-05
0.0300585 0.438393 0.498927 9.9991E-05 0.0325218
0.149504 0.117075 9.99911E-05 0.628746 0.104574
0.913418 9.99732E-05 0.0862823 9.99732E-05 9.99732E-05
0.317078 0.152321 9.9991E-05 0.189026 0.341476
9.99731E-05 9.99731E-05 0.629463 0.370237 9.99731E-05
0.567323 9.99732E-05 9.99732E-05 0.432377 9.99732E-05
0.429774 0.0387266 0.394456 0.0882118 0.0488319
9.99821E-05 0.0168504 0.265558 0.717391 9.99821E-05
0.114819 9.99732E-05 9.99732E-05 0.884881 9.99732E-05
0.546017 0.00338065 9.9991E-05 0.269292 0.18121
0.507201 0.00109149 0.234738 0.127002 0.129968
0.131909 0.314098 0.553793 9.99822E-05 9.99822E-05
9.99732E-05 9.99732E-05 0.948405 9.99732E-05 0.051295
0.176602 0.0914897 0.213342 0.311114 0.207453
0.549664 0.229639 0.119895 9.99911E-05 0.100702
0.535965 0.127703 0.336132 9.99821E-05 9.99821E-05
9.99821E-05 0.242855 0.363228 0.393717 9.99821E-05
0.687212 9.99821E-05 9.99821E-05 0.163374 0.149215
0.753056 0.036902 0.00400993 0.141033 0.0649997
0.584582 0.0929825 0.322236 9.99822E-05 9.99822E-05
0.347152 9.99911E-05 0.230276 0.0727305 0.349741
0.180562 0.803364 0.0158741 9.99821E-05 9.99821E-05
0.416163 0.19393 9.99911E-05 0.361944 0.0278626
9.99821E-05 0.0986723 0.0536801 0.847448 9.99821E-05
0.310413 9.99732E-05 9.99732E-05 0.689287 9.99732E-05
0.42099 0.147584 9.99821E-05 0.431226 9.99821E-05
0.647166 9.99821E-05 9.99821E-05 0.308008 0.0446259
0.518491 9.99821E-05 0.333925 9.99821E-05 0.147384
9.997E-05 0.9996 9.997E-05 9.997E-05 9.997E-05
0.205815 9.99911E-05 0.295961 0.436811 0.0613122
0.564179 0.189264 0.241515 0.00494204 9.9991E-05
0.145856 0.199439 0.392375 9.9991E-05 0.26223
0.444348 0.0104178 0.182842 0.104391 0.258001
