0.246729 0.682938 9.9982E-05 9.9982E-05 0.0701332
9.999E-05 0.156035 0.414701 0.137591 0.291573
0.373975 0.350288 0.170735 9.9991E-05 0.104902
0.0251308 0.652133 0.0261847 0.119066 0.177485
0.0216988 0.282273 0.449854 0.126905 0.119268
0.00496245 0.227961 0.545342 9.9991E-05 0.221634
0.400672 0.439419 9.9982E-05 9.9982E-05 0.159709
0.203141 0.302961 0.333826 0.158213 0.00185853
0.316235 0.198539 0.210868 0.0411392 0.233218
0.318056 9.9982E-05 9.9982E-05 0.308094 0.37365
0.30997 0.0684816 0.146439 9.9991E-05 0.47501
0.485614 9.9991E-05 0.0285584 0.21495 0.270777
0.298193 0.218308 0.23787 0.112674 0.132955
0.2556 0.169737 0.344947 0.1578 0.071916
0.209829 9.9982E-05 0.761986 9.9982E-05 0.027985
0.283386 0.111892 0.493639 0.110983 9.9991E-05
9.9982E-05 9.9982E-05 0.847848 0.132581 0.0193716
0.350955 0.313841 0.115541 0.176258 0.0434048
0.289395 0.240578 0.239982 0.0658556 0.16419
0.191988 0.503039 0.114685 9.9991E-05 0.190188
0.379431 0.364046 0.126249 9.9991E-05 0.130174
0.227379 0.216395 0.153267 0.118355 0.284604
0.256362 0.36217 0.228851 0.0393697 0.113247
9.9982E-05 0.543449 0.295084 0.161267 9.9982E-05
0.425725 9.9973E-05 9.9973E-05 9.9973E-05 0.573975
0.124248 0.377613 0.25769 0.176089 0.0643599
0.345478 0.064764 0.10871 0.156596 0.324452
0.0169135 0.391472 0.18536 0.189598 0.216656
0.0846786 0.298716 0.268783 0.180338 0.167485
9.9982E-05 0.113579 0.273017 0.613204 9.9982E-05
0.118409 0.055233 0.386242 0.0470849 0.393031
0.514538 0.086613 9.9982E-05 9.9982E-05 0.398649
0.0558248 0.419921 0.328305 0.195849 9.9991E-05
0.173566 0.369778 0.26576 0.00330536 0.18759
0.307424 0.281837 0.174496 0.0518575 0.184386
0.253047 0.746653 9.99731E-05 9.99731E-05 9.99731E-05
0.00956898 0.548163 0.155742 0.0341803 0.252346
0.189512 0.212153 9.9991E-05 0.260664 0.33757
0.276548 0.0617282 0.403542 0.113635 0.144546
0.273046 0.227477 0.391556 9.9991E-05 0.107821
0.0628662 0.153394 0.1625 0.177048 0.444191
0.164493 0.425493 0.224752 0.00699682 0.178264
0.0736128 0.464278 0.182079 0.0761045 0.203926
0.00782986 0.498856 9.9991E-05 0.247007 0.246207
0.644236 9.9982E-05 9.9982E-05 0.120883 0.234681
0.18511 0.207453 0.248727 9.9991E-05 0.358609
0.178696 0.528905 0.234342 0.0579564 9.9991E-05
0.269616 0.310371 0.217002 0.0628531 0.140158
0.180374 0.350136 0.0238662 0.174405 0.27122
0.211818 0.137043 0.449345 0.139113 0.0626809
0.318863 0.0825694 0.250392 0.130475 0.217701
0.413207 0.214235 0.236128 0.0265675 0.109863
9.9991E-05 0.101128 0.792577 0.0785005 0.0276945
0.407566 0.0904485 0.278492 0.0513461 0.172148
0.00229597 0.139209 0.0770488 0.352401 0.429046
0.350017 0.401891 0.0596302 9.9991E-05 0.188363
0.166989 9.9991E-05 0.0244133 0.22039 0.588108
9.9982E-05 0.330663 9.9982E-05 0.26195 0.407187
0.136704 0.0828406 0.447409 9.9991E-05 0.332946
0.302301 0.0745752 0.123807 0.0918088 0.407508
9.9991E-05 0.60075 0.25151 0.0865931 0.0610469
0.298302 0.215016 0.297521 0.0340831 0.155078
0.283915 0.23324 0.482382 0.000363221 9.9991E-05
0.127082 9.9973E-05 9.9973E-05 0.872618 9.9973E-05
9.9982E-05 0.589033 0.155749 9.9982E-05 0.255019
0.0388977 0.951239 0.00966336 9.9982E-05 9.9982E-05
0.349883 0.368691 0.00794347 0.042982 0.2305
0.0460929 0.426252 0.294868 0.107098 0.125688
9.9973E-05 0.878255 9.9973E-05 0.121445 9.9973E-05
0.0916515 0.153337 0.349382 0.165397 0.240232
0.282501 0.127618 0.0711024 0.0840142 0.434764
0.226085 0.242007 0.42981 0.101999 9.9991E-05
0.303222 0.173319 0.282547 0.139734 0.101179
0.00473858 0.0565342 0.497603 0.12706 0.314064
0.12432 0.0123946 0.325189 0.205245 0.332851
0.146009 9.9982E-05 0.429524 9.9982E-05 0.424267
0.458387 0.258123 0.0779342 0.0482528 0.157303
9.9991E-05 0.570217 0.183119 0.0800728 0.166492
9.9982E-05 0.642314 0.266872 9.9982E-05 0.0906132
0.260864 0.274772 0.228382 0.155768 0.0802149
0.269182 0.28625 0.232847 0.0646753 0.147046
0.214977 0.412909 0.176864 0.0904561 0.104794
0.157795 0.0892899 0.0457038 0.296451 0.41076
0.196772 0.068094 0.632487 9.9991E-05 0.102547
0.263756 0.348469 0.237694 0.059134 0.0909466
0.201822 0.281123 0.0784883 0.0273907 0.411176
0.151539 0.639915 0.155893 0.0525526 9.9991E-05
0.633941 9.9982E-05 0.0655789 9.9982E-05 0.30028
0.284693 0.141561 0.360074 0.203993 0.00967877
0.311077 0.266665 0.118117 0.01313 0.291011
9.997E-05 9.997E-05 9.997E-05 0.9996 9.997E-05
0.342977 9.9982E-05 0.211609 9.9982E-05 0.445214
0.174832 0.637528 0.127253 9.9991E-05 0.0602866
0.108527 0.0508837 0.714021 0.126468 9.9991E-05
0.00290911 0.689086 0.107747 9.9991E-05 0.200157
9.9991E-05 0.503849 0.246462 0.162717 0.0868723
9.9991E-05 0.412083 0.160895 0.147172 0.27975
0.387757 0.397714 9.9982E-05 9.9982E-05 0.21433
0.453513 0.14752 9.9982E-05 0.398767 9.9982E-05
0.0167537 0.295509 0.312829 0.344594 0.0303141
0.212483 0.347843 0.175273 0.151896 0.112504
9.997E-05 9.997E-05 9.997E-05 0.9996 9.997E-05
0.0973252 0.0888842 0.426731 0.0882276 0.298832
9.997E-05 9.997E-05 9.997E-05 9.997E-05 0.9996
0.0914932 0.0635153 0.43474 0.112031 0.298221
9.9991E-05 0.0294 0.658675 0.0593607 0.252464
0.39142 0.189785 0.357046 0.0196842 0.0420643
0.236036 0.461891 0.0889577 0.0195493 0.193566
0.15397 9.9991E-05 0.456549 0.155818 0.233563
0.131243 0.522347 0.0671993 0.126978 0.152233
0.110072 0.396763 0.284494 9.9991E-05 0.208571
0.419591 0.0358112 0.0586416 0.178387 0.30757
9.9991E-05 0.264622 0.386131 0.0523733 0.296773
0.329244 0.0609205 0.231804 0.377931 9.9991E-05
0.151084 0.622454 0.0853117 0.0971207 0.0440299
9.997E-05 9.997E-05 9.997E-05 0.9996 9.997E-05
0.0474457 0.205262 0.287417 0.0366666 0.423209
0.404891 0.545056 0.0498534 9.9982E-05 9.9982E-05
0.215774 0.26078 0.124206 0.148208 0.251032
0.615658 0.0709819 9.9991E-05 0.00929701 0.303963
0.320223 0.313616 0.251236 0.0525804 0.0623443
0.24325 0.187798 0.187877 0.380975 9.9991E-05
0.432049 0.18929 0.0233227 0.244348 0.110991
0.131547 0.0795901 0.684622 9.9991E-05 0.104141
0.332242 0.119309 9.9991E-05 0.283544 0.264805
0.172912 0.0253914 0.801496 9.9982E-05 9.9982E-05
0.121851 0.25026 0.282637 0.0119291 0.333323
0.223432 0.284508 0.0767028 0.168543 0.246814
0.253002 0.0989046 0.241973 0.0362575 0.369862
0.287606 0.143283 0.126802 0.255977 0.186333
0.4027 0.561689 9.9982E-05 0.0354108 9.9982E-05
0.197135 0.551824 0.209678 0.0365105 0.00485163
0.201619 0.236467 0.278075 0.241596 0.0422429
0.146052 9.9991E-05 0.538949 0.0873187 0.227581
0.176059 0.530417 9.9991E-05 0.105717 0.187707
0.457222 0.14225 9.9991E-05 0.0343404 0.366088
9.997E-05 9.997E-05 0.9996 9.997E-05 9.997E-05
9.9973E-05 9.9973E-05 0.983437 0.016263 9.9973E-05
0.324905 0.205313 0.0913255 0.102076 0.27638
0.119786 0.458917 0.0252262 0.0929065 0.303164
0.299492 0.227516 0.110501 0.0649956 0.297495
0.20043 9.9982E-05 0.564319 9.9982E-05 0.235051
0.0820991 0.318949 9.9991E-05 0.224486 0.374366
0.304143 0.29163 9.9991E-05 0.10917 0.294958
0.115647 0.354964 0.30491 0.124849 0.0996304
0.258544 0.275368 0.186676 0.279313 9.9991E-05
0.219209 0.332174 0.298925 9.9991E-05 0.149592
0.9996 9.997E-05 9.997E-05 9.997E-05 9.997E-05
0.264837 0.65353 9.9982E-05 9.9982E-05 0.0814331
9.9982E-05 0.655813 0.0319401 9.9982E-05 0.312046
0.258191 9.9991E-05 0.188829 0.189893 0.362987
0.176856 0.228432 0.265723 9.9991E-05 0.328889
0.601436 0.14893 0.0436586 0.0485286 0.157447
0.451314 9.9991E-05 0.203348 0.189909 0.15533
0.263113 0.0857255 0.318577 0.165325 0.16726
0.183551 0.313964 0.292953 0.194363 0.0151684
0.37015 0.420779 9.9982E-05 9.9982E-05 0.208871
0.00254881 0.170512 0.270337 0.237547 0.319055
9.9973E-05 0.786694 9.9973E-05 0.213006 9.9973E-05
0.180375 0.360445 0.197542 0.167904 0.0937343
0.405488 0.37277 9.9982E-05 9.9982E-05 0.221543
0.9996 9.997E-05 9.997E-05 9.997E-05 9.997E-05
0.70056 9.9973E-05 0.29914 9.9973E-05 9.9973E-05
9.9991E-05 0.428998 0.416697 0.0284373 0.125768
0.160152 0.244923 0.202951 0.053965 0.338009
0.151611 0.725479 9.9991E-05 0.113918 0.00889249
0.24166 0.37344 0.248782 9.9991E-05 0.136018
0.192186 0.131084 0.457934 9.9991E-05 0.218697
9.997E-05 9.997E-05 0.9996 9.997E-05 9.997E-05
0.383931 0.194012 0.358988 0.0629699 9.9991E-05
0.142276 0.15372 0.193893 0.105732 0.404379
0.150234 9.9991E-05 0.43705 0.132181 0.280435
0.267406 0.603094 0.0409546 0.0884454 9.9991E-05
0.257076 0.121604 0.42364 9.9991E-05 0.19758
0.197099 0.467622 0.213435 9.9991E-05 0.121745
9.9991E-05 0.327736 0.238844 0.049621 0.383698
0.472042 0.185231 0.232791 9.9991E-05 0.109836
0.110728 0.0687288 0.430398 0.0742435 0.315902
9.997E-05 9.997E-05 9.997E-05 9.997E-05 0.9996
0.0606543 0.319873 0.022514 0.240314 0.356645
0.0537813 9.9982E-05 0.825978 0.120041 9.9982E-05
0.267625 0.167905 0.163631 0.156906 0.243933
0.122883 0.416062 0.157414 0.0480841 0.255557
0.188762 0.502625 0.152367 0.156146 9.9991E-05
0.284227 0.337243 0.338853 9.9991E-05 0.039577
9.997E-05 9.997E-05 9.997E-05 9.997E-05 0.9996
0.274055 0.375561 0.262667 0.0772183 0.0104991
0.175727 0.228633 0.237947 0.128552 0.229141
0.0335782 0.531676 0.291379 0.0238119 0.119554
0.454314 0.156218 0.295637 0.0937308 9.9991E-05
