9.9991E-05 0.138309 0.861591
0.381143 0.340253 0.278604
0.456169 0.188289 0.355542
0.349845 0.140615 0.50954
0.659836 0.0391019 0.301062
0.715304 0.0476161 0.23708
0.45927 0.129785 0.410945
0.434604 0.24811 0.317285
0.594625 0.250846 0.154529
0.229173 0.713549 0.0572779
0.322049 0.580827 0.0971244
0.690752 0.309148 9.9991E-05
0.609399 0.0781676 0.312433
0.55442 0.217942 0.227638
0.870517 0.0675912 0.0618919
0.240025 0.15062 0.609354
0.524319 0.475581 9.9991E-05
0.411237 0.296503 0.29226
0.479199 0.0471648 0.473636
0.385506 0.156499 0.457995
0.474387 0.157665 0.367947
0.241629 0.130363 0.628009
0.419109 0.094357 0.486534
0.430001 0.0609737 0.509025
0.394418 0.493337 0.112245
0.298797 0.23479 0.466414
0.351179 0.407609 0.241212
0.337889 0.428698 0.233413
0.348372 0.426941 0.224687
0.16607 0.66539 0.16854
0.494638 0.2842 0.221163
0.300521 0.533967 0.165513
0.483391 0.112942 0.403667
0.59198 0.129297 0.278723
0.525617 0.26817 0.206213
9.999E-05 9.999E-05 0.9998
0.413553 0.158651 0.427796
9.9991E-05 0.508062 0.491838
0.752564 0.247336 9.9991E-05
0.590754 9.9991E-05 0.409146
0.0288512 0.292388 0.678761
0.378837 0.218242 0.402921
0.20001 0.303633 0.496356
0.123558 0.256589 0.619852
0.32633 0.428434 0.245236
0.52993 0.402924 0.0671465
0.663939 0.0149533 0.321108
0.656819 0.106701 0.23648
0.188843 0.432575 0.378582
0.536921 0.0348084 0.42827
0.467581 0.276241 0.256179
0.594566 0.0986739 0.30676
0.229586 0.147097 0.623317
0.482525 0.411123 0.106352
0.204963 0.271784 0.523253
0.675336 0.0628642 0.261799
0.320059 0.211527 0.468414
0.316195 0.147512 0.536294
0.461235 0.158896 0.379869
0.455253 0.234038 0.310709
0.582159 9.9991E-05 0.417741
0.655842 0.17427 0.169888
0.583191 9.9991E-05 0.416709
9.999E-05 0.9998 9.999E-05
0.288192 0.218141 0.493667
9.999E-05 9.999E-05 0.9998
0.44441 0.0312196 0.52437
0.698655 0.127759 0.173586
0.307146 0.0266627 0.666191
0.229544 0.278719 0.491737
0.43693 0.556641 0.00642887
0.387612 0.16208 0.450308
0.44731 0.227321 0.325369
0.410816 0.400521 0.188662
0.193451 0.569626 0.236923
0.496024 0.317371 0.186605
0.734967 0.160839 0.104194
0.469039 0.178038 0.352923
0.55057 0.0958536 0.353577
0.57739 0.232653 0.189958
0.37926 0.230554 0.390186
0.847751 0.0566218 0.0956271
0.0876045 0.4833 0.429095
0.673053 0.180226 0.14672
0.68992 0.0689624 0.241118
0.167969 0.15579 0.67624
0.280249 9.9991E-05 0.719651
0.9998 9.999E-05 9.999E-05
0.34099 0.254917 0.404093
0.49019 0.0017397 0.50807
9.999E-05 0.9998 9.999E-05
0.335546 0.375166 0.289288
0.513421 9.9991E-05 0.486479
0.336852 0.277624 0.385525
0.426439 0.0904383 0.483123
0.374201 0.231041 0.394758
9.9991E-05 0.350785 0.649115
0.855528 0.067495 0.0769767
0.461151 0.392874 0.145975
0.253896 0.421829 0.324276
0.429634 0.241833 0.328533
9.999E-05 0.9998 9.999E-05
0.445497 0.328977 0.225526
9.999E-05 0.9998 9.999E-05
0.318812 0.299457 0.381731
0.201043 0.0872682 0.711688
0.578889 0.066652 0.354459
0.155658 0.216141 0.628202
0.294589 0.487951 0.21746
0.364613 0.0701704 0.565216
0.646632 0.0854537 0.267915
0.452861 0.385976 0.161164
0.217137 0.349509 0.433355
0.41016 0.466103 0.123737
0.359599 0.245901 0.3945
9.999E-05 0.9998 9.999E-05
0.353473 0.359359 0.287168
0.237334 0.113067 0.6496
0.651818 0.172808 0.175374
0.368352 0.430771 0.200877
0.758681 0.116778 0.124541
0.437992 0.389905 0.172103
0.502265 0.367326 0.130409
0.657018 0.0579473 0.285035
0.513229 0.253807 0.232964
0.94329 0.0566096 9.9991E-05
0.371169 0.324767 0.304064
0.37125 0.258374 0.370376
0.795373 0.00129793 0.203329
0.063264 0.516554 0.420182
0.337237 0.0830082 0.579755
0.714235 0.00368306 0.282082
0.626152 0.373748 9.9991E-05
0.347718 0.469237 0.183045
0.631497 0.16407 0.204433
0.60927 0.281899 0.10883
0.135635 0.144159 0.720206
9.9991E-05 0.0769476 0.922952
0.468884 0.197605 0.333511
0.564263 0.262946 0.17279
0.764053 0.174773 0.0611742
0.610429 0.318782 0.0707885
0.454841 0.34964 0.19552
0.266843 0.456827 0.27633
0.578483 0.101639 0.319878
0.0885131 0.48797 0.423517
0.357754 0.199827 0.442419
0.9998 9.999E-05 9.999E-05
0.195601 0.1168 0.687599
0.0792495 0.128643 0.792107
0.81323 0.130707 0.0560632
0.660727 0.0178164 0.321456
0.529032 0.243193 0.227775
0.41293 0.225357 0.361713
0.881705 0.062334 0.0559608
0.192104 0.365581 0.442314
0.499253 9.9991E-05 0.500647
0.482178 0.19876 0.319062
9.999E-05 9.999E-05 0.9998
0.412398 0.293669 0.293933
0.531971 0.162766 0.305263
0.9998 9.999E-05 9.999E-05
0.909422 9.9991E-05 0.0904776
0.245166 0.115154 0.63968
0.306236 0.228784 0.464979
9.9991E-05 0.129748 0.870152
0.560795 0.0577311 0.381474
0.558463 0.198135 0.243403
9.9991E-05 0.0343292 0.965571
0.529442 0.115037 0.355521
0.24009 0.41016 0.34975
0.541111 0.3595 0.0993885
0.480739 0.168461 0.3508
0.274405 0.28642 0.439176
0.777092 0.0943699 0.128538
0.592877 0.207231 0.199892
0.85879 9.9991E-05 0.14111
0.396115 0.278987 0.324898
0.00895649 0.966014 0.025029
0.0109805 0.427745 0.561275
0.514177 0.485723 9.9991E-05
0.262675 0.264854 0.47247
0.0922684 0.189877 0.717854
0.327787 0.11468 0.557533
0.555089 9.9991E-05 0.444811
0.0484927 0.951407 9.9991E-05
0.607532 0.100787 0.291681
0.147842 0.459167 0.392992
0.433222 9.9991E-05 0.566678
0.254283 0.103005 0.642712
