0.0250242 9.99821E-05 0.578658 9.99821E-05 0.140301 0.14961 0.106206
0.0596851 0.337844 0.42063 9.9982E-05 0.0755873 9.9982E-05 0.106053
9.99643E-05 9.99643E-05 0.439716 9.99643E-05 0.0127572 9.99643E-05 0.547127
0.036584 9.99821E-05 0.470983 9.99821E-05 0.263182 0.115188 0.113864
0.216225 9.99731E-05 0.394936 9.99731E-05 0.303315 0.0852245 9.99731E-05
9.99821E-05 0.0299743 0.640248 0.0708981 0.252509 9.99821E-05 0.00617095
0.16975 0.230908 0.0288812 9.99911E-05 0.161885 0.404159 0.00431579
0.149241 9.99732E-05 0.752555 9.99732E-05 9.99732E-05 0.0262482 0.0716558
9.99553E-05 9.99553E-05 9.99553E-05 9.99553E-05 0.152646 0.846854 9.99553E-05
0.149789 9.9991E-05 0.0758486 0.0808641 0.0249283 0.211952 0.456518
9.9982E-05 9.9982E-05 0.0195439 0.223496 0.248337 0.0773589 0.431064
0.361529 9.99642E-05 0.0977896 9.99642E-05 9.99642E-05 0.540281 9.99642E-05
9.99821E-05 0.017809 0.383672 0.0196918 0.0298261 0.548801 9.99821E-05
0.296846 0.163847 0.409872 9.99821E-05 0.0664378 9.99821E-05 0.0627976
0.0133816 9.99733E-05 0.456874 0.035443 9.99733E-05 0.494001 9.99733E-05
0.100646 9.99821E-05 0.400308 0.0262008 0.34845 0.124195 9.99821E-05
9.9991E-05 0.301367 0.224803 0.100183 0.157679 0.159395 0.0564721
0.289239 0.0461925 0.226223 0.197513 9.99821E-05 9.99821E-05 0.240633
9.99552E-05 9.99552E-05 0.408288 9.99552E-05 9.99552E-05 0.591213 9.99552E-05
9.99642E-05 0.12256 0.780693 9.99642E-05 0.0963475 9.99642E-05 9.99642E-05
0.0782096 0.0563419 0.0744248 9.99821E-05 0.0799286 9.99821E-05 0.710895
9.9973E-05 0.132803 9.9973E-05 0.303354 0.159274 0.404269 9.9973E-05
0.141809 0.0868181 0.306294 0.0993385 0.284095 0.0815463 9.9991E-05
9.99642E-05 0.147298 9.99642E-05 9.99642E-05 0.750594 0.101709 9.99642E-05
0.0501624 9.99641E-05 9.99641E-05 0.362098 0.58734 9.99641E-05 9.99641E-05
0.0263127 9.9973E-05 9.9973E-05 0.339357 0.210171 0.42386 9.9973E-05
0.339155 9.9973E-05 0.0125675 9.9973E-05 9.9973E-05 0.0992637 0.548714
9.99642E-05 0.539294 0.414014 9.99642E-05 9.99642E-05 0.0462925 9.99642E-05
0.0249771 0.234094 0.367124 0.328862 9.99821E-05 0.0447426 9.99821E-05
9.99552E-05 9.99552E-05 9.99552E-05 9.99552E-05 0.547492 9.99552E-05 0.452009
0.153724 0.369659 0.0385997 0.188791 9.99821E-05 9.99821E-05 0.249027
0.183104 0.00343087 0.607671 0.0445928 9.9991E-05 0.12992 0.0311806
9.99641E-05 0.229448 9.99641E-05 0.137176 9.99641E-05 9.99641E-05 0.632976
9.99732E-05 9.99732E-05 0.600995 9.99732E-05 0.027705 0.257803 0.113196
0.0707849 9.99641E-05 0.492561 9.99641E-05 0.436254 9.99641E-05 9.99641E-05
0.0200275 0.105369 0.56144 9.99731E-05 9.99731E-05 9.99731E-05 0.312864
0.202351 0.360693 9.99821E-05 0.287121 0.0192675 0.130368 9.99821E-05
9.99821E-05 0.3892 9.99821E-05 0.21568 0.249189 0.0431586 0.102573
0.141868 0.00772495 0.397416 0.139152 0.187221 0.0941841 0.0324341
0.0643634 9.99821E-05 0.625512 0.201296 0.0405783 9.99821E-05 0.0680499
9.99732E-05 0.202088 9.99732E-05 9.99732E-05 0.0233933 0.0665008 0.707718
9.99731E-05 9.99731E-05 9.99731E-05 0.150165 0.0481716 0.298987 0.502376
0.019568 9.9991E-05 0.493632 0.0817908 0.199471 0.135695 0.069743
0.173221 9.99821E-05 0.275638 0.236391 0.0870102 0.22754 9.99821E-05
0.189972 0.115795 0.307705 0.267955 0.040621 0.0778513 9.9991E-05
0.0846065 9.99821E-05 0.458476 0.0685843 0.0928086 0.295324 9.99821E-05
9.99731E-05 9.99731E-05 0.111655 9.99731E-05 0.0833257 0.701368 0.103352
0.0457588 0.15794 0.215417 9.9982E-05 9.9982E-05 0.134151 0.446534
0.0578085 9.99821E-05 0.324231 0.17001 9.99821E-05 0.206475 0.241275
0.223399 9.9973E-05 0.589097 0.0861657 0.101038 9.9973E-05 9.9973E-05
9.99641E-05 9.99641E-05 0.388836 0.187033 0.423732 9.99641E-05 9.99641E-05
0.018796 0.41745 0.181231 9.99821E-05 9.99821E-05 0.0370968 0.345226
9.99731E-05 9.99731E-05 0.104455 9.99731E-05 0.228523 0.447897 0.218825
9.99732E-05 9.99732E-05 0.72102 0.114381 0.113609 0.0506903 9.99732E-05
0.0755563 0.777011 0.0263036 0.120829 9.99731E-05 9.99731E-05 9.99731E-05
0.1021 0.269397 9.99731E-05 0.427305 9.99731E-05 0.200899 9.99731E-05
9.9982E-05 0.20094 0.146567 0.199324 0.300418 0.152552 9.9982E-05
9.99553E-05 0.791919 9.99553E-05 9.99553E-05 9.99553E-05 0.207582 9.99553E-05
0.156842 0.0235286 0.294683 0.170977 9.9982E-05 0.353769 9.9982E-05
0.0812171 0.039628 0.339887 0.00464777 0.0798524 9.9991E-05 0.454668
9.99821E-05 9.99821E-05 0.69199 0.074278 0.0967285 0.0622271 0.0745766
0.427174 9.9973E-05 9.9973E-05 9.9973E-05 0.0585157 0.296101 0.217909
0.0210515 0.0433952 0.0168808 0.00786392 9.9991E-05 0.630235 0.280473
0.120431 9.99731E-05 0.206097 9.99731E-05 0.477824 9.99731E-05 0.195348
0.0447959 9.99821E-05 0.0894927 0.470513 0.0833507 0.311648 9.99821E-05
0.0472573 9.99821E-05 0.173054 9.99821E-05 0.010068 0.199093 0.570328
0.202125 0.0562397 0.472362 0.0071112 0.261962 9.9982E-05 9.9982E-05
0.265448 9.99821E-05 0.128272 9.99821E-05 0.00878823 0.531137 0.0661544
9.99731E-05 9.99731E-05 0.246867 0.389345 9.99731E-05 0.284842 0.0786455
9.99641E-05 9.99641E-05 0.0568122 0.204694 9.99641E-05 9.99641E-05 0.738094
0.14093 9.99821E-05 0.415987 0.0330145 9.99821E-05 0.272463 0.137406
0.160129 9.99731E-05 9.99731E-05 9.99731E-05 0.0842463 0.547317 0.208007
0.136024 0.613777 0.249799 9.99641E-05 9.99641E-05 9.99641E-05 9.99641E-05
0.356046 9.99821E-05 0.0982207 0.298615 9.99821E-05 0.0839924 0.162926
9.99554E-05 9.99554E-05 0.797101 9.99554E-05 0.202399 9.99554E-05 9.99554E-05
0.0895803 0.0101301 0.396384 9.99731E-05 9.99731E-05 0.503606 9.99731E-05
9.99643E-05 9.99643E-05 9.99643E-05 0.324423 0.184945 0.490232 9.99643E-05
0.112099 0.191675 0.0561433 9.9991E-05 0.032492 0.224099 0.383392
9.99821E-05 0.0212398 0.36555 0.340413 0.0734058 0.199191 9.99821E-05
0.0802374 0.123884 0.751826 0.0437526 9.99732E-05 9.99732E-05 9.99732E-05
0.389608 9.99642E-05 0.570063 0.0399295 9.99642E-05 9.99642E-05 9.99642E-05
9.99821E-05 0.156003 0.0503386 0.310757 0.256985 0.225716 9.99821E-05
9.99821E-05 0.569499 0.0600776 0.118327 0.0323352 9.99821E-05 0.21956
9.9982E-05 9.9982E-05 0.132521 0.396441 0.112502 0.322088 0.0362484
0.167723 0.0900223 0.180768 9.9991E-05 0.141799 0.158759 0.26083
0.137216 9.9973E-05 0.56236 9.9973E-05 9.9973E-05 0.0855677 0.214556
0.0771835 0.421099 0.334783 9.99821E-05 9.99821E-05 0.0883441 0.0783908
9.99641E-05 9.99641E-05 0.168017 9.99641E-05 0.797387 0.034196 9.99641E-05
0.00108037 0.0014084 0.0617478 0.517408 0.197202 0.221054 9.99911E-05
9.99821E-05 9.99821E-05 0.0302241 0.340553 0.0209751 0.265482 0.342567
9.99553E-05 9.99553E-05 9.99553E-05 0.26574 0.73376 9.99553E-05 9.99553E-05
0.053017 9.99732E-05 0.347904 9.99732E-05 0.333895 9.99732E-05 0.264883
0.122353 9.99732E-05 9.99732E-05 9.99732E-05 0.113398 0.316738 0.447211
9.99641E-05 0.10618 0.478545 9.99641E-05 9.99641E-05 9.99641E-05 0.414876
0.161881 9.99641E-05 9.99641E-05 9.99641E-05 9.99641E-05 0.411141 0.426578
9.99731E-05 0.00361341 0.669142 9.99731E-05 0.0782742 0.24867 9.99731E-05
0.0292104 9.99821E-05 0.191037 9.99821E-05 0.324898 0.296259 0.158396
9.99641E-05 9.99641E-05 0.293206 9.99641E-05 9.99641E-05 0.535771 0.170623
0.102904 9.9973E-05 0.332885 0.0128504 0.551061 9.9973E-05 9.9973E-05
9.99731E-05 0.221878 0.0843696 9.99731E-05 0.584577 0.108875 9.99731E-05
0.00104404 0.402664 9.99732E-05 9.99732E-05 0.307339 0.288653 9.99732E-05
0.0512837 9.99553E-05 9.99553E-05 9.99553E-05 0.948217 9.99553E-05 9.99553E-05
9.99731E-05 0.517342 9.99731E-05 0.0614606 9.99731E-05 0.169619 0.251278
9.99642E-05 9.99642E-05 9.99642E-05 0.643021 0.140475 9.99642E-05 0.216105
9.99642E-05 9.99642E-05 0.693042 0.0549037 9.99642E-05 0.251654 9.99642E-05
9.99731E-05 9.99731E-05 0.102222 0.0579851 0.294054 0.545438 9.99731E-05
9.99731E-05 0.418931 0.204633 0.238525 9.99731E-05 0.137611 9.99731E-05
9.99732E-05 9.99732E-05 0.499137 0.0700962 0.000189789 9.99732E-05 0.430277
0.00569777 9.99911E-05 0.0199815 0.555161 0.223449 0.172492 0.0231196
0.0701948 9.99642E-05 9.99642E-05 0.446944 9.99642E-05 9.99642E-05 0.482461
9.99821E-05 0.167263 0.155647 9.99821E-05 0.288956 0.299759 0.0881757
0.15043 9.99821E-05 0.234833 0.295155 0.112758 0.206624 9.99821E-05
9.99642E-05 9.99642E-05 9.99642E-05 0.337565 0.517475 9.99642E-05 0.14456
0.000180866 0.279873 0.719546 9.99643E-05 9.99643E-05 9.99643E-05 9.99643E-05
9.99552E-05 9.99552E-05 9.99552E-05 9.99552E-05 0.970875 9.99552E-05 0.0286248
9.99821E-05 0.07073 0.0173019 0.0819808 9.99821E-05 0.551527 0.278261
0.0259863 9.99731E-05 0.64746 9.99731E-05 0.00851958 0.317734 9.99731E-05
0.119097 0.104511 0.25468 9.99731E-05 9.99731E-05 0.521411 9.99731E-05
0.103865 9.99731E-05 9.99731E-05 0.454104 0.250251 0.19148 9.99731E-05
9.99641E-05 0.319039 0.599202 9.99641E-05 9.99641E-05 9.99641E-05 0.0813598
0.0903197 9.99731E-05 9.99731E-05 0.0487252 0.597795 0.26286 9.99731E-05
9.99731E-05 0.437571 0.343183 9.99731E-05 0.167453 9.99731E-05 0.0514936
9.99553E-05 9.99553E-05 0.86204 0.137461 9.99553E-05 9.99553E-05 9.99553E-05
0.0279653 0.186326 0.309824 0.163805 9.99821E-05 9.99821E-05 0.311879
9.99821E-05 9.99821E-05 0.271415 0.0560691 0.0879546 0.103693 0.480668
0.00876402 0.0554647 0.119392 9.9991E-05 0.0689349 0.485683 0.261661
0.0835727 9.99732E-05 0.132057 9.99732E-05 9.99732E-05 0.118213 0.665857
0.39844 0.108624 9.99641E-05 0.492536 9.99641E-05 9.99641E-05 9.99641E-05
9.99732E-05 0.00322737 0.314565 0.177171 9.99732E-05 9.99732E-05 0.504737
0.184227 9.9991E-05 0.248969 0.13401 0.157728 0.0958688 0.179097
9.99731E-05 0.0318471 9.99731E-05 9.99731E-05 0.0481601 0.751305 0.168388
0.0500984 0.232104 0.512012 9.99821E-05 0.10533 9.99821E-05 0.100255
0.0621945 0.000758568 0.0785658 0.175976 9.9991E-05 0.538796 0.143609
0.0605198 0.154231 0.259541 0.305123 9.9991E-05 0.216645 0.00384093
0.103137 9.99731E-05 0.310655 9.99731E-05 9.99731E-05 0.052485 0.533423
9.99731E-05 9.99731E-05 0.399406 0.497832 0.0234284 0.0790336 9.99731E-05
0.0272443 9.99641E-05 0.0799898 0.892366 9.99641E-05 9.99641E-05 9.99641E-05
9.99642E-05 9.99642E-05 0.365815 0.574848 0.0589372 9.99642E-05 9.99642E-05
9.99732E-05 0.169766 9.99732E-05 0.160506 0.00271847 0.66671 9.99732E-05
9.99731E-05 9.99731E-05 0.651791 0.2749 0.0160878 0.0569218 9.99731E-05
0.0530037 0.310933 0.119699 0.253388 0.118872 0.144004 9.99911E-05
9.99821E-05 0.543685 0.0547279 9.99821E-05 0.175771 0.115418 0.110199
9.99641E-05 9.99641E-05 0.298027 9.99641E-05 9.99641E-05 0.269602 0.431971
9.99821E-05 0.0317575 9.99821E-05 0.0817229 0.0491307 0.297568 0.539621
0.0455656 9.99821E-05 0.10605 0.148616 0.604674 0.0948939 9.99821E-05
9.9973E-05 9.9973E-05 0.299522 0.24348 0.1479 0.308799 9.9973E-05
0.9994 9.995E-05 9.995E-05 9.995E-05 9.995E-05 9.995E-05 9.995E-05
9.99642E-05 9.99642E-05 0.768327 9.99642E-05 0.0941567 9.99642E-05 0.137116
9.99642E-05 0.300051 0.173118 9.99642E-05 0.526432 9.99642E-05 9.99642E-05
0.43952 0.14078 9.99732E-05 0.248748 9.99732E-05 0.170653 9.99732E-05
0.0831355 0.186275 0.186115 0.0250131 0.0169409 0.387301 0.11522
0.0222662 9.99642E-05 0.34476 9.99642E-05 9.99642E-05 0.632574 9.99642E-05
0.0465237 0.125942 0.26598 0.379272 9.9991E-05 0.00420007 0.177982
0.00821298 0.052061 0.268295 0.248535 0.0899732 0.332822 9.99911E-05
0.0465765 0.326963 9.99821E-05 0.0828114 0.471296 0.0721535 9.99821E-05
0.142116 9.99732E-05 0.545897 0.18468 9.99732E-05 9.99732E-05 0.127007
9.99731E-05 0.478248 0.321891 0.181127 0.0184339 9.99731E-05 9.99731E-05
0.180608 9.99732E-05 0.0765197 0.212423 9.99732E-05 9.99732E-05 0.53015
0.0995955 9.99732E-05 0.487252 0.294122 0.118731 9.99732E-05 9.99732E-05
0.0290977 9.9991E-05 0.02809 0.154985 0.154077 0.310803 0.322847
0.9994 9.995E-05 9.995E-05 9.995E-05 9.995E-05 9.995E-05 9.995E-05
0.248896 9.99731E-05 0.265075 9.99731E-05 9.99731E-05 0.331638 0.154092
9.99821E-05 0.0450253 0.815795 9.99821E-05 0.023275 0.0995965 0.016108
0.0776957 0.143325 0.0973778 0.0452144 9.99911E-05 0.455854 0.180433
0.202154 9.99643E-05 0.251729 9.99643E-05 9.99643E-05 0.545717 9.99643E-05
9.99641E-05 9.99641E-05 0.382361 9.99641E-05 0.269064 0.348175 9.99641E-05
0.118214 9.99731E-05 0.243489 0.327332 9.99731E-05 9.99731E-05 0.310665
9.99642E-05 9.99642E-05 0.00823694 0.808774 9.99642E-05 0.182589 9.99642E-05
0.120864 0.539252 0.339484 9.99643E-05 9.99643E-05 9.99643E-05 9.99643E-05
0.038446 0.0666891 0.39335 9.9991E-05 0.230686 0.227401 0.0433276
9.99732E-05 9.99732E-05 0.0397919 0.524673 0.245442 0.189793 9.99732E-05
0.129728 0.0911195 0.482012 0.257002 9.99821E-05 0.0399391 9.99821E-05
9.99731E-05 0.192282 0.185477 0.123329 9.99731E-05 0.498612 9.99731E-05
0.0494389 9.99731E-05 0.442804 9.99731E-05 0.255755 9.99731E-05 0.251702
0.0173004 9.9991E-05 0.446101 0.0591004 0.108332 0.193847 0.175219
9.99732E-05 0.0184241 0.366677 0.220925 9.99732E-05 0.393674 9.99732E-05
0.0524614 0.0685191 0.0241642 9.99821E-05 0.409492 0.445164 9.99821E-05
0.0123569 0.0784011 9.99821E-05 0.720298 0.044945 9.99821E-05 0.143799
9.99821E-05 0.165365 9.99821E-05 0.131462 0.0578105 0.371055 0.274107
9.99642E-05 9.99642E-05 0.325449 9.99642E-05 9.99642E-05 0.486136 0.188015
0.44674 0.18732 0.0417227 9.99731E-05 9.99731E-05 9.99731E-05 0.323917
0.126688 9.99821E-05 0.16277 0.140041 9.99821E-05 0.283456 0.286846
0.0873024 9.9991E-05 0.133028 0.0180312 0.167258 0.347384 0.246897
0.079703 9.99821E-05 0.601643 0.0784288 0.117748 0.122278 9.99821E-05
9.99552E-05 9.99552E-05 9.99552E-05 0.905573 9.99552E-05 9.99552E-05 0.093927
0.0430532 9.99732E-05 0.446643 0.00868973 9.99732E-05 0.501315 9.99732E-05
0.167263 0.0999745 0.557697 0.0664497 9.99821E-05 0.108416 9.99821E-05
9.99731E-05 0.284258 0.461088 9.99731E-05 0.230157 9.99731E-05 0.0241966
9.9964E-05 0.380435 0.381974 9.9964E-05 0.237191 9.9964E-05 9.9964E-05
