0.241528 9.99369E-05 9.99369E-05 9.99369E-05 9.99369E-05 0.373229 9.99369E-05 9.99369E-05 9.99369E-05 0.384544
9.9973E-05 0.278578 0.0919464 9.9973E-05 0.00540648 0.108876 0.381911 0.025132 0.10785 9.9973E-05
0.0597744 9.9982E-05 0.21465 0.00226953 0.0687332 0.192383 0.375344 0.0226173 9.9982E-05 0.0640294
9.9955E-05 9.9955E-05 0.00324136 0.105281 0.0480839 9.9955E-05 9.9955E-05 0.0969995 9.9955E-05 0.745894
9.9964E-05 0.238959 9.9964E-05 0.0797288 0.101765 9.9964E-05 0.340815 9.9964E-05 0.210176 0.0281564
9.9973E-05 0.241551 0.00733842 0.0724353 0.079756 0.268283 0.254724 9.9973E-05 9.9973E-05 0.0756121
0.258045 0.0405744 0.00231543 0.0016203 0.0905855 0.24004 0.248034 0.0375859 9.9991E-05 0.081099
0.00434205 0.00503734 0.210418 0.0460887 0.067312 0.240081 0.207657 0.000794488 0.150344 0.0679254
0.300055 9.99549E-05 9.99549E-05 9.99549E-05 0.0106807 9.99549E-05 9.99549E-05 0.0171459 0.598349 0.07327
0.472576 9.9964E-05 9.9964E-05 0.0516734 0.0142881 0.067193 0.327471 0.0663988 9.9964E-05 9.9964E-05
0.513707 9.9946E-05 9.9946E-05 0.134153 9.9946E-05 9.9946E-05 0.260336 9.9946E-05 9.9946E-05 0.091204
0.0254232 9.99459E-05 9.99459E-05 9.99459E-05 9.99459E-05 0.0246338 9.99459E-05 0.077467 0.871876 9.99459E-05
9.9982E-05 9.9982E-05 0.0265022 0.0695129 0.0453526 0.20482 0.438841 0.146898 0.0235305 0.0443428
9.9973E-05 9.9973E-05 0.0233362 0.0653118 0.0582109 0.0488565 0.406606 0.147445 0.249934 9.9973E-05
9.99639E-05 9.99639E-05 0.234761 0.110496 0.0467062 0.267802 0.242265 9.99639E-05 0.0975691 9.99639E-05
9.9973E-05 0.0385521 0.511059 0.0441083 0.0969632 0.136772 9.9973E-05 0.15478 0.0174661 9.9973E-05
9.9973E-05 9.9973E-05 0.183405 0.238242 9.9973E-05 0.0581319 0.124497 0.131021 0.16231 0.102094
0.0868317 9.9982E-05 0.0255246 0.0161199 0.183343 0.19301 0.172927 0.110827 9.9982E-05 0.211217
9.99549E-05 0.572655 9.99549E-05 9.99549E-05 0.126806 0.244765 0.00399623 9.99549E-05 0.0512787 9.99549E-05
0.355334 9.9955E-05 9.9955E-05 9.9955E-05 0.0208347 9.9955E-05 0.267887 0.0532672 9.9955E-05 0.302178
0.166087 0.0277791 0.0620243 0.0155966 0.0672047 0.134333 0.205326 0.0148822 0.131018 0.175749
0.104007 0.231494 0.185331 0.00516072 0.0854316 0.278984 0.109291 9.9973E-05 9.9973E-05 9.9973E-05
9.9982E-05 0.293448 0.00522574 0.0368963 0.138568 0.060999 0.100156 9.9982E-05 0.0308923 0.333615
9.99549E-05 0.327503 9.99549E-05 9.99549E-05 9.99549E-05 0.136127 0.0934337 0.22422 9.99549E-05 0.218217
0.587648 0.0841899 9.9946E-05 0.285185 9.9946E-05 0.042377 9.9946E-05 9.9946E-05 9.9946E-05 9.9946E-05
0.193362 9.9982E-05 0.0441873 0.0520482 9.9982E-05 0.442828 0.0646432 0.120784 0.0541095 0.0278381
0.356158 0.0375327 0.163569 0.135159 0.11271 0.0110562 9.9991E-05 0.0916116 0.0389486 0.0531554
9.9973E-05 9.9973E-05 0.0671045 0.0621202 0.0420424 0.241176 0.367054 0.053807 0.166395 9.9973E-05
0.0545986 0.0426694 0.0777628 0.0414666 9.9973E-05 0.292876 0.456762 0.0335644 9.9973E-05 9.9973E-05
9.99549E-05 9.99549E-05 0.0637234 9.99549E-05 9.99549E-05 9.99549E-05 0.189952 0.539425 0.120459 0.0859398
0.0307743 0.231017 9.9964E-05 0.00722574 9.9964E-05 9.9964E-05 0.649867 0.0202598 0.0604558 9.9964E-05
0.926727 0.0299811 0.0227403 9.9946E-05 9.9946E-05 9.9946E-05 9.9946E-05 9.9946E-05 0.0199517 9.9946E-05
9.9982E-05 0.00720471 0.0478342 9.9982E-05 0.0536936 0.134969 0.307283 0.0662871 0.297403 0.0851249
0.0238176 0.069508 0.00059977 0.0599916 0.0731136 0.00999241 0.586728 9.9982E-05 9.9982E-05 0.176049
9.9964E-05 0.000234234 9.9964E-05 0.12503 0.110657 0.375427 0.0541779 9.9964E-05 0.334074 9.9964E-05
9.9937E-05 9.9937E-05 9.9937E-05 9.9937E-05 0.0752735 0.72661 9.9937E-05 9.9937E-05 9.9937E-05 0.197417
9.9946E-05 9.9946E-05 9.9946E-05 0.137344 9.9946E-05 0.373877 0.201191 9.9946E-05 9.9946E-05 0.286988
0.929553 9.99461E-05 9.99461E-05 0.035364 9.99461E-05 0.000102735 9.99461E-05 9.99461E-05 9.99461E-05 0.0343808
9.9973E-05 0.00411343 0.00804886 0.0842927 0.0204593 9.9973E-05 0.303448 0.106321 0.473016 9.9973E-05
0.188575 0.0308496 0.255168 9.9973E-05 0.0585525 0.147426 0.240984 9.9973E-05 9.9973E-05 0.078145
0.0693643 0.387215 0.234816 0.0127915 9.9982E-05 9.9982E-05 0.0341406 0.0715814 0.136837 0.0530541
0.189135 9.9955E-05 0.0608777 0.0599726 0.00692219 9.9955E-05 9.9955E-05 9.9955E-05 9.9955E-05 0.682593
0.0243703 9.9982E-05 0.156696 0.0631152 0.0788818 0.232096 0.0722485 9.9982E-05 0.00199859 0.370393
9.9955E-05 0.0518862 9.9955E-05 9.9955E-05 9.9955E-05 0.676422 0.0522185 0.0743008 0.144673 9.9955E-05
0.989524 9.99279E-05 0.00967614 9.99279E-05 9.99279E-05 9.99279E-05 9.99279E-05 9.99279E-05 9.99279E-05 9.99279E-05
0.176952 0.114897 9.9991E-05 0.202589 0.0160801 0.155378 0.255855 0.0403074 0.000808498 0.037033
0.00161225 0.238109 0.00950216 9.9991E-05 0.037849 0.165718 0.175419 0.164229 0.0129151 0.194546
0.038645 0.215263 0.0532626 9.9982E-05 9.9982E-05 0.0741087 0.0406697 0.0264874 0.25156 0.299803
0.313387 0.252764 0.142756 0.0116509 0.0317708 0.0747661 0.0813506 0.0913556 9.9982E-05 9.9982E-05
9.9982E-05 0.205 0.197975 9.9982E-05 0.0226246 0.109974 0.218233 0.0313009 0.127133 0.0875597
0.189294 0.0811214 0.0152311 0.111936 0.0818535 0.0551222 0.075449 0.074987 0.0763536 0.238652
9.9973E-05 0.208966 0.0399461 9.9973E-05 0.0887496 9.9973E-05 0.107909 0.0114916 0.249992 0.292646
9.9973E-05 9.9973E-05 0.532622 0.00238995 0.0493503 9.9973E-05 0.063736 0.018067 0.309821 0.0237136
0.187989 9.9991E-05 0.181482 0.132492 0.027995 0.0190443 0.154159 0.132193 0.0395707 0.124976
9.9928E-05 0.985425 0.0137759 9.9928E-05 9.9928E-05 9.9928E-05 9.9928E-05 9.9928E-05 9.9928E-05 9.9928E-05
0.158644 9.9964E-05 9.9964E-05 9.9964E-05 0.0875134 0.104745 0.293593 9.9964E-05 0.0942387 0.260866
9.9937E-05 0.982971 0.00561455 9.9937E-05 9.9937E-05 9.9937E-05 9.9937E-05 9.9937E-05 0.010715 9.9937E-05
9.99549E-05 0.728659 9.99549E-05 0.00443104 0.0386892 0.195637 9.99549E-05 0.0320834 9.99549E-05 9.99549E-05
0.118934 9.9982E-05 0.0376657 0.117407 0.0404419 0.123531 0.453512 9.9982E-05 0.0420242 0.0662844
0.334687 9.99549E-05 9.99549E-05 0.100812 9.99549E-05 0.323528 0.0876089 9.99549E-05 0.152864 9.99549E-05
9.99549E-05 9.99549E-05 9.99549E-05 9.99549E-05 0.016324 0.104238 0.567049 0.024151 9.99549E-05 0.287739
0.283198 9.9973E-05 9.9973E-05 0.0245284 0.0472766 9.9973E-05 0.249187 0.017188 0.0561622 0.32216
9.99729E-05 0.362644 0.0293999 9.99729E-05 0.0395424 0.228695 9.99729E-05 0.0641453 0.161067 0.114207
9.9937E-05 9.9937E-05 9.9937E-05 9.9937E-05 0.0294937 9.9937E-05 9.9937E-05 0.788115 9.9937E-05 0.181692
9.99549E-05 0.00846911 0.192814 0.172192 9.99549E-05 0.417037 0.208989 9.99549E-05 9.99549E-05 9.99549E-05
9.9937E-05 9.9937E-05 9.9937E-05 9.9937E-05 0.0571599 0.535893 9.9937E-05 9.9937E-05 9.9937E-05 0.406247
0.424979 0.000241094 9.9964E-05 9.9964E-05 0.0301663 0.144132 9.9964E-05 0.00454277 9.9964E-05 0.395539
0.0249655 0.307705 9.9982E-05 9.9982E-05 0.017749 0.0877478 0.354718 0.101412 0.0946429 0.0108599
0.0895662 9.9955E-05 9.9955E-05 9.9955E-05 9.9955E-05 0.393329 0.3208 0.0756043 9.9955E-05 0.120201
0.0356954 9.9982E-05 0.203196 0.0284596 0.0633089 0.168737 0.39997 0.0998351 9.9982E-05 0.000598822
9.99371E-05 0.142386 9.99371E-05 0.0828127 9.99371E-05 9.99371E-05 0.774102 9.99371E-05 9.99371E-05 9.99371E-05
0.318418 0.0251919 0.111397 0.0359804 0.0677685 0.319853 0.040243 0.0500197 0.0310284 9.9991E-05
0.0360089 0.040954 0.0540057 0.0745891 0.114711 0.0751938 0.361537 0.0777148 0.165186 9.9991E-05
0.0145821 0.257778 0.197472 0.0546465 0.052534 0.0104743 0.291635 0.0663457 9.9991E-05 0.054433
0.0966147 0.0700738 0.156999 0.177457 9.9973E-05 0.296614 0.0826486 0.119293 9.9973E-05 9.9973E-05
9.9964E-05 0.112233 0.196461 0.0752427 0.0263301 9.9964E-05 0.481212 9.9964E-05 0.108122 9.9964E-05
0.0967116 0.0586985 0.069356 0.0380245 0.0495382 0.509079 0.12792 9.99906E-05 0.0504721 9.99906E-05
9.9937E-05 9.9937E-05 9.9937E-05 0.00621863 9.9937E-05 9.9937E-05 0.736409 9.9937E-05 9.9937E-05 0.256673
9.99369E-05 9.99369E-05 9.99369E-05 9.99369E-05 9.99369E-05 0.120972 0.677532 9.99369E-05 9.99369E-05 0.200797
0.0604528 9.9964E-05 0.0215827 9.9964E-05 0.0427613 9.9964E-05 0.755562 0.0782781 9.9964E-05 0.0409631
0.168985 0.0343072 0.0273964 9.9991E-05 0.0709154 0.0808099 0.124264 0.0292873 0.179593 0.284342
9.9955E-05 9.9955E-05 9.9955E-05 0.114291 9.9955E-05 0.513261 9.9955E-05 0.0431235 0.245877 0.0829478
0.346194 0.110187 0.0606217 9.9973E-05 9.9973E-05 9.9973E-05 0.00985723 0.170681 0.166279 0.135881
9.9964E-05 9.9964E-05 0.176105 0.0630301 0.0645978 9.9964E-05 0.114153 9.9964E-05 0.322309 0.259405
9.9973E-05 0.273213 9.9973E-05 0.020897 0.0822782 0.334001 0.00732507 0.0226383 9.9973E-05 0.259347
0.2297 0.135061 0.115362 9.9964E-05 9.9964E-05 9.9964E-05 0.136487 9.9964E-05 0.138014 0.244975
9.99459E-05 9.99459E-05 9.99459E-05 9.99459E-05 0.0650224 0.614391 0.117144 9.99459E-05 9.99459E-05 0.202842
0.205783 9.99551E-05 9.99551E-05 0.0623144 0.0488656 9.99551E-05 0.119946 9.99551E-05 0.562591 9.99551E-05
0.131464 9.99729E-05 0.11698 0.0861996 0.0323257 0.430013 0.0240283 0.17869 9.99729E-05 9.99729E-05
0.155728 9.9955E-05 0.0815675 9.9955E-05 0.0116857 0.379791 9.9955E-05 9.9955E-05 0.370728 9.9955E-05
9.99369E-05 9.99369E-05 9.99369E-05 0.0032937 9.99369E-05 9.99369E-05 0.0959949 0.900012 9.99369E-05 9.99369E-05
0.489964 0.0656594 0.0513882 0.0430969 0.000319297 9.9982E-05 0.216684 9.9982E-05 0.0555628 0.077125
9.9955E-05 0.0897501 9.9955E-05 9.9955E-05 0.0119549 9.9955E-05 9.9955E-05 0.0566535 0.0285964 0.812545
9.9973E-05 0.121656 0.284626 9.9973E-05 0.0850115 0.0520551 0.28334 0.100903 0.0721083 9.9973E-05
9.99281E-05 0.0467504 9.99281E-05 9.99281E-05 9.99281E-05 9.99281E-05 9.99281E-05 9.99281E-05 9.99281E-05 0.95245
0.0469027 9.9973E-05 0.0813436 9.9973E-05 9.9973E-05 0.112135 0.22303 0.0649179 0.00149945 0.469871
0.0310539 0.143308 0.247208 0.0751799 9.9964E-05 0.395829 9.9964E-05 9.9964E-05 9.9964E-05 0.107021
9.99551E-05 0.295638 9.99551E-05 0.173307 9.99551E-05 0.470006 0.0291144 9.99551E-05 0.0314354 9.99551E-05
0.0652357 9.9964E-05 9.9964E-05 9.9964E-05 0.0674722 0.313592 9.9964E-05 0.474975 0.0741929 0.00413208
0.0302403 0.194424 9.99639E-05 9.99639E-05 9.99639E-05 0.298327 0.107067 0.285755 0.0837866 9.99639E-05
0.000909716 0.058825 0.00764899 0.0262923 0.0571525 0.377868 0.112132 0.183095 0.175976 9.9991E-05
9.99201E-05 9.99201E-05 9.99201E-05 9.99201E-05 9.99201E-05 9.99201E-05 9.99201E-05 0.999101 9.99201E-05 9.99201E-05
9.9982E-05 0.208784 0.0281243 0.0958467 0.0602134 0.000209675 0.519195 0.0184792 9.9982E-05 0.0689485
0.0461218 9.99459E-05 9.99459E-05 0.927524 0.0191453 9.99459E-05 9.99459E-05 9.99459E-05 9.99459E-05 0.0066091
0.095656 9.9964E-05 0.156571 0.0436227 9.9964E-05 9.9964E-05 9.9964E-05 0.000970439 0.526342 0.176438
9.99549E-05 0.237598 0.336802 9.99549E-05 9.99549E-05 0.16877 0.154326 9.99549E-05 0.102004 9.99549E-05
0.137777 9.9973E-05 0.0630805 9.9973E-05 9.9973E-05 0.190134 0.232352 0.0352931 0.0322059 0.308858
0.167371 0.152448 9.9973E-05 0.0658148 0.039045 9.9973E-05 0.134713 9.9973E-05 0.0893332 0.350975
0.182993 0.0323254 0.115428 0.00972036 0.0242979 9.9982E-05 0.413214 0.11349 0.108331 9.9982E-05
0.11511 0.018529 9.9973E-05 9.9973E-05 9.9973E-05 0.320195 0.352513 0.020701 0.109613 0.0630393
9.9982E-05 0.0617386 0.0393795 0.156182 0.0726913 0.312439 0.162204 9.9982E-05 0.0508523 0.144312
0.283351 0.20211 9.9964E-05 9.9964E-05 0.0428682 9.9964E-05 0.257163 0.134581 9.9964E-05 0.0795258
9.9973E-05 0.165324 0.220918 0.00873851 9.9973E-05 9.9973E-05 0.0913625 0.0374759 0.034579 0.441302
0.0244838 0.00406478 9.9991E-05 0.0124858 0.000826884 0.234558 0.00770368 0.508067 0.0715631 0.136148
9.9991E-05 0.0265727 0.0250946 0.059124 0.0118734 0.3009 0.314384 0.0300499 0.0166417 0.21526
9.9937E-05 0.0190123 9.9937E-05 9.9937E-05 9.9937E-05 9.9937E-05 9.9937E-05 0.936816 0.0434723 9.9937E-05
0.129349 9.9964E-05 0.12455 0.215412 9.9964E-05 0.204641 0.0377668 9.9964E-05 0.287881 9.9964E-05
0.181266 9.9973E-05 0.0482451 0.0021657 0.0273204 0.416827 0.0191383 9.9973E-05 9.9973E-05 0.304737
9.9964E-05 0.224037 9.9964E-05 9.9964E-05 9.9964E-05 0.0307872 0.280097 0.0122612 0.227489 0.224928
0.565102 9.99549E-05 9.99549E-05 0.0808311 0.0724959 9.99549E-05 9.99549E-05 9.99549E-05 0.25856 0.0225112
0.0203001 9.9982E-05 0.0839173 0.0679342 0.0732206 0.31752 0.166406 9.9982E-05 0.0935609 0.176941
0.175034 0.0347431 9.9973E-05 9.9973E-05 0.0690681 0.175039 0.0466219 0.339516 9.9973E-05 0.159678
0.384065 9.9964E-05 0.0165126 9.9964E-05 0.0599748 0.233162 0.228341 0.0775444 9.9964E-05 9.9964E-05
9.9973E-05 0.150048 0.206457 0.104746 0.00162972 9.9973E-05 0.11556 9.9973E-05 0.345259 0.076
0.321246 0.207027 9.9982E-05 0.00596129 0.0374981 0.021682 9.9982E-05 0.0328698 0.290826 0.0826898
9.9973E-05 0.0240663 0.125886 9.9973E-05 0.053785 0.28525 0.294953 0.00750505 0.208255 9.9973E-05
0.436502 0.10816 0.221348 9.9964E-05 0.027778 0.123537 0.0822756 9.9964E-05 9.9964E-05 9.9964E-05
0.0757724 0.383855 9.9973E-05 0.0268947 0.00494246 0.0279334 9.9973E-05 0.16151 9.9973E-05 0.318792
9.99369E-05 0.0879805 0.0706341 9.99369E-05 9.99369E-05 9.99369E-05 9.99369E-05 9.99369E-05 0.840686 9.99369E-05
0.806447 0.083242 9.9964E-05 0.00604617 9.9964E-05 9.9964E-05 0.0531881 0.0362996 0.0143778 9.9964E-05
0.104823 9.9955E-05 9.9955E-05 9.9955E-05 0.0999665 0.631939 9.9955E-05 9.9955E-05 0.0675307 0.095242
9.9964E-05 0.0068794 9.9964E-05 9.9964E-05 0.098158 0.411867 0.197745 9.9964E-05 0.187243 0.0977077
9.99551E-05 0.0230091 9.99551E-05 9.99551E-05 9.99551E-05 9.99551E-05 0.237316 0.253421 0.231127 0.254627
0.0875373 9.9973E-05 0.170892 9.9973E-05 0.0437182 9.9973E-05 0.467256 0.186748 0.0367128 0.00683618
9.9964E-05 0.0497633 9.9964E-05 0.044447 0.000665112 0.452908 0.28215 9.9964E-05 0.169667 9.9964E-05
0.105852 0.278948 9.9973E-05 0.0938493 0.0284711 9.9973E-05 0.203787 9.9973E-05 0.224362 0.0644314
9.99279E-05 9.99279E-05 0.835426 9.99279E-05 9.99279E-05 9.99279E-05 9.99279E-05 9.99279E-05 0.163774 9.99279E-05
9.99279E-05 9.99279E-05 0.98374 9.99279E-05 0.0154608 9.99279E-05 9.99279E-05 9.99279E-05 9.99279E-05 9.99279E-05
0.386189 9.9982E-05 0.0614758 0.0189714 0.086408 0.07234 0.14123 9.9982E-05 0.225783 0.00740354
0.045985 0.0639322 9.9973E-05 0.158151 9.9973E-05 0.129934 0.00585965 9.9973E-05 0.406372 0.189466
0.106086 9.9973E-05 9.9973E-05 0.0999301 0.0295686 0.297037 0.110682 0.0468516 0.309544 9.9973E-05
0.0384605 9.99461E-05 9.99461E-05 0.0415172 0.00447347 9.99461E-05 0.914949 9.99461E-05 9.99461E-05 9.99461E-05
0.22824 0.56781 9.9955E-05 0.0150857 9.9955E-05 9.9955E-05 0.13509 0.0532743 9.9955E-05 9.9955E-05
0.434569 0.288753 9.99549E-05 9.99549E-05 0.00916301 0.256848 9.99549E-05 9.99549E-05 0.0101669 9.99549E-05
9.9973E-05 0.106926 0.049191 0.0982566 0.0653066 0.568121 9.9973E-05 9.9973E-05 0.0040283 0.10787
0.0828985 9.9973E-05 9.9973E-05 0.00251049 0.0665911 0.186506 0.0180145 0.407427 9.9973E-05 0.235752
0.0796242 0.133376 0.0734215 0.103201 0.0475198 0.143246 0.124965 0.0877512 0.0490531 0.157842
9.99201E-05 9.99201E-05 9.99201E-05 9.99201E-05 0.999101 9.99201E-05 9.99201E-05 9.99201E-05 9.99201E-05 9.99201E-05
0.29166 9.9973E-05 0.0542599 0.00133289 0.0237061 0.281752 0.121529 9.9973E-05 9.9973E-05 0.22546
9.9937E-05 9.9937E-05 0.081134 0.191406 9.9937E-05 9.9937E-05 9.9937E-05 9.9937E-05 9.9937E-05 0.72676
9.99201E-05 9.99201E-05 9.99201E-05 9.99201E-05 9.99201E-05 9.99201E-05 9.99201E-05 9.99201E-05 0.999101 9.99201E-05
9.9964E-05 0.202409 0.0277824 0.11212 9.9964E-05 9.9964E-05 0.0503401 9.9964E-05 0.12409 0.482858
0.269084 9.9973E-05 0.0747868 9.9973E-05 0.0520295 0.0136485 0.259404 0.0778655 0.252882 9.9973E-05
0.448042 0.0841462 0.127592 9.9973E-05 9.9973E-05 0.00109277 0.0723914 0.103432 9.9973E-05 0.163004
9.9964E-05 0.00255573 9.9964E-05 9.9964E-05 0.0636767 0.0307103 0.299512 0.00763682 0.595508 9.9964E-05
0.106403 9.9973E-05 0.242417 0.104563 0.0715114 0.260603 9.9973E-05 0.145126 0.0690762 9.9973E-05
0.151213 0.275564 9.9973E-05 9.9973E-05 0.0375982 0.223598 0.169135 9.9973E-05 0.0585793 0.0840132
0.0301109 9.9982E-05 0.0236598 9.9982E-05 0.0664058 0.0288559 0.613827 0.0547728 0.162576 0.0195917
9.9955E-05 9.9955E-05 0.0533593 9.9955E-05 9.9955E-05 0.480641 0.14329 0.0776682 9.9955E-05 0.244542
0.233093 0.0982341 0.122951 9.9991E-05 0.0103845 0.0275087 0.166716 0.0817429 0.181115 0.0781548
0.266788 9.9973E-05 9.9973E-05 0.0586704 0.0124808 0.0530917 9.9973E-05 0.0116871 0.152201 0.444781
9.99201E-05 9.99201E-05 9.99201E-05 9.99201E-05 0.999101 9.99201E-05 9.99201E-05 9.99201E-05 9.99201E-05 9.99201E-05
9.99639E-05 9.99639E-05 0.1422 9.99639E-05 0.380235 0.00116475 0.156663 9.99639E-05 0.296071 0.0232653
9.9946E-05 9.9946E-05 0.396429 0.0553601 9.9946E-05 0.238254 9.9946E-05 9.9946E-05 9.9946E-05 0.309358
0.0968275 0.347215 9.9973E-05 0.0930258 0.0853888 0.145502 0.185598 9.9973E-05 9.9973E-05 0.0461431
0.0881847 9.9955E-05 0.000125101 9.9955E-05 0.0655254 0.841958 9.9955E-05 0.00370734 9.9955E-05 9.9955E-05
0.122083 0.340333 0.175715 0.00271702 0.0372366 0.290475 9.99729E-05 9.99729E-05 0.0311404 9.99729E-05
0.02925 9.9964E-05 9.9964E-05 0.0835785 0.0190476 9.9964E-05 0.690617 9.9964E-05 0.0596893 0.117417
9.99201E-05 9.99201E-05 0.999101 9.99201E-05 9.99201E-05 9.99201E-05 9.99201E-05 9.99201E-05 9.99201E-05 9.99201E-05
9.9973E-05 9.9973E-05 0.0846958 9.9973E-05 0.0820521 0.196014 0.284932 0.0966875 0.130625 0.124694
0.100604 0.383725 9.99459E-05 9.99459E-05 9.99459E-05 9.99459E-05 0.461539 0.0535319 9.99459E-05 9.99459E-05
9.9982E-05 0.221196 0.148672 0.152617 0.039561 0.0339549 0.0470765 0.0324898 0.324232 9.9982E-05
9.9973E-05 0.187469 0.121412 9.9973E-05 0.0811315 0.127974 9.9973E-05 0.0605046 0.0875972 0.333612
9.9955E-05 0.164172 0.119287 0.00323217 9.9955E-05 0.152214 0.560595 9.9955E-05 9.9955E-05 9.9955E-05
0.0692321 0.0558303 9.9964E-05 9.9964E-05 0.0904131 0.0897771 0.236472 9.9964E-05 9.9964E-05 0.457876
9.9946E-05 9.9946E-05 9.9946E-05 0.0976189 9.9946E-05 9.9946E-05 0.332428 9.9946E-05 0.342244 0.22711
0.0545676 9.9964E-05 9.9964E-05 0.0397084 0.0175892 9.9964E-05 0.112373 9.9964E-05 0.396981 0.378381
0.0533768 0.0250299 0.258489 0.0717756 9.9964E-05 0.00246616 9.9964E-05 9.9964E-05 0.588463 9.9964E-05
9.99201E-05 9.99201E-05 9.99201E-05 0.999101 9.99201E-05 9.99201E-05 9.99201E-05 9.99201E-05 9.99201E-05 9.99201E-05
0.456055 0.303629 0.165215 0.057189 0.0144274 9.9964E-05 9.9964E-05 9.9964E-05 9.9964E-05 0.00308447
9.9982E-05 9.9982E-05 0.0932273 0.207405 0.066249 0.164549 0.0511865 0.295533 0.0540982 0.0675524
0.236252 0.0292975 0.047469 0.00958559 0.0950031 0.104134 9.9991E-05 0.0894552 0.335051 0.0536524
9.9973E-05 0.308463 0.113028 0.0386382 0.0136372 0.0395418 0.330087 9.9973E-05 9.9973E-05 0.156304
0.0387676 0.129722 0.0122102 9.9982E-05 9.9982E-05 0.0594175 0.0558536 0.217505 0.122204 0.36412
0.0373891 9.9964E-05 0.030285 0.00131695 0.00993742 9.9964E-05 9.9964E-05 9.9964E-05 0.320485 0.600187
9.99201E-05 9.99201E-05 9.99201E-05 0.999101 9.99201E-05 9.99201E-05 9.99201E-05 9.99201E-05 9.99201E-05 9.99201E-05
0.00541003 0.0270154 9.9982E-05 9.9982E-05 0.0700402 0.174333 0.378386 0.0293014 0.180761 0.134553
0.0990773 0.0473305 0.113039 0.134261 0.061638 0.151511 0.300101 0.0385019 9.9991E-05 0.0544397
9.99639E-05 0.0680617 0.067246 9.99639E-05 9.99639E-05 0.0388642 9.99639E-05 0.0044617 0.298483 0.522484
0.336251 9.9955E-05 0.204531 9.9955E-05 9.9955E-05 9.9955E-05 0.303646 0.0264598 0.128613 9.9955E-05
