0.0897878 0.242505 9.9991E-05 0.200757 0.0620873 0.404763
0.151794 0.0851699 0.117025 0.392958 0.252953 9.9991E-05
0.203539 0.215633 0.124298 0.379589 9.9991E-05 0.0768404
0.192759 0.138462 0.126364 0.265669 0.0582183 0.218527
0.101549 0.07203 0.0854393 0.418826 0.0635794 0.258576
0.12196 0.19228 9.9982E-05 0.5422 0.143361 9.9982E-05
9.999E-05 0.203415 0.0800473 0.313037 0.03075 0.37265
0.44792 0.2589 0.0792545 0.0374995 0.0354668 0.14096
9.999E-05 0.60762 0.141167 0.166192 0.00983313 0.0750874
0.00330744 0.340471 0.242917 9.9991E-05 0.153153 0.260052
9.9964E-05 0.865391 9.9964E-05 9.9964E-05 0.134209 9.9964E-05
9.999E-05 0.468055 0.183136 0.181518 0.0388242 0.128368
9.999E-05 0.225774 0.0566211 0.389894 0.121762 0.205849
0.108541 0.0580588 0.151396 0.276993 0.161542 0.24347
0.344817 0.388966 9.9991E-05 0.0636936 0.0739339 0.128489
0.499893 9.9991E-05 0.144282 0.0687669 0.0532379 0.23372
0.0522231 0.367652 0.0892047 0.161563 0.15497 0.174388
0.124056 9.9991E-05 0.123483 0.151302 0.195134 0.405925
0.0753377 0.293971 0.0179948 0.382434 9.9991E-05 0.230162
9.999E-05 0.108718 0.0857504 0.641715 0.0265399 0.137177
0.0215816 0.405233 9.9991E-05 0.212027 0.0985331 0.262525
0.2249 0.348119 0.0528356 0.0396701 0.161166 0.173309
0.163773 9.9991E-05 0.0298051 0.460238 0.0888242 0.257259
0.161722 9.9991E-05 0.115602 0.531724 0.0118103 0.179042
9.9964E-05 0.851655 9.9964E-05 9.9964E-05 0.147945 9.9964E-05
0.129693 0.246793 0.086079 0.233098 0.0709725 0.233365
0.206579 0.139214 0.223286 0.13571 0.133147 0.162063
0.0323357 0.37083 0.0641801 0.193461 0.115852 0.223342
0.130165 0.135157 0.105116 0.446927 0.182535 9.9991E-05
0.11387 9.9982E-05 0.554891 0.261229 9.9982E-05 0.0698092
9.9973E-05 0.39996 9.9973E-05 0.50579 0.0939505 9.9973E-05
0.00565623 0.61537 0.193785 0.0623951 0.122694 9.9991E-05
0.00249703 0.0459109 0.0897531 0.527655 9.9991E-05 0.334084
0.0874806 0.123242 9.9991E-05 0.533377 0.127022 0.128777
9.999E-05 0.301032 0.0328046 0.15358 0.229235 0.283248
9.99641E-05 0.132739 9.99641E-05 9.99641E-05 9.99641E-05 0.866861
9.9982E-05 9.9982E-05 0.0259548 0.5125 0.246796 0.21455
0.0107898 0.93968 0.0279487 9.9982E-05 9.9982E-05 0.021382
0.197243 9.9991E-05 0.244644 0.345762 0.161446 0.050805
0.260077 0.334846 9.9991E-05 0.182202 0.0790968 0.143678
0.047911 0.313312 0.0523701 0.48497 0.101337 9.9991E-05
0.165336 9.9991E-05 0.084833 0.320449 0.214796 0.214486
0.144478 0.0863568 0.109559 0.408948 0.169185 0.0814735
0.00297318 0.584619 0.144622 0.263567 9.9991E-05 0.00411922
0.12387 0.413241 0.184931 0.0344384 0.0932146 0.150305
0.0207244 0.16915 9.9991E-05 0.392458 0.320081 0.0974863
0.117964 0.0850403 0.118796 0.530335 0.0812593 0.0666056
0.202407 9.9991E-05 0.145666 0.515498 0.0052681 0.131061
0.186495 0.196808 0.11779 0.433177 0.0656301 9.9991E-05
0.427555 0.318439 0.165225 0.0753359 9.9991E-05 0.0133452
0.0943031 0.447486 0.0763794 9.9991E-05 0.0991804 0.282551
0.320277 0.0309952 0.145759 0.299257 9.9991E-05 0.203611
0.613173 9.9991E-05 0.0902652 0.171455 0.0910526 0.0339542
0.328341 0.0809719 0.145183 0.0263317 0.245248 0.173924
0.682998 0.052596 0.179181 0.0850247 9.9982E-05 9.9982E-05
0.0679623 0.0407992 0.0632817 0.417184 0.178497 0.232276
0.569892 0.0403215 0.240204 9.9982E-05 0.149382 9.9982E-05
0.0478799 0.246339 0.215075 0.363941 0.0799736 0.0467915
0.40012 0.0951866 9.9991E-05 0.386313 0.087036 0.031245
0.14611 0.285617 0.0727727 0.171782 0.190668 0.13305
9.9982E-05 9.9982E-05 0.0527493 0.81483 0.0459379 0.0862833
9.9982E-05 0.145797 9.9982E-05 0.364417 0.180986 0.3086
0.00161392 0.00328995 0.123879 0.731077 9.9991E-05 0.140041
9.9964E-05 9.9964E-05 0.889213 9.9964E-05 9.9964E-05 0.110388
0.205626 0.139559 0.0607421 0.287695 0.252154 0.0542235
0.193224 0.0589231 9.9991E-05 0.0123737 0.0921611 0.643218
0.0807056 0.0778701 9.9991E-05 0.243609 0.208038 0.389677
0.123938 0.19848 9.9982E-05 0.619195 9.9982E-05 0.0581868
9.9982E-05 0.250868 0.131154 0.406253 9.9982E-05 0.211524
0.241132 0.197478 0.119503 0.0689655 0.125387 0.247535
0.288939 0.0384957 0.0998737 0.184869 0.371633 0.0161903
0.230442 0.224702 0.0823988 0.133312 0.0298805 0.299265
0.14172 0.179368 0.068376 0.309435 0.116815 0.184287
0.0805796 0.308677 0.160325 0.450219 9.9982E-05 9.9982E-05
0.20459 0.251557 0.260201 9.9982E-05 0.283452 9.9982E-05
0.510109 9.9973E-05 9.9973E-05 0.277569 0.212022 9.9973E-05
0.0505869 0.0290642 0.0456319 0.508736 0.140153 0.225828
9.9973E-05 9.9973E-05 0.0487793 0.83068 0.120241 9.9973E-05
9.9973E-05 9.9973E-05 9.9973E-05 0.804304 0.135703 0.0596936
9.9982E-05 9.9982E-05 0.217846 0.597502 0.10295 0.0815014
0.179892 0.246297 0.085614 0.280197 0.0430434 0.164957
9.9991E-05 0.235593 0.000474353 0.351469 0.0809077 0.331456
0.00643609 0.17951 0.261666 0.430095 0.0662656 0.0560268
0.324403 0.193407 0.0857849 0.179272 0.169709 0.0474229
9.9982E-05 9.9982E-05 0.0508321 0.677541 0.0446122 0.226814
0.164107 0.475621 9.9982E-05 0.226108 0.133964 9.9982E-05
0.108102 0.0717596 0.00881691 0.207545 9.9991E-05 0.603677
9.9982E-05 0.487064 9.9982E-05 0.340665 0.0757508 0.0963207
0.270608 0.0447017 0.169114 9.9991E-05 0.141463 0.374013
0.0274965 0.77701 9.9982E-05 0.0658997 9.9982E-05 0.129394
9.9964E-05 9.9964E-05 0.957661 9.9964E-05 0.0419393 9.9964E-05
0.0496837 0.689425 0.0323141 0.0520442 0.176433 9.9991E-05
9.9964E-05 9.9964E-05 9.9964E-05 0.61574 9.9964E-05 0.38386
0.235262 0.245582 0.08484 0.306478 9.9991E-05 0.127739
9.9973E-05 9.9973E-05 9.9973E-05 0.603303 0.10748 0.288917
0.200357 0.0929268 0.104762 0.338653 0.15992 0.103381
0.366224 0.392449 0.0192536 0.0683748 0.153598 9.9991E-05
9.9982E-05 9.9982E-05 0.00807185 0.748553 0.145388 0.0977878
9.9991E-05 0.0581116 0.455791 0.158724 0.086177 0.241096
0.0377239 0.24285 0.338383 0.282741 9.9991E-05 0.0982018
9.9991E-05 0.255327 0.124079 0.407512 0.0582192 0.154763
9.996E-05 9.996E-05 0.9995 9.996E-05 9.996E-05 9.996E-05
0.287475 0.28242 0.0944291 0.127174 0.147237 0.0612651
9.996E-05 9.996E-05 9.996E-05 9.996E-05 0.9995 9.996E-05
0.252975 0.488301 0.0746089 9.9991E-05 0.106544 0.077472
0.41016 0.363256 0.0264698 0.176672 0.0233422 9.9991E-05
0.214878 0.189877 0.0662875 0.403337 0.0363587 0.0892623
0.197578 0.0735483 0.0539535 0.355919 0.00940069 0.3096
0.176198 0.162686 0.20792 0.244425 0.20867 9.9991E-05
0.12048 0.377327 0.0163469 0.0979997 0.00894788 0.378898
0.233169 0.0838374 9.9991E-05 0.332642 0.216776 0.133475
9.9991E-05 0.320861 0.162218 0.204663 0.150363 0.161795
0.279854 0.165471 0.0655596 0.366498 0.120833 0.00178438
9.9991E-05 0.042622 0.504575 0.201108 0.1037 0.147895
0.248898 0.205458 0.0661792 0.339132 0.0333566 0.106977
9.9964E-05 9.9964E-05 0.992409 0.00719127 9.9964E-05 9.9964E-05
0.0159026 0.647572 9.9982E-05 0.0737615 0.262564 9.9982E-05
0.166628 0.0191079 0.0971198 0.192459 0.119569 0.405117
0.130966 0.0998461 0.138976 0.563065 0.0670483 9.9991E-05
0.00208636 0.508907 0.135276 9.9991E-05 0.186484 0.167146
0.138507 0.117667 0.0951679 0.259018 0.05769 0.33195
9.9982E-05 0.113908 0.344137 0.166148 9.9982E-05 0.375607
0.102366 0.0823907 0.158234 0.235824 0.21455 0.206635
0.251822 0.103733 9.9982E-05 0.556904 0.0873402 9.9982E-05
0.113443 0.328497 0.0938215 0.332353 0.0331721 0.098713
0.148555 0.0815402 0.0603682 0.674313 9.9991E-05 0.035123
0.022663 0.794753 9.9973E-05 0.182285 9.9973E-05 9.9973E-05
0.110256 0.0118584 0.145787 0.433436 0.141737 0.156926
0.14986 0.478184 0.0143329 0.357423 9.9982E-05 9.9982E-05
9.9991E-05 0.73804 0.1546 0.0100892 0.00107366 0.0960977
9.9982E-05 0.178265 0.115551 0.396201 9.9982E-05 0.309782
0.21284 9.9991E-05 0.0822802 0.441148 0.0826893 0.180943
9.9973E-05 0.278703 0.390806 0.330191 9.9973E-05 9.9973E-05
0.0716087 0.29628 0.13517 0.396135 0.0956871 0.00511827
0.13376 0.166718 0.0807759 0.428022 0.0433267 0.147398
9.9991E-05 0.349984 0.0380319 0.284952 0.154504 0.172428
0.929433 9.9964E-05 9.9964E-05 0.0701667 9.9964E-05 9.9964E-05
0.997007 9.9964E-05 9.9964E-05 9.9964E-05 9.9964E-05 0.00259355
0.0847074 0.46188 0.0226113 0.199232 0.0926239 0.138945
0.0395862 0.327775 0.0106582 0.339282 0.212556 0.0701428
9.9991E-05 0.0579936 0.138937 0.380563 0.196934 0.225473
0.0300263 0.464564 0.00635219 0.37257 0.126388 9.9991E-05
9.9973E-05 0.269994 0.123989 0.605717 9.9973E-05 9.9973E-05
0.0464236 0.632489 0.0498378 0.15602 9.9991E-05 0.115129
0.270191 9.9991E-05 0.0656439 0.300013 0.161078 0.202974
0.128584 0.179074 0.380943 0.023469 0.0661347 0.221795
0.265865 0.161675 9.9991E-05 0.314232 0.114139 0.143988
9.996E-05 9.996E-05 9.996E-05 9.996E-05 9.996E-05 0.9995
0.117599 0.0745309 9.9991E-05 0.113179 0.270127 0.424464
0.337705 9.9982E-05 9.9982E-05 0.223677 0.396356 0.0420619
9.9991E-05 0.542129 0.0634045 0.142327 0.0681681 0.183872
0.165544 9.9982E-05 9.9982E-05 0.189601 0.376285 0.268371
0.0218265 0.2949 0.0953827 0.235915 0.0856824 0.266294
0.11086 0.0700532 0.0824737 0.553999 0.0539352 0.128679
0.168128 0.144517 0.113633 0.342405 0.0772505 0.154066
0.239775 0.0408611 0.234548 0.119907 0.218296 0.146612
0.0480252 0.339104 9.9982E-05 0.510419 9.9982E-05 0.102252
0.146744 0.0740208 0.0780787 0.445148 0.0233463 0.232661
0.478055 9.9982E-05 0.162192 0.0870674 9.9982E-05 0.272486
0.00886315 0.250777 0.108821 0.463495 0.0578351 0.110209
9.9991E-05 0.576726 0.0204238 0.250905 0.041481 0.110364
9.996E-05 9.996E-05 9.996E-05 9.996E-05 9.996E-05 0.9995
0.119309 9.9982E-05 9.9982E-05 0.189375 0.0185269 0.672589
0.588075 0.115873 9.9991E-05 0.0349605 0.236444 0.0245473
0.217255 0.45471 0.0497691 0.0809258 0.0679186 0.129421
9.9982E-05 0.275631 0.0753525 9.9982E-05 0.108773 0.540043
0.0409587 0.238259 9.9991E-05 0.648183 0.00387825 0.0686208
0.336653 9.9982E-05 9.9982E-05 0.405879 0.172364 0.0849042
0.9995 9.996E-05 9.996E-05 9.996E-05 9.996E-05 9.996E-05
0.0404014 0.171534 0.144479 0.310245 0.0546403 0.278701
0.0734557 0.0282959 0.0762918 0.795868 0.0259887 9.9991E-05
0.366954 0.237668 0.167565 9.9991E-05 0.180691 0.0470229
9.9982E-05 9.9982E-05 0.216412 0.393695 0.0521626 0.33753
0.667757 0.00669398 9.9991E-05 0.0555788 0.171003 0.0988669
0.120289 9.9982E-05 9.9982E-05 0.560989 0.0466611 0.271862
0.00882051 9.9982E-05 0.125216 0.621018 0.244745 9.9982E-05
0.272554 0.214303 9.9982E-05 0.367985 9.9982E-05 0.144959
0.309235 0.371354 0.150795 0.0206599 0.147856 9.9991E-05
9.996E-05 9.996E-05 9.996E-05 9.996E-05 0.9995 9.996E-05
0.154477 0.223178 0.162856 0.297002 0.162386 9.9991E-05
0.0819979 0.408059 0.178502 9.9991E-05 0.0565488 0.274793
9.9982E-05 0.56661 0.0832408 0.12466 9.9982E-05 0.225289
0.404231 0.106038 9.9991E-05 0.210088 0.118879 0.160664
0.129392 0.224053 0.18149 0.351504 9.9991E-05 0.113461
0.0836293 0.27577 0.00221949 0.384352 9.9991E-05 0.253929
9.996E-05 9.996E-05 9.996E-05 9.996E-05 0.9995 9.996E-05
0.0975411 0.179725 0.0687972 0.288477 0.0408014 0.324659
0.23301 0.014016 0.0677742 0.0908801 0.291457 0.302863
0.200685 0.170299 9.9991E-05 0.311271 0.0708852 0.246759
0.413328 0.182815 0.149073 0.0965187 9.9991E-05 0.158165
