9.99731E-05 0.101469 0.0684017 9.99731E-05 0.551958 0.115394 9.99731E-05 0.162478
9.99641E-05 9.99641E-05 9.99641E-05 0.430833 0.114328 0.162405 9.99641E-05 0.292035
9.99731E-05 9.99731E-05 0.401153 0.128509 0.218961 0.199154 0.0519235 9.99731E-05
9.99732E-05 9.99732E-05 0.0111764 9.99732E-05 0.589224 0.0466987 0.163395 0.189206
0.343587 9.99641E-05 9.99641E-05 9.99641E-05 0.460386 0.0179414 9.99641E-05 0.177685
0.00663806 0.118073 9.9982E-05 9.9982E-05 0.553698 0.0173454 0.215296 0.0887495
0.13712 0.316043 9.99821E-05 0.100457 0.242161 0.0118913 9.99821E-05 0.192127
9.99552E-05 9.99552E-05 9.99552E-05 0.371469 0.469169 9.99552E-05 9.99552E-05 0.158863
9.99731E-05 9.99731E-05 0.723584 0.0489616 9.99731E-05 0.0236866 0.125442 0.0780261
0.0878547 0.209324 0.145355 9.99821E-05 9.99821E-05 0.0630417 0.342414 0.151811
0.00668223 9.9982E-05 0.162377 9.9982E-05 0.295425 0.166145 0.286643 0.0825278
9.99643E-05 9.99643E-05 0.253129 0.158031 0.424019 9.99643E-05 9.99643E-05 0.164422
9.99641E-05 0.218228 0.0535331 0.520899 0.206939 9.99641E-05 9.99641E-05 9.99641E-05
9.99641E-05 0.584307 9.99641E-05 0.0345322 0.347836 9.99641E-05 9.99641E-05 0.0329244
0.128863 9.99821E-05 0.2907 0.0353441 0.321392 9.99821E-05 0.174541 0.0489609
0.0360512 9.99732E-05 9.99732E-05 9.99732E-05 0.617915 0.110258 0.0273717 0.208104
9.99821E-05 0.2055 0.142473 9.99821E-05 0.475153 0.0217638 0.0485089 0.106402
0.215993 0.0374783 0.0524928 9.9991E-05 0.129114 0.131597 0.111259 0.321966
9.99642E-05 9.99642E-05 0.250169 0.385178 0.308165 9.99642E-05 9.99642E-05 0.0560874
9.99641E-05 0.37763 9.99641E-05 0.0832134 0.51698 9.99641E-05 0.0217764 9.99641E-05
9.99553E-05 0.686452 9.99553E-05 9.99553E-05 9.99553E-05 9.99553E-05 0.306213 0.0068348
0.189746 9.9982E-05 0.245527 0.440684 0.0713279 0.00387039 0.0486447 9.9982E-05
9.9982E-05 0.0894587 9.9982E-05 0.0409672 0.259999 0.239829 0.170593 0.198954
0.0734928 0.0173339 9.99731E-05 9.99731E-05 0.239885 0.512153 9.99731E-05 0.156835
9.99731E-05 9.99731E-05 9.99731E-05 0.0753079 0.219023 0.257314 0.343837 0.104218
9.99552E-05 9.99552E-05 0.290195 9.99552E-05 0.640002 9.99552E-05 9.99552E-05 0.0693033
0.167908 9.9973E-05 0.179218 0.088152 9.9973E-05 0.288547 9.9973E-05 0.275875
0.354818 9.99732E-05 0.124777 0.0620175 0.417659 0.0404286 9.99732E-05 9.99732E-05
0.0409368 9.99641E-05 9.99641E-05 0.707167 9.99641E-05 9.99641E-05 0.173843 0.0776539
9.99462E-05 9.99462E-05 0.251739 9.99462E-05 9.99462E-05 0.747661 9.99462E-05 9.99462E-05
0.595363 9.99551E-05 9.99551E-05 9.99551E-05 9.99551E-05 9.99551E-05 0.187834 0.216303
9.99552E-05 0.208602 9.99552E-05 0.65174 9.99552E-05 9.99552E-05 9.99552E-05 0.139158
0.080191 0.0275826 0.604201 0.01161 9.99821E-05 0.141109 0.135106 9.99821E-05
0.106957 0.017002 0.0771193 0.405603 0.390945 9.99821E-05 9.99821E-05 0.00217413
9.99551E-05 9.99551E-05 9.99551E-05 9.99551E-05 0.652181 0.0999085 9.99551E-05 0.247411
9.99553E-05 0.578115 9.99553E-05 9.99553E-05 0.413476 9.99553E-05 9.99553E-05 0.00790884
0.442664 9.99731E-05 9.99731E-05 0.179777 9.99731E-05 0.0649966 0.0753315 0.236931
9.99641E-05 9.99641E-05 0.212483 0.121738 9.99641E-05 0.339179 0.3262 9.99641E-05
9.99821E-05 0.16148 9.99821E-05 0.422698 0.0683199 0.0523291 0.125962 0.169011
9.9964E-05 9.9964E-05 9.9964E-05 0.317015 0.360297 9.9964E-05 0.196898 0.12539
0.0606216 0.0962393 0.479689 0.0146636 9.99821E-05 0.30072 9.99821E-05 0.0478663
9.99731E-05 0.436714 0.450411 0.0037597 9.99731E-05 9.99731E-05 0.0838178 0.0249971
9.9982E-05 0.471848 0.0776355 0.0623919 0.251009 0.0148983 0.122017 9.9982E-05
9.99553E-05 9.99553E-05 0.287888 9.99553E-05 0.656012 9.99553E-05 0.0556003 9.99553E-05
9.99551E-05 0.142136 9.99551E-05 0.780504 9.99551E-05 9.99551E-05 9.99551E-05 0.0768611
9.99731E-05 0.173043 9.99731E-05 0.147638 0.276128 9.99731E-05 0.105158 0.297733
9.99821E-05 0.285552 0.125588 0.356951 0.20182 0.00253077 9.99821E-05 0.0273584
9.99731E-05 9.99731E-05 0.479934 0.0329651 0.166096 9.99731E-05 0.124929 0.195776
0.389762 9.99732E-05 0.00172628 0.539136 9.99732E-05 0.0219195 9.99732E-05 0.0471566
9.99641E-05 0.0483443 9.99641E-05 0.185998 0.574097 9.99641E-05 9.99641E-05 0.191162
9.994E-05 9.994E-05 9.994E-05 9.994E-05 0.9993 9.994E-05 9.994E-05 9.994E-05
9.99731E-05 0.232373 0.164361 9.99731E-05 9.99731E-05 0.11992 0.342748 0.140297
9.99551E-05 9.99551E-05 0.440802 9.99551E-05 0.475218 0.0834805 9.99551E-05 9.99551E-05
9.99642E-05 0.0285741 9.99642E-05 0.388279 0.330716 9.99642E-05 0.252031 9.99642E-05
0.42612 0.339353 0.207184 0.0234316 9.9973E-05 9.9973E-05 0.0036118 9.9973E-05
0.528308 9.99641E-05 0.33176 9.99641E-05 9.99641E-05 9.99641E-05 0.0506254 0.0889063
9.99551E-05 0.169764 9.99551E-05 9.99551E-05 0.586885 0.242851 9.99551E-05 9.99551E-05
0.599558 0.202162 0.19778 9.99553E-05 9.99553E-05 9.99553E-05 9.99553E-05 9.99553E-05
0.0845022 0.0200607 0.0267983 0.084816 0.442079 9.9991E-05 0.137396 0.204247
9.9973E-05 0.219996 0.00437006 9.9973E-05 0.419373 9.9973E-05 0.158496 0.197465
0.167214 9.99821E-05 0.168332 0.000264016 0.50513 0.0182771 0.140583 9.99821E-05
9.9973E-05 0.16903 0.133472 9.9973E-05 0.0813932 0.18691 9.9973E-05 0.428894
0.203787 9.9964E-05 0.619908 9.9964E-05 0.154098 9.9964E-05 9.9964E-05 0.021807
9.99462E-05 9.99462E-05 9.99462E-05 0.227462 9.99462E-05 0.771938 9.99462E-05 9.99462E-05
0.42206 0.0158612 9.99821E-05 0.1335 0.390233 0.0260371 9.99821E-05 0.0121091
0.00588227 9.99641E-05 0.194662 0.532197 9.99641E-05 0.266859 9.99641E-05 9.99641E-05
9.9973E-05 0.307337 9.9973E-05 9.9973E-05 0.562476 0.0962814 0.0321999 0.00140657
0.0356005 0.0779159 0.228126 0.213929 0.130498 9.9982E-05 9.9982E-05 0.31373
0.0587837 9.9982E-05 0.0834848 0.528207 0.241114 9.9982E-05 0.00977048 0.0784408
0.240872 0.195348 9.99821E-05 0.37059 0.0778463 0.0361504 0.0789924 9.99821E-05
0.106186 0.161787 0.0869393 0.263379 9.9982E-05 9.9982E-05 0.212844 0.168664
9.99641E-05 0.0831877 0.483389 0.216453 9.99641E-05 9.99641E-05 9.99641E-05 0.21657
0.00388775 0.0999391 9.99643E-05 0.439617 9.99643E-05 9.99643E-05 9.99643E-05 0.456157
0.173842 9.99821E-05 0.0917957 0.411319 0.123746 0.0277753 9.99821E-05 0.171322
0.100795 0.0773185 9.99822E-05 0.00910954 0.753091 0.0153211 9.99822E-05 0.0441655
0.0962353 0.182631 0.0839209 0.204036 0.0998202 9.9982E-05 9.9982E-05 0.333156
9.99555E-05 9.99555E-05 0.534565 9.99555E-05 0.402326 0.0626089 9.99555E-05 9.99555E-05
0.0672526 0.0238863 0.301098 0.0323243 0.192051 9.9991E-05 0.164783 0.218506
0.0890816 9.99731E-05 0.233094 0.164369 0.365566 9.99731E-05 0.147589 9.99731E-05
0.0898812 9.99732E-05 9.99732E-05 0.171314 0.559839 9.99732E-05 0.126979 0.0516866
0.00296443 0.0501346 9.99732E-05 0.0580422 0.605537 9.99732E-05 9.99732E-05 0.283022
9.99642E-05 0.0833146 0.333295 0.0490107 0.53398 9.99642E-05 9.99642E-05 9.99642E-05
0.0874271 0.672872 9.99641E-05 0.164677 9.99641E-05 9.99641E-05 0.0746243 9.99641E-05
9.99641E-05 9.99641E-05 0.279498 0.507488 9.99641E-05 0.206073 0.00654112 9.99641E-05
9.99731E-05 0.500103 9.99731E-05 0.0835038 0.24034 0.0147792 9.99731E-05 0.160974
9.9973E-05 0.252795 0.0393882 0.0263593 0.505523 9.9973E-05 9.9973E-05 0.175635
9.99731E-05 0.379189 0.131674 0.39332 9.99731E-05 0.0353694 9.99731E-05 0.0601476
9.99731E-05 0.13988 9.99731E-05 0.0943402 0.285132 0.465315 0.0150339 9.99731E-05
0.0028725 9.99821E-05 0.0023841 0.239725 0.21867 0.0994152 0.436734 9.99821E-05
9.99551E-05 9.99551E-05 0.374279 0.507321 9.99551E-05 9.99551E-05 0.1179 9.99551E-05
9.99464E-05 9.99464E-05 9.99464E-05 9.99464E-05 0.437676 0.561724 9.99464E-05 9.99464E-05
0.0455038 0.953897 9.99463E-05 9.99463E-05 9.99463E-05 9.99463E-05 9.99463E-05 9.99463E-05
9.99642E-05 0.29977 0.468736 0.00272194 9.99642E-05 9.99642E-05 9.99642E-05 0.228372
9.99821E-05 9.99821E-05 0.139839 0.091488 0.179261 0.218559 0.291389 0.0792647
9.9964E-05 9.9964E-05 0.511211 0.230911 9.9964E-05 0.0150969 9.9964E-05 0.242382
9.99731E-05 0.238734 0.184718 9.99731E-05 0.471131 9.99731E-05 0.055978 0.0491397
0.27998 0.270259 0.0445586 9.9982E-05 0.140669 0.0965904 0.167743 9.9982E-05
0.0372921 0.273967 0.620834 9.99641E-05 0.0675076 9.99641E-05 9.99641E-05 9.99641E-05
0.124254 0.0409904 9.99731E-05 0.0100451 0.384239 0.440171 9.99731E-05 9.99731E-05
9.9982E-05 0.16053 0.12924 9.9982E-05 0.0971229 0.413632 0.0424238 0.156851
0.593446 0.0751613 0.133766 9.99731E-05 9.99731E-05 0.185371 9.99731E-05 0.0119555
9.994E-05 9.994E-05 9.994E-05 9.994E-05 9.994E-05 0.9993 9.994E-05 9.994E-05
9.99552E-05 9.99552E-05 0.410756 9.99552E-05 9.99552E-05 0.236196 0.352548 9.99552E-05
9.99552E-05 9.99552E-05 9.99552E-05 9.99552E-05 9.99552E-05 0.0298624 0.946032 0.0236054
0.0148386 0.0595303 0.0229857 0.22473 0.456489 9.9991E-05 0.124444 0.0968825
9.99731E-05 0.193691 0.055879 0.321025 0.348019 9.99731E-05 9.99731E-05 0.0810863
0.316058 0.360367 9.99551E-05 0.323075 9.99551E-05 9.99551E-05 9.99551E-05 9.99551E-05
0.323098 9.99821E-05 9.99821E-05 0.089644 0.316392 0.0583874 0.123944 0.0883343
0.239169 0.0211277 9.99821E-05 0.255003 0.436722 9.99821E-05 0.0276232 0.0201553
9.99731E-05 0.13992 9.99731E-05 0.343593 9.99731E-05 0.00686296 0.494539 0.0147859
0.0644845 0.156672 0.168163 0.205973 0.0801808 0.324326 9.99821E-05 9.99821E-05
0.0199952 9.99732E-05 9.99732E-05 0.15232 0.659962 0.0435631 9.99732E-05 0.12386
9.99642E-05 0.104895 9.99642E-05 0.132595 0.231125 0.530985 9.99642E-05 9.99642E-05
0.004339 9.99552E-05 9.99552E-05 0.377708 0.617453 9.99552E-05 9.99552E-05 9.99552E-05
9.99461E-05 9.99461E-05 0.143213 9.99461E-05 9.99461E-05 0.856188 9.99461E-05 9.99461E-05
9.99642E-05 0.270488 0.39303 9.99642E-05 0.272264 9.99642E-05 0.0638178 9.99642E-05
9.99552E-05 9.99552E-05 9.99552E-05 0.178066 0.73261 9.99552E-05 9.99552E-05 0.0888245
0.0809651 9.99731E-05 0.072212 0.715147 9.99731E-05 0.0698247 9.99731E-05 0.0615515
9.9973E-05 9.9973E-05 0.0260728 0.461764 9.9973E-05 0.181609 0.142832 0.187423
9.9982E-05 0.0565054 9.9982E-05 0.339345 0.270881 0.196433 0.0527619 0.0838747
9.9982E-05 9.9982E-05 0.0919682 0.0386919 0.194588 0.539878 0.0107108 0.123963
9.99642E-05 0.467053 9.99642E-05 9.99642E-05 0.251603 0.254917 0.0260264 9.99642E-05
9.99463E-05 9.99463E-05 9.99463E-05 9.99463E-05 0.805045 9.99463E-05 0.194355 9.99463E-05
0.284007 0.251621 0.0566442 0.300043 9.9982E-05 9.9982E-05 0.0996943 0.00779118
9.99553E-05 9.99553E-05 0.369776 9.99553E-05 0.517541 9.99553E-05 0.112183 9.99553E-05
9.9982E-05 0.0406041 0.122559 0.166809 0.499934 9.9982E-05 0.0431271 0.126766
9.99553E-05 0.387691 0.566602 9.99553E-05 9.99553E-05 0.0452071 9.99553E-05 9.99553E-05
9.99821E-05 0.0228012 0.00146962 0.230677 0.503055 9.99821E-05 0.106422 0.135375
0.0557839 0.0594406 9.99732E-05 0.257531 9.99732E-05 0.356724 0.270221 9.99732E-05
0.00238212 0.338586 0.100977 0.302125 0.0951247 0.0429002 0.0383593 0.0795453
9.99464E-05 0.141863 0.857537 9.99464E-05 9.99464E-05 9.99464E-05 9.99464E-05 9.99464E-05
9.99641E-05 0.430384 0.049265 0.0232014 0.49675 9.99641E-05 9.99641E-05 9.99641E-05
9.99731E-05 9.99731E-05 0.298119 0.417303 0.0385328 9.99731E-05 0.113653 0.132092
9.99731E-05 9.99731E-05 0.0152659 0.192718 0.0204026 9.99731E-05 0.53652 0.234794
0.0270006 9.9991E-05 0.183734 0.00954474 0.0905721 0.0494459 0.33888 0.300722
0.166171 0.241296 9.99731E-05 0.0904708 0.213308 9.99731E-05 0.288454 9.99731E-05
0.211915 9.99642E-05 9.99642E-05 0.35702 0.29235 9.99642E-05 0.138316 9.99642E-05
0.222286 9.99642E-05 9.99642E-05 0.342938 0.239183 9.99642E-05 0.195192 9.99642E-05
9.99911E-05 0.109993 0.423652 0.314672 0.0437529 0.00539685 0.0247577 0.0776752
0.142902 9.99553E-05 9.99553E-05 0.25053 0.606068 9.99553E-05 9.99553E-05 9.99553E-05
0.409004 9.99732E-05 9.99732E-05 9.99732E-05 0.0703762 0.247161 0.1907 0.0824579
9.99731E-05 0.189754 0.0545521 9.99731E-05 9.99731E-05 0.3334 0.239786 0.182208
0.073629 0.0659905 0.448219 0.00322253 0.327302 9.9991E-05 0.0170364 0.0644999
0.0267932 9.99642E-05 0.728377 9.99642E-05 9.99642E-05 0.128961 0.115469 9.99642E-05
9.9982E-05 0.0602893 9.9982E-05 0.154468 0.34661 0.221078 0.050067 0.167288
0.0327419 0.153923 9.99641E-05 0.440048 0.372887 9.99641E-05 9.99641E-05 9.99641E-05
9.994E-05 9.994E-05 9.994E-05 9.994E-05 9.994E-05 9.994E-05 9.994E-05 0.9993
9.99821E-05 0.1079 9.99821E-05 0.126154 0.511101 0.0617122 0.149246 0.0436884
0.0652855 0.603978 9.99731E-05 9.99731E-05 0.262694 0.0511819 9.99731E-05 0.0165609
0.161699 0.0849358 0.0525479 0.0845477 9.99821E-05 9.99821E-05 0.260965 0.355105
0.0554023 0.0927787 0.0761376 0.581732 9.99821E-05 9.99821E-05 0.130542 0.0632065
9.99641E-05 9.99641E-05 0.331367 0.223863 0.254691 9.99641E-05 9.99641E-05 0.189679
0.662561 9.99549E-05 9.99549E-05 0.166385 0.170554 9.99549E-05 9.99549E-05 9.99549E-05
9.99642E-05 9.99642E-05 0.316992 9.99642E-05 0.557328 0.0412901 9.99642E-05 0.0839896
0.236767 0.175249 9.99642E-05 9.99642E-05 9.99642E-05 0.349756 9.99642E-05 0.237828
0.149141 0.171189 0.113998 9.99821E-05 0.196871 9.99821E-05 0.261537 0.107064
0.000241802 0.368417 0.0761132 0.109179 0.260568 9.99821E-05 0.185282 9.99821E-05
0.34852 9.99732E-05 0.208569 9.99732E-05 0.30746 9.99732E-05 0.0997971 0.0353539
0.186992 9.99642E-05 9.99642E-05 0.0916251 0.691918 9.99642E-05 9.99642E-05 0.0290655
9.9991E-05 0.0773211 0.0301338 0.395165 0.138136 0.223265 0.117923 0.0179566
9.994E-05 9.994E-05 9.994E-05 9.994E-05 9.994E-05 9.994E-05 9.994E-05 0.9993
9.99641E-05 9.99641E-05 0.151539 0.126068 0.341828 9.99641E-05 9.99641E-05 0.380165
9.99641E-05 9.99641E-05 9.99641E-05 0.445473 0.404543 0.0376419 9.99641E-05 0.111942
0.134669 0.135857 0.432524 0.150516 0.0548091 9.99821E-05 9.99821E-05 0.0914253
9.99553E-05 9.99553E-05 0.214274 0.398078 9.99553E-05 9.99553E-05 9.99553E-05 0.387149
9.99821E-05 0.199124 0.131651 9.99821E-05 0.490216 0.0149746 0.14109 0.0227436
0.429948 9.99552E-05 0.201604 9.99552E-05 0.367948 9.99552E-05 9.99552E-05 9.99552E-05
0.256261 9.99553E-05 9.99553E-05 0.658193 9.99553E-05 9.99553E-05 0.0850462 9.99553E-05
0.348002 0.455216 9.99642E-05 0.12067 9.99642E-05 9.99642E-05 9.99642E-05 0.0757123
9.9991E-05 0.105595 0.0656612 0.00574241 0.449541 0.0725553 0.166304 0.134501
9.99553E-05 9.99553E-05 9.99553E-05 0.281221 0.490078 9.99553E-05 0.228201 9.99553E-05
0.15136 9.99821E-05 0.0662385 0.192596 0.396362 9.99821E-05 0.0566768 0.136567
0.137684 0.00762806 0.466304 0.0845169 0.12244 9.9991E-05 0.177443 0.00388418
9.99731E-05 0.179283 9.99731E-05 9.99731E-05 0.551765 0.139894 0.0498107 0.0789479
9.99731E-05 9.99731E-05 0.162414 9.99731E-05 0.696396 0.042548 0.0673218 0.03102
0.452419 9.99642E-05 9.99642E-05 0.381781 0.134867 9.99642E-05 9.99642E-05 0.0305334
9.99821E-05 0.438954 0.043523 0.217123 0.105607 0.141954 9.99821E-05 0.0526389
9.99462E-05 0.143471 9.99462E-05 9.99462E-05 9.99462E-05 9.99462E-05 0.85593 9.99462E-05
9.99821E-05 0.236193 0.117732 0.220342 0.316775 0.0969411 0.0118172 9.99821E-05
0.0719275 9.99732E-05 0.660043 0.092268 0.151899 9.99732E-05 9.99732E-05 0.0235629
0.0782874 0.557171 0.160088 9.99642E-05 9.99642E-05 9.99642E-05 9.99642E-05 0.204054
0.172452 0.0345426 0.206089 0.0947545 9.9991E-05 0.0210425 0.192517 0.278503
0.269673 0.108252 0.125534 0.0342766 0.230465 9.9991E-05 0.025529 0.20617
9.99554E-05 9.99554E-05 9.99554E-05 0.218787 0.654704 9.99554E-05 9.99554E-05 0.12601
9.994E-05 9.994E-05 9.994E-05 9.994E-05 9.994E-05 9.994E-05 0.9993 9.994E-05
0.0276751 9.99732E-05 0.333521 0.0966152 0.419118 9.99732E-05 9.99732E-05 0.122771
9.99731E-05 9.99731E-05 0.2105 0.147948 0.518196 9.99731E-05 0.00086796 0.122188
0.0961593 9.9982E-05 9.9982E-05 0.131131 0.231323 0.33722 0.154185 0.049781
0.00780092 0.415027 9.9982E-05 0.0196438 0.227075 0.165259 0.164994 9.9982E-05
