9.9982E-05 0.691345 0.0285978 0.1505 0.129357 9.9982E-05
0.119288 0.328629 0.405819 0.0486562 9.9991E-05 0.0975079
0.0755424 0.149856 0.331564 0.34519 0.0977483 9.9991E-05
0.0674861 0.133205 0.231586 0.245685 0.196262 0.125775
0.103626 9.9991E-05 0.514721 0.0743106 0.242965 0.0642771
9.9982E-05 9.9982E-05 0.743531 0.111999 0.0429085 0.101361
0.0554001 0.33528 0.374134 0.127727 0.107359 9.9991E-05
0.060497 0.351921 0.350714 0.0394098 0.1409 0.0565589
0.085207 9.9991E-05 0.271549 0.332014 0.191039 0.120091
0.113638 0.0857203 9.9991E-05 0.335374 0.243472 0.221695
9.9982E-05 9.9982E-05 0.097773 0.502371 0.213507 0.186149
0.0460242 9.9982E-05 0.167207 0.507176 0.279393 9.9982E-05
0.0555087 0.0544037 0.506089 0.0850964 0.191561 0.107341
0.0518783 0.491146 0.19645 9.9991E-05 0.12347 0.136956
0.00917918 0.177951 0.353497 0.0203253 0.401602 0.0374455
0.117809 0.234791 0.179329 0.0794256 0.256605 0.13204
0.203387 0.168335 0.029593 0.00860292 0.381105 0.208977
0.10548 0.348859 0.219125 9.9982E-05 0.326336 9.9982E-05
0.0209901 0.0454952 0.409901 0.326146 0.197368 9.9991E-05
0.163955 0.135344 0.243265 0.208155 0.222582 0.0266991
9.999E-05 0.224054 0.241341 0.192221 0.190436 0.151848
0.0623823 0.328694 0.156201 0.292986 0.0190572 0.140679
9.99831E-05 9.99831E-05 0.497372 0.177851 0.29703 0.0275471
0.158473 0.0528324 0.552978 0.150289 0.085328 9.9991E-05
9.9973E-05 9.9973E-05 9.9973E-05 0.519122 0.295176 0.185403
0.224749 0.49233 0.155581 0.016777 0.0448349 0.0657282
0.0902771 0.35031 0.0291619 0.155063 0.222712 0.152477
0.126402 0.431716 0.147812 0.101994 0.0834949 0.108581
0.20695 0.134914 0.272619 0.226328 0.0183769 0.140813
0.643274 0.106602 0.249825 9.99729E-05 9.99729E-05 9.99729E-05
0.0814595 9.9991E-05 0.161887 0.403759 0.203973 0.148822
0.0759227 0.107007 0.153639 0.591503 0.050196 0.021732
0.128675 0.19343 0.499081 0.00478703 0.173928 9.9991E-05
9.999E-05 0.176951 0.603431 0.0118814 0.131043 0.0765928
0.00217327 9.9991E-05 0.435811 0.192506 0.293069 0.0763409
9.9964E-05 0.720618 9.9964E-05 9.9964E-05 0.278982 9.9964E-05
9.9982E-05 0.111358 0.801224 0.00737227 9.9982E-05 0.0798452
0.0710593 0.470063 9.9991E-05 0.0677638 0.19826 0.192754
0.122815 9.9991E-05 0.653595 0.0470758 0.0598171 0.116597
0.0261833 0.0387805 0.510932 0.111643 0.282294 0.0301671
0.0525888 0.170799 0.420879 0.21048 9.9991E-05 0.145153
0.1028 0.334023 0.403642 9.9991E-05 0.0879402 0.0714948
0.0483961 0.326875 0.405377 0.141132 0.00938461 0.068835
0.0302445 0.247462 0.34893 0.373163 9.9982E-05 9.9982E-05
0.0181486 0.338282 9.9991E-05 0.356036 0.262061 0.0253718
9.9991E-05 0.0995022 0.396613 0.189441 0.142366 0.171978
9.9982E-05 9.9982E-05 0.545001 0.172268 0.251862 0.0306693
0.0452091 0.0284253 0.491636 0.299902 0.134727 9.9991E-05
0.105769 9.9991E-05 0.330207 0.311157 0.241002 0.0117656
0.130699 0.174644 0.156469 0.276958 0.26113 9.9991E-05
0.0410366 0.221605 0.022293 0.168208 0.41549 0.131368
9.9982E-05 9.9982E-05 0.340294 0.29501 0.364031 0.000465308
0.0917242 0.491203 0.384608 9.9982E-05 9.9982E-05 0.032265
0.122444 0.153358 0.355101 9.9991E-05 0.139508 0.229488
0.0747072 9.9964E-05 9.9964E-05 0.924893 9.9964E-05 9.9964E-05
9.9973E-05 9.9973E-05 0.658923 9.9973E-05 0.294242 0.0465351
9.99731E-05 0.01584 9.99731E-05 0.955668 9.99731E-05 0.0281922
0.122997 9.9991E-05 0.17099 0.661615 0.00889856 0.0353988
0.108347 9.9991E-05 0.303549 0.302537 0.14747 0.137997
0.00178256 0.147564 0.184373 0.438518 0.117902 0.10986
0.0999857 9.9964E-05 0.899614 9.9964E-05 9.9964E-05 9.9964E-05
9.9982E-05 9.9982E-05 0.482839 0.00984047 0.447819 0.0593019
9.9973E-05 9.9973E-05 0.463888 0.253154 0.282658 9.9973E-05
0.84924 9.9973E-05 9.9973E-05 9.9973E-05 0.134176 0.0162844
0.0249027 0.367055 0.306794 0.135504 0.0480485 0.117696
9.9982E-05 0.836851 0.0563503 9.9982E-05 0.0730565 0.033542
9.9991E-05 0.293867 0.330071 0.0325446 0.255778 0.0876385
0.0818447 9.9982E-05 0.544938 0.245144 0.127873 9.9982E-05
0.0797528 0.24823 0.466891 9.9982E-05 0.204926 9.9982E-05
0.195029 0.361671 0.234968 9.9991E-05 0.155781 0.0524517
0.0854122 9.9991E-05 0.16826 0.503711 0.0945193 0.147997
0.117266 0.29663 0.293043 9.9991E-05 0.251184 0.0417766
0.0318651 0.115526 0.322201 0.165859 0.318198 0.0463508
0.133895 9.9991E-05 0.41088 0.238401 0.0807992 0.135924
0.13083 0.292885 0.218601 0.124025 9.99929E-05 0.233559
0.0736233 0.105551 0.14586 0.397403 0.116747 0.160816
0.0679711 9.9991E-05 0.698334 0.0307976 0.164916 0.0378811
0.000418204 9.9982E-05 0.901022 9.9982E-05 0.0251029 0.0732572
9.9964E-05 9.9964E-05 0.981683 9.9964E-05 9.9964E-05 0.0179168
0.170075 0.03709 0.703609 9.9991E-05 0.0851569 0.00396935
0.0334257 0.132406 0.523779 0.0714674 0.132955 0.105967
0.0443561 9.9991E-05 0.537083 0.181793 0.175375 0.0612932
0.174696 0.0525242 0.466538 0.11884 0.0779352 0.109467
0.0654821 0.00456775 0.359522 0.170005 0.239137 0.161286
0.0452336 0.109594 0.610044 0.0723773 0.160997 0.00175364
9.9991E-05 0.191025 0.141206 0.379374 0.139362 0.148933
9.9973E-05 0.675657 0.13704 9.9973E-05 0.187003 9.9973E-05
9.9982E-05 9.9982E-05 0.150126 0.32271 0.423318 0.103645
0.163868 0.262018 0.162133 0.00928974 0.306653 0.0960379
0.00725057 0.20999 0.180076 0.590663 0.0119207 9.9991E-05
0.935893 0.0157132 9.9973E-05 9.9973E-05 9.9973E-05 0.0480934
0.0185668 0.0404277 0.175937 0.379588 0.236902 0.148579
9.9991E-05 0.0192074 0.535878 0.0607561 0.30585 0.0782092
0.00371238 0.279511 0.315705 0.142742 0.258229 9.9991E-05
9.9982E-05 0.128961 0.493661 9.9982E-05 0.295349 0.0818284
0.149453 0.153661 0.566286 9.9991E-05 0.0700815 0.0604187
0.041817 0.433626 0.272457 0.166531 9.9991E-05 0.0854693
9.9982E-05 9.9982E-05 0.518113 0.29837 0.118364 0.0649528
0.465171 0.0142261 0.13816 0.012024 0.370319 9.9991E-05
0.351129 0.118763 0.320516 0.095999 0.110399 0.00319462
0.190205 0.142705 0.298766 0.26994 0.0843963 0.013989
0.9995 9.996E-05 9.996E-05 9.996E-05 9.996E-05 9.996E-05
0.0522809 0.0126189 0.220001 0.290131 0.265632 0.159336
9.99639E-05 0.00471906 9.99639E-05 9.99639E-05 9.99639E-05 0.994881
0.0435592 0.371512 0.118318 0.141393 0.189754 0.135464
0.0378964 0.288457 0.264614 0.395337 0.00410874 0.00958658
9.9991E-05 0.448541 0.193846 0.303208 0.044897 0.0094076
0.0900975 0.0814397 0.410312 0.346022 0.0142619 0.0578666
0.0943152 0.129223 0.299433 0.251676 0.131913 0.0934408
0.044535 0.314849 0.356067 0.0778086 0.148474 0.0582663
0.0318704 0.113248 0.365271 0.255905 0.110069 0.123636
0.126733 9.9991E-05 0.233419 0.39799 0.227539 0.0142186
0.0527118 0.00364575 0.507429 0.242191 0.104386 0.0896365
0.515023 9.9982E-05 0.308204 9.9982E-05 0.155647 0.0209259
0.102982 9.9991E-05 0.637216 0.0753117 0.155726 0.0286642
0.9995 9.996E-05 9.996E-05 9.996E-05 9.996E-05 9.996E-05
0.000424659 0.149735 0.365788 0.162894 0.0728651 0.248294
9.9991E-05 0.596259 0.13572 0.0390927 0.207446 0.0213817
9.9973E-05 9.9973E-05 0.491458 0.4443 0.0639424 9.9973E-05
0.0376627 0.385798 9.9991E-05 0.132668 0.316633 0.127139
0.120063 0.254883 0.438872 9.9991E-05 0.0304897 0.155592
0.318688 0.050445 0.205113 9.9991E-05 0.382102 0.0435517
0.15081 0.0717112 0.52646 0.186773 0.0337801 0.0304657
9.9991E-05 0.112017 0.389413 0.295765 0.0841332 0.118572
0.168819 9.9991E-05 0.206034 0.42268 0.171132 0.0312352
9.99731E-05 9.99731E-05 0.599693 0.0711208 0.328887 9.99731E-05
9.9982E-05 0.068049 0.0839468 0.666217 0.181587 9.9982E-05
0.14137 9.9991E-05 0.286854 0.426925 0.0992905 0.0454597
9.9991E-05 0.0300573 0.227561 0.731268 0.00211346 0.00890036
0.162422 0.153174 9.9991E-05 0.284837 0.283374 0.116093
0.0267703 0.591825 0.147722 0.0725075 0.161074 9.9991E-05
0.123378 9.9982E-05 0.639256 9.9982E-05 0.180877 0.0562884
0.216415 0.0327794 0.407165 0.0731444 0.199164 0.071332
0.209444 0.033356 0.438852 0.098794 0.203351 0.0162026
0.158719 0.169655 0.261624 0.298599 9.9991E-05 0.111303
9.9982E-05 9.9982E-05 0.00846961 0.445397 0.377172 0.168761
0.000925644 0.527939 0.244292 0.222732 9.9991E-05 0.00401029
0.100894 0.752907 9.9991E-05 0.111197 0.00496817 0.0299334
0.100013 0.201392 0.211983 0.339301 0.127931 0.019381
0.026997 9.9991E-05 0.714201 0.00512078 0.123967 0.129614
0.0904716 0.117687 0.49055 0.0642329 0.166375 0.0706824
9.9982E-05 9.9982E-05 0.195766 0.365584 0.263372 0.175078
0.0766252 9.9991E-05 0.27559 0.535929 0.0848203 0.0269347
0.0492593 0.22208 0.0811338 0.394404 0.200044 0.0530793
0.105785 0.199696 0.482823 9.9991E-05 0.169641 0.0419554
0.306467 0.0853014 0.309529 9.9991E-05 0.286028 0.0125742
0.0498897 0.274655 0.298902 0.170423 0.0905847 0.115546
9.996E-05 9.996E-05 9.996E-05 9.996E-05 0.9995 9.996E-05
9.9982E-05 0.606304 0.162382 9.9982E-05 0.143501 0.0876125
0.027634 0.25336 0.469992 9.9982E-05 9.9982E-05 0.248813
0.106948 0.0145341 0.00072782 0.6205 0.218324 0.038966
9.9982E-05 9.9982E-05 0.464238 0.0963473 0.227815 0.2114
0.170165 0.0384542 0.174421 0.309068 0.225076 0.0828165
0.00556852 0.176922 0.304335 0.275947 0.170941 0.0662865
0.0347498 0.187 0.0747449 0.472477 0.230928 9.9991E-05
0.203153 0.21608 0.296429 9.9991E-05 0.221122 0.0631152
9.9982E-05 0.12931 0.354009 0.346564 0.169917 9.9982E-05
0.0680713 0.152391 0.433104 0.0922939 0.165688 0.0884507
0.199687 0.799913 9.9964E-05 9.9964E-05 9.9964E-05 9.9964E-05
0.067472 9.9991E-05 0.289204 0.335042 0.252534 0.0556477
9.9982E-05 0.136637 0.486868 9.9982E-05 0.283648 0.092646
9.996E-05 9.996E-05 9.996E-05 9.996E-05 0.9995 9.996E-05
9.9973E-05 0.110122 0.169213 9.9973E-05 0.720365 9.9973E-05
0.0389373 0.231754 0.498171 0.122317 9.9991E-05 0.108721
0.0537265 0.115823 0.31686 0.338184 0.0652961 0.11011
0.0536421 0.693385 0.217466 9.9982E-05 9.9982E-05 0.0353065
9.9982E-05 0.156336 0.264715 0.501389 0.0773594 9.9982E-05
9.9991E-05 0.0316734 0.395801 0.159247 0.244225 0.168955
9.9973E-05 0.932087 0.0231375 9.9973E-05 0.0444751 9.9973E-05
0.0926341 0.25168 0.260072 9.9991E-05 0.361799 0.0337152
0.154049 0.0321008 0.242743 0.551331 0.019676 9.9991E-05
0.142088 0.168169 0.0436169 0.309061 0.235738 0.101327
0.0122386 0.185582 0.413744 9.9982E-05 0.388236 9.9982E-05
9.9982E-05 0.439895 9.9982E-05 0.430004 0.0091605 0.12074
9.9991E-05 0.0851087 0.570618 0.0192821 0.268936 0.055955
0.0488851 9.9991E-05 0.646225 0.162187 0.0227277 0.119875
9.9982E-05 9.9982E-05 0.286181 0.186843 0.471561 0.055215
0.0542241 0.235317 0.0715461 0.476942 0.00534184 0.156629
9.996E-05 9.996E-05 9.996E-05 9.996E-05 9.996E-05 0.9995
0.105117 0.290571 0.17344 0.373006 0.000143112 0.0577227
0.283524 0.130783 0.0590481 9.9991E-05 0.392936 0.133609
0.153041 0.0318291 0.266103 0.210062 0.338864 9.9991E-05
0.0784136 0.406579 0.0336045 0.318703 0.0791554 0.083545
0.208696 0.342489 0.303779 0.085908 0.0590282 9.9991E-05
9.9991E-05 0.252493 0.285486 0.136363 0.241655 0.0839026
9.996E-05 9.996E-05 9.996E-05 9.996E-05 9.996E-05 0.9995
0.00841858 0.113521 0.342179 0.354855 0.180927 9.9991E-05
0.0165482 0.19435 0.182823 0.0804294 0.241297 0.284553
0.0162418 0.265957 0.566766 9.9991E-05 0.123972 0.0269634
0.17867 0.549247 9.9982E-05 0.0900276 0.181855 9.9982E-05
