0.0102681 0.446291 9.99731E-05 9.99731E-05 0.407147 9.99731E-05 0.135994
9.99731E-05 0.413427 9.99731E-05 0.219538 0.0755253 0.29121 9.99731E-05
0.0508183 0.324436 0.10847 9.99821E-05 0.243701 9.99821E-05 0.272375
0.328788 0.240013 0.127995 9.9991E-05 0.152493 0.0324911 0.11812
0.381785 0.0497283 9.9982E-05 0.140717 9.9982E-05 0.066977 0.360593
9.9982E-05 0.143517 0.240204 0.146842 0.107892 9.9982E-05 0.361344
0.212057 0.132971 9.99821E-05 0.304876 9.99821E-05 0.183702 0.166195
9.99731E-05 0.742092 9.99731E-05 9.99731E-05 0.0891844 0.0373721 0.131052
0.595225 9.99642E-05 0.26716 0.137215 9.99642E-05 9.99642E-05 9.99642E-05
0.00932473 9.99821E-05 0.234463 9.99821E-05 0.682692 0.00529359 0.0680265
0.196218 9.9982E-05 0.270682 9.9982E-05 0.075392 0.157469 0.30004
0.530557 0.359271 9.99642E-05 9.99642E-05 9.99642E-05 0.109772 9.99642E-05
0.187832 0.525743 0.0428216 0.0966325 0.146771 9.99821E-05 9.99821E-05
9.99821E-05 0.310557 9.99821E-05 0.0995131 0.220398 0.133497 0.235835
0.575464 0.157766 0.133007 0.102033 0.0185957 0.013034 9.99911E-05
0.0822821 0.164132 9.99821E-05 0.00616493 9.99821E-05 0.125418 0.621803
0.142428 0.216806 0.0630387 0.229335 0.0970825 0.110337 0.140973
9.9982E-05 9.9982E-05 0.203461 0.0394236 0.3434 0.232338 0.181177
0.250019 0.637517 9.99732E-05 9.99732E-05 0.0965685 0.0155959 9.99732E-05
9.99821E-05 0.33915 9.99821E-05 0.271677 0.320812 0.018843 0.0493168
9.99553E-05 9.99553E-05 0.230665 9.99553E-05 0.768835 9.99553E-05 9.99553E-05
0.607615 0.242636 9.99641E-05 9.99641E-05 9.99641E-05 9.99641E-05 0.149349
0.207626 0.106033 0.1495 0.153136 9.9991E-05 0.152366 0.231239
0.0474197 0.0863967 9.9982E-05 0.420501 0.0438971 9.9982E-05 0.401586
9.99821E-05 0.0352598 0.160524 9.99821E-05 0.0918168 0.166505 0.545694
0.204191 0.169529 0.0234025 9.9991E-05 0.244396 0.114678 0.243703
0.0293248 0.061964 9.9982E-05 9.9982E-05 0.415778 0.291138 0.201595
9.99821E-05 0.635816 9.99821E-05 0.19749 0.0633587 0.0968943 0.00624051
9.99731E-05 0.639977 0.172429 0.142008 9.99731E-05 0.0452861 9.99731E-05
0.149814 0.00422643 9.99642E-05 9.99642E-05 9.99642E-05 9.99642E-05 0.84556
9.99821E-05 0.0807559 0.189556 0.403642 0.124426 0.20142 9.99821E-05
0.108748 0.45658 9.99821E-05 0.142512 0.0396045 0.252355 9.99821E-05
0.12907 0.000270782 0.235744 0.192453 0.29952 9.99911E-05 0.142843
0.197643 0.397473 9.9991E-05 0.09504 0.00752302 0.0501088 0.252112
9.9973E-05 0.2296 9.9973E-05 0.0795403 9.9973E-05 0.0504829 0.640077
9.99731E-05 0.102401 9.99731E-05 0.163883 0.692006 0.04141 9.99731E-05
9.99642E-05 0.381407 9.99642E-05 0.274339 9.99642E-05 0.343854 9.99642E-05
0.159528 0.0205775 0.363107 0.30836 9.99821E-05 9.99821E-05 0.148228
0.000579801 0.30103 9.9991E-05 0.0173839 0.0600371 0.275127 0.345742
9.99731E-05 0.329496 0.202096 9.99731E-05 9.99731E-05 0.12564 0.342469
0.198447 9.99822E-05 9.99822E-05 0.153232 0.413257 0.185426 0.0494387
0.408832 9.99821E-05 9.99821E-05 0.0453344 0.365156 0.128982 0.0514962
9.9973E-05 0.292035 9.9973E-05 0.199539 0.484838 0.0232887 9.9973E-05
0.140518 0.176873 0.40401 9.99821E-05 9.99821E-05 0.128454 0.149945
0.0744248 0.497044 9.99731E-05 9.99731E-05 9.99731E-05 0.334827 0.0934039
0.234903 0.423035 9.99821E-05 9.99821E-05 0.215328 0.103065 0.0234694
0.524027 9.99642E-05 9.99642E-05 9.99642E-05 0.426395 9.99642E-05 0.0491778
0.471103 9.9982E-05 0.182431 0.104523 0.188437 0.0533053 9.9982E-05
0.42654 0.260076 9.99643E-05 9.99643E-05 0.312984 9.99643E-05 9.99643E-05
9.9973E-05 0.330606 9.9973E-05 9.9973E-05 0.417329 0.0778294 0.173935
0.0752064 0.448104 0.0424148 9.99731E-05 9.99731E-05 9.99731E-05 0.433975
0.0611699 9.99821E-05 0.372798 0.291767 0.133196 0.140868 9.99821E-05
0.522803 9.99731E-05 0.0562351 9.99731E-05 0.1072 9.99731E-05 0.313461
0.0300157 0.447595 0.208617 9.99731E-05 9.99731E-05 9.99731E-05 0.313473
0.209637 0.198844 0.00268774 0.585293 9.99821E-05 0.00333864 9.99821E-05
0.410112 0.0753047 9.99821E-05 0.27146 0.164207 0.0787163 9.99821E-05
0.0159684 0.298314 9.99821E-05 0.186775 0.24141 9.99821E-05 0.257333
0.4144 9.99553E-05 9.99553E-05 0.5851 9.99553E-05 9.99553E-05 9.99553E-05
0.173249 0.229661 0.213148 0.0533651 9.9991E-05 0.293513 0.0369645
0.0555349 0.268338 0.0281061 0.0607581 0.529758 0.0574051 9.9991E-05
0.0173078 0.527348 0.193752 9.99821E-05 0.12742 9.99821E-05 0.133972
0.230608 9.9982E-05 9.9982E-05 0.102473 0.29795 0.319184 0.0495858
0.594967 9.99731E-05 9.99731E-05 9.99731E-05 0.105915 0.182177 0.11664
9.99731E-05 0.134649 9.99731E-05 9.99731E-05 0.234149 0.139439 0.491463
0.0993619 0.419719 0.0510736 9.9991E-05 0.00975725 0.0484414 0.371547
0.477258 9.99642E-05 9.99642E-05 9.99642E-05 0.486482 0.0358598 9.99642E-05
9.9982E-05 0.163261 0.0239843 0.111384 0.348259 9.9982E-05 0.352913
0.494637 0.123968 0.0196379 9.9991E-05 0.0335486 0.265807 0.0623015
0.433489 0.504596 9.99731E-05 9.99731E-05 0.0447657 0.0168494 9.99731E-05
9.99732E-05 0.164436 0.00242168 0.0535414 0.779301 9.99732E-05 9.99732E-05
0.364969 0.0192545 0.222616 0.0252081 0.0261098 0.193912 0.14793
0.408675 9.99641E-05 9.99641E-05 9.99641E-05 0.348987 0.241938 9.99641E-05
9.99642E-05 0.121004 9.99642E-05 0.5643 9.99642E-05 0.314296 9.99642E-05
0.214786 0.311903 9.99821E-05 9.99821E-05 0.0574913 0.255392 0.160227
9.99643E-05 0.551545 9.99643E-05 0.153429 9.99643E-05 9.99643E-05 0.294626
0.475863 0.31167 9.99731E-05 0.155033 9.99731E-05 0.0571346 9.99731E-05
0.536227 0.266921 9.99644E-05 9.99644E-05 0.196452 9.99644E-05 9.99644E-05
0.0165597 0.180403 0.241279 0.153417 0.135776 0.272465 9.9991E-05
9.99731E-05 0.605976 0.165388 9.99731E-05 0.161335 0.067002 9.99731E-05
9.99731E-05 0.796509 9.99731E-05 0.109254 9.99731E-05 0.0674527 0.0264836
9.99642E-05 0.309295 9.99642E-05 9.99642E-05 9.99642E-05 0.470077 0.220228
0.215134 0.281342 0.159314 9.99821E-05 0.172421 9.99821E-05 0.171589
9.99642E-05 0.0170736 9.99642E-05 0.375894 0.606632 9.99642E-05 9.99642E-05
0.366602 0.412788 0.0481945 9.99731E-05 9.99731E-05 9.99731E-05 0.172115
0.177268 0.0217692 9.9991E-05 0.123249 0.37616 0.12845 0.173004
0.125746 9.9973E-05 0.0049217 9.9973E-05 0.703507 0.165526 9.9973E-05
9.9991E-05 0.355322 0.0649393 0.244231 0.253456 0.0537629 0.0281889
0.2377 9.99821E-05 0.0104342 0.231407 0.0157815 9.99821E-05 0.504478
0.128335 0.0503517 0.33834 9.99911E-05 0.0765625 0.00723826 0.399073
0.52556 0.225458 0.173593 9.99731E-05 0.0750894 9.99731E-05 9.99731E-05
9.995E-05 9.995E-05 9.995E-05 9.995E-05 9.995E-05 9.995E-05 0.9994
9.99643E-05 9.99643E-05 9.99643E-05 0.335108 0.643531 9.99643E-05 0.0209613
0.602076 9.99642E-05 9.99642E-05 9.99642E-05 0.302368 9.99642E-05 0.0951555
0.0240522 0.11371 0.490586 0.232811 0.0845455 9.9991E-05 0.0541956
0.741215 9.9982E-05 9.9982E-05 0.0260745 0.114404 0.0571865 0.0609203
0.203251 0.507115 0.237213 0.0216983 9.9991E-05 0.0156834 0.0149392
9.99731E-05 9.99731E-05 0.0924864 0.218503 0.445047 9.99731E-05 0.243663
0.527218 9.99641E-05 0.199496 9.99641E-05 0.272886 9.99641E-05 9.99641E-05
9.99731E-05 0.0325303 9.99731E-05 9.99731E-05 0.196706 0.00373893 0.766725
0.0974467 9.9973E-05 9.9973E-05 0.504147 0.225781 9.9973E-05 0.172325
0.0910677 9.99821E-05 0.0947564 0.695068 9.99821E-05 0.00404088 0.114867
9.99554E-05 9.99554E-05 9.99554E-05 9.99554E-05 9.99554E-05 0.0517822 0.947718
0.244095 9.99821E-05 0.324651 0.303396 9.99821E-05 0.0853247 0.0423331
9.99641E-05 0.0220966 0.969913 9.99641E-05 9.99641E-05 0.00759071 9.99641E-05
0.0101372 0.763068 9.99641E-05 9.99641E-05 0.226395 9.99641E-05 9.99641E-05
0.515485 0.188484 0.0449045 9.9982E-05 0.00907186 9.9982E-05 0.241854
0.178073 0.210694 9.99731E-05 0.356553 0.254379 9.99731E-05 9.99731E-05
9.9991E-05 0.458298 0.137181 0.181671 0.0561227 0.03625 0.130378
0.343198 0.585271 0.0440959 9.99732E-05 9.99732E-05 0.0271349 9.99732E-05
9.99821E-05 0.147468 0.40273 9.99821E-05 0.124868 0.0626171 0.262117
0.125531 0.0628948 9.99822E-05 0.24934 0.0290484 9.99822E-05 0.532986
9.99732E-05 0.591256 9.99732E-05 9.99732E-05 0.219936 0.0940673 0.0944408
9.99732E-05 0.274077 9.99732E-05 0.0266762 0.00783548 9.99732E-05 0.691111
9.99732E-05 0.723853 0.212036 0.0339246 9.99732E-05 9.99732E-05 0.029887
9.99552E-05 9.99552E-05 9.99552E-05 0.339017 9.99552E-05 9.99552E-05 0.660483
0.29209 9.99731E-05 0.580799 0.109005 9.99731E-05 0.0178066 9.99731E-05
0.0709529 0.459328 9.99821E-05 9.99821E-05 0.421557 0.0267196 0.0212416
0.575935 0.366161 9.99821E-05 0.00366938 9.99821E-05 0.0256606 0.028374
0.225908 0.273138 0.0552314 9.9982E-05 9.9982E-05 0.161868 0.283655
9.9964E-05 0.490091 9.9964E-05 0.177048 0.332462 9.9964E-05 9.9964E-05
0.349351 9.99731E-05 0.00261299 9.99731E-05 9.99731E-05 0.0401079 0.607628
9.9973E-05 0.166883 0.0668614 0.64774 9.9973E-05 9.9973E-05 0.118216
9.99731E-05 0.452541 0.147946 0.0113116 9.99731E-05 9.99731E-05 0.387902
0.133297 0.175097 9.99731E-05 0.215047 0.47626 9.99731E-05 9.99731E-05
0.29958 0.258943 0.133358 9.99731E-05 9.99731E-05 9.99731E-05 0.307818
0.265072 0.234305 0.0470835 0.0266642 0.180197 0.088147 0.158532
0.396802 9.99731E-05 9.99731E-05 9.99731E-05 0.326534 0.0894994 0.186864
9.99821E-05 0.333154 9.99821E-05 0.0201722 0.115634 0.36044 0.1704
9.99822E-05 0.287846 0.130886 0.0652674 0.465083 9.99822E-05 0.0507182
0.152202 0.0284883 0.24996 0.192701 0.261228 9.9991E-05 0.11532
0.44257 9.99732E-05 0.420746 0.0356918 0.100692 9.99732E-05 9.99732E-05
0.0782773 0.310386 0.165766 0.100846 0.158215 0.0562667 0.130244
0.432497 0.140542 0.357646 9.99821E-05 9.99821E-05 0.0093964 0.0597181
9.99731E-05 0.33672 0.229696 9.99731E-05 0.202651 0.230632 9.99731E-05
9.99642E-05 9.99642E-05 0.0413576 9.99642E-05 0.862117 0.0961257 9.99642E-05
9.99643E-05 0.400973 9.99643E-05 9.99643E-05 0.52732 9.99643E-05 0.0713077
9.99642E-05 0.706488 9.99642E-05 9.99642E-05 0.232998 9.99642E-05 0.060115
9.99733E-05 0.435269 0.013957 9.99733E-05 0.0826194 9.99733E-05 0.467854
0.387413 0.18523 0.206487 0.0795554 9.99821E-05 0.141115 9.99821E-05
0.112994 0.70094 9.99821E-05 0.0151363 0.0527919 9.99821E-05 0.117938
9.99821E-05 0.134118 0.310021 0.12401 9.99821E-05 0.182407 0.249244
0.0762773 9.99821E-05 0.259193 0.495469 0.0659034 9.99821E-05 0.102957
0.211043 0.18822 0.115852 0.0221125 0.268938 0.0428738 0.150961
0.590792 9.99642E-05 0.1273 9.99642E-05 0.281508 9.99642E-05 9.99642E-05
9.99642E-05 9.99642E-05 9.99642E-05 9.99642E-05 0.0756317 0.118594 0.805374
0.213657 0.574698 9.9982E-05 0.0327017 0.0329447 9.9982E-05 0.145798
9.995E-05 9.995E-05 9.995E-05 9.995E-05 9.995E-05 0.9994 9.995E-05
9.99732E-05 0.504186 0.0622712 9.99732E-05 0.372109 9.99732E-05 0.0611333
9.99731E-05 0.133218 9.99731E-05 0.256907 0.306255 9.99731E-05 0.303321
0.105769 0.0885541 0.163344 0.0451395 9.99911E-05 0.523894 0.0731998
0.241588 0.276347 0.128848 9.99821E-05 0.230295 0.122722 9.99821E-05
0.638024 0.186874 0.0123281 9.99732E-05 9.99732E-05 0.162474 9.99732E-05
0.111407 0.302167 9.9982E-05 0.252678 0.215311 9.9982E-05 0.118237
0.167592 0.537778 9.99821E-05 0.189979 9.99821E-05 0.0600915 0.044359
9.99732E-05 9.99732E-05 9.99732E-05 0.409417 0.266954 0.192659 0.13067
9.99732E-05 0.32616 0.207296 9.99732E-05 0.173814 0.29243 9.99732E-05
9.99731E-05 0.462315 0.339231 0.139414 9.99731E-05 9.99731E-05 0.0587395
0.150216 9.99732E-05 0.235634 9.99732E-05 0.476564 9.99732E-05 0.137286
9.99821E-05 0.728681 9.99821E-05 0.162054 0.0601486 0.00800378 0.0409129
0.143801 0.234478 0.0936387 0.110287 0.236335 9.9991E-05 0.18136
9.995E-05 9.995E-05 9.995E-05 9.995E-05 9.995E-05 0.9994 9.995E-05
0.540711 9.99731E-05 9.99731E-05 9.99731E-05 0.281632 0.0886241 0.0887332
0.0198124 0.723437 9.99731E-05 9.99731E-05 9.99731E-05 0.100727 0.155723
0.41271 0.018444 0.122761 0.101421 0.144082 0.200482 9.9991E-05
0.736732 0.0196258 9.99732E-05 9.99732E-05 0.0467938 0.196548 9.99732E-05
0.550895 0.181995 9.9982E-05 0.0677027 0.13503 9.9982E-05 0.064177
0.219584 0.0531957 0.142404 0.205285 0.138178 9.9991E-05 0.241254
9.99644E-05 0.952895 0.00755736 9.99644E-05 0.0391476 9.99644E-05 9.99644E-05
9.99642E-05 0.188686 9.99642E-05 0.685208 9.99642E-05 0.125707 9.99642E-05
0.102538 0.305444 0.140608 0.0594096 0.223938 0.0635858 0.104477
0.0955033 0.421393 0.0616356 9.99821E-05 9.99821E-05 0.0608807 0.360387
0.0894825 0.498837 0.111414 0.231807 9.9991E-05 0.0326428 0.0357166
0.212903 0.407961 0.20081 0.178026 9.99731E-05 9.99731E-05 9.99731E-05
0.126301 0.0651565 9.9991E-05 0.0146417 0.365093 0.0315036 0.397204
0.298059 0.355609 0.0304622 9.99821E-05 9.99821E-05 0.0523651 0.263305
0.447262 0.316116 9.99732E-05 0.169037 9.99732E-05 9.99732E-05 0.0672854
0.380744 0.0980886 9.99821E-05 0.203279 0.181444 9.99821E-05 0.136243
9.99553E-05 9.99553E-05 0.965418 0.0340819 9.99553E-05 9.99553E-05 9.99553E-05
9.9991E-05 0.0386281 0.197698 0.221063 0.458209 0.0178893 0.0664126
0.281802 0.044734 0.196433 0.0761161 0.250793 0.150023 9.99911E-05
0.0359517 9.99732E-05 9.99732E-05 0.057504 0.723021 0.183223 9.99732E-05
0.144168 0.0784125 0.0935005 9.99821E-05 0.569615 0.114104 9.99821E-05
0.459133 9.9982E-05 9.9982E-05 0.0582993 0.301909 0.0542029 0.126255
0.114362 0.636291 9.99821E-05 0.135659 9.99821E-05 0.0857844 0.0277033
9.99551E-05 0.0865847 0.912916 9.99551E-05 9.99551E-05 9.99551E-05 9.99551E-05
0.34294 0.587015 0.0304599 9.99821E-05 0.00923232 0.0301537 9.99821E-05
9.99642E-05 0.709808 0.241525 9.99642E-05 9.99642E-05 0.0482675 9.99642E-05
9.99821E-05 0.458779 0.00333924 0.439855 9.99821E-05 0.0614907 0.0363359
9.9982E-05 0.0227564 0.099818 0.344395 0.31628 9.9982E-05 0.216551
