0.817233 9.9964E-05 9.9964E-05 0.0809125 9.9964E-05 9.9964E-05 0.0252538 0.0762012
0.194433 0.0706663 0.0525305 9.9991E-05 0.280641 0.0262613 0.0263936 0.348974
0.146404 0.0261907 0.162751 0.174179 0.0959192 0.0168828 0.0731462 0.304527
0.248622 0.160653 9.9982E-05 0.227619 9.9982E-05 0.0841508 0.0545214 0.224235
0.00167086 0.0806383 0.0329987 0.0597183 0.184828 0.0938395 0.127373 0.418934
9.9973E-05 9.9973E-05 9.9973E-05 0.172689 0.242874 0.0359319 0.111878 0.436327
0.235367 9.9982E-05 9.9982E-05 0.311386 0.0842279 0.108461 0.0735934 0.186765
0.19027 0.020254 0.337763 0.194415 9.9991E-05 0.0946871 0.0416183 0.120893
0.181636 0.153157 0.0182747 0.180841 0.217921 0.00454182 0.0231235 0.220505
0.120959 0.0602593 9.9982E-05 0.483296 0.0806817 0.0873438 0.16726 9.9982E-05
0.0329045 9.9982E-05 0.197385 0.077752 0.238833 9.9982E-05 0.252564 0.200361
9.99549E-05 0.0677055 9.99549E-05 9.99549E-05 0.918542 0.0132527 9.99549E-05 9.99549E-05
9.9982E-05 0.0679654 0.0811578 0.341323 9.9982E-05 0.0993418 0.0643053 0.345707
0.294815 0.0767984 0.111669 9.9982E-05 0.37838 0.012991 0.125146 9.9982E-05
0.0838994 0.0145233 0.476247 9.9991E-05 0.19984 0.115073 0.0210275 0.0892896
0.129331 0.0877323 0.300016 9.9991E-05 0.132332 0.0817838 0.0691051 0.1996
0.0948329 0.126255 0.281382 9.9991E-05 0.190531 0.0402566 0.119997 0.146645
0.200267 0.10854 0.115828 0.291296 9.9991E-05 0.121032 0.0546374 0.108299
0.147659 0.00430591 0.0648973 9.9991E-05 0.541327 0.0699246 0.00501502 0.166771
0.0976982 0.114187 9.9982E-05 0.108997 9.9982E-05 0.0691846 0.0867381 0.522995
0.229088 9.9991E-05 0.00620426 0.221887 0.0584065 0.127763 0.0717023 0.284849
0.200911 9.9982E-05 0.180837 0.237846 0.2615 0.042353 0.0763528 9.9982E-05
0.138325 0.00460153 0.00619687 0.0477802 0.0758465 0.065134 0.0369697 0.625146
0.113146 0.147836 9.9964E-05 9.9964E-05 9.9964E-05 0.0121187 9.9964E-05 0.726499
0.104436 0.0419733 0.0770691 0.0739914 0.355235 0.041259 0.298469 0.00756758
0.383951 0.056307 0.0719955 0.266247 9.9973E-05 9.9973E-05 9.9973E-05 0.2212
0.112759 0.114066 0.179939 0.363929 9.9982E-05 0.0812411 0.147866 9.9982E-05
0.362833 0.131035 0.0479957 0.0486773 0.223786 0.0465997 0.138973 9.9991E-05
0.0348019 0.0741976 0.133512 0.598079 9.9991E-05 0.012868 0.0152482 0.131194
0.0477684 0.585169 0.170139 9.99729E-05 9.99729E-05 0.0219432 9.99729E-05 0.174681
9.999E-05 0.11372 0.183533 0.00171823 0.217409 0.0514263 0.179055 0.25304
0.0387693 0.0147942 9.9964E-05 0.905129 9.9964E-05 0.040908 9.9964E-05 9.9964E-05
0.0218427 0.0331416 9.9982E-05 0.0258357 0.421097 0.0516165 9.9982E-05 0.446267
0.0493857 9.9991E-05 0.139598 0.216317 0.0776741 0.0586119 0.0218194 0.436494
0.26345 0.00660937 9.9982E-05 9.9982E-05 0.287275 0.102914 0.126397 0.213155
0.9993 9.994E-05 9.994E-05 9.994E-05 9.994E-05 9.994E-05 9.994E-05 9.994E-05
0.124615 9.9973E-05 9.9973E-05 0.337365 9.9973E-05 0.0209769 0.176889 0.339855
0.609176 0.0997642 9.9982E-05 0.0268973 0.170998 0.0198502 0.0731147 9.9982E-05
9.999E-05 0.160358 0.173106 0.155371 0.134027 0.0155377 0.130813 0.230688
0.0793972 0.00395364 0.223276 9.9991E-05 0.138058 0.0911546 0.100085 0.363976
0.127985 0.0143569 0.252944 0.0553045 0.181164 0.0422358 0.112838 0.213171
9.9973E-05 9.9973E-05 0.0472968 0.284587 9.9973E-05 0.0555628 0.0933263 0.518928
0.021543 0.0307053 0.232854 0.365006 9.9991E-05 0.0515392 0.0729083 0.225344
0.245111 0.0787715 9.9964E-05 0.339438 0.33628 9.9964E-05 9.9964E-05 9.9964E-05
0.00559268 9.9955E-05 9.9955E-05 0.924407 9.9955E-05 0.069501 9.9955E-05 9.9955E-05
0.145264 0.0051531 9.9991E-05 0.330854 0.211365 0.0451314 0.136827 0.125306
0.106771 0.00343709 0.083699 0.111083 0.140245 9.9982E-05 9.9982E-05 0.554564
9.9982E-05 0.0705376 0.0469501 0.280995 0.28426 0.00509455 9.9982E-05 0.311963
0.00682758 0.116903 0.247691 0.140271 0.227156 0.0316314 0.0247073 0.204813
0.0823362 0.102046 0.367695 0.0326629 0.255608 0.0571105 9.9991E-05 0.102441
0.267086 0.0423294 0.0991281 9.9991E-05 0.206904 0.0967148 0.116756 0.170982
0.15263 0.0447762 0.130231 9.9991E-05 0.266081 0.0789303 0.0352631 0.291987
9.999E-05 0.0086147 0.611956 0.218468 0.0696081 0.0368703 0.0291108 0.0252721
0.0624039 0.108317 0.183502 0.276277 9.9991E-05 0.0316546 0.175958 0.161788
9.9964E-05 0.117916 0.109632 9.9964E-05 0.755421 9.9964E-05 0.0166307 9.9964E-05
9.9973E-05 9.9973E-05 0.0395456 0.440267 9.9973E-05 0.109928 0.0293211 0.380639
9.9982E-05 0.0250388 0.0905524 0.131972 0.586156 0.0292154 0.136866 9.9982E-05
0.059492 0.129498 9.9973E-05 9.9973E-05 0.61411 9.9973E-05 0.0540143 0.142586
9.9982E-05 9.9982E-05 0.186314 0.134871 0.150806 0.0328671 0.0827064 0.412236
0.034229 9.9991E-05 0.0624113 0.61014 0.0894618 0.0428285 0.152378 0.00845102
9.9955E-05 9.9955E-05 9.9955E-05 9.9955E-05 0.048817 0.0171735 9.9955E-05 0.93351
0.0821662 9.9982E-05 0.00197991 9.9982E-05 0.0153945 0.148751 0.0673891 0.684119
0.103351 9.9973E-05 9.9973E-05 0.302295 0.174247 0.0300317 9.9973E-05 0.389775
0.0515614 0.819106 0.0735747 9.9964E-05 9.9964E-05 0.0553576 9.9964E-05 9.9964E-05
0.376165 9.9973E-05 0.146366 0.140814 9.9973E-05 9.9973E-05 0.0999704 0.236385
0.965729 9.9955E-05 0.0181024 9.9955E-05 9.9955E-05 0.0156691 9.9955E-05 9.9955E-05
0.356192 9.9973E-05 9.9973E-05 9.9973E-05 0.242081 0.0479011 0.0968275 0.256699
9.9991E-05 0.080108 0.192714 0.0926947 0.181534 0.0227698 0.0159062 0.414174
0.307637 0.0261134 9.9955E-05 9.9955E-05 9.9955E-05 9.9955E-05 9.9955E-05 0.665749
0.122732 0.0700581 0.269602 0.302744 9.9991E-05 0.0593781 0.0725321 0.102854
9.9982E-05 0.0327667 9.9982E-05 0.246344 0.535738 0.00242962 0.151632 0.030889
0.307476 0.0226466 0.204875 0.0720338 0.172313 0.0891546 9.9991E-05 0.131401
0.112801 0.162403 0.107128 0.00901131 0.193144 0.0892464 0.0426424 0.283625
9.9991E-05 0.0608716 0.215197 0.102187 0.140678 0.022396 0.109687 0.348882
0.15494 0.0725341 0.0925595 0.487862 9.9973E-05 9.9973E-05 0.191805 9.9973E-05
9.9982E-05 0.0594158 0.461534 0.0583813 0.266074 0.0298621 0.124533 9.9982E-05
9.9955E-05 9.9955E-05 9.9955E-05 0.645932 9.9955E-05 0.138861 9.9955E-05 0.214707
9.9973E-05 0.00370896 0.0896729 9.9973E-05 9.9973E-05 0.0412382 0.00100524 0.864075
9.9964E-05 9.9964E-05 0.0934831 9.9964E-05 0.0114292 0.0153084 9.9964E-05 0.879379
9.9955E-05 9.9955E-05 9.9955E-05 0.195349 9.9955E-05 0.107257 9.9955E-05 0.696894
0.198201 0.0474614 0.0780954 0.148594 0.095742 0.0942126 0.0526947 0.284999
0.142311 0.00231982 0.00196848 0.325793 0.0355707 0.0686353 0.0472779 0.376124
0.0150446 0.160369 0.120964 0.289032 0.0988531 9.9991E-05 0.11023 0.205407
9.9973E-05 0.039159 0.436016 9.9973E-05 9.9973E-05 0.0483969 0.103652 0.372476
0.154989 9.99641E-05 9.99641E-05 9.99641E-05 0.467212 0.0230979 9.99641E-05 0.354301
0.185111 9.9991E-05 0.0667236 0.198173 0.32922 0.0175619 0.10684 0.096271
0.782846 0.0183306 0.0351485 9.9982E-05 0.0834687 0.0715391 0.00846736 9.9982E-05
9.99641E-05 9.99641E-05 9.99641E-05 9.99641E-05 0.898951 0.0126038 0.038423 0.0496219
0.384238 0.200424 0.0692828 0.0361633 0.0830696 0.0976847 0.075122 0.0540153
0.104321 9.9973E-05 9.9973E-05 0.604373 0.174682 0.0552024 9.9973E-05 0.0611216
0.0144958 0.96504 9.9955E-05 9.9955E-05 9.9955E-05 9.9955E-05 0.0199646 9.9955E-05
0.175794 9.9991E-05 0.128738 0.0702287 0.300756 0.0411259 0.105469 0.177787
0.167057 0.0275865 0.193978 9.9982E-05 9.9982E-05 0.0993629 0.0821127 0.429703
0.119455 0.0821324 0.42752 9.9973E-05 0.295006 0.0755869 9.9973E-05 9.9973E-05
0.196062 9.9973E-05 0.0234776 9.9973E-05 0.0307216 9.9973E-05 0.0781138 0.671326
0.0151836 0.10436 0.0342428 0.434116 9.9982E-05 9.9982E-05 0.0530805 0.358817
0.0999054 9.9964E-05 9.9964E-05 0.723302 9.9964E-05 9.9964E-05 0.0576466 0.118746
9.99641E-05 9.99641E-05 9.99641E-05 0.421769 0.140834 9.99641E-05 0.0170489 0.419949
9.9964E-05 0.464162 9.9964E-05 0.378152 9.9964E-05 0.0960749 9.9964E-05 0.0612112
0.0409507 0.29119 9.9973E-05 0.16954 0.23941 9.9973E-05 9.9973E-05 0.258609
0.342016 0.147487 9.9982E-05 0.140976 0.147683 0.0154855 9.9982E-05 0.206151
9.994E-05 0.9993 9.994E-05 9.994E-05 9.994E-05 9.994E-05 9.994E-05 9.994E-05
0.00258101 0.0933048 0.25463 0.042568 0.194892 0.0749056 0.167886 0.169233
0.0445432 9.99549E-05 9.99549E-05 9.99549E-05 9.99549E-05 0.00840476 0.946552 9.99549E-05
0.294091 0.0817603 0.183087 0.1303 0.0344826 0.0304046 0.104817 0.141057
0.132138 9.9964E-05 0.421963 0.2283 0.2172 9.9964E-05 9.9964E-05 9.9964E-05
0.0821755 9.9991E-05 0.228531 0.2435 0.298834 0.0142815 0.0207911 0.111787
0.272708 0.0156229 0.0571232 0.257398 0.145095 0.0905683 0.0238179 0.137666
0.104874 0.117268 0.285884 0.193812 0.180283 0.0499695 0.0678092 9.9991E-05
0.298509 0.086017 0.0531219 9.9982E-05 0.15888 0.0903547 9.9982E-05 0.312918
0.055072 9.9991E-05 0.154384 0.264327 0.0708455 0.0772545 0.143155 0.234863
9.9982E-05 0.0368428 9.9982E-05 0.546562 0.24032 0.119294 0.0211635 0.0356174
9.9982E-05 0.0718195 0.229922 0.145821 9.9982E-05 0.0392409 0.0942394 0.418757
9.9982E-05 0.464764 0.0048275 0.325528 9.9982E-05 0.0409615 0.0542812 0.109438
0.0744806 0.139768 9.9991E-05 0.20257 0.0268731 0.023266 0.0154804 0.517461
9.9946E-05 0.964961 9.9946E-05 9.9946E-05 0.034439 9.9946E-05 9.9946E-05 9.9946E-05
0.155183 9.9982E-05 0.196474 0.315882 0.00998199 9.9982E-05 0.167966 0.154313
0.508521 9.9964E-05 9.9964E-05 0.119541 9.9964E-05 0.0742333 9.9964E-05 0.297305
9.9964E-05 0.0102737 9.9964E-05 0.729166 9.9964E-05 0.00987906 9.9964E-05 0.250281
0.192154 0.0484608 0.0318063 0.59113 0.0191661 0.117083 9.9982E-05 9.9982E-05
0.176916 9.9973E-05 0.140592 0.569927 9.9973E-05 0.106426 9.9973E-05 0.0058383
0.0852442 0.422503 9.9982E-05 0.0822012 9.9982E-05 0.127577 0.0359126 0.246363
9.9982E-05 0.0234954 9.9982E-05 0.757598 0.0072087 0.0974026 0.048775 0.0653207
9.9973E-05 9.9973E-05 0.297955 0.140116 0.162331 9.9973E-05 0.0912086 0.30809
9.9973E-05 0.196845 9.9973E-05 0.183178 0.300281 0.0832822 9.9973E-05 0.236113
9.9973E-05 0.0192158 0.108903 9.9973E-05 0.415411 0.0349139 9.9973E-05 0.421256
0.12885 9.9982E-05 0.296063 0.279464 0.203793 0.0676685 0.0239624 9.9982E-05
0.0921324 0.143818 0.0159725 0.0537529 0.175848 0.0294786 0.0636054 0.425392
0.016756 9.9973E-05 0.0555868 0.231219 0.677295 0.0188435 9.9973E-05 9.9973E-05
0.469508 0.156985 9.9991E-05 0.0885301 0.142223 0.00048212 0.0646905 0.077482
0.629817 0.00213154 9.9973E-05 0.291693 9.9973E-05 0.045497 9.9973E-05 0.0305614
9.9982E-05 0.0133564 9.9982E-05 0.26349 0.0161398 0.117735 0.0248124 0.564266
0.0978513 0.325144 9.9982E-05 0.0545928 0.253134 9.9982E-05 0.0135814 0.255497
9.9991E-05 0.109419 0.2898 0.22499 0.040245 0.0790459 0.0291097 0.22729
0.157571 0.0260536 9.9991E-05 0.5152 0.113316 0.0432802 0.0729648 0.0715141
9.9973E-05 9.9973E-05 9.9973E-05 0.176259 0.444841 0.0676975 0.0799893 0.230914
9.9946E-05 9.9946E-05 0.988297 9.9946E-05 0.0111029 9.9946E-05 9.9946E-05 9.9946E-05
9.994E-05 9.994E-05 0.9993 9.994E-05 9.994E-05 9.994E-05 9.994E-05 9.994E-05
0.174432 0.068744 0.043845 0.316252 0.265801 0.0487148 9.9991E-05 0.0821107
0.00658112 9.9973E-05 9.9973E-05 9.9973E-05 0.0548713 0.0313677 0.0622764 0.844604
9.9973E-05 9.9973E-05 9.9973E-05 0.54414 0.174539 0.0955081 0.0657345 0.119778
9.9973E-05 9.9973E-05 0.40962 0.147144 0.227419 0.091264 0.124253 9.9973E-05
9.9964E-05 0.122666 9.9964E-05 9.9964E-05 0.577676 9.9964E-05 0.129497 0.169761
0.283685 0.0430586 9.9991E-05 0.0556331 0.43061 0.0403677 0.10713 0.0394154
0.199665 0.0507315 0.11843 9.9991E-05 0.199645 0.0230692 0.0738475 0.334513
0.0226611 0.335022 9.9982E-05 0.151424 9.9982E-05 0.0800091 0.0837584 0.326925
0.126416 0.00699713 0.0670093 0.0176212 0.42271 9.9991E-05 0.08325 0.275897
9.994E-05 9.994E-05 9.994E-05 9.994E-05 9.994E-05 0.9993 9.994E-05 9.994E-05
0.574993 9.9973E-05 9.9973E-05 0.10018 9.9973E-05 0.0484696 0.116136 0.159921
0.118564 9.9982E-05 0.147903 0.0828013 9.9982E-05 0.025172 0.254922 0.370437
9.9955E-05 9.9955E-05 9.9955E-05 9.9955E-05 0.931391 0.00588954 0.0622197 9.9955E-05
0.00835355 9.9982E-05 9.9982E-05 0.0434143 0.237904 0.077792 0.142497 0.489839
0.151504 0.108284 0.0232533 0.123585 0.222171 0.141675 0.0306321 0.198896
0.00273023 0.0686563 0.131035 0.236897 0.286503 0.0250962 0.0304125 0.21867
0.0468007 0.0166552 0.0641471 9.9982E-05 0.770216 0.0363353 9.9982E-05 0.0656457
0.065364 0.171441 0.263358 0.125965 9.9991E-05 0.075724 0.0803931 0.217655
0.259122 0.0127303 9.9982E-05 0.0991421 0.184817 0.0383827 9.9982E-05 0.405605
0.0936088 0.0737677 0.0850707 0.294796 0.0411341 0.0864124 0.0591356 0.266075
0.681054 0.0589956 0.00544501 0.173972 9.9973E-05 9.9973E-05 9.9973E-05 0.0802337
0.0881929 0.164577 0.117636 0.365762 0.071704 0.0680227 9.9991E-05 0.124006
0.226871 9.9982E-05 9.9982E-05 0.0171692 0.0502711 0.0484491 0.0449289 0.612111
9.994E-05 9.994E-05 9.994E-05 9.994E-05 9.994E-05 0.9993 9.994E-05 9.994E-05
0.174651 9.9982E-05 0.13595 9.9982E-05 0.169574 0.364087 0.0113851 0.144153
9.9964E-05 9.9964E-05 0.22715 0.476107 9.9964E-05 9.9964E-05 0.0332076 0.263135
0.0977427 9.9991E-05 0.154572 0.282605 0.287204 0.0714106 0.0102096 0.0961563
0.899703 9.99551E-05 9.99551E-05 0.0791996 9.99551E-05 0.0205977 9.99551E-05 9.99551E-05
0.267995 9.9991E-05 0.068213 0.12232 0.180126 0.0250329 0.0164428 0.319771
0.064191 9.9991E-05 0.126127 0.0165912 0.268899 0.0335465 0.169018 0.321527
9.994E-05 9.994E-05 0.9993 9.994E-05 9.994E-05 9.994E-05 9.994E-05 9.994E-05
0.346737 0.0569843 0.142087 0.0435028 0.142615 0.0303531 9.9991E-05 0.23762
0.0288021 0.136277 0.203229 9.9982E-05 0.263434 9.9982E-05 0.0291919 0.338866
9.9991E-05 0.0512963 0.161752 0.0491548 0.391665 0.0813184 0.190249 0.0744643
0.068516 0.125614 0.0457123 0.137333 9.9982E-05 0.114106 9.9982E-05 0.508519
0.0495594 9.9964E-05 0.398917 9.9964E-05 0.513006 9.9964E-05 0.0381173 9.9964E-05
0.323366 9.9982E-05 0.0832092 9.9982E-05 0.0108801 0.0963018 0.026497 0.459546
9.9982E-05 0.0270939 0.0298682 0.133456 0.199122 9.9982E-05 0.143016 0.467245
9.9973E-05 9.9973E-05 0.143861 0.154914 9.9973E-05 0.100172 0.11006 0.490693
9.9973E-05 0.0766771 0.184901 0.311595 0.36538 9.9973E-05 0.0611457 9.9973E-05
9.994E-05 9.994E-05 9.994E-05 9.994E-05 9.994E-05 9.994E-05 0.9993 9.994E-05
9.9982E-05 0.11093 0.0721318 0.310951 0.18159 9.9982E-05 0.045109 0.279087
0.0554315 0.22969 0.310159 9.9991E-05 0.127883 0.0554262 0.0949292 0.126382
0.266489 0.168027 0.198671 9.9982E-05 9.9982E-05 0.150528 0.0605847 0.155501
0.343774 9.9982E-05 0.268178 9.9982E-05 0.209285 0.0146211 0.0889755 0.0749657
0.207961 0.133261 0.00953161 0.384802 0.084133 9.9982E-05 9.9982E-05 0.180111
0.231558 0.0335713 0.129664 0.0740335 0.141477 0.00392555 0.0486787 0.337092
9.994E-05 9.994E-05 9.994E-05 9.994E-05 9.994E-05 9.994E-05 0.9993 9.994E-05
0.157365 0.0816247 0.0465677 0.121372 0.42032 0.0565599 0.0272881 0.0889023
0.185188 0.0750115 0.124238 9.9991E-05 0.124172 0.0596585 0.280475 0.151157
0.211398 9.9982E-05 0.0449312 0.304355 9.9982E-05 0.0331354 0.0600616 0.345918
0.065939 9.9973E-05 0.181053 0.332184 0.390225 0.0302988 9.9973E-05 9.9973E-05
