0.386508 9.99731E-05 9.99731E-05 0.122178 0.097904 0.277416 9.99731E-05 0.115693
0.258186 0.182419 9.99731E-05 9.99731E-05 0.207971 0.198331 9.99731E-05 0.152793
9.99821E-05 9.99821E-05 0.231949 0.0334394 0.0178817 0.258347 0.128996 0.329187
0.0205714 9.99731E-05 0.0398572 9.99731E-05 9.99731E-05 0.638506 0.0805908 0.220175
0.194601 0.163852 0.136417 0.0126977 0.157206 9.9982E-05 9.9982E-05 0.335027
0.0720907 9.9973E-05 9.9973E-05 0.230248 9.9973E-05 0.434245 0.0640139 0.199102
9.99731E-05 0.19284 0.327792 0.179631 9.99731E-05 0.101684 9.99731E-05 0.197753
0.382247 9.99821E-05 0.156542 9.99821E-05 0.248942 0.122737 0.066058 0.0232733
9.99642E-05 0.406817 0.356427 9.99642E-05 9.99642E-05 0.209784 9.99642E-05 0.026572
0.0646127 9.99731E-05 9.99731E-05 0.480539 0.201227 9.99731E-05 0.225735 0.0275871
9.999E-05 0.112633 0.00541428 0.189419 0.139234 0.163495 0.346921 0.0427838
9.99553E-05 9.99553E-05 0.382986 9.99553E-05 0.226897 0.389618 9.99553E-05 9.99553E-05
0.179788 0.0348427 0.489742 0.0249078 0.0580539 9.9991E-05 0.0216258 0.190939
0.188948 0.0232528 9.9982E-05 0.292659 0.27808 0.108147 9.9982E-05 0.108713
9.99464E-05 0.0419669 9.99464E-05 9.99464E-05 9.99464E-05 0.957433 9.99464E-05 9.99464E-05
9.99642E-05 9.99642E-05 0.182528 9.99642E-05 0.148588 0.428126 9.99642E-05 0.240358
9.99731E-05 0.0366639 9.99731E-05 9.99731E-05 0.0119657 0.717014 0.0989356 0.135121
9.99732E-05 0.00297168 9.99732E-05 0.219958 0.12209 0.488573 0.166107 9.99732E-05
0.217201 0.243069 0.110125 9.99642E-05 9.99642E-05 0.429205 9.99642E-05 9.99642E-05
0.312453 9.9982E-05 0.390397 0.0753889 0.0792819 0.124937 0.0173422 9.9982E-05
9.99463E-05 9.99463E-05 9.99463E-05 0.888563 9.99463E-05 9.99463E-05 0.110837 9.99463E-05
0.474272 0.241537 0.0555257 9.9982E-05 9.9982E-05 0.0754546 0.013267 0.139744
9.99731E-05 0.0272512 0.0737166 0.0182263 9.99731E-05 0.554737 9.99731E-05 0.325769
0.0855867 0.222498 9.99551E-05 9.99551E-05 9.99551E-05 9.99551E-05 9.99551E-05 0.691416
9.99731E-05 0.00100276 9.99731E-05 0.254417 0.0184111 9.99731E-05 0.369 0.35687
0.298573 9.9982E-05 9.9982E-05 0.106521 0.154531 0.162858 0.00266096 0.274656
0.150672 9.9982E-05 9.9982E-05 0.231706 0.402827 0.0889345 0.0450536 0.0806067
0.224313 0.542738 9.99731E-05 9.99731E-05 0.0334032 0.0544552 0.14479 9.99731E-05
0.0276417 0.0478174 0.581454 9.9964E-05 9.9964E-05 9.9964E-05 0.342687 9.9964E-05
9.99552E-05 9.99552E-05 9.99552E-05 9.99552E-05 9.99552E-05 0.166935 0.131522 0.701043
0.194802 0.614108 9.99731E-05 0.126676 0.00910443 9.99731E-05 0.0550089 9.99731E-05
0.192996 9.99821E-05 0.656263 0.108741 0.0216828 0.00637068 9.99821E-05 0.0137473
9.99731E-05 0.281705 0.195812 0.279247 9.99731E-05 9.99731E-05 0.202862 0.0400744
0.195991 0.019377 0.301639 0.039658 9.99821E-05 0.312962 9.99821E-05 0.130173
0.0676699 0.00975988 9.9991E-05 0.0345898 0.0661397 0.308272 0.0469446 0.466524
9.99642E-05 9.99642E-05 9.99642E-05 0.736459 0.0308854 0.206519 9.99642E-05 0.0257369
0.427908 0.423199 9.99552E-05 9.99552E-05 0.148394 9.99552E-05 9.99552E-05 9.99552E-05
0.0877924 0.173845 0.0589943 0.0196141 9.99821E-05 9.99821E-05 0.354656 0.304898
0.282107 0.0268003 9.99821E-05 0.226601 0.0856871 0.165447 9.99821E-05 0.213158
0.227927 9.99731E-05 9.99731E-05 0.228621 0.0694529 0.27312 0.20058 9.99731E-05
9.99732E-05 0.22752 9.99732E-05 9.99732E-05 0.123118 0.351007 0.0157847 0.282269
9.99553E-05 9.99553E-05 9.99553E-05 0.702449 0.0439807 0.253071 9.99553E-05 9.99553E-05
0.35263 0.0193654 0.0296247 0.372045 0.226035 9.9973E-05 9.9973E-05 9.9973E-05
0.106522 0.0374611 9.99821E-05 0.0496813 0.111106 0.560342 0.134687 9.99821E-05
0.0988523 9.9973E-05 0.54964 9.9973E-05 0.140089 9.9973E-05 0.0641163 0.147002
9.99731E-05 9.99731E-05 0.0329028 0.158575 0.109731 0.638317 9.99731E-05 0.0601742
0.0051989 9.99731E-05 0.0951814 0.303443 9.99731E-05 0.41519 9.99731E-05 0.180686
9.9982E-05 0.12859 0.094389 0.274054 0.120162 0.378314 0.00429032 9.9982E-05
0.302672 9.99644E-05 0.149039 9.99644E-05 0.00916323 0.538726 9.99644E-05 9.99644E-05
0.303504 9.9973E-05 9.9973E-05 0.282242 0.170959 0.139358 9.9973E-05 0.103638
0.355553 9.99551E-05 9.99551E-05 9.99551E-05 9.99551E-05 0.273156 9.99551E-05 0.370792
9.9982E-05 0.364671 9.9982E-05 0.198566 0.142383 0.0243646 0.22682 0.0429959
9.99551E-05 0.166125 9.99551E-05 9.99551E-05 9.99551E-05 0.585288 9.99551E-05 0.248087
0.0500558 9.99731E-05 0.0729225 9.99731E-05 9.99731E-05 0.410831 0.285837 0.180054
0.0736866 0.455987 0.275641 0.0283614 0.0948716 9.99821E-05 0.071253 9.99821E-05
0.225671 0.476302 9.99731E-05 9.99731E-05 0.046171 0.191804 0.0597515 9.99731E-05
0.062702 0.407328 9.9982E-05 0.105722 9.9982E-05 0.0568386 0.127322 0.239888
9.99464E-05 0.785683 0.213718 9.99464E-05 9.99464E-05 9.99464E-05 9.99464E-05 9.99464E-05
0.294682 0.204119 9.9982E-05 0.0511879 0.325511 0.0407664 0.083534 9.9982E-05
0.0649622 9.9973E-05 9.9973E-05 0.634862 0.0841524 0.211548 0.00417505 9.9973E-05
0.31692 0.050088 9.99731E-05 9.99731E-05 9.99731E-05 0.259532 0.345212 0.0279478
9.99731E-05 0.00648056 9.99731E-05 0.155593 0.382111 0.335844 9.99731E-05 0.119672
0.0229417 0.48253 0.104864 9.99731E-05 0.0105713 0.378793 9.99731E-05 9.99731E-05
0.0389231 9.99642E-05 9.99642E-05 9.99642E-05 0.174277 9.99642E-05 0.0855762 0.700824
0.639062 0.143878 0.0406961 0.0554279 9.99821E-05 0.0496493 9.99821E-05 0.0710868
9.99731E-05 9.99731E-05 0.174552 9.99731E-05 0.174431 0.447361 0.0748945 0.128462
9.9964E-05 9.9964E-05 9.9964E-05 0.44416 9.9964E-05 0.202927 0.0824043 0.270108
0.0347041 0.21838 9.99731E-05 0.0818623 0.301056 0.363698 9.99731E-05 9.99731E-05
0.531382 9.99463E-05 9.99463E-05 9.99463E-05 9.99463E-05 0.468019 9.99463E-05 9.99463E-05
0.476646 9.99642E-05 9.99642E-05 0.498407 9.99642E-05 9.99642E-05 0.00892038 0.0156265
9.9991E-05 0.128643 0.177272 0.167604 0.0713362 0.328033 0.107637 0.0193745
9.99731E-05 9.99731E-05 0.239206 0.244857 0.212376 0.185333 9.99731E-05 0.117928
9.99552E-05 0.43175 0.447629 9.99552E-05 0.120121 9.99552E-05 9.99552E-05 9.99552E-05
0.197402 0.134394 0.279358 0.187896 0.0236538 0.159627 9.99911E-05 0.0175696
0.306296 9.99643E-05 0.237683 9.99643E-05 9.99643E-05 0.12585 9.99643E-05 0.329772
0.164974 0.193352 0.028883 9.99731E-05 0.423654 0.188836 9.99731E-05 9.99731E-05
9.99555E-05 0.00207702 9.99555E-05 9.99555E-05 9.99555E-05 0.960806 9.99555E-05 0.0366172
9.9973E-05 0.376054 0.00511567 9.9973E-05 0.180195 9.9973E-05 0.349926 0.0884088
0.425644 9.9973E-05 9.9973E-05 9.9973E-05 0.127413 0.0735031 0.328708 0.0444323
0.417278 9.99731E-05 0.147435 9.99731E-05 0.13568 0.164118 0.135189 9.99731E-05
9.99641E-05 9.99641E-05 0.500723 9.99641E-05 0.179736 0.211737 9.99641E-05 0.107404
0.125747 9.99731E-05 0.519394 0.178792 9.99731E-05 9.99731E-05 0.063689 0.112077
0.114583 0.362983 9.99552E-05 0.521934 9.99552E-05 9.99552E-05 9.99552E-05 9.99552E-05
0.366467 9.99731E-05 0.247596 9.99731E-05 9.99731E-05 0.0909374 0.108396 0.186303
9.99821E-05 0.0159597 0.022886 0.272283 0.0267113 0.412664 9.99821E-05 0.249296
0.013054 9.99731E-05 0.0184551 0.231088 0.0741796 0.662924 9.99731E-05 9.99731E-05
0.199805 0.252291 9.99731E-05 0.273267 0.233449 9.99731E-05 0.0408886 9.99731E-05
9.99731E-05 9.99731E-05 0.0748586 9.99731E-05 0.0928889 0.108944 0.0587728 0.664236
0.229195 9.99821E-05 0.0481776 0.139289 9.99821E-05 0.219466 0.14226 0.221412
0.343478 9.99731E-05 0.432446 0.0561059 9.99731E-05 0.0320868 0.135583 9.99731E-05
9.99553E-05 9.99553E-05 9.99553E-05 9.99553E-05 9.99553E-05 0.0561022 0.185433 0.757965
9.99643E-05 9.99643E-05 0.0094895 0.877785 0.031707 9.99643E-05 9.99643E-05 0.0806186
9.99463E-05 9.99463E-05 0.550786 0.448614 9.99463E-05 9.99463E-05 9.99463E-05 9.99463E-05
9.99731E-05 0.0943461 9.99731E-05 0.267275 9.99731E-05 0.438132 0.186561 0.0133863
9.9973E-05 0.0857303 0.167685 0.251695 0.183726 0.310864 9.9973E-05 9.9973E-05
9.9991E-05 0.0133553 0.153702 0.00967424 0.0954005 0.565055 0.0732419 0.0894707
0.033791 0.254511 9.99821E-05 0.370641 0.0182798 0.169624 9.99821E-05 0.152954
9.99552E-05 9.99552E-05 0.0806953 0.17453 9.99552E-05 0.744275 9.99552E-05 9.99552E-05
0.261524 9.9973E-05 0.0528126 0.124511 0.0489451 9.9973E-05 9.9973E-05 0.511907
0.0644046 0.19446 9.99641E-05 9.99641E-05 9.99641E-05 0.235784 9.99641E-05 0.504951
9.99551E-05 0.82176 9.99551E-05 0.02142 9.99551E-05 9.99551E-05 9.99551E-05 0.15632
9.99464E-05 9.99464E-05 9.99464E-05 9.99464E-05 9.99464E-05 9.99464E-05 0.175118 0.824282
9.99552E-05 0.709362 9.99552E-05 9.99552E-05 9.99552E-05 9.99552E-05 0.19512 0.0950185
9.99552E-05 0.0441566 9.99552E-05 9.99552E-05 9.99552E-05 0.0128011 0.942543 9.99552E-05
0.483763 9.99731E-05 0.0304572 0.08141 0.096905 0.307165 9.99731E-05 9.99731E-05
0.0110086 9.99732E-05 0.0254287 0.233268 9.99732E-05 0.596568 9.99732E-05 0.133427
0.117793 0.144379 0.515718 0.22171 9.99641E-05 9.99641E-05 9.99641E-05 9.99641E-05
0.348461 0.244332 9.99821E-05 0.0826073 9.99821E-05 0.280883 0.0432198 0.000296085
0.671841 9.99642E-05 9.99642E-05 0.17878 9.99642E-05 0.124119 9.99642E-05 0.0248601
0.0371827 9.99731E-05 0.197035 0.343495 9.99731E-05 9.99731E-05 0.408259 0.0137289
0.167559 0.108721 9.99732E-05 0.175941 0.0651376 9.99732E-05 9.99732E-05 0.482342
0.535816 9.99731E-05 9.99731E-05 0.0784342 0.164004 0.0176264 9.99731E-05 0.203819
0.429622 9.99553E-05 9.99553E-05 0.19761 9.99553E-05 9.99553E-05 9.99553E-05 0.372268
0.343305 9.99641E-05 0.372605 0.0897416 9.99641E-05 9.99641E-05 0.193949 9.99641E-05
9.994E-05 9.994E-05 9.994E-05 9.994E-05 9.994E-05 9.994E-05 9.994E-05 0.9993
9.99642E-05 0.229218 0.283886 9.99642E-05 9.99642E-05 0.204005 0.282491 9.99642E-05
0.124163 9.99641E-05 9.99641E-05 9.99641E-05 0.147173 0.681259 9.99641E-05 0.0470053
0.159071 9.99821E-05 0.377563 9.99821E-05 0.234195 0.108547 0.0330827 0.087341
0.507222 9.99731E-05 0.0840393 9.99731E-05 0.0787021 9.99731E-05 0.214009 0.115728
0.161534 0.0651326 9.9991E-05 0.0987634 0.030931 0.381153 0.144203 0.118184
0.0987331 0.0203437 9.99642E-05 9.99642E-05 9.99642E-05 0.284147 9.99642E-05 0.596376
9.99821E-05 0.190349 0.16518 0.353078 9.99821E-05 0.025071 0.0242683 0.241854
0.253817 9.99731E-05 0.404027 0.0791646 9.99731E-05 0.0835826 0.179109 9.99731E-05
0.180537 0.0351492 0.16524 0.585372 9.99732E-05 0.033402 9.99732E-05 9.99732E-05
9.99552E-05 9.99552E-05 9.99552E-05 0.11265 9.99552E-05 0.830376 0.0564749 9.99552E-05
0.160881 0.274416 9.9964E-05 0.251554 9.9964E-05 0.312749 9.9964E-05 9.9964E-05
9.99733E-05 9.99733E-05 0.289957 0.501165 0.00609373 0.149959 9.99733E-05 0.0525249
0.313014 0.251007 0.0639174 0.0769365 0.101362 0.165535 9.9991E-05 0.0281273
0.156358 9.99642E-05 9.99642E-05 0.358319 9.99642E-05 9.99642E-05 0.424272 0.0606512
0.0955602 9.99731E-05 0.236693 0.421895 0.0370651 9.99731E-05 9.99731E-05 0.208487
9.99553E-05 0.458847 9.99553E-05 0.0550247 9.99553E-05 0.485629 9.99553E-05 9.99553E-05
0.0971588 0.0946765 0.0631743 0.47978 9.99913E-05 0.137542 0.027244 0.100325
0.0200694 0.120969 0.200819 0.0924497 0.02604 0.396154 0.143399 9.9991E-05
0.382498 0.255196 9.9973E-05 9.9973E-05 0.112236 0.070173 0.179597 9.9973E-05
0.065024 9.99731E-05 9.99731E-05 0.247535 0.251405 0.169545 0.266191 9.99731E-05
0.55425 9.99463E-05 9.99463E-05 0.44515 9.99463E-05 9.99463E-05 9.99463E-05 9.99463E-05
0.9993 9.994E-05 9.994E-05 9.994E-05 9.994E-05 9.994E-05 9.994E-05 9.994E-05
0.780981 9.99554E-05 9.99554E-05 0.0965664 9.99554E-05 9.99554E-05 0.121953 9.99554E-05
0.0328977 0.296764 0.437477 0.0892819 0.0482596 9.99821E-05 0.0951204 9.99821E-05
0.351047 9.99642E-05 9.99642E-05 0.0587101 9.99642E-05 0.550572 9.99642E-05 0.0392719
0.113292 0.373373 9.99821E-05 9.99821E-05 0.0523781 0.0468804 0.26604 0.147837
9.99821E-05 0.375746 0.0903118 0.162939 9.99821E-05 0.0777715 0.170272 0.12276
0.176962 0.147149 0.0962197 0.37665 0.0399839 0.159155 0.00378021 9.9991E-05
0.203774 0.276518 9.99642E-05 0.310637 9.99642E-05 9.99642E-05 0.208671 9.99642E-05
9.99731E-05 9.99731E-05 9.99731E-05 0.147651 0.0010999 0.188656 0.0330027 0.62929
0.392088 0.00638119 0.328456 0.10078 9.9982E-05 0.0401347 9.9982E-05 0.13196
9.994E-05 9.994E-05 9.994E-05 9.994E-05 0.9993 9.994E-05 9.994E-05 9.994E-05
0.254726 9.99821E-05 9.99821E-05 0.182433 0.128206 0.0661363 0.190875 0.177422
9.99552E-05 9.99552E-05 0.102836 0.702518 9.99552E-05 9.99552E-05 9.99552E-05 0.194146
0.042718 0.417992 0.00471593 9.99732E-05 0.385259 9.99732E-05 0.149015 9.99732E-05
0.286012 9.99731E-05 0.150253 9.99731E-05 0.265623 9.99731E-05 0.165354 0.132458
9.99552E-05 0.029512 9.99552E-05 9.99552E-05 0.249848 0.720141 9.99552E-05 9.99552E-05
0.478749 0.127651 0.0257683 0.254276 9.9973E-05 0.113257 9.9973E-05 9.9973E-05
0.44446 0.169877 0.117532 9.99731E-05 0.250058 9.99731E-05 9.99731E-05 0.017773
9.99732E-05 0.261065 0.035559 0.160221 0.0868196 9.99732E-05 9.99732E-05 0.456036
0.286753 9.99731E-05 0.0360816 0.0910518 9.99731E-05 0.425978 0.159836 9.99731E-05
0.0051997 0.157829 0.225394 0.240252 9.9982E-05 9.9982E-05 0.34996 0.0211654
0.131003 9.99732E-05 9.99732E-05 0.158543 0.347884 0.102944 0.259326 9.99732E-05
0.761719 9.99731E-05 0.0138126 9.99731E-05 0.0977393 0.0187762 9.99731E-05 0.107653
0.240199 0.0903557 0.207241 0.105187 9.9991E-05 0.00297104 0.105128 0.248819
9.994E-05 9.994E-05 9.994E-05 9.994E-05 0.9993 9.994E-05 9.994E-05 9.994E-05
0.204186 9.99731E-05 0.136855 0.169208 0.254005 0.235446 9.99731E-05 9.99731E-05
0.308342 9.99821E-05 0.27865 0.195875 0.0268235 0.0797935 9.99821E-05 0.110317
9.99731E-05 0.31356 0.111884 9.99731E-05 0.0504954 0.515317 0.00844406 9.99731E-05
9.99643E-05 9.99643E-05 0.281701 9.99643E-05 0.580501 0.104378 0.0330198 9.99643E-05
0.00115391 0.0141909 0.038591 0.184793 0.011741 0.506756 9.9991E-05 0.242674
0.378871 0.110781 0.159746 0.22227 9.99821E-05 0.127807 0.000324482 9.99821E-05
0.9993 9.994E-05 9.994E-05 9.994E-05 9.994E-05 9.994E-05 9.994E-05 9.994E-05
9.99553E-05 0.358092 0.347045 0.294364 9.99553E-05 9.99553E-05 9.99553E-05 9.99553E-05
9.9973E-05 0.194951 0.0577382 0.412386 0.05539 0.279235 9.9973E-05 9.9973E-05
0.300334 9.99732E-05 0.113088 9.99732E-05 9.99732E-05 0.25843 0.110959 0.21689
0.22021 0.116875 0.554321 9.9973E-05 9.9973E-05 0.0423961 0.0658983 9.9973E-05
0.236263 0.292701 0.0426119 9.9982E-05 0.04032 0.350052 0.037853 9.9982E-05
9.99552E-05 9.99552E-05 9.99552E-05 0.45381 9.99552E-05 0.353875 9.99552E-05 0.191815
0.264589 0.157197 9.99641E-05 9.99641E-05 9.99641E-05 0.444312 9.99641E-05 0.133501
0.339873 9.99552E-05 0.590369 9.99552E-05 9.99552E-05 9.99552E-05 0.0692583 9.99552E-05
0.197296 9.99732E-05 0.162993 0.167164 0.18215 9.99732E-05 9.99732E-05 0.290097
9.99462E-05 9.99462E-05 9.99462E-05 0.226653 9.99462E-05 9.99462E-05 0.772747 9.99462E-05
9.99731E-05 0.243566 9.99731E-05 0.54683 9.99731E-05 0.0647539 0.0711983 0.0733517
9.99642E-05 0.176837 9.99642E-05 9.99642E-05 0.114201 0.543542 0.165021 9.99642E-05
9.99554E-05 9.99554E-05 9.99554E-05 0.73193 0.141921 0.125649 9.99554E-05 9.99554E-05
0.105186 9.99821E-05 9.99821E-05 0.191958 0.214715 0.32448 0.152305 0.0111577
0.157428 0.0727282 0.183789 0.141517 9.9982E-05 0.189046 9.9982E-05 0.255292
0.526338 9.99642E-05 0.152507 9.99642E-05 0.267199 9.99642E-05 9.99642E-05 0.0535549
9.994E-05 9.994E-05 9.994E-05 9.994E-05 9.994E-05 9.994E-05 0.9993 9.994E-05
9.99553E-05 9.99553E-05 0.500846 9.99553E-05 0.0696042 0.42905 9.99553E-05 9.99553E-05
0.373762 9.99821E-05 0.315967 0.0534764 0.085872 0.157144 9.99821E-05 0.0135778
0.187953 0.323589 9.99731E-05 9.99731E-05 0.0486628 9.99731E-05 0.106674 0.332822
9.99821E-05 0.137399 0.107735 0.317366 9.99821E-05 0.143293 0.0776938 0.216313
