0.0924354 9.9991E-05 0.0830551 0.760518 0.0638912
0.194404 0.119531 0.23388 0.362913 0.0892717
9.99731E-05 0.512948 9.99731E-05 0.486752 9.99731E-05
9.999E-05 0.262141 0.0797596 0.238646 0.419354
0.218944 9.9991E-05 0.0493547 0.557184 0.174418
0.164842 0.164806 9.9991E-05 0.550176 0.120075
0.434885 9.99911E-05 0.110123 0.432287 0.0226047
9.99821E-05 0.0567962 0.00256833 0.940436 9.99821E-05
9.99821E-05 0.0437342 0.918123 9.99821E-05 0.0379431
0.217846 0.686006 0.0351016 0.060946 9.99911E-05
0.217669 0.327921 9.9991E-05 0.235722 0.218589
9.99821E-05 9.99821E-05 0.75421 0.149391 0.0961987
9.99821E-05 9.99821E-05 0.468793 0.191641 0.339367
0.619436 9.99821E-05 9.99821E-05 0.304232 0.0761323
9.999E-05 0.00620861 0.548634 0.341796 0.103261
0.00847501 9.99911E-05 0.0573469 0.50237 0.431708
0.0713863 0.211913 0.247833 0.277101 0.191767
0.333718 0.31055 9.99821E-05 0.355532 9.99821E-05
9.99821E-05 0.172206 0.720803 0.106791 9.99821E-05
0.100525 0.0993059 0.285685 0.360573 0.15391
0.436431 0.521568 9.99821E-05 9.99821E-05 0.0418009
9.99821E-05 9.99821E-05 0.655285 0.000518528 0.343996
0.0477415 0.28754 9.9991E-05 0.16176 0.502859
0.377526 9.9982E-05 0.0330186 9.9982E-05 0.589256
0.21124 0.0941177 0.034309 0.0407119 0.619622
0.305098 0.0125707 0.1991 0.221292 0.261939
0.379307 0.260044 0.25425 0.0841009 0.0222986
0.293484 0.323427 9.99822E-05 0.382889 9.99822E-05
9.99821E-05 0.368876 0.133559 0.497365 9.99821E-05
9.99822E-05 0.0885017 0.00761632 9.99822E-05 0.903682
0.687296 9.99732E-05 9.99732E-05 0.312404 9.99732E-05
0.12985 9.99821E-05 0.329783 0.540167 9.99821E-05
9.99732E-05 0.938975 0.0607254 9.99732E-05 9.99732E-05
0.0136679 9.99911E-05 0.323924 0.625553 0.036755
0.155049 9.9982E-05 9.9982E-05 0.562046 0.282705
0.14361 0.414623 9.9991E-05 0.406374 0.0352933
0.503695 0.00124462 9.99911E-05 0.472709 0.0222514
9.99731E-05 0.777065 9.99731E-05 9.99731E-05 0.222635
0.318335 0.0253975 0.187424 0.394033 0.0748093
9.9991E-05 0.049996 0.0167592 0.629796 0.303348
0.115431 0.366255 0.401641 9.99911E-05 0.116574
0.429053 0.0192529 0.50206 9.99911E-05 0.0495348
0.470172 0.0962173 0.0283953 0.359657 0.0455579
0.0367635 0.0568248 0.305815 0.380711 0.219887
0.0646852 0.224599 0.375476 0.227985 0.107254
9.99911E-05 0.0973253 0.319208 0.485972 0.0973947
9.9991E-05 0.181516 0.439787 0.252733 0.125864
0.103405 0.361121 0.307631 0.227744 9.9991E-05
9.99733E-05 9.99733E-05 0.574871 0.424829 9.99733E-05
0.169906 9.99731E-05 9.99731E-05 0.829794 9.99731E-05
9.99731E-05 9.99731E-05 9.99731E-05 0.588464 0.411236
0.194926 0.779446 0.0254284 9.99821E-05 9.99821E-05
9.99821E-05 9.99821E-05 0.433868 0.30145 0.264482
9.99821E-05 9.99821E-05 0.131796 0.587149 0.280855
0.656995 0.232697 0.110108 9.99821E-05 9.99821E-05
0.425973 0.0897057 0.364069 0.120152 9.99911E-05
0.581933 9.9982E-05 9.9982E-05 0.0104825 0.407384
0.82338 9.99733E-05 0.17632 9.99733E-05 9.99733E-05
0.315071 0.0585898 0.352283 0.273956 9.9991E-05
0.267936 0.401847 9.9982E-05 0.330017 9.9982E-05
0.0229232 0.105453 0.226191 0.503444 0.141988
0.521408 9.9991E-05 0.407148 0.0240083 0.047335
0.0955113 0.108943 0.712828 0.0826178 9.9991E-05
0.0461045 0.115383 9.99911E-05 0.210482 0.627931
0.102085 9.99911E-05 0.0870892 0.634028 0.176698
0.0623143 0.2204 0.625174 9.99911E-05 0.0920113
9.9982E-05 0.182814 9.9982E-05 0.578542 0.238444
0.272666 9.99821E-05 0.624142 0.102992 9.99821E-05
9.99731E-05 9.99731E-05 0.542135 0.457565 9.99731E-05
0.160958 0.448214 0.0374849 0.236406 0.116937
0.306619 0.234088 0.395057 0.0641362 9.9991E-05
0.0287105 9.99821E-05 0.842513 9.99821E-05 0.128577
0.484274 0.210343 9.99821E-05 0.305184 9.99821E-05
0.0241837 9.99821E-05 0.414069 0.561548 9.99821E-05
0.0577922 9.99822E-05 9.99822E-05 0.676043 0.265965
0.36594 9.99821E-05 0.593727 0.0401333 9.99821E-05
9.99822E-05 9.99822E-05 0.574091 0.156365 0.269344
0.537436 0.192938 0.207088 9.9991E-05 0.0624383
0.181469 9.9991E-05 0.191929 0.439133 0.187369
9.9991E-05 0.173171 0.0791831 0.672664 0.0748812
0.218029 9.99732E-05 9.99732E-05 0.781671 9.99732E-05
9.9991E-05 0.207685 0.41844 0.220946 0.15283
0.38337 0.23776 0.151872 0.226899 9.99911E-05
9.9991E-05 0.0651998 0.563577 0.18297 0.188153
0.478731 9.9991E-05 0.136843 0.207636 0.17669
0.116971 0.335225 0.208122 0.339582 9.9991E-05
0.123866 0.64499 0.216986 0.0140575 9.9991E-05
0.0569087 9.99821E-05 0.242489 9.99821E-05 0.700402
9.99911E-05 0.164946 0.458516 0.276011 0.100427
9.99911E-05 0.344362 0.511663 0.136883 0.00699179
9.997E-05 9.997E-05 9.997E-05 9.997E-05 0.9996
0.554755 0.0665493 0.113685 0.0938166 0.171194
9.99822E-05 0.205014 0.684976 9.99822E-05 0.109811
0.0160091 0.837165 0.0104044 0.114988 0.0214331
0.0617103 0.127069 0.71559 9.9991E-05 0.0955302
9.9991E-05 0.342186 0.366547 0.238395 0.0527716
0.346576 0.297901 0.0661851 0.0384448 0.250892
9.99821E-05 0.17051 0.687725 0.141565 9.99821E-05
0.0415512 9.99821E-05 9.99821E-05 0.331278 0.626971
0.250551 0.315135 9.9982E-05 9.9982E-05 0.434114
0.825827 9.99732E-05 9.99732E-05 9.99732E-05 0.173873
9.99732E-05 0.135986 9.99732E-05 9.99732E-05 0.863714
0.1005 0.804334 0.094966 9.99822E-05 9.99822E-05
9.997E-05 0.9996 9.997E-05 9.997E-05 9.997E-05
9.9982E-05 0.23745 0.137914 0.624436 9.9982E-05
9.9982E-05 9.9982E-05 0.595715 0.160985 0.2431
0.219786 0.0992942 0.226502 0.454318 9.9991E-05
9.99732E-05 0.348991 9.99732E-05 0.650709 9.99732E-05
0.0508788 9.99821E-05 0.274746 0.674175 9.99821E-05
9.99821E-05 0.650883 9.99821E-05 0.239495 0.109423
0.187434 0.0380619 0.39589 0.0684565 0.310158
0.144941 9.99911E-05 0.0448677 0.680023 0.130069
9.99821E-05 0.040551 9.99821E-05 0.164918 0.794331
9.99821E-05 0.147199 0.233842 0.618759 9.99821E-05
9.997E-05 9.997E-05 9.997E-05 9.997E-05 0.9996
0.404574 0.121352 0.462598 9.99911E-05 0.0113759
9.99821E-05 9.99821E-05 0.427503 0.389327 0.182971
9.9991E-05 0.024442 0.640416 0.328684 0.00635854
0.0681652 0.0286582 0.28688 0.337328 0.278969
9.99731E-05 0.465147 9.99731E-05 0.534553 9.99731E-05
9.99821E-05 9.99821E-05 0.433795 0.0385409 0.527464
0.0927786 0.395616 9.9991E-05 0.0746998 0.436806
9.99911E-05 0.0247959 0.0211135 0.853035 0.100955
0.330273 0.17004 0.0292686 0.470319 9.99911E-05
9.99911E-05 0.186449 0.173161 0.327875 0.312414
0.154123 0.0232228 0.401416 0.282277 0.138962
9.99911E-05 0.340376 0.396003 0.0660879 0.197432
0.280028 9.99911E-05 0.243458 0.428553 0.0478612
9.99821E-05 0.681972 9.99821E-05 0.0783651 0.239462
9.99821E-05 0.623381 9.99821E-05 0.313898 0.0625205
0.182629 0.192127 0.625045 9.99821E-05 9.99821E-05
0.301081 0.209219 9.9982E-05 0.4895 9.9982E-05
0.103336 0.0651216 0.569087 0.262356 9.9991E-05
9.99821E-05 0.6379 0.175001 0.186899 9.99821E-05
9.99821E-05 0.637452 0.349451 0.0128972 9.99821E-05
9.99733E-05 0.0990881 9.99733E-05 0.900612 9.99733E-05
9.99732E-05 0.134005 9.99732E-05 0.865695 9.99732E-05
9.99733E-05 0.0541159 9.99733E-05 0.945584 9.99733E-05
0.171212 9.99732E-05 0.828488 9.99732E-05 9.99732E-05
9.997E-05 9.997E-05 9.997E-05 0.9996 9.997E-05
0.487507 0.00477593 0.153559 0.351519 0.00263876
0.0258193 0.708155 0.0700811 9.99911E-05 0.195845
0.037744 0.416661 0.340284 0.205211 9.9991E-05
0.0402096 0.628309 0.223085 9.99911E-05 0.108296
0.0689454 9.99911E-05 0.0868492 0.00857873 0.835527
9.9991E-05 0.0605444 0.321129 0.377854 0.240373
0.9996 9.997E-05 9.997E-05 9.997E-05 9.997E-05
9.99821E-05 0.3364 9.99821E-05 0.51642 0.146981
0.56271 9.99821E-05 9.99821E-05 0.182664 0.254426
0.824081 9.99821E-05 0.145237 9.99821E-05 0.0304823
0.154136 0.101231 0.594847 0.107046 0.0427407
0.0948146 9.99821E-05 0.779623 0.125362 9.99821E-05
0.364307 9.99731E-05 9.99731E-05 0.635393 9.99731E-05
9.99911E-05 0.113433 0.230283 0.526214 0.12997
0.665315 9.99732E-05 9.99732E-05 9.99732E-05 0.334385
0.0636807 0.517779 0.0776722 0.340768 9.99911E-05
0.25877 0.386095 9.9991E-05 0.184293 0.170742
0.521008 9.99732E-05 9.99732E-05 0.478692 9.99732E-05
9.99732E-05 9.99732E-05 9.99732E-05 0.963841 0.0358592
9.9991E-05 0.315223 0.377323 0.212816 0.0945375
0.9996 9.997E-05 9.997E-05 9.997E-05 9.997E-05
0.0372327 9.99821E-05 0.706975 0.255593 9.99821E-05
0.00752362 0.155123 0.248354 0.553287 0.0357121
0.620404 9.99732E-05 0.379296 9.99732E-05 9.99732E-05
9.997E-05 9.997E-05 0.9996 9.997E-05 9.997E-05
9.9991E-05 0.113956 0.336947 0.405217 0.14378
0.244456 9.99732E-05 9.99732E-05 0.755244 9.99732E-05
9.99822E-05 0.0578916 0.328034 0.613874 9.99822E-05
0.705582 0.0382417 9.99911E-05 0.254498 0.00157818
0.00227522 0.282426 0.269906 0.259543 0.18585
9.99821E-05 9.99821E-05 0.192828 0.430215 0.376758
9.99821E-05 0.0633481 0.183359 0.753093 9.99821E-05
0.109413 0.424549 0.348203 0.117735 9.9991E-05
0.0173927 9.99821E-05 9.99821E-05 0.660818 0.321589
9.99821E-05 9.99821E-05 0.084019 0.792469 0.123312
9.99732E-05 9.99732E-05 0.238542 0.761158 9.99732E-05
0.213071 9.99911E-05 0.264506 0.0716563 0.450667
0.482898 0.516802 9.99732E-05 9.99732E-05 9.99732E-05
0.346126 0.257167 9.99911E-05 0.269575 0.127032
9.99821E-05 0.361915 0.297066 0.340818 9.99821E-05
0.543944 0.203856 0.252 9.99821E-05 9.99821E-05
0.159666 0.174285 0.622359 0.00275051 0.0409393
0.168343 9.9991E-05 0.411049 0.3409 0.0796073
0.0157186 9.99911E-05 0.130496 0.678945 0.17474
9.99821E-05 0.848069 9.99821E-05 0.0551894 0.0965415
9.99732E-05 9.99732E-05 0.769815 0.229885 9.99732E-05
9.99821E-05 0.373793 0.180242 0.445765 9.99821E-05
0.210086 0.265646 9.99911E-05 0.280364 0.243804
0.101579 0.464865 9.9991E-05 0.269753 0.163702
