9.99549E-05 0.222201 9.99549E-05 9.99549E-05 0.704184 9.99549E-05 0.0316225 0.0414932 9.99549E-05
0.0461635 9.9982E-05 0.224748 0.245939 0.245208 0.181872 0.0275633 0.0283066 9.9982E-05
9.999E-05 0.0902923 0.112221 0.250893 0.141978 0.0552159 0.265473 0.0168065 0.0670195
0.0481377 0.0275875 9.9982E-05 9.9982E-05 0.370028 0.0911039 0.276293 0.135076 0.0515744
9.9973E-05 0.240081 9.9973E-05 0.30565 0.0306216 9.9973E-05 0.31794 0.0609056 0.0445016
9.9982E-05 0.213303 0.0218678 0.286261 0.282718 9.9982E-05 0.0531365 0.10507 0.0374444
0.0177363 0.0812791 0.378743 9.9982E-05 0.24897 9.9982E-05 0.105064 0.0443305 0.123676
0.120774 0.0254805 0.202503 0.352593 0.188257 0.0780803 9.9991E-05 0.00105723 0.0311552
9.9973E-05 0.177064 0.38731 9.9973E-05 0.0679916 0.0800128 0.251099 9.9973E-05 0.0362217
0.0158456 0.0917804 0.206072 0.122786 0.14273 0.130731 9.9991E-05 0.250857 0.0390981
9.99639E-05 0.374641 9.99639E-05 0.266056 9.99639E-05 9.99639E-05 0.163039 0.109179 0.0866859
9.99549E-05 9.99549E-05 0.760715 0.119754 9.99549E-05 0.063352 9.99549E-05 9.99549E-05 0.0556795
9.999E-05 0.124275 0.0790435 0.28456 0.153431 0.0293842 0.146606 0.0787563 0.103843
0.00290027 9.9982E-05 0.3249 0.218808 0.20935 0.119837 9.9982E-05 0.0666553 0.0573496
0.061407 9.9964E-05 9.9964E-05 0.802985 9.9964E-05 9.9964E-05 0.013994 0.0505597 0.0706541
0.442444 0.17189 9.9982E-05 9.9982E-05 0.0647628 0.063821 0.108118 0.0226741 0.12609
0.0180596 9.9964E-05 9.9964E-05 0.803297 9.9964E-05 9.9964E-05 0.0899206 0.083592 0.00473132
9.9964E-05 9.9964E-05 0.361295 9.9964E-05 0.0724088 0.0531284 0.378669 9.9964E-05 0.134099
9.9973E-05 0.444643 0.0271795 0.161508 0.119638 9.9973E-05 0.143196 9.9973E-05 0.103535
0.0863851 0.252892 9.9982E-05 9.9982E-05 0.218854 0.177577 0.125452 0.0658969 0.0727433
9.9982E-05 0.103205 0.0767228 0.218668 0.295536 9.9982E-05 0.155479 0.0556214 0.0945683
9.9964E-05 0.162335 0.0167133 0.584155 0.190086 9.9964E-05 9.9964E-05 9.9964E-05 0.046311
0.0902975 0.363137 9.9991E-05 0.120918 0.220778 0.00392973 0.0874599 0.0195244 0.0938553
0.136923 0.203379 9.9991E-05 0.0334258 0.145454 0.174814 0.166525 0.0829964 0.0563824
9.9955E-05 0.518617 9.9955E-05 0.191244 9.9955E-05 9.9955E-05 9.9955E-05 0.170785 0.118854
0.0115429 9.9982E-05 0.0447241 0.224035 0.297416 0.0630561 0.32994 9.9982E-05 0.0290862
0.174098 0.000384818 0.387928 9.9982E-05 0.147032 0.0856594 9.9982E-05 0.104853 0.0998438
0.0571384 0.0121481 0.145499 0.430995 0.163933 0.0914563 9.9991E-05 0.0688709 0.0298591
0.0024924 0.0014097 9.9982E-05 0.609142 0.0964315 0.076986 0.135896 0.0774429 9.9982E-05
0.126321 9.99639E-05 0.00607257 0.169391 0.042726 0.65509 9.99639E-05 9.99639E-05 9.99639E-05
0.0461229 0.359114 9.9982E-05 0.0760466 9.9982E-05 0.0546106 0.399116 0.0161145 0.0486754
0.0239528 9.9973E-05 0.804805 9.9973E-05 0.0265673 0.0180144 9.9973E-05 0.0582003 0.0681603
9.99641E-05 9.99641E-05 9.99641E-05 0.315399 0.266151 0.0203803 0.295228 9.99641E-05 0.102443
0.1013 0.00282112 0.0213122 0.234946 0.0276863 9.9991E-05 0.504443 0.0712797 0.0361121
9.9973E-05 9.9973E-05 0.19701 0.239498 0.0826156 9.9973E-05 0.291135 0.065179 0.124262
9.9946E-05 0.0989261 9.9946E-05 9.9946E-05 0.809641 9.9946E-05 9.9946E-05 9.9946E-05 0.0908328
0.0207963 9.9991E-05 0.0522801 0.00663876 0.374149 0.0236463 0.320697 0.167939 0.0337543
9.9982E-05 0.390269 0.0418423 0.258957 0.190465 0.0368163 9.9982E-05 0.074994 0.00645642
0.00835401 9.9982E-05 0.0784302 0.44554 9.9982E-05 0.0679669 0.219563 0.151462 0.0284836
0.0796456 0.0880198 9.9982E-05 9.9982E-05 0.167806 0.0206969 0.451206 0.0606981 0.131728
0.0205007 0.289654 9.9982E-05 0.515093 0.070848 0.0190858 9.9982E-05 0.0546405 0.0299784
0.121329 9.9982E-05 0.0173909 0.151393 0.34589 9.9982E-05 0.159679 0.171618 0.0325012
0.122384 9.9991E-05 0.0930245 0.320821 0.325797 0.00691555 0.0289527 0.0402523 0.0617536
9.9955E-05 9.9955E-05 0.378229 0.106387 0.475115 0.0397697 9.9955E-05 9.9955E-05 9.9955E-05
0.0183042 9.9955E-05 0.893663 9.9955E-05 0.0213626 9.9955E-05 9.9955E-05 9.9955E-05 0.0661706
9.9973E-05 9.9973E-05 0.50636 0.156706 0.00908585 9.9973E-05 0.131985 0.17676 0.0188024
0.043774 0.217066 0.187156 0.0720452 0.188095 9.9982E-05 0.288426 9.9982E-05 0.00323792
0.118215 0.196598 0.103414 9.9991E-05 0.119169 0.0551478 0.362835 0.027762 0.016759
0.107714 0.0890235 0.215894 0.381908 9.9982E-05 0.020523 0.125862 9.9982E-05 0.0588761
0.150475 0.130487 9.9982E-05 0.465354 0.12422 0.0876749 0.0225821 9.9982E-05 0.0190062
9.9973E-05 0.492797 9.9973E-05 0.124609 9.9973E-05 0.110358 0.133153 0.00523641 0.133546
0.0265607 0.197393 0.154384 9.9973E-05 9.9973E-05 0.0560694 0.519771 9.9973E-05 0.045521
0.454714 9.9982E-05 0.115019 9.9982E-05 0.214151 0.0390104 0.0732041 0.0553825 0.0483185
0.273473 9.9982E-05 0.275634 0.0690119 0.0837039 0.0821757 9.9982E-05 0.158423 0.0573789
0.0472305 0.877326 9.9946E-05 9.9946E-05 9.9946E-05 0.0748439 9.9946E-05 9.9946E-05 9.9946E-05
9.9964E-05 9.9964E-05 0.388493 9.9964E-05 0.212677 9.9964E-05 0.334052 0.00880826 0.0555696
9.993E-05 0.999201 9.993E-05 9.993E-05 9.993E-05 9.993E-05 9.993E-05 9.993E-05 9.993E-05
9.9973E-05 0.732808 9.9973E-05 9.9973E-05 0.0626065 0.0307588 0.103368 0.0134791 0.0566801
0.0729031 0.343487 0.0768153 0.00713356 0.198584 9.9991E-05 0.163631 0.0865972 0.0507499
0.0563786 0.156025 0.410378 0.117534 0.125567 9.9982E-05 9.9982E-05 0.0868817 0.0470356
9.9946E-05 9.9946E-05 9.9946E-05 9.9946E-05 9.9946E-05 0.0633774 0.929518 9.9946E-05 0.00650499
0.0369977 0.0937665 9.9982E-05 0.0982861 0.0525606 9.9982E-05 0.523593 0.106525 0.0880713
9.9964E-05 0.0134992 0.288408 0.144597 9.9964E-05 9.9964E-05 0.452284 9.9964E-05 0.100812
9.9955E-05 0.0244038 9.9955E-05 9.9955E-05 0.0461733 0.884577 9.9955E-05 9.9955E-05 0.0443465
0.0705941 9.9973E-05 0.283404 0.0442739 0.295752 9.9973E-05 0.159975 0.145701 9.9973E-05
9.9937E-05 9.9937E-05 9.9937E-05 9.9937E-05 0.983809 9.9937E-05 9.9937E-05 9.9937E-05 0.0154911
9.9982E-05 0.0117493 0.162414 0.201483 0.288505 9.9982E-05 0.19423 0.103264 0.0381548
9.9982E-05 0.0498975 0.0374104 0.52302 0.0319765 0.0825128 0.234584 9.9982E-05 0.0403986
9.9973E-05 0.232068 9.9973E-05 0.0111209 0.287835 0.0409484 0.423799 9.9973E-05 0.00392888
0.154623 0.042919 0.219699 0.0860646 0.174168 0.0970544 0.0840165 0.0552737 0.0861828
0.000298879 0.277449 0.374748 9.9982E-05 9.9982E-05 0.0551766 0.114778 0.124833 0.0525172
9.9946E-05 9.9946E-05 9.9946E-05 0.724407 0.221218 9.9946E-05 9.9946E-05 9.9946E-05 0.0537747
9.999E-05 0.054402 0.0492144 0.427183 0.0533374 0.1052 0.15704 0.0540549 0.0994676
0.0749999 0.2065 9.9973E-05 0.554409 9.9973E-05 0.0411581 0.032517 0.090116 9.9973E-05
0.0454488 9.9973E-05 0.144077 0.544882 0.0193562 0.0657306 9.9973E-05 0.180206 9.9973E-05
0.25989 0.203132 0.365453 0.0184003 9.9973E-05 9.9973E-05 9.9973E-05 0.0976721 0.055152
0.0529396 9.9983E-05 0.527428 0.165369 0.0125113 9.9983E-05 0.102564 0.0447519 0.0942361
9.99459E-05 9.99459E-05 9.99459E-05 9.99459E-05 9.99459E-05 0.0730209 0.923062 0.00331751 9.99459E-05
9.993E-05 9.993E-05 9.993E-05 9.993E-05 9.993E-05 9.993E-05 0.999201 9.993E-05 9.993E-05
9.9955E-05 9.9955E-05 0.0867339 9.9955E-05 9.9955E-05 0.0647414 0.800497 9.9955E-05 0.0475283
0.0274933 0.0651428 9.9991E-05 0.228507 0.123907 0.181651 0.26818 0.0391763 0.0658428
9.9964E-05 9.9964E-05 0.194375 9.9964E-05 0.10938 0.0596957 0.574448 9.9964E-05 0.0617015
0.0142873 0.0232526 0.481223 9.9973E-05 9.9973E-05 0.202528 0.23927 0.0391385 9.9973E-05
0.135965 9.99731E-05 9.99731E-05 0.014767 9.99731E-05 0.0302522 0.687564 0.0552797 0.0758718
9.9982E-05 0.195226 9.9982E-05 0.343206 0.246746 0.0398004 0.0543664 0.051764 0.0686918
0.0884116 0.45619 0.0560499 9.9982E-05 0.149278 0.0116593 0.142291 0.0959197 9.9982E-05
0.0294655 9.99639E-05 0.193013 0.0719891 0.658795 9.99639E-05 9.99639E-05 9.99639E-05 0.0463375
9.99551E-05 9.99551E-05 0.800107 9.99551E-05 9.99551E-05 9.99551E-05 0.0837008 0.0432092 0.0724829
0.0319407 9.9982E-05 0.113181 0.401105 0.183001 0.127185 9.9982E-05 0.0795012 0.0638861
9.9964E-05 0.283797 0.256348 0.129211 0.24452 9.9964E-05 9.9964E-05 9.9964E-05 0.0857242
9.9964E-05 9.9964E-05 0.00384713 0.00601464 0.0258674 0.91013 9.9964E-05 0.0537409 9.9964E-05
9.9955E-05 0.310852 9.9955E-05 0.662931 9.9955E-05 9.9955E-05 9.9955E-05 0.00954927 0.0161683
0.0539887 0.158265 9.9964E-05 9.9964E-05 0.269261 9.9964E-05 0.426512 9.9964E-05 0.0915735
0.175563 0.0662133 0.0105008 0.497047 0.131725 0.0307019 9.9982E-05 9.9982E-05 0.0880491
9.9955E-05 0.207179 9.9955E-05 9.9955E-05 0.31908 9.9955E-05 0.452864 9.9955E-05 0.0203763
0.0072704 9.9973E-05 9.9973E-05 0.290457 0.457244 0.025142 0.161382 0.0582045 9.9973E-05
0.0935731 0.333242 0.141134 0.0508826 0.380164 9.9973E-05 9.9973E-05 0.000704719 9.9973E-05
9.99731E-05 0.0590282 0.362815 9.99731E-05 0.104366 9.99731E-05 0.300477 0.156305 0.0167087
9.9964E-05 9.9964E-05 0.202568 0.148818 0.0714706 0.44304 9.9964E-05 9.9964E-05 0.133703
9.9964E-05 0.201523 9.9964E-05 0.279594 0.131402 0.16997 0.217112 9.9964E-05 9.9964E-05
9.9982E-05 0.413562 0.117051 0.137051 0.0344868 0.0736386 0.151546 9.9982E-05 0.0724654
9.993E-05 9.993E-05 9.993E-05 9.993E-05 9.993E-05 0.999201 9.993E-05 9.993E-05 9.993E-05
0.103509 0.190023 9.9982E-05 0.333083 9.9982E-05 0.00471036 0.166328 0.176545 0.0256018
9.99369E-05 9.99369E-05 9.99369E-05 9.99369E-05 9.99369E-05 9.99369E-05 9.99369E-05 0.993053 0.00624724
0.168671 0.0256102 0.0570694 0.372799 0.186466 0.112862 9.9982E-05 0.0763217 9.9982E-05
0.244148 0.147003 0.100211 0.276806 0.0962457 9.9973E-05 0.135286 9.9973E-05 9.9973E-05
0.0905353 0.176124 0.0591379 0.238189 0.165782 0.031515 0.238516 9.9982E-05 9.9982E-05
0.0103482 0.0207406 0.0447926 0.0187119 0.373824 0.048662 0.327745 0.155076 9.9991E-05
0.0897484 0.075286 9.9973E-05 0.601206 9.9973E-05 0.140337 0.0703179 9.9973E-05 0.0228055
0.0378893 0.237336 9.9982E-05 0.257691 0.277299 0.0337158 0.0726637 9.9982E-05 0.0832046
0.103089 0.0528831 9.9982E-05 0.285539 0.291508 9.9982E-05 0.0784036 0.128882 0.0594952
0.0240953 0.239026 0.30819 0.200311 9.9991E-05 0.0867307 0.018258 0.0623049 0.0609843
0.234499 0.305399 0.0526788 0.00403523 9.9991E-05 0.000361178 0.357635 0.0281537 0.0171382
9.9973E-05 0.0193595 9.9973E-05 0.251586 0.0330138 0.420003 0.257824 9.9973E-05 0.0179145
0.0329786 9.9982E-05 0.0515498 0.279642 0.391265 0.121974 0.00785874 0.114532 9.9982E-05
9.993E-05 9.993E-05 9.993E-05 9.993E-05 9.993E-05 0.999201 9.993E-05 9.993E-05 9.993E-05
0.0047593 0.221776 0.0953445 0.369445 0.0768943 9.9991E-05 0.0768177 0.146505 0.00835886
0.0790776 9.9973E-05 0.196936 9.9973E-05 0.44871 9.9973E-05 0.201232 0.0059212 0.0678238
0.0672422 0.152034 0.263313 0.101988 0.0225729 0.0578516 0.334798 9.9982E-05 9.9982E-05
9.9982E-05 9.9982E-05 0.620977 0.185231 0.0418124 0.0268114 0.0170712 0.0341361 0.0737605
9.9964E-05 9.9964E-05 9.9964E-05 0.0945705 0.42398 9.9964E-05 0.289814 0.0834886 0.107747
9.9964E-05 0.133138 9.9964E-05 0.134148 9.9964E-05 0.475674 0.130771 9.9964E-05 0.125869
9.9982E-05 9.9982E-05 0.0771493 0.174783 0.17066 0.0600269 0.335111 0.0974351 0.0846339
0.164257 0.150038 0.330457 9.9973E-05 9.9973E-05 9.9973E-05 0.29242 0.0407823 0.0217468
9.9982E-05 0.471834 0.166862 0.13284 0.00915292 0.0931373 0.0426953 9.9982E-05 0.0832785
0.107685 0.0899105 0.156173 0.402176 9.9973E-05 0.0683389 0.175417 9.9973E-05 9.9973E-05
0.0721113 0.228054 9.9973E-05 0.498867 0.108321 9.9973E-05 9.9973E-05 0.0121901 0.0801561
0.00179714 0.308505 0.00593786 0.227243 0.0467142 0.102714 0.225144 0.0179845 0.0639602
0.0911947 0.32015 0.407888 9.9973E-05 9.9973E-05 9.9973E-05 0.136398 0.0213413 0.0227285
9.9973E-05 0.531758 9.9973E-05 0.0704209 0.0113254 0.0864562 0.257231 9.9973E-05 0.0425079
9.9955E-05 9.9955E-05 0.333729 0.0992273 0.540889 9.9955E-05 9.9955E-05 9.9955E-05 0.0256545
9.9973E-05 9.9973E-05 0.0774205 0.0654039 0.354827 9.9973E-05 0.394598 0.0141729 0.0932776
9.99551E-05 9.99551E-05 0.235933 0.00172806 9.99551E-05 0.264506 0.497333 9.99551E-05 9.99551E-05
0.123786 9.9973E-05 0.0566646 0.602972 9.9973E-05 0.089953 0.0530974 9.9973E-05 0.0732267
9.9982E-05 0.121791 0.290685 0.118464 0.227911 0.0517944 0.0874808 0.101674 9.9982E-05
9.9964E-05 0.293155 0.227593 9.9964E-05 9.9964E-05 9.9964E-05 0.378022 0.0168074 0.0840226
0.92727 0.00368839 9.99549E-05 0.00534174 9.99549E-05 9.99549E-05 0.0632005 9.99549E-05 9.99549E-05
0.999201 9.993E-05 9.993E-05 9.993E-05 9.993E-05 9.993E-05 9.993E-05 9.993E-05 9.993E-05
0.0108432 0.0931373 0.362686 0.254109 0.121566 0.000620149 0.0264795 0.0328873 0.0976719
0.0481707 0.0537256 0.101412 9.9991E-05 0.0235067 0.00236755 0.675046 0.0580204 0.0376513
0.00320365 9.9991E-05 0.582717 0.0134142 0.055658 0.043386 0.182216 0.0735229 0.0457827
0.109254 0.0500977 9.9973E-05 0.659287 9.9973E-05 9.9973E-05 0.102334 0.0598123 0.0189152
9.9973E-05 0.366999 0.106783 9.9973E-05 9.9973E-05 0.124454 0.31957 0.0707098 0.0111849
9.9982E-05 0.540767 0.201622 0.0961775 0.0703021 0.0426627 9.9982E-05 0.0172033 0.0310661
0.142278 9.9991E-05 0.079115 0.234686 0.156627 0.0903644 0.204798 0.05059 0.0414413
0.0345668 9.9973E-05 0.0606633 0.128497 0.059793 0.522979 9.9973E-05 9.9973E-05 0.193202
9.99731E-05 0.101885 0.000395016 0.469718 0.357186 9.99731E-05 9.99731E-05 0.0416587 0.0288581
9.993E-05 9.993E-05 9.993E-05 9.993E-05 9.993E-05 9.993E-05 9.993E-05 9.993E-05 0.999201
0.0170496 0.0390024 0.0747835 0.039552 0.542122 9.9991E-05 0.0166088 0.156029 0.114753
0.108316 0.0774208 9.9973E-05 9.9973E-05 0.33608 9.9973E-05 0.166773 0.248051 0.0630592
0.0205235 0.0843664 0.663033 9.9982E-05 9.9982E-05 0.0424879 0.120879 0.0664349 0.00207433
0.0328597 0.194595 0.00585703 0.0382147 0.18088 9.9991E-05 0.333309 0.152433 0.0617519
0.0864513 9.9982E-05 0.485699 9.9982E-05 0.00579331 0.169106 0.017731 0.105367 0.129652
0.199711 0.0563264 0.218957 0.135242 0.0766313 0.0478102 0.185356 0.0459284 0.0340377
0.0148621 9.9982E-05 0.523504 0.21082 0.136657 0.021113 0.057588 9.9982E-05 0.0352557
0.213469 9.9982E-05 9.9982E-05 0.294963 0.0947549 0.113718 0.106638 0.112385 0.0638729
9.9982E-05 0.345626 0.128857 0.049591 0.158607 9.9982E-05 0.201789 0.0348125 0.0805176
9.9982E-05 9.9982E-05 0.252366 0.312539 0.0607157 0.0293695 0.206669 0.117263 0.0208775
0.0825521 0.00955099 9.9955E-05 9.9955E-05 0.812317 0.0950798 9.9955E-05 9.9955E-05 9.9955E-05
0.0731354 0.0115822 0.0592361 0.467887 0.0797399 0.100416 0.144138 0.0495937 0.0142726
9.9973E-05 0.163955 0.0287682 0.109628 0.042539 9.9973E-05 0.565774 9.9973E-05 0.0890363
9.993E-05 9.993E-05 9.993E-05 9.993E-05 9.993E-05 9.993E-05 9.993E-05 9.993E-05 0.999201
0.152793 0.0982353 0.122666 0.0827976 0.0629309 9.9991E-05 0.00941514 0.0904551 0.380607
0.31883 0.145001 9.9973E-05 0.106917 0.182307 9.9973E-05 0.153614 0.0930306 9.9973E-05
0.00347282 0.304056 0.000205096 0.356135 0.174369 0.0513123 9.9991E-05 0.0370121 0.0733373
9.99371E-05 9.99371E-05 9.99371E-05 9.99371E-05 0.894863 9.99371E-05 9.99371E-05 9.99371E-05 0.104437
0.0566903 0.297514 0.0470042 0.122916 0.157378 9.9991E-05 0.205668 0.0509508 0.0617788
0.093476 0.246726 0.232023 0.213733 9.9982E-05 9.9982E-05 0.105979 0.0787037 0.0291585
0.999201 9.993E-05 9.993E-05 9.993E-05 9.993E-05 9.993E-05 9.993E-05 9.993E-05 9.993E-05
0.0279523 9.9982E-05 0.167462 0.384794 0.0230557 0.0753519 0.24834 9.9982E-05 0.0728449
0.063708 0.454692 0.0827604 0.0494029 0.0187624 0.0899391 0.236227 0.00440806 9.9991E-05
0.117015 0.13764 0.137729 0.298904 0.100353 0.00504557 0.0576031 0.132231 0.0134798
0.0665294 0.129465 9.9973E-05 9.9973E-05 0.259205 0.0910003 0.385257 9.9973E-05 0.0682444
0.343052 0.00388668 0.575534 9.9964E-05 9.9964E-05 9.9964E-05 0.0145341 0.0625929 9.9964E-05
0.0570705 0.138201 0.00369607 0.291797 0.167312 9.9982E-05 0.246603 9.9982E-05 0.0951212
9.9973E-05 0.0625676 0.323478 0.17198 0.0839128 9.9973E-05 0.225257 0.132504 9.9973E-05
0.0631084 0.379731 0.0386623 0.00694381 9.9973E-05 9.9973E-05 0.396062 9.9973E-05 0.115192
0.169925 9.9973E-05 0.592101 0.00327046 0.1236 0.0285851 9.9973E-05 0.0822181 9.9973E-05
9.9937E-05 9.9937E-05 9.9937E-05 9.9937E-05 9.9937E-05 0.0119186 9.9937E-05 0.987382 9.9937E-05
0.0979573 0.272792 0.255176 0.0474018 0.171252 0.0235648 0.116785 0.0149708 9.9991E-05
9.9937E-05 9.9937E-05 9.9937E-05 0.996337 9.9937E-05 0.00296366 9.9937E-05 9.9937E-05 9.9937E-05
9.9973E-05 0.330886 9.9973E-05 0.21135 9.9973E-05 0.138682 0.196094 0.0177876 0.1049
0.132949 0.351595 9.9991E-05 0.0702815 0.374617 0.00049627 0.000392835 0.0131807 0.056388
9.9973E-05 0.211153 0.0265204 0.214143 0.357484 0.0902577 0.100142 9.9973E-05 9.9973E-05
0.067491 0.160742 0.0749774 9.9973E-05 0.282257 9.9973E-05 0.361421 9.9973E-05 0.0528115
9.993E-05 9.993E-05 9.993E-05 9.993E-05 9.993E-05 9.993E-05 9.993E-05 0.999201 9.993E-05
0.0178926 0.0878503 0.19614 0.114516 0.168429 0.00337898 0.332547 9.9991E-05 0.0791458
0.0213622 0.143281 9.9991E-05 0.361664 0.115897 0.049511 0.109277 0.145336 0.0535715
0.0339754 0.0898492 0.0536616 0.00617041 0.347824 0.01069 0.422843 0.00572601 0.0292601
0.237749 0.00176129 0.673461 9.9964E-05 0.0737922 0.0128368 9.9964E-05 9.9964E-05 9.9964E-05
