0.495017 0.0722054 0.0597027 0.0495864 0.323388 9.9991E-05
9.999E-05 0.36166 0.140784 0.224067 0.232368 0.0410219
0.441918 0.220342 0.272595 0.0356266 0.0294185 9.9991E-05
0.785685 9.99821E-05 0.0888097 0.0518079 9.99821E-05 0.0734977
0.735268 9.99642E-05 9.99642E-05 0.264332 9.99642E-05 9.99642E-05
0.749205 9.99642E-05 0.250396 9.99642E-05 9.99642E-05 9.99642E-05
0.10381 0.269034 9.99911E-05 0.23649 0.339153 0.0514121
0.393743 9.99821E-05 0.296125 0.193943 0.115989 9.99821E-05
9.99732E-05 9.99732E-05 0.163171 9.99732E-05 0.486444 0.350085
0.209616 0.0303787 0.224054 9.99821E-05 9.99821E-05 0.535751
0.292186 0.0936221 0.214613 9.9991E-05 0.0314743 0.368005
0.213308 9.99732E-05 9.99732E-05 0.356857 0.429535 9.99732E-05
0.337265 0.0426304 0.129294 0.0810793 0.409631 9.9991E-05
0.389664 0.0665126 0.21922 0.294926 9.9991E-05 0.0295773
9.99732E-05 9.99732E-05 0.143934 9.99732E-05 0.736817 0.118949
0.541048 0.091657 9.99821E-05 0.244787 0.122308 9.99821E-05
0.200539 0.0164433 0.192124 0.261532 0.279636 0.0497257
0.19731 9.99821E-05 0.165343 0.257262 9.99821E-05 0.379886
0.0413216 9.99821E-05 0.0401759 9.99821E-05 0.836102 0.0822004
0.188554 0.0636664 0.514939 0.232641 9.99821E-05 9.99821E-05
9.99731E-05 0.206531 0.0699307 9.99731E-05 9.99731E-05 0.723239
0.280643 9.99821E-05 0.0697408 9.99821E-05 0.563856 0.0855606
0.459285 0.152691 0.182492 0.193076 9.9991E-05 0.0123556
0.55079 0.14941 9.99732E-05 0.2995 9.99732E-05 9.99732E-05
0.344549 0.271084 0.233569 0.0253025 0.0897117 0.0357846
0.611172 0.0562802 9.9982E-05 0.046363 0.285985 9.9982E-05
9.9982E-05 0.227175 9.9982E-05 0.166634 0.168253 0.437738
9.999E-05 0.00567546 0.393361 0.165672 0.254548 0.180643
9.99731E-05 9.99731E-05 0.562463 0.273198 0.164039 9.99731E-05
0.391905 0.601352 9.99731E-05 9.99731E-05 9.99731E-05 0.0064435
9.99732E-05 9.99732E-05 0.394687 0.281503 9.99732E-05 0.32351
0.0460743 0.0927017 0.151489 0.304841 0.404794 9.9991E-05
9.99821E-05 0.264116 0.147716 9.99821E-05 0.00359539 0.584373
0.302639 0.0861754 0.0967453 0.0302674 0.484072 9.9991E-05
0.853512 0.00790706 9.99731E-05 0.138281 9.99731E-05 9.99731E-05
0.36582 0.075512 0.0482425 0.198261 0.0119102 0.300254
0.434896 9.99732E-05 0.159598 0.405206 9.99732E-05 9.99732E-05
0.44861 0.16817 0.239636 0.0699259 0.0735582 9.9991E-05
0.25094 0.050048 0.166804 0.238965 0.183104 0.11014
0.153159 0.0145561 0.416328 0.275497 0.14036 9.9991E-05
9.99731E-05 0.377218 9.99731E-05 9.99731E-05 0.216419 0.406063
9.99821E-05 0.119397 9.99821E-05 0.100938 0.189155 0.590311
0.504769 0.0413994 0.233645 0.118248 9.9991E-05 0.101838
0.542644 9.99821E-05 0.296221 9.99821E-05 0.0349603 0.125975
9.99821E-05 0.1815 0.214074 0.125468 0.478759 9.99821E-05
0.300368 9.99821E-05 0.196562 0.161819 0.341051 9.99821E-05
0.352808 0.177671 9.99821E-05 9.99821E-05 0.151692 0.31763
0.376279 9.9982E-05 9.9982E-05 0.125765 0.0472295 0.450527
0.347633 9.99733E-05 9.99733E-05 9.99733E-05 0.525258 0.126809
0.651916 9.9982E-05 0.172623 0.148396 0.0268644 9.9982E-05
0.907031 0.0361635 0.0445543 9.99821E-05 0.0120513 9.99821E-05
0.0114453 0.163024 0.520413 0.154946 9.9991E-05 0.150071
0.518366 0.0270878 9.99821E-05 9.99821E-05 0.145571 0.308775
0.0973082 0.177441 0.204217 9.99821E-05 0.520834 9.99821E-05
9.99732E-05 9.99732E-05 0.296188 0.451028 0.252485 9.99732E-05
0.170953 9.99821E-05 9.99821E-05 0.100681 0.594533 0.133633
0.256414 0.23094 0.135791 9.99821E-05 0.376655 9.99821E-05
0.10188 9.99911E-05 0.187179 0.235983 0.213438 0.261419
0.25026 9.9991E-05 0.376457 0.179874 0.1625 0.0308086
0.461385 9.9982E-05 0.0303101 0.0654608 9.9982E-05 0.442644
0.361769 9.99731E-05 0.555473 9.99731E-05 0.0824587 9.99731E-05
0.0777565 0.202849 9.9982E-05 0.396738 9.9982E-05 0.322457
0.293979 9.9982E-05 9.9982E-05 0.0125043 0.304612 0.388705
0.00294812 0.830604 0.111292 9.9982E-05 0.0549562 9.9982E-05
0.810451 9.99643E-05 9.99643E-05 9.99643E-05 0.189149 9.99643E-05
9.99821E-05 0.210215 0.0301459 9.99821E-05 0.497392 0.262048
0.5739 0.0773704 0.169607 0.178922 9.9982E-05 9.9982E-05
0.239394 9.99821E-05 9.99821E-05 0.213971 0.44801 0.0984249
0.101639 9.99731E-05 9.99731E-05 0.0956193 0.802442 9.99731E-05
9.99821E-05 0.189955 0.180623 9.99821E-05 0.228942 0.40028
0.26405 9.9991E-05 0.199595 0.143777 0.214332 0.178145
9.99731E-05 9.99731E-05 9.99731E-05 0.201021 0.519713 0.278967
0.167923 9.99732E-05 0.116392 0.715385 9.99732E-05 9.99732E-05
9.99821E-05 0.0763855 0.0170004 0.209489 0.696925 9.99821E-05
0.600703 9.99822E-05 0.168257 0.188495 0.0423457 9.99822E-05
0.205408 9.99821E-05 0.0393286 0.339431 0.415632 9.99821E-05
9.99643E-05 0.192929 9.99643E-05 9.99643E-05 0.806671 9.99643E-05
9.9982E-05 9.9982E-05 0.286649 0.265045 0.149558 0.298548
0.0369359 0.000625495 0.465728 9.9991E-05 0.261431 0.235179
0.00588517 9.9982E-05 0.597117 0.304383 0.0924153 9.9982E-05
0.402432 9.99821E-05 0.0452696 0.452362 0.0997364 9.99821E-05
0.582514 9.99822E-05 0.187513 9.99822E-05 0.217216 0.0125567
0.1954 0.01137 0.465124 0.119976 9.99911E-05 0.20803
9.99731E-05 0.21336 0.318036 9.99731E-05 0.468305 9.99731E-05
0.324885 0.0526 9.9991E-05 0.270077 0.200291 0.152047
0.317978 9.9991E-05 0.0663129 0.157345 0.213461 0.244803
9.9991E-05 0.181444 0.376304 0.192088 0.0711417 0.178922
0.719026 0.280574 9.99642E-05 9.99642E-05 9.99642E-05 9.99642E-05
0.21332 0.297339 0.182968 9.99911E-05 0.237129 0.0691429
0.194935 0.101483 0.0571398 9.9991E-05 0.407274 0.239067
0.226711 0.772889 9.99643E-05 9.99643E-05 9.99643E-05 9.99643E-05
0.279008 0.0816132 0.0486457 0.344031 9.9991E-05 0.246601
0.226741 0.0345285 9.99911E-05 0.277803 0.342297 0.11853
0.187802 9.99821E-05 0.352646 0.0708007 9.99821E-05 0.388551
9.9982E-05 0.00424638 9.9982E-05 0.322993 0.315048 0.357513
0.230827 9.9991E-05 0.42963 0.228941 0.0263048 0.0841973
0.406005 0.128519 0.0576824 9.99821E-05 9.99821E-05 0.407594
0.0790713 9.99731E-05 9.99731E-05 9.99731E-05 0.412215 0.508414
0.603201 0.334312 0.0454994 0.0167872 9.99821E-05 9.99821E-05
0.223831 0.428912 0.0748059 0.250018 9.9991E-05 0.022333
0.340167 9.99732E-05 9.99732E-05 0.0989648 9.99732E-05 0.560568
0.211325 0.779624 9.99732E-05 9.99732E-05 9.99732E-05 0.00875133
0.110476 0.175706 0.147118 9.99911E-05 0.00934572 0.557254
9.99731E-05 0.0916233 0.768782 9.99731E-05 9.99731E-05 0.139295
0.483942 9.9982E-05 0.292225 0.042336 0.181297 9.9982E-05
0.478875 9.99731E-05 9.99731E-05 9.99731E-05 0.496242 0.0245835
0.36377 9.99821E-05 0.171725 0.253481 0.210825 9.99821E-05
0.394509 9.99821E-05 0.383747 9.99821E-05 0.115645 0.105899
0.27911 9.9991E-05 0.0980898 0.106462 0.410068 0.10617
0.0549 0.264233 0.34594 0.0608434 0.208695 0.0653887
9.99911E-05 0.512714 0.0380482 0.178013 0.158018 0.113108
0.496205 0.121682 0.070123 0.0268083 0.285082 9.9991E-05
9.99821E-05 0.677202 0.267718 0.018311 0.0365683 9.99821E-05
0.370092 9.99732E-05 0.495485 9.99732E-05 0.134123 9.99732E-05
0.0520209 0.947579 9.99641E-05 9.99641E-05 9.99641E-05 9.99641E-05
9.99821E-05 9.99821E-05 0.194624 0.0592427 0.357028 0.388906
0.241358 0.0476664 0.291665 9.99821E-05 0.419111 9.99821E-05
0.318553 0.064292 0.0207433 0.0360554 0.469176 0.0911809
0.039303 0.209114 0.260727 0.244697 0.24606 9.9991E-05
0.000902001 0.213912 0.54138 0.198856 0.0448501 9.9991E-05
0.905358 0.0921771 9.99732E-05 9.99732E-05 0.00216481 9.99732E-05
0.233427 0.202236 0.297569 0.266568 9.99821E-05 9.99821E-05
0.507873 9.99731E-05 0.369753 9.99731E-05 0.122074 9.99731E-05
0.249787 9.99911E-05 0.217925 0.180692 0.109876 0.24162
0.274309 9.99821E-05 0.175818 9.99821E-05 0.100973 0.448701
0.380883 9.9973E-05 9.9973E-05 9.9973E-05 0.23689 0.381927
9.99821E-05 0.230774 9.99821E-05 0.107271 0.120633 0.541122
0.244931 9.99821E-05 0.201639 0.239346 0.313884 9.99821E-05
9.99642E-05 0.381197 0.618403 9.99642E-05 9.99642E-05 9.99642E-05
0.366014 0.158392 0.101228 0.185566 0.0550113 0.133789
0.130216 9.99732E-05 9.99732E-05 9.99732E-05 0.316595 0.552889
0.546499 9.9982E-05 0.199433 0.0759339 9.9982E-05 0.177934
0.114321 9.9991E-05 0.19988 0.0480377 0.358863 0.278798
9.99821E-05 9.99821E-05 0.576003 0.211812 0.092319 0.119666
9.99821E-05 0.042696 0.293789 0.152457 9.99821E-05 0.510858
0.537611 0.00437917 0.273584 9.99821E-05 0.184225 9.99821E-05
0.463998 9.99732E-05 0.359771 9.99732E-05 0.175932 9.99732E-05
0.558013 9.99733E-05 0.441295 9.99733E-05 0.000392547 9.99733E-05
9.99821E-05 9.99821E-05 0.0876944 0.104183 0.461222 0.346701
0.328372 0.0237318 0.00380245 9.99821E-05 0.643894 9.99821E-05
0.439931 0.000813818 0.496669 0.0538132 0.00867352 9.99911E-05
0.627425 0.0675746 0.123157 0.0985468 9.99911E-05 0.0831961
0.125797 0.0243659 0.241058 0.0535843 0.120577 0.434619
0.21984 9.99732E-05 0.0109621 9.99732E-05 9.99732E-05 0.768898
0.268097 0.288693 9.9991E-05 0.155069 0.171323 0.116719
0.210074 0.0441655 0.126434 0.123649 0.495577 9.9991E-05
9.996E-05 9.996E-05 9.996E-05 0.9995 9.996E-05 9.996E-05
0.392218 0.0797917 0.405267 9.99821E-05 9.99821E-05 0.122523
0.260118 0.256806 0.0771517 0.389545 0.0162791 9.9991E-05
9.99911E-05 0.00054312 0.0677266 0.432146 0.263719 0.235765
0.0395357 0.103636 0.226266 0.273567 0.356895 9.99911E-05
0.243928 9.99821E-05 9.99821E-05 0.00947523 0.42074 0.325657
0.440736 9.9991E-05 0.0589357 0.101418 0.297562 0.101248
0.303278 0.0102926 0.228187 0.236413 0.0695718 0.152257
0.30052 0.297816 9.99732E-05 0.401365 9.99732E-05 9.99732E-05
0.25097 9.99821E-05 0.41769 0.100068 9.99821E-05 0.231072
0.211911 9.99731E-05 0.619108 0.168681 9.99731E-05 9.99731E-05
0.276095 9.99643E-05 9.99643E-05 9.99643E-05 9.99643E-05 0.723506
0.242864 0.16645 0.140526 0.0125571 0.437503 9.9991E-05
9.9982E-05 0.308271 0.116615 9.9982E-05 0.471281 0.103633
9.996E-05 9.996E-05 9.996E-05 0.9995 9.996E-05 9.996E-05
0.268541 9.99731E-05 9.99731E-05 0.237026 0.494132 9.99731E-05
0.454709 9.99731E-05 0.354951 0.19004 9.99731E-05 9.99731E-05
9.99731E-05 9.99731E-05 9.99731E-05 0.0682467 0.553529 0.377924
0.136539 9.99821E-05 9.99821E-05 0.303797 0.353061 0.206404
0.770617 0.0592576 9.9991E-05 0.0899393 0.0390784 0.0410081
0.351401 9.99911E-05 0.0596563 0.136117 0.203957 0.248769
9.99643E-05 9.99643E-05 0.397013 9.99643E-05 0.602587 9.99643E-05
0.0615073 9.99732E-05 0.298905 0.639288 9.99732E-05 9.99732E-05
0.255072 0.108109 0.212577 0.168876 0.224113 0.0312524
0.225149 0.140328 0.0327354 9.99821E-05 0.601587 9.99821E-05
0.299368 9.99821E-05 0.110712 0.183941 0.40578 9.99821E-05
0.243037 9.99821E-05 0.409063 9.99821E-05 0.296576 0.0511248
0.451929 0.0856589 0.0938515 0.160466 0.093612 0.114483
0.572118 9.99731E-05 0.0852545 9.99731E-05 0.342328 9.99731E-05
0.283229 9.99732E-05 0.0347414 9.99732E-05 0.68173 9.99732E-05
0.315562 0.234122 9.99821E-05 0.274534 0.175583 9.99821E-05
9.99821E-05 0.0246819 0.650569 0.0556178 9.99821E-05 0.268931
0.025056 0.225088 0.126597 9.9991E-05 0.247484 0.375676
9.9991E-05 0.0389422 0.238742 0.00781634 0.202489 0.51191
0.198599 9.99821E-05 9.99821E-05 0.217408 0.0527513 0.531041
0.175902 9.99821E-05 9.99821E-05 0.0843198 0.384008 0.35557
0.581937 9.99731E-05 9.99731E-05 9.99731E-05 0.241238 0.176526
0.329876 0.0353915 0.345823 0.144639 0.14417 9.9991E-05
9.996E-05 9.996E-05 0.9995 9.996E-05 9.996E-05 9.996E-05
9.99732E-05 9.99732E-05 9.99732E-05 0.133373 0.807477 0.0588504
0.360424 9.99821E-05 0.387261 0.0489193 0.203195 9.99821E-05
9.99821E-05 0.277666 0.377419 0.343822 0.000893713 9.99821E-05
0.4227 0.13029 0.330938 0.115872 9.9982E-05 9.9982E-05
