9.99369E-05 9.99369E-05 9.99369E-05 9.99369E-05 0.179142 0.060049 0.76011 9.99369E-05 9.99369E-05 9.99369E-05
0.276979 0.27284 0.0172667 0.0352886 9.9982E-05 0.0100717 0.130068 0.0471338 9.9982E-05 0.210152
9.99819E-05 0.0426851 0.0460596 0.349598 0.270119 0.013743 0.0275598 9.99819E-05 0.111308 0.138727
9.9946E-05 9.9946E-05 0.057227 0.66175 9.9946E-05 9.9946E-05 0.180706 9.9946E-05 0.0997178 9.9946E-05
0.0410618 0.0656188 0.138226 0.526346 9.9982E-05 0.0352313 0.0282389 0.0710885 9.9982E-05 0.0939886
0.04412 0.157101 0.032808 0.537926 9.9964E-05 0.0305129 9.9964E-05 0.197132 9.9964E-05 9.9964E-05
9.99549E-05 0.100457 0.100006 0.23202 0.314981 9.99549E-05 0.252037 9.99549E-05 9.99549E-05 9.99549E-05
9.99639E-05 0.0855131 0.0678601 0.161392 0.31245 9.99639E-05 0.227036 9.99639E-05 9.99639E-05 0.145348
0.455352 9.9982E-05 0.01949 0.122093 0.233027 0.047448 0.00961299 0.0878859 0.0248914 9.9982E-05
0.164437 9.9973E-05 0.0830918 9.9973E-05 0.526888 0.141984 0.0532132 0.000907732 0.0291788 9.9973E-05
9.99549E-05 0.106946 9.99549E-05 9.99549E-05 0.00307066 0.18163 0.0472678 0.660586 9.99549E-05 9.99549E-05
0.826706 9.99459E-05 9.99459E-05 9.99459E-05 0.0499695 9.99459E-05 9.99459E-05 0.117682 0.00504263 9.99459E-05
9.9964E-05 0.223991 0.0355402 0.268826 0.287318 9.9964E-05 9.9964E-05 0.179808 0.00411676 9.9964E-05
0.336108 0.0295202 0.063736 9.9982E-05 0.139792 9.9982E-05 0.203272 0.055134 0.122917 0.0493218
9.99369E-05 9.99369E-05 0.00262573 9.99369E-05 9.99369E-05 9.99369E-05 9.99369E-05 0.913113 9.99369E-05 0.0835621
9.9964E-05 9.9964E-05 0.123561 0.0882813 9.9964E-05 0.0177182 0.160195 9.9964E-05 0.106982 0.502862
9.99369E-05 9.99369E-05 9.99369E-05 9.99369E-05 9.99369E-05 0.0331518 9.99369E-05 0.924849 0.0412993 9.99369E-05
0.0813909 0.130018 0.141515 0.023919 0.034716 0.0281603 0.15303 0.212796 0.194355 9.9991E-05
9.9964E-05 9.9964E-05 0.101545 0.464476 0.0669812 9.9964E-05 0.0548416 0.256851 9.9964E-05 0.054906
0.202343 0.229971 9.9982E-05 0.170027 0.0875291 0.016354 0.0996735 0.0317573 0.162145 9.9982E-05
9.9982E-05 0.106837 0.060461 0.159132 0.192955 0.0720444 0.219774 0.14265 9.9982E-05 0.0459472
0.123068 0.172521 0.027195 9.9964E-05 0.106745 9.9964E-05 0.114956 0.455116 9.9964E-05 9.9964E-05
0.167601 0.0542504 0.136644 0.358411 9.9991E-05 0.046734 0.0823768 0.101027 0.0340217 0.0188342
9.9973E-05 0.375655 0.0210827 0.169671 9.9973E-05 9.9973E-05 0.105181 0.0241752 0.298907 0.00502886
9.99371E-05 9.99371E-05 0.0125874 9.99371E-05 9.99371E-05 0.215891 9.99371E-05 0.770823 9.99371E-05 9.99371E-05
9.9964E-05 0.282863 0.00578897 9.9964E-05 0.0675723 9.9964E-05 0.363116 0.185111 0.0951489 9.9964E-05
9.9973E-05 9.9973E-05 0.0594491 0.0100081 0.626493 0.056363 0.0624157 0.1182 9.9973E-05 0.0667707
9.9973E-05 0.128368 0.0560054 9.9973E-05 9.9973E-05 0.129272 0.260244 0.18782 0.171128 0.066863
9.9982E-05 0.314768 9.9982E-05 0.0290049 0.162666 0.0311331 0.0849924 0.169672 0.139296 0.0682676
0.0788209 9.99549E-05 9.99549E-05 0.18608 9.99549E-05 9.99549E-05 9.99549E-05 0.0220024 0.604314 0.108283
0.240023 0.29628 0.0142004 0.0433754 9.9982E-05 0.0487422 9.9982E-05 0.201476 0.0276615 0.128041
0.00892417 0.0354651 9.9937E-05 9.9937E-05 0.954911 9.9937E-05 9.9937E-05 9.9937E-05 9.9937E-05 9.9937E-05
0.0974477 0.26978 0.0691472 0.191986 9.9982E-05 9.9982E-05 0.179589 0.0990823 0.0824006 0.0103672
9.99729E-05 0.469788 0.0709069 9.99729E-05 0.207965 0.0396925 0.0272315 0.0986716 9.99729E-05 0.0854454
0.184703 0.212032 0.119331 0.0161949 9.9982E-05 0.0633018 0.118988 0.275392 0.00985685 9.9982E-05
9.99201E-05 9.99201E-05 9.99201E-05 9.99201E-05 9.99201E-05 9.99201E-05 0.999101 9.99201E-05 9.99201E-05 9.99201E-05
0.0894317 0.325054 9.9964E-05 0.203263 9.9964E-05 0.127307 0.247481 9.9964E-05 0.00706359 9.9964E-05
9.9946E-05 9.9946E-05 9.9946E-05 9.9946E-05 0.318025 0.102997 0.179835 0.398542 9.9946E-05 9.9946E-05
0.274003 0.0526509 0.0545322 0.373202 9.9982E-05 0.0636619 9.9982E-05 0.0519349 0.126781 0.00303481
9.9982E-05 0.144251 0.0800744 0.252088 0.117575 0.000847313 0.0662261 0.00444475 9.9982E-05 0.334294
9.9982E-05 0.422597 0.0173599 0.0210657 0.21912 0.0335352 9.9982E-05 0.155919 0.0258306 0.104373
9.9973E-05 0.251037 0.0631325 0.212714 0.219439 0.124794 0.0720388 9.9973E-05 0.0565444 9.9973E-05
0.0160683 0.280199 0.0238344 0.281584 0.0822382 0.042388 0.153591 0.00494262 0.043171 0.0719836
0.183338 0.301756 9.9964E-05 9.9964E-05 0.165398 9.9964E-05 0.269769 0.0392983 0.0400409 9.9964E-05
0.112773 9.9946E-05 0.00742956 9.9946E-05 0.842084 9.9946E-05 9.9946E-05 0.0371133 9.9946E-05 9.9946E-05
0.0710826 9.9964E-05 0.0318309 0.333407 0.436657 0.114036 9.9964E-05 0.0125878 9.9964E-05 9.9964E-05
9.9973E-05 0.0240744 9.9973E-05 0.426932 0.10251 9.9973E-05 0.0505364 0.146852 0.0880465 0.160749
0.0619022 0.0334453 0.0300125 0.678871 0.0805078 0.0437893 9.9982E-05 9.9982E-05 0.0179195 0.0533528
9.9964E-05 0.315199 0.0346263 9.9964E-05 0.151309 9.9964E-05 9.9964E-05 0.226319 0.0420406 0.230106
0.146321 0.00644321 0.0873956 0.235764 0.0145262 9.9982E-05 9.9982E-05 0.1633 0.0893198 0.25673
0.303211 0.0433546 0.0744437 9.9982E-05 9.9982E-05 0.0192645 0.150948 0.18009 0.0695843 0.158903
0.164623 9.9973E-05 0.135556 0.473985 9.9973E-05 0.00562704 0.0642052 9.9973E-05 0.0429179 0.112786
0.0519203 0.235771 0.0349006 0.038627 0.104011 0.0234415 0.0334533 9.9991E-05 0.143424 0.334352
9.9964E-05 9.9964E-05 0.0766541 0.172648 0.492434 0.0974224 9.9964E-05 9.9964E-05 0.0856945 0.0747479
0.00272528 9.9973E-05 9.9973E-05 0.317517 0.0783327 0.00841066 9.9973E-05 0.0318475 0.0781562 0.48271
0.00312667 0.085651 0.144991 0.461683 0.190533 9.9964E-05 9.9964E-05 0.113615 9.9964E-05 9.9964E-05
0.261277 9.99461E-05 9.99461E-05 0.271646 0.261092 9.99461E-05 9.99461E-05 9.99461E-05 9.99461E-05 0.205386
0.153148 0.0303247 0.0467477 0.399451 9.9991E-05 0.06473 0.0354434 0.0726711 0.095082 0.102302
0.183825 0.0172977 0.00154727 0.235371 9.9991E-05 0.0847477 0.0834179 0.173083 0.0630272 0.157583
0.0979649 0.0325443 0.0629441 0.0470502 0.346075 0.121888 0.10154 0.162842 9.9991E-05 0.0270515
9.99201E-05 0.999101 9.99201E-05 9.99201E-05 9.99201E-05 9.99201E-05 9.99201E-05 9.99201E-05 9.99201E-05 9.99201E-05
0.0878029 0.128709 0.118091 0.1966 0.0848638 0.065421 0.0229791 0.267235 0.0281987 9.9991E-05
0.0146698 0.00245286 0.0646748 0.52058 0.119938 9.9973E-05 0.0353902 0.241994 9.9973E-05 9.9973E-05
9.9937E-05 9.9937E-05 0.0506398 9.9937E-05 9.9937E-05 9.9937E-05 0.103124 9.9937E-05 0.845536 9.9937E-05
0.128675 0.199948 9.9973E-05 0.0736175 9.9973E-05 0.152222 0.350217 9.9973E-05 0.0330587 0.0619617
9.9946E-05 9.9946E-05 0.0473233 0.0350863 9.9946E-05 9.9946E-05 0.915747 9.9946E-05 9.9946E-05 0.00124338
9.9964E-05 0.0606082 0.077179 9.9964E-05 0.252543 0.0843299 0.479124 9.9964E-05 0.0458159 9.9964E-05
9.9955E-05 9.9955E-05 0.0443106 0.510845 0.157138 9.9955E-05 9.9955E-05 0.286769 0.000437736 9.9955E-05
9.9955E-05 0.326495 9.9955E-05 0.0253927 9.9955E-05 9.9955E-05 0.340362 0.289044 0.018207 9.9955E-05
9.9982E-05 0.129541 0.0687819 9.9982E-05 0.20903 0.0548713 0.245262 0.0743181 0.108115 0.109881
0.0588001 0.229331 0.0108946 0.0332227 0.274579 0.108748 9.9982E-05 9.9982E-05 0.0829796 0.201245
9.9955E-05 9.9955E-05 0.0561466 9.9955E-05 0.33582 9.9955E-05 0.147779 0.322027 9.9955E-05 0.137728
0.118822 0.0380232 0.103027 0.0720485 9.9982E-05 9.9982E-05 0.108357 0.39608 0.0669716 0.0964712
9.9973E-05 0.182334 0.0221953 0.146623 9.9973E-05 0.0272795 9.9973E-05 0.527266 0.0398478 0.0541535
9.9964E-05 0.0217673 9.9964E-05 9.9964E-05 0.634107 0.0912731 9.9964E-05 0.137967 0.00788679 0.106599
0.217249 0.0632971 0.0531309 0.0692003 0.193022 0.10337 9.9973E-05 9.9973E-05 9.9973E-05 0.300431
0.00653137 0.152292 0.17506 0.121679 0.543422 9.9964E-05 9.9964E-05 9.9964E-05 9.9964E-05 0.000616475
9.99201E-05 0.999101 9.99201E-05 9.99201E-05 9.99201E-05 9.99201E-05 9.99201E-05 9.99201E-05 9.99201E-05 9.99201E-05
9.99279E-05 0.959553 9.99279E-05 0.0396474 9.99279E-05 9.99279E-05 9.99279E-05 9.99279E-05 9.99279E-05 9.99279E-05
9.9937E-05 0.740339 0.0287369 9.9937E-05 0.230225 9.9937E-05 9.9937E-05 9.9937E-05 9.9937E-05 9.9937E-05
0.099035 0.258072 0.148683 0.124946 0.131735 0.00111545 0.154185 0.0448493 0.0202032 0.0171766
0.194126 0.128741 0.0455557 0.50328 9.9973E-05 0.0117604 0.0913558 0.0248799 9.9973E-05 9.9973E-05
0.0720274 9.9964E-05 9.9964E-05 0.278764 0.427522 0.0207754 9.9964E-05 9.9964E-05 0.149744 0.0507675
0.0917253 0.124921 0.0719125 0.25622 9.9982E-05 0.0535131 9.9982E-05 0.0305356 0.113671 0.257301
9.9964E-05 0.275843 0.119829 0.25703 0.219756 9.9964E-05 9.9964E-05 0.0802877 0.0468546 9.9964E-05
0.246416 0.219208 9.9964E-05 9.9964E-05 0.263224 0.0085577 0.0931193 9.9964E-05 9.9964E-05 0.169075
9.99459E-05 9.99459E-05 0.0101191 0.240184 9.99459E-05 9.99459E-05 0.689896 0.059201 9.99459E-05 9.99459E-05
0.679884 9.9964E-05 0.0772819 0.0371818 0.164776 0.0208752 9.9964E-05 0.0196012 9.9964E-05 9.9964E-05
9.9973E-05 9.9973E-05 0.0425258 9.9973E-05 0.0760126 0.0669878 0.221518 0.295434 0.153728 0.143493
0.343668 0.108047 0.0224303 9.9964E-05 0.272301 9.9964E-05 0.142764 0.11039 9.9964E-05 9.9964E-05
9.9946E-05 9.9946E-05 9.9946E-05 9.9946E-05 9.9946E-05 0.0183999 9.9946E-05 0.0598528 0.85868 0.0624674
0.102393 0.0285256 0.00791058 0.104674 0.436363 0.0601159 9.9973E-05 0.259718 9.9973E-05 9.9973E-05
9.9946E-05 9.9946E-05 0.068115 0.900231 9.9946E-05 0.0286455 0.00240917 9.9946E-05 9.9946E-05 9.9946E-05
0.0458873 0.13974 0.0399959 9.9973E-05 9.9973E-05 9.9973E-05 0.0509519 0.450949 0.0256039 0.246572
9.9955E-05 0.0758376 0.0473022 0.639929 9.9955E-05 0.0553382 0.181094 9.9955E-05 9.9955E-05 9.9955E-05
0.0365898 0.137077 9.9982E-05 0.364161 0.0514143 9.9982E-05 0.290947 0.0261764 0.0852873 0.00814683
0.0190526 0.054879 9.9973E-05 0.0264957 0.395475 0.00628126 0.228395 9.9973E-05 9.9973E-05 0.269121
9.99461E-05 9.99461E-05 9.99461E-05 0.579505 0.339309 0.025518 9.99461E-05 9.99461E-05 9.99461E-05 0.0550679
0.0421559 9.9964E-05 0.105719 9.9964E-05 0.18479 9.9964E-05 0.150361 0.117554 0.39902 9.9964E-05
0.096466 0.145001 9.9964E-05 0.203997 9.9964E-05 9.9964E-05 9.9964E-05 0.215594 0.296866 0.0416766
0.073715 0.0333307 0.0607303 0.149803 0.107163 9.9991E-05 0.225043 0.166102 0.172774 0.011239
9.99201E-05 9.99201E-05 9.99201E-05 9.99201E-05 9.99201E-05 9.99201E-05 9.99201E-05 9.99201E-05 0.999101 9.99201E-05
0.0599433 0.0546662 0.0514804 0.101955 9.9991E-05 0.100807 0.0308035 0.363584 0.000597998 0.236063
9.99459E-05 9.99459E-05 0.0150566 9.99459E-05 0.0200936 0.935192 0.0290586 9.99459E-05 9.99459E-05 9.99459E-05
0.429897 9.9973E-05 0.0188366 9.9973E-05 9.9973E-05 0.0899949 0.217043 0.145616 0.0402674 0.0580443
0.071494 9.99639E-05 9.99639E-05 0.405977 0.0207353 0.0122051 9.99639E-05 0.227737 9.99639E-05 0.261452
0.0869415 0.0315557 9.9982E-05 0.240423 0.115015 0.0118893 0.207931 0.218531 9.9982E-05 0.0875143
9.9955E-05 0.0996122 9.9955E-05 0.25477 9.9955E-05 0.120224 0.309831 0.215063 9.9955E-05 9.9955E-05
0.00805603 0.158011 0.0354325 0.120124 0.20751 0.0438433 9.9991E-05 0.21295 0.170341 0.0436314
0.142207 0.147374 0.013984 9.9982E-05 0.0128986 0.0134393 0.270615 0.227842 9.9982E-05 0.171441
0.0438453 0.0832043 0.069055 0.429475 9.9982E-05 0.147138 0.0952861 0.0264275 9.9982E-05 0.10537
0.174737 0.041334 0.0688083 0.21113 0.377513 9.9964E-05 9.9964E-05 9.9964E-05 0.126077 9.9964E-05
0.15822 0.0917933 9.9991E-05 0.235258 0.0523481 0.0501342 0.0236678 0.0225983 0.0928099 0.273071
9.9982E-05 0.0530282 0.0461049 0.168589 0.0456902 0.00345173 0.00249414 0.176658 0.503784 9.9982E-05
9.9964E-05 9.9964E-05 9.9964E-05 0.746414 0.0444611 0.0076316 9.9964E-05 0.0736974 0.0875999 0.039796
9.99201E-05 9.99201E-05 9.99201E-05 9.99201E-05 9.99201E-05 9.99201E-05 9.99201E-05 9.99201E-05 0.999101 9.99201E-05
0.0754489 9.9982E-05 9.9982E-05 0.159423 0.10846 0.146523 0.0168287 0.43427 0.00795085 0.0508952
9.9964E-05 0.144713 0.103165 9.9964E-05 0.21069 0.0149758 0.492134 9.9964E-05 9.9964E-05 0.0339221
0.251241 0.382529 0.0259534 0.287948 0.0173498 9.9964E-05 9.9964E-05 9.9964E-05 0.0345791 9.9964E-05
0.168455 9.9964E-05 0.120462 9.9964E-05 0.256642 0.00518846 0.177478 0.271374 9.9964E-05 9.9964E-05
9.9964E-05 0.302556 0.0802208 9.9964E-05 0.288105 0.0342685 0.188257 9.9964E-05 0.106192 9.9964E-05
9.9964E-05 0.0056991 0.150176 9.9964E-05 9.9964E-05 0.0316016 0.171727 0.218175 0.422221 9.9964E-05
9.9964E-05 0.19769 0.0705658 0.0148098 0.52949 9.9964E-05 9.9964E-05 0.0361538 0.150891 9.9964E-05
0.378034 0.113733 9.9964E-05 0.187803 9.9964E-05 0.0274603 9.9964E-05 0.138877 9.9964E-05 0.153692
0.0904419 0.0870346 0.0282757 0.275713 0.0868189 0.050625 9.9982E-05 0.229386 0.151505 9.9982E-05
0.0817412 0.0150494 0.0171521 0.32463 0.0241695 9.9973E-05 9.9973E-05 0.436408 9.9973E-05 0.10055
0.0457707 9.9964E-05 0.0353322 0.179082 0.189553 9.9964E-05 0.0701505 0.479711 9.9964E-05 9.9964E-05
0.00685468 0.217337 9.9991E-05 0.350074 0.0715662 0.0396815 0.0193673 0.0633615 0.168564 0.0630938
0.760738 0.176686 0.00218627 0.0241673 9.9955E-05 9.9955E-05 9.9955E-05 9.9955E-05 9.9955E-05 0.035723
0.0541652 0.0844985 9.9982E-05 9.9982E-05 0.242136 0.0396373 0.153098 0.20929 0.190542 0.026433
0.000158374 9.9973E-05 0.0393693 0.0440806 0.293211 9.9973E-05 0.493062 0.115605 0.014214 9.9973E-05
9.9964E-05 0.170392 0.119507 0.534863 0.108036 9.9964E-05 9.9964E-05 9.9964E-05 0.036532 0.0302712
0.293538 0.122629 0.0374704 0.22258 9.9982E-05 0.0285059 9.9982E-05 0.00794744 0.227068 0.0600613
0.0032822 0.239162 0.0650127 0.0934627 0.0467744 9.9991E-05 0.0264714 0.307134 0.193501 0.0251
0.0933875 9.9964E-05 0.012314 0.337042 0.365212 0.0558944 0.13575 9.9964E-05 9.9964E-05 9.9964E-05
0.235792 0.0284164 0.16769 0.160724 0.306158 0.0547121 0.0233752 0.0229315 9.9982E-05 9.9982E-05
0.192764 9.99369E-05 9.99369E-05 9.99369E-05 9.99369E-05 9.99369E-05 9.99369E-05 0.00503893 9.99369E-05 0.801497
9.99201E-05 9.99201E-05 9.99201E-05 9.99201E-05 9.99201E-05 9.99201E-05 9.99201E-05 9.99201E-05 9.99201E-05 0.999101
0.140657 0.0313509 0.0606842 0.293744 0.327645 0.0120355 0.0170969 0.0403075 0.0157317 0.060747
0.191834 0.6106 0.0105119 0.027702 9.9964E-05 0.107442 0.051511 9.9964E-05 9.9964E-05 9.9964E-05
0.244723 0.0313448 0.0890209 0.0920844 0.48158 0.03169 0.0292563 9.9973E-05 9.9973E-05 9.9973E-05
0.161308 0.267182 0.0484132 9.9964E-05 9.9964E-05 0.0517849 9.9964E-05 0.3645 9.9964E-05 0.106411
0.0466784 0.257215 9.9973E-05 0.388978 0.0165222 0.103674 0.0269893 9.9973E-05 0.159643 9.9973E-05
0.034729 9.9982E-05 0.0474384 0.00226302 0.603775 0.00480784 0.12819 0.1397 9.9982E-05 0.038896
9.9982E-05 0.149661 0.104891 0.35751 9.9982E-05 0.0876993 0.0789131 0.110511 0.00381074 0.106804
9.99639E-05 9.99639E-05 0.0853619 0.0163924 0.0528354 9.99639E-05 0.255833 0.268221 0.320957 9.99639E-05
9.9973E-05 9.9973E-05 0.0250043 0.186494 0.223253 0.0607719 0.223527 0.192164 9.9973E-05 0.0884858
9.99201E-05 9.99201E-05 0.999101 9.99201E-05 9.99201E-05 9.99201E-05 9.99201E-05 9.99201E-05 9.99201E-05 9.99201E-05
9.9973E-05 0.105105 0.0293852 9.9973E-05 0.0943166 0.113749 0.614022 0.0104077 9.9973E-05 0.0327136
9.9964E-05 0.100892 0.0349567 0.327697 9.9964E-05 0.192314 0.134367 9.9964E-05 9.9964E-05 0.209373
0.999101 9.99201E-05 9.99201E-05 9.99201E-05 9.99201E-05 9.99201E-05 9.99201E-05 9.99201E-05 9.99201E-05 9.99201E-05
0.12603 0.0204297 0.0468122 0.38387 0.0423513 0.162017 0.0861743 9.9982E-05 9.9982E-05 0.132115
0.283301 0.0197185 0.103729 9.9973E-05 0.397162 9.9973E-05 0.0872368 9.9973E-05 0.00205377 0.106498
0.0033611 0.0903297 0.0258003 0.0284599 0.478353 9.9973E-05 9.9973E-05 0.232801 9.9973E-05 0.140596
0.902249 0.0136522 0.0222382 9.99459E-05 9.99459E-05 9.99459E-05 0.0612614 9.99459E-05 9.99459E-05 9.99459E-05
0.0881388 0.132533 0.0745846 9.9991E-05 0.117275 0.0321642 0.123551 0.0780309 0.180586 0.173036
0.0658067 0.291636 0.064342 0.283942 0.0653587 9.9982E-05 0.101785 0.11439 9.9982E-05 0.0125386
0.114524 0.0742537 0.0370016 0.162243 0.0523779 9.9991E-05 0.181079 0.107782 0.10557 0.165068
9.9937E-05 9.9937E-05 9.9937E-05 9.9937E-05 9.9937E-05 9.9937E-05 0.756645 9.9937E-05 0.154512 0.0881432
9.9973E-05 0.139101 0.0712638 0.397212 0.116844 0.0256968 9.9973E-05 0.115012 0.134571 9.9973E-05
0.0562692 0.140388 0.0631969 0.0678385 0.00561071 0.0790012 0.260553 0.326942 9.9982E-05 9.9982E-05
9.99201E-05 9.99201E-05 0.999101 9.99201E-05 9.99201E-05 9.99201E-05 9.99201E-05 9.99201E-05 9.99201E-05 9.99201E-05
0.163298 9.99729E-05 0.434662 0.113169 0.0450688 9.99729E-05 0.0382163 0.177032 9.99729E-05 0.0282536
9.9964E-05 0.160213 9.9964E-05 0.269119 0.12964 0.0130611 0.0826957 9.9964E-05 9.9964E-05 0.344871
0.0412689 0.159266 0.0515485 0.109774 0.172118 0.044744 0.182235 9.9991E-05 0.0735825 0.165363
0.0850973 0.166841 0.0626982 9.9955E-05 0.035565 9.9955E-05 0.649299 9.9955E-05 9.9955E-05 9.9955E-05
0.0446292 0.348152 0.0746766 9.99729E-05 0.0832802 9.99729E-05 0.193019 0.229738 9.99729E-05 0.0262055
9.9964E-05 9.9964E-05 0.113261 0.307009 0.186408 0.12106 9.9964E-05 0.118265 9.9964E-05 0.153598
9.99201E-05 9.99201E-05 9.99201E-05 9.99201E-05 9.99201E-05 9.99201E-05 9.99201E-05 9.99201E-05 9.99201E-05 0.999101
0.302355 0.314243 0.101214 9.9982E-05 0.0720261 9.9982E-05 0.0844414 0.0962797 0.0210185 0.00822223
0.179601 0.145931 9.99729E-05 0.205948 0.105206 9.99729E-05 9.99729E-05 0.121327 0.108137 0.13355
0.154178 0.0361792 0.0728677 0.0787357 0.0313303 0.0797163 9.9991E-05 0.170618 0.16107 0.215205
9.9964E-05 0.0356206 0.106846 0.513709 9.9964E-05 0.0345424 0.163399 9.9964E-05 0.145483 9.9964E-05
9.9955E-05 0.0621401 0.00716807 9.9955E-05 0.234019 0.0287767 9.9955E-05 9.9955E-05 9.9955E-05 0.667397
0.0668288 0.309703 0.165927 0.247356 0.0175122 9.9982E-05 0.0288985 0.0757744 9.9982E-05 0.0878004
0.0437779 0.151036 9.9955E-05 0.543001 9.9955E-05 0.125323 9.9955E-05 0.136363 9.9955E-05 9.9955E-05
0.218732 9.9964E-05 0.0539519 0.465734 9.9964E-05 0.00804269 0.0508926 0.202248 9.9964E-05 9.9964E-05
0.422315 9.9982E-05 9.9982E-05 0.0426073 0.0697858 0.119711 0.0667787 0.0192504 0.049805 0.209547
9.9928E-05 9.9928E-05 9.9928E-05 9.9928E-05 9.9928E-05 0.994505 9.9928E-05 0.00469588 9.9928E-05 9.9928E-05
9.9964E-05 9.9964E-05 9.9964E-05 0.176999 0.504895 0.0374692 9.9964E-05 0.141532 0.0138855 0.12482
9.9928E-05 9.9928E-05 9.9928E-05 9.9928E-05 9.9928E-05 9.9928E-05 9.9928E-05 0.953272 0.0459285 9.9928E-05
0.0979071 0.144942 0.1004 9.9982E-05 0.0064098 0.000517821 0.151643 0.430918 0.0670626 9.9982E-05
0.0426495 0.0901345 0.0523516 9.9982E-05 0.139422 0.0164091 0.300962 9.9982E-05 0.0279166 0.329955
0.0493236 0.0252301 9.99639E-05 0.19961 0.26224 9.99639E-05 0.288912 9.99639E-05 0.174285 9.99639E-05
0.348244 9.9964E-05 9.9964E-05 0.243208 9.9964E-05 0.0291579 0.263978 9.9964E-05 0.0616161 0.0533965
9.99201E-05 9.99201E-05 9.99201E-05 9.99201E-05 9.99201E-05 0.999101 9.99201E-05 9.99201E-05 9.99201E-05 9.99201E-05
0.0891898 9.9964E-05 0.0963627 0.629761 0.156051 9.9964E-05 0.00404834 9.9964E-05 9.9964E-05 0.0241872
0.0147736 9.9982E-05 0.0835575 0.00483077 9.9982E-05 0.179061 0.26693 0.187315 0.0761622 0.187169
0.0482216 0.212936 0.0266048 0.515275 9.99639E-05 9.99639E-05 0.178401 9.99639E-05 0.0181617 9.99639E-05
0.0744504 0.0256598 0.00411894 9.9982E-05 0.507497 9.9982E-05 0.129496 0.0180171 0.0389959 0.201565
