9.9982E-05 0.272815 0.0375558 9.9982E-05 0.0418285 0.391254 0.0458354 0.210511
9.9973E-05 0.140942 0.514083 9.9973E-05 0.0368722 0.050799 9.9973E-05 0.257004
0.159577 9.99821E-05 0.0112246 9.99821E-05 0.0974856 0.325652 0.30977 0.0960905
0.0559151 0.0204461 9.99732E-05 9.99732E-05 0.0558191 0.81021 0.0573097 9.99732E-05
9.99821E-05 0.0458263 0.115617 0.066287 0.346449 0.420853 9.99821E-05 0.00476856
9.99505E-05 9.99505E-05 9.99505E-05 0.0544438 9.99505E-05 0.944957 9.99505E-05 9.99505E-05
9.99731E-05 9.99731E-05 0.356329 0.110294 0.0270241 0.0128948 9.99731E-05 0.493158
9.99552E-05 9.99552E-05 0.11525 9.99552E-05 9.99552E-05 0.48054 9.99552E-05 0.40371
9.99553E-05 9.99553E-05 9.99553E-05 9.99553E-05 0.0427413 9.99553E-05 0.682495 0.274264
0.312836 9.99641E-05 9.99641E-05 9.99641E-05 0.0481349 0.0862706 0.552359 9.99641E-05
0.424761 9.99641E-05 0.0389791 9.99641E-05 9.99641E-05 0.184389 0.351472 9.99641E-05
9.999E-05 0.102811 0.188489 0.0714509 0.0301473 0.0942117 0.199962 0.312829
9.99731E-05 9.99731E-05 9.99731E-05 0.0603041 0.0295373 0.285805 0.209346 0.414707
9.99731E-05 0.00115314 0.262848 0.304434 0.0636076 0.367657 9.99731E-05 9.99731E-05
9.99642E-05 0.482147 9.99642E-05 9.99642E-05 9.99642E-05 0.0502015 0.33173 0.135521
9.99642E-05 0.161793 0.0401955 9.99642E-05 0.313987 0.483625 9.99642E-05 9.99642E-05
0.0170273 0.280742 0.143328 0.0167108 9.99821E-05 0.351081 0.190911 9.99821E-05
0.169762 9.99731E-05 0.356782 0.0514054 9.99731E-05 0.21258 0.209171 9.99731E-05
9.99641E-05 0.38942 9.99641E-05 9.99641E-05 9.99641E-05 0.0713131 0.242883 0.295984
0.146419 9.99732E-05 9.99732E-05 9.99732E-05 0.138646 0.380785 0.0516544 0.282196
0.494039 9.99642E-05 0.227914 9.99642E-05 0.107004 9.99642E-05 0.170643 9.99642E-05
0.0870903 0.301966 9.9991E-05 0.0187919 0.216221 0.0122968 0.1883 0.175233
0.09385 0.00113671 0.0894472 0.00714279 0.014479 0.674846 0.0350201 0.0840781
9.99731E-05 0.0594455 0.294116 0.0950361 0.451045 0.100057 9.99731E-05 9.99731E-05
0.356518 9.99821E-05 0.144613 0.00871028 0.154872 0.172325 9.99821E-05 0.162761
9.9973E-05 0.325222 0.108136 9.9973E-05 0.137509 0.392439 9.9973E-05 0.0363942
9.99641E-05 0.182988 0.202517 9.99641E-05 0.173598 9.99641E-05 0.440497 9.99641E-05
0.152814 0.327303 0.22634 9.99642E-05 9.99642E-05 0.293143 9.99642E-05 9.99642E-05
0.387306 9.9973E-05 9.9973E-05 0.0588222 9.9973E-05 0.0649076 0.0660137 0.422651
0.0307138 9.99731E-05 9.99731E-05 0.156971 0.728908 9.99731E-05 0.0706162 0.0124909
0.0496652 0.175917 0.522622 0.191146 9.99731E-05 0.0603506 9.99731E-05 9.99731E-05
9.99731E-05 9.99731E-05 0.21694 0.0973932 0.0599861 0.0500045 9.99731E-05 0.575376
0.167823 9.99732E-05 9.99732E-05 0.014519 0.187288 9.99732E-05 0.452842 0.177227
9.99641E-05 9.99641E-05 0.0872914 9.99641E-05 0.114804 0.248403 9.99641E-05 0.549102
9.99462E-05 9.99462E-05 9.99462E-05 9.99462E-05 0.134694 0.864706 9.99462E-05 9.99462E-05
9.99642E-05 9.99642E-05 9.99642E-05 0.0857894 9.99642E-05 0.555907 0.317038 0.0408658
9.99554E-05 9.99554E-05 0.382158 9.99554E-05 9.99554E-05 0.442657 9.99554E-05 0.174685
0.289781 9.9982E-05 0.0415243 9.9982E-05 0.212936 0.186545 0.0159745 0.253039
9.99642E-05 9.99642E-05 0.321175 9.99642E-05 0.041402 0.186803 9.99642E-05 0.45022
0.106701 0.0145681 9.99641E-05 9.99641E-05 9.99641E-05 0.706063 9.99641E-05 0.172269
0.0443714 0.150546 0.196028 9.99732E-05 0.0257048 9.99732E-05 0.58305 9.99732E-05
0.0777674 9.99731E-05 0.451074 9.99731E-05 0.0463094 9.99731E-05 0.250712 0.173837
0.0572943 9.9982E-05 0.0782537 0.265623 9.9982E-05 0.399158 0.0167666 0.182705
0.111572 0.176963 9.99643E-05 9.99643E-05 9.99643E-05 0.707972 0.0030931 9.99643E-05
0.15534 9.99642E-05 0.113907 9.99642E-05 0.0379327 9.99642E-05 9.99642E-05 0.69242
9.99643E-05 0.0715252 9.99643E-05 9.99643E-05 9.99643E-05 0.391869 0.182429 0.353778
9.99551E-05 9.99551E-05 9.99551E-05 9.99551E-05 9.99551E-05 0.0302303 0.553879 0.415391
9.9955E-05 9.9955E-05 0.00287551 9.9955E-05 9.9955E-05 0.307404 0.689221 9.9955E-05
9.99643E-05 0.0890375 9.99643E-05 9.99643E-05 9.99643E-05 0.00101857 0.421006 0.488538
9.99552E-05 9.99552E-05 0.0711851 9.99552E-05 9.99552E-05 0.613838 9.99552E-05 0.314477
9.99551E-05 0.161972 9.99551E-05 9.99551E-05 0.193917 0.643611 9.99551E-05 9.99551E-05
0.386819 9.9991E-05 0.257568 0.155383 0.0671434 0.0650161 0.0487927 0.0191786
9.99641E-05 0.038633 9.99641E-05 9.99641E-05 0.108238 0.404073 0.448656 9.99641E-05
0.0698168 0.152725 9.99731E-05 9.99731E-05 0.0393127 0.355937 9.99731E-05 0.381908
9.99551E-05 0.116918 9.99551E-05 0.879947 9.99551E-05 9.99551E-05 0.0026348 9.99551E-05
9.99551E-05 0.504311 0.11071 0.384479 9.99551E-05 9.99551E-05 9.99551E-05 9.99551E-05
0.123264 0.146141 9.9973E-05 0.355145 0.192527 0.182623 9.9973E-05 9.9973E-05
9.994E-05 9.994E-05 9.994E-05 0.9993 9.994E-05 9.994E-05 9.994E-05 9.994E-05
0.172699 0.0753481 0.432654 0.10861 9.9991E-05 0.119742 0.0221415 0.0687044
0.132008 9.99641E-05 0.0113434 9.99641E-05 9.99641E-05 0.629793 0.226456 9.99641E-05
0.10843 0.292334 9.99731E-05 0.00808055 9.99731E-05 0.515781 0.0750736 9.99731E-05
9.99641E-05 9.99641E-05 0.608946 9.99641E-05 0.0765741 0.0371783 0.276902 9.99641E-05
9.9973E-05 0.186828 9.9973E-05 0.0706721 0.0890323 0.126339 0.526829 9.9973E-05
0.104459 9.99641E-05 0.146191 9.99641E-05 0.520837 9.99641E-05 9.99641E-05 0.228113
9.99731E-05 9.99731E-05 9.99731E-05 0.2325 0.11013 0.263238 0.0536716 0.340161
9.99642E-05 0.0553094 9.99642E-05 9.99642E-05 0.0123223 9.99642E-05 0.490551 0.441418
9.99552E-05 9.99552E-05 9.99552E-05 0.0959593 9.99552E-05 0.833392 9.99552E-05 0.0701493
9.9982E-05 0.154261 0.332395 9.9982E-05 0.0147642 0.0336901 0.146065 0.318625
9.9962E-05 0.376142 0.135049 9.9962E-05 9.9962E-05 9.9962E-05 9.9962E-05 0.488309
0.196264 0.118111 0.217818 0.0151342 9.99821E-05 9.99821E-05 0.138393 0.31408
0.0839319 9.99821E-05 0.351806 0.174146 9.99821E-05 0.146318 0.159722 0.0838761
9.99641E-05 0.142443 0.28369 9.99641E-05 9.99641E-05 9.99641E-05 0.417959 0.155509
9.99554E-05 9.99554E-05 0.378649 0.26187 9.99554E-05 0.358981 9.99554E-05 9.99554E-05
9.99821E-05 0.226997 0.256442 9.99821E-05 0.0210988 0.0642663 0.0212696 0.409726
9.99643E-05 9.99643E-05 0.0141216 0.0169422 9.99643E-05 0.681966 9.99643E-05 0.28657
9.99731E-05 0.0541274 0.275342 0.112198 9.99731E-05 9.99731E-05 0.378548 0.179484
9.99464E-05 0.976826 9.99464E-05 9.99464E-05 0.022574 9.99464E-05 9.99464E-05 9.99464E-05
0.36888 9.99641E-05 0.432056 9.99641E-05 9.99641E-05 9.99641E-05 0.162075 0.0365898
0.242473 0.123426 0.0831828 9.99821E-05 9.99821E-05 0.217728 0.155482 0.177509
0.0494686 0.323146 0.00214881 0.00242265 0.0629501 0.515208 0.0445557 9.9991E-05
9.99642E-05 0.110139 0.112469 9.99642E-05 9.99642E-05 0.748077 9.99642E-05 0.0289157
0.0819704 0.18049 9.9991E-05 0.270638 0.160976 0.0171219 0.0477452 0.24096
0.172437 9.99732E-05 0.193337 0.064469 9.99732E-05 0.256396 9.99732E-05 0.313061
0.200077 0.0598443 9.99731E-05 0.0813121 0.0925484 9.99731E-05 9.99731E-05 0.565919
9.997E-05 9.997E-05 0.198277 9.997E-05 0.0869271 0.322088 0.245056 0.147351
9.9964E-05 0.0605711 0.0492283 9.9964E-05 9.9964E-05 0.631663 0.258137 9.9964E-05
0.0610651 9.99821E-05 0.0542737 0.00925632 9.99821E-05 0.255997 0.271627 0.347582
9.99731E-05 9.99731E-05 9.99731E-05 0.0490706 0.462993 0.40681 0.0409008 0.0399252
0.328381 0.0332386 0.035571 9.99821E-05 0.0919857 0.0180047 9.99821E-05 0.492619
0.110802 0.10757 9.9982E-05 0.0181395 0.106404 9.9982E-05 0.0863665 0.570517
9.99462E-05 0.243162 9.99462E-05 9.99462E-05 0.756238 9.99462E-05 9.99462E-05 9.99462E-05
9.99821E-05 9.99821E-05 0.246109 0.225148 0.112758 0.269138 0.100505 0.0461426
9.99553E-05 9.99553E-05 9.99553E-05 9.99553E-05 0.096632 9.99553E-05 0.576756 0.326112
0.22757 9.99552E-05 9.99552E-05 9.99552E-05 9.99552E-05 0.573151 0.198779 9.99552E-05
9.99731E-05 9.99731E-05 0.155043 0.00173421 0.0547951 9.99731E-05 0.548596 0.239531
0.0217147 9.99731E-05 0.0373257 9.99731E-05 9.99731E-05 0.519348 0.353053 0.0682588
9.99641E-05 9.99641E-05 9.99641E-05 0.0778804 0.123446 0.435465 0.362809 9.99641E-05
9.99731E-05 0.112401 9.99731E-05 0.0639354 9.99731E-05 0.0102482 0.573435 0.23968
9.99641E-05 9.99641E-05 9.99641E-05 0.00105891 0.373084 0.620296 9.99641E-05 0.00516149
0.0938411 9.99641E-05 0.273787 9.99641E-05 0.333687 0.298285 9.99641E-05 9.99641E-05
0.00592527 9.99731E-05 0.476673 0.211144 0.18908 9.99731E-05 0.116877 9.99731E-05
0.00786299 9.99463E-05 9.99463E-05 9.99463E-05 0.991537 9.99463E-05 9.99463E-05 9.99463E-05
0.480105 9.99732E-05 0.161345 9.99732E-05 0.104898 9.99732E-05 0.212719 0.0406332
0.882186 9.99461E-05 9.99461E-05 9.99461E-05 9.99461E-05 0.117214 9.99461E-05 9.99461E-05
9.99641E-05 0.0174201 9.99641E-05 9.99641E-05 9.99641E-05 0.591902 0.0178902 0.372387
9.99731E-05 0.037466 9.99731E-05 9.99731E-05 0.149242 0.163254 0.286882 0.362857
9.9973E-05 9.9973E-05 0.0407875 0.354888 9.9973E-05 0.0266989 0.0531512 0.524175
0.114459 0.0224982 9.99732E-05 9.99732E-05 9.99732E-05 0.680968 0.0205862 0.161188
0.0100944 0.12524 0.12459 0.0764519 9.99731E-05 9.99731E-05 9.99731E-05 0.663324
0.332982 9.99642E-05 0.0885502 9.99642E-05 0.110646 9.99642E-05 9.99642E-05 0.467422
9.99643E-05 9.99643E-05 0.312207 9.99643E-05 0.399988 9.99643E-05 0.0100289 0.277376
9.99642E-05 0.21378 0.101491 9.99642E-05 9.99642E-05 0.451284 9.99642E-05 0.233045
0.0102053 0.178852 9.99642E-05 0.242917 0.567626 9.99642E-05 9.99642E-05 9.99642E-05
0.275202 9.99642E-05 9.99642E-05 0.0401414 9.99642E-05 0.364685 9.99642E-05 0.319571
9.99462E-05 9.99462E-05 9.99462E-05 9.99462E-05 0.974846 9.99462E-05 0.0245541 9.99462E-05
0.0894245 0.338663 0.0615694 0.284196 9.99731E-05 9.99731E-05 0.225847 9.99731E-05
9.99642E-05 0.347744 9.99642E-05 9.99642E-05 9.99642E-05 0.392025 0.203103 0.0567285
0.00601134 9.99731E-05 9.99731E-05 0.0940599 0.16905 9.99731E-05 0.222917 0.507662
0.274638 0.37425 0.0826171 9.9964E-05 0.268095 9.9964E-05 9.9964E-05 9.9964E-05
0.0594892 0.0193758 0.0950406 9.99731E-05 9.99731E-05 0.533086 9.99731E-05 0.292708
9.9982E-05 0.139867 0.0146745 0.00565748 0.522571 0.28786 0.0291702 9.9982E-05
9.99642E-05 9.99642E-05 0.0759464 0.215384 9.99642E-05 0.581663 9.99642E-05 0.126607
9.99552E-05 9.99552E-05 9.99552E-05 0.14795 9.99552E-05 0.573312 9.99552E-05 0.278238
9.99732E-05 9.99732E-05 0.140044 0.27123 9.99732E-05 0.122532 0.0148174 0.451076
0.0410057 0.271893 9.99642E-05 9.99642E-05 9.99642E-05 0.421657 0.265044 9.99642E-05
0.077551 9.997E-05 0.1454 9.997E-05 9.997E-05 0.231236 0.246775 0.298739
0.00663639 0.0794183 9.99642E-05 9.99642E-05 0.0482264 9.99642E-05 0.865319 9.99642E-05
9.99641E-05 0.405942 0.235734 0.0355544 9.99641E-05 0.32237 9.99641E-05 9.99641E-05
0.57713 9.99732E-05 0.0412961 9.99732E-05 0.0278152 0.141631 9.99732E-05 0.211828
9.99731E-05 9.99731E-05 9.99731E-05 0.0322235 0.0911477 0.314402 0.258402 0.303524
0.0219746 0.0829916 0.0290031 0.0500248 9.9991E-05 0.0269145 0.734962 0.0540295
0.105235 9.99731E-05 0.0574976 0.064965 9.99731E-05 0.745943 9.99731E-05 0.0260593
0.161409 9.99731E-05 9.99731E-05 0.0359276 9.99731E-05 0.221066 0.366548 0.21475
0.280742 0.260586 0.227044 9.9982E-05 9.9982E-05 0.0985816 0.0191458 0.1137
0.0165939 9.99731E-05 0.176093 9.99731E-05 9.99731E-05 0.130636 0.647558 0.0288188
9.99552E-05 9.99552E-05 9.99552E-05 0.180554 9.99552E-05 0.31118 9.99552E-05 0.507766
9.99731E-05 0.459387 0.119918 0.00728922 9.99731E-05 0.0924377 9.99731E-05 0.320668
0.142803 9.99554E-05 9.99554E-05 9.99554E-05 9.99554E-05 0.409016 9.99554E-05 0.447681
0.0827716 9.99642E-05 0.0747446 9.99642E-05 9.99642E-05 9.99642E-05 0.118547 0.723537
9.99551E-05 0.518995 9.99551E-05 9.99551E-05 9.99551E-05 0.332747 9.99551E-05 0.147759
0.233394 0.0342109 0.152428 0.178994 9.998E-05 0.350505 9.998E-05 0.0502693
0.226586 9.99821E-05 9.99821E-05 0.0597645 0.106581 0.448969 0.0583601 0.0995397
9.99731E-05 0.073705 0.136695 9.99731E-05 9.99731E-05 0.19272 0.503153 0.0934266
0.211471 9.99642E-05 9.99642E-05 0.172776 0.074317 9.99642E-05 0.541036 9.99642E-05
0.0460753 0.156945 0.0543451 9.9991E-05 0.406284 0.208059 0.108251 0.0199412
9.9982E-05 0.0890669 0.000264954 0.0193342 0.0203723 0.275877 9.9982E-05 0.594885
9.994E-05 9.994E-05 0.9993 9.994E-05 9.994E-05 9.994E-05 9.994E-05 9.994E-05
0.178092 9.99821E-05 9.99821E-05 0.0432703 0.0180559 0.461196 0.215225 0.0839611
9.997E-05 9.997E-05 0.211008 0.262751 0.19999 0.172057 9.997E-05 0.153895
0.0562224 0.324597 0.580753 9.99731E-05 9.99731E-05 9.99731E-05 0.0281885 0.00993957
0.161838 9.99552E-05 0.187166 9.99552E-05 9.99552E-05 9.99552E-05 9.99552E-05 0.650496
9.99552E-05 0.278588 9.99552E-05 9.99552E-05 9.99552E-05 0.183995 0.536917 9.99552E-05
9.9973E-05 0.123555 0.0690867 0.395841 9.9973E-05 0.250684 9.9973E-05 0.160534
0.0743672 0.17188 0.155717 9.9991E-05 0.00797548 0.272515 0.122645 0.1948
9.99642E-05 9.99642E-05 0.563553 0.0383353 0.13722 9.99642E-05 9.99642E-05 0.260492
0.190601 0.141207 0.0805354 9.99732E-05 9.99732E-05 0.321314 0.266042 9.99732E-05
0.457243 9.99731E-05 0.0153757 0.164126 9.99731E-05 0.192689 9.99731E-05 0.170266
0.0521102 0.0381688 9.99732E-05 0.316458 9.99732E-05 0.172727 0.420236 9.99732E-05
9.99552E-05 0.240152 9.99552E-05 9.99552E-05 9.99552E-05 0.279563 9.99552E-05 0.479786
0.0770037 0.0289109 0.172432 9.99821E-05 0.132072 0.0187632 9.99821E-05 0.570619
9.994E-05 9.994E-05 0.9993 9.994E-05 9.994E-05 9.994E-05 9.994E-05 9.994E-05
9.99731E-05 0.00799177 0.136199 9.99731E-05 9.99731E-05 0.177393 0.194458 0.483659
9.99552E-05 9.99552E-05 0.132629 9.99552E-05 9.99552E-05 0.511146 9.99552E-05 0.355726
9.99551E-05 0.370533 0.23176 9.99551E-05 9.99551E-05 9.99551E-05 0.397207 9.99551E-05
9.99643E-05 9.99643E-05 0.0348469 9.99643E-05 9.99643E-05 0.0490749 0.756565 0.159113
9.99641E-05 9.99641E-05 9.99641E-05 9.99641E-05 0.0506175 0.576785 0.17826 0.193938
9.99821E-05 0.241028 0.0877077 0.317802 0.0135271 0.311478 0.0282571 9.99821E-05
9.99463E-05 0.459796 9.99463E-05 9.99463E-05 9.99463E-05 9.99463E-05 9.99463E-05 0.539605
9.99642E-05 9.99642E-05 0.489477 0.402615 9.99642E-05 0.0433724 9.99642E-05 0.0641361
9.9964E-05 9.9964E-05 9.9964E-05 9.9964E-05 0.0535501 0.544065 0.285902 0.116082
0.0728663 0.348863 9.99731E-05 9.99731E-05 0.0531558 0.155762 9.99731E-05 0.369053
0.0736658 0.0668933 0.00890828 0.105715 9.99821E-05 0.46512 9.99821E-05 0.279498
0.0709222 0.269456 0.0541869 0.307223 9.9982E-05 0.267299 0.0307134 9.9982E-05
0.0271789 0.0153759 0.0107074 9.9991E-05 0.181978 0.594397 0.121756 0.0485066
0.0139955 0.312993 9.99553E-05 9.99553E-05 9.99553E-05 0.672512 9.99553E-05 9.99553E-05
9.99551E-05 0.118386 9.99551E-05 0.396421 9.99551E-05 9.99551E-05 9.99551E-05 0.484693
9.99732E-05 9.99732E-05 0.0427103 9.99732E-05 0.183739 0.204204 0.215552 0.353494
0.627348 9.99462E-05 9.99462E-05 0.372052 9.99462E-05 9.99462E-05 9.99462E-05 9.99462E-05
0.159364 9.99732E-05 0.0290406 9.99732E-05 9.99732E-05 0.360692 0.115877 0.334727
0.0906884 0.0268987 9.99643E-05 9.99643E-05 9.99643E-05 0.25302 0.628993 9.99643E-05
9.99732E-05 0.0474676 0.151361 0.00190089 9.99732E-05 0.171979 0.626992 9.99732E-05
0.0120245 9.99821E-05 0.204274 0.107007 0.0106459 9.99821E-05 0.355502 0.310347
9.99731E-05 9.99731E-05 0.0315233 9.99731E-05 0.0397597 0.410286 0.190578 0.327553
9.99643E-05 0.140644 9.99643E-05 0.0663107 9.99643E-05 0.593497 9.99643E-05 0.199148
0.9993 9.994E-05 9.994E-05 9.994E-05 9.994E-05 9.994E-05 9.994E-05 9.994E-05
9.99732E-05 0.41526 9.99732E-05 0.0927585 9.99732E-05 0.186635 0.255652 0.0493947
9.99731E-05 0.0757453 9.99731E-05 0.0203064 9.99731E-05 0.497071 0.0679054 0.338672
0.115019 9.99643E-05 0.248841 9.99643E-05 0.0531296 0.582611 9.99643E-05 9.99643E-05
0.0933389 9.9982E-05 0.0115501 0.207756 0.0346627 0.639528 9.9982E-05 0.0129644
