0.310223 0.470863 0.218914
0.47751 0.259522 0.262968
0.507028 0.277727 0.215246
0.373267 0.506795 0.119938
0.0616847 0.351569 0.586747
0.503554 0.429455 0.066991
0.254411 0.169633 0.575956
0.249923 0.743056 0.00702033
0.0648775 0.0898173 0.845305
0.596154 9.99911E-05 0.403746
0.464893 0.331609 0.203498
9.99911E-05 0.233487 0.766413
0.000986375 0.648116 0.350898
0.245289 0.374696 0.380015
9.99911E-05 0.759235 0.240665
0.30979 0.658283 0.0319272
0.19727 0.589223 0.213507
0.388103 0.168327 0.443571
9.99911E-05 0.449948 0.549952
0.278585 0.721315 9.99911E-05
0.846914 0.059293 0.0937928
0.0643681 0.614967 0.320665
0.467388 0.232393 0.30022
0.731225 9.9991E-05 0.268675
0.65259 0.34731 9.99911E-05
0.317665 0.460293 0.222042
0.440273 9.9991E-05 0.559627
0.0807879 0.573376 0.345836
9.9991E-05 0.851633 0.148267
0.9998 9.999E-05 9.999E-05
9.99911E-05 0.261615 0.738285
9.99911E-05 0.730331 0.269569
0.5045 9.99911E-05 0.4954
0.085891 0.80994 0.104169
0.438263 0.404751 0.156987
0.669414 0.0177176 0.312869
9.99911E-05 0.261653 0.738247
0.616127 0.235942 0.14793
0.131484 0.535475 0.333041
0.14331 0.85659 9.9991E-05
0.459736 9.99911E-05 0.540164
0.359904 9.99911E-05 0.639996
0.431664 0.294957 0.273379
0.125927 0.666694 0.207379
0.197215 0.670062 0.132723
0.188918 0.667842 0.14324
0.292808 0.322354 0.384838
0.177003 0.00330551 0.819692
0.124879 0.681464 0.193657
0.312396 0.6781 0.00950355
0.38263 0.61727 9.9991E-05
0.308054 0.092723 0.599223
0.389497 0.0680608 0.542442
9.999E-05 0.9998 9.999E-05
9.99911E-05 0.305582 0.694318
9.99911E-05 0.213047 0.786853
0.247609 0.41418 0.338212
0.0586244 9.99911E-05 0.941276
9.9991E-05 0.392063 0.607837
0.396727 0.149994 0.453279
0.209822 0.679809 0.110369
0.405529 9.9991E-05 0.594371
0.100808 0.0414095 0.857783
0.911592 0.0883084 9.99911E-05
0.143173 0.307326 0.549501
0.411976 0.184352 0.403672
0.481354 0.422459 0.096187
9.9991E-05 0.409379 0.590521
9.9991E-05 0.715724 0.284176
0.601405 0.00768823 0.390907
0.134667 0.463148 0.402185
0.17837 0.256716 0.564914
9.99911E-05 0.225619 0.774281
0.261259 0.61494 0.123801
0.190992 0.808908 9.99911E-05
9.9991E-05 0.343368 0.656532
0.264514 0.621692 0.113794
0.148264 9.9991E-05 0.851636
0.108098 0.860444 0.0314579
9.9991E-05 0.710249 0.289651
9.99911E-05 0.754454 0.245446
0.297146 0.552573 0.150281
0.261952 0.253466 0.484582
0.573979 0.425921 9.9991E-05
0.502414 0.0894793 0.408107
0.258793 0.337123 0.404084
0.286102 9.99911E-05 0.713798
0.705537 9.99911E-05 0.294363
0.309749 0.690151 9.99911E-05
0.412859 0.382276 0.204865
0.7939 0.206 9.99911E-05
0.416973 9.99911E-05 0.582927
0.223286 0.130203 0.646511
0.610039 0.173468 0.216493
0.18211 9.9991E-05 0.81779
0.0788706 0.531753 0.389376
0.682002 0.0739478 0.24405
0.0615628 0.205883 0.732554
0.482678 0.429595 0.0877269
0.785195 9.9991E-05 0.214705
0.202413 9.99911E-05 0.797487
0.9998 9.999E-05 9.999E-05
0.562303 9.99911E-05 0.437597
0.544563 0.455337 9.99911E-05
0.13135 0.776892 0.0917573
0.196372 0.503921 0.299706
0.209856 0.21511 0.575033
0.236901 0.564891 0.198208
9.99911E-05 0.949494 0.0504056
0.44801 0.55189 9.99911E-05
0.447702 0.0877989 0.464499
0.291956 0.707944 9.99911E-05
0.728628 0.271272 9.99911E-05
0.280817 0.719083 9.99911E-05
0.9998 9.999E-05 9.999E-05
9.99911E-05 0.370805 0.629095
0.270093 0.552666 0.177241
0.281041 0.301069 0.41789
0.132423 0.867477 9.99911E-05
0.362883 0.637017 9.9991E-05
0.68341 0.0708914 0.245698
0.447822 0.239295 0.312883
0.0785313 0.921369 9.9991E-05
0.453613 0.156287 0.390099
0.534127 0.310771 0.155102
0.235803 0.180855 0.583342
0.358702 0.0809291 0.560369
0.0406005 0.898669 0.0607301
0.718935 0.280965 9.99911E-05
0.407559 0.407014 0.185427
9.999E-05 9.999E-05 0.9998
0.414122 0.203819 0.382059
9.9991E-05 0.423584 0.576316
9.9991E-05 0.530149 0.469751
0.37113 9.9991E-05 0.62877
0.328274 0.671626 9.99911E-05
0.0477386 0.952161 9.99911E-05
0.0858295 0.91407 9.99911E-05
9.99911E-05 0.231976 0.767924
0.130095 0.869805 9.9991E-05
9.99911E-05 0.508782 0.491118
0.424402 9.99911E-05 0.575498
0.196358 0.252948 0.550694
0.522516 9.99911E-05 0.477384
0.808065 0.11534 0.0765949
0.0472664 0.785304 0.16743
9.999E-05 9.999E-05 0.9998
0.484389 0.515511 9.9991E-05
0.464058 0.345829 0.190114
9.99911E-05 0.268251 0.731649
9.99911E-05 0.530499 0.469401
0.120837 0.100231 0.778931
0.0553667 0.58198 0.362653
0.0359713 0.287334 0.676694
0.543348 9.99911E-05 0.456552
9.99911E-05 0.530332 0.469568
0.226051 0.508922 0.265026
0.354273 0.206379 0.439347
0.0600669 0.872895 0.0670378
0.373553 0.368196 0.258251
9.999E-05 9.999E-05 0.9998
0.0398479 0.420366 0.539786
0.186466 0.576052 0.237482
0.0362114 0.235374 0.728414
9.99911E-05 0.212953 0.786947
0.331054 0.469121 0.199824
0.137352 0.574509 0.288139
9.999E-05 0.9998 9.999E-05
9.99911E-05 0.0613222 0.938578
0.157892 0.358164 0.483944
0.0730934 0.926807 9.99911E-05
9.99911E-05 0.794854 0.205046
9.99911E-05 0.393979 0.605921
0.48268 0.44406 0.07326
0.216398 0.655207 0.128395
9.99911E-05 0.919807 0.0800927
0.344937 0.500906 0.154157
0.397876 0.56669 0.0354343
0.343134 0.274097 0.382769
0.192655 0.135943 0.671402
0.280515 9.99911E-05 0.719385
0.320174 0.200246 0.479581
0.428849 0.131432 0.43972
0.062132 0.77982 0.158048
0.20312 0.79678 9.99911E-05
9.99911E-05 0.60001 0.39989
0.0591931 0.645535 0.295272
0.215515 0.592625 0.19186
0.341584 0.40636 0.252056
