0.338267 9.99552E-05 0.0390902 9.99552E-05 0.190543 9.99552E-05 0.431599 9.99552E-05 9.99552E-05
9.99641E-05 9.99641E-05 9.99641E-05 0.420486 0.304273 9.99641E-05 0.197533 0.0341131 0.043194
9.99641E-05 0.305895 0.152855 9.99641E-05 0.25999 0.235514 9.99641E-05 0.0453461 9.99641E-05
0.274253 0.119009 0.214917 0.13721 9.99821E-05 0.177559 0.0453118 0.03154 9.99821E-05
9.9955E-05 9.9955E-05 0.112112 9.9955E-05 0.3179 9.9955E-05 9.9955E-05 0.119398 0.45009
9.997E-05 0.270838 0.138651 9.997E-05 0.286648 9.997E-05 0.153587 0.0108627 0.139113
9.99731E-05 9.99731E-05 0.136301 0.0911123 0.197396 0.0932551 9.99731E-05 0.149825 0.331811
0.347982 9.99551E-05 9.99551E-05 9.99551E-05 0.34277 9.99551E-05 0.222817 0.0859312 9.99551E-05
0.447236 9.99642E-05 0.036161 0.0845056 9.99642E-05 0.326084 9.99642E-05 9.99642E-05 0.105614
9.99463E-05 0.103177 9.99463E-05 9.99463E-05 9.99463E-05 0.207249 0.688974 9.99463E-05 9.99463E-05
0.0313427 0.236941 0.0370271 0.0577679 0.206008 0.157701 0.0911887 0.181924 9.9991E-05
0.617843 9.99731E-05 9.99731E-05 0.102936 0.0277878 0.00319829 9.99731E-05 0.137091 0.110844
0.859973 0.0125857 0.0280502 9.99642E-05 9.99642E-05 0.0502573 9.99642E-05 9.99642E-05 0.0487337
9.99641E-05 9.99641E-05 0.100622 0.155343 9.99641E-05 9.99641E-05 0.269734 0.00376215 0.470139
0.0270784 9.99462E-05 9.99462E-05 0.896684 9.99462E-05 9.99462E-05 9.99462E-05 9.99462E-05 0.0756376
0.111685 9.99731E-05 0.343594 0.111681 0.197109 9.99731E-05 0.0856724 0.149959 9.99731E-05
0.0342142 0.154452 9.99641E-05 0.705507 9.99641E-05 9.99641E-05 0.0835409 0.0218865 9.99641E-05
9.996E-05 0.0466452 9.996E-05 0.296263 0.198189 9.996E-05 0.143555 0.314948 9.996E-05
0.472404 9.99551E-05 9.99551E-05 0.230507 0.188222 9.99551E-05 0.108367 9.99551E-05 9.99551E-05
9.9982E-05 0.0399605 0.0249528 0.0718709 0.111916 9.9982E-05 0.515897 0.0919856 0.143217
9.99374E-05 0.1079 9.99374E-05 9.99374E-05 9.99374E-05 9.99374E-05 0.891401 9.99374E-05 9.99374E-05
0.508844 9.99462E-05 0.11613 9.99462E-05 9.99462E-05 0.374426 9.99462E-05 9.99462E-05 9.99462E-05
9.99551E-05 0.176424 0.33037 0.302111 9.99551E-05 9.99551E-05 9.99551E-05 0.190596 9.99551E-05
9.99461E-05 9.99461E-05 0.612598 9.99461E-05 9.99461E-05 9.99461E-05 9.99461E-05 0.131031 0.255771
0.096932 0.141314 0.188277 9.99731E-05 0.14161 0.261751 9.99731E-05 0.169816 9.99731E-05
0.185499 9.9982E-05 0.17218 0.0122987 0.3791 0.0690953 0.15897 0.0226564 9.9982E-05
9.99641E-05 9.99641E-05 9.99641E-05 0.104243 0.111191 0.152126 0.453416 0.178624 9.99641E-05
9.99642E-05 0.153772 9.99642E-05 0.383988 0.308607 9.99642E-05 0.0858496 0.0673831 9.99642E-05
0.399677 0.270129 9.99731E-05 9.99731E-05 0.159993 0.0543962 9.99731E-05 0.0924133 0.0230911
9.99372E-05 9.99372E-05 0.687743 9.99372E-05 9.99372E-05 0.311558 9.99372E-05 9.99372E-05 9.99372E-05
9.99731E-05 0.13436 9.99731E-05 0.0865582 0.213098 9.99731E-05 0.109918 0.305626 0.150139
0.345961 9.99642E-05 0.0952234 9.99642E-05 9.99642E-05 9.99642E-05 0.091091 0.121775 0.34555
9.99463E-05 0.0257442 0.0316688 9.99463E-05 9.99463E-05 0.941987 9.99463E-05 9.99463E-05 9.99463E-05
0.329664 9.99641E-05 0.0524656 9.99641E-05 0.127405 0.126453 9.99641E-05 9.99641E-05 0.363612
9.99551E-05 9.99551E-05 0.300265 9.99551E-05 0.338075 9.99551E-05 0.0684195 0.29274 9.99551E-05
9.99374E-05 9.99374E-05 9.99374E-05 9.99374E-05 9.99374E-05 9.99374E-05 0.883799 9.99374E-05 0.115501
9.99463E-05 0.00755813 9.99463E-05 9.99463E-05 0.637424 9.99463E-05 9.99463E-05 0.354418 9.99463E-05
9.99821E-05 0.292435 0.239305 0.10335 0.00808658 0.264751 0.0108785 0.0809938 9.99821E-05
0.294356 9.99642E-05 0.0920406 9.99642E-05 0.189653 9.99642E-05 0.265356 0.158195 9.99642E-05
0.503597 0.24073 0.10841 0.00562729 9.99641E-05 9.99641E-05 9.99641E-05 0.141236 9.99641E-05
9.99464E-05 9.99464E-05 0.236496 0.517118 9.99464E-05 9.99464E-05 0.245786 9.99464E-05 9.99464E-05
9.99642E-05 9.99642E-05 9.99642E-05 0.0365949 9.99642E-05 0.650338 0.076244 0.125655 0.110769
0.0982891 0.076113 0.00764297 0.022431 0.151498 0.0502193 0.342032 0.00704399 0.244732
0.151502 9.99821E-05 0.106639 0.347773 0.226556 0.0230909 0.0894602 0.0547788 9.99821E-05
0.426618 0.0271157 0.129342 0.0296083 9.99821E-05 9.99821E-05 0.154616 0.0668189 0.165681
0.379486 9.99731E-05 0.104989 0.185499 0.0109314 9.99731E-05 0.217051 0.101743 9.99731E-05
0.250979 9.99552E-05 9.99552E-05 0.168228 0.000353373 9.99552E-05 0.57994 9.99552E-05 9.99552E-05
9.9973E-05 0.0726963 9.9973E-05 0.130604 9.9973E-05 0.522777 0.0841593 0.147885 0.041578
0.226595 9.99643E-05 9.99643E-05 0.0634375 0.272167 0.166737 0.270663 9.99643E-05 9.99643E-05
0.182467 9.9955E-05 9.9955E-05 9.9955E-05 0.374127 9.9955E-05 0.362819 0.0800872 9.9955E-05
9.9937E-05 9.9937E-05 0.30267 9.9937E-05 0.696631 9.9937E-05 9.9937E-05 9.9937E-05 9.9937E-05
9.99551E-05 0.29254 9.99551E-05 9.99551E-05 9.99551E-05 9.99551E-05 0.375584 0.113211 0.218166
9.99551E-05 9.99551E-05 0.113319 0.0275164 0.202343 0.656321 9.99551E-05 9.99551E-05 9.99551E-05
0.615315 0.19197 0.192115 9.99462E-05 9.99462E-05 9.99462E-05 9.99462E-05 9.99462E-05 9.99462E-05
9.99552E-05 0.00480451 9.99552E-05 0.220829 9.99552E-05 9.99552E-05 0.129007 9.99552E-05 0.64486
9.99642E-05 9.99642E-05 9.99642E-05 0.366989 0.290429 0.116145 9.99642E-05 0.0367794 0.189258
9.9973E-05 0.085017 0.202698 0.316399 0.16425 9.9973E-05 0.00785235 9.9973E-05 0.223484
9.99376E-05 0.0897951 9.99376E-05 9.99376E-05 9.99376E-05 9.99376E-05 9.99376E-05 9.99376E-05 0.909505
0.438656 0.0788762 9.9964E-05 9.9964E-05 9.9964E-05 9.9964E-05 0.166154 0.228572 0.0873421
0.0258998 0.0615667 9.99641E-05 9.99641E-05 0.0926071 9.99641E-05 0.765525 0.0540019 9.99641E-05
0.170665 0.188155 0.0134945 0.070308 0.479052 0.0780256 9.99731E-05 9.99731E-05 9.99731E-05
9.9964E-05 9.9964E-05 0.0955246 0.209545 9.9964E-05 0.13607 0.197421 0.36104 9.9964E-05
0.0233104 0.00479647 9.9982E-05 0.120968 0.274957 0.436404 9.9982E-05 0.0642182 0.0751459
9.99553E-05 9.99553E-05 0.597727 9.99553E-05 0.0220381 9.99553E-05 0.374098 0.00563727 9.99553E-05
0.0476099 9.99642E-05 0.0781943 9.99642E-05 0.611671 0.133704 9.99642E-05 9.99642E-05 0.128421
0.275341 9.99642E-05 0.0061909 0.29866 9.99642E-05 0.142226 0.277183 9.99642E-05 9.99642E-05
9.9955E-05 9.9955E-05 0.125697 9.9955E-05 0.258073 9.9955E-05 0.546903 9.9955E-05 0.0688272
0.444495 9.99551E-05 9.99551E-05 9.99551E-05 9.99551E-05 0.127654 0.103306 0.324046 9.99551E-05
0.528396 9.99552E-05 9.99552E-05 9.99552E-05 0.409615 0.0366742 9.99552E-05 0.0248144 9.99552E-05
9.99553E-05 9.99553E-05 9.99553E-05 9.99553E-05 0.157599 0.208115 0.633581 9.99553E-05 0.000205322
0.000191961 0.129467 9.9973E-05 0.073974 9.9973E-05 0.114811 9.9973E-05 0.217577 0.463679
0.223212 9.99552E-05 9.99552E-05 0.0500504 9.99552E-05 0.552367 9.99552E-05 0.173871 9.99552E-05
0.0560493 9.99553E-05 9.99553E-05 9.99553E-05 0.151836 9.99553E-05 9.99553E-05 0.285268 0.506346
0.0905986 9.99642E-05 9.99642E-05 0.288487 0.325724 0.0834459 9.99642E-05 0.211345 9.99642E-05
0.313541 0.0430131 0.144015 9.99642E-05 0.301064 9.99642E-05 9.99642E-05 9.99642E-05 0.197967
0.532113 9.99642E-05 9.99642E-05 0.036102 9.99642E-05 9.99642E-05 0.107615 0.181904 0.141866
9.99375E-05 9.99375E-05 0.0860404 0.91326 9.99375E-05 9.99375E-05 9.99375E-05 9.99375E-05 9.99375E-05
9.9973E-05 0.267418 9.9973E-05 0.145388 9.9973E-05 0.268307 0.0589194 0.0869994 0.172668
0.303685 0.258203 0.0919708 0.0717924 0.27395 9.99641E-05 9.99641E-05 9.99641E-05 9.99641E-05
0.254515 0.109885 9.99641E-05 0.228817 0.231051 9.99641E-05 9.99641E-05 9.99641E-05 0.175332
0.0785084 0.0145666 9.99731E-05 0.0100311 0.357847 9.99731E-05 9.99731E-05 0.396925 0.141822
9.99731E-05 0.122726 0.110221 9.99731E-05 0.218396 0.341928 0.0534085 9.99731E-05 0.153021
0.110284 9.99553E-05 9.99553E-05 9.99553E-05 0.0234053 9.99553E-05 0.808003 9.99553E-05 0.0578076
0.376805 0.169071 0.117754 9.99641E-05 0.213902 0.122067 9.99641E-05 9.99641E-05 9.99641E-05
9.99641E-05 9.99641E-05 0.141104 0.28527 9.99641E-05 9.99641E-05 0.308186 0.178507 0.0865328
0.0839386 9.9973E-05 9.9973E-05 0.381721 0.00847729 0.048294 0.437971 0.0392985 9.9973E-05
0.322766 9.99552E-05 0.109285 9.99552E-05 9.99552E-05 9.99552E-05 0.531863 0.0355871 9.99552E-05
9.99551E-05 9.99551E-05 0.443827 9.99551E-05 9.99551E-05 0.131898 9.99551E-05 0.00939749 0.414378
0.256584 0.171457 0.131117 9.99642E-05 0.0435161 0.396926 9.99642E-05 9.99642E-05 9.99642E-05
0.142709 9.99551E-05 9.99551E-05 9.99551E-05 0.0891789 0.599658 9.99551E-05 9.99551E-05 0.167955
9.994E-05 9.994E-05 0.798973 0.0389192 0.161508 9.994E-05 9.994E-05 9.994E-05 9.994E-05
9.99553E-05 9.99553E-05 0.00243897 9.99553E-05 9.99553E-05 0.088549 0.544809 9.99553E-05 0.363704
9.99463E-05 9.99463E-05 9.99463E-05 9.99463E-05 9.99463E-05 0.845682 9.99463E-05 0.131579 0.022139
9.99731E-05 0.399068 0.0518589 0.0944352 9.99731E-05 0.0124335 0.29376 9.99731E-05 0.148145
0.420807 9.9964E-05 0.0551004 9.9964E-05 9.9964E-05 0.377555 9.9964E-05 0.0690282 0.0771096
0.470492 0.149206 9.99731E-05 0.169502 9.99731E-05 9.99731E-05 0.050409 0.0278964 0.132194
9.99551E-05 9.99551E-05 0.112672 9.99551E-05 9.99551E-05 0.0730159 0.527227 9.99551E-05 0.286586
0.177724 0.00989274 9.99731E-05 0.302999 9.99731E-05 0.328642 0.164684 9.99731E-05 0.0157573
0.224528 9.9973E-05 0.483457 9.9973E-05 0.0552644 9.9973E-05 0.111743 0.0676013 0.057106
9.9973E-05 0.0345417 0.364466 0.211841 9.9973E-05 0.0282932 0.274855 0.0857029 9.9973E-05
9.99821E-05 9.99821E-05 0.121712 0.0162472 0.0385933 0.213293 0.0391062 0.0864393 0.484409
9.99464E-05 0.0549178 0.79363 9.99464E-05 9.99464E-05 9.99464E-05 9.99464E-05 0.150853 9.99464E-05
9.99732E-05 0.184817 0.0423521 0.189854 9.99732E-05 0.442984 0.0891296 0.0505635 9.99732E-05
9.99462E-05 0.867528 0.0915678 9.99462E-05 9.99462E-05 0.040305 9.99462E-05 9.99462E-05 9.99462E-05
0.367105 0.0416989 9.9955E-05 9.9955E-05 0.289585 9.9955E-05 0.301112 9.9955E-05 9.9955E-05
0.419223 9.99731E-05 0.0786412 0.0402686 0.0713172 0.245387 9.99731E-05 0.144863 9.99731E-05
9.99551E-05 9.99551E-05 9.99551E-05 9.99551E-05 0.0972315 0.0639932 0.236898 9.99551E-05 0.601378
9.99731E-05 0.0492563 0.0256278 9.99731E-05 0.683467 0.11501 0.0580731 0.068266 9.99731E-05
0.365661 9.99552E-05 9.99552E-05 9.99552E-05 0.482575 0.143184 9.99552E-05 0.0080792 9.99552E-05
0.0929603 0.285473 0.0619054 9.99732E-05 0.0956348 0.423981 9.99732E-05 0.0397455 9.99732E-05
0.0150435 9.99732E-05 0.416534 9.99732E-05 9.99732E-05 0.284132 0.0983242 0.120899 0.0647677
0.366745 9.99641E-05 0.244386 9.99641E-05 0.248392 9.99641E-05 0.0332882 9.99641E-05 0.106789
0.0575534 9.99463E-05 0.851653 9.99463E-05 0.0901936 9.99463E-05 9.99463E-05 9.99463E-05 9.99463E-05
0.248202 0.120622 9.99553E-05 9.99553E-05 0.5493 9.99553E-05 9.99553E-05 0.0813765 9.99553E-05
9.99373E-05 9.99373E-05 0.970303 9.99373E-05 9.99373E-05 9.99373E-05 0.0289974 9.99373E-05 9.99373E-05
0.0735489 0.295443 9.99642E-05 0.223242 9.99642E-05 0.172512 9.99642E-05 9.99642E-05 0.234855
0.379653 9.996E-05 0.0711556 0.330526 0.0407174 9.996E-05 0.177549 9.996E-05 9.996E-05
0.529662 9.99642E-05 9.99642E-05 9.99642E-05 0.010955 0.0795242 0.267597 9.99642E-05 0.111862
0.37697 0.0252531 0.190556 9.99731E-05 0.175449 0.0326897 9.99731E-05 0.198782 9.99731E-05
0.057993 0.0336398 0.151697 0.329007 0.0588972 9.9973E-05 0.368466 9.9973E-05 9.9973E-05
0.142354 9.99641E-05 0.523676 9.99641E-05 0.0215106 0.161897 9.99641E-05 0.150163 9.99641E-05
0.129676 9.996E-05 0.248024 0.21 9.996E-05 9.996E-05 0.254514 9.996E-05 0.157386
0.168849 0.166671 0.0724765 9.9964E-05 0.37402 9.9964E-05 9.9964E-05 9.9964E-05 0.217584
9.99642E-05 0.0637433 9.99642E-05 9.99642E-05 0.094192 9.99642E-05 0.409323 0.0702434 0.362098
0.0597645 0.195343 0.170628 0.450399 0.0202032 0.0866866 0.0167757 9.99821E-05 9.99821E-05
0.333791 9.99731E-05 9.99731E-05 9.99731E-05 0.0357944 0.393643 0.170899 0.0313859 0.0341866
9.99732E-05 9.99732E-05 0.0673534 0.273352 9.99732E-05 0.469267 0.165975 0.019947 0.00380558
0.294616 9.99641E-05 0.000792919 0.189282 0.356855 9.99641E-05 9.99641E-05 0.158054 9.99641E-05
9.99553E-05 0.318777 0.274793 0.00605541 9.99553E-05 9.99553E-05 0.399874 9.99553E-05 9.99553E-05
0.117291 0.0600941 0.192148 9.99821E-05 0.0596248 0.286041 0.195835 0.0887659 9.99821E-05
9.99642E-05 0.00139345 9.99642E-05 0.255908 9.99642E-05 0.460472 0.143943 0.137884 9.99642E-05
9.99641E-05 0.12722 9.99641E-05 9.99641E-05 0.497678 9.99641E-05 0.210575 0.053729 0.110398
0.326147 0.221437 9.99641E-05 9.99641E-05 0.0620381 0.306161 9.99641E-05 9.99641E-05 0.0838179
0.367285 0.326622 9.9982E-05 0.00356013 0.0271577 0.109185 0.0346806 0.131309 9.9982E-05
0.0695551 0.0561874 9.99731E-05 0.117432 9.99731E-05 0.274935 0.431605 0.0499847 9.99731E-05
0.0590406 9.99553E-05 9.99553E-05 9.99553E-05 0.462576 9.99553E-05 0.439861 9.99553E-05 0.0380223
9.993E-05 9.993E-05 9.993E-05 9.993E-05 0.999201 9.993E-05 9.993E-05 9.993E-05 9.993E-05
9.99464E-05 0.060834 9.99464E-05 9.99464E-05 0.851951 0.086615 9.99464E-05 9.99464E-05 9.99464E-05
0.445061 0.108786 9.99553E-05 9.99553E-05 9.99553E-05 0.215384 9.99553E-05 0.230269 9.99553E-05
0.0852753 9.99551E-05 0.0468969 0.345624 0.521704 9.99551E-05 9.99551E-05 9.99551E-05 9.99551E-05
0.0352134 0.251755 9.99642E-05 9.99642E-05 0.329339 9.99642E-05 9.99642E-05 0.168362 0.214931
0.0857159 0.241794 0.172985 9.99642E-05 9.99642E-05 9.99642E-05 0.309193 0.189912 9.99642E-05
0.114236 9.99731E-05 9.99731E-05 0.0470963 0.0116175 0.626924 0.0738513 9.99731E-05 0.125975
9.99465E-05 0.161811 9.99465E-05 9.99465E-05 0.154565 0.683024 9.99465E-05 9.99465E-05 9.99465E-05
0.22 9.995E-05 0.615622 9.995E-05 9.995E-05 9.995E-05 0.100915 0.062964 9.995E-05
0.452802 9.9964E-05 0.214966 9.9964E-05 0.152095 0.080168 9.9964E-05 9.9964E-05 0.099569
9.993E-05 9.993E-05 9.993E-05 9.993E-05 9.993E-05 9.993E-05 9.993E-05 0.999201 9.993E-05
0.142555 0.154153 0.0994717 9.99731E-05 0.119262 0.00767622 0.476583 9.99731E-05 9.99731E-05
0.0116294 0.0537135 0.161189 9.99731E-05 9.99731E-05 9.99731E-05 0.354945 0.0496189 0.368604
0.344638 0.00578057 9.99732E-05 0.126319 9.99732E-05 0.0224298 9.99732E-05 0.299692 0.20084
0.787528 9.99464E-05 9.99464E-05 9.99464E-05 9.99464E-05 0.126747 9.99464E-05 9.99464E-05 0.0851259
0.356416 9.995E-05 9.995E-05 0.229262 9.995E-05 9.995E-05 0.223615 0.190207 9.995E-05
0.0588209 9.99641E-05 9.99641E-05 9.99641E-05 0.565325 0.0530618 0.0709601 9.99641E-05 0.251432
0.390378 0.0048687 0.0809443 9.99821E-05 0.352723 9.99821E-05 0.138197 0.0170663 0.0156224
9.99642E-05 9.99642E-05 0.132257 0.00504838 9.99642E-05 9.99642E-05 0.149452 0.203438 0.509406
9.99821E-05 0.155317 9.99821E-05 0.256165 0.349773 0.104208 0.0169846 0.0611657 0.0561865
0.00175062 0.528198 0.0455673 9.99642E-05 9.99642E-05 9.99642E-05 0.234006 9.99642E-05 0.190078
9.99732E-05 0.00201195 9.99732E-05 9.99732E-05 0.433301 0.212781 0.21498 0.135187 0.00143935
0.164847 9.99553E-05 9.99553E-05 9.99553E-05 0.637922 9.99553E-05 0.166335 0.0303962 9.99553E-05
0.225049 0.0407181 0.24019 9.9991E-05 0.0222502 0.352809 0.0599251 0.0135613 0.0453966
9.993E-05 9.993E-05 9.993E-05 9.993E-05 9.993E-05 9.993E-05 9.993E-05 0.999201 9.993E-05
0.329641 9.996E-05 9.996E-05 9.996E-05 0.0643464 0.347081 0.0268522 0.231679 9.996E-05
0.466021 0.0451247 0.0499118 9.997E-05 9.997E-05 9.997E-05 0.160889 0.0551606 0.222593
9.99731E-05 0.0405292 9.99731E-05 0.490783 9.99731E-05 0.12443 0.133885 0.105097 0.104976
0.529072 9.99643E-05 9.99643E-05 0.0249549 9.99643E-05 0.104034 0.248006 0.093533 9.99643E-05
0.301562 9.9982E-05 0.110781 0.090153 0.0137601 0.0685684 0.306633 9.9982E-05 0.108342
9.99731E-05 9.99731E-05 0.00775145 0.0884669 0.500437 0.325172 9.99731E-05 0.0529288 0.0249432
0.41925 0.0657156 9.99465E-05 9.99465E-05 0.514435 9.99465E-05 9.99465E-05 9.99465E-05 9.99465E-05
9.99373E-05 9.99373E-05 9.99373E-05 9.99373E-05 9.99373E-05 9.99373E-05 9.99373E-05 0.0496527 0.949648
0.364185 0.0447107 0.176667 0.00781121 9.9982E-05 0.0454634 0.254008 0.106954 9.9982E-05
0.289632 9.99552E-05 0.126616 9.99552E-05 0.502924 9.99552E-05 9.99552E-05 0.0803273 9.99552E-05
0.339053 0.0967349 9.99641E-05 9.99641E-05 0.269273 9.99641E-05 9.99641E-05 0.0799866 0.214553
0.30647 0.22417 9.99551E-05 0.231731 9.99551E-05 9.99551E-05 9.99551E-05 9.99551E-05 0.23713
0.0115684 9.99731E-05 0.0986625 0.0206675 0.235544 9.99731E-05 0.596326 0.0369311 9.99731E-05
9.99641E-05 9.99641E-05 0.0397592 0.139734 0.582737 0.162459 9.99641E-05 0.0749102 9.99641E-05
0.0909943 9.99463E-05 9.99463E-05 9.99463E-05 0.392739 9.99463E-05 9.99463E-05 9.99463E-05 0.515667
0.506776 9.99464E-05 0.162703 9.99464E-05 9.99464E-05 9.99464E-05 0.329922 9.99464E-05 9.99464E-05
9.99373E-05 0.858557 9.99373E-05 9.99373E-05 9.99373E-05 9.99373E-05 9.99373E-05 9.99373E-05 0.140743
9.99732E-05 0.0146483 9.99732E-05 0.110114 0.216825 0.0153874 0.58415 0.058575 9.99732E-05
0.0665595 0.0210677 9.99641E-05 0.648465 9.99641E-05 0.207152 0.0563561 9.99641E-05 9.99641E-05
9.99554E-05 9.99554E-05 9.99554E-05 0.0214674 9.99554E-05 0.00114113 0.84255 0.134341 9.99554E-05
0.316493 9.99553E-05 9.99553E-05 9.99553E-05 9.99553E-05 0.25374 0.201108 0.228158 9.99553E-05
0.0324148 9.9973E-05 9.9973E-05 9.9973E-05 0.130569 0.314635 0.233751 0.0649667 0.223363
0.543102 9.99553E-05 0.170337 9.99553E-05 0.198088 9.99553E-05 9.99553E-05 9.99553E-05 0.0879731
9.993E-05 0.999201 9.993E-05 9.993E-05 9.993E-05 9.993E-05 9.993E-05 9.993E-05 9.993E-05
0.658031 9.99553E-05 9.99553E-05 0.126618 9.99553E-05 0.085751 9.99553E-05 9.99553E-05 0.129101
0.448317 0.127984 9.99731E-05 0.0519714 0.148497 9.99731E-05 0.184893 0.0380382 9.99731E-05
0.363813 0.109625 0.250429 9.99731E-05 0.152168 9.99731E-05 0.0519835 0.0716809 9.99731E-05
9.9973E-05 0.150315 0.25371 0.0891264 9.9973E-05 9.9973E-05 0.218839 0.00206007 0.28565
