9.99549E-05 0.20698 0.0162429 9.99549E-05 9.99549E-05 0.00390123 9.99549E-05 9.99549E-05 0.772376
0.188947 9.9982E-05 0.22203 9.9982E-05 0.166063 0.0090138 0.00352722 0.382398 0.027822
0.230957 0.303263 0.206561 0.12301 9.99729E-05 9.99729E-05 9.99729E-05 0.0224866 0.113422
0.0851491 0.122215 0.300667 0.0861567 9.9982E-05 0.107758 0.113701 9.9982E-05 0.184153
9.9964E-05 9.9964E-05 0.48529 0.122384 9.9964E-05 0.11412 0.0986814 0.179125 9.9964E-05
9.9955E-05 9.9955E-05 0.629913 9.9955E-05 0.125606 0.150817 9.9955E-05 0.0931642 9.9955E-05
9.99729E-05 0.0931966 0.378509 0.11742 9.99729E-05 0.108565 9.99729E-05 0.0838712 0.218139
0.279992 0.206849 0.116718 0.061872 0.17787 0.0266132 9.9991E-05 0.099178 0.0308072
9.9964E-05 0.325901 0.238973 9.9964E-05 0.0300839 9.9964E-05 9.9964E-05 0.39668 0.00796282
9.9982E-05 0.139315 9.9982E-05 0.109872 0.111273 0.157199 0.0975205 0.205816 0.178804
0.0226537 0.0146418 0.0270395 0.0802087 0.820665 0.0344915 9.9973E-05 9.9973E-05 9.9973E-05
9.99639E-05 0.161831 9.99639E-05 9.99639E-05 0.400305 9.99639E-05 0.0302356 0.392312 0.0149163
9.999E-05 0.0732091 0.220077 0.05474 0.27556 0.010851 0.13731 0.118159 0.109994
0.13001 0.0430313 0.00224904 0.0653097 9.9991E-05 0.0650201 0.118167 0.269998 0.306115
0.230739 0.110347 0.181814 0.0742709 0.396001 9.9973E-05 9.9973E-05 0.00652883 9.9973E-05
0.388893 9.9991E-05 0.0401367 0.0647677 0.0459305 0.0399801 0.0888546 0.175136 0.156202
0.255438 9.9982E-05 0.190279 0.0454128 0.154444 0.159497 0.16181 9.9982E-05 0.0329182
0.0097397 0.293868 0.19103 0.120897 9.9982E-05 0.0196073 0.223619 9.9982E-05 0.141039
9.9982E-05 0.087213 0.210602 0.0733123 0.425472 9.9982E-05 0.0217695 0.0552992 0.126131
0.0194262 0.227086 0.520828 0.0632898 9.9973E-05 9.9973E-05 0.0604767 9.9973E-05 0.108593
0.0933172 0.182224 0.215844 0.0595944 0.0566537 0.0652426 9.9991E-05 0.04083 0.286194
0.114438 0.147124 9.9964E-05 0.0457971 0.551726 9.9964E-05 9.9964E-05 9.9964E-05 0.140515
0.134312 0.143979 0.44768 0.164335 9.9973E-05 0.012481 0.0969131 9.9973E-05 9.9973E-05
9.9964E-05 0.099097 0.544917 9.9964E-05 9.9964E-05 9.9964E-05 0.185691 0.00648489 0.163411
9.9946E-05 9.9946E-05 9.9946E-05 0.0671938 0.846148 0.0860585 9.9946E-05 9.9946E-05 9.9946E-05
0.0926389 0.207432 0.070549 9.9982E-05 0.160617 0.00909016 0.0584991 9.9982E-05 0.400974
0.205278 0.535143 9.9973E-05 0.0783276 0.0571292 0.0915994 0.0322233 9.9973E-05 9.9973E-05
0.00190847 0.158034 9.9991E-05 0.00772738 0.24125 0.0420975 0.20075 0.00549756 0.342635
0.0806636 0.256375 0.198534 9.9973E-05 0.264949 0.0412564 0.157921 9.9973E-05 9.9973E-05
0.105734 9.99549E-05 0.166677 9.99549E-05 9.99549E-05 0.0257032 0.701386 9.99549E-05 9.99549E-05
0.0282735 9.9982E-05 0.0892742 0.00543073 0.630088 0.0468598 0.0127177 0.187156 9.9982E-05
9.9964E-05 0.918693 9.9964E-05 0.0201795 9.9964E-05 0.0436701 9.9964E-05 0.00324172 0.0138159
0.0082728 0.0867656 0.617777 0.0553029 0.0633962 9.9982E-05 0.138103 9.9982E-05 0.0301828
0.0124005 0.0878574 0.463643 0.0406328 0.294963 0.0920775 9.9982E-05 9.9982E-05 0.00822601
9.9973E-05 9.9973E-05 0.238908 0.0905277 0.141486 0.0731056 9.9973E-05 0.239948 0.215725
9.993E-05 9.993E-05 9.993E-05 9.993E-05 9.993E-05 9.993E-05 9.993E-05 9.993E-05 0.999201
0.0718649 9.9964E-05 0.48033 9.9964E-05 9.9964E-05 0.194597 0.0821517 9.9964E-05 0.170657
9.99551E-05 9.99551E-05 9.99551E-05 9.99551E-05 0.468181 0.0193992 0.0907708 9.99551E-05 0.421149
0.0564325 0.241004 0.381205 0.0666468 0.0137431 0.0860416 0.0484029 0.106423 9.9991E-05
0.17338 0.125969 0.320481 0.0539943 0.111572 0.00327525 9.9991E-05 0.159507 0.0517217
0.219247 0.0822399 0.0463017 0.0354386 0.495301 0.0834262 0.0378456 9.9982E-05 9.9982E-05
0.0966126 0.432602 0.24756 0.0907182 9.9964E-05 0.132108 9.9964E-05 9.9964E-05 9.9964E-05
0.135794 0.517549 9.9982E-05 0.0437925 9.9982E-05 0.0355214 0.0409785 0.0446385 0.181525
9.9964E-05 0.312558 0.0107606 9.9964E-05 0.353688 9.9964E-05 0.0846261 9.9964E-05 0.237967
9.9964E-05 0.775422 9.9964E-05 0.0725004 9.9964E-05 9.9964E-05 0.0163044 0.0188214 0.116552
9.9955E-05 0.578294 0.174949 9.9955E-05 9.9955E-05 0.142767 9.9955E-05 0.103489 9.9955E-05
0.0298652 9.9982E-05 0.510804 0.00268721 0.196917 9.9982E-05 0.0564633 0.0608922 0.142171
0.189506 0.191695 0.411649 0.0603531 9.9973E-05 9.9973E-05 0.0715599 0.0749374 9.9973E-05
0.0242673 0.299883 9.9964E-05 0.0402131 0.518205 9.9964E-05 9.9964E-05 0.117031 9.9964E-05
0.15258 0.0857291 0.0247565 0.0636761 0.205481 9.9991E-05 0.0255645 0.337058 0.105055
0.0991211 9.9982E-05 9.9982E-05 0.0846955 0.11773 0.0549865 0.0782879 0.308841 0.256139
0.0616333 9.9955E-05 0.408937 0.121509 9.9955E-05 9.9955E-05 9.9955E-05 0.407421 9.9955E-05
0.492459 0.358656 0.0716774 9.9955E-05 9.9955E-05 9.9955E-05 0.0767082 9.9955E-05 9.9955E-05
0.18411 0.370153 0.16914 0.0839522 9.9982E-05 0.117513 0.0638708 9.9982E-05 0.0110617
0.0570388 9.9955E-05 9.9955E-05 9.9955E-05 0.207991 9.9955E-05 0.233158 0.501312 9.9955E-05
9.9955E-05 0.477167 0.406714 0.0886665 0.0269534 9.9955E-05 9.9955E-05 9.9955E-05 9.9955E-05
9.99461E-05 0.0858918 9.99461E-05 9.99461E-05 9.99461E-05 9.99461E-05 0.0529047 0.860604 9.99461E-05
9.9964E-05 9.9964E-05 0.182791 9.9964E-05 0.464869 9.9964E-05 0.09296 0.241561 0.0174206
0.0642877 9.9982E-05 0.0476208 0.0801626 0.516887 0.0206428 9.9982E-05 0.151638 0.118562
9.9982E-05 0.456897 0.0137383 0.069814 0.088753 0.115986 9.9982E-05 0.131103 0.123508
9.9946E-05 9.9946E-05 0.893417 9.9946E-05 9.9946E-05 0.0612656 0.0447177 9.9946E-05 9.9946E-05
9.9982E-05 0.131915 0.253267 0.124702 0.32005 0.135001 9.9982E-05 0.0245177 0.0103475
0.0758626 0.365009 0.488559 0.0246905 0.0454785 9.9964E-05 9.9964E-05 9.9964E-05 9.9964E-05
9.9946E-05 9.9946E-05 9.9946E-05 0.105818 9.9946E-05 9.9946E-05 0.854818 9.9946E-05 0.0387644
0.168686 0.000835791 0.235608 9.9973E-05 9.9973E-05 0.188143 9.9973E-05 0.034621 0.371807
9.9946E-05 9.9946E-05 0.0803478 9.9946E-05 9.9946E-05 0.0358208 9.9946E-05 9.9946E-05 0.883232
9.9982E-05 0.182617 0.274323 0.0203147 0.086616 0.132984 0.0245194 9.9982E-05 0.278426
9.9955E-05 0.237267 0.301371 9.9955E-05 0.425204 9.9955E-05 0.0356584 9.9955E-05 9.9955E-05
9.9946E-05 9.9946E-05 0.144289 9.9946E-05 0.589961 9.9946E-05 9.9946E-05 9.9946E-05 0.26515
0.244813 0.150765 0.177689 0.139715 0.00239259 0.0359057 0.164473 0.0841459 9.9991E-05
9.9955E-05 0.0503155 9.9955E-05 9.9955E-05 9.9955E-05 0.0472674 0.0172908 0.884627 9.9955E-05
0.0990195 0.308114 9.9973E-05 0.0486176 0.216293 9.9973E-05 0.0265976 9.9973E-05 0.301058
0.0786207 9.9991E-05 0.145674 0.0880986 0.490433 0.00031757 0.111608 0.0488122 0.0363368
0.0394394 0.316735 0.173201 9.9973E-05 0.363364 0.0469033 0.0600567 9.9973E-05 9.9973E-05
0.0911156 0.290174 9.9973E-05 9.9973E-05 0.173751 0.212208 0.137134 9.9973E-05 0.095318
0.21527 0.044516 9.99639E-05 0.0444117 9.99639E-05 0.0954501 9.99639E-05 0.599952 9.99639E-05
9.9946E-05 0.589036 0.282543 0.127821 9.9946E-05 9.9946E-05 9.9946E-05 9.9946E-05 9.9946E-05
9.9964E-05 9.9964E-05 0.73304 0.0122086 0.183755 0.0583506 0.0122452 9.9964E-05 9.9964E-05
9.9964E-05 9.9964E-05 0.788037 9.9964E-05 0.1189 0.0486412 9.9964E-05 0.0438138 0.000208173
9.9973E-05 9.9973E-05 0.676407 0.0746967 0.100693 0.0176233 0.0632793 0.0670017 9.9973E-05
0.144885 0.187601 0.311808 0.0490676 0.0631477 0.0771766 0.0670811 0.0287693 0.0704636
9.9991E-05 0.0189133 0.527242 0.039996 0.0488865 0.0419145 0.029221 0.172768 0.120959
0.0541737 0.4015 0.209917 9.9973E-05 9.9973E-05 0.0764946 0.147168 0.110446 9.9973E-05
0.217 9.9982E-05 0.307039 0.0440917 0.0582721 0.0810193 0.00802777 0.284351 9.9982E-05
0.0177614 0.368243 0.363534 0.0415175 0.156036 9.9973E-05 9.9973E-05 9.9973E-05 0.0526084
0.12907 9.9964E-05 9.9964E-05 9.9964E-05 0.153037 0.0118957 9.9964E-05 0.46869 0.236907
9.99549E-05 9.99549E-05 0.315028 0.0222117 9.99549E-05 9.99549E-05 9.99549E-05 0.0787612 0.583499
9.9955E-05 9.9955E-05 0.0261009 0.071188 9.9955E-05 0.0261843 9.9955E-05 0.876027 9.9955E-05
0.0532904 0.0634187 0.106838 0.0583886 0.266224 0.103487 0.193763 9.9991E-05 0.15449
0.00364341 0.718123 9.9973E-05 0.0169081 0.22112 9.9973E-05 9.9973E-05 0.0278704 0.0120345
9.99532E-05 9.99532E-05 9.99532E-05 9.99532E-05 9.99532E-05 0.0384492 0.943745 9.99532E-05 0.0172059
0.00218354 0.3933 9.9973E-05 0.0827148 0.321821 0.0328374 9.9973E-05 0.166844 9.9973E-05
0.0207648 0.0591743 0.615456 0.0984461 0.10571 0.00436506 9.9982E-05 9.9982E-05 0.0958845
0.302802 0.0247514 9.9973E-05 0.0475788 0.516825 9.9973E-05 0.0632985 0.0444446 9.9973E-05
0.043265 0.10478 0.586596 0.0694312 9.9973E-05 0.0728799 9.9973E-05 9.9973E-05 0.122748
0.106681 0.1718 0.303441 9.9982E-05 0.132315 0.0916859 0.0440546 9.9982E-05 0.149821
0.21524 0.410358 9.9973E-05 9.9973E-05 0.145575 0.0634853 0.0832147 9.9973E-05 0.0818283
9.99551E-05 0.630957 0.159482 9.99551E-05 9.99551E-05 0.0992638 9.99551E-05 0.109798 9.99551E-05
9.9973E-05 0.0994674 0.159859 0.121659 0.0801518 9.9973E-05 0.482144 9.9973E-05 0.0564183
0.0115399 9.9955E-05 0.10286 9.9955E-05 0.535458 9.9955E-05 0.349643 9.9955E-05 9.9955E-05
0.000529676 0.319066 0.0621409 0.0135782 0.296734 0.0194818 0.22579 9.9991E-05 0.0625797
9.993E-05 9.993E-05 9.993E-05 9.993E-05 9.993E-05 9.993E-05 0.999201 9.993E-05 9.993E-05
0.189232 9.9982E-05 0.120545 0.0609086 0.427562 0.113315 0.00325892 0.0849787 9.9982E-05
9.99459E-05 9.99459E-05 9.99459E-05 0.00203873 9.99459E-05 0.990284 0.00707763 9.99459E-05 9.99459E-05
0.263629 0.0624903 9.9991E-05 0.078839 0.0741733 0.0237775 0.0391065 0.304465 0.15342
0.308378 0.270861 0.229038 9.9964E-05 0.189283 9.9964E-05 9.9964E-05 0.00204004 9.9964E-05
0.193861 0.226404 0.20332 9.9991E-05 0.0020513 0.036014 0.0817911 0.0848886 0.17157
0.243482 0.389148 0.113156 0.0947038 0.0528871 0.0326589 0.0737646 9.9982E-05 9.9982E-05
9.9982E-05 0.270416 0.156395 0.0303232 0.321755 0.0373081 0.122604 0.0609977 9.9982E-05
9.9973E-05 0.0927251 0.144878 0.0345056 0.468911 9.9973E-05 9.9973E-05 0.102322 0.156358
0.178498 0.00643646 0.307417 0.062569 0.310102 0.114883 9.9982E-05 9.9982E-05 0.019895
9.9973E-05 0.186336 0.190961 0.092345 0.143143 9.9973E-05 0.176313 0.210602 9.9973E-05
0.246159 0.0207057 0.367868 0.0306314 0.0498462 0.0770695 0.0429663 0.164654 9.9991E-05
0.0803653 9.9964E-05 0.362536 0.01724 0.127309 9.9964E-05 0.41215 9.9964E-05 9.9964E-05
0.0542922 0.205525 0.466815 0.0585872 9.9991E-05 0.0891142 0.073408 0.0263747 0.025784
9.9937E-05 9.9937E-05 9.9937E-05 9.9937E-05 9.9937E-05 9.9937E-05 0.984467 0.0148339 9.9937E-05
0.174745 0.276612 0.00121859 9.9982E-05 0.204829 0.164012 9.9982E-05 0.0999112 0.0784726
0.0488274 0.0358069 0.150425 0.0331559 9.9991E-05 0.0483731 0.0383147 0.0786469 0.56635
0.0504156 0.305613 0.386851 0.00319341 9.9973E-05 9.9973E-05 0.0188685 0.234759 9.9973E-05
9.9973E-05 0.423002 9.9973E-05 0.110059 0.268847 0.0370411 9.9973E-05 0.0991426 0.0616079
0.0697805 0.289036 0.28135 0.0890497 9.9982E-05 0.0948665 0.0195999 9.9982E-05 0.156118
9.9964E-05 9.9964E-05 0.164624 0.0998647 0.240627 9.9964E-05 0.382192 9.9964E-05 0.112292
9.9973E-05 0.339219 0.313833 0.0956512 9.9973E-05 0.0900683 0.143172 0.0177569 9.9973E-05
0.312215 9.9964E-05 0.179617 9.9964E-05 9.9964E-05 0.0436081 9.9964E-05 0.424402 0.0397589
0.0392846 0.198964 0.247989 0.0598874 0.24592 0.00190287 0.174238 0.0317132 9.9991E-05
0.158816 9.99641E-05 0.472567 0.0413051 9.99641E-05 9.99641E-05 0.108633 0.218279 9.99641E-05
0.0492725 0.384308 9.9955E-05 0.0434395 0.522481 9.9955E-05 9.9955E-05 9.9955E-05 9.9955E-05
9.9982E-05 0.180011 0.263175 0.0142714 0.190867 0.0346414 0.0981784 0.218656 9.9982E-05
0.151446 0.042492 0.0582669 0.00810672 0.0211648 0.0115788 9.9991E-05 0.547034 0.159812
9.9964E-05 9.9964E-05 9.9964E-05 9.9964E-05 0.406249 0.00522783 0.107245 0.127502 0.353377
9.9955E-05 0.355775 0.0585576 9.9955E-05 0.0683977 9.9955E-05 9.9955E-05 9.9955E-05 0.51677
9.9955E-05 0.226609 0.551896 0.091091 9.9955E-05 9.9955E-05 9.9955E-05 0.129905 9.9955E-05
9.99551E-05 9.99551E-05 0.508693 0.00872814 9.99551E-05 9.99551E-05 0.190743 0.291337 9.99551E-05
0.175262 0.237438 0.142719 0.120671 0.12619 0.0466735 0.150847 9.9982E-05 9.9982E-05
9.9973E-05 0.679926 0.151271 0.0284898 0.0476405 0.010265 9.9973E-05 9.9973E-05 0.0821072
9.9964E-05 0.217137 9.9964E-05 0.0863002 0.176644 0.0451227 9.9964E-05 0.474396 9.9964E-05
0.997274 9.99369E-05 9.99369E-05 9.99369E-05 9.99369E-05 9.99369E-05 9.99369E-05 0.00202653 9.99369E-05
0.999201 9.993E-05 9.993E-05 9.993E-05 9.993E-05 9.993E-05 9.993E-05 9.993E-05 9.993E-05
0.0630151 0.347846 0.126678 0.0733311 9.9982E-05 9.9982E-05 0.0779919 0.298192 0.0127465
9.9955E-05 9.9955E-05 0.646745 9.9955E-05 0.234656 0.084751 9.9955E-05 9.9955E-05 0.0333475
9.9973E-05 0.3804 0.278969 0.0102304 9.9973E-05 0.0494376 0.0501381 0.230524 9.9973E-05
0.172346 0.0541423 9.9973E-05 0.046286 0.661788 0.0400887 9.9973E-05 0.0250492 9.9973E-05
9.9973E-05 9.9973E-05 0.0458083 0.000393623 0.506521 0.0573256 0.115337 0.274314 9.9973E-05
9.99639E-05 0.561596 9.99639E-05 0.0389592 0.178879 9.99639E-05 9.99639E-05 0.121713 0.0984533
0.0729163 0.0304485 0.671123 0.0522141 9.9973E-05 0.102834 0.0701642 9.9973E-05 9.9973E-05
9.99639E-05 9.99639E-05 0.276483 0.0616242 0.0662959 9.99639E-05 0.406141 9.99639E-05 0.189056
0.126167 0.0394523 0.379894 0.0219871 0.0597862 0.0926524 0.0498632 9.9991E-05 0.230098
9.993E-05 9.993E-05 9.993E-05 0.999201 9.993E-05 9.993E-05 9.993E-05 9.993E-05 9.993E-05
9.9973E-05 9.9973E-05 0.208097 0.066755 0.0310686 0.0632666 9.9973E-05 0.00264515 0.627868
0.159796 0.0208632 0.406123 0.0433638 0.00643507 0.261888 9.9982E-05 9.9982E-05 0.101331
9.9973E-05 9.9973E-05 0.0081116 0.035646 0.474414 9.9973E-05 0.00378077 0.421336 0.0564112
9.9955E-05 9.9955E-05 0.500334 0.0694486 9.9955E-05 0.137689 9.9955E-05 0.292028 9.9955E-05
0.0345092 0.0307096 0.0820064 0.102018 0.0353317 9.9991E-05 0.0396825 0.539338 0.136304
0.159066 0.132633 0.168806 0.0642916 0.265406 0.0259073 0.183689 9.9982E-05 9.9982E-05
9.99729E-05 9.99729E-05 0.112277 0.0754208 0.0802915 9.99729E-05 0.0435984 0.611376 0.0767362
0.246764 9.9982E-05 0.171133 0.0979788 0.011446 0.0962002 0.212465 9.9982E-05 0.163813
0.0160063 0.192107 0.280107 0.0836032 0.189414 9.9982E-05 9.9982E-05 0.167129 0.0714336
0.0725843 0.0623418 0.104011 0.0266339 0.377971 0.0173904 0.0552892 0.152165 0.131613
0.0300494 0.0134776 9.9955E-05 9.9955E-05 9.9955E-05 9.9955E-05 0.134984 9.9955E-05 0.820989
0.234058 0.219432 0.19445 0.0666819 0.0242674 0.0584115 0.0595005 9.9991E-05 0.143099
0.0134793 9.9973E-05 0.387341 0.00683897 0.347194 0.0161301 9.9973E-05 9.9973E-05 0.228716
9.993E-05 9.993E-05 9.993E-05 0.999201 9.993E-05 9.993E-05 9.993E-05 9.993E-05 9.993E-05
0.154175 9.9964E-05 0.108586 0.463191 9.9964E-05 9.9964E-05 9.9964E-05 0.194564 0.0790837
0.360054 0.110984 0.41356 9.9973E-05 9.9973E-05 0.0360884 0.012622 0.0663918 9.9973E-05
9.9982E-05 0.202785 0.00754207 0.0260719 0.125432 0.00955305 9.9982E-05 0.47736 0.151056
9.9955E-05 9.9955E-05 9.9955E-05 0.0643733 0.14975 9.9955E-05 0.0153394 9.9955E-05 0.770038
0.071038 0.160637 0.0190254 0.040881 0.363167 9.9982E-05 9.9982E-05 0.00200628 0.343045
0.0738727 0.195226 0.143564 0.0730378 0.0433692 0.197151 9.9982E-05 0.273579 9.9982E-05
0.993433 9.99369E-05 9.99369E-05 9.99369E-05 9.99369E-05 9.99369E-05 9.99369E-05 9.99369E-05 0.00586723
0.0458744 9.9982E-05 0.253237 0.104984 0.0610059 9.9982E-05 0.0970056 0.240134 0.197558
0.112467 0.10743 0.0442237 9.9982E-05 0.296442 9.9982E-05 0.0737281 0.316376 0.0491337
0.224818 0.356899 9.9973E-05 0.109416 9.9973E-05 0.0946977 0.0601979 0.153672 9.9973E-05
9.9973E-05 0.13593 0.525738 0.138659 9.9973E-05 0.00366016 0.157367 9.9973E-05 0.0383452
0.355147 9.9946E-05 9.9946E-05 9.9946E-05 9.9946E-05 9.9946E-05 9.9946E-05 0.506427 0.137826
0.0240524 0.0365882 0.298436 0.0646887 0.149257 0.0379017 9.9991E-05 0.159661 0.229315
9.9964E-05 0.253944 0.402574 9.9964E-05 0.105035 0.119346 9.9964E-05 0.118701 9.9964E-05
0.11371 0.0010895 0.442088 0.0491567 0.189604 9.9982E-05 9.9982E-05 0.109647 0.0945046
0.159277 0.213887 0.00106916 9.9973E-05 9.9973E-05 0.0197864 9.9973E-05 0.525572 0.0801091
9.9937E-05 9.9937E-05 9.9937E-05 9.9937E-05 0.0266134 0.972687 9.9937E-05 9.9937E-05 9.9937E-05
0.109067 0.557244 0.0678055 9.9973E-05 0.0350602 0.0650839 0.165439 9.9973E-05 9.9973E-05
0.126529 9.9982E-05 0.0118557 0.0767477 0.395091 0.106668 0.225138 9.9982E-05 0.0577707
0.00386671 9.9991E-05 0.062961 0.0941927 0.327939 0.0035841 0.132227 0.200016 0.175114
0.181815 9.9982E-05 0.00359316 0.0420684 0.300729 0.029728 9.9982E-05 0.0836975 0.358169
0.0537113 0.366728 0.144994 9.9973E-05 9.9973E-05 9.9973E-05 0.163818 0.00432863 0.266119
0.204699 9.9982E-05 0.257693 0.0102114 9.9982E-05 0.013498 0.0457465 0.137572 0.33038
9.993E-05 9.993E-05 9.993E-05 9.993E-05 9.993E-05 0.999201 9.993E-05 9.993E-05 9.993E-05
0.0232795 0.253024 0.377107 0.113148 9.9982E-05 9.9982E-05 0.00484886 0.227098 0.00129464
0.0516901 9.9982E-05 9.9982E-05 0.0667457 0.0951995 0.243187 0.041172 0.139052 0.362754
0.149168 9.9973E-05 0.726507 0.012087 9.9973E-05 0.0162755 0.0191648 9.9973E-05 0.076497
0.231854 0.0653097 9.9982E-05 0.0398523 0.0879597 9.9982E-05 0.132111 0.273056 0.169658
