9.9982E-05 0.122355 9.9982E-05 0.866914 0.010531
0.102816 0.060883 0.283894 0.413274 0.139133
0.123768 0.247741 0.0975302 0.464735 0.0662257
0.140068 0.0520364 0.127234 0.593651 0.0870098
0.109211 0.21031 0.172267 0.371866 0.136346
9.999E-05 0.194801 0.0882009 0.586712 0.130186
9.9991E-05 0.0369432 0.0570401 0.806894 0.0990227
0.0573319 0.224909 0.446986 0.256229 0.0145442
0.192748 0.26698 0.32593 0.111564 0.102778
0.195886 0.194984 0.189914 0.125557 0.293658
9.999E-05 0.474805 0.283394 0.0164209 0.225279
0.174421 0.230585 0.531978 9.9991E-05 0.0629162
0.0755118 0.3698 0.10667 0.419774 0.0282434
0.134534 0.220674 0.229361 0.248947 0.166483
9.9982E-05 0.650265 0.307092 9.9982E-05 0.042443
0.0825889 0.177648 0.474228 0.259552 0.00598259
0.188527 0.408611 0.23358 9.9991E-05 0.169182
0.20532 0.402062 0.0621289 0.260126 0.0703629
9.9982E-05 0.272724 0.351538 0.375537 9.9982E-05
0.0992852 0.11098 0.249952 0.475629 0.0641537
0.0100764 0.36735 9.9991E-05 0.519713 0.10276
9.999E-05 0.364128 0.186622 0.309989 0.139161
9.9982E-05 0.306074 0.144996 0.54873 9.9982E-05
0.190591 0.133594 0.212357 0.348824 0.114633
9.9982E-05 0.638142 0.0460044 9.9982E-05 0.315654
0.19554 0.149773 0.128813 0.469025 0.0568495
0.109907 0.27509 0.255569 0.185421 0.174012
0.15972 0.259444 9.9991E-05 0.451329 0.129407
0.16186 0.155445 0.120416 0.414794 0.147484
0.623914 0.108447 0.0542648 0.165309 0.0480653
0.0852989 0.321801 0.339489 0.0746017 0.178809
0.0801773 0.0519609 0.487111 0.228037 0.152713
0.0392009 0.299852 0.226771 0.434076 9.9991E-05
0.0195931 0.326134 0.188633 0.342842 0.122798
0.0986389 0.406511 0.0751829 0.209896 0.209771
9.9973E-05 0.226432 9.9973E-05 0.773268 9.9973E-05
0.0227143 0.0402427 9.9991E-05 0.711863 0.22508
0.199819 0.45026 9.9991E-05 0.232878 0.116943
0.171671 0.216952 0.444887 0.0100818 0.156409
0.0037767 0.495643 0.202746 0.177867 0.119966
9.9991E-05 0.200425 0.349629 0.325485 0.124361
0.0774031 0.0115813 0.289163 0.436864 0.184989
9.9991E-05 0.134697 0.293898 0.416301 0.155004
0.232653 9.9982E-05 9.9982E-05 0.716269 0.050878
0.0728101 0.194276 0.37307 0.309352 0.0504919
0.0522243 0.172399 0.106874 0.413921 0.254582
0.0765453 9.9982E-05 0.48126 0.441995 9.9982E-05
0.119897 9.9991E-05 0.551091 0.315694 0.0132188
0.138906 0.277864 0.344632 0.120694 0.117905
0.0974828 0.298395 0.49582 0.108201 9.9991E-05
0.0456349 0.525473 0.149096 0.174374 0.105422
0.0725072 0.205183 0.57636 0.101998 0.0439525
0.0716653 9.9982E-05 0.690102 0.238032 9.9982E-05
0.189756 0.203436 0.196863 0.214202 0.195743
0.140172 0.042471 0.602375 0.142526 0.0724568
0.0461073 0.222359 0.218125 0.415001 0.0984073
0.201022 9.9991E-05 0.292727 0.242917 0.263234
0.182639 0.163373 0.1473 0.392935 0.113754
0.0153813 0.298935 0.477584 0.0883283 0.119772
0.066389 0.285612 0.256811 0.173358 0.21783
0.0596097 0.0513334 0.214813 0.611161 0.0630831
0.0265783 0.423238 0.0818104 0.31281 0.155563
0.125894 0.252964 0.159323 0.461718 9.9991E-05
0.893346 0.0844295 9.9982E-05 0.0220241 9.9982E-05
0.0365377 0.00619367 0.267167 0.45008 0.240021
9.9973E-05 0.0851302 9.9973E-05 0.91457 9.9973E-05
9.9982E-05 0.145014 9.9982E-05 0.684039 0.170747
0.0827345 0.413176 0.168352 0.335638 9.9991E-05
0.0482491 0.340204 9.9982E-05 0.611347 9.9982E-05
0.198144 0.290029 0.170503 0.314784 0.0265398
0.220751 0.0400276 0.229916 0.0383421 0.470963
0.00304348 0.514945 0.163844 0.296541 0.0216268
0.17297 0.469837 0.081749 0.211346 0.0640969
0.127771 0.314956 0.449644 9.9991E-05 0.107529
0.164045 0.148623 0.0662579 0.354077 0.266996
0.0422259 0.0272048 0.73716 9.9991E-05 0.193309
0.0583834 0.226827 0.0120132 0.622655 0.0801206
0.0952119 0.0173081 0.399708 0.36974 0.118032
9.9991E-05 0.0140923 0.304709 0.535227 0.145871
0.18535 0.113616 0.184464 0.388995 0.127576
0.0776688 0.242688 0.124199 0.509356 0.046088
0.058006 0.200416 0.0442378 0.632857 0.0644831
0.212235 0.0137378 0.4218 0.221486 0.130741
0.118469 0.197186 0.542226 9.9991E-05 0.142019
0.00372592 0.230029 0.192756 0.474598 0.0988905
9.9982E-05 9.9982E-05 0.484028 0.336305 0.179467
0.0461565 0.168273 0.0726917 0.712779 9.9991E-05
9.9982E-05 0.173782 0.73505 9.9982E-05 0.0909672
0.129991 0.41514 9.9991E-05 0.406877 0.0478929
9.9982E-05 0.423149 0.190673 0.385977 9.9982E-05
0.980065 9.9973E-05 9.9973E-05 9.9973E-05 0.0196347
0.0093684 0.520038 0.159857 0.110741 0.199995
9.9991E-05 0.193767 0.194643 0.596606 0.0148837
0.113547 0.481202 0.295792 0.0623164 0.0471434
9.9991E-05 0.080044 0.139498 0.655084 0.125274
0.135167 9.9991E-05 0.161953 0.628543 0.0742375
0.0955168 0.099895 0.040612 0.623755 0.140221
0.0219338 9.9991E-05 0.300896 0.457684 0.219386
0.580403 0.257103 9.9982E-05 0.162294 9.9982E-05
0.271584 0.136154 0.322748 0.269413 9.9991E-05
0.152547 0.321835 0.124048 0.320276 0.0812943
0.9996 9.997E-05 9.997E-05 9.997E-05 9.997E-05
0.0863283 0.38376 0.297798 0.0330362 0.199077
9.997E-05 9.997E-05 9.997E-05 9.997E-05 0.9996
0.163061 0.444852 0.249429 0.0513811 0.0912766
0.00482114 0.137532 0.635842 0.221169 0.000636795
0.0164391 9.9991E-05 0.532784 0.396056 0.054621
0.123993 0.257999 0.16239 0.324233 0.131385
0.109554 0.380253 0.285188 0.0614341 0.163571
0.0146973 0.479007 0.0452009 0.383485 0.0776093
0.0122988 0.230171 9.9991E-05 0.61317 0.144261
0.114828 0.469432 0.109363 0.240221 0.0661562
9.9991E-05 0.11548 0.492592 0.249124 0.142704
0.485019 0.158831 9.9991E-05 0.326032 0.0300172
0.0914471 0.0856727 0.108215 0.63541 0.0792552
0.9996 9.997E-05 9.997E-05 9.997E-05 9.997E-05
9.9991E-05 0.345539 0.135983 0.266503 0.251875
0.0179846 0.13963 0.0239071 0.744804 0.0736743
0.186675 0.00397757 0.196838 0.545705 0.0668044
0.154502 0.361269 0.169779 0.153917 0.160533
0.137282 0.298972 9.9991E-05 0.409296 0.154349
0.463477 0.351191 9.9982E-05 0.185132 9.9982E-05
0.286689 0.255575 0.0163762 0.256326 0.185034
0.0552567 0.00010463 0.727617 0.0729392 0.144083
0.129036 0.31606 0.311906 0.238462 0.00453541
0.0168075 0.322824 0.562879 0.0973889 9.9991E-05
9.9991E-05 0.591422 0.212395 0.189064 0.00701933
0.217936 0.0777459 0.228553 0.395166 0.0805986
0.0206141 0.00567051 0.701964 0.271651 9.9991E-05
0.244267 0.341911 0.164382 0.226628 0.0228132
0.104279 0.166413 9.9982E-05 0.729108 9.9982E-05
0.159668 0.0950137 0.156252 0.539807 0.049259
0.45992 0.0602921 0.148623 0.200348 0.130817
0.128578 0.367623 0.287857 0.150721 0.0652209
0.0877856 0.180849 0.237746 0.469267 0.0243523
0.032646 0.392506 0.211358 0.232976 0.130514
9.997E-05 9.997E-05 0.9996 9.997E-05 9.997E-05
0.0150879 9.9973E-05 0.984612 9.9973E-05 9.9973E-05
0.12382 0.266601 0.253174 0.255423 0.100982
0.0250913 0.126301 0.274457 0.367497 0.206654
0.0790786 0.229258 0.17327 0.379721 0.138672
9.9982E-05 0.442095 0.350192 9.9982E-05 0.207513
0.188343 0.0320978 0.353523 0.277268 0.148768
0.0681718 0.378712 0.0636372 0.343347 0.146132
0.083688 0.205684 0.156348 0.443402 0.110878
0.38221 0.301376 9.9991E-05 0.286918 0.0293963
9.9991E-05 0.18675 0.224143 0.431006 0.158001
9.997E-05 0.9996 9.997E-05 9.997E-05 9.997E-05
9.9982E-05 0.170493 9.9982E-05 0.706002 0.123305
9.9991E-05 0.00349174 0.199532 0.428244 0.368632
0.0581487 0.194285 0.650589 9.9991E-05 0.0968772
9.9991E-05 0.183676 0.303066 0.215908 0.29725
0.167958 0.331931 0.351196 0.0960486 0.052866
0.0697139 0.0861876 0.468698 0.280856 0.094545
0.159685 0.0751125 0.655734 0.0464857 0.0629835
0.107756 0.323409 0.205883 0.322359 0.0405931
9.9991E-05 0.248126 0.134222 0.519859 0.0976932
0.0984776 0.28549 0.134512 0.395164 0.0863571
0.133232 9.99731E-05 9.99731E-05 0.866468 9.99731E-05
0.120357 0.330926 0.334517 0.214017 0.000183212
0.0404021 0.371201 0.0638091 0.442146 0.0824413
9.997E-05 0.9996 9.997E-05 9.997E-05 9.997E-05
9.9982E-05 0.728233 0.188622 0.0829449 9.9982E-05
0.0649859 9.9991E-05 0.108953 0.701988 0.123973
0.0841042 0.308412 0.209951 0.344346 0.0531865
0.0943087 0.224003 9.9982E-05 0.681488 9.9982E-05
9.9982E-05 0.199583 0.335889 0.464328 9.9982E-05
9.9991E-05 0.146277 0.441975 0.114394 0.297254
9.9973E-05 0.208487 0.791213 9.9973E-05 9.9973E-05
0.107046 0.407044 0.130902 0.304003 0.0510043
0.0536295 0.170298 0.584769 0.1205 0.0708033
0.00415445 0.195232 0.472969 0.124326 0.203319
0.214739 0.254206 0.0252125 0.503766 0.0020773
9.9982E-05 0.133819 0.604764 9.9982E-05 0.261217
9.9991E-05 0.130035 0.518919 0.325988 0.0249583
0.107149 0.0147201 0.378463 0.156567 0.3431
9.9991E-05 0.40128 0.360838 0.191386 0.0463948
0.0713895 9.9991E-05 0.721266 0.101783 0.105461
9.997E-05 9.997E-05 9.997E-05 9.997E-05 0.9996
0.0999631 0.0363894 0.491578 0.268522 0.103547
0.221759 0.529504 0.167462 9.9991E-05 0.0811746
0.225 0.528316 9.9991E-05 0.240883 0.00570096
9.9991E-05 0.11179 0.321709 0.391253 0.175147
0.215969 0.00712465 0.200018 0.576788 9.9991E-05
0.177706 0.0274471 0.371537 0.394614 0.0286969
9.997E-05 9.997E-05 9.997E-05 9.997E-05 0.9996
0.0471114 0.249647 0.174728 0.483404 0.0451097
0.0598849 0.194406 0.21361 0.191676 0.340423
0.0466892 0.0454832 0.174947 0.671073 0.0618071
0.0949638 0.0664512 0.549017 0.289468 9.9991E-05
