0.143695 0.446983 0.00791617 9.99821E-05 9.99821E-05 0.356521 0.0171973 0.0274866
0.166828 0.487281 9.99731E-05 0.169538 9.99731E-05 9.99731E-05 0.148115 0.0279383
9.99821E-05 0.43623 0.100529 0.0062742 0.0067337 0.214809 0.235223 9.99821E-05
0.434186 0.359237 9.99642E-05 0.129483 0.0766944 9.99642E-05 9.99642E-05 9.99642E-05
9.99641E-05 0.550482 9.99641E-05 0.132037 9.99641E-05 9.99641E-05 0.07913 0.23795
0.0962747 0.748366 9.99552E-05 9.99552E-05 0.154859 9.99552E-05 9.99552E-05 9.99552E-05
0.277172 0.186033 9.99732E-05 0.225989 9.99732E-05 9.99732E-05 0.0743163 0.23619
9.99554E-05 0.934228 0.04106 9.99554E-05 0.024212 9.99554E-05 9.99554E-05 9.99554E-05
0.638715 9.99642E-05 9.99642E-05 9.99642E-05 0.0780027 0.0980465 9.99642E-05 0.184836
9.99641E-05 9.99641E-05 0.0482868 9.99641E-05 0.172856 0.723103 0.0553537 9.99641E-05
9.99641E-05 0.193061 9.99641E-05 9.99641E-05 0.11047 0.416969 9.99641E-05 0.279099
0.623355 0.155259 0.0246545 0.141225 9.99732E-05 0.0552069 9.99732E-05 9.99732E-05
0.441133 0.273437 9.99731E-05 0.0826063 0.194701 9.99731E-05 9.99731E-05 0.00782263
9.99642E-05 0.639794 9.99642E-05 0.118344 9.99642E-05 0.133227 9.99642E-05 0.108236
0.724245 0.211349 0.0360531 9.99732E-05 0.0141426 9.99732E-05 9.99732E-05 0.0139103
0.0337902 0.540068 0.0884699 0.165913 9.99821E-05 9.99821E-05 0.066116 0.105443
0.479769 0.337493 0.0204273 0.0943572 0.0460928 9.99821E-05 0.0216606 9.99821E-05
9.997E-05 0.143666 9.997E-05 0.284628 0.150551 0.324625 0.0962304 9.997E-05
0.558756 0.117737 0.159415 9.99731E-05 9.99731E-05 0.0668078 9.99731E-05 0.0969845
0.0911224 0.518741 9.99642E-05 9.99642E-05 0.0624198 0.327317 9.99642E-05 9.99642E-05
9.99731E-05 0.135414 0.16241 0.195837 0.17262 0.333419 9.99731E-05 9.99731E-05
0.407683 9.9964E-05 0.110263 9.9964E-05 9.9964E-05 9.9964E-05 0.2221 0.259555
0.42802 0.113311 9.99731E-05 0.228838 0.116147 9.99731E-05 0.113383 9.99731E-05
0.190188 0.027126 9.9982E-05 0.0300702 0.00702418 9.9982E-05 0.611792 0.1336
0.10003 0.132852 0.118233 0.178583 0.222536 9.9982E-05 0.247565 9.9982E-05
0.223921 0.362227 9.99821E-05 0.0479787 0.00986256 9.99821E-05 0.153399 0.202411
9.9982E-05 0.0348812 0.00123085 0.195579 9.9982E-05 0.493322 0.115145 0.159642
9.99642E-05 0.331757 0.0901506 9.99642E-05 9.99642E-05 9.99642E-05 0.0369552 0.540737
9.99731E-05 0.258257 0.0187406 9.99731E-05 0.460148 0.19433 9.99731E-05 0.0682249
9.996E-05 0.0512004 9.996E-05 9.996E-05 9.996E-05 0.133576 0.600832 0.213992
9.99551E-05 9.99551E-05 9.99551E-05 0.169064 0.207815 9.99551E-05 9.99551E-05 0.622621
0.011608 0.332078 0.332201 0.299843 9.99731E-05 0.0239703 9.99731E-05 9.99731E-05
9.99642E-05 9.99642E-05 0.124337 9.99642E-05 0.0960393 0.706485 9.99642E-05 0.0727385
0.167728 0.538009 0.111477 0.00702246 9.99731E-05 9.99731E-05 9.99731E-05 0.175463
9.99552E-05 0.873485 9.99552E-05 0.117301 9.99552E-05 9.99552E-05 0.00871466 9.99552E-05
9.99553E-05 0.632177 9.99553E-05 0.0681803 9.99553E-05 0.299143 9.99553E-05 9.99553E-05
9.99821E-05 0.0759102 0.22484 0.28798 0.00709529 9.99821E-05 0.0726084 0.331366
0.05831 9.99821E-05 0.209068 0.0151973 0.307552 0.101733 0.30794 9.99821E-05
0.211544 0.236975 0.209694 0.0620184 0.0816433 9.9991E-05 0.0738077 0.124217
0.0933644 0.264676 0.182551 0.135362 0.323746 9.9973E-05 9.9973E-05 9.9973E-05
0.00557256 9.99731E-05 9.99731E-05 0.0128224 9.99731E-05 0.403222 0.297185 0.280898
0.265315 9.99731E-05 0.27086 0.239428 9.99731E-05 0.209047 0.0150501 9.99731E-05
0.118399 0.519852 0.0492314 0.153574 0.0349467 0.0282349 0.0442357 0.0515259
0.206854 0.59332 0.0282498 9.99732E-05 0.0033705 9.99732E-05 9.99732E-05 0.167905
0.170665 0.228535 0.209071 0.169568 9.99821E-05 0.21941 0.00255248 9.99821E-05
0.132479 0.460698 0.00614261 0.116881 0.0163765 0.267224 9.99821E-05 9.99821E-05
0.197467 0.258436 9.99552E-05 9.99552E-05 9.99552E-05 0.543597 9.99552E-05 9.99552E-05
0.0128529 0.113236 0.0104552 0.116073 9.9982E-05 0.539146 9.9982E-05 0.208038
0.104875 0.252634 0.186972 9.99643E-05 9.99643E-05 0.455119 9.99643E-05 9.99643E-05
9.99552E-05 0.873178 9.99552E-05 0.123117 9.99552E-05 0.00320587 9.99552E-05 9.99552E-05
0.216414 0.646344 9.9973E-05 9.9973E-05 0.0149799 9.9973E-05 0.0876905 0.0342712
9.99731E-05 0.0518834 0.277214 0.249884 0.404973 9.99731E-05 9.99731E-05 0.0157456
0.44733 0.0300417 9.9973E-05 9.9973E-05 9.9973E-05 0.166775 0.169573 0.18598
0.311982 0.487403 9.99552E-05 9.99552E-05 0.200115 9.99552E-05 9.99552E-05 9.99552E-05
9.99731E-05 0.0450256 0.0599722 0.187946 0.14709 9.99731E-05 9.99731E-05 0.559666
0.212161 9.99552E-05 9.99552E-05 0.0224273 9.99552E-05 9.99552E-05 9.99552E-05 0.764912
0.144836 0.288436 9.99731E-05 9.99731E-05 0.107712 9.99731E-05 0.104545 0.354171
9.99553E-05 0.118217 9.99553E-05 9.99553E-05 0.00626897 9.99553E-05 9.99553E-05 0.875014
0.00234019 0.293422 0.0546007 0.19289 0.0185789 0.0640922 9.9991E-05 0.373977
9.99641E-05 0.440846 9.99641E-05 0.0901006 0.196585 0.272068 9.99641E-05 9.99641E-05
9.99552E-05 0.573866 9.99552E-05 9.99552E-05 0.164735 9.99552E-05 9.99552E-05 0.2609
0.246852 0.0617947 9.9973E-05 0.315358 9.9973E-05 0.314781 0.0609137 9.9973E-05
0.04277 9.9964E-05 0.124993 9.9964E-05 9.9964E-05 0.196966 9.9964E-05 0.634871
9.99642E-05 0.410495 9.99642E-05 0.0155376 9.99642E-05 0.0879953 0.485572 9.99642E-05
9.99731E-05 0.442847 0.180203 9.99731E-05 9.99731E-05 0.146705 0.0300451 0.199901
0.179951 0.194837 9.99552E-05 9.99552E-05 9.99552E-05 0.624712 9.99552E-05 9.99552E-05
9.99731E-05 0.790056 9.99731E-05 0.0252031 0.128219 0.0321119 0.0241099 9.99731E-05
0.455325 0.0212093 0.161368 0.326986 9.99731E-05 9.99731E-05 9.99731E-05 0.0348122
0.429246 0.153976 0.0735334 0.0453147 0.0429884 9.9982E-05 9.9982E-05 0.254742
9.99821E-05 0.192179 0.152841 9.99821E-05 0.0997762 0.256672 0.103794 0.194538
0.0747646 0.389264 0.18763 0.108195 9.9991E-05 0.14717 0.00142659 0.0914507
0.587126 9.99731E-05 9.99731E-05 0.271185 9.99731E-05 0.0908499 0.0339219 0.0166173
9.99643E-05 0.310144 0.08246 0.496631 9.99643E-05 9.99643E-05 9.99643E-05 0.110365
0.361075 0.299859 0.101971 0.236695 9.99642E-05 9.99642E-05 9.99642E-05 9.99642E-05
0.0650517 0.87877 9.99733E-05 0.0162646 0.0314198 9.99733E-05 0.00819371 9.99733E-05
9.99731E-05 0.248618 0.0920219 0.167498 9.99731E-05 0.1221 9.99731E-05 0.369463
0.9993 9.994E-05 9.994E-05 9.994E-05 9.994E-05 9.994E-05 9.994E-05 9.994E-05
0.0440106 0.126008 9.9982E-05 0.181684 0.329713 0.0702206 9.9982E-05 0.248164
0.160644 0.344647 9.9973E-05 9.9973E-05 0.311081 0.013748 9.9973E-05 0.16958
9.99641E-05 0.584986 9.99641E-05 0.0285331 0.0807501 9.99641E-05 9.99641E-05 0.305331
9.99463E-05 0.567052 9.99463E-05 0.432348 9.99463E-05 9.99463E-05 9.99463E-05 9.99463E-05
0.245246 0.440272 0.109811 9.99821E-05 0.0904004 0.0657043 0.0483671 9.99821E-05
0.00734703 0.354684 0.302996 0.0354411 0.0993714 0.199961 9.99821E-05 9.99821E-05
0.0577777 0.226594 0.400577 9.9982E-05 0.0737749 0.012799 0.228277 9.9982E-05
0.299869 0.227842 9.99641E-05 0.199745 9.99641E-05 0.272143 9.99641E-05 9.99641E-05
0.253368 0.42864 9.9964E-05 0.112129 9.9964E-05 0.205463 9.9964E-05 9.9964E-05
9.99821E-05 0.216355 0.0310018 0.0720119 9.99821E-05 0.3185 0.146848 0.215084
0.166701 0.329784 9.99641E-05 9.99641E-05 9.99641E-05 9.99641E-05 0.488503 0.0146121
0.432994 0.101516 9.99732E-05 9.99732E-05 0.146584 0.178448 0.140158 9.99732E-05
0.368306 0.0862674 0.292143 9.9982E-05 9.9982E-05 0.196139 0.0328236 0.0241204
0.00409658 0.23343 9.99554E-05 9.99554E-05 9.99554E-05 9.99554E-05 0.761974 9.99554E-05
0.0271417 0.436228 9.99911E-05 0.292307 0.0254091 0.106098 0.0660581 0.0466586
0.126703 9.995E-05 9.995E-05 0.299993 9.995E-05 0.572804 9.995E-05 9.995E-05
9.99732E-05 0.213734 9.99732E-05 9.99732E-05 0.439715 0.141339 0.178114 0.026798
0.215334 9.9973E-05 9.9973E-05 0.141134 9.9973E-05 0.343557 0.0328305 0.266845
0.0696657 0.527894 9.99731E-05 0.0439221 0.162798 0.19542 9.99731E-05 9.99731E-05
9.99821E-05 0.201623 0.00300724 9.99821E-05 0.0739623 0.301749 0.195724 0.223735
0.365171 0.103731 9.99551E-05 9.99551E-05 9.99551E-05 0.530598 9.99551E-05 9.99551E-05
9.99552E-05 0.515848 9.99552E-05 9.99552E-05 9.99552E-05 9.99552E-05 0.374251 0.109402
0.120254 0.128549 9.99641E-05 0.213857 9.99641E-05 9.99641E-05 0.536939 9.99641E-05
9.99551E-05 9.99551E-05 9.99551E-05 0.0167983 9.99551E-05 9.99551E-05 0.245612 0.73709
9.99552E-05 9.99552E-05 9.99552E-05 9.99552E-05 0.0122185 0.011511 0.975771 9.99552E-05
0.239283 9.99821E-05 0.229795 9.99821E-05 0.104835 0.28252 0.0722583 0.0711087
9.99552E-05 9.99552E-05 9.99552E-05 9.99552E-05 0.922792 0.0570643 0.019644 9.99552E-05
0.135232 0.642664 0.221605 9.99551E-05 9.99551E-05 9.99551E-05 9.99551E-05 9.99551E-05
0.661267 0.154711 0.0864497 0.0505258 9.99731E-05 0.0467466 9.99731E-05 9.99731E-05
9.99731E-05 0.522993 0.0822647 0.0460239 9.99731E-05 0.268339 9.99731E-05 0.0800791
9.99642E-05 0.325473 0.232231 9.99642E-05 0.0407096 9.99642E-05 9.99642E-05 0.401187
0.307141 0.172176 0.0912599 0.0164312 0.13391 9.99821E-05 9.99821E-05 0.278882
9.99821E-05 0.154652 0.297449 0.0454481 0.444654 0.0459961 0.0116006 9.99821E-05
9.99732E-05 0.140106 0.083661 0.0835256 9.99732E-05 9.99732E-05 0.394975 0.297432
0.192386 0.746031 9.996E-05 0.0460201 9.996E-05 9.996E-05 0.0151633 9.996E-05
9.99642E-05 0.0569616 0.0286382 9.99642E-05 9.99642E-05 9.99642E-05 0.622898 0.291103
9.99463E-05 0.79751 0.20189 9.99463E-05 9.99463E-05 9.99463E-05 9.99463E-05 9.99463E-05
9.994E-05 9.994E-05 9.994E-05 9.994E-05 9.994E-05 9.994E-05 0.9993 9.994E-05
0.391809 9.99553E-05 9.99553E-05 9.99553E-05 0.283337 9.99553E-05 9.99553E-05 0.324355
0.359236 0.436124 9.99641E-05 9.99641E-05 0.0317272 0.172514 9.99641E-05 9.99641E-05
9.99731E-05 0.264049 0.302352 0.00972985 9.99731E-05 9.99731E-05 0.128259 0.29531
0.108036 0.0736461 0.133968 0.245245 0.0227423 0.00813922 0.313625 0.0945988
0.0511408 0.585429 0.0428422 0.192742 0.105562 9.99821E-05 0.0220841 9.99821E-05
0.343442 9.99641E-05 0.119944 0.0654434 9.99641E-05 9.99641E-05 0.470771 9.99641E-05
0.206806 0.316818 9.99732E-05 0.148639 0.25041 9.99732E-05 0.0770277 9.99732E-05
9.99462E-05 0.925904 9.99462E-05 9.99462E-05 0.0734966 9.99462E-05 9.99462E-05 9.99462E-05
9.99731E-05 0.219587 0.47528 0.208467 9.99731E-05 0.0625591 0.0338062 9.99731E-05
0.443609 0.391803 0.00935144 9.99821E-05 0.0618067 0.0493203 0.0439092 9.99821E-05
0.450834 0.263225 9.99641E-05 9.99641E-05 9.99641E-05 0.114613 9.99641E-05 0.170929
0.00998254 0.00102893 9.99732E-05 0.227781 9.99732E-05 0.633931 0.126977 9.99732E-05
0.380242 0.251175 0.0788381 0.0930152 0.142479 9.9982E-05 9.9982E-05 0.0540506
9.99732E-05 0.0595111 0.217827 9.99732E-05 0.375787 0.219078 0.127497 9.99732E-05
9.99821E-05 0.111094 0.234793 0.168543 0.0463334 0.300883 0.138153 9.99821E-05
0.412192 9.99552E-05 9.99552E-05 9.99552E-05 9.99552E-05 0.381456 9.99552E-05 0.205852
9.996E-05 0.77846 9.996E-05 0.011107 9.996E-05 0.0263822 9.996E-05 0.183651
0.230701 0.227355 0.239365 0.0252681 9.99821E-05 0.204229 9.99821E-05 0.072883
0.165953 9.9982E-05 0.39138 0.11081 0.246512 0.0205348 9.9982E-05 0.0646091
9.996E-05 0.0779282 9.996E-05 0.0853848 0.247657 0.58863 9.996E-05 9.996E-05
9.99462E-05 0.45893 0.54047 9.99462E-05 9.99462E-05 9.99462E-05 9.99462E-05 9.99462E-05
9.99461E-05 0.274567 0.724833 9.99461E-05 9.99461E-05 9.99461E-05 9.99461E-05 9.99461E-05
9.99553E-05 0.554868 0.377501 9.99553E-05 9.99553E-05 0.067131 9.99553E-05 9.99553E-05
0.395487 9.99732E-05 9.99732E-05 0.25393 0.256115 0.0722875 9.99732E-05 0.0218811
0.468881 0.53052 9.99463E-05 9.99463E-05 9.99463E-05 9.99463E-05 9.99463E-05 9.99463E-05
9.99554E-05 0.170335 9.99554E-05 9.99554E-05 0.204162 9.99554E-05 9.99554E-05 0.625003
0.121534 9.99731E-05 0.218616 0.166886 0.268937 9.99731E-05 0.223726 9.99731E-05
0.106856 0.197847 9.99731E-05 0.0339168 9.99731E-05 0.400756 9.99731E-05 0.260324
0.0146286 9.99821E-05 0.32278 0.0268697 9.99821E-05 0.146015 0.230098 0.259408
0.43753 0.180421 9.99641E-05 0.0379516 9.99641E-05 9.99641E-05 0.343698 9.99641E-05
0.336962 0.409907 0.0577565 9.9973E-05 0.0700453 9.9973E-05 9.9973E-05 0.12503
9.994E-05 9.994E-05 9.994E-05 0.9993 9.994E-05 9.994E-05 9.994E-05 9.994E-05
9.99552E-05 0.703801 9.99552E-05 9.99552E-05 0.0740811 0.221618 9.99552E-05 9.99552E-05
0.00524409 0.379815 9.99731E-05 0.370768 0.125533 9.99731E-05 0.11834 9.99731E-05
0.338502 9.99731E-05 0.0377109 0.272154 0.06789 9.99731E-05 9.99731E-05 0.283443
0.286647 0.203581 0.0635864 0.130719 0.11571 0.0410038 0.00657496 0.152177
0.217111 0.125117 9.99641E-05 9.99641E-05 9.99641E-05 0.296778 9.99641E-05 0.360594
9.99551E-05 0.145099 0.268893 9.99551E-05 9.99551E-05 9.99551E-05 9.99551E-05 0.585509
9.99731E-05 0.368846 0.0308248 0.0258223 9.99731E-05 9.99731E-05 0.104133 0.470074
9.99732E-05 0.274071 9.99732E-05 0.382667 0.0106476 9.99732E-05 0.32433 0.00798333
9.99821E-05 0.25319 0.150328 0.0349487 0.172832 0.224558 9.99821E-05 0.163944
9.99642E-05 0.385633 0.0746742 0.0625342 0.476759 9.99642E-05 9.99642E-05 9.99642E-05
9.99732E-05 0.152369 9.99732E-05 0.0444631 0.0952973 0.494862 9.99732E-05 0.212708
0.106928 0.721875 0.121753 9.99731E-05 0.00862518 9.99731E-05 9.99731E-05 0.0405196
0.479569 0.156114 9.99731E-05 9.99731E-05 0.165287 0.102051 0.096679 9.99731E-05
9.994E-05 9.994E-05 9.994E-05 0.9993 9.994E-05 9.994E-05 9.994E-05 9.994E-05
0.202213 0.248614 0.0482876 0.278355 9.99821E-05 0.109525 9.99821E-05 0.112805
9.99552E-05 0.783205 0.16162 0.0546745 9.99552E-05 9.99552E-05 9.99552E-05 9.99552E-05
0.2828 0.00369442 9.99731E-05 0.0246913 9.99731E-05 0.385204 9.99731E-05 0.30331
0.207263 0.101282 9.99643E-05 0.178826 9.99643E-05 0.512229 9.99643E-05 9.99643E-05
0.333804 0.419154 0.05488 0.0422442 9.9991E-05 0.0528249 0.0930077 0.003985
9.99732E-05 0.33819 9.99732E-05 0.0760022 0.0296673 0.0956005 9.99732E-05 0.46024
0.0714433 9.99552E-05 0.925767 9.99552E-05 9.99552E-05 9.99552E-05 9.99552E-05 0.00229043
9.99554E-05 0.461285 9.99554E-05 0.12434 9.99554E-05 9.99554E-05 9.99554E-05 0.413875
0.297387 0.292901 9.998E-05 0.151296 0.0812636 0.142026 9.998E-05 0.0349265
0.548154 0.110221 0.173946 9.99642E-05 0.167278 9.99642E-05 9.99642E-05 9.99642E-05
0.0387908 0.449253 0.228281 0.0765424 0.0234944 9.99821E-05 9.99821E-05 0.183439
0.322176 0.0316415 0.305363 0.0728222 0.040506 0.0267067 9.9991E-05 0.200685
0.167678 0.542963 9.99821E-05 0.0103401 0.0669877 0.128389 0.0834424 9.99821E-05
0.080346 0.437137 0.265412 9.99731E-05 9.99731E-05 9.99731E-05 0.0764754 0.14033
9.99554E-05 0.534249 9.99554E-05 9.99554E-05 0.0296541 9.99554E-05 9.99554E-05 0.435597
0.419969 0.000113678 0.227393 0.143701 9.99731E-05 9.99731E-05 0.208523 9.99731E-05
9.99462E-05 9.99462E-05 9.99462E-05 0.066257 0.933143 9.99462E-05 9.99462E-05 9.99462E-05
0.172219 0.156278 9.99821E-05 9.99821E-05 0.255551 0.291133 0.0720201 0.052598
9.99551E-05 0.0932919 9.99551E-05 9.99551E-05 9.99551E-05 0.689786 9.99551E-05 0.216423
9.99642E-05 0.197968 9.99642E-05 0.330001 0.0257274 0.445903 9.99642E-05 9.99642E-05
9.9982E-05 0.226233 0.061041 0.0949404 0.0857271 0.482316 9.9982E-05 0.0495423
0.122618 0.430979 9.99821E-05 0.00158468 9.99821E-05 0.269893 0.0112227 0.163503
0.163443 0.680617 9.99732E-05 0.0364991 0.0357327 9.99732E-05 9.99732E-05 0.0834081
9.9946E-05 9.9946E-05 0.0265418 9.9946E-05 0.972859 9.9946E-05 9.9946E-05 9.9946E-05
0.286 0.29338 9.99732E-05 0.0537409 9.99732E-05 0.247858 9.99732E-05 0.118721
9.99821E-05 0.650514 0.0999194 0.0582873 0.136258 0.0364908 9.99821E-05 0.0183308
9.99731E-05 0.209247 9.99731E-05 0.027482 0.322082 9.99731E-05 0.26949 0.171399
9.99641E-05 0.535332 9.99641E-05 0.169188 0.156977 9.99641E-05 0.138103 9.99641E-05
