0.0029286 9.9973E-05 0.683072 0.0296249 0.212957 0.0353483 9.9973E-05 0.035769 9.9973E-05
0.112361 9.9973E-05 0.0357106 9.9973E-05 0.157344 9.9973E-05 0.135084 0.317345 0.241854
0.0802948 0.0885005 0.0949449 0.000837697 0.273862 0.0279733 9.9991E-05 0.255674 0.177812
0.0293906 0.0395732 0.151323 0.0742337 0.00380064 0.0516769 0.126841 0.523061 9.9991E-05
0.0200221 0.0465143 0.0275668 0.0695541 0.0159302 0.233364 0.0715049 0.515443 9.9991E-05
0.0115202 0.0588259 9.9973E-05 0.106803 0.0806641 9.9973E-05 9.9973E-05 0.592796 0.149091
9.9982E-05 0.0718359 0.333695 0.0334288 0.166357 0.0304823 0.0167898 0.34721 9.9982E-05
0.322099 0.0549677 0.226936 0.0244091 0.0451622 0.15615 0.0404444 0.0323005 0.0975314
9.9964E-05 0.0105096 0.172422 9.9964E-05 0.0745956 0.648621 0.0934529 9.9964E-05 9.9964E-05
9.9982E-05 0.0534755 0.0859998 0.131363 0.0932404 0.334667 0.230993 9.9982E-05 0.0700617
9.9955E-05 0.0459019 9.9955E-05 0.15723 0.142458 9.9955E-05 9.9955E-05 9.9955E-05 0.65391
9.99549E-05 0.0272868 9.99549E-05 9.99549E-05 0.290357 0.586965 9.99549E-05 9.99549E-05 0.0948918
9.9982E-05 0.0782204 0.0301554 9.9982E-05 0.00622715 0.277835 0.0285506 0.313165 0.265647
0.0123029 9.9973E-05 0.250343 0.105902 9.9973E-05 0.296142 0.0652085 9.9973E-05 0.269802
0.0678376 0.0385228 0.0871787 9.99549E-05 9.99549E-05 9.99549E-05 9.99549E-05 9.99549E-05 0.805961
0.533678 0.103152 0.162882 0.00352666 0.0538203 0.00371108 0.0310888 9.9991E-05 0.108041
0.0212095 9.9955E-05 9.9955E-05 0.0236568 9.9955E-05 0.0811546 9.9955E-05 9.9955E-05 0.873479
0.0572019 0.125121 0.194359 0.105758 0.195903 9.9991E-05 0.122501 0.061077 0.137979
0.020704 0.0607648 0.157233 9.9982E-05 0.278329 0.0571358 9.9982E-05 0.2492 0.176433
0.00152296 0.0873278 0.157087 0.0461963 0.226337 0.1458 0.0220494 0.236212 0.0774679
9.9982E-05 0.0873657 0.260067 0.0620019 0.0152013 0.330754 9.9982E-05 0.0741056 0.170305
9.9982E-05 0.0645984 0.255501 9.9982E-05 0.0845511 0.0245519 0.00142881 0.176296 0.392873
0.0419631 0.136383 0.0430888 0.0888692 0.237935 0.117962 9.9991E-05 0.327058 0.00664226
9.9982E-05 9.9982E-05 0.117145 0.0576311 0.0726892 0.0247516 0.151132 0.514756 0.0616959
9.9955E-05 0.0569774 9.9955E-05 0.132908 0.184939 9.9955E-05 9.9955E-05 9.9955E-05 0.624676
0.0870939 9.9982E-05 0.223811 0.0243581 9.9982E-05 0.234221 0.0946023 0.0273417 0.308371
0.278946 0.0607754 0.0257868 0.106148 0.315801 9.9982E-05 0.113469 9.9982E-05 0.0988746
9.9982E-05 0.0960813 0.209887 0.0513421 9.9982E-05 0.00457646 0.101197 0.137869 0.398847
0.0770279 0.00137135 0.0301391 0.019315 0.346778 9.9991E-05 0.0428591 0.137864 0.344546
0.0539965 0.0486622 0.0762676 0.0248542 9.99819E-05 0.139737 0.529063 0.127219 9.99819E-05
9.9973E-05 0.0132101 9.9973E-05 0.0464726 0.16009 0.248114 9.9973E-05 0.0983359 0.433478
9.9955E-05 0.0289003 9.9955E-05 0.000638458 0.825654 0.144307 9.9955E-05 9.9955E-05 9.9955E-05
9.9955E-05 0.0680751 9.9955E-05 9.9955E-05 9.9955E-05 0.319706 0.0853783 0.52634 9.9955E-05
0.0868637 0.0775895 0.00646863 0.029061 9.9982E-05 0.136769 9.9982E-05 0.359833 0.303216
9.9982E-05 0.113362 0.153988 0.0798716 0.0815044 0.0909568 9.9982E-05 0.0803101 0.399807
9.99331E-05 9.99331E-05 0.999201 9.99331E-05 9.99331E-05 9.99331E-05 9.99331E-05 9.99331E-05 9.99331E-05
0.0338977 0.0106601 0.157493 0.14898 9.9982E-05 0.04075 0.0162856 0.591734 9.9982E-05
9.9955E-05 9.9955E-05 0.21956 0.0472922 0.162871 9.9955E-05 9.9955E-05 9.9955E-05 0.569777
0.0722276 0.0383248 9.9982E-05 0.0619926 9.9982E-05 0.402727 0.114436 0.160609 0.149483
0.153657 0.12385 0.0421474 0.042479 0.251559 0.0347838 0.0620328 0.211861 0.0776299
0.0914668 0.0493933 0.103328 0.102709 0.29415 9.9982E-05 9.9982E-05 0.156019 0.202735
0.173271 0.0575521 0.0237945 0.13891 0.139165 9.9973E-05 9.9973E-05 0.467007 9.9973E-05
0.189378 0.0717293 0.118837 0.0947291 0.0454525 0.283499 9.9982E-05 0.196176 9.9982E-05
9.9973E-05 9.9973E-05 0.298596 9.9973E-05 0.328445 0.00216958 0.0611333 0.112247 0.19711
0.0960531 9.9973E-05 0.032577 9.9973E-05 0.493515 0.333367 0.00694876 9.9973E-05 0.0372397
9.9982E-05 0.0236942 0.0735894 0.168283 0.466646 0.066759 9.9982E-05 0.0949359 0.105893
0.0595407 0.0193558 0.052 9.9973E-05 0.288966 9.9973E-05 9.9973E-05 0.422584 0.157254
0.111504 9.9964E-05 9.9964E-05 9.9964E-05 0.192163 0.262226 0.0404735 0.393233 9.9964E-05
0.0777659 0.0610934 9.9964E-05 9.9964E-05 0.637716 9.9964E-05 0.0326332 9.9964E-05 0.190392
0.162922 0.0299364 0.0857212 9.9982E-05 0.0114961 0.377439 0.147331 9.9982E-05 0.184954
9.9982E-05 0.0879272 0.126513 0.0656246 0.131456 0.312149 0.154318 9.9982E-05 0.121812
0.0352974 0.0811647 0.0408998 0.0139513 0.00135081 0.509097 0.0912029 0.226936 9.9991E-05
0.656699 0.0187139 9.9973E-05 0.0103579 9.9973E-05 0.132449 0.0521156 0.129364 9.9973E-05
0.296415 0.0629566 0.104156 0.134687 0.0870643 0.120478 0.0413207 0.0590887 0.0938337
0.0902511 9.9946E-05 9.9946E-05 9.9946E-05 0.824259 9.9946E-05 0.0848898 9.9946E-05 9.9946E-05
9.9982E-05 0.144568 0.0101404 0.017046 0.0960855 0.316364 0.0371978 0.378398 9.9982E-05
9.99551E-05 9.99551E-05 9.99551E-05 0.0620861 0.579658 0.293525 0.064231 9.99551E-05 9.99551E-05
9.9982E-05 0.0878024 0.0655914 0.0473068 0.487342 0.0603822 0.020093 0.231282 9.9982E-05
0.235613 0.135317 9.9982E-05 9.9982E-05 0.222153 0.321175 0.00458993 0.0146135 0.0663397
0.0288818 0.0531075 0.023107 0.0962187 0.396249 0.293964 0.0245366 9.9991E-05 0.0838351
0.0125393 0.0255491 9.99549E-05 9.99549E-05 9.99549E-05 9.99549E-05 0.0752164 0.886195 9.99549E-05
9.9964E-05 0.0752422 9.9964E-05 0.0630924 9.9964E-05 0.0524415 9.9964E-05 0.430701 0.378123
0.0212157 0.0403359 0.0102552 9.9991E-05 0.256498 0.109846 0.00903114 0.232965 0.319753
9.9955E-05 0.0471627 0.132917 9.9955E-05 9.9955E-05 9.9955E-05 0.818484 0.000936347 9.9955E-05
0.0941994 0.0169378 0.332979 0.146302 0.0943872 9.9982E-05 9.9982E-05 0.2257 0.0892946
0.07704 9.9946E-05 0.904786 0.0175747 9.9946E-05 9.9946E-05 9.9946E-05 9.9946E-05 9.9946E-05
9.9982E-05 0.0751928 0.228101 0.120171 0.220394 0.0471548 9.9982E-05 0.301268 0.0075183
9.9964E-05 0.102261 9.9964E-05 9.9964E-05 0.192765 9.9964E-05 0.0272334 0.379873 0.297467
9.9955E-05 0.0391789 0.186825 9.9955E-05 9.9955E-05 9.9955E-05 9.9955E-05 0.383633 0.389864
0.320678 0.0965795 0.118645 0.110459 9.9991E-05 0.0172392 0.0902668 0.150459 0.0955738
9.9973E-05 0.015985 9.9973E-05 0.0303591 0.450476 0.274684 0.139315 0.0888808 9.9973E-05
0.194175 0.022585 0.30635 9.9973E-05 0.0318214 9.9973E-05 0.0212567 9.9973E-05 0.423511
0.119849 0.122534 0.134733 0.0142747 0.0971226 9.9991E-05 0.0706371 0.0687526 0.371996
0.159991 0.0345734 9.9982E-05 0.0282843 0.188212 9.9982E-05 0.0397346 0.143499 0.405506
0.11184 9.9991E-05 0.103906 0.149846 0.232577 0.0192759 0.0505608 0.0295344 0.302359
0.207747 0.064025 9.9964E-05 0.035538 0.330462 0.361829 9.9964E-05 9.9964E-05 9.9964E-05
0.0837324 0.17381 9.9955E-05 9.9955E-05 0.297852 9.9955E-05 9.9955E-05 0.444106 9.9955E-05
0.0210199 0.0404808 9.9964E-05 0.0427947 9.9964E-05 9.9964E-05 9.9964E-05 0.767193 0.128112
0.0508271 9.9955E-05 9.9955E-05 9.9955E-05 9.9955E-05 0.0811811 9.9955E-05 0.814435 0.0530572
9.9964E-05 0.023183 9.9964E-05 9.9964E-05 0.0112129 9.9964E-05 0.135481 0.580196 0.249527
0.179741 0.0415084 0.0938305 9.9991E-05 0.093775 0.0914829 0.0761469 0.294669 0.128746
9.9964E-05 9.9964E-05 0.151567 0.0773117 9.9964E-05 0.151732 9.9964E-05 0.421085 0.197904
0.0897867 0.0226036 9.9982E-05 0.0336984 0.504956 0.102629 0.126912 0.119214 9.9982E-05
0.176609 0.0443598 9.9982E-05 0.0405342 9.9982E-05 0.319808 0.0423744 0.159088 0.217027
9.9973E-05 0.0802428 0.0481226 0.0118016 0.353292 9.9973E-05 0.024587 0.481655 9.9973E-05
0.183653 9.9973E-05 0.100188 0.0610133 0.325419 0.134665 9.9973E-05 0.194761 9.9973E-05
9.99459E-05 9.99459E-05 0.709533 9.99459E-05 9.99459E-05 9.99459E-05 9.99459E-05 0.20373 0.0861374
9.99551E-05 0.0796456 9.99551E-05 0.0475461 0.0711556 0.801153 9.99551E-05 9.99551E-05 9.99551E-05
0.0925835 0.0382782 0.240799 0.0311599 0.164055 9.9982E-05 0.14979 9.9982E-05 0.283135
0.0909492 0.0138448 0.19204 9.9982E-05 0.329139 0.263749 9.9982E-05 0.0219931 0.0880844
9.99459E-05 9.99459E-05 0.0154081 0.0191784 9.99459E-05 9.99459E-05 0.964814 9.99459E-05 9.99459E-05
9.9982E-05 0.0706493 0.0247136 0.0460143 0.350631 0.122814 0.00394684 9.9982E-05 0.381031
0.00639768 0.142885 0.0196115 0.0186102 0.0278625 0.0461298 0.0124559 0.720263 0.00578493
0.181729 0.0498475 0.0617396 0.0224451 0.0895168 9.9991E-05 0.0659062 0.059159 0.469557
9.9955E-05 0.0492356 0.0552153 0.0797735 9.9955E-05 9.9955E-05 9.9955E-05 0.815276 9.9955E-05
0.127567 9.9982E-05 0.0583035 0.0302651 9.9982E-05 0.277947 0.00994402 0.369656 0.126118
0.139514 9.9973E-05 0.122231 0.078951 0.415153 0.163788 9.9973E-05 0.0800626 9.9973E-05
9.99641E-05 0.0105075 0.0259158 0.0758858 0.640385 9.99641E-05 9.99641E-05 0.246906 9.99641E-05
9.9982E-05 0.180744 0.0847116 9.9982E-05 0.202027 0.00522226 0.307626 0.106344 0.113126
0.0330957 9.9982E-05 0.0806154 9.9982E-05 0.0787645 0.0189142 0.232766 0.248482 0.307162
9.9982E-05 0.0622461 0.275105 9.9982E-05 0.239883 0.113183 0.0266599 0.0184279 0.264295
9.993E-05 9.993E-05 9.993E-05 9.993E-05 9.993E-05 9.993E-05 0.999201 9.993E-05 9.993E-05
0.0877389 0.0645856 9.9982E-05 0.124413 0.0117182 9.9982E-05 0.0542757 0.300719 0.35635
9.99549E-05 0.0121652 9.99549E-05 0.947827 9.99549E-05 0.00472063 0.0347871 9.99549E-05 9.99549E-05
0.159289 0.0128842 0.170578 0.0995553 9.9982E-05 0.425635 0.05414 9.9982E-05 0.0777178
0.198467 9.9982E-05 0.0546181 9.9982E-05 0.0982662 0.177922 0.00892139 0.186187 0.275418
0.194879 9.9973E-05 0.0708422 0.00673988 0.115887 0.457547 9.9973E-05 9.9973E-05 0.153805
0.0504844 0.0520292 0.128195 0.0827176 0.193703 0.194575 0.02852 0.137829 0.131947
0.107917 0.029795 9.9982E-05 0.0540735 0.215881 0.107316 0.114394 9.9982E-05 0.370423
9.9982E-05 0.111233 0.316719 9.9982E-05 0.108128 0.178304 0.0964934 0.0341864 0.154735
0.123315 0.0378091 0.086656 0.134361 9.9982E-05 0.116562 9.9982E-05 0.357241 0.143856
9.9964E-05 0.138153 9.9964E-05 9.9964E-05 0.495965 0.18694 0.0805972 0.0979451 9.9964E-05
0.303455 9.9973E-05 9.9973E-05 0.0270464 0.270818 0.0626959 0.0401352 0.29555 9.9973E-05
9.9982E-05 0.105602 9.9982E-05 0.05327 0.135904 0.067672 0.318926 0.0666168 0.251809
0.0578271 0.0214737 0.134046 9.9991E-05 0.0617545 0.199882 0.00780946 0.3507 0.166407
9.9937E-05 9.9937E-05 9.9937E-05 9.9937E-05 9.9937E-05 0.0415076 0.957793 9.9937E-05 9.9937E-05
0.0715235 9.9973E-05 0.126647 0.162559 0.127246 0.0858206 9.9973E-05 9.9973E-05 0.425904
0.000885809 0.0765174 0.458948 9.9973E-05 0.196451 0.188978 9.9973E-05 0.0779199 9.9973E-05
9.9973E-05 0.00859538 9.9973E-05 9.9973E-05 0.136874 0.279617 0.0862972 0.470343 0.0179734
9.9964E-05 0.080187 0.183573 9.9964E-05 0.084146 0.296772 9.9964E-05 9.9964E-05 0.354922
0.00335238 0.0978497 0.361318 0.00705358 9.9991E-05 0.272773 0.118582 0.0249347 0.114036
9.9973E-05 0.11905 0.138112 0.00702546 9.9973E-05 9.9973E-05 0.40291 0.172851 0.159751
9.9991E-05 0.111058 0.0525019 0.053088 0.24122 0.175031 0.102962 0.100868 0.163172
0.138856 9.9964E-05 9.9964E-05 0.0446392 9.9964E-05 0.251676 9.9964E-05 0.492197 0.0722323
9.9973E-05 0.0711309 9.9973E-05 9.9973E-05 0.531779 0.147029 0.0751878 0.0975641 0.0770088
0.0761359 0.0147903 9.99731E-05 9.99731E-05 0.0163435 0.0662671 9.99731E-05 0.376432 0.449732
0.0807247 0.0626308 0.0906651 9.9964E-05 0.345427 9.9964E-05 9.9964E-05 9.9964E-05 0.420152
0.0393474 0.0421237 9.9973E-05 0.045954 0.561422 9.9973E-05 0.0934059 0.217447 9.9973E-05
0.040543 9.9955E-05 9.9955E-05 9.9955E-05 0.0121224 0.807931 9.9955E-05 0.138904 9.9955E-05
9.9973E-05 0.0436824 0.0889072 9.9973E-05 0.192142 0.0678652 0.0737712 9.9973E-05 0.533332
9.9964E-05 0.0275636 0.653058 9.9964E-05 9.9964E-05 0.152505 9.9964E-05 0.104499 0.0619748
0.0744991 0.0986546 0.0541698 0.00467373 0.175083 0.0466095 9.9982E-05 0.54611 9.9982E-05
9.9973E-05 9.9973E-05 9.9973E-05 0.0109065 0.0846492 0.230815 0.25275 0.305526 0.115053
0.166058 0.0160394 9.9973E-05 9.9973E-05 9.9973E-05 0.222447 0.144563 0.0348014 0.415792
9.9991E-05 0.04316 0.241006 0.0140661 0.121057 0.204259 0.0777829 0.233566 0.0650029
9.9964E-05 0.0602082 9.9964E-05 0.0766193 0.195949 0.436539 9.9964E-05 9.9964E-05 0.230284
0.897057 9.99459E-05 9.99459E-05 9.99459E-05 9.99459E-05 0.0658588 9.99459E-05 0.0364843 9.99459E-05
0.999201 9.993E-05 9.993E-05 9.993E-05 9.993E-05 9.993E-05 9.993E-05 9.993E-05 9.993E-05
0.0249577 0.0918189 0.152278 0.0160534 0.419204 0.268572 9.9982E-05 0.0269161 9.9982E-05
9.9973E-05 0.0157265 9.9973E-05 0.078731 0.133418 0.136504 9.9973E-05 0.560877 0.0744433
9.9982E-05 0.0988893 0.0214282 0.0455629 0.225913 0.320128 0.0188568 0.269022 9.9982E-05
0.0676686 0.0314185 9.9964E-05 0.0686981 9.9964E-05 0.148022 9.9964E-05 9.9964E-05 0.683792
9.9964E-05 9.9964E-05 9.9964E-05 0.0303828 0.322122 9.9964E-05 0.0913076 0.503482 0.0523053
9.9964E-05 0.0375488 0.280609 9.9964E-05 0.535779 9.9964E-05 0.0760951 9.9964E-05 0.0695681
0.0803354 0.0273518 0.0781382 0.09776 9.9973E-05 9.9973E-05 0.103615 0.612499 9.9973E-05
0.110486 0.0569783 0.125722 0.034863 9.9991E-05 0.0134785 0.416832 0.114613 0.126927
9.9973E-05 0.0222541 0.107197 0.0657429 0.200494 9.9973E-05 9.9973E-05 0.345702 0.25831
9.993E-05 0.999201 9.993E-05 9.993E-05 9.993E-05 9.993E-05 9.993E-05 9.993E-05 9.993E-05
0.104308 0.0918573 0.51427 0.143281 0.0665002 9.9982E-05 9.9982E-05 0.0750194 0.00456341
0.192085 0.0583627 0.0512963 0.235896 9.9973E-05 0.0401103 9.9973E-05 0.42195 9.9973E-05
9.9955E-05 0.0191408 9.9955E-05 0.0265456 0.0939643 0.859849 9.9955E-05 9.9955E-05 9.9955E-05
0.127325 0.0663243 9.9964E-05 0.12859 9.9964E-05 0.25571 9.9964E-05 0.421651 9.9964E-05
0.126976 0.133496 0.0440672 0.0757873 0.180849 0.301203 0.0806784 0.0568439 9.9991E-05
0.188222 0.0698919 9.9982E-05 0.0358387 0.49441 9.9982E-05 0.04697 0.0563208 0.108146
9.9973E-05 0.0276717 0.122506 9.9973E-05 9.9973E-05 0.740258 0.0258684 0.0640722 0.0193236
0.288128 0.0935143 0.151433 0.037942 0.0153126 0.0300578 0.063805 0.130615 0.189193
9.99549E-05 0.076223 0.14262 9.99549E-05 0.473898 9.99549E-05 9.99549E-05 0.306759 9.99549E-05
0.0131991 0.0697494 0.0202315 0.0726802 0.136901 0.171451 0.0653842 0.22748 0.222924
9.9955E-05 9.9955E-05 0.802622 9.9955E-05 0.0126934 9.9955E-05 0.119529 0.0646557 9.9955E-05
0.0121279 0.0576765 0.0327969 0.0248699 0.174019 0.202286 0.107632 0.141973 0.24662
0.010771 0.0777078 0.0582555 0.00298522 9.9982E-05 0.150419 9.9982E-05 0.319063 0.380598
9.993E-05 0.999201 9.993E-05 9.993E-05 9.993E-05 9.993E-05 9.993E-05 9.993E-05 9.993E-05
0.0613157 0.393258 0.111832 9.99639E-05 9.99639E-05 0.33394 9.99639E-05 9.99639E-05 0.0992538
0.405423 9.9964E-05 0.0102591 0.0333144 0.204565 9.9964E-05 9.9964E-05 0.346038 9.9964E-05
0.00798533 0.0144231 0.0812242 0.0301909 0.212547 0.210731 0.0816745 0.254684 0.10654
9.99551E-05 0.0427613 0.93655 0.0138125 0.00637657 9.99551E-05 9.99551E-05 9.99551E-05 9.99551E-05
0.012185 0.0851681 0.145569 0.0192849 0.327375 0.106021 9.9991E-05 0.213942 0.0903548
0.120848 0.0173042 9.9982E-05 0.109936 0.0818471 0.364134 9.9982E-05 0.0723538 0.233378
0.999201 9.993E-05 9.993E-05 9.993E-05 9.993E-05 9.993E-05 9.993E-05 9.993E-05 9.993E-05
0.0579067 0.102455 0.264598 9.9982E-05 9.9982E-05 0.180841 0.0569155 0.14134 0.195744
0.139287 9.99639E-05 9.99639E-05 9.99639E-05 0.49621 0.288011 0.0105524 9.99639E-05 0.0655398
0.116661 0.0384728 9.9982E-05 0.0893393 0.0943465 0.40805 0.156482 9.9982E-05 0.0964484
0.0752206 0.136265 0.279807 0.0176197 0.194031 9.9982E-05 0.0130246 0.283833 9.9982E-05
0.356699 9.9973E-05 0.0743497 0.00153225 0.363348 0.151727 9.9973E-05 9.9973E-05 0.0520437
0.0341183 0.122385 0.154766 9.9982E-05 0.0901335 0.138203 9.9982E-05 0.313611 0.146583
9.9973E-05 9.9973E-05 9.9973E-05 0.127761 0.159007 0.245702 0.0374098 0.414464 0.015356
9.9955E-05 0.0640443 9.9955E-05 9.9955E-05 9.9955E-05 0.575966 9.9955E-05 0.15761 0.20188
0.146749 9.9964E-05 9.9964E-05 0.0723523 9.9964E-05 0.630329 0.126418 0.0237513 9.9964E-05
9.993E-05 9.993E-05 9.993E-05 0.999201 9.993E-05 9.993E-05 9.993E-05 9.993E-05 9.993E-05
0.112505 9.9982E-05 0.00338913 0.0158022 0.626524 9.9982E-05 0.0661433 0.155908 0.0195282
9.993E-05 9.993E-05 9.993E-05 9.993E-05 9.993E-05 9.993E-05 9.993E-05 9.993E-05 0.999201
9.9982E-05 0.115856 0.210133 0.00922443 0.0628212 0.0481074 0.164043 9.9982E-05 0.389615
0.316422 0.0145293 0.318778 0.00334624 0.220099 9.9982E-05 9.9982E-05 0.099611 0.027014
0.0413907 9.9964E-05 0.208497 9.9964E-05 9.9964E-05 0.341059 0.0851227 0.323531 9.9964E-05
0.0358124 0.0481378 0.136506 9.9964E-05 9.9964E-05 0.592324 9.9964E-05 0.186819 9.9964E-05
9.993E-05 9.993E-05 9.993E-05 0.999201 9.993E-05 9.993E-05 9.993E-05 9.993E-05 9.993E-05
9.9973E-05 0.0331703 0.0376351 9.9973E-05 9.9973E-05 0.335552 0.0552498 0.338921 0.199173
0.0566174 0.0189691 0.151142 0.149346 0.0334743 0.135446 0.0619607 9.9991E-05 0.392944
0.124213 9.99549E-05 0.123832 9.99549E-05 9.99549E-05 0.222238 9.99549E-05 0.529217 9.99549E-05
0.207126 9.9973E-05 0.136333 9.9973E-05 0.255628 0.258453 0.133398 9.9973E-05 0.00876247
