9.9982E-05 0.727555 9.9982E-05 0.272245
9.9982E-05 0.292624 0.707176 9.9982E-05
0.131589 0.5607 0.240862 0.0668489
0.153787 0.567911 0.141857 0.136445
0.222591 0.2931 0.338638 0.145672
0.0370367 0.151836 0.722455 0.0886722
0.181301 0.495941 0.141472 0.181285
0.061002 0.559901 0.295535 0.0835624
0.137778 0.394844 0.188204 0.279174
0.293946 9.9991E-05 0.183803 0.522151
9.9982E-05 0.164008 9.9982E-05 0.835792
0.16687 9.9991E-05 0.633487 0.199544
0.331211 0.212395 0.278916 0.177478
0.112671 0.417176 0.412258 0.057896
9.999E-05 0.379333 0.29884 0.321727
0.288618 0.464497 0.152426 0.0944587
0.0733378 0.538693 9.9991E-05 0.387869
0.316487 0.500672 9.9991E-05 0.182741
9.9991E-05 0.30011 0.600602 0.0991878
0.0601762 0.4513 0.296669 0.191855
0.0661983 0.703819 0.0128344 0.217148
0.0490856 0.148592 0.577833 0.224489
0.130122 0.48291 0.335418 0.0515508
0.219318 0.567471 0.184941 0.02827
0.0261984 9.9991E-05 0.010006 0.963696
0.114293 0.705932 9.9991E-05 0.179675
0.110805 0.257926 0.331513 0.299756
0.196145 0.258014 0.284872 0.260969
0.0788228 0.382496 0.229473 0.309208
0.639557 0.242459 0.117883 9.9991E-05
0.073497 0.050251 0.610668 0.265584
0.0889015 0.121612 0.268802 0.520685
0.198075 0.475861 0.325964 9.9991E-05
0.0848982 0.495882 0.321874 0.0973459
0.167794 0.165252 0.232868 0.434086
9.9982E-05 0.933253 9.9982E-05 0.0665468
0.0124043 0.543839 0.227558 0.216199
0.0381777 0.157123 9.9991E-05 0.804599
0.0988965 0.105204 0.707179 0.0887202
0.0830618 0.390885 0.296037 0.230017
0.0751123 0.274911 0.416827 0.23315
0.0775832 0.513372 0.293218 0.115827
0.0598532 0.344244 0.48142 0.114483
9.9991E-05 0.205168 0.681066 0.113666
0.161158 0.213967 0.0931902 0.531685
0.0363124 0.0700941 0.53672 0.356874
0.0565978 0.15182 0.72514 0.0664422
0.0992762 0.162033 0.738591 9.9991E-05
0.131602 0.177638 0.394125 0.296635
0.100466 0.406327 0.480863 0.0123442
0.16883 0.404698 9.9991E-05 0.426373
0.199422 0.38392 0.416558 9.9991E-05
0.0684632 0.612982 0.318455 9.9991E-05
0.240194 0.268383 0.171465 0.319958
0.0539061 9.9982E-05 0.945894 9.9982E-05
0.201881 0.224855 0.530628 0.0426366
9.99821E-05 9.99821E-05 0.810153 0.189647
0.125741 9.9991E-05 0.656927 0.217232
0.17361 0.266567 0.377744 0.182079
0.114928 0.0156611 0.488639 0.380773
0.106682 0.529868 0.36335 9.9991E-05
0.098321 0.417844 0.228442 0.255393
0.139 0.398586 0.439879 0.0225345
0.845777 0.154023 9.9982E-05 9.9982E-05
0.00737807 0.71104 0.085822 0.19576
9.998E-05 0.9997 9.998E-05 9.998E-05
0.0478228 0.645273 0.221597 0.0853077
0.126012 0.131429 0.69387 0.0486891
0.0630017 0.723196 0.0453273 0.168475
0.19399 0.385219 0.231127 0.189664
0.0746082 9.9991E-05 0.827093 0.0981993
0.186571 0.493199 0.0675759 0.252654
0.283165 0.323833 0.206896 0.186107
0.0402994 0.292903 0.541001 0.125797
0.122649 0.0868731 0.311294 0.479184
0.0312097 0.114299 0.690679 0.163813
0.244838 0.0212902 0.584426 0.149445
0.034782 0.442922 0.425256 0.0970399
9.9991E-05 0.616398 0.274566 0.108936
0.287924 0.377075 0.319627 0.0153744
0.20721 0.379938 0.149765 0.263086
0.137775 0.417924 0.180257 0.264043
0.140992 0.21663 0.381827 0.260551
0.182695 0.279382 0.298299 0.239623
0.13452 0.306828 0.488548 0.0701037
9.9991E-05 0.472651 0.222924 0.304326
0.0142989 0.813623 0.171978 9.9991E-05
0.119521 9.9991E-05 0.622049 0.25833
0.333271 0.325299 0.0194006 0.322029
0.0202718 0.501268 0.180846 0.297615
0.916829 9.9991E-05 0.0244181 0.0586528
0.0773838 0.168004 0.254056 0.500556
0.0433337 0.510964 0.267481 0.178221
0.0493098 0.484877 0.463145 0.00266836
0.0422414 0.54413 0.323658 0.0899712
0.0444049 0.58492 0.269088 0.101588
9.9991E-05 0.543033 0.14838 0.308486
0.0364458 0.231896 0.731559 9.9991E-05
0.778353 9.9991E-05 0.0832538 0.138293
0.314613 0.384889 0.169844 0.130654
0.176694 0.363757 0.341238 0.118311
0.9997 9.998E-05 9.998E-05 9.998E-05
0.138571 0.277558 0.239446 0.344425
9.998E-05 9.998E-05 9.998E-05 0.9997
0.178331 0.437831 0.0300863 0.353751
9.9991E-05 0.242476 0.711384 0.0460401
9.9991E-05 0.582392 0.329709 0.0877992
0.171785 0.492527 0.164968 0.17072
0.110944 0.285687 0.487774 0.115595
0.1242 0.543315 0.0947269 0.237758
0.0738937 0.324823 0.410101 0.191182
0.331979 9.9991E-05 0.322344 0.345577
9.9991E-05 0.502246 0.318992 0.178662
0.540491 9.9991E-05 0.298809 0.1606
0.0680536 0.460937 0.310642 0.160367
0.925923 9.9982E-05 0.0738774 9.9982E-05
9.9991E-05 0.299161 0.115335 0.585404
0.0693748 0.779533 0.0214884 0.129603
0.233212 0.0489454 0.667156 0.0506867
0.238304 0.170332 0.147498 0.443866
0.226325 0.773475 9.9982E-05 9.9982E-05
0.709336 0.168146 0.000632725 0.121885
0.431335 0.237783 0.196172 0.13471
9.9991E-05 0.232454 0.671381 0.096065
0.275198 9.9991E-05 0.518888 0.205814
0.115092 0.115268 0.76954 9.9991E-05
0.0306946 0.176035 0.364345 0.428926
0.198525 0.203647 0.475265 0.122563
9.99853E-05 0.189444 0.810356 9.99853E-05
0.141765 0.1949 0.0993494 0.563986
0.170315 0.680206 0.127841 0.021638
0.288237 0.153905 0.557758 9.9991E-05
0.208982 0.140944 0.558577 0.0914966
0.244525 0.146539 0.433867 0.175069
0.113143 0.417036 0.457276 0.0125455
0.158659 0.0825993 0.38039 0.378352
9.9982E-05 0.578357 0.421443 9.9982E-05
0.072508 0.657807 0.269585 9.9991E-05
0.130184 0.289608 0.348331 0.231877
0.120166 0.408278 0.252069 0.219487
0.201318 0.198769 0.456365 0.143548
0.0131849 0.0570412 0.523147 0.406627
0.0259578 0.0317253 0.818944 0.123373
0.121611 0.131957 0.460147 0.286286
0.236392 0.225871 0.489728 0.0480095
0.60593 0.225593 9.9991E-05 0.168376
0.0549425 0.335664 0.429647 0.179747
0.9997 9.998E-05 9.998E-05 9.998E-05
0.0243503 0.750154 9.9991E-05 0.225396
9.9991E-05 0.506358 0.271839 0.221704
0.00927866 0.0209538 0.756264 0.213503
9.9991E-05 0.545552 0.30104 0.153308
0.30833 0.259288 0.283198 0.149184
0.259629 0.24132 0.291023 0.208028
0.0948068 0.167345 0.737748 9.9991E-05
0.304206 0.482612 0.0412084 0.171973
0.0409897 0.375316 0.454958 0.128736
0.25464 0.320908 0.272384 0.152068
0.065555 0.934245 9.9982E-05 9.9982E-05
0.232332 0.391702 0.170558 0.205407
0.133905 0.485533 9.9991E-05 0.380461
0.9997 9.998E-05 9.998E-05 9.998E-05
0.287599 0.533038 0.0966834 0.0826799
0.0186258 0.359646 0.416683 0.205045
0.0972033 0.211603 0.518275 0.172919
0.0776839 0.725796 9.9991E-05 0.19642
0.0165037 0.389838 0.422404 0.171254
9.9991E-05 0.166765 0.536657 0.296478
0.0498056 0.811861 0.137162 0.00117193
0.237749 0.663424 9.9991E-05 0.0987268
0.0470245 0.264846 0.576128 0.112002
0.200265 0.206137 0.450115 0.143483
0.170572 0.553398 0.219766 0.056264
9.9991E-05 0.306547 0.554242 0.139111
0.0731809 0.639657 0.228991 0.0581718
9.9991E-05 0.219811 0.635215 0.144874
0.0690671 0.334673 0.401916 0.194344
0.00995573 0.211098 0.565268 0.213678
9.998E-05 9.998E-05 9.998E-05 0.9997
0.0722481 0.13638 0.353707 0.437665
0.161242 0.346664 9.9991E-05 0.491994
0.387962 0.236239 0.0741816 0.301617
0.0505 0.596359 0.269939 0.0832025
0.0904802 0.691537 0.217883 9.9991E-05
0.0268046 0.828053 9.9991E-05 0.145043
9.998E-05 9.998E-05 9.998E-05 0.9997
0.154193 0.257682 0.588025 9.9991E-05
0.0797167 0.393574 0.228101 0.298608
9.9982E-05 0.788966 0.210834 9.9982E-05
0.191169 0.363084 0.445648 9.9991E-05
