9.99459E-05 0.00209282 0.0835975 0.799519 9.99459E-05 9.99459E-05 9.99459E-05 9.99459E-05 9.99459E-05 0.114191
9.99707E-05 0.282374 0.235112 0.0649669 0.0311185 9.99707E-05 0.0683158 9.99707E-05 0.317713 9.99707E-05
9.99639E-05 0.105543 0.397678 9.99639E-05 0.0306107 9.99639E-05 9.99639E-05 0.0160765 0.351698 0.0979942
0.145275 0.0033562 9.9991E-05 0.138453 0.0645545 0.0111285 0.086469 0.0802449 0.45649 0.0139278
0.175805 9.9955E-05 9.9955E-05 9.9955E-05 9.9955E-05 0.0524342 0.0932756 0.104403 0.573582 9.9955E-05
0.0825004 9.9955E-05 0.236721 9.9955E-05 0.0223544 9.9955E-05 0.0485709 9.9955E-05 0.609353 9.9955E-05
9.99639E-05 0.0168996 9.99639E-05 9.99639E-05 0.00817468 9.99639E-05 0.0176671 0.0779134 0.583992 0.294954
0.157861 0.150968 0.0670437 0.160199 0.0758306 0.0553298 9.9991E-05 0.0527174 0.272214 0.00773716
0.401291 9.9991E-05 0.0343979 0.0098175 0.0419429 0.133481 0.0174095 0.000324619 0.193233 0.168003
9.9973E-05 9.9973E-05 9.9973E-05 0.0897969 0.0590314 0.136189 0.0716501 0.0540681 0.0297649 0.5592
9.9973E-05 0.0341905 0.621834 0.0912855 9.9973E-05 0.0289296 0.0620621 0.0370191 9.9973E-05 0.12438
0.616859 9.99639E-05 0.0584526 9.99639E-05 0.0668423 0.162624 9.99639E-05 0.00200543 9.99639E-05 0.092816
9.99589E-05 9.99589E-05 0.114771 9.99589E-05 9.99589E-05 0.110629 0.0745841 0.137785 0.561731 9.99589E-05
0.158332 0.0193697 9.9982E-05 0.236254 0.125086 0.199368 0.128793 0.0659488 0.0666486 9.9982E-05
9.99459E-05 0.1174 0.237359 9.99459E-05 9.99459E-05 0.624002 9.99459E-05 0.0206397 9.99459E-05 9.99459E-05
0.112313 0.402825 9.9964E-05 0.213338 0.0885603 0.0731925 9.9964E-05 0.109372 9.9964E-05 9.9964E-05
9.99279E-05 9.99279E-05 9.99279E-05 9.99279E-05 9.99279E-05 0.989039 0.0101613 9.99279E-05 9.99279E-05 9.99279E-05
9.9982E-05 0.0080054 9.9982E-05 0.0948577 0.107937 0.194235 0.0186734 0.0990032 0.250096 0.226991
0.147586 9.9973E-05 0.324616 0.185208 0.00751551 0.0443039 9.9973E-05 0.0782681 0.212202 9.9973E-05
9.9973E-05 9.9973E-05 0.253313 0.190613 0.208084 9.9973E-05 0.0202733 0.0718097 0.181597 0.0740104
9.99549E-05 9.99549E-05 0.361421 0.116022 9.99549E-05 9.99549E-05 0.074049 0.0753857 0.372622 9.99549E-05
9.9973E-05 0.042628 0.00350682 0.0205644 9.9973E-05 0.210029 9.9973E-05 0.0511231 0.450707 0.221143
0.159835 0.0277366 0.152531 0.0499733 9.9982E-05 9.9982E-05 0.0615613 0.170853 0.364595 0.0127145
9.9982E-05 0.0525805 0.0933378 0.123561 0.206353 0.0192235 9.9982E-05 0.0445038 0.403629 0.0566116
9.9955E-05 9.9955E-05 0.580049 9.9955E-05 9.9955E-05 0.0941209 0.142113 0.0555318 9.9955E-05 0.127686
9.9955E-05 0.0201705 9.9955E-05 0.350853 0.0818487 0.498567 9.9955E-05 9.9955E-05 9.9955E-05 0.0480614
0.28229 0.141153 9.9973E-05 9.9973E-05 0.0149693 0.123061 0.114525 0.0769041 9.9973E-05 0.246798
9.9982E-05 0.0134101 0.364312 0.00195914 0.0806143 9.9982E-05 0.0137759 0.062285 0.422822 0.0406217
9.9955E-05 9.9955E-05 0.226506 9.9955E-05 0.044394 0.35594 9.9955E-05 9.9955E-05 0.260175 0.112486
9.99729E-05 0.0630181 0.0335011 0.0415218 0.617631 0.00260747 9.99729E-05 0.0618999 0.179521 9.99729E-05
9.9973E-05 0.0549441 0.508897 9.9973E-05 0.0107466 0.233604 0.0923222 0.00674349 0.0924432 9.9973E-05
9.99279E-05 9.99279E-05 0.144274 9.99279E-05 9.99279E-05 9.99279E-05 9.99279E-05 9.99279E-05 9.99279E-05 0.854927
0.0344922 9.9973E-05 0.15556 0.0845055 0.141994 0.0636826 9.9973E-05 0.0485498 0.470916 9.9973E-05
9.99729E-05 0.0967597 0.268775 9.99729E-05 9.99729E-05 0.165313 0.0858367 0.0515813 0.272948 0.058487
0.0973494 9.9964E-05 9.9964E-05 0.128087 9.9964E-05 0.518056 0.0035202 0.0366999 9.9964E-05 0.215888
9.99201E-05 9.99201E-05 9.99201E-05 0.999101 9.99201E-05 9.99201E-05 9.99201E-05 9.99201E-05 9.99201E-05 9.99201E-05
0.0882553 9.9973E-05 9.9973E-05 0.0863245 0.0101763 0.090612 0.169803 0.0345209 0.520008 9.9973E-05
9.9946E-05 9.9946E-05 9.9946E-05 0.355357 9.9946E-05 0.0943251 0.0519046 9.9946E-05 9.9946E-05 0.497813
0.264171 9.9973E-05 0.0908338 9.9973E-05 0.192932 0.150495 0.0629495 0.00921187 0.229107 9.9973E-05
0.0978875 0.151481 0.316284 0.201415 9.99729E-05 0.0812628 0.0771752 0.0741952 9.99729E-05 9.99729E-05
9.9973E-05 0.177016 0.387848 9.9973E-05 0.0181094 0.034749 0.00114473 0.0326138 0.348219 9.9973E-05
9.9982E-05 0.0493026 9.9982E-05 0.15665 0.0272092 0.0242999 0.150752 0.0377774 0.375177 0.178631
0.0476619 0.10273 9.9982E-05 0.0418289 0.00898938 9.9982E-05 0.0566984 0.0520228 0.570545 0.119324
0.259059 9.9955E-05 0.279306 0.266655 0.133913 9.9955E-05 9.9955E-05 9.9955E-05 0.0605668 9.9955E-05
0.000537788 9.99369E-05 9.99369E-05 9.99369E-05 9.99369E-05 9.99369E-05 9.99369E-05 0.0096489 9.99369E-05 0.989114
0.0888276 9.9991E-05 0.369107 0.017547 0.0212577 0.111738 0.174345 0.0313752 0.0571868 0.128515
0.23451 0.0956543 0.0181416 0.0463325 0.00866924 0.00422746 9.9982E-05 9.9982E-05 0.402918 0.189348
0.431131 0.107981 9.9973E-05 9.9973E-05 0.0902513 0.0907164 0.0361885 9.9973E-05 0.15604 0.0873915
9.9946E-05 0.0556006 0.66887 9.9946E-05 9.9946E-05 0.246164 9.9946E-05 9.9946E-05 9.9946E-05 0.028766
0.0966478 0.129918 0.255763 0.177004 0.139401 0.0762323 9.9982E-05 0.0283866 0.0964467 9.9982E-05
0.00867723 9.9982E-05 0.00478226 0.135199 0.0153271 0.540641 0.0640772 0.0560121 9.9982E-05 0.175084
0.319229 0.105904 0.268835 0.108708 0.151376 9.9964E-05 9.9964E-05 0.0455488 9.9964E-05 9.9964E-05
0.249658 0.625665 9.9964E-05 0.00141644 0.0205813 9.9964E-05 9.9964E-05 0.0204525 0.0818272 9.9964E-05
9.9964E-05 0.212863 9.9964E-05 9.9964E-05 0.0843288 9.9964E-05 0.156884 0.0157681 0.358895 0.170862
0.0180665 0.192918 0.59373 9.9946E-05 0.194686 9.9946E-05 9.9946E-05 9.9946E-05 9.9946E-05 9.9946E-05
0.00150662 9.9973E-05 0.182842 9.9973E-05 9.9973E-05 0.0635349 0.0338285 0.0739969 0.484499 0.159492
0.637466 0.178678 9.99551E-05 9.99551E-05 0.0667474 9.99551E-05 0.0205407 9.99551E-05 9.99551E-05 0.0960683
0.207674 9.9973E-05 0.366158 0.170706 0.0465597 9.9973E-05 0.0281569 0.0582728 0.122172 9.9973E-05
0.0875221 0.103564 0.416892 0.0666242 0.0402428 0.0259855 0.0495677 9.9991E-05 0.105414 0.104088
0.145476 9.9982E-05 0.180937 0.136358 9.9982E-05 0.0478846 0.102207 0.0518038 0.00608537 0.329048
0.000354348 9.99459E-05 9.99459E-05 9.99459E-05 9.99459E-05 0.281395 9.99459E-05 0.0531073 0.664544 9.99459E-05
0.24281 9.9973E-05 0.155236 0.0628002 9.9973E-05 0.276011 0.0899481 0.0851363 9.9973E-05 0.0877588
0.118389 9.9955E-05 0.309468 9.9955E-05 9.9955E-05 0.276397 9.9955E-05 0.00436989 0.290876 9.9955E-05
9.9937E-05 9.9937E-05 9.9937E-05 0.0264591 0.884065 9.9937E-05 9.9937E-05 0.0887759 9.9937E-05 9.9937E-05
9.9964E-05 0.134659 0.0500624 0.179723 9.9964E-05 0.146523 0.10272 9.9964E-05 0.385913 9.9964E-05
9.9946E-05 0.00106092 9.9946E-05 0.796053 9.9946E-05 0.0278749 9.9946E-05 9.9946E-05 0.174412 9.9946E-05
0.0721641 9.9973E-05 0.15636 0.437452 0.110073 0.0262572 0.104954 9.9973E-05 9.9973E-05 0.0924401
9.9955E-05 9.9955E-05 0.52258 9.9955E-05 0.00164171 0.0156698 9.9955E-05 0.0343647 0.425244 9.9955E-05
9.9946E-05 9.9946E-05 0.323344 0.200479 9.9946E-05 0.296486 9.9946E-05 9.9946E-05 0.179092 9.9946E-05
9.998E-05 0.196841 9.998E-05 0.0612306 0.0548585 0.155298 0.0440385 0.0964313 0.301169 0.0899332
0.2941 0.00189536 0.37596 9.9982E-05 0.113335 0.0237122 0.107559 9.9982E-05 0.0363438 0.0468947
9.9973E-05 0.0739387 0.272991 0.254216 0.0303206 0.305024 9.9973E-05 0.061146 9.9973E-05 0.00206312
9.99639E-05 9.99639E-05 0.341514 0.0643579 0.0541436 0.36117 9.99639E-05 0.114222 0.0641925 9.99639E-05
9.997E-05 0.00371789 0.501998 9.997E-05 0.0226415 0.177196 0.104716 0.00684172 0.182588 9.997E-05
9.9955E-05 0.111414 9.9955E-05 9.9955E-05 9.9955E-05 0.408041 0.093225 9.9955E-05 0.0243582 0.362462
0.277271 0.276267 0.24425 9.9982E-05 0.0755204 0.02197 0.0606412 0.0398836 9.9982E-05 0.00399682
0.0579487 9.9955E-05 9.9955E-05 9.9955E-05 9.9955E-05 9.9955E-05 0.0309764 0.164666 0.445083 0.300827
9.9964E-05 0.0281232 0.02386 9.9964E-05 9.9964E-05 0.328372 0.0373656 0.0469822 0.534897 9.9964E-05
0.108542 0.00387155 9.99549E-05 0.00357875 9.99549E-05 0.381319 9.99549E-05 9.99549E-05 0.502189 9.99549E-05
9.9955E-05 9.9955E-05 9.9955E-05 9.9955E-05 9.9955E-05 0.479293 0.0111837 0.016586 0.308809 0.183628
0.064749 0.0843186 0.154293 0.210406 0.0430414 0.149336 0.0124834 0.0618457 0.219426 9.9991E-05
0.361014 9.9955E-05 9.9955E-05 0.202113 9.9955E-05 0.316971 9.9955E-05 0.0161692 0.103234 9.9955E-05
0.027935 0.125493 0.38896 0.048883 0.214777 9.9973E-05 0.0306912 9.9973E-05 9.9973E-05 0.162961
0.334104 0.0860026 9.9973E-05 0.0153803 0.121106 0.381139 0.0345645 0.0274035 9.9973E-05 9.9973E-05
0.145742 9.9982E-05 0.361744 0.0842591 0.107818 0.189512 0.010017 0.0843523 0.0163559 9.9982E-05
0.252337 0.163786 0.059561 0.137347 9.9973E-05 9.9973E-05 0.0594682 9.9973E-05 0.12767 0.199531
9.99369E-05 9.99369E-05 9.99369E-05 0.630595 9.99369E-05 9.99369E-05 9.99369E-05 0.0119309 0.356774 9.99369E-05
0.86782 9.9937E-05 9.9937E-05 9.9937E-05 9.9937E-05 9.9937E-05 0.069164 0.0623167 9.9937E-05 9.9937E-05
9.9973E-05 0.0373869 0.1986 0.30838 0.186072 0.195254 0.0591705 0.0148369 9.9973E-05 9.9973E-05
0.211085 9.9964E-05 0.303694 0.201902 9.9964E-05 9.9964E-05 9.9964E-05 0.0216324 0.112581 0.148705
9.9946E-05 9.9946E-05 9.9946E-05 9.9946E-05 0.931906 9.9946E-05 0.00618511 0.0321129 9.9946E-05 0.0291959
9.9946E-05 9.9946E-05 0.336086 9.9946E-05 9.9946E-05 0.200714 0.0423321 9.9946E-05 9.9946E-05 0.420269
0.232764 9.9973E-05 0.0923393 0.259271 0.0225111 0.0475824 9.9973E-05 0.0431748 0.302058 9.9973E-05
9.9964E-05 0.204139 0.235492 0.0225677 9.9964E-05 0.309571 9.9964E-05 0.0731353 0.154695 9.9964E-05
0.0438015 9.9955E-05 9.9955E-05 0.216392 9.9955E-05 0.218356 0.0658376 9.9955E-05 0.455113 9.9955E-05
0.0559725 0.0308526 9.9991E-05 0.00373146 0.0602951 0.0699128 0.0641474 0.025162 0.678883 0.0109429
9.9964E-05 0.135846 0.119424 0.160943 9.9964E-05 9.9964E-05 0.0343431 9.9964E-05 0.193266 0.355778
0.281398 9.99461E-05 0.544584 9.99461E-05 9.99461E-05 9.99461E-05 0.06709 9.99461E-05 0.106329 9.99461E-05
0.114511 9.99551E-05 9.99551E-05 9.99551E-05 0.378631 9.99551E-05 9.99551E-05 0.0588712 0.287254 0.160233
0.0331465 9.99639E-05 0.237049 9.99639E-05 0.274825 0.254446 9.99639E-05 0.0131658 0.186967 9.99639E-05
9.99639E-05 9.99639E-05 0.334794 0.0916765 0.0665228 0.23212 9.99639E-05 0.04672 0.227767 9.99639E-05
9.99201E-05 9.99201E-05 9.99201E-05 9.99201E-05 0.999101 9.99201E-05 9.99201E-05 9.99201E-05 9.99201E-05 9.99201E-05
9.99639E-05 9.99639E-05 0.289274 9.99639E-05 0.0858075 0.244597 0.150723 0.0256728 0.203526 9.99639E-05
9.99459E-05 9.99459E-05 9.99459E-05 0.0243283 9.99459E-05 9.99459E-05 0.909771 0.0213033 9.99459E-05 0.0439975
0.292161 0.0776944 9.9973E-05 0.222058 0.0431102 0.315596 0.0452325 0.0038482 9.9973E-05 9.9973E-05
9.9955E-05 0.175055 0.270788 9.9955E-05 0.0512643 0.122406 9.9955E-05 9.9955E-05 0.379986 9.9955E-05
0.153333 0.188433 9.996E-05 0.0500288 9.996E-05 0.195777 9.996E-05 9.996E-05 0.172978 0.23905
0.0101858 0.133709 0.25307 0.0883997 0.102672 9.9982E-05 0.133975 0.0506191 0.227169 9.9982E-05
9.9955E-05 0.0434095 0.435026 0.0258996 0.223373 0.271793 9.9955E-05 9.9955E-05 9.9955E-05 9.9955E-05
9.9982E-05 0.00186577 0.47745 0.339486 0.0385045 0.0251478 0.0976969 0.0136397 9.9982E-05 0.0060095
0.0641387 0.0122585 0.132143 9.9973E-05 9.9973E-05 0.140992 0.146407 0.0293411 0.47442 9.9973E-05
9.9973E-05 9.9973E-05 0.223703 9.9973E-05 0.127495 0.0343494 0.045087 0.00813977 0.0387722 0.522154
0.0329976 0.11772 0.283895 9.9973E-05 0.140229 0.139372 0.071344 9.9973E-05 0.214142 9.9973E-05
0.0699939 9.9973E-05 9.9973E-05 9.9973E-05 0.384672 0.0596732 0.00417921 0.0930745 0.344485 0.0436221
9.99279E-05 9.99279E-05 9.99279E-05 9.99279E-05 9.99279E-05 9.99279E-05 9.99279E-05 9.99279E-05 0.724374 0.274826
0.0239699 9.9928E-05 9.9928E-05 9.9928E-05 0.975231 9.9928E-05 9.9928E-05 9.9928E-05 9.9928E-05 9.9928E-05
9.9964E-05 9.9964E-05 0.276937 0.050647 9.9964E-05 0.139282 0.192029 9.9964E-05 0.303279 0.037426
0.149461 9.9973E-05 9.9973E-05 0.500743 0.0186489 0.0983737 9.9973E-05 0.0518 0.0680933 0.11258
0.110679 9.9946E-05 9.9946E-05 9.9946E-05 9.9946E-05 0.126543 9.9946E-05 9.9946E-05 0.565775 0.196404
0.317291 9.99459E-05 9.99459E-05 9.99459E-05 9.99459E-05 0.395837 9.99459E-05 0.0384391 9.99459E-05 0.247834
0.0510608 0.0520777 9.9982E-05 0.200989 0.0118689 0.121799 9.9982E-05 0.0897713 0.345607 0.126626
9.9964E-05 9.9964E-05 9.9964E-05 0.136299 0.405799 0.244812 9.9964E-05 0.0990042 0.112954 0.000732497
9.9964E-05 9.9964E-05 0.0131818 9.9964E-05 0.104167 9.9964E-05 0.0608743 0.0910384 0.26845 0.461889
0.486817 0.187513 0.0183069 9.9964E-05 9.9964E-05 0.0282363 0.0833961 9.9964E-05 0.195331 9.9964E-05
0.0971921 9.9955E-05 0.492724 9.9955E-05 0.15321 9.9955E-05 9.9955E-05 0.0451391 9.9955E-05 0.211235
0.328293 0.00205484 0.0561464 9.9973E-05 0.0492328 0.331685 9.9973E-05 0.0234339 0.208854 9.9973E-05
9.9946E-05 0.0255669 0.820335 0.089092 9.9946E-05 9.9946E-05 9.9946E-05 0.064406 9.9946E-05 9.9946E-05
9.9982E-05 0.05814 0.406655 0.136012 0.15939 0.00889208 0.0407127 0.0396386 0.150359 9.9982E-05
0.700622 0.118591 9.99459E-05 9.99459E-05 9.99459E-05 0.135358 9.99459E-05 0.0448292 9.99459E-05 9.99459E-05
9.9964E-05 9.9964E-05 9.9964E-05 0.26191 0.156818 0.0645438 0.0135635 0.0100532 9.9964E-05 0.492712
9.9946E-05 9.9946E-05 9.9946E-05 0.271885 9.9946E-05 9.9946E-05 9.9946E-05 0.014312 0.56748 0.145723
0.286638 9.9982E-05 9.9982E-05 0.059402 0.0697172 0.0541613 0.0399346 0.0891577 0.396876 0.00391281
0.323118 9.9955E-05 9.9955E-05 9.9955E-05 0.200844 0.30571 9.9955E-05 9.9955E-05 0.160522 0.00930665
9.9973E-05 0.0545154 0.320196 9.9973E-05 0.174207 0.128254 0.00593861 0.073882 0.242706 9.9973E-05
0.16227 9.9964E-05 0.321877 0.0323081 9.9964E-05 9.9964E-05 0.0592392 0.00932305 0.414583 9.9964E-05
0.436529 9.9964E-05 0.229146 9.9964E-05 0.00646541 9.9964E-05 0.0717589 0.0754957 0.180205 9.9964E-05
0.150651 0.84855 9.99279E-05 9.99279E-05 9.99279E-05 9.99279E-05 9.99279E-05 9.99279E-05 9.99279E-05 9.99279E-05
9.99201E-05 0.999101 9.99201E-05 9.99201E-05 9.99201E-05 9.99201E-05 9.99201E-05 9.99201E-05 9.99201E-05 9.99201E-05
0.146624 0.0139438 0.0220177 0.0630693 9.9973E-05 9.9973E-05 9.9973E-05 0.0359209 0.181731 0.536393
0.198221 0.0108074 0.0513686 0.0122156 9.9991E-05 0.305601 0.0933845 0.0147441 0.245041 0.0685168
0.383565 9.9973E-05 9.9973E-05 9.9973E-05 0.0682689 0.005474 0.126879 0.104718 0.183087 0.127708
9.9946E-05 9.9946E-05 0.63475 9.9946E-05 9.9946E-05 0.237619 0.0349191 0.0921118 9.9946E-05 9.9946E-05
0.300776 9.9982E-05 0.322977 0.0247869 0.0837068 0.0349845 0.029383 0.00552027 0.197666 9.9982E-05
0.124141 9.99639E-05 0.419977 0.197815 0.0831338 9.99639E-05 0.00436541 9.99639E-05 9.99639E-05 0.170167
0.130266 0.114401 0.0416154 0.151064 0.0918646 0.00409951 0.0639031 0.0624511 0.340236 9.9991E-05
9.9973E-05 9.9973E-05 9.9973E-05 0.026491 0.39375 0.134914 0.0203368 0.0661557 0.256017 0.102036
9.9982E-05 0.092381 0.206907 0.0751745 9.9982E-05 0.0192308 0.0723822 0.037627 0.481447 0.0146507
9.99201E-05 9.99201E-05 9.99201E-05 9.99201E-05 9.99201E-05 9.99201E-05 9.99201E-05 0.999101 9.99201E-05 9.99201E-05
9.9955E-05 9.9955E-05 9.9955E-05 0.650179 9.9955E-05 9.9955E-05 0.06662 0.00833001 0.162088 0.112284
0.0441648 0.126345 9.9964E-05 0.0802563 9.9964E-05 9.9964E-05 0.213204 0.0407814 0.494849 9.9964E-05
0.64387 9.99639E-05 9.99639E-05 9.99639E-05 0.0404698 0.166325 0.0560659 0.0204825 9.99639E-05 0.0723867
0.3055 0.0439416 9.9973E-05 0.202361 9.9973E-05 9.9973E-05 0.148413 0.0449623 0.228399 0.0261238
0.158465 0.0421377 0.071434 0.166311 0.130464 0.110576 0.0528488 0.0761905 0.0850302 0.106543
0.0495194 0.201521 0.0155115 9.9982E-05 0.0285129 0.162295 9.9982E-05 0.0604203 0.036674 0.445345
0.475298 0.00406216 9.99729E-05 0.0902896 0.06826 0.160412 9.99729E-05 0.0622851 0.139094 9.99729E-05
9.9982E-05 0.153927 9.9982E-05 0.0927748 0.110659 0.150579 0.0292218 0.0670676 0.223688 0.171882
0.194306 9.99729E-05 0.355178 0.175345 9.99729E-05 9.99729E-05 0.0290723 0.0377347 0.17039 0.0376736
9.9982E-05 9.9982E-05 0.13066 0.0102104 0.150499 0.0672429 0.0382363 0.0198607 0.539154 0.0439367
9.9946E-05 0.022606 9.9946E-05 0.421625 0.0815672 9.9946E-05 9.9946E-05 9.9946E-05 0.473602 9.9946E-05
0.0257353 9.9982E-05 0.314595 0.075695 0.132828 0.0887293 9.9982E-05 0.0345562 0.167089 0.160572
0.240565 9.9973E-05 0.0277008 0.0629418 9.9973E-05 0.282191 0.0737257 0.0553812 0.257194 9.9973E-05
9.99201E-05 9.99201E-05 9.99201E-05 9.99201E-05 9.99201E-05 9.99201E-05 9.99201E-05 0.999101 9.99201E-05 9.99201E-05
0.104154 9.9973E-05 0.0454844 0.161628 9.9973E-05 0.244099 9.9973E-05 0.38113 0.0189881 0.0442175
9.9955E-05 0.282141 9.9955E-05 9.9955E-05 9.9955E-05 0.159078 0.0899296 9.9955E-05 0.363565 0.104786
0.073474 0.0257184 0.244709 0.0555875 0.105787 9.9991E-05 0.046733 0.0509958 0.269846 0.12705
9.9955E-05 9.9955E-05 9.9955E-05 0.74793 0.0463288 0.0114077 9.9955E-05 0.0407213 9.9955E-05 0.153113
0.157198 9.99729E-05 0.349012 0.185798 9.99729E-05 0.253142 9.99729E-05 0.0086985 0.0438901 0.00196237
0.170194 9.9964E-05 0.440797 0.050059 9.9964E-05 9.9964E-05 0.161976 0.0585856 0.117987 9.9964E-05
9.99201E-05 0.999101 9.99201E-05 9.99201E-05 9.99201E-05 9.99201E-05 9.99201E-05 9.99201E-05 9.99201E-05 9.99201E-05
9.9955E-05 9.9955E-05 9.9955E-05 0.0209176 9.9955E-05 0.503966 9.9955E-05 0.068857 0.246347 0.159413
0.154529 0.0750665 0.48301 0.131689 0.111371 9.99639E-05 9.99639E-05 9.99639E-05 9.99639E-05 0.0439357
0.423371 0.131788 0.0877602 9.9982E-05 0.0755576 0.115294 0.0970487 0.0489653 0.020015 9.9982E-05
0.218577 0.0305036 0.158611 0.250111 0.143006 0.0425622 9.998E-05 0.0615453 0.0948832 9.998E-05
0.0372273 0.419713 0.309621 9.9973E-05 9.9973E-05 0.0545146 0.075546 0.0392853 9.9973E-05 0.0637934
0.159988 9.99549E-05 0.326336 0.278013 9.99549E-05 0.125891 9.99549E-05 0.109272 9.99549E-05 9.99549E-05
0.339712 9.9964E-05 0.189727 9.9964E-05 0.0186737 0.167244 0.0853971 9.9964E-05 0.198846 9.9964E-05
0.512518 0.0090144 0.0242231 0.0406811 9.9991E-05 0.13221 0.0134763 0.0828951 0.162447 0.0224352
0.6588 0.092152 9.9973E-05 0.0706335 0.0753724 9.9973E-05 0.0205066 0.0189587 9.9973E-05 0.063277
9.9928E-05 9.9928E-05 9.9928E-05 9.9928E-05 9.9928E-05 0.00489061 0.99431 9.9928E-05 9.9928E-05 9.9928E-05
9.9955E-05 0.0982013 0.0622275 9.9955E-05 9.9955E-05 9.9955E-05 0.0297187 9.9955E-05 0.162321 0.647032
9.99201E-05 9.99201E-05 9.99201E-05 9.99201E-05 9.99201E-05 0.999101 9.99201E-05 9.99201E-05 9.99201E-05 9.99201E-05
9.9973E-05 9.9973E-05 0.311258 0.241185 0.0992439 0.169417 9.9973E-05 0.0312419 0.0839813 0.0633736
9.9955E-05 0.277277 0.300416 0.353182 9.9955E-05 9.9955E-05 0.0335538 0.0350713 9.9955E-05 9.9955E-05
0.0766134 0.0205373 9.9973E-05 0.0808742 0.139531 0.0308122 9.9973E-05 9.9973E-05 0.502652 0.14868
0.360954 0.0868875 9.9964E-05 0.326314 0.039089 0.169026 0.0173302 9.9964E-05 9.9964E-05 9.9964E-05
9.99201E-05 9.99201E-05 9.99201E-05 9.99201E-05 9.99201E-05 9.99201E-05 0.999101 9.99201E-05 9.99201E-05 9.99201E-05
0.204218 9.997E-05 9.997E-05 0.0993562 0.0560747 0.154639 9.997E-05 0.0291075 0.307566 0.148738
9.9973E-05 0.0294823 0.249814 0.379771 0.102908 0.0812003 0.140824 0.0157006 9.9973E-05 9.9973E-05
0.140684 0.0121253 9.9973E-05 0.061509 9.9973E-05 0.118485 0.0229976 0.0239744 0.619925 9.9973E-05
0.108576 0.272174 9.9973E-05 0.110384 0.0735091 0.0418543 9.9973E-05 9.9973E-05 0.0204826 0.37272
