9.99549E-05 9.99549E-05 0.0741489 0.658835 0.0895849 9.99549E-05 0.137022 0.0399088 9.99549E-05 9.99549E-05
0.0503429 9.9982E-05 0.223374 0.121303 0.0340836 0.130382 0.137208 0.231615 0.0714908 9.9982E-05
0.0917978 0.13586 0.084535 0.0411149 0.252718 0.0515674 0.282513 0.0596938 9.99819E-05 9.99819E-05
0.108449 9.9964E-05 9.9964E-05 0.0516278 0.627902 0.0517266 9.9964E-05 0.116205 0.0436898 9.9964E-05
0.0771421 0.195161 0.155577 9.9991E-05 0.224763 0.00367083 0.226085 0.036488 0.0677946 0.0132178
0.00975849 0.2315 0.229009 9.9973E-05 0.337097 9.9973E-05 0.0446061 9.9973E-05 0.0598093 0.0879199
0.0114959 0.206251 9.9973E-05 0.288406 0.299226 0.0328517 0.138535 9.9973E-05 0.0229345 9.9973E-05
0.0386243 0.489117 0.0331075 0.117093 0.0729195 0.0389532 9.9982E-05 0.204221 0.00576424 9.9982E-05
9.9973E-05 0.411797 9.9973E-05 0.0401312 0.0137068 0.0685527 9.9973E-05 0.0581759 0.0335901 0.373747
0.0760006 0.308133 9.9964E-05 0.220417 9.9964E-05 0.125602 9.9964E-05 9.9964E-05 0.197612 0.0718362
0.0243965 0.0143614 0.710553 0.0454256 0.0114763 9.9973E-05 9.9973E-05 0.0728272 0.12066 9.9973E-05
9.99459E-05 9.99459E-05 0.0542345 0.0197416 9.99459E-05 0.0523726 9.99459E-05 9.99459E-05 9.99459E-05 0.873052
0.121332 0.42136 0.0320815 9.9973E-05 0.233331 9.9973E-05 0.0447214 9.9973E-05 0.0376502 0.109224
0.000263463 0.417454 0.03937 0.21826 9.9973E-05 0.100777 9.9973E-05 9.9973E-05 0.0952183 0.128357
0.0170588 0.166881 0.755965 9.99729E-05 9.99729E-05 9.99729E-05 0.00686072 0.000292475 0.00519004 0.0474524
0.141044 9.9982E-05 0.288579 0.114833 0.0348311 0.0122874 0.147489 0.221979 9.9982E-05 0.0387564
9.99369E-05 9.99369E-05 0.927988 9.99369E-05 9.99369E-05 9.99369E-05 9.99369E-05 0.0587151 0.012597 9.99369E-05
0.133948 9.9982E-05 0.200111 0.206995 0.144953 0.0523079 9.9982E-05 0.116961 0.0279636 0.116561
0.059037 0.18248 0.117546 0.172604 0.0489516 9.9973E-05 0.347796 9.9973E-05 9.9973E-05 0.0712849
0.0333868 0.0745324 9.9982E-05 0.105821 0.239853 0.14015 9.9982E-05 0.203872 0.0174122 0.184772
0.042238 0.579108 9.99639E-05 0.271295 0.0386116 9.99639E-05 9.99639E-05 0.0306623 0.0376849 9.99639E-05
0.0473868 0.511758 0.107482 0.0703747 0.0881355 9.9982E-05 0.149613 9.9982E-05 0.00971148 0.0153382
0.140312 0.241601 0.0180615 9.9982E-05 0.329528 9.9982E-05 0.151328 0.0956826 0.0151444 0.00814372
9.9964E-05 0.0793966 0.195388 0.0281298 0.339534 0.223587 9.9964E-05 0.133565 9.9964E-05 9.9964E-05
0.0422243 9.9937E-05 0.862506 9.9937E-05 9.9937E-05 9.9937E-05 9.9937E-05 9.9937E-05 0.0945697 9.9937E-05
0.00890526 0.0220816 0.39806 0.3342 0.115364 0.0471018 9.9982E-05 0.0334906 0.0405977 9.9982E-05
0.0424218 0.0367973 9.9991E-05 0.0106602 0.155202 0.121388 0.0682335 0.216636 0.123025 0.225537
0.0745991 0.0999872 0.0682552 0.215963 9.9991E-05 0.0656969 0.0889597 0.15815 0.0706524 0.157636
9.9973E-05 0.230729 0.288604 0.0699418 0.205183 0.138557 9.9973E-05 0.021435 0.0452504 9.9973E-05
9.99729E-05 0.0924164 0.0419097 0.0663806 0.0740955 0.580192 9.99729E-05 0.143831 9.99729E-05 0.00087449
0.0274541 0.0796347 0.200707 9.9982E-05 0.111337 0.0607876 0.0947391 0.0472041 9.9982E-05 0.377936
9.9964E-05 0.392867 9.9964E-05 0.182248 9.9964E-05 0.0863297 0.0384009 9.9964E-05 0.0763303 0.223425
0.0180328 0.0380609 0.241614 0.111143 0.398162 0.0420744 0.0570955 0.0214087 9.9991E-05 0.0723087
0.0159992 0.443302 0.117098 0.0709821 0.136799 9.997E-05 9.997E-05 0.102054 0.113465 9.997E-05
0.0765094 9.9964E-05 0.494233 0.152488 9.9964E-05 9.9964E-05 0.00296159 9.9964E-05 0.092415 0.180993
0.0311404 9.9928E-05 9.9928E-05 0.96806 9.9928E-05 9.9928E-05 9.9928E-05 9.9928E-05 9.9928E-05 9.9928E-05
0.0659499 0.130859 9.9964E-05 0.119258 0.569906 9.9964E-05 9.9964E-05 0.0460448 0.0675816 9.9964E-05
9.9964E-05 9.9964E-05 0.285593 0.400063 9.9964E-05 0.0338757 0.0349982 9.9964E-05 0.0827944 0.162275
9.9964E-05 0.58831 9.9964E-05 9.9964E-05 0.183341 0.0617869 9.9964E-05 0.0369284 0.0996148 0.0296191
0.0571994 0.0670829 0.225699 0.128051 0.0543274 9.9982E-05 0.154608 0.135713 9.9982E-05 0.17712
9.9964E-05 0.433646 9.9964E-05 9.9964E-05 0.118926 0.071872 0.193209 0.0894487 0.0924979 9.9964E-05
0.0181816 9.9964E-05 9.9964E-05 0.144298 0.270238 0.0338118 9.9964E-05 0.447618 0.0854531 9.9964E-05
0.060562 0.138278 9.9973E-05 0.0812212 0.268536 9.9973E-05 9.9973E-05 0.342442 0.077946 0.0307158
9.9964E-05 0.00383207 9.9964E-05 0.312978 0.211044 0.136632 0.153926 9.9964E-05 9.9964E-05 0.181188
0.00108551 9.9982E-05 0.0867493 0.199733 9.9982E-05 0.0601315 0.0130247 0.0905997 0.0516773 0.496799
9.9955E-05 0.258175 0.0476381 9.9955E-05 0.105446 9.9955E-05 9.9955E-05 9.9955E-05 0.135728 0.452514
0.0154686 0.0523207 0.176052 0.0351869 0.312505 0.00575192 9.9982E-05 0.0988488 9.9982E-05 0.303667
9.9964E-05 0.147743 9.9964E-05 9.9964E-05 0.478142 0.0455134 0.0987109 0.124822 9.9964E-05 0.104669
0.0512509 9.9973E-05 0.278071 9.9973E-05 0.0293828 0.0215734 0.569878 0.0271765 0.0223674 9.9973E-05
0.0156574 0.478788 0.188592 0.0587177 9.9973E-05 0.0411651 0.0431405 0.173639 9.9973E-05 9.9973E-05
0.119936 0.200548 0.243701 0.19536 9.9973E-05 0.0507397 0.0606353 9.9973E-05 9.9973E-05 0.128781
0.0728368 0.0487157 9.9982E-05 0.0243487 0.0956721 0.0452985 0.346863 0.118007 9.9982E-05 0.248058
0.0376714 0.0641387 9.9964E-05 9.9964E-05 9.9964E-05 0.0685982 9.9964E-05 0.721759 0.0279606 0.0794722
0.0162759 0.546822 9.9973E-05 0.0507079 0.163516 0.00480157 9.9973E-05 0.053624 0.163952 9.9973E-05
9.99279E-05 9.99279E-05 9.99279E-05 9.99279E-05 9.99279E-05 0.0208609 0.97834 9.99279E-05 9.99279E-05 9.99279E-05
0.037479 0.17835 9.9973E-05 0.0185293 0.254595 9.9973E-05 9.9973E-05 0.117096 0.0416787 0.351971
9.99281E-05 9.99281E-05 9.99281E-05 9.99281E-05 9.99281E-05 9.99281E-05 0.984441 9.99281E-05 9.99281E-05 0.0147591
0.0411419 9.99459E-05 9.99459E-05 0.0679296 0.183893 9.99459E-05 0.706435 9.99459E-05 9.99459E-05 9.99459E-05
0.0356752 0.237453 0.287295 9.9982E-05 0.0180416 0.002401 0.151495 0.159011 0.108429 9.9982E-05
0.0509774 0.212351 0.0933002 0.150713 9.9982E-05 9.9982E-05 0.129009 0.0371959 0.148525 0.17773
0.0393751 9.99575E-05 0.110012 9.99575E-05 0.791402 0.0136465 9.99575E-05 0.0450646 9.99575E-05 9.99575E-05
0.0652679 9.9973E-05 0.413109 0.0594863 0.203851 0.0024999 9.9973E-05 0.134289 0.121198 9.9973E-05
0.0272565 0.195189 0.220624 9.9973E-05 0.283621 9.9973E-05 0.0925212 0.145805 9.9973E-05 0.0346838
0.0528368 9.9946E-05 9.9946E-05 9.9946E-05 0.0464073 0.893154 9.9946E-05 9.9946E-05 0.00700213 9.9946E-05
9.9973E-05 0.054223 0.122949 0.361455 0.250683 9.9973E-05 9.9973E-05 0.0438207 0.119341 0.0472281
0.0232226 9.9946E-05 9.9946E-05 0.928791 9.9946E-05 9.9946E-05 0.0116084 9.9946E-05 0.0357779 9.9946E-05
0.0094006 0.0428051 9.9973E-05 0.423286 0.335179 0.00190346 0.0442909 9.9973E-05 0.142835 9.9973E-05
0.0129089 0.884782 9.9946E-05 9.9946E-05 0.0594408 9.9946E-05 0.0422692 9.9946E-05 9.9946E-05 9.9946E-05
9.9937E-05 9.9937E-05 0.310516 0.243914 0.444871 9.9937E-05 9.9937E-05 9.9937E-05 9.9937E-05 9.9937E-05
0.0963402 0.0130723 0.11344 0.0962341 0.128347 0.118183 0.0392345 0.288205 0.106844 9.9991E-05
9.9946E-05 9.9946E-05 9.9946E-05 9.9946E-05 0.133376 0.0200474 0.693195 9.9946E-05 0.152782 9.9946E-05
0.0655153 0.337313 0.350912 0.245055 9.9955E-05 0.000704713 9.9955E-05 9.9955E-05 9.9955E-05 9.9955E-05
0.0584746 0.0706394 0.366826 0.0439862 0.224308 0.0896166 9.9982E-05 0.0229662 9.9982E-05 0.122983
0.0146374 0.314138 0.164694 9.9973E-05 9.9973E-05 0.113061 0.106414 0.229897 0.0568594 9.9973E-05
0.00416761 0.501862 0.122868 0.0944009 9.9964E-05 0.0811315 9.9964E-05 9.9964E-05 0.19517 9.9964E-05
0.00103133 0.015309 9.9964E-05 9.9964E-05 9.9964E-05 9.9964E-05 0.212244 0.296731 0.0867917 0.387493
0.0758509 0.178326 9.9973E-05 9.9973E-05 0.472772 0.00607877 9.9973E-05 0.00718225 0.00818772 0.251303
0.0417571 9.99639E-05 0.133353 9.99639E-05 0.603898 0.0267701 9.99639E-05 0.161047 0.032775 9.99639E-05
9.9955E-05 9.9955E-05 0.25354 0.0046372 0.659787 9.9955E-05 0.0448061 9.9955E-05 0.0367304 9.9955E-05
0.0291327 0.0170661 0.243998 0.158524 0.458312 0.0893634 9.9973E-05 9.9973E-05 9.9973E-05 0.00330388
0.0782031 0.28114 9.9982E-05 0.110188 0.291428 0.030164 9.9982E-05 0.171121 0.0355756 0.00198137
0.0409964 9.9964E-05 0.206211 0.0568776 0.601493 9.9964E-05 9.9964E-05 9.9964E-05 0.0403268 0.0536948
9.9964E-05 9.9964E-05 9.9964E-05 9.9964E-05 0.0060409 0.182071 0.076197 0.197047 0.04879 0.489454
0.0250035 9.9964E-05 0.251662 9.9964E-05 0.210499 9.9964E-05 9.9964E-05 0.371566 0.00349442 0.137374
0.0249127 0.220626 0.0470227 0.0303229 0.441976 0.0256076 0.209233 9.9973E-05 9.9973E-05 9.9973E-05
9.9973E-05 9.9973E-05 0.00129154 0.235852 0.0663724 9.9973E-05 0.238903 0.242354 0.122993 0.0919346
0.0644018 0.00991091 0.0582133 0.677657 0.1114 0.0520626 0.00816732 0.0179864 9.9982E-05 9.9982E-05
0.0434128 9.99461E-05 9.99461E-05 9.99461E-05 9.99461E-05 9.99461E-05 0.0282726 9.99461E-05 0.0721892 0.855526
0.0343744 9.99639E-05 0.378801 0.234173 9.99639E-05 0.208279 0.1014 9.99639E-05 0.0425732 9.99639E-05
0.0390129 0.406243 9.9973E-05 0.153119 0.0674274 9.9973E-05 0.0743881 0.0238103 9.9973E-05 0.235699
9.99369E-05 9.99369E-05 9.99369E-05 0.0264594 9.99369E-05 0.964635 9.99369E-05 9.99369E-05 0.00820577 9.99369E-05
0.0264894 0.606033 0.173519 9.9955E-05 9.9955E-05 9.9955E-05 0.0916878 9.9955E-05 0.101771 9.9955E-05
0.0873238 0.0189877 9.9973E-05 0.0525836 0.61693 9.9973E-05 9.9973E-05 0.057892 0.0165933 0.149389
0.0645575 0.201902 0.274243 0.0762097 9.9973E-05 0.0226123 0.139626 0.220548 9.9973E-05 9.9973E-05
0.0320042 9.9955E-05 9.9955E-05 9.9955E-05 0.706002 9.9955E-05 0.0451806 0.215637 0.000676896 9.9955E-05
9.998E-05 0.274886 0.0559783 0.0333584 0.390938 0.04761 9.998E-05 0.117111 0.033165 0.046753
9.9964E-05 0.0964963 9.9964E-05 0.177855 9.9964E-05 9.9964E-05 0.216996 0.256996 0.0770381 0.174219
0.0105214 9.9964E-05 0.0400572 9.9964E-05 0.443708 9.9964E-05 0.396203 9.9964E-05 0.0796489 0.029462
0.112685 9.99551E-05 0.0751088 9.99551E-05 0.20928 0.345869 9.99551E-05 9.99551E-05 9.99551E-05 0.256557
9.9964E-05 0.042543 0.354395 0.0188732 0.216165 0.265402 0.102223 9.9964E-05 9.9964E-05 9.9964E-05
9.9973E-05 0.21195 0.217365 0.0852542 0.0197986 0.074631 0.167032 9.9973E-05 9.9973E-05 0.22367
9.99201E-05 9.99201E-05 9.99201E-05 9.99201E-05 9.99201E-05 0.999101 9.99201E-05 9.99201E-05 9.99201E-05 9.99201E-05
0.00252923 0.164925 0.273699 9.998E-05 0.104779 0.0724399 0.058658 0.209402 0.113368 9.998E-05
0.0160151 9.99369E-05 9.99369E-05 0.0279621 9.99369E-05 9.99369E-05 9.99369E-05 9.99369E-05 0.955323 9.99369E-05
9.995E-05 0.208845 9.995E-05 0.213177 9.995E-05 9.995E-05 9.995E-05 0.252205 0.0589358 0.266337
9.9964E-05 0.362588 9.9964E-05 0.108964 0.00822241 9.9964E-05 0.0165882 0.370438 9.9964E-05 0.132801
9.9973E-05 0.381576 0.119549 0.174675 0.0607366 9.9973E-05 0.142366 0.0862689 0.0345284 9.9973E-05
0.076005 9.99729E-05 9.99729E-05 0.153542 0.253521 0.116087 0.157124 0.241751 0.00166956 9.99729E-05
0.0215993 0.653656 0.0940891 9.99641E-05 9.99641E-05 0.167992 0.0160129 9.99641E-05 0.0462501 9.99641E-05
0.0341553 0.0997555 0.26886 0.212888 0.0733974 0.0472264 0.167835 0.00452753 9.9991E-05 0.0912558
0.0110897 0.408795 0.0423854 9.9964E-05 0.394872 9.9964E-05 9.9964E-05 0.0948848 0.0475736 9.9964E-05
0.00329614 0.476459 9.9955E-05 9.9955E-05 9.9955E-05 0.0938463 9.9955E-05 0.0251497 9.9955E-05 0.400749
0.0359259 0.0171902 0.11663 0.0197485 0.291878 0.0383945 0.108198 0.283322 0.0345832 0.0541294
0.0910818 0.196524 0.0815504 9.99639E-05 0.11598 0.459965 9.99639E-05 9.99639E-05 0.0544989 9.99639E-05
0.0247263 0.237295 0.0670488 0.0263387 0.286287 9.998E-05 0.114836 0.129124 0.114145 9.998E-05
9.9928E-05 9.9928E-05 9.9928E-05 9.9928E-05 9.9928E-05 0.970788 0.0284126 9.9928E-05 9.9928E-05 9.9928E-05
9.9964E-05 0.422799 0.224133 0.092065 0.0425704 9.9964E-05 9.9964E-05 0.0442936 0.17374 9.9964E-05
0.0203197 9.9973E-05 9.9973E-05 0.505293 0.160663 9.9973E-05 0.156389 0.0474394 0.032612 0.0769848
9.9964E-05 0.0665518 9.9964E-05 9.9964E-05 0.570234 0.0326981 0.0605745 0.192429 9.9964E-05 0.0771132
9.9946E-05 9.9946E-05 0.221402 0.281594 0.0235093 9.9946E-05 9.9946E-05 9.9946E-05 9.9946E-05 0.472895
0.0582887 0.356221 9.9973E-05 0.165909 0.338253 0.00065427 9.9973E-05 0.0535571 0.0268174 9.9973E-05
0.130401 9.9964E-05 0.313387 0.0745206 0.116437 0.362958 9.9964E-05 9.9964E-05 9.9964E-05 0.00189623
0.0261918 0.480121 0.18795 9.9973E-05 0.100885 0.107969 0.0470581 9.9973E-05 0.0495254 9.9973E-05
0.0141977 9.9973E-05 0.183823 9.9973E-05 0.254771 9.9973E-05 0.0148628 0.162196 0.0474351 0.322415
0.0286863 9.9973E-05 0.0170664 9.9973E-05 0.222324 0.207311 0.283064 9.9973E-05 0.0217175 0.21953
9.99461E-05 9.99461E-05 0.623606 9.99461E-05 9.99461E-05 9.99461E-05 0.0498426 0.00772032 9.99461E-05 0.318232
0.0261292 0.667374 0.0840215 0.055194 9.9964E-05 9.9964E-05 9.9964E-05 0.0812068 9.9964E-05 0.0856743
0.0232376 0.104601 9.9973E-05 0.0181247 0.4169 0.167319 0.185902 9.9973E-05 0.0836154 9.9973E-05
9.9955E-05 0.17015 9.9955E-05 0.0854248 0.172777 9.9955E-05 0.0575577 9.9955E-05 9.9955E-05 0.513591
0.00410565 9.9973E-05 0.393737 0.263942 9.9973E-05 0.158247 0.0643226 0.0204712 9.9973E-05 0.0948743
9.9955E-05 0.299864 9.9955E-05 0.472094 0.112692 0.0413009 9.9955E-05 9.9955E-05 9.9955E-05 0.073549
0.0625581 0.0570491 9.9973E-05 9.9973E-05 0.52677 9.9973E-05 0.0887298 0.0119103 0.000634214 0.252049
0.0125707 0.0571713 0.0724908 9.9982E-05 0.258137 0.223253 0.0146854 0.0312965 9.9982E-05 0.330196
0.0349309 0.560388 0.0221554 9.9964E-05 0.050486 0.111245 9.9964E-05 0.220395 9.9964E-05 9.9964E-05
9.9964E-05 0.559923 9.9964E-05 0.013374 0.317773 0.0284771 9.9964E-05 9.9964E-05 0.0213744 0.0586784
0.0673573 0.0028276 9.9973E-05 9.9973E-05 0.091089 0.0308949 0.228015 9.9973E-05 0.0669867 0.512529
9.99459E-05 9.99459E-05 9.99459E-05 9.99459E-05 0.0752312 9.99459E-05 9.99459E-05 0.8687 0.00523218 0.050237
9.99201E-05 9.99201E-05 9.99201E-05 9.99201E-05 9.99201E-05 9.99201E-05 9.99201E-05 0.999101 9.99201E-05 9.99201E-05
0.0422018 0.18114 9.9991E-05 0.00525034 0.156181 0.0501019 0.0566123 0.128542 0.0307043 0.349166
0.0189415 9.9955E-05 0.13289 9.9955E-05 0.525773 9.9955E-05 9.9955E-05 9.9955E-05 0.0705227 0.251373
0.0430813 0.0614224 9.9964E-05 9.9964E-05 0.234346 0.0788706 9.9964E-05 9.9964E-05 0.136304 0.445575
0.060473 0.598293 0.13346 9.9964E-05 9.9964E-05 9.9964E-05 9.9964E-05 0.0992282 0.0707784 0.0373677
9.9964E-05 9.9964E-05 0.148861 9.9964E-05 0.305568 0.0588742 0.416565 9.9964E-05 0.0652379 0.00449499
0.00199737 0.276443 9.9964E-05 0.235548 9.9964E-05 0.057453 0.179726 9.9964E-05 9.9964E-05 0.248433
0.113557 9.9973E-05 0.00521719 9.9973E-05 0.696575 0.089351 0.0562932 0.000331473 0.0383744 9.9973E-05
0.0912953 0.337912 0.187853 0.149928 9.995E-05 0.232513 9.995E-05 9.995E-05 9.995E-05 9.995E-05
0.0177016 0.0656188 0.197025 0.198729 0.0662008 9.9991E-05 0.312462 0.00313769 0.0722936 0.0667309
0.999101 9.99201E-05 9.99201E-05 9.99201E-05 9.99201E-05 9.99201E-05 9.99201E-05 9.99201E-05 9.99201E-05 9.99201E-05
0.0236202 0.00346706 9.9964E-05 0.602863 0.12258 9.9964E-05 9.9964E-05 9.9964E-05 0.0592792 0.187791
9.9955E-05 0.00365037 9.9955E-05 0.1557 0.165761 9.9955E-05 9.9955E-05 0.45031 0.22408 9.9955E-05
9.9955E-05 0.000150135 9.9955E-05 9.9955E-05 9.9955E-05 0.0364135 9.9955E-05 0.00743626 0.00778045 0.94772
0.05108 9.9982E-05 0.00618702 0.0934414 0.173624 9.9982E-05 0.219784 0.156257 0.217328 0.0820991
0.104922 0.142543 0.0810786 0.0282008 9.9991E-05 0.13468 0.165771 0.000209048 0.0179041 0.324591
0.0329153 9.9982E-05 0.237282 9.9982E-05 0.00527572 0.0922407 0.220954 0.0927381 0.0797857 0.238608
0.0213624 9.99549E-05 9.99549E-05 0.0286692 0.227544 0.00548526 9.99549E-05 9.99549E-05 9.99549E-05 0.716439
0.0792751 0.0254844 0.210747 0.0576407 9.9973E-05 0.12944 9.9973E-05 0.335178 9.9973E-05 0.161934
0.0816674 0.24689 9.99549E-05 0.100215 0.29323 9.99549E-05 0.277498 9.99549E-05 9.99549E-05 9.99549E-05
0.0282949 0.294898 0.0561417 0.116962 0.222171 0.0680565 9.998E-05 9.998E-05 0.0437667 0.169508
9.9946E-05 9.9946E-05 9.9946E-05 0.759803 9.9946E-05 0.154737 0.07389 0.0109699 9.9946E-05 9.9946E-05
9.9982E-05 0.286024 0.0713853 0.070456 0.0661692 0.106856 0.0232921 0.180361 9.9982E-05 0.195256
0.0387631 9.9955E-05 0.443447 0.0653119 0.369594 9.9955E-05 9.9955E-05 9.9955E-05 9.9955E-05 0.0823848
0.999101 9.99201E-05 9.99201E-05 9.99201E-05 9.99201E-05 9.99201E-05 9.99201E-05 9.99201E-05 9.99201E-05 9.99201E-05
0.369197 0.0511972 0.204651 0.114545 9.996E-05 9.996E-05 9.996E-05 0.0701775 9.996E-05 0.189833
9.9964E-05 9.9964E-05 0.129821 9.9964E-05 0.370146 9.9964E-05 0.0417353 0.431233 0.0243727 0.00229179
0.0478036 0.522914 9.9955E-05 0.0795535 9.9955E-05 9.9955E-05 0.331614 9.9955E-05 0.0176152 9.9955E-05
0.0421878 9.9946E-05 9.9946E-05 0.873121 0.0153414 0.0687504 9.9946E-05 9.9946E-05 9.9946E-05 9.9946E-05
0.0485246 0.136795 0.194711 0.198158 0.217513 9.99729E-05 0.13973 9.99729E-05 9.99729E-05 0.0642678
0.00756951 0.274759 0.0112688 0.0156967 0.0284324 9.9991E-05 0.188025 0.0665248 0.189288 0.218337
9.99279E-05 9.99279E-05 0.039348 9.99279E-05 9.99279E-05 9.99279E-05 9.99279E-05 0.959853 9.99279E-05 9.99279E-05
0.0587284 0.290453 0.108113 0.216192 0.108656 0.0167761 9.9973E-05 9.9973E-05 9.9973E-05 0.200781
9.99729E-05 0.0981427 0.312499 0.00403727 0.099976 0.0632527 0.380136 0.0416567 9.99729E-05 9.99729E-05
0.0658252 0.370404 9.9973E-05 9.9973E-05 0.0532523 0.0843296 0.185524 0.131466 0.1089 9.9973E-05
0.0350468 9.997E-05 0.091535 0.18829 0.248877 0.118474 9.997E-05 0.136721 9.997E-05 0.180756
0.0133069 9.9946E-05 0.0855176 9.9946E-05 9.9946E-05 9.9946E-05 0.595805 0.304771 9.9946E-05 9.9946E-05
0.0713591 0.368129 9.9964E-05 0.217157 0.164266 9.9964E-05 0.155884 0.0228051 9.9964E-05 9.9964E-05
9.9964E-05 0.23166 9.9964E-05 9.9964E-05 0.311182 9.9964E-05 0.0814277 0.135817 0.129374 0.110139
0.0381959 9.9955E-05 0.11878 9.9955E-05 0.473824 9.9955E-05 9.9955E-05 0.114354 9.9955E-05 0.254347
9.9955E-05 9.9955E-05 9.9955E-05 0.0992865 9.9955E-05 0.00918588 9.9955E-05 0.338961 0.0298298 0.522237
9.99369E-05 9.99369E-05 0.0492785 9.99369E-05 9.99369E-05 0.020104 9.99369E-05 9.99369E-05 0.929918 9.99369E-05
9.9982E-05 0.123049 0.108064 9.9982E-05 0.0168986 0.110916 0.187362 0.132506 0.0841996 0.236805
9.99201E-05 9.99201E-05 0.999101 9.99201E-05 9.99201E-05 9.99201E-05 9.99201E-05 9.99201E-05 9.99201E-05 9.99201E-05
0.0507408 0.167311 0.206141 0.211985 0.053683 0.0502569 0.169553 9.999E-05 0.00748419 0.0827452
0.00799567 9.9982E-05 0.0338399 0.207249 0.0589344 0.0144409 0.441678 0.131551 0.104111 9.9982E-05
9.9955E-05 0.389949 9.9955E-05 0.160654 0.349371 0.0981916 9.9955E-05 0.00133475 9.9955E-05 9.9955E-05
0.000536126 9.9964E-05 0.000181779 0.266931 0.182269 9.9964E-05 9.9964E-05 0.336317 9.9964E-05 0.213365
9.99201E-05 9.99201E-05 9.99201E-05 9.99201E-05 9.99201E-05 9.99201E-05 9.99201E-05 9.99201E-05 0.999101 9.99201E-05
0.0546576 0.426959 9.9973E-05 9.9973E-05 0.412642 0.0301061 0.0097265 0.0239923 9.9973E-05 0.0416166
0.00459345 9.9964E-05 0.282307 0.315215 9.9964E-05 0.0268045 0.21758 9.9964E-05 0.1531 9.9964E-05
0.0416193 0.164627 0.0466942 0.0995201 0.453882 9.99729E-05 9.99729E-05 0.138727 9.99729E-05 0.05463
9.9955E-05 9.9955E-05 9.9955E-05 0.0367257 9.9955E-05 0.0961786 0.0908486 0.223132 9.9955E-05 0.552615
