0.0825494 0.176638 9.99821E-05 0.132882 0.204423 9.99821E-05 0.393854 0.00945369
0.197053 9.99641E-05 9.99641E-05 0.230364 0.142814 9.99641E-05 0.429368 9.99641E-05
0.343299 0.0833359 9.99821E-05 0.062023 0.143442 0.195918 0.171782 9.99821E-05
0.328442 0.158921 0.121957 9.9982E-05 0.0292427 0.302671 0.0585676 9.9982E-05
0.144227 0.163026 9.9982E-05 0.187326 0.13965 9.9982E-05 0.242501 0.12307
0.505051 9.99641E-05 0.0632398 9.99641E-05 9.99641E-05 0.181382 0.249928 9.99641E-05
0.0264955 9.99821E-05 0.174475 0.0785786 0.111761 9.99821E-05 0.182062 0.426428
0.534062 0.302345 9.99642E-05 0.0187123 9.99642E-05 9.99642E-05 0.144481 9.99642E-05
0.057791 0.0321959 0.671136 9.99732E-05 0.134517 9.99732E-05 9.99732E-05 0.10406
9.99731E-05 9.99731E-05 0.143461 0.135076 0.0682458 0.46196 9.99731E-05 0.190957
9.999E-05 0.106427 0.0539511 0.13543 0.0452411 0.382942 0.236879 0.0390291
0.302716 0.298432 0.224761 0.173691 9.99641E-05 9.99641E-05 9.99641E-05 9.99641E-05
0.545949 0.325316 0.128236 9.99552E-05 9.99552E-05 9.99552E-05 9.99552E-05 9.99552E-05
0.579748 9.99641E-05 9.99641E-05 0.175606 9.99641E-05 9.99641E-05 0.0516832 0.192562
0.119012 9.99706E-05 0.714251 0.0376924 9.99706E-05 9.99706E-05 0.128645 9.99706E-05
0.0481824 0.183411 9.99731E-05 0.20663 0.141906 9.99731E-05 0.419571 9.99731E-05
0.0948682 0.187879 0.376822 0.0487285 0.0602533 0.0704651 0.160884 9.9991E-05
9.9973E-05 9.9973E-05 0.195323 0.246025 0.173057 0.044355 0.34094 9.9973E-05
0.506555 0.237609 0.179598 0.0327633 9.99731E-05 0.0431751 9.99731E-05 9.99731E-05
0.679266 9.99641E-05 9.99641E-05 9.99641E-05 0.148031 9.99641E-05 0.0449838 0.127319
9.99461E-05 9.99461E-05 9.99461E-05 9.99461E-05 9.99461E-05 0.260593 9.99461E-05 0.738807
9.99641E-05 0.925449 0.0278903 9.99641E-05 0.0192053 0.0270551 9.99641E-05 9.99641E-05
0.0325269 9.99821E-05 0.445326 0.0316721 0.16204 0.140735 0.187499 9.99821E-05
9.99552E-05 0.329582 9.99552E-05 9.99552E-05 0.471504 9.99552E-05 0.198414 9.99552E-05
0.123969 9.99731E-05 9.99731E-05 0.0800069 0.132869 0.448572 0.214283 9.99731E-05
9.9982E-05 0.239462 0.0785085 0.161757 0.00710488 0.123456 0.389512 9.9982E-05
9.9973E-05 0.3222 9.9973E-05 0.30081 0.083151 0.0278734 9.9973E-05 0.265666
0.302697 0.0472061 9.99643E-05 9.99643E-05 9.99643E-05 0.149742 0.499955 9.99643E-05
0.449625 0.0574569 9.99731E-05 0.0468433 9.99731E-05 0.24253 0.203245 9.99731E-05
9.99551E-05 0.23492 0.102793 9.99551E-05 0.661787 9.99551E-05 9.99551E-05 9.99551E-05
9.99642E-05 9.99642E-05 9.99642E-05 0.0602055 9.99642E-05 0.0157291 0.571459 0.352207
0.758684 9.99553E-05 9.99553E-05 0.148831 0.0919849 9.99553E-05 9.99553E-05 9.99553E-05
0.11015 0.0219424 0.191976 9.99821E-05 0.0660078 0.235537 9.99821E-05 0.374187
0.40567 0.416265 9.9982E-05 0.00146824 0.0239744 9.9982E-05 0.108893 0.0435283
0.0822453 9.9973E-05 0.121909 0.208661 0.118778 9.9973E-05 0.468107 9.9973E-05
0.324675 9.99731E-05 0.0232297 0.0829988 9.99731E-05 9.99731E-05 0.18771 0.381087
0.0452 9.99553E-05 9.99553E-05 0.277123 9.99553E-05 9.99553E-05 0.677177 9.99553E-05
9.99641E-05 9.99641E-05 0.102045 9.99641E-05 0.332412 0.473662 0.0914809 9.99641E-05
0.323546 0.223228 9.9991E-05 0.133507 0.0184322 0.0214001 0.264426 0.0153617
0.325763 0.124007 9.99731E-05 0.10561 9.99731E-05 0.0553585 0.388961 9.99731E-05
9.99642E-05 0.158064 0.371339 0.135796 0.334401 9.99642E-05 9.99642E-05 9.99642E-05
9.99641E-05 0.236242 0.272033 0.0454117 9.99641E-05 9.99641E-05 9.99641E-05 0.445914
0.332593 0.0993127 9.9973E-05 9.9973E-05 0.121088 9.9973E-05 0.248823 0.197884
9.99642E-05 9.99642E-05 0.349315 0.0253902 9.99642E-05 0.143568 0.481327 9.99642E-05
0.418372 0.181983 0.0648579 0.211206 9.99731E-05 0.123281 9.99731E-05 9.99731E-05
0.373846 9.99732E-05 0.191244 9.99732E-05 0.0512191 9.99732E-05 0.374019 0.00937145
0.0741748 9.99641E-05 0.764071 9.99641E-05 0.125029 9.99641E-05 9.99641E-05 0.0363254
0.0851095 9.9973E-05 0.532646 0.138954 9.9973E-05 0.105948 9.9973E-05 0.137042
0.132493 0.0652181 0.671626 9.99732E-05 9.99732E-05 9.99732E-05 0.0372138 0.0931483
0.225046 0.0331517 9.9964E-05 0.280097 9.9964E-05 9.9964E-05 0.461305 9.9964E-05
9.9964E-05 0.241933 0.113239 9.9964E-05 0.0613013 9.9964E-05 0.583127 9.9964E-05
0.435724 9.99731E-05 9.99731E-05 0.0773425 0.0561156 0.224746 9.99731E-05 0.205772
9.99641E-05 9.99641E-05 0.447578 0.047817 0.126245 9.99641E-05 0.37796 9.99641E-05
0.293582 0.136256 0.00478806 9.99821E-05 0.0961064 0.119622 0.349445 9.99821E-05
0.649964 0.140312 9.99553E-05 9.99553E-05 9.99553E-05 9.99553E-05 9.99553E-05 0.209224
9.99643E-05 9.99643E-05 0.186302 0.188244 9.99643E-05 9.99643E-05 0.467632 0.157422
0.326469 0.262107 9.9991E-05 0.0673779 0.244685 0.0445278 0.0310561 0.0236777
0.425355 0.238079 0.0544956 9.99644E-05 9.99644E-05 9.99644E-05 9.99644E-05 0.28167
0.377629 0.0563994 9.9982E-05 0.222254 9.9982E-05 0.0530767 0.266491 0.0239503
9.9973E-05 9.9973E-05 0.174642 0.0445457 9.9973E-05 0.140412 0.329589 0.310511
0.0599576 0.143999 0.0873622 0.0425549 0.00421274 0.182971 0.478842 9.99911E-05
9.99551E-05 9.99551E-05 0.400746 0.398601 0.200153 9.99551E-05 9.99551E-05 9.99551E-05
9.9973E-05 0.301214 0.370094 0.0575028 9.9973E-05 9.9973E-05 0.251624 0.019266
0.0295435 9.99821E-05 9.99821E-05 0.178031 0.724431 0.0275646 0.0332197 0.00700952
0.133473 0.306645 0.0378225 9.99642E-05 9.99642E-05 9.99642E-05 0.52166 9.99642E-05
0.173068 0.146866 0.266783 0.232886 0.180097 9.997E-05 9.997E-05 9.997E-05
0.103029 9.9991E-05 0.064 0.0245076 0.0939624 0.0762457 0.431727 0.206429
0.348112 0.10449 0.29745 0.150104 9.99731E-05 9.99731E-05 0.0995438 9.99731E-05
9.99641E-05 0.482444 0.0702157 0.0125404 9.99641E-05 9.99641E-05 0.4344 9.99641E-05
9.99641E-05 0.391977 9.99641E-05 9.99641E-05 0.05084 0.136496 9.99641E-05 0.420287
0.491135 0.0202143 0.28006 0.124439 9.9982E-05 0.0590226 9.9982E-05 0.0249295
0.0134419 0.520882 0.227888 0.16899 0.0684983 9.99731E-05 9.99731E-05 9.99731E-05
0.663446 9.995E-05 9.995E-05 0.254641 9.995E-05 9.995E-05 0.0814131 9.995E-05
9.99642E-05 0.0865403 9.99642E-05 0.20919 9.99642E-05 9.99642E-05 0.58896 0.11491
0.524766 9.995E-05 9.995E-05 9.995E-05 0.199541 9.995E-05 0.275193 9.995E-05
0.534588 0.110516 0.0751744 0.279322 9.99642E-05 9.99642E-05 9.99642E-05 9.99642E-05
9.99644E-05 0.211481 0.622737 9.99644E-05 0.0782752 9.99644E-05 0.0871061 9.99644E-05
0.0669924 0.159116 0.0852213 0.20255 9.9982E-05 0.308511 9.9982E-05 0.17741
0.235535 0.323204 9.99731E-05 0.0512379 9.99731E-05 0.16469 0.225033 9.99731E-05
0.601891 0.143439 9.99731E-05 0.0783616 9.99731E-05 0.0032458 0.172762 9.99731E-05
0.207284 9.99552E-05 9.99552E-05 0.447422 9.99552E-05 9.99552E-05 0.344794 9.99552E-05
0.293968 0.341466 9.99732E-05 0.0189554 9.99732E-05 0.170072 9.99732E-05 0.175239
0.125737 9.99552E-05 9.99552E-05 9.99552E-05 9.99552E-05 9.99552E-05 0.324911 0.548852
0.433024 0.0617993 0.27364 9.99731E-05 0.195695 9.99731E-05 0.0355425 9.99731E-05
0.312219 9.99731E-05 0.377522 0.131225 9.99731E-05 9.99731E-05 0.16064 0.0180936
0.440047 0.0281604 0.273085 0.241357 9.9973E-05 0.0170501 9.9973E-05 9.9973E-05
0.500596 0.0399906 9.99821E-05 0.131029 0.0703808 0.0594126 9.99821E-05 0.198391
0.27666 0.317183 9.99551E-05 9.99551E-05 0.405656 9.99551E-05 9.99551E-05 9.99551E-05
0.0140358 0.111051 0.0486391 9.99911E-05 0.104546 0.275019 0.415504 0.0311056
0.00411238 0.557709 0.0589026 9.99731E-05 9.99731E-05 0.219559 9.99731E-05 0.159417
9.99553E-05 9.99553E-05 0.112159 9.99553E-05 0.515199 9.99553E-05 0.372142 9.99553E-05
0.161256 9.99551E-05 9.99551E-05 9.99551E-05 9.99551E-05 9.99551E-05 0.000785925 0.837458
9.99552E-05 0.348918 0.113794 9.99552E-05 9.99552E-05 9.99552E-05 9.99552E-05 0.536788
0.218737 9.99821E-05 0.284593 0.010789 0.140733 0.289294 9.99821E-05 0.055654
0.210406 0.324634 0.205489 0.159889 9.9973E-05 9.9973E-05 9.9973E-05 0.0992817
0.592169 9.99551E-05 0.348212 9.99551E-05 9.99551E-05 0.059119 9.99551E-05 9.99551E-05
9.9982E-05 9.9982E-05 0.186354 0.0609501 0.0858792 0.0191902 0.275552 0.371874
0.0957892 9.99551E-05 0.789026 9.99551E-05 9.99551E-05 9.99551E-05 9.99551E-05 0.114685
0.111037 0.214588 9.9964E-05 9.9964E-05 0.397818 9.9964E-05 0.276157 9.9964E-05
0.256096 9.9982E-05 0.150534 0.0550744 0.484226 0.0457197 9.9982E-05 0.00814941
9.99821E-05 0.047408 0.115326 0.0207642 0.202276 9.99821E-05 0.197334 0.416693
9.99462E-05 9.99462E-05 9.99462E-05 0.0877755 0.911625 9.99462E-05 9.99462E-05 9.99462E-05
0.133391 9.99821E-05 0.125391 0.0310956 0.0720423 0.509526 9.99821E-05 0.128354
9.994E-05 9.994E-05 9.994E-05 9.994E-05 9.994E-05 0.9993 9.994E-05 9.994E-05
0.615877 0.113772 0.0802847 9.99731E-05 9.99731E-05 0.046073 0.143693 9.99731E-05
0.277525 0.281369 0.399556 9.99641E-05 9.99641E-05 9.99641E-05 0.0411499 9.99641E-05
0.756189 9.99641E-05 0.101756 9.99641E-05 9.99641E-05 9.99641E-05 0.0028759 0.138779
9.99553E-05 0.116707 9.99553E-05 9.99553E-05 9.99553E-05 0.146312 0.736481 9.99553E-05
9.99553E-05 0.476391 9.99553E-05 9.99553E-05 9.99553E-05 9.99553E-05 0.455613 0.0674954
9.99641E-05 0.363449 9.99641E-05 9.99641E-05 0.0564174 0.501173 9.99641E-05 0.07856
9.99732E-05 0.0450267 9.99732E-05 0.00406371 0.285315 9.99732E-05 0.163219 0.502076
0.201784 0.160369 9.99731E-05 0.133662 0.0256738 9.99731E-05 0.478211 9.99731E-05
9.99642E-05 0.339925 9.99642E-05 9.99642E-05 0.50032 0.0972715 0.0620833 9.99642E-05
0.452824 0.20203 9.99643E-05 9.99643E-05 9.99643E-05 0.0123973 0.332349 9.99643E-05
9.994E-05 9.994E-05 9.994E-05 9.994E-05 0.9993 9.994E-05 9.994E-05 9.994E-05
0.0493452 0.405576 0.226346 0.00154615 9.99732E-05 0.316887 9.99732E-05 9.99732E-05
0.460831 0.23327 0.231369 0.0741299 9.99641E-05 9.99641E-05 9.99641E-05 9.99641E-05
0.486118 0.279253 9.99641E-05 0.0669754 0.167253 9.99641E-05 9.99641E-05 9.99641E-05
9.99731E-05 0.296243 0.0173795 0.095029 9.99731E-05 0.259226 0.331822 9.99731E-05
0.730944 9.99551E-05 9.99551E-05 0.0537074 0.214849 9.99551E-05 9.99551E-05 9.99551E-05
9.99641E-05 0.369828 0.12172 9.99641E-05 0.393689 9.99641E-05 0.114363 9.99641E-05
0.858608 9.99463E-05 9.99463E-05 9.99463E-05 0.140792 9.99463E-05 9.99463E-05 9.99463E-05
0.491349 9.99553E-05 9.99553E-05 9.99553E-05 9.99553E-05 0.0297283 0.478423 9.99553E-05
0.219514 9.99642E-05 0.0256152 9.99642E-05 9.99642E-05 9.99642E-05 0.178914 0.575558
9.99732E-05 0.131219 0.747519 9.99732E-05 0.0814782 0.0124945 0.026989 9.99732E-05
0.095062 0.295037 0.211118 9.9973E-05 9.9973E-05 0.112076 0.286407 9.9973E-05
9.99821E-05 0.129683 0.499588 0.085101 0.0771836 9.99821E-05 0.0186036 0.18964
9.99641E-05 0.100069 9.99641E-05 0.260117 9.99641E-05 0.125483 0.513931 9.99641E-05
0.0170874 9.99731E-05 9.99731E-05 9.99731E-05 0.262509 0.357956 0.2048 0.157348
0.284326 0.0727521 9.9991E-05 0.0777835 0.120416 0.148711 0.066011 0.229901
9.99642E-05 9.99642E-05 0.745795 0.00234278 9.99642E-05 0.062873 9.99642E-05 0.188589
0.320217 0.127611 0.00687691 0.000188824 0.0197221 0.0085833 0.294921 0.22188
0.133127 0.0533324 0.451522 0.16138 9.998E-05 0.13237 0.068069 9.998E-05
0.227293 0.151972 9.99641E-05 0.0993353 9.99641E-05 0.520999 9.99641E-05 9.99641E-05
0.0908451 0.127066 9.9982E-05 0.148473 0.0593591 0.252694 9.9982E-05 0.321363
0.368275 9.99553E-05 9.99553E-05 9.99553E-05 9.99553E-05 9.99553E-05 0.520931 0.110295
9.99553E-05 0.125776 9.99553E-05 0.0249227 9.99553E-05 9.99553E-05 0.848802 9.99553E-05
9.99554E-05 0.0666518 9.99554E-05 9.99554E-05 0.00661625 9.99554E-05 0.926232 9.99554E-05
0.116621 0.068187 0.319305 9.99821E-05 9.99821E-05 0.0605139 0.151593 0.28358
0.0693542 0.000950921 0.23579 9.99641E-05 9.99641E-05 9.99641E-05 0.693505 9.99641E-05
0.152788 9.99732E-05 9.99732E-05 0.0334727 9.99732E-05 0.245826 0.529044 0.0385697
9.99821E-05 0.034079 0.171395 0.0983004 0.265222 0.284629 0.146175 9.99821E-05
0.0739981 0.130171 0.240159 0.0814954 0.0377916 0.0977849 9.9991E-05 0.3385
9.99731E-05 0.505038 0.164924 9.99731E-05 0.0476247 0.219368 9.99731E-05 0.0627459
0.13592 0.215668 9.9973E-05 0.140938 0.267841 0.239334 9.9973E-05 9.9973E-05
0.380917 0.481744 0.0256274 9.9982E-05 0.0307236 9.9982E-05 0.0797787 0.00100904
9.994E-05 9.994E-05 9.994E-05 0.9993 9.994E-05 9.994E-05 9.994E-05 9.994E-05
0.774726 9.99553E-05 9.99553E-05 0.0123529 9.99553E-05 0.212422 9.99553E-05 9.99553E-05
0.413931 0.0427232 9.99642E-05 9.99642E-05 9.99642E-05 9.99642E-05 0.162298 0.380648
9.99732E-05 0.0463347 0.0113687 0.541779 9.99732E-05 0.319404 9.99732E-05 0.0808137
0.412885 0.462411 9.99642E-05 9.99642E-05 9.99642E-05 0.0560053 9.99642E-05 0.0682988
0.112979 0.196862 0.466072 0.223688 9.99642E-05 9.99642E-05 9.99642E-05 9.99642E-05
9.99551E-05 0.362635 9.99551E-05 9.99551E-05 9.99551E-05 9.99551E-05 0.502768 0.134098
0.23285 0.200708 9.99731E-05 0.050621 0.138641 9.99731E-05 0.37688 9.99731E-05
0.246847 9.99732E-05 9.99732E-05 0.042174 0.445403 9.99732E-05 0.0218036 0.243472
0.14151 9.99642E-05 0.388662 9.99642E-05 9.99642E-05 0.211537 0.257891 9.99642E-05
0.590371 9.99463E-05 9.99463E-05 9.99463E-05 9.99463E-05 0.409029 9.99463E-05 9.99463E-05
9.99732E-05 0.232906 9.99732E-05 0.25086 9.99732E-05 0.22578 0.278753 0.0114
0.272933 0.0083327 9.99643E-05 0.175932 9.99643E-05 9.99643E-05 0.542402 9.99643E-05
9.9973E-05 0.278241 0.201949 9.9973E-05 0.193324 0.175671 9.9973E-05 0.150514
9.994E-05 9.994E-05 9.994E-05 0.9993 9.994E-05 9.994E-05 9.994E-05 9.994E-05
9.99642E-05 0.532836 0.12502 0.26448 9.99642E-05 9.99642E-05 0.0772634 9.99642E-05
0.811448 0.187952 9.99462E-05 9.99462E-05 9.99462E-05 9.99462E-05 9.99462E-05 9.99462E-05
0.172283 9.99731E-05 0.346752 0.266498 9.99731E-05 0.0847742 9.99731E-05 0.129393
0.0232756 0.183051 0.424076 0.369197 9.99642E-05 9.99642E-05 9.99642E-05 9.99642E-05
0.0499708 0.00113825 0.383107 9.9982E-05 0.259369 9.9982E-05 0.261348 0.044868
0.025935 9.99731E-05 0.0282401 9.99731E-05 0.0699236 9.99731E-05 0.744982 0.13062
0.205149 0.439654 9.99643E-05 9.99643E-05 9.99643E-05 0.160735 0.194062 9.99643E-05
0.7064 9.99555E-05 9.99555E-05 0.0311369 9.99555E-05 9.99555E-05 9.99555E-05 0.261963
0.499541 9.9973E-05 0.177954 0.0419225 0.091001 9.9973E-05 0.189282 9.9973E-05
9.99642E-05 0.295308 9.99642E-05 0.102848 9.99642E-05 0.291022 0.310422 9.99642E-05
0.143871 0.181206 9.99821E-05 0.054196 9.99821E-05 0.0261517 0.548657 0.0457181
0.469811 9.99642E-05 0.264096 0.0173362 9.99642E-05 0.248358 9.99642E-05 9.99642E-05
0.235759 9.99731E-05 0.215525 9.99731E-05 0.156164 9.99731E-05 0.303947 0.0883042
9.99552E-05 0.295785 0.111974 9.99552E-05 9.99552E-05 9.99552E-05 0.591742 9.99552E-05
0.418309 0.261561 9.99643E-05 9.99643E-05 9.99643E-05 9.99643E-05 0.255906 0.063824
0.458725 0.310958 9.99732E-05 0.0129559 0.154396 9.99732E-05 9.99732E-05 0.0626641
9.99462E-05 9.99462E-05 9.99462E-05 9.99462E-05 9.99462E-05 0.745502 9.99462E-05 0.253899
9.99821E-05 9.99821E-05 0.19721 0.00333068 0.131344 0.0696771 0.502141 0.0960981
0.205326 9.99553E-05 0.586311 9.99553E-05 9.99553E-05 0.207863 9.99553E-05 9.99553E-05
0.123721 9.99731E-05 0.0981045 0.200503 9.99731E-05 9.99731E-05 0.102397 0.474975
9.99641E-05 0.520953 9.99641E-05 0.0867082 9.99641E-05 0.16114 9.99641E-05 0.230799
9.9973E-05 0.146606 0.25282 9.9973E-05 0.121861 9.9973E-05 0.266379 0.212034
0.38057 0.379615 9.99553E-05 9.99553E-05 9.99553E-05 9.99553E-05 0.239315 9.99553E-05
9.994E-05 9.994E-05 9.994E-05 9.994E-05 9.994E-05 0.9993 9.994E-05 9.994E-05
0.0796164 0.54305 0.256529 0.120405 9.99642E-05 9.99642E-05 9.99642E-05 9.99642E-05
0.669985 9.99731E-05 0.128944 0.0120111 9.99731E-05 0.160849 0.0279112 9.99731E-05
0.249779 0.0639041 9.99821E-05 0.0524081 0.270741 0.0897976 0.27317 9.99821E-05
0.643427 9.99641E-05 9.99641E-05 9.99641E-05 0.121563 0.0932466 9.99641E-05 0.141363
