9.99642E-05 0.00885032 9.99642E-05 9.99642E-05 9.99642E-05 0.923856 0.0668939
0.0802223 0.0376157 0.00189257 0.23847 9.9991E-05 0.391349 0.25035
9.99821E-05 9.99821E-05 0.0095354 0.240466 0.335553 0.155337 0.258909
9.999E-05 0.125576 0.0164781 0.0447982 0.127778 0.50612 0.17915
0.213288 0.216851 0.31578 9.9982E-05 9.9982E-05 0.0777282 0.176153
9.99731E-05 0.171278 9.99731E-05 9.99731E-05 0.113356 0.238175 0.476891
0.291132 0.036277 0.180845 0.349402 9.99821E-05 9.99821E-05 0.142144
0.236111 9.99642E-05 9.99642E-05 9.99642E-05 9.99642E-05 0.280912 0.482577
9.99642E-05 0.200735 9.99642E-05 0.64909 9.99642E-05 9.99642E-05 0.149776
9.99821E-05 0.000761546 0.0341466 0.134396 0.548892 0.281604 9.99821E-05
0.0804559 0.10359 0.0197338 0.00254592 0.378632 0.414942 9.9991E-05
0.14109 9.99732E-05 0.0836992 0.247692 9.99732E-05 9.99732E-05 0.527219
0.198649 0.123263 9.99821E-05 0.12359 9.99821E-05 0.242881 0.311417
9.998E-05 0.0221008 0.19145 0.0517667 9.998E-05 0.38186 0.352622
0.126201 9.99732E-05 9.99732E-05 0.546587 9.99732E-05 0.251189 0.0757226
0.197759 0.228846 0.215457 0.0764027 9.99821E-05 0.281335 9.99821E-05
0.0406098 9.99821E-05 9.99821E-05 0.514321 0.12358 0.206144 0.115146
9.99821E-05 0.200247 0.333699 0.194673 0.063598 9.99821E-05 0.207584
9.99642E-05 9.99642E-05 9.99642E-05 0.0556596 9.99642E-05 0.538536 0.405405
9.99642E-05 9.99642E-05 9.99642E-05 9.99642E-05 0.221065 0.0796317 0.698904
9.99731E-05 0.0478045 0.256656 9.99731E-05 0.520221 0.175018 9.99731E-05
0.389216 0.137949 0.0123835 0.0926784 0.0702262 0.297447 9.9991E-05
9.99821E-05 0.261589 9.99821E-05 0.280267 0.076561 0.180681 0.200702
0.232797 0.540137 0.226666 9.9964E-05 9.9964E-05 9.9964E-05 9.9964E-05
0.0636912 0.240042 0.122738 9.999E-05 0.326217 0.173279 0.073933
9.9982E-05 0.144152 0.0812201 0.0269075 0.10759 0.63993 9.9982E-05
9.997E-05 9.997E-05 0.168777 0.130506 0.181905 0.518512 9.997E-05
9.99732E-05 9.99732E-05 0.0048606 9.99732E-05 0.221379 0.567198 0.206262
0.351132 9.99731E-05 9.99731E-05 9.99731E-05 0.276284 0.084603 0.287682
9.99642E-05 0.863997 9.99642E-05 0.0230325 9.99642E-05 0.112571 9.99642E-05
0.344104 9.99731E-05 0.421812 9.99731E-05 0.0676313 0.166153 9.99731E-05
0.207778 9.99642E-05 9.99642E-05 0.139189 9.99642E-05 9.99642E-05 0.652633
9.99731E-05 0.0996165 9.99731E-05 0.197943 0.374161 9.99731E-05 0.327979
0.333062 0.0827871 9.99821E-05 9.99821E-05 0.00556258 0.407334 0.171055
9.99731E-05 0.00802033 0.0444794 9.99731E-05 9.99731E-05 0.82996 0.117241
9.99642E-05 9.99642E-05 9.99642E-05 0.117587 9.99642E-05 0.321328 0.560685
0.495952 9.99731E-05 0.355915 9.99731E-05 0.00075941 9.99731E-05 0.147074
9.99642E-05 0.183687 9.99642E-05 9.99642E-05 0.530051 9.99642E-05 0.285862
0.0485678 0.0777746 0.128706 9.99821E-05 9.99821E-05 0.374571 0.370181
0.208021 9.99641E-05 9.99641E-05 9.99641E-05 9.99641E-05 0.472065 0.319514
0.165951 0.238956 9.99642E-05 0.594693 9.99642E-05 9.99642E-05 9.99642E-05
0.0428433 0.154373 0.10315 0.665596 0.0338379 9.99821E-05 9.99821E-05
0.0790191 0.10244 0.151714 0.0997758 0.0946713 0.0643519 0.408028
9.99732E-05 9.99732E-05 9.99732E-05 0.139174 0.131361 0.679783 0.0493818
0.18547 0.0618945 0.0109521 0.233394 9.99821E-05 9.99821E-05 0.50809
9.99642E-05 9.99642E-05 9.99642E-05 0.385383 9.99642E-05 0.342956 0.271261
0.0623126 0.175062 9.9982E-05 0.550219 9.9982E-05 0.119294 0.0929118
9.9973E-05 9.9973E-05 0.0750293 0.657172 0.143554 9.9973E-05 0.123944
0.465879 9.99643E-05 9.99643E-05 0.425324 9.99643E-05 0.108397 9.99643E-05
0.0040885 9.99641E-05 0.0820026 9.99641E-05 9.99641E-05 0.913509 9.99641E-05
0.0139661 0.227641 9.9964E-05 9.9964E-05 9.9964E-05 0.757993 9.9964E-05
9.99642E-05 9.99642E-05 0.0350724 9.99642E-05 0.497487 9.99642E-05 0.467041
9.99641E-05 0.209828 9.99641E-05 0.416178 9.99641E-05 0.373594 9.99641E-05
9.99553E-05 0.0505606 9.99553E-05 9.99553E-05 9.99553E-05 0.94894 9.99553E-05
0.16242 9.99821E-05 0.165172 0.013384 0.0194757 9.99821E-05 0.639348
0.505289 9.99642E-05 0.310907 0.183404 9.99642E-05 9.99642E-05 9.99642E-05
9.99821E-05 0.260185 0.0988263 9.99821E-05 0.0767477 0.547994 0.0160475
0.299934 9.99732E-05 0.174955 0.21531 9.99732E-05 9.99732E-05 0.309502
0.0969653 9.9991E-05 0.203714 0.18322 0.0680358 0.330495 0.11747
0.0270735 9.9991E-05 0.0390751 0.202047 0.256587 0.26833 0.206788
0.000452304 9.99821E-05 0.00970768 9.99821E-05 0.0545724 0.932667 0.00240038
9.9973E-05 0.075281 0.250369 0.642664 9.9973E-05 0.0313863 9.9973E-05
0.333883 9.9973E-05 0.0231666 0.509528 9.9973E-05 0.133122 9.9973E-05
9.99642E-05 0.594077 0.134787 9.99642E-05 9.99642E-05 0.270736 9.99642E-05
0.517229 0.12552 9.997E-05 0.146353 9.997E-05 0.210598 9.997E-05
0.0589145 0.00287979 9.99732E-05 0.47293 9.99732E-05 0.464976 9.99732E-05
9.997E-05 0.153742 0.074764 9.997E-05 9.997E-05 0.704116 0.0670775
9.997E-05 9.997E-05 0.109197 0.168761 9.997E-05 0.682415 0.0393273
0.468397 9.99551E-05 9.99551E-05 9.99551E-05 9.99551E-05 0.531103 9.99551E-05
0.415934 9.99641E-05 9.99641E-05 9.99641E-05 0.31337 0.270296 9.99641E-05
9.99731E-05 9.99731E-05 0.0487466 0.288949 9.99731E-05 0.194554 0.467451
9.99731E-05 0.105585 9.99731E-05 0.688965 9.99731E-05 0.197188 0.00796315
9.99554E-05 9.99554E-05 0.322192 9.99554E-05 9.99554E-05 9.99554E-05 0.677308
0.369964 9.99732E-05 0.155224 0.0583264 9.99732E-05 0.416186 9.99732E-05
0.255903 0.134929 9.99732E-05 9.99732E-05 9.99732E-05 0.104718 0.50415
0.0252235 9.998E-05 0.0984761 0.391249 9.998E-05 0.189904 0.294948
0.0207009 0.0421947 9.99733E-05 0.498421 9.99733E-05 0.438384 9.99733E-05
9.99731E-05 0.00124402 0.188184 9.99731E-05 0.43234 0.377931 9.99731E-05
0.336748 0.0811454 0.0555129 0.00893423 0.0415026 0.476056 9.9991E-05
0.229448 9.99731E-05 0.0162483 9.99731E-05 9.99731E-05 0.143805 0.610199
9.99642E-05 9.99642E-05 0.192678 9.99642E-05 9.99642E-05 0.496727 0.310196
0.048629 0.0794872 9.99911E-05 0.109942 0.36064 0.181065 0.220137
0.000104916 9.99911E-05 0.0152042 0.274153 0.0971101 0.440849 0.172479
0.381084 0.28797 9.99731E-05 0.206413 9.99731E-05 9.99731E-05 0.124232
9.998E-05 0.0799631 0.0819397 0.299238 9.998E-05 0.510527 0.0281322
9.9982E-05 9.9982E-05 0.0251273 0.234035 0.0471121 0.46205 0.231476
9.99732E-05 9.99732E-05 0.0500146 0.17288 0.0649336 9.99732E-05 0.711872
0.0444275 0.569125 0.00014653 9.99821E-05 9.99821E-05 0.102389 0.283712
9.99643E-05 0.229055 9.99643E-05 9.99643E-05 0.190212 0.580334 9.99643E-05
0.209825 9.99821E-05 9.99821E-05 0.139621 0.32215 0.297313 0.0308911
0.146995 0.729603 9.99643E-05 0.123003 9.99643E-05 9.99643E-05 9.99643E-05
0.0643194 0.209412 0.299704 0.163912 0.00629575 9.99911E-05 0.256256
9.99732E-05 0.214047 0.0248318 0.728917 9.99732E-05 0.0319042 9.99732E-05
9.9982E-05 0.0143301 0.043866 0.16924 0.446471 9.9982E-05 0.325893
0.037561 0.119949 0.0189278 0.514195 9.9982E-05 9.9982E-05 0.309167
9.99641E-05 9.99641E-05 9.99641E-05 0.1225 9.99641E-05 0.0799201 0.79718
0.0314203 0.271799 0.191698 0.0503538 0.0936478 0.36098 9.9991E-05
9.99641E-05 9.99641E-05 9.99641E-05 0.817689 9.99641E-05 0.0626841 0.119227
9.99731E-05 0.44958 0.0589304 9.99731E-05 9.99731E-05 0.45305 0.0381398
9.99641E-05 0.452692 9.99641E-05 0.182984 9.99641E-05 9.99641E-05 0.363925
0.237113 0.282701 0.432245 9.99732E-05 0.047641 9.99732E-05 9.99732E-05
9.99553E-05 0.892199 0.107301 9.99553E-05 9.99553E-05 9.99553E-05 9.99553E-05
9.99821E-05 0.130204 0.0860945 0.0356252 0.62952 9.99821E-05 0.118356
9.995E-05 9.995E-05 9.995E-05 9.995E-05 0.9994 9.995E-05 9.995E-05
0.106777 9.99641E-05 9.99641E-05 9.99641E-05 9.99641E-05 0.201682 0.691141
0.218683 0.0766011 9.998E-05 0.33521 9.998E-05 0.155647 0.213659
0.184258 0.00521954 9.99731E-05 0.0674607 9.99731E-05 9.99731E-05 0.742762
0.354932 9.997E-05 9.997E-05 9.997E-05 0.210072 0.396331 0.0383654
0.794648 9.99641E-05 0.00965545 9.99641E-05 9.99641E-05 0.195297 9.99641E-05
0.0481527 0.174615 0.0272554 9.998E-05 0.499541 0.250235 9.998E-05
0.0786476 0.451187 0.108742 0.208443 9.99821E-05 9.99821E-05 0.15278
0.0834012 0.106063 0.0438082 9.998E-05 9.998E-05 0.690548 0.0759794
0.193012 0.518727 9.99731E-05 9.99731E-05 9.99731E-05 0.127247 0.160714
9.99554E-05 9.99554E-05 9.99554E-05 9.99554E-05 9.99554E-05 0.420106 0.579394
9.995E-05 0.9994 9.995E-05 9.995E-05 9.995E-05 9.995E-05 9.995E-05
9.99643E-05 9.99643E-05 9.99643E-05 0.424475 0.369553 0.205572 9.99643E-05
9.99642E-05 9.99642E-05 9.99642E-05 0.00174578 9.99642E-05 0.627217 0.370637
0.254864 0.105357 9.99731E-05 9.99731E-05 9.99731E-05 0.239271 0.400209
0.190692 0.160018 0.140512 9.9982E-05 0.1351 0.373479 9.9982E-05
9.99551E-05 9.99551E-05 9.99551E-05 9.99551E-05 9.99551E-05 0.142719 0.856781
0.000213599 0.591057 0.0118358 0.1044 9.9982E-05 0.292294 9.9982E-05
9.99642E-05 0.187513 0.00300449 9.99642E-05 9.99642E-05 9.99642E-05 0.809082
0.223267 0.0859994 9.99821E-05 9.99821E-05 0.0014694 0.0908021 0.598262
0.360987 9.99821E-05 0.0562973 0.0717511 0.0442289 9.99821E-05 0.466536
0.118496 0.103943 9.99821E-05 0.570124 0.141696 0.0655416 9.99821E-05
0.180083 9.9973E-05 9.9973E-05 0.330543 0.0963172 0.392757 9.9973E-05
9.99553E-05 0.0621668 9.99553E-05 0.937333 9.99553E-05 9.99553E-05 9.99553E-05
9.99553E-05 9.99553E-05 0.177432 9.99553E-05 9.99553E-05 0.822068 9.99553E-05
9.99732E-05 0.0769427 9.99732E-05 9.99732E-05 0.421414 0.434916 0.0664276
0.0843969 0.165189 0.0631208 9.99911E-05 0.139724 0.0450833 0.502386
9.99643E-05 9.99643E-05 0.110012 0.824078 0.0655106 9.99643E-05 9.99643E-05
9.999E-05 0.0913243 0.00306529 0.0762696 0.148078 0.354663 0.3265
9.99731E-05 9.99731E-05 9.99731E-05 0.521414 0.00835711 0.38795 0.0819787
0.0598617 9.9991E-05 0.136599 0.0312023 0.451533 0.0764034 0.244301
0.0371566 9.9991E-05 0.167427 0.276115 0.314739 0.121094 0.0833683
0.281561 0.0497323 9.99732E-05 9.99732E-05 9.99732E-05 0.200807 0.4676
0.643543 9.99551E-05 9.99551E-05 9.99551E-05 9.99551E-05 0.355957 9.99551E-05
0.221766 0.254892 9.99732E-05 9.99732E-05 9.99732E-05 0.441988 0.0810545
0.0422409 9.99911E-05 0.081072 0.45578 0.191728 0.0971691 0.131909
0.122456 9.996E-05 9.996E-05 9.996E-05 9.996E-05 0.854173 0.0229716
0.00179342 9.99732E-05 0.230589 9.99732E-05 0.214847 0.552471 9.99732E-05
9.99731E-05 0.135344 0.0235709 9.99731E-05 0.367164 9.99731E-05 0.47362
0.144353 0.10881 0.0275796 0.391208 0.174905 0.143491 0.00965345
0.126684 0.04909 9.99731E-05 0.354083 0.469843 9.99731E-05 9.99731E-05
9.998E-05 0.439244 0.0886655 9.998E-05 0.0306999 0.284301 0.156889
0.273588 0.233373 9.9991E-05 0.0103084 0.040271 0.142041 0.300319
9.9955E-05 9.9955E-05 0.984298 9.9955E-05 9.9955E-05 0.0152018 9.9955E-05
9.997E-05 0.0510348 9.997E-05 9.997E-05 0.107712 0.519651 0.321303
0.191865 0.347079 0.206977 9.997E-05 9.997E-05 9.997E-05 0.25378
0.0311321 9.99821E-05 0.520034 0.0929409 0.0763941 0.279298 9.99821E-05
0.297247 0.0368977 0.0692065 9.99911E-05 0.104422 0.177955 0.314172
9.99732E-05 9.99732E-05 0.0017927 0.413009 9.99732E-05 0.342723 0.242175
0.723203 0.0255427 0.0567665 9.9973E-05 9.9973E-05 0.194188 9.9973E-05
0.217236 0.124154 0.0244417 0.0418796 0.0685056 9.9991E-05 0.523683
0.00860962 0.448841 0.336566 9.99821E-05 9.99821E-05 0.0415127 0.164271
0.183241 9.998E-05 9.998E-05 0.321106 0.103813 0.0524047 0.339236
9.99552E-05 9.99552E-05 9.99552E-05 9.99552E-05 0.316014 9.99552E-05 0.683486
0.0338052 9.99732E-05 0.159694 9.99732E-05 0.291517 0.514683 9.99732E-05
0.083411 0.000265237 0.0355936 9.99732E-05 9.99732E-05 0.88043 9.99732E-05
0.00287091 0.291792 9.9982E-05 0.0670606 0.185182 0.452895 9.9982E-05
9.995E-05 9.995E-05 0.9994 9.995E-05 9.995E-05 9.995E-05 9.995E-05
0.103484 9.99821E-05 0.123139 0.252321 9.99821E-05 0.340418 0.180437
0.0384476 9.99641E-05 9.99641E-05 9.99641E-05 9.99641E-05 0.0648807 0.896272
9.99731E-05 9.99731E-05 0.159087 0.542494 0.0123508 0.285768 9.99731E-05
0.0319374 9.99732E-05 0.0554859 0.815567 9.99732E-05 9.99732E-05 0.0967096
0.215684 0.144823 9.9982E-05 0.188316 9.9982E-05 0.0536904 0.397286
0.393929 0.0845731 0.00762576 0.185958 0.026344 0.30147 9.999E-05
0.876984 9.99553E-05 9.99553E-05 9.99553E-05 0.122516 9.99553E-05 9.99553E-05
0.13076 0.0134863 0.241288 0.0541045 9.99822E-05 9.99822E-05 0.560161
9.9973E-05 0.118203 9.9973E-05 0.194893 9.9973E-05 0.273283 0.41332
0.239272 9.99643E-05 9.99643E-05 9.99643E-05 0.0058786 0.75445 9.99643E-05
0.231887 9.99821E-05 0.0308648 9.99821E-05 0.0929608 0.385769 0.258318
0.084766 9.99821E-05 0.0177377 0.163625 0.24843 9.99821E-05 0.485241
9.998E-05 0.136521 0.0923607 0.112243 9.998E-05 0.644351 0.0143233
0.0911856 0.00649682 9.99732E-05 0.163061 9.99732E-05 0.738957 9.99732E-05
0.652056 9.99643E-05 9.99643E-05 0.0392578 9.99643E-05 9.99643E-05 0.308287
0.0414375 0.353812 0.0735189 9.99821E-05 9.99821E-05 0.0741206 0.456911
9.99642E-05 9.99642E-05 0.0861073 9.99642E-05 0.849974 0.0635191 9.99642E-05
9.99821E-05 0.0273291 0.0551863 0.106877 0.147769 0.662639 9.99821E-05
9.99643E-05 9.99643E-05 9.99643E-05 0.44701 0.172992 0.379599 9.99643E-05
9.99821E-05 9.99821E-05 0.278605 0.445001 0.0631388 0.162624 0.0504308
0.067007 0.062602 0.196576 0.212341 0.24808 0.213294 9.999E-05
0.150188 0.236486 0.00171867 0.200145 9.9982E-05 0.411262 9.9982E-05
0.371989 9.99732E-05 0.0522711 9.99732E-05 9.99732E-05 0.489867 0.0855729
0.00282259 9.99551E-05 9.99551E-05 9.99551E-05 0.996678 9.99551E-05 9.99551E-05
9.99732E-05 9.99732E-05 0.0313216 0.264374 9.99732E-05 0.199216 0.504788
9.99731E-05 9.99731E-05 9.99731E-05 0.103916 0.0332577 0.109653 0.752873
0.0655191 0.124656 0.0927467 9.9991E-05 0.0256922 0.420056 0.27123
9.9982E-05 0.206877 0.0464793 0.0095909 0.103945 9.9982E-05 0.632908
