0.0590711 9.9982E-05 0.0206918 0.112809 9.9982E-05 0.767688 0.03954
0.0815211 0.104575 0.355873 0.225908 0.0830617 0.148961 9.9991E-05
0.0578402 0.0692259 0.00866422 0.29172 0.327674 0.172855 0.0720206
0.122044 0.178253 9.9982E-05 0.351004 9.9982E-05 0.297358 0.0511404
0.0604133 0.0666788 0.0911986 0.43332 0.236946 0.0653007 0.0461425
0.0978924 0.0306109 9.9982E-05 0.671971 0.124692 9.9982E-05 0.0746338
0.0359855 0.191741 9.9991E-05 0.0959258 0.0743331 0.461414 0.140501
9.9982E-05 0.0273379 0.277819 9.9982E-05 0.424272 0.222941 0.0474294
0.0334233 9.9982E-05 9.9982E-05 0.185506 0.481643 0.290519 0.00870959
0.2258 0.111938 9.9982E-05 9.9982E-05 0.287576 0.336351 0.0381354
0.19505 9.9973E-05 9.9973E-05 9.9973E-05 0.52129 0.278667 0.0046932
0.00320928 0.0646959 9.9991E-05 0.137376 0.577663 0.203625 0.013331
0.028561 0.0734996 0.00126364 0.330495 0.491208 0.0160337 0.0589392
0.0637447 0.0589272 0.0634319 0.103529 0.3728 0.227536 0.110031
9.9964E-05 9.9964E-05 0.104313 9.9964E-05 0.804767 9.9964E-05 0.09052
0.0978673 0.121991 0.486951 0.133964 0.0272219 9.9991E-05 0.131906
0.0346032 0.121402 9.9973E-05 9.9973E-05 0.811611 9.9973E-05 0.0320839
0.0258764 0.224713 0.190469 0.166976 0.05487 0.202324 0.134771
9.999E-05 0.00996896 0.0163872 0.475937 0.118466 0.251367 0.127775
0.104627 0.0795305 0.0842133 0.320743 0.123012 0.196004 0.0918709
0.0545443 9.9991E-05 0.00279764 0.0408705 0.419567 0.37335 0.10877
0.0341239 0.0689186 0.17215 0.260393 0.242859 0.145701 0.0758544
0.0915341 0.0503102 0.0182299 0.365803 0.257967 0.106255 0.109901
0.0338341 0.237118 0.0905774 0.608832 9.9991E-05 0.0103781 0.0191606
0.248814 9.9973E-05 9.9973E-05 9.9973E-05 0.387361 0.244388 0.119137
0.0156423 0.119879 9.9991E-05 0.109237 0.28033 0.443781 0.0310311
0.137776 0.158797 0.0869902 0.261667 9.9991E-05 0.30101 0.0536602
0.0973175 0.0918914 0.205298 0.0770074 0.368586 0.0450062 0.114894
0.0723412 0.191723 0.0354684 0.289075 0.303913 0.107379 9.9991E-05
9.9982E-05 0.607169 0.0243202 0.0490509 0.255016 9.9982E-05 0.0642436
0.142663 0.0555475 9.9973E-05 0.107614 0.693876 9.9973E-05 9.9973E-05
0.0995618 0.0292943 0.0229776 0.254563 9.9991E-05 0.570309 0.0231937
9.9982E-05 0.0765115 9.9982E-05 0.396978 0.291194 0.164475 0.0706416
0.0283424 9.9982E-05 0.13351 0.424422 0.348809 9.9982E-05 0.0647161
0.0717181 0.00644102 9.9991E-05 0.303721 0.276947 0.233905 0.107168
9.9955E-05 9.9955E-05 9.9955E-05 9.9955E-05 9.9955E-05 0.857268 0.142233
0.236077 0.0855779 0.086215 0.391135 9.9991E-05 0.154721 0.0461734
0.125446 0.0918144 9.9973E-05 9.9973E-05 0.0193033 0.763137 9.9973E-05
0.110022 0.0510079 0.00767145 0.237861 0.578293 9.9991E-05 0.0150448
9.9982E-05 9.9982E-05 0.187733 0.376989 0.193007 0.147916 0.094154
0.0364201 0.0970322 0.10106 0.462752 0.227767 0.0413603 0.0336083
0.170608 0.0962081 0.171151 0.237378 9.9991E-05 0.2826 0.0419554
0.139821 0.0462984 0.155755 0.211925 0.075239 0.274414 0.0965474
0.054666 0.0807183 9.9982E-05 0.19367 0.117873 0.552872 9.9982E-05
0.0649314 0.0858063 0.219794 0.0333779 0.0379123 0.53107 0.0271082
0.205428 0.0684789 9.9982E-05 0.302646 0.23098 0.192268 9.9982E-05
9.9982E-05 0.0812587 0.121077 0.550726 9.9982E-05 0.216782 0.0299566
9.9973E-05 0.0676746 0.161618 0.728806 9.9973E-05 9.9973E-05 0.0416014
0.0337096 0.100279 0.156107 0.387331 0.308123 9.9991E-05 0.0143505
9.9982E-05 0.0818401 0.20864 9.9982E-05 0.490169 0.166964 0.0521868
0.154488 0.0556027 0.0502573 9.9991E-05 0.364815 0.241312 0.133425
9.9982E-05 0.0425082 0.203636 0.542209 0.0884225 9.9982E-05 0.123023
0.0422218 0.0601537 0.603689 0.273266 9.9991E-05 0.0113515 0.00921799
0.187078 0.191266 0.26344 0.0657578 0.176316 0.0592835 0.0568576
9.9964E-05 0.149369 0.387931 0.462301 9.9964E-05 9.9964E-05 9.9964E-05
0.00578314 0.0423779 0.00261463 0.359181 0.192938 0.245426 0.15168
0.0316598 0.0280467 0.5263 0.351195 0.041277 0.0214215 9.9991E-05
0.00880677 0.129507 0.116024 0.56515 9.9991E-05 0.152259 0.0281547
0.0375855 0.0575033 0.295897 0.308096 0.224566 0.0635462 0.0128062
0.225262 9.9982E-05 9.9982E-05 0.222859 0.261744 0.280919 0.00901599
9.9964E-05 0.139861 9.9964E-05 0.839311 9.9964E-05 9.9964E-05 0.0204284
0.0908682 9.9991E-05 0.140201 0.366573 0.252451 0.0133077 0.136499
9.9982E-05 9.9982E-05 0.0555805 0.477956 0.142751 0.137378 0.186134
9.9955E-05 0.940531 9.9955E-05 9.9955E-05 9.9955E-05 9.9955E-05 0.0589693
0.15288 9.9991E-05 0.0367565 0.224529 0.0832492 0.471052 0.0314326
9.9973E-05 9.9973E-05 0.0623415 0.0719126 9.9973E-05 0.754037 0.11141
0.110011 9.9982E-05 0.0262801 0.375828 9.9982E-05 0.431186 0.0564958
9.9973E-05 0.0842264 9.9973E-05 0.396141 0.484345 9.9973E-05 0.0349877
9.9973E-05 0.150233 9.9973E-05 0.272936 0.19996 0.376571 9.9973E-05
0.0727855 0.182804 0.275634 0.0387032 0.14754 0.190496 0.0920378
0.30111 0.106933 0.115009 0.411626 0.0651209 9.9982E-05 9.9982E-05
9.9991E-05 0.0652097 0.243617 0.160283 0.139514 0.288453 0.102823
0.0250456 0.114447 0.00557157 0.0457262 0.573284 0.125062 0.110864
0.0640305 0.0425403 0.13114 0.254139 0.472222 9.9991E-05 0.035829
0.117217 0.214683 0.110034 9.9982E-05 0.430334 0.127532 9.9982E-05
0.0995774 0.0690881 0.316153 0.121678 0.368257 9.9991E-05 0.0251466
0.0587592 0.0426504 0.0655931 0.501342 9.9991E-05 0.127802 0.203753
0.115997 0.0854373 0.0534525 0.705913 0.00288997 9.9991E-05 0.0362102
0.0391601 9.9973E-05 9.9973E-05 0.802503 0.139182 0.0188545 9.9973E-05
9.9982E-05 0.182101 0.0419285 0.501959 0.20983 9.9982E-05 0.0639815
0.0368461 0.192108 0.0694717 0.462403 0.0900562 0.11358 0.0355344
0.0231606 9.9982E-05 9.9982E-05 0.462652 0.250266 0.209853 0.0538678
0.063629 0.230988 9.9982E-05 0.406111 0.10639 0.192682 9.9982E-05
0.154921 0.100458 0.277023 9.9991E-05 0.455825 0.0106755 0.000997682
9.9973E-05 0.155147 9.9973E-05 0.748614 0.0568468 9.9973E-05 0.0390922
0.0972125 9.9991E-05 0.154198 0.44961 0.00797345 0.268574 0.0223316
9.9973E-05 0.0513992 9.9973E-05 0.217389 9.9973E-05 0.61303 0.117882
0.129717 9.9982E-05 9.9982E-05 0.296572 0.402695 0.0193076 0.151509
0.0508194 0.158029 0.108843 0.165692 0.270113 0.190647 0.0558561
9.9964E-05 9.9964E-05 0.0529145 9.9964E-05 0.353963 0.592723 9.9964E-05
0.0215656 0.977935 9.9955E-05 9.9955E-05 9.9955E-05 9.9955E-05 9.9955E-05
0.121417 9.9982E-05 0.0358696 0.055888 0.599511 0.187115 9.9982E-05
0.0401523 9.9982E-05 9.9982E-05 0.544542 0.101522 0.17326 0.140324
9.9982E-05 0.0434871 0.204238 0.0112171 0.588398 9.9982E-05 0.152459
0.0468928 9.9982E-05 0.0395973 0.697776 9.9982E-05 0.138129 0.0774051
0.0953135 0.190883 0.0551661 0.32055 0.209888 0.128099 9.9991E-05
0.141383 0.0309319 0.17766 0.0837685 0.0758153 0.490341 9.9991E-05
0.0878113 9.99731E-05 0.0716972 0.785975 9.99731E-05 9.99731E-05 0.0542165
9.9973E-05 0.530517 9.9973E-05 0.0601544 9.9973E-05 0.279541 0.129487
9.9973E-05 0.305225 0.0672121 0.368095 0.259168 9.9973E-05 9.9973E-05
0.0401588 0.200109 9.9991E-05 0.356425 0.254415 0.0897013 0.0590911
9.995E-05 0.9994 9.995E-05 9.995E-05 9.995E-05 9.995E-05 9.995E-05
0.172252 0.0795908 0.115846 0.161872 0.389066 9.9991E-05 0.0812726
0.9994 9.995E-05 9.995E-05 9.995E-05 9.995E-05 9.995E-05 9.995E-05
0.076286 0.0488308 0.116623 9.9982E-05 0.511864 0.246196 9.9982E-05
9.9964E-05 9.9964E-05 0.177469 9.9964E-05 0.52843 0.293701 9.9964E-05
0.00331972 0.0682342 0.191584 0.30556 0.313432 0.117769 9.9991E-05
0.214667 0.0606261 0.0349638 0.479117 0.0622204 9.9991E-05 0.148306
0.0226808 0.163996 0.0317725 0.0873054 0.694046 9.9982E-05 9.9982E-05
9.9991E-05 0.0365924 0.0792519 0.36097 0.250141 0.233225 0.0397195
0.145862 0.0532314 0.0871491 0.299544 0.219619 0.104643 0.0899511
0.0940729 0.0814614 9.9991E-05 0.240024 0.345254 0.151652 0.0874359
0.0824163 0.086896 0.118021 0.488827 0.0859177 0.137822 9.9991E-05
0.0377529 0.483091 9.9982E-05 0.423624 0.0431271 9.9982E-05 0.0122053
0.0801595 0.109708 0.054362 0.167617 0.22255 0.342844 0.0227588
9.9955E-05 0.991525 9.9955E-05 9.9955E-05 9.9955E-05 9.9955E-05 0.00797544
0.21572 9.9982E-05 0.119225 0.0380747 0.44689 0.17989 9.9982E-05
9.9973E-05 9.9973E-05 0.0825146 0.248175 9.9973E-05 0.565645 0.103365
0.0684629 0.112639 0.183383 0.335179 0.245115 0.0551208 9.9991E-05
0.0235574 0.154783 9.9982E-05 9.9982E-05 0.478982 0.298823 0.0436549
0.00367015 0.0680039 0.154847 0.488865 0.0226648 0.112815 0.149135
9.9973E-05 0.478752 9.9973E-05 0.339617 0.022612 9.9973E-05 0.158719
0.106352 0.128468 0.203687 0.304305 0.0161333 0.111751 0.129305
0.104221 9.9982E-05 0.259001 0.40072 0.205488 9.9982E-05 0.0303693
0.0127856 0.068764 9.9991E-05 0.539942 0.0690093 0.165029 0.14437
9.9973E-05 0.0221098 9.9973E-05 0.369796 0.512315 9.9973E-05 0.0954792
9.9964E-05 9.9964E-05 9.9964E-05 9.9964E-05 0.636262 0.238382 0.124956
0.0352366 0.175112 9.9982E-05 0.640006 9.9982E-05 0.141049 0.00839592
0.0200264 9.9991E-05 0.0648709 0.517549 0.259092 0.129795 0.00856621
0.043792 0.142491 0.0127032 9.9991E-05 0.149661 0.615688 0.035565
9.9982E-05 0.0262483 9.9982E-05 0.115383 0.100077 0.688472 0.0696205
0.0651896 0.149873 0.0234445 0.46489 0.10115 0.081257 0.114196
0.0557281 0.306384 9.9991E-05 0.205008 0.357706 0.0621743 0.012899
9.9982E-05 0.098597 0.0974954 0.0891302 0.626547 9.9982E-05 0.0880309
0.107548 0.0913623 9.9982E-05 0.379715 0.104802 0.316373 9.9982E-05
0.154117 0.113675 9.9991E-05 0.351689 0.13781 0.154713 0.0878956
0.0086755 9.9973E-05 0.888471 0.0175223 0.085031 9.9973E-05 9.9973E-05
9.995E-05 9.995E-05 0.9994 9.995E-05 9.995E-05 9.995E-05 9.995E-05
0.0102404 0.0286406 0.200771 0.102584 0.308399 0.298902 0.0504626
0.0915973 0.0517271 0.140485 0.551618 0.156921 9.9991E-05 0.00755196
0.160814 0.134583 0.0217918 0.366364 0.0451596 0.127893 0.143395
0.089588 9.9955E-05 9.9955E-05 9.9955E-05 0.909912 9.9955E-05 9.9955E-05
0.0684493 0.11252 9.9991E-05 0.589026 0.166424 0.0423314 0.0211496
0.0393436 0.0991412 0.0468229 0.324325 0.19511 0.294022 0.00123507
9.9973E-05 0.12201 0.179548 0.612992 9.9973E-05 9.9973E-05 0.0851507
0.000448658 0.436628 0.00406185 0.183293 0.133988 0.0968959 0.144685
0.0151014 0.0572834 0.130771 0.245552 0.344551 0.130347 0.0763935
9.995E-05 9.995E-05 9.995E-05 9.995E-05 9.995E-05 9.995E-05 0.9994
0.123824 9.9982E-05 0.0746466 0.105261 9.9982E-05 0.545534 0.150535
0.248601 9.9982E-05 0.271404 0.159128 9.9982E-05 0.256288 0.0643792
0.0767655 0.040999 9.9982E-05 0.0271418 0.768405 0.0864884 9.9982E-05
0.146759 9.9973E-05 0.243236 0.553827 9.9973E-05 9.9973E-05 0.0558779
0.105636 0.0717505 0.185942 0.159668 0.210447 0.128135 0.138422
0.0262732 0.0773055 0.130315 0.317837 0.304416 0.0793883 0.0644645
9.9982E-05 0.0654868 9.9982E-05 0.160769 0.62559 0.0864104 0.0615437
0.116978 0.213291 0.364157 0.00153192 9.9991E-05 0.16116 0.142782
0.00249728 9.9982E-05 9.9982E-05 0.579646 0.0877973 0.258188 0.0716715
0.0464741 0.127892 0.0253044 0.0858696 0.443866 0.210257 0.0603364
9.9973E-05 0.175704 0.0935272 0.00353498 9.9973E-05 0.726934 9.9973E-05
0.031303 0.0555314 0.0345438 0.312042 0.353274 0.104523 0.108783
0.0298069 9.9982E-05 9.9982E-05 0.148235 0.25454 0.447451 0.119767
9.995E-05 9.995E-05 9.995E-05 9.995E-05 9.995E-05 9.995E-05 0.9994
9.9982E-05 9.9982E-05 0.057855 0.0104551 0.401303 0.0857647 0.444423
0.0639467 0.0519684 0.567721 0.0786947 0.045065 0.192504 9.9991E-05
0.0574935 9.9991E-05 0.226675 0.277074 0.163826 0.176467 0.0983653
9.9955E-05 9.9955E-05 9.9955E-05 9.9955E-05 9.9955E-05 0.882735 0.116765
0.00778514 9.9991E-05 0.0403766 0.477711 0.195462 0.208056 0.0705091
0.137041 9.9982E-05 0.203979 0.275948 0.375308 0.00752404 9.9982E-05
9.995E-05 9.995E-05 0.9994 9.995E-05 9.995E-05 9.995E-05 9.995E-05
9.9991E-05 0.126884 0.0853433 0.0462854 0.47202 0.153937 0.115429
9.9973E-05 0.0710663 9.9973E-05 0.319534 0.488721 0.120379 9.9973E-05
0.138493 0.11484 0.297558 0.115829 0.279474 0.0373652 0.0164414
0.0501524 0.14549 0.00793521 0.33222 9.9991E-05 0.301735 0.162368
0.0997923 9.9973E-05 0.54588 0.251227 0.1028 9.9973E-05 9.9973E-05
0.0348754 9.9982E-05 9.9982E-05 0.614094 0.0502168 0.157389 0.143225
0.111477 0.00365052 0.0842142 0.611094 0.189364 9.9982E-05 9.9982E-05
0.059718 9.9991E-05 0.0708202 0.198477 0.366837 0.201689 0.102359
0.0849634 9.9982E-05 0.155773 0.129166 0.388522 0.241375 9.9982E-05
0.9994 9.995E-05 9.995E-05 9.995E-05 9.995E-05 9.995E-05 9.995E-05
0.147167 0.138351 0.259873 0.2385 9.9991E-05 0.203041 0.0129675
9.9964E-05 0.235757 9.9964E-05 9.9964E-05 0.759567 9.9964E-05 0.00427581
9.9982E-05 0.0300373 9.9982E-05 0.219626 0.307505 0.247952 0.194679
0.0154629 0.054503 0.276233 0.290745 0.13411 0.183439 0.0455063
9.9982E-05 0.226776 0.0616248 0.0770488 0.224904 0.409447 9.9982E-05
9.9991E-05 0.0224117 0.22397 0.186705 0.135384 0.364148 0.0672807
0.9994 9.995E-05 9.995E-05 9.995E-05 9.995E-05 9.995E-05 9.995E-05
9.9991E-05 0.0313267 0.0575345 0.43859 0.243459 0.13084 0.0981501
0.287462 0.0128952 0.106823 0.142871 0.170539 0.213129 0.0662812
0.00820195 0.0645082 0.0916712 0.583466 0.0797279 0.113907 0.0585171
9.9991E-05 0.0343428 0.419677 0.0064823 0.232921 0.242601 0.0638757
