0.0481361 9.99549E-05 9.99549E-05 0.747447 9.99549E-05 9.99549E-05 0.0404649 9.99549E-05 0.142798 0.0206537
0.0173061 0.151366 0.117186 0.118504 0.00979201 0.340219 0.222647 9.9982E-05 9.9982E-05 0.0227791
0.024095 0.215158 9.9991E-05 0.256455 0.172985 0.10258 0.0333554 0.0762932 0.0372022 0.0817757
0.0939371 0.453195 0.0619411 0.174767 9.9973E-05 9.9973E-05 0.073694 0.068888 0.0732777 9.9973E-05
0.0507321 0.518904 0.0103316 9.9982E-05 0.023526 0.117303 0.0451014 0.0633116 9.9982E-05 0.17059
0.0656095 0.338955 0.0119997 0.00107017 0.191449 0.20187 9.9982E-05 0.0171204 9.9982E-05 0.171726
0.0193351 0.223711 0.0264721 0.37141 0.185418 0.100864 9.9973E-05 0.0724899 9.9973E-05 9.9973E-05
9.9982E-05 9.9982E-05 0.027871 0.198067 0.0909323 0.198519 0.241597 0.115739 0.0249063 0.102168
0.036009 0.123897 0.0417412 0.120639 0.0674511 9.9973E-05 9.9973E-05 9.9973E-05 0.287212 0.322751
0.118574 9.9982E-05 0.112754 0.0350657 9.9982E-05 0.200869 0.0321165 0.0742008 0.384329 0.0418908
0.0240912 0.114128 9.99459E-05 9.99459E-05 9.99459E-05 9.99459E-05 0.0284858 9.99459E-05 0.832695 9.99459E-05
9.99639E-05 9.99639E-05 0.0194488 9.99639E-05 0.0192415 0.297824 9.99639E-05 0.0417327 0.0177644 0.603589
0.0224328 0.161709 0.044775 0.0425127 0.352419 0.182355 9.9991E-05 0.0293725 0.0966963 0.0676279
0.0762261 9.99639E-05 0.0831324 0.206526 0.29884 0.290935 9.99639E-05 0.0439411 9.99639E-05 9.99639E-05
9.9946E-05 9.9946E-05 9.9946E-05 0.0294966 0.87856 9.9946E-05 0.0352093 9.9946E-05 0.0561342 9.9946E-05
9.9973E-05 0.0506948 0.0566285 0.208696 0.206192 9.9973E-05 0.357876 0.0812406 9.9973E-05 0.0383722
0.0850647 0.0615457 9.99394E-05 9.99394E-05 0.85269 9.99394E-05 9.99394E-05 9.99394E-05 9.99394E-05 9.99394E-05
0.0788779 0.235577 0.144223 0.253571 0.196716 9.9973E-05 0.0395552 0.0511803 9.9973E-05 9.9973E-05
9.9982E-05 0.0552814 0.00309123 0.162057 0.158738 9.9982E-05 0.0279561 0.104862 0.0249422 0.462872
9.999E-05 0.434087 0.0268813 0.0783694 0.0268853 0.0232897 0.097958 0.035535 0.269717 0.00717745
0.0882502 0.199858 9.9982E-05 0.176978 0.0547439 9.9982E-05 0.12417 0.0755279 0.222282 0.0579896
9.9946E-05 9.9946E-05 9.9946E-05 0.122821 9.9946E-05 0.675174 9.9946E-05 0.10642 0.0949854 9.9946E-05
0.00155117 0.399461 0.137743 0.00659535 9.9982E-05 9.9982E-05 0.128202 0.171436 0.0163156 0.138495
9.9955E-05 0.446083 0.115623 9.9955E-05 0.0125571 0.383811 9.9955E-05 0.0414256 9.9955E-05 9.9955E-05
0.0669274 9.9937E-05 9.9937E-05 9.9937E-05 9.9937E-05 9.9937E-05 9.9937E-05 0.023394 0.908979 9.9937E-05
0.00409997 0.211783 0.0134835 0.321754 0.0423621 0.0763368 0.0962787 9.9982E-05 0.233701 9.9982E-05
0.0955636 9.9982E-05 0.121034 0.0808043 9.9982E-05 0.145646 0.157509 0.0789744 0.134138 0.186131
0.106367 9.9964E-05 0.206717 0.362028 0.174858 9.9964E-05 0.0319162 9.9964E-05 9.9964E-05 0.117713
0.0228771 0.092169 0.154236 0.056174 0.495283 0.0388544 0.00405103 9.9991E-05 0.0405878 0.0956678
9.99729E-05 0.129661 0.589689 0.0159633 0.0710579 0.0607277 0.073869 0.0587321 9.99729E-05 9.99729E-05
0.038128 0.252293 0.0205467 9.9964E-05 0.216562 9.9964E-05 9.9964E-05 9.9964E-05 0.138899 0.333171
0.0289809 9.9982E-05 9.9982E-05 0.0886374 0.0551183 0.0512067 0.00198502 0.0357809 0.283212 0.454879
9.99551E-05 0.243457 0.0679916 0.0570517 0.586068 9.99551E-05 9.99551E-05 0.0449322 9.99551E-05 9.99551E-05
0.0615886 0.411898 0.00519947 0.0186293 0.310065 0.0175611 0.05353 0.0202322 9.9991E-05 0.101196
0.11375 0.259841 9.9982E-05 0.110112 0.165676 0.0283764 9.9982E-05 0.0684334 0.218765 0.0348463
9.9928E-05 9.9928E-05 9.9928E-05 0.983777 9.9928E-05 9.9928E-05 9.9928E-05 0.015424 9.9928E-05 9.9928E-05
0.141309 0.424681 9.9964E-05 0.0877471 0.172274 0.163046 9.9964E-05 0.0105427 9.9964E-05 9.9964E-05
9.9946E-05 9.9946E-05 0.0418128 0.0545888 0.000322216 9.9946E-05 9.9946E-05 9.9946E-05 0.902677 9.9946E-05
0.128831 0.0988596 0.0806569 9.9982E-05 0.220916 0.0800674 0.0738048 0.0198826 9.9982E-05 0.296782
0.024377 0.118785 0.00555388 0.152599 0.0987049 9.9991E-05 0.262994 0.0871484 0.0522938 0.197444
0.0820538 0.0119945 9.9982E-05 9.9982E-05 0.264949 0.397159 0.0672867 0.0838858 0.0113794 0.0810919
0.150048 0.242675 9.9973E-05 0.17474 9.9973E-05 0.165037 0.156353 0.0955156 0.015332 9.9973E-05
0.117429 0.129124 0.0750649 0.193145 0.0762066 0.168284 0.198047 0.0424997 9.9982E-05 9.9982E-05
9.99641E-05 0.11681 0.152036 0.211461 9.99641E-05 0.446945 9.99641E-05 9.99641E-05 0.0285192 0.0438297
9.9955E-05 9.9955E-05 9.9955E-05 9.9955E-05 9.9955E-05 0.2629 0.0762872 0.0366184 0.521391 0.102304
0.127741 9.9955E-05 9.9955E-05 0.172513 0.355839 9.9955E-05 9.9955E-05 0.0254727 9.9955E-05 0.317934
9.9955E-05 0.274617 9.9955E-05 0.155884 0.103783 9.9955E-05 0.00272942 9.9955E-05 9.9955E-05 0.462487
9.9973E-05 0.267042 0.0604184 0.0302152 9.9973E-05 0.0175997 0.112722 0.018357 9.9973E-05 0.493347
0.0246247 9.9973E-05 0.0580973 0.00624092 0.386468 9.9973E-05 0.0885184 0.0192133 9.9973E-05 0.416538
9.9973E-05 9.9973E-05 0.0770151 0.0955341 0.370383 9.9973E-05 0.249322 0.0280289 0.0537528 0.125664
0.0489736 9.9982E-05 0.0166922 0.0711018 0.166635 0.063593 9.9982E-05 0.119912 0.353573 0.159319
0.0331141 0.276069 0.0295387 0.0322629 0.0272948 0.0152977 0.106389 0.082915 0.129392 0.267727
0.0505429 0.0446393 0.0636371 0.0368288 9.9982E-05 0.0756444 0.510469 0.0285615 9.9982E-05 0.189477
0.165223 9.9982E-05 0.134872 0.183132 0.202166 0.0375884 0.226228 9.9982E-05 0.00837233 0.0422187
9.9937E-05 9.9937E-05 0.0749969 9.9937E-05 9.9937E-05 9.9937E-05 0.137928 9.9937E-05 9.9937E-05 0.786375
0.0349985 0.386793 0.0359618 0.0394993 0.235079 0.00594128 9.9991E-05 0.0558294 0.16498 0.0408186
9.99461E-05 9.99461E-05 9.99461E-05 9.99461E-05 9.99461E-05 0.115635 0.101558 0.0193364 9.99461E-05 0.762871
0.0160961 0.113574 0.0919282 0.0208601 9.9964E-05 9.9964E-05 9.9964E-05 9.9964E-05 0.197811 0.559331
0.0216143 0.0399653 0.0686471 9.9982E-05 0.317389 9.9982E-05 0.123072 0.0476504 0.211643 0.169819
0.100103 9.9991E-05 0.000258783 0.0919649 0.0852185 0.051303 0.0377755 0.0333555 0.252509 0.347412
9.99279E-05 0.957313 0.0418872 9.99279E-05 9.99279E-05 9.99279E-05 9.99279E-05 9.99279E-05 9.99279E-05 9.99279E-05
0.0893262 0.378829 0.00575838 9.9973E-05 0.136024 0.0322215 9.9973E-05 0.0929032 0.264637 9.9973E-05
9.99459E-05 0.142333 9.99459E-05 0.174077 0.37792 9.99459E-05 9.99459E-05 9.99459E-05 9.99459E-05 0.30507
9.9946E-05 0.0258906 0.865929 0.0140502 9.9946E-05 9.9946E-05 9.9946E-05 0.0935306 9.9946E-05 9.9946E-05
0.192947 0.123894 9.9964E-05 0.320426 0.226815 0.0853337 0.0501848 9.9964E-05 9.9964E-05 9.9964E-05
0.0239465 9.9937E-05 9.9937E-05 0.889986 9.9937E-05 9.9937E-05 0.0853678 9.9937E-05 9.9937E-05 9.9937E-05
0.0447294 0.121276 0.0026505 0.331228 0.212814 0.239995 9.9982E-05 0.0269023 9.9982E-05 0.0202043
9.9946E-05 0.0715956 0.00033517 9.9946E-05 0.540472 9.9946E-05 9.9946E-05 9.9946E-05 9.9946E-05 0.386998
9.9955E-05 0.297792 9.9955E-05 0.267712 0.258143 9.9955E-05 9.9955E-05 9.9955E-05 0.161365 0.0144877
9.9973E-05 0.199195 0.105594 0.0193965 9.9973E-05 0.393239 0.152759 0.0828516 0.0466649 9.9973E-05
0.218361 0.208941 0.103185 9.9973E-05 9.9973E-05 0.025397 0.0372122 9.9973E-05 0.0570009 0.349602
9.9982E-05 9.9982E-05 0.0426385 0.215842 0.578631 0.00364595 0.0673161 0.0541913 0.00448271 0.0330521
9.9973E-05 0.126245 0.0319904 0.0502068 0.475144 0.101775 9.9973E-05 0.0630145 0.151324 9.9973E-05
0.0781922 0.0979043 0.0322808 9.99639E-05 0.448999 9.99639E-05 0.171694 9.99639E-05 9.99639E-05 0.17053
0.123317 9.9964E-05 0.0900135 0.0621818 0.193558 0.512327 9.9964E-05 0.0182027 9.9964E-05 9.9964E-05
0.100812 0.0522406 9.9964E-05 9.9964E-05 0.0301147 9.9964E-05 0.290931 0.0475234 9.9964E-05 0.477978
9.9973E-05 0.224883 0.00982248 9.9973E-05 0.135402 0.318669 0.0216684 0.129765 9.9973E-05 0.15949
9.9928E-05 0.981955 9.9928E-05 9.9928E-05 9.9928E-05 9.9928E-05 9.9928E-05 0.0172459 9.9928E-05 9.9928E-05
0.0326064 0.966594 9.9928E-05 9.9928E-05 9.9928E-05 9.9928E-05 9.9928E-05 9.9928E-05 9.9928E-05 9.9928E-05
9.9964E-05 0.60417 0.115093 0.0261912 0.230179 0.0181981 9.9964E-05 0.00576778 9.9964E-05 9.9964E-05
9.999E-05 0.297204 0.0702835 0.106292 0.109096 0.0227904 0.0598281 0.0603511 0.153563 0.120492
0.00350597 0.433228 0.0233017 0.210777 0.0231075 9.9982E-05 9.9982E-05 0.0214081 0.0215198 0.262952
0.0195947 0.21101 0.212871 9.9973E-05 9.9973E-05 0.224474 0.0308052 9.9973E-05 0.00233909 0.298606
0.0356989 0.255038 0.0568457 9.9982E-05 0.209934 9.9982E-05 0.317292 0.0429842 0.0149162 0.0670906
0.0212638 0.119149 0.00970074 0.0808171 0.406136 9.9973E-05 9.9973E-05 0.0401687 9.9973E-05 0.322465
0.00700823 0.179425 9.9964E-05 0.0355818 9.9964E-05 9.9964E-05 0.159018 9.9964E-05 0.439301 0.179266
9.99549E-05 0.0584893 9.99549E-05 0.682081 0.0969802 0.115874 9.99549E-05 0.046075 9.99549E-05 9.99549E-05
0.014477 0.087583 9.99551E-05 9.99551E-05 9.99551E-05 9.99551E-05 9.99551E-05 0.115616 0.307502 0.474322
0.0497414 9.9982E-05 0.137384 0.249409 0.448304 0.00737993 0.0305744 0.0235807 0.0534274 9.9982E-05
9.9964E-05 9.9964E-05 9.9964E-05 0.193358 0.0639664 9.9964E-05 0.0622234 0.0358258 0.364196 0.280031
0.028608 9.99279E-05 0.970593 9.99279E-05 9.99279E-05 9.99279E-05 9.99279E-05 9.99279E-05 9.99279E-05 9.99279E-05
0.039974 9.9964E-05 9.9964E-05 9.9964E-05 0.274082 0.259115 9.9964E-05 0.0171675 0.237209 0.172052
9.9946E-05 0.596154 9.9946E-05 0.101271 9.9946E-05 9.9946E-05 9.9946E-05 0.125717 9.9946E-05 0.176258
9.9964E-05 9.9964E-05 0.000251931 9.9964E-05 0.491192 0.306733 0.104518 0.0967518 0.00015426 9.9964E-05
0.0174199 0.659143 9.9964E-05 0.103256 9.9964E-05 9.9964E-05 0.0622459 0.00841647 9.9964E-05 0.149119
0.0204599 0.289455 0.0850985 0.00569798 9.9982E-05 0.427591 0.0617479 0.0139773 0.0957729 9.9982E-05
0.030341 9.99281E-05 9.99281E-05 9.99281E-05 9.99281E-05 0.96886 9.99281E-05 9.99281E-05 9.99281E-05 9.99281E-05
0.109639 0.156034 9.9964E-05 0.115927 0.0510465 9.9964E-05 9.9964E-05 0.037404 9.9964E-05 0.52955
9.9973E-05 0.0627178 0.482394 0.0383366 0.138948 0.0803145 9.9973E-05 0.0943294 0.10266 9.9973E-05
9.9973E-05 0.143425 0.215162 9.9973E-05 0.176279 0.173359 0.0080338 9.9973E-05 0.232504 0.0509368
9.99729E-05 0.0166293 0.109351 0.181805 0.337475 9.99729E-05 9.99729E-05 0.0113797 0.0880451 0.255014
9.99201E-05 9.99201E-05 0.999101 9.99201E-05 9.99201E-05 9.99201E-05 9.99201E-05 9.99201E-05 9.99201E-05 9.99201E-05
0.107701 0.0770643 0.0092216 9.9982E-05 0.383185 0.211856 0.0560801 9.9982E-05 0.152933 0.00175928
0.908087 9.99279E-05 9.99279E-05 9.99279E-05 9.99279E-05 9.99279E-05 9.99279E-05 9.99279E-05 0.0911134 9.99279E-05
0.0846749 0.155453 0.0740984 0.0635254 0.0845142 0.164196 0.158837 0.0456223 0.161105 0.00797372
0.00592559 0.11886 9.9982E-05 0.202948 0.235645 0.00538299 0.235801 9.9982E-05 0.0375321 0.157705
9.9982E-05 0.0955483 0.0308236 0.152542 0.182773 0.241852 0.179014 9.9982E-05 0.0296306 0.0876172
0.093936 0.0989838 0.079155 0.22282 9.9991E-05 0.087969 0.112417 0.00657409 0.275375 0.0226695
0.0790447 9.9973E-05 0.129394 9.9973E-05 0.409122 0.201225 0.0669402 9.9973E-05 0.0537668 0.0602076
9.9982E-05 0.169008 0.0431628 0.104765 0.263163 9.9982E-05 0.0292944 0.034036 0.314656 0.0417135
0.14795 0.127841 0.0745827 0.271278 0.159867 9.9982E-05 0.0848723 0.0408687 9.9982E-05 0.0925402
9.9973E-05 0.00489549 0.0379117 9.9973E-05 0.0151261 0.396146 9.9973E-05 0.104966 0.14561 0.295045
0.0329396 0.400231 0.0494588 9.9973E-05 0.0806842 9.9973E-05 0.154533 9.9973E-05 0.00201751 0.279836
9.9964E-05 0.192188 0.532379 0.0499139 0.0721596 9.9964E-05 9.9964E-05 0.0456405 9.9964E-05 0.107319
0.0403144 0.109804 9.9964E-05 9.9964E-05 0.128595 0.68946 9.9964E-05 0.0024203 0.0290065 9.9964E-05
9.9928E-05 9.9928E-05 0.902058 9.9928E-05 9.9928E-05 9.9928E-05 9.9928E-05 9.9928E-05 9.9928E-05 0.0971423
0.102362 0.104165 9.9982E-05 0.0248324 0.24689 0.125479 0.0373709 9.9982E-05 0.281478 0.0772226
0.0482077 0.167619 0.0342758 0.528808 0.0429045 0.0480138 0.0419085 0.0473926 0.04077 9.9991E-05
9.9973E-05 0.24488 0.11403 9.9973E-05 9.9973E-05 0.314517 0.0229387 0.0489304 0.018786 0.235618
0.00822514 0.0416787 0.00747282 0.249775 0.0311037 9.9973E-05 9.9973E-05 0.170293 0.491153 9.9973E-05
0.114866 0.126054 0.0756255 0.114958 0.3583 0.0713901 0.0924232 0.0461827 9.9982E-05 9.9982E-05
9.9964E-05 0.28005 0.345981 0.0406258 0.0981823 9.9964E-05 9.9964E-05 0.117845 0.116916 9.9964E-05
0.0582858 0.00595194 0.0945757 9.9964E-05 0.225666 0.562065 9.9964E-05 0.0530548 9.9964E-05 9.9964E-05
0.0610455 0.352334 9.9964E-05 9.9964E-05 0.100209 9.9964E-05 0.290366 0.0103828 9.9964E-05 0.185263
9.9964E-05 9.9964E-05 0.115112 9.9964E-05 0.0931225 0.0728675 0.0481929 9.9964E-05 0.373578 0.296727
9.99551E-05 0.068341 9.99551E-05 9.99551E-05 0.354906 0.43531 9.99551E-05 0.0197813 9.99551E-05 0.121162
9.9964E-05 9.9964E-05 9.9964E-05 0.0477272 0.409563 0.0382679 0.0279215 9.9964E-05 0.261104 0.215017
0.0528755 0.264581 0.0569224 9.9982E-05 0.161384 9.9982E-05 0.00940994 0.00198658 0.0521592 0.400482
9.9955E-05 0.129468 9.9955E-05 0.128673 9.9955E-05 9.9955E-05 0.118208 0.0195871 9.9955E-05 0.603564
9.9928E-05 9.9928E-05 0.0474027 9.9928E-05 9.9928E-05 9.9928E-05 9.9928E-05 9.9928E-05 0.951798 9.9928E-05
9.9955E-05 9.9955E-05 0.0292353 0.730905 0.0504373 0.150215 9.9955E-05 0.0387075 9.9955E-05 9.9955E-05
0.000433737 0.409594 0.0751366 0.0612939 9.9973E-05 0.137737 9.9973E-05 0.0933831 9.9973E-05 0.222121
9.99551E-05 0.348098 0.301363 9.99551E-05 0.0844939 9.99551E-05 9.99551E-05 9.99551E-05 0.0961422 0.169403
0.0145368 0.176416 0.143341 9.9973E-05 0.318142 0.137203 0.148358 0.061703 9.9973E-05 9.9973E-05
0.038474 0.111113 0.042038 0.339595 0.167176 9.9973E-05 9.9973E-05 0.0172045 9.9973E-05 0.284099
0.0879145 0.166145 0.0163824 0.00229354 0.263082 9.9982E-05 9.9982E-05 0.0551347 0.119602 0.289247
9.99459E-05 0.00242755 9.99459E-05 9.99459E-05 9.99459E-05 0.147971 0.846969 9.99459E-05 0.00203254 9.99459E-05
9.99201E-05 9.99201E-05 9.99201E-05 9.99201E-05 9.99201E-05 9.99201E-05 0.999101 9.99201E-05 9.99201E-05 9.99201E-05
0.0137531 0.0703468 0.0377267 9.9973E-05 9.9973E-05 0.417674 0.0905363 0.0653353 0.304328 9.9973E-05
0.106718 0.533321 0.0408311 9.9973E-05 9.9973E-05 0.250677 0.0306639 0.0248546 9.9973E-05 0.0126341
0.105449 0.0827758 9.9973E-05 0.0192198 0.0262598 0.308174 9.9973E-05 0.101275 9.9973E-05 0.356546
0.0853777 0.0396234 9.9964E-05 9.9964E-05 0.669452 9.9964E-05 0.0460576 0.0250118 0.134077 9.9964E-05
0.0747964 0.129902 0.0626093 9.9964E-05 9.9964E-05 0.189041 9.9964E-05 9.9964E-05 0.13134 0.411911
9.99639E-05 9.99639E-05 9.99639E-05 0.164824 0.0757323 0.106235 9.99639E-05 0.0185843 0.129274 0.504951
0.0546287 0.500643 0.0393225 0.034474 0.0302598 0.154364 0.0793481 0.10676 9.9982E-05 9.9982E-05
0.028593 0.279177 0.463815 0.137931 9.9964E-05 0.0309259 9.9964E-05 0.0591582 9.9964E-05 9.9964E-05
0.0118951 0.057276 9.9982E-05 0.245502 0.150859 0.358331 9.9982E-05 0.0337663 0.0194431 0.122728
9.99201E-05 9.99201E-05 9.99201E-05 9.99201E-05 9.99201E-05 9.99201E-05 9.99201E-05 0.999101 9.99201E-05 9.99201E-05
0.0537053 0.143201 9.9964E-05 0.506695 9.9964E-05 0.243526 9.9964E-05 0.0462277 0.0062449 9.9964E-05
0.234945 0.309824 9.9964E-05 0.128707 9.9964E-05 9.9964E-05 0.238496 0.0279278 9.9964E-05 0.0597
0.070867 9.9964E-05 0.0164742 9.9964E-05 9.9964E-05 0.227609 9.9964E-05 0.0353656 0.00980898 0.639476
0.108791 0.451978 9.9973E-05 9.9973E-05 9.9973E-05 0.036146 0.160807 0.106807 0.102396 0.0327749
9.9973E-05 0.0577301 0.0625959 9.9973E-05 9.9973E-05 0.108409 0.112196 0.133386 0.19367 0.331713
0.0195662 9.9955E-05 9.9955E-05 9.9955E-05 9.9955E-05 0.810147 0.0445043 0.0504876 9.9955E-05 0.0747953
9.9955E-05 0.108272 9.9955E-05 9.9955E-05 0.104124 0.499946 9.9955E-05 0.0716085 9.9955E-05 0.21555
0.0558872 0.0528805 0.17088 0.0703913 0.102798 0.381493 0.079384 0.0860862 9.9982E-05 9.9982E-05
9.9973E-05 0.237447 9.9973E-05 0.121137 0.046313 0.131562 9.9973E-05 0.0486269 0.148163 0.266451
0.0772916 0.172227 0.154028 0.103847 0.202634 0.11301 0.0201628 0.0404937 0.116205 9.9991E-05
9.9937E-05 9.9937E-05 0.163758 0.732707 9.9937E-05 9.9937E-05 0.102835 9.9937E-05 9.9937E-05 9.9937E-05
9.9955E-05 9.9955E-05 0.101864 0.0873721 0.136391 0.616395 9.9955E-05 0.0574779 9.9955E-05 9.9955E-05
0.0564795 0.34696 0.064583 0.0923607 0.0215077 9.9982E-05 9.9982E-05 0.0352579 0.350912 0.0317388
9.99201E-05 9.99201E-05 9.99201E-05 9.99201E-05 9.99201E-05 9.99201E-05 9.99201E-05 0.999101 9.99201E-05 9.99201E-05
0.0132308 9.9973E-05 9.9973E-05 0.16273 0.199747 0.047746 0.0508353 0.405912 9.9973E-05 0.119499
0.0533587 0.0878115 9.9964E-05 0.048462 9.9964E-05 0.515305 0.246692 9.9964E-05 9.9964E-05 0.0479704
0.0276805 0.132655 0.0176423 0.0527325 0.0156672 0.0841804 0.122226 0.0867065 0.232287 0.228223
9.99461E-05 9.99461E-05 9.99461E-05 0.754083 9.99461E-05 0.201544 9.99461E-05 0.033245 0.0105281 9.99461E-05
0.0044627 0.0750327 9.9982E-05 0.231697 0.225459 9.9982E-05 0.0473205 0.0311831 0.0984975 0.286147
0.0926934 0.141604 9.9991E-05 0.034682 0.188364 0.210447 0.127286 0.0136251 0.0856384 0.10556
9.99201E-05 9.99201E-05 9.99201E-05 9.99201E-05 9.99201E-05 9.99201E-05 0.999101 9.99201E-05 9.99201E-05 9.99201E-05
9.9964E-05 0.255401 0.0812024 0.0803129 0.419289 0.124205 9.9964E-05 0.0391897 9.9964E-05 9.9964E-05
9.99639E-05 0.109972 0.165936 9.99639E-05 0.139609 9.99639E-05 0.011382 9.99639E-05 0.108616 0.464085
0.147648 0.10276 0.134552 0.00733076 0.109114 9.9982E-05 0.174821 0.0275127 9.9982E-05 0.296061
9.9982E-05 0.179615 0.181761 0.153578 0.0425506 0.116059 9.9982E-05 0.0822077 0.0457759 0.198253
0.104188 9.9955E-05 9.9955E-05 0.168424 0.067354 9.9955E-05 0.388732 9.9955E-05 9.9955E-05 0.270802
9.99639E-05 0.0772811 9.99639E-05 0.262058 0.195372 9.99639E-05 0.11455 0.0798239 9.99639E-05 0.270515
0.156769 0.205462 9.9955E-05 9.9955E-05 0.118295 0.329822 9.9955E-05 9.9955E-05 9.9955E-05 0.189153
9.9964E-05 0.276514 9.9964E-05 9.9964E-05 0.0290531 9.9964E-05 0.127426 0.0388331 0.338898 0.188875
0.10437 0.0902042 0.0118045 0.184812 9.9973E-05 9.9973E-05 0.231133 9.9973E-05 0.0121392 0.365237
0.953449 9.99279E-05 0.0457519 9.99279E-05 9.99279E-05 9.99279E-05 9.99279E-05 9.99279E-05 9.99279E-05 9.99279E-05
0.054989 9.9973E-05 0.01252 9.9973E-05 9.9973E-05 0.649567 0.0264885 0.0249384 0.0792708 0.151926
9.99201E-05 9.99201E-05 9.99201E-05 9.99201E-05 0.999101 9.99201E-05 9.99201E-05 9.99201E-05 9.99201E-05 9.99201E-05
9.9964E-05 0.170049 0.123383 0.0576374 0.178805 9.9964E-05 9.9964E-05 0.0769186 0.392808 9.9964E-05
0.0368456 0.00708994 0.026575 0.219829 0.0967912 0.334299 0.103256 0.0271544 0.0178454 0.130315
9.9973E-05 0.165726 0.135843 0.309752 0.0249136 0.248447 0.0397286 9.9973E-05 0.075289 9.9973E-05
0.0323421 0.320979 0.000440077 0.243609 0.063264 9.9982E-05 0.16159 9.9982E-05 0.0897724 0.0878037
0.999101 9.99201E-05 9.99201E-05 9.99201E-05 9.99201E-05 9.99201E-05 9.99201E-05 9.99201E-05 9.99201E-05 9.99201E-05
9.9973E-05 0.185386 0.0745058 0.151344 9.9973E-05 0.155815 9.9973E-05 0.0998699 0.171054 0.161726
0.191819 9.9964E-05 0.0117281 0.28087 0.279742 0.189734 9.9964E-05 0.0457068 9.9964E-05 9.9964E-05
9.99639E-05 0.509201 9.99639E-05 0.0134558 0.0654572 0.375382 0.0148078 0.0212967 9.99639E-05 9.99639E-05
9.9964E-05 9.9964E-05 0.113997 0.0419434 0.0913055 0.44314 0.211979 9.9964E-05 0.0972354 9.9964E-05
