0.0405842 9.9973E-05 0.164441 9.9973E-05 0.228174 0.0256424 0.0793329 0.0610402 9.9973E-05 0.400485
0.0587189 9.9955E-05 9.9955E-05 9.9955E-05 0.206521 0.320851 9.9955E-05 9.9955E-05 0.340821 0.0725884
0.0871048 0.406485 0.207705 0.22579 0.0516465 0.0062688 9.99731E-05 9.99731E-05 0.0146996 9.99731E-05
0.0117949 9.99642E-05 0.125257 0.0296324 0.342506 0.259729 0.23068 9.99642E-05 9.99642E-05 9.99642E-05
0.149226 9.99551E-05 0.352763 9.99551E-05 0.359561 9.99551E-05 0.0867168 9.99551E-05 0.0512326 9.99551E-05
9.99641E-05 9.99641E-05 0.0690592 0.0835865 0.564222 0.111122 0.120755 9.99641E-05 9.99641E-05 0.0508556
0.0364457 0.0873486 0.0172387 9.99641E-05 0.273034 9.99641E-05 9.99641E-05 0.142464 0.44307 9.99641E-05
0.0718955 9.99374E-05 9.99374E-05 9.99374E-05 0.922373 9.99374E-05 9.99374E-05 0.00503197 9.99374E-05 9.99374E-05
9.99463E-05 9.99463E-05 0.120078 9.99463E-05 9.99463E-05 9.99463E-05 0.642824 0.222341 0.0141569 9.99463E-05
0.171399 0.314949 9.99641E-05 0.39075 0.0212405 0.0237043 9.99641E-05 9.99641E-05 9.99641E-05 0.0775575
9.9964E-05 0.0400833 9.9964E-05 0.390429 0.348992 0.145638 0.0303031 0.044154 9.9964E-05 9.9964E-05
0.131262 0.0979827 0.0502236 9.99642E-05 0.0712853 9.99642E-05 0.357714 0.291133 9.99642E-05 9.99642E-05
9.99552E-05 9.99552E-05 0.0450079 9.99552E-05 0.216816 0.113155 0.115729 0.508791 9.99552E-05 9.99552E-05
0.125983 9.99641E-05 0.0921547 9.99641E-05 0.112745 0.16364 0.248039 9.99641E-05 9.99641E-05 0.257039
9.99554E-05 0.0195772 9.99554E-05 9.99554E-05 0.401292 9.99554E-05 0.478159 0.0134186 0.087053 9.99554E-05
0.149799 0.325445 0.335088 9.99642E-05 0.114363 9.99642E-05 9.99642E-05 9.99642E-05 0.0322561 0.0426491
9.999E-05 0.0279604 0.0462666 0.204635 0.21782 0.0963166 0.147511 0.152 0.0712945 0.0360961
0.231718 0.367262 9.99551E-05 0.109528 9.99551E-05 0.211632 9.99551E-05 9.99551E-05 9.99551E-05 0.0793603
9.99461E-05 9.99461E-05 9.99461E-05 9.99461E-05 0.159183 9.99461E-05 0.172458 0.381737 0.286022 9.99461E-05
9.99641E-05 0.0121547 9.99641E-05 0.164172 0.406325 0.384909 0.0140234 9.99641E-05 9.99641E-05 0.0180163
0.0781696 9.99552E-05 9.99552E-05 0.228445 9.99552E-05 0.623953 0.00379798 9.99552E-05 9.99552E-05 0.0651345
9.9955E-05 9.9955E-05 0.0678444 9.9955E-05 9.9955E-05 9.9955E-05 0.0617341 0.477334 0.292139 0.100449
0.0268812 9.99641E-05 0.129931 0.00181532 0.111269 0.400834 0.32887 9.99641E-05 9.99641E-05 9.99641E-05
0.032878 9.9964E-05 0.685689 9.9964E-05 9.9964E-05 0.154531 0.0542097 9.9964E-05 0.0666288 0.00566312
0.0424841 9.99552E-05 9.99552E-05 0.271818 0.360119 0.256092 9.99552E-05 0.068987 9.99552E-05 9.99552E-05
0.277116 9.9955E-05 0.296977 9.9955E-05 9.9955E-05 0.0573714 9.9955E-05 0.0286342 9.9955E-05 0.339401
0.270904 0.0110931 0.218734 0.0242513 9.9982E-05 0.0617982 0.108898 0.119815 9.9982E-05 0.184307
9.99372E-05 9.99372E-05 9.99372E-05 0.118357 0.0524622 9.99372E-05 9.99372E-05 9.99372E-05 0.828481 9.99372E-05
0.0526845 0.208447 9.9964E-05 0.239049 0.325066 9.9964E-05 9.9964E-05 0.0886822 0.0856707 9.9964E-05
9.99372E-05 0.163341 0.835398 0.000560832 9.99372E-05 9.99372E-05 9.99372E-05 9.99372E-05 9.99372E-05 9.99372E-05
0.165785 9.99552E-05 9.99552E-05 9.99552E-05 0.0922186 9.99552E-05 0.103758 9.99552E-05 0.419928 0.217811
9.99462E-05 0.397705 9.99462E-05 9.99462E-05 0.23958 0.28344 9.99462E-05 9.99462E-05 9.99462E-05 0.078675
9.99641E-05 0.453022 0.0639941 0.228285 9.99641E-05 9.99641E-05 0.120092 0.127001 0.00720597 9.99641E-05
9.99553E-05 0.00683465 9.99553E-05 9.99553E-05 0.647759 9.99553E-05 0.00906311 0.289162 9.99553E-05 0.0466816
0.0583814 9.99461E-05 0.159474 9.99461E-05 0.70947 0.0720753 9.99461E-05 9.99461E-05 9.99461E-05 9.99461E-05
0.090982 9.99553E-05 9.99553E-05 9.99553E-05 0.495403 0.244321 9.99553E-05 0.0320026 9.99553E-05 0.136792
0.176042 9.99462E-05 0.0269535 9.99462E-05 9.99462E-05 9.99462E-05 9.99462E-05 9.99462E-05 0.562385 0.234019
9.9982E-05 0.0058984 9.9982E-05 0.383194 0.0567969 0.279846 0.112711 0.0680654 0.051371 0.0419179
0.031004 0.0799632 9.9991E-05 0.0236783 0.19471 0.0808567 0.0449096 0.290321 0.197548 0.0569094
0.0454855 9.99641E-05 9.99641E-05 0.16834 0.335118 0.11861 9.99641E-05 0.269184 9.99641E-05 0.0628624
0.0260808 0.259898 0.165008 9.99731E-05 9.99731E-05 0.126877 0.0499663 0.05125 0.32062 9.99731E-05
0.0650471 0.0449895 9.99732E-05 0.0177263 9.99732E-05 0.224379 0.0575298 0.354272 9.99732E-05 0.235757
0.00123564 9.9964E-05 0.0669197 9.9964E-05 0.205302 0.360797 0.0677126 9.9964E-05 9.9964E-05 0.297633
0.10957 9.99731E-05 0.0359934 0.0318341 0.479456 0.0163544 0.260391 9.99731E-05 9.99731E-05 0.0661007
0.107532 0.0608712 9.99821E-05 0.0503778 0.24821 0.17342 0.0164178 0.303836 9.99821E-05 0.0391355
0.0402405 0.334677 9.99552E-05 9.99552E-05 0.438239 0.129596 0.0567485 9.99552E-05 9.99552E-05 9.99552E-05
9.99461E-05 0.581095 9.99461E-05 9.99461E-05 0.128147 0.206786 0.0833732 9.99461E-05 9.99461E-05 9.99461E-05
0.131331 0.464515 9.9964E-05 0.0667085 0.120565 0.025326 0.191154 9.9964E-05 9.9964E-05 9.9964E-05
9.99463E-05 0.629005 9.99463E-05 9.99463E-05 0.182027 0.136343 9.99463E-05 0.0520252 9.99463E-05 9.99463E-05
0.172775 9.9937E-05 9.9937E-05 9.9937E-05 0.545618 9.9937E-05 9.9937E-05 9.9937E-05 9.9937E-05 0.280907
9.99371E-05 9.99371E-05 0.262468 9.99371E-05 0.560893 9.99371E-05 9.99371E-05 9.99371E-05 9.99371E-05 0.175939
0.0150758 9.99551E-05 9.99551E-05 0.261643 9.99551E-05 0.3998 0.312906 9.99551E-05 9.99551E-05 0.0100755
9.99639E-05 0.155368 0.260763 9.99639E-05 0.0120736 9.99639E-05 0.238723 0.217945 0.114728 9.99639E-05
9.99373E-05 9.99373E-05 9.99373E-05 0.18281 0.582346 9.99373E-05 9.99373E-05 0.234144 9.99373E-05 9.99373E-05
0.0101536 9.99552E-05 9.99552E-05 9.99552E-05 9.99552E-05 0.11504 0.395214 9.99552E-05 0.385665 0.0934276
0.00301147 0.00277978 0.0368005 9.99731E-05 9.99731E-05 9.99731E-05 0.287976 0.0600189 0.42597 0.183144
9.9973E-05 9.9973E-05 0.200086 0.0321546 0.232024 0.359007 0.0275819 0.033758 0.115089 9.9973E-05
0.00381421 9.99643E-05 0.00586427 9.99643E-05 0.175077 0.051728 0.466321 9.99643E-05 0.296796 9.99643E-05
0.135165 0.217665 9.9973E-05 0.0480981 0.4143 9.9973E-05 0.0205452 9.9973E-05 0.0545201 0.109407
0.124722 0.0150769 9.99731E-05 0.0683973 0.28297 0.336784 0.0318088 9.99731E-05 9.99731E-05 0.139942
9.99552E-05 9.99552E-05 0.105307 0.279389 0.454437 9.99552E-05 0.151765 9.99552E-05 0.00860239 9.99552E-05
0.217413 0.115705 0.204871 9.9964E-05 9.9964E-05 0.438131 0.0194616 9.9964E-05 9.9964E-05 0.00401863
9.9946E-05 0.254622 9.9946E-05 9.9946E-05 9.9946E-05 9.9946E-05 0.323588 0.215051 0.206139 9.9946E-05
0.094226 9.99552E-05 0.623412 0.0394634 0.00848374 0.233915 9.99552E-05 9.99552E-05 9.99552E-05 9.99552E-05
9.99552E-05 0.240809 0.178668 9.99552E-05 0.298623 9.99552E-05 9.99552E-05 9.99552E-05 0.0859373 0.195464
0.0542027 9.99552E-05 0.0826709 9.99552E-05 9.99552E-05 0.231566 0.300482 0.330579 9.99552E-05 9.99552E-05
9.99551E-05 9.99551E-05 0.00643915 0.0779925 0.514048 0.361776 0.0392446 9.99551E-05 9.99551E-05 9.99551E-05
0.114736 9.99552E-05 9.99552E-05 9.99552E-05 0.264844 9.99552E-05 0.281393 0.280115 0.0584125 9.99552E-05
0.0297156 9.99551E-05 9.99551E-05 0.00485311 0.34606 9.99551E-05 9.99551E-05 0.493391 9.99551E-05 0.125481
9.99552E-05 9.99552E-05 0.12801 0.113077 9.99552E-05 0.116744 9.99552E-05 0.348272 9.99552E-05 0.293398
0.219913 0.0812124 9.99731E-05 0.0253451 0.218279 9.99731E-05 0.357693 0.0185227 9.99731E-05 0.078734
0.0209301 0.0896763 9.99463E-05 9.99463E-05 9.99463E-05 0.265332 9.99463E-05 0.623462 9.99463E-05 9.99463E-05
0.0577321 0.0424316 9.99553E-05 9.99553E-05 0.331972 0.0401244 9.99553E-05 9.99553E-05 0.52724 9.99553E-05
0.0350288 0.0947249 9.99642E-05 9.99642E-05 0.521646 0.0326308 9.99642E-05 0.176847 0.138722 9.99642E-05
9.99465E-05 0.0467356 9.99465E-05 0.048493 0.768899 9.99465E-05 9.99465E-05 9.99465E-05 0.135272 9.99465E-05
0.110445 0.386858 9.9973E-05 9.9973E-05 0.08267 0.0138887 0.0984151 9.9973E-05 0.169646 0.137778
9.99375E-05 9.99375E-05 0.156356 9.99375E-05 9.99375E-05 0.238688 0.604256 9.99375E-05 9.99375E-05 9.99375E-05
0.113204 9.9973E-05 9.9973E-05 0.244277 0.204059 0.120914 0.0430083 0.102499 0.171739 9.9973E-05
0.0018362 9.99731E-05 0.0912147 0.269438 0.149234 9.99731E-05 9.99731E-05 0.280594 0.142411 0.0649718
0.0110947 9.99731E-05 0.0119119 0.0486189 0.435237 9.99731E-05 0.287704 9.99731E-05 0.151011 0.0541226
0.348852 0.167965 9.99463E-05 0.0327164 0.449867 9.99463E-05 9.99463E-05 9.99463E-05 9.99463E-05 9.99463E-05
9.99731E-05 9.99731E-05 0.187742 0.0470992 0.0256311 0.297888 0.22291 0.155903 9.99731E-05 0.0625279
9.99374E-05 9.99374E-05 9.99374E-05 9.99374E-05 9.99374E-05 0.608159 9.99374E-05 9.99374E-05 0.0994598 0.291682
9.99551E-05 9.99551E-05 0.0733881 9.99551E-05 9.99551E-05 0.138707 0.152481 0.1769 9.99551E-05 0.458024
0.0576002 0.195903 0.0567548 9.99641E-05 0.304307 0.337675 0.0473595 9.99641E-05 9.99641E-05 9.99641E-05
0.104278 9.9964E-05 9.9964E-05 9.9964E-05 0.379597 0.285589 0.185462 0.0189641 9.9964E-05 0.0257097
0.0904187 9.99642E-05 9.99642E-05 9.99642E-05 9.99642E-05 0.176238 0.108295 0.304234 0.222649 0.0977651
9.99551E-05 9.99551E-05 0.416424 9.99551E-05 0.0209889 0.255725 0.125598 0.180764 9.99551E-05 9.99551E-05
9.99463E-05 9.99463E-05 9.99463E-05 0.165469 9.99463E-05 9.99463E-05 9.99463E-05 0.529826 0.202448 0.101658
9.9955E-05 9.9955E-05 0.0569362 0.0618221 9.9955E-05 9.9955E-05 0.11001 0.480378 9.9955E-05 0.290354
9.99284E-05 0.409036 0.590164 9.99284E-05 9.99284E-05 9.99284E-05 9.99284E-05 9.99284E-05 9.99284E-05 9.99284E-05
0.0577086 0.0483854 0.0470325 0.044573 0.177703 0.377541 0.0584001 0.123823 9.9991E-05 0.064734
0.00928055 0.303898 0.0516764 9.99552E-05 9.99552E-05 0.0977753 9.99552E-05 0.53687 9.99552E-05 9.99552E-05
9.995E-05 9.995E-05 0.0578419 0.25911 9.995E-05 0.0670164 0.539975 9.995E-05 0.0755573 9.995E-05
0.133117 0.238936 0.00587954 9.9955E-05 9.9955E-05 9.9955E-05 0.175813 0.445754 9.9955E-05 9.9955E-05
0.0246783 9.99551E-05 9.99551E-05 0.0765738 0.299651 0.0842453 0.514351 9.99551E-05 9.99551E-05 9.99551E-05
9.99552E-05 9.99552E-05 0.330169 9.99552E-05 9.99552E-05 0.0686764 0.201795 9.99552E-05 0.158773 0.240087
9.99551E-05 0.165174 9.99551E-05 9.99551E-05 0.060796 9.99551E-05 0.604926 0.0912791 9.99551E-05 0.0773244
0.0417029 0.173684 0.44569 9.9973E-05 0.205593 0.00930919 9.9973E-05 0.0539733 9.9973E-05 0.0697473
9.99461E-05 9.99461E-05 0.282301 0.0131107 9.99461E-05 0.578872 9.99461E-05 9.99461E-05 0.125116 9.99461E-05
9.99372E-05 9.99372E-05 0.153693 9.99372E-05 9.99372E-05 9.99372E-05 0.254746 9.99372E-05 0.590861 9.99372E-05
0.0434598 9.99372E-05 0.845035 0.110805 9.99372E-05 9.99372E-05 9.99372E-05 9.99372E-05 9.99372E-05 9.99372E-05
9.99642E-05 0.0201519 9.99642E-05 0.170643 9.99642E-05 0.251781 0.0980226 9.99642E-05 0.364126 0.0948763
9.99282E-05 9.99282E-05 0.0507485 0.948452 9.99282E-05 9.99282E-05 9.99282E-05 9.99282E-05 9.99282E-05 9.99282E-05
0.000568343 9.9964E-05 9.9964E-05 9.9964E-05 0.343705 0.0727589 0.219411 0.136193 9.9964E-05 0.226965
9.99551E-05 0.0819946 9.99551E-05 9.99551E-05 0.347671 0.0967812 0.134011 0.339041 9.99551E-05 9.99551E-05
9.99552E-05 0.192451 9.99552E-05 9.99552E-05 0.26381 0.259853 9.99552E-05 9.99552E-05 0.0537521 0.229634
9.99372E-05 9.99372E-05 9.99372E-05 0.164214 0.450799 9.99372E-05 9.99372E-05 9.99372E-05 0.384287 9.99372E-05
9.99374E-05 9.99374E-05 9.99374E-05 9.99374E-05 0.449216 9.99374E-05 9.99374E-05 0.251975 9.99374E-05 0.298109
0.0532352 9.99552E-05 9.99552E-05 0.304761 9.99552E-05 0.0506158 9.99552E-05 0.417173 9.99552E-05 0.173715
0.0252705 0.22579 0.298632 9.99642E-05 9.99642E-05 0.095165 9.99642E-05 0.148634 0.206108 9.99642E-05
0.048149 9.99462E-05 0.310573 9.99462E-05 0.525814 9.99462E-05 9.99462E-05 9.99462E-05 9.99462E-05 0.114864
9.99731E-05 0.0793255 0.444022 0.0306714 0.00971853 0.170049 9.99731E-05 0.181794 9.99731E-05 0.0841203
9.99285E-05 9.99285E-05 9.99285E-05 0.16862 0.830581 9.99285E-05 9.99285E-05 9.99285E-05 9.99285E-05 9.99285E-05
9.99282E-05 9.99282E-05 0.547753 9.99282E-05 9.99282E-05 0.451447 9.99282E-05 9.99282E-05 9.99282E-05 9.99282E-05
9.99463E-05 9.99463E-05 0.0514916 0.30837 9.99463E-05 9.99463E-05 0.451555 0.187984 9.99463E-05 9.99463E-05
0.027898 9.996E-05 0.0736125 9.996E-05 0.423884 9.996E-05 0.295293 0.156193 9.996E-05 0.0227188
0.0324343 0.146564 9.99731E-05 9.99731E-05 0.11496 0.0582859 9.99731E-05 0.275239 0.122625 0.249592
0.0255317 0.407405 0.220611 0.0922704 0.11583 9.99641E-05 9.99641E-05 9.99641E-05 9.99641E-05 0.137952
9.99371E-05 9.99371E-05 9.99371E-05 9.99371E-05 0.358233 0.363104 9.99371E-05 9.99371E-05 0.277963 9.99371E-05
9.99461E-05 9.99461E-05 0.548423 9.99461E-05 0.0154542 9.99461E-05 0.208979 9.99461E-05 9.99461E-05 0.226545
9.99462E-05 0.202426 9.99462E-05 0.00953057 9.99462E-05 0.559667 9.99462E-05 9.99462E-05 0.227776 9.99462E-05
9.99372E-05 0.1243 9.99372E-05 0.0677073 0.807293 9.99372E-05 9.99372E-05 9.99372E-05 9.99372E-05 9.99372E-05
0.0672282 0.00248982 9.99552E-05 9.99552E-05 0.123328 0.524843 9.99552E-05 9.99552E-05 9.99552E-05 0.281611
9.99552E-05 0.0294287 0.0805424 0.0440987 0.422444 9.99552E-05 0.422987 9.99552E-05 9.99552E-05 9.99552E-05
0.0525049 9.9982E-05 0.0039919 0.00720805 0.593561 0.0582469 0.125483 0.151283 0.00752152 9.9982E-05
9.99373E-05 0.751161 9.99373E-05 9.99373E-05 9.99373E-05 0.193222 9.99373E-05 0.0549176 9.99373E-05 9.99373E-05
0.135742 9.99731E-05 0.0283814 0.111041 0.175757 9.99731E-05 9.99731E-05 0.208126 0.0208691 0.319783
9.99553E-05 9.99553E-05 0.00652984 0.317153 0.0440466 0.400226 9.99553E-05 9.99553E-05 9.99553E-05 0.231545
0.163835 0.0391933 0.173148 0.14376 9.99731E-05 0.0533601 9.99731E-05 0.356002 9.99731E-05 0.0704024
9.99373E-05 9.99373E-05 9.99373E-05 0.0629181 9.99373E-05 0.109884 0.826498 9.99373E-05 9.99373E-05 9.99373E-05
0.0107677 9.9964E-05 0.00406252 0.10741 0.512253 0.231071 0.134035 9.9964E-05 9.9964E-05 9.9964E-05
0.0661839 0.168257 9.99731E-05 0.133378 0.051555 9.99731E-05 0.167638 0.27129 9.99731E-05 0.141398
0.129253 9.9973E-05 9.9973E-05 0.0952928 9.9973E-05 0.0275232 0.114686 0.12605 0.0705045 0.436391
0.146404 0.0717767 9.99821E-05 0.0429041 0.13323 0.232664 0.151586 0.0304221 9.99821E-05 0.190813
9.99282E-05 9.99282E-05 9.99282E-05 9.99282E-05 9.99282E-05 0.112595 9.99282E-05 9.99282E-05 9.99282E-05 0.886605
9.99282E-05 0.0332594 9.99282E-05 9.99282E-05 9.99282E-05 9.99282E-05 9.99282E-05 9.99282E-05 9.99282E-05 0.965941
9.99553E-05 0.0459303 0.000864265 0.145855 0.244319 9.99553E-05 9.99553E-05 9.99553E-05 9.99553E-05 0.562532
0.0230531 0.0500052 9.99732E-05 9.99732E-05 0.0140622 0.2731 0.0857717 0.486354 0.0673539 9.99732E-05
9.99464E-05 9.99464E-05 9.99464E-05 9.99464E-05 0.910254 0.0135358 0.0385449 9.99464E-05 9.99464E-05 0.037066
9.99642E-05 9.99642E-05 0.0946384 0.199481 0.00519135 9.99642E-05 0.027846 9.99642E-05 0.497067 0.175376
0.0114581 9.99821E-05 0.0210165 0.253536 0.0114011 0.446158 0.147659 0.100081 9.99821E-05 0.00849035
0.0555557 0.289623 0.0433255 0.0795966 0.0827954 9.9991E-05 0.140738 0.251042 0.0237843 0.0334399
9.99553E-05 0.0575508 0.116043 0.137763 9.99553E-05 9.99553E-05 0.226521 9.99553E-05 9.99553E-05 0.461623
0.070578 9.99641E-05 0.261511 0.0297093 0.234665 0.159801 9.99641E-05 0.243335 9.99641E-05 9.99641E-05
9.996E-05 9.996E-05 0.00912671 9.996E-05 0.324735 0.0240265 0.00149428 0.427612 0.212606 9.996E-05
0.999101 9.99201E-05 9.99201E-05 9.99201E-05 9.99201E-05 9.99201E-05 9.99201E-05 9.99201E-05 9.99201E-05 9.99201E-05
9.996E-05 9.996E-05 0.12378 0.06941 0.349724 0.0820913 0.11032 9.996E-05 9.996E-05 0.264274
9.99463E-05 9.99463E-05 0.0423652 9.99463E-05 0.344073 0.579675 9.99463E-05 9.99463E-05 0.0332875 9.99463E-05
0.410718 9.99552E-05 9.99552E-05 9.99552E-05 9.99552E-05 9.99552E-05 0.330059 0.208795 0.0375225 0.0124054
9.99373E-05 9.99373E-05 9.99373E-05 0.0466075 9.99373E-05 9.99373E-05 9.99373E-05 0.657279 0.295414 9.99373E-05
0.0674317 9.99462E-05 9.99462E-05 9.99462E-05 0.251732 9.99462E-05 0.657211 9.99462E-05 9.99462E-05 0.0230251
0.00762286 9.99551E-05 9.99551E-05 9.99551E-05 0.186316 9.99551E-05 0.064587 9.99551E-05 0.246406 0.494568
0.0167152 0.297714 0.16088 9.9964E-05 0.0286241 9.9964E-05 9.9964E-05 9.9964E-05 0.259748 0.235919
0.110043 9.99464E-05 0.2044 9.99464E-05 9.99464E-05 0.669591 9.99464E-05 9.99464E-05 0.0153676 9.99464E-05
9.99462E-05 0.173899 9.99462E-05 0.222941 9.99462E-05 9.99462E-05 0.318314 9.99462E-05 9.99462E-05 0.284247
9.99641E-05 0.142023 9.99641E-05 0.304806 0.106103 0.374616 9.99641E-05 9.99641E-05 0.0388575 0.0331945
0.168048 0.0889412 0.140818 0.0758919 9.99642E-05 9.99642E-05 0.0575349 9.99642E-05 9.99642E-05 0.468367
9.99464E-05 9.99464E-05 0.145703 9.99464E-05 0.705727 9.99464E-05 9.99464E-05 9.99464E-05 0.0166927 0.131278
9.99551E-05 9.99551E-05 0.160636 0.00147948 0.13937 0.242311 9.99551E-05 0.455705 9.99551E-05 9.99551E-05
0.999101 9.99201E-05 9.99201E-05 9.99201E-05 9.99201E-05 9.99201E-05 9.99201E-05 9.99201E-05 9.99201E-05 9.99201E-05
0.215795 9.99372E-05 9.99372E-05 9.99372E-05 0.115729 9.99372E-05 9.99372E-05 0.667777 9.99372E-05 9.99372E-05
9.99463E-05 9.99463E-05 9.99463E-05 9.99463E-05 0.725614 0.220286 0.0291188 0.0243815 9.99463E-05 9.99463E-05
0.0366498 9.99552E-05 9.99552E-05 9.99552E-05 9.99552E-05 0.0793917 0.549381 0.00861745 0.325461 9.99552E-05
0.270727 0.100331 9.99554E-05 9.99554E-05 0.0470076 9.99554E-05 0.232957 0.348478 9.99554E-05 9.99554E-05
9.9973E-05 0.112245 0.0693787 9.9973E-05 0.198271 0.366376 0.188195 0.043095 9.9973E-05 0.02214
9.995E-05 0.303649 9.995E-05 0.0545546 0.269179 9.995E-05 9.995E-05 9.995E-05 0.237933 0.134184
9.99374E-05 9.99374E-05 9.99374E-05 9.99374E-05 9.99374E-05 9.99374E-05 0.0404633 0.0165131 9.99374E-05 0.942324
9.99552E-05 0.193834 9.99552E-05 9.99552E-05 0.0449522 0.153996 0.043571 9.99552E-05 0.563147 9.99552E-05
9.9982E-05 0.103851 0.0132189 0.146414 0.0884415 0.192094 0.12098 0.177175 0.157625 9.9982E-05
9.99463E-05 9.99463E-05 0.0411111 0.125473 0.210204 9.99463E-05 9.99463E-05 0.622612 9.99463E-05 9.99463E-05
0.0372869 0.148459 9.99641E-05 0.015815 0.421577 9.99641E-05 9.99641E-05 9.99641E-05 0.183981 0.192482
9.99461E-05 9.99461E-05 9.99461E-05 9.99461E-05 9.99461E-05 0.0124646 0.739933 9.99461E-05 0.0680776 0.178925
9.99552E-05 0.159395 9.99552E-05 0.0659047 0.378399 0.374661 9.99552E-05 0.0211416 9.99552E-05 9.99552E-05
9.99641E-05 0.0188583 0.252071 9.99641E-05 0.301498 9.99641E-05 0.180874 0.0297403 9.99641E-05 0.216558
9.99465E-05 0.198606 9.99465E-05 9.99465E-05 0.6822 9.99465E-05 9.99465E-05 0.0382898 9.99465E-05 0.0803039
0.00331176 0.0554103 0.0343156 9.99553E-05 9.99553E-05 0.485502 9.99553E-05 0.42096 9.99553E-05 9.99553E-05
9.99373E-05 9.99373E-05 9.99373E-05 0.759196 9.99373E-05 0.12534 9.99373E-05 9.99373E-05 9.99373E-05 0.114765
9.99552E-05 9.99552E-05 9.99552E-05 0.124188 9.99552E-05 0.501682 9.99552E-05 0.233526 0.12357 0.0165342
9.995E-05 0.152164 9.995E-05 0.16771 0.0828933 9.995E-05 0.310619 9.995E-05 0.286114 9.995E-05
0.200261 0.08927 9.99732E-05 0.0056181 9.99732E-05 0.492434 0.163265 0.0478357 9.99732E-05 0.00101663
0.13622 0.109877 0.0487725 0.0249371 9.99731E-05 9.99731E-05 0.000134765 0.323669 9.99731E-05 0.356089
0.0540151 9.997E-05 0.161289 9.997E-05 0.315066 0.0815604 0.123222 0.0944473 9.997E-05 0.1701
0.0498162 9.99465E-05 0.106546 9.99465E-05 0.804233 9.99465E-05 9.99465E-05 0.0388046 9.99465E-05 9.99465E-05
9.99281E-05 9.99281E-05 9.99281E-05 0.936416 9.99281E-05 9.99281E-05 9.99281E-05 9.99281E-05 9.99281E-05 0.062785
0.109878 9.99463E-05 9.99463E-05 9.99463E-05 0.157721 9.99463E-05 0.381803 0.349998 9.99463E-05 9.99463E-05
9.99463E-05 0.0693614 9.99463E-05 9.99463E-05 0.48136 0.123684 0.324995 9.99463E-05 9.99463E-05 9.99463E-05
9.99551E-05 9.99551E-05 0.125501 0.0182898 0.0709336 9.99551E-05 9.99551E-05 0.202137 0.582639 9.99551E-05
9.9973E-05 9.9973E-05 0.00763009 0.0177802 0.222915 0.548788 0.0737884 9.9973E-05 0.099672 0.0291259
