9.9973E-05 9.9973E-05 9.9973E-05 0.107177 0.892524
0.200406 0.00556131 0.184606 0.189666 0.41976
0.353219 0.0305726 0.248753 0.0325669 0.334888
0.412669 0.0910618 0.0250297 0.0823914 0.388848
0.441414 0.166541 0.00352596 0.177619 0.2109
0.564872 9.9982E-05 0.243534 0.191394 9.9982E-05
0.191281 0.115068 9.9991E-05 0.0995242 0.594028
0.0470605 0.0384484 0.471215 0.101792 0.341483
0.134443 0.105986 0.416581 0.340565 0.00242535
9.9982E-05 0.282573 9.9982E-05 0.399456 0.317772
0.0805102 9.9991E-05 0.231634 0.57854 0.109216
0.596683 0.269577 9.9982E-05 0.133539 9.9982E-05
0.306665 0.176792 0.101863 0.186604 0.228075
0.0967794 0.226389 0.239692 0.191476 0.245664
9.9982E-05 0.0333474 0.649775 0.316678 9.9982E-05
9.999E-05 0.170152 0.625731 0.0695905 0.134427
0.0491255 0.134059 0.51903 0.297686 9.9991E-05
0.195935 0.274646 0.119826 0.14243 0.267163
0.446394 0.0751647 0.43218 9.9991E-05 0.0461617
0.530874 0.189121 0.0213078 0.101088 0.15761
0.111042 0.0579517 0.233016 0.2725 0.325491
0.142256 0.122673 0.180435 0.256766 0.29787
0.267772 0.298757 0.214489 0.0454347 0.173547
0.316821 0.0890105 0.454857 0.11646 0.0228518
9.9982E-05 9.9982E-05 0.16089 0.822564 0.0163459
9.9991E-05 0.106216 0.232546 0.158529 0.502609
0.281879 0.217929 0.135168 0.197859 0.167165
0.0113394 0.117685 0.364753 0.154331 0.351891
0.171955 0.136749 0.224064 0.203345 0.263887
9.9982E-05 0.621572 0.322146 0.0560813 9.9982E-05
0.372901 9.99934E-05 0.257825 0.359009 0.0101645
0.283479 0.0659439 0.0683172 0.337355 0.244905
0.306029 0.221566 0.226552 9.9991E-05 0.245754
0.378673 0.0196147 0.339905 0.207655 0.0541526
0.228357 0.0903488 0.19818 0.339916 0.143198
9.997E-05 9.997E-05 9.997E-05 9.997E-05 0.9996
0.525969 0.0165965 9.9991E-05 0.18753 0.269805
9.9982E-05 9.9982E-05 0.141352 0.366421 0.492028
0.39526 0.135271 0.324456 0.144913 9.9991E-05
0.362621 9.9991E-05 0.401539 0.0206388 0.215101
0.392635 0.0489252 0.35446 0.081176 0.122804
0.51368 0.150751 0.00247015 0.0439494 0.289149
0.389429 0.0690086 0.151582 0.0972396 0.292741
0.482819 0.0129725 0.0914849 0.0623872 0.350336
0.235086 0.237932 9.9991E-05 0.213607 0.313275
0.440559 0.0026377 0.133925 0.392619 0.0302588
0.786956 0.0373174 0.152916 9.9991E-05 0.0227109
0.723221 0.120055 0.156524 9.9982E-05 9.9982E-05
0.433394 0.111342 0.395606 0.0595583 9.9991E-05
0.0898812 0.0706732 0.613106 0.0153185 0.211021
9.9991E-05 0.271546 0.217114 0.250608 0.260632
0.421182 0.0885232 0.330018 0.0397457 0.120531
0.228011 0.089585 0.667851 9.9991E-05 0.0144526
0.168187 0.0989158 0.314143 0.206357 0.212398
0.339195 0.230483 0.351162 9.9991E-05 0.0790604
0.543756 0.130192 9.9991E-05 0.0606593 0.265293
0.476494 9.9991E-05 0.299769 0.146827 0.0768101
0.612374 0.0856161 9.9991E-05 0.200672 0.101238
0.279219 0.094795 0.466602 0.159284 9.9991E-05
0.183788 0.0670116 0.179312 0.375769 0.19412
0.68689 9.9991E-05 0.109293 0.0809869 0.12273
0.447855 0.176977 0.0834419 0.164901 0.126825
0.389019 0.0695272 0.457133 0.0842201 9.9991E-05
9.9973E-05 0.96728 9.9973E-05 9.9973E-05 0.0324204
0.144827 9.9991E-05 0.248913 0.143884 0.462276
9.997E-05 9.997E-05 9.997E-05 9.997E-05 0.9996
0.316574 0.0586217 9.9991E-05 0.17113 0.453574
0.426461 0.0228317 0.389981 0.160626 9.9991E-05
0.410791 0.0245759 0.0574419 0.0527191 0.454472
0.0921299 0.0990388 0.333194 0.116396 0.359242
0.475941 0.122526 0.0337739 0.367659 9.9991E-05
0.00539352 0.190686 0.369103 0.156701 0.278117
0.216698 0.26375 0.179162 0.199604 0.140785
0.274388 0.128144 0.511049 0.0863188 9.9991E-05
9.9991E-05 0.204848 0.340551 0.330156 0.124346
0.225003 9.9982E-05 0.610475 0.164322 9.9982E-05
0.698179 0.241924 9.9982E-05 0.0596974 9.9982E-05
0.703294 0.0375478 0.105469 0.15359 9.9991E-05
0.890701 9.9982E-05 0.0883114 9.9982E-05 0.0207873
0.469728 0.20152 0.117247 0.0999278 0.111577
0.28146 0.13712 0.24033 0.140014 0.201075
0.512602 0.0590071 0.0303289 0.275865 0.122197
0.424178 0.134986 0.190617 0.250119 9.9991E-05
0.211821 0.0525538 0.460258 0.163678 0.111689
0.605575 0.21555 0.0644981 0.0299578 0.0844186
0.209355 9.9991E-05 0.134929 0.231765 0.423851
0.0124411 0.0807552 0.00700734 9.9991E-05 0.899696
0.621749 0.0504194 9.9982E-05 0.327632 9.9982E-05
9.9991E-05 0.260339 0.219023 0.188184 0.332354
0.116068 9.9991E-05 0.25501 0.258525 0.370297
9.9973E-05 0.921704 9.9973E-05 9.9973E-05 0.0779957
0.0512527 0.0990241 0.295576 0.472411 0.0817365
0.661522 9.9991E-05 0.0296628 0.135528 0.173187
0.197215 0.184072 0.519469 9.9991E-05 0.099144
0.674191 0.00789447 9.9991E-05 0.173021 0.144793
0.460388 0.11342 0.121806 0.0487334 0.255653
0.216308 0.00950328 0.120543 0.131791 0.521853
0.88299 9.9982E-05 9.9982E-05 0.060512 0.0562984
0.146924 0.500586 9.9991E-05 0.16471 0.18768
0.226133 0.276613 0.238744 0.037839 0.220671
0.178516 0.167162 0.185463 0.221527 0.247332
9.997E-05 0.9996 9.997E-05 9.997E-05 9.997E-05
0.0804629 0.121793 0.400165 0.312982 0.0845966
9.997E-05 9.997E-05 9.997E-05 0.9996 9.997E-05
9.9991E-05 0.162699 0.508363 0.181075 0.147763
0.178763 9.9991E-05 0.601693 0.137435 0.0820085
0.191671 0.0297161 0.313712 0.166182 0.298718
0.27164 0.237347 0.200323 0.0513556 0.239334
0.21148 0.158703 0.40611 0.223607 9.9991E-05
0.226583 0.158261 0.0558636 0.140447 0.418845
0.470548 0.0977999 0.157813 0.17706 0.0967788
0.407284 0.252186 0.038266 0.227706 0.0745586
0.294845 0.0887626 0.494764 0.0956125 0.0260157
0.239837 0.490852 0.0189155 0.250296 9.9991E-05
0.30626 0.124595 0.212839 0.124995 0.231311
9.9973E-05 0.918898 0.0808025 9.9973E-05 9.9973E-05
0.0295408 9.9991E-05 0.353489 0.423221 0.19365
0.322317 0.112155 9.9982E-05 9.9982E-05 0.565328
0.699407 0.190708 0.109684 9.9982E-05 9.9982E-05
9.9991E-05 0.174772 0.0119946 0.317731 0.495402
0.408075 0.0986165 0.0947527 9.9991E-05 0.398455
0.0101404 0.432249 0.182054 0.224639 0.150918
0.386527 0.105095 0.0505451 0.156222 0.301611
0.387509 9.9982E-05 0.426683 0.185608 9.9982E-05
0.397005 0.360445 0.0216013 0.220849 9.9991E-05
0.426891 0.000916547 0.534178 0.037915 9.9991E-05
0.296724 0.0729913 0.368138 0.176236 0.0859111
0.459954 0.147212 0.103397 0.141535 0.147901
0.350159 9.9991E-05 0.365733 0.187505 0.0965034
9.9991E-05 0.0986159 0.230053 0.312354 0.358877
0.0570797 0.0976282 9.9991E-05 0.110926 0.734266
0.744477 0.114733 9.9982E-05 9.9982E-05 0.140589
0.497198 0.300686 0.00629645 0.083204 0.112615
0.243777 0.221383 0.476144 0.0585951 9.9991E-05
0.315721 0.0285559 0.0820383 0.215553 0.358131
0.445351 0.121545 0.0792378 0.265184 0.0886821
9.997E-05 9.997E-05 0.9996 9.997E-05 9.997E-05
9.997E-05 9.997E-05 0.9996 9.997E-05 9.997E-05
0.370766 0.134553 0.0212065 0.150493 0.322982
0.784452 0.0251264 9.9991E-05 0.153993 0.0363285
0.495764 0.152127 9.9991E-05 0.347281 0.00472813
0.0906046 0.0304095 0.416666 0.46222 9.9991E-05
0.676031 0.131066 0.0304515 0.0947787 0.0676732
0.192621 0.0843455 0.144779 0.243595 0.33466
0.604229 0.0900474 0.144514 0.142783 0.0184265
9.9991E-05 0.491974 0.214009 0.102564 0.191353
0.338995 9.9991E-05 0.239142 0.216295 0.205468
9.99729E-05 0.991775 9.99729E-05 0.00792473 9.99729E-05
0.0959139 9.9982E-05 9.9982E-05 0.212117 0.691769
0.467034 9.9991E-05 0.095732 0.220438 0.216696
0.337284 0.224384 0.0672533 0.273264 0.0978152
0.488106 9.9991E-05 0.0215696 0.366459 0.123765
0.168767 0.303938 0.108272 0.176331 0.242692
0.409625 0.140454 0.219277 0.135267 0.0953759
0.33724 0.267952 0.139214 0.0807276 0.174866
0.078158 0.326919 0.181004 0.084249 0.32967
0.572672 0.135353 0.0792237 0.0312359 0.181515
0.0856403 0.0466242 0.283987 0.157174 0.426574
9.9973E-05 9.9973E-05 0.109885 9.9973E-05 0.889815
0.375003 0.222449 0.148353 0.067967 0.186228
0.393593 0.086452 0.0591463 0.286935 0.173874
9.997E-05 0.9996 9.997E-05 9.997E-05 9.997E-05
0.150911 0.274375 0.348995 0.169197 0.0565222
0.417334 9.9991E-05 0.202407 0.117829 0.26233
0.218295 0.141582 0.275251 0.182369 0.182503
0.0334156 0.102248 9.9991E-05 0.0602527 0.803984
0.332544 9.9991E-05 0.292659 0.0922182 0.282479
0.375089 9.9991E-05 0.340201 0.202637 0.0819725
9.997E-05 9.997E-05 0.9996 9.997E-05 9.997E-05
0.101192 0.341266 0.091033 0.100517 0.365993
0.363055 0.0741116 0.456672 0.106062 9.9991E-05
0.159755 0.172778 0.417715 0.19068 0.0590718
0.482205 0.27365 9.9982E-05 9.9982E-05 0.243945
0.191839 9.9991E-05 0.458786 0.23812 0.111155
0.527459 0.00229386 0.20945 9.9991E-05 0.260697
0.715827 0.0651328 0.0134464 0.205494 9.9991E-05
0.436973 0.0743276 0.217792 0.270807 9.9991E-05
0.133311 9.9991E-05 0.5339 0.235488 0.0972007
9.997E-05 9.997E-05 9.997E-05 0.9996 9.997E-05
0.504703 0.0864427 0.0678009 0.113321 0.227732
9.9991E-05 0.216678 0.483603 0.25133 0.0482897
9.9991E-05 0.190916 0.326668 0.256736 0.22558
0.192065 0.0757446 0.19163 0.0555575 0.485003
0.290582 0.0970417 0.0949587 0.00185587 0.515562
0.395478 9.9991E-05 0.173283 0.145948 0.285192
9.997E-05 9.997E-05 9.997E-05 0.9996 9.997E-05
0.566098 0.228306 0.000905102 0.0317291 0.172961
9.9991E-05 0.0501646 0.348084 0.313815 0.287836
0.464031 0.0607574 0.0673639 0.041393 0.366455
0.105445 0.106308 0.288387 0.0185692 0.48129
