0.103143 0.0224658 9.9982E-05 0.31879 0.446359 0.0812208 0.015962 0.0118589 9.9982E-05
0.61403 9.99641E-05 9.99641E-05 0.0215448 9.99641E-05 9.99641E-05 0.171093 0.000262138 0.19267
0.626979 9.99642E-05 0.111391 9.99642E-05 0.033441 0.0145717 0.213217 9.99642E-05 9.99642E-05
0.45019 9.99821E-05 0.130354 0.0750452 0.218766 9.99821E-05 0.020958 0.00865289 0.0958344
0.0449964 0.128044 9.99731E-05 9.99731E-05 0.0712409 0.129158 9.99731E-05 0.183822 0.442439
0.389066 9.9973E-05 0.287874 9.9973E-05 0.14281 0.0199234 0.0258155 9.9973E-05 0.134212
0.285312 0.112485 9.99731E-05 9.99731E-05 0.103523 9.99731E-05 0.160473 0.039079 0.298828
0.0303642 0.00793344 9.9982E-05 0.209441 0.502219 0.0027418 9.9982E-05 0.063749 0.183352
0.0418788 0.315316 0.0780329 9.99731E-05 9.99731E-05 0.0713213 0.3471 9.99731E-05 0.146051
9.99731E-05 0.225124 0.143886 0.572212 9.99731E-05 0.0424702 0.00674536 0.00926299 9.99731E-05
0.307535 0.181613 0.248575 0.0834053 9.998E-05 0.0945049 9.998E-05 0.0784821 0.00568514
9.99642E-05 0.0190235 9.99642E-05 9.99642E-05 0.108935 9.99642E-05 0.235989 0.0892355 0.546417
0.161599 0.0191608 0.0250193 0.182056 0.0861158 0.0581496 9.99821E-05 9.99821E-05 0.4677
0.012237 9.9973E-05 9.9973E-05 0.119772 9.9973E-05 0.166286 0.140735 0.171058 0.389612
0.0738009 0.000371805 0.0461699 9.99731E-05 0.0492221 9.99731E-05 0.72042 9.99731E-05 0.109715
9.99552E-05 9.99552E-05 9.99552E-05 9.99552E-05 0.289153 0.356518 0.195518 0.158311 9.99552E-05
0.102848 0.0827937 0.15758 9.99731E-05 9.99731E-05 0.00226587 0.38909 9.99731E-05 0.265122
0.47172 0.00239193 0.158034 0.0588977 9.99821E-05 0.0620385 0.146048 0.10067 9.99821E-05
9.99551E-05 0.511118 9.99551E-05 0.0439786 0.341861 9.99551E-05 9.99551E-05 9.99551E-05 0.102543
9.99462E-05 9.99462E-05 9.99462E-05 0.337629 9.99462E-05 0.103912 9.99462E-05 9.99462E-05 0.55786
0.00953112 9.99463E-05 0.122349 0.86752 9.99463E-05 9.99463E-05 9.99463E-05 9.99463E-05 9.99463E-05
9.994E-05 0.617155 9.994E-05 9.994E-05 0.252958 0.129287 9.994E-05 9.994E-05 9.994E-05
0.606693 9.99641E-05 0.0802782 9.99641E-05 9.99641E-05 0.0205829 0.240664 9.99641E-05 0.0513822
0.635078 0.122054 9.99552E-05 9.99552E-05 9.99552E-05 0.132119 9.99552E-05 9.99552E-05 0.110249
0.308834 0.104229 0.250428 0.115547 9.99641E-05 0.220562 9.99641E-05 9.99641E-05 9.99641E-05
0.384796 0.00829809 9.9982E-05 0.0777982 0.343463 0.0938483 0.00702286 0.084573 9.9982E-05
9.9982E-05 0.144422 0.0266592 0.324641 0.146148 0.116581 0.0221382 0.219211 9.9982E-05
0.397115 0.344971 0.013923 9.99642E-05 0.123493 9.99642E-05 9.99642E-05 9.99642E-05 0.120098
0.0486358 0.0292778 0.300383 9.99731E-05 0.378 9.99731E-05 9.99731E-05 0.0296009 0.213802
9.99373E-05 0.077014 9.99373E-05 9.99373E-05 9.99373E-05 0.922286 9.99373E-05 9.99373E-05 9.99373E-05
0.414986 0.11841 0.212038 9.99642E-05 0.0385424 9.99642E-05 9.99642E-05 0.215624 9.99642E-05
9.997E-05 0.0113431 9.997E-05 0.107585 9.997E-05 0.0242289 0.184409 0.0506497 0.621484
9.99552E-05 0.338608 0.13081 0.332786 9.99552E-05 0.197297 9.99552E-05 9.99552E-05 9.99552E-05
0.146589 0.0732945 9.99821E-05 0.0065891 0.201985 0.120371 0.105298 9.99821E-05 0.345673
0.624661 9.99551E-05 9.99551E-05 9.99551E-05 0.148856 0.18076 9.99551E-05 0.0452227 9.99551E-05
9.99372E-05 9.99372E-05 9.99372E-05 0.765612 9.99372E-05 9.99372E-05 9.99372E-05 9.99372E-05 0.233689
0.34988 0.332136 9.99552E-05 9.99552E-05 0.175216 9.99552E-05 9.99552E-05 0.142268 9.99552E-05
0.266091 0.367039 0.249201 9.99552E-05 9.99552E-05 0.11717 9.99552E-05 9.99552E-05 9.99552E-05
9.998E-05 0.154964 0.0259738 0.159918 0.206142 0.153202 9.998E-05 0.0767983 0.222802
0.20864 0.0145382 0.370924 9.9982E-05 0.110383 0.0678984 9.9982E-05 0.0345625 0.192854
0.377619 0.149153 9.99642E-05 0.131699 9.99642E-05 0.0930659 0.248063 9.99642E-05 9.99642E-05
0.0934309 0.10621 0.0625526 0.39381 9.99731E-05 0.0251944 0.318502 9.99731E-05 9.99731E-05
0.100784 0.204501 9.9964E-05 0.467511 9.9964E-05 9.9964E-05 9.9964E-05 0.0141959 0.212609
0.478494 9.99642E-05 0.240434 9.99642E-05 0.00841359 9.99642E-05 0.211241 0.0610168 9.99642E-05
9.998E-05 9.998E-05 0.110368 0.0932981 0.165284 0.190271 0.170029 0.0974034 0.173146
0.0402421 9.9991E-05 0.0657307 0.099273 0.133189 0.0852011 0.463692 0.0681633 0.044409
9.99551E-05 9.99551E-05 9.99551E-05 0.28368 9.99551E-05 0.0473914 0.663457 0.00497144 9.99551E-05
0.191196 0.213989 0.0678516 0.0239135 9.9982E-05 9.9982E-05 0.258853 0.143338 0.100659
9.994E-05 9.994E-05 9.994E-05 0.15904 0.496539 9.994E-05 0.343822 9.994E-05 9.994E-05
0.268363 9.9964E-05 9.9964E-05 0.17863 0.449827 0.0152941 9.9964E-05 0.087486 9.9964E-05
0.168121 9.9964E-05 0.0323917 9.9964E-05 0.539735 0.204019 9.9964E-05 9.9964E-05 0.0553341
0.0583497 0.295131 0.479784 9.99731E-05 9.99731E-05 9.99731E-05 0.0289098 0.0637535 0.0737717
0.290719 0.284895 9.99641E-05 9.99641E-05 0.00859105 0.204317 0.211078 9.99641E-05 9.99641E-05
9.99642E-05 9.99642E-05 0.175704 9.99642E-05 0.497242 0.224926 0.029323 9.99642E-05 0.0724065
9.99821E-05 0.302058 0.00211055 9.99821E-05 0.0581785 0.0433353 0.0459506 0.0753854 0.472782
9.99463E-05 0.499482 9.99463E-05 9.99463E-05 0.317103 9.99463E-05 0.182815 9.99463E-05 9.99463E-05
0.305572 0.155098 9.99731E-05 9.99731E-05 0.0260408 0.160625 9.99731E-05 0.0573765 0.294987
9.99374E-05 0.59199 9.99374E-05 9.99374E-05 9.99374E-05 9.99374E-05 9.99374E-05 9.99374E-05 0.40731
0.0732327 0.0055761 0.0150764 9.9982E-05 0.114966 9.9982E-05 0.27239 0.150724 0.367835
0.349455 0.0153858 0.0859886 0.305653 0.207049 9.9973E-05 9.9973E-05 0.0361695 9.9973E-05
0.22917 9.99642E-05 0.199155 9.99642E-05 0.418145 0.0778796 0.0752502 9.99642E-05 9.99642E-05
0.504559 9.99551E-05 9.99551E-05 0.0104906 9.99551E-05 9.99551E-05 0.363317 0.121133 9.99551E-05
0.141891 0.554249 9.9964E-05 9.9964E-05 9.9964E-05 9.9964E-05 0.231731 0.0125275 0.0592022
0.0967496 9.99641E-05 9.99641E-05 0.117049 0.203729 0.410894 9.99641E-05 0.171179 9.99641E-05
0.116567 0.222898 9.99821E-05 9.99821E-05 0.456988 0.0579268 0.0615192 0.0131222 0.070779
0.0846825 0.0443386 9.99731E-05 0.324848 0.0913023 0.120616 0.333913 9.99731E-05 9.99731E-05
0.685777 9.99552E-05 0.00543066 0.0198842 0.288408 9.99552E-05 9.99552E-05 9.99552E-05 9.99552E-05
0.0739683 0.335664 9.99641E-05 9.99641E-05 0.150329 9.99641E-05 0.209845 0.229793 9.99641E-05
0.0376336 0.119357 0.021742 9.9973E-05 0.750914 9.9973E-05 0.0407666 0.0292869 9.9973E-05
9.99552E-05 0.0735377 9.99552E-05 0.772965 0.144791 0.00820718 9.99552E-05 9.99552E-05 9.99552E-05
9.99641E-05 0.224389 0.164302 9.99641E-05 9.99641E-05 9.99641E-05 0.197472 0.168379 0.245058
0.0140573 0.148075 9.99821E-05 0.366296 0.0148365 9.99821E-05 0.314075 0.129047 0.0134133
0.294112 0.0770144 9.99554E-05 9.99554E-05 9.99554E-05 9.99554E-05 9.99554E-05 0.139967 0.488407
0.257132 0.158665 9.99732E-05 0.0239215 0.306103 9.99732E-05 0.173603 0.0802755 9.99732E-05
0.162806 9.99554E-05 9.99554E-05 9.99554E-05 0.232949 0.047447 9.99554E-05 9.99554E-05 0.556298
9.996E-05 0.0662724 9.996E-05 9.996E-05 0.0973975 9.996E-05 0.322272 0.141231 0.372427
0.166173 9.99465E-05 9.99465E-05 9.99465E-05 0.180875 9.99465E-05 0.652352 9.99465E-05 9.99465E-05
0.123069 0.212512 0.263321 0.107855 9.99731E-05 9.99731E-05 9.99731E-05 0.105635 0.187308
0.153546 9.9982E-05 0.192283 0.0813567 0.354342 0.0274031 0.0963562 9.9982E-05 0.0945131
9.99642E-05 9.99642E-05 0.151445 9.99642E-05 9.99642E-05 0.0414341 0.0052689 0.110812 0.690641
0.373522 9.996E-05 0.0537601 9.996E-05 0.226795 9.996E-05 9.996E-05 0.294882 0.0506414
0.0819587 0.0683156 0.0871108 0.271863 0.288198 0.0959341 0.0416553 9.999E-05 0.0648652
0.254902 9.99553E-05 9.99553E-05 0.580909 0.107497 9.99553E-05 9.99553E-05 9.99553E-05 0.0561922
9.99641E-05 0.0343757 0.0953134 9.99641E-05 0.305463 0.282137 0.282311 9.99641E-05 9.99641E-05
0.0807942 0.00136789 9.9982E-05 0.225788 9.9982E-05 0.0843046 0.218892 0.0505422 0.33811
0.395484 0.0240693 9.996E-05 0.398762 9.996E-05 9.996E-05 0.133295 0.04799 9.996E-05
9.99731E-05 0.213714 0.037804 0.331923 9.99731E-05 0.0686225 9.99731E-05 0.0858834 0.261753
0.184811 9.99552E-05 9.99552E-05 9.99552E-05 9.99552E-05 0.345169 9.99552E-05 0.00791193 0.461608
9.99642E-05 9.99642E-05 0.14791 0.0890641 0.343421 0.315488 0.103717 9.99642E-05 9.99642E-05
9.99731E-05 0.277332 0.0197626 0.334807 0.273575 0.0266833 0.0675392 9.99731E-05 9.99731E-05
9.99373E-05 9.99373E-05 9.99373E-05 9.99373E-05 9.99373E-05 0.865185 0.134115 9.99373E-05 9.99373E-05
9.99464E-05 9.99464E-05 9.99464E-05 0.68764 9.99464E-05 0.0505194 9.99464E-05 9.99464E-05 0.261241
0.115563 0.148054 9.998E-05 0.181791 9.998E-05 0.132164 0.308695 0.0523427 0.0611909
0.371995 9.99641E-05 0.367289 0.0543959 9.99641E-05 0.135037 0.0708833 9.99641E-05 9.99641E-05
9.996E-05 0.414465 9.996E-05 0.089448 9.996E-05 0.0696258 0.328414 0.0976473 9.996E-05
0.116032 9.995E-05 0.170254 9.995E-05 9.995E-05 9.995E-05 0.16262 9.995E-05 0.550594
0.0743067 0.122175 9.99641E-05 0.480844 9.99641E-05 0.196504 0.125769 9.99641E-05 9.99641E-05
9.99551E-05 9.99551E-05 0.100747 0.0705125 9.99551E-05 9.99551E-05 0.813549 0.0146917 9.99551E-05
0.0954705 9.99641E-05 9.99641E-05 0.0578909 0.298239 0.500349 9.99641E-05 0.0476507 9.99641E-05
0.606508 0.211905 9.99551E-05 0.00750249 9.99551E-05 0.173585 9.99551E-05 9.99551E-05 9.99551E-05
0.196517 0.625561 9.99553E-05 9.99553E-05 9.99553E-05 0.0588044 9.99553E-05 9.99553E-05 0.118618
9.99463E-05 0.0653962 9.99463E-05 9.99463E-05 9.99463E-05 0.863518 9.99463E-05 0.0704864 9.99463E-05
0.147019 0.666615 0.0906887 0.0633522 9.996E-05 0.0319252 9.996E-05 9.996E-05 9.996E-05
0.029544 9.99551E-05 0.932619 9.99551E-05 9.99551E-05 0.0245778 0.0127595 9.99551E-05 9.99551E-05
0.115344 0.0573843 9.99641E-05 0.264478 0.3878 9.99641E-05 9.99641E-05 9.99641E-05 0.174594
9.997E-05 0.254146 9.997E-05 0.0925914 0.141576 0.192482 0.117439 9.997E-05 0.201466
0.0944705 9.99641E-05 9.99641E-05 0.220934 0.145453 9.99641E-05 0.067094 9.99641E-05 0.471648
0.239157 0.34066 0.154951 9.995E-05 0.264732 9.995E-05 9.995E-05 9.995E-05 9.995E-05
9.99552E-05 0.0706848 0.0382965 9.99552E-05 0.846701 9.99552E-05 9.99552E-05 0.0438181 9.99552E-05
9.99641E-05 9.99641E-05 0.336029 0.0311181 0.371835 0.20175 9.99641E-05 0.0588676 9.99641E-05
9.997E-05 0.207261 9.997E-05 9.997E-05 0.202124 0.335799 0.139069 0.105757 0.00969103
0.345992 9.99641E-05 9.99641E-05 0.0941874 0.408021 0.0895781 9.99641E-05 0.0618211 9.99641E-05
9.995E-05 9.995E-05 0.126491 9.995E-05 0.163965 0.611501 9.995E-05 9.995E-05 0.0975432
0.0187912 9.99731E-05 0.106281 0.0310809 0.238105 0.0971607 9.99731E-05 9.99731E-05 0.508281
0.44784 9.99373E-05 9.99373E-05 9.99373E-05 9.99373E-05 0.551461 9.99373E-05 9.99373E-05 9.99373E-05
9.99462E-05 9.99462E-05 0.322372 9.99462E-05 9.99462E-05 9.99462E-05 0.322058 9.99462E-05 0.35497
0.165516 9.99641E-05 9.99641E-05 0.219005 0.338765 0.104449 0.171865 9.99641E-05 9.99641E-05
9.99641E-05 0.603609 9.99641E-05 0.0328927 0.226069 0.0954512 9.99641E-05 9.99641E-05 0.0415786
9.995E-05 0.337182 9.995E-05 9.995E-05 0.30738 0.323122 9.995E-05 0.031816 9.995E-05
0.604813 9.996E-05 9.996E-05 0.126041 0.00860925 0.0623814 9.996E-05 9.996E-05 0.197755
9.9955E-05 0.398259 9.9955E-05 0.0271755 9.9955E-05 0.474128 9.9955E-05 0.0999375 9.9955E-05
0.247143 9.99462E-05 9.99462E-05 9.99462E-05 9.99462E-05 0.0217323 9.99462E-05 9.99462E-05 0.730525
9.99551E-05 9.99551E-05 0.0982327 9.99551E-05 0.302687 0.240689 9.99551E-05 9.99551E-05 0.357892
0.170807 0.0638015 9.998E-05 0.400206 0.144353 9.998E-05 0.163907 0.0273471 0.0293783
0.239304 0.0678753 0.102795 9.99731E-05 0.0264404 0.1949 0.368385 9.99731E-05 9.99731E-05
0.291909 0.152027 0.0280485 0.277264 0.0620769 0.0148661 9.9982E-05 9.9982E-05 0.173609
9.99642E-05 9.99642E-05 9.99642E-05 0.274312 9.99642E-05 0.212731 0.355803 0.00730937 0.149445
0.324752 9.99821E-05 0.0844588 9.99821E-05 0.355441 0.0667708 0.00757131 0.0700685 0.0907378
0.294889 9.996E-05 0.249582 0.23688 0.0813926 0.136857 9.996E-05 9.996E-05 9.996E-05
0.1607 9.99821E-05 0.0347089 0.244508 0.212205 0.193314 9.99821E-05 0.0602901 0.0940744
9.99642E-05 0.127375 0.0548198 9.99642E-05 9.99642E-05 0.154495 0.609311 0.0536002 9.99642E-05
0.26056 0.0181946 0.126787 0.277124 9.9982E-05 9.9982E-05 0.0521944 0.00541956 0.259521
0.0507033 0.271897 0.289336 9.99731E-05 0.0154784 9.99731E-05 0.257554 9.99731E-05 0.114733
9.997E-05 0.208218 0.330858 0.196865 0.184977 9.997E-05 9.997E-05 0.0704275 0.00835373
9.99462E-05 9.99462E-05 0.0900828 0.757962 9.99462E-05 9.99462E-05 9.99462E-05 0.151356 9.99462E-05
9.99731E-05 9.99731E-05 9.99731E-05 0.194404 0.513201 0.0464488 0.156492 0.00867005 0.0804838
9.99463E-05 9.99463E-05 0.0268064 0.178411 0.794183 9.99463E-05 9.99463E-05 9.99463E-05 9.99463E-05
0.148952 9.995E-05 0.0151586 9.995E-05 0.684329 0.151061 9.995E-05 9.995E-05 9.995E-05
9.997E-05 0.126574 0.180769 9.997E-05 0.166767 9.997E-05 0.263176 0.0824401 0.179974
0.22813 0.0108568 9.99641E-05 9.99641E-05 0.613736 9.99641E-05 0.117451 9.99641E-05 0.0294264
0.338943 9.99554E-05 0.317388 9.99554E-05 0.269775 9.99554E-05 9.99554E-05 0.0733936 9.99554E-05
0.380178 0.248191 0.367216 9.99553E-05 9.99553E-05 0.00391634 9.99553E-05 9.99553E-05 9.99553E-05
0.0206328 0.171246 9.99731E-05 0.302182 9.99731E-05 0.198309 0.144709 9.99731E-05 0.162622
9.99462E-05 0.681847 0.14854 0.169013 9.99462E-05 9.99462E-05 9.99462E-05 9.99462E-05 9.99462E-05
9.99641E-05 9.99641E-05 0.0370321 0.218217 9.99641E-05 0.498082 9.99641E-05 0.0779388 0.16833
0.0717187 0.0536838 9.997E-05 0.14876 0.394574 0.0633748 9.997E-05 9.997E-05 0.267589
9.993E-05 9.993E-05 9.993E-05 9.993E-05 9.993E-05 9.993E-05 9.993E-05 0.999201 9.993E-05
0.141367 9.99642E-05 9.99642E-05 0.602757 0.0132463 0.0606901 9.99642E-05 9.99642E-05 0.181539
0.120985 9.99641E-05 0.0757638 0.243155 9.99641E-05 0.105848 9.99641E-05 9.99641E-05 0.453849
9.999E-05 0.123216 0.0426521 0.047197 0.0765089 0.128511 0.137497 0.296732 0.147587
0.143265 0.247069 9.99731E-05 0.0616045 0.282913 9.99731E-05 9.99731E-05 0.0890383 0.17581
0.0895628 0.316984 9.995E-05 9.995E-05 9.995E-05 9.995E-05 0.547562 0.0453919 9.995E-05
0.13955 0.147185 9.99641E-05 0.0413213 0.667016 9.99641E-05 9.99641E-05 0.00452699 9.99641E-05
0.0251708 0.366084 9.99731E-05 9.99731E-05 0.146371 0.00140942 9.99731E-05 0.115215 0.34545
0.9652 9.99466E-05 9.99466E-05 9.99466E-05 9.99466E-05 9.99466E-05 0.0244392 0.00976145 9.99466E-05
9.99731E-05 9.99731E-05 0.251934 0.131758 0.0916979 9.99731E-05 0.227438 0.0783191 0.218553
0.198841 9.99552E-05 0.410088 9.99552E-05 9.99552E-05 0.0109675 9.99552E-05 9.99552E-05 0.379603
9.99821E-05 0.0520166 0.0470662 0.360251 0.187069 0.0452718 0.112429 0.195696 9.99821E-05
0.311024 9.99373E-05 9.99373E-05 9.99373E-05 0.688276 9.99373E-05 9.99373E-05 9.99373E-05 9.99373E-05
0.251645 0.0728109 0.0601489 0.17895 0.313199 0.122947 9.997E-05 9.997E-05 9.997E-05
9.993E-05 9.993E-05 9.993E-05 9.993E-05 9.993E-05 9.993E-05 9.993E-05 0.999201 9.993E-05
9.99731E-05 0.18641 9.99731E-05 0.159567 0.36965 0.0749456 9.99731E-05 0.206428 0.00269887
0.223282 0.111605 9.997E-05 0.145337 0.0516833 9.997E-05 9.997E-05 0.0322273 0.435565
0.203452 9.99642E-05 9.99642E-05 0.115684 9.99642E-05 9.99642E-05 0.670038 0.00734694 0.00307897
9.99642E-05 0.154942 9.99642E-05 0.0956077 9.99642E-05 9.99642E-05 0.392334 0.144548 0.212168
0.396982 0.226012 9.997E-05 0.0675372 0.0428746 9.997E-05 0.0317254 9.997E-05 0.234569
0.496202 0.0224361 9.997E-05 0.034077 0.121528 0.0501647 0.275292 9.997E-05 9.997E-05
9.99464E-05 9.99464E-05 0.0378772 9.99464E-05 0.831548 9.99464E-05 0.129975 9.99464E-05 9.99464E-05
0.0868079 9.99643E-05 9.99643E-05 0.0468087 9.99643E-05 9.99643E-05 0.0774851 0.0429996 0.745499
0.217643 0.138204 0.110837 0.0564618 9.999E-05 0.08169 0.0332414 0.0369392 0.324884
0.0524324 9.996E-05 0.0419004 9.996E-05 0.470915 0.128566 9.996E-05 9.996E-05 0.305786
0.188078 9.99642E-05 0.0330759 9.99642E-05 0.346389 9.99642E-05 9.99642E-05 0.0157676 0.41629
9.99641E-05 0.101476 0.145112 9.99641E-05 0.0994241 9.99641E-05 0.369789 9.99641E-05 0.283799
0.496456 0.0396896 9.99731E-05 0.323628 0.0261374 0.113338 0.00045127 9.99731E-05 9.99731E-05
0.336293 9.9955E-05 9.9955E-05 9.9955E-05 0.317177 0.112442 0.233589 9.9955E-05 9.9955E-05
9.99464E-05 0.188854 9.99464E-05 9.99464E-05 0.502686 9.99464E-05 9.99464E-05 9.99464E-05 0.30786
9.996E-05 0.258035 9.996E-05 0.183173 9.996E-05 0.0529837 9.996E-05 0.035507 0.469901
9.994E-05 9.994E-05 0.944709 0.04193 9.994E-05 9.994E-05 9.994E-05 9.994E-05 0.0127616
0.493839 9.995E-05 0.177434 0.266708 0.0615189 9.995E-05 9.995E-05 9.995E-05 9.995E-05
0.0651862 0.299773 0.0461749 0.0888303 9.99731E-05 9.99731E-05 0.486842 9.99731E-05 0.0128936
9.99553E-05 0.0461092 9.99553E-05 0.712237 9.99553E-05 9.99553E-05 0.0626908 0.178463 9.99553E-05
9.99731E-05 9.99731E-05 0.014642 0.499857 0.113717 0.0228726 0.227621 0.12099 9.99731E-05
0.400564 0.00227293 9.9982E-05 0.117905 0.0907244 9.9982E-05 0.306478 0.0423405 0.0395149
0.117427 0.0506589 9.997E-05 9.997E-05 0.441875 0.0800441 9.997E-05 0.0763586 0.233336
9.99371E-05 9.99371E-05 0.976197 9.99371E-05 0.023103 9.99371E-05 9.99371E-05 9.99371E-05 9.99371E-05
0.112933 0.184227 9.99821E-05 0.028838 0.20397 9.99821E-05 0.316933 0.0547409 0.0981587
0.0562551 9.99731E-05 0.133012 9.99731E-05 0.29766 9.99731E-05 0.104732 0.0396223 0.368419
0.675477 0.125344 0.0887628 9.99552E-05 0.109916 9.99552E-05 9.99552E-05 9.99552E-05 9.99552E-05
0.499947 9.9964E-05 0.11736 0.0198267 9.9964E-05 0.0928081 9.9964E-05 9.9964E-05 0.269658
