9.9991E-05 0.371146 0.628754
0.434591 0.338937 0.226472
0.244245 0.326156 0.429599
0.178752 0.43673 0.384519
0.196168 0.240921 0.562911
0.180656 0.333836 0.485509
0.202719 0.210215 0.587066
0.431071 0.0492492 0.51968
0.111474 0.49674 0.391786
0.209996 0.569769 0.220235
0.103036 0.725666 0.171298
0.133696 0.50463 0.361674
0.244712 0.14398 0.611308
0.31986 0.232093 0.448047
0.569143 9.9991E-05 0.430757
0.661602 0.0316904 0.306708
0.459621 0.0256301 0.514749
0.356976 0.0925023 0.550522
0.16263 0.302751 0.534619
0.386794 0.368141 0.245066
0.0906302 0.357797 0.551573
0.0861721 0.227784 0.686044
0.190118 0.204247 0.605635
0.333734 0.188118 0.478148
9.9991E-05 0.748462 0.251438
0.205569 0.172121 0.62231
0.344792 0.307717 0.34749
0.231996 0.140698 0.627305
0.598089 0.18348 0.218431
0.879607 9.9991E-05 0.120293
0.408639 0.369504 0.221857
0.0343024 0.892006 0.0736916
0.255419 0.139873 0.604709
0.267213 0.22229 0.510497
9.9991E-05 0.370514 0.629386
9.9991E-05 0.0477089 0.952191
0.233589 0.380159 0.386252
0.0958307 0.54618 0.357989
0.46776 0.231077 0.301162
0.339647 0.304149 0.356205
0.326164 0.422518 0.251318
0.40449 0.3149 0.28061
0.30594 0.359948 0.334112
0.216395 0.528709 0.254895
0.0800479 0.755 0.164952
0.148755 0.570527 0.280718
0.111842 0.308219 0.579939
0.350522 0.326522 0.322956
0.499913 0.457369 0.0427184
0.52463 0.165565 0.309804
0.223938 0.328823 0.447238
0.40255 0.250556 0.346894
0.697578 0.276427 0.0259954
0.259003 0.339501 0.401497
0.419723 0.580177 9.9991E-05
0.0805071 0.274011 0.645482
0.150086 0.849814 9.9991E-05
0.196949 0.59871 0.204341
0.348361 0.516224 0.135415
0.0996749 0.62782 0.272505
0.29999 0.195131 0.504879
0.194175 0.305657 0.500168
0.190764 0.283411 0.525824
0.953692 9.9991E-05 0.0462083
0.259902 0.214401 0.525697
9.9991E-05 0.0698294 0.930071
0.0571253 0.499541 0.443334
0.307906 0.167712 0.524381
0.223236 0.0604048 0.716359
0.288813 0.187375 0.523812
0.288067 0.673074 0.0388598
0.393527 0.166571 0.439902
0.326344 0.174259 0.499397
0.621529 0.272464 0.106007
0.344397 0.447649 0.207954
0.514317 0.485583 9.9991E-05
0.0797774 0.323988 0.596235
0.49067 0.201991 0.307339
0.327804 0.201027 0.471168
0.461205 0.205398 0.333397
0.297147 0.405111 0.297743
9.9991E-05 0.268161 0.731739
0.490266 0.447463 0.0622711
0.589473 0.220899 0.189628
0.273182 0.231024 0.495794
0.132667 0.692706 0.174627
0.0653344 0.0454637 0.889202
9.9991E-05 0.647754 0.352146
0.371024 0.121546 0.50743
9.9991E-05 0.568547 0.431353
0.9998 9.999E-05 9.999E-05
0.0500155 0.58218 0.367804
0.0669288 0.217601 0.71547
0.486605 0.0812735 0.432122
0.01469 0.304076 0.681234
0.296484 0.251192 0.452324
0.154259 0.587121 0.25862
9.9991E-05 0.535813 0.464087
0.339645 0.102093 0.558262
0.550027 0.116561 0.333412
0.302375 0.276505 0.42112
0.9998 9.999E-05 9.999E-05
0.483449 0.351657 0.164893
9.9991E-05 0.984093 0.0158073
0.253609 0.445892 0.300499
0.54541 0.284302 0.170288
0.281945 0.33975 0.378305
0.32464 0.527692 0.147668
0.665875 0.257782 0.0763435
0.238781 0.233387 0.527833
0.193455 0.210795 0.595751
0.370794 0.47637 0.152837
0.372576 0.533005 0.0944195
0.453422 9.9991E-05 0.546478
0.124314 0.370628 0.505058
0.9998 9.999E-05 9.999E-05
0.199527 0.565609 0.234864
9.9991E-05 0.233007 0.766893
0.319853 0.481447 0.198701
0.012932 0.455926 0.531142
0.158376 0.255221 0.586403
0.474377 9.9991E-05 0.525523
0.346501 0.281625 0.371873
0.203262 0.429996 0.366742
0.240667 0.524147 0.235186
0.499711 0.0120583 0.488231
0.306541 0.502316 0.191143
0.321712 0.448351 0.229937
0.182505 0.59894 0.218554
0.249572 0.464116 0.286312
9.9991E-05 0.0900107 0.909889
0.324565 0.123851 0.551584
0.404832 0.100242 0.494926
0.591278 0.201406 0.207316
0.1206 0.402307 0.477092
9.9991E-05 0.524499 0.475401
0.749935 0.249965 9.9991E-05
0.976344 0.0235564 9.9991E-05
0.149635 0.496979 0.353386
0.0861382 0.363892 0.549969
0.10429 0.386685 0.509025
0.564473 0.345649 0.0898775
0.215364 0.551928 0.232707
0.11773 0.565541 0.316729
0.20991 0.0792452 0.710844
0.505398 9.9991E-05 0.494502
0.321204 0.205535 0.473261
9.999E-05 9.999E-05 0.9998
0.0264224 0.277075 0.696503
0.288476 0.381789 0.329735
0.0220711 0.602708 0.375221
9.9991E-05 0.508855 0.491045
0.264792 0.294935 0.440273
0.395935 0.276901 0.327164
0.272111 0.332111 0.395777
0.435477 0.0498072 0.514716
0.0719095 0.504324 0.423766
0.226203 0.357029 0.416768
0.30277 0.031093 0.666137
0.463928 0.24896 0.287113
9.9991E-05 0.163854 0.836046
9.999E-05 9.999E-05 0.9998
0.119319 0.0688921 0.811789
0.539997 0.325173 0.13483
0.291716 0.53829 0.169994
0.00524969 0.249607 0.745143
0.168811 0.394076 0.437113
0.350444 0.441806 0.207751
0.993349 9.9991E-05 0.00655066
0.288946 0.00122225 0.709832
0.509331 0.490569 9.9991E-05
0.312606 0.438063 0.249331
0.24422 0.187892 0.567888
0.478101 0.386927 0.134973
0.344996 0.115777 0.539227
0.348589 0.397235 0.254176
0.102305 0.270575 0.62712
0.189892 0.626365 0.183743
9.999E-05 0.9998 9.999E-05
0.180522 0.685619 0.133859
0.539778 9.9991E-05 0.460122
0.128667 0.345731 0.525602
0.320389 0.361503 0.318108
0.333744 0.26935 0.396907
0.36384 0.262232 0.373929
9.999E-05 0.9998 9.999E-05
0.125109 0.328814 0.546077
0.271197 0.358566 0.370237
0.22713 0.195517 0.577353
0.45724 0.127168 0.415592
