9.99459E-05 0.157101 9.99459E-05 9.99459E-05 9.99459E-05 9.99459E-05 9.99459E-05 0.74035 0.101949
9.9973E-05 0.372974 9.9973E-05 0.0507779 0.0232656 0.248113 0.204518 0.100052 9.9973E-05
9.9982E-05 0.0514734 0.0128151 0.0353017 0.0753843 0.0115829 0.518468 9.9982E-05 0.294775
0.0329329 9.9982E-05 0.0788967 9.9982E-05 0.0605655 0.0733991 0.379764 0.274817 0.0994253
0.101347 0.0560442 0.0929139 0.202444 0.0703301 9.9991E-05 0.415598 0.0275216 0.033701
0.043573 0.0409928 0.0856195 0.0949201 9.9982E-05 0.0627746 0.493833 9.9982E-05 0.178087
9.99549E-05 9.99549E-05 0.125043 9.99549E-05 9.99549E-05 9.99549E-05 0.300147 0.306405 0.267906
0.108668 9.9982E-05 0.0822558 0.0112746 9.9982E-05 0.205397 0.273109 0.163219 0.155877
9.9964E-05 9.9964E-05 9.9964E-05 0.112433 0.0710467 9.9964E-05 0.504498 0.0685004 0.243123
0.251432 0.00441531 0.101001 9.9973E-05 0.111969 9.9973E-05 9.9973E-05 0.116477 0.414406
0.219904 0.211568 0.0340523 0.14999 9.9991E-05 0.0323175 0.028321 0.074933 0.248813
9.99639E-05 0.0580513 0.00255222 0.583514 0.00518159 9.99639E-05 9.99639E-05 9.99639E-05 0.350301
0.0788658 0.0590637 0.0997562 0.0690398 0.0468628 0.0203343 0.515552 0.0700576 0.0404674
0.0743927 0.176519 0.0497817 0.372426 0.0359277 9.9982E-05 0.107495 0.183258 9.9982E-05
0.0164047 0.0269529 0.0365726 0.698863 9.9973E-05 0.152566 9.9973E-05 0.0683406 9.9973E-05
0.0594316 0.0886426 0.058498 0.100602 0.10708 0.360603 0.082859 0.142185 9.9991E-05
0.065264 9.99369E-05 9.99369E-05 0.934036 9.99369E-05 9.99369E-05 9.99369E-05 9.99369E-05 9.99369E-05
0.0338332 0.188747 0.14557 9.9982E-05 0.209697 9.9982E-05 0.236791 0.158263 0.0268987
9.9982E-05 0.1405 0.0927292 0.16141 9.9982E-05 0.0185748 0.334526 0.128574 0.123486
0.0847641 0.112305 0.0695399 9.9991E-05 0.0853 0.177949 0.100025 0.209495 0.160522
0.0544213 0.0544835 0.124217 0.0640147 0.0110421 9.9991E-05 0.155435 0.311475 0.224811
0.0633689 9.9982E-05 0.058111 0.131168 9.9982E-05 0.17592 0.189196 0.099674 0.282362
9.9982E-05 0.174721 0.103963 0.0627891 9.9982E-05 0.0144156 0.4281 0.151442 0.0643698
9.9973E-05 0.0509588 9.9973E-05 9.9973E-05 0.149859 0.226469 0.308713 0.131316 0.132384
0.16478 0.168821 0.0893947 0.232164 9.9973E-05 9.9973E-05 9.9973E-05 0.0921907 0.252349
0.0739087 9.9973E-05 9.9973E-05 0.342788 0.0787936 0.0452987 0.109783 0.349128 9.9973E-05
0.146605 0.0474865 0.0734451 0.00499389 0.148672 0.120179 0.0758556 0.0585269 0.324235
0.0780418 0.193543 0.0115835 0.0802308 0.141117 0.0220905 0.22093 0.166036 0.0864276
0.0450107 0.179547 9.9982E-05 0.202076 0.133277 0.0845521 0.160243 9.9982E-05 0.195093
9.9982E-05 9.9982E-05 0.0505306 0.0387816 0.598528 0.109595 0.133237 0.0482968 0.020831
0.0566605 0.333346 0.129585 0.209551 0.0487132 9.9973E-05 0.221843 9.9973E-05 9.9973E-05
9.9946E-05 0.0336162 0.0137576 9.9946E-05 9.9946E-05 9.9946E-05 9.9946E-05 9.9946E-05 0.952027
9.9964E-05 0.113241 0.0841808 0.0764126 9.9964E-05 9.9964E-05 0.566419 0.159347 9.9964E-05
0.0889774 0.222792 0.0844258 0.0950552 9.9982E-05 0.106926 0.333034 9.9982E-05 0.068589
0.0682135 0.104484 0.0201022 0.422963 9.9982E-05 9.9982E-05 0.153589 0.195186 0.0352628
9.993E-05 9.993E-05 9.993E-05 9.993E-05 9.993E-05 9.993E-05 9.993E-05 0.999201 9.993E-05
0.165826 9.9982E-05 0.0304174 9.9982E-05 0.0693965 0.0635448 0.415602 0.146397 0.108617
0.0822297 0.0912767 9.9973E-05 0.105232 0.0155931 9.9973E-05 9.9973E-05 0.399494 0.305874
0.128228 9.9973E-05 0.0454237 0.225877 0.123192 0.148192 0.328787 9.9973E-05 9.9973E-05
0.0500469 0.33888 0.119009 9.99729E-05 9.99729E-05 0.104018 0.276966 0.110781 9.99729E-05
0.107789 9.9973E-05 0.0448227 9.9973E-05 0.0509531 0.249664 0.344297 9.9973E-05 0.202174
0.196062 0.0598156 0.0863383 9.9982E-05 0.0280016 0.211831 0.270703 0.147048 9.9982E-05
0.0737599 9.9982E-05 0.0373214 9.9982E-05 0.00447011 0.175452 0.354786 0.0860616 0.267949
9.9964E-05 0.153776 9.9964E-05 9.9964E-05 0.149419 9.9964E-05 0.105831 0.227601 0.362972
9.9955E-05 9.9955E-05 0.0331572 0.0175004 9.9955E-05 9.9955E-05 9.9955E-05 0.0252644 0.923578
0.172295 0.0270895 0.0380098 0.0632704 9.9991E-05 0.00170002 0.277061 0.0693156 0.351159
9.9973E-05 0.07672 0.0238885 0.120028 9.9973E-05 0.00645409 0.59051 9.9973E-05 0.182099
9.9982E-05 0.116846 0.0360531 0.113297 0.041001 0.126932 0.405458 9.9982E-05 0.160213
9.9973E-05 0.370662 0.083119 9.9973E-05 0.0848781 0.0680054 0.156204 9.9973E-05 0.236831
9.999E-05 0.241333 0.0441266 0.127319 0.0401935 0.261538 0.0331862 0.151016 0.101189
0.0596148 0.126178 0.136403 0.217568 9.9991E-05 0.0517808 0.0385644 0.319976 0.0498153
0.00574556 0.477493 0.0823899 0.0652626 0.0611013 9.9973E-05 0.307708 9.9973E-05 9.9973E-05
0.0122048 9.9964E-05 9.9964E-05 9.9964E-05 0.108965 0.568076 0.220553 9.9964E-05 0.0898008
0.207838 9.9991E-05 0.0310049 0.0550366 0.0889632 0.181972 0.158075 0.113187 0.163824
9.9955E-05 0.716948 9.9955E-05 9.9955E-05 0.178265 0.0765912 9.9955E-05 9.9955E-05 0.0276962
0.0187653 0.139232 0.0739653 0.103399 0.0149583 9.9973E-05 0.64938 9.9973E-05 9.9973E-05
0.0575547 0.280765 0.0358655 0.14381 0.0236149 0.185747 9.9982E-05 9.9982E-05 0.272442
0.0785723 0.36929 0.0701565 9.9982E-05 0.0875607 9.9982E-05 0.228284 0.104982 0.0609547
0.108485 0.341688 0.0772418 9.9982E-05 0.045742 0.264892 9.9982E-05 0.0923301 0.0694211
0.0930715 0.141531 0.0781318 9.9973E-05 9.9973E-05 9.9973E-05 0.0454158 0.0486504 0.5929
9.9964E-05 0.113009 0.0706294 9.9964E-05 0.083681 9.9964E-05 0.631596 0.100684 9.9964E-05
0.0192863 0.298836 0.110834 0.154721 0.0102968 0.0870127 0.318814 9.9982E-05 9.9982E-05
9.9973E-05 9.9973E-05 0.0649763 0.307812 0.0570486 0.101419 0.407746 9.9973E-05 0.0606976
9.9946E-05 9.9946E-05 0.0328853 9.9946E-05 0.812498 9.9946E-05 9.9946E-05 0.154017 9.9946E-05
0.174217 0.0535797 9.9964E-05 9.9964E-05 9.9964E-05 0.0894268 0.290067 0.39231 9.9964E-05
0.00572054 9.9955E-05 9.9955E-05 9.9955E-05 9.9955E-05 0.0747223 0.0605021 0.858555 9.9955E-05
0.146125 0.192921 0.0785748 9.9982E-05 9.9982E-05 0.0327677 0.079838 0.421086 0.048487
9.9973E-05 9.9973E-05 0.035194 0.0536331 0.142196 0.0860928 0.448926 9.9973E-05 0.233658
9.9964E-05 0.165777 0.0186638 9.9964E-05 0.128757 9.9964E-05 0.295836 0.390567 9.9964E-05
0.0683492 9.9982E-05 0.0802446 9.9982E-05 0.0902635 0.21276 0.256348 0.0790434 0.212791
0.0214107 0.97789 9.99369E-05 9.99369E-05 9.99369E-05 9.99369E-05 9.99369E-05 9.99369E-05 9.99369E-05
0.0261399 9.9991E-05 0.0343366 0.116169 0.0710665 0.183786 0.0777164 0.328328 0.162359
0.022073 0.0683386 0.14897 0.358713 0.0672335 0.0618013 0.0875907 0.18518 9.9991E-05
0.029496 0.0267905 0.0659763 0.26628 0.0515116 0.187986 0.194137 9.9991E-05 0.177723
0.129851 9.9973E-05 0.0329849 0.311079 0.00620532 0.0558367 9.9973E-05 9.9973E-05 0.463743
0.0730879 0.232532 0.0443045 0.207317 9.9973E-05 0.259098 9.9973E-05 9.9973E-05 0.183361
9.9955E-05 9.9955E-05 0.106888 9.9955E-05 0.0232655 9.9955E-05 0.325776 9.9955E-05 0.54357
0.0372349 0.21935 0.0817034 9.9973E-05 0.0484537 0.0839893 0.528969 9.9973E-05 9.9973E-05
0.0381705 0.15748 9.9964E-05 0.0481125 9.9964E-05 0.0330062 0.72283 9.9964E-05 9.9964E-05
9.9982E-05 0.1122 0.105444 0.101665 0.15565 0.0290095 0.415182 9.9982E-05 0.0806503
0.0487525 0.246496 0.132076 0.0586643 0.0942734 0.0244788 0.343549 0.000438326 0.0512718
0.0348508 9.9964E-05 9.9964E-05 0.241775 9.9964E-05 9.9964E-05 0.631414 0.048715 0.0428451
0.0718609 0.254862 9.9982E-05 0.00841503 0.174318 0.0112442 0.153706 9.9982E-05 0.325394
0.0296984 0.187113 0.0566638 0.289982 0.00678823 0.188964 0.240591 9.9982E-05 9.9982E-05
0.010669 0.256894 0.0831737 0.158002 0.0388979 9.9991E-05 0.141725 0.159962 0.150577
0.00937207 0.258579 0.0102103 9.9982E-05 9.9982E-05 0.0798192 0.243176 0.0914792 0.307164
0.021333 9.9973E-05 0.0465951 0.0222786 9.9973E-05 0.0264135 0.333998 0.549082 9.9973E-05
0.0208594 0.063445 0.04921 0.544159 9.99731E-05 9.99731E-05 0.109222 9.99731E-05 0.212805
0.106552 0.0857112 0.039707 0.139201 0.170868 0.0662618 0.0149488 0.376649 9.9991E-05
9.9964E-05 9.9964E-05 0.0590507 9.9964E-05 9.9964E-05 0.0442658 0.113303 0.219762 0.563219
0.0366824 9.9937E-05 9.9937E-05 9.9937E-05 0.962618 9.9937E-05 9.9937E-05 9.9937E-05 9.9937E-05
0.0728192 0.0840295 0.00975711 0.192193 9.9982E-05 0.0276865 9.9982E-05 0.0920714 0.521244
0.0590142 9.9964E-05 0.133097 9.9964E-05 9.9964E-05 0.0316755 0.758576 9.9964E-05 0.0172374
9.9964E-05 9.9964E-05 0.0709739 0.408252 0.0634615 0.354271 9.9964E-05 0.102642 9.9964E-05
0.0411294 0.0646706 0.0732984 9.9973E-05 9.9973E-05 0.10421 0.655995 0.0603969 9.9973E-05
0.0764736 9.9973E-05 9.9973E-05 9.9973E-05 0.046419 0.102679 0.588955 0.0830388 0.102134
0.0350326 0.0401155 9.9973E-05 9.9973E-05 9.9973E-05 0.115503 0.195743 0.167731 0.445575
0.0611139 0.443969 0.0145225 9.99641E-05 9.99641E-05 9.99641E-05 0.470449 9.99641E-05 0.00954607
9.9973E-05 9.9973E-05 0.0621676 0.094707 0.4019 9.9973E-05 0.282077 0.13604 0.0228084
9.99639E-05 0.250085 9.99639E-05 0.182707 0.2617 0.00859082 0.296518 9.99639E-05 9.99639E-05
0.00296423 0.0439701 0.0554145 0.0849758 0.136325 9.9991E-05 0.383111 0.114077 0.179063
9.993E-05 9.993E-05 9.993E-05 9.993E-05 0.999201 9.993E-05 9.993E-05 9.993E-05 9.993E-05
0.122644 0.201849 0.0764371 0.242943 0.027768 0.155922 0.0834039 0.0673594 0.0216736
0.999201 9.993E-05 9.993E-05 9.993E-05 9.993E-05 9.993E-05 9.993E-05 9.993E-05 9.993E-05
0.110586 9.9973E-05 0.0265048 0.374765 9.9973E-05 0.16486 0.0526402 0.270344 9.9973E-05
9.9963E-05 9.9963E-05 9.9963E-05 0.125521 9.9963E-05 0.286807 0.353834 9.9963E-05 0.233338
9.9973E-05 0.0140862 9.9973E-05 0.344888 9.9973E-05 0.127943 0.123121 0.184118 0.205544
0.00441095 0.370009 0.0637737 9.99729E-05 0.0905415 9.99729E-05 0.377128 0.0938371 9.99729E-05
0.071191 0.305293 0.0268093 0.207921 0.0808026 0.147154 0.120423 9.9991E-05 0.040306
0.012891 0.167826 0.0809091 9.9991E-05 0.0660135 0.0547466 0.059495 0.424678 0.13334
0.113222 9.9973E-05 0.0573369 0.302417 9.9973E-05 0.0745481 0.262601 0.189575 9.9973E-05
9.9964E-05 9.9964E-05 0.177361 0.0347722 0.0446971 9.9964E-05 0.0478958 9.9964E-05 0.694874
0.0657479 0.072788 0.0452871 0.059626 0.00588217 0.211535 0.302213 0.0463793 0.190541
0.0330693 9.9973E-05 0.0682884 0.0335799 0.419559 9.9973E-05 0.41307 9.9973E-05 0.0321338
0.00544136 9.9982E-05 0.0253556 9.9982E-05 0.02945 0.0800381 0.535923 0.104171 0.219421
9.993E-05 9.993E-05 9.993E-05 9.993E-05 0.999201 9.993E-05 9.993E-05 9.993E-05 9.993E-05
0.231744 9.9973E-05 9.9973E-05 0.298727 9.9973E-05 0.0320334 0.323441 0.0742744 0.0394801
0.0181572 0.301059 0.0716339 0.105766 0.0024136 9.9991E-05 0.0950397 0.405678 0.0001529
9.9982E-05 0.0166102 0.0460623 0.00714736 0.0750222 0.05407 0.435319 9.9982E-05 0.365569
0.0417726 9.9973E-05 0.0435323 0.396597 0.0282796 9.9973E-05 9.9973E-05 0.132482 0.357037
0.0456539 0.136777 0.106519 9.9991E-05 0.0825164 0.102481 0.133941 0.242837 0.149174
9.9973E-05 9.9973E-05 0.149327 0.136508 0.388474 0.0100361 0.0898909 0.225464 9.9973E-05
9.9991E-05 0.219284 0.0761235 0.00977739 0.174468 0.0324437 0.0616652 0.0933937 0.332744
0.0728824 0.0280869 9.9964E-05 0.326582 9.9964E-05 0.363405 0.208644 9.9964E-05 9.9964E-05
0.0301336 0.337447 9.9973E-05 0.0387398 0.144282 9.9973E-05 0.201309 9.9973E-05 0.247788
9.9964E-05 0.0870961 0.00608917 0.730703 9.9964E-05 0.0335988 0.142113 9.9964E-05 9.9964E-05
0.00360166 9.9982E-05 0.106642 0.0596581 9.9982E-05 0.161701 0.149079 0.05793 0.461189
0.0398389 0.328282 0.04144 9.9982E-05 0.115921 9.9982E-05 0.256225 0.0230285 0.195065
9.9973E-05 0.0403052 0.0405122 0.35485 9.9973E-05 0.0650268 0.216761 9.9973E-05 0.282244
0.022751 0.446134 0.0119028 9.9973E-05 0.0826314 9.9973E-05 9.9973E-05 0.219404 0.216877
9.9973E-05 9.9973E-05 0.0230029 0.0480846 0.0274166 9.9973E-05 0.259861 0.406392 0.234943
9.9955E-05 0.182675 0.124638 0.0511224 9.9955E-05 9.9955E-05 0.641064 9.9955E-05 9.9955E-05
9.99551E-05 0.0460199 9.99551E-05 0.227104 0.200817 9.99551E-05 0.52556 9.99551E-05 9.99551E-05
0.0202412 0.0755623 0.105806 0.12939 0.0856115 0.275809 0.149048 9.9991E-05 0.158433
0.0593565 9.9973E-05 0.028256 9.9973E-05 0.0176895 9.9973E-05 0.374824 0.144592 0.374981
0.104019 0.225846 0.075626 0.0663525 0.0104822 9.9982E-05 0.362256 9.9982E-05 0.155218
9.99369E-05 9.99369E-05 9.99369E-05 0.0271456 9.99369E-05 0.972155 9.99369E-05 9.99369E-05 9.99369E-05
9.993E-05 9.993E-05 9.993E-05 9.993E-05 9.993E-05 0.999201 9.993E-05 9.993E-05 9.993E-05
9.9991E-05 0.0503158 0.029402 0.0898922 0.0418 0.0303336 0.248787 0.107859 0.40151
0.0835357 0.259535 0.0601754 0.0406666 0.0611441 9.9982E-05 0.310597 0.184147 9.9982E-05
0.0741572 9.9973E-05 0.0698576 0.0572902 0.0135074 9.9973E-05 0.386688 9.9973E-05 0.398199
0.121568 0.132683 0.0847114 0.212566 9.9982E-05 0.287689 0.109023 9.9982E-05 0.0515601
0.0719309 0.327983 0.0637047 0.0939266 0.100756 9.9982E-05 0.149516 9.9982E-05 0.191982
9.9973E-05 0.171808 0.0463205 9.9973E-05 0.0194778 9.9973E-05 0.00666905 0.25924 0.496185
0.096457 0.0482087 0.0562075 9.9982E-05 0.131333 0.130237 0.512011 0.0253463 9.9982E-05
9.9973E-05 9.9973E-05 0.122611 9.9973E-05 0.324335 0.0182176 0.203116 0.165087 0.166333
0.0768753 9.9982E-05 0.0131928 0.111058 9.9982E-05 0.115838 0.23863 0.161436 0.28277
9.993E-05 9.993E-05 0.999201 9.993E-05 9.993E-05 9.993E-05 9.993E-05 9.993E-05 9.993E-05
0.168718 0.0235921 0.0876316 9.9973E-05 9.9973E-05 0.0369864 9.9973E-05 0.633987 0.0487852
0.251655 9.9964E-05 0.0249266 9.9964E-05 9.9964E-05 0.257008 0.459193 0.00681721 9.9964E-05
9.9973E-05 9.9973E-05 0.0276342 0.586159 0.0288548 9.9973E-05 0.0825394 0.0407483 0.233765
0.229701 0.0764945 0.0862437 9.9982E-05 9.9982E-05 0.061431 0.493106 0.0484622 0.00436156
0.0736479 0.507081 0.134965 9.9982E-05 0.0476519 9.9982E-05 0.0276759 0.13285 0.0759281
0.0258463 0.0987066 0.0724926 0.238636 0.02596 0.175474 0.0916203 9.9991E-05 0.271164
9.9973E-05 0.0588169 0.0391514 0.626969 9.9973E-05 9.9973E-05 0.048988 0.175947 0.0498284
0.0702702 9.9991E-05 0.0350699 0.198606 0.11515 0.247613 0.0792007 0.0632455 0.190744
9.99639E-05 0.336852 0.0341521 9.99639E-05 9.99639E-05 9.99639E-05 0.481784 0.131119 0.0156935
0.0720459 0.0545263 0.0353595 0.138734 0.181339 0.0214123 0.266139 0.126556 0.103888
9.9955E-05 0.00334766 9.9955E-05 9.9955E-05 0.12499 0.0638196 9.9955E-05 0.807343 9.9955E-05
0.086598 0.21361 0.0734486 0.0486474 0.112455 0.0329365 0.242443 0.0685153 0.121346
0.0670862 0.0161685 0.0367685 0.193835 0.0066427 9.9991E-05 0.30717 0.316658 0.0555712
9.993E-05 9.993E-05 0.999201 9.993E-05 9.993E-05 9.993E-05 9.993E-05 9.993E-05 9.993E-05
9.99549E-05 9.99549E-05 0.447576 0.411243 9.99549E-05 0.024774 9.99549E-05 0.115907 9.99549E-05
0.0784411 9.9964E-05 9.9964E-05 9.9964E-05 9.9964E-05 0.434965 0.277614 0.0432443 0.165336
0.0187402 0.317504 0.0533862 9.9982E-05 9.9982E-05 0.168595 0.163451 0.0611672 0.216957
0.0668142 9.9955E-05 9.9955E-05 9.9955E-05 0.000957811 9.9955E-05 9.9955E-05 0.883858 0.0478701
9.99729E-05 0.0964786 0.0584046 0.300185 9.99729E-05 0.0696595 9.99729E-05 0.237085 0.237888
0.0723106 0.34998 0.0616938 0.102484 9.9982E-05 0.0592026 0.240246 9.9982E-05 0.113883
9.99369E-05 0.0566656 9.99369E-05 9.99369E-05 9.99369E-05 0.942635 9.99369E-05 9.99369E-05 9.99369E-05
9.9982E-05 9.9982E-05 0.0748547 0.377551 0.0303888 0.0270643 0.271822 0.216025 0.00209407
9.99729E-05 0.487793 9.99729E-05 0.22108 0.0270106 0.0446831 0.102092 0.117042 9.99729E-05
0.08021 0.112135 0.048824 0.22781 0.0772748 0.173943 9.9991E-05 0.0796878 0.200015
9.9973E-05 0.0144132 0.104926 9.9973E-05 0.136907 0.0967897 0.543661 0.103003 9.9973E-05
9.993E-05 0.999201 9.993E-05 9.993E-05 9.993E-05 9.993E-05 9.993E-05 9.993E-05 9.993E-05
9.9982E-05 0.336712 0.138634 0.121153 9.9982E-05 0.0169662 0.279596 0.0699181 0.0368206
0.100479 0.207471 0.00544836 0.157402 0.012266 0.0324422 0.419053 9.9991E-05 0.0653385
9.9982E-05 0.0377355 0.0762739 0.294157 9.9982E-05 0.103095 0.31864 0.0386575 0.131242
0.0543342 0.0116505 9.9973E-05 0.505494 9.9973E-05 0.100107 0.0165545 9.9973E-05 0.31156
0.975319 9.99369E-05 9.99369E-05 9.99369E-05 0.0239818 9.99369E-05 9.99369E-05 9.99369E-05 9.99369E-05
0.00234495 9.9964E-05 9.9964E-05 9.9964E-05 0.029532 0.130625 0.0745261 9.9964E-05 0.762572
9.993E-05 9.993E-05 9.993E-05 0.999201 9.993E-05 9.993E-05 9.993E-05 9.993E-05 9.993E-05
0.0060246 9.9982E-05 0.14051 0.219525 0.0915411 9.9982E-05 0.137913 0.32677 0.0775164
0.0591817 0.343366 9.9955E-05 9.9955E-05 9.9955E-05 0.21288 9.9955E-05 0.384072 9.9955E-05
9.9964E-05 9.9964E-05 9.9964E-05 9.9964E-05 0.0828645 0.110092 0.287737 0.201927 0.31698
9.9964E-05 9.9964E-05 0.0193115 0.351915 9.9964E-05 0.146343 0.148635 0.333395 9.9964E-05
0.999201 9.993E-05 9.993E-05 9.993E-05 9.993E-05 9.993E-05 9.993E-05 9.993E-05 9.993E-05
9.9982E-05 0.115815 0.117427 0.155814 9.9982E-05 0.0171084 0.335963 0.109357 0.148314
0.163687 0.417708 0.0500407 0.111316 0.0724075 0.0148131 9.9982E-05 0.169828 9.9982E-05
9.99639E-05 9.99639E-05 0.00567633 0.00401046 9.99639E-05 0.117422 0.741286 0.131205 9.99639E-05
9.9973E-05 0.142734 9.9973E-05 0.141134 9.9973E-05 0.211444 0.0248067 0.179331 0.300249
