0.0481297 9.9991E-05 0.0608525 0.0554944 0.835423
0.0797998 9.9991E-05 0.147026 0.197836 0.575238
0.0194632 0.10376 0.508715 0.192219 0.175843
0.0123225 0.167838 0.148817 0.110812 0.560211
9.99821E-05 9.99821E-05 0.196874 0.276911 0.526015
9.999E-05 0.263003 0.0563312 0.134289 0.546277
0.154628 9.99911E-05 0.11142 0.415084 0.318767
9.99732E-05 9.99732E-05 9.99732E-05 0.199945 0.799755
0.813352 9.99732E-05 0.186348 9.99732E-05 9.99732E-05
0.0696511 0.38937 0.234417 0.306462 9.9991E-05
0.0704869 0.463833 0.181447 0.1168 0.167434
0.488905 9.99821E-05 9.99821E-05 0.271167 0.239728
0.463889 9.9991E-05 0.120138 0.0770242 0.338849
9.99731E-05 9.99731E-05 9.99731E-05 0.559987 0.439714
0.433402 0.0414187 9.99821E-05 9.99821E-05 0.524979
0.133395 9.99911E-05 0.278126 0.0786632 0.509715
0.36066 0.0885646 0.130546 0.0777225 0.342507
0.0514814 0.330049 0.0928042 0.322836 0.202829
0.651052 9.99731E-05 9.99731E-05 9.99731E-05 0.348648
9.99821E-05 0.0879706 9.99821E-05 0.0453207 0.866509
9.99821E-05 0.534015 9.99821E-05 0.448799 0.0169864
0.560938 0.00612182 0.251926 9.9991E-05 0.180914
9.999E-05 0.308752 0.230951 0.280794 0.179402
9.99821E-05 9.99821E-05 0.45897 0.187889 0.352941
9.9991E-05 0.385854 0.221798 0.162174 0.230075
0.253406 9.9991E-05 0.2476 0.0461982 0.452695
0.407261 0.138912 0.228374 0.147854 0.0775991
0.243165 0.289711 0.0897649 9.99911E-05 0.377259
0.293214 0.228877 9.9982E-05 9.9982E-05 0.477709
9.997E-05 9.997E-05 0.9996 9.997E-05 9.997E-05
0.288772 0.264189 9.9991E-05 0.309015 0.137924
9.99911E-05 0.0718621 0.0350233 0.419512 0.473503
0.312371 0.355684 0.331746 9.99821E-05 9.99821E-05
0.0892309 0.085592 0.0332983 0.1522 0.639679
9.9982E-05 9.9982E-05 0.132532 0.0957309 0.771537
9.99732E-05 9.99732E-05 9.99732E-05 0.156796 0.842904
0.2535 0.0536526 0.174334 0.168757 0.349756
0.0895522 0.595297 0.253697 9.9991E-05 0.0613537
0.139509 0.130642 0.13755 0.292123 0.300175
9.99821E-05 0.416924 9.99821E-05 0.169162 0.413714
0.25871 9.99821E-05 0.516178 0.224912 9.99821E-05
9.99732E-05 0.334447 9.99732E-05 0.665253 9.99732E-05
0.0997644 0.0384733 0.0474799 0.387444 0.426839
0.274795 0.127774 9.99821E-05 9.99821E-05 0.597231
0.044319 0.139027 0.0143229 0.317732 0.484599
0.147248 9.99821E-05 9.99821E-05 0.168181 0.684371
0.339159 0.0414384 0.0764804 0.285697 0.257225
0.337862 0.176591 9.9991E-05 0.400175 0.0852721
0.542745 9.99911E-05 0.108138 0.00321742 0.3458
9.99731E-05 9.99731E-05 9.99731E-05 0.208145 0.791555
9.99731E-05 9.99731E-05 0.188634 9.99731E-05 0.811066
0.116117 0.319233 0.110765 0.453785 9.9991E-05
0.413992 9.9982E-05 0.381877 9.9982E-05 0.203931
0.0261473 0.374061 9.99821E-05 9.99821E-05 0.599591
0.473482 9.99821E-05 9.99821E-05 0.38039 0.145928
0.894178 0.0197345 0.0839441 9.99911E-05 0.00204388
0.054353 9.9991E-05 0.248207 0.298251 0.399089
0.674807 9.99732E-05 9.99732E-05 0.324893 9.99732E-05
0.379998 0.00786168 9.9991E-05 0.290754 0.321287
0.0735299 0.158443 9.9991E-05 0.269928 0.497999
0.197263 0.100135 9.99821E-05 9.99821E-05 0.702402
0.127457 9.9982E-05 0.176578 0.695766 9.9982E-05
0.710464 9.99731E-05 0.289236 9.99731E-05 9.99731E-05
9.99821E-05 9.99821E-05 0.537015 0.211738 0.251047
0.135121 9.99821E-05 0.301244 9.99821E-05 0.563435
0.677019 0.0252072 0.227239 9.9991E-05 0.0704343
9.9991E-05 0.116764 0.13839 0.316594 0.428152
0.375754 9.9991E-05 0.00410367 0.271687 0.348356
0.337056 0.0253821 9.9991E-05 0.109531 0.527931
0.085805 0.259819 0.141278 0.172752 0.340346
0.247455 0.165303 9.9991E-05 0.424331 0.162811
0.474443 9.99821E-05 0.186112 0.339245 9.99821E-05
9.99733E-05 9.99733E-05 9.99733E-05 0.596224 0.403476
0.133131 0.0444371 9.99911E-05 0.266967 0.555365
9.99733E-05 9.99733E-05 9.99733E-05 0.135165 0.864535
0.315873 9.99821E-05 9.99821E-05 0.410462 0.273465
0.535706 0.0876788 0.208561 9.99911E-05 0.167954
0.349123 0.275548 0.00693385 0.353842 0.014553
0.223163 0.240764 9.99821E-05 9.99821E-05 0.535873
0.0698602 0.0514244 9.99911E-05 0.0279891 0.850626
9.99821E-05 0.00213591 9.99821E-05 0.351867 0.645797
0.285389 0.0191757 0.12825 0.168081 0.399104
9.99821E-05 0.43061 9.99821E-05 0.428697 0.140493
0.496477 0.180047 0.245551 9.9991E-05 0.0778255
0.0917504 0.145745 0.0891344 0.432767 0.240604
0.112752 0.0299183 0.00977819 0.410984 0.436568
0.364692 0.148752 9.99951E-05 0.289001 0.197455
0.0591898 9.9991E-05 0.549291 0.153984 0.237435
0.173665 0.612393 0.104775 9.9991E-05 0.109067
0.550127 0.242699 0.146578 9.9991E-05 0.0604959
9.99732E-05 9.99732E-05 0.774063 9.99732E-05 0.225637
9.99911E-05 0.0152044 0.026528 0.656361 0.301806
0.161639 9.99822E-05 0.0178409 0.82032 9.99822E-05
0.115542 0.347299 0.181982 0.221616 0.133561
0.413151 9.9991E-05 0.0887748 0.465176 0.0327984
0.168544 0.0667814 9.9991E-05 0.33149 0.433084
0.222555 0.124418 0.338972 0.116854 0.197202
0.60716 0.130042 9.9982E-05 0.262599 9.9982E-05
9.9991E-05 0.00901992 0.479437 0.0311686 0.480275
0.0667136 0.0367725 0.442786 0.416063 0.0376643
0.423588 0.178708 0.285497 0.112107 9.99911E-05
9.99731E-05 0.0883722 0.911328 9.99731E-05 9.99731E-05
0.268628 0.441059 0.290113 9.99821E-05 9.99821E-05
9.99731E-05 0.923028 0.0766722 9.99731E-05 9.99731E-05
0.0638953 0.0274745 9.9991E-05 0.120043 0.788487
0.419477 9.9991E-05 0.101853 0.163381 0.315189
0.262468 0.000433127 9.9991E-05 0.417333 0.319666
9.9991E-05 0.211826 0.139572 0.0686004 0.579902
0.26399 0.115696 9.99821E-05 9.99821E-05 0.620114
9.99911E-05 0.692656 0.0846153 0.0400532 0.182575
0.0821449 9.99911E-05 0.36574 0.415163 0.136852
0.108446 9.99821E-05 0.0533255 9.99821E-05 0.838028
9.99732E-05 9.99732E-05 0.50177 9.99732E-05 0.49793
9.997E-05 9.997E-05 9.997E-05 9.997E-05 0.9996
9.99731E-05 9.99731E-05 0.952573 0.0471271 9.99731E-05
0.502104 0.278345 9.99821E-05 0.219351 9.99821E-05
0.206155 9.99731E-05 9.99731E-05 9.99731E-05 0.793545
0.453635 9.9991E-05 0.267372 0.0800995 0.198793
0.18971 0.0938952 0.306214 9.9991E-05 0.410081
9.9982E-05 0.213522 9.9982E-05 0.223572 0.562705
0.216842 9.9991E-05 0.598985 0.0970273 0.0870453
0.0129397 0.0806697 0.158247 0.441671 0.306472
9.99731E-05 0.0601183 9.99731E-05 9.99731E-05 0.939582
9.99821E-05 0.226376 9.99821E-05 0.639768 0.133656
0.208267 0.213498 0.16805 9.99911E-05 0.410085
0.257644 0.136804 0.0842435 0.214276 0.307033
0.178423 9.99911E-05 0.323221 0.395634 0.102622
0.00230955 0.224841 0.0143904 0.176787 0.581672
9.99911E-05 0.607546 0.147129 0.0228556 0.222369
9.99911E-05 0.227011 0.256697 0.30919 0.207001
0.941421 9.99732E-05 9.99732E-05 0.0582789 9.99732E-05
9.9991E-05 0.106351 0.00344554 0.459545 0.430559
0.309185 0.197591 9.9991E-05 0.216519 0.276604
0.388007 0.437601 9.99821E-05 9.99821E-05 0.174192
0.27148 0.28424 9.9991E-05 0.335856 0.108324
9.99821E-05 0.283935 9.99821E-05 0.0514221 0.664443
9.99732E-05 0.182458 9.99732E-05 9.99732E-05 0.817242
9.99732E-05 0.393374 9.99732E-05 9.99732E-05 0.606326
0.606152 0.108359 9.99911E-05 0.241479 0.0439102
0.0817248 0.0195854 9.99821E-05 9.99821E-05 0.89849
0.216842 0.343362 0.0887431 9.99911E-05 0.350954
0.153213 0.403645 0.211937 0.231105 9.9991E-05
0.310561 0.17022 0.13551 0.267731 0.115978
0.320464 0.324268 0.355068 9.99821E-05 9.99821E-05
9.99821E-05 9.99821E-05 0.434759 0.36906 0.195981
0.151012 0.0816811 0.0618637 0.0558159 0.649627
9.997E-05 9.997E-05 9.997E-05 0.9996 9.997E-05
9.99821E-05 0.124852 0.194579 9.99821E-05 0.680369
9.99821E-05 9.99821E-05 0.0774292 0.66394 0.258431
0.128475 0.344551 9.99821E-05 0.526774 9.99821E-05
0.46366 0.23934 0.0763637 0.220537 9.99911E-05
0.557328 9.9991E-05 0.0186147 0.165381 0.258576
0.325355 0.00131022 0.0285375 0.0916952 0.553102
0.290299 9.9991E-05 0.232139 0.0212577 0.456205
9.99911E-05 0.0397277 0.179304 0.60675 0.174118
0.330412 0.258595 9.99821E-05 9.99821E-05 0.410792
9.99911E-05 0.4383 0.033852 0.257374 0.270374
0.228407 0.308868 0.101557 0.0669319 0.294236
9.99732E-05 9.99732E-05 0.00325336 9.99732E-05 0.996447
0.135263 0.157271 0.195009 0.114576 0.397881
9.997E-05 9.997E-05 9.997E-05 0.9996 9.997E-05
0.24489 9.99821E-05 9.99821E-05 0.292029 0.462881
9.99731E-05 9.99731E-05 9.99731E-05 0.339712 0.659988
0.807481 9.99732E-05 9.99732E-05 0.192219 9.99732E-05
0.689341 9.99732E-05 9.99732E-05 0.310359 9.99732E-05
0.170281 0.026338 0.249786 0.262876 0.290719
0.302913 0.0981865 0.112846 9.9991E-05 0.485954
0.2316 0.226871 9.99822E-05 9.99822E-05 0.541328
9.99733E-05 9.99733E-05 9.99733E-05 0.846678 0.153022
0.227532 0.195413 0.0829365 0.305863 0.188256
9.99732E-05 0.388302 9.99732E-05 9.99732E-05 0.611398
0.102012 0.0105332 9.99911E-05 0.0894733 0.797881
0.594587 0.175804 9.9991E-05 0.129622 0.0998875
0.00643236 0.178871 0.246068 0.140521 0.428108
0.0869745 0.000568105 0.132748 9.9991E-05 0.779609
0.197087 9.99822E-05 9.99822E-05 0.014422 0.788291
0.126574 0.0408696 0.285717 0.360236 0.186605
9.99732E-05 0.83102 9.99732E-05 0.16868 9.99732E-05
0.162982 0.430118 9.99911E-05 0.109589 0.297211
0.650633 0.182 0.167167 9.99821E-05 9.99821E-05
0.31276 0.0597173 9.99821E-05 0.627322 9.99821E-05
0.312411 0.386579 0.0177482 0.283161 9.9991E-05
0.112429 9.9991E-05 0.0390442 0.318756 0.529671
9.99822E-05 9.99822E-05 0.0327265 0.114819 0.852255
9.997E-05 0.9996 9.997E-05 9.997E-05 9.997E-05
0.480736 9.99822E-05 9.99822E-05 0.0475636 0.4715
0.408913 0.0526952 9.9991E-05 0.179097 0.359194
0.0224038 0.14982 0.279741 0.0272003 0.520835
9.9991E-05 0.231161 0.105195 0.436312 0.227232
