0.0290479 0.291395 9.9964E-05 9.9964E-05 0.634005 0.0451523 9.9964E-05 9.9964E-05
0.0698868 0.0623258 0.0302865 0.206637 0.328807 0.156199 0.145758 9.9991E-05
9.999E-05 0.271136 0.0441974 0.103235 0.288144 0.0975951 0.125054 0.0705378
0.0614792 0.442055 0.107534 0.0669193 0.202614 0.0438428 9.9991E-05 0.0754558
0.069365 0.383156 0.0825144 0.0602092 0.0182269 9.9991E-05 0.298107 0.0883221
0.0965821 0.400656 9.9982E-05 0.139174 0.00295925 9.9982E-05 0.288847 0.0715815
0.0345935 0.306261 9.9991E-05 0.165681 0.371807 0.0245027 0.0245891 0.0724651
0.0466719 0.0820283 0.0703667 0.179393 0.170847 0.279748 0.0999385 0.0710061
0.00680576 0.262502 0.100511 0.257178 0.135146 9.9991E-05 0.198801 0.0389568
0.119548 9.9982E-05 0.210166 0.344968 0.122031 9.9982E-05 0.0464716 0.156615
0.16959 0.126479 9.9991E-05 0.221578 0.0161257 0.0232699 0.436862 0.00599531
9.9973E-05 9.9973E-05 0.157199 0.365258 0.119394 9.9973E-05 0.340237 0.0176117
9.99639E-05 0.396879 9.99639E-05 0.253665 9.99639E-05 9.99639E-05 0.226544 0.122512
0.0903105 9.9973E-05 0.0828059 9.9973E-05 0.383854 9.9973E-05 0.380827 0.0619033
9.9964E-05 9.9964E-05 9.9964E-05 9.9964E-05 0.0243741 0.00766224 0.959934 0.0076295
0.0358071 0.0877736 0.0759418 0.0066344 0.104734 0.519452 0.0881425 0.0815146
9.9946E-05 9.9946E-05 9.9946E-05 9.9946E-05 9.9946E-05 0.00524563 0.994155 9.9946E-05
0.0877539 0.326442 0.120601 0.0200368 0.154911 0.0670222 0.0306751 0.192558
9.9982E-05 0.297742 0.000314953 0.251607 0.184588 9.9982E-05 0.172703 0.0928441
0.0905689 0.294662 0.0750752 0.180346 0.0454492 0.0844143 0.200012 0.029473
0.0593195 0.22264 0.00854849 0.255949 0.190372 0.0686888 0.0995757 0.0949066
0.0364651 0.103708 0.0524583 0.269663 0.153414 0.0623749 0.211027 0.11089
0.0582356 0.368474 0.0387919 0.169232 0.154869 0.0176344 0.0478979 0.144865
9.9973E-05 0.367428 0.177344 0.0584469 0.114772 0.28171 9.9973E-05 9.9973E-05
0.246095 9.9964E-05 9.9964E-05 0.205491 9.9964E-05 9.9964E-05 0.491086 0.0569281
0.0321126 0.170652 0.127222 9.9991E-05 0.331832 0.13131 0.192802 0.0139696
0.0827011 0.082748 0.227934 0.211134 0.124516 0.168171 9.9991E-05 0.102696
0.0569453 9.9991E-05 0.0582651 0.189654 0.409224 0.00908864 0.220099 0.0566245
0.0742557 0.347396 0.163566 0.0498122 9.9973E-05 9.9973E-05 0.364671 9.9973E-05
0.00573557 0.107008 0.721328 0.0895342 9.9982E-05 9.9982E-05 0.0237692 0.0524257
0.0843236 0.151757 0.04587 0.0818645 9.9982E-05 9.9982E-05 0.614717 0.0212686
0.120159 0.0576129 0.0603362 0.629436 9.9982E-05 0.023149 9.9982E-05 0.109107
9.99641E-05 0.509861 0.0497229 9.99641E-05 9.99641E-05 9.99641E-05 0.347717 0.0922991
0.112275 0.414741 9.99729E-05 9.99729E-05 9.99729E-05 0.171665 0.205913 0.0951055
0.107611 0.0222364 9.9982E-05 0.0982586 0.363235 9.9982E-05 0.363925 0.0445343
9.994E-05 9.994E-05 9.994E-05 9.994E-05 0.9993 9.994E-05 9.994E-05 9.994E-05
0.156644 0.557846 9.9964E-05 9.9964E-05 0.242334 0.0427765 9.9964E-05 9.9964E-05
0.119745 9.9973E-05 0.0842121 0.101749 0.440056 9.9973E-05 0.253938 9.9973E-05
0.136568 0.275144 0.137576 0.0174901 9.9982E-05 9.9982E-05 0.394664 0.0383583
0.0611111 0.460007 0.0231047 0.0362012 0.0871998 0.0924219 0.160638 0.0793154
0.0889418 0.211931 0.123023 0.170961 0.103362 0.263332 9.9991E-05 0.0383498
0.160034 0.521482 0.0432522 9.9982E-05 9.9982E-05 0.197499 0.0183165 0.0592164
0.0665849 0.232353 0.0635467 0.182639 0.209096 0.21028 9.9991E-05 0.0353998
9.99551E-05 9.99551E-05 0.00543502 0.501521 0.492544 9.99551E-05 9.99551E-05 9.99551E-05
9.9973E-05 9.9973E-05 0.0224114 0.636612 0.116584 0.101809 9.9973E-05 0.122284
0.257205 0.231181 0.0279849 0.230361 0.109974 9.9991E-05 0.0775554 0.0656388
9.999E-05 0.620055 0.027855 0.022952 0.053509 0.0262438 0.240382 0.00890358
9.9973E-05 0.491164 0.112217 0.150595 9.9973E-05 0.203378 9.9973E-05 0.0423452
0.0406887 0.186969 0.0997531 0.338627 9.9991E-05 0.102494 0.12501 0.106358
9.999E-05 0.0870539 0.19393 0.208157 0.0185577 0.0174501 0.405641 0.0691104
0.0421867 9.9991E-05 0.0692037 0.144341 0.317795 0.0403229 0.317491 0.0685594
9.9982E-05 0.377141 0.0912385 0.162385 9.9982E-05 0.0417123 0.195514 0.13181
0.0152088 0.212304 0.0907845 0.00468593 9.9982E-05 0.66105 9.9982E-05 0.0157672
0.167897 0.147861 0.184072 0.0938883 0.0164993 0.286779 9.9991E-05 0.102903
9.9973E-05 9.9973E-05 0.0320532 0.710407 9.9973E-05 0.189145 0.0300867 0.0380091
0.0858075 0.395572 0.0588998 0.212867 9.9982E-05 9.9982E-05 0.149559 0.0970951
9.9955E-05 9.9955E-05 9.9955E-05 0.833074 9.9955E-05 0.131455 9.9955E-05 0.0349714
0.00198358 0.282524 0.126555 0.464704 0.0475293 9.9982E-05 9.9982E-05 0.0765043
0.110449 0.110494 0.0725747 0.125448 9.9991E-05 0.17989 0.298988 0.102055
0.105798 9.9982E-05 0.00141465 0.467035 0.221592 9.9982E-05 0.132812 0.0711481
9.9973E-05 0.818853 0.0143703 9.9973E-05 9.9973E-05 0.082734 0.0343603 0.0493824
0.0583468 0.389087 9.9991E-05 0.0347246 0.0814256 0.0180887 0.329473 0.0887544
9.9973E-05 0.601322 9.9973E-05 0.0233572 9.9973E-05 0.128591 0.200947 0.0454816
9.9964E-05 9.9964E-05 0.89098 9.9964E-05 0.00124073 0.0323887 9.9964E-05 0.0749909
0.197863 0.192334 9.9973E-05 9.9973E-05 0.393311 0.00854565 0.207647 9.9973E-05
9.9955E-05 0.0522142 9.9955E-05 9.9955E-05 0.929495 0.0177912 9.9955E-05 9.9955E-05
0.143181 0.2989 0.00956539 0.164153 0.229349 0.0429601 9.9991E-05 0.111792
9.9991E-05 0.405226 0.102043 0.0333999 0.0284597 0.0381114 0.318707 0.0739532
9.9964E-05 0.265198 0.056137 9.9964E-05 0.363926 9.9964E-05 0.314339 9.9964E-05
0.0467475 0.109515 0.105914 0.151187 0.109563 0.189109 0.17823 0.109734
0.152861 0.155182 0.0330733 0.422358 0.0495201 9.9991E-05 0.140233 0.0466725
9.9991E-05 0.0466039 0.0829795 0.0160983 0.379132 0.226581 0.192454 0.0560517
0.056819 0.139726 0.103832 0.0712656 0.153161 0.0208737 0.363293 0.0910295
0.111559 0.213576 0.0523172 0.258255 9.9991E-05 0.00352835 0.34155 0.019115
0.158033 9.9982E-05 0.133457 0.133472 0.218767 0.103402 0.252671 9.9982E-05
0.0785633 9.9982E-05 0.0144519 0.424157 9.9982E-05 0.312038 0.135016 0.0355742
0.0410454 0.456388 0.0386092 0.255927 9.9982E-05 0.0839094 9.9982E-05 0.123921
0.103199 0.65676 0.0699292 9.9982E-05 9.9982E-05 0.0792918 0.0334616 0.0571581
0.0802632 0.762238 9.9964E-05 9.9964E-05 0.00182115 9.9964E-05 0.155278 9.9964E-05
0.0354515 0.451227 0.184376 9.9982E-05 9.9982E-05 0.11122 0.0954486 0.122076
0.0922305 0.446114 0.115147 0.0601639 0.0563967 0.172495 9.9991E-05 0.057352
0.0976831 0.57691 9.9991E-05 0.0776248 0.0992597 0.0209334 0.110236 0.0172535
0.0709441 0.18029 0.224196 0.338268 9.9973E-05 0.186002 9.9973E-05 9.9973E-05
0.0319845 0.237539 0.0885248 9.9982E-05 9.9982E-05 0.234136 0.383897 0.0237194
0.0318864 0.612699 0.149179 0.0956519 0.0566324 9.9982E-05 9.9982E-05 0.0537519
0.0688797 0.224288 9.9982E-05 0.334045 0.0776138 0.285145 9.9982E-05 0.00982923
9.9964E-05 0.0950039 9.9964E-05 9.9964E-05 0.692643 9.9964E-05 0.17133 0.0406237
0.0398183 0.062402 9.99731E-05 0.405863 9.99731E-05 9.99731E-05 0.40123 0.0903873
0.0275646 0.144851 0.155122 0.00997534 0.219487 0.177903 0.173466 0.0916298
9.9973E-05 0.172445 9.9973E-05 0.508348 0.154348 9.9973E-05 0.0639663 0.100592
0.0115538 9.9946E-05 0.987847 9.9946E-05 9.9946E-05 9.9946E-05 9.9946E-05 9.9946E-05
0.0805771 9.9991E-05 0.026724 0.393041 0.0910631 0.0363278 0.285238 0.0869295
0.112516 0.655803 0.0241955 9.9973E-05 9.9973E-05 0.132041 9.9973E-05 0.0751443
9.9991E-05 0.0889322 0.0152614 0.0827302 0.159044 0.137212 0.47204 0.0446802
0.0555134 0.746025 9.9973E-05 9.9973E-05 0.00470373 0.135945 9.9973E-05 0.0575132
0.0847818 0.368449 0.164522 9.9991E-05 0.0521032 0.210917 0.118472 0.000655742
9.9955E-05 9.9955E-05 9.9955E-05 0.647096 0.223496 0.128908 9.9955E-05 9.9955E-05
0.160952 0.703471 9.99551E-05 0.135077 9.99551E-05 9.99551E-05 9.99551E-05 9.99551E-05
9.9982E-05 0.218376 0.478293 0.0782992 0.0579318 9.9982E-05 0.0266621 0.140238
9.9964E-05 0.216955 0.317384 9.9964E-05 0.0691874 9.9964E-05 0.396074 9.9964E-05
9.9982E-05 0.274855 0.167205 0.166485 0.153054 9.9982E-05 0.222846 0.0153555
9.994E-05 9.994E-05 0.9993 9.994E-05 9.994E-05 9.994E-05 9.994E-05 9.994E-05
0.176215 0.108381 0.0498011 9.9982E-05 9.9982E-05 0.0806368 0.522231 0.0625353
0.969727 9.99459E-05 9.99459E-05 9.99459E-05 9.99459E-05 9.99459E-05 9.99459E-05 0.0296738
0.0645518 9.9991E-05 0.00668696 0.406796 0.149632 0.0211249 0.26873 0.0823784
9.9991E-05 0.0495932 0.0350739 0.462593 0.0738228 0.162799 0.212676 0.00334172
9.9973E-05 0.332552 9.9973E-05 0.176138 0.119084 0.126073 0.245854 9.9973E-05
0.110005 0.4534 0.110038 9.9982E-05 0.141738 0.112632 9.9982E-05 0.0719865
0.115886 0.107995 0.20264 0.150484 9.9991E-05 0.10015 0.292496 0.0302497
0.030223 9.9991E-05 0.0687822 0.226734 0.372084 0.0186683 0.25042 0.0329889
0.0869651 0.371305 9.9973E-05 9.9973E-05 0.173502 9.9973E-05 0.346554 0.0213742
9.9973E-05 0.114713 0.146957 0.555085 9.9973E-05 9.9973E-05 0.00867206 0.174274
0.0651771 0.291845 0.0328059 0.177854 0.00967717 0.260852 0.0835042 0.0782843
0.0168132 0.196904 0.541602 9.9991E-05 0.0609654 0.0352079 0.0852035 0.0632039
0.00108099 0.284613 0.171413 0.339643 0.0313994 9.9991E-05 0.0913856 0.0803651
9.9946E-05 9.9946E-05 0.998724 0.000676339 9.9946E-05 9.9946E-05 9.9946E-05 9.9946E-05
0.274567 0.0856538 9.9991E-05 0.105926 0.126385 0.0234867 0.383085 0.00079599
0.00562996 0.181194 0.0693948 0.0599376 0.498816 0.077484 9.9991E-05 0.107444
0.0185818 0.537217 0.022049 0.400593 9.9973E-05 9.9973E-05 9.9973E-05 0.0212596
0.16334 9.9991E-05 0.11186 0.266898 0.126127 0.0490467 0.141045 0.141583
0.0850253 0.560909 0.039569 9.9982E-05 0.0116986 0.222713 9.9982E-05 0.0798847
9.9973E-05 0.160632 0.449373 9.9973E-05 0.0731785 9.9973E-05 0.197324 0.119192
9.9991E-05 0.489694 0.185214 0.0712636 0.0125805 0.00548243 0.136398 0.099267
0.0580951 0.270942 9.9973E-05 0.11407 9.9973E-05 0.280067 0.276526 9.9973E-05
0.0956283 0.0354233 0.212901 0.448951 9.9982E-05 0.114625 9.9982E-05 0.0922707
9.99641E-05 0.266819 9.99641E-05 0.0277919 9.99641E-05 0.0636456 0.641344 9.99641E-05
0.0295369 9.9982E-05 9.9982E-05 0.425635 0.0875813 0.00220309 0.410459 0.0443845
0.168396 0.304045 0.269644 0.0429538 9.9982E-05 0.147152 9.9982E-05 0.0676089
9.9982E-05 0.272114 9.9982E-05 0.536285 0.0464656 0.0768502 0.0296457 0.0384393
0.0527292 9.9991E-05 0.133504 0.0669601 0.268064 0.0862258 0.382163 0.0102546
9.9955E-05 0.45667 9.9955E-05 9.9955E-05 0.534745 9.9955E-05 9.9955E-05 0.0080847
0.0606627 0.569368 9.9982E-05 9.9982E-05 0.076577 0.115332 0.079033 0.0988276
0.0216016 0.353738 0.288314 0.118418 9.9982E-05 9.9982E-05 0.148874 0.0688542
0.00495902 0.0660956 0.168021 0.265449 9.9991E-05 0.14712 0.256251 0.0920037
0.116254 0.579611 0.0247975 0.0803352 0.130299 9.9991E-05 0.0664674 0.00213597
0.0882161 0.281888 0.02481 0.268839 0.0260339 9.9991E-05 0.182522 0.127591
9.9946E-05 9.9946E-05 9.9946E-05 9.9946E-05 9.9946E-05 0.824475 0.174925 9.9946E-05
9.994E-05 9.994E-05 9.994E-05 9.994E-05 9.994E-05 0.9993 9.994E-05 9.994E-05
0.0694633 9.9982E-05 0.0276669 0.649943 0.148283 0.0447443 9.9982E-05 0.0596993
0.10313 0.535795 0.0793895 0.0345044 0.0523465 0.118128 9.9991E-05 0.0766059
0.127232 0.161711 0.109456 0.384353 0.0900245 9.9991E-05 0.013162 0.113962
0.069612 9.9973E-05 9.9973E-05 0.145422 9.9973E-05 0.0157721 0.704445 0.0644486
0.0695852 0.432685 0.156499 0.121388 9.9982E-05 9.9982E-05 0.218413 0.0012297
0.02972 0.101393 0.0286222 0.495256 0.243624 9.9982E-05 9.9982E-05 0.101185
0.0935115 0.46879 0.0266356 9.9991E-05 0.0214362 0.254185 0.0531094 0.0822319
0.0255355 0.0446124 0.310071 9.9982E-05 0.377954 9.9982E-05 0.118582 0.123046
0.0785856 0.121132 9.9991E-05 0.263855 0.156494 0.135185 0.194347 0.0503023
9.994E-05 9.994E-05 9.994E-05 9.994E-05 9.994E-05 9.994E-05 9.994E-05 0.9993
0.159951 0.21561 9.9973E-05 9.9973E-05 0.523217 0.00629346 9.9973E-05 0.0946284
0.259044 0.327832 0.023627 0.0223375 0.0584069 0.256687 9.9991E-05 0.0519659
0.0174532 9.9982E-05 0.0220929 0.446631 0.0874475 9.9982E-05 0.367107 0.059068
0.14234 0.277267 9.9982E-05 0.18886 0.0245841 0.317082 9.9982E-05 0.0496663
0.0308954 0.174244 0.134077 0.228234 0.115757 0.120794 0.0628905 0.133108
0.023327 0.204464 0.137318 0.25995 9.9991E-05 0.290983 0.0387363 0.0451225
9.9973E-05 0.0368353 9.9973E-05 0.352633 0.190546 9.9973E-05 0.326517 0.0931684
0.03245 0.0614556 0.176501 9.9991E-05 0.170223 0.351522 0.141308 0.0664396
0.0366211 0.434501 0.0248339 0.22125 0.115772 9.9991E-05 0.0403969 0.126525
0.109985 0.128578 0.0989096 0.0512521 0.200657 0.183319 0.201583 0.0257181
9.9964E-05 0.140325 0.0490486 9.9964E-05 0.723021 0.0872054 9.9964E-05 9.9964E-05
0.0454958 0.388607 0.130674 0.137147 0.0709645 9.9991E-05 0.198071 0.0289404
0.0333193 0.397833 9.9982E-05 9.9982E-05 0.278062 0.0122683 0.218613 0.0597047
9.994E-05 9.994E-05 9.994E-05 9.994E-05 9.994E-05 9.994E-05 9.994E-05 0.9993
0.00558522 0.235894 9.9973E-05 9.9973E-05 0.0648244 9.9973E-05 0.315676 0.37772
0.070804 0.120315 0.0320714 0.301331 0.0425741 0.427109 9.9991E-05 0.0056953
0.0570809 9.9991E-05 0.0382011 0.461583 0.144654 0.1669 0.0161632 0.115318
0.0784369 9.9955E-05 9.9955E-05 9.9955E-05 0.865099 9.9955E-05 9.9955E-05 0.0559647
9.99729E-05 0.422714 9.99729E-05 0.153221 0.113116 0.080286 0.230363 9.99729E-05
0.074382 0.0867874 9.9982E-05 0.340747 9.9982E-05 0.0498076 0.36435 0.0837258
9.99459E-05 9.99459E-05 9.99459E-05 9.99459E-05 0.0186582 0.980742 9.99459E-05 9.99459E-05
9.9991E-05 0.220442 0.0425233 0.0300576 0.299301 0.063431 0.230733 0.113413
9.9982E-05 0.358209 0.110799 0.0645291 0.0517971 0.0485544 0.365912 9.9982E-05
0.0935172 0.0548857 0.150288 0.340992 9.9991E-05 0.0230657 0.249718 0.0874342
0.00895647 0.412769 0.178069 9.9982E-05 0.21119 0.0973673 9.9982E-05 0.0914476
0.0412215 9.9973E-05 9.9973E-05 0.343013 0.153526 0.267577 0.194362 9.9973E-05
0.0761487 0.577979 9.9991E-05 0.0225847 0.0739662 0.0996295 0.0644457 0.0851459
0.193568 0.422755 0.0485767 0.137031 9.9973E-05 9.9973E-05 0.197769 9.9973E-05
9.9964E-05 0.22533 9.9964E-05 0.356476 9.9964E-05 9.9964E-05 0.304031 0.113763
0.0546684 0.0893928 0.033948 0.351305 0.0227237 0.000212362 0.424136 0.0236136
0.983044 9.99459E-05 9.99459E-05 9.99459E-05 0.0163565 9.99459E-05 9.99459E-05 9.99459E-05
0.0279262 0.0498876 0.0403646 0.582953 0.134195 0.103019 0.0600337 0.00162051
9.994E-05 9.994E-05 9.994E-05 9.994E-05 9.994E-05 9.994E-05 0.9993 9.994E-05
0.0339601 0.0593407 0.0689625 0.271045 0.145207 9.9991E-05 0.282724 0.13866
0.0752145 9.9973E-05 9.9973E-05 0.0588587 0.418352 0.442983 0.00429196 9.9973E-05
9.9973E-05 0.38132 0.20266 0.252642 0.10495 0.0581283 9.9973E-05 9.9973E-05
9.9991E-05 0.34564 0.0253927 0.0489955 0.227309 0.106328 0.232642 0.013593
0.9993 9.994E-05 9.994E-05 9.994E-05 9.994E-05 9.994E-05 9.994E-05 9.994E-05
0.00393032 0.439577 0.0455268 0.175959 0.033254 0.0804566 0.133631 0.0876659
0.09507 9.9982E-05 0.092834 9.9982E-05 0.339563 0.089992 0.376071 0.00627036
9.9982E-05 0.474545 9.9982E-05 0.185563 0.138101 0.166084 0.0106699 0.0248364
9.9973E-05 9.9973E-05 0.0500881 0.304045 0.199563 0.398777 0.0472268 9.9973E-05
