0.123749 0.086183 0.78271 9.99642E-05 9.99642E-05 9.99642E-05 0.00695797 9.99642E-05
0.220478 0.292103 9.99641E-05 0.245672 0.241347 9.99641E-05 9.99641E-05 9.99641E-05
9.99731E-05 9.99731E-05 0.0766189 0.264421 0.324005 0.0958335 0.238822 9.99731E-05
9.99553E-05 9.99553E-05 0.859228 9.99553E-05 9.99553E-05 0.0483627 0.0919095 9.99553E-05
9.99731E-05 0.138659 0.295019 0.088375 0.099742 9.99731E-05 9.99731E-05 0.377904
9.99462E-05 9.99462E-05 0.869171 9.99462E-05 9.99462E-05 0.13023 9.99462E-05 9.99462E-05
0.00670473 0.39838 0.19297 0.178684 0.170436 9.99821E-05 9.99821E-05 0.0526253
9.99821E-05 0.072664 0.555865 0.00249504 0.305987 0.0298767 9.99821E-05 0.0329122
0.389771 9.99554E-05 0.380322 9.99554E-05 9.99554E-05 9.99554E-05 0.229407 9.99554E-05
0.117134 0.105005 0.0507423 0.152936 0.0256226 0.216685 0.331776 9.9991E-05
9.9973E-05 0.219922 0.0933519 0.201597 9.9973E-05 0.414089 0.0707395 9.9973E-05
9.99553E-05 0.462275 0.241961 9.99553E-05 9.99553E-05 9.99553E-05 9.99553E-05 0.295264
0.30037 0.0950975 0.469131 9.99642E-05 9.99642E-05 9.99642E-05 9.99642E-05 0.135002
9.99641E-05 9.99641E-05 0.137272 0.0663395 9.99641E-05 9.99641E-05 0.0130723 0.782916
0.327167 0.102034 0.316681 9.99732E-05 0.0549542 9.99732E-05 0.198863 9.99732E-05
9.99554E-05 0.118774 0.749255 0.131471 9.99554E-05 9.99554E-05 9.99554E-05 9.99554E-05
0.287796 0.0888165 0.27797 0.0437888 9.99821E-05 0.194233 9.99821E-05 0.107196
9.999E-05 0.0924436 0.181353 0.0338569 0.0606961 0.0639375 0.516176 0.0514367
0.43643 0.153837 0.391918 9.99641E-05 0.0174154 9.99641E-05 9.99641E-05 9.99641E-05
9.99552E-05 9.99552E-05 0.432527 9.99552E-05 9.99552E-05 9.99552E-05 0.309476 0.257497
0.0444443 9.99731E-05 9.99731E-05 0.0237902 9.99731E-05 0.393994 0.358483 0.178988
0.590968 0.192371 0.0383852 9.9964E-05 0.177876 9.9964E-05 9.9964E-05 9.9964E-05
9.99731E-05 9.99731E-05 0.480199 0.000328745 9.99731E-05 0.295161 0.175271 0.0487403
0.099888 0.0396203 0.344313 0.515779 9.99642E-05 9.99642E-05 9.99642E-05 9.99642E-05
9.99641E-05 0.0395108 9.99641E-05 0.328437 9.99641E-05 0.557136 0.0745169 9.99641E-05
0.0597774 0.115658 0.588979 0.0684785 0.0797354 9.99821E-05 0.0871718 9.99821E-05
0.17885 0.421974 9.9982E-05 0.187363 0.0963347 0.00812164 0.107157 9.9982E-05
0.737082 9.99553E-05 0.148474 9.99553E-05 0.113944 9.99553E-05 9.99553E-05 9.99553E-05
0.0582704 9.99641E-05 9.99641E-05 9.99641E-05 0.559806 0.210321 9.99641E-05 0.171203
9.99553E-05 0.0108748 0.140641 0.847985 9.99553E-05 9.99553E-05 9.99553E-05 9.99553E-05
0.313244 0.30542 0.0321653 9.99731E-05 9.99731E-05 0.131814 0.217057 9.99731E-05
9.99641E-05 0.14112 9.99641E-05 9.99641E-05 0.301351 9.99641E-05 0.0693876 0.487742
0.683203 9.99552E-05 9.99552E-05 9.99552E-05 9.99552E-05 9.99552E-05 0.194941 0.121357
0.0281169 0.0180641 0.341915 9.99731E-05 0.368313 9.99731E-05 9.99731E-05 0.243291
9.99551E-05 0.144119 0.783659 0.0717221 9.99551E-05 9.99551E-05 9.99551E-05 9.99551E-05
0.0192854 0.0579919 0.523915 9.99642E-05 9.99642E-05 9.99642E-05 9.99642E-05 0.398408
0.31037 0.168032 9.99553E-05 9.99553E-05 0.521099 9.99553E-05 9.99553E-05 9.99553E-05
0.635053 9.99642E-05 9.99642E-05 0.0484707 0.126984 0.189092 9.99642E-05 9.99642E-05
0.0404823 0.209463 0.306944 0.111691 0.185029 0.120213 9.9991E-05 0.0260771
9.9982E-05 0.121226 0.323059 0.000564395 0.211639 0.329344 9.9982E-05 0.0139674
0.113755 0.286028 9.99731E-05 0.379883 9.99731E-05 0.0437846 0.176249 9.99731E-05
9.99642E-05 0.331448 9.99642E-05 0.126567 9.99642E-05 0.188528 0.353057 9.99642E-05
0.0589397 0.0790699 0.312842 0.0199111 0.104206 0.118672 9.9991E-05 0.306259
9.99642E-05 0.239571 0.654879 9.99642E-05 9.99642E-05 0.0617763 0.0433731 9.99642E-05
9.99731E-05 0.200858 9.99731E-05 0.0474146 0.454552 0.0374447 9.99731E-05 0.259431
9.99731E-05 0.0123739 0.454228 9.99731E-05 0.218837 9.99731E-05 0.268546 0.0457143
9.99461E-05 9.99461E-05 0.30898 9.99461E-05 9.99461E-05 9.99461E-05 0.690421 9.99461E-05
0.0329109 0.272155 0.232296 9.9982E-05 9.9982E-05 0.0767596 0.302645 0.0830327
9.99551E-05 9.99551E-05 9.99551E-05 9.99551E-05 0.465074 9.99551E-05 0.534326 9.99551E-05
9.99551E-05 0.0677257 0.702775 9.99551E-05 0.228999 9.99551E-05 9.99551E-05 9.99551E-05
9.994E-05 9.994E-05 0.9993 9.994E-05 9.994E-05 9.994E-05 9.994E-05 9.994E-05
0.197968 0.0379228 9.99731E-05 9.99731E-05 9.99731E-05 0.355941 0.0355924 0.372276
0.101002 0.110825 0.605052 0.170398 9.99731E-05 9.99731E-05 0.0124235 9.99731E-05
9.99642E-05 9.99642E-05 0.442627 0.109734 0.337806 0.109434 9.99642E-05 9.99642E-05
0.0493848 0.0152054 9.99642E-05 9.99642E-05 9.99642E-05 9.99642E-05 0.0986106 0.836399
0.38281 0.377172 9.99553E-05 9.99553E-05 0.239518 9.99553E-05 9.99553E-05 9.99553E-05
9.99731E-05 0.0318256 0.210406 0.24282 9.99731E-05 0.215317 9.99731E-05 0.299331
0.207087 0.125646 9.99553E-05 9.99553E-05 9.99553E-05 9.99553E-05 9.99553E-05 0.666767
9.9982E-05 0.275717 0.0874216 9.9982E-05 0.0532358 0.0416141 0.182236 0.359575
9.99731E-05 0.162206 0.606015 9.99731E-05 9.99731E-05 0.18398 0.0252622 0.0222373
0.0381716 0.0282565 0.75117 9.99643E-05 9.99643E-05 0.182002 9.99643E-05 9.99643E-05
9.99641E-05 0.364871 0.192137 0.0770954 9.99641E-05 9.99641E-05 0.365497 9.99641E-05
0.508024 0.34018 0.151296 9.99551E-05 9.99551E-05 9.99551E-05 9.99551E-05 9.99551E-05
9.9982E-05 0.00560368 0.0182764 0.621396 0.217277 9.9982E-05 0.0755595 0.0616872
0.0124556 9.99642E-05 0.331993 9.99642E-05 0.413439 9.99642E-05 0.241713 9.99642E-05
9.99641E-05 0.272478 9.99641E-05 0.164005 0.139763 9.99641E-05 0.423354 9.99641E-05
9.9964E-05 9.9964E-05 0.533551 9.9964E-05 9.9964E-05 0.100001 0.151435 0.214614
0.0803262 0.401211 0.492914 9.99642E-05 0.0251493 9.99642E-05 9.99642E-05 9.99642E-05
0.0546315 0.210844 0.212347 9.99731E-05 0.495042 0.0268359 9.99731E-05 9.99731E-05
0.0962114 0.135042 9.99821E-05 0.159387 0.560611 0.0287708 0.0197783 9.99821E-05
0.0389005 0.110851 0.317686 9.9982E-05 9.9982E-05 0.107289 0.215414 0.20966
9.99641E-05 0.697585 0.022199 0.195762 9.99641E-05 9.99641E-05 0.0840544 9.99641E-05
9.99554E-05 0.0894682 9.99554E-05 9.99554E-05 0.214767 9.99554E-05 9.99554E-05 0.695265
9.99641E-05 0.442872 0.00822802 0.0610318 0.487468 9.99641E-05 9.99641E-05 9.99641E-05
9.99644E-05 9.99644E-05 0.774838 9.99644E-05 0.0725481 0.0169134 9.99644E-05 0.1353
9.99731E-05 0.277966 0.22812 9.99731E-05 0.0481956 9.99731E-05 0.0149558 0.430463
0.0719688 0.0346677 0.382136 0.0410077 9.99822E-05 0.0319312 0.438088 9.99822E-05
0.155982 0.332396 0.0102873 0.05629 9.9991E-05 0.311964 0.0624549 0.0705262
9.99821E-05 0.0887986 0.357127 0.0419478 0.0727031 0.329849 0.109374 9.99821E-05
9.99641E-05 0.140847 0.191394 9.99641E-05 9.99641E-05 0.0883896 9.99641E-05 0.578969
9.99642E-05 0.317511 0.224363 9.99642E-05 0.394392 9.99642E-05 9.99642E-05 0.0633338
0.0612865 9.99911E-05 0.305549 0.0314088 0.0490287 0.219264 0.0960424 0.237321
0.14315 9.99642E-05 9.99642E-05 9.99642E-05 0.136397 9.99642E-05 0.375764 0.344289
0.0833048 9.9973E-05 9.9973E-05 0.196177 0.367775 9.9973E-05 0.230606 0.121837
9.9982E-05 0.246844 0.054909 0.0929402 0.0791493 9.9982E-05 0.230586 0.295372
0.0405659 0.274982 0.534313 9.9964E-05 9.9964E-05 9.9964E-05 0.149739 9.9964E-05
0.398273 0.114669 9.99642E-05 9.99642E-05 9.99642E-05 0.0184431 9.99642E-05 0.468215
9.99641E-05 9.99641E-05 0.282255 0.527543 9.99641E-05 0.0187171 9.99641E-05 0.171085
0.121687 9.99731E-05 0.067995 9.99731E-05 0.340886 0.123253 0.345879 9.99731E-05
0.496187 9.99551E-05 0.0549758 9.99551E-05 0.448338 9.99551E-05 9.99551E-05 9.99551E-05
9.99553E-05 9.99553E-05 9.99553E-05 0.82758 0.150337 0.0215834 9.99553E-05 9.99553E-05
9.99732E-05 0.0678675 0.0490747 9.99732E-05 9.99732E-05 0.0337436 0.133904 0.715111
9.99552E-05 0.167763 9.99552E-05 9.99552E-05 9.99552E-05 9.99552E-05 0.536385 0.295352
0.144223 9.99731E-05 0.332799 9.99731E-05 9.99731E-05 0.350129 0.0196425 0.152907
0.217872 0.410232 9.9982E-05 0.0138624 0.0330144 9.9982E-05 0.10185 0.22297
9.99642E-05 9.99642E-05 0.533449 9.99642E-05 9.99642E-05 0.0152517 0.112713 0.338186
0.267909 9.99641E-05 0.324893 0.120358 9.99641E-05 9.99641E-05 0.28644 9.99641E-05
0.0442082 0.0686516 0.369048 9.9973E-05 0.0239425 9.9973E-05 0.493849 9.9973E-05
9.99641E-05 9.99641E-05 0.422185 0.361679 0.170539 9.99641E-05 9.99641E-05 0.0451969
0.277651 9.9973E-05 0.135948 0.259962 9.9973E-05 9.9973E-05 0.0983407 0.227799
0.716246 0.0886762 9.99731E-05 0.0943865 9.99731E-05 9.99731E-05 0.0241589 0.0762321
9.99463E-05 9.99463E-05 9.99463E-05 0.982618 9.99463E-05 0.0167821 9.99463E-05 9.99463E-05
0.971594 9.99552E-05 9.99552E-05 9.99552E-05 9.99552E-05 0.0277898 0.00011661 9.99552E-05
0.0577441 9.99463E-05 9.99463E-05 9.99463E-05 9.99463E-05 0.941656 9.99463E-05 9.99463E-05
0.0687488 9.99552E-05 0.715631 9.99552E-05 0.21512 9.99552E-05 9.99552E-05 9.99552E-05
9.99732E-05 0.26534 0.597664 0.0404171 9.99732E-05 0.0897337 9.99732E-05 0.00654504
9.99551E-05 9.99551E-05 9.99551E-05 9.99551E-05 0.122446 9.99551E-05 0.297182 0.579873
0.21024 9.99641E-05 0.360891 9.99641E-05 0.300287 0.128182 9.99641E-05 9.99641E-05
9.99641E-05 0.0158447 0.391011 9.99641E-05 0.44827 0.144475 9.99641E-05 9.99641E-05
0.0184367 0.0206522 9.99731E-05 0.107813 0.413383 0.439415 9.99731E-05 9.99731E-05
0.36381 0.00488156 9.99732E-05 0.413693 0.0881903 9.99732E-05 9.99732E-05 0.129126
9.99731E-05 0.124558 0.423315 0.0503641 0.228492 9.99731E-05 9.99731E-05 0.17297
9.99642E-05 9.99642E-05 0.0405136 0.406458 9.99642E-05 0.140563 9.99642E-05 0.412065
9.99551E-05 9.99551E-05 0.284318 9.99551E-05 0.366588 9.99551E-05 9.99551E-05 0.348595
9.99462E-05 9.99462E-05 9.99462E-05 0.975811 9.99462E-05 9.99462E-05 9.99462E-05 0.0235896
0.0148762 0.245383 0.202477 9.99821E-05 9.99821E-05 0.27721 0.109853 0.150002
9.99553E-05 0.367388 0.586986 9.99553E-05 9.99553E-05 9.99553E-05 0.0451266 9.99553E-05
0.466462 0.0981112 0.00175897 0.0643695 0.234203 9.9982E-05 9.9982E-05 0.134895
0.221881 0.187125 9.9982E-05 0.212469 0.33959 0.0246402 9.9982E-05 0.0140948
0.0217484 9.9982E-05 0.237079 9.9982E-05 0.15122 0.11957 0.278091 0.192091
0.153346 0.00437288 0.522084 0.291524 9.99731E-05 9.99731E-05 0.0283731 9.99731E-05
9.99641E-05 9.99641E-05 0.155874 0.0326704 9.99641E-05 0.128741 9.99641E-05 0.682315
9.99642E-05 9.99642E-05 0.626089 9.99642E-05 0.35123 0.0101563 9.99642E-05 0.0121244
9.99642E-05 9.99642E-05 0.0445188 9.99642E-05 0.170986 9.99642E-05 0.332036 0.452059
0.00212295 0.0916316 0.592297 0.120754 9.99821E-05 0.101994 0.0910009 9.99821E-05
0.151897 0.18911 0.571069 9.99641E-05 9.99641E-05 0.0875244 9.99641E-05 9.99641E-05
9.99731E-05 0.197348 9.99731E-05 0.170308 0.15341 9.99731E-05 0.138742 0.339892
9.99731E-05 0.255156 0.354552 9.99731E-05 0.215097 0.142235 9.99731E-05 0.0326595
9.99642E-05 9.99642E-05 9.99642E-05 0.213326 0.159848 0.4114 9.99642E-05 0.215025
0.00781689 0.0149004 0.501063 0.0249041 0.187486 0.0966901 0.0940672 0.0730728
0.110133 0.101359 0.348065 9.99642E-05 9.99642E-05 9.99642E-05 0.440043 9.99642E-05
9.9964E-05 0.0547024 0.573369 9.9964E-05 9.9964E-05 0.12802 9.9964E-05 0.243509
0.196617 0.206004 0.146237 9.998E-05 0.144387 0.237499 0.0690566 9.998E-05
0.370089 0.062889 0.174663 9.9973E-05 0.177341 0.214719 9.9973E-05 9.9973E-05
0.0842794 0.182914 0.0410348 9.99731E-05 9.99731E-05 0.13477 0.556702 9.99731E-05
9.99731E-05 9.99731E-05 0.262464 9.99731E-05 0.482128 0.0544956 0.186602 0.0140094
9.99462E-05 9.99462E-05 9.99462E-05 9.99462E-05 0.871063 0.128337 9.99462E-05 9.99462E-05
9.99463E-05 9.99463E-05 9.99463E-05 9.99463E-05 0.835528 9.99463E-05 0.163872 9.99463E-05
0.030696 0.311441 9.9991E-05 0.0745669 0.145892 0.203161 0.195515 0.0386289
9.99552E-05 9.99552E-05 0.596887 9.99552E-05 0.374438 9.99552E-05 0.0281749 9.99552E-05
0.0863044 0.119012 0.195072 0.0880104 0.284141 0.133955 0.0784142 0.0150921
0.344006 9.99643E-05 0.473113 9.99643E-05 9.99643E-05 0.117463 9.99643E-05 0.0650188
0.425868 0.099823 0.324138 9.99731E-05 9.99731E-05 9.99731E-05 0.0913924 0.058478
0.768131 9.99464E-05 9.99464E-05 9.99464E-05 9.99464E-05 0.231269 9.99464E-05 9.99464E-05
9.99641E-05 0.182855 0.23958 0.496706 9.99641E-05 0.080459 9.99641E-05 9.99641E-05
0.0877554 9.99731E-05 0.443879 9.99731E-05 0.290927 0.00907954 9.99731E-05 0.16806
9.99461E-05 0.966641 9.99461E-05 9.99461E-05 9.99461E-05 9.99461E-05 9.99461E-05 0.0327597
0.0442793 9.99821E-05 0.556302 0.099993 0.023281 0.108668 9.99821E-05 0.167277
9.99641E-05 9.99641E-05 0.0683754 0.156264 9.99641E-05 0.137415 9.99641E-05 0.637547
0.236615 0.526002 9.99642E-05 9.99642E-05 9.99642E-05 0.0852237 9.99642E-05 0.15176
0.319303 0.275971 0.0262598 0.027786 0.303287 0.0471926 9.99821E-05 9.99821E-05
0.117151 0.477833 0.39307 9.99732E-05 9.99732E-05 9.99732E-05 0.0084362 0.00321015
0.0675802 0.150032 0.153043 9.9973E-05 0.616608 9.9973E-05 9.9973E-05 0.0124374
0.412913 0.0675832 0.287537 0.0608045 9.99731E-05 9.99731E-05 9.99731E-05 0.170862
9.99552E-05 9.99552E-05 9.99552E-05 0.270257 9.99552E-05 9.99552E-05 0.56685 0.162394
9.99821E-05 0.00812925 0.322875 9.99821E-05 0.232512 0.120842 0.157267 0.158175
9.99463E-05 9.99463E-05 9.99463E-05 9.99463E-05 9.99463E-05 0.35008 9.99463E-05 0.64932
9.99731E-05 0.321657 9.99731E-05 0.0580506 0.139573 0.252244 0.228176 9.99731E-05
9.99643E-05 9.99643E-05 0.641836 9.99643E-05 0.320969 0.00884861 0.0279465 9.99643E-05
0.116855 9.9982E-05 0.148236 0.204921 0.318974 0.0298305 0.180982 9.9982E-05
9.994E-05 0.9993 9.994E-05 9.994E-05 9.994E-05 9.994E-05 9.994E-05 9.994E-05
9.99642E-05 0.385749 0.373921 9.99642E-05 0.230482 9.99642E-05 0.00944774 9.99642E-05
9.9991E-05 0.030566 0.439065 0.0535962 0.127283 0.010154 0.0174468 0.321789
9.99552E-05 0.346454 9.99552E-05 9.99552E-05 9.99552E-05 9.99552E-05 0.39353 0.259517
9.99553E-05 0.606262 9.99553E-05 9.99553E-05 9.99553E-05 0.0260222 0.367216 9.99553E-05
0.102796 0.020213 0.876491 9.99552E-05 9.99552E-05 9.99552E-05 9.99552E-05 9.99552E-05
0.150464 0.109636 0.358767 9.99821E-05 0.270139 0.0367614 0.074033 9.99821E-05
9.99464E-05 9.99464E-05 9.99464E-05 9.99464E-05 0.960909 0.0384918 9.99464E-05 9.99464E-05
9.99465E-05 9.99465E-05 9.99465E-05 9.99465E-05 0.0739251 9.99465E-05 9.99465E-05 0.925475
0.0699689 0.226615 0.431439 9.9973E-05 9.9973E-05 0.0209359 9.9973E-05 0.250742
9.99642E-05 9.99642E-05 0.432761 0.0180097 0.473898 0.0749308 9.99642E-05 9.99642E-05
9.99641E-05 9.99641E-05 0.270135 9.99641E-05 0.36169 9.99641E-05 0.107115 0.26066
0.17021 9.99731E-05 0.278394 9.99731E-05 9.99731E-05 0.10747 0.184897 0.258728
9.99731E-05 0.126464 0.499472 0.113364 9.99731E-05 0.0690558 0.191344 9.99731E-05
0.0850924 9.99553E-05 0.867438 9.99553E-05 0.0469698 9.99553E-05 9.99553E-05 9.99553E-05
9.99732E-05 0.0374338 0.281501 9.99732E-05 0.45558 9.99732E-05 0.135232 0.0899529
0.180723 0.015345 0.113296 0.0910366 0.138817 9.9991E-05 0.0603149 0.400368
9.99462E-05 9.99462E-05 9.99462E-05 9.99462E-05 9.99462E-05 0.979582 9.99462E-05 0.0198183
0.183488 0.0340305 0.310878 0.0735544 9.99821E-05 0.1693 0.228549 9.99821E-05
0.346554 0.124537 9.99731E-05 0.107798 9.99731E-05 0.0279339 0.392878 9.99731E-05
9.99552E-05 0.371321 9.99552E-05 9.99552E-05 9.99552E-05 9.99552E-05 0.454104 0.174075
0.0601431 0.138462 0.033727 0.0745912 0.119715 0.00897518 0.564287 9.9991E-05
9.99641E-05 0.0701403 0.536707 9.99641E-05 9.99641E-05 0.0250579 0.367695 9.99641E-05
9.99643E-05 0.118689 0.566179 9.99643E-05 0.218036 9.99643E-05 9.99643E-05 0.0966958
9.994E-05 9.994E-05 9.994E-05 9.994E-05 9.994E-05 0.9993 9.994E-05 9.994E-05
0.0981577 0.347876 0.447411 9.99644E-05 9.99644E-05 9.99644E-05 9.99644E-05 0.106155
0.082913 0.0586292 0.547121 9.99731E-05 9.99731E-05 0.048641 9.99731E-05 0.262396
0.24249 9.99642E-05 0.500005 0.135289 9.99642E-05 0.121816 9.99642E-05 9.99642E-05
9.9964E-05 9.9964E-05 0.361326 0.0349397 9.9964E-05 9.9964E-05 0.261608 0.341727
