9.99731E-05 0.132014 0.0803699 0.68338 9.99731E-05 0.103937 9.99731E-05
9.999E-05 0.495779 0.115504 0.00813902 0.276221 0.0686393 0.0356179
0.31303 9.99821E-05 0.179764 0.354864 0.103167 0.0489757 9.99821E-05
0.0923009 9.9991E-05 0.284231 0.233347 0.172227 0.106998 0.110797
9.9982E-05 0.187125 0.133901 0.283691 9.9982E-05 0.066032 0.329051
0.41476 9.9973E-05 0.146682 0.307346 9.9973E-05 9.9973E-05 0.130911
9.999E-05 0.251605 0.137812 0.0311427 0.0422505 0.0652896 0.471801
9.99552E-05 9.99552E-05 9.99552E-05 0.413378 9.99552E-05 9.99552E-05 0.586122
9.99642E-05 0.293171 0.0366447 9.99642E-05 0.669785 9.99642E-05 9.99642E-05
0.641846 9.99821E-05 0.0203009 0.129272 9.99821E-05 0.147399 0.0609821
0.436172 9.9982E-05 0.105899 0.289412 0.152917 9.9982E-05 0.0153993
9.99731E-05 9.99731E-05 0.0320739 9.99731E-05 0.363793 0.214046 0.389787
9.99731E-05 9.99731E-05 0.184874 9.99731E-05 0.386515 0.0510447 0.377266
9.99731E-05 9.99731E-05 0.184353 0.0984438 9.99731E-05 0.415324 0.301579
0.0741891 0.141108 9.99821E-05 0.337146 0.340061 9.99821E-05 0.107297
9.99821E-05 9.99821E-05 0.250846 0.411388 0.139132 0.0557579 0.142676
0.0238733 0.207511 0.0379379 0.246879 0.450592 0.0331066 9.9991E-05
0.176307 0.0967556 9.99731E-05 0.434762 9.99731E-05 0.291875 9.99731E-05
9.99731E-05 0.392749 9.99731E-05 0.225498 0.310487 9.99731E-05 0.0709656
0.140289 9.99821E-05 0.0960468 0.412702 9.99821E-05 0.0798202 0.270942
0.791532 9.99642E-05 0.00579927 9.99642E-05 9.99642E-05 0.202269 9.99642E-05
9.99731E-05 0.232363 0.127627 9.99731E-05 0.410035 9.99731E-05 0.229675
0.123681 9.9982E-05 0.337636 9.9982E-05 0.100465 0.148645 0.289374
0.0436245 0.3393 0.616676 9.99641E-05 9.99641E-05 9.99641E-05 9.99641E-05
0.424495 9.99821E-05 0.337871 0.0945804 0.0361126 0.106741 9.99821E-05
9.9982E-05 0.0289379 0.262317 0.53599 0.00164191 0.170913 9.9982E-05
0.0174789 0.236039 0.0494811 0.0558657 0.36126 0.279776 9.9991E-05
9.99553E-05 0.731534 9.99553E-05 0.267967 9.99553E-05 9.99553E-05 9.99553E-05
9.99641E-05 9.99641E-05 9.99641E-05 0.429204 0.168727 9.99641E-05 0.401669
9.99553E-05 9.99553E-05 0.72389 9.99553E-05 0.27561 9.99553E-05 9.99553E-05
0.142515 0.660681 9.99731E-05 0.134102 9.99731E-05 0.0624024 9.99731E-05
9.99731E-05 9.99731E-05 0.12904 9.99731E-05 0.0132913 0.0503376 0.807031
0.428763 0.19158 0.0569386 9.99821E-05 0.0442021 9.99821E-05 0.278316
9.99641E-05 9.99641E-05 9.99641E-05 0.303475 0.300672 9.99641E-05 0.395453
9.99641E-05 9.99641E-05 0.313426 0.553217 9.99641E-05 0.132957 9.99641E-05
0.130185 0.079942 0.113823 0.357844 9.9991E-05 0.243757 0.0743488
0.000561803 0.458665 9.99821E-05 0.197029 9.99821E-05 0.0737183 0.269826
0.356176 0.19736 0.343666 0.0241552 9.99821E-05 9.99821E-05 0.0784436
9.999E-05 0.23919 0.149756 0.303318 0.00720855 0.193573 0.106854
0.00129446 9.99821E-05 0.273433 0.488577 0.075589 9.99821E-05 0.160907
9.99642E-05 0.298003 0.208925 9.99642E-05 0.492672 9.99642E-05 9.99642E-05
0.378117 0.0385161 0.0262935 9.99911E-05 0.465281 0.00400753 0.0876853
0.103073 0.0108958 9.9982E-05 9.9982E-05 0.0271638 0.228682 0.629985
0.105439 9.99821E-05 0.0638317 0.517801 0.1207 0.192029 9.99821E-05
9.99821E-05 9.99821E-05 0.115889 0.187654 0.0808979 0.0787252 0.536634
9.99821E-05 9.99821E-05 0.100188 0.354409 0.163442 0.172451 0.20931
0.225856 9.99821E-05 0.0489653 0.212236 0.423449 0.089294 9.99821E-05
0.187434 9.9973E-05 9.9973E-05 9.9973E-05 0.405688 0.12735 0.279229
0.0306822 9.99822E-05 9.99822E-05 0.378272 0.504419 0.0385851 0.047842
9.99551E-05 9.99551E-05 9.99551E-05 0.737513 9.99551E-05 0.261987 9.99551E-05
9.9964E-05 9.9964E-05 0.209196 0.768753 0.0216504 9.9964E-05 9.9964E-05
0.388814 0.204732 0.0603932 9.99821E-05 9.99821E-05 0.0574558 0.288406
0.00619808 0.178774 0.152044 0.273412 0.389372 9.9982E-05 9.9982E-05
9.99642E-05 9.99642E-05 0.166393 0.759357 9.99642E-05 9.99642E-05 0.0738496
9.99821E-05 0.332316 0.0840795 9.99821E-05 0.091841 0.00929749 0.482266
9.99732E-05 0.436758 9.99732E-05 0.226915 0.251518 0.0845098 9.99732E-05
9.9982E-05 0.357625 0.16856 0.176688 0.283351 9.9982E-05 0.0135767
9.99643E-05 0.19931 9.99643E-05 9.99643E-05 9.99643E-05 0.0701936 0.730097
0.0592776 0.205445 9.9991E-05 0.145622 0.041579 0.207502 0.340475
0.11556 9.9982E-05 0.10334 0.407063 9.9982E-05 0.261098 0.112739
9.99732E-05 0.102893 0.117777 0.751734 0.0272956 9.99732E-05 9.99732E-05
0.104094 0.067026 0.134781 9.9982E-05 0.23353 0.460369 9.9982E-05
9.9973E-05 0.151621 9.9973E-05 9.9973E-05 0.688351 0.015741 0.143987
9.99642E-05 9.99642E-05 0.557372 0.346613 9.99642E-05 0.0956156 9.99642E-05
0.161127 0.125292 9.99732E-05 0.334089 9.99732E-05 9.99732E-05 0.379192
9.99821E-05 0.0627152 0.108489 0.0461072 0.704529 0.0779596 9.99821E-05
0.276452 0.0191685 0.116757 0.514663 9.99821E-05 0.0727592 9.99821E-05
9.99821E-05 9.99821E-05 0.0311729 0.283195 0.31633 0.261415 0.107687
9.99821E-05 0.104934 9.99821E-05 0.653668 0.167356 0.0550358 0.0188062
0.165738 0.352815 0.0401255 0.316886 0.124236 9.99821E-05 9.99821E-05
0.373627 9.9982E-05 9.9982E-05 0.0798743 0.0673863 0.163061 0.315851
9.9982E-05 0.00108026 0.00381509 9.9982E-05 0.779533 0.184126 0.0312457
9.99643E-05 0.115795 9.99643E-05 9.99643E-05 9.99643E-05 0.15454 0.729265
9.99731E-05 0.00830768 9.99731E-05 0.634947 0.190698 0.165748 9.99731E-05
9.99732E-05 0.0232738 0.103705 0.36027 9.99732E-05 9.99732E-05 0.512451
9.99821E-05 0.159128 9.99821E-05 0.00124836 0.304954 0.139936 0.394533
9.99733E-05 9.99733E-05 0.0726101 0.128857 0.782646 0.0155874 9.99733E-05
0.195378 0.602357 9.9982E-05 9.9982E-05 0.0734849 0.104503 0.0240768
0.0220209 0.199941 0.106592 0.471331 0.199916 9.99821E-05 9.99821E-05
9.99821E-05 0.162577 0.011037 0.151473 9.99821E-05 0.0308564 0.643857
9.99642E-05 9.99642E-05 9.99642E-05 0.588563 9.99642E-05 0.172927 0.23811
0.285229 9.99821E-05 0.0229054 0.127137 0.336634 9.99821E-05 0.227895
0.251316 0.412689 9.99821E-05 0.111989 0.191247 9.99821E-05 0.0325597
0.122595 9.99821E-05 0.120251 0.0608496 0.521802 9.99821E-05 0.174302
0.0287655 0.045554 0.353048 9.99911E-05 0.0150704 0.233851 0.323611
0.015353 0.200371 0.0189252 0.237775 0.299996 0.22748 9.9991E-05
9.99821E-05 0.447763 0.111409 9.99821E-05 0.144574 0.183579 0.112474
9.99821E-05 0.00136594 0.547848 9.99821E-05 0.1836 0.0313604 0.235625
0.299861 9.99732E-05 0.112835 0.521484 0.0655199 9.99732E-05 9.99732E-05
0.154818 9.99641E-05 9.99641E-05 9.99641E-05 0.639004 9.99641E-05 0.205779
9.99643E-05 9.99643E-05 0.809261 0.145409 0.0449297 9.99643E-05 9.99643E-05
0.211091 0.0217579 0.194862 0.0385238 9.99911E-05 0.233842 0.299824
0.135495 9.99821E-05 0.0415936 9.99821E-05 0.449966 0.0548642 0.317881
0.430401 0.137602 0.127243 0.0108771 0.192138 0.000210412 0.101528
9.9982E-05 0.169614 0.126233 9.9982E-05 0.503264 0.104699 0.0959903
0.0365668 0.0351727 0.103207 0.162339 0.0953029 0.145987 0.421425
0.258854 0.30411 0.329582 0.0190924 0.0369537 0.0480608 0.00334785
0.304787 0.00451137 9.9991E-05 0.0067096 0.553218 0.106026 0.0246484
9.9982E-05 0.0261042 0.534815 0.250726 9.9982E-05 0.0248774 0.163277
0.0298058 0.293344 0.488515 9.9982E-05 9.9982E-05 0.0933542 0.0947811
0.178863 0.780701 0.0400364 9.99642E-05 9.99642E-05 9.99642E-05 9.99642E-05
0.0718524 0.11551 0.737899 9.99731E-05 9.99731E-05 0.0744378 9.99731E-05
0.259233 0.663939 0.0450047 9.99731E-05 9.99731E-05 9.99731E-05 0.0315235
0.9994 9.995E-05 9.995E-05 9.995E-05 9.995E-05 9.995E-05 9.995E-05
0.0126561 9.9982E-05 0.000176342 0.430075 9.9982E-05 0.0455363 0.511356
0.0895219 9.99821E-05 0.230408 0.0303704 0.0811054 9.99821E-05 0.568395
9.99731E-05 0.175215 9.99731E-05 0.0433354 0.00274595 9.99731E-05 0.778403
0.113843 0.352205 9.99642E-05 0.533552 9.99642E-05 9.99642E-05 9.99642E-05
0.0879207 9.99732E-05 9.99732E-05 0.650515 0.068527 9.99732E-05 0.192737
0.345822 9.99821E-05 0.159622 0.347315 0.00973785 9.99821E-05 0.137303
9.99732E-05 0.403562 0.323775 9.99732E-05 0.067753 9.99732E-05 0.20461
9.99821E-05 9.99821E-05 0.0761764 0.454297 0.0306737 0.0732764 0.365376
9.99553E-05 9.99553E-05 0.759332 0.240168 9.99553E-05 9.99553E-05 9.99553E-05
0.222813 9.99732E-05 0.0270453 0.186393 9.99732E-05 9.99732E-05 0.563449
9.995E-05 9.995E-05 0.9994 9.995E-05 9.995E-05 9.995E-05 9.995E-05
0.33384 0.208302 9.99821E-05 0.0186352 0.357639 9.99821E-05 0.0813841
9.99821E-05 9.99821E-05 0.0764501 0.266037 0.550256 0.0436876 0.0633693
0.0196965 0.0615346 9.99911E-05 0.0787708 0.146504 0.0688134 0.624581
9.99731E-05 9.99731E-05 9.99731E-05 0.531466 0.209446 0.0130438 0.245744
0.0116671 0.267642 0.216442 0.224157 9.9991E-05 0.00105732 0.278934
0.0387801 9.99821E-05 0.390712 9.99821E-05 0.36944 0.196538 0.00433068
0.0621053 0.170584 0.393034 0.0668513 9.99821E-05 9.99821E-05 0.307225
0.0589309 9.99731E-05 0.0629142 0.385405 9.99731E-05 9.99731E-05 0.49245
0.24384 0.0443033 0.093264 9.99821E-05 9.99821E-05 0.0435242 0.574869
0.17623 9.99731E-05 0.280502 9.99731E-05 0.511116 9.99731E-05 0.0318522
0.330851 0.115863 9.9982E-05 0.0795339 0.0147913 9.9982E-05 0.458761
9.99732E-05 9.99732E-05 0.126502 0.0343616 0.717561 0.121275 9.99732E-05
9.99731E-05 0.169075 9.99731E-05 0.542345 0.103466 0.184815 9.99731E-05
0.279875 0.00628953 0.453023 0.242562 9.99822E-05 0.01805 9.99822E-05
0.139865 9.99821E-05 0.289248 0.23089 9.99821E-05 0.10587 0.233928
0.208501 0.13085 9.99732E-05 9.99732E-05 0.544179 0.116171 9.99732E-05
0.185504 0.105899 0.0902735 0.205204 9.9991E-05 0.02668 0.38634
0.259752 9.99731E-05 9.99731E-05 0.173106 0.337966 9.99731E-05 0.228876
0.277099 0.165802 9.9982E-05 0.19253 9.9982E-05 0.151372 0.212998
0.394008 0.22668 9.99731E-05 9.99731E-05 0.127437 0.251576 9.99731E-05
0.32056 9.99732E-05 0.0491646 0.411424 9.99732E-05 9.99732E-05 0.218552
0.0491803 9.99643E-05 9.99643E-05 0.798591 9.99643E-05 9.99643E-05 0.151829
0.154264 9.99554E-05 9.99554E-05 0.845236 9.99554E-05 9.99554E-05 9.99554E-05
0.147949 0.359787 9.99821E-05 9.99821E-05 0.441998 0.0385942 0.0114718
9.99642E-05 9.99642E-05 0.0203547 0.968412 9.99642E-05 9.99642E-05 0.0108338
0.119181 0.348065 9.99822E-05 0.445016 0.0677295 9.99822E-05 0.0198084
0.213776 0.000148477 0.250535 9.9991E-05 0.116173 0.218226 0.201042
0.179979 0.159033 9.9991E-05 0.102512 0.270746 0.0957286 0.1919
0.572012 0.0752755 0.0121602 9.99732E-05 0.340252 9.99732E-05 9.99732E-05
0.0346859 9.99731E-05 0.796047 0.125712 9.99731E-05 0.0432552 9.99731E-05
9.9982E-05 0.0558838 0.193085 0.186541 0.0804996 9.9982E-05 0.483791
9.995E-05 9.995E-05 9.995E-05 9.995E-05 9.995E-05 0.9994 9.995E-05
0.0499218 9.99821E-05 0.277887 0.296352 9.99821E-05 0.0766023 0.299037
0.147198 9.99731E-05 0.333073 9.99731E-05 9.99731E-05 0.0514765 0.467952
0.120406 0.303722 0.0102524 0.13256 9.99911E-05 0.390778 0.0421811
0.0215597 0.245316 9.99821E-05 9.99821E-05 0.0906202 0.00459496 0.637709
9.99821E-05 0.00280599 9.99821E-05 0.0938547 0.710938 0.128191 0.0640099
0.0501443 0.0951985 9.99821E-05 0.54519 0.00295992 9.99821E-05 0.306307
0.0664049 0.404869 9.99731E-05 9.99731E-05 9.99731E-05 0.0970469 0.43138
9.99732E-05 0.348528 0.269277 9.99732E-05 9.99732E-05 0.163628 0.218268
0.355761 9.99821E-05 9.99821E-05 0.292761 0.140975 0.180094 0.0302088
0.247913 9.99642E-05 0.148079 9.99642E-05 9.99642E-05 9.99642E-05 0.603608
0.122066 9.99732E-05 9.99732E-05 0.466269 0.189323 0.222042 9.99732E-05
9.99553E-05 0.264344 9.99553E-05 0.735156 9.99553E-05 9.99553E-05 9.99553E-05
0.0917383 0.234293 0.274831 0.264242 0.134696 9.9982E-05 9.9982E-05
9.995E-05 9.995E-05 9.995E-05 9.995E-05 9.995E-05 0.9994 9.995E-05
9.99731E-05 9.99731E-05 9.99731E-05 0.399828 0.324773 0.221317 0.0537826
9.99642E-05 0.0180219 0.0264321 9.99642E-05 9.99642E-05 9.99642E-05 0.955146
9.99731E-05 0.452032 9.99731E-05 0.0399417 0.489332 0.0183937 9.99731E-05
9.99643E-05 9.99643E-05 9.99643E-05 9.99643E-05 0.625483 0.16848 0.205637
0.0364692 9.99731E-05 0.341304 9.99731E-05 0.150909 9.99731E-05 0.471018
0.113097 0.191388 9.99731E-05 0.613625 0.081589 9.99731E-05 9.99731E-05
9.99644E-05 9.99644E-05 9.99644E-05 0.35063 0.142007 9.99644E-05 0.506962
9.99643E-05 0.415829 9.99643E-05 9.99643E-05 9.99643E-05 0.055527 0.528244
0.107883 9.9991E-05 0.241462 0.0834011 0.00343525 0.106788 0.456931
0.0030454 9.99732E-05 0.0993646 0.829503 0.0677867 9.99732E-05 9.99732E-05
9.99642E-05 0.105524 9.99642E-05 0.419234 9.99642E-05 9.99642E-05 0.474842
0.263988 0.107426 9.99731E-05 9.99731E-05 0.122463 9.99731E-05 0.505823
0.0521574 0.0977511 0.30204 0.464133 9.99821E-05 0.0837193 9.99821E-05
9.99731E-05 0.00141113 0.0640677 0.695197 0.239024 9.99731E-05 9.99731E-05
9.99553E-05 9.99553E-05 9.99553E-05 0.497977 9.99553E-05 9.99553E-05 0.501523
0.0559239 9.99821E-05 0.303569 0.00752302 9.99821E-05 0.134241 0.498543
0.907106 9.99642E-05 9.99642E-05 0.0667628 9.99642E-05 9.99642E-05 0.0257311
0.126105 0.358276 0.0968094 0.327325 9.99821E-05 0.0912836 9.99821E-05
0.148273 0.324162 9.99642E-05 9.99642E-05 0.527165 9.99642E-05 9.99642E-05
0.0826415 9.99642E-05 9.99642E-05 9.99642E-05 0.319771 0.597187 9.99642E-05
0.17473 0.00978983 9.99821E-05 9.99821E-05 0.143369 0.312905 0.359006
0.120667 9.9991E-05 0.101897 0.371442 0.078581 0.216002 0.111311
9.99822E-05 9.99822E-05 0.0832045 0.284467 0.0149047 0.0543739 0.56285
0.870256 9.99551E-05 9.99551E-05 0.129245 9.99551E-05 9.99551E-05 9.99551E-05
9.99732E-05 9.99732E-05 9.99732E-05 0.206397 0.571574 0.100765 0.120963
0.183788 9.99731E-05 9.99731E-05 0.212681 9.99731E-05 0.114618 0.488613
9.99641E-05 0.493579 0.131746 0.374275 9.99641E-05 9.99641E-05 9.99641E-05
0.239878 0.177447 0.250977 0.0954254 9.9982E-05 9.9982E-05 0.236073
