0.0360714 0.524484 0.439344 9.9991E-05
0.100436 0.0740887 0.72737 0.0981054
0.0917079 0.477039 0.338788 0.0924654
0.0731961 0.281696 0.510062 0.135047
0.143811 0.519514 0.275546 0.0611281
0.174064 0.487868 0.337968 9.9991E-05
0.0662331 0.635394 0.231285 0.0670879
0.151527 0.309673 0.536349 0.00245219
0.507442 0.297819 0.155249 0.0394903
0.612946 0.171789 0.0330967 0.182169
0.627246 0.0419792 0.166379 0.164396
0.331497 0.340266 0.124985 0.203251
0.0822237 0.529555 0.325117 0.0631046
0.319078 0.325887 0.231686 0.123349
0.251057 0.387166 0.289592 0.0721846
0.104847 0.326225 0.395269 0.173659
0.263391 0.170889 0.330904 0.234816
0.180229 0.614672 0.0315183 0.173581
0.27205 0.415657 0.280931 0.031362
0.163087 0.306074 0.387894 0.142945
0.281588 0.357841 0.360471 9.9991E-05
0.240885 0.363401 0.299134 0.0965803
0.0311389 0.371372 0.455625 0.141864
0.00133771 0.323443 0.428435 0.246785
0.786205 0.213595 9.9982E-05 9.9982E-05
0.15886 0.256668 0.425386 0.159086
0.332062 0.327068 0.126679 0.21419
0.188107 0.267165 0.340458 0.204271
0.00997671 0.24142 0.450899 0.297704
0.0359486 9.9991E-05 0.209113 0.754838
0.420637 0.138525 0.355186 0.0856519
0.714971 0.0399643 9.9991E-05 0.244965
9.9991E-05 0.344298 0.458837 0.196764
0.17628 0.37004 0.289059 0.164621
0.403902 0.502834 0.0844241 0.00883984
0.0652915 0.934508 9.9982E-05 9.9982E-05
0.0929283 0.423163 0.483808 9.9991E-05
0.655588 0.13593 9.9991E-05 0.208382
0.293954 0.18179 0.300351 0.223906
0.296278 0.334571 0.356075 0.0130761
0.180093 0.0641851 0.617574 0.138149
0.0793878 0.171717 0.551793 0.197102
0.0663351 0.319609 0.577906 0.0361503
0.355624 0.204581 0.284863 0.154933
0.510707 0.158045 0.017754 0.313493
0.542428 0.309424 0.148049 9.9991E-05
9.9991E-05 0.510368 0.352378 0.137154
9.9991E-05 0.267266 0.540915 0.19172
0.275398 0.169137 0.37963 0.175835
0.163879 0.100283 0.560593 0.175246
0.475721 0.409722 0.114457 9.9991E-05
0.272632 0.300238 0.316247 0.110882
0.0655287 0.0255517 0.799543 0.109376
0.21794 0.347504 0.273772 0.160783
0.170708 9.9991E-05 0.574567 0.254625
0.181592 0.47468 0.253127 0.0906012
0.49752 9.9991E-05 0.470855 0.0315249
0.224694 0.179397 0.478846 0.117063
0.538736 9.9991E-05 0.384046 0.0771182
0.508843 0.44654 0.0445162 9.9991E-05
9.9982E-05 0.258543 0.741257 9.9982E-05
0.277411 0.443929 0.257829 0.0208307
0.00725488 0.490933 0.419311 0.0825007
9.9991E-05 0.0338268 0.0271025 0.938971
0.237445 0.294775 0.441708 0.0260719
9.9982E-05 0.633621 0.366179 9.9982E-05
0.155568 0.575086 0.269246 9.9991E-05
0.197287 0.345075 0.340005 0.117632
9.9991E-05 0.629003 0.299428 0.0714691
0.0806851 0.32541 0.41758 0.176325
0.685944 0.0209087 0.144251 0.148896
0.208115 0.447078 0.2295 0.115307
0.18782 0.373121 0.327309 0.111751
0.289898 0.014333 0.482193 0.213576
0.240655 0.186391 0.344779 0.228175
0.359779 9.9991E-05 0.42768 0.212441
0.0928465 0.492714 0.337932 0.0765074
0.111838 0.198739 0.689323 9.9991E-05
9.9982E-05 0.189559 0.810241 9.9982E-05
0.053361 0.306236 0.479539 0.160864
0.231661 0.255661 0.377942 0.134736
0.188582 0.525292 0.245914 0.0402111
0.350432 0.13851 0.260791 0.250267
0.346644 0.0593562 0.427044 0.166955
0.0634703 0.505186 0.431244 9.9991E-05
0.292059 0.0749081 0.632933 9.9991E-05
0.00905782 0.798853 0.157625 0.0344638
0.629607 0.370193 9.9982E-05 9.9982E-05
0.152571 0.41758 0.146829 0.28302
0.36892 0.194515 0.436466 9.9991E-05
9.998E-05 9.998E-05 9.998E-05 0.9997
0.421247 0.363336 0.173089 0.0423284
9.9991E-05 0.53975 0.454201 0.00594942
0.143639 0.237098 0.481359 0.137904
0.0650752 0.378267 0.556558 9.9991E-05
0.0337635 0.315261 0.536946 0.11403
0.197374 9.9991E-05 0.719562 0.0829635
0.346563 0.397623 0.255714 9.9991E-05
9.9982E-05 0.529372 9.9982E-05 0.470428
0.0245035 0.16953 0.328591 0.477376
0.147223 0.482061 0.142623 0.228093
9.998E-05 9.998E-05 9.998E-05 0.9997
0.205613 0.231584 0.463176 0.099627
0.9997 9.998E-05 9.998E-05 9.998E-05
0.25817 0.0817583 0.567499 0.0925725
0.228265 9.9991E-05 0.698989 0.0726462
0.186477 0.288021 0.454793 0.0707083
0.083703 0.316786 0.564908 0.0346034
0.368472 0.0478334 0.399419 0.184276
0.101848 0.537033 0.246084 0.115034
0.0779085 0.417262 0.504729 9.9991E-05
0.38336 0.161915 0.170696 0.284029
0.121664 0.0353117 0.767577 0.075448
9.9982E-05 0.381584 9.9982E-05 0.618216
0.036673 0.182738 0.636811 0.143778
9.998E-05 9.998E-05 9.998E-05 0.9997
0.461851 0.246528 0.224217 0.0674043
0.0816332 0.353201 0.52578 0.0393855
0.0729458 0.0576114 0.729135 0.140308
0.495113 0.404737 9.9991E-05 0.10005
0.128408 0.203638 0.582106 0.0858486
0.0412284 0.437719 0.0569804 0.464072
0.264594 0.20994 0.253861 0.271604
0.292983 0.17666 0.530257 9.9991E-05
0.326938 0.370624 0.0874982 0.214939
0.144271 0.468407 0.356277 0.0310447
0.36141 0.228398 0.312418 0.0977741
0.3055 0.223515 0.19715 0.273835
0.276202 0.0968094 0.588272 0.0387159
0.678829 0.120123 9.9991E-05 0.200948
0.0844149 0.767262 0.101175 0.047148
9.9991E-05 0.465912 0.458493 0.0754949
0.252048 0.183684 0.174079 0.390188
0.194473 0.123649 0.52428 0.157599
0.24263 0.287296 0.331717 0.138357
0.48492 0.342224 0.0619618 0.110894
9.998E-05 9.998E-05 0.9997 9.998E-05
9.9982E-05 9.9982E-05 0.912698 0.0871016
0.413954 0.205165 0.278964 0.101917
0.174616 0.347256 0.424404 0.0537243
0.22201 0.458883 0.210072 0.109035
0.603066 0.122588 0.239343 0.0350036
0.311574 0.243472 0.265038 0.179916
0.391539 0.286576 0.191466 0.130419
0.00504345 0.534471 0.400693 0.059793
0.0546443 0.436166 0.11624 0.39295
0.0441817 0.495957 0.425959 0.0339018
9.998E-05 0.9997 9.998E-05 9.998E-05
0.13602 0.430934 0.375402 0.0576434
0.217183 0.188235 0.594482 9.9991E-05
0.469681 0.202864 0.149839 0.177616
0.345016 0.263142 0.391742 9.9991E-05
0.38642 0.250039 0.174289 0.189252
0.135273 0.298246 0.42544 0.141041
0.119206 0.339002 0.360421 0.181372
9.9991E-05 0.417397 0.354286 0.228217
0.243595 0.341662 0.399528 0.0152147
0.12688 0.499374 0.260642 0.113104
9.9991E-05 0.228036 0.599261 0.172603
0.0582081 0.178549 0.508836 0.254407
0.254016 0.556239 0.189645 9.9991E-05
9.998E-05 0.9997 9.998E-05 9.998E-05
9.9982E-05 0.805874 0.193926 9.9982E-05
0.022943 0.0337437 0.943213 9.9991E-05
0.508193 0.0770616 0.392632 0.0221129
9.9991E-05 0.461975 0.375621 0.162304
0.152933 0.256613 0.584491 0.00596312
0.328414 0.283165 0.388321 9.9991E-05
9.998E-05 9.998E-05 0.9997 9.998E-05
9.9991E-05 0.647632 0.263224 0.0890437
0.315066 0.0143798 0.461038 0.209516
0.440535 0.0770033 0.357678 0.124784
0.0685689 0.540912 0.323999 0.0665208
0.597629 9.9982E-05 0.402171 9.9982E-05
0.164265 0.317961 0.49468 0.0230939
0.278597 0.135731 0.524437 0.0612356
0.168204 0.411898 0.419798 9.9991E-05
0.445202 9.9991E-05 0.414822 0.139876
0.9997 9.998E-05 9.998E-05 9.998E-05
0.304583 0.193605 0.394038 0.107774
0.165752 0.469738 0.0670312 0.297479
0.165125 0.509078 0.0651297 0.260667
0.0556857 0.353401 0.577359 0.0135544
0.0166346 0.18196 0.472487 0.328918
0.326971 0.310136 0.252748 0.110144
0.9997 9.998E-05 9.998E-05 9.998E-05
0.116639 0.388482 0.383658 0.111221
0.333546 0.307634 0.294246 0.0645746
9.9991E-05 0.308673 0.690893 0.00033442
0.21579 0.327877 0.260702 0.195631
