9.99552E-05 0.349679 9.99552E-05 0.0263655 9.99552E-05 0.59055 9.99552E-05 0.0329058 9.99552E-05
9.997E-05 0.152404 0.360948 0.0156818 0.133769 9.997E-05 0.187012 0.149887 9.997E-05
0.0711899 9.99731E-05 0.321564 0.068813 9.99731E-05 0.21398 9.99731E-05 0.195197 0.128956
9.99731E-05 9.99731E-05 0.115394 0.252965 9.99731E-05 0.496121 0.0310923 0.0180468 0.0860807
9.9982E-05 0.0909816 0.110685 0.0892073 0.353863 0.126546 0.154266 0.0742514 9.9982E-05
9.99463E-05 9.99463E-05 9.99463E-05 9.99463E-05 9.99463E-05 0.867956 9.99463E-05 0.00346318 0.127981
0.0236268 0.105836 9.99821E-05 0.0669833 0.30659 0.151912 0.188106 0.156747 9.99821E-05
0.0237207 0.343142 9.99552E-05 9.99552E-05 0.0181784 0.614459 9.99552E-05 9.99552E-05 9.99552E-05
9.99553E-05 0.184885 9.99553E-05 0.560917 9.99553E-05 9.99553E-05 9.99553E-05 0.0794526 0.174245
9.99731E-05 9.99731E-05 0.15504 0.158654 9.99731E-05 0.211108 0.102924 0.0608023 0.311172
9.9973E-05 9.9973E-05 0.354676 0.0884869 9.9973E-05 0.199715 0.099193 0.11965 0.137979
0.189251 0.478947 9.99731E-05 0.255946 0.0270588 9.99731E-05 0.0296366 0.0188602 9.99731E-05
9.99641E-05 0.411872 9.99641E-05 0.0757643 0.254876 0.249508 9.99641E-05 9.99641E-05 0.00758076
0.111426 9.9955E-05 9.9955E-05 9.9955E-05 0.628612 0.223177 0.0362846 9.9955E-05 9.9955E-05
0.116314 0.0459936 9.99553E-05 0.699237 9.99553E-05 0.137956 9.99553E-05 9.99553E-05 9.99553E-05
9.99643E-05 0.267967 9.99643E-05 0.119991 9.99643E-05 0.345144 0.151509 0.114989 9.99643E-05
0.213292 9.9991E-05 0.0872977 0.346995 0.159518 0.0437099 0.00867343 0.101661 0.0387523
0.189911 9.99731E-05 9.99731E-05 0.0115272 9.99731E-05 0.444693 0.156167 0.0670961 0.130306
9.99641E-05 0.563143 0.0034337 0.173526 9.99641E-05 0.179267 9.99641E-05 9.99641E-05 0.0802307
0.0155467 0.261043 0.275682 9.99821E-05 0.138405 0.102773 9.99821E-05 0.0454117 0.160938
9.99553E-05 9.99553E-05 9.99553E-05 9.99553E-05 0.281764 0.279638 0.17869 9.99553E-05 0.259409
9.99551E-05 0.486356 0.17894 0.282011 9.99551E-05 9.99551E-05 9.99551E-05 0.0521926 9.99551E-05
9.996E-05 9.996E-05 9.996E-05 0.107822 9.996E-05 0.28938 0.199832 0.145157 0.257409
9.99461E-05 9.99461E-05 0.319046 9.99461E-05 9.99461E-05 0.207444 9.99461E-05 0.47291 9.99461E-05
0.0314536 0.0281703 0.0987741 9.9982E-05 9.9982E-05 0.137639 0.0544026 0.357365 0.291995
0.103199 0.313191 9.9973E-05 0.185276 9.9973E-05 0.16954 0.0823532 0.14614 9.9973E-05
0.137618 0.00946 0.292856 0.256644 9.99731E-05 9.99731E-05 0.286234 0.0168876 9.99731E-05
9.99553E-05 9.99553E-05 0.822679 0.01666 0.0281244 0.132036 9.99553E-05 9.99553E-05 9.99553E-05
0.234461 0.176066 0.294945 9.9973E-05 0.0988743 9.9973E-05 0.00407043 9.9973E-05 0.191284
9.99373E-05 9.99373E-05 9.99373E-05 0.221862 9.99373E-05 9.99373E-05 9.99373E-05 0.777438 9.99373E-05
9.99552E-05 9.99552E-05 0.496548 9.99552E-05 0.107864 0.22835 0.166738 9.99552E-05 9.99552E-05
0.355034 9.99641E-05 9.99641E-05 9.99641E-05 0.219036 0.179895 0.136238 0.109398 9.99641E-05
0.0354191 9.99642E-05 9.99642E-05 0.477884 9.99642E-05 0.00484179 9.99642E-05 0.0218572 0.459598
0.157415 9.99641E-05 0.267377 0.111601 0.125137 0.33807 9.99641E-05 9.99641E-05 9.99641E-05
9.99462E-05 9.99462E-05 9.99462E-05 9.99462E-05 9.99462E-05 0.661561 0.198796 0.139043 9.99462E-05
9.99374E-05 9.99374E-05 9.99374E-05 9.99374E-05 0.334693 0.664607 9.99374E-05 9.99374E-05 9.99374E-05
0.221941 9.99463E-05 0.561157 9.99463E-05 9.99463E-05 9.99463E-05 0.216303 9.99463E-05 9.99463E-05
9.99552E-05 0.0712113 9.99552E-05 0.0143625 9.99552E-05 9.99552E-05 9.99552E-05 0.170684 0.743243
0.320266 0.0150908 0.22221 0.00966989 9.9991E-05 0.244055 0.108775 0.0702397 0.00959341
0.342108 9.9964E-05 0.229732 9.9964E-05 9.9964E-05 0.310007 0.0525791 9.9964E-05 0.0651737
9.99642E-05 9.99642E-05 0.354205 0.258563 0.0255314 9.99642E-05 0.0352061 0.326094 9.99642E-05
0.126295 9.99642E-05 9.99642E-05 0.585364 0.0744653 9.99642E-05 0.106692 0.106784 9.99642E-05
9.996E-05 0.238535 9.996E-05 0.0398523 0.381513 0.302323 9.996E-05 9.996E-05 0.0373768
9.99641E-05 0.178657 0.344012 0.260224 9.99641E-05 0.161142 0.0555648 9.99641E-05 9.99641E-05
0.346992 0.20678 9.99731E-05 9.99731E-05 0.0414702 9.99731E-05 0.197619 0.175187 0.0316516
0.329984 9.99552E-05 9.99552E-05 0.148753 9.99552E-05 0.480742 0.04002 9.99552E-05 9.99552E-05
0.463316 9.99552E-05 9.99552E-05 0.380197 9.99552E-05 0.106301 9.99552E-05 0.0496859 9.99552E-05
9.99551E-05 9.99551E-05 0.0761906 0.514021 9.99551E-05 0.248776 0.160513 9.99551E-05 9.99551E-05
0.707602 0.0253629 0.0613373 0.188167 9.99643E-05 0.0171308 9.99643E-05 9.99643E-05 9.99643E-05
0.0242536 9.99462E-05 9.99462E-05 9.99462E-05 9.99462E-05 0.835771 0.139376 9.99462E-05 9.99462E-05
9.99462E-05 0.188907 9.99462E-05 9.99462E-05 9.99462E-05 0.709514 9.99462E-05 0.10098 9.99462E-05
9.997E-05 9.997E-05 9.997E-05 0.00537337 0.279619 0.193167 0.121517 0.0171339 0.38289
9.9964E-05 0.177327 0.0550731 0.523884 9.9964E-05 0.0458341 9.9964E-05 0.197481 9.9964E-05
0.406572 0.0651035 0.0889061 9.99642E-05 9.99642E-05 0.43209 9.99642E-05 9.99642E-05 0.006929
9.99731E-05 0.19346 0.0236519 0.162283 0.551674 9.99731E-05 0.00873654 9.99731E-05 0.0598944
0.311491 0.136313 0.11938 0.154636 0.0918618 9.999E-05 0.130555 0.0209363 0.0347272
9.9964E-05 0.114628 0.287786 9.9964E-05 0.0965429 0.288053 9.9964E-05 0.21259 9.9964E-05
9.99642E-05 0.0436342 0.150591 0.0964307 0.656602 9.99642E-05 0.0523431 9.99642E-05 9.99642E-05
9.996E-05 0.592397 0.184603 0.0879276 9.996E-05 9.996E-05 0.0611197 9.996E-05 0.0735525
9.996E-05 9.996E-05 0.207015 0.0418515 9.996E-05 0.500048 0.0791286 9.996E-05 0.171557
0.0100304 9.99462E-05 0.747509 9.99462E-05 9.99462E-05 0.241861 9.99462E-05 9.99462E-05 9.99462E-05
9.99641E-05 9.99641E-05 0.0660998 0.246412 9.99641E-05 0.183709 0.347826 0.155554 9.99641E-05
9.9955E-05 0.18657 0.301129 0.486592 9.9955E-05 9.9955E-05 0.0252093 9.9955E-05 9.9955E-05
0.0959489 9.99641E-05 0.185635 9.99641E-05 9.99641E-05 0.187357 0.0893986 0.441261 9.99641E-05
0.0698365 0.502242 9.99642E-05 0.098595 9.99642E-05 0.199623 9.99642E-05 0.129304 9.99642E-05
0.335739 9.99731E-05 0.267094 0.28187 9.99731E-05 0.016554 0.0524862 0.0459565 9.99731E-05
0.0307823 9.99462E-05 0.07512 9.99462E-05 9.99462E-05 0.893498 9.99462E-05 9.99462E-05 9.99462E-05
0.0449679 0.110333 0.0296132 0.280241 9.99731E-05 0.18424 0.350305 9.99731E-05 9.99731E-05
0.467292 0.253128 9.99731E-05 0.0426468 9.99731E-05 0.0968514 0.113056 9.99731E-05 0.0267265
0.322625 0.0460011 0.437811 9.99641E-05 0.154513 9.99641E-05 9.99641E-05 0.03865 9.99641E-05
0.0607347 9.99731E-05 9.99731E-05 0.300468 0.125235 0.266923 0.102862 9.99731E-05 0.143477
0.151811 0.187299 9.99641E-05 0.459239 9.99641E-05 9.99641E-05 0.0891103 0.112141 9.99641E-05
9.996E-05 0.167409 9.996E-05 9.996E-05 0.579565 0.0264949 0.209467 9.996E-05 0.0166645
0.465793 9.99552E-05 0.166146 9.99552E-05 9.99552E-05 0.138085 0.229476 9.99552E-05 9.99552E-05
9.99555E-05 0.263284 0.0489656 9.99555E-05 9.99555E-05 0.53184 9.99555E-05 0.15541 9.99555E-05
9.99641E-05 0.410112 9.99641E-05 0.200896 0.188759 0.0849196 0.114914 9.99641E-05 9.99641E-05
0.182465 9.99554E-05 9.99554E-05 0.797176 9.99554E-05 0.00197868 9.99554E-05 0.0178807 9.99554E-05
9.99641E-05 9.99641E-05 0.582312 0.0800049 9.99641E-05 9.99641E-05 0.167312 0.0193966 0.150574
0.0680879 0.223553 0.655915 9.99641E-05 9.99641E-05 9.99641E-05 9.99641E-05 0.0245514 0.027493
9.99551E-05 0.245352 0.278954 9.99551E-05 0.337969 0.137225 9.99551E-05 9.99551E-05 9.99551E-05
0.222054 0.0407171 0.123236 9.99731E-05 0.0779598 0.288322 0.247411 9.99731E-05 9.99731E-05
0.0428122 0.110175 9.99821E-05 0.155333 0.0941271 0.324127 9.99821E-05 0.0405069 0.232719
0.0534715 9.996E-05 0.0416969 9.996E-05 0.430413 0.422622 9.996E-05 9.996E-05 0.0513973
0.58952 9.9964E-05 9.9964E-05 0.128368 9.9964E-05 0.0407388 9.9964E-05 0.134691 0.106283
0.177628 9.997E-05 9.997E-05 0.145358 0.210347 0.201507 0.169347 0.0955137 9.997E-05
0.0400715 0.0594148 0.034601 0.219909 9.9973E-05 0.535242 0.110461 9.9973E-05 9.9973E-05
9.996E-05 0.113283 9.996E-05 0.187944 0.438274 9.996E-05 9.996E-05 0.0468141 0.213285
9.99641E-05 0.157259 0.122299 9.99641E-05 0.0838006 0.185523 9.99641E-05 0.450719 9.99641E-05
0.231805 0.211651 9.99642E-05 9.99642E-05 9.99642E-05 0.211129 9.99642E-05 0.0274762 0.31754
0.316313 0.116903 9.996E-05 0.246931 0.169858 9.996E-05 9.996E-05 9.996E-05 0.149596
0.240308 9.99374E-05 9.99374E-05 9.99374E-05 9.99374E-05 9.99374E-05 9.99374E-05 0.758993 9.99374E-05
9.99463E-05 9.99463E-05 9.99463E-05 9.99463E-05 0.711705 0.227738 0.0599577 9.99463E-05 9.99463E-05
9.99552E-05 9.99552E-05 9.99552E-05 0.404967 0.22256 0.144713 0.227261 9.99552E-05 9.99552E-05
9.99641E-05 9.99641E-05 9.99641E-05 0.15858 0.144722 0.278429 9.99641E-05 0.0623655 0.355503
9.9964E-05 0.126516 9.9964E-05 0.492795 0.14622 9.9964E-05 0.177216 0.0568533 9.9964E-05
9.99641E-05 0.18163 9.99641E-05 0.267219 0.2641 0.195816 9.99641E-05 9.99641E-05 0.0908348
9.99731E-05 9.99731E-05 0.146036 0.297179 0.203482 0.278224 9.99731E-05 0.037423 0.0373565
0.0106889 9.99462E-05 9.99462E-05 0.705396 9.99462E-05 0.283315 9.99462E-05 9.99462E-05 9.99462E-05
9.99551E-05 0.341761 0.0364243 9.99551E-05 9.99551E-05 0.413244 9.99551E-05 0.208071 9.99551E-05
9.99731E-05 0.129582 9.99731E-05 9.99731E-05 0.00133131 0.187972 0.0588344 0.460973 0.161007
9.99642E-05 9.99642E-05 0.289242 0.290259 0.329706 9.99642E-05 0.0581086 0.0322848 9.99642E-05
9.99463E-05 9.99463E-05 9.99463E-05 9.99463E-05 9.99463E-05 9.99463E-05 0.089233 0.848799 0.0613682
9.99642E-05 0.0780089 9.99642E-05 0.210083 9.99642E-05 0.0169903 9.99642E-05 0.0470238 0.647494
9.993E-05 9.993E-05 9.993E-05 9.993E-05 9.993E-05 9.993E-05 9.993E-05 9.993E-05 0.999201
9.99462E-05 0.210483 9.99462E-05 9.99462E-05 9.99462E-05 0.779212 9.99462E-05 9.99462E-05 0.00970504
0.171093 0.258121 9.997E-05 0.205389 9.997E-05 0.241677 0.0244066 0.0990135 9.997E-05
0.195023 0.0444323 9.997E-05 0.0680375 0.426552 0.24097 9.997E-05 9.997E-05 0.0246845
0.0761475 9.99463E-05 0.524958 9.99463E-05 9.99463E-05 0.398295 9.99463E-05 9.99463E-05 9.99463E-05
0.486281 0.293213 0.0148146 9.99731E-05 9.99731E-05 0.189213 0.00346888 0.0127099 9.99731E-05
0.317569 9.99641E-05 9.99641E-05 9.99641E-05 9.99641E-05 0.0337418 0.181256 0.0327683 0.434266
9.99642E-05 0.139373 9.99642E-05 0.367787 0.241365 9.99642E-05 0.0139593 0.237115 9.99642E-05
0.0160371 0.466271 0.0583415 9.99731E-05 9.99731E-05 0.376998 0.00335833 0.0786942 9.99731E-05
9.99552E-05 0.176483 0.097953 9.99552E-05 0.302595 9.99552E-05 9.99552E-05 0.422469 9.99552E-05
0.174153 0.220783 9.99731E-05 9.99731E-05 0.296088 0.276849 0.0186079 9.99731E-05 0.0132186
9.993E-05 9.993E-05 9.993E-05 9.993E-05 9.993E-05 9.993E-05 9.993E-05 0.999201 9.993E-05
9.99463E-05 9.99463E-05 0.0351165 0.430995 0.533288 9.99463E-05 9.99463E-05 9.99463E-05 9.99463E-05
9.99552E-05 0.269574 0.0774652 0.276567 9.99552E-05 0.375894 9.99552E-05 9.99552E-05 9.99552E-05
0.0308322 0.42138 0.146533 0.100746 9.998E-05 0.226673 0.00219879 0.0714377 9.998E-05
0.196051 0.477907 9.9964E-05 9.9964E-05 9.9964E-05 9.9964E-05 0.072532 0.153213 0.0998966
0.0277902 9.99731E-05 0.101826 9.99731E-05 0.0552923 0.739564 9.99731E-05 0.00468134 0.0705459
0.0314886 0.0620549 9.99642E-05 0.361894 9.99642E-05 0.203749 9.99642E-05 0.340414 9.99642E-05
9.994E-05 9.994E-05 9.994E-05 9.994E-05 0.199862 0.731322 9.994E-05 0.0682163 9.994E-05
0.191078 0.0950153 9.997E-05 0.063051 0.033788 0.578872 9.997E-05 9.997E-05 0.037896
0.159454 9.99552E-05 9.99552E-05 0.110197 0.0978162 0.632033 9.99552E-05 9.99552E-05 9.99552E-05
0.0232442 9.997E-05 0.0790718 0.5676 0.0845896 0.109362 9.997E-05 0.135832 9.997E-05
9.99641E-05 0.318444 9.99641E-05 0.37837 0.0147446 0.264425 0.0236172 9.99641E-05 9.99641E-05
0.176072 9.99552E-05 9.99552E-05 0.345597 0.352725 9.99552E-05 9.99552E-05 0.125106 9.99552E-05
0.399758 0.0106396 0.115631 9.99731E-05 0.0437659 0.175821 0.254085 9.99731E-05 9.99731E-05
0.0249801 9.996E-05 0.36795 9.996E-05 9.996E-05 0.186296 9.996E-05 0.177213 0.243161
9.998E-05 0.228054 9.998E-05 0.0549397 0.052092 0.172965 0.120664 0.153936 0.217149
9.99374E-05 9.99374E-05 9.99374E-05 0.794522 9.99374E-05 9.99374E-05 0.204779 9.99374E-05 9.99374E-05
9.9964E-05 0.0485137 9.9964E-05 0.206776 0.262829 0.462395 9.9964E-05 9.9964E-05 0.0190868
0.189906 0.0789388 0.136111 0.458242 9.99821E-05 0.0121305 0.0713131 9.99821E-05 0.0531576
0.036876 0.381643 9.99551E-05 9.99551E-05 9.99551E-05 0.125971 9.99551E-05 9.99551E-05 0.45501
9.99642E-05 0.147359 9.99642E-05 0.0803318 9.99642E-05 0.420175 0.105655 9.99642E-05 0.24608
0.469797 9.99373E-05 9.99373E-05 9.99373E-05 9.99373E-05 0.529504 9.99373E-05 9.99373E-05 9.99373E-05
0.94737 9.99371E-05 9.99371E-05 9.99371E-05 9.99371E-05 9.99371E-05 9.99371E-05 9.99371E-05 0.0519308
0.621447 9.99465E-05 0.0440508 9.99465E-05 9.99465E-05 0.333902 9.99465E-05 9.99465E-05 9.99465E-05
0.000600663 0.32847 9.99731E-05 0.217825 0.130172 9.99731E-05 0.0584797 9.99731E-05 0.264152
0.32543 0.0285623 0.106461 0.0433537 9.996E-05 0.495793 9.996E-05 9.996E-05 9.996E-05
0.0117564 0.0939667 0.644537 9.99732E-05 9.99732E-05 0.0823147 0.117521 9.99732E-05 0.0496042
9.99732E-05 0.0657279 9.99732E-05 0.0290118 9.99732E-05 0.293307 0.0246142 0.0545896 0.53245
9.997E-05 0.00284961 0.147192 0.442735 0.203859 0.145559 9.997E-05 9.997E-05 0.0575055
9.99642E-05 9.99642E-05 0.00426037 0.586238 0.0345541 9.99642E-05 9.99642E-05 0.0726308 0.301917
9.99552E-05 0.105054 9.99552E-05 9.99552E-05 9.99552E-05 0.190372 0.129832 0.574241 9.99552E-05
9.99551E-05 0.611745 9.99551E-05 9.99551E-05 0.0726923 0.265847 9.99551E-05 0.0492158 9.99551E-05
9.993E-05 9.993E-05 9.993E-05 9.993E-05 9.993E-05 9.993E-05 0.999201 9.993E-05 9.993E-05
9.996E-05 0.0498047 0.185741 9.996E-05 9.996E-05 0.632236 9.996E-05 0.047797 0.0840221
9.99641E-05 9.99641E-05 9.99641E-05 9.99641E-05 0.610754 0.250977 0.03865 0.0246859 0.0745333
0.105881 0.109758 9.99642E-05 9.99642E-05 0.215371 9.99642E-05 0.458895 9.99642E-05 0.109695
9.99374E-05 0.85976 9.99374E-05 9.99374E-05 9.99374E-05 9.99374E-05 9.99374E-05 9.99374E-05 0.13954
9.99642E-05 0.215095 0.0337545 0.590525 9.99642E-05 0.146757 0.013468 9.99642E-05 9.99642E-05
0.353486 9.99551E-05 0.39212 9.99551E-05 9.99551E-05 0.250457 0.00343721 9.99551E-05 9.99551E-05
9.99552E-05 0.672107 0.162615 9.99552E-05 9.99552E-05 0.0905287 9.99552E-05 0.0742493 9.99552E-05
9.99553E-05 9.99553E-05 9.99553E-05 9.99553E-05 0.0706152 0.380309 0.181422 0.367154 9.99553E-05
0.365754 9.998E-05 0.104496 0.0789518 0.0470709 0.207468 0.0854557 9.998E-05 0.110604
9.99462E-05 9.99462E-05 0.303173 9.99462E-05 0.323858 9.99462E-05 9.99462E-05 9.99462E-05 0.37237
0.076569 0.0174241 0.3177 0.215846 9.997E-05 0.261191 0.11097 9.997E-05 9.997E-05
9.99553E-05 0.430043 0.1152 9.99553E-05 9.99553E-05 0.396438 9.99553E-05 0.05782 9.99553E-05
0.0320582 0.274417 0.0801013 0.0122401 0.0296152 0.209831 9.9991E-05 0.234008 0.12763
9.993E-05 9.993E-05 9.993E-05 9.993E-05 9.993E-05 9.993E-05 0.999201 9.993E-05 9.993E-05
0.0241014 0.313951 9.996E-05 0.155463 9.996E-05 0.309637 0.196447 9.996E-05 9.996E-05
9.99552E-05 0.361716 9.99552E-05 9.99552E-05 0.0573846 0.579775 9.99552E-05 0.000624856 9.99552E-05
9.99552E-05 9.99552E-05 0.209849 0.476555 0.193683 9.99552E-05 0.119413 9.99552E-05 9.99552E-05
0.0584133 0.340083 9.99553E-05 0.390734 9.99553E-05 9.99553E-05 0.210271 9.99553E-05 9.99553E-05
9.994E-05 0.091259 9.994E-05 0.205411 9.994E-05 0.70273 9.994E-05 9.994E-05 9.994E-05
0.260517 0.024046 0.342477 0.0624612 0.0200229 0.290175 9.99731E-05 9.99731E-05 9.99731E-05
0.822049 9.99373E-05 0.177251 9.99373E-05 9.99373E-05 9.99373E-05 9.99373E-05 9.99373E-05 9.99373E-05
9.99463E-05 9.99463E-05 0.092002 9.99463E-05 0.872746 9.99463E-05 0.0346521 9.99463E-05 9.99463E-05
9.9982E-05 0.331671 0.056685 0.0739161 9.9982E-05 0.413089 0.00207596 0.0620347 0.0603283
0.3538 0.281587 0.181212 9.99821E-05 9.99821E-05 0.0434409 0.0210746 0.0695942 0.0490917
0.199791 0.435951 9.99641E-05 0.0577687 0.0602329 0.245857 9.99641E-05 9.99641E-05 9.99641E-05
0.0572685 0.101808 9.99731E-05 0.448109 0.0194003 0.111775 9.99731E-05 9.99731E-05 0.261339
9.99553E-05 9.99553E-05 0.149023 9.99553E-05 9.99553E-05 0.763038 0.0539867 0.0334528 9.99553E-05
9.99552E-05 0.233111 9.99552E-05 0.423 9.99552E-05 0.27075 9.99552E-05 0.0726395 9.99552E-05
0.0425227 0.458242 0.0788148 9.996E-05 0.157307 0.262714 9.996E-05 9.996E-05 9.996E-05
9.99642E-05 0.550918 9.99642E-05 9.99642E-05 0.251739 0.0516116 0.0185801 0.126751 9.99642E-05
0.0587745 9.99552E-05 9.99552E-05 9.99552E-05 0.134349 9.99552E-05 0.020944 9.99552E-05 0.785433
9.996E-05 9.996E-05 0.342382 0.0697001 9.996E-05 0.421567 0.0899996 9.996E-05 0.075952
9.99372E-05 9.99372E-05 0.372424 0.626876 9.99372E-05 9.99372E-05 9.99372E-05 9.99372E-05 9.99372E-05
9.99643E-05 9.99643E-05 0.043068 0.257499 0.171392 0.3377 0.189942 9.99643E-05 9.99643E-05
0.135923 0.178124 9.99642E-05 0.320786 9.99642E-05 0.245941 9.99642E-05 9.99642E-05 0.118827
9.99731E-05 0.0742364 0.0140481 0.220895 9.99731E-05 0.551536 0.100714 0.0382708 9.99731E-05
9.99552E-05 0.739141 9.99552E-05 9.99552E-05 0.0947989 0.0821579 9.99552E-05 0.0834023 9.99552E-05
0.10302 9.99371E-05 9.99371E-05 9.99371E-05 9.99371E-05 9.99371E-05 9.99371E-05 9.99371E-05 0.896281
9.99553E-05 0.635043 0.0423549 0.313536 0.00856661 9.99553E-05 9.99553E-05 9.99553E-05 9.99553E-05
9.99553E-05 0.462129 9.99553E-05 9.99553E-05 0.0556689 0.382793 9.99553E-05 9.99553E-05 0.0989098
9.99551E-05 0.212118 0.5729 9.99551E-05 9.99551E-05 0.0845724 9.99551E-05 0.12991 9.99551E-05
9.99551E-05 9.99551E-05 9.99551E-05 9.99551E-05 0.129735 0.639359 9.99551E-05 0.0740008 0.156405
