9.9982E-05 9.9982E-05 0.0893038 0.706931 0.203565
0.112729 0.322517 0.0759667 0.259769 0.229018
0.0980521 0.142268 0.140238 0.249469 0.369973
0.137865 0.242025 0.131897 0.428339 0.059873
0.056558 0.311654 0.295743 0.246136 0.0899087
9.999E-05 0.369283 0.222929 0.226173 0.181516
9.9991E-05 0.0278116 0.17658 0.612352 0.183156
0.0309686 0.168836 0.193555 0.315706 0.290935
9.9982E-05 0.349436 0.180692 9.9982E-05 0.469672
0.111918 0.0624597 0.294492 9.9991E-05 0.53103
9.9982E-05 0.10535 0.525791 9.9982E-05 0.368659
0.0890825 0.15268 0.15422 9.9991E-05 0.603918
9.9991E-05 0.203947 0.252405 0.121053 0.422494
0.140256 0.14887 0.335015 0.223035 0.152824
9.9973E-05 0.644528 0.355172 9.9973E-05 9.9973E-05
0.164651 0.516827 0.0840685 0.234353 9.9991E-05
0.0288915 0.641536 0.329372 9.9982E-05 9.9982E-05
0.13805 0.346603 0.323128 0.192119 9.9991E-05
9.9991E-05 0.286479 0.0520626 0.216001 0.445357
0.158067 0.187757 0.189034 0.275496 0.189646
9.999E-05 0.130008 0.234228 0.345608 0.290057
9.999E-05 0.445583 0.233539 0.229964 0.0908141
0.0374054 0.162153 0.207728 0.324631 0.268082
0.178249 0.0438957 0.166204 0.549056 0.062595
9.9973E-05 9.9973E-05 0.629924 9.9973E-05 0.369776
0.0850837 0.32328 0.143898 0.447638 9.9991E-05
0.0770022 0.173282 0.312926 0.0387596 0.39803
0.270352 0.152786 0.253466 0.323296 9.9991E-05
0.113777 0.218342 0.136321 0.151764 0.379796
0.65113 0.221008 0.0569723 0.0707897 9.9991E-05
0.0293981 0.471961 0.123326 9.9991E-05 0.375214
9.9982E-05 9.9982E-05 0.0924815 0.0695342 0.837784
0.0730657 0.436676 0.127408 0.36275 9.9991E-05
9.9991E-05 0.379675 0.369236 0.110331 0.140658
0.00259095 0.0604112 0.418655 0.427819 0.090524
9.997E-05 9.997E-05 9.997E-05 0.9996 9.997E-05
0.0118992 0.423461 0.106817 0.457723 9.9991E-05
0.101923 9.9991E-05 0.194285 0.143936 0.559755
0.100541 0.616481 0.17691 9.9991E-05 0.105968
9.9982E-05 9.9982E-05 0.229945 0.208366 0.561489
9.9991E-05 0.310515 0.153634 0.0871641 0.448587
0.101599 0.343911 0.2616 0.279123 0.0137669
0.0681346 0.458426 0.0534169 0.399736 0.0202863
0.194332 9.9982E-05 9.9982E-05 0.454375 0.351092
0.0303426 0.0838176 0.104081 0.188633 0.593126
0.0215415 0.090122 0.257922 0.0868609 0.543554
0.0521967 0.265361 9.9991E-05 0.120834 0.561508
0.057851 0.52238 9.9991E-05 0.145054 0.274615
0.1119 0.15491 0.0430237 9.9991E-05 0.690067
0.126572 0.457002 0.0559853 0.0678007 0.29264
0.102212 0.336417 0.190487 0.0645819 0.306301
0.121799 0.173652 0.0923086 0.214717 0.397524
0.123106 0.811445 9.9982E-05 0.0652494 9.9982E-05
0.135251 0.259173 0.318194 0.0747852 0.212597
0.146583 9.9973E-05 9.9973E-05 9.9973E-05 0.853117
0.0306221 0.547261 0.0771157 0.306853 0.0381483
9.99731E-05 0.430496 9.99731E-05 9.99731E-05 0.569204
0.178498 9.9991E-05 0.0884385 0.280114 0.45285
9.9982E-05 0.444512 0.176037 9.9982E-05 0.379251
9.9991E-05 0.147378 0.238013 0.251241 0.363268
9.9982E-05 0.692587 0.0215995 0.285614 9.9982E-05
0.0415864 0.473494 0.363791 0.116844 0.00428376
0.000880949 0.53246 0.0621308 0.271085 0.133444
0.928753 9.9982E-05 0.0592263 0.0118205 9.9982E-05
0.0366402 0.133053 0.189119 0.620602 0.020585
9.997E-05 9.997E-05 9.997E-05 0.9996 9.997E-05
0.0427754 0.0213471 0.221012 0.322837 0.392029
9.9991E-05 0.302919 0.145428 0.115319 0.436234
0.116505 0.351178 9.9982E-05 0.532117 9.9982E-05
0.239664 0.396785 0.244604 0.0251259 0.093821
0.0662458 0.0895885 0.188998 9.9991E-05 0.655068
9.9991E-05 0.34576 0.179937 0.14098 0.333223
0.0687112 0.374576 0.204246 0.017317 0.33515
0.0636898 0.574818 0.161332 9.9991E-05 0.20006
0.137687 0.193149 0.27066 9.9991E-05 0.398405
0.0797927 0.352266 0.158838 9.9991E-05 0.409004
0.0452012 0.225198 0.35072 0.0967691 0.282111
0.04598 0.717933 0.124569 0.0972234 0.0142953
9.9982E-05 0.73845 9.9982E-05 0.25014 0.0112097
0.146905 0.649456 9.9991E-05 0.0967485 0.106791
9.9991E-05 0.150428 0.22094 0.2086 0.419932
9.9991E-05 0.0789166 0.239703 0.421309 0.259972
0.230464 0.0395128 9.9991E-05 0.110719 0.619204
0.0991814 0.603388 0.137221 0.0849553 0.0752549
0.0481567 0.210577 0.153353 0.21784 0.370074
9.9991E-05 0.253599 0.0274566 0.14122 0.577624
9.9982E-05 0.0821331 0.00725892 0.910408 9.9982E-05
9.9982E-05 0.343856 0.243091 9.9982E-05 0.412853
0.191336 0.126346 0.353889 0.292797 0.0356324
9.9982E-05 9.9982E-05 0.162151 0.233499 0.60415
0.849575 0.0854971 0.0647277 9.9982E-05 9.9982E-05
9.9973E-05 9.9973E-05 0.271005 9.9973E-05 0.728695
9.9982E-05 0.275638 0.1958 0.528362 9.9982E-05
0.0930539 0.51663 0.20354 0.0869113 0.0998654
0.0247755 0.30413 0.15784 0.402028 0.111226
0.0671679 0.377275 0.0615527 0.465267 0.0287374
0.0312702 9.9991E-05 0.065954 0.533851 0.368825
9.9982E-05 9.9982E-05 0.0800043 0.0352016 0.884594
0.382927 9.9982E-05 0.468662 0.148211 9.9982E-05
0.335985 0.365108 9.9991E-05 0.190321 0.108485
0.147349 0.15017 0.25409 0.173545 0.274846
0.9996 9.997E-05 9.997E-05 9.997E-05 9.997E-05
0.0669452 0.478988 0.272617 0.0903553 0.0910941
0.00454423 9.9991E-05 0.929479 0.0173943 0.0484822
0.04668 0.287423 0.363736 0.141516 0.160645
9.9973E-05 0.715261 9.9973E-05 9.9973E-05 0.284439
9.9991E-05 0.420162 0.0641977 0.315634 0.199906
0.064914 0.0580234 0.113977 0.415836 0.347249
0.136414 0.393817 0.16914 9.9991E-05 0.300528
0.132523 0.243838 0.0534848 0.299295 0.270859
9.9982E-05 0.403971 0.25705 0.338779 9.9982E-05
0.0887358 0.141785 0.166809 0.023716 0.578954
0.11419 0.319332 0.0792846 0.195083 0.29211
0.336328 0.149558 0.383368 0.0744056 0.0563405
9.9991E-05 0.139093 0.315946 0.204071 0.34079
0.9996 9.997E-05 9.997E-05 9.997E-05 9.997E-05
9.9991E-05 0.198728 0.277036 0.0976209 0.426515
0.0403732 0.0467004 0.162179 0.654467 0.0962803
0.014216 0.498623 0.0867077 0.115399 0.285054
0.000804497 0.228234 0.29619 0.300552 0.174219
0.0344545 0.226247 0.302439 0.43129 0.00556944
0.30225 0.049349 0.381765 0.266536 9.9991E-05
0.107351 0.138534 0.249296 0.28372 0.221099
9.9991E-05 0.732143 0.129792 0.0618211 0.076144
0.105156 0.0937399 0.194788 0.0869716 0.519344
9.9982E-05 0.576414 0.230616 9.9982E-05 0.19277
0.0188566 0.165326 0.125438 0.14041 0.54997
0.222013 9.9991E-05 0.0433939 0.206286 0.528207
0.00906218 0.348005 0.0270529 0.221054 0.394825
0.266076 9.9991E-05 0.0865794 0.184571 0.462673
9.9991E-05 0.00792247 0.169575 0.819217 0.0031856
0.0320863 0.261332 0.14994 0.409297 0.147345
0.282825 0.389151 0.153901 0.0434942 0.130629
0.17396 0.487128 0.101552 9.9991E-05 0.23726
0.0139834 0.089253 0.0987273 0.55375 0.244286
0.0448588 9.9991E-05 0.44573 0.100126 0.409185
9.997E-05 0.9996 9.997E-05 9.997E-05 9.997E-05
0.0731222 0.926578 9.9973E-05 9.9973E-05 9.9973E-05
0.109749 0.0427636 0.230342 0.184517 0.432628
0.011094 0.174167 0.2862 0.248854 0.279684
0.0788413 0.241503 0.262601 0.101063 0.315992
9.9982E-05 0.631819 0.267662 9.9982E-05 0.100318
0.184832 0.13648 0.0729083 0.0957837 0.509996
0.0574358 9.9991E-05 0.117669 0.0814378 0.743357
0.00392469 0.401692 0.237583 0.3567 9.9991E-05
0.327474 0.122933 0.3028 0.246693 9.9991E-05
9.9991E-05 0.230894 0.126341 0.327268 0.315397
9.997E-05 9.997E-05 0.9996 9.997E-05 9.997E-05
9.9982E-05 0.0235231 0.288364 0.687913 9.9982E-05
9.9982E-05 0.388701 0.196853 0.414246 9.9982E-05
0.116073 0.396057 0.127357 0.0852968 0.275216
9.9991E-05 0.315175 0.414425 0.0804404 0.18986
0.0615616 0.0123513 0.285151 0.0267405 0.614195
0.0058983 0.255494 0.137864 0.102407 0.498337
0.125799 0.495239 0.0981909 0.17999 0.100781
0.227254 0.369626 0.162187 0.240833 9.9991E-05
9.9991E-05 0.0544306 0.161636 0.292177 0.491656
0.189481 0.261105 0.229092 0.277708 0.0426145
0.132752 9.9973E-05 9.9973E-05 0.866948 9.9973E-05
0.143451 0.270376 0.16619 0.151762 0.268222
0.00355164 0.0964404 0.266276 0.341633 0.292099
0.0575016 9.9973E-05 0.942199 9.9973E-05 9.9973E-05
9.9982E-05 0.254485 0.641545 0.10377 9.9982E-05
9.9991E-05 0.520996 0.0641313 0.290605 0.124168
0.0505058 0.205493 0.0873861 0.088575 0.56804
0.0233805 9.9982E-05 0.181638 0.794782 9.9982E-05
9.9991E-05 0.320256 0.0811703 0.305616 0.292858
9.9982E-05 0.342928 0.332203 9.9982E-05 0.324669
9.9973E-05 0.942176 9.9973E-05 0.0575242 9.9973E-05
0.074047 0.412187 0.247984 0.234521 0.0312614
0.0878345 0.255873 9.9982E-05 9.9982E-05 0.656093
0.16898 0.367981 0.162085 0.0290505 0.271903
0.205029 0.248909 0.149232 0.33777 0.0590602
9.9982E-05 0.376483 0.0747165 9.9982E-05 0.548601
9.9991E-05 0.378615 0.0926522 0.257816 0.270817
0.0209955 0.436998 0.148137 0.225438 0.168432
9.9991E-05 0.507168 0.141773 0.130592 0.220367
0.0725547 0.526843 0.0609781 0.170825 0.168799
9.9973E-05 9.9973E-05 0.915336 9.9973E-05 0.0843639
0.104772 0.121014 0.0910499 0.0871041 0.59606
0.144907 0.47669 0.378203 9.9982E-05 9.9982E-05
0.0715888 0.0907986 0.323592 0.26306 0.250961
0.0411062 0.129749 0.0921483 0.389716 0.34728
0.127912 0.3004 9.9991E-05 0.404024 0.167564
0.0658231 0.331702 0.148188 0.424649 0.0296373
9.997E-05 9.997E-05 0.9996 9.997E-05 9.997E-05
0.0418278 0.457014 0.0847356 0.0981638 0.318259
0.108486 0.138726 0.306993 0.286127 0.159668
9.9991E-05 0.36149 0.0379835 0.586654 0.013772
0.129192 0.290732 9.9991E-05 0.494821 0.0851551
