9.9964E-05 0.0316445 0.0236534 9.9964E-05 0.203761 9.9964E-05 0.721033 0.0195084 9.9964E-05
9.9973E-05 0.0880257 9.9973E-05 0.0676814 0.0929028 0.183637 0.260104 9.9973E-05 0.307349
9.999E-05 0.0901583 0.0742103 0.0257494 0.126859 0.110465 0.0768676 0.447694 0.0478961
9.9973E-05 0.0912363 0.0735223 0.0679065 9.9973E-05 9.9973E-05 0.252719 0.338637 0.175679
0.14854 0.0302087 0.091522 0.0339325 9.9982E-05 9.9982E-05 0.0535663 0.326778 0.315253
0.147396 9.9964E-05 9.9964E-05 0.156266 9.9964E-05 9.9964E-05 0.13074 0.0131446 0.552053
0.0658785 0.050675 0.0461515 9.9982E-05 0.055217 9.9982E-05 0.192247 0.186389 0.403242
0.0595566 0.0924772 0.0701689 0.0111494 9.9982E-05 0.139572 0.220688 0.406188 9.9982E-05
0.151487 0.0470369 0.00634593 0.0121175 0.322553 9.9991E-05 0.0291958 0.277234 0.15393
9.9973E-05 0.0939012 0.0737294 0.165064 0.156803 9.9973E-05 0.173236 0.336966 9.9973E-05
9.9982E-05 0.0126858 0.0310606 0.132568 0.385049 0.185139 0.0934449 0.159854 9.9982E-05
0.223293 0.0295863 0.0429859 9.99549E-05 0.703635 9.99549E-05 9.99549E-05 9.99549E-05 9.99549E-05
0.0871196 0.0775584 0.0443254 9.9973E-05 0.242796 9.9973E-05 9.9973E-05 0.0699049 0.477996
0.211493 0.128631 0.0668449 0.0772071 0.0603567 0.104832 0.208357 9.9991E-05 0.142178
0.887586 9.99549E-05 0.0264836 9.99549E-05 9.99549E-05 0.0597129 9.99549E-05 9.99549E-05 0.0257176
0.114161 9.9964E-05 0.0985584 9.9964E-05 9.9964E-05 0.273844 0.182657 0.33038 9.9964E-05
0.999201 9.993E-05 9.993E-05 9.993E-05 9.993E-05 9.993E-05 9.993E-05 9.993E-05 9.993E-05
0.216799 0.104169 0.149002 9.9973E-05 9.9973E-05 0.0501958 0.257591 0.221943 9.9973E-05
0.133649 9.9964E-05 0.0728174 9.9964E-05 0.215948 9.9964E-05 0.0672486 0.509938 9.9964E-05
0.0390194 0.158467 9.9982E-05 0.0123146 0.170932 0.0834555 0.284366 9.9982E-05 0.251246
9.9991E-05 0.0240157 0.103627 0.0260312 0.107697 0.0788886 0.104349 0.303047 0.252243
0.219555 0.0158301 0.00943933 0.0523743 0.21056 0.111381 0.228986 9.9991E-05 0.151775
0.15998 0.0517709 0.0748702 0.0186032 0.0641013 0.00971799 0.153876 0.257888 0.209193
0.0415801 0.150319 9.9982E-05 9.9982E-05 0.029454 0.156926 0.13615 0.0854742 0.399897
0.0609099 9.9964E-05 0.0403807 0.229317 0.596308 9.9964E-05 9.9964E-05 0.0726854 9.9964E-05
0.247306 0.0700461 9.9973E-05 0.0364938 0.0765091 0.111062 0.458283 9.9973E-05 9.9973E-05
0.202339 0.0957389 0.088928 0.109655 0.271437 0.175282 0.0446652 9.9991E-05 0.0118551
0.0679143 0.147453 0.0703313 0.050519 0.0268157 0.0966306 0.366165 0.174071 9.9991E-05
0.349692 0.0932631 0.00197913 0.0225163 9.9982E-05 9.9982E-05 0.205949 0.259064 0.0673368
0.0822789 0.588947 0.00777176 9.99729E-05 9.99729E-05 0.0775075 9.99729E-05 0.0520055 0.19119
0.130303 0.02241 0.0352504 0.0340789 0.190938 0.0670555 9.9982E-05 0.519765 9.9982E-05
9.9955E-05 9.9955E-05 0.0276564 0.0197373 0.51553 9.9955E-05 9.9955E-05 0.436576 9.9955E-05
0.192707 0.0827693 0.0534122 9.9982E-05 0.0197694 0.0815967 0.20845 9.9982E-05 0.361096
0.124301 9.99639E-05 0.0577089 0.0194131 9.99639E-05 0.202699 9.99639E-05 9.99639E-05 0.595478
0.318436 9.9973E-05 0.0909628 0.106288 0.23327 9.9973E-05 0.13296 9.9973E-05 0.117783
9.9937E-05 9.9937E-05 0.0107119 9.9937E-05 9.9937E-05 9.9937E-05 0.988589 9.9937E-05 9.9937E-05
9.9982E-05 0.0109271 0.0469561 0.156748 9.9982E-05 0.0491996 0.262807 0.0692827 0.403879
0.122288 0.1403 0.015238 0.0289196 0.6271 9.9973E-05 0.0658541 9.9973E-05 9.9973E-05
0.145154 0.125549 0.0318603 0.0981169 9.9973E-05 9.9973E-05 9.9973E-05 0.50349 0.0955292
0.0360101 0.0368487 0.101752 0.0259295 0.0772135 0.208061 0.0754038 0.200581 0.2382
0.0485877 0.0814546 0.0377226 0.0345851 0.339253 0.205358 9.9991E-05 0.166819 0.0861207
0.00727296 0.020678 0.0339026 0.0911279 9.9991E-05 0.0891804 0.193242 0.157263 0.407234
9.9982E-05 0.0101726 0.0469687 0.0958442 9.9982E-05 0.119511 0.392194 0.158071 0.177039
9.9973E-05 0.138166 9.9973E-05 0.0118229 0.222323 9.9973E-05 0.337005 0.150534 0.13985
9.9964E-05 0.00879507 0.0478831 9.9964E-05 0.700439 0.0550029 9.9964E-05 9.9964E-05 0.18748
0.114631 9.9973E-05 9.9973E-05 0.138413 0.220453 9.9973E-05 0.0941874 0.204172 0.227843
0.105125 0.0265103 9.9982E-05 9.9982E-05 0.190037 0.160472 0.143701 0.234124 0.139832
0.0898169 0.055519 9.9982E-05 9.9982E-05 0.226036 0.0341461 0.0736982 0.194816 0.325768
0.171168 0.151104 0.076267 9.9973E-05 0.313594 0.128289 9.9973E-05 0.159278 9.9973E-05
0.174348 0.128071 0.0469328 9.9982E-05 0.10007 0.0663912 0.161085 0.322902 9.9982E-05
0.165215 0.159023 0.0862028 0.101301 0.326677 0.0974798 0.0310207 0.0329807 9.9991E-05
9.9973E-05 0.0293444 0.15506 9.9973E-05 0.0237342 0.11399 9.9973E-05 0.573558 0.104014
0.0606106 0.0385249 0.061881 0.047039 9.9991E-05 0.406366 0.170636 0.00621605 0.208626
0.198229 0.161779 0.0437645 0.131954 9.9991E-05 0.0557897 0.0262902 0.159084 0.223009
0.0183743 0.0442467 0.0149506 9.9973E-05 0.528624 0.169196 9.9973E-05 0.224309 9.9973E-05
0.0556543 9.9973E-05 0.0775525 0.0654861 9.9973E-05 9.9973E-05 0.1303 0.521669 0.149039
9.99641E-05 9.99641E-05 0.000524525 0.0942148 0.743378 0.0441035 9.99641E-05 0.11738 9.99641E-05
9.9973E-05 0.0604456 0.0224156 0.0622612 0.520358 9.9973E-05 0.120216 9.9973E-05 0.214004
0.0993664 0.0399569 0.0796474 0.0263288 0.174816 0.225977 0.0478138 9.9991E-05 0.305994
0.159967 9.9991E-05 0.00581821 0.11563 0.407754 0.0492555 0.115457 0.0955962 0.0504223
9.99459E-05 0.00197486 0.0140122 9.99459E-05 9.99459E-05 9.99459E-05 9.99459E-05 9.99459E-05 0.983413
0.0873413 0.0368914 0.134286 0.129395 0.0679922 0.11402 0.0053982 9.9991E-05 0.424575
0.38797 9.9973E-05 0.0468309 9.9973E-05 0.0691052 9.9973E-05 0.0292132 0.451225 0.0153557
9.9946E-05 0.898826 0.0877956 9.9946E-05 9.9946E-05 9.9946E-05 0.0127792 9.9946E-05 9.9946E-05
0.141846 9.9964E-05 9.9964E-05 0.149533 9.9964E-05 0.0415738 0.509581 0.157066 9.9964E-05
0.0266187 9.9946E-05 0.0229171 9.9946E-05 9.9946E-05 9.9946E-05 0.949865 9.9946E-05 9.9946E-05
0.00540136 9.9973E-05 0.0857594 0.130612 0.12395 9.9973E-05 0.32442 9.9973E-05 0.329557
0.156933 0.0156179 0.0455848 9.9964E-05 9.9964E-05 0.0541767 9.9964E-05 0.727287 9.9964E-05
0.129945 0.00787808 0.003044 9.9982E-05 0.234487 0.138969 0.310885 9.9982E-05 0.174592
0.0637851 0.207161 0.126328 0.0296931 9.9991E-05 0.206933 0.161523 0.111391 0.0930854
9.9964E-05 0.1835 9.9964E-05 0.108779 0.110642 9.9964E-05 9.9964E-05 0.236658 0.360021
0.455922 0.0179608 0.0854751 9.9982E-05 0.0925266 0.12244 0.178045 9.9982E-05 0.0474313
0.313141 0.0822625 0.101786 0.00194672 0.146999 0.0196977 0.165589 9.9991E-05 0.168478
0.309009 0.0579063 0.0251229 0.0772797 0.0161591 0.0179071 9.9991E-05 0.32067 0.175846
0.531908 0.118217 9.9964E-05 0.205604 0.0580501 9.9964E-05 0.0858221 9.9964E-05 9.9964E-05
0.113723 0.022072 0.0311336 0.0535894 0.0294429 0.272641 9.9991E-05 0.205965 0.271333
0.0733206 0.0469712 0.0756022 0.0385947 9.99641E-05 9.99641E-05 9.99641E-05 9.99641E-05 0.765111
9.9973E-05 0.0618423 0.0300529 0.030867 9.9973E-05 0.0939123 9.9973E-05 0.0780675 0.704958
9.99549E-05 9.99549E-05 9.99549E-05 0.0178103 9.99549E-05 9.99549E-05 0.111697 0.167499 0.702494
0.09697 0.0792734 0.0403605 9.9982E-05 0.0135237 0.03769 9.9982E-05 0.00087557 0.731107
0.0543583 0.093259 0.0971719 0.0492229 0.0236188 0.0747271 0.116308 0.196664 0.29467
0.128898 0.0239437 0.0114211 9.9973E-05 9.9973E-05 9.9973E-05 0.223247 0.54893 0.0632611
9.9973E-05 0.167504 9.9973E-05 0.0704399 0.206137 0.20348 9.9973E-05 0.177661 0.174478
0.0486677 0.0207501 0.0945592 0.0500583 9.9973E-05 0.0988939 9.9973E-05 0.686771 9.9973E-05
0.349351 0.052113 9.99641E-05 9.99641E-05 0.104958 9.99641E-05 0.124768 9.99641E-05 0.368409
9.9964E-05 9.9964E-05 9.9964E-05 0.0160734 0.570524 0.213794 0.040278 9.9964E-05 0.15893
0.0880329 9.99639E-05 0.0344143 9.99639E-05 9.99639E-05 9.99639E-05 0.720812 0.117126 0.0392142
0.0093145 9.99641E-05 0.0455646 0.02266 0.478399 9.99641E-05 9.99641E-05 9.99641E-05 0.443662
0.35173 0.141988 0.0592747 0.0457298 0.0272831 9.9982E-05 0.257809 9.9982E-05 0.115986
9.9973E-05 9.9973E-05 0.0427155 9.9973E-05 0.549178 0.00132116 0.0972941 0.290922 0.0182698
9.9937E-05 0.958523 9.9937E-05 0.0407774 9.9937E-05 9.9937E-05 9.9937E-05 9.9937E-05 9.9937E-05
0.384845 0.0365175 0.0211899 0.0493595 0.507689 9.9964E-05 9.9964E-05 9.9964E-05 9.9964E-05
9.9982E-05 9.9982E-05 0.0666837 0.0877678 0.0320318 0.0648047 0.294573 0.417114 0.0368258
0.418846 0.102615 0.0235845 9.9973E-05 0.157334 0.197952 0.0993686 9.9973E-05 9.9973E-05
9.9964E-05 9.9964E-05 0.0275217 0.11331 9.9964E-05 9.9964E-05 0.294436 0.348294 0.216039
9.9982E-05 0.0580905 0.019372 0.0700201 9.9982E-05 0.142205 0.16493 0.19275 0.352432
9.9973E-05 0.0508152 9.9973E-05 0.087211 0.215673 0.107337 0.310834 9.9973E-05 0.22783
9.99551E-05 9.99551E-05 0.0141651 9.99551E-05 9.99551E-05 0.00881963 9.99551E-05 0.625071 0.351444
0.121335 0.477031 0.0621147 9.9973E-05 0.115777 9.9973E-05 9.9973E-05 0.028423 0.19502
0.213254 0.212246 9.9982E-05 9.9982E-05 0.206172 0.0235928 0.195829 0.0985164 0.0501908
0.153395 0.0990966 0.0011382 9.9982E-05 0.336834 0.0443108 0.128232 0.236792 9.9982E-05
9.993E-05 0.999201 9.993E-05 9.993E-05 9.993E-05 9.993E-05 9.993E-05 9.993E-05 9.993E-05
0.222784 0.105939 0.07253 0.134783 9.9991E-05 0.0997488 0.0214649 0.265644 0.077005
9.99459E-05 9.99459E-05 0.0179974 0.953125 9.99459E-05 9.99459E-05 9.99459E-05 9.99459E-05 0.0282782
0.195171 0.09265 0.0547582 0.136625 0.131187 0.0561174 0.234606 0.0987854 9.9991E-05
0.152002 9.9964E-05 9.9964E-05 0.00729549 9.9964E-05 0.146024 0.0594051 0.634874 9.9964E-05
0.171295 9.9973E-05 9.9973E-05 9.9973E-05 0.291613 0.0980799 0.0728664 0.264664 0.101182
9.9991E-05 0.105058 0.0566752 0.0195164 0.175112 0.0153339 0.305356 0.13886 0.183988
0.360898 0.143575 0.025751 0.0928784 0.0982294 0.0145927 9.9982E-05 0.263875 9.9982E-05
0.0106058 0.032614 0.077583 0.035732 0.410424 0.0501127 0.201386 9.9991E-05 0.181443
0.284835 9.9973E-05 0.0429577 0.129699 9.9973E-05 9.9973E-05 0.169067 0.33187 0.041271
9.9973E-05 0.131073 0.0980968 0.0702278 0.297666 9.9973E-05 9.9973E-05 0.249631 0.153006
0.0045636 0.0638222 0.0125418 0.0729033 9.9991E-05 0.237086 0.101018 0.345738 0.162228
0.12617 0.479213 0.0101996 0.0234911 0.0613235 9.9991E-05 0.0367109 0.126673 0.136118
0.174865 0.0853842 9.9973E-05 9.9973E-05 9.9973E-05 0.0800262 0.286944 0.254769 0.117712
9.9937E-05 0.981234 0.0180669 9.9937E-05 9.9937E-05 9.9937E-05 9.9937E-05 9.9937E-05 9.9937E-05
0.164681 9.9973E-05 9.9973E-05 0.118946 0.0704688 0.132667 0.066147 0.44679 9.9973E-05
0.101633 9.9982E-05 0.0893268 0.000442899 0.13487 0.0674234 0.584578 9.9982E-05 0.0215254
0.0699968 0.0200092 9.99756E-05 0.01227 0.0340343 9.99756E-05 9.99756E-05 0.635486 0.227904
0.280822 9.9973E-05 0.114354 0.0291957 0.230504 9.9973E-05 0.00379714 0.341026 9.9973E-05
0.0628714 0.0914241 0.0250336 0.00319302 9.9973E-05 9.9973E-05 0.0380452 9.9973E-05 0.779133
0.0831894 0.389625 0.134861 9.9973E-05 9.9973E-05 9.9973E-05 0.0631537 0.0524869 0.276384
9.9964E-05 0.203872 0.0773513 0.0478935 0.0607211 9.9964E-05 9.9964E-05 9.9964E-05 0.609762
0.105436 9.9973E-05 9.9973E-05 0.0333344 0.210834 0.329743 9.9973E-05 0.169151 0.151202
0.0490266 0.0904783 0.031283 9.9973E-05 0.313968 9.9973E-05 9.9973E-05 0.30838 0.206564
0.51693 9.99371E-05 9.99371E-05 9.99371E-05 9.99371E-05 9.99371E-05 9.99371E-05 9.99371E-05 0.482371
9.9964E-05 9.9964E-05 0.0905132 9.9964E-05 0.19673 0.13987 0.0238024 0.548685 9.9964E-05
0.0280242 0.204968 0.0204084 0.0347026 0.219816 9.9991E-05 0.0177225 0.370499 0.10376
9.9946E-05 9.9946E-05 9.9946E-05 9.9946E-05 0.498233 9.9946E-05 9.9946E-05 0.3278 0.173367
0.00443008 0.118594 0.0923124 0.019074 0.671586 0.0274332 0.0663704 9.9982E-05 9.9982E-05
0.161042 0.0707465 0.0226788 9.9973E-05 0.00552627 9.9973E-05 0.593451 9.9973E-05 0.146255
0.0515387 0.0672549 0.0648453 0.0359247 9.9991E-05 0.0378136 0.146312 0.0367318 0.559479
0.037954 0.341967 9.9973E-05 9.9973E-05 0.0241176 9.9973E-05 0.0088166 0.369408 0.217437
0.145502 0.186324 0.0993665 9.9982E-05 9.9982E-05 0.0746784 0.00764291 0.448169 0.0381173
9.9964E-05 0.0264521 9.9964E-05 0.0764758 9.9964E-05 9.9964E-05 0.260218 0.627289 0.00916524
9.9964E-05 9.9964E-05 0.097191 0.00573316 0.351479 9.9964E-05 9.9964E-05 0.479323 0.0658741
0.0999224 9.99369E-05 9.99369E-05 9.99369E-05 9.99369E-05 0.899378 9.99369E-05 9.99369E-05 9.99369E-05
9.993E-05 9.993E-05 9.993E-05 9.993E-05 9.993E-05 0.999201 9.993E-05 9.993E-05 9.993E-05
0.102498 0.0415322 0.0570733 0.0193946 0.405644 9.9991E-05 0.130235 0.0116358 0.231887
0.150026 9.9982E-05 0.0223713 0.0810608 0.114685 9.9982E-05 0.0833635 0.145322 0.402971
0.129138 0.00560862 0.0561069 0.0910789 0.121148 9.9973E-05 9.9973E-05 9.9973E-05 0.59662
0.115615 9.9973E-05 0.0631262 0.0365615 0.0108168 0.0273137 9.9973E-05 0.746267 9.9973E-05
0.0159528 0.100111 0.00238268 0.045129 0.384717 9.9982E-05 9.9982E-05 0.334687 0.116821
0.040628 0.192324 0.0159378 0.0329884 0.543093 9.9991E-05 0.0976294 0.0672939 0.0100058
0.289169 0.0745598 0.0464234 0.0714941 9.9973E-05 9.9973E-05 0.248944 9.9973E-05 0.269109
0.116262 0.50215 0.0743731 9.9973E-05 9.9973E-05 0.0514418 0.246387 0.00908576 9.9973E-05
0.205583 9.99877E-05 0.0201195 0.0579043 9.99877E-05 0.0135419 0.19906 0.249116 0.254476
9.993E-05 9.993E-05 0.999201 9.993E-05 9.993E-05 9.993E-05 9.993E-05 9.993E-05 9.993E-05
9.9955E-05 9.9955E-05 0.0378234 0.0626159 9.9955E-05 9.9955E-05 0.545206 9.9955E-05 0.353855
9.9964E-05 9.9964E-05 0.0179601 0.298901 9.9964E-05 0.217771 0.345106 0.119861 9.9964E-05
0.111165 9.9964E-05 0.0232599 0.095953 0.768187 0.0010359 9.9964E-05 9.9964E-05 9.9964E-05
9.9973E-05 9.9973E-05 0.0583037 0.163064 9.9973E-05 0.05708 0.0643679 0.055184 0.601701
9.9964E-05 0.094032 0.134769 9.9964E-05 0.233057 0.0690786 9.9964E-05 9.9964E-05 0.468664
0.143587 0.0219052 0.0267872 9.9973E-05 0.282944 0.206414 9.9973E-05 9.9973E-05 0.318063
0.256549 9.9964E-05 0.0259849 9.9964E-05 0.399569 9.9964E-05 0.112853 9.9964E-05 0.204645
0.266005 0.125342 0.103303 0.0252398 0.047642 0.157816 0.233646 0.0409061 9.9991E-05
9.99639E-05 9.99639E-05 0.0599452 9.99639E-05 0.321574 9.99639E-05 0.137648 0.0860571 0.394376
9.9982E-05 9.9982E-05 0.0229929 0.000502542 0.235046 0.208218 0.157355 0.148745 0.226941
9.9946E-05 0.0902367 9.9946E-05 9.9946E-05 9.9946E-05 0.162927 0.746237 9.9946E-05 9.9946E-05
0.05275 0.109008 0.0603187 9.9964E-05 9.9964E-05 9.9964E-05 0.277989 0.499534 9.9964E-05
0.136023 0.0382573 0.0675258 0.0118233 0.27445 0.0855338 0.141764 0.127175 0.117448
9.993E-05 9.993E-05 0.999201 9.993E-05 9.993E-05 9.993E-05 9.993E-05 9.993E-05 9.993E-05
0.302361 9.99639E-05 0.388707 9.99639E-05 0.0731923 9.99639E-05 0.160719 9.99639E-05 0.0746206
0.0573789 0.0276167 9.9982E-05 0.052594 9.9982E-05 0.232824 0.101741 0.134226 0.39342
9.9982E-05 0.0667246 0.0831781 0.0471863 0.163171 0.00908329 0.0787521 0.551704 9.9982E-05
9.9955E-05 9.9955E-05 0.0580641 0.00796618 0.115521 9.9955E-05 0.817949 9.9955E-05 9.9955E-05
0.24446 9.9982E-05 0.0420494 9.9982E-05 0.270076 0.0345026 0.195657 0.0129472 0.200107
9.9964E-05 9.9964E-05 0.07207 0.147493 9.9964E-05 0.128662 9.9964E-05 0.309928 0.341447
9.993E-05 9.993E-05 9.993E-05 9.993E-05 9.993E-05 0.999201 9.993E-05 9.993E-05 9.993E-05
0.337352 0.115782 0.0341761 9.9982E-05 0.20097 0.0213657 0.111366 9.9982E-05 0.178789
9.9973E-05 0.182077 9.9973E-05 9.9973E-05 0.243897 0.109203 0.0529858 0.222237 0.1893
0.224941 0.0445009 0.103473 0.115757 0.16333 0.0331779 9.9991E-05 0.263454 0.0512661
9.9982E-05 0.157467 0.0779542 0.0068625 9.9982E-05 0.0488048 0.349718 0.142379 0.216615
0.0250988 9.9973E-05 0.0110184 0.032757 0.252694 0.495269 9.9973E-05 9.9973E-05 0.182863
0.280494 9.9991E-05 0.0654821 0.0280522 0.104784 0.0166172 0.240155 0.146585 0.117731
0.129339 9.9973E-05 9.9973E-05 0.131838 0.0222521 9.9973E-05 0.027602 0.17612 0.512549
0.0604238 9.9973E-05 0.0896138 9.9973E-05 0.0586142 0.0195249 9.9973E-05 0.499821 0.271702
0.186524 9.9982E-05 0.00753333 0.091943 0.0137116 0.0849964 0.170987 0.444105 9.9982E-05
9.99369E-05 9.99369E-05 9.99369E-05 0.979536 0.0197641 9.99369E-05 9.99369E-05 9.99369E-05 9.99369E-05
9.9964E-05 0.0315526 9.9964E-05 0.0675976 0.55283 0.0970886 9.9964E-05 9.9964E-05 0.250532
0.999201 9.993E-05 9.993E-05 9.993E-05 9.993E-05 9.993E-05 9.993E-05 9.993E-05 9.993E-05
0.244119 0.131506 0.112482 9.9982E-05 0.258261 9.9982E-05 0.0788497 0.139116 0.0354663
9.9964E-05 9.9964E-05 0.0800346 9.9964E-05 0.323119 0.29458 0.297509 0.00435776 9.9964E-05
9.9973E-05 0.132251 9.9973E-05 9.9973E-05 0.0826535 0.0233097 0.256792 0.340806 0.163888
9.9982E-05 0.0136147 0.05928 0.0100477 9.9982E-05 0.0681525 0.134023 0.343576 0.371106
9.993E-05 9.993E-05 9.993E-05 0.999201 9.993E-05 9.993E-05 9.993E-05 9.993E-05 9.993E-05
0.096787 0.0120055 0.0411166 0.0300789 0.0781396 9.9991E-05 0.187744 0.270491 0.283537
0.19866 0.0444031 0.124684 0.181594 0.0529261 0.0862065 0.268484 0.0429412 9.9991E-05
0.0291328 9.9982E-05 0.0175018 9.9982E-05 0.0428083 0.0031836 0.287231 0.186025 0.433918
0.177569 0.0241161 0.0185724 9.9982E-05 0.205699 0.121876 0.107479 9.9982E-05 0.344488
