0.686996 0.00409941 9.99549E-05 0.0151997 9.99549E-05 0.0978797 0.195326 9.99549E-05 9.99549E-05 9.99549E-05
0.0601502 0.0871909 0.160503 0.391486 9.9982E-05 9.9982E-05 0.167748 0.0741544 0.000386273 0.0581818
0.043505 0.131417 0.166593 0.160455 0.0234085 0.0855043 0.343896 9.9991E-05 0.0240272 0.021095
0.0228967 0.0361662 0.557018 9.9973E-05 0.0710741 9.9973E-05 0.107229 9.9973E-05 0.114809 0.0905077
9.9973E-05 9.9973E-05 0.402675 0.20741 0.0837414 9.9973E-05 0.147404 0.0675874 0.0390991 0.0517839
9.9973E-05 9.9973E-05 0.370315 0.248059 0.0524296 0.0550172 0.0126504 0.139161 0.122068 9.9973E-05
0.271376 9.99729E-05 0.158823 9.99729E-05 0.0875 0.104754 0.325863 9.99729E-05 0.00807958 0.043305
0.250542 0.103862 0.305708 0.138181 0.054255 9.9973E-05 9.9973E-05 0.13677 9.9973E-05 0.0103821
0.0759151 9.9964E-05 0.0574268 0.241019 9.9964E-05 0.406117 9.9964E-05 0.174947 9.9964E-05 0.0441756
9.9973E-05 9.9973E-05 0.258557 9.9973E-05 0.0475231 0.284249 0.0410032 0.106854 0.170996 0.0905173
9.99549E-05 0.0964694 9.99549E-05 9.99549E-05 9.99549E-05 0.537653 0.19242 0.0734786 0.0994801 9.99549E-05
9.99369E-05 9.99369E-05 9.99369E-05 0.609499 9.99369E-05 0.371634 9.99369E-05 0.0181675 9.99369E-05 9.99369E-05
9.9973E-05 9.9973E-05 0.284381 9.9973E-05 0.128964 0.0975519 0.135744 0.19196 0.0797821 0.081317
0.242386 0.0610238 0.033366 0.269488 0.0290879 9.9982E-05 9.9982E-05 0.269612 0.0662653 0.0285704
9.99549E-05 0.101815 9.99549E-05 0.104692 0.00811358 9.99549E-05 9.99549E-05 0.77981 0.00506972 9.99549E-05
0.275122 0.285587 9.9973E-05 0.148776 0.0683184 9.9973E-05 0.00356702 9.9973E-05 0.0591248 0.159204
9.99201E-05 9.99201E-05 9.99201E-05 9.99201E-05 9.99201E-05 9.99201E-05 9.99201E-05 0.999101 9.99201E-05 9.99201E-05
0.27739 0.051718 9.9982E-05 9.9982E-05 0.144234 0.148362 0.0246541 0.113187 0.0610839 0.17917
0.114782 9.9973E-05 0.180618 0.230192 0.0326015 0.175767 0.160069 0.105671 9.9973E-05 9.9973E-05
0.0977605 9.9955E-05 9.9955E-05 9.9955E-05 0.0559552 0.0316912 0.664829 9.9955E-05 9.9955E-05 0.149265
0.00294249 9.99729E-05 0.284353 9.99729E-05 0.0758654 0.199385 0.260329 0.159841 0.0169849 9.99729E-05
0.0543334 0.0348018 0.202668 9.9973E-05 0.00581476 0.261312 0.0443932 0.396377 9.9973E-05 9.9973E-05
0.154692 0.0575319 0.216318 0.0121607 0.133696 0.0746543 0.223716 0.0618965 0.0492706 0.0160642
0.0270217 0.0802777 0.1306 0.215929 9.9973E-05 9.9973E-05 0.275656 0.12635 9.9973E-05 0.143866
9.9946E-05 9.9946E-05 9.9946E-05 9.9946E-05 0.0518388 0.663461 9.9946E-05 0.183645 0.100456 9.9946E-05
0.327126 0.0577117 0.0830559 9.9973E-05 9.9973E-05 9.9973E-05 0.268241 0.209522 0.00948703 0.0445557
0.00499012 0.181155 9.9982E-05 0.0963811 0.107159 0.267897 0.151797 9.9982E-05 0.0919161 0.0985056
0.177288 0.0856507 0.15167 0.0750696 0.0734478 0.135509 0.0194655 0.199915 0.0112531 0.0707319
9.9973E-05 9.9973E-05 0.269779 0.0912715 9.9973E-05 0.00034996 0.0832555 0.334941 0.0943602 0.125743
0.00845483 0.0481837 0.167995 9.99729E-05 0.0429707 9.99729E-05 0.103129 0.0380481 9.99729E-05 0.590918
9.9973E-05 0.0727365 9.9973E-05 0.363796 0.0146099 0.0784435 0.311204 0.112633 0.0462774 9.9973E-05
9.9946E-05 9.9946E-05 9.9946E-05 9.9946E-05 0.0249034 0.8323 0.0855388 9.9946E-05 0.0566577 9.9946E-05
0.0227215 9.9973E-05 0.459016 0.138055 0.0786615 9.9973E-05 0.24178 0.00718362 9.9973E-05 0.0522826
9.99639E-05 0.149727 9.99639E-05 0.133579 0.069913 9.99639E-05 0.417637 0.177555 0.0511895 9.99639E-05
0.0667465 9.9982E-05 0.00555939 0.0978015 0.0545457 0.220666 0.0617322 0.429432 0.0633162 9.9982E-05
0.999101 9.99201E-05 9.99201E-05 9.99201E-05 9.99201E-05 9.99201E-05 9.99201E-05 9.99201E-05 9.99201E-05 9.99201E-05
0.115768 9.9955E-05 0.383126 0.0578159 9.9955E-05 9.9955E-05 0.271415 9.9955E-05 0.171375 9.9955E-05
0.0670797 9.9937E-05 9.9937E-05 9.9937E-05 9.9937E-05 0.755673 9.9937E-05 0.176548 9.9937E-05 9.9937E-05
9.99724E-05 9.99724E-05 0.271442 0.30864 9.99724E-05 9.99724E-05 0.0515249 0.162648 0.154213 0.051132
0.0783211 0.13819 9.9982E-05 0.252658 0.14425 0.0466522 0.281763 0.057328 0.00063657 9.9982E-05
0.0455278 0.202 0.0708481 9.9982E-05 0.0191598 0.297638 0.310364 9.9982E-05 0.0320704 0.0221918
9.9964E-05 0.0478307 0.235532 9.9964E-05 0.0280397 9.9964E-05 0.438239 9.9964E-05 0.124201 0.125757
0.039991 0.0615048 0.659675 9.9964E-05 0.0748956 0.0959658 9.9964E-05 9.9964E-05 0.0675683 9.9964E-05
0.179383 0.0209633 0.246937 9.9964E-05 9.9964E-05 0.44842 0.102608 9.9964E-05 9.9964E-05 0.00128884
9.99549E-05 0.0902956 0.0294601 9.99549E-05 0.00180529 0.865307 9.99549E-05 9.99549E-05 9.99549E-05 0.0126318
0.209818 9.9973E-05 0.0436896 0.310548 9.9973E-05 0.0764669 0.112206 0.0756839 0.171287 9.9973E-05
0.0401481 0.0359867 0.080163 0.118736 9.9991E-05 0.173482 0.206616 0.267975 0.0720215 0.00477108
9.9964E-05 0.0873916 0.335871 0.350156 9.9964E-05 9.9964E-05 0.112677 9.9964E-05 0.016617 0.096888
9.9964E-05 0.0835154 9.9964E-05 0.0948363 0.0712926 0.329457 0.359219 9.9964E-05 9.9964E-05 0.0612802
0.0846013 0.0477994 0.281563 0.164814 0.0634334 9.9982E-05 0.0384795 0.256661 9.9982E-05 0.0624492
0.150173 0.0170096 0.0217559 9.9982E-05 0.0726956 0.120942 9.9982E-05 0.530994 0.0645393 0.0216909
0.0535585 0.0636545 0.00343708 0.490922 0.12052 9.9982E-05 0.25098 9.9982E-05 0.0111659 0.00556184
9.9973E-05 0.345891 0.329088 0.112445 0.0384609 9.9973E-05 0.0490805 9.9973E-05 0.0361655 0.088569
0.170657 0.126831 0.10504 0.0526435 0.0258119 0.0475384 0.000607949 0.114871 0.216517 0.139482
0.00333961 0.1476 0.147404 0.478087 9.9955E-05 9.9955E-05 9.9955E-05 9.9955E-05 9.9955E-05 0.223069
0.127607 9.9982E-05 0.36768 0.149794 0.100383 0.046171 0.0689996 0.0218545 0.117312 9.9982E-05
0.00924412 0.0683348 0.235854 0.243576 9.9973E-05 0.373044 9.9973E-05 0.0389232 0.0307237 9.9973E-05
9.9964E-05 9.9964E-05 0.421137 0.139182 0.000291426 0.32032 9.9964E-05 9.9964E-05 0.0108627 0.107806
9.9982E-05 0.0976518 9.9982E-05 0.332533 0.0487954 0.0971586 0.301546 0.0128878 0.105698 0.00352898
0.115045 0.0323161 0.0127358 0.310766 0.0592893 0.320032 0.00926064 9.9982E-05 0.140355 9.9982E-05
9.99201E-05 9.99201E-05 9.99201E-05 9.99201E-05 9.99201E-05 9.99201E-05 0.999101 9.99201E-05 9.99201E-05 9.99201E-05
0.0113193 0.00767801 9.9973E-05 9.9973E-05 0.133032 0.118963 0.543472 0.129455 0.0557805 9.9973E-05
0.0467913 9.9982E-05 0.0945342 0.0557402 0.0650362 0.000509043 0.327251 0.387613 9.9982E-05 0.0223246
9.9937E-05 9.9937E-05 9.9937E-05 9.9937E-05 0.0754397 9.9937E-05 0.0824459 9.9937E-05 9.9937E-05 0.841415
0.403117 0.0858452 0.053595 0.0803857 9.9973E-05 9.9973E-05 0.162881 0.093656 0.12022 9.9973E-05
0.772382 0.134717 9.9946E-05 9.9946E-05 9.9946E-05 9.9946E-05 0.0812271 9.9946E-05 0.0110745 9.9946E-05
0.203499 9.9964E-05 9.9964E-05 0.0673632 0.0345816 9.9964E-05 0.505221 0.0762374 0.112699 9.9964E-05
9.9973E-05 9.9973E-05 0.319564 0.174866 0.038894 0.0248666 0.0309882 0.403392 9.9973E-05 0.00712989
0.193111 0.0184435 0.0805198 9.9973E-05 0.022886 0.0300215 0.600416 0.054302 9.9973E-05 9.9973E-05
0.0602805 0.146681 0.321452 9.9991E-05 0.0988103 0.0486938 0.0990015 0.0425924 0.0173413 0.165048
9.9973E-05 9.9973E-05 0.00722158 0.605544 0.0163792 0.0400356 0.0385686 9.9973E-05 0.133487 0.158464
0.237671 0.0440025 9.9973E-05 9.9973E-05 0.0138768 0.110664 0.155928 0.391033 9.9973E-05 0.0465261
0.0495941 9.9991E-05 0.0660896 0.207028 0.0760695 0.0281103 0.249552 0.24572 0.0361373 0.0415993
9.9982E-05 0.00562064 0.0422073 0.276704 0.0640901 0.114532 0.211388 0.279478 9.9982E-05 0.00577936
9.9955E-05 9.9955E-05 0.249892 9.9955E-05 9.9955E-05 0.211893 9.9955E-05 0.265539 0.250756 0.0214202
9.9946E-05 0.146181 9.9946E-05 0.793571 0.0038723 9.9946E-05 9.9946E-05 9.9946E-05 0.0557756 9.9946E-05
9.9973E-05 9.9973E-05 0.402742 0.0589718 0.147528 0.157242 0.167054 0.028231 0.0379313 9.9973E-05
9.99459E-05 0.00411767 9.99459E-05 9.99459E-05 9.99459E-05 9.99459E-05 0.856374 0.0773813 0.0615273 9.99459E-05
0.00125314 9.9946E-05 0.0111371 0.0187185 9.9946E-05 9.9946E-05 0.968292 9.9946E-05 9.9946E-05 9.9946E-05
9.9955E-05 0.0200985 9.9955E-05 0.142778 0.00398386 9.9955E-05 0.801838 9.9955E-05 9.9955E-05 0.0308014
9.99729E-05 0.0186743 0.193063 9.99729E-05 0.0820185 0.234722 0.285701 0.14185 0.043672 9.99729E-05
0.324757 9.9973E-05 0.203871 0.00166165 9.9973E-05 9.9973E-05 0.108841 0.202489 0.10227 0.0558106
9.9955E-05 9.9955E-05 9.9955E-05 0.211577 9.9955E-05 0.256762 0.32762 9.9955E-05 0.0380445 0.165498
9.9982E-05 0.0983431 0.277282 0.11793 0.1087 9.9982E-05 0.153383 0.0461013 0.155957 0.0421048
0.181119 9.9973E-05 9.9973E-05 0.3828 0.051382 9.9973E-05 0.195638 0.0873405 0.0692208 0.0322005
9.9964E-05 0.0877317 0.244041 0.0768137 9.9964E-05 0.314251 0.242697 9.9964E-05 0.0340653 9.9964E-05
0.832027 9.99459E-05 0.0504514 0.115524 0.00139839 9.99459E-05 9.99459E-05 9.99459E-05 9.99459E-05 9.99459E-05
9.9955E-05 9.9955E-05 9.9955E-05 0.703072 0.00803142 0.27408 9.9955E-05 0.000183047 0.0141345 9.9955E-05
0.304023 0.0642064 9.9991E-05 0.0598578 0.0512546 0.0173845 0.0374095 0.100806 0.111146 0.253813
9.9937E-05 9.9937E-05 0.479418 9.9937E-05 0.0860694 0.433813 9.9937E-05 9.9937E-05 9.9937E-05 9.9937E-05
0.0270019 9.9937E-05 9.9937E-05 9.9937E-05 9.9937E-05 9.9937E-05 9.9937E-05 9.9937E-05 0.0249797 0.947319
9.9955E-05 9.9955E-05 9.9955E-05 0.142406 9.9955E-05 0.419344 0.0530358 0.344892 0.0398217 9.9955E-05
0.0890585 9.9964E-05 0.350405 0.0204651 0.0548045 9.9964E-05 0.353215 0.131651 9.9964E-05 9.9964E-05
0.0692747 0.183068 9.9973E-05 0.232919 0.0502591 9.9973E-05 0.00816505 0.428664 9.9973E-05 0.0273497
0.20809 0.0245841 0.127277 0.00171714 0.0366032 9.9982E-05 0.411276 0.170432 0.01982 9.9982E-05
0.0207786 9.9973E-05 0.509671 9.9973E-05 9.9973E-05 0.0467154 0.278929 0.0967958 0.0291682 0.0176416
0.0765765 0.0083331 0.581169 9.9964E-05 9.9964E-05 0.24118 0.0102783 9.9964E-05 0.082063 9.9964E-05
0.214697 9.99551E-05 9.99551E-05 0.542572 9.99551E-05 9.99551E-05 0.0887871 9.99551E-05 0.144547 0.0088969
0.0640591 9.9955E-05 9.9955E-05 9.9955E-05 0.0767251 0.150634 9.9955E-05 0.31199 9.9955E-05 0.396092
0.0809354 0.0148774 0.17148 0.0366921 9.9991E-05 0.0916505 0.107912 0.180878 0.00397457 0.311501
0.239862 0.0383861 0.0320638 0.18976 0.0242456 0.121933 0.00996046 0.157782 0.0482031 0.137804
9.99201E-05 9.99201E-05 9.99201E-05 9.99201E-05 9.99201E-05 9.99201E-05 9.99201E-05 9.99201E-05 9.99201E-05 0.999101
9.9991E-05 0.0357288 0.270877 0.0167336 0.0561627 0.057743 0.00265153 0.355635 0.0898499 0.114518
9.99279E-05 9.99279E-05 9.99279E-05 9.99279E-05 0.0107567 9.99279E-05 9.99279E-05 9.99279E-05 0.988444 9.99279E-05
9.9973E-05 0.0352939 0.415879 9.9973E-05 0.0221014 0.166183 9.9973E-05 0.282318 0.0652869 0.0126376
9.9964E-05 0.0700921 0.633338 9.9964E-05 9.9964E-05 0.0573751 0.0300043 0.199976 0.00881489 9.9964E-05
0.0225304 0.201637 0.17286 0.260207 9.9982E-05 0.0255978 0.0417589 0.255392 0.019816 9.9982E-05
0.183343 9.99639E-05 0.0929851 0.342253 0.0612239 9.99639E-05 0.230314 9.99639E-05 9.99639E-05 0.0894802
0.00916449 0.047318 9.9982E-05 0.319348 9.9982E-05 0.00552901 0.215081 0.127946 0.111943 0.163471
0.123428 0.0407127 0.0916378 0.137919 0.0692715 0.0767302 0.329603 0.00775909 0.0263892 0.0965493
9.9946E-05 9.9946E-05 0.510277 9.9946E-05 0.0466706 9.9946E-05 9.9946E-05 0.259127 0.183326 9.9946E-05
9.9982E-05 9.9982E-05 0.21887 0.139424 0.0443338 0.323969 0.0970681 0.0547518 0.0518504 0.0695331
9.9982E-05 0.0880362 0.371514 0.0334039 9.9982E-05 0.0205401 0.360467 0.00785216 0.0855397 0.032447
9.9964E-05 9.9964E-05 0.0815722 9.9964E-05 0.0509668 0.0262908 0.158464 0.290667 9.9964E-05 0.39164
9.99549E-05 9.99549E-05 0.560458 0.101777 9.99549E-05 9.99549E-05 0.158288 0.138252 0.0407264 9.99549E-05
9.99201E-05 9.99201E-05 9.99201E-05 9.99201E-05 9.99201E-05 9.99201E-05 9.99201E-05 9.99201E-05 9.99201E-05 0.999101
0.0570326 0.0133513 0.147702 0.00344514 9.9973E-05 0.25214 9.9973E-05 0.365135 0.160894 9.9973E-05
0.470153 0.00762057 9.9955E-05 9.9955E-05 0.0654644 0.128574 0.327689 9.9955E-05 9.9955E-05 9.9955E-05
9.9982E-05 0.0174611 0.711675 9.9982E-05 0.00883845 0.144608 0.054907 0.0275111 0.00480629 0.0299935
0.174334 9.9973E-05 9.9973E-05 0.00132731 0.0619136 0.533681 9.9973E-05 0.175803 0.0255069 0.0271334
0.0110123 0.0238563 0.345014 0.0435106 0.0997793 9.9991E-05 0.210087 0.129581 0.0449797 0.0920798
0.0205485 0.0291947 0.000372708 9.9982E-05 0.088277 0.0490035 0.0302421 0.362494 9.9982E-05 0.419667
9.9973E-05 9.9973E-05 0.363863 0.0426671 0.103189 0.176254 9.9973E-05 0.10823 0.0475773 0.15792
9.9982E-05 0.200913 0.0710707 0.324766 0.0243412 0.0788343 0.0119661 0.202788 0.0851214 9.9982E-05
0.0294571 0.0673093 0.0248178 0.320494 0.0212726 0.277585 9.9982E-05 9.9982E-05 0.0356355 0.223229
9.99461E-05 9.99461E-05 0.056477 0.597418 9.99461E-05 9.99461E-05 0.0110611 0.334444 9.99461E-05 9.99461E-05
9.9973E-05 0.0265518 0.319442 0.0506091 0.0860721 0.423487 0.037003 0.0565356 9.9973E-05 9.9973E-05
0.0589073 9.9982E-05 9.9982E-05 0.104307 0.0143499 0.0624758 0.543177 0.0586091 0.0259791 0.131995
9.99639E-05 0.110205 0.291558 0.4462 0.00499146 0.137393 0.00925376 9.99639E-05 9.99639E-05 9.99639E-05
9.9955E-05 0.0579059 9.9955E-05 9.9955E-05 9.9955E-05 0.566506 0.12291 0.201943 9.9955E-05 0.0502353
0.510929 9.9973E-05 0.0624374 0.0146556 9.9973E-05 0.040076 0.0883671 0.268154 9.9973E-05 0.015081
0.0352541 9.9973E-05 0.493358 0.160637 0.101359 9.9973E-05 0.123092 9.9973E-05 0.0711459 0.0148543
0.0962943 9.9982E-05 0.0728124 0.204583 0.0385051 0.0366638 0.0391796 0.267067 9.9982E-05 0.244694
9.9982E-05 0.0436548 0.184227 0.0769385 0.0725409 9.9982E-05 0.279871 0.174733 0.056155 0.111679
0.216599 9.9973E-05 0.446536 0.228306 0.00283047 0.00388515 9.9973E-05 9.9973E-05 0.0855134 0.0160304
0.0341446 9.9973E-05 9.9973E-05 0.305685 0.0840853 0.298371 0.222461 9.9973E-05 0.0478035 0.00714906
9.99356E-05 0.883271 9.99356E-05 0.11593 9.99356E-05 9.99356E-05 9.99356E-05 9.99356E-05 9.99356E-05 9.99356E-05
9.99201E-05 0.999101 9.99201E-05 9.99201E-05 9.99201E-05 9.99201E-05 9.99201E-05 9.99201E-05 9.99201E-05 9.99201E-05
0.079944 0.0623019 0.263331 0.166659 0.0741592 0.339398 9.9973E-05 9.9973E-05 0.0139071 9.9973E-05
0.0779644 9.9964E-05 9.9964E-05 0.129556 0.0128757 0.119928 0.601304 9.9964E-05 0.0579726 9.9964E-05
0.0641568 9.9964E-05 0.299303 0.340144 0.0819697 0.0821125 9.9964E-05 9.9964E-05 0.131914 9.9964E-05
9.9973E-05 0.0912974 0.115352 0.105178 0.0426472 0.108138 9.9973E-05 0.415445 0.121643 9.9973E-05
9.9964E-05 0.0607916 9.9964E-05 0.392918 9.9964E-05 0.105549 0.291122 9.9964E-05 0.0465247 0.102695
0.168139 9.99549E-05 9.99549E-05 0.362612 0.0195623 0.418692 0.0304954 9.99549E-05 9.99549E-05 9.99549E-05
0.208552 0.106298 0.034253 0.147778 0.0593252 9.9991E-05 0.252068 0.0279972 0.0869308 0.0766981
0.113894 9.9982E-05 0.0662156 9.9982E-05 0.0830908 0.088812 0.0658453 0.309174 0.0364309 0.236337
0.0638098 0.0136148 0.3419 0.340997 9.9973E-05 9.9973E-05 0.0159456 0.201947 0.0214867 9.9973E-05
9.99201E-05 9.99201E-05 9.99201E-05 9.99201E-05 0.999101 9.99201E-05 9.99201E-05 9.99201E-05 9.99201E-05 9.99201E-05
0.308057 0.0228271 0.0650659 9.9973E-05 0.0243015 0.174543 0.314412 9.9973E-05 0.0904941 9.9973E-05
9.9955E-05 0.0848419 0.498462 9.9955E-05 0.0430358 9.9955E-05 0.138535 9.9955E-05 0.234625 9.9955E-05
9.9955E-05 9.9955E-05 0.193603 0.427798 0.0117835 0.350668 0.0156467 9.9955E-05 9.9955E-05 9.9955E-05
0.164169 0.0175627 0.166488 0.0905663 0.0590493 0.0192613 0.26929 0.0289043 0.184609 9.9991E-05
9.9973E-05 0.0189147 9.9973E-05 0.227191 0.153294 0.221379 0.245447 9.9973E-05 0.0354667 0.0980078
9.9973E-05 0.128388 9.9973E-05 0.186197 0.0376469 0.131558 0.30248 0.0926417 9.9973E-05 0.120789
0.0853773 9.99729E-05 0.213318 0.528605 0.0123258 0.0381024 9.99729E-05 0.120179 9.99729E-05 0.00179308
0.0503801 0.072372 0.172755 9.9982E-05 0.0771648 9.9982E-05 0.0821715 0.259356 0.112529 0.173072
0.0751606 0.0158021 0.11681 9.9973E-05 0.0595244 0.250067 0.455612 9.9973E-05 9.9973E-05 0.0267238
0.0488615 0.023729 0.501351 9.99729E-05 9.99729E-05 0.207539 9.99729E-05 0.00665408 0.100275 0.11129
0.495675 9.9937E-05 0.428321 9.9937E-05 9.9937E-05 9.9937E-05 9.9937E-05 9.9937E-05 9.9937E-05 0.0753043
0.077313 9.9991E-05 0.173165 0.128919 0.0598144 0.174423 0.216615 0.0639428 0.0518424 0.0538663
0.0735285 9.9964E-05 9.9964E-05 9.9964E-05 0.0383859 0.191763 0.406448 0.277469 0.0120065 9.9964E-05
9.99201E-05 9.99201E-05 9.99201E-05 9.99201E-05 0.999101 9.99201E-05 9.99201E-05 9.99201E-05 9.99201E-05 9.99201E-05
0.0504667 0.0471689 0.0184887 0.339884 0.367457 9.9973E-05 9.9973E-05 0.166606 0.00962896 9.9973E-05
0.0133316 0.0357105 0.749452 9.9964E-05 9.9964E-05 9.9964E-05 0.0604632 0.013805 0.126838 9.9964E-05
9.9982E-05 0.0311146 0.36154 0.0869941 0.0738031 0.198494 9.9982E-05 0.176123 0.0463904 0.0253408
0.663963 9.9946E-05 0.0759092 9.9946E-05 9.9946E-05 0.224985 9.9946E-05 9.9946E-05 0.0345438 9.9946E-05
0.0196918 0.0522815 0.0581186 0.124816 0.0605648 0.119705 0.330439 0.234184 9.9982E-05 9.9982E-05
9.9964E-05 0.0339264 0.0622052 0.66909 0.0416253 9.9964E-05 9.9964E-05 0.0740839 0.11867 9.9964E-05
9.99201E-05 0.999101 9.99201E-05 9.99201E-05 9.99201E-05 9.99201E-05 9.99201E-05 9.99201E-05 9.99201E-05 9.99201E-05
0.184417 0.000611495 9.9982E-05 0.0868849 0.0667763 0.015705 0.151401 0.427294 9.9982E-05 0.0667093
9.99639E-05 0.0796796 9.99639E-05 0.392832 9.99639E-05 0.132914 0.293488 0.00524953 9.99639E-05 0.0954372
9.9973E-05 0.0977717 0.0734161 0.28747 0.0557249 9.9973E-05 9.9973E-05 0.241541 0.116877 0.126899
0.283006 0.104831 9.9991E-05 0.127065 0.0843648 0.00271747 0.275514 0.0279096 0.0246042 0.0698877
0.152532 0.320102 9.9955E-05 0.431052 9.9955E-05 0.0102976 9.9955E-05 9.9955E-05 0.0855165 9.9955E-05
0.0807762 0.0585185 9.99639E-05 0.375905 0.092664 9.99639E-05 0.332199 0.059538 9.99639E-05 9.99639E-05
9.9964E-05 0.0392767 0.129908 0.63398 9.9964E-05 9.9964E-05 0.103597 9.9964E-05 0.0856777 0.00716037
9.9955E-05 0.017367 0.298672 0.311338 0.0585617 9.9955E-05 9.9955E-05 0.313561 9.9955E-05 9.9955E-05
9.9964E-05 0.0389155 0.464473 0.138854 0.0206859 0.287811 9.9964E-05 9.9964E-05 0.0488613 9.9964E-05
9.99279E-05 9.99279E-05 9.99279E-05 9.99279E-05 9.99279E-05 9.99279E-05 9.99279E-05 9.99279E-05 0.99539 0.00381045
9.9973E-05 0.0519278 0.11979 0.159332 9.9973E-05 0.368971 0.136236 9.9973E-05 0.0789008 0.0845428
9.99201E-05 9.99201E-05 9.99201E-05 9.99201E-05 9.99201E-05 9.99201E-05 9.99201E-05 0.999101 9.99201E-05 9.99201E-05
0.0387764 9.9964E-05 0.0990646 9.9964E-05 0.105259 0.334098 9.9964E-05 0.35365 9.9964E-05 0.0687516
0.40004 0.229789 9.9964E-05 0.188852 9.9964E-05 9.9964E-05 0.0490626 9.9964E-05 0.0756968 0.0561596
0.183765 9.9955E-05 0.511552 0.0198195 9.9955E-05 9.9955E-05 9.9955E-05 0.154111 9.9955E-05 0.130253
0.155704 0.184456 0.134847 0.130348 9.9991E-05 0.0181804 0.106281 0.245123 0.00869774 0.0162616
9.99201E-05 9.99201E-05 9.99201E-05 9.99201E-05 9.99201E-05 9.99201E-05 9.99201E-05 9.99201E-05 0.999101 9.99201E-05
9.9955E-05 9.9955E-05 0.521624 0.274339 0.0630119 9.9955E-05 9.9955E-05 0.128818 0.0117067 9.9955E-05
0.223316 0.0141951 9.9991E-05 0.189078 0.0436576 0.00342992 0.103686 0.147828 0.20822 0.0664884
0.0192041 9.99549E-05 0.510493 9.99549E-05 0.00904185 9.99549E-05 0.315349 0.145412 9.99549E-05 9.99549E-05
0.195935 0.223719 0.0615481 0.21381 9.9964E-05 0.122464 9.9964E-05 9.9964E-05 9.9964E-05 0.182123
