9.99821E-05 0.183637 0.646903 0.16926 9.99821E-05
9.9982E-05 0.335168 0.26936 9.9982E-05 0.395271
0.179386 0.264696 0.364635 0.191182 9.9991E-05
0.0367907 0.182173 0.360641 0.420295 9.9991E-05
9.99821E-05 9.99821E-05 0.296516 0.216767 0.486517
0.258295 9.9991E-05 0.0910139 0.127641 0.52295
9.99911E-05 0.207594 0.11763 0.0228039 0.651872
9.99821E-05 9.99821E-05 0.817137 0.0161583 0.166505
0.44999 0.373097 9.99911E-05 0.0534962 0.123317
0.290373 0.444194 0.0643022 0.20103 9.99911E-05
0.443662 0.0845126 0.231482 0.240244 9.9991E-05
9.99821E-05 0.631606 9.99821E-05 0.0515188 0.316675
9.99821E-05 9.99821E-05 0.517587 0.0968662 0.385346
9.99731E-05 9.99731E-05 0.328255 9.99731E-05 0.671445
9.99822E-05 0.495895 0.36465 9.99822E-05 0.139255
9.99732E-05 9.99732E-05 0.661778 0.337923 9.99732E-05
0.0983244 0.411972 0.225453 0.146251 0.118
0.226388 0.430599 0.113015 0.167184 0.062814
0.159882 0.317634 0.522285 9.99821E-05 9.99821E-05
0.0266741 9.99821E-05 0.43417 9.99821E-05 0.538956
0.408548 9.99821E-05 9.99821E-05 0.213269 0.377982
0.158548 0.0283569 0.651479 0.161516 9.9991E-05
0.196916 0.18097 9.9991E-05 0.347085 0.27493
9.99732E-05 9.99732E-05 9.99732E-05 0.504775 0.494926
0.312183 9.9991E-05 0.142405 0.486308 0.0590039
0.0155903 0.296044 0.412579 0.261498 0.0142891
0.162265 0.529559 0.248654 0.0594213 9.9991E-05
0.168544 0.289415 0.535837 9.99911E-05 0.00610338
0.329684 9.99821E-05 0.647238 9.99821E-05 0.0228775
9.99732E-05 9.99732E-05 0.293993 0.705707 9.99732E-05
0.171517 0.165946 0.239586 9.99911E-05 0.422851
9.99821E-05 0.270521 0.134 9.99821E-05 0.595279
0.701585 9.99911E-05 0.0682754 0.038192 0.191847
9.9991E-05 0.00563699 0.666859 0.00405304 0.323351
9.9982E-05 0.166785 0.453761 0.379254 9.9982E-05
9.99911E-05 0.135652 0.276306 0.00909577 0.578846
0.170381 0.174001 0.331007 9.99911E-05 0.32451
0.528671 9.99821E-05 0.204836 0.266293 9.99821E-05
9.99911E-05 0.233903 0.407584 0.168458 0.189955
0.0531143 0.0718664 0.620536 0.162608 0.0918753
9.99732E-05 0.683125 9.99732E-05 0.316575 9.99732E-05
9.99821E-05 0.573564 9.99821E-05 0.0762579 0.349978
0.143861 0.0690211 0.0994314 0.0554938 0.632193
0.344943 0.290986 0.323515 0.0272401 0.013316
0.165949 0.0575002 0.58393 0.192521 9.9991E-05
0.0311568 0.369921 0.429714 0.149379 0.01983
9.9991E-05 0.324995 0.37063 0.102553 0.201722
0.26438 0.519942 0.0711425 9.9991E-05 0.144436
9.99733E-05 0.185898 0.813802 9.99733E-05 9.99733E-05
9.9991E-05 0.109696 0.770719 0.0179911 0.101494
9.9973E-05 9.9973E-05 0.766366 0.233334 9.9973E-05
0.497784 0.12153 9.99821E-05 9.99821E-05 0.380486
0.0319012 0.482924 0.101494 0.383581 9.9991E-05
0.0077792 9.99821E-05 0.718208 0.273813 9.99821E-05
0.198582 0.0742359 0.105898 9.9991E-05 0.621185
0.000812592 0.479334 0.519654 9.99822E-05 9.99822E-05
9.9991E-05 0.0402468 0.384159 0.219696 0.355798
0.00052331 0.206286 9.99822E-05 9.99822E-05 0.792991
0.178773 0.578032 0.190457 9.9991E-05 0.0526378
0.121335 0.176245 0.0743882 0.0878628 0.540169
0.0796847 9.99821E-05 0.872404 0.0477116 9.99821E-05
9.9982E-05 0.803998 9.9982E-05 0.134315 0.0614864
0.180294 0.506662 0.312844 9.99821E-05 9.99821E-05
9.99732E-05 9.99732E-05 0.32814 0.67156 9.99732E-05
9.99821E-05 9.99821E-05 0.631366 0.147725 0.220709
0.109091 0.44284 0.392656 0.0553137 9.99911E-05
9.9991E-05 0.114573 0.311627 0.164098 0.409602
0.0292431 0.498337 0.385278 0.087042 9.9991E-05
9.99731E-05 0.18383 0.81587 9.99731E-05 9.99731E-05
0.136802 9.99911E-05 0.686936 0.127922 0.0482403
0.190157 0.225362 0.1469 9.9991E-05 0.437481
9.9991E-05 0.839868 0.0185253 0.128004 0.0135024
0.147275 0.0842053 9.99822E-05 9.99822E-05 0.76832
9.99821E-05 0.467686 0.465416 0.0666986 9.99821E-05
9.99822E-05 9.99822E-05 0.410023 0.164473 0.425304
9.99821E-05 0.605424 0.2805 9.99821E-05 0.113876
9.99822E-05 0.513325 0.400724 0.0857512 9.99822E-05
0.416622 0.398456 9.9991E-05 0.0535797 0.131242
0.165781 0.0983496 0.616657 0.018241 0.100971
0.112111 0.0664319 0.365933 9.9991E-05 0.455425
9.99821E-05 0.24997 0.668282 9.99821E-05 0.0815475
0.323591 9.99911E-05 0.51093 0.0766436 0.088735
0.0519937 0.0350783 0.409809 9.99911E-05 0.503019
0.322453 9.9991E-05 0.494989 0.16463 0.0178274
9.9991E-05 0.354305 0.0592763 0.287415 0.298904
9.9991E-05 0.493215 0.354912 0.0505198 0.101253
0.37256 0.204053 0.0403781 0.00358329 0.379425
9.99821E-05 0.00202427 9.99821E-05 0.605497 0.392279
0.346013 9.99821E-05 0.445355 0.208432 9.99821E-05
0.471277 9.99821E-05 0.477912 0.0506115 9.99821E-05
9.99732E-05 9.99732E-05 0.152591 0.847109 9.99732E-05
9.99732E-05 9.99732E-05 9.99732E-05 0.100711 0.898989
0.0445231 0.392523 0.200598 0.150026 0.212331
0.368119 0.048561 9.9991E-05 0.168803 0.414417
9.9991E-05 0.595904 0.0495643 0.200895 0.153536
0.153072 0.146147 0.0359557 0.0979428 0.566883
0.0787904 9.9991E-05 0.0774013 0.256593 0.587115
0.0718636 0.662969 0.0957112 9.9991E-05 0.169356
9.99731E-05 9.99731E-05 0.361306 0.638394 9.99731E-05
0.0176069 0.206363 9.9991E-05 0.594514 0.181416
9.99821E-05 0.137701 9.99821E-05 0.222522 0.639577
0.0250655 9.99732E-05 9.99732E-05 0.974635 9.99732E-05
0.925202 0.00339353 9.99821E-05 0.0712048 9.99821E-05
0.871799 9.99731E-05 9.99731E-05 0.127901 9.99731E-05
0.111418 0.101825 0.604174 0.0611307 0.121452
9.9991E-05 0.171076 0.266136 0.262868 0.29982
0.099816 0.0255713 0.117006 9.9991E-05 0.757507
0.143921 9.99911E-05 0.734715 0.0770606 0.0442037
0.10676 9.99911E-05 0.646936 0.079225 0.166979
0.499651 9.99821E-05 0.323494 0.176654 9.99821E-05
9.99911E-05 0.175645 0.230927 0.31477 0.278558
9.99911E-05 0.0995317 0.564465 0.0870884 0.248815
9.99821E-05 9.99821E-05 0.204419 0.657379 0.138003
0.0156125 9.99821E-05 0.87742 9.99821E-05 0.106767
9.99731E-05 9.99731E-05 9.99731E-05 0.980782 0.018918
0.263621 0.300793 0.347396 9.99911E-05 0.0880901
0.0078522 0.191834 0.721512 0.00563512 0.0731667
0.181486 0.336634 0.379963 9.99911E-05 0.101817
0.279528 9.9982E-05 0.668393 0.0518785 9.9982E-05
0.138626 0.0609702 0.399212 9.9991E-05 0.401091
0.085388 0.096688 0.215367 0.602457 9.9991E-05
9.99731E-05 9.99731E-05 9.99731E-05 0.319796 0.679904
9.99821E-05 9.99821E-05 0.669196 0.0572199 0.273384
0.10029 9.99821E-05 0.263714 9.99821E-05 0.635796
0.163518 0.268433 0.299957 0.174517 0.0935753
0.110543 0.323535 0.249696 0.111936 0.204289
9.99821E-05 0.528256 0.121124 0.350421 9.99821E-05
0.0671217 0.250994 0.681684 9.99821E-05 9.99821E-05
0.240645 9.99822E-05 0.352207 0.406948 9.99822E-05
0.142146 0.0689395 0.29127 0.237749 0.259896
0.331229 0.668471 9.99732E-05 9.99732E-05 9.99732E-05
0.169011 0.152071 0.218247 0.0567694 0.403902
0.251474 0.37148 0.376845 9.99821E-05 9.99821E-05
0.597978 0.244391 0.139883 9.9991E-05 0.0176478
0.349864 0.52207 0.0721246 9.9991E-05 0.0558408
9.99732E-05 9.99732E-05 0.563738 9.99732E-05 0.435962
9.997E-05 9.997E-05 0.9996 9.997E-05 9.997E-05
9.99733E-05 9.99733E-05 0.939972 0.0597282 9.99733E-05
0.417153 0.349467 0.0921249 9.99911E-05 0.141155
9.99821E-05 9.99821E-05 0.855909 0.102458 0.0414337
0.333522 9.99821E-05 0.517874 9.99821E-05 0.148404
0.412537 0.219434 9.99911E-05 0.225032 0.142897
0.136085 0.333301 0.241076 9.9991E-05 0.289437
0.612189 0.25908 0.0338575 0.0947736 9.99911E-05
9.99821E-05 0.242455 0.0575709 0.699774 9.99821E-05
9.9982E-05 9.9982E-05 0.705007 0.144446 0.150347
9.99731E-05 0.996078 9.99731E-05 0.00362165 9.99731E-05
0.530737 9.9991E-05 0.27714 0.0988793 0.0931434
9.99731E-05 9.99731E-05 9.99731E-05 0.21086 0.78884
0.165882 0.60761 0.17481 9.99911E-05 0.0515967
0.285156 0.274828 0.089914 9.99911E-05 0.350002
0.189732 0.570573 0.239494 9.99821E-05 9.99821E-05
9.99821E-05 0.10119 0.736711 9.99821E-05 0.161899
0.112782 0.342833 0.162495 0.0944425 0.287448
9.99822E-05 0.153682 9.99822E-05 0.281229 0.56489
0.267605 0.16111 0.169826 9.99911E-05 0.401359
0.419802 9.99731E-05 9.99731E-05 9.99731E-05 0.579898
0.167963 0.270584 0.561253 9.99822E-05 9.99822E-05
9.99732E-05 9.99732E-05 0.98638 0.0133199 9.99732E-05
0.263454 0.0088893 0.595877 0.13168 9.9991E-05
9.997E-05 0.9996 9.997E-05 9.997E-05 9.997E-05
9.99821E-05 0.350686 0.605949 0.0431644 9.99821E-05
0.159497 9.99821E-05 0.369674 9.99821E-05 0.470629
0.0367796 0.681917 0.196329 9.9991E-05 0.084874
9.99733E-05 0.837838 0.161862 9.99733E-05 9.99733E-05
0.116688 0.0976635 0.193369 0.288362 0.303917
9.99732E-05 0.192 0.8077 9.99732E-05 9.99732E-05
0.125067 9.99733E-05 0.874633 9.99733E-05 9.99733E-05
9.997E-05 9.997E-05 9.997E-05 9.997E-05 0.9996
0.10204 0.288678 0.162419 0.17832 0.268543
9.99732E-05 9.99732E-05 0.780878 0.218823 9.99732E-05
0.0783269 0.00801293 0.753289 9.9991E-05 0.160271
0.318558 0.197116 0.0715269 9.9991E-05 0.4127
9.9991E-05 0.194346 0.357031 0.312245 0.136278
9.99821E-05 0.148664 0.697861 0.153275 9.99821E-05
9.99822E-05 0.0594535 0.937005 9.99822E-05 0.00334169
9.99911E-05 0.194538 0.0612768 0.484016 0.260069
0.719285 9.99732E-05 9.99732E-05 9.99732E-05 0.280415
0.0305422 0.427952 0.346927 0.194479 9.99911E-05
0.252657 0.660311 0.0571499 0.0297828 9.99911E-05
0.0537626 0.624135 0.0269459 9.99911E-05 0.295057
0.284522 0.515973 0.199305 9.99821E-05 9.99821E-05
9.9991E-05 0.348541 0.285086 0.167983 0.19829
9.99822E-05 9.99822E-05 0.840583 0.120055 0.0391622
0.920598 9.99731E-05 0.079102 9.99731E-05 9.99731E-05
9.99733E-05 0.362129 0.637571 9.99733E-05 9.99733E-05
0.304827 0.0597788 0.187794 9.9991E-05 0.4475
0.179094 9.9991E-05 0.373092 0.173088 0.274626
0.191827 9.9991E-05 0.155715 0.14486 0.507498
