9.9973E-05 0.480735 0.235684 9.9973E-05 0.0118083 0.0867977 9.9973E-05 0.0740899 0.110586
9.9982E-05 0.0489368 0.185687 0.210753 0.369033 0.0129431 0.0271141 0.145333 9.9982E-05
9.99551E-05 9.99551E-05 9.99551E-05 0.231658 0.0223129 9.99551E-05 0.582438 0.163091 9.99551E-05
0.0333556 9.99553E-05 9.99553E-05 0.89229 0.0442062 9.99553E-05 0.0296484 9.99553E-05 9.99553E-05
9.99641E-05 0.16123 0.347533 0.320276 9.99641E-05 9.99641E-05 9.99641E-05 0.159175 0.0113868
0.144842 0.12262 9.99641E-05 0.626076 0.102626 9.99641E-05 9.99641E-05 0.00343585 9.99641E-05
9.99732E-05 0.269716 0.130955 0.31841 9.99732E-05 0.0306534 9.99732E-05 0.0403136 0.209652
0.00797421 0.19293 9.99553E-05 0.609746 9.99553E-05 0.18885 9.99553E-05 9.99553E-05 9.99553E-05
0.0645999 9.99642E-05 9.99642E-05 9.99642E-05 0.21723 0.478171 0.16077 0.0788295 9.99642E-05
0.0731091 9.99552E-05 9.99552E-05 9.99552E-05 0.00732332 9.99552E-05 0.522539 9.99552E-05 0.396529
0.258018 9.9955E-05 9.9955E-05 0.240786 9.9955E-05 9.9955E-05 0.427362 0.0733343 9.9955E-05
9.99552E-05 9.99552E-05 0.180972 0.371938 9.99552E-05 0.402568 9.99552E-05 9.99552E-05 0.0440225
9.99463E-05 9.99463E-05 9.99463E-05 0.508191 9.99463E-05 0.484461 9.99463E-05 9.99463E-05 0.00674772
9.99641E-05 0.0481452 0.264642 0.417919 9.99641E-05 9.99641E-05 9.99641E-05 0.0113256 0.257568
0.0186505 0.126848 0.0520941 0.183297 0.227287 0.308984 9.99821E-05 9.99821E-05 0.0826394
9.99642E-05 0.0831245 0.171231 0.455832 9.99642E-05 9.99642E-05 0.0653189 0.224095 9.99642E-05
0.095741 9.99642E-05 9.99642E-05 0.235855 0.424768 9.99642E-05 0.1446 0.0986359 9.99642E-05
0.11389 0.245735 0.0620241 9.9964E-05 9.9964E-05 9.9964E-05 0.372847 9.9964E-05 0.205104
9.99461E-05 9.99461E-05 9.99461E-05 0.131944 0.301574 0.565883 9.99461E-05 9.99461E-05 9.99461E-05
9.99641E-05 9.99641E-05 0.0572798 0.430778 0.110482 9.99641E-05 0.111992 9.99641E-05 0.289068
0.265427 9.99552E-05 9.99552E-05 9.99552E-05 0.0986734 9.99552E-05 0.011084 9.99552E-05 0.624316
9.9973E-05 0.100714 0.0249816 9.9973E-05 0.0967158 0.557144 0.0320788 0.188066 9.9973E-05
0.0396662 9.99731E-05 9.99731E-05 0.507753 0.222839 9.99731E-05 0.0660763 0.120741 0.0426234
0.288257 9.99551E-05 0.305125 0.00406687 9.99551E-05 9.99551E-05 9.99551E-05 0.402052 9.99551E-05
0.373372 9.99642E-05 0.0735062 0.29382 9.99642E-05 0.0478154 9.99642E-05 0.211086 9.99642E-05
0.00419022 0.420655 0.297324 9.9973E-05 9.9973E-05 0.064043 9.9973E-05 0.177592 0.0358956
9.9982E-05 0.0355089 0.216012 9.9982E-05 0.0168804 0.100886 0.3435 0.0795632 0.207449
9.99642E-05 0.137831 0.25754 0.115298 0.452405 9.99642E-05 0.0365254 9.99642E-05 9.99642E-05
9.99551E-05 0.0484609 9.99551E-05 0.260317 9.99551E-05 0.0709525 0.61977 9.99551E-05 9.99551E-05
0.0455202 9.99641E-05 9.99641E-05 9.99641E-05 9.99641E-05 0.133745 0.120474 0.65508 0.044782
0.210128 0.231681 0.459044 9.99641E-05 9.99641E-05 9.99641E-05 0.0830246 9.99641E-05 0.0157219
9.99642E-05 9.99642E-05 0.0329395 0.691631 9.99642E-05 0.0465656 0.000138344 9.99642E-05 0.228326
9.996E-05 0.121498 9.996E-05 9.996E-05 0.538311 9.996E-05 0.168677 0.0104226 0.160692
9.99731E-05 0.0176091 9.99731E-05 0.763851 0.0176009 0.0385453 0.158413 9.99731E-05 0.00368126
9.99551E-05 0.0743429 0.227323 0.594217 9.99551E-05 9.99551E-05 9.99551E-05 0.103618 9.99551E-05
9.99642E-05 9.99642E-05 0.0219265 0.3293 0.245282 9.99642E-05 0.00850775 9.99642E-05 0.394584
9.99463E-05 0.286495 0.33413 9.99463E-05 9.99463E-05 9.99463E-05 0.378775 9.99463E-05 9.99463E-05
9.99462E-05 9.99462E-05 9.99462E-05 9.99462E-05 0.890635 9.99462E-05 0.0162904 0.0924746 9.99462E-05
0.0121536 0.0882421 0.155651 0.393959 9.99821E-05 0.143746 9.99821E-05 0.07744 0.128609
0.0906766 9.99462E-05 9.99462E-05 0.681068 9.99462E-05 9.99462E-05 0.227656 9.99462E-05 9.99462E-05
9.99731E-05 9.99731E-05 0.0586705 9.99731E-05 0.0748778 0.0742374 0.491604 0.266322 0.0339882
0.25101 9.99642E-05 0.0512084 9.99642E-05 9.99642E-05 0.0328953 9.99642E-05 0.065475 0.599011
0.0194405 0.163364 0.141094 0.290903 0.0417526 9.9973E-05 9.9973E-05 9.9973E-05 0.343146
0.0703336 0.193292 0.15055 0.273707 0.234684 0.0462348 0.0309983 9.99821E-05 9.99821E-05
9.99642E-05 9.99642E-05 9.99642E-05 0.315968 9.99642E-05 0.153144 0.487787 0.0326832 0.0100178
9.99643E-05 0.057607 0.0139531 0.58551 9.99643E-05 9.99643E-05 0.113376 9.99643E-05 0.229154
9.997E-05 0.0909364 9.997E-05 0.0489901 9.997E-05 0.141286 0.170449 0.0192739 0.528765
9.9973E-05 9.9973E-05 0.0213775 0.330966 0.213572 0.000650115 0.16534 9.9973E-05 0.267795
9.99464E-05 9.99464E-05 9.99464E-05 9.99464E-05 9.99464E-05 0.452119 0.298587 9.99464E-05 0.248694
9.9955E-05 0.341242 0.209803 0.399347 9.9955E-05 9.9955E-05 0.0491084 9.9955E-05 9.9955E-05
9.9946E-05 0.435059 9.9946E-05 0.393143 9.9946E-05 9.9946E-05 9.9946E-05 0.171198 9.9946E-05
0.319715 9.99461E-05 0.321113 9.99461E-05 0.358572 9.99461E-05 9.99461E-05 9.99461E-05 9.99461E-05
9.9973E-05 0.160946 9.9973E-05 9.9973E-05 0.222092 0.0413652 0.280118 0.294764 0.000414849
0.156 0.059732 9.99642E-05 0.70308 9.99642E-05 0.057192 0.0235966 9.99642E-05 9.99642E-05
0.149777 0.0657322 0.489948 0.0113424 0.0191394 0.088907 9.99821E-05 9.99821E-05 0.174953
9.99731E-05 0.242762 0.41813 9.99731E-05 0.204435 0.0923965 0.0235329 9.99731E-05 0.0184429
0.302653 9.99731E-05 0.430209 0.0433097 0.000626967 9.99731E-05 9.99731E-05 0.192014 0.0308873
0.14606 9.99822E-05 0.418201 0.0831619 0.00626487 0.138156 0.123799 9.99822E-05 0.0841574
0.192318 0.0840093 0.574893 0.0795123 9.9964E-05 0.0688672 9.9964E-05 9.9964E-05 9.9964E-05
0.113067 0.127353 9.99731E-05 0.323846 0.072718 9.99731E-05 0.0434293 9.99731E-05 0.319286
0.0530955 0.383989 0.0543931 0.331096 9.99642E-05 9.99642E-05 0.177026 9.99642E-05 9.99642E-05
9.9973E-05 9.9973E-05 0.329604 0.0396049 0.0885684 9.9973E-05 0.189147 0.0642938 0.288483
9.9982E-05 9.9982E-05 0.0832708 0.138955 0.206592 0.164406 0.349882 0.0109492 0.045745
0.00873703 0.120708 0.091329 0.0369877 9.99731E-05 9.99731E-05 0.103397 0.638542 9.99731E-05
9.99716E-05 0.518296 9.99716E-05 9.99716E-05 9.99716E-05 0.103958 0.226953 0.0157641 0.134629
9.99551E-05 9.99551E-05 9.99551E-05 0.0861578 9.99551E-05 0.331385 0.491776 0.0901811 9.99551E-05
0.202478 0.186003 0.0672473 0.281446 9.9973E-05 9.9973E-05 9.9973E-05 0.082651 0.179874
9.99641E-05 9.99641E-05 0.273264 0.239504 0.0681561 0.323154 9.99641E-05 9.99641E-05 0.0955217
9.9973E-05 0.493362 9.9973E-05 0.0535637 0.0446838 0.362706 0.00259381 9.9973E-05 0.0427909
0.00316502 0.107992 9.99641E-05 9.99641E-05 9.99641E-05 0.121391 0.341037 9.99641E-05 0.426016
0.0983754 9.99821E-05 0.0336046 0.421445 0.0651178 0.0675003 9.99821E-05 0.0157251 0.298032
0.0592678 9.99641E-05 0.0302437 9.99641E-05 9.99641E-05 0.548292 9.99641E-05 0.0998213 0.261975
9.99464E-05 9.99464E-05 0.446908 0.34676 0.205732 9.99464E-05 9.99464E-05 9.99464E-05 9.99464E-05
0.0301484 0.20978 0.104207 0.132429 9.99821E-05 0.268848 0.130535 9.99821E-05 0.123853
9.99554E-05 0.244165 0.0332471 0.71897 9.99554E-05 9.99554E-05 9.99554E-05 0.00311803 9.99554E-05
9.99641E-05 9.99641E-05 0.473215 0.100969 9.99641E-05 0.26025 0.0141524 9.99641E-05 0.151014
9.99643E-05 0.198322 0.11018 9.99643E-05 0.181739 0.329454 9.99643E-05 0.179906 9.99643E-05
0.364996 9.99641E-05 0.33895 9.99641E-05 9.99641E-05 0.0117177 0.25183 9.99641E-05 0.0321063
0.253076 0.0735647 0.169123 0.0692845 9.9973E-05 0.325778 0.108875 9.9973E-05 9.9973E-05
9.99463E-05 9.99463E-05 0.243462 0.718707 0.0372305 9.99463E-05 9.99463E-05 9.99463E-05 9.99463E-05
9.99553E-05 0.125181 0.264222 0.561687 9.99553E-05 9.99553E-05 0.0484098 9.99553E-05 9.99553E-05
0.116756 0.0844042 0.0400796 0.286702 0.117316 0.0940721 9.9991E-05 0.169663 0.0909066
0.0186041 0.197456 0.0533652 9.99642E-05 0.257116 9.99642E-05 9.99642E-05 9.99642E-05 0.473059
0.258634 0.0901765 9.9982E-05 0.0165896 9.9982E-05 0.440284 0.0707705 0.11585 0.00749575
9.99552E-05 9.99552E-05 9.99552E-05 0.51568 9.99552E-05 9.99552E-05 0.0469034 0.0244925 0.412424
9.9973E-05 9.9973E-05 0.0615075 0.417103 0.260308 0.00631277 0.0781912 9.9973E-05 0.176277
9.99642E-05 9.99642E-05 0.265175 0.113502 0.547313 9.99642E-05 9.99642E-05 0.01109 0.0625196
9.99551E-05 9.99551E-05 0.0487799 0.32965 9.99551E-05 0.043871 9.99551E-05 0.5772 9.99551E-05
0.192749 0.400508 9.99731E-05 9.99731E-05 0.101121 0.028236 9.99731E-05 0.238441 0.0386458
9.99551E-05 9.99551E-05 9.99551E-05 9.99551E-05 0.424528 0.413392 0.132377 0.0292037 9.99551E-05
9.99375E-05 9.99375E-05 9.99375E-05 0.0839345 9.99375E-05 9.99375E-05 9.99375E-05 0.915366 9.99375E-05
0.0536415 9.99642E-05 0.0164188 0.0293003 9.99642E-05 9.99642E-05 9.99642E-05 0.032104 0.868136
0.0125044 9.99463E-05 9.99463E-05 9.99463E-05 9.99463E-05 9.99463E-05 9.99463E-05 0.119284 0.867612
0.0676759 9.99642E-05 9.99642E-05 0.314717 0.164626 9.99642E-05 0.285662 0.166919 9.99642E-05
9.9964E-05 9.9964E-05 0.0740634 9.9964E-05 0.0124405 0.325424 0.0586705 9.9964E-05 0.529001
9.99552E-05 9.99552E-05 9.99552E-05 0.673663 0.275876 0.0454899 9.99552E-05 9.99552E-05 0.00447149
9.99641E-05 0.185674 9.99641E-05 9.99641E-05 0.21223 9.99641E-05 0.312287 0.0157395 0.27367
9.99551E-05 0.0167664 9.99551E-05 9.99551E-05 0.270158 0.301344 9.99551E-05 9.99551E-05 0.411232
9.99551E-05 0.187966 9.99551E-05 0.290329 9.99551E-05 9.99551E-05 9.99551E-05 0.384616 0.136589
9.9964E-05 9.9964E-05 0.128755 9.9964E-05 0.320637 0.0290156 9.9964E-05 0.290391 0.230803
9.99641E-05 0.140473 0.354641 9.99641E-05 0.441206 9.99641E-05 9.99641E-05 0.0579996 0.00528008
0.0440915 9.99373E-05 9.99373E-05 9.99373E-05 9.99373E-05 9.99373E-05 9.99373E-05 0.955209 9.99373E-05
9.99463E-05 9.99463E-05 0.113173 9.99463E-05 0.709924 9.99463E-05 0.176303 9.99463E-05 9.99463E-05
0.737612 9.99551E-05 9.99551E-05 9.99551E-05 0.219037 9.99551E-05 9.99551E-05 0.0190528 0.0237988
9.9973E-05 0.133741 9.9973E-05 0.631665 0.0774061 0.123603 0.0100412 9.9973E-05 0.023245
9.99551E-05 9.99551E-05 9.99551E-05 0.392616 9.99551E-05 0.402777 9.99551E-05 0.0160157 0.188092
0.0191988 0.259893 0.0516883 0.21604 9.9982E-05 0.0573912 0.088209 9.9982E-05 0.30738
9.99552E-05 0.3518 9.99552E-05 0.206054 0.226039 9.99552E-05 0.215607 9.99552E-05 9.99552E-05
9.99462E-05 0.719934 0.078486 9.99462E-05 9.99462E-05 0.20098 9.99462E-05 9.99462E-05 9.99462E-05
0.294638 0.199435 9.997E-05 0.282588 0.0350389 9.997E-05 9.997E-05 0.0532691 0.134731
9.99642E-05 0.0864895 0.18702 9.99642E-05 0.1233 9.99642E-05 9.99642E-05 0.345857 0.256934
9.99642E-05 0.469031 0.0198427 0.342706 9.99642E-05 0.121832 9.99642E-05 0.0461882 9.99642E-05
9.995E-05 0.340805 9.995E-05 0.0116077 9.995E-05 9.995E-05 9.995E-05 0.408923 0.238165
9.99732E-05 0.366668 0.0598492 0.214048 0.122381 0.186822 9.99732E-05 0.0499311 9.99732E-05
9.99372E-05 9.99372E-05 9.99372E-05 9.99372E-05 0.0538863 9.99372E-05 9.99372E-05 0.945414 9.99372E-05
0.239634 9.99642E-05 0.179454 0.0213321 0.409436 0.149744 9.99642E-05 9.99642E-05 9.99642E-05
9.99641E-05 9.99641E-05 0.0322445 0.254014 9.99641E-05 0.388699 0.317586 0.00705623 9.99641E-05
9.99551E-05 9.99551E-05 0.167106 0.145389 9.99551E-05 0.393628 0.293377 9.99551E-05 9.99551E-05
9.9964E-05 0.0482416 0.0263416 9.9964E-05 9.9964E-05 0.402232 0.340425 0.18236 9.9964E-05
9.99642E-05 9.99642E-05 0.0776867 0.556951 0.292623 0.0668755 9.99642E-05 0.00546437 9.99642E-05
0.0138371 0.0626042 9.99731E-05 0.0646689 0.103361 0.293814 9.99731E-05 0.461415 9.99731E-05
0.0445725 9.99731E-05 0.137402 0.532029 0.15409 9.99731E-05 9.99731E-05 0.0291786 0.102429
9.99373E-05 0.323317 9.99373E-05 0.675983 9.99373E-05 9.99373E-05 9.99373E-05 9.99373E-05 9.99373E-05
0.312556 0.0460325 0.000726925 0.220501 0.125009 0.00501598 9.99821E-05 9.99821E-05 0.289959
9.99463E-05 9.99463E-05 9.99463E-05 0.48799 0.497987 9.99463E-05 9.99463E-05 0.0134239 9.99463E-05
9.99641E-05 0.0312298 9.99641E-05 0.461686 0.160863 0.173389 9.99641E-05 9.99641E-05 0.172433
9.99463E-05 9.99463E-05 9.99463E-05 9.99463E-05 9.99463E-05 9.99463E-05 0.0323899 0.156184 0.810827
9.99551E-05 0.426633 0.373734 0.0986593 9.99551E-05 0.100474 9.99551E-05 9.99551E-05 9.99551E-05
0.351861 0.059937 9.99731E-05 0.0384391 9.99731E-05 9.99731E-05 0.392891 0.150075 0.00649691
9.99641E-05 0.236555 9.99641E-05 0.130138 0.176328 9.99641E-05 9.99641E-05 0.107352 0.349226
0.00942878 9.99642E-05 0.0611169 9.99642E-05 0.5712 0.0349626 9.99642E-05 9.99642E-05 0.322891
0.0754234 0.0512866 0.115524 0.481289 9.997E-05 9.997E-05 0.107454 9.997E-05 0.168723
9.99642E-05 9.99642E-05 9.99642E-05 0.0687656 0.172222 0.239263 0.310611 9.99642E-05 0.208739
0.160821 0.164936 0.0879316 0.0278628 0.353145 0.205004 9.99731E-05 9.99731E-05 9.99731E-05
0.279777 9.99821E-05 0.151959 0.0757359 0.0465142 0.0914956 0.169932 9.99821E-05 0.184386
0.127072 0.748369 9.99552E-05 9.99552E-05 9.99552E-05 0.0144792 9.99552E-05 9.99552E-05 0.109581
9.99462E-05 0.89891 9.99462E-05 9.99462E-05 9.99462E-05 9.99462E-05 0.0939534 9.99462E-05 0.00653707
9.99643E-05 0.812278 9.99643E-05 0.0295125 0.066328 9.99643E-05 9.99643E-05 0.0133264 0.0781555
0.0961354 9.99552E-05 0.152564 9.99552E-05 0.185453 0.565348 9.99552E-05 9.99552E-05 9.99552E-05
9.99462E-05 0.473054 9.99462E-05 0.430152 9.99462E-05 0.0961942 9.99462E-05 9.99462E-05 9.99462E-05
0.054626 0.089197 0.0579156 0.063866 9.99642E-05 9.99642E-05 0.733996 9.99642E-05 9.99642E-05
9.99642E-05 0.0470799 0.01524 0.141841 0.778886 9.99642E-05 9.99642E-05 0.016553 9.99642E-05
9.99821E-05 0.0372524 0.122099 0.106218 0.228646 0.0681281 9.99821E-05 0.0401077 0.397349
0.161244 0.0902367 9.99731E-05 9.99731E-05 0.595875 0.0200771 9.99731E-05 0.0643693 0.0678984
9.99462E-05 9.99462E-05 9.99462E-05 0.281643 9.99462E-05 9.99462E-05 9.99462E-05 0.530439 0.187319
9.997E-05 0.287455 9.997E-05 0.232339 0.0498789 0.245268 9.997E-05 0.0867275 0.0980307
9.993E-05 9.993E-05 0.999201 9.993E-05 9.993E-05 9.993E-05 9.993E-05 9.993E-05 9.993E-05
9.99463E-05 9.99463E-05 9.99463E-05 0.559549 9.99463E-05 9.99463E-05 0.3657 0.0741511 9.99463E-05
0.159993 9.99642E-05 0.0330592 0.310714 9.99642E-05 9.99642E-05 9.99642E-05 0.0647696 0.431064
9.997E-05 9.997E-05 0.623728 0.0994542 0.123005 0.0453342 0.044867 9.997E-05 0.0633126
0.187367 9.99463E-05 0.161158 9.99463E-05 9.99463E-05 0.650875 9.99463E-05 9.99463E-05 9.99463E-05
9.99551E-05 9.99551E-05 0.152459 0.0943217 9.99551E-05 0.353397 0.399323 9.99551E-05 9.99551E-05
9.9955E-05 0.430987 9.9955E-05 0.167927 9.9955E-05 9.9955E-05 0.369441 9.9955E-05 0.0311439
9.99641E-05 0.275108 0.33974 0.0499835 0.110846 0.223922 9.99641E-05 9.99641E-05 9.99641E-05
0.282317 0.0762446 0.410393 9.99642E-05 9.99642E-05 9.99642E-05 9.99642E-05 0.224871 0.00577418
9.99642E-05 0.149953 9.99642E-05 0.261852 0.0518208 9.99642E-05 0.286539 9.99642E-05 0.249435
0.0989936 9.99641E-05 9.99641E-05 0.612311 0.0762818 9.99641E-05 0.20768 9.99641E-05 0.00433365
0.056653 0.263367 0.205853 9.99554E-05 9.99554E-05 9.99554E-05 0.473627 9.99554E-05 9.99554E-05
9.99374E-05 0.744336 0.254965 9.99374E-05 9.99374E-05 9.99374E-05 9.99374E-05 9.99374E-05 9.99374E-05
0.0592481 9.99731E-05 9.99731E-05 0.102251 0.411558 0.205307 9.99731E-05 0.179349 0.041987
9.993E-05 9.993E-05 0.999201 9.993E-05 9.993E-05 9.993E-05 9.993E-05 9.993E-05 9.993E-05
9.99641E-05 0.187482 0.0782836 0.153144 9.99641E-05 0.216555 9.99641E-05 9.99641E-05 0.364135
9.99373E-05 9.99373E-05 9.99373E-05 0.804849 9.99373E-05 0.194452 9.99373E-05 9.99373E-05 9.99373E-05
9.99642E-05 9.99642E-05 0.425992 9.99642E-05 0.152248 0.0693409 0.257559 9.99642E-05 0.0944605
9.99463E-05 9.99463E-05 0.327839 9.99463E-05 0.0844251 0.587137 9.99463E-05 9.99463E-05 9.99463E-05
9.99552E-05 9.99552E-05 9.99552E-05 0.723563 0.073467 9.99552E-05 9.99552E-05 0.0387982 0.163672
9.99642E-05 0.499018 0.0711118 0.182648 9.99642E-05 9.99642E-05 0.109288 9.99642E-05 0.137534
9.99374E-05 0.383936 9.99374E-05 9.99374E-05 9.99374E-05 0.615365 9.99374E-05 9.99374E-05 9.99374E-05
9.99553E-05 9.99553E-05 0.306033 0.245764 9.99553E-05 9.99553E-05 0.15121 9.99553E-05 0.296494
0.0107098 9.9973E-05 0.111518 0.550754 0.138661 0.0525979 9.9973E-05 9.9973E-05 0.135461
0.0459961 0.386972 9.99642E-05 0.298026 9.99642E-05 0.25148 9.99642E-05 0.0171267 9.99642E-05
9.99642E-05 0.321028 0.139455 0.33118 0.165645 0.0422916 9.99642E-05 9.99642E-05 9.99642E-05
0.0365291 9.99641E-05 0.0677034 0.307597 0.431916 0.155854 9.99641E-05 9.99641E-05 9.99641E-05
0.099542 0.0919286 0.0280181 0.485563 9.9982E-05 9.9982E-05 0.00234026 0.0523903 0.240018
9.996E-05 0.580857 0.0229504 0.208466 0.0609571 9.996E-05 9.996E-05 0.12637 9.996E-05
9.99553E-05 0.334148 0.0497044 0.294595 9.99553E-05 0.321054 9.99553E-05 9.99553E-05 9.99553E-05
9.99731E-05 9.99731E-05 0.15954 0.201531 0.0112668 0.28702 9.99731E-05 0.0828142 0.257528
0.999201 9.993E-05 9.993E-05 9.993E-05 9.993E-05 9.993E-05 9.993E-05 9.993E-05 9.993E-05
0.0327598 0.275917 9.99731E-05 9.99731E-05 0.198367 9.99731E-05 0.351873 0.0681821 0.0726006
9.99552E-05 9.99552E-05 9.99552E-05 0.00451929 0.299723 0.0893266 0.605931 9.99552E-05 9.99552E-05
9.99553E-05 9.99553E-05 0.152692 0.00577808 0.108414 9.99553E-05 9.99553E-05 9.99553E-05 0.732617
0.209938 0.0837094 0.180002 9.99641E-05 9.99641E-05 0.289796 9.99641E-05 9.99641E-05 0.236154
0.180171 0.169676 0.150382 0.120633 9.998E-05 0.186374 0.00415933 9.998E-05 0.188405
9.99554E-05 0.107027 0.0480788 0.601502 9.99554E-05 0.242892 9.99554E-05 9.99554E-05 9.99554E-05
0.975074 9.99461E-05 9.99461E-05 9.99461E-05 0.0234946 9.99461E-05 0.000831645 9.99461E-05 9.99461E-05
9.99732E-05 0.0818024 0.197606 0.0584523 9.99732E-05 0.450076 0.15669 9.99732E-05 0.0550738
9.99731E-05 0.18404 0.0355147 0.403558 0.262099 0.0781706 9.99731E-05 9.99731E-05 0.0363173
0.138188 0.0222736 0.1703 0.190324 9.9982E-05 0.0751624 0.291976 0.111575 9.9982E-05
0.145393 9.996E-05 0.0242711 0.200707 0.48715 9.996E-05 9.996E-05 9.996E-05 0.142079
