0.116734 0.147923 9.9991E-05 0.378316 0.0158418 0.341086
0.0640061 0.432143 0.180054 0.127639 9.9991E-05 0.196058
0.00165533 0.309503 0.0643617 0.073891 0.404856 0.145732
0.103481 0.453026 0.0470224 0.266149 0.130221 9.9991E-05
0.0627474 0.130649 0.0773915 0.133357 0.39735 0.198505
0.0970668 0.303007 0.0477161 0.11947 0.402818 0.0299223
0.00262971 0.165479 9.9991E-05 0.352911 0.291706 0.187175
0.0934252 0.370573 0.101735 0.0888838 0.185116 0.160267
0.00779543 9.9982E-05 9.9982E-05 0.137513 0.562775 0.291717
0.235563 0.0310249 0.175514 0.0703362 0.274839 0.212723
0.252021 0.190732 9.9982E-05 9.9982E-05 0.161819 0.395227
9.9982E-05 9.9982E-05 0.106954 0.226056 0.571036 0.0957536
0.0676227 0.202648 0.126125 0.113553 0.298847 0.191205
0.0835953 9.9991E-05 0.102448 0.321012 0.0669959 0.425849
9.9964E-05 9.9964E-05 9.9964E-05 9.9964E-05 0.120904 0.878696
0.0689939 0.129149 0.0878809 0.220482 0.109285 0.384208
0.0476629 9.9964E-05 9.9964E-05 9.9964E-05 9.9964E-05 0.951937
0.0364236 0.107068 0.205105 0.356281 0.147804 0.147318
9.9982E-05 0.154682 9.9982E-05 0.207255 0.527936 0.109927
0.070281 0.507996 0.0618533 0.198217 0.0813186 0.0803339
0.160544 0.0676864 9.9991E-05 0.19193 0.341922 0.237817
0.0741352 0.279339 0.0452298 0.138513 0.270005 0.192778
0.0829838 0.146309 0.0202019 0.385036 0.162332 0.203138
9.999E-05 0.445014 0.0569781 0.221772 0.130855 0.14528
0.329433 9.9973E-05 9.9973E-05 9.9973E-05 0.2562 0.414067
0.0602731 0.411868 0.0310251 0.134484 0.0373621 0.324988
0.130561 0.144055 0.21428 0.322165 0.126521 0.0624178
0.0482959 0.163298 0.142344 0.129501 0.40814 0.108421
0.0801119 0.178621 0.179311 9.9991E-05 0.230222 0.331634
9.9982E-05 9.9982E-05 0.507908 0.135776 0.251012 0.105103
0.0655913 0.190545 0.000841173 0.0178494 0.432632 0.292541
0.109671 0.113787 0.0861832 0.0762196 0.614039 9.9991E-05
9.999E-05 0.475532 0.0887211 0.255078 0.069316 0.111253
0.104265 0.260884 9.9991E-05 0.252273 0.13356 0.248919
0.0655046 0.00125091 0.073405 0.265081 0.212825 0.381934
9.9973E-05 9.9973E-05 9.9973E-05 0.670206 0.0482414 0.281253
0.192968 0.251294 9.9982E-05 0.31078 0.244757 9.9982E-05
0.16936 9.9982E-05 0.106561 0.0602842 9.9982E-05 0.663594
0.100851 9.9991E-05 0.0823797 0.131526 0.538956 0.146187
0.0697904 0.425985 0.0339407 0.231286 0.138563 0.100435
0.144626 0.497469 0.0678542 0.0195495 0.219559 0.0509425
0.171229 0.462714 0.123925 0.241931 9.9982E-05 9.9982E-05
0.110688 0.30699 0.132501 0.0688564 0.31561 0.0653547
9.9973E-05 0.372 0.105744 9.9973E-05 0.521956 9.9973E-05
0.0444028 0.253971 0.0690007 0.173889 0.256845 0.201891
0.17528 9.9982E-05 0.00891273 0.218795 0.596813 9.9982E-05
9.9991E-05 0.277131 0.104654 0.0642733 0.305334 0.248508
0.00734544 0.316608 0.0605371 0.245348 0.370062 9.9991E-05
0.0282795 0.381575 0.136423 0.0692874 0.117801 0.266634
9.9982E-05 0.207584 0.15397 9.9982E-05 0.385706 0.25254
0.106718 0.219544 0.0105496 0.156562 9.9991E-05 0.506527
0.0473868 0.0595345 0.0485934 0.285915 0.383828 0.174742
0.0827743 0.591785 0.107607 0.0579045 0.159829 9.9991E-05
0.172014 9.9991E-05 0.129349 0.192808 0.244729 0.261001
0.136209 0.239838 0.301427 0.0598688 0.262557 9.9991E-05
0.00580553 9.9991E-05 0.0457674 0.298307 0.553019 0.0970013
0.218702 0.356252 0.226447 0.0532137 0.145285 9.9991E-05
0.120186 0.219875 0.235327 0.207051 0.217462 9.9991E-05
0.0618658 0.0925647 0.111551 0.0790028 0.590488 0.0645279
0.142148 0.00409459 0.0474429 0.108574 0.485167 0.212574
9.99639E-05 0.899891 9.99639E-05 0.0997093 9.99639E-05 9.99639E-05
0.0899656 0.22755 0.0395275 0.188324 9.9991E-05 0.454533
9.9982E-05 0.210887 9.9982E-05 0.124069 0.554627 0.110216
9.9973E-05 0.00321381 0.800137 0.19635 9.9973E-05 9.9973E-05
0.121115 0.357452 9.9991E-05 0.111112 0.210271 0.19995
0.0121578 0.324493 9.9991E-05 0.505004 0.000462316 0.157783
0.193796 0.370198 9.9991E-05 0.346366 0.056608 0.0329318
9.9991E-05 0.0410654 0.0904761 0.000659754 0.599372 0.268326
9.9982E-05 0.269784 0.108068 0.159852 9.9982E-05 0.462095
0.0984466 0.417743 0.0656834 0.110978 0.10229 0.204859
0.354615 0.00118062 0.241917 0.113191 0.283606 0.00549004
0.00636851 0.183231 0.0386885 0.163686 0.191887 0.416139
0.00995608 0.145084 0.123636 0.175048 0.167207 0.379068
0.132892 0.0718336 0.0785954 9.9991E-05 0.422346 0.294234
0.152198 0.0884949 0.0937237 0.0479977 0.116206 0.501379
0.0938285 9.9991E-05 0.04283 0.120601 0.667985 0.0746547
0.061629 0.231038 0.049564 0.245728 0.411941 9.9991E-05
0.102441 0.831469 0.0114443 9.9982E-05 9.9982E-05 0.054446
0.0408608 0.943086 9.9973E-05 9.9973E-05 0.0157528 9.9973E-05
0.0439951 0.56488 0.111686 0.150171 0.00791234 0.121356
0.110367 0.336679 0.0563936 0.245277 0.206923 0.0443607
0.0811659 0.132467 9.9991E-05 0.251405 0.343457 0.191405
0.150598 0.0691043 0.227 0.116234 0.436965 9.9991E-05
0.0970926 0.0982321 0.0452574 9.9991E-05 0.268452 0.490866
0.045423 0.212211 0.0578539 0.455862 0.202413 0.0262369
0.149935 0.595226 9.9991E-05 0.028168 0.196562 0.0300091
9.9982E-05 0.107592 9.9982E-05 0.467526 0.177879 0.246803
0.050059 9.9982E-05 9.9982E-05 0.0427033 0.809337 0.0977008
0.194673 0.0719192 0.181392 0.233377 9.9991E-05 0.318539
9.9991E-05 0.20132 0.00357378 0.199172 0.591744 0.00408988
0.0147025 9.9964E-05 0.984898 9.9964E-05 9.9964E-05 9.9964E-05
0.132112 0.0927624 9.9991E-05 0.0695746 0.280302 0.42515
0.0967543 0.17379 9.9982E-05 0.402136 0.32712 9.9982E-05
9.9991E-05 0.432742 0.00348034 0.0734929 0.0479 0.442285
0.157463 0.614163 9.9982E-05 0.221033 0.00714043 9.9982E-05
0.082349 0.429136 0.0537519 9.9991E-05 0.275855 0.158808
0.111213 0.779648 9.99731E-05 9.99731E-05 9.99731E-05 0.10884
0.071454 9.9982E-05 0.0484306 0.193489 0.686426 9.9982E-05
9.9982E-05 9.9982E-05 0.573083 0.143644 0.210064 0.0730085
9.9982E-05 0.254042 0.29752 9.9982E-05 0.0710804 0.377157
9.9991E-05 0.0104228 0.169069 0.165668 0.500445 0.154296
9.996E-05 9.996E-05 0.9995 9.996E-05 9.996E-05 9.996E-05
0.141852 0.227497 0.0955199 0.00731903 0.110256 0.417555
0.9995 9.996E-05 9.996E-05 9.996E-05 9.996E-05 9.996E-05
0.130319 0.354261 9.9991E-05 0.171912 0.212912 0.130497
9.9982E-05 0.204546 0.00691374 9.9982E-05 0.500227 0.288113
9.9982E-05 0.3181 9.9982E-05 0.147584 0.244161 0.289955
0.116837 0.300232 0.101484 0.243575 0.202481 0.0353908
0.0923963 9.9991E-05 0.129308 0.17757 0.329651 0.270974
0.0866643 0.109404 0.115312 0.31425 0.168228 0.206143
0.126315 0.0956153 9.9991E-05 0.200947 0.404782 0.17224
0.00556834 0.150197 0.0410682 0.164705 0.487634 0.150827
0.109182 0.593999 0.0432622 0.00314628 0.186725 0.0636854
0.0291355 0.0240005 0.495515 0.100287 0.152378 0.198684
0.135477 0.135918 0.095356 0.0423662 0.331008 0.259875
9.996E-05 9.996E-05 0.9995 9.996E-05 9.996E-05 9.996E-05
0.261022 0.0234122 9.9991E-05 0.00408475 0.372178 0.339203
0.0699229 0.267945 0.039825 0.467002 9.9991E-05 0.155204
9.9982E-05 0.33554 0.127207 0.0544745 0.482578 9.9982E-05
0.111305 9.9982E-05 9.9982E-05 0.153973 0.31914 0.415381
9.9991E-05 0.302413 0.094172 0.377436 0.219123 0.00675608
9.9982E-05 9.9982E-05 0.355841 0.278576 0.0116927 0.353691
0.00781518 0.350107 0.258638 0.181284 9.9991E-05 0.202056
0.02632 0.257274 9.9991E-05 0.0121585 0.421168 0.28298
0.0733113 9.9991E-05 0.296832 0.111214 0.326087 0.192456
9.9973E-05 0.0553004 9.9973E-05 9.9973E-05 0.368435 0.575965
0.00107447 0.0735093 9.9982E-05 9.9982E-05 0.74673 0.178486
0.112997 0.261659 0.187553 0.174507 0.262348 0.000935703
9.9973E-05 0.0892995 9.9973E-05 0.229106 0.681294 9.9973E-05
0.102067 0.0599782 0.185284 0.00838016 9.9991E-05 0.644191
9.9982E-05 9.9982E-05 0.0250192 0.365188 0.381212 0.228381
9.9973E-05 0.343202 9.9973E-05 0.436688 0.21981 9.9973E-05
0.0448915 0.107062 0.295972 0.0798977 0.299243 0.172933
0.0146208 0.0452457 0.106267 0.0717925 0.507679 0.254394
0.0695984 0.0750664 0.0501604 0.106216 0.698859 9.9991E-05
0.0447328 9.9991E-05 0.0635922 0.222529 0.604883 0.0641627
9.9973E-05 0.618946 9.9973E-05 9.9973E-05 0.0550785 0.325676
9.9973E-05 0.794656 0.0509872 9.9973E-05 9.9973E-05 0.154057
0.0759578 0.191276 0.119811 0.266106 0.346749 9.9991E-05
0.111481 0.336084 0.0499995 0.345909 0.132285 0.0242422
0.130202 0.0254634 0.0774227 0.314699 0.402098 0.0501143
0.100621 9.9973E-05 9.9973E-05 9.9973E-05 0.573409 0.32567
0.00447192 0.146585 0.169641 0.0315725 0.624045 0.0236844
0.0990033 9.9991E-05 0.0970677 0.229626 0.440288 0.133915
0.143884 0.426993 0.0747199 0.319125 0.035178 9.9991E-05
0.0899612 0.0970251 0.3521 0.249667 9.9991E-05 0.211147
0.143599 9.9982E-05 9.9982E-05 0.159225 0.370217 0.32676
9.996E-05 9.996E-05 9.996E-05 0.9995 9.996E-05 9.996E-05
0.146024 0.240946 9.9982E-05 0.544005 9.9982E-05 0.0688243
0.294184 0.496765 9.9982E-05 0.127717 0.0811338 9.9982E-05
9.9964E-05 9.9964E-05 9.9964E-05 0.291703 0.707897 9.9964E-05
0.346117 0.193704 9.9991E-05 0.225533 0.124692 0.109853
0.0642126 0.065276 0.143606 0.246671 0.297431 0.182803
0.0900988 0.252488 0.0142009 0.203339 0.0937582 0.346116
9.9973E-05 0.10198 9.9973E-05 0.384381 0.513339 9.9973E-05
9.9982E-05 0.387933 0.178518 0.0555702 9.9982E-05 0.377779
0.0599906 0.288436 9.9982E-05 0.301611 0.349762 9.9982E-05
0.0408723 0.275628 0.088769 0.0451548 0.286215 0.26336
9.9973E-05 0.473008 0.159937 0.366755 9.9973E-05 9.9973E-05
0.0319774 0.118518 0.00818819 0.261117 0.434689 0.14551
0.0041788 0.0309394 0.031259 0.341103 0.290148 0.302371
9.996E-05 9.996E-05 9.996E-05 0.9995 9.996E-05 9.996E-05
9.9982E-05 0.0131892 9.9982E-05 0.709517 0.0330349 0.244059
0.227098 0.505798 0.0196875 9.9991E-05 0.0988897 0.148427
0.146911 0.383732 0.0102722 0.00751275 0.254142 0.19743
0.0592904 0.460432 0.0178311 0.462246 9.9982E-05 9.9982E-05
0.0204363 0.394549 9.9991E-05 0.116535 0.251575 0.216805
0.153633 0.0570165 9.9991E-05 0.0805086 0.426534 0.282208
9.9964E-05 0.508085 9.9964E-05 9.9964E-05 9.9964E-05 0.491515
9.9982E-05 0.0951825 9.9982E-05 0.296033 0.048073 0.560511
0.0528635 0.0595298 0.121032 0.0542029 0.428163 0.284209
0.187251 0.199028 0.164411 0.0552191 0.39183 0.00226105
0.0138979 0.404061 0.0696462 0.382209 0.130085 9.9991E-05
0.202423 0.141849 9.9991E-05 0.148405 0.187266 0.319957
0.0516621 0.149327 9.9991E-05 0.462414 0.224383 0.112114
0.207595 0.139045 0.0478074 0.16795 0.437503 9.9991E-05
0.083933 0.0825441 0.0124512 0.135724 0.308467 0.376881
0.0976336 0.0753353 0.0916361 0.0138282 0.508009 0.213558
0.979171 9.9964E-05 0.0204288 9.9964E-05 9.9964E-05 9.9964E-05
0.106308 0.452865 0.0889637 0.000739517 0.219758 0.131366
9.996E-05 9.996E-05 9.996E-05 9.996E-05 9.996E-05 0.9995
0.0139505 0.148541 0.063116 0.218826 0.181906 0.37366
0.146392 0.534582 9.9982E-05 0.211097 9.9982E-05 0.10773
9.9982E-05 0.366488 0.179866 9.9982E-05 0.315326 0.13812
0.0223676 0.178098 9.9991E-05 0.0744274 0.230443 0.494565
0.9995 9.996E-05 9.996E-05 9.996E-05 9.996E-05 9.996E-05
0.0853733 0.253987 0.0673629 0.257722 0.233739 0.101816
0.226934 0.0587758 0.0230348 0.159187 0.010389 0.521679
9.9982E-05 0.666883 9.9982E-05 0.183463 0.110704 0.0387504
9.9991E-05 0.140903 0.122374 0.11138 0.223543 0.4017
