0.273727 0.532348 0.193725 9.9982E-05 9.9982E-05
0.315447 0.112004 0.204745 0.215911 0.151894
0.328618 0.142936 0.13131 0.239695 0.157441
0.730489 0.179594 9.9991E-05 0.0195169 0.0703009
0.314367 0.167554 0.0202605 0.373756 0.124061
0.519088 9.9982E-05 0.131126 0.349585 9.9982E-05
0.375724 0.391928 0.0670078 0.152204 0.0131368
0.155951 0.24666 0.121576 0.43287 0.042943
0.111183 0.248791 0.274004 0.25517 0.110852
9.999E-05 0.169803 0.43858 0.205573 0.185943
0.163857 0.109808 0.675728 0.0162652 0.0343416
0.091736 0.154794 0.120573 0.368833 0.264065
0.475155 0.16002 0.317185 9.9991E-05 0.0475405
0.0368356 0.439423 0.126668 0.320629 0.0764445
9.9982E-05 0.266475 0.00618851 0.727136 9.9982E-05
0.0920476 0.34944 9.9991E-05 0.523688 0.0347241
9.9982E-05 0.260826 0.0148513 0.724123 9.9982E-05
0.203573 0.464352 0.0572369 0.0725471 0.202291
0.299355 0.211654 0.147289 0.257853 0.0838479
0.104821 0.188075 0.209137 0.292248 0.20572
0.109116 0.403341 0.206142 0.218435 0.062966
0.273848 0.268964 0.273479 0.089705 0.0940041
0.383571 0.282064 0.124524 0.0844601 0.125381
0.526777 0.332405 9.9991E-05 0.0399068 0.100811
9.9982E-05 0.114024 0.839793 9.9982E-05 0.0459827
0.293681 0.329418 0.0725764 0.270844 0.0334797
0.1061 0.236609 0.22055 0.204896 0.231845
0.0213574 0.172386 0.246489 0.331614 0.228153
0.4224 9.9991E-05 0.104074 0.319958 0.153468
0.0800223 0.120345 9.9991E-05 0.124887 0.674646
0.013011 9.9991E-05 0.276272 0.640721 0.0698957
0.0879323 0.0702843 0.374437 0.211493 0.255853
0.307458 0.298926 9.9991E-05 0.298235 0.0952812
0.373927 0.282977 0.0816182 0.261378 9.9991E-05
0.291459 0.367377 0.289062 0.0122726 0.03983
9.99731E-05 0.998896 0.000804432 9.99731E-05 9.99731E-05
0.772494 0.11899 0.108316 9.9982E-05 9.9982E-05
9.9982E-05 0.304109 0.558777 9.9982E-05 0.136913
0.305736 0.134597 0.0444826 0.451279 0.0639054
0.175853 0.104164 0.324355 0.379917 0.0157111
0.382287 0.0783563 0.334126 9.9991E-05 0.205131
0.53986 0.0905767 0.214945 0.115872 0.0387468
0.283169 0.110071 0.220715 0.259533 0.126512
0.379132 9.9991E-05 0.158338 0.146271 0.316159
9.9991E-05 0.232066 0.203178 0.237716 0.326941
0.260355 0.190794 0.411104 0.130609 0.00713874
0.327188 0.102036 0.111665 0.389627 0.0694839
0.619091 0.0329492 9.9991E-05 0.184431 0.163428
0.372703 0.130389 0.255393 0.130243 0.111272
9.9982E-05 0.109712 9.9982E-05 0.815652 0.0744365
0.00421686 0.430698 0.244503 0.219169 0.101413
0.222103 0.22849 0.0812331 0.436441 0.0317334
0.236384 0.0643279 9.9991E-05 0.556048 0.14314
0.127982 0.151418 0.199081 0.420048 0.101471
0.384708 9.9991E-05 0.120532 0.215927 0.278733
0.414388 0.117821 0.164783 0.298164 0.00484347
9.9991E-05 0.00666382 0.431968 0.352047 0.209221
0.545285 0.0729929 0.199016 9.9991E-05 0.182606
0.206057 0.131567 0.126461 0.535815 9.9991E-05
0.230825 0.218513 0.278929 0.158378 0.113355
0.917726 0.0819738 9.9973E-05 9.9973E-05 9.9973E-05
0.312339 0.269684 0.209103 0.208774 9.9991E-05
0.54074 0.130016 9.9982E-05 0.329044 9.9982E-05
9.9973E-05 0.145056 9.9973E-05 9.9973E-05 0.854644
0.464333 0.212622 0.159428 0.163517 9.9991E-05
0.255007 0.664642 9.9982E-05 0.0801509 9.9982E-05
0.427335 0.358139 0.134392 0.0158731 0.0642604
0.325864 0.172901 9.9991E-05 0.355808 0.145327
0.645424 0.322212 0.0321645 9.9982E-05 9.9982E-05
0.000448048 0.293986 0.146707 0.380569 0.178289
0.41563 9.9991E-05 0.321941 0.132884 0.129444
0.280158 0.291154 9.9991E-05 0.331795 0.0967917
0.250704 0.251289 0.107723 0.240215 0.150069
0.0421244 0.0115429 0.189279 0.61993 0.137123
0.258332 0.047396 0.309425 0.261174 0.123673
9.9982E-05 0.106669 0.0906409 0.802491 9.9982E-05
0.621791 0.123024 0.133304 0.000792713 0.121088
0.800914 0.0216491 0.0708277 0.0496559 0.0569529
0.975522 9.9973E-05 9.9973E-05 0.0241781 9.9973E-05
0.673452 0.227804 0.027773 9.9991E-05 0.0708707
0.39892 0.240112 0.183978 0.0891923 0.0877978
0.527187 0.196645 0.09413 0.150122 0.0319159
0.276965 0.0772599 0.256532 0.163198 0.226046
0.0462558 0.0841609 0.221683 0.601188 0.0467115
0.699701 0.143831 9.9991E-05 0.0476573 0.108711
0.374999 0.0873291 0.376084 0.101777 0.0598117
0.173653 0.74111 9.9991E-05 0.0781518 0.00698557
9.9982E-05 0.120262 0.335119 0.544419 9.9982E-05
0.162125 0.392716 0.0757378 0.109065 0.260356
0.129298 0.171658 0.282038 0.318423 0.0985828
9.997E-05 9.997E-05 9.997E-05 9.997E-05 0.9996
0.0235766 0.249724 0.307106 0.348946 0.0706469
0.52434 0.28969 9.9982E-05 0.18577 9.9982E-05
0.0241969 0.195152 0.0408739 0.644226 0.0955514
0.705141 0.156306 0.138354 9.9982E-05 9.9982E-05
0.375431 0.155271 0.0427308 0.382785 0.0437814
0.175738 0.0973612 0.190247 0.374983 0.161671
0.762912 9.99821E-05 0.148962 9.99821E-05 0.0879268
9.9991E-05 0.316848 0.0190251 0.0437699 0.620257
0.225071 0.0654445 0.0100316 0.333072 0.366381
0.277892 0.334404 0.0826357 0.149475 0.155593
9.997E-05 9.997E-05 9.997E-05 9.997E-05 0.9996
0.277152 0.144795 0.268767 0.278227 0.0310595
9.99729E-05 0.0643542 0.935346 9.99729E-05 9.99729E-05
9.9991E-05 0.210788 0.286131 0.455762 0.0472194
0.244879 9.9991E-05 0.217836 0.53374 0.00344475
0.386284 0.171882 9.9991E-05 0.436896 0.00483863
0.408743 0.271451 0.0257563 0.201403 0.0926472
0.0595053 0.173347 0.200966 0.385798 0.180383
0.372329 0.375052 0.0820177 0.0290373 0.141564
0.542427 0.032465 0.103386 0.321622 9.9991E-05
0.220972 0.147993 0.249305 0.111947 0.269783
0.391027 0.0640305 0.207581 0.337261 9.9991E-05
0.135459 0.114314 9.9991E-05 0.0470923 0.703035
0.51935 0.177333 9.9991E-05 0.183288 0.119929
9.997E-05 9.997E-05 9.997E-05 9.997E-05 0.9996
0.0129836 0.108099 0.494273 0.359118 0.0255261
0.275804 0.58592 0.0247461 0.0682751 0.0452541
0.765324 9.9991E-05 0.0547244 0.033552 0.146299
0.0279341 0.314714 0.495644 0.132602 0.0291053
0.225512 0.396362 9.9991E-05 0.204703 0.173323
0.0882234 0.431083 9.9991E-05 0.0676345 0.412959
0.349315 0.1682 0.120679 0.0851667 0.276639
0.224264 0.00234473 0.106934 0.666357 9.9991E-05
0.134513 0.136311 0.354644 0.0780384 0.296494
0.241203 0.0336221 9.9982E-05 0.724975 9.9982E-05
9.9991E-05 0.0693447 0.47991 0.428809 0.0218363
0.363881 0.250889 0.171887 0.035749 0.177594
0.362339 0.048072 0.217645 0.361994 0.00995016
9.9991E-05 0.243741 0.424141 0.158979 0.173039
0.394958 0.4262 0.0558606 9.9991E-05 0.122881
0.810107 0.0940831 9.9982E-05 9.9982E-05 0.0956102
0.339666 0.0251372 0.105069 0.24202 0.288107
0.200506 0.0822745 0.0896492 0.466024 0.161546
0.470999 0.138036 0.0778779 0.311551 0.00153647
9.9991E-05 0.242852 0.231408 0.463709 0.0619299
9.997E-05 9.997E-05 9.997E-05 0.9996 9.997E-05
9.9982E-05 0.0343104 9.9982E-05 0.9213 0.0441894
0.0730279 0.163326 0.299976 0.226188 0.237482
0.731424 0.104543 0.0823792 9.9991E-05 0.0815532
0.283499 0.297297 0.0866457 0.174068 0.158491
9.9973E-05 9.9973E-05 0.323559 0.676141 9.9973E-05
0.469811 0.00228932 0.262768 0.153608 0.111524
0.302709 0.262536 0.326538 9.9991E-05 0.108116
0.544433 0.212298 0.0355461 0.1189 0.0888218
0.103142 0.422691 0.0550516 9.9991E-05 0.419016
0.376332 0.26558 0.124969 0.22631 0.00680952
9.997E-05 0.9996 9.997E-05 9.997E-05 9.997E-05
0.29429 0.678468 0.027042 9.9982E-05 9.9982E-05
0.341723 0.0700623 0.394543 0.193572 9.9991E-05
9.9991E-05 0.106951 0.308304 0.430444 0.154201
0.180658 0.301472 0.228107 0.289663 9.9991E-05
0.213899 0.321823 0.222444 0.167551 0.0742827
0.37608 0.186744 0.140502 0.217788 0.0788857
0.267267 0.219704 0.0144075 0.475527 0.0230943
0.181518 0.214778 0.0132255 0.339404 0.251075
0.510642 0.283594 0.158571 0.0470928 9.9991E-05
0.201602 0.247927 0.187143 0.235159 0.128169
0.531967 0.397516 9.9982E-05 9.9982E-05 0.070317
0.249817 0.149883 0.0502837 0.421614 0.128402
0.317244 0.360418 0.227355 0.0948823 9.9991E-05
9.997E-05 0.9996 9.997E-05 9.997E-05 9.997E-05
9.9973E-05 0.77349 9.9973E-05 0.22621 9.9973E-05
0.512578 0.0550826 0.196568 0.199617 0.0361532
0.184697 0.160274 0.258128 0.284694 0.112207
0.351812 0.469079 0.135966 9.9991E-05 0.0430424
0.526944 0.121592 0.103823 0.247541 9.9991E-05
9.9982E-05 0.115817 0.192943 0.69104 9.9982E-05
0.0117967 0.0851098 9.9991E-05 0.896015 0.00697812
0.257375 0.478803 9.9991E-05 0.187105 0.0766164
0.304137 0.00410491 0.159229 0.418418 0.114111
0.116056 9.9991E-05 0.144326 0.475407 0.264111
0.290079 0.313987 9.9991E-05 0.147707 0.248128
0.358273 0.0616019 0.252616 0.327409 9.9991E-05
0.372006 0.408341 0.00013636 0.219417 9.9991E-05
0.45332 0.048515 0.248838 0.180061 0.0692655
0.201502 0.15798 0.0127546 0.627663 9.9991E-05
9.9991E-05 0.0403078 0.269698 0.639201 0.0506928
9.997E-05 9.997E-05 0.9996 9.997E-05 9.997E-05
0.338415 9.9991E-05 0.335604 0.0949565 0.230925
9.9982E-05 0.366132 9.9982E-05 0.558041 0.0756269
0.151877 0.411639 0.272166 0.0205129 0.143805
0.358994 0.117427 0.155858 0.244391 0.12333
0.397981 0.104174 0.00352499 0.264676 0.229644
0.111493 0.346138 0.0242335 0.518036 9.9991E-05
9.997E-05 9.997E-05 0.9996 9.997E-05 9.997E-05
0.411671 0.300099 0.112954 0.136818 0.0384585
0.0200218 0.377971 0.142258 0.433201 0.0265484
0.67306 0.17222 9.999E-05 0.13866 0.0159602
9.9982E-05 0.202907 9.9982E-05 0.632575 0.164318
