9.99641E-05 9.99641E-05 0.013508 0.456317 9.99641E-05 9.99641E-05 0.429375 0.1004
0.00362895 0.11408 0.177069 0.249205 0.379666 9.9982E-05 0.0761508 9.9982E-05
9.99731E-05 9.99731E-05 0.244262 0.0495817 0.391669 0.0700641 0.244123 9.99731E-05
0.464426 9.99731E-05 0.0883847 9.99731E-05 0.12118 0.0686126 9.99731E-05 0.257096
0.350935 0.167102 9.99641E-05 9.99641E-05 9.99641E-05 9.99641E-05 0.237346 0.244217
0.411592 9.9973E-05 9.9973E-05 0.0779206 9.9973E-05 0.147604 0.00274339 0.359841
0.279483 0.132661 0.0654654 0.185348 0.0877106 9.99911E-05 0.172065 0.0771668
0.301432 0.0276671 0.0140493 0.133809 9.99731E-05 9.99731E-05 0.522743 9.99731E-05
0.183784 9.99554E-05 9.99554E-05 9.99554E-05 0.204426 9.99554E-05 9.99554E-05 0.611291
9.99821E-05 0.0906718 0.139595 0.426351 0.137564 0.200127 9.99821E-05 0.0054915
9.9973E-05 0.0149173 0.123824 9.9973E-05 0.223274 0.406442 9.9973E-05 0.231243
0.478486 0.137226 9.99732E-05 9.99732E-05 0.144583 9.99732E-05 0.205408 0.0339973
0.457758 9.99731E-05 0.0268431 0.102717 0.228976 9.99731E-05 9.99731E-05 0.183406
0.577976 0.186777 0.0844658 0.094897 9.9991E-05 0.027032 0.00263606 0.0261156
0.36273 0.029912 9.99732E-05 9.99732E-05 0.509905 0.00503576 0.0921176 9.99732E-05
0.0954992 0.184085 0.222873 9.99731E-05 9.99731E-05 9.99731E-05 0.34953 0.147713
0.150952 9.99821E-05 0.102369 0.170112 0.382656 0.0440472 0.149664 9.99821E-05
9.99821E-05 0.304189 0.201113 0.297572 0.0228467 0.127385 0.0466951 9.99821E-05
0.233265 9.99732E-05 9.99732E-05 0.331044 0.401658 9.99732E-05 0.016279 0.0174542
0.639098 9.99552E-05 0.106328 0.254074 9.99552E-05 9.99552E-05 9.99552E-05 9.99552E-05
9.99552E-05 0.102166 9.99552E-05 0.503857 9.99552E-05 0.393477 9.99552E-05 9.99552E-05
0.011794 9.9982E-05 0.00709233 9.9982E-05 0.618499 0.0560687 0.0545813 0.251765
0.410257 9.9991E-05 0.193887 0.163369 0.0397372 0.0199103 0.0630831 0.109656
0.0795885 9.99641E-05 0.168711 9.99641E-05 9.99641E-05 0.0671257 9.99641E-05 0.684175
9.99731E-05 0.000112205 0.308354 9.99731E-05 0.0119255 0.220683 9.99731E-05 0.458625
9.9982E-05 0.135781 0.0384889 0.119628 0.110724 9.9982E-05 0.184509 0.410669
9.9973E-05 0.283572 9.9973E-05 0.181653 0.393827 0.0484096 0.0922384 9.9973E-05
0.273072 0.036599 9.99911E-05 0.122338 0.127356 0.115421 0.261732 0.0633821
0.151397 9.9973E-05 9.9973E-05 0.328347 0.0289998 0.159621 0.331335 9.9973E-05
9.99641E-05 9.99641E-05 0.505752 9.99641E-05 0.205359 0.0112474 9.99641E-05 0.277242
0.0194741 0.173727 9.99821E-05 0.144876 9.99821E-05 0.142242 0.0686539 0.450827
0.525264 9.99642E-05 0.180458 9.99642E-05 0.178262 9.99642E-05 0.115615 9.99642E-05
0.0447248 9.99821E-05 0.0445625 0.232876 0.329333 0.165755 0.182548 9.99821E-05
0.363791 9.99821E-05 0.0257679 0.00614232 0.237138 0.0373326 0.329628 9.99821E-05
9.9973E-05 0.067245 0.0857459 0.324973 9.9973E-05 9.9973E-05 0.111106 0.41063
9.994E-05 9.994E-05 9.994E-05 0.9993 9.994E-05 9.994E-05 9.994E-05 9.994E-05
9.99552E-05 0.182399 9.99552E-05 9.99552E-05 9.99552E-05 9.99552E-05 0.379666 0.437435
9.99642E-05 9.99642E-05 0.227609 0.500029 0.0522247 0.219737 9.99642E-05 9.99642E-05
0.178879 0.0785637 0.103067 0.160108 9.9991E-05 0.0760863 0.26073 0.142465
0.488837 0.114357 9.99731E-05 9.99731E-05 9.99731E-05 0.165192 0.174002 0.0573128
9.99731E-05 0.0945772 0.22864 0.0849897 0.583717 0.00777617 9.99731E-05 9.99731E-05
9.99642E-05 0.154694 9.99642E-05 9.99642E-05 0.556859 0.112034 9.99642E-05 0.176013
0.176712 9.9973E-05 0.0607688 0.382231 0.126804 9.9973E-05 9.9973E-05 0.253185
0.17698 0.0528439 9.99821E-05 9.99821E-05 0.155265 0.10805 0.0620998 0.444562
0.349851 0.0964741 0.120184 0.108827 0.157191 9.9982E-05 0.167273 9.9982E-05
0.218506 0.03179 0.0437752 0.306117 0.120321 9.99911E-05 0.225718 0.0536721
0.131601 9.99641E-05 0.223637 0.38048 0.263882 9.99641E-05 9.99641E-05 9.99641E-05
0.237006 0.132411 9.9991E-05 0.0407053 0.453697 0.0169249 0.116082 0.00307377
0.0134059 9.99733E-05 0.0352764 0.11554 0.543347 9.99733E-05 0.292131 9.99733E-05
9.99641E-05 0.0763313 9.99641E-05 0.386834 9.99641E-05 9.99641E-05 0.355065 0.18137
9.9955E-05 9.9955E-05 0.200474 9.9955E-05 9.9955E-05 9.9955E-05 0.355681 0.443346
0.278256 0.142411 9.99731E-05 0.219298 0.0354248 0.32431 9.99731E-05 9.99731E-05
9.9955E-05 9.9955E-05 0.0792099 9.9955E-05 0.593105 9.9955E-05 9.9955E-05 0.327185
0.210603 9.99731E-05 0.15578 0.0737836 9.99731E-05 0.197548 0.361986 9.99731E-05
0.628914 0.261657 9.99732E-05 9.99732E-05 0.0194222 0.0890759 0.000630793 9.99732E-05
9.99642E-05 0.118362 9.99642E-05 9.99642E-05 0.448254 9.99642E-05 0.18224 0.250744
0.159797 9.99821E-05 0.0177878 0.18865 0.103454 0.15245 9.99821E-05 0.377661
0.560502 0.0839213 9.99643E-05 9.99643E-05 0.0186332 9.99643E-05 9.99643E-05 0.336544
0.245768 0.29064 9.9991E-05 0.00780979 0.0882485 0.140746 0.0317169 0.194971
9.99641E-05 9.99641E-05 9.99641E-05 0.694013 0.0821052 0.0971284 9.99641E-05 0.126353
0.175377 9.99731E-05 9.99731E-05 9.99731E-05 0.0613895 0.162858 0.422443 0.177633
0.00209515 0.34184 9.99731E-05 0.313157 0.227977 9.99731E-05 9.99731E-05 0.114631
9.99461E-05 9.99461E-05 9.99461E-05 9.99461E-05 0.80969 9.99461E-05 9.99461E-05 0.18971
9.99731E-05 0.153015 0.604274 0.0749754 9.99731E-05 0.0873914 0.0800436 9.99731E-05
0.00935546 9.99731E-05 0.143363 9.99731E-05 0.0849329 9.99731E-05 0.368955 0.393093
9.99731E-05 0.0187558 0.0595101 0.0879724 0.825141 0.0083206 9.99731E-05 9.99731E-05
9.99641E-05 0.0269505 9.99641E-05 0.648342 9.99641E-05 9.99641E-05 0.0567903 0.267517
0.2306 0.264917 9.99821E-05 0.0522427 0.203714 9.99821E-05 0.112637 0.13569
9.99731E-05 0.0182399 9.99731E-05 0.115708 0.232391 9.99731E-05 0.53083 0.102532
9.998E-05 9.998E-05 0.00147522 0.369946 0.239278 0.163844 0.171696 0.0535603
0.623488 0.156354 9.99731E-05 9.99731E-05 0.0755634 0.0712434 9.99731E-05 0.0730515
9.99731E-05 0.117556 0.0574786 0.00794539 0.724235 9.99731E-05 9.99731E-05 0.0924844
0.535607 0.185046 9.99732E-05 0.0233599 9.99732E-05 9.99732E-05 0.145049 0.110638
9.99732E-05 0.142403 9.99732E-05 0.0174159 0.291529 9.99732E-05 0.351263 0.197089
0.415498 9.99732E-05 0.170846 0.073722 9.99732E-05 9.99732E-05 0.297337 0.0422974
0.404956 0.0863671 0.024622 0.0303486 0.100692 9.9991E-05 0.155577 0.197338
0.186652 9.99555E-05 0.187288 9.99555E-05 0.625561 9.99555E-05 9.99555E-05 9.99555E-05
0.1309 0.141045 9.9973E-05 9.9973E-05 0.142702 0.298624 9.9973E-05 0.286429
0.259727 9.99731E-05 9.99731E-05 9.99731E-05 0.147201 0.252412 0.0962777 0.244083
0.650634 0.0207503 9.99642E-05 9.99642E-05 9.99642E-05 0.0514697 0.276746 9.99642E-05
9.99642E-05 0.282087 9.99642E-05 0.144586 0.098893 9.99642E-05 0.474035 9.99642E-05
0.116118 9.99911E-05 0.0694439 0.343193 0.20862 0.0641551 0.0506947 0.147675
9.994E-05 9.994E-05 9.994E-05 0.9993 9.994E-05 9.994E-05 9.994E-05 9.994E-05
9.99731E-05 9.99731E-05 0.214134 0.0241556 0.524394 9.99731E-05 0.150462 0.0865546
0.474376 0.124386 0.122258 0.164059 0.114621 9.99731E-05 9.99731E-05 9.99731E-05
0.0746225 0.0450451 9.9973E-05 0.478031 0.365525 9.9973E-05 9.9973E-05 0.0364771
0.130092 0.130739 9.99643E-05 0.61458 0.124189 9.99643E-05 9.99643E-05 9.99643E-05
0.162325 9.99642E-05 0.345192 9.99642E-05 0.108915 9.99642E-05 9.99642E-05 0.383168
9.99821E-05 9.99821E-05 0.108922 0.287079 0.036305 0.263058 0.0464331 0.258002
9.99551E-05 9.99551E-05 9.99551E-05 9.99551E-05 0.736395 0.0676224 0.195483 9.99551E-05
9.99463E-05 9.99463E-05 0.901867 9.99463E-05 9.99463E-05 9.99463E-05 0.097533 9.99463E-05
0.305247 0.0831394 0.111541 0.25669 9.99732E-05 9.99732E-05 9.99732E-05 0.243082
9.99643E-05 0.129752 0.0527286 0.208705 0.608415 9.99643E-05 9.99643E-05 9.99643E-05
0.254531 9.99641E-05 9.99641E-05 0.220398 0.292329 0.232342 9.99641E-05 9.99641E-05
0.173625 0.155356 9.9955E-05 9.9955E-05 0.670519 9.9955E-05 9.9955E-05 9.9955E-05
0.708264 0.0446912 0.146916 9.9973E-05 0.0628944 0.0369341 9.9973E-05 9.9973E-05
9.99552E-05 9.99552E-05 9.99552E-05 0.527627 0.126883 9.99552E-05 9.99552E-05 0.34499
0.346796 9.99552E-05 9.99552E-05 0.237258 0.415446 9.99552E-05 9.99552E-05 9.99552E-05
9.9973E-05 0.0493395 0.368274 0.194469 9.9973E-05 9.9973E-05 0.0894231 0.298194
9.9964E-05 9.9964E-05 0.404418 0.257494 0.129045 9.9964E-05 9.9964E-05 0.208643
0.0725413 0.145985 9.99643E-05 9.99643E-05 9.99643E-05 0.0504564 9.99643E-05 0.730618
9.99642E-05 0.0102164 0.655403 9.99642E-05 9.99642E-05 0.0404121 9.99642E-05 0.293568
9.99642E-05 9.99642E-05 9.99642E-05 0.0743182 0.266065 0.367358 9.99642E-05 0.291859
9.99551E-05 9.99551E-05 0.0724087 9.99551E-05 9.99551E-05 0.850601 9.99551E-05 0.0764902
0.351025 9.99551E-05 9.99551E-05 0.475819 9.99551E-05 9.99551E-05 0.172656 9.99551E-05
0.442356 9.99821E-05 0.037292 0.0637883 0.0986551 9.99821E-05 0.00663999 0.351069
0.339456 0.00463703 0.0150949 0.191881 0.127942 9.9991E-05 0.259848 0.0610421
9.99641E-05 9.99641E-05 9.99641E-05 0.0727581 9.99641E-05 0.179712 0.493167 0.253963
9.99463E-05 9.99463E-05 9.99463E-05 9.99463E-05 9.99463E-05 9.99463E-05 0.578199 0.421201
9.99641E-05 0.0390088 0.201608 9.99641E-05 9.99641E-05 0.434284 0.3247 9.99641E-05
9.99822E-05 0.145175 0.290046 0.371679 0.0319457 9.99822E-05 0.0860791 0.074875
0.156606 0.0664866 9.997E-05 0.34366 9.997E-05 9.997E-05 0.112884 0.320063
0.103167 9.99642E-05 0.692433 0.0157893 9.99642E-05 9.99642E-05 0.188211 9.99642E-05
0.128194 0.0536796 0.109064 9.99731E-05 9.99731E-05 0.00872859 0.700034 9.99731E-05
9.99462E-05 9.99462E-05 0.888547 9.99462E-05 0.110853 9.99462E-05 9.99462E-05 9.99462E-05
0.261366 9.99642E-05 9.99642E-05 9.99642E-05 0.314967 0.379055 9.99642E-05 0.0442116
0.336354 9.99731E-05 9.99731E-05 0.351462 0.195187 9.99731E-05 0.0794562 0.0372402
0.197384 9.99641E-05 9.99641E-05 0.0633989 0.586126 9.99641E-05 0.152692 9.99641E-05
0.0672436 0.0532141 0.283074 9.998E-05 0.0672501 9.998E-05 0.287645 0.241373
0.259228 9.9973E-05 0.0854665 0.486979 9.9973E-05 0.00980532 0.158222 9.9973E-05
0.0631194 9.99642E-05 0.224151 9.99642E-05 0.20057 9.99642E-05 9.99642E-05 0.511759
0.417318 9.996E-05 0.229327 0.308259 9.996E-05 0.0446955 9.996E-05 9.996E-05
0.335846 9.9964E-05 9.9964E-05 0.231324 9.9964E-05 0.0519416 0.380488 9.9964E-05
0.153074 0.0686874 9.99732E-05 0.528055 0.212265 9.99732E-05 0.0376192 9.99732E-05
0.194199 9.99821E-05 0.0855408 9.99821E-05 0.448272 0.136703 0.0761912 0.0588932
0.0518737 9.9982E-05 9.9982E-05 0.286638 0.256527 0.0418045 0.016697 0.346259
9.99642E-05 0.107084 0.24216 9.99642E-05 0.552758 9.99642E-05 0.0975979 9.99642E-05
9.99641E-05 0.169515 9.99641E-05 0.146749 9.99641E-05 9.99641E-05 0.380994 0.302341
9.99643E-05 9.99643E-05 0.123506 0.401983 9.99643E-05 0.307126 0.166985 9.99643E-05
0.197268 0.0757989 0.181697 0.313707 9.99821E-05 0.0333612 0.197968 9.99821E-05
9.99732E-05 0.0328029 9.99732E-05 0.0430441 0.545043 0.035805 9.99732E-05 0.343005
0.200528 0.125365 0.0166577 0.289493 9.9991E-05 0.123445 0.0280757 0.216335
0.180592 9.99732E-05 9.99732E-05 9.99732E-05 0.203089 0.0404992 0.33025 0.24527
0.42797 0.17938 9.99641E-05 0.221388 9.99641E-05 0.170862 9.99641E-05 9.99641E-05
9.99641E-05 0.0882537 9.99641E-05 0.614907 0.203359 0.0930807 9.99641E-05 9.99641E-05
9.99642E-05 9.99642E-05 0.00891545 0.357505 9.99642E-05 9.99642E-05 0.598171 0.0350089
9.994E-05 9.994E-05 9.994E-05 9.994E-05 9.994E-05 9.994E-05 0.9993 9.994E-05
9.99642E-05 9.99642E-05 0.0596701 0.099666 9.99642E-05 0.0916465 0.748618 9.99642E-05
0.106662 0.13163 9.99911E-05 0.285562 0.126902 0.207478 0.0330783 0.108588
0.154742 9.99821E-05 0.0535458 0.234478 0.00247638 9.99821E-05 0.473728 0.0808298
0.00583147 9.99642E-05 9.99642E-05 9.99642E-05 9.99642E-05 0.282726 0.00322795 0.707815
9.99553E-05 9.99553E-05 0.255781 0.639212 9.99553E-05 0.104508 9.99553E-05 9.99553E-05
0.348573 0.0489957 9.9991E-05 0.186014 0.32024 0.039599 0.0204177 0.0360612
9.99642E-05 9.99642E-05 0.0638157 9.99642E-05 0.61668 0.215054 9.99642E-05 0.104051
0.122854 0.0938987 0.548887 0.0561841 9.9973E-05 9.9973E-05 9.9973E-05 0.177876
0.303594 9.99641E-05 9.99641E-05 0.133735 9.99641E-05 9.99641E-05 0.283288 0.278984
9.994E-05 0.9993 9.994E-05 9.994E-05 9.994E-05 9.994E-05 9.994E-05 9.994E-05
0.469545 9.99642E-05 0.0807419 0.330466 9.99642E-05 0.118847 9.99642E-05 9.99642E-05
0.328198 0.217139 0.173974 0.235167 9.99731E-05 9.99731E-05 9.99731E-05 0.0452223
0.306573 0.466521 9.99642E-05 9.99642E-05 9.99642E-05 0.0779075 9.99642E-05 0.148599
0.130684 0.13622 9.99821E-05 9.99821E-05 0.225476 0.173948 0.0179671 0.315505
0.250716 0.0414032 9.99731E-05 0.0117145 0.592123 9.99731E-05 9.99731E-05 0.103743
0.0517036 9.9982E-05 9.9982E-05 0.0997332 0.257508 0.0287489 0.307838 0.254268
0.198727 9.99642E-05 9.99642E-05 0.129535 9.99642E-05 9.99642E-05 0.13303 0.538307
9.99732E-05 0.215656 0.132981 0.0531253 9.99732E-05 9.99732E-05 0.0382647 0.559673
0.443686 0.0281604 9.99731E-05 9.99731E-05 0.114448 0.299324 0.114082 9.99731E-05
0.61307 9.99641E-05 0.0894542 0.011487 9.99641E-05 0.285589 9.99641E-05 9.99641E-05
9.99642E-05 0.237446 9.99642E-05 9.99642E-05 0.385473 0.289649 0.0870314 9.99642E-05
9.99553E-05 9.99553E-05 9.99553E-05 0.283251 9.99553E-05 9.99553E-05 0.553634 0.162615
9.99821E-05 9.99821E-05 0.0575007 0.529899 0.122368 0.0158799 0.132444 0.141708
9.994E-05 0.9993 9.994E-05 9.994E-05 9.994E-05 9.994E-05 9.994E-05 9.994E-05
9.99641E-05 0.298216 9.99641E-05 0.0793731 0.346327 9.99641E-05 0.275684 9.99641E-05
0.571613 9.99731E-05 9.99731E-05 0.00612595 0.0378011 9.99731E-05 0.132785 0.251374
0.140586 0.106162 9.99642E-05 9.99642E-05 0.617075 0.135777 9.99642E-05 9.99642E-05
0.137313 0.145648 9.99553E-05 9.99553E-05 0.71654 9.99553E-05 9.99553E-05 9.99553E-05
0.112398 9.997E-05 0.0307955 0.255913 0.251576 9.997E-05 9.997E-05 0.349017
9.99821E-05 0.0749348 9.99821E-05 0.0596243 0.24286 0.100519 0.465301 0.0565614
0.119757 9.99643E-05 9.99643E-05 9.99643E-05 0.117029 0.0839267 0.678888 9.99643E-05
0.757221 0.107455 9.99555E-05 9.99555E-05 9.99555E-05 9.99555E-05 9.99555E-05 0.134824
0.343539 0.0295825 0.0604801 0.359841 9.9973E-05 9.9973E-05 9.9973E-05 0.206257
9.99821E-05 9.99821E-05 0.0197305 0.0493477 0.0416678 0.145725 0.57127 0.172059
0.0894834 0.0410957 9.99731E-05 0.0886657 0.147217 9.99731E-05 0.633239 9.99731E-05
0.775645 0.00238644 9.99642E-05 9.99642E-05 0.116807 0.104762 9.99642E-05 9.99642E-05
9.99821E-05 9.99821E-05 0.0761152 0.211835 0.0965112 0.0114686 0.0118936 0.591977
9.99552E-05 9.99552E-05 9.99552E-05 9.99552E-05 0.202668 9.99552E-05 0.572459 0.224374
0.203969 9.99554E-05 9.99554E-05 0.198493 9.99554E-05 9.99554E-05 0.597038 9.99554E-05
0.344305 0.124647 0.273619 0.0396293 0.0968826 9.9991E-05 0.0779502 0.0428661
0.00452696 0.0985462 9.99641E-05 9.99641E-05 9.99641E-05 0.891579 9.99641E-05 0.00494851
9.99642E-05 9.99642E-05 9.99642E-05 0.871165 0.00975484 0.10938 0.0093009 9.99642E-05
0.239633 9.99642E-05 9.99642E-05 0.050977 0.645077 0.063913 9.99642E-05 9.99642E-05
9.99553E-05 0.204142 9.99553E-05 0.596463 0.198895 9.99553E-05 9.99553E-05 9.99553E-05
0.0391339 0.195501 9.99821E-05 0.24726 0.348657 0.0976073 9.99821E-05 0.0716416
9.9973E-05 0.0768709 9.9973E-05 0.175414 0.204551 9.9973E-05 0.192732 0.350133
0.401557 0.00883716 9.99642E-05 9.99642E-05 9.99642E-05 9.99642E-05 0.196228 0.392979
9.994E-05 9.994E-05 9.994E-05 9.994E-05 9.994E-05 0.9993 9.994E-05 9.994E-05
0.120223 0.160342 9.99732E-05 0.0449635 0.464381 9.99732E-05 0.20979 9.99732E-05
0.570757 9.99641E-05 0.0623684 0.25741 9.99641E-05 9.99641E-05 0.109065 9.99641E-05
9.99731E-05 0.0704687 9.99731E-05 0.174949 9.99731E-05 0.137441 0.0966235 0.520217
0.30455 9.99641E-05 0.101578 0.569965 9.99641E-05 9.99641E-05 9.99641E-05 0.0235073
