0.790197 0.0489298 9.9955E-05 9.9955E-05 9.9955E-05 0.0971607 9.9955E-05 0.0632125 9.9955E-05
0.101826 9.9973E-05 0.0112271 0.0544838 9.9973E-05 9.9973E-05 0.110273 0.349317 0.372574
0.0416828 9.9982E-05 0.0560399 9.9982E-05 0.018721 0.223062 0.447807 0.0055268 0.20696
0.275571 0.0668247 0.0914188 9.9973E-05 0.0525747 9.9973E-05 0.435755 0.0775551 9.9973E-05
9.9973E-05 0.0803979 0.0884618 9.9973E-05 0.0647411 0.00584813 0.619691 9.9973E-05 0.14056
0.0474934 0.0514247 0.0317811 0.0505315 9.9991E-05 0.068956 0.471526 0.0709664 0.207221
0.309394 0.0572306 0.126695 0.00527448 0.0724677 0.206773 0.149489 9.9991E-05 0.0725761
0.21341 9.9982E-05 0.0532778 0.0394413 0.128139 0.0625797 0.217012 0.28594 9.9982E-05
0.0154094 0.00667897 0.0453663 0.0134646 0.0607163 0.121127 0.275794 9.9991E-05 0.461343
0.185317 0.158229 0.123573 0.102024 0.151086 0.228539 9.9982E-05 9.9982E-05 0.0510322
9.9955E-05 0.126135 0.00687861 0.660967 9.9955E-05 0.20552 9.9955E-05 9.9955E-05 9.9955E-05
9.9955E-05 9.9955E-05 0.044959 0.209646 9.9955E-05 0.0371454 9.9955E-05 9.9955E-05 0.70775
0.152747 0.0938946 0.108404 0.0734104 0.0291336 0.115021 0.360129 9.9991E-05 0.0671604
0.348047 0.118022 0.0875849 0.0576014 0.0717111 0.0264356 9.9991E-05 0.101497 0.189002
0.063597 9.99459E-05 9.99459E-05 0.882204 9.99459E-05 9.99459E-05 9.99459E-05 0.0535993 9.99459E-05
0.147633 0.0418053 0.108273 0.122373 0.114508 9.9991E-05 0.0469204 0.349831 0.0685558
9.9955E-05 0.0511106 9.9955E-05 0.875562 9.9955E-05 9.9955E-05 0.0509184 0.0219091 9.9955E-05
0.102078 0.0748876 0.0832654 9.9982E-05 0.153366 0.363415 0.056812 0.165976 9.9982E-05
0.173821 9.9964E-05 0.101451 0.0423082 9.9964E-05 9.9964E-05 0.196313 9.9964E-05 0.485707
0.196422 9.9982E-05 0.00149447 9.9982E-05 0.0893149 0.071138 0.442548 0.0729648 0.125917
0.0682487 0.0458966 0.141619 9.9982E-05 9.9982E-05 0.253864 0.359535 0.0534975 0.0771385
0.186423 0.0435477 0.0497647 0.243933 9.9982E-05 0.0128958 0.151202 9.9982E-05 0.312033
0.0544306 0.0349519 0.165089 9.9982E-05 9.9982E-05 0.253939 0.271235 0.0243341 0.19582
0.122168 9.9964E-05 9.9964E-05 0.165657 0.192686 0.0760016 0.443087 9.9964E-05 9.9964E-05
0.0111664 0.155335 0.00625908 0.674299 9.9964E-05 9.9964E-05 9.9964E-05 9.9964E-05 0.152541
0.323147 0.0158675 9.9982E-05 0.205005 0.0943234 0.140279 0.152641 0.0685382 9.9982E-05
0.139295 0.117391 0.133811 0.0257093 0.0635968 0.249607 9.9991E-05 0.145603 0.124886
0.383806 0.108787 0.0518169 0.070598 0.108888 0.0660697 0.0532741 0.0134615 0.143299
9.9955E-05 0.0523717 9.9955E-05 0.432768 0.0363904 0.477971 9.9955E-05 9.9955E-05 9.9955E-05
0.0797175 0.00164154 0.013952 0.126875 0.695175 0.015927 0.0138894 0.0471245 0.00569795
9.9964E-05 0.115004 9.9964E-05 0.422118 0.0278329 9.9964E-05 0.0801195 9.9964E-05 0.354526
9.9946E-05 9.9946E-05 0.0115873 0.0489302 9.9946E-05 0.938883 9.9946E-05 9.9946E-05 9.9946E-05
0.201217 9.9982E-05 0.0788274 0.0232509 0.120664 9.9982E-05 0.399925 0.0229607 0.152956
9.99729E-05 0.0185053 0.0593984 0.00849595 9.99729E-05 0.322596 0.458459 0.132245 9.99729E-05
0.172869 0.0565062 0.073042 0.0950289 9.9982E-05 0.302933 0.230572 9.9982E-05 0.0688493
0.996011 9.9937E-05 0.00328991 9.9937E-05 9.9937E-05 9.9937E-05 9.9937E-05 9.9937E-05 9.9937E-05
0.196647 0.175804 0.0151001 9.9964E-05 9.9964E-05 0.0855565 0.526492 9.9964E-05 9.9964E-05
0.442709 0.11198 9.9964E-05 0.271121 0.0380459 9.9964E-05 9.9964E-05 9.9964E-05 0.135744
9.9982E-05 0.0782702 0.0241366 0.194548 0.137151 9.9982E-05 0.397081 0.0058515 0.162761
0.138941 9.9982E-05 0.108439 0.0618776 9.9982E-05 0.0348294 0.277654 0.108236 0.269823
0.0291897 0.0596084 0.074211 0.0938642 0.0344535 0.0671632 0.133537 0.0934396 0.414533
0.113733 0.0606837 0.0425746 0.00407513 0.00991365 0.316439 0.350661 0.101819 9.9991E-05
0.107897 0.0831106 0.0276395 0.0801138 9.9982E-05 0.262295 0.213261 0.225484 9.9982E-05
0.421773 9.9955E-05 9.9955E-05 9.9955E-05 0.0512063 0.260439 9.9955E-05 9.9955E-05 0.266082
9.9937E-05 9.9937E-05 0.0782979 9.9937E-05 9.9937E-05 0.921003 9.9937E-05 9.9937E-05 9.9937E-05
0.159227 0.144375 0.00694926 0.190204 0.0178245 0.301293 0.0907106 9.9991E-05 0.0893166
0.00141123 9.9964E-05 9.9964E-05 0.18221 0.0643093 9.9964E-05 0.561371 9.9964E-05 0.190299
9.9973E-05 9.9973E-05 0.00584242 9.9973E-05 0.040129 0.114579 0.514886 0.0694288 0.254835
9.9964E-05 9.9964E-05 9.9964E-05 0.256777 0.115678 0.32056 9.9964E-05 0.0386898 0.267895
0.112041 9.9973E-05 0.0745117 0.445519 0.0288381 9.9973E-05 9.9973E-05 0.25666 0.0821307
0.244023 0.102293 0.115682 0.331603 0.0610209 0.0433825 9.9991E-05 0.0728246 0.029071
0.100894 0.00697197 0.132448 0.0531477 0.0444025 9.9991E-05 0.390377 0.0560229 0.215635
0.0915603 9.9982E-05 0.0458362 9.9982E-05 0.063775 0.02427 0.131432 0.481284 0.161642
9.9982E-05 0.115244 0.0299348 0.0124909 0.13115 0.169332 0.268625 0.273023 9.9982E-05
9.9946E-05 9.9946E-05 9.9946E-05 9.9946E-05 0.0389614 9.9946E-05 9.9946E-05 0.0465447 0.913894
0.158927 9.9973E-05 0.0574514 0.129983 9.9973E-05 0.188979 0.4197 9.9973E-05 0.044659
9.99551E-05 0.0545885 9.99551E-05 9.99551E-05 9.99551E-05 0.080236 9.99551E-05 0.284714 0.579962
0.0779383 0.0378614 0.0213855 9.9973E-05 0.0621872 9.9973E-05 0.116204 9.9973E-05 0.684124
0.0272571 0.0489011 0.0315108 0.208254 0.0556531 9.9982E-05 9.9982E-05 0.313263 0.314961
9.99639E-05 0.0825112 0.0522439 0.204745 9.99639E-05 0.541413 9.99639E-05 9.99639E-05 0.118687
0.0247633 9.9964E-05 9.9964E-05 9.9964E-05 0.0844135 0.0399305 0.846995 9.9964E-05 0.00349788
0.15614 0.0788599 0.111278 0.422141 9.9982E-05 0.0487011 0.110788 0.0718911 9.9982E-05
0.00971245 9.9973E-05 0.00907989 0.358935 9.9973E-05 9.9973E-05 0.427152 0.0116484 0.183172
9.9946E-05 9.9946E-05 0.0619432 9.9946E-05 0.935801 9.9946E-05 9.9946E-05 0.00165664 9.9946E-05
0.382815 0.151185 9.9973E-05 0.168499 0.0528054 9.9973E-05 0.190261 0.0541345 9.9973E-05
0.824114 9.9955E-05 0.0335497 9.9955E-05 9.9955E-05 9.9955E-05 0.0434435 0.0983932 9.9955E-05
0.296793 0.0307143 0.0552098 0.0898957 0.0354999 0.258274 0.231511 0.00200303 9.9991E-05
9.9955E-05 9.9955E-05 9.9955E-05 0.14676 0.0891414 9.9955E-05 0.307746 9.9955E-05 0.455853
0.306765 9.9973E-05 9.9973E-05 0.203115 0.0559182 9.9973E-05 0.396106 0.0134982 0.0242972
0.0742969 0.0563218 0.0424373 0.0421523 0.128409 0.108996 0.284081 0.263206 9.9991E-05
9.9973E-05 0.143774 9.9973E-05 9.9973E-05 0.0465369 0.696288 0.0233372 0.00276448 0.0869995
0.243252 9.9973E-05 0.0276129 0.4654 0.0464064 9.9973E-05 0.0488119 0.168216 9.9973E-05
0.0773803 0.0470613 0.0647745 0.505863 0.0969954 9.9982E-05 0.00199141 9.9982E-05 0.205734
9.9973E-05 0.00461378 9.9973E-05 0.330367 9.9973E-05 0.0895913 0.209872 0.163399 0.201858
9.9973E-05 0.137755 0.0160993 0.362792 0.0317549 0.439641 9.9973E-05 0.0116583 9.9973E-05
9.9973E-05 0.10124 0.0134333 0.0503556 9.9973E-05 0.230721 9.9973E-05 0.246509 0.357441
9.9955E-05 9.9955E-05 0.066023 9.9955E-05 9.9955E-05 0.653197 0.262072 0.0182085 9.9955E-05
9.9955E-05 0.0663707 9.9955E-05 9.9955E-05 0.0504216 9.9955E-05 0.871117 0.0115905 9.9955E-05
9.9946E-05 0.0732702 9.9946E-05 9.9946E-05 9.9946E-05 9.9946E-05 0.889585 9.9946E-05 0.036545
9.9964E-05 9.9964E-05 0.0493286 0.0946459 0.116248 0.192677 0.546701 9.9964E-05 9.9964E-05
0.114713 0.0320884 0.131501 0.0476158 0.0256163 0.307048 0.204789 0.114387 0.0222414
0.0462639 0.0279637 0.027806 0.00761885 0.0506165 0.229018 0.546505 9.9991E-05 0.0641075
0.0338195 0.0211566 9.9991E-05 0.137105 0.170485 0.396267 0.136981 0.029055 0.0750306
9.9982E-05 0.124411 0.0194224 0.272131 0.108927 0.00904595 0.120926 0.344938 9.9982E-05
0.02647 9.9982E-05 0.0929891 0.231674 0.0331473 0.290087 0.196755 9.9982E-05 0.128678
0.320835 0.0376223 0.00898233 9.9973E-05 9.9973E-05 0.233403 9.9973E-05 0.167565 0.231292
0.80741 9.99549E-05 0.0389551 0.11353 9.99549E-05 9.99549E-05 0.0396051 9.99549E-05 9.99549E-05
9.99731E-05 0.0922679 0.132555 0.184036 9.99731E-05 0.100082 0.131736 9.99731E-05 0.359024
0.287484 0.0611342 0.0517518 0.37847 0.137099 9.9973E-05 9.9973E-05 0.0837607 9.9973E-05
0.167802 9.9964E-05 0.0675086 9.9964E-05 9.9964E-05 0.477666 9.9964E-05 0.0940064 0.192617
0.00155598 0.0523041 9.9946E-05 9.9946E-05 0.94554 9.9946E-05 9.9946E-05 9.9946E-05 9.9946E-05
9.9955E-05 0.0155065 9.9955E-05 0.552939 9.9955E-05 0.397774 9.9955E-05 9.9955E-05 0.0332804
0.104442 0.00929377 0.0804973 0.004118 0.0391793 9.9982E-05 0.692486 9.9982E-05 0.0697842
0.0653453 9.9964E-05 0.0699737 0.518764 9.9964E-05 9.9964E-05 9.9964E-05 0.113921 0.231597
0.187436 0.105108 0.0276832 9.9964E-05 9.9964E-05 9.9964E-05 0.676804 0.00256999 9.9964E-05
0.183634 0.112042 9.9973E-05 9.9973E-05 0.137689 9.9973E-05 0.421707 0.0824663 0.0621612
0.318183 0.127488 9.9964E-05 9.9964E-05 9.9964E-05 0.382053 9.9964E-05 0.143402 0.0284744
9.99641E-05 0.0899847 0.0234071 9.99641E-05 9.99641E-05 0.344129 0.375889 9.99641E-05 0.16619
0.156257 0.0118697 0.0981144 0.0862203 0.485167 9.9973E-05 0.162072 9.9973E-05 9.9973E-05
0.0825203 9.9973E-05 9.9973E-05 0.367768 0.259436 9.9973E-05 0.0315455 0.0121252 0.246305
0.281478 0.0324469 0.0172313 0.229205 0.0977862 9.99729E-05 9.99729E-05 9.99729E-05 0.341553
9.993E-05 9.993E-05 9.993E-05 9.993E-05 0.999201 9.993E-05 9.993E-05 9.993E-05 9.993E-05
0.0970185 0.149272 0.00761108 0.478013 0.0123725 9.9991E-05 0.139858 0.0279506 0.0878044
0.0170791 0.956755 0.0227742 9.99549E-05 9.99549E-05 0.00289214 9.99549E-05 9.99549E-05 9.99549E-05
0.247764 0.109164 0.063955 0.12581 0.0540544 9.9982E-05 9.9982E-05 0.170396 0.228656
0.27664 0.0790904 9.9973E-05 0.259117 9.9973E-05 9.9973E-05 0.0251283 0.164159 0.195565
0.124464 0.00979816 9.9991E-05 0.254482 0.0286613 0.287943 0.117767 0.145024 0.0317602
0.179473 0.0080423 0.0234478 0.140482 0.0270129 9.9982E-05 0.306212 9.9982E-05 0.31513
9.9964E-05 9.9964E-05 9.9964E-05 0.60454 0.0828642 0.173082 9.9964E-05 0.0128761 0.126238
0.139927 9.9973E-05 9.9973E-05 0.261918 9.9973E-05 0.0604334 0.309687 0.0395973 0.188137
0.0811022 0.133685 0.0137345 0.136958 9.9991E-05 0.0437296 0.264257 0.0468 0.279633
0.0307137 0.00160847 0.0582056 0.309226 0.0960585 0.217714 9.9982E-05 9.9982E-05 0.286274
0.129497 0.0727066 9.9991E-05 0.0447088 0.0248524 0.0979048 0.300303 0.211112 0.118815
0.0281153 0.00777286 0.0277836 0.139091 0.414512 0.0605667 0.306352 9.9991E-05 0.0157069
9.9955E-05 9.9955E-05 0.123398 9.9955E-05 0.0966156 0.303323 0.476164 9.9955E-05 9.9955E-05
9.9937E-05 9.9937E-05 9.9937E-05 9.9937E-05 0.951045 9.9937E-05 9.9937E-05 9.9937E-05 0.0482557
0.189064 0.15701 9.9973E-05 0.220124 9.9973E-05 9.9973E-05 0.154745 0.127848 0.15091
0.38626 9.9955E-05 0.101562 9.9955E-05 9.9955E-05 0.435689 9.9955E-05 0.0759895 9.9955E-05
9.9982E-05 0.0375945 0.00458063 9.9982E-05 0.21426 0.2492 0.31213 0.0221823 0.159853
0.134057 0.058793 0.043435 0.300259 0.051528 0.411628 9.9973E-05 9.9973E-05 9.9973E-05
0.251204 0.021227 0.0941644 0.0208332 0.092044 0.27729 0.126904 0.116233 9.9991E-05
0.123958 9.9964E-05 0.0763765 0.214959 0.379167 9.9964E-05 0.20514 9.9964E-05 9.9964E-05
9.9982E-05 0.0192121 0.0533791 0.0262437 0.0923063 0.584779 0.208782 0.0150973 9.9982E-05
9.9982E-05 0.0981008 0.017879 0.0175454 9.9982E-05 0.101526 0.25495 0.314066 0.195734
9.9982E-05 9.9982E-05 0.0826384 0.0692601 0.188427 0.0330493 0.192582 0.000901819 0.432942
9.9973E-05 9.9973E-05 0.0208589 0.398542 0.0225974 9.9973E-05 0.41157 0.0403594 0.105772
0.0738414 9.9946E-05 9.9946E-05 0.530727 9.9946E-05 9.9946E-05 9.9946E-05 9.9946E-05 0.394832
0.0479046 0.042771 0.00976485 0.0461197 0.128246 0.173148 0.300103 0.0138632 0.238079
0.00342499 9.9973E-05 0.034841 9.9973E-05 9.9973E-05 0.129207 0.0069259 0.0877608 0.737541
0.347949 9.9982E-05 0.0370912 0.127538 0.076116 0.256072 9.9982E-05 0.0122678 0.142765
0.679154 9.9982E-05 0.0646108 0.0237259 0.00579324 0.11562 0.0925172 9.9982E-05 0.0183782
0.0760168 0.0433967 0.0979393 0.0244738 0.0507102 0.102717 0.43535 0.0226821 0.146715
0.0221672 0.0341061 9.9982E-05 0.0948067 0.279522 0.134463 0.261699 9.9982E-05 0.173036
9.9991E-05 0.0528136 0.0427052 0.452829 0.0623738 0.0264947 0.184379 0.108188 0.0701167
0.289248 0.0441543 0.0635532 9.9991E-05 0.0512908 0.0116654 0.204946 0.00588881 0.329154
0.0510394 0.143959 0.102168 9.9982E-05 0.0149786 0.233081 0.138244 9.9982E-05 0.316331
9.99369E-05 9.99369E-05 9.99369E-05 9.99369E-05 9.99369E-05 9.99369E-05 9.99369E-05 0.938769 0.0605318
9.99369E-05 9.99369E-05 0.00571748 9.99369E-05 9.99369E-05 9.99369E-05 9.99369E-05 0.993583 9.99369E-05
0.0155201 0.0115321 0.0706266 9.9991E-05 0.0812621 0.558005 0.157648 0.0735334 0.0317732
9.9991E-05 0.0862844 0.0298258 0.021674 0.00475668 0.0665997 0.75858 0.00588033 0.026299
0.00870723 0.104605 0.0591501 9.9973E-05 9.9973E-05 0.468536 0.332451 9.9973E-05 0.0262508
9.9955E-05 0.112836 9.9955E-05 0.710404 9.9955E-05 9.9955E-05 0.0145688 9.9955E-05 0.161692
9.9964E-05 0.119543 0.0866524 9.9964E-05 0.0538164 9.9964E-05 0.107693 9.9964E-05 0.631896
0.225619 0.0032638 0.0265122 0.105784 0.0377956 0.136581 9.9982E-05 9.9982E-05 0.464245
0.0486774 0.129186 0.0243273 9.9973E-05 0.0230976 9.9973E-05 0.641495 0.132918 9.9973E-05
0.33862 9.99639E-05 0.153328 0.0851494 0.241552 9.99639E-05 0.180951 9.99639E-05 9.99639E-05
0.0860939 0.0722467 0.016895 0.253958 0.0282687 0.0255097 0.318652 0.00664807 0.191728
9.993E-05 9.993E-05 0.999201 9.993E-05 9.993E-05 9.993E-05 9.993E-05 9.993E-05 9.993E-05
0.490121 0.0537281 0.0452255 9.9964E-05 9.9964E-05 0.105789 0.304737 9.9964E-05 9.9964E-05
0.125164 0.228333 0.0501122 9.9973E-05 9.9973E-05 9.9973E-05 0.368772 0.157704 0.0696158
9.9946E-05 0.0474809 0.0319227 9.9946E-05 9.9946E-05 9.9946E-05 9.9946E-05 9.9946E-05 0.919997
0.0280406 0.10641 0.0974781 9.9982E-05 9.9982E-05 0.027065 0.514444 0.186012 0.0403504
9.9982E-05 0.00210646 0.0867896 9.9982E-05 0.120536 0.329382 0.051137 0.0933365 0.316512
9.9982E-05 0.04444 0.0284652 0.237343 0.0267619 0.275476 0.279796 0.107519 9.9982E-05
0.0974985 9.9973E-05 0.0526228 0.233768 9.9973E-05 0.0529329 0.104747 9.9973E-05 0.458131
0.219377 0.119093 0.0451166 0.267758 0.220114 9.9982E-05 0.0259843 0.102357 9.9982E-05
0.126233 9.99639E-05 0.0743319 9.99639E-05 9.99639E-05 0.282134 0.271826 9.99639E-05 0.245075
0.12139 0.139847 0.106398 9.9991E-05 0.0747965 0.0270266 0.229924 0.101357 0.199161
0.714295 9.9955E-05 9.9955E-05 9.9955E-05 0.107188 0.116163 9.9955E-05 0.0618547 9.9955E-05
0.0714689 0.0594326 0.0360356 0.278437 0.123353 0.138714 0.217507 9.9991E-05 0.0749518
0.148413 0.126792 0.0121968 0.239649 0.0210912 0.0392911 0.376324 9.9991E-05 0.0361429
9.993E-05 9.993E-05 0.999201 9.993E-05 9.993E-05 9.993E-05 9.993E-05 9.993E-05 9.993E-05
0.173389 9.9973E-05 0.423959 0.167816 9.9973E-05 0.055875 0.124049 0.0546117 9.9973E-05
0.157607 0.0926911 9.9955E-05 9.9955E-05 9.9955E-05 9.9955E-05 0.302284 0.446919 9.9955E-05
0.0157951 0.0201061 0.0514086 0.0440537 0.098894 0.292094 0.0541727 0.0931254 0.330351
0.817221 0.00733675 0.0746811 9.9964E-05 9.9964E-05 0.0749034 9.9964E-05 0.0254574 9.9964E-05
0.103647 0.013134 0.0489384 0.291254 9.9991E-05 0.0935794 0.121395 0.0201268 0.307824
0.0837568 0.139403 0.049168 0.184777 9.9991E-05 0.0341374 0.070511 0.135377 0.30277
9.993E-05 9.993E-05 9.993E-05 9.993E-05 9.993E-05 9.993E-05 9.993E-05 0.999201 9.993E-05
0.131543 9.9973E-05 0.0950329 0.421582 0.0808078 0.0753079 0.195427 9.9973E-05 9.9973E-05
0.0426268 9.9982E-05 9.9982E-05 0.181016 0.114342 0.0718792 0.0553076 0.03947 0.495158
0.0603021 0.129977 0.0735548 0.057887 0.127502 0.0318674 0.0203507 0.2148 0.283758
0.241691 0.0341392 0.114015 0.159704 0.0260489 9.9982E-05 0.408984 0.0152182 9.9982E-05
0.0237373 0.0296435 0.0141207 9.9973E-05 9.9973E-05 0.487164 9.9973E-05 0.273941 0.171094
0.161718 9.9982E-05 0.13398 0.0779969 9.9982E-05 0.120164 0.309515 0.0215919 0.174834
9.9964E-05 0.0779691 9.9964E-05 0.0166108 9.9964E-05 0.160391 0.5607 9.9964E-05 0.18393
9.9973E-05 9.9973E-05 0.0135866 0.286945 0.00626222 0.0643607 0.571756 0.0567897 9.9973E-05
0.0326698 0.0622371 9.9973E-05 0.0313736 9.9973E-05 0.553945 9.9973E-05 0.124815 0.194659
9.993E-05 0.999201 9.993E-05 9.993E-05 9.993E-05 9.993E-05 9.993E-05 9.993E-05 9.993E-05
0.00209729 0.0676311 0.0019413 9.9991E-05 0.0794323 0.444439 0.257418 0.00630673 0.140634
9.9937E-05 9.9937E-05 9.9937E-05 0.951289 0.048011 9.9937E-05 9.9937E-05 9.9937E-05 9.9937E-05
0.240763 0.0359736 0.0998063 0.139461 0.190253 0.075371 0.218172 9.9982E-05 9.9982E-05
0.365516 0.0498965 0.0478801 0.0341475 0.0203081 9.9991E-05 0.0545875 0.14156 0.286004
0.402762 9.9973E-05 9.9973E-05 9.9973E-05 0.238296 0.103391 0.150658 0.072099 0.0324951
0.312157 0.014672 9.9973E-05 0.150953 9.9973E-05 9.9973E-05 0.189385 0.209018 0.123516
9.993E-05 0.999201 9.993E-05 9.993E-05 9.993E-05 9.993E-05 9.993E-05 9.993E-05 9.993E-05
0.193274 9.9982E-05 0.154184 9.9982E-05 0.0371607 0.064971 0.327434 0.044063 0.178713
0.303775 0.219967 0.00432741 0.39363 0.0779009 9.99646E-05 9.99646E-05 9.99646E-05 9.99646E-05
0.217105 9.9964E-05 0.0533266 9.9964E-05 9.9964E-05 9.9964E-05 0.562389 0.0184646 0.148316
0.233762 9.9991E-05 0.012296 0.175691 0.0946052 0.317881 0.00083249 0.164156 0.000675637
