0.414993 9.99461E-05 9.99461E-05 9.99461E-05 0.0582485 0.383241 0.142918 9.99461E-05 9.99461E-05 9.99461E-05
0.0216771 0.24951 9.9964E-05 9.9964E-05 0.279496 9.9964E-05 0.107582 0.305929 0.0354065 9.9964E-05
9.997E-05 0.286339 0.21053 0.00302178 0.159595 9.997E-05 0.10388 0.19694 9.997E-05 0.0393944
9.99372E-05 9.99372E-05 0.360276 9.99372E-05 9.99372E-05 0.158771 9.99372E-05 0.480253 9.99372E-05 9.99372E-05
9.99551E-05 9.99551E-05 9.99551E-05 9.99551E-05 0.109963 0.0778076 0.178602 0.44579 0.187337 9.99551E-05
9.99283E-05 9.99283E-05 9.99283E-05 9.99283E-05 9.99283E-05 9.99283E-05 9.99283E-05 0.935472 9.99283E-05 0.063729
9.99732E-05 0.0694523 9.99732E-05 0.109483 0.212434 0.0184225 0.0738866 0.402737 0.113285 9.99732E-05
9.99552E-05 0.36523 9.99552E-05 9.99552E-05 0.0514333 0.123919 9.99552E-05 0.456776 9.99552E-05 0.00214205
9.99552E-05 9.99552E-05 9.99552E-05 0.415161 9.99552E-05 0.132766 0.108716 9.99552E-05 0.239875 0.102982
0.446084 0.0467295 0.0428976 0.149665 9.99642E-05 9.99642E-05 0.0418943 9.99642E-05 9.99642E-05 0.27233
9.998E-05 9.998E-05 0.498618 0.0230849 0.060688 0.0103052 0.0495834 0.19863 0.0150825 0.143809
9.99552E-05 9.99552E-05 9.99552E-05 0.0450225 0.218053 0.435711 9.99552E-05 0.237817 0.0628969 9.99552E-05
0.204808 0.0480586 9.99641E-05 0.024189 9.99641E-05 0.499254 9.99641E-05 0.221457 0.00183346 9.99641E-05
0.154806 0.106147 0.00654651 9.99731E-05 0.105648 0.0321928 9.99731E-05 0.476588 0.117772 9.99731E-05
9.99553E-05 9.99553E-05 0.0462427 0.444048 9.99553E-05 0.0771359 9.99553E-05 0.283587 0.148486 9.99553E-05
9.99731E-05 0.106466 0.00933021 0.181644 0.128448 0.145 0.142507 0.286305 9.99731E-05 9.99731E-05
9.99731E-05 0.0823657 9.99731E-05 0.329728 0.0789497 0.033728 0.0480818 0.285363 9.99731E-05 0.141483
0.141488 9.99641E-05 0.0660266 0.230198 0.217643 9.99641E-05 9.99641E-05 0.300679 9.99641E-05 0.0435646
0.0367859 9.99731E-05 0.0818772 0.020234 0.016611 0.681331 9.99731E-05 0.0956464 0.0672145 9.99731E-05
0.156383 0.194337 9.99463E-05 9.99463E-05 9.99463E-05 9.99463E-05 9.99463E-05 0.55524 9.99463E-05 0.0934406
0.701604 9.99374E-05 9.99374E-05 9.99374E-05 9.99374E-05 9.99374E-05 9.99374E-05 0.0862805 9.99374E-05 0.211416
9.9946E-05 9.9946E-05 0.273052 0.0942488 9.9946E-05 0.321339 9.9946E-05 9.9946E-05 0.31076 9.9946E-05
9.99552E-05 9.99552E-05 0.212026 0.207071 0.0400056 9.99552E-05 0.099051 0.441346 9.99552E-05 9.99552E-05
9.994E-05 9.994E-05 0.00931361 9.994E-05 9.994E-05 9.994E-05 0.412513 0.303539 0.274035 9.994E-05
9.99641E-05 9.99641E-05 0.298979 9.99641E-05 0.0274414 9.99641E-05 0.0882237 0.356021 0.0219727 0.206962
0.197871 9.9964E-05 9.9964E-05 9.9964E-05 0.0312957 0.355156 0.129695 0.247623 9.9964E-05 0.0379593
0.273532 9.9973E-05 0.118297 0.0943699 0.18953 0.236246 0.0680206 9.9973E-05 9.9973E-05 0.0197045
0.144279 0.00963081 0.228822 9.99553E-05 9.99553E-05 9.99553E-05 9.99553E-05 0.405582 0.211187 9.99553E-05
0.00475222 0.118309 0.214893 9.99641E-05 0.141271 0.283032 9.99641E-05 9.99641E-05 9.99641E-05 0.237343
9.99372E-05 9.99372E-05 9.99372E-05 0.0816956 9.99372E-05 0.174092 0.743513 9.99372E-05 9.99372E-05 9.99372E-05
0.280907 9.99374E-05 9.99374E-05 9.99374E-05 9.99374E-05 9.99374E-05 9.99374E-05 0.262589 0.455804 9.99374E-05
9.99552E-05 0.411656 0.114736 0.0709683 0.177255 9.99552E-05 9.99552E-05 0.224886 9.99552E-05 9.99552E-05
0.128366 0.209147 0.00127442 0.308762 9.99731E-05 9.99731E-05 0.0863784 9.99731E-05 0.0516055 0.214167
0.00692897 0.183427 0.0873351 9.99641E-05 9.99641E-05 0.242096 0.0683467 0.411467 9.99641E-05 9.99641E-05
9.99461E-05 9.99461E-05 0.12046 9.99461E-05 0.143643 0.0256572 9.99461E-05 0.70964 9.99461E-05 9.99461E-05
0.88794 9.99284E-05 9.99284E-05 9.99284E-05 9.99284E-05 9.99284E-05 9.99284E-05 0.111261 9.99284E-05 9.99284E-05
9.995E-05 0.255341 0.0465325 9.995E-05 0.268784 9.995E-05 9.995E-05 0.10165 0.327193 9.995E-05
0.109819 0.0183173 0.660348 9.99552E-05 9.99552E-05 9.99552E-05 0.10276 9.99552E-05 9.99552E-05 0.108257
0.294299 0.0101189 0.0919215 9.99552E-05 0.0105012 9.99552E-05 9.99552E-05 0.59266 9.99552E-05 9.99552E-05
9.99462E-05 9.99462E-05 0.402677 9.99462E-05 0.00527783 0.0560291 9.99462E-05 0.535417 9.99462E-05 9.99462E-05
0.098733 9.99642E-05 9.99642E-05 0.22128 0.0522863 0.00777754 0.472927 9.99642E-05 0.146596 9.99642E-05
0.0836402 9.99552E-05 9.99552E-05 0.588652 0.0274919 9.99552E-05 0.218741 9.99552E-05 9.99552E-05 0.0809752
0.351273 0.335103 9.99641E-05 9.99641E-05 0.00224889 9.99641E-05 9.99641E-05 0.292473 0.0125053 0.00599732
9.99552E-05 9.99552E-05 0.564253 0.049414 0.00947143 0.0819194 9.99552E-05 0.294442 9.99552E-05 9.99552E-05
9.99641E-05 0.0831209 0.418934 9.99641E-05 0.221607 0.213854 0.0491029 0.0129814 9.99641E-05 9.99641E-05
0.134459 0.159702 0.0674562 0.231326 0.0378954 9.99642E-05 9.99642E-05 0.368762 9.99642E-05 9.99642E-05
0.0588334 0.243059 9.9955E-05 0.638093 9.9955E-05 9.9955E-05 0.0117126 0.0478022 9.9955E-05 9.9955E-05
9.9964E-05 9.9964E-05 0.00580383 0.587218 0.0928494 9.9964E-05 9.9964E-05 0.241697 0.0384522 0.0335796
9.99375E-05 0.318219 9.99375E-05 0.445718 9.99375E-05 0.235363 9.99375E-05 9.99375E-05 9.99375E-05 9.99375E-05
0.359739 0.0215217 9.9955E-05 9.9955E-05 0.0373801 0.190484 9.9955E-05 0.390375 9.9955E-05 9.9955E-05
9.99461E-05 9.99461E-05 9.99461E-05 9.99461E-05 9.99461E-05 0.441823 0.075815 0.479174 9.99461E-05 0.00258838
0.0981263 0.0601797 9.9973E-05 9.9973E-05 0.154219 9.9973E-05 0.0702671 0.139269 0.0872832 0.390357
9.9973E-05 9.9973E-05 0.0498438 0.367924 0.00493704 0.053161 0.300624 0.170023 0.0531867 9.9973E-05
9.99642E-05 0.0837617 0.427454 9.99642E-05 9.99642E-05 0.183721 0.00786059 0.285083 9.99642E-05 0.0117205
9.99461E-05 0.151852 0.0336079 9.99461E-05 9.99461E-05 9.99461E-05 9.99461E-05 9.99461E-05 0.768487 0.0454533
9.99462E-05 0.0117624 9.99462E-05 0.0858576 9.99462E-05 0.219086 9.99462E-05 9.99462E-05 0.682694 9.99462E-05
0.198987 9.9955E-05 9.9955E-05 9.9955E-05 9.9955E-05 0.186338 0.22991 0.102718 0.281547 9.9955E-05
9.99463E-05 0.0257358 9.99463E-05 0.00207519 9.99463E-05 9.99463E-05 9.99463E-05 0.0908547 0.880735 9.99463E-05
9.99639E-05 9.99639E-05 0.446048 0.222397 0.127742 9.99639E-05 9.99639E-05 0.00578322 0.19579 0.00184006
0.495975 9.99461E-05 9.99461E-05 0.074053 9.99461E-05 9.99461E-05 9.99461E-05 0.409846 9.99461E-05 0.0195267
0.143238 9.99463E-05 9.99463E-05 9.99463E-05 9.99463E-05 0.319079 9.99463E-05 0.424851 9.99463E-05 0.112232
0.125308 9.99551E-05 9.99551E-05 0.454739 0.221127 9.99551E-05 0.112057 0.0862693 9.99551E-05 9.99551E-05
9.9973E-05 0.0396891 9.9973E-05 0.309909 0.0138871 0.110643 0.0399785 0.0878491 0.397744 9.9973E-05
0.220266 9.99462E-05 9.99462E-05 9.99462E-05 0.0598885 0.108048 0.611198 9.99462E-05 9.99462E-05 9.99462E-05
9.99552E-05 0.379711 0.291265 0.169022 9.99552E-05 9.99552E-05 9.99552E-05 0.0807388 0.0787637 9.99552E-05
0.338448 9.99731E-05 9.99731E-05 0.115542 0.0247947 0.345028 0.1623 9.99731E-05 0.00929804 0.00428962
0.31376 9.99551E-05 0.0144836 0.10459 9.99551E-05 9.99551E-05 0.0060599 0.560607 9.99551E-05 9.99551E-05
0.0122249 9.99731E-05 0.393463 0.14268 0.146628 0.196071 9.99731E-05 0.00231307 0.10632 9.99731E-05
0.0520282 0.109017 0.2002 0.0214384 9.99551E-05 0.616817 9.99551E-05 9.99551E-05 9.99551E-05 9.99551E-05
0.53085 0.00154681 0.00305886 9.99641E-05 9.99641E-05 0.338862 0.0114502 9.99641E-05 9.99641E-05 0.113832
9.99462E-05 9.99462E-05 9.99462E-05 0.174418 0.0569446 9.99462E-05 9.99462E-05 0.732504 0.0355341 9.99462E-05
9.99552E-05 9.99552E-05 9.99552E-05 0.522216 0.104166 0.169114 0.176497 0.0275082 9.99552E-05 9.99552E-05
9.994E-05 0.226731 9.994E-05 9.994E-05 0.375542 9.994E-05 9.994E-05 0.370642 0.0264856 9.994E-05
0.108148 0.206851 0.103415 9.99731E-05 0.119625 0.24769 0.0896239 0.124348 9.99731E-05 9.99731E-05
9.993E-05 0.253907 9.993E-05 9.993E-05 9.993E-05 9.993E-05 0.13491 0.610484 9.993E-05 9.993E-05
9.99731E-05 0.161271 0.0383501 0.388352 0.186337 0.136367 9.99731E-05 0.0480155 0.0410075 9.99731E-05
9.99375E-05 9.99375E-05 9.99375E-05 0.238089 9.99375E-05 0.656991 0.104221 9.99375E-05 9.99375E-05 9.99375E-05
9.99641E-05 9.99641E-05 9.99641E-05 9.99641E-05 0.148124 0.0479898 0.0532437 0.188814 0.226991 0.334438
0.254187 0.0838409 0.0340241 9.9982E-05 9.9982E-05 0.20643 0.0110843 0.21138 0.111049 0.0878041
9.99462E-05 0.0485523 9.99462E-05 9.99462E-05 0.132082 9.99462E-05 9.99462E-05 0.621202 0.197564 9.99462E-05
9.99552E-05 0.0730013 0.0927915 9.99552E-05 0.377253 0.0888363 9.99552E-05 0.367618 9.99552E-05 9.99552E-05
0.0534921 0.250073 9.9991E-05 0.14016 0.0241289 0.24703 0.0200759 0.0296041 0.0303253 0.205011
0.693816 0.209187 9.99552E-05 0.0230124 9.99552E-05 9.99552E-05 9.99552E-05 0.0227146 0.0507705 9.99552E-05
9.99461E-05 0.562679 9.99461E-05 0.0450818 9.99461E-05 0.131835 0.259805 9.99461E-05 9.99461E-05 9.99461E-05
0.0732603 9.99552E-05 0.037865 0.305094 9.99552E-05 9.99552E-05 0.0477003 0.53558 9.99552E-05 9.99552E-05
0.434486 9.9964E-05 0.050407 0.0952079 0.0520177 0.100451 9.9964E-05 0.26703 9.9964E-05 9.9964E-05
0.584525 0.038985 0.0199903 0.0936005 0.138736 9.99821E-05 0.00606151 0.0989299 0.0189714 9.99821E-05
9.99373E-05 9.99373E-05 9.99373E-05 9.99373E-05 9.99373E-05 9.99373E-05 0.326748 0.545819 0.126733 9.99373E-05
0.291574 0.0569719 0.499684 0.139655 9.99642E-05 9.99642E-05 0.00976992 9.99642E-05 9.99642E-05 0.00194535
9.99551E-05 0.266305 0.0293163 0.0720873 9.99551E-05 0.435749 9.99551E-05 9.99551E-05 9.99551E-05 0.196043
9.994E-05 9.994E-05 0.320505 0.00542874 9.994E-05 9.994E-05 0.562618 0.110849 9.994E-05 9.994E-05
0.428288 9.99642E-05 9.99642E-05 9.99642E-05 0.0171905 0.0030778 0.139022 0.220629 0.191393 9.99642E-05
0.0914461 0.165228 0.0744489 0.435423 0.161093 0.00887411 0.063187 9.99732E-05 9.99732E-05 9.99732E-05
0.102505 9.99552E-05 9.99552E-05 0.0393801 9.99552E-05 9.99552E-05 0.101047 0.447285 9.99552E-05 0.309283
0.0419942 0.150451 0.0205143 0.358389 0.174095 0.0134769 0.104598 0.0533068 0.0830744 9.9991E-05
9.99373E-05 9.99373E-05 9.99373E-05 0.153232 0.0649675 9.99373E-05 9.99373E-05 0.781101 9.99373E-05 9.99373E-05
0.546359 9.99551E-05 9.99551E-05 0.0938143 9.99551E-05 9.99551E-05 0.0343804 0.136863 0.188083 9.99551E-05
0.24582 0.0248284 9.99551E-05 0.623555 9.99551E-05 9.99551E-05 9.99551E-05 0.0632084 9.99551E-05 0.0420887
0.130715 9.9946E-05 0.537644 9.9946E-05 9.9946E-05 9.9946E-05 0.222544 0.108497 9.9946E-05 9.9946E-05
0.117925 9.9964E-05 9.9964E-05 0.249644 0.029295 9.9964E-05 0.367142 0.14307 0.0925243 9.9964E-05
9.99463E-05 9.99463E-05 0.0449324 9.99463E-05 9.99463E-05 9.99463E-05 0.0120349 0.131962 0.810471 9.99463E-05
0.0278881 9.995E-05 9.995E-05 9.995E-05 0.0776139 9.995E-05 0.747038 0.0268563 9.995E-05 0.120104
0.174618 0.0324394 0.229979 0.0515537 0.0198084 9.99821E-05 0.0935285 9.99821E-05 0.202163 0.195711
9.99462E-05 9.99462E-05 0.0568698 0.0164956 9.99462E-05 9.99462E-05 9.99462E-05 0.0513755 9.99462E-05 0.874659
0.160485 0.398986 9.99461E-05 0.066433 9.99461E-05 9.99461E-05 9.99461E-05 0.373496 9.99461E-05 9.99461E-05
9.99552E-05 9.99552E-05 0.210776 0.405327 9.99552E-05 0.0366985 9.99552E-05 0.266715 0.0799839 9.99552E-05
0.0764419 0.453077 9.9955E-05 0.0486649 9.9955E-05 9.9955E-05 9.9955E-05 0.0991185 0.322198 9.9955E-05
9.99553E-05 0.171008 9.99553E-05 0.0582919 9.99553E-05 0.0411406 9.99553E-05 0.559054 9.99553E-05 0.170005
9.99551E-05 0.278592 9.99551E-05 9.99551E-05 0.0404736 0.476921 9.99551E-05 9.99551E-05 0.0999596 0.103554
0.0495518 9.99552E-05 0.521396 9.99552E-05 9.99552E-05 0.119221 0.0712973 9.99552E-05 9.99552E-05 0.238035
0.256484 0.116208 9.99642E-05 0.27034 0.00338361 9.99642E-05 0.340205 9.99642E-05 0.0129797 9.99642E-05
0.103627 0.0677461 0.266858 0.000900514 0.0918639 0.298904 9.99731E-05 0.169801 9.99731E-05 9.99731E-05
9.99374E-05 9.99374E-05 0.556534 9.99374E-05 9.99374E-05 9.99374E-05 0.438097 9.99374E-05 0.00466973 9.99374E-05
9.99462E-05 0.505155 9.99462E-05 9.99462E-05 0.125593 9.99462E-05 9.99462E-05 0.361355 9.99462E-05 0.00729768
9.99201E-05 9.99201E-05 9.99201E-05 9.99201E-05 9.99201E-05 9.99201E-05 0.999101 9.99201E-05 9.99201E-05 9.99201E-05
9.99463E-05 9.99463E-05 9.99463E-05 0.327827 9.99463E-05 0.202249 9.99463E-05 0.0185798 9.99463E-05 0.450745
0.249021 9.99462E-05 9.99462E-05 9.99462E-05 0.00384551 0.497863 9.99462E-05 0.248671 9.99462E-05 9.99462E-05
9.9964E-05 0.576663 9.9964E-05 9.9964E-05 0.0460527 0.159041 0.0767237 9.9964E-05 0.123952 0.0171675
9.99551E-05 0.0106697 0.537072 9.99551E-05 0.144245 0.291198 9.99551E-05 9.99551E-05 0.0163155 9.99551E-05
0.266602 9.99552E-05 9.99552E-05 9.99552E-05 0.0285453 9.99552E-05 0.0432466 0.656174 9.99552E-05 0.00493314
9.995E-05 9.995E-05 0.160608 0.180326 9.995E-05 0.18068 0.272916 0.20497 9.995E-05 9.995E-05
0.109599 9.994E-05 9.994E-05 9.994E-05 9.994E-05 9.994E-05 0.132931 0.673506 0.0833637 9.994E-05
9.99372E-05 0.321116 9.99372E-05 9.99372E-05 9.99372E-05 9.99372E-05 9.99372E-05 0.604765 9.99372E-05 0.07342
0.241658 0.390364 0.185487 0.0616951 9.99552E-05 9.99552E-05 9.99552E-05 9.99552E-05 0.120296 9.99552E-05
9.99552E-05 9.99552E-05 0.00142888 0.423078 9.99552E-05 0.136525 0.153107 0.285362 9.99552E-05 9.99552E-05
9.9946E-05 9.9946E-05 0.204427 0.410576 9.9946E-05 9.9946E-05 9.9946E-05 0.311978 0.0724196 9.9946E-05
9.99463E-05 0.117998 9.99463E-05 0.524599 0.132447 9.99463E-05 0.224357 9.99463E-05 9.99463E-05 9.99463E-05
0.107638 9.99641E-05 0.211592 9.99641E-05 0.150119 0.35104 9.99641E-05 0.177226 0.00198471 9.99641E-05
0.239156 9.99462E-05 0.448395 9.99462E-05 9.99462E-05 9.99462E-05 0.166492 9.99462E-05 9.99462E-05 0.145357
0.119726 0.128202 0.338781 0.204333 0.0893941 9.99731E-05 0.0581728 9.99731E-05 9.99731E-05 0.0610905
0.10471 9.99374E-05 9.99374E-05 0.678074 9.99374E-05 9.99374E-05 9.99374E-05 9.99374E-05 0.216517 9.99374E-05
0.110246 0.0998034 0.109847 0.0451827 0.0149379 9.998E-05 9.998E-05 0.503051 0.0231136 0.0936189
9.99731E-05 0.082297 0.2283 0.458122 0.10733 0.0528732 9.99731E-05 0.059555 9.99731E-05 0.011222
0.332264 0.190933 0.00911678 0.0218418 0.0664362 0.0992398 9.9973E-05 9.9973E-05 9.9973E-05 0.279869
0.707987 9.99462E-05 9.99462E-05 9.99462E-05 0.00697572 0.0745856 9.99462E-05 9.99462E-05 9.99462E-05 0.209852
0.257656 0.741545 9.99283E-05 9.99283E-05 9.99283E-05 9.99283E-05 9.99283E-05 9.99283E-05 9.99283E-05 9.99283E-05
9.99372E-05 0.857117 9.99372E-05 9.99372E-05 0.0732291 0.0689539 9.99372E-05 9.99372E-05 9.99372E-05 9.99372E-05
9.99374E-05 0.677646 0.255087 9.99374E-05 9.99374E-05 9.99374E-05 9.99374E-05 0.0665668 9.99374E-05 9.99374E-05
0.00799292 9.99732E-05 0.204732 0.428758 0.0205635 0.166598 9.99732E-05 0.0224415 9.99732E-05 0.148614
9.99462E-05 0.0271167 0.200342 9.99462E-05 9.99462E-05 0.393471 9.99462E-05 0.37847 9.99462E-05 9.99462E-05
9.99553E-05 9.99553E-05 0.472594 9.99553E-05 0.0196116 9.99553E-05 9.99553E-05 0.170562 0.30891 0.0278226
0.14557 0.140892 0.305062 0.0192489 0.12771 9.99731E-05 0.114337 9.99731E-05 9.99731E-05 0.146879
0.222323 9.997E-05 9.997E-05 0.360177 9.997E-05 0.0216463 0.0379562 0.190522 0.0538145 0.113262
9.99463E-05 0.227739 9.99463E-05 0.361671 9.99463E-05 9.99463E-05 0.105231 9.99463E-05 9.99463E-05 0.304758
0.187777 9.99463E-05 0.573867 0.167329 9.99463E-05 9.99463E-05 0.0704282 9.99463E-05 9.99463E-05 9.99463E-05
9.9973E-05 0.153584 0.391508 0.00635462 9.9973E-05 0.221803 0.0167885 0.14406 0.0656016 9.9973E-05
9.99201E-05 9.99201E-05 9.99201E-05 9.99201E-05 0.999101 9.99201E-05 9.99201E-05 9.99201E-05 9.99201E-05 9.99201E-05
0.327286 0.219352 9.99374E-05 9.99374E-05 9.99374E-05 9.99374E-05 9.99374E-05 0.452662 9.99374E-05 9.99374E-05
0.0897117 0.0878837 9.99731E-05 9.99731E-05 0.011924 9.99731E-05 0.0717258 0.456895 0.221809 0.0597508
0.0453145 9.99641E-05 0.190561 9.99641E-05 0.247343 0.107636 9.99641E-05 9.99641E-05 0.385057 0.0236874
0.106007 0.21565 0.306196 9.99553E-05 9.99553E-05 0.103858 9.99553E-05 9.99553E-05 0.267788 9.99553E-05
9.99462E-05 9.99462E-05 9.99462E-05 0.224784 0.194559 0.453779 9.99462E-05 0.126279 9.99462E-05 9.99462E-05
9.9946E-05 0.302084 0.256157 9.9946E-05 9.9946E-05 0.143208 9.9946E-05 9.9946E-05 0.297952 9.9946E-05
0.0999025 0.248636 9.998E-05 9.998E-05 0.0812461 0.0646961 0.175791 0.204328 0.0509558 0.0742453
0.260226 0.00986488 9.99642E-05 9.99642E-05 0.0195763 9.99642E-05 0.30165 0.12712 0.281163 9.99642E-05
9.99553E-05 0.115367 9.99553E-05 0.14622 0.0482063 9.99553E-05 9.99553E-05 0.530761 9.99553E-05 0.158945
0.0285169 9.99463E-05 0.315121 9.99463E-05 9.99463E-05 9.99463E-05 9.99463E-05 0.492991 9.99463E-05 0.162771
0.197164 0.110904 0.218215 0.110606 0.116448 0.113218 9.99911E-05 0.0153636 0.0297219 0.0882591
0.165778 0.16046 0.00836585 9.99821E-05 0.0520359 0.435081 0.023502 0.150603 0.00397402 9.99821E-05
0.2234 9.99461E-05 0.240572 9.99461E-05 9.99461E-05 0.324628 0.2108 9.99461E-05 9.99461E-05 9.99461E-05
9.99201E-05 9.99201E-05 9.99201E-05 9.99201E-05 0.999101 9.99201E-05 9.99201E-05 9.99201E-05 9.99201E-05 9.99201E-05
0.245392 0.0531105 9.99551E-05 0.132635 0.137103 0.431259 9.99551E-05 9.99551E-05 9.99551E-05 9.99551E-05
9.99463E-05 0.197726 9.99463E-05 9.99463E-05 0.00236105 0.0213385 9.99463E-05 0.777975 9.99463E-05 9.99463E-05
0.0262125 9.99641E-05 9.99641E-05 0.480257 0.106326 0.0646083 9.99641E-05 9.99641E-05 0.258292 0.0639053
9.99464E-05 0.0399211 9.99464E-05 0.631727 0.189596 0.138156 9.99464E-05 9.99464E-05 9.99464E-05 9.99464E-05
0.0152596 0.0648461 9.997E-05 0.204099 9.997E-05 0.0571285 0.09083 0.43786 0.129677 9.997E-05
0.0744354 0.459675 9.99641E-05 0.281372 9.99641E-05 9.99641E-05 0.0219536 0.124183 0.0379807 9.99641E-05
9.99463E-05 0.575803 0.158637 9.99463E-05 9.99463E-05 0.171763 9.99463E-05 9.99463E-05 9.99463E-05 0.0931979
9.99375E-05 9.99375E-05 9.99375E-05 9.99375E-05 0.0480144 9.99375E-05 9.99375E-05 0.547042 0.404244 9.99375E-05
0.193711 9.9946E-05 0.239701 0.194674 9.9946E-05 9.9946E-05 9.9946E-05 0.371314 9.9946E-05 9.9946E-05
9.99373E-05 9.99373E-05 0.433608 9.99373E-05 9.99373E-05 0.460558 9.99373E-05 0.105135 9.99373E-05 9.99373E-05
0.00154373 0.309071 0.130539 9.9973E-05 0.204959 0.201544 9.9973E-05 0.13272 9.9973E-05 0.0193232
9.99641E-05 9.99641E-05 0.410407 0.185881 9.99641E-05 0.0738272 9.99641E-05 0.0385609 0.276621 0.0143034
0.141384 9.994E-05 9.994E-05 0.179394 9.994E-05 9.994E-05 0.189477 0.489145 9.994E-05 9.994E-05
9.99641E-05 0.0663976 0.0172952 0.0827805 9.99641E-05 0.377837 0.110913 0.344377 9.99641E-05 9.99641E-05
9.99462E-05 0.492253 9.99462E-05 9.99462E-05 9.99462E-05 0.256013 9.99462E-05 0.043428 0.207707 9.99462E-05
0.174099 0.247792 0.254398 0.0217652 9.99641E-05 9.99641E-05 0.182935 9.99641E-05 0.118612 9.99641E-05
0.0903376 9.99282E-05 9.99282E-05 9.99282E-05 9.99282E-05 9.99282E-05 9.99282E-05 9.99282E-05 9.99282E-05 0.908863
0.626815 9.99463E-05 0.318027 0.0414095 9.99463E-05 9.99463E-05 0.0131493 9.99463E-05 9.99463E-05 9.99463E-05
0.145036 9.99642E-05 9.99642E-05 0.460507 9.99642E-05 9.99642E-05 0.00398147 0.358591 0.0304375 0.00104704
0.440417 9.99552E-05 9.99552E-05 0.389934 0.109581 9.99552E-05 9.99552E-05 0.0184545 0.0411132 9.99552E-05
0.518379 9.99641E-05 0.204636 0.195206 0.013533 0.0542039 9.99641E-05 9.99641E-05 9.99641E-05 0.0136413
0.212409 0.172674 9.9982E-05 0.0406561 9.9982E-05 0.206049 0.0191148 0.29997 0.0230279 0.0258993
9.99285E-05 9.99285E-05 9.99285E-05 9.99285E-05 9.99285E-05 0.645628 9.99285E-05 0.353572 9.99285E-05 9.99285E-05
9.99281E-05 9.99281E-05 9.99281E-05 9.99281E-05 9.99281E-05 0.0498079 9.99281E-05 9.99281E-05 9.99281E-05 0.949393
9.99464E-05 9.99464E-05 9.99464E-05 0.0579358 0.113329 0.608857 9.99464E-05 0.219279 9.99464E-05 9.99464E-05
9.99552E-05 0.143202 9.99552E-05 9.99552E-05 0.152582 0.193757 9.99552E-05 0.450402 9.99552E-05 0.059558
0.101813 9.99641E-05 9.99641E-05 9.99641E-05 9.99641E-05 0.14501 0.142398 0.40175 0.167904 0.0407247
0.195972 0.12172 0.200477 0.00672459 9.998E-05 9.998E-05 0.09238 0.321378 0.0248087 0.0363393
