0.0195033 0.012144 0.459912 0.498017 0.010424
0.164131 9.9991E-05 0.426984 0.179355 0.229429
0.0725074 0.0981297 0.204328 0.406192 0.218843
0.0922197 0.115075 9.9982E-05 0.792506 9.9982E-05
0.0550037 0.0698795 0.208148 0.444194 0.222774
0.133485 9.9982E-05 9.9982E-05 0.539369 0.326946
9.9982E-05 0.215081 0.254533 0.530186 9.9982E-05
0.0664605 0.140747 0.146721 0.166137 0.479935
0.117685 0.0396357 0.405499 0.291894 0.145288
0.299115 0.281706 0.389627 0.00516724 0.0243856
0.230505 9.9991E-05 0.425155 0.0472078 0.297033
9.9982E-05 0.185106 0.687862 0.126832 9.9982E-05
0.185574 0.116973 0.158705 0.488878 0.0498697
0.105631 0.122145 0.265731 0.34647 0.160023
0.102702 9.9973E-05 9.9973E-05 9.9973E-05 0.896998
0.0593513 0.26035 9.9991E-05 0.162276 0.517923
0.232798 0.148986 9.9991E-05 0.0716292 0.546487
0.0780244 0.432181 0.174945 0.257728 0.0571209
9.9991E-05 0.149858 0.175222 0.375769 0.29905
0.101663 9.9991E-05 0.236552 0.306944 0.354741
0.0519107 9.9991E-05 0.387228 0.317783 0.242978
0.200168 9.9991E-05 0.311892 0.223431 0.264409
0.0493987 0.106592 0.259819 0.386202 0.197989
9.999E-05 0.197944 0.0681317 0.491908 0.241916
0.255071 0.123071 0.357977 9.9991E-05 0.263781
0.187612 0.124289 0.133595 0.339543 0.214962
0.170349 0.213374 0.270438 0.100094 0.245745
0.143049 0.29316 0.190453 0.181377 0.191961
0.130812 0.0679802 0.201817 0.169158 0.430232
0.055301 0.599944 9.9982E-05 9.9982E-05 0.344555
0.154575 0.0501847 0.225399 9.9991E-05 0.569741
0.04648 0.0936704 0.836182 0.0235673 9.9991E-05
9.9982E-05 0.142734 9.9982E-05 0.630687 0.22638
0.0941958 0.0407647 0.11812 0.399409 0.347511
0.134759 0.183926 0.290689 0.390527 9.9991E-05
9.9982E-05 0.117764 0.130392 0.751644 9.9982E-05
0.095473 0.0221234 9.9991E-05 0.876349 0.00595419
0.187147 0.164723 0.482238 0.045483 0.120409
0.121582 0.00364866 9.9991E-05 0.344299 0.53037
0.076333 0.0567695 0.130416 0.181305 0.555176
0.165522 9.9991E-05 0.407812 0.141334 0.285232
0.149876 0.0302187 0.00858184 0.501415 0.309909
0.157146 0.0223655 0.132215 0.378457 0.309817
0.0540632 0.0274471 0.588109 0.330281 9.9991E-05
0.0776017 0.118343 0.803855 9.9982E-05 9.9982E-05
0.164944 9.9991E-05 0.291862 0.434439 0.108655
0.0129604 0.233114 0.100576 0.612671 0.0406784
0.0613571 0.0605381 0.153981 0.381318 0.342806
9.9982E-05 0.233929 0.546916 9.9982E-05 0.218956
9.9991E-05 0.146883 0.212634 0.039014 0.601369
0.0714279 0.195725 0.42221 0.0228598 0.287777
0.0157298 0.11435 0.211261 0.241454 0.417204
0.0602542 0.0607173 0.023512 0.235219 0.620298
0.226358 0.122937 0.0306987 0.267389 0.352617
9.9982E-05 0.114697 0.792455 9.9982E-05 0.0926483
0.0593963 0.0344584 0.303851 0.501495 0.100799
0.0742015 0.0711485 0.85445 9.99821E-05 9.99821E-05
0.0626747 0.189719 0.460427 0.287079 9.9991E-05
0.117122 0.215689 0.156175 0.0216635 0.48935
0.123186 0.039298 0.557187 0.187187 0.0931413
0.00206364 0.0749179 9.9991E-05 0.899099 0.0238198
0.118964 0.108881 0.219912 0.30589 0.246353
9.9991E-05 0.0458793 0.319933 0.353652 0.280436
0.00673832 0.958298 0.0347636 9.9982E-05 9.9982E-05
0.118863 9.9991E-05 0.0690302 0.605715 0.206292
0.00571677 9.9982E-05 9.9982E-05 0.873793 0.12029
0.0672901 0.146436 0.288187 0.497987 9.9991E-05
9.9991E-05 0.0848717 0.257993 0.317067 0.339969
0.00280783 0.0479288 0.0923219 0.641376 0.215566
0.0785386 0.205565 0.142714 0.247607 0.325575
0.148065 0.0416776 0.614768 0.128754 0.066735
0.0305077 0.15052 0.0821468 0.302194 0.434631
0.0364469 0.218964 0.119536 0.302169 0.322883
0.12348 0.0757644 0.216065 9.9991E-05 0.58459
0.263855 0.145982 0.331075 0.00260226 0.256486
0.156668 9.9982E-05 0.170383 9.9982E-05 0.67275
0.09843 0.123989 0.393741 0.376963 0.0068772
0.0263569 0.0609503 9.9991E-05 0.711967 0.200626
0.0110659 9.9982E-05 9.9982E-05 0.960586 0.0281484
9.9991E-05 0.0815993 0.103965 0.652115 0.162222
0.0937163 0.124945 0.159282 0.387939 0.234117
0.073982 0.106043 0.0755972 0.661348 0.0830291
0.0943403 0.153051 0.451377 0.173961 0.127271
0.122191 0.0383836 9.9991E-05 0.144256 0.695069
9.9991E-05 0.0549395 0.325135 0.519658 0.100168
0.123218 0.0173095 0.503729 0.23826 0.117483
9.9991E-05 0.0930726 0.00520544 0.75164 0.149982
0.0570738 0.190559 0.52358 0.198422 0.0303654
0.158859 0.280429 0.161339 0.118768 0.280605
0.0420789 9.9991E-05 0.649212 0.100359 0.20825
0.143326 0.856374 9.9973E-05 9.9973E-05 9.9973E-05
0.137133 9.9982E-05 0.683944 9.9982E-05 0.178723
0.0729712 0.0852736 9.9991E-05 0.713405 0.128251
9.9991E-05 0.0977982 0.273093 0.0745382 0.554471
0.127715 9.9991E-05 0.0793663 0.709999 0.0828196
0.0480821 0.0815673 9.9991E-05 0.58861 0.281641
0.139521 9.9991E-05 0.586762 0.0613926 0.212225
0.0259244 9.9982E-05 0.446025 0.52785 9.9982E-05
0.012809 0.699923 0.0790575 0.208111 9.9991E-05
9.9991E-05 0.289819 0.210629 0.225678 0.273774
9.9991E-05 0.136242 0.327612 0.287893 0.248153
0.00142857 0.998272 9.9973E-05 9.9973E-05 9.9973E-05
0.150612 0.0615595 0.157023 0.155378 0.475427
0.9996 9.997E-05 9.997E-05 9.997E-05 9.997E-05
0.181553 0.145119 0.0249739 0.0733841 0.574971
0.0673785 9.9991E-05 0.118764 0.182008 0.63175
9.9982E-05 9.9982E-05 0.302542 0.303935 0.393323
0.00539821 0.123294 0.380613 0.33519 0.155504
0.109813 0.10333 0.160563 9.9991E-05 0.626195
9.9991E-05 0.0957194 0.447005 0.215299 0.241877
0.111884 9.9982E-05 9.9982E-05 0.487499 0.400417
0.0699331 0.223777 0.481763 0.0872262 0.137301
0.0659097 9.9991E-05 0.160774 0.22789 0.545326
9.9982E-05 0.613624 0.0806306 0.305546 9.9982E-05
0.0853043 0.106417 0.121711 0.376863 0.309705
9.9973E-05 0.941445 0.0582549 9.9973E-05 9.9973E-05
0.197028 9.9991E-05 0.249306 0.208677 0.34489
9.9991E-05 0.0921331 0.294932 0.532972 0.0798632
0.0635901 0.0171843 0.343651 0.409688 0.165887
0.16459 0.253373 0.367576 0.214361 9.9991E-05
0.0864783 0.121867 0.132521 0.490215 0.168918
0.0299852 0.57738 9.9991E-05 0.340277 0.0522582
0.0184787 0.229574 0.443478 0.213132 0.0953368
0.0596576 9.9991E-05 0.225356 0.397639 0.317248
0.057447 0.274607 0.63363 0.0342162 9.9991E-05
9.9982E-05 9.9982E-05 0.0963992 0.193362 0.710039
0.0165132 0.00990868 0.434544 9.9991E-05 0.538934
0.0855486 0.117474 0.442908 0.346606 0.00746439
9.9982E-05 9.9982E-05 0.622746 0.264308 0.112746
0.112541 0.221884 0.47023 9.9991E-05 0.195245
9.9982E-05 0.0799974 0.301029 0.618774 9.9982E-05
0.023564 0.168265 9.9991E-05 0.691331 0.116741
0.0667097 0.209323 0.207558 0.377069 0.139341
0.0712387 0.152395 9.9991E-05 0.0875227 0.688743
0.0840506 0.0197311 0.253929 0.474065 0.168224
0.187684 0.146768 0.443535 0.221913 9.9991E-05
9.9973E-05 9.9973E-05 9.9973E-05 0.00495969 0.99474
9.997E-05 9.997E-05 9.997E-05 9.997E-05 0.9996
0.064663 0.130879 0.63994 0.0867243 0.077793
0.100285 0.093112 0.149796 0.656707 9.9991E-05
0.168112 0.0562408 0.327811 0.447736 9.9991E-05
0.0757093 0.0184263 0.150614 9.9991E-05 0.755151
0.0889171 0.0796321 0.474526 0.356825 9.9991E-05
0.068879 0.0872706 0.738801 9.9991E-05 0.104949
0.158801 0.100666 9.9991E-05 0.606798 0.133636
9.9982E-05 0.520392 0.126196 0.353212 9.9982E-05
0.124966 9.9991E-05 0.251664 0.327535 0.295735
9.99729E-05 0.98242 9.99729E-05 0.0172799 9.99729E-05
0.0533633 0.0676659 0.086251 0.703624 0.0890961
0.289575 0.00505534 9.9991E-05 0.538374 0.166895
0.0974269 0.225288 0.579362 0.097823 9.9991E-05
0.203858 9.9991E-05 0.187256 0.53144 0.0773463
0.0434261 0.192712 0.335542 0.177224 0.251096
0.0722829 0.126184 0.438257 0.153254 0.210022
0.0268668 0.111298 0.464424 0.322919 0.0744929
0.122704 0.253476 9.9991E-05 0.248618 0.375102
9.9982E-05 9.9982E-05 0.435999 0.461685 0.102116
0.0799905 0.183884 0.114454 0.491475 0.130196
9.9991E-05 0.211035 0.108001 0.674464 0.0063993
0.0957721 0.0870992 0.318763 0.182497 0.315868
0.0493198 0.011487 0.145383 0.666618 0.127193
9.997E-05 0.9996 9.997E-05 9.997E-05 9.997E-05
0.00192471 0.236592 0.0517387 0.226218 0.483526
0.102535 9.9991E-05 0.0866703 0.280052 0.530643
0.140484 0.137696 0.383015 0.215792 0.123013
0.0862477 0.223676 0.0068186 0.683158 9.9991E-05
0.00212375 9.9991E-05 0.522646 0.34781 0.127321
0.159226 9.9982E-05 0.453336 9.9982E-05 0.387237
9.997E-05 9.997E-05 9.997E-05 9.997E-05 0.9996
9.9991E-05 0.24034 0.213073 0.287435 0.259051
9.9991E-05 0.110155 0.307796 0.128205 0.453744
0.149592 0.144465 0.288302 0.114852 0.302789
9.9982E-05 0.293939 9.9982E-05 0.550254 0.155607
0.112327 9.9982E-05 0.522178 9.9982E-05 0.365295
9.9991E-05 0.0458483 0.119764 0.495935 0.338353
0.18381 9.9991E-05 0.346125 0.300588 0.169376
9.9991E-05 0.0802714 0.169942 0.372542 0.377145
0.207924 9.9991E-05 0.383521 0.162723 0.245732
0.9996 9.997E-05 9.997E-05 9.997E-05 9.997E-05
0.0262486 0.0505847 0.732954 0.185174 0.0050386
0.173971 0.253401 9.9982E-05 9.9982E-05 0.572428
0.0328634 0.304484 0.312814 0.225311 0.124527
0.0180999 0.0758321 0.345319 0.32507 0.235679
9.9991E-05 0.164051 0.231359 0.537121 0.0673692
0.016978 0.0133864 0.108118 0.712747 0.148771
0.9996 9.997E-05 9.997E-05 9.997E-05 9.997E-05
9.9991E-05 0.044074 0.197694 0.461442 0.29669
0.265247 0.124224 0.010188 0.239882 0.360459
0.00252655 0.0193504 9.9991E-05 0.826744 0.151279
9.9982E-05 0.241179 0.470273 9.9982E-05 0.288348
