0.26556 9.9982E-05 0.264615 9.9982E-05 0.469625
0.207004 0.0288686 9.9991E-05 0.258937 0.505091
0.0952747 0.207357 0.392557 9.9991E-05 0.304711
0.179501 0.128927 0.362639 0.065898 0.263035
9.99821E-05 9.99821E-05 0.298765 0.385771 0.315264
0.0324376 0.254429 0.248774 0.236898 0.227462
0.286658 9.99911E-05 0.0495698 0.356684 0.306988
9.99821E-05 9.99821E-05 0.028055 0.123577 0.848168
0.755501 0.0606187 0.143282 9.99911E-05 0.0404979
0.667794 0.276082 0.0559242 9.99821E-05 9.99821E-05
0.381377 0.527088 0.091335 9.9982E-05 9.9982E-05
0.350245 9.99821E-05 9.99821E-05 0.0880716 0.561483
0.17348 9.9991E-05 0.0893934 0.25809 0.478936
9.99821E-05 9.99821E-05 0.339939 0.545695 0.114166
0.292185 0.0582313 9.99822E-05 9.99822E-05 0.649384
9.99821E-05 9.99821E-05 0.493699 0.0752506 0.43085
0.257586 0.0355779 0.0943479 0.23057 0.381918
0.427771 0.0607834 0.381839 0.129507 9.9991E-05
0.31398 9.99821E-05 9.99821E-05 0.153135 0.532685
9.999E-05 0.19813 0.206479 0.421715 0.173575
0.404522 0.354617 0.240661 9.99821E-05 9.99821E-05
0.275952 9.99731E-05 9.99731E-05 9.99731E-05 0.723748
0.185596 0.174295 0.463299 0.17671 9.9991E-05
9.99731E-05 9.99731E-05 0.776413 0.223287 9.99731E-05
0.00774549 0.433256 0.465631 9.9991E-05 0.0932681
0.183491 9.9982E-05 0.423266 9.9982E-05 0.393043
0.659514 0.014245 0.0790798 9.9991E-05 0.247061
9.99821E-05 0.171053 9.99821E-05 0.511111 0.317637
9.9982E-05 0.312499 9.9982E-05 0.169451 0.51785
0.160498 0.0220196 0.746015 9.99911E-05 0.0713671
0.391686 0.190438 9.9991E-05 0.39427 0.0235065
9.99821E-05 9.99821E-05 0.0626286 0.393169 0.544003
0.488791 0.316021 0.0580366 0.0912168 0.0459348
0.0639472 0.0109194 0.0336762 0.115775 0.775682
0.27934 0.0182701 0.384209 0.0621003 0.256081
0.665373 0.0299225 0.116539 0.147037 0.0411276
0.0839596 0.0784171 9.99911E-05 0.471208 0.366315
0.370553 0.543449 9.99821E-05 0.0857976 9.99821E-05
0.190027 0.178667 0.188583 0.14477 0.297953
9.9991E-05 0.295696 0.0926769 0.057248 0.554279
0.540221 9.99911E-05 0.329501 0.098516 0.0316621
0.535763 0.300487 0.16355 9.99821E-05 9.99821E-05
0.153936 0.0624843 0.255326 0.244516 0.283738
0.252438 0.227033 0.0123537 0.0423169 0.465858
9.9991E-05 0.150591 0.00500098 0.158603 0.685705
0.157303 0.00170142 0.309552 9.99911E-05 0.531344
0.314211 9.99821E-05 0.2093 9.99821E-05 0.476289
0.65693 0.112662 9.9991E-05 0.142549 0.087759
0.239113 9.99733E-05 9.99733E-05 9.99733E-05 0.760587
0.132811 9.9982E-05 0.240384 9.9982E-05 0.626606
9.9982E-05 0.0606741 0.462874 9.9982E-05 0.476252
0.202411 0.275205 9.99821E-05 0.522183 9.99821E-05
0.500502 9.99821E-05 0.334997 9.99821E-05 0.164301
9.99821E-05 0.237876 0.0719623 9.99821E-05 0.689962
9.99731E-05 0.016579 9.99731E-05 0.983121 9.99731E-05
0.367793 0.00586283 9.99911E-05 0.30484 0.321404
0.139174 9.9991E-05 0.35699 0.45312 0.0506162
0.221496 9.99732E-05 9.99732E-05 0.778204 9.99732E-05
0.304589 0.202961 9.9991E-05 0.375369 0.11698
0.607643 0.183452 0.104584 0.104221 9.9991E-05
9.99821E-05 0.27961 0.150439 9.99821E-05 0.56975
0.57728 9.9991E-05 0.274694 0.110593 0.0373323
0.668741 9.99731E-05 9.99731E-05 9.99731E-05 0.330959
9.99821E-05 0.107416 0.800658 9.99821E-05 0.0917261
0.228651 9.99821E-05 0.144476 9.99821E-05 0.626674
0.400478 0.0516608 0.156652 9.99911E-05 0.391109
0.316486 0.131766 0.418012 0.020843 0.112894
0.618024 9.99821E-05 9.99821E-05 0.0730967 0.308679
0.232551 0.0909682 9.99821E-05 9.99821E-05 0.676281
0.369902 0.199704 0.180612 9.99911E-05 0.249682
0.37968 0.181119 0.0826759 0.283862 0.0726634
0.601751 9.99821E-05 0.00778944 9.99821E-05 0.39026
9.99732E-05 9.99732E-05 9.99732E-05 0.964071 0.0356289
0.215744 9.99732E-05 9.99732E-05 9.99732E-05 0.783956
9.99822E-05 9.99822E-05 0.127238 0.281009 0.591553
0.268445 9.9991E-05 0.0063655 0.306446 0.418643
0.0310088 9.99822E-05 0.339352 9.99822E-05 0.629439
0.349132 0.324224 9.9991E-05 0.259529 0.0670152
9.9991E-05 0.319344 0.0255501 0.100052 0.554954
9.99821E-05 0.0877043 9.99821E-05 0.511962 0.400133
9.99821E-05 9.99821E-05 0.0807267 0.250273 0.668801
0.141956 0.108866 0.299173 0.011119 0.438886
0.408603 0.269817 0.000670064 0.32081 9.9991E-05
9.99821E-05 0.145695 0.282002 9.99821E-05 0.572104
0.375613 9.9991E-05 0.255627 0.184511 0.184149
0.432685 9.9991E-05 0.0607844 0.121725 0.384706
0.451475 0.0335099 9.99911E-05 0.475232 0.0396823
0.23748 9.9991E-05 0.624606 0.0330638 0.104749
0.0904125 0.503732 0.208725 9.99911E-05 0.19703
0.253958 0.199413 9.99821E-05 9.99821E-05 0.546429
9.99733E-05 9.99733E-05 0.978606 9.99733E-05 0.021094
0.179779 9.99821E-05 0.388934 0.431087 9.99821E-05
0.588513 9.99911E-05 0.295201 0.0611629 0.0550224
0.303586 0.31595 0.230801 0.149564 9.9991E-05
0.820684 9.9991E-05 0.0493419 0.00863065 0.121243
0.455484 0.0528675 0.0759358 0.219488 0.196225
0.544532 0.0570152 0.387402 0.0109502 9.9991E-05
0.758821 9.99731E-05 9.99731E-05 9.99731E-05 0.240879
9.9991E-05 0.0557259 0.666578 0.114392 0.163204
0.277739 9.9982E-05 0.55516 0.166902 9.9982E-05
0.438713 9.99821E-05 0.0583445 0.502742 9.99821E-05
9.99732E-05 0.108454 0.891246 9.99732E-05 9.99732E-05
0.503264 0.359499 9.99821E-05 0.137037 9.99821E-05
0.0532752 0.946425 9.99731E-05 9.99731E-05 9.99731E-05
0.171863 9.9991E-05 0.109881 0.0807187 0.637437
0.415683 9.99821E-05 0.081033 9.99821E-05 0.503084
0.121063 9.9991E-05 0.0120259 0.41258 0.454231
0.204827 0.244656 9.99911E-05 0.0968468 0.45357
0.150172 0.232763 9.99821E-05 9.99821E-05 0.616865
9.99821E-05 0.525044 0.149914 9.99821E-05 0.324842
0.396202 9.99821E-05 0.516239 0.087359 9.99821E-05
9.99732E-05 9.99732E-05 0.200964 9.99732E-05 0.798737
9.99911E-05 0.1104 0.804591 0.059612 0.025297
9.99821E-05 0.0127848 9.99821E-05 0.143594 0.843421
9.997E-05 9.997E-05 0.9996 9.997E-05 9.997E-05
0.470224 0.260162 9.99911E-05 0.145318 0.124196
0.198826 9.99821E-05 0.105962 9.99821E-05 0.695011
0.286839 9.99821E-05 0.0193974 9.99821E-05 0.693563
0.0545998 0.171305 0.27178 9.9991E-05 0.502216
9.9991E-05 0.128668 0.0328141 0.327886 0.510531
0.393304 9.99821E-05 0.548338 9.99821E-05 0.0581581
0.0255611 0.0665173 0.296452 0.611369 9.9991E-05
9.9991E-05 0.201526 0.0818043 0.0572055 0.659364
0.273956 0.163033 9.9991E-05 0.212233 0.350679
0.436956 0.175969 0.130365 9.99911E-05 0.25661
0.619179 0.0504282 0.00291154 9.9991E-05 0.327381
0.419664 9.99822E-05 0.349952 9.99822E-05 0.230184
0.102191 0.159449 0.134791 0.160769 0.442799
9.99911E-05 0.564118 0.302299 0.0643832 0.0690999
0.29906 9.99911E-05 0.30129 0.126363 0.273187
0.9996 9.997E-05 9.997E-05 9.997E-05 9.997E-05
0.299885 0.0755393 0.133184 0.306708 0.184684
0.4942 0.178597 9.99821E-05 9.99821E-05 0.327002
0.193115 0.374969 9.9991E-05 0.135719 0.296097
0.656315 0.296631 0.0468549 9.99821E-05 9.99821E-05
0.0835654 0.203197 0.0410316 9.99911E-05 0.672106
9.99732E-05 0.199067 9.99732E-05 9.99732E-05 0.800633
9.99822E-05 0.341757 0.0880821 9.99822E-05 0.569961
0.533771 0.147939 9.99911E-05 0.0779861 0.240205
9.99821E-05 0.0489577 0.141676 9.99821E-05 0.809167
9.99911E-05 0.360668 0.0271107 0.279617 0.332504
0.541359 0.247251 0.0132363 0.198054 9.99911E-05
0.484683 0.0939331 0.185275 0.0619471 0.174162
0.772881 0.22682 9.99732E-05 9.99732E-05 9.99732E-05
0.105619 0.0636589 0.73154 9.9991E-05 0.0990819
0.114358 0.0274057 0.198944 0.0576069 0.601685
0.469552 9.99731E-05 9.99731E-05 0.530148 9.99731E-05
9.99911E-05 0.20262 0.270999 0.0728559 0.453425
9.99821E-05 9.99821E-05 0.295836 0.59832 0.105644
0.407912 0.121696 9.99911E-05 0.377893 0.0923988
0.0197288 0.324741 9.99911E-05 0.174247 0.481183
0.587485 9.99731E-05 9.99731E-05 9.99731E-05 0.412215
0.0441518 0.0943843 9.9991E-05 0.222443 0.638921
0.241522 9.9991E-05 0.0169498 0.33089 0.410538
9.99821E-05 9.99821E-05 0.671911 0.302789 0.0250997
0.315837 0.363367 9.9991E-05 0.0382614 0.282435
9.9991E-05 0.429832 0.0768434 0.416503 0.0767219
0.277401 0.0717541 0.215805 9.99911E-05 0.434939
9.99821E-05 0.00104784 0.138022 9.99821E-05 0.86073
0.305845 0.193092 0.277988 9.9991E-05 0.222974
0.497828 9.99731E-05 9.99731E-05 0.501872 9.99731E-05
0.409742 9.99732E-05 9.99732E-05 9.99732E-05 0.589958
9.9991E-05 0.0356092 0.177412 0.201208 0.585671
0.563636 0.0619019 9.99911E-05 0.199073 0.175289
0.538203 9.99732E-05 9.99732E-05 9.99732E-05 0.461497
0.285504 9.9991E-05 0.182764 0.0855433 0.446088
0.267953 0.113261 0.0712451 0.0172186 0.530323
9.99733E-05 0.0087423 9.99733E-05 9.99733E-05 0.990958
9.997E-05 9.997E-05 9.997E-05 0.9996 9.997E-05
0.512931 0.0787756 0.184399 0.155973 0.0679203
9.99821E-05 0.207133 0.119808 9.99821E-05 0.672859
9.99821E-05 0.00252378 9.99821E-05 0.311538 0.685738
0.214543 0.14979 9.9991E-05 0.23565 0.399917
0.23988 9.99821E-05 0.539472 9.99821E-05 0.220448
0.0666949 9.99821E-05 0.35016 9.99821E-05 0.582945
9.99821E-05 0.055941 9.99821E-05 0.104593 0.839266
0.217736 9.99911E-05 0.251787 0.205898 0.32448
9.99731E-05 0.912176 9.99731E-05 0.0875245 9.99731E-05
0.451858 0.264879 0.24739 9.99911E-05 0.0357736
0.598722 0.142554 0.018843 0.0147144 0.225167
0.795766 0.048259 9.99821E-05 0.155775 9.99821E-05
0.552623 0.146906 0.140076 9.9991E-05 0.160295
0.513957 0.00903009 0.180745 9.9991E-05 0.296168
0.0088319 9.99911E-05 0.1363 0.120732 0.734036
9.997E-05 0.9996 9.997E-05 9.997E-05 9.997E-05
0.11244 9.99822E-05 9.99822E-05 0.173276 0.714084
0.117626 0.0923612 9.9991E-05 0.21909 0.570823
9.9991E-05 0.284391 0.290607 0.266309 0.158593
9.9991E-05 0.105735 0.169061 0.663931 0.0611727
