0.401745 0.200291 0.397964
0.264915 0.434241 0.300844
0.146166 0.214633 0.6392
0.457501 0.0825894 0.45991
0.119256 0.258688 0.622056
0.687397 0.0392044 0.273398
0.206138 0.580205 0.213656
0.051326 0.287417 0.661257
0.429819 0.375343 0.194838
0.637736 0.362164 9.99911E-05
0.612334 0.229625 0.158042
9.99911E-05 0.74862 0.25128
0.202591 0.0738475 0.723561
0.123787 0.308965 0.567247
9.99911E-05 0.488666 0.511234
0.176977 9.99911E-05 0.822923
0.300287 0.466425 0.233288
0.345845 0.402103 0.252052
9.99911E-05 0.406405 0.593495
0.532299 9.9991E-05 0.467601
0.98756 0.0123402 9.99911E-05
0.169061 0.314096 0.516843
0.656849 9.9991E-05 0.343051
0.920406 9.99911E-05 0.079494
0.778342 9.99911E-05 0.221558
0.421968 0.0821498 0.495882
0.257649 0.694295 0.0480555
0.0312143 0.394236 0.574549
9.99911E-05 0.13468 0.86522
0.522132 0.110673 0.367196
0.147895 0.571235 0.28087
9.99911E-05 0.700106 0.299794
0.504053 0.286618 0.209329
9.9991E-05 0.402277 0.597623
0.464688 0.0522756 0.483036
0.691697 0.308203 9.99911E-05
0.23128 0.317024 0.451696
0.771206 9.99911E-05 0.228694
0.314457 0.360936 0.324606
0.296118 0.0505784 0.653304
0.135429 0.864471 9.99911E-05
0.277788 0.722112 9.99911E-05
0.579941 0.200339 0.21972
0.151616 0.35331 0.495075
9.99911E-05 0.228947 0.770953
0.317635 0.255252 0.427113
0.437962 0.162046 0.399993
0.127226 0.640145 0.232629
9.99911E-05 0.257709 0.742191
0.311275 0.130609 0.558117
0.17138 9.9991E-05 0.82852
0.599886 0.400014 9.99911E-05
0.253358 0.510169 0.236473
0.0572384 9.99911E-05 0.942662
9.99911E-05 0.363799 0.636101
9.99911E-05 0.796962 0.202938
0.272599 0.387956 0.339444
9.99911E-05 0.834112 0.165788
0.0703285 0.639874 0.289798
0.688484 0.20884 0.102676
0.0569544 0.121093 0.821953
0.278157 0.721743 9.9991E-05
9.9991E-05 0.774292 0.225608
0.681489 9.99911E-05 0.318411
0.150116 0.173817 0.676067
0.126166 0.60563 0.268205
0.698949 9.9991E-05 0.300951
0.0615858 0.614479 0.323935
9.9991E-05 0.421767 0.578133
0.442696 0.182216 0.375088
0.13854 0.662617 0.198843
0.0765824 0.923318 9.99911E-05
9.99911E-05 0.403685 0.596215
9.99911E-05 0.672424 0.327476
0.358575 9.99911E-05 0.641325
9.9991E-05 0.598667 0.401233
9.99911E-05 0.471664 0.528236
0.269514 0.684954 0.0455323
0.1392 0.183596 0.677204
9.99911E-05 0.1812 0.8187
9.9991E-05 0.396855 0.603045
0.565322 9.99911E-05 0.434578
0.494397 0.197449 0.308154
0.307526 9.99911E-05 0.692374
0.345012 0.545007 0.109981
0.316229 0.46453 0.219241
0.462443 0.419774 0.117783
0.752978 0.168939 0.078083
0.50266 9.99911E-05 0.49724
0.298217 0.229437 0.472346
0.526329 9.99911E-05 0.473571
0.70552 0.190869 0.103611
0.17259 0.82731 9.99911E-05
0.594161 0.271112 0.134727
0.0887062 0.803836 0.107458
0.300077 0.332589 0.367335
0.768091 0.231809 9.9991E-05
0.0308574 0.748438 0.220705
0.433236 9.9991E-05 0.566664
0.961501 0.0383987 9.9991E-05
0.466436 0.533464 9.99911E-05
0.9998 9.999E-05 9.999E-05
0.827341 0.172559 9.99911E-05
0.804619 9.99911E-05 0.195281
0.114789 0.303884 0.581327
0.39349 0.389593 0.216917
0.222158 0.345365 0.432478
0.270807 0.252277 0.476916
0.370694 0.132548 0.496757
0.44828 9.99911E-05 0.55162
0.420969 0.432861 0.14617
0.156468 9.99911E-05 0.843432
0.445602 9.99911E-05 0.554298
9.999E-05 9.999E-05 0.9998
0.9998 9.999E-05 9.999E-05
0.0374273 0.52341 0.439163
9.9991E-05 0.430969 0.568931
0.0703362 0.546002 0.383662
0.194609 0.055716 0.749675
0.314801 0.106386 0.578814
0.742884 0.0866771 0.170439
0.668785 0.191202 0.140013
0.00199209 9.9991E-05 0.997908
0.331303 0.414056 0.254642
0.278605 0.353247 0.368147
0.358459 0.539236 0.102306
0.142975 0.395033 0.461992
0.165217 0.381108 0.453675
0.651083 9.99911E-05 0.348817
0.575419 9.99911E-05 0.424481
0.258641 0.741259 9.99911E-05
0.30653 0.404303 0.289167
9.9991E-05 0.489844 0.510056
0.403676 0.396623 0.199701
0.395013 0.604887 9.99911E-05
0.520783 9.99911E-05 0.479117
9.999E-05 9.999E-05 0.9998
9.999E-05 9.999E-05 0.9998
0.234746 0.535948 0.229306
0.100736 9.9991E-05 0.899164
0.127476 0.314233 0.558291
0.885846 0.0893648 0.024789
0.189954 0.432235 0.37781
0.580535 0.419365 9.99911E-05
0.700103 9.99911E-05 0.299797
0.170419 9.9991E-05 0.829481
0.0700083 0.929892 9.9991E-05
0.46953 9.99911E-05 0.53037
0.538746 9.99911E-05 0.461154
9.99911E-05 0.701918 0.297982
9.99911E-05 0.370736 0.629164
9.99911E-05 0.93967 0.0602304
9.9991E-05 0.37922 0.62068
0.197554 0.326919 0.475527
0.585065 0.153613 0.261322
0.284658 0.44626 0.269082
0.277882 0.0130038 0.709114
0.0756429 0.494942 0.429416
0.13577 9.99911E-05 0.86413
0.548135 0.147497 0.304369
9.999E-05 0.9998 9.999E-05
9.9991E-05 0.393857 0.606043
0.197142 0.209683 0.593175
9.9991E-05 0.88316 0.11674
9.99911E-05 0.879796 0.120104
0.501855 0.22529 0.272854
0.0102417 0.258318 0.731441
9.999E-05 9.999E-05 0.9998
0.0425672 0.604525 0.352908
0.422683 0.251343 0.325974
0.196361 9.99911E-05 0.803539
9.9991E-05 0.155733 0.844167
9.9991E-05 0.474783 0.525118
0.525351 0.220522 0.254127
0.103176 0.241438 0.655385
9.99911E-05 0.143969 0.855931
0.665539 0.197749 0.136711
0.912844 9.99911E-05 0.0870564
0.539781 0.264022 0.196197
0.159881 0.805021 0.0350977
0.206228 0.793672 9.99911E-05
0.12241 0.603323 0.274267
0.226559 0.434406 0.339034
9.99911E-05 0.110045 0.889855
0.499667 9.99911E-05 0.500233
9.99911E-05 0.449294 0.550606
0.204961 0.276175 0.518864
0.428238 0.130681 0.441081
0.462268 9.9991E-05 0.537632
