0.251816 0.0011095 9.9991E-05 0.167908 0.0317587 0.547308
0.211639 0.0507884 9.9991E-05 0.421509 0.114941 0.201022
9.99731E-05 0.423889 0.4657 9.99731E-05 0.11011 9.99731E-05
0.26667 9.99732E-05 0.114414 9.99732E-05 9.99732E-05 0.618617
9.99731E-05 9.99731E-05 9.99731E-05 0.0633176 0.696396 0.239986
9.9973E-05 9.9973E-05 0.225519 9.9973E-05 0.220568 0.553613
0.015342 0.0954361 9.9991E-05 0.340598 0.291542 0.256982
0.0193628 9.99731E-05 9.99731E-05 9.99731E-05 0.666824 0.313513
0.280951 9.99732E-05 9.99732E-05 0.530269 9.99732E-05 0.18848
9.99731E-05 0.18462 0.284542 0.530538 9.99731E-05 9.99731E-05
0.0359082 0.219262 0.30177 0.228559 0.19777 0.0167315
0.30757 9.99732E-05 9.99732E-05 0.314073 0.378057 9.99732E-05
0.548595 9.99642E-05 9.99642E-05 9.99642E-05 9.99642E-05 0.451005
0.0151027 9.99821E-05 9.99821E-05 0.0953038 0.391043 0.49835
0.480664 9.99821E-05 0.0255374 0.325032 9.99821E-05 0.168567
0.163559 0.324381 9.9991E-05 0.107668 0.328841 0.0754504
0.12147 9.9991E-05 0.210394 0.343444 0.0389399 0.285651
9.99821E-05 9.99821E-05 0.366467 0.312585 0.114508 0.20624
0.928205 9.99642E-05 9.99642E-05 0.0713947 9.99642E-05 9.99642E-05
9.99821E-05 9.99821E-05 0.117158 0.0171886 0.386182 0.479272
9.99732E-05 9.99732E-05 0.202388 0.267224 9.99732E-05 0.530088
0.571493 0.148079 9.9982E-05 0.10881 0.171418 9.9982E-05
0.0369029 9.99821E-05 0.23123 0.0181729 9.99821E-05 0.713495
9.99642E-05 0.0766537 9.99642E-05 9.99642E-05 9.99642E-05 0.922946
0.093391 0.150747 0.210911 9.99821E-05 9.99821E-05 0.544751
0.191853 0.162267 9.9991E-05 0.0868895 0.0763923 0.482498
0.230336 0.214145 0.0211927 0.534126 9.9982E-05 9.9982E-05
0.394314 9.99911E-05 0.205348 0.161978 0.198721 0.0395391
0.423534 9.9973E-05 0.346095 9.9973E-05 0.230071 9.9973E-05
0.0611332 0.916787 0.0217801 9.99731E-05 9.99731E-05 9.99731E-05
0.0517899 9.99911E-05 0.0746055 0.423175 0.268747 0.181583
0.200761 0.15667 9.9991E-05 0.136438 0.480014 0.0260171
0.0426611 0.378368 0.397097 0.181673 9.99821E-05 9.99821E-05
0.373005 0.215122 9.99821E-05 9.99821E-05 0.314988 0.0966849
9.99731E-05 0.0296768 9.99731E-05 9.99731E-05 0.148384 0.821639
9.99821E-05 9.99821E-05 0.0149391 0.449286 0.0372101 0.498365
0.0142202 9.99911E-05 0.0918893 0.318634 0.419761 0.155396
9.99731E-05 0.104127 0.621427 9.99731E-05 9.99731E-05 0.274146
0.288222 0.108431 0.0513357 0.186496 0.217818 0.147697
0.321498 9.99732E-05 0.316855 9.99732E-05 9.99732E-05 0.361347
0.1186 0.302659 9.99821E-05 0.559768 9.99821E-05 0.0187727
9.99642E-05 0.160736 9.99642E-05 0.838864 9.99642E-05 9.99642E-05
9.9982E-05 9.9982E-05 0.0209219 0.257325 0.202596 0.518957
0.342274 9.99911E-05 0.149928 0.117732 0.0550168 0.33495
0.473299 0.0621242 0.119063 0.00447169 0.260592 0.0804491
0.118069 9.99911E-05 0.114259 0.329626 0.12694 0.311007
0.111884 0.0344379 0.0437904 0.436501 9.9991E-05 0.373287
9.9991E-05 0.0120291 0.14901 0.590069 0.150496 0.0982957
0.737837 0.17401 9.99733E-05 0.0878535 9.99733E-05 9.99733E-05
0.110418 9.9982E-05 9.9982E-05 0.0331294 0.363332 0.49292
0.170081 0.0938581 0.0166735 9.9991E-05 0.204569 0.514718
9.99821E-05 9.99821E-05 0.457336 0.321355 0.0100945 0.211015
0.179363 0.381945 0.0134802 0.356322 9.9991E-05 0.0687897
0.342506 0.140344 0.347467 9.9991E-05 0.0500235 0.119559
0.228227 9.99911E-05 0.0806008 0.0700173 0.529349 0.0917064
0.423529 0.0193474 0.0136768 0.355087 0.188259 9.99911E-05
0.247158 0.0748967 9.99732E-05 9.99732E-05 9.99732E-05 0.677646
9.99732E-05 9.99732E-05 9.99732E-05 0.382086 0.608335 0.00927915
0.174798 9.9982E-05 0.143516 0.339107 0.342379 9.9982E-05
9.99731E-05 9.99731E-05 0.110104 0.292636 9.99731E-05 0.59696
0.530441 0.0122305 0.173903 9.99821E-05 9.99821E-05 0.283225
9.99641E-05 9.99641E-05 9.99641E-05 0.863392 9.99641E-05 0.136208
0.469428 0.109999 9.99731E-05 0.420273 9.99731E-05 9.99731E-05
0.0410752 0.588238 9.99732E-05 9.99732E-05 9.99732E-05 0.370387
0.0803449 0.248479 9.99821E-05 0.0639911 0.606985 9.99821E-05
0.483512 0.237597 0.0145323 0.264158 9.99821E-05 9.99821E-05
0.152531 9.9973E-05 0.156709 9.9973E-05 9.9973E-05 0.69046
0.437274 9.99731E-05 9.99731E-05 0.381473 9.99731E-05 0.180953
0.713378 9.9982E-05 0.0626185 0.122899 0.100904 9.9982E-05
0.421587 0.215113 0.102214 0.184856 9.99911E-05 0.0761303
0.00783759 9.9991E-05 0.159376 0.328669 0.386011 0.118006
0.21186 0.118344 9.99731E-05 0.669496 9.99731E-05 9.99731E-05
9.996E-05 9.996E-05 9.996E-05 9.996E-05 0.9995 9.996E-05
0.496912 0.0557729 9.99821E-05 0.180929 0.266185 9.99821E-05
9.99733E-05 0.0422178 9.99733E-05 9.99733E-05 0.47778 0.479702
0.163643 9.99731E-05 9.99731E-05 0.456073 0.379984 9.99731E-05
0.685909 0.00848217 9.99733E-05 9.99733E-05 9.99733E-05 0.305308
9.99821E-05 9.99821E-05 0.167258 0.552909 0.100752 0.178882
0.594861 9.99731E-05 0.111101 9.99731E-05 9.99731E-05 0.293738
0.296769 9.99731E-05 9.99731E-05 9.99731E-05 0.570162 0.13277
0.204889 9.99732E-05 9.99732E-05 9.99732E-05 0.594659 0.200151
0.229867 0.139775 0.108971 9.99911E-05 0.21574 0.305547
0.0246015 9.99821E-05 0.137989 0.299827 9.99821E-05 0.537382
0.480059 0.304781 0.0895542 0.00373222 9.9991E-05 0.121774
9.99732E-05 9.99732E-05 9.99732E-05 0.29557 0.0880093 0.616121
0.276792 9.9982E-05 0.0682643 0.16946 9.9982E-05 0.485284
0.139763 9.99911E-05 0.161692 0.481145 0.0496728 0.167628
9.99821E-05 0.347698 9.99821E-05 0.00185981 0.149793 0.500449
0.353924 0.164143 0.267311 9.99821E-05 9.99821E-05 0.214422
0.490835 0.321407 0.181339 9.9982E-05 0.00621987 9.9982E-05
9.99731E-05 0.900574 9.99731E-05 9.99731E-05 0.085564 0.0135619
9.99732E-05 9.99732E-05 9.99732E-05 0.219827 0.181071 0.598802
0.113499 0.319644 9.99911E-05 0.471488 0.0786779 0.016591
9.9991E-05 0.157824 0.435134 0.287307 0.0603908 0.0592438
0.224431 0.0749843 9.9982E-05 0.521257 0.179128 9.9982E-05
0.0724215 9.9991E-05 0.185841 0.0888261 0.299336 0.353475
0.00361813 0.0292758 0.129844 0.366942 9.9991E-05 0.47022
0.195699 9.99731E-05 0.0796363 0.724365 9.99731E-05 9.99731E-05
0.0931464 0.38961 0.00217083 9.9991E-05 0.174489 0.340484
9.99731E-05 0.255653 9.99731E-05 0.113224 9.99731E-05 0.630824
9.99911E-05 0.0728975 0.00448156 0.477161 0.30182 0.14354
9.99732E-05 0.91342 9.99732E-05 0.00812197 9.99732E-05 0.0781582
9.99821E-05 0.0481595 0.360747 0.387561 9.99821E-05 0.203332
9.99642E-05 0.0416315 0.957969 9.99642E-05 9.99642E-05 9.99642E-05
0.398267 9.99821E-05 0.0239635 9.99821E-05 0.0482571 0.529312
0.259448 9.99731E-05 9.99731E-05 0.338994 9.99731E-05 0.401258
9.99731E-05 9.99731E-05 9.99731E-05 0.10824 0.606959 0.284501
0.0122611 0.0490144 0.328789 0.102745 0.507091 9.9991E-05
0.492658 9.99911E-05 0.00200491 0.266122 0.0470583 0.192056
0.190108 0.156731 0.652861 9.99731E-05 9.99731E-05 9.99731E-05
9.99732E-05 0.445239 9.99732E-05 0.34995 0.204511 9.99732E-05
0.262427 9.99821E-05 9.99821E-05 0.0996982 0.155652 0.482023
0.152754 0.580909 0.0666736 9.99821E-05 9.99821E-05 0.199463
0.0330394 9.99731E-05 0.208992 9.99731E-05 0.757669 9.99731E-05
9.99641E-05 0.870948 9.99641E-05 9.99641E-05 9.99641E-05 0.128652
0.27845 9.99821E-05 0.259483 0.268393 0.193474 9.99821E-05
0.515021 9.99731E-05 9.99731E-05 0.016556 9.99731E-05 0.468124
0.397913 0.157897 9.99821E-05 0.16337 0.28062 9.99821E-05
0.369432 0.292042 0.0723752 9.9982E-05 0.265951 9.9982E-05
0.139933 9.9982E-05 0.290834 9.9982E-05 0.0678103 0.501222
0.200572 0.283722 9.99821E-05 0.171138 9.99821E-05 0.344369
9.99821E-05 0.0219217 0.0327243 9.99821E-05 0.134588 0.810566
0.00194988 9.9982E-05 0.314687 9.9982E-05 0.403702 0.279461
0.0921109 9.99911E-05 0.141469 0.315519 0.240979 0.209821
0.265292 0.135999 0.135461 0.262269 9.9991E-05 0.20088
9.99731E-05 9.99731E-05 9.99731E-05 0.543153 0.19893 0.257618
9.99732E-05 0.376659 9.99732E-05 0.477855 0.145187 9.99732E-05
0.58414 9.9991E-05 0.0244772 0.154766 0.00289672 0.23362
9.99732E-05 0.136678 0.546551 9.99732E-05 9.99732E-05 0.316471
0.0979616 0.22831 0.384853 0.0133179 0.0800439 0.195514
0.228554 9.99732E-05 0.00957906 0.761567 9.99732E-05 9.99732E-05
9.9982E-05 9.9982E-05 0.144005 0.211185 0.355675 0.288935
0.18712 9.99821E-05 0.114325 0.423538 0.274816 9.99821E-05
0.376399 9.99731E-05 0.398262 0.225038 9.99731E-05 9.99731E-05
9.99732E-05 9.99732E-05 0.381515 0.586739 9.99732E-05 0.0314459
0.0924836 9.99821E-05 0.261583 9.99821E-05 0.0960658 0.549668
0.27609 0.0611013 0.156405 9.99821E-05 0.506203 9.99821E-05
0.0107849 0.142098 0.338046 9.99821E-05 0.508872 9.99821E-05
0.356097 9.99821E-05 0.0230327 0.561583 0.0590867 9.99821E-05
0.575885 9.99642E-05 9.99642E-05 9.99642E-05 9.99642E-05 0.423715
0.302318 9.99911E-05 0.267008 0.0450257 0.233659 0.151889
9.99732E-05 9.99732E-05 0.395259 0.153739 9.99732E-05 0.450702
0.276405 0.15087 0.170473 0.347136 0.0550163 9.9991E-05
9.99732E-05 0.191495 0.22193 0.586275 9.99732E-05 9.99732E-05
0.0679482 0.406366 9.99732E-05 9.99732E-05 9.99732E-05 0.525385
0.376486 9.9973E-05 9.9973E-05 9.9973E-05 0.283477 0.339737
9.99641E-05 9.99641E-05 9.99641E-05 0.714492 0.285108 9.99641E-05
0.0861403 0.0631053 0.266091 9.9991E-05 0.0941037 0.49046
0.0385955 0.0767179 9.99822E-05 9.99822E-05 0.206164 0.678323
0.342734 9.99821E-05 0.0782561 0.333172 0.245637 9.99821E-05
0.489496 9.99911E-05 0.121125 0.103291 0.0810534 0.204935
0.365539 9.99731E-05 9.99731E-05 0.4863 0.147861 9.99731E-05
0.467886 0.175188 0.0810315 9.9982E-05 0.275695 9.9982E-05
0.0847454 0.176981 9.9991E-05 0.290255 0.446144 0.00177556
9.99733E-05 9.99733E-05 9.99733E-05 0.185234 0.00657861 0.807888
0.253682 9.99821E-05 0.445042 0.293619 0.00745739 9.99821E-05
9.99731E-05 9.99731E-05 0.356686 9.99731E-05 0.338063 0.304952
0.131019 0.202207 0.115359 0.277316 0.274 9.99911E-05
0.322338 9.99732E-05 9.99732E-05 9.99732E-05 0.432574 0.244788
0.337102 0.141149 0.0449431 0.0985923 9.9991E-05 0.378113
9.99642E-05 9.99642E-05 9.99642E-05 0.79675 0.20285 9.99642E-05
0.333863 0.114475 9.9991E-05 0.360322 0.152203 0.0390374
0.0845714 9.9991E-05 0.0110459 0.022483 0.542058 0.339742
0.372946 9.99642E-05 9.99642E-05 0.626654 9.99642E-05 9.99642E-05
0.122299 9.99732E-05 9.99732E-05 0.549155 0.328245 9.99732E-05
9.99642E-05 9.99642E-05 9.99642E-05 0.263464 9.99642E-05 0.736136
0.0924933 0.155042 0.121602 0.111226 0.451969 0.0676675
0.852884 9.99732E-05 0.0792208 9.99732E-05 0.0675957 9.99732E-05
9.99821E-05 0.00565695 9.99821E-05 0.244374 0.668762 0.0810072
0.104166 9.9982E-05 0.125298 0.302266 9.9982E-05 0.46807
0.65183 0.0634569 0.0952377 9.99821E-05 9.99821E-05 0.189275
0.218501 9.99731E-05 0.132766 9.99731E-05 0.648434 9.99731E-05
0.474956 9.99821E-05 0.231987 0.264937 0.0279205 9.99821E-05
9.99732E-05 0.0349041 9.99732E-05 0.0402524 9.99732E-05 0.924544
0.298045 0.0827906 0.0156646 0.141466 0.228779 0.233255
0.172035 9.99643E-05 9.99643E-05 9.99643E-05 0.827565 9.99643E-05
0.217732 0.0506452 9.99911E-05 0.147521 0.0359167 0.548085
9.99732E-05 9.99732E-05 0.886775 0.0393823 9.99732E-05 0.0735427
9.99732E-05 9.99732E-05 0.119672 0.302588 9.99732E-05 0.577441
0.28258 9.99821E-05 0.16859 0.433153 9.99821E-05 0.115477
0.128272 9.99821E-05 0.0225592 0.637793 9.99821E-05 0.211177
0.185805 0.0185081 0.333323 0.462165 9.99821E-05 9.99821E-05
0.0159339 9.99821E-05 9.99821E-05 0.276905 0.0910895 0.615872
0.340261 0.0105741 9.99821E-05 9.99821E-05 0.52107 0.127894
9.996E-05 9.996E-05 0.9995 9.996E-05 9.996E-05 9.996E-05
0.715435 9.99732E-05 9.99732E-05 0.026344 0.257922 9.99732E-05
0.459765 9.9991E-05 0.0740907 0.0211001 0.166128 0.278816
0.320979 9.99821E-05 0.154505 9.99821E-05 0.0381867 0.48613
9.99731E-05 9.99731E-05 0.174975 9.99731E-05 0.0847774 0.739948
