9.99731E-05 9.99731E-05 0.315361 0.0883061 9.99731E-05 0.113285 0.482748
0.220447 9.9991E-05 0.277028 0.136704 0.172357 0.0783832 0.11498
9.999E-05 0.128411 0.184335 0.239525 0.0480495 0.231203 0.168376
9.999E-05 0.0628725 0.0589463 0.235968 0.0190738 0.0679137 0.555126
0.492097 9.99731E-05 9.99731E-05 0.172253 0.155555 9.99731E-05 0.179796
0.246867 0.0733674 0.0454481 0.255943 9.99821E-05 9.99821E-05 0.378175
0.650747 9.99732E-05 9.99732E-05 0.168816 0.147425 0.0327116 9.99732E-05
0.217641 9.99642E-05 9.99642E-05 9.99642E-05 0.0697411 9.99642E-05 0.712218
0.221032 0.126524 9.99731E-05 0.070128 9.99731E-05 0.582016 9.99731E-05
9.99821E-05 0.0649114 0.791728 0.0115098 0.00993462 0.121716 9.99821E-05
9.999E-05 0.0585389 0.0917273 0.219225 0.103616 0.242338 0.284455
0.340494 9.99821E-05 9.99821E-05 0.0749737 0.229913 0.25658 0.0978395
0.41351 9.99821E-05 9.99821E-05 0.102196 0.0417397 0.157886 0.284469
0.342517 9.99821E-05 0.336197 0.145669 0.0413215 9.99821E-05 0.134096
0.211947 0.0799678 0.0180467 9.99821E-05 9.99821E-05 0.182251 0.507587
0.0693606 9.99732E-05 9.99732E-05 0.325843 0.197917 9.99732E-05 0.406579
0.16568 0.230873 0.0463752 0.121425 0.0211086 0.0328423 0.381695
0.0133718 0.124685 0.379351 0.0834583 0.217376 9.9991E-05 0.181658
9.99731E-05 0.114088 9.99731E-05 9.99731E-05 0.00569673 0.537603 0.342312
0.170234 0.229445 0.473374 9.99731E-05 9.99731E-05 9.99731E-05 0.126647
9.99731E-05 0.264484 0.631202 0.062331 0.0416828 9.99731E-05 9.99731E-05
0.127443 0.01746 9.9982E-05 0.128453 9.9982E-05 0.500562 0.225882
9.99731E-05 0.261451 9.99731E-05 0.306259 0.155812 9.99731E-05 0.276179
0.216563 9.99552E-05 9.99552E-05 0.782937 9.99552E-05 9.99552E-05 9.99552E-05
9.99731E-05 0.165656 9.99731E-05 0.520462 0.127827 9.99731E-05 0.185756
9.9982E-05 9.9982E-05 0.0480603 0.272769 0.125626 0.045309 0.508035
9.99641E-05 9.99641E-05 0.359725 9.99641E-05 0.260631 0.379245 9.99641E-05
0.284263 0.0602969 9.99821E-05 9.99821E-05 0.000599478 0.337655 0.316986
0.089181 0.316431 9.99731E-05 9.99731E-05 9.99731E-05 0.146557 0.447531
9.99731E-05 9.99731E-05 0.0473258 0.731376 9.99731E-05 0.209885 0.0111134
0.164975 0.180681 0.245148 9.99821E-05 0.26249 9.99821E-05 0.146505
0.421615 9.99731E-05 0.340473 9.99731E-05 0.0679533 9.99731E-05 0.169659
0.16266 0.257769 0.39083 9.99732E-05 9.99732E-05 0.188442 9.99732E-05
0.280013 9.99821E-05 0.131061 0.0181817 9.99821E-05 0.043248 0.527296
9.99641E-05 9.99641E-05 9.99641E-05 0.386011 0.100039 9.99641E-05 0.51355
0.187079 9.99731E-05 0.774429 9.99731E-05 0.00287655 9.99731E-05 0.0353152
0.235276 0.0628345 9.99821E-05 0.0920103 0.34278 9.99821E-05 0.266899
9.99731E-05 0.649221 9.99731E-05 0.134993 9.99731E-05 0.210852 0.00463331
9.99821E-05 0.0427187 0.0933806 0.177814 0.109767 9.99821E-05 0.57612
9.99732E-05 0.0752329 9.99732E-05 0.175448 0.0134325 9.99732E-05 0.735586
0.0654285 9.99821E-05 0.263725 0.294686 0.0279891 0.347971 9.99821E-05
9.99732E-05 9.99732E-05 0.529448 0.18011 0.0728305 0.217311 9.99732E-05
0.346688 9.9982E-05 0.50428 0.0345599 0.0920975 0.0221747 9.9982E-05
9.99821E-05 0.0395842 9.99821E-05 0.113739 0.120778 0.279052 0.446647
0.230441 0.124004 0.129705 9.99821E-05 0.105599 9.99821E-05 0.410052
9.99732E-05 9.99732E-05 0.388103 0.0670299 0.0828667 9.99732E-05 0.461701
0.0453735 9.99642E-05 0.745945 9.99642E-05 9.99642E-05 9.99642E-05 0.208282
0.0883843 9.9982E-05 0.269643 9.9982E-05 0.129175 0.433171 0.0794266
9.99644E-05 9.99644E-05 0.403869 9.99644E-05 9.99644E-05 0.161163 0.434568
9.9973E-05 9.9973E-05 0.272191 0.0222524 0.112286 9.9973E-05 0.59297
9.99551E-05 9.99551E-05 9.99551E-05 0.279112 9.99551E-05 9.99551E-05 0.720388
0.109685 0.467303 0.137175 9.99821E-05 0.202053 0.0835833 9.99821E-05
9.99641E-05 9.99641E-05 9.99641E-05 0.224893 9.99641E-05 0.586591 0.188116
9.99642E-05 0.153553 9.99642E-05 0.0833832 9.99642E-05 9.99642E-05 0.762664
0.560348 0.184444 9.99731E-05 9.99731E-05 0.0937668 0.161141 9.99731E-05
0.158964 0.0186749 0.0026516 9.99911E-05 0.157306 0.397432 0.264872
0.181079 9.9973E-05 9.9973E-05 0.457431 9.9973E-05 0.0805706 0.28062
0.87061 9.99553E-05 9.99553E-05 9.99553E-05 9.99553E-05 0.12889 9.99553E-05
0.263336 0.0377967 0.0136655 9.9991E-05 0.350177 0.123474 0.211451
9.9982E-05 0.108399 0.604972 0.0233681 0.035471 9.9982E-05 0.22759
9.99731E-05 0.0971603 0.0305536 9.99731E-05 9.99731E-05 0.240732 0.631254
9.9973E-05 9.9973E-05 0.332524 0.243194 0.324834 0.0991481 9.9973E-05
0.01463 9.9982E-05 0.0563679 9.9982E-05 0.00732269 0.771534 0.149946
9.99731E-05 9.99731E-05 0.0990174 0.459311 0.0798858 9.99731E-05 0.361486
0.238664 9.99821E-05 0.0476896 0.097711 9.99821E-05 0.158826 0.456909
9.99731E-05 9.99731E-05 0.324381 0.113123 9.99731E-05 0.461497 0.100699
9.99731E-05 9.99731E-05 0.19149 0.2112 0.0647939 9.99731E-05 0.532217
9.99641E-05 9.99641E-05 9.99641E-05 9.99641E-05 0.289434 0.261408 0.448758
9.99641E-05 9.99641E-05 9.99641E-05 9.99641E-05 0.123577 0.018383 0.857641
9.99731E-05 9.99731E-05 0.520564 0.0347686 9.99731E-05 0.20499 0.239377
0.291742 0.0477567 0.228002 0.0382592 0.14291 0.0909023 0.160428
9.99731E-05 9.99731E-05 0.0807871 0.0803159 0.22515 0.613447 9.99731E-05
0.617222 9.99553E-05 9.99553E-05 9.99553E-05 0.382278 9.99553E-05 9.99553E-05
0.0240512 9.99732E-05 9.99732E-05 9.99732E-05 0.133487 0.0591121 0.78305
0.386477 9.99643E-05 9.99643E-05 0.154187 9.99643E-05 9.99643E-05 0.458936
0.202061 9.9982E-05 0.173399 9.9982E-05 0.211773 0.179135 0.233432
9.99822E-05 0.0734908 9.99822E-05 0.232106 0.0725542 0.241128 0.380521
0.114808 0.201414 0.0165239 0.0430345 0.230951 0.342578 0.0506907
0.187022 0.211693 0.0668977 0.0307073 9.9991E-05 0.0577509 0.44583
0.760525 0.0563479 9.99731E-05 9.99731E-05 0.0581184 9.99731E-05 0.124709
9.99732E-05 0.00892171 9.99732E-05 9.99732E-05 0.279817 0.0337875 0.677173
0.0075561 0.0599584 9.99821E-05 0.268385 9.99821E-05 0.378035 0.285865
9.99554E-05 0.103519 0.895981 9.99554E-05 9.99554E-05 9.99554E-05 9.99554E-05
0.0614194 0.114383 0.11773 0.14352 9.9991E-05 0.345032 0.217817
0.0836011 9.99821E-05 0.303851 0.188589 0.0990045 9.99821E-05 0.324754
9.9982E-05 0.0630155 0.661926 9.9982E-05 0.0639658 0.0794346 0.131458
0.269694 0.18157 0.227981 9.99821E-05 0.0924305 0.228124 9.99821E-05
0.199693 9.99642E-05 9.99642E-05 0.779648 9.99642E-05 0.0202585 9.99642E-05
9.99643E-05 0.33861 9.99643E-05 0.107606 9.99643E-05 9.99643E-05 0.553385
9.99641E-05 0.170261 9.99641E-05 9.99641E-05 9.99641E-05 0.627383 0.201956
9.99554E-05 9.99554E-05 9.99554E-05 0.80028 9.99554E-05 9.99554E-05 0.19922
0.247923 9.99643E-05 0.601599 0.150078 9.99643E-05 9.99643E-05 9.99643E-05
9.99732E-05 9.99732E-05 0.350166 0.154799 0.177866 0.31687 9.99732E-05
0.257427 0.372954 0.0734065 0.199787 9.99821E-05 0.0962257 9.99821E-05
0.0468275 9.9982E-05 0.111178 0.0417456 0.193204 0.606845 9.9982E-05
0.546938 0.0767067 0.0115809 0.0291874 0.0870159 0.21927 0.0293014
0.125251 0.0761929 0.47416 0.2725 9.99821E-05 0.0516955 9.99821E-05
0.0291696 9.99641E-05 0.474142 9.99641E-05 9.99641E-05 0.496288 9.99641E-05
9.9973E-05 9.9973E-05 0.252693 0.477829 0.0202808 9.9973E-05 0.248898
0.0687192 0.0433443 0.186816 0.58282 0.118101 9.9982E-05 9.9982E-05
0.512272 0.0439322 0.102093 0.201712 0.108835 0.0310557 9.99911E-05
9.99553E-05 9.99553E-05 9.99553E-05 0.987903 0.0115973 9.99553E-05 9.99553E-05
9.99731E-05 0.536086 9.99731E-05 0.117857 0.137648 0.208109 9.99731E-05
9.99552E-05 0.963392 9.99552E-05 0.036108 9.99552E-05 9.99552E-05 9.99552E-05
9.99731E-05 0.0288817 0.0993478 9.99731E-05 9.99731E-05 0.220285 0.651185
0.207649 9.9991E-05 0.0276434 0.234036 0.0193958 0.0859422 0.425234
0.458653 9.99731E-05 0.403661 9.99731E-05 9.99731E-05 0.0111014 0.126285
9.99553E-05 0.220847 9.99553E-05 9.99553E-05 9.99553E-05 9.99553E-05 0.778653
9.99553E-05 9.99553E-05 9.99553E-05 9.99553E-05 9.99553E-05 0.0141784 0.985322
9.99732E-05 0.551324 0.0204609 0.111094 9.99732E-05 9.99732E-05 0.316821
0.0531078 9.99821E-05 0.361885 0.257096 0.131478 0.196234 9.99821E-05
0.167728 9.99821E-05 0.092566 0.139902 0.0249652 9.99821E-05 0.574639
0.345434 0.057169 0.00357919 0.497685 9.99821E-05 9.99821E-05 0.0959324
0.482638 0.0445337 9.99642E-05 9.99642E-05 9.99642E-05 9.99642E-05 0.472428
9.995E-05 9.995E-05 9.995E-05 0.9994 9.995E-05 9.995E-05 9.995E-05
0.24542 0.302287 9.99643E-05 9.99643E-05 9.99643E-05 0.451893 9.99643E-05
9.99731E-05 9.99731E-05 0.327879 0.0670466 9.99731E-05 0.140526 0.464249
0.00907938 9.99821E-05 9.99821E-05 0.0299929 0.100148 0.504128 0.356452
9.99731E-05 0.180467 9.99731E-05 0.114272 0.118872 9.99731E-05 0.586089
0.105132 0.14502 0.431869 0.0903427 9.9982E-05 9.9982E-05 0.227437
9.9982E-05 9.9982E-05 0.0417792 0.559843 0.0244207 0.33759 0.0361676
0.363858 0.157099 0.0592646 0.419479 9.99731E-05 9.99731E-05 9.99731E-05
0.400596 0.158441 0.0445269 0.0371127 9.9982E-05 9.9982E-05 0.359124
0.305031 9.99552E-05 0.694469 9.99552E-05 9.99552E-05 9.99552E-05 9.99552E-05
0.0910378 0.174736 0.062493 0.157198 9.99911E-05 0.355061 0.159374
0.386715 9.9991E-05 0.0307322 0.12858 0.127384 0.286337 0.0401519
0.0210751 9.99732E-05 0.386328 0.115732 9.99732E-05 0.476565 9.99732E-05
9.99821E-05 0.137868 0.0126575 9.99821E-05 0.178716 0.0243782 0.646181
9.99732E-05 0.236462 0.413023 0.135701 9.99732E-05 9.99732E-05 0.214514
0.130617 0.215915 0.430974 0.167742 0.0545519 9.99821E-05 9.99821E-05
9.99821E-05 0.0556349 0.0594551 0.0743028 0.143759 0.666648 9.99821E-05
0.436646 0.0283814 0.288311 0.0876688 0.0532932 0.0115476 0.0941524
9.99821E-05 0.0347743 0.00786619 9.99821E-05 0.108066 0.520552 0.328541
9.9982E-05 0.353198 0.111714 9.9982E-05 0.0927251 0.100191 0.341971
9.99641E-05 0.198312 0.695978 9.99641E-05 0.10531 9.99641E-05 9.99641E-05
0.000778962 0.0376361 0.566672 9.99732E-05 9.99732E-05 9.99732E-05 0.394613
9.99553E-05 9.99553E-05 0.349135 9.99553E-05 9.99553E-05 9.99553E-05 0.650365
9.99643E-05 0.0522545 0.303905 9.99643E-05 9.99643E-05 9.99643E-05 0.643441
0.214514 0.281546 9.99732E-05 9.99732E-05 0.154057 0.349584 9.99732E-05
0.0358046 9.99731E-05 0.0688525 0.0563548 9.99731E-05 9.99731E-05 0.838688
9.99821E-05 0.244043 9.99821E-05 0.0372145 0.191292 0.1412 0.38605
0.127837 0.509789 0.241993 0.115448 0.00473372 9.99821E-05 9.99821E-05
0.38873 9.99731E-05 0.304843 0.142758 9.99731E-05 0.16337 9.99731E-05
9.99553E-05 9.99553E-05 9.99553E-05 0.101334 9.99553E-05 0.898166 9.99553E-05
9.99641E-05 9.99641E-05 9.99641E-05 0.663773 0.141449 9.99641E-05 0.194378
0.360265 0.0507532 9.9982E-05 0.065971 9.9982E-05 0.0294447 0.493366
9.995E-05 9.995E-05 9.995E-05 9.995E-05 0.9994 9.995E-05 9.995E-05
9.99821E-05 0.0567844 0.262014 0.108558 9.99821E-05 0.190221 0.382223
0.488893 0.0046487 0.147275 0.307217 0.037693 9.9991E-05 0.0141733
9.99821E-05 0.194286 9.99821E-05 0.0418574 0.407989 0.114456 0.241211
0.259682 0.248193 0.0149535 9.9991E-05 0.18804 0.175739 0.113291
9.99731E-05 9.99731E-05 0.0218815 9.99731E-05 0.202224 0.717064 0.0585307
0.314105 9.99731E-05 0.1622 9.99731E-05 9.99731E-05 0.000218464 0.523177
0.392981 9.9991E-05 0.189811 0.0727758 0.0625724 0.166682 0.115077
0.15253 9.99732E-05 0.232229 0.42905 0.185891 9.99732E-05 9.99732E-05
0.00386295 0.0794829 0.368595 9.99821E-05 9.99821E-05 0.0969049 0.450954
0.456381 0.372939 0.11558 0.049743 9.9982E-05 9.9982E-05 0.00515752
9.99822E-05 9.99822E-05 0.27227 0.0540525 0.089523 0.494377 0.0895774
9.99642E-05 9.99642E-05 9.99642E-05 0.0300418 0.0354778 9.99642E-05 0.934081
9.99821E-05 0.130832 0.0794077 0.183916 9.99821E-05 0.108086 0.497558
9.995E-05 9.995E-05 9.995E-05 9.995E-05 0.9994 9.995E-05 9.995E-05
9.99731E-05 9.99731E-05 0.12775 9.99731E-05 0.257518 0.242722 0.37171
0.480945 9.99731E-05 9.99731E-05 9.99731E-05 0.0325822 0.180079 0.306093
0.100669 9.99821E-05 0.12271 9.99821E-05 0.195477 0.490216 0.0907283
0.18027 9.99732E-05 9.99732E-05 9.99732E-05 0.306418 0.469438 0.0435743
0.114427 9.9991E-05 0.225957 0.279564 0.0444935 0.0486518 0.286806
0.20885 9.99821E-05 0.14366 0.0619382 9.99821E-05 0.170379 0.414972
0.0667275 0.184086 9.99644E-05 9.99644E-05 9.99644E-05 9.99644E-05 0.748787
0.885937 9.99554E-05 9.99554E-05 9.99554E-05 0.113563 9.99554E-05 9.99554E-05
0.306097 0.100034 0.0430871 0.237114 0.124282 0.12279 0.0665955
9.99643E-05 0.113655 9.99643E-05 0.0940722 9.99643E-05 9.99643E-05 0.791873
0.211247 0.111622 9.99821E-05 9.99821E-05 0.0746394 0.0169495 0.585342
0.260831 0.307843 9.9982E-05 9.9982E-05 0.00525799 0.282852 0.143016
9.99642E-05 9.99642E-05 0.362242 0.205409 9.99642E-05 9.99642E-05 0.431949
9.99641E-05 9.99641E-05 9.99641E-05 0.0988805 9.99641E-05 0.227796 0.672924
0.327112 9.99553E-05 9.99553E-05 9.99553E-05 9.99553E-05 9.99553E-05 0.672388
0.112793 9.99821E-05 9.99821E-05 0.406823 0.128988 0.0085576 0.342639
0.134855 0.856349 9.99642E-05 0.00839632 9.99642E-05 9.99642E-05 9.99642E-05
9.99732E-05 0.192316 0.546185 0.0186297 9.99732E-05 9.99732E-05 0.24257
9.99731E-05 9.99731E-05 0.110502 9.99731E-05 0.0754913 0.6426 0.171106
9.99643E-05 9.99643E-05 0.676984 9.99643E-05 0.158454 0.164163 9.99643E-05
9.99821E-05 0.0851486 0.530547 9.99821E-05 0.18507 0.161134 0.0379009
9.99821E-05 9.99821E-05 0.452256 0.113748 0.0389443 0.0291605 0.365691
0.319359 9.99642E-05 9.99642E-05 9.99642E-05 0.100265 9.99642E-05 0.579976
9.995E-05 0.9994 9.995E-05 9.995E-05 9.995E-05 9.995E-05 9.995E-05
0.147779 9.99821E-05 0.0145715 9.99821E-05 0.00826509 0.430345 0.39884
0.288563 0.0658354 9.99821E-05 9.99821E-05 0.110713 0.158173 0.376515
0.0786771 0.207169 9.99821E-05 0.223151 0.0668769 9.99821E-05 0.423927
0.213485 0.217958 0.294485 0.233395 0.0404771 9.9982E-05 9.9982E-05
