9.99549E-05 9.99549E-05 9.99549E-05 0.0963636 9.99549E-05 0.109381 0.793756 9.99549E-05
0.0224098 0.251902 0.106577 0.0554725 0.0492323 0.0881499 0.410873 0.0153834
0.199811 9.9991E-05 0.0303139 0.0128267 0.243433 0.168791 0.275921 0.068803
9.9973E-05 9.9973E-05 0.118545 0.105322 0.294453 9.9973E-05 0.377356 0.104024
0.10682 0.0744195 9.9982E-05 0.021216 0.514129 9.9982E-05 0.163404 0.119812
0.396866 9.9973E-05 9.9973E-05 0.0623041 0.440467 0.0234827 0.0765802 9.9973E-05
9.9973E-05 9.9973E-05 9.9973E-05 0.0480635 0.428374 0.0807928 0.313998 0.128472
0.0435179 0.0731778 0.190322 9.9991E-05 0.479731 0.069321 0.125871 0.0179602
9.9982E-05 0.143935 9.9982E-05 0.0272509 0.412097 0.35346 0.02586 0.037198
9.9982E-05 0.126418 9.9982E-05 0.178462 0.265862 0.271363 0.0442551 0.11344
0.168783 9.9973E-05 9.9973E-05 0.141981 0.0432451 0.59452 9.9973E-05 0.0511709
0.182775 0.0464619 9.9973E-05 9.9973E-05 0.217393 0.515382 9.9973E-05 0.0376882
0.317483 0.0239166 9.9982E-05 9.9982E-05 0.240477 0.292933 0.0380906 0.0869
0.261248 0.14981 0.0405406 0.0579592 0.082123 9.9991E-05 0.323968 0.0842512
0.912053 9.9964E-05 0.0401907 0.00528415 9.9964E-05 9.9964E-05 9.9964E-05 0.0420727
0.0200514 0.12271 0.552092 0.047194 0.0987397 0.0386484 0.0619041 0.0586608
0.922813 9.9946E-05 9.9946E-05 0.0765876 9.9946E-05 9.9946E-05 9.9946E-05 9.9946E-05
0.112822 0.215876 0.13011 0.0636367 9.9991E-05 0.0756919 0.259408 0.142355
0.0654837 0.0819393 0.0159506 9.9991E-05 0.277014 0.189804 0.238749 0.130959
0.0567619 0.00041273 0.0271443 0.0609845 0.363664 0.0566455 0.434288 9.9991E-05
0.0483282 9.9991E-05 0.105672 0.0118105 0.204107 0.333461 0.215329 0.0811919
0.552022 9.9973E-05 0.00923281 9.9973E-05 9.9973E-05 0.240075 0.131611 0.0667593
0.122401 9.9982E-05 0.0172293 0.10784 9.9982E-05 0.175972 0.410599 0.165759
0.369399 0.145588 9.9973E-05 9.9973E-05 0.162946 9.9973E-05 0.310811 0.0109564
0.000582749 9.9964E-05 9.9964E-05 0.191072 9.9964E-05 0.744982 9.9964E-05 0.0629629
0.298853 0.0659174 9.9973E-05 9.9973E-05 0.0129014 0.238817 0.383212 9.9973E-05
0.105519 0.125143 0.0636398 0.131197 9.9991E-05 0.383246 0.138694 0.0524612
0.229226 0.130194 9.9982E-05 0.135976 9.9982E-05 0.125412 0.371941 0.00705087
0.293383 0.101505 9.9982E-05 0.0402947 0.255288 0.198843 0.110485 9.9982E-05
0.0805373 0.701225 9.9982E-05 0.00831868 0.00330922 0.0450324 0.161377 9.9982E-05
0.0362189 0.0762498 9.9982E-05 0.0615528 0.444188 0.321448 9.9982E-05 0.0601419
9.9955E-05 9.9955E-05 9.9955E-05 9.9955E-05 0.490007 0.469147 9.9955E-05 0.040347
0.460924 0.0618605 0.0213078 9.9982E-05 0.00919432 9.9982E-05 0.354496 0.0920176
0.437927 0.014827 0.213489 0.0782422 0.207158 0.0181904 9.9991E-05 0.0300666
0.483104 9.9982E-05 9.9982E-05 0.114493 0.0742993 0.176988 0.0553745 0.0955413
9.9955E-05 9.9955E-05 9.9955E-05 9.9955E-05 9.9955E-05 0.00773524 0.933601 0.0581643
0.141775 9.9964E-05 9.9964E-05 0.182078 0.274642 9.9964E-05 0.401105 9.9964E-05
9.9964E-05 9.9964E-05 9.9964E-05 0.0511836 9.9964E-05 0.892826 0.0443593 0.0112312
0.372912 0.0996468 0.0115895 9.9973E-05 0.495557 9.9973E-05 9.9973E-05 0.0199954
0.153681 0.0187086 0.242975 9.9991E-05 0.254989 0.14403 0.0590946 0.126421
0.274517 0.0660938 0.0726935 0.014323 9.9973E-05 0.572073 9.9973E-05 9.9973E-05
0.262637 9.9982E-05 0.180565 0.123106 0.277087 9.9982E-05 0.104099 0.052305
0.154254 0.0293631 9.9982E-05 0.0615019 0.45733 9.9982E-05 0.252874 0.0444771
9.9964E-05 0.158677 9.9964E-05 9.9964E-05 0.165623 0.464899 0.210402 9.9964E-05
0.0970561 0.0194019 9.9982E-05 9.9982E-05 0.306924 0.452144 0.0226371 0.101636
9.9982E-05 0.0484997 9.9982E-05 0.14927 0.60622 0.120188 0.0265369 0.0490855
9.9982E-05 0.0124265 0.00185089 9.9982E-05 0.632485 0.199416 0.136399 0.0172231
0.238139 0.0613124 0.208583 9.9982E-05 0.344641 9.9982E-05 0.136225 0.0109
0.174138 0.0645824 0.203407 9.9973E-05 9.9973E-05 0.512658 9.9973E-05 0.0449149
0.158718 0.0740365 0.279589 9.9991E-05 0.165325 0.14918 0.0969721 0.0760797
0.150976 0.0615379 0.0320604 0.0494714 9.9991E-05 0.38141 0.194928 0.129516
9.9982E-05 0.079269 0.198691 0.00665913 0.406003 9.9982E-05 0.20158 0.107597
0.185897 0.03615 0.569263 0.0185183 0.111268 9.9982E-05 0.0787035 9.9982E-05
0.410924 0.0753322 0.0828458 0.181775 0.174895 9.9991E-05 0.0668339 0.00729389
9.9964E-05 0.12268 0.561714 0.0371161 9.9964E-05 0.27809 9.9964E-05 9.9964E-05
0.0904895 0.0360117 9.9982E-05 0.078902 0.478166 9.9982E-05 0.227142 0.0890896
9.99641E-05 0.0268192 0.627869 0.0659649 9.99641E-05 0.278947 9.99641E-05 9.99641E-05
9.999E-05 0.148518 0.123228 0.0931634 0.116857 0.330737 0.171305 0.0160911
0.0676113 9.9991E-05 0.201116 0.0632477 0.304603 0.257375 0.0280658 0.0778814
0.0288257 9.9991E-05 0.0420188 0.119836 0.336534 0.34335 0.0504921 0.0788428
0.360408 0.078641 9.9973E-05 9.9973E-05 0.258056 9.9973E-05 0.272729 0.0298662
0.449114 9.9982E-05 9.9982E-05 0.06415 0.0531197 0.207198 0.102106 0.124113
0.345889 9.9973E-05 9.9973E-05 9.9973E-05 0.32643 0.165853 0.0967711 0.0647568
9.9955E-05 0.850799 9.9955E-05 9.9955E-05 9.9955E-05 9.9955E-05 0.0826242 0.0660773
0.0434779 9.9991E-05 0.0743739 0.132526 0.247889 0.0738947 0.422508 0.00523078
9.9964E-05 9.9964E-05 0.0368207 0.00737805 9.9964E-05 9.9964E-05 0.924711 0.0306901
0.121559 0.0657727 0.0418666 0.192116 9.9991E-05 0.062846 0.478357 0.0373834
0.294235 0.0836279 9.9973E-05 9.9973E-05 0.406913 0.20568 9.9973E-05 0.00924462
0.107298 0.0458359 9.9982E-05 9.9982E-05 0.0730212 0.380247 0.389744 0.003654
9.9991E-05 0.204816 0.160699 0.0622581 0.244055 0.0891607 0.159826 0.0790847
0.0718976 0.103605 0.246496 0.147805 0.429897 9.9973E-05 9.9973E-05 9.9973E-05
0.632581 9.9973E-05 0.138635 9.9973E-05 9.9973E-05 0.110394 0.0631387 0.0549503
0.19795 0.209773 9.9982E-05 9.9982E-05 0.104473 0.387435 0.00845288 0.0917162
0.540567 0.0739855 9.9973E-05 0.0549914 0.263172 0.0669847 9.9973E-05 9.9973E-05
0.370253 0.160356 0.0378776 0.175783 9.9973E-05 0.255431 9.9973E-05 9.9973E-05
9.9973E-05 0.0516916 0.298627 0.0631318 0.572297 9.9973E-05 9.9973E-05 0.0139534
0.383972 9.9964E-05 0.0190172 9.9964E-05 0.483423 9.9964E-05 9.9964E-05 0.113188
0.151671 0.0870155 9.9982E-05 0.0484917 0.550224 9.9982E-05 0.0994057 0.0629928
0.33313 9.9973E-05 0.00395732 0.00973021 0.444432 9.9973E-05 0.20845 9.9973E-05
0.33984 0.127889 0.0174383 0.0330299 0.377123 9.9991E-05 0.0580388 0.0465404
0.28114 0.037816 0.0710833 0.0735594 0.180552 0.139916 0.145471 0.0704625
0.171094 0.108635 9.9991E-05 0.0163896 0.240433 0.0869365 0.329578 0.0468329
9.9973E-05 0.168404 0.160674 0.106775 0.333551 0.230295 9.9973E-05 9.9973E-05
9.9973E-05 0.159041 0.189986 0.0130591 0.584518 9.9973E-05 9.9973E-05 0.0530954
0.558082 0.0788379 9.9973E-05 0.0377557 9.9973E-05 9.9973E-05 0.323448 0.00157621
9.9973E-05 9.9973E-05 0.0846061 0.080333 0.184628 0.425573 0.22456 9.9973E-05
0.0702463 0.0198069 9.9973E-05 9.9973E-05 0.0149712 9.9973E-05 0.843023 0.0516531
9.99641E-05 9.99641E-05 9.99641E-05 0.049077 0.673775 0.187912 9.99641E-05 0.0888354
0.546924 0.152142 0.0647044 0.042146 9.9991E-05 0.0447833 0.146476 0.00272383
9.9964E-05 9.9964E-05 9.9964E-05 9.9964E-05 0.252747 0.598906 0.102906 0.0450409
9.9955E-05 0.964802 9.9955E-05 0.00289003 9.9955E-05 9.9955E-05 9.9955E-05 0.0318077
0.373312 9.9973E-05 9.9973E-05 0.116781 0.0368297 0.410134 9.9973E-05 0.0626425
9.9964E-05 9.9964E-05 9.9964E-05 0.00732762 0.457365 9.9964E-05 0.450466 0.0844417
0.494914 0.0636354 0.0963053 9.9973E-05 9.9973E-05 0.233244 9.9973E-05 0.111601
0.110714 9.9973E-05 0.0400642 0.157196 0.207933 9.9973E-05 0.483793 9.9973E-05
0.200111 0.0782449 9.9973E-05 0.0154176 0.504387 9.9973E-05 0.20154 9.9973E-05
9.9964E-05 0.00974623 9.9964E-05 0.113222 9.9964E-05 0.497868 0.378764 9.9964E-05
0.0670341 0.00820406 0.0955373 0.0686035 0.576694 9.9991E-05 0.175478 0.00834959
0.0989556 0.527788 9.9982E-05 9.9982E-05 0.0654212 0.0464389 0.105914 0.155282
0.280166 0.286828 9.9973E-05 9.9973E-05 0.081801 0.253219 0.097686 9.9973E-05
0.162512 0.229547 9.9973E-05 9.9973E-05 0.134619 0.203091 0.269931 9.9973E-05
9.994E-05 0.9993 9.994E-05 9.994E-05 9.994E-05 9.994E-05 9.994E-05 9.994E-05
0.410717 0.0151949 0.088665 0.108641 0.248633 0.0846293 9.9991E-05 0.0434198
9.99549E-05 0.0101136 9.99549E-05 0.965783 9.99549E-05 9.99549E-05 9.99549E-05 0.0236041
0.173294 0.0901378 0.0474546 0.124245 0.000232406 0.281079 0.219326 0.0642309
0.0382627 9.9982E-05 0.221124 9.9982E-05 0.434698 0.219667 0.0731354 0.0129131
0.452819 9.9982E-05 0.12557 0.0168949 0.0497687 0.0671881 0.287559 9.9982E-05
0.0878499 0.0553498 0.0416278 9.9991E-05 0.256796 0.182315 0.360657 0.0153046
0.429843 0.203768 0.000492859 0.0782434 0.194574 0.0809613 9.9991E-05 0.0120173
0.107508 0.0310926 0.0919183 9.9991E-05 0.0236039 0.452501 0.229154 0.0641222
0.232403 9.9973E-05 9.9973E-05 0.124426 0.293879 9.9973E-05 0.304286 0.0447063
9.9964E-05 0.179404 9.9964E-05 9.9964E-05 0.283591 0.478122 9.9964E-05 0.0584842
9.9991E-05 0.0354959 0.100519 0.0326758 0.371871 0.335785 0.0987113 0.0248426
0.443739 0.319812 9.9982E-05 0.0373862 9.9982E-05 0.0746865 0.0900146 0.0341614
0.153039 9.9973E-05 0.0450318 9.9973E-05 0.504746 9.9973E-05 0.281623 0.01526
9.994E-05 0.9993 9.994E-05 9.994E-05 9.994E-05 9.994E-05 9.994E-05 9.994E-05
0.0606193 9.9973E-05 9.9973E-05 0.178279 0.184818 0.485413 0.0905708 9.9973E-05
0.152573 0.0579716 0.106448 0.0181724 9.9991E-05 0.0913754 0.476545 0.0968149
0.122526 9.9964E-05 9.9964E-05 9.9964E-05 0.707069 0.124323 9.9964E-05 0.0456828
9.9964E-05 0.0947549 9.9964E-05 9.9964E-05 0.28389 0.497054 9.9964E-05 0.123902
0.522708 9.9964E-05 0.0986342 9.9964E-05 9.9964E-05 9.9964E-05 0.329229 0.0490284
0.411347 0.370757 9.9964E-05 9.9964E-05 9.9964E-05 9.9964E-05 0.140159 0.0773373
0.504916 0.0421532 0.169568 0.0106281 0.102609 0.0933395 0.0573531 0.0194332
0.140628 9.9973E-05 0.191609 9.9973E-05 0.57816 0.0559223 9.9973E-05 0.0333812
0.119267 0.131777 0.027129 0.0122462 0.0311154 0.606973 9.9991E-05 0.0713928
0.646473 0.0472205 0.00697776 9.99641E-05 0.298928 9.99641E-05 9.99641E-05 9.99641E-05
0.114692 9.9973E-05 0.0195384 9.9973E-05 0.0899222 0.716281 9.9973E-05 0.0592666
0.143231 0.14986 0.131568 0.0554423 0.113731 0.249168 0.135013 0.0219868
0.0792653 9.9982E-05 0.0659986 9.9982E-05 0.456849 0.345317 0.0239528 0.0284177
9.9982E-05 0.0318402 0.143877 0.0785218 0.0738829 0.603708 9.9982E-05 0.0679703
0.121352 9.9973E-05 9.9973E-05 9.9973E-05 0.241173 0.0529486 0.553604 0.0306229
0.266201 0.0812238 9.9982E-05 0.0188664 0.514477 9.9982E-05 0.0423006 0.0767311
9.99461E-05 0.267406 9.99461E-05 9.99461E-05 0.731995 9.99461E-05 9.99461E-05 9.99461E-05
0.487163 0.188902 9.9973E-05 9.9973E-05 0.127437 0.149954 9.9973E-05 0.0462434
9.9973E-05 0.119693 9.9973E-05 0.046858 0.372924 0.121101 0.339124 9.9973E-05
9.9991E-05 0.0362886 0.0299516 0.0559935 0.252345 0.364594 0.14237 0.118357
0.0984246 9.9964E-05 0.793388 9.9964E-05 0.103665 9.9964E-05 0.00412241 9.9964E-05
9.99459E-05 9.99459E-05 0.955027 9.99459E-05 9.99459E-05 9.99459E-05 9.99459E-05 0.0443731
9.9982E-05 0.0855932 9.9982E-05 0.00156117 0.544946 0.1558 0.111748 0.100151
0.236877 9.9982E-05 9.9982E-05 0.089006 0.116192 0.30849 0.187364 0.0618708
0.167703 0.0903957 9.9982E-05 0.0736479 0.497346 9.9982E-05 0.0999753 0.0707328
0.322215 9.9982E-05 0.00460617 0.0081168 0.358265 0.199238 9.9982E-05 0.107358
9.9973E-05 0.148007 9.9973E-05 0.0436593 0.372958 0.345483 0.0895933 9.9973E-05
0.0182034 0.104792 9.9991E-05 0.0770647 0.0332872 0.546809 0.197628 0.0221161
0.441062 0.043261 9.9973E-05 0.0783748 9.9973E-05 9.9973E-05 0.391063 0.0459398
0.389225 0.321701 9.9982E-05 0.0349184 9.9982E-05 0.0724038 0.103937 0.077615
0.2953 9.9982E-05 0.066925 0.117478 0.309841 0.0167883 0.193467 9.9982E-05
9.994E-05 9.994E-05 9.994E-05 9.994E-05 9.994E-05 9.994E-05 9.994E-05 0.9993
0.103695 0.000289102 0.00989181 0.123572 0.0724513 0.0524694 0.568834 0.0687982
9.9973E-05 9.9973E-05 0.173418 0.213054 0.257926 9.9973E-05 0.336711 0.0185912
0.0108511 0.0198368 9.9991E-05 0.052579 0.297412 0.52715 0.0315487 0.0605221
0.304706 9.9982E-05 0.0528469 0.188607 0.247678 9.9982E-05 0.172388 0.0335745
9.9982E-05 0.178749 0.0882754 0.0359724 0.560141 0.0627702 9.9982E-05 0.0738914
0.424055 0.0795471 0.121642 0.032676 0.0313764 0.267534 0.0335017 0.00966801
0.220676 0.0160571 9.9982E-05 9.9982E-05 0.469896 0.0891156 0.108396 0.0956605
0.195683 0.152103 0.107603 0.0836916 9.9991E-05 0.0543671 0.338078 0.068374
0.0991265 9.9973E-05 9.9973E-05 9.9973E-05 0.272688 0.22918 0.324557 0.0741479
9.99729E-05 0.138406 9.99729E-05 9.99729E-05 0.532691 0.160002 0.106366 0.0622354
9.9955E-05 0.131556 0.193178 9.9955E-05 9.9955E-05 9.9955E-05 0.674766 9.9955E-05
0.319305 0.0415284 9.9973E-05 9.9973E-05 0.190192 0.169013 0.279662 9.9973E-05
0.140771 0.0144766 9.9991E-05 0.00151931 0.198589 0.340497 0.236955 0.067092
9.994E-05 9.994E-05 9.994E-05 9.994E-05 9.994E-05 9.994E-05 9.994E-05 0.9993
0.233026 9.9991E-05 0.0312699 0.00946354 0.0983511 0.0631116 0.261989 0.302688
0.170494 0.0640706 0.293947 0.104363 0.209207 9.9982E-05 0.157717 9.9982E-05
0.188883 0.0602243 0.241858 0.0617917 0.254714 0.0353742 0.0975437 0.0596111
0.0450084 0.0265757 9.9982E-05 0.0316026 9.9982E-05 0.286109 0.501718 0.108786
0.280267 9.9982E-05 9.9982E-05 0.0589278 0.124056 0.279323 0.238479 0.0187472
0.171163 9.9991E-05 0.0453391 0.10068 0.529887 0.0224319 0.0680871 0.0623116
9.994E-05 9.994E-05 0.9993 9.994E-05 9.994E-05 9.994E-05 9.994E-05 9.994E-05
0.335466 0.160227 9.9982E-05 0.0056841 0.0530323 9.9982E-05 0.325277 0.120113
9.99639E-05 0.126983 0.154182 9.99639E-05 0.393879 0.324555 9.99639E-05 9.99639E-05
0.302683 0.0778091 0.202089 0.148502 0.105713 9.9991E-05 0.10071 0.062393
9.9973E-05 0.177503 0.0302266 9.9973E-05 9.9973E-05 0.175524 0.498481 0.117966
0.0686657 9.9973E-05 0.849837 0.0510649 0.0239483 9.9973E-05 9.9973E-05 0.0061846
0.230658 9.9982E-05 0.0987029 9.9982E-05 0.188627 0.0411151 0.356399 0.0842983
0.439675 9.9964E-05 9.9964E-05 0.077038 0.410393 9.9964E-05 0.0724943 9.9964E-05
0.0613295 9.9973E-05 9.9973E-05 9.9973E-05 0.563464 0.0956325 0.187895 0.0913797
9.9973E-05 0.0356845 0.290171 0.069303 0.548466 0.056075 9.9973E-05 9.9973E-05
9.9946E-05 0.013306 9.9946E-05 0.986094 9.9946E-05 9.9946E-05 9.9946E-05 9.9946E-05
0.290234 9.9982E-05 0.0621438 0.0535743 0.232023 0.206309 0.155517 9.9982E-05
0.981936 0.017464 9.9946E-05 9.9946E-05 9.9946E-05 9.9946E-05 9.9946E-05 9.9946E-05
0.136034 0.193385 9.9982E-05 0.0719734 9.9982E-05 0.380117 0.126304 0.091987
0.0437967 0.0810019 0.152601 0.0543906 9.9991E-05 0.164814 0.486434 0.0168616
9.9964E-05 0.189707 9.9964E-05 9.9964E-05 0.396842 0.0383435 0.374708 9.9964E-05
9.9973E-05 9.9973E-05 0.217386 9.9973E-05 0.352851 0.0207694 0.381019 0.0276744
9.994E-05 9.994E-05 9.994E-05 0.9993 9.994E-05 9.994E-05 9.994E-05 9.994E-05
0.261405 0.0524445 0.00722875 0.00575877 0.377531 9.9991E-05 0.238029 0.0575032
0.179862 0.0397649 0.174081 0.231165 9.9991E-05 0.0868624 0.255223 0.0329415
0.24883 9.9973E-05 9.9973E-05 0.00875153 0.0685316 0.10859 0.564998 9.9973E-05
0.248056 0.111061 0.314514 9.9982E-05 0.0515267 0.0127615 0.261881 9.9982E-05
