0.171541 9.99731E-05 0.526133 0.216308 0.0857189 9.99731E-05 9.99731E-05
0.233088 0.264209 9.9982E-05 0.179542 9.9982E-05 0.0482682 0.274693
0.405699 0.160995 9.9982E-05 9.9982E-05 0.321757 0.0462833 0.0650649
0.339099 9.99821E-05 9.99821E-05 0.111867 0.286446 0.0728161 0.189573
0.253967 0.605707 9.99641E-05 9.99641E-05 9.99641E-05 0.139926 9.99641E-05
0.0709209 0.217038 0.0362425 9.9991E-05 0.519165 0.0157928 0.140741
9.99821E-05 0.563577 0.0539123 0.220669 9.99821E-05 0.0670555 0.0945858
0.0689636 0.493321 0.115407 9.99821E-05 0.312613 0.0094954 9.99821E-05
9.99642E-05 0.0869288 9.99642E-05 0.509255 9.99642E-05 9.99642E-05 0.403416
9.99732E-05 0.0550228 0.786345 9.99732E-05 9.99732E-05 0.0100887 0.148244
0.0581385 0.159335 0.434995 9.9991E-05 0.0919043 0.0683463 0.187181
0.11131 0.153425 9.99731E-05 0.501459 9.99731E-05 0.233507 9.99731E-05
0.210055 0.128437 0.0432273 0.445476 0.0988979 0.0613924 0.0125145
0.180365 0.253117 0.19961 9.9982E-05 0.156747 0.209961 9.9982E-05
9.99642E-05 0.145694 9.99642E-05 0.812549 0.0413573 9.99642E-05 9.99642E-05
0.520259 0.3294 9.99732E-05 9.99732E-05 0.0807805 0.0692605 9.99732E-05
0.124964 0.276488 9.9991E-05 0.105712 0.194822 0.124613 0.1733
0.0906596 0.0256697 0.328391 9.9991E-05 0.169487 0.204277 0.181416
9.99641E-05 0.0735104 9.99641E-05 0.592911 9.99641E-05 9.99641E-05 0.333179
0.240389 0.0905772 0.458836 0.0452395 0.155716 0.00914217 9.9991E-05
9.99642E-05 9.99642E-05 0.915555 9.99642E-05 0.0413822 9.99642E-05 0.0426627
0.201543 0.269135 9.99731E-05 0.271097 9.99731E-05 9.99731E-05 0.257925
0.319079 9.9973E-05 9.9973E-05 9.9973E-05 0.114517 0.247884 0.318219
0.761254 0.134034 0.00851194 9.99821E-05 9.99821E-05 0.0653555 0.0306444
0.379875 9.99731E-05 9.99731E-05 9.99731E-05 0.33974 0.0831135 0.196972
0.385548 9.9982E-05 9.9982E-05 0.338286 0.0122984 0.186578 0.0770898
0.120178 0.0287631 0.498942 0.0239051 9.9991E-05 0.300365 0.0277464
9.99732E-05 0.410102 9.99732E-05 0.166509 0.151935 9.99732E-05 0.271154
9.99731E-05 0.220361 9.99731E-05 9.99731E-05 0.67789 0.0617641 0.039685
0.851027 0.148393 0.000179828 9.99642E-05 9.99642E-05 9.99642E-05 9.99642E-05
9.99821E-05 0.172249 0.282363 9.99821E-05 0.248516 0.1143 0.182371
0.163041 0.392885 0.0841435 0.156741 0.0945353 0.108555 9.9991E-05
9.99731E-05 0.0144528 0.354718 0.0993277 9.99731E-05 9.99731E-05 0.531202
0.13986 0.449352 0.0463625 0.169034 0.195192 9.99821E-05 9.99821E-05
0.418643 0.0585391 0.118061 9.9982E-05 0.181652 0.222906 9.9982E-05
0.0043562 0.218008 0.718115 9.99731E-05 9.99731E-05 0.0592207 9.99731E-05
9.99731E-05 0.229997 9.99731E-05 9.99731E-05 0.203416 0.179644 0.386643
0.015266 9.99641E-05 9.99641E-05 9.99641E-05 9.99641E-05 0.0445666 0.939768
0.0841764 9.99732E-05 9.99732E-05 0.221376 0.497839 0.196308 9.99732E-05
0.215707 9.99821E-05 9.99821E-05 0.0113131 0.698527 0.0656813 0.0085717
0.19618 0.243517 0.492849 0.0671529 9.99732E-05 9.99732E-05 9.99732E-05
0.129579 0.0683356 0.680009 0.108065 9.99821E-05 0.0138121 9.99821E-05
0.168975 0.28689 0.258339 9.9982E-05 0.170679 9.9982E-05 0.114918
0.107874 0.00418446 9.9991E-05 0.188775 0.238501 0.264395 0.19617
0.274077 9.99821E-05 0.0219271 0.437836 0.102419 0.163541 9.99821E-05
0.227602 9.99731E-05 9.99731E-05 0.279581 0.373127 0.119391 9.99731E-05
0.194768 0.133274 0.436959 0.201792 9.99821E-05 9.99821E-05 0.0330066
9.999E-05 0.29019 0.476647 0.0189399 0.00123379 0.0414744 0.171415
0.0180473 9.99732E-05 0.493596 0.445961 0.0420959 9.99732E-05 9.99732E-05
0.117192 0.0697406 0.283155 9.9982E-05 0.379906 0.149806 9.9982E-05
0.46784 0.0929785 9.9964E-05 9.9964E-05 0.438782 9.9964E-05 9.9964E-05
0.16887 0.0317742 0.164578 9.9991E-05 0.347839 0.0735882 0.21325
0.300001 0.186913 0.00858989 0.248357 9.9982E-05 9.9982E-05 0.255939
0.152285 9.99641E-05 9.99641E-05 0.319108 0.528207 9.99641E-05 9.99641E-05
0.0136211 0.603195 9.99821E-05 9.99821E-05 0.248056 0.129901 0.00502726
9.99732E-05 0.550051 0.13658 9.99732E-05 9.99732E-05 0.0778192 0.23525
0.31357 0.211137 9.9991E-05 0.0277328 0.242516 0.0262222 0.178723
9.99554E-05 0.961795 9.99554E-05 9.99554E-05 9.99554E-05 9.99554E-05 0.0377053
0.154161 0.350052 9.9982E-05 0.108278 0.105086 0.282223 9.9982E-05
0.0284524 9.9982E-05 0.616425 9.9982E-05 0.146291 0.111371 0.0972606
0.112313 0.0834835 0.189183 0.0434198 0.571401 9.99821E-05 9.99821E-05
0.121877 9.9982E-05 0.322253 0.145542 9.9982E-05 0.40064 0.00948798
9.9982E-05 0.503626 0.158849 0.0238319 9.9982E-05 0.0236223 0.28987
0.726023 9.99821E-05 0.0534787 0.00803758 0.133374 0.0788866 9.99821E-05
0.183869 0.522438 0.04519 9.99821E-05 0.0224356 9.99821E-05 0.225867
0.138704 9.99731E-05 0.493893 0.296211 0.070892 9.99731E-05 9.99731E-05
0.239631 9.9973E-05 0.20728 9.9973E-05 0.458353 0.0944363 9.9973E-05
9.99641E-05 9.99641E-05 9.99641E-05 0.567492 9.99641E-05 0.325818 0.10629
9.9973E-05 0.0217617 9.9973E-05 0.545589 0.288592 0.143757 9.9973E-05
9.99642E-05 9.99642E-05 0.706718 0.212473 0.080409 9.99642E-05 9.99642E-05
9.9991E-05 0.251981 0.195875 0.257097 0.12152 0.117816 0.0556111
0.174132 9.99731E-05 0.104562 0.471116 9.99731E-05 0.24989 9.99731E-05
9.99642E-05 0.424946 9.99642E-05 9.99642E-05 9.99642E-05 0.401748 0.172907
9.99821E-05 0.0534578 9.99821E-05 0.42884 0.257884 0.186911 0.0727069
0.128646 0.626413 9.99732E-05 0.0441831 0.200458 9.99732E-05 9.99732E-05
0.114196 0.380804 0.00965716 0.279524 9.99821E-05 0.215619 9.99821E-05
0.240129 9.99554E-05 9.99554E-05 0.759371 9.99554E-05 9.99554E-05 9.99554E-05
0.0810703 0.417278 0.282953 0.0345442 0.00325622 0.102936 0.077963
9.99731E-05 0.183653 0.156442 0.337548 0.322057 9.99731E-05 9.99731E-05
9.99641E-05 0.620449 9.99641E-05 9.99641E-05 0.329161 0.04999 9.99641E-05
9.99641E-05 0.158349 9.99641E-05 9.99641E-05 0.35831 0.482942 9.99641E-05
0.293472 0.136549 0.16868 0.108948 0.197536 0.0561722 0.0386416
9.99643E-05 9.99643E-05 0.512821 9.99643E-05 0.295781 9.99643E-05 0.190998
0.240116 0.0987247 9.99821E-05 0.289136 0.237902 9.99821E-05 0.133922
0.11764 0.123753 0.390459 0.270792 9.99821E-05 0.0971572 9.99821E-05
0.00722554 9.9991E-05 0.426714 0.359405 0.00240718 0.188206 0.0159413
9.99821E-05 0.312769 0.0615207 9.99821E-05 0.0173436 0.246588 0.361578
0.563205 0.31395 9.99642E-05 9.99642E-05 9.99642E-05 9.99642E-05 0.122445
0.0763287 9.99732E-05 9.99732E-05 0.452377 0.322228 9.99732E-05 0.148766
9.99821E-05 0.213603 0.16211 0.284725 0.00292832 9.99821E-05 0.336433
0.992578 9.99554E-05 9.99554E-05 9.99554E-05 9.99554E-05 0.00692206 9.99554E-05
0.209012 0.0659836 0.621221 9.99732E-05 9.99732E-05 0.103483 9.99732E-05
0.177857 0.0237213 0.423041 0.101354 9.99911E-05 0.220085 0.0538421
9.99731E-05 0.232258 0.241082 9.99731E-05 0.112551 9.99731E-05 0.41381
9.99731E-05 0.175773 0.152952 0.439562 9.99731E-05 0.231413 9.99731E-05
9.9982E-05 0.452037 9.9982E-05 0.129692 0.164468 0.104657 0.148946
0.106017 0.19139 0.436002 9.99731E-05 9.99731E-05 9.99731E-05 0.266292
9.99731E-05 0.0161199 0.449047 0.527733 9.99731E-05 9.99731E-05 0.00679997
0.49039 0.195877 0.0344911 9.99821E-05 0.183874 0.0951683 9.99821E-05
0.535861 9.9964E-05 9.9964E-05 9.9964E-05 9.9964E-05 0.086406 0.377333
9.99732E-05 0.376683 0.0712866 9.99732E-05 9.99732E-05 0.0286932 0.523037
0.731088 9.99643E-05 9.99643E-05 9.99643E-05 9.99643E-05 0.0166807 0.251831
9.995E-05 9.995E-05 9.995E-05 9.995E-05 9.995E-05 9.995E-05 0.9994
9.99642E-05 9.99642E-05 9.99642E-05 9.99642E-05 0.56875 0.0257762 0.405074
0.124129 0.257908 9.99731E-05 0.155952 0.461712 9.99731E-05 9.99731E-05
0.191636 0.0545569 9.99821E-05 0.488548 9.99821E-05 0.0785385 0.18652
0.0112083 0.614116 0.253629 9.99731E-05 0.120747 9.99731E-05 9.99731E-05
9.99641E-05 0.250489 9.99641E-05 9.99641E-05 0.509342 9.99641E-05 0.23977
0.012674 9.99821E-05 0.0457216 0.475126 0.387081 9.99821E-05 0.0791973
0.158381 9.99821E-05 9.99821E-05 0.0821422 0.6149 0.0531035 0.0912743
0.386045 0.426421 0.028219 9.99732E-05 9.99732E-05 9.99732E-05 0.159015
0.276691 0.140053 9.99821E-05 0.398431 0.0197753 0.16485 9.99821E-05
0.800052 0.0708901 9.99642E-05 9.99642E-05 0.128658 9.99642E-05 9.99642E-05
0.0364722 0.554518 9.99642E-05 9.99642E-05 0.40861 9.99642E-05 9.99642E-05
0.96655 9.99552E-05 9.99552E-05 9.99552E-05 9.99552E-05 9.99552E-05 0.0329506
9.9991E-05 0.298582 0.11203 0.293928 0.18004 0.0886659 0.0266551
0.0719589 9.99731E-05 0.317244 0.297317 0.31318 9.99731E-05 9.99731E-05
0.0834143 0.512581 0.100867 0.123734 0.0464642 9.9991E-05 0.132839
0.217434 0.124506 9.9982E-05 9.9982E-05 0.21526 0.23859 0.204011
0.0889559 9.99731E-05 9.99731E-05 0.134788 0.56305 9.99731E-05 0.212907
0.5628 9.99641E-05 9.99641E-05 9.99641E-05 9.99641E-05 0.0250243 0.411775
0.326913 0.199034 9.99732E-05 9.99732E-05 0.381513 9.99732E-05 0.0922392
0.132392 0.290747 9.99641E-05 9.99641E-05 0.576461 9.99641E-05 9.99641E-05
0.0763374 0.236163 0.578368 9.9991E-05 0.050109 0.0403029 0.0186199
0.0824479 0.123028 0.308308 0.162713 0.113025 9.9991E-05 0.210377
9.9982E-05 0.530684 0.137801 0.125689 9.9982E-05 0.00204845 0.203577
0.28395 0.0420465 0.324628 0.238162 9.99821E-05 0.111013 9.99821E-05
9.99641E-05 9.99641E-05 9.99641E-05 0.267644 0.521038 0.210918 9.99641E-05
0.292575 9.99642E-05 0.207518 9.99642E-05 0.499507 9.99642E-05 9.99642E-05
0.255384 0.0252878 0.0114009 0.21217 0.232817 0.0845138 0.178426
9.99642E-05 9.99642E-05 0.109722 0.481954 9.99642E-05 9.99642E-05 0.407924
9.9973E-05 0.500429 0.280633 9.9973E-05 9.9973E-05 0.0787061 0.139932
9.99821E-05 0.274149 9.99821E-05 0.151593 0.199432 0.113328 0.261298
9.99731E-05 9.99731E-05 9.99731E-05 0.124429 0.486588 0.0358748 0.352808
9.99642E-05 9.99642E-05 0.853053 9.99642E-05 0.0604336 9.99642E-05 0.0861141
0.0587369 9.99732E-05 0.0935309 0.103174 0.744258 9.99732E-05 9.99732E-05
9.99821E-05 0.0952901 0.18074 0.0074694 0.702661 9.99821E-05 0.0136391
0.0957994 0.164309 0.0478118 9.99732E-05 0.69178 9.99732E-05 9.99732E-05
9.99642E-05 9.99642E-05 9.99642E-05 0.558162 9.99642E-05 0.161973 0.279466
0.153828 9.99731E-05 0.0554814 0.558528 0.231863 9.99731E-05 9.99731E-05
0.0334449 0.160528 9.99821E-05 9.99821E-05 0.267968 0.207627 0.330232
0.0569847 9.99642E-05 9.99642E-05 9.99642E-05 9.99642E-05 0.126063 0.816552
9.99731E-05 0.298474 0.42886 0.247434 9.99731E-05 0.0249318 9.99731E-05
0.0270225 0.0581421 0.248299 9.99732E-05 9.99732E-05 9.99732E-05 0.666236
0.603497 9.99731E-05 0.0378882 0.199825 9.99731E-05 0.158489 9.99731E-05
0.161395 0.289509 9.9982E-05 0.512719 0.0297687 9.9982E-05 0.00640802
9.995E-05 9.995E-05 9.995E-05 9.995E-05 9.995E-05 0.9994 9.995E-05
0.217984 0.177439 0.285671 9.99731E-05 0.318607 9.99731E-05 9.99731E-05
0.397365 0.112591 0.235968 9.99821E-05 0.0250842 0.228792 9.99821E-05
9.99732E-05 9.99732E-05 0.0635932 0.342342 0.110723 0.483042 9.99732E-05
9.99732E-05 0.189405 9.99732E-05 0.463292 0.141709 0.205294 9.99732E-05
9.99821E-05 0.244988 0.213566 0.23162 9.99821E-05 0.223959 0.0856665
0.076817 0.461425 0.327895 0.0123084 0.121355 9.9982E-05 9.9982E-05
0.137067 0.579282 0.0258668 9.99821E-05 0.00674068 9.99821E-05 0.250843
0.490458 0.235854 0.11372 0.0507673 9.99822E-05 0.109001 9.99822E-05
9.99731E-05 9.99731E-05 0.251462 9.99731E-05 0.493885 0.178274 0.0760796
0.178662 0.266386 9.99821E-05 9.99821E-05 0.417295 0.0133519 0.124105
9.99732E-05 0.114827 0.580675 9.99732E-05 0.160342 0.143856 9.99732E-05
0.11358 0.091186 0.0514907 0.448508 0.295035 9.99821E-05 9.99821E-05
0.154334 9.9982E-05 0.0958556 0.319304 0.035684 9.9982E-05 0.394622
9.995E-05 9.995E-05 9.995E-05 9.995E-05 9.995E-05 0.9994 9.995E-05
9.99731E-05 0.070963 0.298227 0.469032 9.99731E-05 0.161479 9.99731E-05
0.162121 0.652616 9.99821E-05 0.0223119 0.0648633 9.99821E-05 0.0978879
9.99821E-05 0.311982 0.152814 0.425431 9.99821E-05 0.100014 0.00955868
9.99732E-05 0.373083 0.136324 0.211696 9.99732E-05 0.278597 9.99732E-05
0.212363 0.362009 0.170254 0.0359102 0.0312017 9.9991E-05 0.188162
0.067148 0.341412 0.298951 9.9991E-05 0.287191 0.00451828 0.000678919
9.99554E-05 9.99554E-05 9.99554E-05 0.429281 0.570219 9.99554E-05 9.99554E-05
9.99554E-05 0.910695 9.99554E-05 9.99554E-05 9.99554E-05 0.0888052 9.99554E-05
0.159998 0.132384 0.0470236 0.154696 0.240951 0.0728851 0.192063
0.110313 9.99732E-05 9.99732E-05 0.57681 0.292762 0.0198148 9.99732E-05
9.99821E-05 0.388065 9.99821E-05 0.0917232 0.272749 0.127817 0.119446
9.99821E-05 0.106274 9.99821E-05 0.449931 0.104093 0.0833367 0.256164
0.323324 9.99641E-05 0.359717 9.99641E-05 0.31656 9.99641E-05 9.99641E-05
0.121314 0.238482 9.99821E-05 0.298346 0.181443 9.99821E-05 0.160215
9.99731E-05 0.543138 0.0111567 0.277055 0.168351 9.99731E-05 9.99731E-05
0.329161 9.99732E-05 9.99732E-05 0.453294 9.99732E-05 0.145483 0.0717625
9.99554E-05 9.99554E-05 0.0474766 9.99554E-05 0.952024 9.99554E-05 9.99554E-05
9.99732E-05 9.99732E-05 0.328524 0.283686 0.115333 9.99732E-05 0.272156
9.99821E-05 0.360543 0.192969 0.0661853 0.0296766 9.99821E-05 0.350426
9.99553E-05 9.99553E-05 0.713554 9.99553E-05 9.99553E-05 0.285946 9.99553E-05
9.99821E-05 0.06827 0.477776 0.325626 0.0302829 0.0978445 9.99821E-05
0.148153 0.0413193 0.478789 0.2841 0.00923346 0.0193964 0.0190087
0.145842 0.491707 0.0580556 9.99821E-05 0.25153 0.0526658 9.99821E-05
9.99552E-05 9.99552E-05 9.99552E-05 9.99552E-05 0.985976 9.99552E-05 0.0135245
9.99732E-05 0.236178 0.145968 0.535854 9.99732E-05 0.0816995 9.99732E-05
0.0294271 0.247325 9.9991E-05 0.074733 0.289555 0.113605 0.245254
0.0730365 0.140745 9.99821E-05 9.99821E-05 0.570475 0.000487973 0.215055
0.284484 0.0825896 0.137559 9.9991E-05 0.255923 0.0616801 0.177665
