0.0862742 0.04814 9.9982E-05 9.9982E-05 0.68704 0.100134 0.078211
9.9982E-05 0.17829 0.0603398 0.165558 0.3802 0.215413 9.9982E-05
9.999E-05 0.0396129 0.0747502 0.0883717 0.538125 0.226478 0.0325628
0.10333 0.108538 0.0984753 0.0213146 0.449202 0.219041 9.9991E-05
0.0559264 0.105661 0.00923543 0.32053 0.352092 0.156455 9.9991E-05
9.9982E-05 0.138179 0.0203793 0.379977 0.427232 9.9982E-05 0.0340329
0.141359 0.0545878 0.0384169 0.0453701 0.545956 0.0554594 0.118851
0.0294591 9.9982E-05 0.083097 0.0767111 0.311865 0.498668 9.9982E-05
0.0235003 9.9982E-05 0.0375597 0.433931 0.215126 9.9982E-05 0.289683
0.0750012 0.221458 0.196772 0.0585737 0.0938801 0.0524539 0.301861
0.0835238 0.232139 9.9982E-05 0.323028 9.9982E-05 0.151594 0.209515
0.0315988 9.9973E-05 0.0215283 0.571176 9.9973E-05 9.9973E-05 0.375397
0.0810291 0.0960092 0.0242291 0.205827 0.107342 0.204596 0.280968
0.0721166 0.10874 0.0966683 0.410763 0.193885 0.0568002 0.0610268
0.0632588 9.9964E-05 9.9964E-05 0.798824 9.9964E-05 0.137517 9.9964E-05
0.112049 9.9991E-05 0.103534 0.0594014 0.216671 0.418957 0.0892873
0.0154106 0.0914572 0.00317582 0.889656 9.9973E-05 9.9973E-05 9.9973E-05
0.18867 0.0643583 0.177534 0.060334 0.262973 0.11086 0.135271
0.0251074 9.9991E-05 0.0403969 0.173107 0.511034 0.00340915 0.246845
9.999E-05 0.151613 0.0376757 0.120286 0.39751 0.197193 0.0956224
0.113724 0.122543 9.9991E-05 0.101388 0.352343 0.192967 0.116935
0.0577164 0.0635865 9.9991E-05 0.228837 0.256286 0.248818 0.144656
0.125017 0.0380782 0.0441077 0.00246853 0.45737 0.181363 0.151596
9.9982E-05 0.00362601 0.13661 0.272014 0.525518 9.9982E-05 0.0620327
0.132342 0.246465 9.9973E-05 0.235188 9.9973E-05 9.9973E-05 0.385706
0.0453686 0.0383437 0.0865533 0.44284 0.25828 0.0660665 0.0625486
0.103324 0.127303 0.000910659 0.0715981 9.9991E-05 0.322846 0.373918
0.0380241 0.0866739 0.199642 0.210132 0.283032 0.182396 9.9991E-05
9.999E-05 0.108547 0.114439 0.337667 0.234533 0.161149 0.0435644
0.0223218 9.99819E-05 0.596976 0.174116 0.131364 0.0750222 9.99819E-05
0.0103687 0.0975152 0.0312447 0.651206 9.9991E-05 0.078608 0.130957
0.0499811 0.0473586 0.00581042 9.9982E-05 9.9982E-05 0.0682859 0.828364
0.106982 9.9982E-05 0.0512392 0.34408 0.363708 0.133791 9.9982E-05
0.0904707 0.135625 9.9982E-05 0.262327 0.174128 0.33725 9.9982E-05
0.0864913 0.0972846 9.9982E-05 0.56138 0.13347 9.9982E-05 0.121174
0.161031 9.99551E-05 9.99551E-05 9.99551E-05 0.838469 9.99551E-05 9.99551E-05
0.0456184 0.169908 0.000373173 0.234781 0.54912 9.9982E-05 9.9982E-05
0.0530184 0.220626 0.11684 0.0371824 0.171937 9.9991E-05 0.400295
0.00838536 0.0816707 0.13434 0.614343 0.136524 0.0246378 9.9991E-05
0.057169 0.0791646 9.9991E-05 0.173556 0.274343 0.305239 0.110429
0.0495564 0.0415252 0.0631594 0.00742322 0.161737 0.386713 0.289885
0.0638713 0.187434 0.092791 9.9991E-05 0.32802 0.299548 0.028235
0.0615474 0.154986 0.102511 9.9982E-05 0.328583 0.352174 9.9982E-05
9.9964E-05 9.9964E-05 0.163265 9.9964E-05 0.424109 9.9964E-05 0.412226
0.0893208 9.9964E-05 9.9964E-05 9.9964E-05 9.9964E-05 0.0278153 0.882464
0.0162041 0.259551 0.0454845 0.199179 0.237863 9.9991E-05 0.241618
0.0460256 0.00141377 0.0372578 0.224225 0.466871 0.106682 0.117525
0.0117272 9.9991E-05 0.110691 0.381459 0.190229 0.118006 0.187788
0.0791039 9.9982E-05 9.9982E-05 0.210094 0.0102998 0.325923 0.37438
0.0746591 9.9991E-05 0.0987871 0.136583 0.262697 0.361404 0.0657688
0.112518 0.0955273 0.0993774 0.332449 0.130826 0.0582653 0.171036
0.113039 0.00188435 0.0850586 0.110135 0.459202 0.221018 0.00966293
0.0197668 0.0366656 0.0593187 0.0563498 0.0230162 0.804783 9.9991E-05
0.0113325 0.197816 0.125188 0.287209 0.145591 0.232764 9.9991E-05
0.0021901 9.9991E-05 0.10081 0.00727835 0.143011 0.0848922 0.661719
0.123352 0.0440358 0.030058 0.187601 0.53738 0.0380772 0.0394953
0.00713037 0.0563234 9.99641E-05 9.99641E-05 9.99641E-05 9.99641E-05 0.936146
0.0661721 0.0376955 0.0515379 0.0865697 0.194646 9.9991E-05 0.563279
0.0450033 0.111302 0.00514984 0.507944 9.9991E-05 0.154858 0.175642
0.0327197 0.117692 0.030455 0.275057 0.0573806 9.9991E-05 0.486596
0.0537799 0.0333578 9.9982E-05 0.321241 0.427604 0.163817 9.9982E-05
0.119863 0.103405 9.9982E-05 0.41436 0.2135 0.148672 9.9982E-05
0.0763788 9.9982E-05 0.0243282 0.353163 0.472962 0.0729686 9.9982E-05
0.125868 9.9973E-05 0.814895 9.9973E-05 0.0297005 0.0292372 9.9973E-05
9.9982E-05 0.227361 0.0493017 0.0238903 0.616031 0.083216 9.9982E-05
0.0469149 9.9964E-05 9.9964E-05 9.9964E-05 0.81469 0.137996 9.9964E-05
0.0928288 0.0448348 9.9991E-05 0.0445557 0.535067 0.0466394 0.235975
0.00280348 9.9982E-05 0.151427 0.487636 0.322096 9.9982E-05 0.0358374
9.9964E-05 9.9964E-05 0.0322626 0.292948 0.674389 9.9964E-05 9.9964E-05
0.148195 0.0810383 0.176038 0.0108543 0.200216 0.362261 0.0213979
9.9991E-05 0.248504 0.133572 0.16443 0.0538065 0.0415101 0.358077
0.0919156 0.0172408 9.9991E-05 0.367466 0.235417 0.235665 0.0521955
0.175524 0.0229735 0.0454897 0.529637 0.138868 0.0350728 0.0524347
0.0206439 0.094641 0.0485183 0.247609 0.107818 0.317603 0.163167
9.9982E-05 0.206599 0.157033 0.312075 9.9982E-05 0.127389 0.196705
0.0514034 0.100382 0.0831023 0.105086 9.9991E-05 0.460586 0.199341
0.132342 0.0490139 0.0683839 0.10358 0.393208 0.143092 0.11038
0.0524924 0.0557774 0.0883623 0.291338 0.304772 0.207158 9.9991E-05
9.9973E-05 0.0457204 9.9973E-05 0.367544 0.433483 0.152953 9.9973E-05
0.0688242 0.0355121 0.0627322 0.387513 0.33148 0.103129 0.0108098
0.0767181 0.056619 0.0126155 0.307405 0.250345 0.242085 0.0542124
0.041446 0.0240462 0.0181702 0.399153 0.414357 9.9991E-05 0.102728
0.000924946 0.0814709 0.131655 9.9991E-05 0.313594 0.110316 0.361939
0.064536 0.0771938 0.0831773 0.302875 0.0752041 0.396914 9.9991E-05
0.0843384 9.9982E-05 0.0267086 0.489064 0.245461 9.9982E-05 0.154228
0.0237567 0.105773 9.9991E-05 0.0700752 0.144633 0.275293 0.380369
0.110274 9.9964E-05 0.0369755 9.9964E-05 0.85235 9.9964E-05 9.9964E-05
0.0882541 0.058546 9.99731E-05 0.618772 9.99731E-05 9.99731E-05 0.234128
0.0968967 0.0804446 0.128976 0.37442 0.200739 0.109843 0.00868056
0.0954562 9.9982E-05 9.9982E-05 0.0309532 0.146907 0.214322 0.512162
9.9955E-05 0.0246628 0.974837 9.9955E-05 9.9955E-05 9.9955E-05 9.9955E-05
0.0128849 0.161652 9.9982E-05 0.388567 9.9982E-05 0.0883804 0.348316
0.103963 0.0057859 9.9982E-05 0.278549 0.476624 0.134878 9.9982E-05
0.0570809 9.9991E-05 0.0271019 0.537395 0.0117199 0.336804 0.0297984
0.0230941 0.112661 9.9982E-05 0.0737912 0.547866 0.242388 9.9982E-05
9.9982E-05 0.074505 0.124939 0.18955 0.363522 0.247284 9.9982E-05
9.9982E-05 0.116819 0.00556973 9.9982E-05 0.146921 0.344995 0.385495
9.99731E-05 0.0771428 9.99731E-05 0.458168 0.398919 9.99731E-05 0.0654698
0.150745 9.9982E-05 0.424046 0.27472 0.00145814 9.9982E-05 0.14883
9.9982E-05 9.9982E-05 0.280525 0.411591 0.154052 0.0242328 0.129398
0.0673952 0.0243123 0.116588 0.398198 0.276372 9.9991E-05 0.117034
9.995E-05 9.995E-05 0.9994 9.995E-05 9.995E-05 9.995E-05 9.995E-05
0.0466748 0.221584 0.0529546 0.290662 0.250618 0.137406 9.9991E-05
9.995E-05 0.9994 9.995E-05 9.995E-05 9.995E-05 9.995E-05 9.995E-05
0.0503736 0.0950703 0.0270354 0.390428 9.9991E-05 0.327124 0.109869
9.9991E-05 0.0171926 0.0770278 0.0115917 0.246541 0.433033 0.214514
0.000845334 9.9991E-05 0.0334205 0.428006 0.148952 0.11242 0.276257
0.0686341 0.239366 9.9982E-05 0.107142 0.448635 0.136022 9.9982E-05
9.9991E-05 0.0818157 0.135067 0.415354 0.0772676 0.219263 0.071133
0.0427951 0.0471745 9.9991E-05 0.23922 0.495886 0.0697218 0.105103
0.0378153 0.138289 0.0447444 0.405642 0.20451 0.1689 9.9991E-05
0.120698 0.14889 0.129907 9.9982E-05 0.120542 9.9982E-05 0.479763
0.0233526 0.0829314 0.0886821 0.0191265 0.231751 0.412429 0.141727
0.115905 0.0241505 0.429733 0.309506 0.120506 9.9982E-05 9.9982E-05
0.00819245 0.108439 0.0464019 0.170182 0.29283 0.373854 9.9991E-05
9.995E-05 9.995E-05 0.9994 9.995E-05 9.995E-05 9.995E-05 9.995E-05
9.9982E-05 0.244348 9.9982E-05 0.381843 0.259984 0.0352039 0.0784204
0.109261 9.9991E-05 0.0392345 0.0148342 0.508229 0.151655 0.176686
9.9991E-05 0.0219167 0.226123 0.253325 0.175356 0.157566 0.165614
0.0906582 0.0614143 0.0517835 0.295293 9.9982E-05 9.9982E-05 0.500651
0.217056 0.0386482 0.0319057 0.268307 0.32831 0.115673 9.9991E-05
0.133716 9.9973E-05 0.348336 0.292989 0.224658 9.9973E-05 9.9973E-05
0.127858 0.127512 0.0872672 0.185271 0.159193 0.0959726 0.216926
9.9982E-05 0.108776 9.9982E-05 0.496838 0.162899 0.125901 0.105387
0.0433984 9.9982E-05 0.162514 0.178162 0.0379063 9.9982E-05 0.577819
9.99641E-05 9.99641E-05 0.000862275 0.982747 0.0159905 9.99641E-05 9.99641E-05
0.0950916 0.060097 9.9991E-05 0.171347 0.201386 0.147496 0.324482
0.0449082 0.0641273 0.0629035 0.0723606 0.393414 0.0679413 0.294345
9.9964E-05 9.9964E-05 9.9964E-05 0.446307 9.9964E-05 0.149483 0.40381
0.0702963 0.0575872 0.123908 9.9991E-05 0.15364 0.0604508 0.534018
0.0536496 9.9982E-05 0.106609 0.0409804 0.77024 9.9982E-05 0.0283207
0.0795962 0.0548424 0.0648321 0.490281 0.280333 0.0300156 9.9991E-05
9.9973E-05 9.9973E-05 0.40536 0.484838 0.089866 9.9973E-05 0.019636
0.0787142 0.0351404 0.186148 0.275464 9.9991E-05 0.400271 0.0241629
0.0205811 0.0452094 0.0772591 0.109412 0.542992 9.9991E-05 0.204447
0.10203 0.0673171 9.9982E-05 0.158078 0.392263 9.9982E-05 0.280112
9.9964E-05 9.9964E-05 9.9964E-05 0.164879 9.9964E-05 0.796059 0.0386624
9.995E-05 9.995E-05 9.995E-05 9.995E-05 9.995E-05 0.9994 9.995E-05
0.0331571 0.0905726 0.0738482 0.0320834 0.0777546 0.262563 0.430022
0.00986439 0.111493 9.9982E-05 0.506117 0.29321 9.9982E-05 0.0791148
0.11269 0.115749 0.0704728 0.151727 0.262066 9.9991E-05 0.287195
0.0746618 0.119235 9.9982E-05 0.54862 9.9982E-05 0.205076 0.0522078
9.9982E-05 0.0725589 0.0522223 0.398098 0.338486 9.9982E-05 0.138435
0.0293176 0.057232 0.0470409 0.118605 0.358678 9.9991E-05 0.389026
0.0377171 0.0456433 0.0654645 0.34234 0.460658 0.048077 9.9991E-05
0.106191 9.9982E-05 0.444039 0.143574 0.221801 0.0841951 9.9982E-05
0.0120048 0.102427 0.0382716 0.247547 0.345736 0.142348 0.111665
0.9994 9.995E-05 9.995E-05 9.995E-05 9.995E-05 9.995E-05 9.995E-05
0.168427 0.109289 0.00866753 9.9982E-05 0.585112 9.9982E-05 0.128304
0.0500598 0.246477 9.9973E-05 9.9973E-05 0.463975 0.239189 9.9973E-05
0.0376782 0.0148476 0.0390389 0.582828 9.9982E-05 9.9982E-05 0.325408
0.0508135 0.283348 0.0299899 0.0421898 0.314098 0.217096 0.0624648
0.114317 0.0226389 0.0915529 0.155727 0.216293 0.148307 0.251164
0.0707514 0.000923206 9.9991E-05 0.388021 0.040141 0.231929 0.268134
0.0671301 9.9982E-05 0.0385777 0.549501 0.135636 9.9982E-05 0.208956
0.122172 0.0587793 0.205205 0.0624824 0.283236 0.268025 9.9991E-05
0.108945 0.0529819 9.9991E-05 0.00378239 0.529543 0.00495982 0.299688
0.0900012 0.0936997 0.144267 0.23016 0.185636 0.162208 0.0940279
0.0160375 9.9973E-05 0.147831 9.9973E-05 0.670686 0.165145 9.9973E-05
0.0757441 0.0536421 0.0728213 0.277426 0.343738 0.176529 9.9991E-05
0.116483 0.0393554 9.9982E-05 0.32081 0.418846 9.9982E-05 0.104306
0.9994 9.995E-05 9.995E-05 9.995E-05 9.995E-05 9.995E-05 9.995E-05
0.423313 0.0215099 9.9982E-05 0.402233 9.9982E-05 0.0871136 0.0656305
9.9982E-05 0.123437 0.0552191 9.9982E-05 0.126921 0.640064 0.0541587
0.061059 0.0864423 0.0659214 9.9991E-05 0.400674 0.208854 0.176949
0.147918 0.0118815 0.0381071 9.9982E-05 0.567023 9.9982E-05 0.234871
0.0695022 0.0262616 9.9991E-05 0.371957 0.247823 0.0374951 0.246861
9.9973E-05 0.283093 9.9973E-05 0.409373 0.136787 0.170448 9.9973E-05
9.995E-05 9.995E-05 9.995E-05 9.995E-05 9.995E-05 0.9994 9.995E-05
0.101752 0.00579651 0.148536 0.488376 0.210338 0.0451009 9.9991E-05
9.9991E-05 0.0585248 0.0272979 0.323172 0.0732068 0.145057 0.372642
0.00696626 0.128708 0.163784 0.366104 9.9991E-05 0.29354 0.0407969
0.144764 0.0231955 0.0896505 0.16684 0.477442 0.0384766 0.0596312
9.9982E-05 0.0656384 9.9982E-05 0.122964 0.0873239 0.343986 0.379888
0.124784 9.9982E-05 9.9982E-05 0.236417 0.428107 0.0199441 0.190548
9.9982E-05 0.0878727 0.0256183 0.619344 0.157097 9.9982E-05 0.109868
0.05781 0.000996222 9.9991E-05 0.483845 0.293882 0.0525546 0.110812
0.0296694 0.110166 0.0819018 0.0501032 0.169876 0.336416 0.221869
9.9955E-05 0.998031 0.00146943 9.9955E-05 9.9955E-05 9.9955E-05 9.9955E-05
9.9991E-05 0.141149 0.0256101 0.0217671 0.222138 0.165521 0.423715
0.00962493 9.9964E-05 0.0797939 0.910181 9.9964E-05 9.9964E-05 9.9964E-05
0.173812 9.9991E-05 0.0517347 0.230396 0.161593 0.133371 0.248993
0.0271877 0.0316058 9.9991E-05 0.273543 0.162364 0.306119 0.199081
9.9982E-05 9.9982E-05 0.222811 0.115244 0.375865 0.0973485 0.188532
0.0195298 0.0242535 9.9991E-05 0.267686 0.329468 0.150938 0.208025
9.995E-05 0.9994 9.995E-05 9.995E-05 9.995E-05 9.995E-05 9.995E-05
0.0518619 0.00865754 0.111065 0.426034 0.271765 0.0970212 0.0335945
0.0628486 0.252026 0.100548 0.119642 0.464736 9.9982E-05 9.9982E-05
0.0204534 9.9982E-05 0.00409389 0.361874 0.369218 0.24416 9.9982E-05
9.9982E-05 9.9982E-05 0.0841278 0.101516 0.0957414 0.398285 0.320131
