0.178846 9.9982E-05 0.675735 9.9982E-05 0.029451 0.00612823 0.0826235 0.0270163
0.0480639 0.23208 0.146486 0.0756901 0.0309945 0.240278 0.157928 0.0684785
9.999E-05 0.176063 0.0637722 0.0599938 0.0395447 0.399164 0.186202 0.0751608
0.216405 9.9982E-05 0.439957 0.0370487 0.0841351 0.136008 9.9982E-05 0.086246
0.155642 9.9991E-05 0.164057 0.0130378 0.0872142 0.440472 0.0631259 0.0763519
9.9964E-05 9.9964E-05 0.071724 9.9964E-05 9.9964E-05 0.722882 0.0611125 0.143882
0.138795 0.0471712 0.408326 0.0331476 0.0639787 0.103791 0.132368 0.0724219
0.0770457 0.292272 0.184078 0.00157485 0.0840387 0.195203 0.165688 9.9991E-05
0.0834372 9.9991E-05 0.0646409 0.144341 0.0110719 0.335433 0.328063 0.0329125
0.317336 9.9982E-05 0.0779497 0.0633407 0.124979 9.9982E-05 0.181925 0.234269
0.0400791 0.0534003 9.99639E-05 9.99639E-05 9.99639E-05 9.99639E-05 0.798734 0.107387
0.435722 9.9964E-05 9.9964E-05 9.9964E-05 0.0540426 0.192524 0.317312 9.9964E-05
0.0196522 0.0120946 0.0871177 0.0438532 0.132394 0.354943 0.340639 0.00930654
0.154725 0.112372 0.299082 0.0963934 0.0493322 0.153864 0.0449307 0.0893008
9.9964E-05 0.25697 9.9964E-05 9.9964E-05 0.0397278 0.107144 0.595758 9.9964E-05
9.999E-05 0.384387 0.172919 0.150322 0.06844 0.0435538 0.148476 0.0318021
9.9973E-05 0.136944 9.9973E-05 0.078894 9.9973E-05 0.0360343 0.719135 0.0286928
0.0377901 0.0140365 0.157273 0.101114 0.184999 0.213625 0.291062 9.9991E-05
0.236352 9.9973E-05 0.305412 9.9973E-05 0.0887809 0.248165 0.12099 9.9973E-05
0.0606249 0.158608 0.101956 0.0033017 0.0629522 0.367626 0.231931 0.0130005
0.0711621 9.9982E-05 0.364856 9.9982E-05 0.109396 0.178015 0.197707 0.0786645
0.0256935 0.317584 0.133307 0.00328106 0.0214556 0.158802 0.26711 0.0727656
0.32376 0.0462512 0.297147 9.9991E-05 0.145649 0.0421751 0.117812 0.0271054
9.9973E-05 0.0603635 0.212597 0.19216 9.9973E-05 0.47041 0.0641694 9.9973E-05
9.9955E-05 9.9955E-05 9.9955E-05 9.9955E-05 0.00814022 9.9955E-05 0.864725 0.126635
0.0260628 0.169501 0.424814 0.0611514 9.9991E-05 0.000140424 0.274411 0.0438194
0.093799 0.271749 9.9991E-05 0.0725967 0.0694906 0.244609 0.118856 0.1288
0.0322953 0.157382 0.252592 0.0992542 0.0225156 0.0820124 0.26206 0.0918888
0.108241 9.9973E-05 9.9973E-05 0.0842888 9.9973E-05 0.320516 0.477594 0.00905983
9.99729E-05 0.0714593 0.0916685 0.648994 0.0355279 0.152051 9.99729E-05 9.99729E-05
0.188085 0.151782 9.9982E-05 0.0558653 9.9982E-05 0.0806019 0.441367 0.0820979
0.778321 9.9973E-05 9.9973E-05 0.00392783 0.0679028 9.9973E-05 0.103903 0.0456458
0.00663728 0.00489872 0.178126 0.0987459 0.08073 0.587001 0.0437617 9.9991E-05
9.9973E-05 0.1183 9.9973E-05 9.9973E-05 0.0788026 0.544571 0.210914 0.0471121
0.152831 9.9982E-05 0.143092 9.9982E-05 0.077303 0.0365036 0.531235 0.0588344
9.9946E-05 9.9946E-05 0.974042 9.9946E-05 0.0253582 9.9946E-05 9.9946E-05 9.9946E-05
9.9973E-05 9.9973E-05 0.216486 0.0176153 0.0414262 0.543995 9.9973E-05 0.180177
0.116498 9.99551E-05 9.99551E-05 9.99551E-05 9.99551E-05 9.99551E-05 0.845961 0.0370409
9.9973E-05 0.112201 9.9973E-05 0.0867935 0.00816868 0.703796 9.9973E-05 0.0887412
0.190208 0.0809445 0.040581 9.9991E-05 0.0330154 0.339038 0.287955 0.0281588
9.999E-05 0.378179 0.0162538 0.0140568 0.0349244 0.296148 0.141085 0.119252
9.9973E-05 0.150391 0.0715489 9.9973E-05 0.0562898 0.556471 9.9973E-05 0.165
0.0325708 0.210789 0.0416652 0.00168013 0.0263866 0.590747 9.9991E-05 0.0960611
0.370194 9.9964E-05 0.32913 9.9964E-05 9.9964E-05 0.0382404 0.262036 9.9964E-05
0.595313 0.1204 0.059034 9.9973E-05 0.0972174 9.9973E-05 0.127736 9.9973E-05
0.255861 9.9991E-05 0.0857105 0.0182279 0.0119651 0.292107 0.147861 0.188168
0.209207 0.0562702 0.0717289 9.9982E-05 0.0737028 0.347992 0.240899 9.9982E-05
0.290608 0.0388279 0.0136807 0.0741326 9.9973E-05 0.582451 9.9973E-05 9.9973E-05
0.346177 0.125901 9.9982E-05 0.0376757 0.0407013 0.13132 0.318024 9.9982E-05
0.191676 0.113676 0.00304367 0.104863 0.0784108 0.23216 0.276071 9.9991E-05
0.282829 9.9982E-05 0.199816 0.011906 0.132186 9.9982E-05 0.338445 0.0346187
0.178992 0.121487 0.0134442 0.0438126 0.155571 0.481586 9.9991E-05 0.00500655
9.9973E-05 0.665034 0.103427 0.0719029 9.9973E-05 0.135679 9.9973E-05 0.0236572
9.9982E-05 0.0510803 9.9982E-05 0.116869 0.0639838 0.423401 0.239879 0.104586
0.830086 0.0621142 0.0339568 0.073443 9.9964E-05 9.9964E-05 9.9964E-05 9.9964E-05
0.0695546 0.00241165 0.0260222 0.0635566 0.099675 0.668862 0.0645643 0.00535377
0.918776 9.99551E-05 9.99551E-05 0.0301837 0.0505401 9.99551E-05 9.99551E-05 9.99551E-05
0.422662 9.9982E-05 0.046355 0.0773004 0.0866566 0.30337 9.9982E-05 0.0634559
0.298719 0.128944 0.0977627 0.15222 0.0511121 0.0463478 0.11809 0.106805
0.596792 9.9973E-05 0.0687338 9.9973E-05 0.0527671 9.9973E-05 0.188524 0.0928826
9.9991E-05 0.0907484 0.188089 0.0535098 0.0300181 0.594187 0.0242003 0.0191468
9.9982E-05 0.11637 0.0071161 9.9982E-05 0.118041 0.386424 0.30541 0.0664393
9.9964E-05 9.9964E-05 9.9964E-05 0.111787 0.0298216 0.458267 0.399725 9.9964E-05
9.9955E-05 9.9955E-05 0.0913967 0.823943 0.084161 9.9955E-05 9.9955E-05 9.9955E-05
9.9982E-05 0.00214849 0.366896 0.00215796 9.9982E-05 0.189694 0.245614 0.193289
9.9955E-05 0.0654348 0.910461 9.9955E-05 9.9955E-05 9.9955E-05 9.9955E-05 0.0236043
0.0312341 9.9982E-05 0.315953 9.9982E-05 0.0530662 0.496064 0.0278288 0.0756539
0.111802 9.9991E-05 0.0797375 0.105239 0.0222409 0.444848 0.233305 0.00272775
9.9955E-05 9.9955E-05 0.307549 9.9955E-05 9.9955E-05 0.124788 0.567163 9.9955E-05
9.9991E-05 0.193608 0.107413 0.117899 0.0787401 0.191947 0.221527 0.0887671
0.672316 9.9955E-05 9.9955E-05 9.9955E-05 9.9955E-05 0.283672 9.9955E-05 0.0435127
9.9982E-05 0.221805 0.0852724 0.0299407 0.0563692 0.152676 0.453737 9.9982E-05
9.9982E-05 0.0427018 0.112042 0.136164 0.135678 0.166111 0.407104 9.9982E-05
0.0936069 0.0613014 9.9991E-05 0.0738199 0.0229494 0.371543 0.303143 0.0735366
0.252748 0.126816 0.0807446 0.0803776 9.9991E-05 0.0168231 0.249971 0.19242
0.358879 0.377626 9.9982E-05 0.0832745 0.0347356 0.0365348 9.9982E-05 0.108751
0.186968 9.9955E-05 9.9955E-05 9.9955E-05 0.175766 0.636766 9.9955E-05 9.9955E-05
9.9982E-05 0.0845302 9.9982E-05 0.0163836 0.033133 0.611348 0.199944 0.0544621
9.9973E-05 0.123541 0.133415 9.9973E-05 9.9973E-05 0.615262 0.0986406 0.0288408
0.0816104 0.118187 0.0853703 0.078539 0.0771609 0.381376 0.177656 9.9991E-05
0.101545 0.111949 0.0577324 0.0513086 0.0808587 0.358472 0.238034 9.9991E-05
9.9982E-05 9.9982E-05 0.314979 0.0108766 0.0156177 0.302915 0.281541 0.0738712
0.299079 0.142067 9.9991E-05 0.139443 0.0232122 0.285886 0.0668914 0.0433206
9.9982E-05 0.223358 9.9982E-05 0.0153256 0.0274541 0.367278 0.343275 0.02311
0.175129 9.9982E-05 0.0488305 0.0841284 0.105528 0.56725 9.9982E-05 0.0189344
0.406297 0.185529 0.160861 9.9982E-05 9.9982E-05 0.0362953 0.157928 0.052889
9.9982E-05 0.0473193 0.677184 0.0057874 0.100672 0.154076 0.0147609 9.9982E-05
0.429549 0.114987 9.9991E-05 0.0267073 0.091945 0.183059 0.0601992 0.0934539
9.9991E-05 0.114371 0.130498 0.227832 0.10634 0.0686308 0.309182 0.0430455
0.163701 0.15673 0.230703 9.9982E-05 0.0560983 0.11874 0.273828 9.9982E-05
9.9946E-05 9.9946E-05 9.9946E-05 0.973965 9.9946E-05 9.9946E-05 9.9946E-05 0.0254349
0.373999 0.00404642 9.9982E-05 0.00260718 0.0433578 9.9982E-05 0.487106 0.0886828
9.9982E-05 0.0121932 0.322218 9.9982E-05 0.0527527 0.488442 0.054244 0.0699499
0.0558887 0.302592 0.0910013 0.0693854 0.0209799 0.105017 0.355036 9.9991E-05
9.9973E-05 9.9973E-05 0.216044 9.9973E-05 0.0598803 0.598744 0.00935028 0.115681
9.9991E-05 0.123635 0.147474 0.00684116 0.0122958 0.471839 0.188495 0.0493203
0.497712 0.0529598 0.239145 9.9982E-05 0.0154408 9.9982E-05 0.10308 0.0914626
0.273581 0.00480341 9.99731E-05 9.99731E-05 0.0146485 0.631665 9.99731E-05 0.075002
9.9973E-05 9.9973E-05 0.0590654 0.467209 0.124884 0.0440914 0.30445 9.9973E-05
0.0023223 0.153527 0.0412079 0.281601 9.9982E-05 0.146151 0.374991 9.9982E-05
0.136023 0.000762126 0.193096 0.175793 0.0441146 0.218458 0.18947 0.0422827
9.994E-05 9.994E-05 9.994E-05 0.9993 9.994E-05 9.994E-05 9.994E-05 9.994E-05
0.0137708 0.0760967 9.9991E-05 0.00316346 0.065651 0.260567 0.423371 0.15728
9.99459E-05 9.99459E-05 9.99459E-05 9.99459E-05 0.00916182 9.99459E-05 9.99459E-05 0.990239
0.0622339 0.100829 0.40809 0.106013 0.0493834 9.9991E-05 0.147397 0.125953
0.0298362 0.269472 0.246729 0.0314976 9.9991E-05 0.158176 0.223422 0.0407675
0.299914 0.167957 0.1516 0.000907292 0.0550555 0.148283 0.142812 0.0334719
9.9991E-05 0.279215 0.354512 0.0518503 0.0663612 0.128139 0.0793515 0.0404714
0.155286 0.246417 9.9991E-05 0.0381349 0.00535564 0.377093 0.127224 0.0503891
0.106658 9.9982E-05 0.234617 0.0272661 0.106967 0.043194 0.481098 9.9982E-05
9.9982E-05 0.0241977 0.352211 9.9982E-05 0.0207389 0.406112 0.0570687 0.139472
0.341464 0.0199905 9.9982E-05 0.249676 0.143413 0.193553 9.9982E-05 0.0517036
0.275 0.0836344 0.14507 0.0382819 9.9991E-05 0.25706 0.14409 0.0567632
9.9973E-05 9.9973E-05 9.9973E-05 0.487747 0.0572954 0.267931 0.13379 0.0529362
0.0653024 9.9982E-05 0.136612 0.0130317 9.9982E-05 0.312201 0.455789 0.0168648
9.994E-05 9.994E-05 9.994E-05 0.9993 9.994E-05 9.994E-05 9.994E-05 9.994E-05
0.0355177 0.051737 0.100492 9.9982E-05 9.9982E-05 0.146576 0.451089 0.214389
0.284908 0.0254727 0.324324 9.9982E-05 0.128254 0.183485 0.0533559 9.9982E-05
0.343225 9.9982E-05 0.00163887 0.000284497 0.010804 0.62976 9.9982E-05 0.014088
0.195851 9.9973E-05 0.145872 9.9973E-05 0.0803339 9.9973E-05 0.519934 0.057709
0.0163433 0.176351 0.235684 9.9982E-05 0.123503 0.436409 9.9982E-05 0.0115105
9.9982E-05 9.9982E-05 0.132767 0.41825 0.124418 0.143738 0.169511 0.011116
0.286992 0.0688311 9.9991E-05 0.0762083 0.139186 0.322041 0.0679336 0.0387073
0.229631 0.148723 0.0146333 9.9982E-05 9.9982E-05 0.307903 0.274408 0.0245009
0.496323 9.9973E-05 9.9973E-05 0.118665 0.12661 0.0871907 0.170911 9.9973E-05
9.99641E-05 0.0254654 9.99641E-05 0.126077 9.99641E-05 0.574092 0.273966 9.99641E-05
0.0518964 0.0123311 0.157715 9.9982E-05 0.0364704 0.166528 0.574859 9.9982E-05
0.187056 0.00740253 9.9991E-05 0.0725374 0.0462492 0.442316 0.211018 0.0333214
0.61659 0.0676522 0.120444 9.9973E-05 0.0558378 0.139177 9.9973E-05 9.9973E-05
0.259184 0.0262886 9.9973E-05 0.0216202 0.0610977 9.9973E-05 0.631509 9.9973E-05
9.9964E-05 9.9964E-05 0.562588 9.9964E-05 0.0686825 0.203545 0.164784 9.9964E-05
0.0210011 0.0751383 0.0269137 0.0538212 0.0760365 0.726332 0.0206573 9.9991E-05
0.255251 9.9982E-05 0.0261867 0.277845 9.9982E-05 0.231198 0.181755 0.0275634
9.9973E-05 0.223645 9.9973E-05 0.0921755 0.0646003 0.444889 0.17439 9.9973E-05
9.9982E-05 9.9982E-05 0.258814 0.0936449 0.00926504 0.546299 0.0697961 0.0219801
0.30259 9.9973E-05 9.9973E-05 9.9973E-05 0.0856382 0.165081 0.436558 0.0098329
0.073953 0.881965 9.9964E-05 9.9964E-05 9.9964E-05 9.9964E-05 0.0255913 0.0180905
9.994E-05 0.9993 9.994E-05 9.994E-05 9.994E-05 9.994E-05 9.994E-05 9.994E-05
0.352202 0.156936 0.159172 0.0198599 0.104869 0.108208 0.0457897 0.0529635
0.0548011 9.9982E-05 0.0275049 9.9982E-05 0.0487364 0.488317 0.367556 0.0128852
0.235064 9.9973E-05 9.9973E-05 0.0305384 0.0849456 0.558524 9.9973E-05 0.090628
9.9973E-05 0.18215 9.9973E-05 9.9973E-05 0.0415433 0.252749 0.460361 0.0628965
0.304893 9.9973E-05 9.9973E-05 9.9973E-05 0.060491 0.368287 0.136961 0.129068
0.38746 9.9982E-05 0.155087 0.13261 0.0439212 0.10158 0.179142 9.9982E-05
9.9982E-05 0.0819862 9.9982E-05 0.0748963 0.0501791 0.694191 0.0135967 0.0849505
9.99729E-05 9.99729E-05 0.0975094 0.3903 0.0988629 0.121495 0.291533 9.99729E-05
0.0426491 0.070802 0.24758 0.0424209 9.9991E-05 0.231154 0.252744 0.112549
9.994E-05 9.994E-05 9.994E-05 9.994E-05 0.9993 9.994E-05 9.994E-05 9.994E-05
9.9982E-05 0.0342214 0.487541 9.9982E-05 0.0443843 0.262912 0.0468771 0.123864
0.0297867 0.073702 0.0840338 0.0046288 0.0231422 0.461311 9.9991E-05 0.323296
0.542329 0.0105169 0.122107 0.0125096 0.044761 9.9991E-05 0.172994 0.0946828
0.134398 0.0776148 0.0339163 9.9991E-05 0.0528893 0.482012 0.0597552 0.159315
0.0733616 0.191293 9.9991E-05 0.0664684 0.206241 0.414755 0.0452498 0.00253094
0.337691 0.27297 9.9991E-05 0.0161399 0.0560765 0.116289 0.184042 0.0166915
0.337735 0.0703789 0.088018 0.0128264 0.0570479 0.256151 0.177742 9.9991E-05
9.9991E-05 0.23576 0.119495 0.185223 0.0962318 0.0756803 0.203464 0.0840463
0.255934 0.00367044 0.0167035 9.9982E-05 0.11058 0.489127 0.123786 9.9982E-05
9.9991E-05 0.115784 0.074875 0.0796737 0.066801 0.353084 0.278138 0.0315452
0.00576464 0.0461411 0.879529 0.0681657 9.9964E-05 9.9964E-05 9.9964E-05 9.9964E-05
0.00409358 0.0616933 0.0186697 0.171381 0.0604109 0.406059 0.246872 0.0308203
9.9964E-05 9.9964E-05 0.114944 9.9964E-05 0.0699348 0.123097 0.691624 9.9964E-05
9.994E-05 9.994E-05 9.994E-05 9.994E-05 0.9993 9.994E-05 9.994E-05 9.994E-05
0.01845 0.11795 0.107662 9.9991E-05 0.378895 0.156338 0.212328 0.00827702
0.198342 0.261559 0.0329977 0.0278354 9.9991E-05 0.396237 0.0247936 0.0581356
0.465272 0.0194483 0.140454 0.0161573 0.0877936 0.158078 0.100033 0.0127628
9.9964E-05 9.9964E-05 0.918443 0.0150703 0.0455155 9.9964E-05 9.9964E-05 0.0205711
0.282624 0.0581463 0.129627 9.9991E-05 0.0617774 0.154882 0.274945 0.0378987
0.140362 0.125546 9.9982E-05 9.9982E-05 0.0196355 0.334331 0.23854 0.141386
9.994E-05 0.9993 9.994E-05 9.994E-05 9.994E-05 9.994E-05 9.994E-05 9.994E-05
9.9982E-05 0.0983756 0.355894 0.100499 0.0641689 0.160419 0.220444 9.9982E-05
0.243741 0.182943 0.0513253 0.141392 9.9982E-05 0.134416 0.245983 9.9982E-05
0.326929 9.9991E-05 0.0524493 0.169256 0.0687065 0.0874099 0.183426 0.111724
9.9973E-05 9.9973E-05 0.24659 0.188997 0.0558496 0.455123 0.0531401 9.9973E-05
0.481948 0.504054 9.9955E-05 9.9955E-05 0.0134982 9.9955E-05 9.9955E-05 9.9955E-05
0.196331 9.99639E-05 0.0882502 9.99639E-05 0.0954707 0.619549 9.99639E-05 9.99639E-05
0.150805 0.0104057 9.9973E-05 0.10002 9.9973E-05 0.59506 9.9973E-05 0.14341
0.312628 9.9973E-05 0.0122816 9.9973E-05 0.0805941 0.204732 0.389464 9.9973E-05
0.414315 0.101032 0.0965851 0.0143413 9.9991E-05 0.10488 0.168333 0.100414
9.994E-05 9.994E-05 9.994E-05 9.994E-05 9.994E-05 9.994E-05 9.994E-05 0.9993
0.469271 0.0820888 9.9991E-05 0.0682801 0.00264233 0.0726512 0.24255 0.0624168
9.9964E-05 9.9964E-05 9.9964E-05 0.0820124 0.0162957 9.9964E-05 0.899315 0.00197692
9.9973E-05 0.119754 9.9973E-05 0.155224 0.125958 0.0581168 0.540647 9.9973E-05
0.0936613 0.263313 0.432289 0.0833277 0.0429418 0.0105266 0.0277248 0.0462165
0.126352 9.9973E-05 0.403586 0.204813 9.9973E-05 0.180481 0.0844683 9.9973E-05
0.133227 0.0955846 0.393712 0.00488033 0.0623395 0.15852 0.117515 0.0342211
9.994E-05 9.994E-05 9.994E-05 9.994E-05 9.994E-05 9.994E-05 9.994E-05 0.9993
0.152464 0.0460255 0.257358 9.9982E-05 0.104147 0.438178 9.9982E-05 0.00162746
9.9991E-05 0.0473652 0.0615756 0.0320297 0.0401849 0.149442 0.464011 0.205292
9.99639E-05 0.174474 0.356549 9.99639E-05 0.0212228 0.447355 9.99639E-05 9.99639E-05
0.389388 0.337401 0.173515 0.0880478 9.9973E-05 9.9973E-05 0.0113493 9.9973E-05
