0.00199177 9.99549E-05 0.0920322 9.99549E-05 9.99549E-05 0.143588 9.99549E-05 9.99549E-05 0.0378299 0.724059
0.320574 0.0745222 0.11856 9.9964E-05 9.9964E-05 9.9964E-05 0.237651 9.9964E-05 0.120045 0.128249
0.318953 0.058646 0.0127377 9.9982E-05 0.215367 0.195452 9.9982E-05 0.0237289 0.120246 0.0546691
0.203789 0.0230474 0.0455771 9.9973E-05 0.312151 0.0691173 9.9973E-05 0.114752 9.9973E-05 0.231266
0.209863 0.031518 0.0422464 0.301651 0.292226 9.9973E-05 9.9973E-05 0.0430262 9.9973E-05 0.0791691
0.274639 9.9964E-05 0.0990207 0.21535 0.382308 0.00868273 9.9964E-05 0.0195999 9.9964E-05 9.9964E-05
0.373327 0.0321496 0.0314013 9.9964E-05 9.9964E-05 9.9964E-05 9.9964E-05 0.0741603 0.0395767 0.448985
0.0288467 0.0576332 9.99729E-05 0.0770653 0.400749 9.99729E-05 9.99729E-05 0.0617222 0.189099 0.184584
0.249408 0.106561 0.0689902 0.055605 0.0476533 0.211216 0.188029 0.0115889 0.000521953 0.060427
9.9973E-05 0.217673 0.239427 9.9973E-05 0.0761193 0.197784 0.0655722 0.0581349 9.9973E-05 0.14499
9.9955E-05 9.9955E-05 0.117172 0.197884 0.231924 0.445004 9.9955E-05 0.00751727 9.9955E-05 9.9955E-05
9.99369E-05 9.99369E-05 9.99369E-05 0.0665494 9.99369E-05 0.114401 0.81835 9.99369E-05 9.99369E-05 9.99369E-05
0.310844 0.116615 0.053737 0.160524 0.203775 0.0272099 0.000135931 0.0878379 9.9991E-05 0.0392206
0.113261 0.116793 0.0507121 0.28094 9.9982E-05 9.9982E-05 0.164179 0.0416332 0.0264429 0.205839
9.99549E-05 9.99549E-05 0.0263838 0.868744 9.99549E-05 9.99549E-05 0.0314275 0.0123762 0.0605692 9.99549E-05
0.0300695 0.0719866 0.0381779 0.107737 9.9982E-05 9.9982E-05 0.151997 0.0912782 0.36217 0.146384
9.99201E-05 9.99201E-05 9.99201E-05 0.999101 9.99201E-05 9.99201E-05 9.99201E-05 9.99201E-05 9.99201E-05 9.99201E-05
0.0350241 0.0959274 0.0247045 0.123715 0.223477 0.0932906 0.0113417 0.144081 0.0871405 0.161298
9.9973E-05 9.9973E-05 9.9973E-05 0.110359 0.310251 0.411498 0.00585215 0.0958475 0.0138316 0.0520608
0.25105 0.0947211 0.0375131 0.00247341 0.224881 0.127901 9.9991E-05 0.0468369 0.0673733 0.147151
0.106606 9.99729E-05 0.0354262 0.163832 0.373052 0.0664038 9.99729E-05 0.0917681 9.99729E-05 0.162612
0.0546767 0.00430572 0.0200573 0.0869706 0.330288 0.0586632 0.219202 0.131844 0.00954839 0.0844444
0.156621 9.9964E-05 9.9964E-05 0.0461274 0.396936 0.212951 0.0212074 0.165757 9.9964E-05 9.9964E-05
0.325628 0.0630075 9.9973E-05 0.0414724 0.0973101 0.180089 9.9973E-05 9.9973E-05 0.0785776 0.213616
9.9946E-05 9.9946E-05 0.219046 0.266279 9.9946E-05 0.494106 9.9946E-05 0.0199696 9.9946E-05 9.9946E-05
0.188452 0.0410816 0.0194877 0.281681 0.222731 9.9964E-05 9.9964E-05 9.9964E-05 9.9964E-05 0.246167
0.0810728 0.156867 0.0725349 9.9982E-05 0.0678855 0.295 0.0431067 0.134437 0.148896 9.9982E-05
9.9982E-05 0.0434234 0.0509613 0.362374 0.203763 9.9982E-05 0.0703162 0.0488421 0.000339144 0.219781
0.086707 0.104238 0.100816 0.284151 0.409287 0.000347822 9.9973E-05 9.9973E-05 0.0141539 9.9973E-05
9.99729E-05 0.543364 0.0171866 0.0265745 0.28936 9.99729E-05 0.0747154 0.0371833 9.99729E-05 0.0113157
0.0473633 0.102587 0.0510878 0.248691 0.0747815 0.207376 0.260881 0.00703226 9.9982E-05 9.9982E-05
9.9955E-05 0.0268147 0.00604723 9.9955E-05 9.9955E-05 0.893021 9.9955E-05 0.00741082 0.0662065 9.9955E-05
0.178647 0.0376544 9.9964E-05 0.427112 0.25094 9.9964E-05 9.9964E-05 0.0731001 9.9964E-05 0.0321463
0.434311 9.99639E-05 0.0108087 0.252768 9.99639E-05 0.237674 9.99639E-05 0.0303009 0.0337372 9.99639E-05
0.0761929 9.9964E-05 0.0430028 0.332211 9.9964E-05 9.9964E-05 0.316474 0.0658826 9.9964E-05 0.165837
9.9928E-05 9.9928E-05 9.9928E-05 9.9928E-05 9.9928E-05 9.9928E-05 9.9928E-05 0.0357125 9.9928E-05 0.963488
0.538483 0.020422 0.0844146 9.9964E-05 0.165979 9.9964E-05 9.9964E-05 0.00655205 9.9964E-05 0.183749
9.9955E-05 0.155063 0.112214 0.269901 9.9955E-05 0.280377 9.9955E-05 9.9955E-05 9.9955E-05 0.181945
0.158585 0.0838782 0.0536938 0.279582 0.376577 9.9973E-05 0.0449078 0.00247651 9.9973E-05 9.9973E-05
0.164662 9.99639E-05 9.99639E-05 0.0808376 9.99639E-05 0.467518 0.0285582 0.0770249 0.180999 9.99639E-05
0.273597 0.0682993 0.0531642 9.9973E-05 0.267318 0.150748 9.9973E-05 0.0330158 0.153558 9.9973E-05
0.16087 9.9982E-05 0.0487979 0.0347785 0.189047 0.298273 9.9982E-05 0.0451696 0.132186 0.0906783
9.9964E-05 0.00832294 0.0581801 9.9964E-05 0.811681 9.9964E-05 0.0747952 0.035568 0.0110525 9.9964E-05
9.99461E-05 9.99461E-05 9.99461E-05 9.99461E-05 0.363833 0.124369 0.234274 9.99461E-05 9.99461E-05 0.276924
9.9973E-05 0.0898461 9.9973E-05 9.9973E-05 0.0363611 0.333852 0.2069 0.0749685 0.116556 0.141216
0.0641567 9.9973E-05 0.111916 0.0333932 0.0295473 0.652014 9.9973E-05 0.0195683 9.9973E-05 0.0891045
0.222847 0.0681654 9.9991E-05 0.0408549 0.1044 0.123418 0.120341 0.0527297 0.159786 0.107359
0.0886198 0.0562012 9.9973E-05 9.9973E-05 0.475469 0.0924778 0.177302 0.0543651 0.055266 9.9973E-05
0.038951 0.0479878 9.9964E-05 0.118695 9.9964E-05 0.56712 9.9964E-05 0.068516 0.158331 9.9964E-05
9.9982E-05 0.105114 9.9982E-05 0.23599 0.300502 0.0219125 0.0840804 0.0468158 0.0985467 0.106838
9.9982E-05 0.0540615 0.0807602 0.339379 0.0164985 0.119299 0.0802957 0.0781189 9.9982E-05 0.231388
0.102106 0.125871 0.00539504 9.9982E-05 9.9982E-05 0.41157 0.0457504 0.0669027 0.127424 0.114781
0.18582 0.0772961 0.02864 9.9973E-05 0.14487 9.9973E-05 0.0861501 0.00357891 0.473345 9.9973E-05
0.11076 0.130282 0.194831 0.0796864 0.165244 0.0020243 9.9982E-05 0.0538128 0.26316 9.9982E-05
9.9946E-05 0.0788363 9.9946E-05 9.9946E-05 9.9946E-05 0.576351 0.0576071 9.9946E-05 0.286606 9.9946E-05
0.0966256 0.00419755 9.9973E-05 0.0180702 0.411226 0.252764 0.117671 0.0991462 9.9973E-05 9.9973E-05
9.9982E-05 0.0545769 0.0682152 9.9982E-05 0.233082 0.22168 0.114451 0.00037397 0.27253 0.0348912
0.0308392 0.0928631 0.0324693 9.9991E-05 0.255176 0.2526 0.138029 0.0449596 0.0176847 0.135279
0.0464256 0.0525441 9.99819E-05 0.10419 0.153965 0.307932 0.181554 0.0929652 0.0602242 9.99819E-05
9.9973E-05 0.0496249 0.0757464 9.9973E-05 0.23892 0.195165 0.317841 0.051634 9.9973E-05 0.0707694
0.985595 9.99279E-05 9.99279E-05 9.99279E-05 9.99279E-05 9.99279E-05 9.99279E-05 0.0136057 9.99279E-05 9.99279E-05
0.292037 9.9973E-05 0.0384183 0.202369 9.9973E-05 0.124737 0.17142 0.112896 9.9973E-05 0.0578225
0.171463 9.9964E-05 9.9964E-05 0.351712 9.9964E-05 0.292624 0.106515 0.0512466 9.9964E-05 0.0260396
0.0522708 0.884018 9.9946E-05 9.9946E-05 9.9946E-05 9.9946E-05 9.9946E-05 0.0606149 0.00249656 9.9946E-05
0.153101 9.9973E-05 0.157941 9.9973E-05 0.00633252 0.112785 0.115255 9.9973E-05 0.0497284 0.404556
9.9946E-05 9.9946E-05 0.00127235 9.9946E-05 0.0144685 9.9946E-05 9.9946E-05 9.9946E-05 0.0150395 0.96862
0.196046 9.9964E-05 0.141001 9.9964E-05 9.9964E-05 0.21531 9.9964E-05 0.06958 0.033888 0.343775
0.126116 0.0169758 9.9964E-05 0.240262 0.408294 0.136146 9.9964E-05 0.0718061 9.9964E-05 9.9964E-05
0.266841 0.076032 9.9982E-05 0.15292 0.078454 0.125822 0.000218282 0.013897 9.9982E-05 0.285616
0.0729986 0.0627576 0.0723864 0.089429 0.468434 9.99729E-05 9.99729E-05 0.0712101 0.162484 9.99729E-05
0.243517 0.0813173 0.153686 9.9973E-05 9.9973E-05 0.243177 0.219964 0.0461439 0.0118948 9.9973E-05
0.027816 0.0282316 9.9973E-05 0.353229 9.9973E-05 0.154695 9.9973E-05 0.0800027 0.0328489 0.322877
0.0916084 0.0913189 0.0141119 0.282611 0.240165 0.0655104 0.0583051 0.141453 9.9991E-05 0.0148162
0.136712 0.0308558 9.99639E-05 0.398304 0.0777002 0.353772 9.99639E-05 0.00225626 9.99639E-05 9.99639E-05
9.9973E-05 0.0572036 0.138842 0.403056 0.182421 0.0294702 9.9973E-05 9.9973E-05 0.0724357 0.116272
9.9982E-05 0.00256752 0.0800366 0.00698328 0.0551538 0.194904 0.39963 0.0256053 0.234919 9.9982E-05
0.368564 9.9982E-05 0.0194017 0.102164 0.190651 0.102034 0.0738881 0.100805 0.0422923 9.9982E-05
0.908049 9.9955E-05 0.0290458 9.9955E-05 0.0326093 9.9955E-05 9.9955E-05 0.0213378 0.00845813 9.9955E-05
0.98317 9.9928E-05 9.9928E-05 9.9928E-05 0.0160302 9.9928E-05 9.9928E-05 9.9928E-05 9.9928E-05 9.9928E-05
0.750864 0.100505 9.9946E-05 0.07842 9.9946E-05 9.9946E-05 9.9946E-05 0.0696113 9.9946E-05 9.9946E-05
0.326344 0.0755427 0.0408518 0.0773924 0.183022 9.9991E-05 0.101735 0.050368 0.116539 0.0281053
0.242235 9.9964E-05 0.0182365 0.225575 0.359279 9.9964E-05 0.113153 0.0411214 9.9964E-05 9.9964E-05
0.0363483 0.22056 9.9964E-05 9.9964E-05 9.9964E-05 0.640915 0.0181378 9.9964E-05 0.0800929 0.00354563
0.0810931 0.0640325 0.113534 0.184693 0.306662 9.9973E-05 9.9973E-05 0.0470699 0.202616 9.9973E-05
0.42672 0.0160026 9.9973E-05 0.144158 9.9973E-05 0.330277 0.0139621 0.0166555 9.9973E-05 0.0519246
0.0779972 9.9973E-05 0.078662 9.9973E-05 0.126604 0.271667 0.198158 9.9973E-05 0.223599 0.0230131
0.077108 0.007641 0.0022972 0.0287062 0.0908491 9.9982E-05 0.0328066 0.0555443 9.9982E-05 0.704848
9.99461E-05 9.99461E-05 0.0379375 9.99461E-05 0.0166551 9.99461E-05 0.910251 0.0345565 9.99461E-05 9.99461E-05
0.0726543 0.138137 0.0397653 0.35501 9.9982E-05 0.152048 9.9982E-05 0.063338 0.0900823 0.0887647
9.9955E-05 9.9955E-05 9.9955E-05 0.107585 0.511155 0.297353 9.9955E-05 0.0493135 0.0340931 9.9955E-05
9.99369E-05 0.938265 0.0528854 9.99369E-05 9.99369E-05 9.99369E-05 0.00814979 9.99369E-05 9.99369E-05 9.99369E-05
9.9973E-05 9.9973E-05 0.0035521 0.226837 0.0909114 0.422973 0.211036 0.0218614 9.9973E-05 0.0225291
0.148957 9.9973E-05 0.0205404 9.9973E-05 0.505561 0.119299 9.9973E-05 0.127304 0.0140752 0.0639642
0.102199 0.0306356 9.9991E-05 0.313947 0.00686507 0.0892796 0.158859 0.0510776 0.208881 0.0381562
0.368521 9.9964E-05 0.0294817 9.9964E-05 0.377891 0.140053 9.9964E-05 0.00557743 9.9964E-05 0.078076
0.143479 0.0788411 0.0252078 0.0315149 0.642473 9.9964E-05 9.9964E-05 9.9964E-05 9.9964E-05 0.0780833
9.99551E-05 9.99551E-05 0.0225339 9.99551E-05 0.606986 0.18982 9.99551E-05 9.99551E-05 0.0580467 0.122113
0.270828 9.99462E-05 0.0584611 0.0515416 9.99462E-05 0.61857 9.99462E-05 9.99462E-05 9.99462E-05 9.99462E-05
9.9964E-05 0.435288 9.9964E-05 0.184343 0.167447 9.9964E-05 0.0126931 0.0625763 9.9964E-05 0.137252
0.128343 0.273236 9.9973E-05 0.281591 0.0813473 9.9973E-05 0.150492 9.9973E-05 0.000257884 0.0844338
0.0571491 0.112775 9.9964E-05 0.187593 0.2121 0.30791 9.9964E-05 9.9964E-05 9.9964E-05 0.122073
9.99201E-05 0.999101 9.99201E-05 9.99201E-05 9.99201E-05 9.99201E-05 9.99201E-05 9.99201E-05 9.99201E-05 9.99201E-05
0.164129 0.0337677 0.138792 0.396073 0.0220175 0.173584 9.9982E-05 0.0095975 0.0618396 9.9982E-05
9.99279E-05 9.99279E-05 0.988888 9.99279E-05 9.99279E-05 9.99279E-05 9.99279E-05 0.0103127 9.99279E-05 9.99279E-05
9.9982E-05 0.00895626 0.0491885 0.0734209 0.379228 9.9982E-05 0.323841 0.0138952 0.0894044 0.0618658
9.9964E-05 0.00665304 9.9964E-05 0.157213 0.34133 0.250525 9.9964E-05 9.9964E-05 0.165528 0.0783517
0.225522 0.0326907 9.997E-05 0.129275 9.997E-05 0.0822652 0.122453 9.997E-05 0.205841 0.201654
0.237391 9.9982E-05 9.9982E-05 0.0441284 0.114816 0.109466 0.0976925 0.0575399 0.046801 0.291965
0.00155523 0.0389182 0.0366824 0.197133 0.311625 0.287472 0.053185 0.0351287 0.0381995 9.9991E-05
0.285295 0.0149077 9.9991E-05 0.0989179 0.160767 0.240892 0.0706439 0.0278025 0.0216027 0.079071
0.0392727 9.9973E-05 0.0849989 0.132831 0.654092 9.9973E-05 0.0193168 0.0256642 9.9973E-05 0.0435248
9.9964E-05 0.160738 9.9964E-05 9.9964E-05 0.155193 0.508164 0.112417 0.0620244 9.9964E-05 0.00106479
0.240879 9.99639E-05 0.0493276 0.14018 0.240341 0.184099 9.99639E-05 9.99639E-05 0.144773 9.99639E-05
0.228872 0.471418 0.0273186 0.214385 9.9964E-05 9.9964E-05 9.9964E-05 0.0204844 0.037123 9.9964E-05
0.190626 0.0310504 0.0796709 0.0184524 0.464452 0.103138 0.087254 9.9982E-05 9.9982E-05 0.0251557
9.99201E-05 0.999101 9.99201E-05 9.99201E-05 9.99201E-05 9.99201E-05 9.99201E-05 9.99201E-05 9.99201E-05 9.99201E-05
9.9946E-05 9.9946E-05 0.268432 0.256292 0.358886 0.11579 9.9946E-05 9.9946E-05 9.9946E-05 9.9946E-05
0.230763 0.0414881 0.00589445 0.0112999 9.9982E-05 0.0227543 9.9982E-05 0.0938682 0.108752 0.48498
0.0797658 0.0629035 0.00690934 9.9973E-05 0.65492 9.9973E-05 0.156124 0.00614699 0.0329302 9.9973E-05
9.9982E-05 0.0805431 0.112288 0.263883 0.334887 0.0527363 0.0174462 0.0596307 9.9982E-05 0.0783858
0.531759 0.0496146 0.0370267 0.0231475 0.020905 9.9991E-05 0.00537056 0.0730981 0.173632 0.0853462
0.214335 0.35014 9.9955E-05 0.221167 9.9955E-05 9.9955E-05 9.9955E-05 0.113681 9.9955E-05 0.100178
0.438473 0.163535 0.0755648 0.135284 9.9982E-05 0.126549 9.9982E-05 0.0458374 0.00436267 0.0101944
0.232678 9.9982E-05 0.052655 0.130054 0.0236133 0.0526502 0.215781 0.0197697 0.272599 9.9982E-05
9.9964E-05 0.140799 9.9964E-05 0.09262 9.9964E-05 0.523972 0.119235 0.0655868 0.057387 9.9964E-05
0.180554 9.99461E-05 9.99461E-05 0.41721 0.144225 9.99461E-05 0.257411 9.99461E-05 9.99461E-05 9.99461E-05
9.9946E-05 9.9946E-05 9.9946E-05 0.110488 0.331988 0.516155 9.9946E-05 0.0407687 9.9946E-05 9.9946E-05
0.31598 0.128544 0.0434633 9.9973E-05 0.0453094 0.366403 9.9973E-05 0.0464755 0.0535256 9.9973E-05
9.99369E-05 9.99369E-05 9.99369E-05 9.99369E-05 0.192123 9.99369E-05 0.707194 9.99369E-05 0.0999831 9.99369E-05
9.9964E-05 0.149765 0.0499627 0.217391 9.9964E-05 0.268225 0.0835813 9.9964E-05 9.9964E-05 0.230675
0.0545176 0.0504168 9.9955E-05 0.0924527 9.9955E-05 9.9955E-05 0.0669517 9.9955E-05 9.9955E-05 0.735161
0.314855 9.9964E-05 9.9964E-05 0.0199076 0.372512 0.00729946 0.176053 0.108974 9.9964E-05 9.9964E-05
0.310957 0.301175 9.9973E-05 0.0341508 0.0874707 9.9973E-05 0.217482 0.0127137 9.9973E-05 0.035751
0.0236542 0.0924278 9.9964E-05 0.273456 0.428055 0.0838092 9.9964E-05 0.0981981 9.9964E-05 9.9964E-05
9.9946E-05 9.9946E-05 0.00977639 9.9946E-05 0.517806 0.292127 9.9946E-05 9.9946E-05 9.9946E-05 0.17969
0.0110992 9.9973E-05 0.0164274 0.172593 0.171783 0.436939 0.0914094 0.0994489 9.9973E-05 9.9973E-05
9.99279E-05 9.99279E-05 9.99279E-05 9.99279E-05 9.99279E-05 9.99279E-05 0.105702 9.99279E-05 0.893498 9.99279E-05
9.99201E-05 9.99201E-05 9.99201E-05 9.99201E-05 9.99201E-05 9.99201E-05 9.99201E-05 9.99201E-05 0.999101 9.99201E-05
0.131224 0.00115993 0.0221018 9.9991E-05 0.199992 0.227136 0.229167 0.0299344 0.02001 0.139175
0.782536 0.00052217 0.0324319 0.0951465 9.9982E-05 0.0230251 0.0253376 0.0342618 0.00653947 9.9982E-05
0.223554 0.0264074 0.111434 9.9964E-05 0.29974 9.9964E-05 0.286894 0.0515717 9.9964E-05 9.9964E-05
9.9964E-05 9.9964E-05 0.0226061 0.3886 0.351013 0.160214 0.0452822 0.0318854 9.9964E-05 9.9964E-05
0.102084 0.0834929 0.0656285 9.9973E-05 9.9973E-05 0.370627 0.237433 0.000540079 9.9973E-05 0.139895
0.075719 0.0236765 0.0197123 0.0822114 9.9973E-05 0.688399 9.9973E-05 0.0457085 9.9973E-05 0.0642732
0.604137 9.99641E-05 0.0816797 0.087774 0.0889274 9.99641E-05 9.99641E-05 0.0654447 0.0716372 9.99641E-05
0.355895 0.291877 0.00752379 0.104057 0.0507208 0.0225571 9.9982E-05 0.07808 9.9982E-05 0.0890889
0.046026 9.9982E-05 0.0712667 0.0686233 0.344845 9.9982E-05 0.0821624 0.0356447 0.0775613 0.27367
9.99201E-05 9.99201E-05 9.99201E-05 9.99201E-05 9.99201E-05 9.99201E-05 9.99201E-05 0.999101 9.99201E-05 9.99201E-05
0.258915 9.9955E-05 0.0924703 9.9955E-05 9.9955E-05 9.9955E-05 9.9955E-05 0.0543137 0.0316345 0.562167
0.0648889 9.9964E-05 0.190264 9.9964E-05 0.599657 9.9964E-05 9.9964E-05 0.029674 0.111632 0.0034846
9.99201E-05 9.99201E-05 9.99201E-05 9.99201E-05 9.99201E-05 9.99201E-05 0.999101 9.99201E-05 9.99201E-05 9.99201E-05
0.396234 9.99549E-05 0.255772 9.99549E-05 9.99549E-05 9.99549E-05 0.18439 0.0463458 0.116759 9.99549E-05
0.214034 0.129929 0.0916021 9.9982E-05 0.0219255 9.9982E-05 0.322704 0.118536 0.0650316 0.0360373
0.193879 0.0562277 9.9973E-05 0.0149235 9.9973E-05 0.249751 0.234884 0.0416545 0.20838 9.9973E-05
0.111585 9.99459E-05 9.99459E-05 9.99459E-05 9.99459E-05 9.99459E-05 0.863336 0.0219671 9.99459E-05 0.00251243
9.9982E-05 0.188885 0.0199925 0.145749 0.251515 9.9982E-05 0.0331231 0.0613487 0.139013 0.160174
0.296756 9.9955E-05 9.9955E-05 9.9955E-05 9.9955E-05 0.498459 0.0397607 0.10561 9.9955E-05 0.0589146
9.9982E-05 0.0651384 0.0576557 0.140285 0.427031 9.9982E-05 0.191597 0.035741 0.0271603 0.0551924
9.9946E-05 0.0643808 9.9946E-05 9.9946E-05 0.129533 9.9946E-05 9.9946E-05 9.9946E-05 0.075838 0.729648
0.0638955 0.113137 9.9982E-05 0.081421 0.218102 0.251463 0.0885607 0.0482932 9.9982E-05 0.134927
0.316549 9.9982E-05 0.00653354 0.24353 9.9982E-05 0.0732566 0.0350566 0.0883238 0.0421829 0.194367
9.99201E-05 9.99201E-05 9.99201E-05 9.99201E-05 9.99201E-05 9.99201E-05 9.99201E-05 0.999101 9.99201E-05 9.99201E-05
0.0883178 9.9982E-05 0.00803954 0.234856 9.9982E-05 0.0354018 0.150461 0.310382 0.0173592 0.154983
0.235064 9.9946E-05 0.043387 9.9946E-05 0.460616 9.9946E-05 9.9946E-05 9.9946E-05 0.260333 9.9946E-05
0.0143044 0.0387972 0.0992127 0.180635 0.384715 0.127611 9.9991E-05 0.0456085 0.0811572 0.027859
9.99551E-05 9.99551E-05 0.098461 9.99551E-05 9.99551E-05 0.0138475 0.0742615 0.025869 9.99551E-05 0.787061
0.238897 9.99639E-05 9.99639E-05 0.184687 9.99639E-05 0.196798 0.104269 9.99639E-05 0.0751429 0.199807
0.0505021 9.9973E-05 0.103824 0.165172 0.319665 0.162859 0.182958 0.014719 9.9973E-05 9.9973E-05
9.99279E-05 9.99279E-05 9.99279E-05 9.99279E-05 9.99279E-05 9.99279E-05 9.99279E-05 0.000658718 0.998542 9.99279E-05
0.127222 0.0413032 9.9982E-05 0.265958 0.0697724 9.9982E-05 0.241845 0.0628242 0.00540465 0.185471
0.00502115 0.0620714 9.9964E-05 0.0255493 9.9964E-05 0.62738 0.246807 9.9964E-05 0.0327712 9.9964E-05
0.02966 0.0762393 0.0625163 0.152243 0.208165 0.237774 0.0527781 0.050971 0.129553 9.9991E-05
0.146861 0.0646955 9.9964E-05 9.9964E-05 0.345582 0.209901 9.9964E-05 0.0890642 9.9964E-05 0.143496
0.0401151 9.9973E-05 0.078029 0.037034 9.9973E-05 0.278918 0.162447 9.9973E-05 0.392407 0.0107503
0.136481 9.9973E-05 9.9973E-05 0.121823 9.9973E-05 0.224269 0.147518 0.120594 0.0576439 0.191371
0.410045 9.9964E-05 0.0750404 0.0270485 0.0232215 0.17778 0.286465 9.9964E-05 9.9964E-05 9.9964E-05
0.167756 0.0507012 9.9964E-05 0.122632 0.383273 9.9964E-05 0.200073 0.0751647 9.9964E-05 9.9964E-05
9.9964E-05 0.0616492 0.0813697 0.291439 0.186989 9.9964E-05 0.332445 9.9964E-05 0.0457078 9.9964E-05
9.9928E-05 0.0098159 0.989385 9.9928E-05 9.9928E-05 9.9928E-05 9.9928E-05 9.9928E-05 9.9928E-05 9.9928E-05
0.165101 0.0218932 0.00175579 9.9964E-05 9.9964E-05 0.585639 9.9964E-05 9.9964E-05 0.0621439 0.163067
9.99201E-05 9.99201E-05 9.99201E-05 0.999101 9.99201E-05 9.99201E-05 9.99201E-05 9.99201E-05 9.99201E-05 9.99201E-05
0.114791 0.0954041 0.0471464 0.322162 0.263979 9.9973E-05 9.9973E-05 0.092472 9.9973E-05 0.0637459
0.127983 9.9982E-05 0.0679998 9.9982E-05 0.195045 0.0744097 0.0307182 0.0397218 0.312351 0.151572
9.9946E-05 0.204174 9.9946E-05 9.9946E-05 0.406982 9.9946E-05 9.9946E-05 9.9946E-05 0.0182701 0.369974
0.0827321 0.00394443 0.0153911 0.160503 0.0170987 9.9982E-05 0.132122 9.9982E-05 0.161166 0.426843
9.99201E-05 9.99201E-05 0.999101 9.99201E-05 9.99201E-05 9.99201E-05 9.99201E-05 9.99201E-05 9.99201E-05 9.99201E-05
0.187504 9.9973E-05 9.9973E-05 9.9973E-05 0.395672 0.163176 0.0834429 0.120318 0.0129092 0.0366771
9.9973E-05 0.122792 0.159967 0.309296 0.0717258 0.015514 9.9973E-05 9.9973E-05 0.0275069 0.292898
0.40733 9.99549E-05 9.99549E-05 9.99549E-05 0.326023 9.99549E-05 9.99549E-05 0.0205679 0.0883053 0.157274
9.99639E-05 0.0764459 9.99639E-05 0.0567399 9.99639E-05 0.0484409 0.377405 9.99639E-05 0.300297 0.140271
