0.306094 0.558805 0.0472817 0.0878193
0.0176174 0.335614 0.388127 0.258642
0.15897 0.424939 0.108259 0.307832
0.146095 0.60505 9.9991E-05 0.248754
0.206007 0.7542 9.99911E-05 0.0396925
0.352745 0.600678 9.9991E-05 0.0464771
0.228591 0.492533 0.268247 0.0106294
0.0162558 0.931988 9.99911E-05 0.0516561
9.99821E-05 9.99821E-05 0.892574 0.107226
0.681511 9.99911E-05 0.049294 0.269095
0.474088 0.167944 9.9991E-05 0.357868
9.99821E-05 0.423264 0.576536 9.99821E-05
9.999E-05 0.438523 0.386933 0.174444
0.369157 0.526743 9.9991E-05 0.104001
9.99821E-05 0.441982 0.557818 9.99821E-05
0.136256 0.577822 0.0440944 0.241827
0.220487 0.0808961 0.454305 0.244313
0.661471 0.090433 9.9991E-05 0.247996
9.99821E-05 0.294169 0.705631 9.99821E-05
0.293625 0.68479 0.0214852 9.99973E-05
0.846247 9.99821E-05 9.99821E-05 0.153553
9.9991E-05 0.303951 0.496241 0.199709
0.258902 0.484409 9.99911E-05 0.256589
0.202054 0.288406 9.9991E-05 0.50944
0.376592 0.168119 9.9991E-05 0.455189
0.159999 0.328231 0.193734 0.318036
0.470782 9.9991E-05 0.348825 0.180292
0.171122 0.678374 9.99911E-05 0.150404
9.99821E-05 0.611612 0.388188 9.99821E-05
9.99821E-05 9.99821E-05 0.0454408 0.954359
0.755125 0.244675 9.99821E-05 9.99821E-05
0.200268 0.546833 0.252799 9.99911E-05
0.159184 9.99911E-05 0.357169 0.483547
9.99911E-05 0.700972 0.270084 0.0288435
0.0823968 0.643108 9.9991E-05 0.274395
0.440036 0.142833 0.222006 0.195125
0.527177 0.472623 9.99821E-05 9.99821E-05
0.013844 0.166494 0.137391 0.682272
0.402511 0.597289 9.99821E-05 9.99821E-05
0.0526201 0.895273 9.9991E-05 0.0520065
0.148579 9.99911E-05 0.439499 0.411821
0.681814 9.99821E-05 0.317986 9.99821E-05
0.394773 0.396834 0.0837427 0.12465
0.0199033 0.715784 0.109168 0.155145
0.0469676 0.421627 0.366997 0.164408
0.254047 0.480284 0.265569 9.9991E-05
0.237848 0.0667903 0.5322 0.163161
0.433026 0.165519 0.327507 0.0739478
0.183208 0.486526 0.330167 9.99911E-05
0.285903 0.713897 9.9982E-05 9.9982E-05
9.9982E-05 0.74118 9.9982E-05 0.25862
0.511585 9.99911E-05 0.263107 0.225208
9.9991E-05 0.131826 0.469656 0.398418
9.99911E-05 0.900777 0.038267 0.0608557
0.0373883 0.296643 0.587984 0.0779848
0.207131 0.153623 0.622126 0.0171194
0.223739 0.357174 0.132259 0.286828
0.17413 9.99822E-05 0.82567 9.99822E-05
0.144297 0.504131 0.351472 9.9991E-05
0.717311 0.279819 9.9991E-05 0.00276985
0.231194 0.733543 9.99911E-05 0.0351634
0.723226 9.9991E-05 0.215437 0.0612366
0.138674 0.0975777 0.738005 0.0257428
9.99821E-05 0.235437 9.99821E-05 0.764364
0.109793 0.682574 0.0906613 0.116972
0.0240603 9.9991E-05 0.705659 0.27018
0.328587 0.563261 9.9991E-05 0.108052
0.141891 0.420485 0.437524 9.9991E-05
9.99821E-05 0.588114 0.411686 9.99821E-05
0.339374 0.212845 0.196948 0.250833
0.376293 0.299151 0.272295 0.0522612
0.270373 9.99911E-05 0.592421 0.137105
0.306707 0.519347 0.173846 9.99911E-05
0.165371 0.647267 0.187262 9.99911E-05
0.103184 0.799652 9.99911E-05 0.0970634
0.0731167 0.195376 0.731408 9.9991E-05
9.99911E-05 0.578819 0.249437 0.171643
0.608971 9.9991E-05 0.261956 0.128974
0.0458185 0.690102 0.118335 0.145745
0.0321812 0.748848 0.162118 0.0568529
0.16103 0.83877 9.99821E-05 9.99821E-05
0.000729014 0.520628 0.308105 0.170538
0.400455 0.304419 0.295026 9.99911E-05
9.9991E-05 0.234138 0.459197 0.306565
0.641549 0.172565 0.0940548 0.0918304
0.492044 0.342 0.165856 9.9991E-05
9.99821E-05 9.99821E-05 0.659296 0.340504
9.99911E-05 0.210024 0.098163 0.691713
9.99911E-05 0.614446 0.247416 0.138038
9.99911E-05 0.309427 0.508299 0.182174
9.99821E-05 0.0695272 9.99821E-05 0.930273
0.77804 9.99911E-05 0.0976774 0.124182
0.437907 9.99911E-05 0.490795 0.0711976
0.264168 0.0745336 0.267974 0.393325
0.159805 9.9991E-05 0.643588 0.196507
0.0550492 0.509787 0.329728 0.105436
0.347415 0.0710369 0.252082 0.329465
0.142224 0.187837 0.66984 9.9991E-05
9.99821E-05 0.578553 9.99821E-05 0.421248
0.343024 9.9991E-05 0.140205 0.516671
0.683155 9.99911E-05 0.205682 0.111063
9.998E-05 9.998E-05 9.998E-05 0.9997
0.154879 9.99911E-05 0.389754 0.455267
0.320062 0.139341 9.99911E-05 0.540497
9.9991E-05 0.809219 0.172016 0.0186656
0.0219077 0.365901 0.47073 0.141461
0.217639 0.342134 0.440127 9.9991E-05
0.252361 0.676911 9.99911E-05 0.0706278
0.0876628 0.723007 0.18923 9.99911E-05
0.1422 0.466845 0.062325 0.328631
0.110854 0.180199 0.427627 0.281319
0.198526 0.741496 0.0532397 0.00673886
9.99821E-05 0.310606 9.99821E-05 0.689194
9.99821E-05 0.930268 0.0695325 9.99821E-05
9.998E-05 9.998E-05 9.998E-05 0.9997
0.229103 0.110441 0.565435 0.0950205
9.9991E-05 0.637192 0.317153 0.0455545
9.9991E-05 0.227629 0.657343 0.114928
9.9991E-05 0.465039 0.25317 0.281691
0.13627 0.658319 9.9991E-05 0.205311
0.00676283 0.194316 0.227104 0.571817
0.187444 0.390522 0.0563613 0.365672
9.998E-05 0.9997 9.998E-05 9.998E-05
0.607993 0.391632 0.000274801 9.99911E-05
0.00938002 0.496072 0.160167 0.334381
0.308592 0.190057 0.501251 9.9991E-05
0.0395953 9.99911E-05 0.537644 0.422661
0.143917 0.773307 0.0345792 0.0481974
0.19688 0.261674 9.99911E-05 0.541347
0.208827 0.539973 0.065996 0.185204
0.228168 9.99821E-05 0.771632 9.99821E-05
0.458999 0.509431 9.9991E-05 0.0314697
0.147562 0.282866 0.569471 9.99911E-05
0.298075 0.425332 0.276493 9.99911E-05
0.409863 9.9991E-05 0.437874 0.152163
0.000146322 0.999654 9.99822E-05 9.99822E-05
0.089157 0.910643 9.99821E-05 9.99821E-05
9.998E-05 0.9997 9.998E-05 9.998E-05
0.181233 0.091064 0.727603 9.99911E-05
9.998E-05 0.9997 9.998E-05 9.998E-05
0.32673 0.312806 0.287554 0.0729095
0.223193 9.99911E-05 0.270439 0.506267
0.187381 0.186818 0.485757 0.140044
0.228374 9.99911E-05 0.250976 0.52055
9.99821E-05 0.371871 9.99821E-05 0.627929
9.9991E-05 0.665619 0.228276 0.106006
0.9997 9.998E-05 9.998E-05 9.998E-05
9.99911E-05 0.629507 0.0194071 0.350986
0.472077 0.408695 9.99911E-05 0.119128
0.413971 0.404477 0.181452 9.99911E-05
0.0407587 0.512707 0.432085 0.0144498
0.0604212 0.0931106 0.846368 9.9991E-05
0.344061 0.655739 9.99821E-05 9.99821E-05
0.0386794 0.510427 0.213891 0.237003
0.724336 0.0539628 9.99911E-05 0.221601
0.479423 0.517857 0.00261979 9.99911E-05
0.188696 0.347973 0.207867 0.255464
0.390144 0.380793 0.0525027 0.17656
9.998E-05 0.9997 9.998E-05 9.998E-05
0.183813 0.285135 0.252189 0.278864
0.9997 9.998E-05 9.998E-05 9.998E-05
0.145429 0.431282 0.423189 9.9991E-05
0.0636199 0.798288 0.0952082 0.0428843
0.274264 0.0460341 0.679602 9.99911E-05
0.195685 9.99821E-05 0.804115 9.99821E-05
0.255016 0.381194 0.151114 0.212676
0.225642 0.615392 0.0516687 0.107298
9.99822E-05 0.959267 0.0405326 9.99822E-05
0.35187 0.47962 0.16841 9.99911E-05
0.101902 0.525901 0.205383 0.166814
9.99911E-05 0.920639 0.0230388 0.0562221
9.99821E-05 0.804846 0.194954 9.99821E-05
0.00057178 0.509846 0.489482 9.9991E-05
0.320507 0.460053 9.9991E-05 0.219339
0.0105276 0.819676 9.9991E-05 0.169697
9.99822E-05 0.678342 0.321458 9.99822E-05
0.0962602 0.38771 0.230006 0.286025
0.75884 0.221632 9.99911E-05 0.0194286
0.381479 0.14177 0.300129 0.176622
9.99911E-05 0.157051 0.640363 0.202486
0.834594 9.99821E-05 0.165206 9.99821E-05
0.430242 9.99911E-05 0.502216 0.0674423
0.479919 0.308916 0.17881 0.0323545
9.99822E-05 0.940331 9.99822E-05 0.0594691
0.173062 0.521337 9.99911E-05 0.305501
9.99821E-05 0.290372 0.709428 9.99821E-05
9.9991E-05 0.677938 0.282201 0.0397614
0.0350945 0.598744 0.099811 0.26635
0.267106 0.444401 9.9991E-05 0.288394
