9.99641E-05 9.99641E-05 0.238607 0.760993 9.99641E-05 9.99641E-05
0.148034 9.99821E-05 0.0975723 0.649481 9.99821E-05 0.104713
0.049125 0.487924 9.9991E-05 0.155168 0.213289 0.0943938
0.0478666 9.99821E-05 9.99821E-05 0.680812 0.136409 0.134712
0.219725 0.0178911 0.152402 0.609782 9.99821E-05 9.99821E-05
9.9982E-05 9.9982E-05 0.0835409 0.448173 0.443956 0.0241306
0.20011 9.99821E-05 0.177986 0.595508 9.99821E-05 0.0261967
0.0554898 9.99731E-05 9.99731E-05 0.462823 9.99731E-05 0.481387
9.99821E-05 0.0651765 0.205369 9.99821E-05 0.271256 0.457999
9.99821E-05 0.193637 0.616346 0.0633535 0.126464 9.99821E-05
0.170474 0.296879 0.0785469 0.00372882 0.196743 0.253628
0.0820524 9.99732E-05 9.99732E-05 0.21622 9.99732E-05 0.701427
9.99731E-05 0.0258758 9.99731E-05 0.401581 9.99731E-05 0.572243
0.172299 9.99731E-05 0.199526 0.627875 9.99731E-05 9.99731E-05
9.99821E-05 9.99821E-05 0.320083 0.101537 0.13349 0.44469
0.335891 0.225565 9.99732E-05 0.438245 9.99732E-05 9.99732E-05
0.0906234 9.9991E-05 0.130842 0.356589 0.120538 0.301307
0.286122 0.250233 0.245369 0.0208119 0.197364 9.9991E-05
9.99821E-05 9.99821E-05 0.0186459 0.158702 0.0745918 0.747861
9.99821E-05 0.103991 0.119734 0.72244 0.0536355 9.99821E-05
9.99732E-05 0.00083746 0.89263 9.99732E-05 0.106233 9.99732E-05
9.99731E-05 0.216481 0.022745 9.99731E-05 9.99731E-05 0.760474
0.0544992 0.119541 9.99821E-05 0.474856 0.350904 9.99821E-05
0.0940266 0.109573 0.113713 0.63591 9.9991E-05 0.0466778
0.10118 0.224632 9.9991E-05 0.368685 0.297325 0.00807834
0.0597981 0.106859 0.0886195 0.742155 9.9991E-05 0.00246819
0.212691 0.246218 0.345207 9.9982E-05 9.9982E-05 0.195684
9.99821E-05 9.99821E-05 0.348439 0.338048 0.0484229 0.26489
0.180525 0.027734 9.9982E-05 9.9982E-05 0.334434 0.457107
9.99641E-05 0.871259 9.99641E-05 9.99641E-05 9.99641E-05 0.128341
0.255673 9.99911E-05 0.393044 0.0927379 0.180439 0.0780057
0.287536 0.132223 9.99911E-05 0.146171 0.216301 0.217669
9.99821E-05 0.423535 0.446949 9.99821E-05 0.0581053 0.0712107
0.0465219 9.99821E-05 0.185732 0.287539 9.99821E-05 0.480007
0.248248 0.0912452 9.99731E-05 0.660207 9.99731E-05 9.99731E-05
9.99732E-05 9.99732E-05 0.568429 0.408972 0.0222998 9.99732E-05
0.42042 0.060988 0.0589871 0.074291 0.124576 0.260737
9.99821E-05 0.246036 0.293548 0.011856 0.44836 9.99821E-05
0.104159 9.9991E-05 0.0587408 0.30249 0.192959 0.341552
0.17303 9.9982E-05 9.9982E-05 0.123333 0.41004 0.293396
9.99732E-05 0.299175 0.298661 9.99732E-05 9.99732E-05 0.401864
0.0522718 0.0808987 0.572225 9.9991E-05 0.032282 0.262222
0.110281 0.00199036 0.13646 0.623662 0.127507 9.9991E-05
0.0671033 9.99821E-05 9.99821E-05 0.426643 0.146417 0.359636
0.213281 0.0678264 9.9991E-05 0.0987061 0.205011 0.415075
0.267285 0.0586932 9.99821E-05 0.44006 0.233762 9.99821E-05
9.99821E-05 0.132609 0.399763 0.176965 9.99821E-05 0.290463
0.196465 0.117262 0.222277 9.9991E-05 0.201763 0.262133
9.99643E-05 0.229028 9.99643E-05 9.99643E-05 9.99643E-05 0.770572
0.170329 9.99641E-05 9.99641E-05 0.829272 9.99641E-05 9.99641E-05
9.99641E-05 9.99641E-05 9.99641E-05 0.897139 9.99641E-05 0.102461
0.086286 9.99731E-05 0.20016 9.99731E-05 0.713254 9.99731E-05
9.9973E-05 0.225735 9.9973E-05 0.339653 9.9973E-05 0.434312
9.99821E-05 0.038737 9.99821E-05 0.356287 0.421102 0.183674
0.388118 9.9991E-05 0.0361521 0.0154042 0.497209 0.0630158
0.240486 0.00866158 0.304445 9.99821E-05 9.99821E-05 0.446207
9.99731E-05 9.99731E-05 9.99731E-05 0.836192 0.136213 0.0272951
0.177797 9.99822E-05 0.272604 9.99822E-05 0.127065 0.422334
0.510464 9.9982E-05 0.038797 0.117086 0.333453 9.9982E-05
0.0761097 9.9991E-05 0.326848 0.537463 0.0185113 0.0409686
9.99821E-05 0.0228697 9.99821E-05 0.396591 0.144278 0.436061
0.214748 0.0797528 0.364335 0.340964 9.9982E-05 9.9982E-05
0.0443576 9.9973E-05 0.233968 9.9973E-05 9.9973E-05 0.721374
0.024188 0.564832 9.99732E-05 0.41068 9.99732E-05 9.99732E-05
0.0471579 0.181447 0.0811487 0.337195 9.99911E-05 0.352951
9.99731E-05 0.269882 9.99731E-05 9.99731E-05 0.075301 0.654517
0.0710095 9.9982E-05 0.170191 0.615177 0.143423 9.9982E-05
0.350234 9.99821E-05 0.111477 0.219551 9.99821E-05 0.318538
0.0230955 9.9991E-05 0.0482948 0.0215906 0.147108 0.759811
9.99732E-05 9.99732E-05 0.384332 0.197481 9.99732E-05 0.417888
0.165364 9.9991E-05 0.226484 0.158363 0.325765 0.123924
0.250607 0.15963 9.99731E-05 9.99731E-05 9.99731E-05 0.589463
0.598748 9.99732E-05 9.99732E-05 0.233895 0.167057 9.99732E-05
0.239299 0.0177923 9.99821E-05 0.0350891 9.99821E-05 0.70762
0.0212968 9.99733E-05 9.99733E-05 0.920255 0.0581481 9.99733E-05
0.545084 9.99731E-05 9.99731E-05 0.389781 9.99731E-05 0.0648354
9.99645E-05 9.99645E-05 9.99645E-05 0.535261 9.99645E-05 0.464339
0.122358 9.9991E-05 0.321499 0.0835034 0.0519178 0.420622
9.99821E-05 0.0019672 9.99821E-05 0.297706 0.160406 0.539721
0.0543452 9.9991E-05 0.000170099 0.338019 0.318003 0.289363
0.419006 9.99732E-05 9.99732E-05 0.326024 9.99732E-05 0.25467
9.99821E-05 0.135655 9.99821E-05 0.453793 0.0477897 0.362562
9.99732E-05 9.99732E-05 0.681673 0.27254 0.0454873 9.99732E-05
9.99731E-05 0.389576 9.99731E-05 9.99731E-05 0.237908 0.372216
0.0996875 0.0026366 0.329412 0.483234 9.9991E-05 0.0849297
0.101822 9.9982E-05 0.364641 0.445221 9.9982E-05 0.0881158
0.0640957 9.9991E-05 0.675155 0.00113647 0.119453 0.140059
9.99731E-05 0.347629 9.99731E-05 0.558054 9.99731E-05 0.094017
9.99911E-05 0.337112 0.180948 0.111961 0.268949 0.100931
9.99821E-05 0.287551 0.14308 9.99821E-05 0.0147055 0.554464
9.99642E-05 0.690411 9.99642E-05 0.30919 9.99642E-05 9.99642E-05
0.099265 9.99732E-05 0.409401 0.491034 9.99732E-05 9.99732E-05
0.539706 0.248273 0.0681292 9.99821E-05 9.99821E-05 0.143692
0.00738303 0.14311 0.244097 0.0671289 0.448224 0.0900565
0.214035 0.0539137 0.171231 9.9982E-05 9.9982E-05 0.56062
0.108413 9.9991E-05 0.0866609 0.463256 0.31901 0.0225608
9.9991E-05 0.11386 0.732696 0.100083 0.0219226 0.0313375
9.99731E-05 9.99731E-05 0.667821 9.99731E-05 0.0101008 0.321779
0.0889929 0.310525 9.99731E-05 0.600183 9.99731E-05 9.99731E-05
0.106773 0.236604 0.154646 0.425921 0.0759562 9.9991E-05
9.99642E-05 9.99642E-05 0.960208 0.039392 9.99642E-05 9.99642E-05
9.99642E-05 0.937264 9.99642E-05 0.0623363 9.99642E-05 9.99642E-05
9.99821E-05 0.149652 0.517134 9.99821E-05 0.292835 0.0401782
9.99731E-05 0.123616 0.0290376 9.99731E-05 0.847047 9.99731E-05
0.0813338 9.9982E-05 9.9982E-05 0.371854 0.201328 0.345284
0.172134 0.117061 9.99821E-05 0.143791 9.99821E-05 0.566813
0.0630669 9.9991E-05 0.261313 0.307596 0.184895 0.18303
9.99821E-05 9.99821E-05 0.108838 0.135365 0.170131 0.585466
9.99732E-05 9.99732E-05 0.0333314 0.446575 9.99732E-05 0.519793
0.181509 0.229173 9.9991E-05 0.105275 0.456832 0.0271108
0.0300452 0.233204 0.324781 0.370735 9.99911E-05 0.0411352
9.99732E-05 0.0277034 9.99732E-05 0.955448 9.99732E-05 0.0165484
9.99731E-05 0.355029 9.99731E-05 0.474997 0.169674 9.99731E-05
0.0427424 0.155934 9.99821E-05 0.440978 0.360146 9.99821E-05
9.99641E-05 0.645293 9.99641E-05 0.354307 9.99641E-05 9.99641E-05
9.99732E-05 9.99732E-05 0.419311 9.99732E-05 0.156204 0.424185
9.99642E-05 9.99642E-05 9.99642E-05 0.555309 9.99642E-05 0.444291
0.0969829 0.222939 0.000111677 9.9991E-05 0.0219116 0.657955
0.327979 0.453125 9.9982E-05 9.9982E-05 0.124866 0.0938297
0.0599204 9.9982E-05 9.9982E-05 0.532188 0.361536 0.0461553
0.153375 0.426324 9.99821E-05 0.311979 9.99821E-05 0.108122
9.99732E-05 9.99732E-05 0.101561 0.721037 0.177103 9.99732E-05
9.99642E-05 9.99642E-05 9.99642E-05 0.643307 0.356293 9.99642E-05
0.0660632 9.9991E-05 0.360463 0.0574274 0.399959 0.115988
9.9991E-05 0.152908 0.0504837 0.185402 0.283293 0.327814
9.9973E-05 9.9973E-05 0.389657 0.25061 9.9973E-05 0.359433
0.266574 0.475274 0.0491391 9.99821E-05 9.99821E-05 0.208814
0.216093 9.99821E-05 9.99821E-05 0.480306 0.101571 0.20183
9.99732E-05 0.205396 9.99732E-05 0.205408 0.588896 9.99732E-05
0.0746172 0.106266 0.281066 0.259257 0.278694 9.9991E-05
0.0334595 9.99821E-05 0.662816 9.99821E-05 0.011986 0.291538
0.0117214 9.9982E-05 0.319482 0.508424 0.160172 9.9982E-05
0.206911 0.0546795 0.103076 9.9991E-05 0.273189 0.362045
0.140929 9.99821E-05 0.0704728 9.99821E-05 0.491545 0.296853
0.15026 0.0439377 0.40364 9.9991E-05 0.208563 0.1935
9.99732E-05 9.99732E-05 0.137645 0.505213 0.356842 9.99732E-05
9.99821E-05 0.0306282 9.99821E-05 0.41913 0.27556 0.274481
9.99732E-05 0.07046 9.99732E-05 0.521234 0.408006 9.99732E-05
0.164439 9.99911E-05 0.265918 0.0947051 0.105239 0.369599
9.99731E-05 9.99731E-05 9.99731E-05 0.598472 0.0787085 0.322519
0.262533 9.99911E-05 0.0683564 0.269788 0.296417 0.102806
9.99822E-05 0.0247656 0.289402 0.234841 0.450791 9.99822E-05
9.9991E-05 0.00260764 0.469699 0.174676 0.0163262 0.336591
9.99821E-05 0.314371 0.30238 9.99821E-05 0.137602 0.245447
0.12018 0.262516 9.9991E-05 0.494368 0.0450865 0.07775
9.99641E-05 9.99641E-05 9.99641E-05 0.496558 9.99641E-05 0.503042
0.9995 9.996E-05 9.996E-05 9.996E-05 9.996E-05 9.996E-05
9.99732E-05 0.061996 9.99732E-05 0.650986 0.286718 9.99732E-05
0.0830936 9.99821E-05 0.116427 0.678529 0.12175 9.99821E-05
0.240735 9.99821E-05 0.397591 0.21988 0.141593 9.99821E-05
9.99821E-05 9.99821E-05 0.181625 0.138396 0.162525 0.517254
0.209911 9.99731E-05 0.14007 9.99731E-05 9.99731E-05 0.649719
0.119377 9.9991E-05 0.200027 0.268108 0.0411433 0.371244
9.99732E-05 9.99732E-05 0.230098 0.564704 9.99732E-05 0.204898
0.195762 0.121394 0.201075 0.481569 9.99821E-05 9.99821E-05
0.233308 9.99821E-05 0.185093 9.99821E-05 0.3406 0.240799
9.99642E-05 9.99642E-05 9.99642E-05 0.361228 0.638372 9.99642E-05
0.228486 0.07973 0.28121 0.256934 0.0939056 0.0597346
9.99643E-05 9.99643E-05 9.99643E-05 0.828837 9.99643E-05 0.170763
9.9991E-05 0.106399 0.227137 0.336353 0.0347818 0.295229
0.9995 9.996E-05 9.996E-05 9.996E-05 9.996E-05 9.996E-05
0.292168 0.0480231 0.0123585 0.391303 9.9991E-05 0.256047
0.0168864 9.99821E-05 9.99821E-05 0.518166 0.18198 0.282767
0.232889 9.99821E-05 0.46712 0.0227012 9.99821E-05 0.27709
0.434171 0.0305745 9.99732E-05 9.99732E-05 9.99732E-05 0.534954
9.9991E-05 0.0113012 0.261605 0.540305 0.067442 0.119247
0.136602 0.133651 0.0920925 0.306528 9.99911E-05 0.331027
9.99643E-05 9.99643E-05 9.99643E-05 9.99643E-05 0.482542 0.517058
0.417602 9.99822E-05 0.236893 0.315596 0.0297093 9.99822E-05
0.106903 9.9991E-05 0.102036 0.482346 0.288469 0.0201464
9.99732E-05 9.99732E-05 9.99732E-05 0.567458 0.0304316 0.401811
0.319079 9.99731E-05 9.99731E-05 0.328999 0.351621 9.99731E-05
0.0907461 9.9982E-05 0.125311 9.9982E-05 0.503224 0.280519
9.99911E-05 0.055692 0.0557843 0.789798 0.0351299 0.0634963
9.99732E-05 9.99732E-05 9.99732E-05 0.675046 0.105906 0.218748
0.157035 9.99821E-05 9.99821E-05 0.249428 0.139708 0.453628
0.0165415 0.106559 0.191309 0.572992 9.99911E-05 0.112499
9.99642E-05 9.99642E-05 0.165943 9.99642E-05 0.833657 9.99642E-05
9.99732E-05 9.99732E-05 0.384376 0.496757 9.99732E-05 0.118568
0.0434919 0.0490993 0.456837 9.99821E-05 9.99821E-05 0.450372
0.188196 9.99756E-05 0.599096 9.99756E-05 9.99756E-05 0.212408
0.335573 0.0693901 0.312244 9.9991E-05 0.227011 0.0556817
0.0787101 9.99821E-05 0.374488 0.318443 9.99821E-05 0.228159
0.0979856 9.99732E-05 9.99732E-05 0.502991 9.99732E-05 0.398723
9.996E-05 9.996E-05 9.996E-05 9.996E-05 0.9995 9.996E-05
0.15729 9.99821E-05 0.0422296 0.192747 9.99821E-05 0.607534
0.0261115 9.99821E-05 9.99821E-05 0.318072 0.328952 0.326665
9.99821E-05 9.99821E-05 0.0400573 0.457731 0.254463 0.247549
0.0291905 0.0150747 0.165605 0.440857 0.349173 9.9991E-05
