0.831042 0.026942 0.142016
0.536798 0.355535 0.107666
0.584878 9.9991E-05 0.415022
0.878433 9.9991E-05 0.121467
0.71599 0.28391 9.9991E-05
0.888505 9.9991E-05 0.111395
0.535944 0.463956 9.99911E-05
0.820866 0.0507452 0.128389
9.9991E-05 0.500087 0.499813
0.237972 0.199052 0.562976
0.358266 0.0264776 0.615257
0.256469 0.743431 9.99911E-05
0.555148 0.444752 9.99911E-05
0.627953 0.371947 9.9991E-05
0.257248 0.583361 0.15939
0.90875 0.0911503 9.99911E-05
0.693269 0.198548 0.108183
0.626108 0.0329635 0.340929
0.244527 0.567364 0.188109
0.681744 0.136746 0.181511
0.552695 0.0752219 0.372084
0.265913 0.485299 0.248788
0.63667 0.0521871 0.311143
0.9998 9.999E-05 9.999E-05
0.627562 9.99911E-05 0.372338
0.691132 0.20488 0.103988
0.158176 0.642179 0.199645
0.349311 0.176361 0.474328
0.269126 0.271961 0.458913
0.9998 9.999E-05 9.999E-05
0.0181513 0.525141 0.456707
0.313273 0.620328 0.0663989
9.99911E-05 0.261084 0.738816
0.564782 0.381307 0.0539118
0.9998 9.999E-05 9.999E-05
0.74623 0.25367 9.99911E-05
0.246083 0.0934876 0.660429
9.999E-05 9.999E-05 0.9998
0.462249 0.294433 0.243318
0.488576 0.110748 0.400676
0.428949 0.53093 0.0401211
0.0673785 0.750281 0.18234
0.407723 0.254755 0.337522
0.548988 0.0637559 0.387256
0.391433 0.357369 0.251198
0.495159 0.354635 0.150205
0.726776 0.273124 9.99911E-05
0.143503 0.56379 0.292708
0.613071 0.358757 0.0281721
0.9998 9.999E-05 9.999E-05
0.943342 9.9991E-05 0.0565579
9.9991E-05 0.263206 0.736694
0.768268 0.110084 0.121648
0.755951 0.106012 0.138037
0.0551036 0.603464 0.341432
0.130932 0.670339 0.198728
0.795367 0.0422823 0.162351
9.99911E-05 0.829594 0.170306
9.9991E-05 0.638459 0.361441
0.576697 0.113731 0.309571
0.691304 9.9991E-05 0.308596
0.429402 0.570498 9.9991E-05
0.195046 0.556213 0.24874
0.9998 9.999E-05 9.999E-05
0.577388 0.0678236 0.354789
0.357131 0.578659 0.0642099
0.956881 0.0127758 0.0303427
0.305388 0.595331 0.0992808
0.352604 0.551103 0.0962936
0.437398 0.309483 0.253119
0.242724 0.512567 0.244709
0.169815 0.830085 9.99911E-05
9.99911E-05 0.752302 0.247598
0.386259 0.613641 9.99911E-05
0.969741 0.00242273 0.0278361
0.175727 0.817232 0.00704027
0.544362 0.273336 0.182302
0.14858 0.389038 0.462381
0.470019 0.351229 0.178753
0.274047 0.517424 0.208529
0.69651 0.237435 0.0660558
0.690608 9.99911E-05 0.309292
0.49874 0.177295 0.323965
0.497358 0.0797767 0.422865
0.676833 0.243742 0.0794257
0.566225 0.340096 0.0936793
9.99911E-05 0.51459 0.48531
0.9998 9.999E-05 9.999E-05
0.63392 9.99911E-05 0.36598
0.260312 0.179986 0.559702
0.9998 9.999E-05 9.999E-05
0.568929 0.367627 0.0634442
0.2318 0.7681 9.99911E-05
0.317776 0.162353 0.519872
0.117888 0.845771 0.0363414
0.300961 0.397753 0.301286
0.75408 0.0826444 0.163276
0.196597 0.667357 0.136046
0.9998 9.999E-05 9.999E-05
0.700083 0.0196329 0.280284
0.160729 0.480092 0.35918
0.845738 9.99911E-05 0.154162
9.99911E-05 0.0486094 0.951291
9.999E-05 9.999E-05 0.9998
0.683318 0.0621791 0.254503
0.576188 0.299779 0.124033
0.488589 0.361875 0.149536
0.566193 0.0557182 0.378089
0.628173 0.182678 0.189148
0.446141 9.99911E-05 0.553759
0.380594 0.619306 9.99911E-05
0.966744 0.0331562 9.99911E-05
0.944912 9.99911E-05 0.0549882
0.636565 9.99911E-05 0.363335
0.9998 9.999E-05 9.999E-05
0.223111 0.467994 0.308895
0.719679 0.181315 0.0990057
0.19252 0.465489 0.341991
0.294608 0.0985562 0.606836
0.542181 0.103486 0.354334
0.731679 9.99911E-05 0.268221
0.515954 0.221001 0.263045
0.938212 9.9991E-05 0.0616876
0.448633 0.340822 0.210545
0.652228 0.0839532 0.263819
0.395244 0.415169 0.189587
0.31406 0.68584 9.99911E-05
0.506402 0.32681 0.166788
0.386946 9.99911E-05 0.612954
0.434786 0.244349 0.320864
0.0430069 0.617603 0.33939
0.475735 0.216691 0.307574
0.0320904 0.483966 0.483943
9.9991E-05 0.289418 0.710482
0.0381029 0.485661 0.476236
0.744588 9.99911E-05 0.255312
0.466027 9.99911E-05 0.533873
0.703376 9.99911E-05 0.296524
9.99911E-05 0.610771 0.389129
0.9998 9.999E-05 9.999E-05
0.506487 9.99911E-05 0.493413
0.401136 9.99911E-05 0.598764
0.113746 0.682033 0.204221
9.99911E-05 0.104138 0.895762
0.962268 0.0376322 9.99911E-05
0.725754 0.228278 0.0459678
9.999E-05 0.9998 9.999E-05
0.621624 9.99911E-05 0.378276
0.588466 0.411434 9.99911E-05
9.99911E-05 0.850189 0.149711
0.081337 0.796241 0.122422
0.00357344 0.725493 0.270933
0.666168 0.262057 0.0717749
0.344609 0.191169 0.464221
0.903515 0.0963854 9.99911E-05
0.181266 0.341044 0.47769
0.20426 0.0574977 0.738243
0.493399 0.119946 0.386655
0.871093 9.99911E-05 0.128807
0.529122 0.246922 0.223956
9.999E-05 0.9998 9.999E-05
0.439028 0.560872 9.9991E-05
0.410947 0.236297 0.352757
0.166355 0.771955 0.0616909
9.999E-05 0.9998 9.999E-05
0.823422 0.176478 9.99911E-05
0.374629 0.353844 0.271526
0.2588 0.302211 0.438988
0.375556 0.624344 9.99911E-05
0.393749 0.372276 0.233975
0.996385 9.99911E-05 0.00351478
0.565322 0.123994 0.310684
9.9991E-05 0.459734 0.540166
0.828756 0.0696085 0.101636
0.807907 9.9991E-05 0.191993
0.726243 0.273657 9.99911E-05
0.681706 0.295108 0.0231868
0.116623 9.99911E-05 0.883277
0.681002 0.0088138 0.310184
0.0133534 0.542185 0.444462
0.103492 0.896408 9.99911E-05
0.209498 0.4715 0.319002
0.80448 0.19542 9.9991E-05
0.664739 0.240634 0.0946262
9.999E-05 9.999E-05 0.9998
0.406651 0.593249 9.99911E-05
0.405449 0.332817 0.261734
0.620233 0.112757 0.26701
0.61812 0.0758294 0.306051
