0.0337853 0.718818 9.9982E-05 0.207203 0.0399936 9.9982E-05
0.174252 0.000723862 0.376495 0.20294 0.0388612 0.206728
9.9982E-05 0.254814 0.19869 0.234385 9.9982E-05 0.311911
0.0562899 0.00457459 0.126927 0.564949 0.107137 0.140122
9.9982E-05 9.9982E-05 0.285008 0.374267 0.132723 0.207801
9.9973E-05 9.9973E-05 0.195003 0.634928 0.169768 9.9973E-05
9.9982E-05 0.396097 9.9982E-05 0.403924 0.00776004 0.192019
0.0272404 0.184544 0.264495 0.24716 9.9991E-05 0.276461
0.031396 0.640054 0.104104 0.182498 0.0418485 9.9991E-05
0.161162 0.273058 0.290273 9.9991E-05 0.240049 0.0353585
9.9982E-05 0.598252 0.0867383 9.9982E-05 0.242505 0.0723047
0.118925 0.584069 0.265761 0.0153862 0.0157583 9.9991E-05
0.144703 0.16538 0.00588575 0.467713 0.0818345 0.134484
0.139932 0.305938 9.9991E-05 0.351983 0.0590243 0.143023
9.9982E-05 0.27646 0.120173 9.9982E-05 0.0214312 0.581736
0.114986 0.0755631 0.203558 0.00178855 9.9991E-05 0.604004
0.190658 9.9982E-05 9.9982E-05 0.119257 0.171694 0.51819
0.109865 0.138869 0.156434 0.200165 0.0660943 0.328573
9.9982E-05 0.237945 0.26774 0.284599 9.9982E-05 0.209515
0.0887578 0.357875 0.131923 0.234394 0.0239949 0.163056
0.0091932 0.368558 0.0744283 0.286071 0.117669 0.14408
0.0590106 0.158298 0.210279 0.367206 0.0676764 0.13753
9.999E-05 0.20677 0.283791 0.229761 0.0354628 0.244115
0.318129 0.0851111 9.9991E-05 0.421986 0.0103687 0.164305
9.9982E-05 0.659175 0.0194293 9.9982E-05 0.288944 0.0322513
0.258184 0.16482 9.9991E-05 0.520521 0.0238432 0.0325308
0.171912 0.354401 0.0654512 0.0625158 0.0785813 0.267139
0.13667 0.317706 0.0379523 0.240892 0.154944 0.111836
0.123626 9.9991E-05 0.337461 0.322487 0.0526942 0.163632
0.631237 9.9982E-05 0.139985 0.0943026 9.9982E-05 0.134275
0.0599908 0.104526 0.352068 0.11879 0.0960479 0.268577
9.9973E-05 0.475573 0.415919 9.9973E-05 0.108207 9.9973E-05
0.150865 0.158569 9.9982E-05 0.626163 9.9982E-05 0.0642025
9.999E-05 0.0179007 0.116676 0.424647 0.120939 0.319737
0.134465 0.107974 0.0547503 0.483869 0.173057 0.045885
9.9973E-05 0.959973 9.9973E-05 0.0270997 9.9973E-05 0.0126275
9.9973E-05 0.0408362 9.9973E-05 0.773538 0.185326 9.9973E-05
0.120135 0.77171 9.9973E-05 9.9973E-05 0.107855 9.9973E-05
0.0959643 9.9991E-05 0.143641 0.451947 0.118668 0.18968
9.9991E-05 0.288052 0.16446 0.102649 0.0680088 0.37673
0.18383 0.181648 0.221759 0.173591 0.0841599 0.155012
0.044332 0.10556 0.0939195 0.345222 0.142141 0.268825
0.101698 9.9991E-05 0.231337 0.455407 0.0726958 0.138762
0.0668098 0.423989 0.340878 0.168123 9.9982E-05 9.9982E-05
0.0534454 0.625294 0.320961 9.9973E-05 9.9973E-05 9.9973E-05
0.0452676 0.167536 0.0119046 0.386427 0.272081 0.116784
0.174624 9.9991E-05 0.227718 0.354933 0.119049 0.123575
0.0502117 0.0181112 0.382796 0.461745 0.0139526 0.0731827
0.0637142 0.208821 0.481628 9.9982E-05 9.9982E-05 0.245637
0.11262 0.0398686 0.486838 0.0835005 9.9991E-05 0.277072
0.0960565 0.311908 0.147606 0.00800615 0.134883 0.301542
0.0362718 0.14612 0.231508 0.154329 0.0844251 0.347346
0.0935904 0.0116245 0.302659 0.259384 0.0532514 0.279491
0.177874 0.143147 0.0187427 0.1751 0.182286 0.30285
0.0155557 9.9973E-05 0.961591 9.9973E-05 9.9973E-05 0.0225538
9.9991E-05 0.0693876 0.0510497 0.529113 0.0937149 0.256635
9.9964E-05 9.9964E-05 0.966762 9.9964E-05 0.032838 9.9964E-05
0.0528264 0.0623437 0.586342 0.270969 0.0274197 9.9991E-05
0.0731426 0.130457 0.503937 0.154282 9.9991E-05 0.138081
0.0947915 0.251988 0.424213 9.9991E-05 0.110663 0.118244
0.0863405 9.9973E-05 9.9973E-05 0.856776 9.9973E-05 0.0565835
0.0324745 0.334756 9.9991E-05 0.328801 0.10624 0.197628
9.9982E-05 0.128719 0.236686 0.359156 9.9982E-05 0.27524
0.872901 0.0148446 9.9982E-05 9.9982E-05 0.00532549 0.106729
0.0771694 0.120572 0.0562209 0.476382 0.20344 0.0662166
9.9982E-05 0.373857 9.9982E-05 0.48428 0.0631398 0.0785237
0.0334015 0.45717 0.00872067 0.450663 0.0499448 9.9991E-05
0.124977 0.000312863 0.234858 0.535801 0.0206615 0.0833902
0.0859957 0.401081 9.9973E-05 0.512623 9.9973E-05 9.9973E-05
0.136436 0.059497 0.179126 0.220185 0.0685043 0.336251
0.0579574 0.0742567 0.572239 0.0690058 0.169153 0.0573882
0.0668177 0.338314 0.0755273 0.0959781 9.9991E-05 0.423263
0.15727 0.242749 0.0935776 0.2223 0.0429863 0.241117
0.0530589 0.080326 0.420123 0.0427198 0.0771691 0.326603
0.162035 0.157471 0.242952 0.144383 0.191204 0.101955
9.9973E-05 9.9973E-05 0.598505 9.9973E-05 0.0988292 0.302366
0.0611099 0.100758 0.132644 0.483392 0.0335395 0.188557
0.0047448 9.9982E-05 9.9982E-05 0.706191 0.0784137 0.21045
0.036785 9.9982E-05 9.9982E-05 0.854247 0.0741898 0.0345784
0.271986 9.9982E-05 9.9982E-05 0.494291 0.0403107 0.193212
0.0994193 0.149268 0.210971 0.281676 0.0414261 0.217239
0.0498248 0.24874 0.00852972 0.413101 0.134392 0.145413
0.190115 0.289264 0.228533 0.234284 0.0577043 9.9991E-05
0.186794 9.9991E-05 0.320855 0.0751195 0.0659338 0.351198
0.0348169 0.351379 0.0203968 0.446902 9.9991E-05 0.146406
9.9982E-05 0.37363 0.253888 0.291148 0.0811347 9.9982E-05
9.9973E-05 0.561842 9.9973E-05 0.331557 9.9973E-05 0.106301
9.9991E-05 0.348626 0.132351 0.0814708 0.126104 0.311348
0.190627 0.395655 9.9991E-05 0.0168752 0.0483453 0.348398
9.9982E-05 0.519733 0.280861 0.192262 0.00694398 9.9982E-05
0.979942 9.9973E-05 9.9973E-05 9.9973E-05 0.0116386 0.00811923
0.0266596 0.548401 0.296528 9.9991E-05 0.0883481 0.039964
9.9991E-05 0.232185 0.0262886 0.524257 0.0190035 0.198166
0.0288497 0.220108 0.234545 0.0183976 9.9991E-05 0.498
9.9991E-05 0.0282253 0.128275 0.571562 0.111201 0.160636
0.115836 0.100803 9.9991E-05 0.681373 0.0979738 0.00391297
0.0652612 0.215261 0.500493 0.101181 0.117704 9.9991E-05
9.9991E-05 0.212011 0.159916 0.277433 0.163186 0.187354
0.662507 0.0524003 9.9991E-05 0.0931598 0.0458366 0.145996
0.296722 0.303226 0.0864233 0.254036 9.9991E-05 0.0594926
0.149178 0.360577 0.0242014 0.337697 0.0990046 0.0293419
0.9995 9.996E-05 9.996E-05 9.996E-05 9.996E-05 9.996E-05
0.0167945 0.0362359 0.315951 0.174418 0.16735 0.289251
9.996E-05 9.996E-05 9.996E-05 9.996E-05 0.9995 9.996E-05
0.0482028 0.236671 0.394909 0.0849717 0.150451 0.0847951
9.9982E-05 9.9982E-05 0.50539 0.233077 0.0123682 0.248965
9.9991E-05 0.226925 0.308232 0.354204 0.00831996 0.102219
0.0960731 0.42699 0.0400911 0.141256 0.123529 0.17206
0.140761 0.155526 0.314506 0.0895465 0.133238 0.166422
0.0652724 0.501038 0.186225 0.132288 9.9991E-05 0.115076
9.9982E-05 9.9982E-05 0.0729367 0.703624 0.10452 0.118719
0.06554 0.307205 0.42496 0.117968 0.0842267 9.9991E-05
0.0388918 9.9991E-05 0.47225 0.240151 0.0609589 0.187648
0.568103 0.168743 9.9991E-05 0.000452939 0.0762112 0.186389
0.0441232 0.250583 0.19154 0.318066 0.0742022 0.121486
0.9995 9.996E-05 9.996E-05 9.996E-05 9.996E-05 9.996E-05
9.9991E-05 0.286615 0.0850883 0.134434 0.212691 0.281072
0.134797 0.359351 0.0076089 0.318742 0.0454176 0.134083
0.0214894 9.9973E-05 0.426558 0.551652 9.9973E-05 9.9973E-05
0.139292 0.419926 0.131547 0.185823 0.0726664 0.0507453
0.152324 0.333274 9.9991E-05 0.381075 0.0853436 0.0478829
0.43615 0.133608 9.9991E-05 0.12715 0.0256826 0.27731
0.246664 0.0429172 0.0875341 0.516749 0.106036 9.9991E-05
9.9982E-05 9.9982E-05 0.335647 0.379692 0.112382 0.172079
0.0762545 0.530352 0.325481 9.9991E-05 0.0386451 0.0291666
0.10739 9.9991E-05 0.0592802 0.445971 0.0261199 0.361139
9.9973E-05 0.580958 0.316323 9.9973E-05 9.9973E-05 0.102419
0.179474 0.165278 0.361725 0.132465 0.0719006 0.0891581
9.9973E-05 0.164391 0.428832 0.406477 9.9973E-05 9.9973E-05
0.221543 0.509129 0.107609 0.0699779 0.090839 0.000901563
9.9973E-05 0.577747 9.9973E-05 0.419599 9.9973E-05 0.00235357
0.0681598 0.0400031 0.0275662 0.829106 9.9991E-05 0.0350648
0.319412 9.9991E-05 0.207822 0.362647 0.077751 0.0322688
0.160481 9.9982E-05 0.150174 0.314422 9.9982E-05 0.374723
9.9982E-05 0.180401 0.220121 0.534091 0.0651883 9.9982E-05
0.0336988 0.414696 0.21208 9.9991E-05 0.157115 0.18231
9.9964E-05 9.9964E-05 0.48406 9.9964E-05 9.9964E-05 0.51554
9.9964E-05 9.9964E-05 0.311078 9.9964E-05 9.9964E-05 0.688522
0.0528715 0.352634 0.263147 0.223081 0.0496372 0.0586293
0.0686068 0.132079 0.0158249 0.568452 0.130338 0.0846992
0.0401256 0.222674 0.159497 0.35673 0.140468 0.0805056
9.9982E-05 0.108894 0.290675 9.9982E-05 0.133568 0.466663
0.108516 0.111083 0.234467 0.387559 0.158275 9.9991E-05
0.0213942 0.66534 0.297392 9.9982E-05 0.0156735 9.9982E-05
0.17385 9.9982E-05 9.9982E-05 0.367938 0.117814 0.340198
0.420523 0.0814792 9.9991E-05 0.291421 0.0680326 0.138444
0.0417752 0.397095 0.101197 0.266089 0.0649209 0.128924
9.996E-05 9.996E-05 9.996E-05 9.996E-05 9.996E-05 0.9995
9.9982E-05 0.477106 9.9982E-05 0.381678 0.088586 0.0524303
0.00670213 0.0324711 0.164435 0.447409 0.301165 0.0478176
0.0187252 0.554286 0.306324 0.0257821 0.0947827 9.9991E-05
9.9991E-05 0.184497 0.0598348 0.249163 0.205396 0.301009
0.158765 0.392818 0.0813941 0.182914 0.0569174 0.127192
0.127193 0.369228 0.0933008 0.147328 0.00214024 0.26081
0.131325 0.279717 0.236751 0.352007 9.9982E-05 9.9982E-05
0.211266 9.9991E-05 0.0637521 0.390266 0.06012 0.274496
9.9991E-05 0.423425 0.241091 0.290286 0.000446214 0.0446513
0.170138 0.128685 0.0958888 0.434046 0.0399448 0.131298
0.16673 0.13674 0.0267547 0.669576 9.9982E-05 9.9982E-05
0.115629 0.361225 0.132497 0.280674 0.0380297 0.0719451
9.9982E-05 0.437316 9.9982E-05 0.321351 0.0511002 0.190033
9.996E-05 9.996E-05 9.996E-05 9.996E-05 9.996E-05 0.9995
9.9982E-05 0.175056 9.9982E-05 0.0407898 0.0585092 0.725445
9.9982E-05 9.9982E-05 0.447259 0.239376 0.0800211 0.233145
0.0639895 0.13793 0.484409 0.242864 0.0453619 0.0254458
9.9973E-05 0.605427 9.9973E-05 0.314415 0.0798576 9.9973E-05
9.9991E-05 0.270102 0.226609 0.39635 0.0156132 0.0912259
9.9991E-05 0.137696 0.215705 0.12981 0.162161 0.354529
9.9964E-05 9.9964E-05 0.200273 9.9964E-05 9.9964E-05 0.799327
0.0788445 0.293513 9.9982E-05 0.405201 9.9982E-05 0.222242
0.113615 0.191318 0.389266 0.209444 0.028977 0.0673791
0.12582 0.0121058 0.368006 0.0661604 0.109445 0.318463
0.0434136 0.420789 0.019228 0.269023 0.0149775 0.232569
9.9982E-05 0.218212 0.348985 9.9982E-05 0.0633947 0.369208
0.0356912 0.224075 0.239287 0.376393 9.9991E-05 0.124454
0.0278213 0.114403 0.30759 0.351475 0.173146 0.025565
9.9991E-05 0.294402 0.241624 0.124642 0.0291087 0.310123
0.0564481 9.9991E-05 0.625178 0.181011 0.0938451 0.0434172
0.0139937 9.9964E-05 9.9964E-05 9.9964E-05 0.985606 9.9964E-05
0.0149919 0.369001 0.416252 0.126957 0.0556596 0.0171383
0.293788 0.218867 9.9982E-05 9.9982E-05 0.00825816 0.478887
0.170491 0.337033 0.16487 0.0824698 0.0845634 0.160573
9.9982E-05 0.383402 0.118845 0.228668 9.9982E-05 0.268885
0.150116 0.0842764 0.171793 0.593614 9.9982E-05 9.9982E-05
0.110334 0.374257 0.0101293 0.239378 0.119226 0.146676
9.996E-05 9.996E-05 9.996E-05 9.996E-05 0.9995 9.996E-05
0.00933535 0.23792 0.0920282 0.475689 0.0153172 0.169711
0.14743 0.245595 0.0388069 0.0992057 0.163802 0.30516
0.0334258 0.314066 0.012942 0.620111 0.0193553 9.9991E-05
0.111301 0.42657 0.320813 0.0262915 9.9991E-05 0.114925
