9.9991E-05 0.0356744 0.0136333 0.121375 0.0385157 0.775782 0.0149189
0.0986128 9.9982E-05 0.289309 0.248924 0.137008 0.225946 9.9982E-05
0.0942515 0.0476045 0.341 0.167327 9.9991E-05 0.232797 0.116921
0.115964 0.191834 0.338872 0.104025 9.9991E-05 0.228984 0.0202196
0.116604 0.172807 0.601263 9.9982E-05 0.0605789 0.0485471 9.9982E-05
9.9982E-05 0.139355 0.563413 9.9982E-05 0.170564 0.0461338 0.0803341
0.0773276 0.232586 0.0522838 9.9991E-05 0.114229 0.420733 0.10274
0.0676055 0.115439 0.157131 0.295179 0.0931241 0.237429 0.034092
0.0328241 0.0489686 0.342749 9.9991E-05 0.0882256 0.124869 0.362263
0.208954 0.438352 9.9973E-05 9.9973E-05 9.9973E-05 0.13424 0.218154
9.9982E-05 0.272241 9.9982E-05 0.0493319 0.0472615 0.0450611 0.585904
0.0545594 9.9973E-05 0.0701091 9.9973E-05 0.220471 9.9973E-05 0.65456
0.0537345 0.134591 0.30605 9.9982E-05 0.215285 9.9982E-05 0.290141
0.0977392 0.161815 0.144478 0.0821859 0.248896 0.264785 9.9991E-05
9.99639E-05 0.0331021 9.99639E-05 0.0667104 0.899788 9.99639E-05 9.99639E-05
0.0573076 0.174827 0.171128 0.442059 0.115453 0.0391255 9.9991E-05
9.9955E-05 0.0172971 9.9955E-05 9.9955E-05 0.982203 9.9955E-05 9.9955E-05
0.180102 0.260122 9.9991E-05 0.0245342 0.150406 0.278556 0.106179
9.999E-05 0.137475 0.314792 0.029747 0.131652 0.137198 0.249037
9.999E-05 0.0804847 0.0889568 0.292566 0.0228372 0.222183 0.292872
0.0390776 0.257251 0.242357 0.131917 9.9991E-05 0.315728 0.0135696
0.0100385 9.9982E-05 9.9982E-05 0.0759528 0.510944 0.207104 0.195761
0.0152392 0.238611 0.340879 0.137555 0.0388457 0.140176 0.0886945
0.0526599 9.9982E-05 0.395072 0.110009 0.154709 9.9982E-05 0.28735
9.9964E-05 0.301747 9.9964E-05 9.9964E-05 0.139275 9.9964E-05 0.558578
0.120852 9.9991E-05 0.0672351 0.0611257 0.292632 0.426786 0.0312693
0.104148 0.150867 9.9991E-05 0.111085 0.281453 0.0871695 0.265178
0.0607592 0.162132 0.0938046 0.140369 0.292103 0.217057 0.0337745
0.11974 0.0592006 0.132598 0.137341 0.327334 0.0624673 0.16132
0.69173 0.0756097 0.0669718 0.165389 9.99729E-05 9.99729E-05 9.99729E-05
9.9982E-05 0.195023 0.351734 0.150215 0.043176 9.9982E-05 0.259652
0.0369895 0.118363 9.9982E-05 0.00975434 9.9982E-05 0.112015 0.722678
0.071896 0.0536976 0.416296 0.0622988 0.311531 0.0841798 9.9991E-05
9.9982E-05 0.179733 0.320998 0.165893 0.313104 0.0200721 9.9982E-05
0.0184936 0.201226 0.274323 9.9991E-05 0.372681 0.0723204 0.0608559
9.995E-05 9.995E-05 9.995E-05 9.995E-05 9.995E-05 0.9994 9.995E-05
9.9982E-05 0.217639 0.542881 0.00308729 0.0982047 0.137989 9.9982E-05
0.0473794 0.13193 9.9991E-05 0.00522381 0.209477 0.200048 0.405842
0.0822009 0.140912 0.519963 0.0479196 0.208805 9.9982E-05 9.9982E-05
9.999E-05 0.194192 0.359405 0.112356 0.0903143 0.0103423 0.233291
0.00117015 9.9982E-05 0.0355222 0.116167 0.236178 9.9982E-05 0.610763
0.0107603 0.157334 0.269466 0.251729 0.0583351 0.0709894 0.181386
0.084105 0.0314397 0.227522 0.307234 9.9991E-05 0.307627 0.0419726
0.0354706 9.9973E-05 0.0571946 9.9973E-05 9.9973E-05 0.243304 0.663731
0.0216381 0.106659 9.9991E-05 0.0531059 0.0219203 0.105887 0.690689
9.9982E-05 0.237385 0.340024 9.9982E-05 0.099933 0.00291655 0.319542
9.9982E-05 9.9982E-05 0.542991 0.134747 0.104592 0.113286 0.104184
0.0696222 9.9991E-05 0.588669 0.139892 0.017427 0.0376408 0.146649
9.9973E-05 9.9973E-05 9.9973E-05 0.111771 0.238403 0.0487164 0.600809
0.225139 9.9991E-05 0.0944383 0.339824 0.0278646 0.108314 0.204321
0.115883 0.232013 0.138154 0.0666625 0.131916 0.200252 0.11512
0.149909 0.209016 0.430352 0.0990384 9.9982E-05 0.111484 9.9982E-05
0.0769503 0.0489526 0.0578487 0.574374 0.0349449 0.0842885 0.122641
0.0970942 0.290417 0.108769 0.235662 0.16111 0.106849 9.9991E-05
0.136333 9.9982E-05 0.00133175 0.287282 9.9982E-05 0.0275785 0.547275
0.0277567 0.14891 0.474957 9.9982E-05 9.9982E-05 0.220829 0.127347
0.110791 0.0532385 9.99731E-05 0.207787 9.99731E-05 9.99731E-05 0.627884
0.0882111 0.0663544 0.258406 0.0526005 9.9991E-05 0.0416807 0.492648
0.0452663 0.159598 0.266255 0.271482 0.0353428 9.9991E-05 0.221956
0.00848655 0.182349 0.0384913 0.0901939 0.0617162 0.0722744 0.546489
0.0272367 9.99735E-05 0.819936 0.0102214 0.142306 9.99735E-05 9.99735E-05
9.9991E-05 0.215136 0.398556 0.011193 0.350527 0.0056578 0.0188291
9.9964E-05 9.9964E-05 0.503694 9.9964E-05 0.36728 9.9964E-05 0.128626
0.867851 0.00642295 9.9973E-05 0.0996341 9.9973E-05 0.0257923 9.9973E-05
0.0266511 0.161001 0.124025 0.0707405 0.0989945 0.464283 0.0543043
9.9964E-05 0.00167239 9.9964E-05 0.0313833 9.9964E-05 0.966544 9.9964E-05
0.0573728 0.190661 0.332308 9.9991E-05 0.0990291 0.274552 0.0459772
0.0756239 0.0678522 0.522402 0.0337211 0.160173 9.9991E-05 0.140128
9.9964E-05 9.9964E-05 0.551768 9.9964E-05 0.136271 0.31156 9.9964E-05
0.109707 0.27569 0.0917213 0.181967 0.103183 0.237632 9.9991E-05
0.120606 0.20426 0.343931 0.131965 0.0373103 9.9991E-05 0.161828
0.0489895 9.9982E-05 9.9982E-05 0.016066 0.678741 0.228786 0.0272176
0.130344 0.114483 0.196038 0.00855236 0.183321 0.142562 0.224701
0.015496 0.0167183 0.120595 0.217727 0.265176 9.9991E-05 0.364188
0.144874 0.104104 9.9982E-05 0.0881907 0.443139 9.9982E-05 0.219493
0.0107474 0.153597 0.0433879 0.573524 9.9982E-05 9.9982E-05 0.218543
0.0653421 0.0443443 0.343084 9.9982E-05 0.308965 9.9982E-05 0.238064
0.0529733 0.0778513 0.792922 0.0624597 0.013594 9.9982E-05 9.9982E-05
9.9964E-05 9.9964E-05 0.881377 9.9964E-05 0.0906147 0.027608 9.9964E-05
0.197405 0.0874485 0.523589 0.000327692 0.19103 9.9982E-05 9.9982E-05
0.0856418 0.116256 0.215933 0.17305 0.129203 0.116182 0.163735
0.0136732 0.145887 0.575793 9.9982E-05 0.0985804 0.165866 9.9982E-05
0.177124 0.0871829 0.121769 0.0588089 0.0128979 9.9991E-05 0.542118
0.131634 0.191069 0.401428 0.275569 9.9973E-05 9.9973E-05 9.9973E-05
9.9973E-05 0.0108946 0.294769 9.9973E-05 0.55594 9.9973E-05 0.138096
9.9973E-05 9.9973E-05 0.104803 0.21446 9.9973E-05 0.258234 0.422203
9.9964E-05 9.9964E-05 0.0529137 9.9964E-05 0.163268 0.783419 9.9964E-05
9.99641E-05 0.217532 0.434251 9.99641E-05 9.99641E-05 9.99641E-05 0.347817
0.0956562 0.0831652 9.9982E-05 9.9982E-05 0.575958 0.152587 0.0924334
9.9973E-05 0.00233593 9.9973E-05 0.0769301 9.9973E-05 0.267292 0.653142
0.9994 9.995E-05 9.995E-05 9.995E-05 9.995E-05 9.995E-05 9.995E-05
9.9973E-05 0.0690789 9.9973E-05 0.131645 0.413032 9.9973E-05 0.385944
0.00602915 0.156824 0.534736 0.107574 9.9982E-05 0.194637 9.9982E-05
9.9982E-05 9.9982E-05 0.0929965 0.338214 0.363078 0.104336 0.101175
9.9982E-05 0.0149633 0.475556 0.0750352 0.256871 0.177375 9.9982E-05
0.160882 0.125724 0.493047 0.0805922 9.9982E-05 0.139555 9.9982E-05
0.0471765 9.9991E-05 0.0107583 0.24341 0.0135707 0.265941 0.419043
9.9982E-05 0.115913 0.324198 9.9982E-05 0.185792 0.127504 0.246393
0.452633 0.0657774 9.9982E-05 9.9982E-05 0.134256 0.0509288 0.296205
0.164558 9.9982E-05 0.269348 9.9982E-05 0.326888 0.0817254 0.15728
0.0362011 0.0148169 0.128764 9.9991E-05 0.235498 0.193602 0.391018
0.9994 9.995E-05 9.995E-05 9.995E-05 9.995E-05 9.995E-05 9.995E-05
9.9982E-05 0.225069 0.216873 0.134868 0.325939 9.9982E-05 0.0970513
9.995E-05 0.9994 9.995E-05 9.995E-05 9.995E-05 9.995E-05 9.995E-05
0.0931296 0.159634 0.0443671 0.262999 9.9991E-05 0.21365 0.22612
0.0624058 0.0313839 0.273138 0.362564 0.0147897 0.0654365 0.190282
0.0427506 9.9991E-05 0.0977836 0.201967 0.424723 0.114179 0.118497
0.0196782 0.157927 0.318833 0.0597053 0.168886 0.105901 0.16907
0.130376 0.0756821 0.0596432 0.141065 0.39938 9.9991E-05 0.193754
0.0368688 0.0750992 0.19023 0.0430573 0.208783 0.255101 0.190861
9.9982E-05 0.255469 0.383264 0.154038 0.0703841 0.136645 9.9982E-05
0.15944 0.0861038 0.0364215 9.9973E-05 9.9973E-05 9.9973E-05 0.717734
0.0716287 0.0635609 0.41752 0.339536 9.9982E-05 9.9982E-05 0.107554
0.360131 0.0185237 0.0628876 9.9982E-05 0.38024 9.9982E-05 0.178018
0.164026 0.0433306 0.194407 0.0983954 0.154942 0.250727 0.094172
0.9994 9.995E-05 9.995E-05 9.995E-05 9.995E-05 9.995E-05 9.995E-05
9.9991E-05 0.168203 0.13955 0.0839676 0.11376 0.249923 0.244496
0.027305 0.148305 9.9982E-05 0.115078 0.246034 0.463077 9.9982E-05
0.0832227 9.9982E-05 0.622558 0.135837 0.0310101 9.9982E-05 0.127172
0.00874331 0.0641533 9.9982E-05 9.9982E-05 0.264925 0.345507 0.316472
0.0190708 0.16872 0.187677 0.149617 0.30477 0.170045 9.9991E-05
0.325208 0.13416 0.154565 9.9982E-05 0.334216 0.0516514 9.9982E-05
0.167227 0.0953785 0.13319 0.016719 0.354345 9.9991E-05 0.233041
0.0357862 0.0729114 0.494101 0.321348 0.0756527 9.9982E-05 9.9982E-05
0.062061 0.0454028 0.133597 9.9982E-05 0.0911039 9.9982E-05 0.667635
0.0262902 0.0107783 0.46775 0.137137 0.357844 9.9982E-05 9.9982E-05
9.9973E-05 0.18066 9.9973E-05 0.140754 9.9973E-05 0.0350405 0.643245
0.0644088 0.00789623 0.206815 0.00855322 0.207079 0.0750658 0.430182
9.9973E-05 0.02369 0.447641 0.214748 9.9973E-05 9.9973E-05 0.31362
0.145064 0.170358 0.109334 0.148841 0.0616264 0.149289 0.215486
0.0637516 9.9964E-05 9.9964E-05 9.9964E-05 0.262068 0.673781 9.9964E-05
0.0684791 0.0940502 0.68276 9.9982E-05 0.11753 0.0369812 9.9982E-05
0.300473 9.99641E-05 0.648901 0.0502256 9.99641E-05 9.99641E-05 9.99641E-05
0.0299895 0.0479714 0.264316 0.371924 0.265339 9.9991E-05 0.0203609
0.0105812 0.177089 0.289237 9.9982E-05 9.9982E-05 0.315756 0.207138
9.9973E-05 0.245256 0.27991 9.9973E-05 9.9973E-05 0.0480377 0.426496
9.9964E-05 9.9964E-05 0.0491637 0.930924 0.0195128 9.9964E-05 9.9964E-05
9.995E-05 9.995E-05 9.995E-05 0.9994 9.995E-05 9.995E-05 9.995E-05
0.0473564 0.0568233 0.00193097 0.172852 0.0717586 0.180151 0.469128
9.9982E-05 0.0569824 0.635453 9.9982E-05 0.231919 0.0210264 0.0544193
0.0529237 0.248631 0.365064 9.9991E-05 0.0989443 0.057447 0.17689
9.9982E-05 0.319518 0.161556 0.154313 0.066371 9.9982E-05 0.298042
0.1144 0.0601665 0.376976 9.9982E-05 0.0896937 9.9982E-05 0.358563
9.9991E-05 0.085231 0.0800842 0.00411159 0.208921 0.104852 0.516699
0.0162615 0.0738296 0.256705 0.0269687 0.531385 0.0947509 9.9991E-05
0.345796 0.117871 0.14112 9.9982E-05 0.28065 9.9982E-05 0.114363
9.9991E-05 0.125155 0.0505611 0.192777 0.412949 0.0549413 0.163515
9.99549E-05 0.983329 9.99549E-05 9.99549E-05 0.0161711 9.99549E-05 9.99549E-05
9.9982E-05 0.318666 9.9982E-05 0.0530369 0.0865746 0.482558 0.0589646
9.9982E-05 0.212684 0.453843 0.136374 9.9982E-05 0.125568 0.0713307
9.9973E-05 0.133252 0.145925 9.9973E-05 9.9973E-05 0.0389871 0.681536
9.9991E-05 0.205248 0.363667 0.0640012 0.23547 0.0792521 0.0522628
0.124186 0.304484 0.255311 9.9982E-05 9.9982E-05 0.126754 0.189066
0.0849916 0.0466691 9.9982E-05 0.186511 0.404777 9.9982E-05 0.276851
0.0175773 9.9991E-05 0.29597 0.067822 0.271384 0.0661055 0.281041
0.173549 0.141212 0.141453 0.147745 0.147063 0.248878 9.9991E-05
9.9982E-05 0.146749 0.245234 9.9982E-05 0.0284715 0.105118 0.474227
0.0713768 0.215053 0.314766 0.0513795 9.9991E-05 0.155353 0.191972
0.198122 9.9964E-05 9.9964E-05 0.046002 9.9964E-05 0.755476 9.9964E-05
0.0501384 0.0887479 0.119906 0.0601856 0.262897 0.144245 0.27388
9.9973E-05 0.0916311 0.541641 9.9973E-05 0.19869 0.167738 9.9973E-05
9.995E-05 0.9994 9.995E-05 9.995E-05 9.995E-05 9.995E-05 9.995E-05
9.9973E-05 0.41115 9.9973E-05 0.177332 0.314484 0.0967346 9.9973E-05
0.0313544 9.9973E-05 0.294624 0.559358 0.114364 9.9973E-05 9.9973E-05
0.0993921 0.177816 0.19743 0.181614 9.9991E-05 0.227475 0.116173
9.9964E-05 0.127912 9.9964E-05 9.9964E-05 9.9964E-05 0.685678 0.18601
9.9991E-05 0.0319687 0.149086 0.165763 0.194216 0.106247 0.352619
9.9982E-05 0.230148 0.378259 0.280542 0.109075 9.9982E-05 0.00177577
9.995E-05 9.995E-05 9.995E-05 0.9994 9.995E-05 9.995E-05 9.995E-05
0.140156 0.0350071 0.18245 0.10273 0.336767 0.202789 9.9991E-05
0.0657628 0.0523107 0.171792 0.181727 0.0908274 9.9991E-05 0.43748
0.0841489 0.189242 0.0682448 0.242667 0.227243 0.111603 0.0768516
0.0923775 0.169411 0.435837 9.9982E-05 9.9982E-05 0.259329 0.0428453
9.9982E-05 0.0923775 9.9982E-05 0.328316 0.259915 0.0887998 0.230392
9.9991E-05 0.129981 0.245556 0.139886 0.170713 0.229551 0.0842136
0.00873694 0.0364091 0.502693 9.9982E-05 0.194356 9.9982E-05 0.257605
9.9973E-05 0.19556 0.585004 0.195849 9.9973E-05 9.9973E-05 0.0232861
0.0641744 0.178604 0.231682 0.242713 9.9991E-05 0.105616 0.17711
0.0375485 0.902655 0.0428013 9.9973E-05 9.9973E-05 9.9973E-05 0.0166949
0.0389689 9.9991E-05 0.187618 0.141014 0.0628593 0.0498506 0.519589
9.995E-05 9.995E-05 9.995E-05 9.995E-05 0.9994 9.995E-05 9.995E-05
0.101986 0.0751488 0.05727 9.9991E-05 0.173901 0.194705 0.396889
0.000210201 0.0356248 9.9991E-05 0.245088 0.147013 0.357983 0.213981
0.155255 9.9982E-05 0.345534 0.133037 9.9982E-05 0.297515 0.0684583
0.111843 0.142642 0.329377 0.277101 9.9991E-05 0.13634 0.00259658
9.995E-05 0.9994 9.995E-05 9.995E-05 9.995E-05 9.995E-05 9.995E-05
0.074208 0.0650027 0.620211 9.9982E-05 0.0939921 0.146387 9.9982E-05
0.0596815 0.288704 9.9991E-05 0.10161 0.135865 0.266273 0.147767
9.9991E-05 0.00328826 0.438461 0.0744227 0.11436 0.228564 0.140804
0.169108 9.9982E-05 9.9982E-05 0.349338 0.142166 0.175149 0.164039
