0.059346 0.0656134 0.875041
0.104695 0.56607 0.329235
0.189975 0.540378 0.269646
0.197578 0.466551 0.33587
0.262466 0.675608 0.0619253
0.102481 0.695131 0.202388
0.27953 0.417556 0.302913
0.201866 0.609864 0.18827
0.15874 0.427245 0.414015
0.463468 9.9991E-05 0.536432
0.147546 0.212275 0.64018
0.239312 0.660411 0.100277
0.343855 0.522713 0.133431
0.163624 0.337249 0.499128
9.9991E-05 0.569641 0.430259
0.281422 0.638345 0.0802331
0.0512986 0.57209 0.376612
0.488908 0.243411 0.267681
0.257051 0.596712 0.146238
0.27027 0.718662 0.0110676
0.079474 0.418027 0.502499
0.131596 0.26556 0.602845
0.426658 0.509282 0.0640595
0.380326 0.319882 0.299791
0.0822581 9.9991E-05 0.917642
0.154627 0.252059 0.593314
0.263958 0.178803 0.55724
0.329696 0.195385 0.474919
0.233755 0.414403 0.351843
0.712457 0.287443 9.9991E-05
0.215758 0.622268 0.161974
0.209077 0.187651 0.603272
0.157675 0.644752 0.197573
0.0680069 0.629826 0.302167
0.22111 0.272544 0.506346
0.0456664 0.0103443 0.943989
0.08806 0.586233 0.325707
0.0350982 9.9991E-05 0.964802
0.320829 0.541643 0.137528
0.173156 0.483732 0.343112
0.200661 0.655666 0.143673
0.325314 0.422758 0.251928
0.222321 0.440672 0.337006
0.102533 0.526376 0.371091
0.271544 0.170784 0.557672
0.0767754 0.392303 0.530922
0.246728 0.71003 0.043242
0.142307 0.857593 9.9991E-05
0.15494 0.561542 0.283518
0.230339 0.760128 0.00953225
0.0953157 0.293527 0.611158
0.269269 0.695096 0.0356349
0.220036 0.779864 9.9991E-05
0.260008 0.395272 0.34472
0.141745 0.615034 0.24322
0.248826 0.572654 0.17852
0.148362 0.730753 0.120885
0.135732 0.620457 0.243811
0.170096 0.655294 0.17461
0.195608 0.472567 0.331825
0.0747155 0.830211 0.0950734
0.216292 0.530558 0.25315
0.167855 0.682335 0.149809
0.987974 0.0119263 9.9991E-05
0.00658349 0.358906 0.634511
9.9991E-05 0.220735 0.779165
0.0874138 0.297145 0.615442
0.236341 0.745151 0.0185081
0.0247878 0.481752 0.49346
0.304045 0.553048 0.142907
0.0905874 0.624937 0.284475
0.163503 0.213704 0.622793
0.269217 0.456969 0.273814
0.239412 0.586269 0.174319
0.141818 0.330034 0.528147
0.0637586 0.819732 0.116509
0.449734 0.412548 0.137718
0.119371 0.880529 9.9991E-05
9.9991E-05 0.971122 0.0287778
0.288536 0.516039 0.195425
0.253091 0.515073 0.231836
0.191298 0.677388 0.131314
0.303481 0.467796 0.228722
0.12238 0.87752 9.9991E-05
0.0584196 0.7545 0.18708
9.9991E-05 0.456675 0.543225
0.18155 0.259171 0.559279
0.0255938 0.782654 0.191752
0.332794 0.194933 0.472274
0.0586029 0.482507 0.45889
0.9998 9.999E-05 9.999E-05
0.102616 0.394874 0.50251
0.140718 0.741723 0.11756
0.185271 0.576141 0.238588
0.0262391 0.803565 0.170196
0.147123 0.615183 0.237694
0.00449508 0.382085 0.61342
0.131052 0.867292 0.00165595
0.871051 9.9991E-05 0.128849
0.40055 0.59935 9.9991E-05
0.175007 0.363655 0.461338
0.9998 9.999E-05 9.999E-05
0.14344 0.377194 0.479366
9.999E-05 9.999E-05 0.9998
0.0506521 0.392904 0.556444
0.102095 0.746884 0.151022
0.0493875 0.715431 0.235182
0.244077 0.351471 0.404452
0.285471 0.430625 0.283904
0.15458 0.406556 0.438864
0.0595602 0.654733 0.285707
0.384289 0.571945 0.0437658
0.0688203 0.706824 0.224356
0.686173 0.18098 0.132847
0.202359 0.615881 0.18176
0.9998 9.999E-05 9.999E-05
9.9991E-05 0.33614 0.66376
0.202332 0.229482 0.568186
0.20929 0.79061 9.9991E-05
0.315873 0.0827462 0.601381
0.216225 0.378509 0.405266
0.675389 9.9991E-05 0.324511
0.331064 0.481251 0.187685
0.0379883 0.936242 0.0257699
0.468286 0.531614 9.9991E-05
0.0913704 0.903628 0.00500144
0.0504055 0.43937 0.510224
0.327719 0.454714 0.217567
9.999E-05 0.9998 9.999E-05
0.271491 0.0445801 0.683929
0.262897 0.108951 0.628152
0.260129 0.739771 9.9991E-05
0.335667 0.664233 9.9991E-05
0.381783 0.613896 0.00432111
0.110704 0.433213 0.456084
0.25567 0.531324 0.213006
9.999E-05 0.9998 9.999E-05
0.216983 0.782917 9.9991E-05
0.214029 0.556487 0.229483
0.0745524 0.768589 0.156859
0.217539 0.467477 0.314984
0.157714 0.578684 0.263602
0.207896 0.650625 0.141479
0.183391 0.332548 0.48406
0.190061 0.664822 0.145117
0.586787 9.99922E-05 0.413113
0.00143466 0.721941 0.276624
0.9998 9.999E-05 9.999E-05
0.0771591 0.11526 0.80758
0.0814452 0.536063 0.382492
0.133225 0.823775 0.0430004
0.0895086 0.858876 0.0516155
0.354844 0.367712 0.277444
0.189785 0.525379 0.284836
0.191694 0.762393 0.045913
0.457797 0.323272 0.218931
0.185829 0.524906 0.289265
0.254163 0.515087 0.23075
0.188983 0.16828 0.642736
0.341889 0.479125 0.178986
0.217474 0.429165 0.353361
0.9998 9.999E-05 9.999E-05
0.315202 0.458595 0.226203
0.0467138 0.764332 0.188954
0.148127 0.391177 0.460696
0.226839 9.9991E-05 0.773061
9.9991E-05 0.624005 0.375895
9.9991E-05 0.724328 0.275572
0.0439207 0.801015 0.155065
0.226138 0.453262 0.3206
0.116868 0.605164 0.277967
0.225857 0.685491 0.0886515
0.304825 0.573515 0.12166
9.9991E-05 0.639498 0.360402
0.10388 0.65463 0.24149
9.9991E-05 0.868468 0.131432
0.156529 0.843371 9.9991E-05
0.214653 0.535633 0.249714
9.999E-05 9.999E-05 0.9998
0.211065 0.481251 0.307684
0.239656 0.384048 0.376296
0.273284 0.0660024 0.660714
0.0943015 0.314805 0.590893
0.25779 0.600699 0.141511
0.0943153 0.702308 0.203377
9.999E-05 9.999E-05 0.9998
0.143456 0.816618 0.0399257
0.150027 0.158639 0.691334
0.0775135 0.788714 0.133772
0.265145 0.545781 0.189075
