0.192458 0.755041 0.0525001
0.0879609 0.76029 0.151749
0.229394 0.581583 0.189023
0.416238 0.472427 0.111335
0.356566 0.442808 0.200626
0.425053 0.51054 0.0644074
0.267722 0.47929 0.252988
0.183577 0.68028 0.136142
0.318772 0.434966 0.246262
0.518973 0.167638 0.313389
0.809694 0.186672 0.0036342
0.451077 0.11915 0.429773
0.232392 0.349016 0.418592
0.244741 0.428677 0.326582
0.325286 0.372923 0.301792
0.200972 0.450119 0.348909
0.585686 0.0903638 0.32395
0.191842 0.341744 0.466414
0.296719 0.557149 0.146132
0.0739062 0.698512 0.227582
0.306828 0.571846 0.121325
0.189633 0.564886 0.245481
0.215583 0.509542 0.274876
0.0477054 0.788893 0.163402
0.910852 9.9991E-05 0.0890482
0.146537 0.622813 0.23065
0.28283 0.379555 0.337615
0.285054 0.45944 0.255506
0.406168 0.475553 0.11828
0.00614994 0.328568 0.665282
0.593189 0.249029 0.157782
0.684107 0.181018 0.134875
0.0885867 0.60637 0.305043
0.269745 0.548145 0.18211
0.352856 0.347796 0.299349
0.117106 0.750949 0.131945
0.2601 0.682661 0.0572391
0.641594 0.163295 0.195111
0.325707 0.405745 0.268548
0.381639 0.490797 0.127564
0.15204 0.712553 0.135408
0.193676 0.622008 0.184316
0.17135 0.690813 0.137837
0.53887 0.377389 0.083741
0.492164 0.226659 0.281177
0.623118 0.325099 0.0517835
0.23978 0.707657 0.0525631
0.289013 0.633778 0.0772089
0.437225 0.424239 0.138536
0.306754 0.446911 0.246335
0.470572 0.238095 0.291333
0.290141 0.548027 0.161832
0.051664 0.770006 0.17833
0.225355 0.282141 0.492504
0.563763 0.275167 0.16107
0.240416 0.566321 0.193263
0.799442 0.187223 0.0133352
0.416805 0.458377 0.124818
0.419172 0.435416 0.145412
0.618524 0.294566 0.0869096
9.9991E-05 0.818208 0.181692
0.399791 0.350835 0.249374
0.213564 0.639156 0.14728
9.999E-05 9.999E-05 0.9998
0.395675 0.604225 9.9991E-05
0.0233422 0.976558 9.9991E-05
0.262926 0.572135 0.164939
0.364073 0.334808 0.301119
0.165938 0.666848 0.167214
0.225509 0.516231 0.25826
0.582646 0.264434 0.152921
0.0951605 0.608106 0.296734
0.308316 0.383285 0.308399
0.584973 0.362458 0.0525693
0.340001 0.419884 0.240115
0.349926 0.520634 0.12944
0.205352 0.445307 0.349341
0.098637 0.83108 0.0702833
0.0739122 0.925988 9.9991E-05
9.9991E-05 0.679686 0.320214
0.206712 0.560936 0.232351
0.334597 0.53446 0.130943
0.398768 0.368164 0.233068
0.416825 0.340061 0.243114
0.143472 0.572196 0.284332
0.296613 0.703133 0.000254313
9.9991E-05 0.862601 0.137299
0.587425 0.339624 0.0729508
0.232934 0.337316 0.42975
0.359552 0.640348 9.9991E-05
9.999E-05 9.999E-05 0.9998
0.616331 0.244317 0.139352
0.29854 0.610036 0.0914245
0.169631 0.554721 0.275648
0.367256 0.630158 0.00258612
0.286944 0.568379 0.144677
0.445331 0.554569 9.9991E-05
0.508031 0.491869 9.9991E-05
0.180963 9.9991E-05 0.818937
0.233173 0.416874 0.349953
0.288747 0.395525 0.315729
9.999E-05 9.999E-05 0.9998
0.504615 0.329895 0.16549
0.967908 9.9991E-05 0.0319918
0.310225 0.493083 0.196692
0.290043 0.709857 9.9991E-05
0.272166 0.653128 0.0747053
0.335619 0.561728 0.102653
0.252957 0.417635 0.329408
0.199038 0.5877 0.213262
0.181926 0.628894 0.18918
0.547411 0.161318 0.291271
0.34043 0.597382 0.0621874
0.169216 0.1263 0.704484
0.150521 0.640839 0.20864
0.0238569 9.9991E-05 0.976043
0.652241 0.321511 0.0262476
0.0493358 0.73868 0.211985
0.203603 0.64846 0.147937
0.476156 0.197097 0.326747
0.0564393 0.567162 0.376399
0.0367213 0.165947 0.797332
0.430413 0.171128 0.39846
0.565259 0.425177 0.00956441
0.467694 0.181019 0.351287
0.421422 0.51373 0.064848
0.673957 0.261685 0.0643578
0.35515 0.422166 0.222684
0.393117 0.606783 9.9991E-05
0.533452 0.234624 0.231924
0.207612 0.652359 0.140029
0.0294127 0.756874 0.213714
0.467149 0.240609 0.292242
0.107883 0.526082 0.366034
0.426544 0.50581 0.0676459
0.636479 0.09298 0.270541
0.220438 0.779462 9.9991E-05
0.0214652 0.843233 0.135302
0.261458 0.567442 0.1711
0.454118 0.411466 0.134416
0.322686 0.41796 0.259354
0.531525 0.214896 0.253579
0.648616 0.260154 0.0912298
0.434869 0.340488 0.224643
0.126916 0.625965 0.247118
9.9991E-05 0.213175 0.786725
0.371011 0.575105 0.053884
9.999E-05 9.999E-05 0.9998
0.150056 0.644046 0.205898
0.286997 0.712903 9.9991E-05
0.586718 0.136526 0.276755
0.394722 0.558457 0.0468212
0.147358 0.496053 0.356589
0.286475 0.428381 0.285144
0.389631 0.427257 0.183112
0.181583 0.555772 0.262646
0.327694 0.578957 0.0933487
0.234546 0.547351 0.218103
9.9991E-05 0.902468 0.0974323
0.365562 0.470083 0.164355
0.432416 0.396954 0.17063
9.999E-05 9.999E-05 0.9998
0.0533597 0.484193 0.462447
0.0346836 0.798151 0.167165
0.302393 0.559752 0.137855
9.9991E-05 0.711319 0.288581
0.475674 0.516236 0.00809032
0.50044 0.49946 9.9991E-05
9.999E-05 0.9998 9.999E-05
9.9991E-05 0.550561 0.449339
0.401627 0.499978 0.0983951
0.533829 0.258807 0.207364
0.291751 0.473754 0.234495
0.298288 0.701612 9.9991E-05
0.212445 0.706431 0.081124
0.463584 0.498727 0.0376889
0.467537 0.467978 0.064485
0.694568 0.305332 9.9991E-05
0.9998 9.999E-05 9.999E-05
0.582234 0.3378 0.0799659
0.515308 0.075455 0.409237
0.229421 0.365192 0.405387
0.0634336 0.762093 0.174473
0.200901 0.553983 0.245117
0.427624 0.507483 0.0648923
0.9998 9.999E-05 9.999E-05
0.123865 0.666488 0.209647
0.506746 0.355913 0.137341
9.9991E-05 0.887276 0.112624
0.0334817 0.593138 0.37338
