9.9982E-05 0.433441 0.196593 0.324377 0.0453884 9.9982E-05
0.327898 0.200658 0.222855 0.248389 9.9982E-05 9.9982E-05
9.99821E-05 0.348652 0.252194 0.138232 9.99821E-05 0.260721
9.999E-05 0.444962 0.1959 0.0162342 0.199704 0.1431
0.402893 0.452674 0.111502 0.0077114 0.0251199 9.9991E-05
0.357743 0.448254 9.9973E-05 9.9973E-05 9.9973E-05 0.193702
0.257528 0.277247 0.1861 0.0575509 0.221475 9.99911E-05
0.153247 0.227537 0.491171 0.127845 9.99821E-05 9.99821E-05
0.125674 0.117819 0.0276151 9.9991E-05 0.645401 0.0833905
9.99731E-05 0.131516 9.99731E-05 0.54184 9.99731E-05 0.326344
9.999E-05 0.109939 0.17762 0.216904 0.0474988 0.447938
0.111004 0.0547901 0.262654 9.99821E-05 0.571352 9.99821E-05
0.0570045 0.0252796 0.525333 9.99821E-05 0.392183 9.99821E-05
0.578608 0.334965 9.99731E-05 0.0861268 9.99731E-05 9.99731E-05
9.99732E-05 9.99732E-05 0.18612 9.99732E-05 0.751001 0.0625794
9.99732E-05 0.616241 0.293947 9.99732E-05 0.0895114 9.99732E-05
0.217878 0.0945141 0.104409 9.9991E-05 0.498108 0.0849907
0.0914621 0.277655 9.9991E-05 0.293611 0.122638 0.214535
9.99732E-05 9.99732E-05 0.617939 0.285063 0.0966985 9.99732E-05
0.247813 0.203327 0.214487 0.334173 9.99821E-05 9.99821E-05
9.99732E-05 0.0797586 9.99732E-05 0.518018 9.99732E-05 0.401923
9.99731E-05 0.013547 0.642698 9.99731E-05 0.343455 9.99731E-05
0.109399 0.173152 0.053974 9.9991E-05 0.382877 0.280498
0.0956804 0.838104 9.99732E-05 0.0659159 9.99732E-05 9.99732E-05
9.99821E-05 0.309748 0.338321 0.0565575 9.99821E-05 0.295174
9.9973E-05 0.470129 0.109595 0.419975 9.9973E-05 9.9973E-05
9.999E-05 0.0889333 0.0129841 0.736668 0.0818749 0.0794394
0.133459 9.99821E-05 0.298347 0.512925 9.99821E-05 0.0550691
0.0976016 9.9973E-05 0.677321 9.9973E-05 9.9973E-05 0.224778
9.99733E-05 0.976805 9.99733E-05 9.99733E-05 0.0159112 0.00698398
0.412791 9.99731E-05 9.99731E-05 0.393529 9.99731E-05 0.19338
0.347169 9.99732E-05 0.573141 9.99732E-05 0.0793899 9.99732E-05
0.320285 0.028023 9.99911E-05 0.198984 0.162368 0.29024
0.103202 0.138445 0.668047 0.0653299 0.0248759 9.9991E-05
9.9973E-05 0.7584 0.0964901 0.14481 9.9973E-05 9.9973E-05
0.353914 0.215661 9.99731E-05 0.430126 9.99731E-05 9.99731E-05
0.20388 0.0657451 0.503041 0.195574 9.99911E-05 0.03166
9.99732E-05 9.99732E-05 0.194119 0.125033 9.99732E-05 0.680549
0.0563508 0.158207 0.42176 0.363482 9.99821E-05 9.99821E-05
0.01219 0.139987 0.500461 9.9991E-05 0.138306 0.208956
9.99732E-05 0.28262 9.99732E-05 0.419033 0.298047 9.99732E-05
9.99821E-05 0.0272055 9.99821E-05 0.198137 0.613368 0.161089
0.257108 0.285097 0.205032 0.252563 9.9982E-05 9.9982E-05
9.99911E-05 0.269073 0.216926 0.200323 0.0481344 0.265443
0.109003 0.0587322 0.635257 0.0159074 0.133205 0.0478957
9.99821E-05 0.1463 0.487067 0.140102 0.226331 9.99821E-05
9.99731E-05 0.339409 9.99731E-05 0.00945384 0.650838 9.99731E-05
0.202552 9.9991E-05 0.0209853 0.0904268 0.550318 0.135618
9.99733E-05 9.99733E-05 0.466231 9.99733E-05 0.522203 0.0112663
9.9973E-05 0.492688 0.228068 0.278944 9.9973E-05 9.9973E-05
0.0158369 0.787713 0.16085 9.9982E-05 9.9982E-05 0.0353998
0.507675 9.99731E-05 9.99731E-05 0.254253 9.99731E-05 0.237772
9.99821E-05 0.640881 9.99821E-05 0.0212793 0.336784 0.000855613
9.99732E-05 0.265254 0.515095 9.99732E-05 9.99732E-05 0.21935
0.9995 9.996E-05 9.996E-05 9.996E-05 9.996E-05 9.996E-05
0.0665011 9.99911E-05 0.318485 0.353047 0.22876 0.0331068
0.379734 0.250643 9.9991E-05 0.125785 0.0700274 0.173711
0.952856 9.99644E-05 9.99644E-05 0.0467437 9.99644E-05 9.99644E-05
0.21752 9.9991E-05 0.257387 0.313696 0.148486 0.0628116
0.0240907 0.282835 0.0334595 0.457513 9.9991E-05 0.202002
9.99821E-05 0.277766 0.400283 0.213051 9.99821E-05 0.1087
9.99731E-05 0.169236 9.99731E-05 0.376523 0.453941 9.99731E-05
0.0279767 9.9982E-05 0.424648 0.257554 0.289621 9.9982E-05
9.99642E-05 0.73943 9.99642E-05 0.26017 9.99642E-05 9.99642E-05
0.265067 0.260255 0.317205 0.00750814 0.120735 0.0292296
9.99821E-05 0.140154 0.287956 0.245387 0.326303 9.99821E-05
0.0768706 0.496171 9.9982E-05 0.266163 9.9982E-05 0.160595
9.99821E-05 0.0324407 0.306226 0.39902 0.262113 9.99821E-05
9.99731E-05 9.99731E-05 0.661198 0.161375 0.177127 9.99731E-05
9.99732E-05 0.349509 0.180934 0.469257 9.99732E-05 9.99732E-05
0.320304 9.9982E-05 9.9982E-05 0.0163431 0.455373 0.207779
9.99731E-05 9.99731E-05 0.179509 0.279356 0.540835 9.99731E-05
0.811331 9.99732E-05 0.061105 0.127265 9.99732E-05 9.99732E-05
9.99643E-05 9.99643E-05 0.453937 0.545663 9.99643E-05 9.99643E-05
0.376488 0.36223 0.260981 9.99732E-05 9.99732E-05 9.99732E-05
0.212085 9.99821E-05 0.374385 0.125918 0.287413 9.99821E-05
9.99733E-05 0.130341 9.99733E-05 9.99733E-05 0.811083 0.0582763
0.0375017 9.9991E-05 0.0943249 0.648773 0.0441183 0.175182
9.9982E-05 0.0785771 0.532969 0.298273 9.9982E-05 0.0899808
0.587826 9.99821E-05 0.363707 9.99821E-05 0.0178146 0.0304526
0.0985669 0.132909 0.38303 0.385295 9.99821E-05 9.99821E-05
0.153148 0.315778 0.263033 0.00262997 0.132957 0.132455
0.274046 9.99822E-05 0.149046 0.397222 9.99822E-05 0.179487
0.00790216 0.292045 0.344456 9.99821E-05 0.355397 9.99821E-05
0.0229957 0.293276 0.135199 0.145173 0.3917 0.011656
9.9982E-05 0.130382 0.135268 0.563724 0.170426 9.9982E-05
0.320365 9.99732E-05 0.160206 0.519129 9.99732E-05 9.99732E-05
0.208526 0.754856 9.99731E-05 9.99731E-05 0.0363178 9.99731E-05
9.99822E-05 0.315683 0.427817 0.0425383 9.99822E-05 0.213762
9.99821E-05 0.137855 0.521064 9.99821E-05 0.205491 0.13539
9.99644E-05 0.982947 9.99644E-05 9.99644E-05 0.0166533 9.99644E-05
0.36193 0.236098 9.99911E-05 0.302729 0.0619972 0.0371467
0.228733 0.00218302 9.99821E-05 0.0125429 0.756341 9.99821E-05
0.27107 0.34135 9.9982E-05 9.9982E-05 0.0654188 0.321961
0.0328402 0.0268353 0.175098 0.154546 0.610581 9.9991E-05
0.365295 0.198233 0.0538678 9.9991E-05 0.30061 0.0818942
0.0255149 0.490371 9.9991E-05 0.216583 0.149216 0.118215
9.99641E-05 9.99641E-05 9.99641E-05 9.99641E-05 0.917341 0.0822593
9.99731E-05 0.784096 0.131334 0.0842697 9.99731E-05 9.99731E-05
9.9982E-05 0.485868 9.9982E-05 0.1765 0.319281 0.0181514
0.391647 0.122288 9.99821E-05 0.423795 9.99821E-05 0.0620704
9.99643E-05 0.986943 9.99643E-05 9.99643E-05 9.99643E-05 0.0126573
0.0500639 9.99821E-05 9.99821E-05 0.429625 0.195386 0.324725
9.996E-05 9.996E-05 9.996E-05 9.996E-05 9.996E-05 0.9995
0.103033 0.24085 0.571264 0.0846529 9.9982E-05 9.9982E-05
9.99731E-05 0.210117 0.484859 9.99731E-05 0.304724 9.99731E-05
0.716071 0.0901693 0.0555457 9.99821E-05 0.138014 9.99821E-05
0.108008 0.0503895 0.463818 0.179611 9.9991E-05 0.198074
9.99821E-05 0.114624 0.741655 9.99821E-05 0.134738 0.00878203
9.99821E-05 0.15314 0.370625 0.00147398 9.99821E-05 0.474561
0.264634 0.391952 0.0263171 0.237702 0.0792938 9.99911E-05
9.99731E-05 0.529496 0.420421 0.0497836 9.99731E-05 9.99731E-05
0.112589 0.500182 0.386929 9.99732E-05 9.99732E-05 9.99732E-05
0.358673 0.0149135 0.626114 9.99732E-05 9.99732E-05 9.99732E-05
9.996E-05 0.9995 9.996E-05 9.996E-05 9.996E-05 9.996E-05
0.344077 9.99732E-05 9.99732E-05 9.99732E-05 0.327855 0.327768
9.99821E-05 0.390717 0.181502 0.111871 0.31571 9.99821E-05
0.0411869 9.99821E-05 0.571757 0.294361 0.0924945 9.99821E-05
9.99731E-05 0.155587 0.78821 9.99731E-05 9.99731E-05 0.0559024
0.473713 0.035993 0.285605 0.156997 9.9991E-05 0.047593
9.99731E-05 0.715209 9.99731E-05 9.99731E-05 0.275494 0.00899705
0.552455 0.239148 9.99731E-05 0.208097 9.99731E-05 9.99731E-05
0.262904 0.343586 0.310114 9.99821E-05 9.99821E-05 0.0831969
0.521179 9.99821E-05 0.0424813 0.266914 9.99821E-05 0.169226
9.99821E-05 0.290744 0.174987 9.99821E-05 0.342999 0.19107
9.9991E-05 0.120153 0.329435 0.233768 0.226167 0.0903779
0.0297011 0.174208 9.99821E-05 0.139637 0.656254 9.99821E-05
0.0684799 0.209182 0.493321 0.181697 9.9991E-05 0.0472198
9.99821E-05 0.0939769 0.140856 0.367212 9.99821E-05 0.397755
0.0342191 0.37503 0.291084 0.0245245 0.0553288 0.219814
0.00519811 9.99821E-05 9.99821E-05 0.0153934 0.934198 0.0450104
0.323923 0.241436 0.116032 0.119521 9.9991E-05 0.198989
0.116339 9.99821E-05 0.180249 9.99821E-05 0.538956 0.164256
9.99731E-05 9.99731E-05 0.423179 0.373969 9.99731E-05 0.202552
0.0698815 0.0445528 9.9991E-05 0.608212 0.057745 0.219509
0.120462 0.401263 0.36346 9.99821E-05 9.99821E-05 0.114615
9.99732E-05 0.155946 0.669123 9.99732E-05 9.99732E-05 0.174632
9.99732E-05 0.140817 0.543496 9.99732E-05 9.99732E-05 0.315387
0.0246339 9.99911E-05 0.266451 0.263597 0.269572 0.175646
0.0370129 0.208305 0.679786 9.99821E-05 0.074696 9.99821E-05
0.171897 0.254332 0.134774 0.251659 9.99911E-05 0.187237
0.204747 0.179106 0.0636575 0.0753535 0.08313 0.394005
0.0233755 0.164387 0.13262 0.234346 0.364558 0.0807125
9.99821E-05 0.0514526 9.99821E-05 0.149229 0.401267 0.397852
9.99732E-05 0.61338 0.158207 0.228113 9.99732E-05 9.99732E-05
0.131192 0.239936 0.547128 9.9982E-05 0.0815438 9.9982E-05
9.996E-05 9.996E-05 9.996E-05 0.9995 9.996E-05 9.996E-05
0.0420728 0.461778 0.0987013 0.286356 9.99911E-05 0.110992
0.575507 0.184409 0.177952 9.99821E-05 9.99821E-05 0.0619319
9.99821E-05 9.99821E-05 0.172887 0.610523 0.0972602 0.11913
0.0309297 0.134674 0.496909 0.333674 0.00371318 9.99911E-05
0.0489889 9.99821E-05 0.172088 0.259075 0.519649 9.99821E-05
0.21599 0.110057 0.535518 0.123097 9.9991E-05 0.0152385
9.99731E-05 0.289343 0.321431 0.388927 9.99731E-05 9.99731E-05
0.321225 0.471382 9.99733E-05 0.207093 9.99733E-05 9.99733E-05
0.138138 9.99821E-05 0.27744 9.99821E-05 0.17347 0.410752
0.462496 0.0514797 0.140183 9.99821E-05 9.99821E-05 0.345642
9.99821E-05 0.243238 0.113629 0.451132 9.99821E-05 0.191801
9.99732E-05 0.43264 0.49683 0.0702294 9.99732E-05 9.99732E-05
9.99821E-05 0.21498 0.460739 0.163173 9.99821E-05 0.160908
9.996E-05 9.996E-05 9.996E-05 0.9995 9.996E-05 9.996E-05
9.99821E-05 0.102955 0.388637 0.218408 0.2898 9.99821E-05
0.394608 0.0754845 0.427027 0.102681 9.99821E-05 9.99821E-05
0.192614 9.99732E-05 9.99732E-05 0.238774 0.568312 9.99732E-05
9.99732E-05 9.99732E-05 0.0870878 0.262474 0.650138 9.99732E-05
0.0792298 0.500013 0.118489 9.9982E-05 0.302068 9.9982E-05
0.16676 0.196005 0.296637 0.258448 9.9991E-05 0.0820489
9.996E-05 9.996E-05 0.9995 9.996E-05 9.996E-05 9.996E-05
0.915482 0.069262 9.99732E-05 9.99732E-05 0.0149564 9.99732E-05
0.174513 0.209062 0.216024 0.204579 0.164569 0.0312522
9.99732E-05 0.247321 0.586099 9.99732E-05 9.99732E-05 0.16628
0.413687 0.053356 0.454933 9.9991E-05 0.0192743 0.0586493
0.453254 9.99821E-05 0.281141 9.99821E-05 0.125332 0.140072
9.9991E-05 0.53273 0.0145283 0.359457 0.0469853 0.0461993
9.99731E-05 0.452179 0.371802 9.99731E-05 9.99731E-05 0.175719
0.338506 0.0469649 0.426998 0.0713923 0.00674516 0.109393
9.99821E-05 0.344312 0.2394 0.27069 0.145398 9.99821E-05
0.0748564 9.99642E-05 9.99642E-05 9.99642E-05 9.99642E-05 0.924744
9.99911E-05 0.222847 0.062096 0.427937 0.0487762 0.238244
9.99821E-05 9.99821E-05 0.0325602 0.219613 0.52696 0.220667
9.99642E-05 9.99642E-05 9.99642E-05 0.701849 0.297751 9.99642E-05
9.99911E-05 0.0513577 0.031572 0.481698 0.352682 0.08259
0.0860295 0.435064 9.9991E-05 0.161516 0.279846 0.0374449
0.269082 0.0683606 0.662258 9.99732E-05 9.99732E-05 9.99732E-05
9.996E-05 9.996E-05 9.996E-05 9.996E-05 9.996E-05 0.9995
0.0371684 0.0257628 0.250907 0.375847 0.310215 9.99911E-05
0.427759 0.0171389 0.444535 9.9991E-05 0.0504138 0.0600526
9.99731E-05 0.357333 0.316663 0.325704 9.99731E-05 9.99731E-05
0.531834 0.262923 9.9982E-05 0.0986459 9.9982E-05 0.106397
