9.9937E-05 9.9937E-05 9.9937E-05 9.9937E-05 9.9937E-05 0.146501 9.9937E-05 0.8528 9.9937E-05
0.29477 0.113161 0.0171561 0.22308 9.9982E-05 9.9982E-05 0.14477 0.0346271 0.172236
0.47578 0.00775248 0.114008 0.0922465 0.0764109 0.148479 0.0150972 0.0231351 0.0470918
0.543167 0.0800516 0.103479 0.00205119 0.0873176 9.9982E-05 0.0981723 0.0855607 9.9982E-05
0.260758 0.0439801 0.20177 0.0225758 0.065844 9.9982E-05 0.107015 9.9982E-05 0.297858
0.305515 9.9955E-05 9.9955E-05 9.9955E-05 9.9955E-05 0.122291 0.0603055 9.9955E-05 0.511389
0.15405 0.0546328 0.276658 0.103852 0.0782085 0.0689719 0.0151808 0.248345 9.9991E-05
0.414742 0.126427 0.00679909 0.080573 0.0888808 0.15604 9.9991E-05 0.0511773 0.0752604
0.368682 0.153122 9.9973E-05 9.9973E-05 9.9973E-05 0.187727 0.0743268 0.082308 0.133534
9.9973E-05 0.126371 0.00943077 9.9973E-05 0.03625 0.505062 0.17649 0.146096 9.9973E-05
9.99459E-05 9.99459E-05 9.99459E-05 0.0418928 9.99459E-05 0.891977 0.0655302 9.99459E-05 9.99459E-05
9.99639E-05 0.0393224 0.44863 9.99639E-05 0.0349099 0.238077 9.99639E-05 9.99639E-05 0.238661
0.319536 0.0595565 0.0570336 9.9991E-05 0.0936543 0.278004 0.0743002 0.0332256 0.0845894
9.9982E-05 0.0925157 0.129699 0.0936656 0.0264359 9.9982E-05 0.0919105 0.247366 0.318207
9.9964E-05 9.9964E-05 9.9964E-05 0.0600895 0.00114244 0.0577879 9.9964E-05 0.0309977 0.849583
0.00614924 0.135559 0.135865 0.360675 0.0871486 9.9991E-05 0.0384991 0.0544976 0.181507
9.9946E-05 0.0523326 9.9946E-05 9.9946E-05 9.9946E-05 9.9946E-05 0.0322781 9.9946E-05 0.91479
0.0949616 0.129057 0.0543809 0.0684585 0.128707 0.155482 0.0692615 0.142683 0.157008
0.429321 0.0323292 0.0421851 9.9982E-05 0.0177593 0.187688 9.9982E-05 0.0148156 0.275702
0.370137 0.0446364 9.9991E-05 0.173653 0.0651667 0.15522 0.0633245 0.0444984 0.083264
0.390051 9.99819E-05 0.0414115 0.0018049 0.0916865 0.245938 0.0618453 0.167063 9.99819E-05
0.187753 9.9982E-05 0.119458 0.0353843 0.024828 0.246834 9.9982E-05 0.0586706 0.326874
0.546102 0.0251073 0.0841596 0.0145402 0.125132 0.166227 9.9982E-05 9.9982E-05 0.0385323
0.237132 0.166375 9.99639E-05 0.0484725 9.99639E-05 9.99639E-05 9.99639E-05 0.210591 0.337029
9.9946E-05 9.9946E-05 9.9946E-05 9.9946E-05 0.0124084 0.898654 0.0883383 9.9946E-05 9.9946E-05
0.167845 0.0877935 9.9973E-05 0.078433 9.9973E-05 0.0289896 9.9973E-05 0.476112 0.160526
0.243873 0.181668 0.0608826 0.0836401 0.0734506 0.275778 0.0805081 9.9982E-05 9.9982E-05
0.156198 0.10337 0.0176412 0.197638 0.0656861 0.23095 0.0190266 0.124738 0.084753
0.191587 0.215752 9.9973E-05 9.9973E-05 9.9973E-05 0.138012 0.0568521 0.0166669 0.38083
0.047327 0.586843 9.99729E-05 0.146366 9.99729E-05 9.99729E-05 0.0201482 0.122316 0.0766997
0.110298 0.0302895 0.0255218 0.141027 9.9982E-05 0.458171 0.0626436 9.9982E-05 0.171849
9.9964E-05 9.9964E-05 0.425413 9.9964E-05 0.0550822 0.459747 0.043104 0.0162544 9.9964E-05
0.371827 0.153672 9.9982E-05 0.0240877 0.0599264 9.9982E-05 0.0542493 0.191178 0.14486
0.348639 9.9982E-05 9.9982E-05 0.176046 0.069278 0.084178 0.0994825 0.0799738 0.142202
0.0022622 9.9982E-05 0.111476 9.9982E-05 0.059051 0.183727 0.0624844 0.206786 0.374014
9.9937E-05 9.9937E-05 9.9937E-05 9.9937E-05 0.00719927 9.9937E-05 9.9937E-05 0.992101 9.9937E-05
0.582159 9.9973E-05 0.046842 9.9973E-05 9.9973E-05 0.0484181 0.156577 0.132491 0.0332131
9.9955E-05 0.00210957 9.9955E-05 9.9955E-05 9.9955E-05 0.726926 0.0173387 0.253126 9.9955E-05
0.428258 0.0761093 9.9955E-05 9.9955E-05 9.9955E-05 9.9955E-05 0.127793 9.9955E-05 0.36734
0.229029 9.9982E-05 0.066782 0.22955 0.0984954 0.131884 9.9982E-05 0.241268 0.00279138
0.215203 9.9973E-05 9.9973E-05 0.201909 0.00913911 0.395655 0.0830704 9.9973E-05 0.0947236
0.387436 0.0687311 0.00597287 0.053187 0.0899747 0.0579156 0.214268 0.0786683 0.0438471
0.322452 0.0782327 9.9982E-05 0.160287 0.0616881 0.156822 0.105306 0.115011 9.9982E-05
0.162344 9.9955E-05 0.231926 9.9955E-05 9.9955E-05 0.43834 9.9955E-05 0.166889 9.9955E-05
9.9973E-05 0.0146314 0.329383 0.00206943 0.0475838 0.499259 9.9973E-05 0.106774 9.9973E-05
0.271909 9.9973E-05 0.181027 9.9973E-05 0.0418726 9.9973E-05 0.152932 0.105922 0.246038
0.217978 0.0790867 9.9982E-05 0.182042 0.0606416 0.205358 9.9982E-05 0.0648817 0.189812
0.463334 0.127928 0.333844 0.0743941 9.9955E-05 9.9955E-05 9.9955E-05 9.9955E-05 9.9955E-05
9.9973E-05 0.0470992 0.251265 0.217284 0.0592156 0.36933 9.9973E-05 9.9973E-05 0.0555062
0.0705288 0.146682 9.9982E-05 0.067451 0.0113532 0.33551 9.9982E-05 0.107467 0.260807
0.10753 0.0799863 0.138137 0.00925674 0.172008 0.000186436 0.0965092 0.126356 0.270031
0.457917 0.0608216 0.112857 0.100023 0.107449 9.9991E-05 0.0247549 0.0532115 0.0828666
0.264344 0.108831 0.0923458 0.436333 0.0677256 9.9973E-05 0.0301203 9.9973E-05 9.9973E-05
9.9982E-05 0.120068 9.9982E-05 0.147301 0.0577908 0.256259 0.174323 0.104517 0.139541
9.9946E-05 0.0318938 0.948063 0.0194436 9.9946E-05 9.9946E-05 9.9946E-05 9.9946E-05 9.9946E-05
0.367415 9.9982E-05 0.0295128 9.9982E-05 0.0425588 0.388994 0.0559936 0.0427441 0.0725823
9.99371E-05 9.99371E-05 0.9952 9.99371E-05 9.99371E-05 9.99371E-05 0.0041008 9.99371E-05 9.99371E-05
0.179819 0.0287389 0.58317 9.9982E-05 0.0115039 0.0633736 0.0269509 0.106243 9.9982E-05
9.9982E-05 9.9982E-05 0.123168 0.271958 0.0054332 0.347138 0.040644 0.0242015 0.187256
9.99729E-05 9.99729E-05 0.263784 9.99729E-05 0.048065 0.294467 0.119817 0.162102 0.111466
0.772914 0.0401916 0.0577326 0.00966458 0.0915683 0.00993961 0.0177889 9.9982E-05 9.9982E-05
0.204853 9.9982E-05 9.9982E-05 0.0910167 0.107726 0.316688 0.090159 0.0386809 0.150676
0.466192 9.9955E-05 9.9955E-05 9.9955E-05 0.0725751 0.0880587 9.9955E-05 9.9955E-05 0.372675
9.9955E-05 0.870037 9.9955E-05 9.9955E-05 0.101996 9.9955E-05 0.0020037 0.025464 9.9955E-05
0.0946295 0.000323313 9.9982E-05 0.158597 9.9982E-05 0.0405768 0.14524 0.338777 0.221657
0.0503495 9.9955E-05 9.9955E-05 0.0715841 0.00725843 9.9955E-05 9.9955E-05 0.870308 9.9955E-05
0.24035 0.00555987 0.0833699 9.9982E-05 0.0824293 9.9982E-05 0.106212 0.378003 0.103876
0.260066 0.0343584 9.9964E-05 9.9964E-05 0.0194905 0.221992 9.9964E-05 9.9964E-05 0.463693
0.185153 0.0686477 9.9982E-05 0.0477269 0.0145447 0.262861 9.9982E-05 0.328944 0.0919224
0.212693 0.188979 9.99639E-05 0.211983 0.0896024 0.296342 9.99639E-05 9.99639E-05 9.99639E-05
9.9964E-05 0.0901803 0.716671 9.9964E-05 0.0254804 9.9964E-05 0.149453 9.9964E-05 0.0178158
9.9973E-05 0.0456271 9.9973E-05 0.0955126 0.0501843 0.212113 9.9973E-05 0.200321 0.395942
0.0106017 0.107146 9.9991E-05 0.0691045 0.0367045 0.240233 0.0110699 0.117848 0.407192
0.157432 0.0209326 0.0038354 0.0304262 9.9982E-05 0.274526 0.0138624 9.9982E-05 0.498786
9.9982E-05 0.099857 0.0382596 0.0709212 9.9982E-05 0.145651 0.183367 0.171621 0.290124
0.000553311 9.9973E-05 0.421902 0.289625 0.0849845 9.9973E-05 0.0695286 9.9973E-05 0.133107
0.349692 9.9964E-05 0.203873 9.9964E-05 0.1827 0.0348609 9.9964E-05 9.9964E-05 0.228474
0.607717 0.0101001 9.9973E-05 0.0709954 0.0367992 0.14919 0.124899 9.9973E-05 9.9973E-05
0.765834 9.9964E-05 9.9964E-05 0.0451133 9.9964E-05 9.9964E-05 0.109731 0.0335085 0.0454131
0.421603 0.101595 9.9991E-05 0.126413 0.0442979 0.0156701 0.0516889 0.161702 0.0769295
0.337718 0.0448494 9.9991E-05 0.0944313 0.0889869 0.242235 0.0547586 0.0571547 0.0797661
0.491636 0.0712655 0.0846643 9.9982E-05 0.0311846 9.9982E-05 0.0662736 0.175011 0.0797656
0.293623 0.185749 0.171659 0.0417603 9.9973E-05 0.250496 0.056412 9.9973E-05 9.9973E-05
0.344813 0.0659995 9.9982E-05 0.182032 0.0243091 0.164628 0.0813501 9.9982E-05 0.136668
0.159195 0.0675721 0.13052 9.9982E-05 0.0347 9.9982E-05 0.0452243 0.165795 0.396793
0.351811 9.9973E-05 0.178522 0.146952 9.9973E-05 0.296126 0.0220968 0.0041918 9.9973E-05
0.0971057 9.9946E-05 9.9946E-05 9.9946E-05 9.9946E-05 9.9946E-05 9.9946E-05 0.707465 0.194829
0.163879 9.9973E-05 0.413172 9.9973E-05 0.0743282 0.252924 0.0312973 9.9973E-05 0.0640991
9.9973E-05 0.166856 9.9973E-05 0.0393856 0.0333953 9.9973E-05 0.0938926 0.282122 0.384049
0.245411 9.9973E-05 0.0705366 0.0518305 0.0135603 0.484444 9.9973E-05 0.133918 9.9973E-05
9.9955E-05 0.922949 9.9955E-05 9.9955E-05 9.9955E-05 9.9955E-05 0.0425958 0.0262771 0.00767806
9.9964E-05 9.9964E-05 0.175888 9.9964E-05 0.0429834 0.522834 0.0702943 9.9964E-05 0.187601
0.881528 9.9955E-05 9.9955E-05 9.9955E-05 0.101638 9.9955E-05 0.00484933 0.011485 9.9955E-05
9.9973E-05 0.0812568 9.9973E-05 0.199686 0.00941809 0.144494 9.9973E-05 0.143494 0.421351
0.768377 9.9973E-05 9.9973E-05 0.0131246 0.0898719 0.0156132 0.101139 0.0115741 9.9973E-05
0.644023 0.170098 9.9973E-05 9.9973E-05 0.0145178 0.0829132 0.028342 0.059806 9.9973E-05
9.9973E-05 0.0217034 0.353575 0.0449271 9.9973E-05 0.185927 0.118972 0.274595 9.9973E-05
0.298636 0.0391492 0.37734 9.9982E-05 0.0408262 9.9982E-05 0.0712386 0.0696105 0.103
9.9973E-05 0.451192 9.9973E-05 0.019928 0.191525 0.211175 9.9973E-05 0.0428275 0.0830522
0.251881 0.253394 0.0967351 0.00361824 9.9982E-05 0.18858 9.9982E-05 0.0262989 0.179293
0.0622545 0.100941 0.132247 9.9973E-05 9.9973E-05 0.0504215 9.9973E-05 0.206825 0.447011
9.993E-05 0.999201 9.993E-05 9.993E-05 9.993E-05 9.993E-05 9.993E-05 9.993E-05 9.993E-05
0.127614 0.065855 0.0188961 0.0253042 0.0385955 0.226579 0.123229 9.9991E-05 0.373827
9.99459E-05 9.99459E-05 9.99459E-05 9.99459E-05 0.00686291 9.99459E-05 0.977599 0.0149386 9.99459E-05
0.358632 0.0755896 9.9982E-05 0.0550381 0.0520018 0.323724 0.0752358 0.0595785 9.9982E-05
0.649962 9.9973E-05 0.0414071 0.132771 9.9973E-05 0.101189 0.00136165 9.9973E-05 0.0730088
0.0772369 9.9982E-05 0.29625 0.13019 9.9982E-05 0.0529933 0.0264768 0.14336 0.273293
0.239954 9.9973E-05 0.205476 0.100568 0.0852939 9.9973E-05 9.9973E-05 0.137839 0.230569
0.122706 0.124831 0.027974 0.131443 9.9982E-05 0.0765858 0.0962778 9.9982E-05 0.419983
9.9973E-05 0.0608537 0.212817 9.9973E-05 0.0579757 0.210938 9.9973E-05 0.222697 0.234418
0.642702 0.0219472 9.9964E-05 9.9964E-05 0.039884 9.9964E-05 0.14317 9.9964E-05 0.151898
0.0682582 0.116289 0.280383 9.9982E-05 0.0319688 0.407293 0.0582639 9.9982E-05 0.0373441
0.583106 0.0732025 0.139488 0.121619 0.0046573 0.0162332 0.0614938 9.9982E-05 9.9982E-05
0.176504 0.413199 9.9964E-05 9.9964E-05 0.0494934 0.14108 9.9964E-05 9.9964E-05 0.219324
0.399372 0.0201454 0.0840013 0.0445844 9.9991E-05 0.169084 0.038381 0.191885 0.0524472
9.9937E-05 0.967284 0.0320162 9.9937E-05 9.9937E-05 9.9937E-05 9.9937E-05 9.9937E-05 9.9937E-05
0.221252 9.9964E-05 9.9964E-05 0.0541164 9.9964E-05 0.161484 0.186102 9.9964E-05 0.376647
0.135077 0.00115842 0.134447 0.0685598 0.0794414 9.9982E-05 0.0233115 0.557806 9.9982E-05
0.697357 0.03358 0.140908 9.9973E-05 9.9973E-05 0.0189875 0.0451967 9.9973E-05 0.0636708
0.0411118 0.00895993 0.161897 9.9991E-05 0.084351 0.349337 0.0756212 0.228884 0.0497387
0.367017 0.0469543 0.0625277 0.0666114 0.0851692 9.9991E-05 0.0190043 0.21003 0.142586
9.9964E-05 0.389627 9.9964E-05 9.9964E-05 0.0931965 0.0320803 9.9964E-05 0.179433 0.305263
9.9982E-05 0.129928 0.239596 9.9982E-05 0.0985363 0.234364 0.0165699 0.0743916 0.206414
0.295698 9.9973E-05 0.0290407 0.27634 0.0195256 9.9973E-05 0.111643 9.9973E-05 0.267452
0.00925107 0.0913725 0.536122 0.000505286 0.0385289 0.219755 0.0313705 0.00717111 0.0659238
0.00742941 9.99461E-05 9.99461E-05 0.026255 9.99461E-05 9.99461E-05 9.99461E-05 9.99461E-05 0.965716
0.0347296 9.9964E-05 9.9964E-05 0.0397114 0.0341377 0.871887 9.9964E-05 0.0191346 9.9964E-05
0.258432 0.219272 0.0560173 9.9991E-05 0.034829 0.169703 0.0294905 0.0562866 0.17587
0.528983 9.9955E-05 0.357688 0.0762638 0.0365654 9.9955E-05 9.9955E-05 9.9955E-05 9.9955E-05
9.9955E-05 0.113732 9.9955E-05 0.109826 9.9955E-05 0.63388 9.9955E-05 0.142062 9.9955E-05
0.27261 0.0712313 9.9973E-05 9.9973E-05 0.00920917 0.076885 9.9973E-05 0.515676 0.0540894
0.425472 0.132295 0.211138 9.99639E-05 0.115912 9.99639E-05 9.99639E-05 9.99639E-05 0.114784
0.358135 0.246482 0.155649 9.9973E-05 0.0363014 9.9973E-05 0.0355499 9.9973E-05 0.167583
0.27682 0.127542 9.9982E-05 0.0625553 0.107558 0.214825 0.0441259 9.9982E-05 0.166373
0.552141 0.0604684 0.0020384 9.9982E-05 9.9982E-05 0.149144 0.0797114 0.133689 0.0226084
0.172166 9.9973E-05 0.179255 9.9973E-05 0.107897 0.436787 0.0756737 9.9973E-05 0.0279211
0.0893342 9.99459E-05 0.0290502 0.881016 9.99459E-05 9.99459E-05 9.99459E-05 9.99459E-05 9.99459E-05
9.993E-05 9.993E-05 9.993E-05 0.999201 9.993E-05 9.993E-05 9.993E-05 9.993E-05 9.993E-05
0.176984 0.0105303 0.274831 0.137047 0.0854886 0.261505 0.00669087 0.0468232 9.9991E-05
0.395063 0.0121831 0.208486 9.9991E-05 0.0771558 0.0495914 0.0516913 0.083339 0.12239
0.352477 0.025342 0.16259 9.9982E-05 0.0903769 9.9982E-05 0.122558 0.111342 0.135114
9.9964E-05 9.9964E-05 9.9964E-05 0.111207 0.0101807 0.482591 0.0884916 9.9964E-05 0.30713
0.403061 0.13266 0.19437 0.0355723 9.9982E-05 0.0886896 0.0503705 9.9982E-05 0.0950771
9.9982E-05 0.0675774 0.270469 9.9982E-05 0.0018748 0.364892 0.00639486 0.209392 0.0791999
0.222969 0.0328863 0.0917393 0.0686294 0.0606797 9.9991E-05 0.0685521 0.0539512 0.400493
0.122651 0.389693 9.9973E-05 9.9973E-05 0.109958 9.9973E-05 0.0654461 0.124671 0.18728
0.096415 9.9982E-05 0.331611 0.0147528 0.0690817 9.9982E-05 0.0582159 0.105534 0.32419
9.993E-05 9.993E-05 9.993E-05 9.993E-05 0.999201 9.993E-05 9.993E-05 9.993E-05 9.993E-05
0.0352348 9.9973E-05 0.0658027 0.00731365 0.0559177 9.9973E-05 0.105949 0.729482 9.9973E-05
0.417896 0.00717157 9.9982E-05 0.23594 0.000254671 0.0309436 0.248035 0.0595588 9.9982E-05
0.187731 0.067257 0.411525 9.9982E-05 0.0188942 0.210191 9.9982E-05 0.0217854 0.0824168
0.332592 9.9973E-05 0.223569 0.0312644 0.0758754 9.9973E-05 0.211494 9.9973E-05 0.124905
0.150271 0.161399 0.148587 0.0850763 0.093846 0.0736734 0.0742845 0.212764 9.9991E-05
9.9991E-05 0.115033 0.209459 0.172323 0.0608327 0.234758 0.0124654 0.0589274 0.1361
9.99639E-05 0.00257725 0.349557 9.99639E-05 0.0533392 9.99639E-05 9.99639E-05 0.218026 0.376101
0.0102646 0.186718 9.9991E-05 0.20252 0.0858571 0.0634713 0.079311 0.10914 0.262618
0.278901 9.99639E-05 0.266139 9.99639E-05 0.0743566 0.22673 9.99639E-05 0.153473 9.99639E-05
0.292973 0.147014 9.9964E-05 0.141326 0.0237187 0.394567 9.9964E-05 9.9964E-05 9.9964E-05
0.134441 0.151107 9.9955E-05 0.0621751 9.9955E-05 9.9955E-05 9.9955E-05 0.651777 9.9955E-05
0.35627 0.0811037 9.9991E-05 0.0762077 0.0422463 0.154108 0.0372721 0.0416676 0.211025
0.478049 9.9964E-05 9.9964E-05 9.9964E-05 0.0274715 0.306329 9.9964E-05 0.0652424 0.122508
9.993E-05 9.993E-05 9.993E-05 9.993E-05 0.999201 9.993E-05 9.993E-05 9.993E-05 9.993E-05
0.0218106 9.99639E-05 9.99639E-05 0.101244 0.344559 9.99639E-05 9.99639E-05 0.193618 0.338369
0.400505 0.0265849 0.239792 0.159701 9.9982E-05 9.9982E-05 0.100202 0.00684737 0.066168
0.191905 0.0475982 0.175879 0.122069 0.0512529 0.262976 0.0569048 0.0548285 0.0365859
9.99371E-05 9.99371E-05 9.99371E-05 9.99371E-05 0.00451034 9.99371E-05 9.99371E-05 0.99479 9.99371E-05
0.183214 9.9991E-05 0.136259 0.0536033 0.0192405 0.216472 0.008175 0.14988 0.233056
9.9973E-05 9.9973E-05 0.222308 0.13116 0.0576431 0.135623 0.165656 9.9973E-05 0.287311
9.993E-05 9.993E-05 9.993E-05 0.999201 9.993E-05 9.993E-05 9.993E-05 9.993E-05 9.993E-05
0.18022 0.097245 9.9982E-05 0.00118059 0.138649 0.0127125 9.9982E-05 0.171023 0.398771
0.0996263 0.104086 0.138081 0.252327 9.99729E-05 0.290749 9.99729E-05 9.99729E-05 0.114831
0.112705 0.0633341 0.378116 0.0232437 0.0412189 0.0469268 0.100637 9.9991E-05 0.233718
0.377218 0.132552 9.9982E-05 0.0943878 0.0927408 0.0817935 9.9982E-05 0.205093 0.0160152
9.9973E-05 9.9973E-05 0.439348 0.378567 0.0143375 9.9973E-05 0.0516982 0.048344 0.0674049
0.415358 9.9964E-05 9.9964E-05 9.9964E-05 0.123277 0.0225808 9.9964E-05 0.160814 0.27757
0.227136 9.9964E-05 0.495086 0.00660704 9.9964E-05 9.9964E-05 0.078402 9.9964E-05 0.192369
0.480795 9.9973E-05 0.139326 9.9973E-05 0.111089 0.144116 0.00240417 9.9973E-05 0.121969
0.344768 0.00574283 0.312927 0.0809407 9.9982E-05 0.166023 0.051129 9.9982E-05 0.0382695
9.99459E-05 0.00927273 0.0102008 9.99459E-05 9.99459E-05 9.99459E-05 0.979927 9.99459E-05 9.99459E-05
0.0405016 0.0340232 0.572583 9.9973E-05 0.0572872 0.275541 0.0197643 9.9973E-05 9.9973E-05
9.9937E-05 0.0379519 9.9937E-05 9.9937E-05 9.9937E-05 9.9937E-05 9.9937E-05 9.9937E-05 0.961349
0.125146 0.136041 9.9982E-05 9.9982E-05 0.0862869 0.377695 0.00235224 0.162218 0.110061
9.9982E-05 0.0399347 0.245059 0.205259 0.0254014 0.091442 0.0320227 0.360681 9.9982E-05
0.471683 0.194694 9.9973E-05 0.00895519 9.9973E-05 0.0821536 9.9973E-05 0.208467 0.0337475
0.272099 0.0402536 0.116148 0.123352 9.9991E-05 0.0481591 0.0128196 0.363676 0.0233929
9.993E-05 9.993E-05 9.993E-05 9.993E-05 9.993E-05 9.993E-05 0.999201 9.993E-05 9.993E-05
0.433542 0.0892833 0.286855 9.9982E-05 0.0954982 9.9982E-05 0.00869761 0.0494197 0.0365047
9.9982E-05 0.0512593 9.9982E-05 0.112185 0.0377152 0.0436881 0.179112 0.229521 0.346319
0.769986 0.023435 0.0447786 0.00240626 0.0516034 9.9991E-05 0.000113679 0.0656216 0.0419558
9.9982E-05 0.0542695 0.364553 0.24415 0.0294886 0.10239 9.9982E-05 0.119138 0.0858115
