0.797014 0.0308176 9.9973E-05 0.0816277 0.0810549 9.9973E-05 9.9973E-05 0.00918569
0.161928 9.9982E-05 9.9982E-05 0.115416 0.4056 0.163196 0.0450314 0.108629
0.151418 0.0533799 9.9991E-05 0.071405 0.169581 0.195985 0.177396 0.180734
0.110868 0.10284 0.0915805 0.121449 0.543336 9.9982E-05 0.0297262 9.9982E-05
0.0304174 0.0977198 0.0451087 9.9982E-05 0.322724 0.32831 9.9982E-05 0.17552
9.9982E-05 0.0111898 0.0464657 0.00168694 0.544131 0.237819 9.9982E-05 0.158507
0.193684 0.115229 0.0387448 0.12139 0.406568 0.111104 0.0131813 9.9991E-05
0.187525 0.0495919 9.9973E-05 0.304014 0.416084 0.0424845 9.9973E-05 9.9973E-05
0.101844 0.00356496 0.0418114 0.0591564 0.378927 0.034891 0.0865978 0.293207
0.29572 0.102192 0.145744 9.9973E-05 9.9973E-05 9.9973E-05 0.079823 0.376221
0.142354 0.0398413 0.192384 0.0572649 0.28966 0.0472247 9.9991E-05 0.23117
0.148737 0.0650857 0.0114094 9.9982E-05 9.9982E-05 0.200804 0.0229446 0.550819
0.102778 0.0372057 0.0332795 9.9991E-05 0.373729 0.351827 0.0299969 0.0710832
0.320922 0.0835875 0.0954389 9.9973E-05 9.9973E-05 0.41742 0.0823323 9.9973E-05
9.99549E-05 0.0275399 9.99549E-05 0.0782612 9.99549E-05 0.893699 9.99549E-05 9.99549E-05
0.00244643 0.124177 9.9982E-05 0.390143 0.209915 9.9982E-05 0.164324 0.108795
9.9964E-05 0.0294967 0.0991041 0.145968 9.9964E-05 0.725031 9.9964E-05 9.9964E-05
0.163999 0.138507 0.0498425 0.0386852 0.177746 0.192586 0.238534 9.9991E-05
0.122505 0.0568467 9.9973E-05 9.9973E-05 0.399187 0.146965 9.9973E-05 0.274197
0.121299 0.0793619 0.00177352 0.050449 0.303109 0.158286 0.197068 0.0886532
0.255808 0.0981877 0.0829263 0.118085 0.352842 9.9991E-05 0.0153731 0.0766781
0.239533 9.9973E-05 0.0314857 9.9973E-05 0.241977 0.303548 9.9973E-05 0.183157
9.9973E-05 0.130087 0.0386017 9.9973E-05 0.462734 9.9973E-05 0.0833919 0.284885
0.0318986 9.9973E-05 9.9973E-05 9.9973E-05 0.421102 0.136216 0.383705 0.026779
0.0417093 0.0836804 0.296927 9.9991E-05 0.0889255 0.0225289 0.039305 0.426824
0.404924 9.9964E-05 0.035548 9.9964E-05 9.9964E-05 0.482373 0.0767548 9.9964E-05
0.150084 0.0607522 0.142504 0.188525 0.220355 0.116378 0.11439 0.0070104
0.324354 0.0574956 0.144343 0.0916183 0.238441 0.0276395 0.116009 9.9991E-05
0.115592 9.9982E-05 0.112954 9.9982E-05 0.0884463 0.516101 0.0589344 0.107772
9.9973E-05 0.0210401 0.00600085 9.9973E-05 0.163737 0.00660434 0.802318 9.9973E-05
9.9982E-05 0.00595745 0.136038 9.9982E-05 0.327608 0.208607 0.0338794 0.28771
0.279469 0.0362611 0.05939 9.9982E-05 9.9982E-05 0.0922015 0.0590956 0.473383
0.125756 0.0151916 9.9982E-05 0.0608334 0.286898 0.462533 0.048588 9.9982E-05
0.0863253 0.0405585 0.111282 0.0111292 0.366795 0.38371 9.9982E-05 9.9982E-05
0.375663 0.0983922 0.111815 9.9973E-05 9.9973E-05 0.410877 9.9973E-05 0.00295386
0.878408 0.120992 9.99461E-05 9.99461E-05 9.99461E-05 9.99461E-05 9.99461E-05 9.99461E-05
9.9982E-05 0.0626016 0.115114 0.0192481 0.644457 0.138752 0.0196277 9.9982E-05
0.74044 9.9964E-05 0.171807 0.0022874 9.9964E-05 9.9964E-05 0.0850653 9.9964E-05
9.999E-05 0.0123652 0.12974 0.0241097 0.318871 0.345708 0.0740743 0.0950313
0.0877096 0.117592 0.0195784 0.271725 0.183841 0.108225 9.9991E-05 0.211229
9.9982E-05 9.9982E-05 0.0848489 0.242213 0.300466 0.23784 0.0594864 0.0749453
0.201959 0.044827 0.135041 0.215167 0.37146 9.9982E-05 0.031347 9.9982E-05
0.301005 0.0526195 0.115323 0.15214 0.355246 9.9982E-05 0.0234662 9.9982E-05
0.66127 9.9964E-05 9.9964E-05 9.9964E-05 0.0247661 9.9964E-05 0.105868 0.207696
0.513913 0.0183906 9.9964E-05 9.9964E-05 9.9964E-05 9.9964E-05 0.0927532 0.374543
0.0658734 0.0406603 0.190303 9.9982E-05 0.240555 0.295637 9.9982E-05 0.166772
0.232041 0.0535098 0.0170279 9.9991E-05 0.396693 0.150302 0.037129 0.113197
9.999E-05 0.0482026 0.0412125 0.0558182 0.452476 0.0168696 0.0676547 0.317666
0.0742818 0.0642968 0.0406096 0.117856 9.9991E-05 0.335643 0.10452 0.262692
0.0622094 0.0837919 9.9982E-05 0.203096 9.9982E-05 0.127687 0.0605817 0.462434
0.205235 0.104313 0.023595 0.0458989 0.125757 0.201981 0.120806 0.172412
0.0766285 0.0898942 0.0328607 0.0948867 0.355 0.0658116 0.0130188 0.2719
0.106883 0.0689969 0.0711347 0.728383 9.9982E-05 0.00699885 0.0174035 9.9982E-05
0.0520956 0.0457125 0.151206 0.218589 0.137187 0.298615 0.0927849 0.00380994
9.9955E-05 0.00880458 9.9955E-05 9.9955E-05 9.9955E-05 9.9955E-05 0.0878643 0.902831
0.0831707 0.0955338 0.0545678 0.0150675 0.517562 0.172734 0.0612635 9.9991E-05
9.99551E-05 9.99551E-05 0.0173801 0.0588643 9.99551E-05 9.99551E-05 9.99551E-05 0.923256
0.0546923 0.0839811 0.0402301 9.9982E-05 0.126086 9.9982E-05 0.0632585 0.631552
0.0506704 0.058216 0.0387079 0.0555732 0.0200467 0.30027 0.0513796 0.425136
0.286482 0.0514334 0.115107 0.0109164 9.9991E-05 0.141326 0.0466323 0.348003
9.9973E-05 0.0214626 9.9973E-05 0.00771057 0.57784 0.281743 0.110943 9.9973E-05
0.0710344 0.0978343 0.13557 0.0523507 0.33179 0.250382 0.0609379 9.9991E-05
9.9964E-05 0.0631888 9.9964E-05 9.9964E-05 0.364794 0.442619 9.9964E-05 0.128998
9.9955E-05 0.109234 9.9955E-05 0.00803641 9.9955E-05 9.9955E-05 0.88223 9.9955E-05
0.401753 9.9982E-05 0.133092 0.0853777 0.242493 0.108856 0.0282287 9.9982E-05
0.759352 0.0548299 0.0213421 0.0114069 0.152769 9.9973E-05 9.9973E-05 9.9973E-05
0.423561 0.0621851 0.025118 0.0332935 0.187518 0.176788 9.9991E-05 0.0914368
9.9973E-05 0.0176488 9.9973E-05 9.9973E-05 0.452209 0.223473 0.0772613 0.229108
0.0381923 9.9973E-05 0.0152479 9.9973E-05 0.626419 0.182863 0.136977 9.9973E-05
0.157635 0.0570336 0.0436801 0.221666 0.370621 9.9982E-05 0.149165 9.9982E-05
9.998E-05 9.998E-05 0.155468 9.998E-05 0.0991592 0.282937 0.0798864 0.382249
0.318107 0.0762443 9.9982E-05 0.0806158 9.9982E-05 0.480802 0.0359381 0.00809347
0.0729472 0.163158 9.9991E-05 0.0211692 0.214509 0.339899 0.154301 0.0339153
9.9982E-05 9.9982E-05 0.124992 0.0778534 0.144497 0.237832 0.0825465 0.332078
0.121651 9.9982E-05 0.195893 0.0458549 9.9982E-05 0.447851 0.119978 0.0685732
9.9982E-05 0.0241205 0.04296 0.204657 9.9982E-05 0.180751 0.0198321 0.527479
0.0221753 0.125956 0.00807592 9.9982E-05 0.239087 0.355271 9.9982E-05 0.249235
9.9973E-05 0.053405 0.0401901 0.0694396 0.669075 0.167591 9.9973E-05 9.9973E-05
9.9964E-05 9.9964E-05 0.0269839 0.0276114 0.544259 0.400745 9.9964E-05 9.9964E-05
9.9973E-05 0.0381071 0.0182307 9.9973E-05 0.330512 0.455976 0.156874 9.9973E-05
0.296011 0.141111 0.021923 0.120215 0.248171 0.0329437 0.0133481 0.126277
0.0227728 0.0809338 0.0329705 9.9991E-05 0.361474 0.170744 0.0686864 0.262318
0.0815681 0.0149867 0.0447464 0.0714547 0.218102 0.0922024 0.214774 0.262165
9.9991E-05 0.0338581 0.0787849 0.389035 0.269534 0.00828606 0.193144 0.027258
0.110105 0.0501851 9.9982E-05 9.9982E-05 0.190285 0.534962 0.0333715 0.0808917
0.324387 9.9973E-05 0.0728046 0.126479 0.277777 9.9973E-05 9.9973E-05 0.198253
0.578025 0.0821825 9.99549E-05 9.99549E-05 0.339292 9.99549E-05 9.99549E-05 9.99549E-05
0.0339443 0.0756419 0.0889184 9.9982E-05 0.125289 0.0451558 9.9982E-05 0.630851
0.136231 0.0634106 0.0301958 0.0402851 9.9982E-05 0.489736 0.239941 9.9982E-05
0.377867 0.0457281 0.00291261 0.0941753 0.065825 9.9982E-05 9.9982E-05 0.413292
0.0608653 9.9955E-05 0.0114323 9.9955E-05 9.9955E-05 9.9955E-05 0.927203 9.9955E-05
0.175214 9.9973E-05 0.0564619 9.9973E-05 0.0132706 0.312254 9.9973E-05 0.4425
9.9964E-05 0.158016 0.0244311 9.9964E-05 0.795626 9.9964E-05 0.0215275 9.9964E-05
0.178726 0.0573484 9.9991E-05 0.203875 0.126711 0.348904 0.0647183 0.0196165
0.0446945 0.0682477 0.0837864 9.99641E-05 0.802871 9.99641E-05 9.99641E-05 9.99641E-05
0.17842 0.0153287 0.0220977 0.113804 0.549203 9.9982E-05 0.120947 9.9982E-05
0.619864 9.9973E-05 0.04223 0.13741 9.9973E-05 9.9973E-05 0.0144433 0.185753
9.99731E-05 0.0011575 0.0823341 9.99731E-05 0.182255 0.422646 9.99731E-05 0.311307
0.247959 0.0839242 9.9973E-05 9.9973E-05 9.9973E-05 0.109404 0.44713 0.111283
0.0493587 9.9973E-05 9.9973E-05 9.9973E-05 0.283844 0.241799 0.382254 0.0424444
0.114961 0.0495327 0.00115306 9.9991E-05 0.122303 0.468864 0.1607 0.0823875
9.994E-05 9.994E-05 9.994E-05 9.994E-05 9.994E-05 9.994E-05 0.9993 9.994E-05
9.9991E-05 0.0391855 0.154118 0.0147255 0.217446 0.308229 0.0945364 0.17166
9.99459E-05 9.99459E-05 0.994973 9.99459E-05 9.99459E-05 9.99459E-05 0.00442722 9.99459E-05
0.309974 0.0430751 0.140461 0.279202 0.00399618 9.9982E-05 9.9982E-05 0.223092
0.03013 0.0284773 9.9973E-05 0.345233 0.360211 9.9973E-05 9.9973E-05 0.235649
0.0980613 9.9973E-05 9.9973E-05 0.106381 0.24715 0.381443 9.9973E-05 0.166664
0.0473096 0.0203299 0.0360779 0.0548793 0.544986 0.137485 9.9991E-05 0.158833
0.142525 9.9982E-05 0.0351764 0.145973 9.9982E-05 0.534495 0.095609 0.0460226
0.175033 0.0477599 0.0198302 9.9991E-05 0.133649 0.33562 0.117388 0.17062
9.9982E-05 0.0428198 0.14511 0.00449182 0.443742 0.25008 9.9982E-05 0.113557
0.0427728 0.116856 0.0285896 9.9982E-05 9.9982E-05 0.185624 0.186785 0.439173
9.9982E-05 0.0185317 0.071412 0.226417 0.329714 9.9982E-05 0.0430934 0.310632
9.9991E-05 0.0627065 0.0288524 0.00528045 0.2654 0.132419 0.488963 0.0162791
0.288614 0.00300988 0.0392536 0.052564 0.568588 9.9982E-05 0.0477705 9.9982E-05
9.9946E-05 9.9946E-05 9.9946E-05 9.9946E-05 9.9946E-05 9.9946E-05 0.987249 0.0121513
0.124281 9.9982E-05 0.205126 0.121022 0.127883 0.357041 9.9982E-05 0.0644458
0.647432 0.0846736 0.0405341 0.00702418 0.129197 0.0840447 0.00699509 9.9991E-05
9.9955E-05 9.9955E-05 9.9955E-05 9.9955E-05 0.696759 9.9955E-05 0.0597011 0.243041
0.283248 0.103012 0.141718 9.9991E-05 0.142966 0.303146 0.00920271 0.0166076
0.404938 0.0846972 0.00431216 0.0680064 0.0795122 0.320417 9.9991E-05 0.0380179
9.9964E-05 0.0889752 9.9964E-05 9.9964E-05 0.170993 0.198996 0.540636 9.9964E-05
0.331504 0.0403977 0.0377443 0.00194289 9.9991E-05 0.4126 0.104362 0.0713495
9.9973E-05 9.9973E-05 0.0462801 0.238862 0.328475 0.153142 9.9973E-05 0.232941
0.204557 0.0250303 9.9982E-05 9.9982E-05 0.156932 0.0431423 0.178286 0.391853
9.99641E-05 9.99641E-05 9.99641E-05 0.0111984 0.269851 0.69356 9.99641E-05 0.0249907
0.12277 0.09677 9.9982E-05 0.0806173 0.156951 9.9982E-05 0.032966 0.509726
0.0532818 0.020154 0.0925227 9.9991E-05 0.0955841 0.194573 0.154994 0.38879
9.9964E-05 0.0732158 9.9964E-05 0.0476998 0.249143 9.9964E-05 9.9964E-05 0.629541
0.672006 9.9982E-05 0.129445 0.0214223 0.0356618 9.9982E-05 0.0950083 0.0462564
0.53882 0.0677945 9.9964E-05 9.9964E-05 0.295235 0.0977511 9.9964E-05 9.9964E-05
9.9982E-05 0.13237 0.036614 9.9982E-05 0.357812 0.229463 0.0695961 0.173945
0.0576817 0.0285798 0.0201851 9.9982E-05 0.512846 9.9982E-05 0.314555 0.0659525
0.0693902 0.067451 0.0122821 0.234746 0.167909 0.212261 0.150864 0.085098
9.9982E-05 0.0527304 0.0435134 9.9982E-05 0.56851 0.0503906 0.062044 0.222612
0.021111 0.10221 0.101823 9.9991E-05 0.157471 0.0765163 0.00700164 0.533767
9.99459E-05 9.99459E-05 9.99459E-05 0.897073 9.99459E-05 9.99459E-05 9.99459E-05 0.102328
9.99459E-05 0.0179876 9.99459E-05 0.981413 9.99459E-05 9.99459E-05 9.99459E-05 9.99459E-05
0.53005 0.0636786 0.0428068 0.0314768 0.0414744 0.0874053 0.0432326 0.159875
9.9982E-05 0.0423682 0.160959 0.00876447 0.474422 0.279278 0.0340079 9.9982E-05
0.202308 0.0370124 0.0585654 9.9991E-05 0.169681 0.253864 0.0351383 0.24333
9.9982E-05 0.0350982 0.114437 0.0472608 0.0184325 0.52249 9.9982E-05 0.262081
9.9964E-05 9.9964E-05 0.123502 9.9964E-05 0.39944 9.9964E-05 0.13992 0.336738
0.19303 0.0245781 0.033067 9.9991E-05 0.0444715 0.112294 0.103175 0.489284
9.9982E-05 0.0720879 0.0436711 0.0736421 0.542799 0.228791 0.0388088 9.9982E-05
0.133659 0.0914628 0.00771241 9.9982E-05 0.234799 0.160224 0.371942 9.9982E-05
0.0154869 0.0125762 0.0558899 0.0273792 0.557067 0.216283 0.056724 0.0585939
9.994E-05 0.9993 9.994E-05 9.994E-05 9.994E-05 9.994E-05 9.994E-05 9.994E-05
0.529174 0.0694279 0.12523 9.9973E-05 0.213336 0.0625322 9.9973E-05 9.9973E-05
9.9964E-05 0.0108623 0.253736 0.137894 0.597107 9.9964E-05 9.9964E-05 9.9964E-05
9.9973E-05 0.0843105 0.0577175 0.0605879 0.0503698 9.9973E-05 9.9973E-05 0.746714
9.9973E-05 0.0476566 0.11593 0.0649448 0.597773 9.9973E-05 9.9973E-05 0.173396
0.179858 0.152543 0.0450912 0.114357 0.0784094 0.0605501 0.13322 0.235971
0.141736 0.0194609 0.0498088 0.113733 0.116548 0.502367 0.030374 0.0259719
0.213521 0.0792948 9.99639E-05 9.99639E-05 9.99639E-05 0.267335 9.99639E-05 0.439449
0.172052 0.0579769 0.0138197 0.276139 0.102895 0.140042 0.236977 9.9991E-05
0.299383 0.072538 9.9964E-05 9.9964E-05 0.314042 9.9964E-05 9.9964E-05 0.313637
0.111138 0.0765366 0.113289 0.0342045 0.478383 9.9991E-05 0.113676 0.0726737
0.751283 0.0188273 9.9973E-05 0.0211786 0.104498 9.9973E-05 0.103913 9.9973E-05
0.152496 0.0850576 0.0289969 0.0217371 0.311877 0.241477 0.0558767 0.102482
0.100397 0.0223115 0.055305 9.9982E-05 0.692452 0.0893762 0.0399588 9.9982E-05
9.994E-05 0.9993 9.994E-05 9.994E-05 9.994E-05 9.994E-05 9.994E-05 9.994E-05
0.112115 0.421891 9.9982E-05 0.0812509 0.0821283 0.293828 9.9982E-05 0.00858601
9.9982E-05 9.9982E-05 0.0263198 0.319492 0.4264 0.142429 0.0446446 0.0405138
0.383101 0.0361707 0.0241291 0.0654554 0.120493 9.9991E-05 0.0431589 0.327391
0.8124 0.117393 0.0211268 9.9964E-05 9.9964E-05 9.9964E-05 0.0486804 9.9964E-05
0.227464 0.0117727 0.0288358 0.0268881 0.0797829 0.359234 9.9991E-05 0.265923
0.27633 0.0032514 0.16384 0.0423514 0.187069 0.234459 9.9991E-05 0.0925988
9.994E-05 9.994E-05 9.994E-05 0.9993 9.994E-05 9.994E-05 9.994E-05 9.994E-05
0.183548 0.0550379 9.9982E-05 0.00474586 0.0918576 0.618276 0.0463345 9.9982E-05
0.066079 9.9982E-05 9.9982E-05 0.0286235 0.150232 0.205257 0.202113 0.347495
9.9982E-05 0.0592577 0.181943 0.186647 9.9982E-05 0.101708 0.0625671 0.407678
0.106843 0.0922285 9.9982E-05 0.0658656 0.48232 9.9982E-05 0.152382 0.100161
0.0765664 9.9973E-05 0.102755 0.292573 9.9973E-05 0.261344 9.9973E-05 0.266462
0.112711 0.0505488 9.9982E-05 0.00983408 0.366136 0.288489 9.9982E-05 0.172082
9.9964E-05 9.9964E-05 0.161667 9.9964E-05 0.372262 0.249866 9.9964E-05 0.215804
9.9973E-05 0.0457926 9.9973E-05 0.00868311 0.572452 0.0870734 9.9973E-05 0.285699
0.175478 9.9973E-05 0.089085 0.264582 0.0992944 9.9973E-05 9.9973E-05 0.371261
9.99549E-05 9.99549E-05 0.992556 0.00279767 9.99549E-05 9.99549E-05 0.0041468 9.99549E-05
0.216949 9.9982E-05 0.0536913 0.122003 0.0966085 9.9982E-05 0.142726 0.367822
9.9946E-05 9.9946E-05 9.9946E-05 9.9946E-05 9.9946E-05 0.994652 0.00474841 9.9946E-05
0.365253 0.0504493 0.0251383 9.9982E-05 9.9982E-05 0.301281 0.0973043 0.160374
0.211582 0.0610027 0.0228355 0.184117 0.120251 0.231089 0.0573125 0.11181
0.341624 0.00165915 9.9982E-05 0.0491662 0.350497 9.9982E-05 0.165466 0.0913875
0.21447 0.0230752 0.00942983 0.198407 0.248373 0.0475687 0.094093 0.164584
9.994E-05 9.994E-05 0.9993 9.994E-05 9.994E-05 9.994E-05 9.994E-05 9.994E-05
0.0706475 0.100194 9.9991E-05 0.0533908 0.567066 0.0231041 0.0513756 0.134122
0.331881 0.0889878 0.134762 9.9982E-05 0.0776424 0.324816 0.041711 9.9982E-05
0.0681043 0.0417092 9.9982E-05 0.137493 0.62671 0.107631 0.0181527 9.9982E-05
0.399085 9.9973E-05 9.9973E-05 0.177069 9.9973E-05 0.300586 0.0991763 0.0237841
