0.178795 0.235469 9.9991E-05 0.200846 0.384789
0.14517 0.365306 9.9991E-05 0.0743585 0.415065
0.258557 0.22456 0.341928 9.9991E-05 0.174856
0.30046 0.155151 0.229474 0.0738243 0.241091
0.524092 9.99821E-05 9.99821E-05 0.391184 0.0845242
0.278134 0.00984924 0.317643 0.0441151 0.350259
0.261215 0.188581 9.99911E-05 0.0415312 0.508573
0.0956698 0.0927653 9.99821E-05 9.99821E-05 0.811365
0.148033 0.0366823 0.361878 0.453306 9.99911E-05
9.99731E-05 0.689472 0.310228 9.99731E-05 9.99731E-05
0.0214919 0.405235 0.46612 0.0574001 0.0497524
0.155795 9.99821E-05 9.99821E-05 0.708953 0.135052
0.140084 0.0220753 0.0507629 0.352918 0.43416
0.208045 0.36614 9.9991E-05 0.0862725 0.339443
0.120415 0.00393202 0.0356598 0.488796 0.351198
0.400669 0.0845169 9.99911E-05 0.0737771 0.440937
0.131405 0.305246 0.0753457 0.130914 0.357089
0.136735 0.453973 0.256741 9.9991E-05 0.152451
9.99731E-05 9.99731E-05 9.99731E-05 0.603359 0.396341
0.146402 0.386499 0.169858 9.9991E-05 0.297141
0.0209032 0.580159 0.398738 9.99821E-05 9.99821E-05
0.176609 9.99821E-05 9.99821E-05 0.552882 0.270309
0.378445 9.9991E-05 0.252288 0.0446062 0.324561
0.928796 9.99732E-05 9.99732E-05 0.0709045 9.99732E-05
0.452942 0.0249138 0.403045 9.9991E-05 0.119
0.4305 0.108465 9.9991E-05 0.32287 0.138065
0.0298356 0.394191 0.0534678 0.465962 0.0565437
0.0343224 9.99911E-05 0.274775 0.241316 0.449486
9.99731E-05 9.99731E-05 0.374631 9.99731E-05 0.625069
0.900869 0.0596152 9.99821E-05 9.99821E-05 0.0393162
9.99821E-05 0.201276 0.426377 0.372146 9.99821E-05
9.99732E-05 0.165454 9.99732E-05 9.99732E-05 0.834246
9.99821E-05 0.321223 0.55098 9.99821E-05 0.127597
0.158741 0.110099 9.99911E-05 0.029902 0.701159
0.634467 9.9991E-05 0.0117979 0.172528 0.181107
0.0304141 0.885916 9.99821E-05 9.99821E-05 0.0834701
0.0747718 9.99911E-05 0.0153716 0.352979 0.556778
0.256654 9.99821E-05 0.712371 0.0307751 9.99821E-05
0.219516 0.13756 9.9991E-05 0.223974 0.41885
0.218313 9.9982E-05 0.206705 9.9982E-05 0.574782
0.191698 0.538452 9.99822E-05 0.269649 9.99822E-05
0.0864288 0.854002 9.99821E-05 0.059369 9.99821E-05
0.160359 0.341543 0.0946841 9.9991E-05 0.403314
0.226901 0.035033 0.168171 0.290339 0.279555
9.99821E-05 0.246074 9.99821E-05 0.0341765 0.71955
0.0309975 0.281512 0.052422 9.99911E-05 0.634968
9.99731E-05 0.740966 9.99731E-05 9.99731E-05 0.258734
9.9991E-05 0.475493 0.265122 0.0491133 0.210172
9.99822E-05 0.511464 9.99822E-05 0.0173978 0.470938
0.170371 0.275318 9.9982E-05 9.9982E-05 0.554111
0.586997 9.99731E-05 9.99731E-05 9.99731E-05 0.412703
9.99821E-05 9.99821E-05 0.618132 0.212532 0.169136
0.318564 0.0661978 9.9991E-05 0.433565 0.181573
0.139147 9.99821E-05 0.12476 9.99821E-05 0.735893
9.99821E-05 9.99821E-05 0.132505 0.568353 0.298941
9.99821E-05 9.99821E-05 0.124153 0.667921 0.207726
0.368941 9.99821E-05 0.211981 0.418879 9.99821E-05
9.99733E-05 9.99733E-05 0.174042 0.825658 9.99733E-05
0.0845287 9.9991E-05 0.161711 0.523526 0.230134
0.0564779 0.633479 0.179076 9.9991E-05 0.130867
0.201973 0.0625351 0.139052 0.275554 0.320886
0.0768774 0.641251 9.99821E-05 0.281672 9.99821E-05
9.9991E-05 0.0850642 0.0827599 0.705187 0.126889
0.718207 0.10238 9.99821E-05 9.99821E-05 0.179213
0.335379 9.9991E-05 0.196478 0.128361 0.339681
9.99911E-05 0.602894 0.0543465 0.163899 0.178761
0.377019 0.183262 0.0040946 9.9991E-05 0.435524
0.0753726 9.9991E-05 0.015086 0.662674 0.246768
9.99821E-05 9.99821E-05 0.003059 0.350157 0.646584
0.0824539 0.68415 0.0516116 9.99911E-05 0.181685
0.037634 0.371011 0.248895 0.237765 0.104696
9.99731E-05 0.585441 9.99731E-05 0.414259 9.99731E-05
9.99733E-05 9.99733E-05 9.99733E-05 0.224288 0.775412
9.99821E-05 0.170678 9.99821E-05 0.253553 0.575569
0.390514 9.99821E-05 9.99821E-05 0.0330324 0.576254
9.99821E-05 0.279594 9.99821E-05 0.483746 0.23646
0.337565 0.0962478 0.038231 0.285193 0.242762
0.0243192 0.18187 0.296022 0.497688 9.9991E-05
0.199267 9.9991E-05 0.133494 0.37595 0.291189
0.0436538 9.9991E-05 0.243163 0.230701 0.482383
9.99821E-05 0.100028 9.99821E-05 0.0663965 0.833376
0.35725 0.131421 0.152772 9.99911E-05 0.358457
9.99822E-05 0.612282 0.0928672 9.99822E-05 0.294651
0.329209 0.00262903 0.261126 9.9991E-05 0.406936
0.13483 0.570553 9.9991E-05 0.091195 0.203322
9.99731E-05 0.730867 9.99731E-05 9.99731E-05 0.268833
0.0367415 0.496867 0.392469 9.9991E-05 0.0738224
0.642129 9.99821E-05 9.99821E-05 0.344177 0.0134945
0.255013 0.020386 0.430173 9.99911E-05 0.294329
9.99821E-05 9.99821E-05 0.312699 0.144885 0.542216
0.9996 9.997E-05 9.997E-05 9.997E-05 9.997E-05
0.256391 0.602554 9.99911E-05 0.0864355 0.0545204
0.03032 0.852172 9.99821E-05 9.99821E-05 0.117308
0.214889 0.253718 0.459368 9.9991E-05 0.0719248
9.99821E-05 0.3936 0.0211485 0.585052 9.99821E-05
0.127569 0.0202509 0.306553 0.278896 0.266731
0.279158 0.478692 0.0936499 0.018107 0.130393
9.9991E-05 0.507447 0.172341 0.183284 0.136828
0.701086 0.0198744 9.9982E-05 9.9982E-05 0.27884
0.512802 0.327666 0.145833 9.9991E-05 0.0135987
0.226791 9.99821E-05 0.265182 0.507827 9.99821E-05
0.913179 9.99732E-05 0.0865208 9.99732E-05 9.99732E-05
0.00599523 0.11151 0.648945 0.23345 9.99911E-05
0.0114377 9.99731E-05 0.988262 9.99731E-05 9.99731E-05
9.9982E-05 0.225073 0.0508998 9.9982E-05 0.723827
0.217152 0.194947 9.9991E-05 0.356905 0.230896
9.99911E-05 0.391151 0.00237652 0.0365788 0.569793
0.0280264 0.125284 0.176007 9.99911E-05 0.670582
0.139722 9.99911E-05 0.00340925 0.247718 0.609051
0.200008 9.99821E-05 0.373425 9.99821E-05 0.426368
0.464744 0.180931 9.99911E-05 0.118614 0.235611
0.268911 0.00425014 9.9991E-05 0.0432521 0.683487
0.775207 9.99732E-05 9.99732E-05 9.99732E-05 0.224494
0.294259 9.99732E-05 9.99732E-05 9.99732E-05 0.705441
0.9996 9.997E-05 9.997E-05 9.997E-05 9.997E-05
9.99732E-05 9.99732E-05 0.44202 0.55768 9.99732E-05
0.0550649 0.486009 9.9991E-05 0.0905212 0.368305
9.9991E-05 0.0463455 0.00368662 0.348171 0.601697
0.238405 9.9991E-05 0.0990955 0.0974573 0.564942
0.0362665 0.181232 0.166284 9.9991E-05 0.616117
0.769942 9.99731E-05 9.99731E-05 0.229758 9.99731E-05
0.266066 0.200948 0.207873 0.178915 0.146198
0.209657 9.99731E-05 9.99731E-05 9.99731E-05 0.790043
0.0791864 0.35292 0.0259877 0.0219469 0.519959
0.23175 0.104742 0.337504 9.9991E-05 0.325905
0.0853468 0.209815 0.0275272 0.351531 0.32578
0.125279 0.790627 9.99822E-05 9.99822E-05 0.0838942
0.101944 0.0498751 0.117992 0.202331 0.527858
0.153864 0.178776 0.38088 9.99911E-05 0.28638
0.141845 0.12146 0.341555 0.0514392 0.3437
9.99821E-05 0.204796 0.0617148 0.73329 9.99821E-05
0.118871 0.145059 0.258962 0.141792 0.335316
9.9991E-05 0.353391 0.259306 0.117953 0.26925
9.99821E-05 9.99821E-05 0.472243 0.25113 0.276427
9.99731E-05 0.759856 0.239844 9.99731E-05 9.99731E-05
0.0727418 0.1231 9.99822E-05 9.99822E-05 0.803958
9.99732E-05 0.00729575 9.99732E-05 9.99732E-05 0.992404
0.15762 9.99822E-05 0.00874868 9.99822E-05 0.833432
9.99911E-05 0.103054 0.481487 0.271644 0.143716
0.0741811 9.99732E-05 9.99732E-05 9.99732E-05 0.925519
0.105981 9.99911E-05 0.368634 0.311529 0.213756
0.241124 0.100581 0.599885 0.0583104 9.99911E-05
0.0881002 0.511355 0.101576 0.150762 0.148207
0.222429 0.142495 0.424258 0.210717 9.99911E-05
0.629636 0.164309 9.9991E-05 0.110943 0.095012
0.118254 9.9991E-05 0.0597591 0.0678166 0.754071
9.99731E-05 0.32889 9.99731E-05 0.67081 9.99731E-05
0.116298 0.263268 0.309971 9.9991E-05 0.310363
0.619118 0.201621 9.99911E-05 0.0108195 0.168341
0.000880381 9.99911E-05 0.197747 0.743105 0.0581682
9.99822E-05 9.99822E-05 0.128778 0.467294 0.403728
9.99821E-05 0.178955 9.99821E-05 0.546321 0.274524
0.028118 0.132164 9.9991E-05 0.244153 0.595465
0.0863075 9.99911E-05 0.0928368 0.395456 0.425299
0.617996 0.115586 9.99911E-05 0.218006 0.0483115
9.99911E-05 0.253334 0.280218 0.0354109 0.430937
0.0340669 0.0138181 0.580188 9.99911E-05 0.371827
0.13389 0.32427 0.32432 0.132 0.0855197
0.204747 9.99821E-05 9.99821E-05 0.0886809 0.706372
0.128407 0.305576 0.179479 0.0255932 0.360944
9.99731E-05 0.279551 9.99731E-05 0.720149 9.99731E-05
0.104368 0.319317 9.9991E-05 0.374847 0.201367
0.21536 9.99821E-05 0.0547315 9.99821E-05 0.729708
9.99911E-05 0.471788 0.015549 0.465253 0.0473099
9.99822E-05 0.422202 9.99822E-05 0.402927 0.174671
0.31006 0.216585 9.9991E-05 0.0613736 0.411882
0.137533 0.325977 9.99911E-05 0.0686388 0.467752
9.997E-05 9.997E-05 9.997E-05 9.997E-05 0.9996
0.0947495 0.0353012 0.0400325 0.353442 0.476475
0.234689 0.191104 0.224409 0.179492 0.170305
0.291935 9.99821E-05 9.99821E-05 0.0810376 0.626827
9.99821E-05 9.99821E-05 0.0427481 0.126982 0.830069
9.99821E-05 9.99821E-05 0.407483 0.339207 0.25311
0.295594 0.419395 0.0417755 0.0501267 0.193109
0.196957 9.99821E-05 9.99821E-05 0.316276 0.486567
9.99821E-05 0.032077 9.99821E-05 0.237902 0.729821
0.28424 0.0174789 0.0819782 0.350052 0.266251
9.997E-05 9.997E-05 0.9996 9.997E-05 9.997E-05
0.136974 0.592784 0.0897777 9.99911E-05 0.180364
9.99911E-05 0.37011 0.251889 0.245013 0.132888
9.997E-05 0.9996 9.997E-05 9.997E-05 9.997E-05
0.0308594 0.529796 0.218532 0.160615 0.0601974
0.203094 0.42114 9.9991E-05 0.240167 0.135499
0.0142277 9.99821E-05 9.99821E-05 0.225397 0.760175
9.997E-05 9.997E-05 0.9996 9.997E-05 9.997E-05
9.99822E-05 0.0235017 9.99822E-05 0.457025 0.519274
0.0757493 9.9991E-05 0.113162 0.234891 0.576097
0.25793 9.9991E-05 0.249162 0.162382 0.330426
0.256431 0.234459 0.407942 9.9991E-05 0.101068
