9.99729E-05 0.687696 9.99729E-05 0.144116 0.103808 0.00127106 9.99729E-05 0.0624292 0.000379977
0.0109242 0.105317 0.0601653 9.9991E-05 0.144829 0.0852464 0.0706312 0.228386 0.294401
0.0337333 0.189219 0.0922855 0.0106208 0.0587765 0.0203677 9.9991E-05 0.041524 0.553373
0.0811243 0.242176 0.0928111 9.9973E-05 0.259825 0.0872188 9.9973E-05 9.9973E-05 0.236545
0.0631267 0.0978362 0.0526716 9.9982E-05 9.9982E-05 0.0299058 0.149417 0.271179 0.335664
0.0358529 0.0571151 0.0283667 0.0381199 0.0447738 0.0840924 0.107985 0.234768 0.368926
0.0382955 0.51683 0.100475 9.9964E-05 9.9964E-05 9.9964E-05 0.283612 9.9964E-05 0.060388
0.104194 9.9964E-05 9.9964E-05 0.203222 0.125358 9.9964E-05 9.9964E-05 0.0540003 0.512826
9.9982E-05 0.0254769 0.075152 0.378075 9.9982E-05 0.035597 0.25589 0.0818699 0.147739
0.0713146 0.0465867 0.105077 0.285203 9.9991E-05 0.199195 0.0606832 0.149521 0.0823188
0.00642679 9.99549E-05 9.99549E-05 0.184542 9.99549E-05 0.0698136 9.99549E-05 0.738718 9.99549E-05
9.99369E-05 9.99369E-05 9.99369E-05 0.359964 9.99369E-05 9.99369E-05 0.639336 9.99369E-05 9.99369E-05
0.108804 0.033156 0.0255079 0.10509 0.0661549 0.0317846 0.111994 0.144005 0.373504
0.0381249 0.184169 0.0648839 9.9982E-05 0.128577 0.0773692 0.413129 0.0935478 9.9982E-05
0.00057869 9.9955E-05 9.9955E-05 9.9955E-05 9.9955E-05 9.9955E-05 0.197802 0.748347 0.0527724
0.0745142 0.0990373 0.149387 9.9982E-05 0.403176 0.0298558 0.00135902 0.24247 9.9982E-05
9.9955E-05 9.9955E-05 0.00841405 9.9955E-05 9.9955E-05 0.0412713 0.0851817 0.864633 9.9955E-05
0.124531 0.149306 0.173315 0.225682 0.0148904 0.0786007 9.9991E-05 0.136879 0.0966955
0.0533693 0.213901 0.0555022 0.152219 0.0152694 9.9991E-05 0.192412 0.220827 0.0963989
0.0501125 0.150054 9.9991E-05 0.176215 0.190397 0.0733733 0.239885 0.0493349 0.0705298
0.115162 0.12284 0.0131981 0.17301 9.9991E-05 0.0870388 0.162118 0.0794583 0.247074
0.0532412 9.99639E-05 9.99639E-05 0.248773 0.140627 9.99639E-05 9.99639E-05 0.466738 0.090221
0.160004 0.29446 0.0501589 0.174785 0.0659508 0.0404862 0.00715167 0.169927 0.0370768
9.9973E-05 0.284194 0.163067 9.9973E-05 0.183488 9.9973E-05 0.0604397 0.034777 0.273735
9.9946E-05 9.9946E-05 9.9946E-05 0.0116499 9.9946E-05 0.0959954 9.9946E-05 0.891755 9.9946E-05
9.9955E-05 0.132587 9.9955E-05 0.184229 9.9955E-05 9.9955E-05 9.9955E-05 0.453176 0.229508
0.103416 0.0804946 0.0561534 0.306982 0.253641 0.113895 9.9982E-05 0.0852173 9.9982E-05
0.0711523 0.101643 0.0246736 0.0833623 0.0574053 0.104024 0.0544572 0.336415 0.166868
9.9946E-05 9.9946E-05 0.0495083 9.9946E-05 9.9946E-05 9.9946E-05 9.9946E-05 0.317267 0.632625
0.0258654 0.109078 0.594609 9.9982E-05 0.0100588 0.0320096 9.9982E-05 0.0170662 0.211113
0.0207408 9.9982E-05 0.0814323 9.9982E-05 0.179167 0.0463664 0.175236 0.284726 0.212131
0.0255439 9.9955E-05 0.0429601 0.919326 9.9955E-05 0.0116705 9.9955E-05 9.9955E-05 9.9955E-05
0.0696277 0.180091 0.0580224 9.9982E-05 0.00402569 9.9982E-05 0.125765 0.229414 0.332855
0.115267 0.113105 9.9982E-05 0.133309 0.0970495 0.0557049 9.9982E-05 0.255184 0.23018
0.0718761 0.0395908 9.9973E-05 0.24365 9.9973E-05 0.171429 0.126937 0.346217 9.9973E-05
9.993E-05 0.999201 9.993E-05 9.993E-05 9.993E-05 9.993E-05 9.993E-05 9.993E-05 9.993E-05
0.013168 0.483636 9.9964E-05 9.9964E-05 0.0927256 0.162722 9.9964E-05 9.9964E-05 0.247349
9.9964E-05 0.202711 0.0323838 0.241978 9.9964E-05 0.0508477 9.9964E-05 0.47168 9.9964E-05
0.0406357 9.9982E-05 0.11897 0.0541725 9.9982E-05 0.097813 0.173503 0.0712073 0.443499
0.127982 0.180602 0.041782 0.0409377 0.24885 0.00841297 0.0981975 0.0108769 0.242358
0.0435993 9.9982E-05 0.0363723 0.255101 0.37715 0.0360742 9.9982E-05 0.0615078 0.189995
0.0662861 0.118382 9.9973E-05 0.211292 0.271341 0.126517 9.9973E-05 9.9973E-05 0.205881
0.094495 0.00152096 9.9973E-05 0.080469 0.193638 0.0614032 9.9973E-05 9.9973E-05 0.568174
9.99461E-05 0.143249 9.99461E-05 0.774151 9.99461E-05 9.99461E-05 9.99461E-05 9.99461E-05 0.0820001
0.0424073 9.99639E-05 0.0216552 0.860168 9.99639E-05 9.99639E-05 0.0640532 0.0113166 9.99639E-05
0.0267338 0.104376 9.9973E-05 0.155451 9.9973E-05 0.206465 0.261854 9.9973E-05 0.24482
0.0307845 0.201344 9.9973E-05 9.9973E-05 0.159274 9.9973E-05 0.214595 0.132748 0.260954
0.00976796 0.0786661 0.0796086 0.0276151 0.134541 9.9982E-05 0.335572 9.9982E-05 0.334029
0.0429909 9.9991E-05 0.0344672 0.33869 0.111844 0.0585641 0.074642 0.17298 0.165722
0.0431391 0.0207976 0.0789004 9.9982E-05 0.124632 9.9982E-05 0.089872 0.212436 0.430022
0.0917028 0.196918 0.0258118 9.9973E-05 9.9973E-05 0.0255379 0.332397 0.327333 9.9973E-05
0.0241479 0.220219 0.142883 9.9973E-05 0.0881806 9.9973E-05 0.452801 9.9973E-05 0.0714693
0.0338659 0.000819828 0.000249818 0.133465 0.605704 0.0722873 0.0392721 9.9991E-05 0.114236
0.0480712 0.0941253 0.0799709 0.124501 0.133529 0.198023 0.0642988 0.0819293 0.175552
9.9973E-05 0.100254 0.22847 0.0473119 0.346408 0.0270594 0.250196 9.9973E-05 9.9973E-05
0.0994339 0.109438 9.9973E-05 0.10851 9.9973E-05 0.0664408 0.100368 9.9973E-05 0.51551
9.99551E-05 9.99551E-05 0.0055292 0.391125 0.321789 9.99551E-05 0.281057 9.99551E-05 9.99551E-05
0.000819315 0.143186 0.138344 0.258375 0.149462 0.0495244 0.0746411 0.138142 0.047506
0.0336753 9.9991E-05 0.0960803 0.19501 0.115343 0.0576809 0.106817 0.109325 0.285969
0.0323842 0.033581 9.9982E-05 0.488917 9.9982E-05 0.135584 0.242561 0.0434425 0.0233305
0.0760866 0.199612 9.99549E-05 9.99549E-05 0.0730731 9.99549E-05 9.99549E-05 9.99549E-05 0.650729
0.100141 0.0836911 0.0282111 0.0218847 0.051372 0.0636955 0.204391 0.419061 0.0275521
0.059983 0.106052 9.9973E-05 9.9973E-05 0.0427968 9.9973E-05 0.0331149 0.157278 0.600475
0.0980524 9.9946E-05 0.868241 9.9946E-05 0.0331065 9.9946E-05 9.9946E-05 9.9946E-05 9.9946E-05
9.9982E-05 0.137084 9.9982E-05 0.0903313 0.114198 0.173267 0.0391641 0.0884396 0.357317
9.9937E-05 0.925688 9.9937E-05 9.9937E-05 0.0736121 9.9937E-05 9.9937E-05 9.9937E-05 9.9937E-05
9.9982E-05 0.401021 0.143338 0.0231694 0.0451921 0.073196 0.221918 9.9982E-05 0.0919658
9.9955E-05 9.9955E-05 9.9955E-05 0.114392 9.9955E-05 9.9955E-05 0.172943 0.135489 0.576677
9.9955E-05 0.40289 0.0230337 9.9955E-05 9.9955E-05 9.9955E-05 9.9955E-05 0.36693 0.206646
0.11025 0.0115451 0.0996451 0.0594231 0.152105 0.0336344 9.9991E-05 0.241852 0.291445
9.9955E-05 9.9955E-05 0.0774171 9.9955E-05 9.9955E-05 0.13701 0.534095 9.9955E-05 0.250979
0.08641 0.125083 0.0103561 0.255366 0.0213907 9.9982E-05 9.9982E-05 0.350696 0.150498
0.0943535 0.0200801 0.0561302 0.0538717 9.9991E-05 0.0167817 0.0571019 0.375879 0.325701
0.0290388 9.9982E-05 0.00572402 0.17549 0.190802 0.0492811 9.9982E-05 0.384336 0.165128
9.9982E-05 9.9982E-05 0.0771959 0.32123 0.055216 0.145647 0.00316099 0.263706 0.133645
0.00913709 9.9982E-05 0.0387616 0.00414497 0.202506 0.0722756 0.475539 9.9982E-05 0.197436
0.136142 9.9946E-05 9.9946E-05 0.414547 9.9946E-05 9.9946E-05 9.9946E-05 9.9946E-05 0.448712
0.0062735 9.9973E-05 9.9973E-05 9.9973E-05 0.155646 0.103343 0.0576016 0.0580694 0.618766
9.99549E-05 0.0517259 9.99549E-05 9.99549E-05 9.99549E-05 9.99549E-05 0.111529 0.0528338 0.783411
0.0618029 0.0446644 0.107621 9.9991E-05 0.0778739 0.00385123 0.0989306 0.154425 0.450731
0.0817105 0.0963948 0.0471032 0.31225 0.0562394 0.0173236 9.9991E-05 0.101304 0.287575
0.000590594 0.31111 0.00301858 0.221943 9.9991E-05 0.0442276 0.165667 0.0699683 0.183375
9.9973E-05 0.0748618 0.222028 0.437011 0.139214 0.0742274 0.0523576 9.9973E-05 9.9973E-05
0.108526 9.9973E-05 0.0670352 9.9973E-05 0.0414363 0.0691563 9.9973E-05 0.101374 0.612173
0.0726253 0.355854 0.0719888 9.9973E-05 9.9973E-05 0.0421077 0.176554 9.9973E-05 0.280571
9.9973E-05 0.173048 9.9973E-05 0.264504 0.350276 0.0107983 0.174201 9.9973E-05 0.0268735
0.0123125 0.890516 0.042539 9.99549E-05 9.99549E-05 9.99549E-05 9.99549E-05 0.054133 9.99549E-05
0.0395096 9.99461E-05 9.99461E-05 9.99461E-05 9.99461E-05 0.00323286 0.956658 9.99461E-05 9.99461E-05
0.0551107 0.276413 0.137783 0.0469783 9.9982E-05 0.0840248 0.0355895 0.363901 9.9982E-05
0.0861175 0.0893506 9.9973E-05 0.661373 0.0333098 9.9973E-05 9.9973E-05 0.0174273 0.112122
0.00313205 9.9946E-05 0.934125 9.9946E-05 9.9946E-05 0.062143 9.9946E-05 9.9946E-05 9.9946E-05
0.0235858 9.9964E-05 9.9964E-05 0.30437 9.9964E-05 0.0226822 0.103294 0.545668 9.9964E-05
0.110764 0.349847 0.0274357 9.9982E-05 0.252616 0.0419475 0.00207427 9.9982E-05 0.215116
0.0751286 0.0101486 0.0295273 9.9982E-05 0.306961 9.9982E-05 0.113282 0.431199 0.0335545
0.00269685 0.435114 9.9973E-05 9.9973E-05 0.20956 0.0776676 9.9973E-05 0.00702947 0.267632
0.0108466 0.0031113 0.043618 0.0845795 9.9973E-05 9.9973E-05 9.9973E-05 0.100754 0.756791
9.9955E-05 9.9955E-05 9.9955E-05 0.516534 0.164841 0.0695912 9.9955E-05 9.9955E-05 0.248534
0.021253 0.101428 0.00963096 9.99731E-05 9.99731E-05 0.10086 0.298852 9.99731E-05 0.467676
0.121899 0.0805473 0.270727 0.380677 9.9964E-05 9.9964E-05 9.9964E-05 0.14575 9.9964E-05
9.9982E-05 0.0671945 0.314748 0.00377539 0.0412413 9.9982E-05 0.0909434 0.36504 0.116858
0.0765651 0.157021 0.102414 0.108641 9.9982E-05 9.9982E-05 0.050259 0.346475 0.158426
9.993E-05 9.993E-05 0.999201 9.993E-05 9.993E-05 9.993E-05 9.993E-05 9.993E-05 9.993E-05
0.021782 9.9982E-05 0.038671 9.9982E-05 0.0986102 0.10676 0.0150247 0.552648 0.166304
0.0139876 9.99369E-05 9.99369E-05 9.99369E-05 9.99369E-05 0.985313 9.99369E-05 9.99369E-05 9.99369E-05
0.0081875 0.0291443 9.9982E-05 0.255607 0.224218 0.0789976 0.118986 0.284659 9.9982E-05
0.00618461 9.9964E-05 9.9964E-05 0.251734 0.171595 9.9964E-05 9.9964E-05 0.163106 0.40698
9.9973E-05 0.309139 0.0494707 9.9973E-05 0.150736 0.00987147 0.29652 0.183963 9.9973E-05
0.0284451 0.349028 0.10788 0.0846696 0.0715075 0.037224 0.105459 0.00387637 0.211911
0.0342685 9.9991E-05 0.223297 0.105641 0.0149524 0.0894647 0.0555415 0.189026 0.28771
9.9982E-05 0.322658 0.0980884 0.012266 9.9982E-05 0.01299 0.269983 0.268853 0.0149622
0.0493527 0.102218 9.9973E-05 9.9973E-05 0.0592588 0.152474 9.9973E-05 0.193954 0.442442
0.0878678 9.9982E-05 0.083316 0.110856 9.9982E-05 0.0210654 0.42704 0.147224 0.12243
0.03284 0.153305 0.0213452 9.9991E-05 0.392541 0.110062 0.0642766 0.00728516 0.218245
0.0532435 9.9973E-05 0.30408 0.232983 0.0137601 9.9973E-05 0.0430194 0.352614 9.9973E-05
9.99729E-05 0.220365 0.0776222 0.1338 9.99729E-05 0.0320049 9.99729E-05 0.0543329 0.481575
9.993E-05 9.993E-05 0.999201 9.993E-05 9.993E-05 9.993E-05 9.993E-05 9.993E-05 9.993E-05
9.9973E-05 0.065719 9.9973E-05 0.0501069 0.0178898 0.129298 9.9973E-05 0.518854 0.217832
0.0462102 0.416453 9.9982E-05 0.312105 0.0282643 0.0241072 9.9982E-05 0.00488671 0.167773
0.0255323 9.9964E-05 0.026222 0.256998 0.0279228 9.9964E-05 9.9964E-05 9.9964E-05 0.662925
0.0668562 9.9982E-05 0.0257009 0.330725 9.9982E-05 0.0141288 0.100157 0.36807 0.0941634
0.105832 0.183167 0.00882855 0.188739 0.0456619 0.14854 9.9982E-05 9.9982E-05 0.319031
0.10055 0.190306 0.332288 0.0195343 0.0361926 9.9973E-05 9.9973E-05 0.32083 9.9973E-05
0.0625766 0.0933693 0.180634 0.108058 0.00387742 0.0804396 9.9991E-05 0.187118 0.283827
9.9964E-05 9.9964E-05 9.9964E-05 9.9964E-05 0.393175 0.0242451 0.262632 0.0656652 0.253883
0.00270288 0.0641798 0.239485 0.239263 0.0347968 9.9982E-05 0.38195 9.9982E-05 0.0374227
9.9955E-05 0.0252488 9.9955E-05 9.9955E-05 9.9955E-05 9.9955E-05 0.531717 0.292969 0.149566
0.0621854 9.9964E-05 9.9964E-05 0.255063 0.155725 9.9964E-05 9.9964E-05 0.371251 0.155375
9.9973E-05 0.17958 0.222909 0.101278 9.9973E-05 0.124656 0.0597079 9.9973E-05 0.311569
0.0508566 0.00455187 9.9973E-05 0.17713 0.217885 9.9973E-05 0.511497 9.9973E-05 0.0377802
9.9964E-05 0.0686873 0.143186 0.31236 9.9964E-05 0.0260155 9.9964E-05 0.449352 9.9964E-05
0.0580161 0.498179 9.9964E-05 0.246009 9.9964E-05 9.9964E-05 9.9964E-05 0.0772856 0.120111
0.119646 0.124793 9.9973E-05 0.00725028 9.9973E-05 0.0450885 0.0965558 9.9973E-05 0.606366
9.99551E-05 9.99551E-05 0.279714 9.99551E-05 9.99551E-05 9.99551E-05 0.318784 0.0296841 0.371318
0.100377 9.9991E-05 0.129883 0.105192 0.12251 0.058432 0.0386255 0.115853 0.329028
0.0170979 0.136026 9.9964E-05 0.218827 9.9964E-05 9.9964E-05 0.0223325 9.9964E-05 0.605316
0.0394773 0.133022 9.9973E-05 0.179606 9.9973E-05 0.083886 0.332683 0.231026 9.9973E-05
9.99369E-05 9.99369E-05 9.99369E-05 9.99369E-05 0.994207 9.99369E-05 0.00509302 9.99369E-05 9.99369E-05
9.993E-05 9.993E-05 9.993E-05 9.993E-05 0.999201 9.993E-05 9.993E-05 9.993E-05 9.993E-05
0.0477612 0.0018699 0.0795849 0.367652 0.0181821 0.0476107 0.326636 9.9991E-05 0.110604
0.102208 0.105924 9.9991E-05 0.152409 0.00380991 0.186327 0.0841866 0.191757 0.173279
0.0812201 9.9964E-05 9.9964E-05 0.422201 9.9964E-05 0.0849505 0.203171 9.9964E-05 0.208057
0.0749305 9.9982E-05 9.9982E-05 0.0637222 0.0284232 0.0818122 0.173146 0.379245 0.198521
0.00825789 0.124332 0.214159 9.9991E-05 0.179972 0.101895 0.169742 0.0907981 0.110745
0.00437853 0.251424 0.0743293 0.191398 9.9982E-05 0.0240589 0.321158 0.133054 9.9982E-05
0.0822925 0.23589 0.0495716 9.9991E-05 0.101786 0.0742016 0.0063741 0.0791921 0.370592
0.132037 0.272534 0.332717 0.095252 9.9982E-05 0.0320594 9.9982E-05 0.0924279 0.0427732
0.0231466 0.213872 9.9982E-05 9.9982E-05 0.0263972 0.0204241 0.275167 0.245464 0.195329
0.999201 9.993E-05 9.993E-05 9.993E-05 9.993E-05 9.993E-05 9.993E-05 9.993E-05 9.993E-05
9.9964E-05 0.587086 9.9964E-05 0.224935 0.0650885 0.0908436 9.9964E-05 9.9964E-05 0.031647
0.0789183 0.155605 9.9964E-05 9.9964E-05 0.189157 0.233999 9.9964E-05 9.9964E-05 0.341921
9.9964E-05 9.9964E-05 0.00189155 0.174013 0.0315014 9.9964E-05 0.751748 0.0404455 9.9964E-05
0.0186297 0.210968 9.9973E-05 9.9973E-05 0.143596 0.130755 0.472019 0.0237321 9.9973E-05
0.124291 0.00579063 0.145672 0.265331 0.0177271 0.0407992 0.168616 0.0134135 0.21836
0.0367424 0.11736 0.101408 0.146771 0.248015 9.9991E-05 0.143801 0.130987 0.0748152
9.9982E-05 0.0481912 0.0616196 0.0298752 0.0240596 9.9982E-05 0.757786 0.0452367 0.0330322
0.0606377 0.0101358 0.0391607 0.112977 0.163438 0.0723057 9.9991E-05 0.357715 0.18353
0.061951 0.278461 9.9982E-05 0.334743 0.0450257 9.9982E-05 0.102423 0.0624251 0.114771
0.0397458 9.9991E-05 0.0951807 0.0808943 0.0564564 0.042101 0.124433 0.151623 0.409465
9.9964E-05 0.537064 0.0990371 9.9964E-05 0.101844 0.00556761 9.9964E-05 9.9964E-05 0.256087
0.0368456 0.111431 0.164645 0.196102 0.0537776 0.033331 0.0968307 0.0952213 0.211816
0.0569583 0.32701 0.0131834 0.0198865 9.9982E-05 0.0402961 9.9982E-05 0.481276 0.06119
0.999201 9.993E-05 9.993E-05 9.993E-05 9.993E-05 9.993E-05 9.993E-05 9.993E-05 9.993E-05
0.352294 0.0822361 9.99639E-05 9.99639E-05 0.105985 9.99639E-05 0.243849 0.215236 9.99639E-05
9.9964E-05 0.0134391 9.9964E-05 9.9964E-05 0.289202 0.0678699 9.9964E-05 0.0899022 0.539187
0.0623586 0.0836218 0.0438883 0.224405 9.9982E-05 0.0428165 0.0313487 9.9982E-05 0.511362
0.0574758 0.409949 9.9946E-05 0.531976 9.9946E-05 9.9946E-05 9.9946E-05 9.9946E-05 9.9946E-05
0.0918417 0.119414 9.9982E-05 0.0901472 0.223439 9.9982E-05 0.134802 0.202324 0.137832
0.0224009 0.0647113 9.9973E-05 9.9973E-05 9.9973E-05 0.0773414 0.509343 0.171834 0.154069
9.99369E-05 9.99369E-05 9.99369E-05 9.99369E-05 0.943507 9.99369E-05 9.99369E-05 0.0557935 9.99369E-05
0.0894251 0.133314 9.9982E-05 0.0167121 0.00708174 9.9982E-05 0.29735 0.174541 0.281376
9.9982E-05 0.0285921 0.0893681 0.0625132 0.158738 9.9982E-05 0.261817 0.232528 0.166244
0.0343612 0.0245661 0.0722686 9.9982E-05 0.161646 0.111064 0.346872 0.249022 9.9982E-05
0.0585859 0.400286 0.156546 9.9982E-05 0.11888 0.0280156 0.101854 9.9982E-05 0.135633
9.9946E-05 9.9946E-05 9.9946E-05 9.9946E-05 0.213848 0.107924 0.677629 9.9946E-05 9.9946E-05
0.0884612 0.332703 9.9973E-05 9.9973E-05 0.0215584 0.0214694 0.28742 9.9973E-05 0.248088
9.9982E-05 0.0567052 0.0249239 0.042724 0.175953 0.182572 0.323785 9.9982E-05 0.193137
0.0206799 0.121102 9.9973E-05 9.9973E-05 0.0734929 9.9973E-05 0.445495 0.167806 0.171124
9.9982E-05 9.9982E-05 0.0382554 0.381049 0.189063 0.0612326 0.154073 0.105756 0.0703707
9.993E-05 9.993E-05 9.993E-05 9.993E-05 9.993E-05 0.999201 9.993E-05 9.993E-05 9.993E-05
0.0138184 0.064658 0.0529814 0.339606 0.243351 0.0458768 0.0758611 0.1573 0.00654749
0.00158316 9.9946E-05 0.030981 9.9946E-05 9.9946E-05 9.9946E-05 9.9946E-05 0.966836 9.9946E-05
0.0928063 0.185278 0.0452514 0.252977 9.9973E-05 9.9973E-05 9.9973E-05 0.418915 0.00447308
0.0084743 0.384683 0.0338771 9.9991E-05 0.263289 0.033306 0.142766 0.0526376 0.080867
9.9982E-05 0.221962 0.190538 0.0255811 0.0762415 9.9982E-05 0.0664615 0.0485962 0.37042
0.0387835 0.236394 0.0135379 9.9982E-05 0.250837 0.0449819 0.393267 0.0219996 9.9982E-05
9.993E-05 9.993E-05 9.993E-05 9.993E-05 9.993E-05 0.999201 9.993E-05 9.993E-05 9.993E-05
0.0710121 0.125921 0.113457 9.9964E-05 9.9964E-05 9.9964E-05 0.386042 9.9964E-05 0.303168
0.0489948 0.200974 0.0842038 9.9991E-05 0.0532667 0.162613 0.0805235 0.27918 0.0901436
0.0100189 0.312549 9.9982E-05 0.00138317 0.244236 0.0465694 0.0952996 9.9982E-05 0.289744
9.9964E-05 0.0725171 0.0975484 0.137892 0.213154 9.9964E-05 0.478488 9.9964E-05 9.9964E-05
