,A10_N07P06,A102_N11P37,A115_N12P40,A122_N03P40,A131_N10P46,A135_N08P46,A18_N7P6,A19_N5P6,A22_N09p09,A27_N8P9,A34_NNAP12,A38_N5P12,A44_N10P14,A82_N15P36,B103_N11P34,B109_N05P34,B113_N05P34,B122_N12P39,B84_NNAP24,B89_NNAP25,B96_N15P33,C101_N08P37,C122_NNAP44,C17_N5P6,C36_N06P12,C64_N09P29,D142_N14P38,D163_N18P43,D168_N19P47,D17_N10P4,D172_N10P48,D32_N9P7,D64_N18P18,D65_N7P18,D66_N10P19,D70_N09P19,D72_N13P19,D73_N7P19,D76_N12P20,D88_NNAP28,E166NNAP38,E174_N8P38,E191_NNAP43,E192_NNAP43,E31_N5P8,E47_N11P11,E48_N8P11,E51_N11P15,E66_N14P20,E67_NNAP22,E77_NNAP28,E83_N13P29,E89_N16P29,F100_N10P32,F101_N9P32,F108_N8P32,F109_N11P32,F111_N11P32,F123_N6P41,F131_N11P43,F134_NNAP48,F138_N07P48,F139_N05P48,F18_N14P4,F67_N9P18,F68_N7P18,F73_N13P19,F84_NNAP28,F85_NNAP28,F9_N4P1,G101_NNAP33,G102_NNAP33,G104_N7P33,G114_N7P35,G12_NNAP5,G148_N6P41,G16_N6P5,G162_NNAP48,G163_NNAP48,G164_N17P48,G22_N9P5,G25_N6P5,G43_N8P11,G52_N11P15,G53_N16P15,G60_N06P17,G63_N7P20,G85_N11P30,G87_N13P30,G89_N11P30,H11_N5P6,H124_N05P37,H141_N14P40,H143_N18P40,H147_N07P40,H148_N05P40,H154_N11P44,H162_N16P46,H18_N13P6,H19_N7P6,H22_N6P6,H25_N5P6,H30_N9P9,H31_N5P9,H38_NNAP09,H42_N4P12,H49_N5P12,H53_N6P12,H65_NNAP16,H79_N4P29,H8_N6P6,I108_N5P34,I111_NNAP39,I15_N13P6,I58_N12P21,I6_N5P6,I61_N9P21,I65_N23P24,I71_NNAP25,I74_N14P29,I79_N11P29,I8_N5P6,I81_N13P29,I93_N05P31,I96_N10P34,J136_NNAP46,J33_N04P10,J35_N05P10,J62_NNAP18,J71_N8P19,J75_N06P20,J89_NNAP28,J90_NNAP28,J91_NNAP28,J92_NNAP28,K10_N3P3,K100_N12P33,K103_N14P33,K104_N03P42,K11_N4P1,K118_NNAP45,K121_N11P47,K122_N10P47,K124_N13P48,K125_N11P48,K14_NNAP5,K23_N8P5,K25_N15P5,K29_N7P8,K30_N11P08,K41_N14P11,K45_NNAP11,K49_N13P11,K51_N14P11,K52_N11P11,K56_N16P15,K6_N3P3,K62_N09P17,K63_N7P17,K69_N10P20,K7_N03P03,K70_N9P20,K71_N12P20,K72_N06P20,K74_NNAP23,K88_N4P30,K94_N08P29,K96_N13P33,K98_N12P33,K99_N10P33,L101_N5P41,L16_N11P05,L76_N5P30,L88_N9P33,M12_NNAP14,M13_NNAP20,M18_N13P29,M19_N13P32,M2_N5P9,M26_NNAP34,M29_N15P34,M30_N12P34,M33_N16P39,M35_N10P39,M39_N13P42,M6_NNAP9,PP1_NNAP1,PP3_NNAP01,PP4_NNAP1,PP5_NNAP1
A10_N07P06,-1,0.0195697,0.0197374,0.020322,0.00391828,0.00316317,0.000242024,4.71963E-05,0.00392901,0.00400152,0.00717738,0.0073646,0.00721179,0.0203206,0.0206659,0.0206689,0.020618,0.0198879,0.0114985,0.0162847,0.00647577,0.0193699,0.0185461,0.000170713,0.00739042,0.00966185,0.0194735,0.0179108,0.00368883,0.000178102,0.00402445,0.00488206,0.00769983,0.0077097,0.00841901,0.00839349,0.00820972,0.00840753,0.00809379,0.00964708,0.0194343,0.0194371,0.0177795,0.0179524,0.00456883,0.00774763,0.00794726,0.00808193,0.00810528,0.0118691,0.00975285,0.00978844,0.0096291,0.0057238,0.00569522,0.00581176,0.00563446,0.00567557,0.0198045,0.0177277,0.00397509,0.00431793,0.00433213,0.000453068,0.00777344,0.00772723,0.00828214,0.00955163,0.00962867,0.00219242,0.00643757,0.00643726,0.00638225,0.0205023,0.0205039,0.021169,0.000516684,0.00410273,0.00409646,0.00410057,0.000459791,0.000413137,0.00788027,0.00808202,0.00805574,0.00802743,0.00807525,0.00916265,0.00920115,0.00919208,0.000116042,0.0191972,0.0198017,0.0199098,0.0198457,0.0198718,0.0182761,0.00333146,0.000123897,0.00012861,0.000086635,0.000121128,0.00397753,0.0039371,0.00395976,0.00732489,0.00731588,0.00725925,0.00720821,0.00989433,0.000207251,0.0207349,0.019797,0.000140716,0.00765527,6.48725E-05,0.00767934,0.0114778,0.0162523,0.00976086,0.00984033,0.000061234,0.00978252,0.0059509,0.020792,0.00347509,0.00758932,0.00762185,0.0076967,0.00827105,0.0080786,0.00941328,0.00941424,0.00935864,0.00946384,0.00195648,0.00629798,0.0063335,0.0188943,0.00225482,0.0175823,0.00367374,0.00370732,0.00401923,0.0039652,0.000434456,0.000329921,0.000411593,0.00473042,0.00453698,0.0078834,0.0078625,0.00793823,0.00784961,0.00788123,0.00798456,0.00197478,0.00799831,0.00799595,0.00817728,0.00197823,0.00814522,0.00800129,0.00802609,0.0117664,0.00931766,0.00967915,0.00641182,0.0063384,0.0063281,0.0197325,0.000426842,0.0091803,0.0064224,0.00719261,0.00800914,0.00980748,0.00559283,0.00371542,0.0205757,0.0208149,0.0207001,0.0200252,0.019727,0.019847,0.00345305,0.000819912,0.000732102,0.00095283,0.00104094
A102_N11P37,0.0195697,-1,0.0133707,0.0144258,0.0230274,0.0227003,0.0197537,0.0196123,0.0156464,0.0155754,0.0128405,0.0126735,0.0134538,0.0126957,0.0118081,0.0118947,0.0118859,0.000376632,0.0301445,0.034149,0.0229472,0.00044329,0.00529183,0.0197385,0.0126988,0.0257918,0.000655799,0.00603892,0.0229446,0.0194076,0.0232862,0.0147397,0.0145597,0.0144277,0.0119721,0.0119699,0.0120965,0.0119736,0.012215,0.0261738,0.000696138,0.000689793,0.0058541,0.00571251,0.0150011,0.0121646,0.012033,0.0132093,0.0121538,0.0305596,0.0262182,0.025793,0.0257145,0.0215592,0.0215723,0.021623,0.0215212,0.0216231,0.012293,0.00641954,0.0232555,0.0235389,0.0235005,0.019134,0.0145138,0.0145245,0.0120654,0.0260507,0.0261232,0.018527,0.0229065,0.022905,0.022809,0.0120065,0.0123122,0.0128861,0.0194082,0.0234607,0.0234389,0.0234426,0.0198908,0.0193215,0.0120652,0.0133484,0.013383,0.0146485,0.0122194,0.025361,0.0253583,0.0253669,0.0196404,0.000502533,0.0133481,0.0134917,0.0135828,0.013564,0.00547049,0.0226152,0.0196932,0.0196905,0.0196563,0.0196843,0.015597,0.015636,0.0156185,0.0127202,0.0127123,0.0128835,0.0149018,0.0259562,0.0197738,0.0118599,0.000336786,0.0196415,0.0127262,0.0195801,0.0126465,0.0300941,0.0341413,0.0257794,0.0258949,0.0195144,0.025829,0.0222856,0.0118197,0.0226982,0.0121857,0.0121518,0.0144504,0.0120984,0.0121924,0.0259726,0.0259343,0.025911,0.0260696,0.0184771,0.0226455,0.0227705,0.0125236,0.0184395,0.00518911,0.0228834,0.0229278,0.0232951,0.0232508,0.0194079,0.0194445,0.0192914,0.01484,0.0150344,0.0120584,0.0121113,0.0119799,0.0120489,0.0120185,0.013395,0.0184388,0.0146227,0.0146618,0.0121151,0.0184915,0.0121077,0.012221,0.0122541,0.0304517,0.0256069,0.0257617,0.0227636,0.0227534,0.0226702,0.0122674,0.0194204,0.02535,0.0227543,0.0132298,0.0122981,0.0257822,0.0214853,0.0158558,0.0118302,0.011594,0.0116569,0.000493099,0.000206558,0.0125492,0.0161167,0.0192972,0.019322,0.0192308,0.018936
A115_N12P40,0.0197374,0.0133707,-1,0.00107375,0.0213719,0.0225103,0.0199794,0.0197832,0.0170505,0.0170223,0.0168224,0.0167849,0.0180043,0.0248932,0.0242601,0.024334,0.0243109,0.0132883,0.0311085,0.035999,0.0256926,0.0129321,0.017837,0.0198838,0.0168859,0.0289951,0.012725,0.0182113,0.0215212,0.0195658,0.0217755,0.0158392,0.0120379,0.0120287,0.0121899,0.0122355,0.0124179,0.0122077,0.0124926,0.0291127,0.01268,0.0126866,0.0179712,0.0179311,0.0164574,0.0163135,0.0163977,0.0185696,0.0125392,0.0314513,0.0292044,0.0290839,0.0289443,0.0245233,0.0245131,0.0246126,0.0244474,0.0245288,0.0011721,0.0184677,0.0217836,0.0218943,0.0217872,0.0193245,0.0119642,0.0120103,0.0123258,0.0290038,0.0290833,0.0176784,0.0256493,0.0256484,0.0255692,0.024376,0.0246328,0.00182126,0.0199271,0.0220725,0.0220268,0.0220287,0.0201944,0.0197588,0.0163408,0.0187539,0.0187745,0.011722,0.0125202,0.0284897,0.0285155,0.0285123,0.0198506,0.012934,8.04717E-05,0.000183692,0.000214948,0.000205543,0.0178717,0.0213311,0.0198263,0.0198023,0.0198053,0.0198507,0.0170067,0.0170117,0.0170646,0.0168181,0.0167842,0.0170557,0.0125319,0.029217,0.0199178,0.0243249,0.0132123,0.0197152,0.0127263,0.0197864,0.0127611,0.0310991,0.0359638,0.0290597,0.0291572,0.0197119,0.0290929,0.0250437,0.0243083,0.0212997,0.0159885,0.0159691,0.0120413,0.0123105,0.0125437,0.0288775,0.0288661,0.028818,0.028945,0.0178442,0.0254392,0.0255197,0.00104239,0.0175967,0.0172287,0.0214096,0.0214564,0.0218048,0.0217888,0.0198711,0.0198365,0.0197186,0.0163283,0.0164258,0.0163302,0.0164184,0.0162459,0.0162328,0.0162224,0.0187236,0.0178178,0.0117481,0.0117533,0.0124546,0.0178314,0.0125198,0.0126502,0.0125688,0.0313535,0.0286868,0.0289964,0.0255681,0.0255152,0.0254703,0.00117023,0.0198785,0.0284979,0.0255707,0.0176106,0.0125515,0.0290931,0.0244019,0.0171211,0.0242508,0.0241244,0.0241429,0.013349,0.0132967,0.000921744,0.01724,0.0190294,0.0191033,0.0189022,0.0187186
A122_N03P40,0.020322,0.0144258,0.00107375,-1,0.0217924,0.0230266,0.0205639,0.0203671,0.0177686,0.0177436,0.0176854,0.0176547,0.0188738,0.0259619,0.025332,0.0254058,0.0253825,0.0143378,0.0316224,0.0365447,0.0263696,0.0139881,0.0189107,0.0204642,0.0177574,0.0296727,0.0137785,0.0192843,0.0219579,0.0201526,0.0222014,0.0165664,0.0126311,0.0126325,0.0129775,0.0130243,0.0132031,0.0129956,0.0132721,0.029773,0.0137339,0.0137404,0.0190441,0.0190044,0.0171918,0.0171939,0.0172863,0.019467,0.0133236,0.0319577,0.029867,0.0297662,0.0296239,0.0252251,0.0252135,0.025315,0.0251476,0.025227,0.00215207,0.0195399,0.0222125,0.0223078,0.0221967,0.0199178,0.0125582,0.0126053,0.0131107,0.0296658,0.0297451,0.0182291,0.0263265,0.0263257,0.0262482,0.0254471,0.0257031,0.00224092,0.0205327,0.0225038,0.0224569,0.0224586,0.0207807,0.0203617,0.0172264,0.0196507,0.0196705,0.0122946,0.0133001,0.0291664,0.0291938,0.02919,0.0204362,0.0139926,0.0010843,0.00093582,0.000858927,0.000871278,0.0189454,0.0217816,0.0204068,0.0203817,0.0203873,0.0204332,0.0177261,0.0177288,0.017785,0.0176867,0.0176522,0.0179234,0.0131168,0.0298966,0.0204976,0.0253969,0.0142628,0.0202935,0.0134791,0.0203728,0.01352,0.031616,0.0365078,0.0297416,0.0298372,0.0202989,0.0297735,0.0257277,0.0253805,0.0217418,0.0168594,0.0168411,0.0126437,0.013093,0.0133258,0.0295375,0.0295278,0.0294785,0.0296026,0.0184073,0.0261216,0.0261986,0.00207294,0.0181496,0.0183018,0.021844,0.0218903,0.022232,0.0222185,0.0204739,0.020435,0.0203215,0.0170676,0.017157,0.0172159,0.017304,0.0171329,0.0171164,0.0171071,0.0196175,0.0183825,0.0123241,0.0123261,0.0132394,0.0183928,0.0133067,0.0134332,0.0133477,0.0318614,0.0293591,0.0296759,0.0262498,0.0261949,0.0261527,0.00216897,0.0204808,0.0291758,0.0262532,0.0184786,0.0133272,0.0297765,0.025102,0.017829,0.0253224,0.025197,0.0252151,0.0143963,0.0143489,0.00189198,0.0179365,0.0195956,0.0196716,0.0194664,0.0192943
A131_N10P46,0.00391828,0.0230274,0.0213719,0.0217924,-1,0.0024973,0.00384788,0.00389217,0.00761611,0.00769159,0.0110165,0.0112033,0.0111212,0.0242183,0.0245786,0.0245807,0.0245297,0.0233269,0.0101034,0.0151402,0.00796704,0.0227934,0.0223541,0.00378769,0.0112382,0.0104692,0.0228736,0.021749,0.000389597,0.00402299,0.000423964,0.00832902,0.00971922,0.00978412,0.0113344,0.0113213,0.0111587,0.0113272,0.0110369,0.0102229,0.0228313,0.0228347,0.0216093,0.0217771,0.00817763,0.0115479,0.0117597,0.0120001,0.0110747,0.0103867,0.010344,0.0106395,0.0104687,0.00787235,0.007833,0.00793782,0.00779198,0.00778311,0.0216367,0.0215798,0.000455748,0.000541448,0.000475165,0.0042434,0.00979139,0.00975398,0.0112132,0.0101646,0.0102281,0.00451039,0.00794427,0.00794483,0.00793542,0.0244121,0.0244095,0.0229695,0.00432466,0.000746053,0.000693434,0.000694038,0.00383968,0.00430424,0.0116859,0.0120001,0.0119737,0.00991804,0.011025,0.0100411,0.0100946,0.0100775,0.00390627,0.0226265,0.0214435,0.0215307,0.0214464,0.0214774,0.0220915,0.000661107,0.0038074,0.0037919,0.00384502,0.00384088,0.00765904,0.00761343,0.00765599,0.0111659,0.0111538,0.0111189,0.00922391,0.0106915,0.00376374,0.0246473,0.0232322,0.00379565,0.0105421,0.00394251,0.0105968,0.0101163,0.0150924,0.01061,0.0106527,0.00397927,0.0106115,0.007725,0.024705,0.000476316,0.0113482,0.0113793,0.00976505,0.0111907,0.0110408,0.0100189,0.0100439,0.00998053,0.0100295,0.00455041,0.00793084,0.00789834,0.0206489,0.00459965,0.0213792,0.00030841,0.000307793,0.000460479,0.000467454,0.00427368,0.00418775,0.00431475,0.00832646,0.00812926,0.0116881,0.0116755,0.0117354,0.0116435,0.0116747,0.0119027,0.00458878,0.00990739,0.00988915,0.0111321,0.00453594,0.0111193,0.0109866,0.0109815,0.0103002,0.0101078,0.0105097,0.00800005,0.007915,0.00795307,0.021566,0.00426148,0.0100713,0.00801882,0.0110866,0.0109497,0.0106711,0.00776447,0.00738819,0.0244878,0.0247299,0.0246143,0.0234649,0.0231724,0.0216356,0.00711577,0.00385986,0.00386088,0.00389308,0.00419301
A135_N08P46,0.00316317,0.0227003,0.0225103,0.0230266,0.0024973,-1,0.00296039,0.00311797,0.00705608,0.00712635,0.0101297,0.0103147,0.00997531,0.0226352,0.0230849,0.0230793,0.0230275,0.0230226,0.00859856,0.0135357,0.00546975,0.0225085,0.0214639,0.00299246,0.0103259,0.00806378,0.0226166,0.020785,0.00210802,0.00333512,0.00223477,0.00804447,0.0105316,0.010564,0.0115423,0.011519,0.0113381,0.0115316,0.0112205,0.00786458,0.0225779,0.0225807,0.0206679,0.0208483,0.00771199,0.0107424,0.0109255,0.0107286,0.0112368,0.00894177,0.00798376,0.00822765,0.00805709,0.00542989,0.00538964,0.0054902,0.00535296,0.00533596,0.0226572,0.020577,0.00216899,0.00247358,0.00258407,0.00361338,0.010606,0.0105625,0.0114076,0.00779675,0.00786426,0.00487365,0.00544699,0.00544755,0.00543857,0.0228957,0.0228657,0.0240137,0.00329302,0.00204341,0.00207988,0.00208319,0.0028113,0.00338006,0.0108674,0.0106939,0.0106637,0.0108115,0.011203,0.00761752,0.00766903,0.00765308,0.00308032,0.0223348,0.0225779,0.0226777,0.0226048,0.0226331,0.0211846,0.00194282,0.00304279,0.00305131,0.00307732,0.00304399,0.00710595,0.00706794,0.0070828,0.010272,0.0102679,0.0101756,0.0100287,0.0082906,0.00295597,0.023151,0.0229326,0.00311407,0.0107679,0.0031437,0.0107985,0.00859043,0.0134963,0.00819812,0.00824841,0.0032139,0.00820351,0.00523948,0.0232141,0.00211663,0.0106255,0.0106588,0.0105483,0.0113943,0.0112087,0.00765071,0.00767058,0.00760805,0.00767089,0.00475611,0.00543596,0.00540177,0.0217133,0.00496061,0.0205178,0.00220522,0.00219348,0.00220045,0.00215219,0.0032924,0.00325807,0.00341108,0.00787513,0.00768415,0.0108716,0.0108411,0.0109342,0.01085,0.0108817,0.0106024,0.00478796,0.0107896,0.0107805,0.0113066,0.00476122,0.0112777,0.011135,0.0111546,0.00884358,0.00770143,0.00810025,0.00550368,0.00541862,0.00545783,0.0225855,0.00327989,0.00764587,0.00552258,0.010025,0.0111349,0.00825721,0.00532863,0.00685064,0.0229895,0.0232602,0.0231354,0.0231596,0.0228603,0.0226829,0.00659497,0.00363673,0.00358238,0.00374422,0.00399389
A18_N7P6,0.000242024,0.0197537,0.0199794,0.0205639,0.00384788,0.00296039,-1,0.000196885,0.00410794,0.00417953,0.00731183,0.00749886,0.00731124,0.0203731,0.0207309,0.0207329,0.0206819,0.0200735,0.0112617,0.0160437,0.0062584,0.0195571,0.0186811,0.000133109,0.00752171,0.00943376,0.0196627,0.0180381,0.00359974,0.000415956,0.00393011,0.00508568,0.00794184,0.00795162,0.00864511,0.00861915,0.00843482,0.00863348,0.00831929,0.00941425,0.0196236,0.0196264,0.0179092,0.0180835,0.00475611,0.00789195,0.00808819,0.00816476,0.00832971,0.0116332,0.00952045,0.00956157,0.0094017,0.00553141,0.00550206,0.00561867,0.005442,0.00548065,0.0200459,0.0178508,0.00387831,0.00422645,0.00424797,0.00068017,0.00801545,0.00796923,0.00850784,0.00931935,0.00939624,0.00242376,0.00622057,0.00622029,0.00616664,0.0205642,0.020562,0.0214104,0.000482338,0.00399118,0.00398777,0.00399192,0.000220055,0.0004665,0.00802304,0.00815965,0.00813273,0.00826938,0.00830052,0.00893534,0.00897427,0.00896499,0.000130632,0.0193839,0.0200437,0.0201518,0.0200877,0.0201138,0.0184094,0.00324279,0.000178149,0.000211672,0.000183594,0.000137129,0.00415711,0.00411776,0.00413695,0.00745848,0.00745048,0.00738651,0.00745023,0.00966637,0.000123282,0.0207996,0.019983,0.000300825,0.00788357,0.000196892,0.00790649,0.0112405,0.0160113,0.00953389,0.00961264,0.000272527,0.00955512,0.00574176,0.0208574,0.00339459,0.00774318,0.00777593,0.00793864,0.0084972,0.00830336,0.00918067,0.00918208,0.00912626,0.00923058,0.00219306,0.00608493,0.0061181,0.0191361,0.00248807,0.0177202,0.00359231,0.00362369,0.00392268,0.00386766,0.000425844,0.000343647,0.000485584,0.00491863,0.00472655,0.00802642,0.00800341,0.00808301,0.0079953,0.00802697,0.00806286,0.00221215,0.00824029,0.0082379,0.00840219,0.00221405,0.00836939,0.00822522,0.00825121,0.0115303,0.00908861,0.00945162,0.00619763,0.00612345,0.00611489,0.0199738,0.000413727,0.00895332,0.00620855,0.00730398,0.00823487,0.00958093,0.00540088,0.00389801,0.0206401,0.0208832,0.0207671,0.0202107,0.019912,0.0200886,0.003639,0.00103871,0.000951872,0.00117344,0.00127965
A19_N5P6,4.71963E-05,0.0196123,0.0197832,0.0203671,0.00389217,0.00311797,0.000196885,-1,0.00397065,0.00404304,0.00721264,0.00739983,0.00724136,0.0203424,0.0206899,0.0206928,0.0206418,0.0199307,0.0114514,0.0162383,0.00644016,0.019413,0.0185817,0.000126281,0.00742519,0.00962302,0.0195168,0.0179452,0.00365956,0.000225292,0.0039944,0.00492691,0.00774549,0.00775558,0.00846596,0.00844041,0.00825661,0.00845447,0.0081407,0.00960662,0.0194776,0.0194804,0.0178142,0.0179874,0.00461165,0.00778444,0.00798356,0.00810874,0.00815212,0.011822,0.00971254,0.00975001,0.00959049,0.00569478,0.00566601,0.00578257,0.00560542,0.00564592,0.0198509,0.0177614,0.00394464,0.00428841,0.00430382,0.00049965,0.00781912,0.00777293,0.00832906,0.00951136,0.00958835,0.00223204,0.00640206,0.00640176,0.00634714,0.0205258,0.0205267,0.0212153,0.000513455,0.00406995,0.00406413,0.00406825,0.000415977,0.000425405,0.00791686,0.00810793,0.00808154,0.00807264,0.00812215,0.00912407,0.00916271,0.00915357,7.70831E-05,0.0192402,0.0198475,0.0199555,0.0198913,0.0199175,0.0183114,0.00330215,8.63294E-05,0.000101362,4.76883E-05,7.44304E-05,0.00401927,0.00397898,0.00400116,0.00736002,0.00735117,0.00729337,0.00725369,0.00985555,0.000162223,0.0207589,0.0198399,0.000144455,0.00770233,5.43694E-05,0.00772634,0.0114307,0.0162058,0.00972239,0.00980163,9.80662E-05,0.00974392,0.00591756,0.020816,0.00344717,0.00762757,0.00766013,0.00774256,0.008318,0.00812547,0.0093729,0.00937402,0.00931834,0.00942322,0.00199821,0.00626358,0.00629844,0.0189404,0.00229518,0.0176183,0.00364573,0.00367895,0.00398882,0.00393462,0.000434531,0.000331047,0.000428165,0.00477337,0.00458009,0.00792002,0.0078988,0.00797512,0.00788664,0.00791826,0.00801058,0.00201688,0.0080436,0.00804117,0.00822415,0.00201963,0.00819205,0.0080481,0.00807297,0.0117192,0.00927851,0.0096405,0.00637711,0.00630347,0.00629365,0.0197788,0.000425811,0.00914183,0.00638778,0.00722416,0.00805606,0.00976915,0.00556391,0.00375754,0.0205996,0.0208395,0.0207244,0.020068,0.0197697,0.0198932,0.0034956,0.000854505,0.000766897,0.000988204,0.00108362
A22_N09p09,0.00392901,0.0156464,0.0170505,0.0177686,0.00761611,0.00705608,0.00410794,0.00397065,-1,7.55501E-05,0.0034816,0.00366358,0.00391438,0.0172174,0.0174256,0.0174395,0.0173902,0.0159672,0.0149816,0.0195169,0.00868975,0.0154525,0.0147423,0.00409649,0.00371655,0.011979,0.0155609,0.014154,0.00746325,0.00377141,0.00780789,0.00122235,0.0055162,0.00545364,0.00501134,0.00497405,0.00478232,0.00499596,0.00468363,0.0121399,0.0155223,0.015525,0.0140084,0.014173,0.000683464,0.00395242,0.0041737,0.00493083,0.00466393,0.0153762,0.0122245,0.0120586,0.0119243,0.00747806,0.00746909,0.00756667,0.00740372,0.00748746,0.0169399,0.0139986,0.00776776,0.00808469,0.00807141,0.00350236,0.00557554,0.00552818,0.0048687,0.0120265,0.012106,0.00346756,0.008646,0.008645,0.00856152,0.0172964,0.017338,0.0183025,0.00376865,0.00793788,0.00792352,0.00792745,0.00424519,0.0036761,0.00409406,0.00499946,0.00498387,0.00593528,0.00465921,0.0114766,0.0114991,0.0114974,0.00399615,0.0152789,0.0171064,0.0172306,0.0171863,0.0172074,0.0144825,0.00711503,0.00405285,0.00405195,0.00401544,0.00404179,5.15053E-05,4.40501E-05,5.21529E-05,0.00363159,0.00361348,0.00363129,0.00514787,0.0121966,0.0041313,0.0174974,0.0158771,0.0040079,0.00435989,0.00393676,0.0043431,0.0149476,0.0194933,0.0120353,0.0121359,0.0038726,0.0120707,0.00802625,0.0175463,0.00722684,0.00373349,0.00376434,0.00545124,0.00487151,0.00464792,0.011907,0.0118903,0.011846,0.0119815,0.00328,0.00842407,0.00851279,0.0161214,0.00340644,0.0137649,0.00742209,0.00746241,0.00781014,0.00776052,0.00376448,0.0037986,0.00364552,0.000846855,0.00067979,0.00409529,0.00409086,0.00413622,0.0040427,0.00407342,0.00490095,0.00324497,0.00588932,0.00590716,0.0047461,0.00330858,0.004695,0.00455112,0.00460809,0.01527,0.0116834,0.0119764,0.00855372,0.00850624,0.0084548,0.0168683,0.00377688,0.0114825,0.00855471,0.00374739,0.00461001,0.0120658,0.00735837,0.000229705,0.0173432,0.01754,0.0174391,0.0161043,0.0158054,0.0170197,0.000501149,0.00376051,0.00376738,0.00372303,0.0034232
A27_N8P9,0.00400152,0.0155754,0.0170223,0.0177436,0.00769159,0.00712635,0.00417953,0.00404304,7.55501E-05,-1,0.00340785,0.00358963,0.00384903,0.017149,0.0173554,0.0173693,0.0173201,0.0158966,0.0150393,0.0195678,0.0087271,0.0153822,0.0146668,0.00416882,0.00364305,0.0120143,0.015491,0.0140785,0.00753848,0.00384436,0.00788312,0.001187,0.00551464,0.00545025,0.0049696,0.00493188,0.0047402,0.00495408,0.00464247,0.0121784,0.0154525,0.0154552,0.0139329,0.0140974,0.000626322,0.00387712,0.00409858,0.0048671,0.00462145,0.0154343,0.0122625,0.0120929,0.0119592,0.00750981,0.00750121,0.00759821,0.00743593,0.0075202,0.0169069,0.0139233,0.00784293,0.00816001,0.00814682,0.00357568,0.00557337,0.00552615,0.004827,0.0120647,0.0121443,0.00353977,0.00868332,0.00868231,0.00859847,0.0172266,0.0172687,0.0182691,0.00383791,0.00801279,0.00799849,0.00800242,0.00431574,0.00374655,0.00401883,0.00493718,0.00492185,0.00593482,0.00461786,0.0115123,0.0115344,0.0115329,0.00406814,0.0152084,0.017078,0.0172025,0.0171588,0.0171798,0.014407,0.00719018,0.00412538,0.00412465,0.00408791,0.00411406,4.56067E-05,9.14737E-05,4.68367E-05,0.00355779,0.00353954,0.00355873,0.00515122,0.0122314,0.00420357,0.0174272,0.0158065,0.004081,0.0043245,0.00400891,0.00430602,0.015005,0.0195444,0.0120697,0.0121706,0.00394498,0.0121054,0.00806239,0.0174759,0.00730215,0.00365794,0.0036888,0.00544816,0.0048304,0.00460595,0.0119458,0.0119287,0.0118847,0.0120206,0.00335356,0.00846032,0.00854982,0.0160912,0.0034782,0.0136894,0.00749743,0.00753772,0.00788532,0.00783568,0.00383441,0.00386925,0.00371615,0.000788024,0.000628824,0.00402004,0.00401577,0.00406085,0.00396731,0.00399801,0.00483881,0.00331845,0.00588855,0.00590688,0.00470389,0.00338201,0.00465206,0.00450851,0.00456677,0.0153281,0.0117199,0.0120113,0.00859001,0.00854308,0.008491,0.0168354,0.00384683,0.0115179,0.00859083,0.00367874,0.00456951,0.0120999,0.00739063,0.00030508,0.017273,0.0174692,0.0173685,0.0160336,0.0157346,0.0169877,0.000576696,0.00383584,0.00384255,0.00379851,0.0034987
A34_NNAP12,0.00717738,0.0128405,0.0168224,0.0176854,0.0110165,0.0101297,0.00731183,0.00721264,0.0034816,0.00340785,-1,0.00018726,0.00119908,0.0138438,0.0139983,0.0140157,0.0139672,0.0131865,0.017313,0.0214656,0.0102624,0.0127081,0.0113695,0.00733251,0.000240524,0.0133269,0.0128533,0.0107377,0.0108321,0.00704332,0.0111741,0.00333431,0.00705513,0.006935,0.00494482,0.00489438,0.0047539,0.00492614,0.00473079,0.0136295,0.0128207,0.0128224,0.0106035,0.0107755,0.00309896,0.000687031,0.000811998,0.00203384,0.00464896,0.0177265,0.0136902,0.0133603,0.0132571,0.00888975,0.00889692,0.0089628,0.00884017,0.00893998,0.0164751,0.0105636,0.011129,0.0114602,0.011459,0.00679771,0.00708534,0.00704865,0.00483974,0.0135078,0.0135844,0.00694287,0.0102199,0.0102185,0.010124,0.0138814,0.0139379,0.0177892,0.0068921,0.0112738,0.0112649,0.011269,0.007401,0.00684872,0.000775431,0.00219005,0.00219614,0.00746529,0.00470283,0.0128583,0.0128653,0.0128701,0.00722,0.0125283,0.0168653,0.017006,0.0169892,0.017003,0.0110988,0.0104776,0.00729872,0.00730572,0.00726002,0.00727662,0.00344776,0.00349591,0.00343452,0.000150348,0.000138686,0.000268552,0.00690068,0.0135166,0.00736355,0.0140707,0.0131044,0.00728061,0.00477311,0.00716959,0.00468309,0.0172645,0.0214524,0.0133424,0.0134542,0.00711694,0.0133872,0.00958522,0.0141167,0.0106043,0.000855702,0.000881297,0.00694411,0.00487203,0.00466331,0.0134127,0.0133819,0.0133503,0.0135031,0.00676138,0.00996439,0.0100817,0.0158148,0.00687857,0.0104089,0.0108023,0.01084,0.0111725,0.0111203,0.00691365,0.00697419,0.00682671,0.00300331,0.00316968,0.000782385,0.000731039,0.000863471,0.000803633,0.000832025,0.00212146,0.00672621,0.00741318,0.00744675,0.00472275,0.00678973,0.00464773,0.00456062,0.00466735,0.0176186,0.0130941,0.0133073,0.0100887,0.0100673,0.0099914,0.0164068,0.00692664,0.0128536,0.0100822,0.000802474,0.00470981,0.0133567,0.00880054,0.00370925,0.0139186,0.0141011,0.0140048,0.01332,0.013017,0.016604,0.00397345,0.00716364,0.00715758,0.00714381,0.00684862
A38_N5P12,0.0073646,0.0126735,0.0167849,0.0176547,0.0112033,0.0103147,0.00749886,0.00739983,0.00366358,0.00358963,0.00018726,-1,0.00121945,0.0136819,0.0138292,0.0138472,0.0137988,0.0130204,0.0174762,0.0216135,0.0104064,0.012544,0.0111824,0.00751968,0.000111785,0.0134574,0.0126908,0.0105504,0.0110193,0.00723057,0.0113612,0.00349022,0.00713871,0.00701657,0.00496607,0.00491562,0.00478026,0.00494748,0.00476182,0.0137652,0.0126585,0.0126602,0.0104162,0.0105883,0.00327105,0.000548502,0.000640505,0.00197554,0.0046778,0.0178901,0.0138248,0.0134888,0.0133871,0.00903126,0.00903897,0.00910354,0.0089827,0.0090828,0.0164254,0.0103766,0.0113162,0.0116474,0.011646,0.00698496,0.00716731,0.00713137,0.00486472,0.0136433,0.0137197,0.00712268,0.0103641,0.0103626,0.0102679,0.0137142,0.0137727,0.0177355,0.00707871,0.011461,0.0114522,0.0114562,0.0075877,0.00703566,0.000615598,0.00213968,0.00214861,0.00754597,0.00473412,0.0129907,0.0129972,0.0130021,0.00740713,0.012364,0.0168271,0.0169686,0.0169532,0.0169666,0.0109116,0.0106647,0.00748592,0.00749293,0.00744721,0.00746378,0.00362925,0.00367736,0.00361678,4.70134E-05,5.01023E-05,0.000275696,0.00699554,0.0136457,0.00755069,0.0139018,0.0129388,0.00746786,0.00482362,0.00735675,0.00473113,0.0174273,0.0216007,0.0134712,0.0135833,0.00730415,0.0135163,0.00973018,0.0139473,0.0107914,0.000796503,0.000816849,0.00702617,0.0048982,0.00469365,0.0135493,0.0135179,0.0134868,0.0136402,0.00694288,0.0101078,0.0102259,0.0157744,0.00705789,0.010222,0.0109893,0.0110271,0.0113597,0.0113075,0.00710044,0.00716113,0.00701371,0.00317213,0.00334106,0.0006236,0.000563006,0.000709824,0.000662007,0.000687729,0.0020775,0.0069076,0.00749385,0.00752801,0.0047499,0.00697106,0.00467475,0.00459237,0.00470011,0.0177822,0.0132274,0.0134372,0.0102317,0.0102113,0.0101347,0.0163573,0.00711342,0.0129856,0.010225,0.000826532,0.00474415,0.0134849,0.00894338,0.00389157,0.01375,0.0139303,0.0138348,0.0131537,0.0128506,0.0165567,0.00415646,0.00735014,0.00734427,0.00732997,0.00703462
A44_N10P14,0.00721179,0.0134538,0.0180043,0.0188738,0.0111212,0.00997531,0.00731124,0.00724136,0.00391438,0.00384903,0.00119908,0.00121945,-1,0.0133195,0.0135648,0.0135749,0.013525,0.0138102,0.0167209,0.0207182,0.00950387,0.0133547,0.0115195,0.00735309,0.00111901,0.0124627,0.013517,0.0108167,0.0109006,0.00709924,0.0112357,0.00410803,0.00813638,0.00802239,0.00613618,0.00608578,0.00594173,0.00611746,0.00591463,0.0127995,0.0134876,0.0134889,0.0107059,0.0108901,0.00371955,0.00171358,0.00168759,0.00103309,0.00583485,0.0171389,0.0128531,0.012484,0.0123898,0.00811744,0.00812896,0.00818414,0.00807622,0.00817786,0.0176414,0.0106027,0.0111856,0.0115297,0.011543,0.0068797,0.00817112,0.00813239,0.00602855,0.0126768,0.0127518,0.00733791,0.00946263,0.00946114,0.00936539,0.0134239,0.0134541,0.0189492,0.00685747,0.0113022,0.011299,0.0113032,0.0073665,0.00684531,0.00171811,0.00113676,0.00113039,0.00855363,0.00588647,0.0120079,0.0120109,0.0120172,0.00723593,0.0131734,0.0180465,0.0181879,0.0181727,0.018186,0.0112338,0.0105432,0.00732734,0.00733976,0.00728899,0.0072982,0.00389374,0.00394046,0.00386273,0.00118715,0.00122181,0.000950904,0.00794703,0.0126434,0.00738049,0.0136357,0.013733,0.00732935,0.00593316,0.0071934,0.00584701,0.0166672,0.0207083,0.0124677,0.0125812,0.00715055,0.0125144,0.00883744,0.0136876,0.0106854,0.00201578,0.00203542,0.00803006,0.00605989,0.00584788,0.0125893,0.0125549,0.0125271,0.0126831,0.00712043,0.00920271,0.0093258,0.0169934,0.00728472,0.0105937,0.0108841,0.0109184,0.0112299,0.0111754,0.00689334,0.00696766,0.00682952,0.00366819,0.00379586,0.00172843,0.00164336,0.00181923,0.001809,0.00182581,0.00104687,0.00708828,0.00850168,0.00853352,0.00590998,0.00715226,0.00583516,0.00574402,0.00584964,0.0170311,0.0122487,0.012439,0.00932284,0.00930941,0.00922807,0.0175735,0.00690616,0.0120005,0.00931437,0.000396992,0.00589046,0.0124778,0.00803933,0.00412316,0.0134795,0.0136926,0.013586,0.0139407,0.013638,0.0177739,0.00435855,0.0073334,0.00731309,0.00733564,0.00705374
A82_N15P36,0.0203206,0.0126957,0.0248932,0.0259619,0.0242183,0.0226352,0.0203731,0.0203424,0.0172174,0.017149,0.0138438,0.0136819,0.0133195,-1,0.00114828,0.00106247,0.00103505,0.0129778,0.0271029,0.02958,0.0198452,0.013025,0.00742138,0.0204402,0.0136036,0.0213968,0.0132943,0.00680818,0.0239504,0.020236,0.0242674,0.0171697,0.0200757,0.0199315,0.0171893,0.0171506,0.0171291,0.0171765,0.0171877,0.021965,0.0133168,0.0133119,0.00703411,0.00711994,0.0169284,0.0135869,0.0133461,0.0123384,0.0170882,0.027513,0.0219488,0.0213045,0.0213107,0.0186969,0.0187305,0.0187101,0.0187135,0.0188006,0.0239929,0.00649509,0.0242106,0.0245669,0.0246021,0.02005,0.020077,0.0200556,0.0171725,0.0218568,0.0219043,0.0206574,0.0198204,0.0198187,0.0197359,0.000833887,0.000520053,0.0248826,0.0198944,0.024278,0.0242846,0.0242888,0.0203799,0.0199228,0.013444,0.0123046,0.0123268,0.0204063,0.0171699,0.0211546,0.0211221,0.021141,0.0203217,0.0129266,0.0248937,0.0250487,0.0251064,0.0250985,0.00728308,0.0235971,0.0204252,0.0204436,0.0203886,0.0203885,0.0171928,0.0172404,0.0171664,0.0137026,0.0137295,0.0136452,0.0201081,0.0214594,0.020462,0.0011469,0.0129972,0.0204507,0.0175262,0.0202903,0.0174142,0.0270213,0.0296005,0.0213056,0.0214116,0.0202606,0.0213603,0.0193889,0.00123118,0.0237581,0.0139518,0.0139334,0.0199481,0.0172177,0.0171235,0.0218487,0.0217916,0.0218003,0.021953,0.0204382,0.0195902,0.0197216,0.0239013,0.0206038,0.00777852,0.0239539,0.0239823,0.024255,0.0241983,0.0199474,0.0200361,0.0199153,0.0168422,0.0170013,0.0134475,0.0134137,0.0134481,0.0135404,0.013517,0.0124043,0.0204064,0.0203581,0.0203992,0.017118,0.0204703,0.0170576,0.0170654,0.0171655,0.0274148,0.0213894,0.0213409,0.0196582,0.0196968,0.0195999,0.0239492,0.0199594,0.0211259,0.0196392,0.0134704,0.0172244,0.0212751,0.0187011,0.0174324,0.00106419,0.00147427,0.00132698,0.0130057,0.0128673,0.0242257,0.0176742,0.0205685,0.0205377,0.0205864,0.0203171
B103_N11P34,0.0206659,0.0118081,0.0242601,0.025332,0.0245786,0.0230849,0.0207309,0.0206899,0.0174256,0.0173554,0.0139983,0.0138292,0.0135648,0.00114828,-1,9.23216E-05,0.00011392,0.0120752,0.0278366,0.0304387,0.020517,0.0121545,0.00658687,0.0207918,0.0137578,0.02219,0.0124214,0.00606695,0.0243235,0.0205731,0.0246463,0.0172978,0.0199883,0.0198424,0.017064,0.0170275,0.0170188,0.0170521,0.0170844,0.0227488,0.0124467,0.0124415,0.00630297,0.00636321,0.0170964,0.0136896,0.0134488,0.0126153,0.0169856,0.0282497,0.0227372,0.0221041,0.0221037,0.0193324,0.0193648,0.0193501,0.0193446,0.0194343,0.023331,0.00579348,0.0245912,0.0249452,0.0249743,0.0203761,0.0199853,0.0199664,0.0170567,0.0226386,0.0226884,0.0208855,0.0204905,0.0204888,0.0204038,0.000323722,0.000630534,0.0241802,0.020256,0.0246712,0.0246754,0.0246796,0.0207493,0.0202748,0.0135446,0.0125979,0.0126224,0.020303,0.0170681,0.0219307,0.0219003,0.0219185,0.0206732,0.0120655,0.0242575,0.0244116,0.0244742,0.0244647,0.00648213,0.0239682,0.0207739,0.0207908,0.0207367,0.0207391,0.0173982,0.0174462,0.0173756,0.0138533,0.0138779,0.0138152,0.0200494,0.022261,0.0208152,7.43688E-05,0.0121004,0.020793,0.0174475,0.0206387,0.0173355,0.0277568,0.0304574,0.022104,0.0222117,0.0206053,0.0221588,0.0200373,0.000132032,0.0241244,0.0140365,0.0140159,0.0198599,0.0171019,0.0170222,0.0226249,0.0225687,0.022575,0.0227296,0.0206777,0.0202548,0.0203874,0.0232817,0.020828,0.00705011,0.0243215,0.0243516,0.0246356,0.0245794,0.0203052,0.0203908,0.0202651,0.0170011,0.0171676,0.0135472,0.0135205,0.0135401,0.0136342,0.0136091,0.0126967,0.0206448,0.0202559,0.0202976,0.0170101,0.0207089,0.0169528,0.0169704,0.0170671,0.0281502,0.0221686,0.0221355,0.0203279,0.0203628,0.0202658,0.0232895,0.0203175,0.0219031,0.0203094,0.0136847,0.0171263,0.0220758,0.01933,0.0176455,0.000108371,0.000328216,0.000180345,0.0120956,0.0119727,0.0235682,0.0178948,0.0208718,0.0208453,0.0208824,0.0206063
B109_N05P34,0.0206689,0.0118947,0.024334,0.0254058,0.0245807,0.0230793,0.0207329,0.0206928,0.0174395,0.0173693,0.0140157,0.0138472,0.0135749,0.00106247,9.23216E-05,-1,0.000052146,0.0121625,0.0278054,0.030395,0.0204912,0.0122404,0.00667001,0.0207943,0.0137752,0.0221526,0.0125074,0.00614454,0.0243246,0.0205768,0.0246469,0.017318,0.0200253,0.0198795,0.0171034,0.0170667,0.0170571,0.0170914,0.0171222,0.0227124,0.0125325,0.0125274,0.00638008,0.00644188,0.0171134,0.013711,0.0134702,0.0126226,0.0170234,0.0282183,0.0227004,0.022066,0.0220663,0.0193099,0.0193424,0.0193272,0.0193225,0.019412,0.0234065,0.00586849,0.0245916,0.0249458,0.0249755,0.0203807,0.0200227,0.0200036,0.0170954,0.0226023,0.022652,0.0208982,0.0204649,0.0204632,0.0203784,0.000250797,0.000543186,0.024258,0.0202576,0.0246705,0.0246749,0.0246791,0.0207503,0.0202772,0.0135662,0.0126037,0.0126281,0.0203412,0.0171058,0.021895,0.0218644,0.0218827,0.0206757,0.0121509,0.0243316,0.0244858,0.024548,0.0245387,0.00656339,0.0239694,0.0207766,0.0207937,0.0207395,0.0207417,0.0174122,0.0174602,0.0173893,0.013871,0.0138958,0.0138314,0.0200843,0.0222228,0.0208176,9.23848E-05,0.0121875,0.0207963,0.0174835,0.0206415,0.0173715,0.0277255,0.0304139,0.0220661,0.0221737,0.0206084,0.0221209,0.0200137,0.000180307,0.024126,0.0140595,0.014039,0.019897,0.0171406,0.0170598,0.0225893,0.022533,0.0225395,0.0226939,0.0206895,0.0202296,0.0203621,0.0233548,0.020841,0.00712739,0.024323,0.024353,0.024636,0.0245798,0.0203072,0.020393,0.0202677,0.0170188,0.0171848,0.0135689,0.0135416,0.0135624,0.0136563,0.0136313,0.0127027,0.0206566,0.020294,0.0203356,0.0170482,0.0207207,0.0169906,0.0170075,0.0171045,0.0281188,0.0221326,0.022098,0.0203023,0.0203375,0.0202406,0.0233649,0.0203194,0.0218673,0.0202837,0.0136973,0.0171637,0.0220377,0.0193081,0.0176589,9.85238E-05,0.00041181,0.000271231,0.0121832,0.0120596,0.0236435,0.0179077,0.0208783,0.0208515,0.0208896,0.020614
B113_N05P34,0.020618,0.0118859,0.0243109,0.0253825,0.0245297,0.0230275,0.0206819,0.0206418,0.0173902,0.0173201,0.0139672,0.0137988,0.013525,0.00103505,0.00011392,0.000052146,-1,0.0121549,0.0277539,0.0303454,0.0204393,0.0122304,0.00665652,0.0207433,0.0137267,0.0221019,0.0124977,0.00612504,0.0242734,0.0205259,0.0245957,0.0172701,0.0199821,0.0198364,0.0170611,0.0170244,0.0170144,0.0170491,0.0170794,0.0226616,0.0125226,0.0125175,0.00636009,0.0064234,0.0170648,0.0136634,0.0134225,0.0125722,0.0169805,0.0281668,0.0226496,0.0220154,0.0220156,0.0192578,0.0192903,0.0192752,0.0192705,0.0193599,0.0233848,0.00584663,0.0245404,0.0248946,0.0249243,0.0203299,0.0199796,0.0199605,0.0170529,0.0225515,0.0226011,0.0208487,0.020413,0.0204113,0.0203265,0.000210677,0.000518429,0.0242385,0.0202065,0.0246192,0.0246236,0.0246278,0.0206992,0.0202262,0.0135186,0.0125532,0.0125775,0.0202985,0.0170629,0.0218441,0.0218134,0.0218317,0.0206247,0.0121403,0.0243086,0.0244629,0.0245249,0.0245156,0.00654767,0.0239182,0.0207257,0.0207427,0.0206885,0.0206907,0.017363,0.017411,0.0173401,0.0138226,0.0138474,0.0137826,0.0200404,0.0221722,0.0207666,0.000139332,0.0121794,0.0207454,0.01744,0.0205905,0.017328,0.027674,0.0303642,0.0220154,0.022123,0.0205575,0.0220702,0.0199617,0.000225118,0.0240749,0.0140122,0.0139918,0.0198538,0.0170981,0.0170169,0.0225383,0.022482,0.0224885,0.022643,0.0206398,0.0201777,0.0203102,0.023331,0.0207916,0.00710753,0.0242719,0.0243019,0.0245848,0.0245285,0.0202561,0.020342,0.0202167,0.0169703,0.0171362,0.0135213,0.0134939,0.0135149,0.0136089,0.0135839,0.0126522,0.020607,0.0202513,0.0202929,0.0170055,0.0206711,0.0169478,0.0169645,0.0170616,0.0280674,0.0220817,0.0220473,0.0202504,0.0202856,0.0201887,0.0233431,0.0202684,0.0218164,0.0202318,0.0136478,0.0171207,0.0219871,0.019256,0.0176096,6.03622E-05,0.000442104,0.000292085,0.0121761,0.0120514,0.0236215,0.0178583,0.0208278,0.020801,0.0208392,0.0205637
B122_N12P39,0.0198879,0.000376632,0.0132883,0.0143378,0.0233269,0.0230226,0.0200735,0.0199307,0.0159672,0.0158966,0.0131865,0.0130204,0.0138102,0.0129778,0.0120752,0.0121625,0.0121549,-1,0.0304941,0.0345103,0.0233063,0.000554693,0.00559156,0.0200569,0.013047,0.0261579,0.000613919,0.00635912,0.0232478,0.0197251,0.0235889,0.0150497,0.0147916,0.014661,0.0122356,0.0122345,0.0123642,0.0122375,0.0124833,0.0265382,0.000665993,0.000659694,0.00617943,0.00603289,0.0153191,0.0125092,0.01238,0.0135738,0.0124239,0.0309088,0.026583,0.0261597,0.0260807,0.0219184,0.0219314,0.0219826,0.02188,0.0219819,0.0121979,0.00674379,0.0235588,0.0238401,0.0238004,0.019451,0.0147445,0.0147562,0.0123313,0.0264151,0.0264877,0.0188234,0.0232656,0.0232641,0.0231681,0.0122792,0.0125874,0.0127554,0.0197313,0.023766,0.0237438,0.0237474,0.0202123,0.0196431,0.0124111,0.0137137,0.0137483,0.0148718,0.0124883,0.0257262,0.0257236,0.0257321,0.0199596,0.000704825,0.0132635,0.0134055,0.0134994,0.0134796,0.00578036,0.0229198,0.0200113,0.0200083,0.0199745,0.0200029,0.0159176,0.0159563,0.0159399,0.0130672,0.0130589,0.0132324,0.0151409,0.0263228,0.0200923,0.0121259,0.000102735,0.0199584,0.0129947,0.019899,0.0129167,0.0304441,0.0345023,0.0261461,0.0262614,0.0198329,0.0261955,0.022644,0.0120839,0.0230011,0.012525,0.0124911,0.0146837,0.0123635,0.0124622,0.0263365,0.0262984,0.0262749,0.0264334,0.0187772,0.0230047,0.0231294,0.0124589,0.0187356,0.00552558,0.0231856,0.0232301,0.0235982,0.0235543,0.0197302,0.0197658,0.0196127,0.0151576,0.0153515,0.0124042,0.012458,0.0123251,0.0123933,0.012363,0.0137598,0.0187389,0.014847,0.0148857,0.0123835,0.0187912,0.0123777,0.0124929,0.0125238,0.0308009,0.0259719,0.026128,0.0231231,0.0231125,0.0230295,0.0121743,0.0197427,0.0257153,0.0231139,0.0135832,0.012567,0.0261491,0.0218439,0.0161755,0.0120997,0.0118556,0.0119218,0.000137963,0.000174445,0.0124553,0.0164354,0.0196072,0.0196329,0.0195396,0.0192454
B84_NNAP24,0.0114985,0.0301445,0.0311085,0.0316224,0.0101034,0.00859856,0.0112617,0.0114514,0.0149816,0.0150393,0.017313,0.0174762,0.0167209,0.0271029,0.0278366,0.0278054,0.0277539,0.0304941,-1,0.00503948,0.00746463,0.0300201,0.0279171,0.0113387,0.0174476,0.0059256,0.0301663,0.0271033,0.00985315,0.0116761,0.00967949,0.0161343,0.0191113,0.0191374,0.019851,0.0198214,0.019633,0.0198382,0.0195216,0.00531368,0.0301337,0.0301354,0.0270415,0.0272421,0.0156649,0.0179948,0.0181162,0.0171182,0.0195226,0.000422551,0.00536499,0.00606599,0.00600639,0.00880027,0.00877748,0.00875623,0.00881657,0.00871588,0.0312433,0.0268159,0.00965112,0.0096604,0.00979276,0.01194,0.0191856,0.0191413,0.0197109,0.00540155,0.00537332,0.0134468,0.00749846,0.00750015,0.00759335,0.0275811,0.0274588,0.0326023,0.0114193,0.0093577,0.00941004,0.00940939,0.01106,0.0115659,0.018088,0.0170107,0.0169758,0.0194017,0.0195009,0.00604701,0.00608937,0.00606764,0.0113922,0.0298401,0.0311759,0.031276,0.0312033,0.0312316,0.0276125,0.00996025,0.0113955,0.0114148,0.0114219,0.0113793,0.015033,0.0150064,0.0149926,0.0174294,0.0174387,0.0172617,0.0186099,0.00593986,0.0113027,0.0278906,0.0304133,0.0114958,0.0191093,0.0114585,0.0191237,0.000098981,0.00499033,0.00605529,0.00597087,0.0115342,0.00600485,0.00805426,0.0279683,0.0100365,0.0180125,0.0180461,0.0191225,0.0197041,0.0194994,0.00537308,0.00543421,0.00541126,0.00527459,0.0133023,0.00775479,0.00762079,0.0303063,0.0135311,0.0270704,0.00997508,0.00993317,0.00964307,0.0096412,0.0114569,0.0114671,0.0116047,0.0158273,0.0156591,0.0180952,0.0180392,0.0181762,0.0181113,0.018141,0.0169448,0.0133313,0.0193786,0.0193706,0.019599,0.0133116,0.0195598,0.0194143,0.0194505,0.00031711,0.00583615,0.00599052,0.00765827,0.00764272,0.00773693,0.0311714,0.0114471,0.00608083,0.00767339,0.0169223,0.0194395,0.00610381,0.00884449,0.0148196,0.0277306,0.0280821,0.0279333,0.0306268,0.0303236,0.031273,0.0146066,0.0121344,0.0120671,0.0122554,0.0124682
