0.153246 0.051862 0.0114329 9.9982E-05 0.114703 0.280791 0.328119 0.0596464 9.9982E-05
0.239703 0.107664 0.0337856 9.9964E-05 9.9964E-05 0.0517243 0.566724 9.9964E-05 9.9964E-05
0.286191 0.317485 0.0255158 9.99642E-05 9.99642E-05 9.99642E-05 9.99642E-05 0.100401 0.270008
9.99552E-05 0.185558 9.99552E-05 9.99552E-05 9.99552E-05 0.57001 0.037356 9.99552E-05 0.206576
0.258274 0.105554 0.13309 0.266385 0.173441 0.0629552 9.9973E-05 9.9973E-05 9.9973E-05
0.079562 0.153881 9.9973E-05 0.0171645 9.9973E-05 0.328333 0.166713 9.9973E-05 0.254046
0.122414 9.99731E-05 9.99731E-05 0.238558 0.204078 0.250655 0.140289 0.043706 9.99731E-05
0.649235 0.0684578 0.113195 9.99552E-05 9.99552E-05 0.168612 9.99552E-05 9.99552E-05 9.99552E-05
9.99463E-05 9.99463E-05 9.99463E-05 0.254979 9.99463E-05 0.625767 9.99463E-05 0.118654 9.99463E-05
0.0931992 0.0863994 0.0901007 9.99731E-05 9.99731E-05 9.99731E-05 0.162714 0.463883 0.103404
9.9964E-05 0.27477 0.0908207 9.9964E-05 9.9964E-05 0.163114 9.9964E-05 0.13464 0.336256
0.138645 9.99463E-05 0.151859 9.99463E-05 9.99463E-05 0.708896 9.99463E-05 9.99463E-05 9.99463E-05
0.0966224 9.99731E-05 0.0383879 0.0863594 0.334912 0.3387 9.99731E-05 9.99731E-05 0.104718
0.0768849 9.9973E-05 0.15834 0.0877094 0.225174 0.226134 0.225459 9.9973E-05 9.9973E-05
9.99465E-05 9.99465E-05 9.99465E-05 9.99465E-05 0.00565941 0.91748 9.99465E-05 9.99465E-05 0.0762606
9.99552E-05 0.0683441 0.0871887 9.99552E-05 0.468985 0.374982 9.99552E-05 9.99552E-05 9.99552E-05
9.99552E-05 0.0591625 9.99552E-05 9.99552E-05 9.99552E-05 0.426544 0.34059 9.99552E-05 0.173204
9.99642E-05 9.99642E-05 0.21985 9.99642E-05 9.99642E-05 0.0545667 0.541493 0.0598024 0.123888
0.227175 9.99552E-05 9.99552E-05 9.99552E-05 9.99552E-05 0.409284 0.0744776 0.288564 9.99552E-05
0.222943 9.99641E-05 9.99641E-05 9.99641E-05 0.00989334 0.391296 0.241389 9.99641E-05 0.134078
9.99552E-05 9.99552E-05 9.99552E-05 9.99552E-05 0.279546 9.99552E-05 0.348759 0.237181 0.134014
0.249323 0.00354603 9.9973E-05 0.191087 0.218649 0.0821478 9.9973E-05 0.254947 9.9973E-05
9.99552E-05 0.0756733 9.99552E-05 9.99552E-05 9.99552E-05 0.394308 0.425815 9.99552E-05 0.103705
9.99462E-05 0.422384 9.99462E-05 0.423612 0.153405 9.99462E-05 9.99462E-05 9.99462E-05 9.99462E-05
9.99731E-05 0.468363 0.03437 9.99731E-05 0.0603548 0.0693794 0.0610229 9.99731E-05 0.30621
0.11563 0.155003 0.139498 9.9991E-05 0.276983 0.140114 0.122781 0.0461162 0.00377496
9.99639E-05 0.165823 0.253579 9.99639E-05 0.137305 9.99639E-05 0.00657117 0.436322 9.99639E-05
0.288508 9.99642E-05 9.99642E-05 0.222308 9.99642E-05 9.99642E-05 0.364216 0.0454098 0.0791591
0.322047 9.99731E-05 0.0895891 0.0077387 9.99731E-05 0.170448 0.0465036 9.99731E-05 0.363374
9.99552E-05 0.699004 9.99552E-05 0.0331573 0.0637964 9.99552E-05 9.99552E-05 0.203542 9.99552E-05
9.99641E-05 9.99641E-05 0.085602 0.424178 9.99641E-05 9.99641E-05 0.219081 0.0678585 0.202881
0.408976 0.0941167 0.141772 9.99732E-05 9.99732E-05 0.278565 0.0414616 9.99732E-05 0.0348089
9.99462E-05 9.99462E-05 9.99462E-05 9.99462E-05 0.0607185 9.99462E-05 0.0117774 0.926904 9.99462E-05
0.266521 0.172659 9.99731E-05 9.99731E-05 0.0192607 0.416101 9.99731E-05 0.0654583 0.0596997
0.0416885 0.320427 0.0423035 9.99731E-05 9.99731E-05 0.256124 0.319997 9.99731E-05 0.0191606
9.99373E-05 9.99373E-05 0.136287 9.99373E-05 9.99373E-05 9.99373E-05 0.863013 9.99373E-05 9.99373E-05
0.431394 9.99552E-05 0.15151 0.196728 9.99552E-05 9.99552E-05 0.219869 9.99552E-05 9.99552E-05
9.99552E-05 0.130087 9.99552E-05 9.99552E-05 9.99552E-05 9.99552E-05 0.428288 0.261331 0.179794
0.158296 0.226503 0.102226 9.99821E-05 0.0564488 0.286851 0.0867211 9.99821E-05 0.0827547
9.9964E-05 9.9964E-05 0.064541 9.9964E-05 0.239482 0.327423 0.0928134 9.9964E-05 0.275341
9.99642E-05 0.353951 0.0302741 0.342246 9.99642E-05 9.99642E-05 0.137937 0.135192 9.99642E-05
9.99552E-05 9.99552E-05 9.99552E-05 0.0130577 0.239538 0.265674 9.99552E-05 0.481231 9.99552E-05
0.222664 0.00890734 0.0523674 9.9991E-05 0.0962054 0.0543753 0.312745 0.226202 0.0264334
9.99642E-05 9.99642E-05 0.104706 9.99642E-05 0.0936717 0.481054 0.0459747 9.99642E-05 0.274194
0.244159 0.236814 0.152339 9.99731E-05 0.0633009 0.213515 9.99731E-05 9.99731E-05 0.0895731
9.99642E-05 9.99642E-05 0.0969229 9.99642E-05 0.102406 0.494713 0.204819 9.99642E-05 0.100739
9.99372E-05 9.99372E-05 9.99372E-05 9.99372E-05 9.99372E-05 0.6865 0.312801 9.99372E-05 9.99372E-05
9.99641E-05 9.99641E-05 0.176994 9.99641E-05 9.99641E-05 0.40134 0.0199446 0.347242 0.0540805
0.560637 0.103363 0.00626656 9.99643E-05 9.99643E-05 0.219837 9.99643E-05 0.109496 9.99643E-05
0.265176 0.114049 0.191672 9.9964E-05 9.9964E-05 0.0561191 0.372584 9.9964E-05 9.9964E-05
0.23806 0.243652 9.997E-05 9.997E-05 0.0549516 0.271275 0.159175 9.997E-05 0.032586
0.0118709 9.99821E-05 0.185385 0.033859 9.99821E-05 0.00183937 0.296228 0.150958 0.319659
0.055507 0.254185 9.99641E-05 0.0850916 9.99641E-05 0.450752 9.99641E-05 0.154064 9.99641E-05
0.000819067 0.189358 9.99641E-05 9.99641E-05 0.142954 0.283672 9.99641E-05 9.99641E-05 0.382797
0.12378 9.99641E-05 0.133615 0.386923 0.240822 9.99641E-05 9.99641E-05 9.99641E-05 0.11446
0.21689 0.0183286 9.99641E-05 0.602717 9.99641E-05 9.99641E-05 9.99641E-05 0.129576 0.032088
9.99461E-05 0.327605 9.99461E-05 0.233259 9.99461E-05 9.99461E-05 0.438535 9.99461E-05 9.99461E-05
0.0535812 9.99642E-05 9.99642E-05 0.825217 9.99642E-05 0.0194193 9.99642E-05 0.0782782 0.0231041
0.140684 9.9964E-05 0.377867 0.024469 9.9964E-05 0.208676 9.9964E-05 9.9964E-05 0.247904
9.99731E-05 9.99731E-05 0.0827913 9.99731E-05 0.0453806 0.177085 0.595157 0.0431897 0.0560971
0.336413 0.0745741 9.99641E-05 0.122825 9.99641E-05 0.0375941 9.99641E-05 9.99641E-05 0.428194
9.99731E-05 0.114493 0.194193 0.101465 9.99731E-05 0.248698 0.320999 0.0198518 9.99731E-05
0.0922883 9.9964E-05 0.0831853 0.287534 9.9964E-05 0.180922 9.9964E-05 0.355671 9.9964E-05
0.035149 0.551798 0.0821256 9.99642E-05 0.210871 9.99642E-05 0.119657 9.99642E-05 9.99642E-05
0.641189 0.00924793 9.99641E-05 0.113743 9.99641E-05 9.99641E-05 0.00800182 0.227418 9.99641E-05
0.0608076 0.281598 0.0813955 9.99731E-05 9.99731E-05 0.343632 9.99731E-05 0.169428 0.0628396
0.0684341 9.99641E-05 0.0259374 9.99641E-05 0.152313 0.033551 0.719365 9.99641E-05 9.99641E-05
0.0555225 9.99642E-05 0.264059 0.0115421 9.99642E-05 0.548858 9.99642E-05 0.119619 9.99642E-05
0.408286 9.99641E-05 0.0594338 9.99641E-05 0.137429 0.322792 9.99641E-05 9.99641E-05 0.0716592
0.318685 9.99641E-05 9.99641E-05 0.110543 0.217775 9.99641E-05 0.0604137 0.292184 9.99641E-05
9.99641E-05 9.99641E-05 0.0930459 0.146985 9.99641E-05 0.533695 9.99641E-05 0.0362198 0.189655
9.99552E-05 0.20642 0.246149 9.99552E-05 9.99552E-05 0.240582 9.99552E-05 0.30635 9.99552E-05
0.19288 9.99553E-05 0.255124 0.342568 9.99553E-05 9.99553E-05 0.208927 9.99553E-05 9.99553E-05
0.350537 0.160396 0.200986 9.99642E-05 9.99642E-05 0.118997 0.168685 9.99642E-05 9.99642E-05
0.370033 0.205952 9.99821E-05 0.0516074 0.000852026 0.261855 0.0544886 9.99821E-05 0.055012
0.181751 0.0299745 0.315433 0.119254 9.99731E-05 0.349207 0.00408032 9.99731E-05 9.99731E-05
9.99466E-05 9.99466E-05 0.0578804 9.99466E-05 0.179185 0.762335 9.99466E-05 9.99466E-05 9.99466E-05
9.9964E-05 0.209363 0.0571201 0.205182 9.9964E-05 9.9964E-05 9.9964E-05 0.266198 0.261738
0.218854 0.0887816 9.99551E-05 0.152551 9.99551E-05 9.99551E-05 9.99551E-05 9.99551E-05 0.539313
0.479446 0.0360172 0.0303925 0.0614621 9.99821E-05 0.122581 0.036133 9.99821E-05 0.233768
0.310209 9.99642E-05 0.294384 9.99642E-05 0.0444386 0.121036 0.229532 9.99642E-05 9.99642E-05
0.367841 0.141195 9.99821E-05 9.99821E-05 0.0658478 0.0688681 0.0667577 0.218417 0.070873
9.99465E-05 9.99465E-05 9.99465E-05 0.0780188 9.99465E-05 9.99465E-05 0.900961 0.0204205 9.99465E-05
0.359306 0.208883 9.99641E-05 9.99641E-05 0.00123719 0.208572 9.99641E-05 9.99641E-05 0.221602
9.99641E-05 0.245298 0.0165158 9.99641E-05 9.99641E-05 0.43059 0.303763 0.00343291 9.99641E-05
9.99551E-05 9.99551E-05 0.0705368 9.99551E-05 9.99551E-05 0.431626 0.478913 0.0184246 9.99551E-05
9.99553E-05 9.99553E-05 0.184148 9.99553E-05 0.00132286 9.99553E-05 0.611632 0.202397 9.99553E-05
9.99461E-05 0.684741 9.99461E-05 0.08653 9.99461E-05 0.228129 9.99461E-05 9.99461E-05 9.99461E-05
9.99732E-05 0.0862221 9.99732E-05 9.99732E-05 0.103075 0.455965 0.23312 0.0404241 0.0808932
0.347769 0.0387252 9.99551E-05 9.99551E-05 9.99551E-05 0.0870393 9.99551E-05 0.525967 9.99551E-05
9.99464E-05 0.715711 9.99464E-05 9.99464E-05 0.221125 9.99464E-05 9.99464E-05 9.99464E-05 0.0625645
9.99731E-05 9.99731E-05 0.0501387 0.139348 0.483552 0.00669839 0.222128 0.0978342 9.99731E-05
9.99552E-05 9.99552E-05 0.0720169 9.99552E-05 0.442517 0.369856 9.99552E-05 0.115111 9.99552E-05
9.99731E-05 0.102974 9.99731E-05 0.231525 9.99731E-05 0.14026 0.0828989 0.162244 0.279799
0.013214 9.9964E-05 0.15713 9.9964E-05 0.10544 0.325582 9.9964E-05 0.398234 9.9964E-05
9.99551E-05 9.99551E-05 0.136167 9.99551E-05 9.99551E-05 0.539108 0.0819282 9.99551E-05 0.242297
9.99641E-05 9.99641E-05 9.99641E-05 0.175626 0.150662 0.170647 0.490479 0.0121857 9.99641E-05
9.99372E-05 9.99372E-05 9.99372E-05 9.99372E-05 9.99372E-05 0.765676 9.99372E-05 0.233625 9.99372E-05
0.105836 0.26985 9.9955E-05 9.9955E-05 0.467825 9.9955E-05 0.155989 9.9955E-05 9.9955E-05
9.99461E-05 0.21436 9.99461E-05 9.99461E-05 9.99461E-05 0.12107 0.66397 9.99461E-05 9.99461E-05
9.99641E-05 9.99641E-05 9.99641E-05 0.705122 0.0159579 0.0194063 0.0308974 0.228216 9.99641E-05
9.99373E-05 0.980966 9.99373E-05 9.99373E-05 9.99373E-05 9.99373E-05 9.99373E-05 0.0183345 9.99373E-05
9.99553E-05 0.0605459 9.99553E-05 0.0460941 9.99553E-05 9.99553E-05 0.3311 0.56176 9.99553E-05
9.99373E-05 9.99373E-05 9.99373E-05 9.99373E-05 9.99373E-05 9.99373E-05 9.99373E-05 0.0255788 0.973722
0.409475 9.9973E-05 0.0558746 9.9973E-05 0.0182291 0.321752 0.155199 9.9973E-05 0.0391702
0.0404035 0.187162 9.99552E-05 9.99552E-05 9.99552E-05 0.761969 0.0099658 9.99552E-05 9.99552E-05
0.467315 0.000781175 0.0329168 0.0568606 9.99821E-05 0.119316 0.300821 0.0217905 9.99821E-05
0.455534 0.00178158 9.99732E-05 0.101222 9.99732E-05 9.99732E-05 0.210517 0.178979 0.0516653
0.534146 9.99642E-05 9.99642E-05 9.99642E-05 0.174543 0.201078 0.0508533 9.99642E-05 0.0389796
9.99461E-05 9.99461E-05 9.99461E-05 9.99461E-05 0.548483 9.99461E-05 9.99461E-05 0.110039 0.340878
0.060225 0.0638678 9.99731E-05 0.0702317 0.473855 9.99731E-05 0.116667 0.214853 9.99731E-05
0.309495 0.0118496 0.0666223 9.99731E-05 0.264762 0.20547 0.141502 9.99731E-05 9.99731E-05
9.993E-05 9.993E-05 9.993E-05 9.993E-05 0.999201 9.993E-05 9.993E-05 9.993E-05 9.993E-05
0.936317 9.99373E-05 9.99373E-05 9.99373E-05 9.99373E-05 9.99373E-05 9.99373E-05 9.99373E-05 0.0629839
9.99373E-05 0.96189 9.99373E-05 9.99373E-05 9.99373E-05 9.99373E-05 0.0374106 9.99373E-05 9.99373E-05
9.99553E-05 9.99553E-05 9.99553E-05 0.332166 9.99553E-05 0.306487 9.99553E-05 0.0614327 0.299415
0.033703 0.149906 0.018689 9.99641E-05 9.99641E-05 0.683739 0.113564 9.99641E-05 9.99641E-05
0.503213 0.16011 0.0999457 9.99551E-05 9.99551E-05 9.99551E-05 9.99551E-05 0.236232 9.99551E-05
0.167278 0.297867 0.208679 9.9973E-05 0.114846 0.0708791 9.9973E-05 9.9973E-05 0.140151
0.240844 0.05722 9.99641E-05 9.99641E-05 9.99641E-05 0.10917 0.564671 9.99641E-05 0.0276957
9.99551E-05 0.417325 9.99551E-05 9.99551E-05 0.106007 0.322956 9.99551E-05 0.153212 9.99551E-05
9.99731E-05 0.0215431 9.99731E-05 0.098307 0.0398817 0.207037 0.629603 9.99731E-05 0.00332855
0.328907 9.99641E-05 9.99641E-05 9.99641E-05 0.258139 0.217481 0.0484981 9.99641E-05 0.146575
0.25775 9.99821E-05 0.0238457 9.99821E-05 0.0201993 0.0809526 0.373279 0.119637 0.124136
9.99641E-05 0.069607 9.99641E-05 9.99641E-05 9.99641E-05 0.418188 0.166781 0.201665 0.143359
0.0999463 9.99641E-05 9.99641E-05 0.0524329 9.99641E-05 0.513262 0.20565 0.128309 9.99641E-05
9.99642E-05 0.00363596 0.0458661 9.99642E-05 0.342856 0.115032 9.99642E-05 0.49221 9.99642E-05
0.150417 9.99731E-05 0.158579 9.99731E-05 0.1133 0.31253 0.238908 0.0259671 9.99731E-05
9.99553E-05 0.15488 9.99553E-05 9.99553E-05 0.0593527 9.99553E-05 0.334531 9.99553E-05 0.450736
0.165354 0.0482532 0.211361 9.9982E-05 0.238126 0.104278 0.156549 0.0758791 9.9982E-05
9.99463E-05 9.99463E-05 9.99463E-05 0.183521 9.99463E-05 0.494782 9.99463E-05 0.321098 9.99463E-05
0.135274 0.0813694 9.9973E-05 0.117797 9.9973E-05 0.231454 0.341633 9.9973E-05 0.0921714
0.18952 9.99641E-05 0.0310867 9.99641E-05 9.99641E-05 0.335251 9.99641E-05 0.313876 0.129866
0.195506 9.99641E-05 0.0968049 9.99641E-05 9.99641E-05 0.165563 9.99641E-05 0.123373 0.418353
9.99642E-05 9.99642E-05 0.127657 9.99642E-05 9.99642E-05 0.111134 0.323338 0.215481 0.22199
0.382614 9.99642E-05 9.99642E-05 9.99642E-05 0.111819 0.0299284 0.4674 9.99642E-05 0.00783848
0.820194 9.99463E-05 9.99463E-05 9.99463E-05 9.99463E-05 9.99463E-05 0.136242 0.0429644 9.99463E-05
0.734049 9.99464E-05 9.99464E-05 9.99464E-05 9.99464E-05 9.99464E-05 0.22934 9.99464E-05 0.0360118
9.99553E-05 9.99553E-05 0.178751 9.99553E-05 9.99553E-05 0.271765 9.99553E-05 0.409348 0.139637
0.217514 9.99552E-05 9.99552E-05 9.99552E-05 0.172143 0.492749 0.117094 9.99552E-05 9.99552E-05
0.0195962 0.148354 0.00532398 0.324863 9.99821E-05 0.0235031 0.123165 9.99821E-05 0.354995
9.99554E-05 9.99554E-05 9.99554E-05 9.99554E-05 0.056498 9.99554E-05 0.646714 0.14471 0.151578
0.173157 9.9991E-05 0.00646348 0.0852959 0.084117 0.145252 0.0552772 0.447745 0.00259211
0.173569 9.99373E-05 9.99373E-05 9.99373E-05 9.99373E-05 9.99373E-05 9.99373E-05 0.825732 9.99373E-05
9.99641E-05 0.293924 0.0220689 9.99641E-05 0.394137 0.286756 9.99641E-05 9.99641E-05 0.00271422
0.339639 9.99549E-05 9.99549E-05 0.0434392 0.330813 0.285609 9.99549E-05 9.99549E-05 9.99549E-05
9.993E-05 9.993E-05 0.999201 9.993E-05 9.993E-05 9.993E-05 9.993E-05 9.993E-05 9.993E-05
0.238074 0.268836 9.99731E-05 9.99731E-05 9.99731E-05 0.026853 0.193497 0.00890365 0.263536
9.99731E-05 0.0560544 0.0598882 0.0296547 0.358184 9.99731E-05 0.366622 9.99731E-05 0.129297
9.99641E-05 9.99641E-05 0.244358 0.44114 0.107884 0.103252 9.99641E-05 9.99641E-05 0.102966
0.204366 9.99731E-05 0.169333 0.16223 0.223258 0.0520868 9.99731E-05 9.99731E-05 0.188426
9.99552E-05 0.00853297 0.286672 9.99552E-05 9.99552E-05 0.657949 9.99552E-05 9.99552E-05 0.0463454
0.364694 9.9955E-05 9.9955E-05 0.373632 0.220068 0.041107 9.9955E-05 9.9955E-05 9.9955E-05
0.390984 9.99642E-05 0.111154 0.0753474 9.99642E-05 9.99642E-05 0.259465 0.16265 9.99642E-05
9.99463E-05 0.303261 9.99463E-05 0.427205 9.99463E-05 9.99463E-05 0.268934 9.99463E-05 9.99463E-05
0.148323 9.99732E-05 0.00411567 0.0510256 9.99732E-05 0.395608 0.123601 9.99732E-05 0.277026
0.0353748 9.99821E-05 0.119314 0.0221559 0.0413021 9.99821E-05 0.311003 0.0464014 0.424248
0.15491 0.180038 0.233177 9.99642E-05 9.99642E-05 9.99642E-05 9.99642E-05 0.255467 0.176009
0.847227 0.0631689 9.99462E-05 9.99462E-05 9.99462E-05 9.99462E-05 0.0890041 9.99462E-05 9.99462E-05
0.0855999 0.0139815 9.99821E-05 9.99821E-05 0.141423 0.221988 0.393195 0.107981 0.035632
9.993E-05 9.993E-05 0.999201 9.993E-05 9.993E-05 9.993E-05 9.993E-05 9.993E-05 9.993E-05
0.322572 9.99641E-05 0.270032 9.99641E-05 0.0496622 0.241497 9.99641E-05 0.115837 9.99641E-05
0.502118 0.132675 9.99641E-05 9.99641E-05 9.99641E-05 0.148209 0.0357966 0.180802 9.99641E-05
9.99462E-05 9.99462E-05 0.014301 0.397328 9.99462E-05 0.587772 9.99462E-05 9.99462E-05 9.99462E-05
0.0666715 9.99553E-05 0.364027 9.99553E-05 9.99553E-05 0.390294 9.99553E-05 0.178508 9.99553E-05
9.99552E-05 0.121617 9.99552E-05 9.99552E-05 0.0497205 0.605568 0.222595 9.99552E-05 9.99552E-05
0.376106 9.99731E-05 9.99731E-05 0.0726024 0.102814 9.99731E-05 0.164076 0.233733 0.0503686
0.78094 9.99554E-05 9.99554E-05 0.0465349 0.122732 9.99554E-05 9.99554E-05 9.99554E-05 0.0492929
0.0182732 9.99463E-05 9.99463E-05 0.760073 9.99463E-05 9.99463E-05 0.221055 9.99463E-05 9.99463E-05
9.9964E-05 0.0656784 0.124146 9.9964E-05 9.9964E-05 0.324397 0.434437 9.9964E-05 0.0509415
0.177544 0.131711 9.99642E-05 9.99642E-05 0.23313 0.314618 9.99642E-05 9.99642E-05 0.142598
0.396955 9.99731E-05 0.153209 9.99731E-05 0.080696 0.125918 0.160368 9.99731E-05 0.082554
0.013157 9.99731E-05 0.018715 0.14075 9.99731E-05 0.518043 9.99731E-05 0.0121736 0.296862
0.0710283 0.23676 0.0257852 9.99641E-05 9.99641E-05 0.164824 0.501202 9.99641E-05 9.99641E-05
0.302059 0.169943 9.99821E-05 0.049074 0.00015804 0.425857 0.0427602 0.00994907 9.99821E-05
0.647327 9.99552E-05 9.99552E-05 0.128285 0.00587452 0.218013 9.99552E-05 9.99552E-05 9.99552E-05
0.171587 0.0960403 0.104456 9.99732E-05 0.198143 0.25531 0.174164 9.99732E-05 9.99732E-05
9.99463E-05 9.99463E-05 9.99463E-05 0.0510801 0.0356751 9.99463E-05 9.99463E-05 9.99463E-05 0.912645
9.99375E-05 9.99375E-05 9.99375E-05 9.99375E-05 9.99375E-05 9.99375E-05 0.931334 0.0679662 9.99375E-05
9.99642E-05 9.99642E-05 9.99642E-05 0.0473131 9.99642E-05 0.277208 0.0655373 0.508851 0.10069
9.99464E-05 9.99464E-05 0.247057 9.99464E-05 9.99464E-05 9.99464E-05 0.456155 0.296189 9.99464E-05
9.99731E-05 9.99731E-05 0.206903 9.99731E-05 0.164896 0.286729 0.0374984 0.112419 0.191254
0.155777 0.0992067 0.0322873 0.0679422 9.9991E-05 0.401115 0.126603 0.0353657 0.0816033
0.518666 0.132983 0.110704 0.0609667 0.106724 0.0559891 9.99821E-05 9.99821E-05 0.0137667
9.993E-05 9.993E-05 9.993E-05 9.993E-05 9.993E-05 9.993E-05 9.993E-05 9.993E-05 0.999201
0.129001 9.99642E-05 0.0657876 0.105018 0.223527 0.476266 9.99642E-05 9.99642E-05 9.99642E-05
0.472838 9.99641E-05 0.0821207 9.99641E-05 9.99641E-05 0.267421 0.0985313 9.99641E-05 0.0786894
9.99731E-05 0.0574374 0.0471167 0.350709 0.124647 9.99731E-05 0.262426 9.99731E-05 0.157364
9.99551E-05 9.99551E-05 9.99551E-05 0.0206077 9.99551E-05 0.193939 0.677468 9.99551E-05 0.107486
