9.9982E-05 0.0409498 0.0531314 0.00833068 0.0729032 9.9982E-05 0.824485
0.0804854 0.171351 9.9991E-05 0.0182613 0.316282 0.152532 0.260988
0.133498 0.110222 0.0915458 9.9991E-05 0.256038 0.0775746 0.331022
0.141681 0.0444021 0.0887988 0.0509237 0.233548 9.9991E-05 0.440547
0.104673 0.0475024 0.0769427 0.120983 0.275976 0.202145 0.171778
9.9982E-05 9.9982E-05 0.0535211 0.0774637 0.311797 0.312286 0.244732
0.0777735 0.0242877 0.0710683 0.100161 0.315641 9.9991E-05 0.410969
0.0589328 0.14919 0.00864661 0.0705744 0.240562 0.190194 0.281901
0.04476 0.179939 9.9982E-05 9.9982E-05 0.391104 0.305319 0.0786769
0.162781 0.321815 0.273912 0.068608 0.0823623 0.080227 0.0102949
9.9982E-05 0.336741 0.138819 0.00673758 0.0582159 0.459286 9.9982E-05
0.139595 0.0359049 9.9982E-05 0.0597008 0.271441 0.493159 9.9982E-05
0.0786959 0.0737445 0.114238 0.0988592 0.271166 0.176664 0.186632
0.11748 9.9991E-05 0.0650909 0.0654707 0.330897 0.190044 0.230917
9.9964E-05 0.0719713 9.9964E-05 0.0763952 9.9964E-05 0.851234 9.9964E-05
0.126399 0.150509 0.0534775 0.138416 0.0468905 0.217534 0.266775
9.9964E-05 9.9964E-05 0.0600774 9.9964E-05 9.9964E-05 0.937589 0.00193328
0.1594 9.9991E-05 0.0686381 0.140169 0.19747 0.169279 0.264943
0.0509699 0.279231 9.9991E-05 0.0693229 0.234587 0.30606 0.0597294
0.0688557 0.198237 0.062561 0.0843548 0.285956 9.9991E-05 0.299935
9.999E-05 0.11912 0.147629 0.0665211 0.111105 0.309079 0.246445
9.9973E-05 0.378465 9.9973E-05 0.136344 9.9973E-05 0.4396 0.0452906
0.0777938 9.9982E-05 9.9982E-05 0.107611 0.326785 0.131878 0.355733
0.0603183 0.163229 9.9991E-05 0.114516 0.31805 0.0584118 0.285375
9.9973E-05 0.0545482 0.170289 0.0792702 9.9973E-05 0.695593 9.9973E-05
0.0214955 9.9982E-05 0.0590027 9.9982E-05 0.101286 0.463596 0.354419
0.206393 0.34709 0.0993208 0.100017 0.193136 0.0539443 9.9991E-05
0.0501333 0.137018 0.124153 0.00491969 9.9991E-05 0.309532 0.374144
0.062801 9.9991E-05 0.06386 0.00221704 0.265949 0.421872 0.183201
0.599555 9.9982E-05 0.0264837 0.0251136 0.251039 9.9982E-05 0.0976083
0.154443 0.0595162 0.0856881 0.00663208 0.438987 0.254633 9.9991E-05
0.00143537 0.53245 0.0367904 0.0812799 0.314146 0.0337982 9.9991E-05
0.0759286 9.9982E-05 9.9982E-05 0.0674778 0.387856 0.156023 0.312514
9.9982E-05 0.0445875 0.0739165 0.0850563 0.583291 0.212949 9.9982E-05
9.999E-05 0.022759 0.092223 0.114473 0.135374 0.50192 0.133151
9.9955E-05 9.9955E-05 9.9955E-05 0.0370512 9.9955E-05 9.9955E-05 0.962449
9.9973E-05 9.9973E-05 0.12859 0.0283516 0.450723 9.9973E-05 0.392036
0.0692634 0.213115 0.0543058 0.0338674 9.9991E-05 0.491574 0.137775
0.108437 9.9982E-05 0.0955282 0.0800341 0.481462 0.234338 9.9982E-05
9.9982E-05 0.397122 0.0325188 0.134596 0.318876 9.9982E-05 0.116688
0.0916291 0.625455 0.0528453 0.0631053 0.0931573 0.0737086 9.9991E-05
0.0664982 0.16488 0.0697435 0.0940484 0.320502 9.9991E-05 0.284228
0.023784 0.214412 0.0613592 0.123979 0.21756 0.0359477 0.322958
0.146457 0.26209 9.9982E-05 9.9982E-05 0.217179 0.0156697 0.358405
0.100571 0.541571 9.9982E-05 0.109534 0.120377 9.9982E-05 0.127747
0.0195934 0.0102331 0.1546 0.0509434 0.389455 0.151923 0.223252
0.160695 0.117323 9.9982E-05 9.9982E-05 0.526221 0.0693179 0.126243
0.0828815 0.203258 9.9991E-05 0.030111 0.598843 0.00634225 0.0784644
0.13095 0.526436 0.0225941 0.0854812 0.0685687 0.16587 9.9991E-05
0.115377 0.14595 9.9991E-05 0.0184421 0.287078 0.314232 0.11882
0.0609781 0.100491 0.0825584 0.0761346 9.9991E-05 0.480083 0.199655
0.113817 0.0775771 9.9991E-05 0.103601 0.525649 0.0393837 0.139872
0.0702116 0.555079 9.9982E-05 0.0363026 0.27157 0.0666361 9.9982E-05
0.107386 9.9991E-05 0.170713 0.0724445 0.214724 0.247179 0.187453
0.209276 0.748117 9.9973E-05 0.0402489 9.9973E-05 9.9973E-05 0.00205789
9.9973E-05 9.9973E-05 9.9973E-05 0.0772042 0.588655 0.286911 0.0469292
9.99641E-05 0.906125 0.0728357 0.0206397 9.99641E-05 9.99641E-05 9.99641E-05
0.0742498 0.53151 0.0540231 0.101287 0.115833 9.9991E-05 0.122998
0.0667996 0.392984 0.105624 0.0137794 0.124351 0.296363 9.9991E-05
9.9991E-05 0.290968 0.158209 0.109366 0.188989 0.125447 0.12692
0.0636457 9.9973E-05 9.9973E-05 0.0551577 0.818738 9.9973E-05 0.0621589
0.0196506 9.9982E-05 0.0877959 0.126296 0.428008 0.338049 9.9982E-05
9.9973E-05 9.9973E-05 9.9973E-05 0.060797 0.390201 0.519501 0.0292014
0.871755 9.9964E-05 9.9964E-05 0.0462079 9.9964E-05 9.9964E-05 0.0816372
9.9982E-05 0.0196661 0.161415 9.9982E-05 0.1866 0.249071 0.383048
9.9973E-05 9.9973E-05 0.0451155 0.0284556 0.00434111 9.9973E-05 0.921788
9.9973E-05 9.9973E-05 0.112083 0.129949 0.231514 9.9973E-05 0.526155
0.150439 9.9991E-05 0.0148584 0.0420156 0.162935 0.534245 0.0954072
0.0835165 9.9982E-05 9.9982E-05 0.0083203 0.179812 0.263914 0.464238
0.165473 0.250579 0.0845673 0.0614844 0.174931 0.100168 0.162797
0.121516 0.18052 0.126213 0.0451116 0.435957 9.9991E-05 0.0905817
9.9973E-05 0.0786524 9.9973E-05 0.1041 9.9973E-05 0.612921 0.204027
0.114512 0.0378877 0.00786381 0.113076 0.233299 0.30326 0.190102
0.098305 0.246834 0.0487781 9.9982E-05 0.343682 0.262201 9.9982E-05
0.0574594 0.351496 0.187297 0.0107888 9.9991E-05 0.293152 0.0997076
0.0895479 0.458792 0.0588213 0.0340873 0.358551 9.9982E-05 9.9982E-05
9.9991E-05 0.172286 0.00527064 0.200316 0.560015 0.0397387 0.0222739
0.03251 9.9973E-05 0.0442369 0.0653784 0.857575 9.9973E-05 9.9973E-05
9.99639E-05 9.99639E-05 0.0316635 9.99639E-05 0.821526 9.99639E-05 0.146411
0.0904199 9.9973E-05 0.00911554 0.0459078 0.854257 9.9973E-05 9.9973E-05
0.0738184 0.185679 0.00491129 0.108172 0.361438 0.13782 0.128161
0.0345668 9.9991E-05 0.0824296 0.0351934 0.307549 0.259476 0.280685
0.196701 0.288197 0.0396101 9.9982E-05 0.408885 9.9982E-05 0.0664066
0.205923 9.9982E-05 0.0702709 0.0508242 0.496603 0.176179 9.9982E-05
0.101096 0.0765988 0.0353843 0.0884851 0.393396 0.0740269 0.231013
9.9982E-05 0.63722 0.0679764 0.023146 0.190707 9.9982E-05 0.0807508
9.9973E-05 9.9973E-05 9.9973E-05 0.00912966 0.168067 0.142509 0.679994
9.9982E-05 0.0231041 0.0933277 0.0750409 0.632096 0.176231 9.9982E-05
0.163843 0.000820227 0.119925 0.0280993 9.9991E-05 0.359734 0.327478
9.9982E-05 0.415629 9.9982E-05 0.0818301 0.0893475 0.235357 0.177636
0.927987 9.9964E-05 0.0315714 9.9964E-05 9.9964E-05 9.9964E-05 0.0400417
0.0121262 0.194751 0.116856 0.114912 0.00735062 0.468401 0.085603
9.9982E-05 0.0108383 0.093316 0.0759398 0.464099 9.9982E-05 0.355607
0.108949 0.136256 9.9991E-05 0.0759853 0.182369 0.372758 0.123583
0.0471447 9.9982E-05 0.0136 0.061683 0.425474 9.9982E-05 0.451898
0.0612682 9.9982E-05 0.0551377 9.9982E-05 0.367399 0.16895 0.347045
0.0462247 0.501735 0.0842937 9.9982E-05 9.9982E-05 0.0313501 0.336196
0.024695 0.0747178 0.0914471 0.0374491 0.666657 9.9991E-05 0.104934
0.495318 9.9982E-05 9.9982E-05 0.0784081 0.00384759 0.380145 0.0420807
0.346921 0.0607815 9.9982E-05 9.9982E-05 0.0469226 0.360866 0.184309
0.0833844 0.117428 0.0232726 0.0331539 0.206101 0.374428 0.162232
0.9994 9.995E-05 9.995E-05 9.995E-05 9.995E-05 9.995E-05 9.995E-05
0.106804 0.162343 0.1018 0.0166686 0.113902 0.465737 0.0327464
9.995E-05 9.995E-05 0.9994 9.995E-05 9.995E-05 9.995E-05 9.995E-05
0.0670499 0.379254 0.0381175 0.024443 0.0603896 0.300002 0.130744
9.9982E-05 0.470425 9.9982E-05 0.00533327 0.121464 0.367766 0.0348125
9.9973E-05 0.240296 9.9973E-05 9.9973E-05 0.31151 0.137543 0.310351
0.0441686 0.193973 9.9991E-05 0.108334 0.320101 0.103956 0.229368
0.205694 0.0608139 0.0574924 0.0874379 0.18415 0.404312 9.9991E-05
0.0354472 0.139853 9.9991E-05 0.0530059 0.18666 0.205307 0.379627
9.9982E-05 9.9982E-05 0.201686 0.0797278 0.20647 0.275649 0.236267
0.180808 0.274298 0.0340623 0.0818901 0.377244 0.0515971 9.9991E-05
0.0761725 0.398348 0.0427819 0.0105371 0.369328 9.9991E-05 0.102732
0.373477 9.9991E-05 0.0330094 0.0683626 0.0660502 0.431729 0.027272
0.048516 0.104498 0.0803536 0.00943871 0.180564 0.0770294 0.4996
0.9994 9.995E-05 9.995E-05 9.995E-05 9.995E-05 9.995E-05 9.995E-05
9.9982E-05 0.068953 0.10784 9.9982E-05 0.102703 0.530942 0.189362
9.9991E-05 0.0857842 0.064988 0.0822078 0.0877393 0.0561848 0.622996
0.0141361 0.241002 0.0258984 0.0925464 0.389122 0.0508274 0.186468
9.9982E-05 0.178443 0.0490973 0.110999 9.9982E-05 0.586897 0.0743637
9.9973E-05 9.9973E-05 0.0948765 0.111821 0.619871 9.9973E-05 0.173132
0.373012 9.9973E-05 9.9973E-05 0.14615 9.9973E-05 0.198697 0.281841
0.151953 0.0516945 0.0461757 0.0970817 0.440959 0.0705281 0.141608
9.9982E-05 0.249999 0.110016 0.0177584 0.394764 0.227263 9.9982E-05
0.315584 0.169915 9.9991E-05 0.0671309 0.054287 0.214523 0.178461
0.0435096 9.99731E-05 9.99731E-05 0.0535621 0.367589 0.53504 9.99731E-05
9.9982E-05 0.338199 9.9982E-05 0.0698961 0.165269 0.418224 0.0082117
0.189956 0.246906 0.0398953 0.0509035 0.254171 0.119156 0.0990123
9.9964E-05 0.359408 9.9964E-05 0.102658 0.537534 9.9964E-05 9.9964E-05
0.161304 0.321593 0.0362028 0.0132662 9.9991E-05 0.402882 0.0646519
0.0101445 9.9982E-05 9.9982E-05 0.0341411 0.120219 0.211945 0.62335
0.000196248 0.00792296 0.0458215 0.134605 0.610005 0.0537194 0.14773
0.307794 9.9973E-05 0.0057246 9.9973E-05 0.498711 0.187471 9.9973E-05
0.0454728 0.192715 9.9991E-05 0.0822986 0.292146 0.284009 0.103259
0.101934 9.9991E-05 0.0765131 0.0196249 0.539592 0.118898 0.143338
0.0121198 0.0184148 0.122689 0.0671853 0.42422 0.355271 9.9991E-05
9.9964E-05 0.7598 9.9964E-05 9.9964E-05 0.080587 0.159213 9.9964E-05
0.0136502 0.90102 9.9964E-05 0.0849304 9.9964E-05 9.9964E-05 9.9964E-05
0.0165759 0.361367 0.00585585 0.0650512 0.261193 0.0589154 0.231041
0.0970711 0.0454499 0.0836653 0.0714646 0.478912 0.180578 0.0428599
0.0327485 0.114754 0.104408 0.170774 0.486349 0.0455919 0.0453749
9.9982E-05 0.132474 0.0172527 0.0310953 0.349621 0.469356 9.9982E-05
0.223493 0.197169 0.129696 0.0147791 0.340803 0.0698074 0.0242525
0.0514809 0.309608 0.0285092 0.038649 0.22394 0.165977 0.181836
0.0692174 0.0413617 0.0359278 0.107947 0.321716 0.121368 0.302462
0.369073 9.9982E-05 9.9982E-05 0.12413 0.0381959 0.142651 0.32575
0.0259152 0.124253 0.104696 0.0185413 0.0225617 0.287525 0.416507
9.995E-05 9.995E-05 9.995E-05 0.9994 9.995E-05 9.995E-05 9.995E-05
9.9982E-05 0.028558 0.0828912 0.074481 0.197518 9.9982E-05 0.616352
0.0121117 0.17611 0.176065 0.0966304 0.19292 9.9991E-05 0.346063
0.17865 0.125516 0.0579389 0.0335551 0.34054 0.263699 9.9991E-05
9.9991E-05 0.184592 0.141303 0.0926959 0.431101 0.0077031 0.142505
0.0902606 0.294067 0.0847467 0.197681 0.310555 9.9991E-05 0.0225903
0.126662 0.391864 9.9982E-05 0.125395 0.321096 9.9982E-05 0.0347838
0.0818932 0.0198703 9.9991E-05 0.0923691 0.410557 0.315682 0.0795286
0.0961063 0.178351 0.0448706 0.0714746 9.9991E-05 0.412534 0.196564
9.9982E-05 0.312046 0.0119094 0.0779067 0.399443 9.9982E-05 0.198494
0.199149 0.0786817 0.0952709 0.0655013 0.0946254 0.288559 0.178213
0.0677367 0.143427 9.9964E-05 9.9964E-05 9.9964E-05 9.9964E-05 0.788436
0.0931573 0.131202 0.0538532 0.00484701 0.333964 0.209588 0.173389
9.9982E-05 9.9982E-05 0.0389272 0.0667441 0.111831 0.544235 0.238062
9.995E-05 9.995E-05 9.995E-05 0.9994 9.995E-05 9.995E-05 9.995E-05
9.9982E-05 9.9982E-05 0.00974749 0.407129 0.174306 0.29128 0.117338
9.9973E-05 0.320883 0.042053 9.9973E-05 0.350238 9.9973E-05 0.286527
0.0176867 0.298952 0.032161 0.113764 0.116291 0.246365 0.17478
0.00677357 0.191809 9.9973E-05 0.0849435 9.9973E-05 9.9973E-05 0.716174
9.9991E-05 0.259882 0.0262962 0.0798104 0.196968 0.201905 0.235038
9.9991E-05 0.0726309 0.134379 0.0715458 0.428956 0.177996 0.114392
9.9973E-05 0.760664 9.9973E-05 0.0976847 9.9973E-05 0.0160113 0.12534
0.000885041 9.9982E-05 9.9982E-05 0.0771604 0.161556 0.519716 0.240483
0.161928 0.251417 0.0100236 9.9982E-05 0.475206 0.101225 9.9982E-05
0.110307 0.0535342 0.143388 0.0178317 0.231645 0.276803 0.166491
0.207665 9.9982E-05 0.0198065 0.0851096 0.344786 9.9982E-05 0.342433
9.9982E-05 0.593838 0.0720913 0.0474058 0.219491 9.9982E-05 0.0669745
9.9973E-05 9.9973E-05 9.9973E-05 0.143929 0.483209 0.0997735 0.272788
0.0682818 0.120193 0.0902808 0.0184441 0.553007 0.0635102 0.0862837
9.9991E-05 0.0470704 0.0295478 0.0906449 0.429201 0.312441 0.090995
0.0492499 0.275804 0.128989 9.9991E-05 0.189341 0.236073 0.120442
9.995E-05 9.995E-05 0.9994 9.995E-05 9.995E-05 9.995E-05 9.995E-05
0.0857465 0.557013 0.0829654 0.0320865 0.0677951 9.9991E-05 0.174294
0.0144994 9.9964E-05 9.9964E-05 0.034348 9.9964E-05 0.950753 9.9964E-05
0.0902268 0.211906 0.00185876 0.141194 9.9991E-05 0.465509 0.0892059
0.0306803 0.558683 0.0413437 0.054534 9.9982E-05 9.9982E-05 0.314559
0.198204 0.0745334 9.9982E-05 9.9982E-05 0.219142 0.0899678 0.417953
0.0642035 0.00316647 0.0341153 9.9991E-05 0.35306 0.131181 0.414173
9.995E-05 9.995E-05 0.9994 9.995E-05 9.995E-05 9.995E-05 9.995E-05
0.0686001 0.0122863 0.0868203 0.0567029 0.52941 0.0559189 0.190261
0.0566279 9.9991E-05 0.211586 0.0796687 0.0346582 0.336956 0.280403
0.0903499 0.102958 9.9991E-05 0.0261924 0.431222 0.00375774 0.345421
0.14468 0.362108 9.9991E-05 0.042326 0.304285 0.0690408 0.0774597
