0.0995315 0.0259048 0.753872 0.120692
0.541875 0.0711691 0.229138 0.157818
0.0969836 0.276563 0.266437 0.360016
0.218408 0.0844184 0.628961 0.0682126
0.262952 0.24966 0.487289 9.9991E-05
0.3991 9.9991E-05 0.531088 0.0697114
0.146455 0.231651 0.495306 0.126588
0.356779 0.108014 0.317951 0.217255
0.17198 0.174957 0.185086 0.467977
0.183505 0.278549 0.199421 0.338525
0.164388 9.9982E-05 9.9982E-05 0.835412
9.9982E-05 0.133817 9.9982E-05 0.865983
0.198963 0.282681 0.398955 0.119402
0.406265 0.200765 0.392871 9.9991E-05
0.743761 0.0803495 0.175789 9.9991E-05
0.42959 0.302736 0.267574 9.9991E-05
0.809184 0.0821364 0.108579 9.9991E-05
0.177728 0.280481 0.541692 9.9991E-05
9.9991E-05 0.160287 0.179119 0.660495
0.101432 0.162278 0.500053 0.236236
0.142852 0.10325 0.589917 0.163981
0.317026 0.0646303 0.342758 0.275585
0.111672 0.0785623 0.343671 0.466095
0.380814 0.315401 0.0904788 0.213307
0.137339 0.0230788 9.9991E-05 0.839483
0.0778275 0.0714334 0.768511 0.0822282
0.308368 0.263658 0.118863 0.309111
0.22208 0.273093 0.377886 0.126941
0.196112 0.162099 0.52323 0.118559
0.118074 0.66598 0.111687 0.104259
0.292902 0.0957477 0.000154024 0.611196
9.9991E-05 0.101908 0.0153438 0.882649
0.108297 0.103107 0.707705 0.0808909
0.386498 0.0119279 0.433083 0.168491
0.371189 0.125009 0.354231 0.149572
9.998E-05 9.998E-05 0.9997 9.998E-05
0.274318 0.00288965 0.722692 9.9991E-05
0.193959 0.0651715 0.277015 0.463855
0.455493 0.217407 0.214725 0.112375
0.235937 0.178218 0.250751 0.335094
0.364118 0.132381 0.0824206 0.42108
0.459766 0.112951 0.322988 0.104295
0.373204 0.0973838 0.409246 0.120166
9.9982E-05 9.9982E-05 0.467142 0.532658
0.0822359 0.0723135 0.263343 0.582108
0.116124 0.0923213 0.355093 0.436462
0.150345 0.114122 0.330335 0.405199
0.185564 0.0519985 0.409427 0.35301
0.14756 0.194002 9.9991E-05 0.658339
0.170592 0.163503 0.289246 0.376659
0.356557 0.266136 0.292686 0.0846216
0.109945 0.254374 0.230738 0.404943
0.660924 0.116932 0.205035 0.0171085
0.552068 0.198848 0.248985 9.9991E-05
0.124189 0.0535351 9.9991E-05 0.822176
0.134671 0.174582 0.494339 0.196408
0.240182 9.99821E-05 9.99821E-05 0.759618
9.9991E-05 0.0679425 0.264699 0.667259
0.376951 0.105748 0.154877 0.362424
0.278955 0.0766317 0.133282 0.511131
0.331557 0.0831651 0.542969 0.0423083
0.370092 0.191495 0.154526 0.283887
0.0274858 0.0608297 0.624856 0.286828
0.0745474 0.925253 9.9982E-05 9.9982E-05
0.346936 9.9991E-05 0.600031 0.0529325
9.998E-05 9.998E-05 0.9997 9.998E-05
0.0460975 0.0103275 0.792783 0.150792
0.0999594 0.252202 0.373301 0.274538
9.9991E-05 0.0813138 0.764161 0.154425
0.427381 0.261342 0.243186 0.0680909
0.472118 0.0887904 9.9991E-05 0.438992
0.177934 0.124151 0.463859 0.234056
0.239167 0.220438 0.304544 0.235851
0.541451 0.0631434 9.9991E-05 0.395306
0.55492 0.131173 0.127295 0.186611
0.527323 0.178428 9.9991E-05 0.294148
0.281602 0.217033 0.24181 0.259556
0.484568 0.0809114 0.351694 0.082827
0.383466 9.9991E-05 0.578096 0.038339
0.422446 0.195975 0.381479 9.9991E-05
0.266438 0.15229 0.311118 0.270154
0.115322 0.0861982 0.620662 0.177818
0.0696778 0.226842 0.0356393 0.667841
0.575625 0.159021 0.155372 0.109982
0.0609378 0.242366 0.588869 0.107828
0.150175 9.9991E-05 0.249845 0.59988
0.058667 0.0734955 0.867738 9.9991E-05
0.132267 0.142479 0.103236 0.622018
0.343384 0.285323 0.371194 9.9991E-05
9.9982E-05 9.9982E-05 0.297053 0.702747
0.0915478 0.908252 9.9982E-05 9.9982E-05
0.358472 0.111621 9.9991E-05 0.529807
0.0683343 0.127617 0.649349 0.154699
0.306071 0.169055 0.292182 0.232691
0.516661 0.00608299 0.389825 0.0874311
0.20085 0.0945486 0.689154 0.015448
0.267544 9.9991E-05 0.327718 0.404638
0.0639063 0.0482774 0.306097 0.581719
9.9991E-05 0.700176 0.181029 0.118694
9.9991E-05 0.291253 0.327008 0.381639
9.9991E-05 0.160517 0.333296 0.506087
9.998E-05 0.9997 9.998E-05 9.998E-05
0.598359 0.0582799 0.109976 0.233385
0.993799 0.00600151 9.9982E-05 9.9982E-05
0.456195 0.0750125 0.386473 0.0823196
0.315166 9.9991E-05 0.237607 0.447126
0.323789 9.9991E-05 0.459587 0.216524
0.32951 0.13305 0.240147 0.297294
0.440396 0.279499 0.0495949 0.23051
0.0735079 0.146192 0.38264 0.39766
0.367864 0.064379 0.567657 9.9991E-05
9.9991E-05 0.252736 0.135823 0.611341
0.460288 0.0316695 0.254185 0.253858
0.0909125 0.546974 0.269105 0.0930088
0.483816 0.0370477 0.365461 0.113676
9.9982E-05 0.971223 9.9982E-05 0.028577
0.406337 0.0176806 0.25243 0.323552
0.0875047 0.0395425 0.722242 0.15071
0.282698 0.0557007 0.361892 0.299709
9.9991E-05 0.16682 0.303112 0.529968
0.309528 0.0308849 0.659487 9.9991E-05
0.176361 0.509732 0.313808 9.9991E-05
0.143154 0.201261 0.532988 0.122597
0.395693 0.0227956 0.431929 0.149582
9.9982E-05 0.384929 9.9982E-05 0.614871
0.505956 0.184816 0.309128 9.9991E-05
0.0356356 9.9991E-05 0.179448 0.784817
0.0896885 0.158047 0.240583 0.511682
0.235567 9.9991E-05 0.161794 0.602539
0.0999975 0.151751 0.12503 0.623222
9.9982E-05 0.112072 0.887728 9.9982E-05
0.179782 0.151375 0.596239 0.0726045
0.157686 0.310613 0.413036 0.118666
0.310448 0.246682 0.209125 0.233744
9.9991E-05 0.0019719 0.514962 0.482966
0.0171443 0.200187 0.136985 0.645684
0.836851 9.9991E-05 0.152425 0.0106244
0.847321 0.136972 9.9991E-05 0.0156071
0.158442 0.19119 0.338485 0.311883
0.355785 0.130658 0.302947 0.21061
0.224302 0.22167 0.351766 0.202263
0.409437 0.0540088 9.9991E-05 0.536454
9.9991E-05 0.172114 0.159298 0.668488
9.9991E-05 0.135206 0.0817943 0.7829
0.490666 0.16339 0.345844 9.9991E-05
0.201527 0.578354 0.220018 9.9991E-05
0.318454 0.122836 0.331519 0.227191
9.998E-05 0.9997 9.998E-05 9.998E-05
0.267764 9.9982E-05 0.732036 9.9982E-05
0.348282 0.00408626 0.536058 0.111573
0.229989 0.0216627 9.9991E-05 0.748248
0.601024 0.0178641 0.157815 0.223297
0.0882569 0.290069 0.28705 0.334624
0.331647 0.19463 0.0647882 0.408935
0.231006 0.0838144 0.387161 0.298019
0.329969 0.357739 0.312192 9.9991E-05
9.9991E-05 0.0236993 0.366198 0.610003
0.160584 0.113193 0.486712 0.239511
9.998E-05 9.998E-05 0.9997 9.998E-05
0.111014 0.252822 0.467482 0.168682
0.0677386 0.12256 0.408581 0.40112
9.998E-05 0.9997 9.998E-05 9.998E-05
0.346887 0.353277 0.299735 9.9991E-05
0.745572 9.9982E-05 0.254228 9.9982E-05
0.241257 0.078016 0.20285 0.477877
9.9991E-05 0.0287149 0.814334 0.156851
0.0871762 0.000740063 0.460981 0.451103
0.438672 0.0526742 0.232903 0.27575
0.980158 0.0196418 9.9982E-05 9.9982E-05
0.312661 0.228462 0.458777 9.9991E-05
0.15596 0.100225 0.199673 0.544142
0.433951 0.170468 0.192417 0.203164
0.021143 0.219503 0.656462 0.102892
0.580601 9.9982E-05 9.9982E-05 0.419199
0.221429 0.0542258 0.494002 0.230343
0.486467 9.9991E-05 0.205504 0.307929
0.254951 0.113187 0.385305 0.246557
0.405671 0.0518517 0.157551 0.384927
0.942068 9.9982E-05 9.9982E-05 0.0577318
0.337511 0.125621 9.9991E-05 0.536768
0.69643 0.205319 0.062542 0.0357091
9.9991E-05 0.317679 0.378207 0.304014
0.413635 0.0912184 0.306473 0.188673
0.00116444 0.12035 0.677523 0.200963
0.293554 0.0670917 0.582672 0.0566823
0.9997 9.998E-05 9.998E-05 9.998E-05
0.048242 0.173558 0.64205 0.13615
0.444488 0.214951 0.223613 0.116948
0.273453 0.0769452 0.613145 0.0364561
0.401726 0.132667 0.266412 0.199195
