0.0704688 0.20363 0.0825939 0.418428 0.22478 9.9991E-05
0.127623 0.179261 0.406009 0.0669304 0.220077 9.9991E-05
0.184952 0.181994 0.327763 0.204623 0.100568 9.9991E-05
0.302059 0.0312117 0.107028 0.429039 0.130563 9.9991E-05
9.99731E-05 0.311929 9.99731E-05 0.359353 0.328417 9.99731E-05
9.9982E-05 9.9982E-05 0.244999 0.350331 0.217923 0.186547
9.99821E-05 0.125885 9.99821E-05 0.0817662 0.432511 0.359639
9.99731E-05 0.168294 9.99731E-05 0.131954 0.699453 9.99731E-05
0.849117 9.99821E-05 0.000724841 0.0896204 9.99821E-05 0.0603377
0.0164137 0.250112 0.631875 0.0635541 9.9991E-05 0.0379459
0.262672 0.0786675 0.579441 0.0790197 9.9982E-05 9.9982E-05
0.861278 0.135328 9.99732E-05 9.99732E-05 0.00309393 9.99732E-05
0.248821 0.0517589 9.9991E-05 0.181853 0.417153 0.100314
0.0344537 0.359161 9.9991E-05 0.321813 0.074149 0.210323
0.719106 9.99911E-05 0.0329153 0.0211986 0.204118 0.0225623
0.0493905 0.278536 9.99821E-05 0.53559 0.136284 9.99821E-05
0.449715 9.99821E-05 0.238531 0.217449 0.0941048 9.99821E-05
0.233888 0.140293 0.465857 0.118723 9.9991E-05 0.0411392
0.484005 9.99731E-05 0.127765 9.99731E-05 0.38793 9.99731E-05
0.259231 9.9991E-05 0.0885853 0.23391 0.0788955 0.339278
9.99821E-05 0.047835 0.512757 0.0448649 9.99821E-05 0.394343
0.379228 9.99731E-05 0.221155 9.99731E-05 0.399316 9.99731E-05
0.503793 9.99821E-05 0.282016 0.207327 0.00666415 9.99821E-05
9.99732E-05 9.99732E-05 0.0397008 0.878152 9.99732E-05 0.0818476
0.0123227 0.0306222 0.363674 0.332365 9.99911E-05 0.260916
0.131226 0.208248 0.0377292 0.424714 0.100802 0.0972804
0.122507 0.388529 0.295025 0.100058 9.9991E-05 0.0937808
9.99732E-05 0.263723 0.461139 9.99732E-05 0.274838 9.99732E-05
9.99821E-05 0.14767 0.1483 9.99821E-05 0.562121 0.141709
0.0866483 9.99642E-05 9.99642E-05 0.912952 9.99642E-05 9.99642E-05
9.99731E-05 0.31347 0.269283 9.99731E-05 9.99731E-05 0.416947
0.320017 0.0554022 9.99821E-05 9.99821E-05 0.431644 0.192737
0.206091 9.99732E-05 0.645301 9.99732E-05 0.148308 9.99732E-05
0.243014 9.99821E-05 9.99821E-05 0.0493275 0.598994 0.108464
9.9982E-05 0.110532 9.9982E-05 0.632655 0.00695104 0.249663
9.99731E-05 9.99731E-05 0.0306363 0.266465 9.99731E-05 0.702599
0.0282848 0.488386 0.223427 9.99821E-05 0.259702 9.99821E-05
9.99732E-05 9.99732E-05 0.868342 0.019337 0.112021 9.99732E-05
0.104975 0.238933 9.9991E-05 0.323607 0.3176 0.0147852
0.129442 0.135151 9.9991E-05 0.215651 0.403877 0.115778
0.330373 0.0940763 0.447944 0.127407 9.99821E-05 9.99821E-05
0.705345 9.99642E-05 9.99642E-05 9.99642E-05 9.99642E-05 0.294256
9.9991E-05 0.137094 0.285898 0.0545417 0.1533 0.369067
0.430616 0.165564 0.144812 0.158155 9.9991E-05 0.100753
0.279415 0.131637 9.99821E-05 0.0572022 0.531546 9.99821E-05
0.475962 9.99821E-05 9.99821E-05 0.216327 0.144225 0.163285
0.710616 9.99821E-05 0.102117 0.135247 0.0518198 9.99821E-05
0.571219 0.233138 0.195343 9.99731E-05 9.99731E-05 9.99731E-05
0.639499 9.99644E-05 9.99644E-05 9.99644E-05 0.360102 9.99644E-05
9.9982E-05 0.2091 9.9982E-05 0.255611 0.293907 0.241181
9.99641E-05 9.99641E-05 9.99641E-05 0.644066 0.355534 9.99641E-05
0.0371663 0.225813 0.550854 0.051937 9.9991E-05 0.134129
0.413241 0.0552004 0.0781153 0.453243 9.9982E-05 9.9982E-05
0.0406257 9.99821E-05 9.99821E-05 0.333042 0.545134 0.080999
9.99821E-05 0.309909 0.0103843 9.99821E-05 0.160159 0.519348
0.100585 0.301954 0.274521 0.00887949 0.0091219 0.304939
9.9991E-05 0.0742733 0.091102 0.28076 0.011863 0.541902
9.99643E-05 0.0783422 9.99643E-05 9.99643E-05 9.99643E-05 0.921258
0.00066113 0.479373 0.113235 9.9991E-05 0.170223 0.236407
0.0277068 0.0885822 0.413864 0.149246 9.9991E-05 0.320501
0.0134918 0.0275641 0.2946 0.133869 0.499341 0.0311335
0.497821 0.282777 0.0497142 0.109505 9.9991E-05 0.0600827
0.552858 0.178978 0.192425 9.99821E-05 0.0755394 9.99821E-05
9.99732E-05 0.132915 9.99732E-05 0.686671 0.180113 9.99732E-05
0.177678 0.0177156 0.164682 0.141478 0.395905 0.102542
0.600631 0.0583721 0.055905 0.185097 0.0998947 9.99911E-05
9.9964E-05 9.9964E-05 9.9964E-05 0.303224 9.9964E-05 0.696376
0.357723 0.408438 9.99821E-05 9.99821E-05 0.18574 0.0478987
0.248339 0.0178704 9.99821E-05 9.99821E-05 0.663575 0.0700156
9.99821E-05 9.99821E-05 0.312434 0.131519 0.27958 0.276266
0.386174 0.229715 0.119926 0.131475 0.0697855 0.0629237
0.572954 0.0256665 9.99731E-05 9.99731E-05 9.99731E-05 0.40108
9.99821E-05 0.557459 0.218747 9.99821E-05 0.0693529 0.154241
0.0877271 0.129213 9.99821E-05 9.99821E-05 0.385903 0.396956
0.00199146 9.99821E-05 9.99821E-05 0.313744 0.55807 0.125995
0.460726 0.406161 9.99821E-05 9.99821E-05 0.130639 0.00227461
0.80519 9.99733E-05 9.99733E-05 0.177149 0.017361 9.99733E-05
0.128646 0.327468 0.377125 9.99821E-05 9.99821E-05 0.166562
0.0300208 0.0634775 0.292359 0.00285963 0.396893 0.21439
9.9991E-05 0.256275 0.234808 0.00541982 0.454271 0.0491269
0.0667117 0.345089 9.9991E-05 0.102565 0.416978 0.0685559
0.0926209 9.99911E-05 0.0081473 0.0971692 0.308444 0.493519
9.99642E-05 9.99642E-05 0.348277 9.99642E-05 9.99642E-05 0.651324
0.240254 9.99821E-05 9.99821E-05 0.202976 0.451338 0.105231
0.298908 0.078433 9.99821E-05 0.324315 9.99821E-05 0.298143
0.444778 0.178827 0.16285 0.208735 0.00470944 9.9991E-05
9.99821E-05 0.236914 0.611714 9.99821E-05 0.144843 0.00632871
0.192382 0.0823723 0.0408845 0.67862 9.99911E-05 0.00564144
0.0825006 9.99911E-05 0.0743291 0.412048 0.309712 0.12131
0.292436 9.99821E-05 0.28759 0.0624822 0.357292 9.99821E-05
0.0703512 9.99643E-05 9.99643E-05 0.929249 9.99643E-05 9.99643E-05
9.99732E-05 0.103493 9.99732E-05 0.246218 9.99732E-05 0.649989
0.686819 9.99732E-05 9.99732E-05 0.159276 9.99732E-05 0.153605
0.117736 9.99731E-05 0.533806 0.348158 9.99731E-05 9.99731E-05
0.632453 0.205771 9.9982E-05 9.9982E-05 0.0743539 0.0872225
0.547288 9.9991E-05 0.129715 0.149824 0.167462 0.0056114
0.0598634 0.0436577 0.434207 0.380946 9.9991E-05 0.081226
0.754973 9.99641E-05 9.99641E-05 9.99641E-05 9.99641E-05 0.244627
9.9982E-05 0.13694 9.9982E-05 0.632186 0.210765 0.0199094
0.0371029 9.9982E-05 0.341411 0.467472 9.9982E-05 0.153814
0.0537215 0.304356 0.350117 0.134265 9.99911E-05 0.157441
9.99643E-05 9.99643E-05 0.103882 0.895718 9.99643E-05 9.99643E-05
0.0968824 9.99642E-05 0.902718 9.99642E-05 9.99642E-05 9.99642E-05
9.996E-05 9.996E-05 0.9995 9.996E-05 9.996E-05 9.996E-05
0.0849811 0.0414183 0.152232 0.0826261 0.638642 9.9991E-05
0.604112 9.99821E-05 9.99821E-05 0.190653 0.0576895 0.147345
0.206537 9.99731E-05 9.99731E-05 9.99731E-05 0.226609 0.566554
9.99732E-05 9.99732E-05 0.483916 0.022195 0.493589 9.99732E-05
9.99642E-05 9.99642E-05 9.99642E-05 9.99642E-05 0.681422 0.318178
9.99821E-05 0.00661492 0.380752 0.0674902 0.544943 9.99821E-05
9.99822E-05 0.0910251 9.99822E-05 0.493723 0.315569 0.0994826
9.99731E-05 0.20535 9.99731E-05 0.40628 0.38807 9.99731E-05
9.99733E-05 9.99733E-05 9.99733E-05 0.664372 0.333386 0.00194167
9.99821E-05 9.99821E-05 0.00259643 0.0714193 0.689079 0.236706
9.99643E-05 9.99643E-05 0.0726924 0.926908 9.99643E-05 9.99643E-05
0.389443 0.0452022 0.0712906 9.99911E-05 0.060787 0.433177
0.49674 0.0940361 9.99821E-05 0.328842 0.0801828 9.99821E-05
0.282551 0.23835 9.99731E-05 9.99731E-05 0.478799 9.99731E-05
9.9982E-05 0.328239 0.056304 0.35374 0.261518 9.9982E-05
9.9982E-05 9.9982E-05 0.390882 0.122637 0.34967 0.136611
0.266049 0.0263154 9.99731E-05 0.707335 9.99731E-05 9.99731E-05
0.0108802 0.000213762 0.249873 0.252029 0.0396184 0.447386
9.99821E-05 9.99821E-05 0.0709621 0.270247 0.489794 0.168797
0.255969 9.99821E-05 0.100208 9.99821E-05 0.198525 0.445098
0.481039 9.99731E-05 0.397231 0.121431 9.99731E-05 9.99731E-05
0.390726 0.0602667 0.402947 9.9982E-05 9.9982E-05 0.14586
0.679523 9.99822E-05 0.0182488 0.141119 9.99822E-05 0.160909
0.0894294 0.147648 9.9991E-05 0.121 0.365974 0.275849
9.99732E-05 9.99732E-05 0.65044 0.162824 0.186436 9.99732E-05
0.0902801 0.00101701 0.0108554 0.350751 0.324893 0.222204
0.68351 0.0313293 9.99732E-05 9.99732E-05 9.99732E-05 0.284861
9.9991E-05 0.0740415 0.15245 0.303076 0.118379 0.351953
0.546099 0.0515226 0.121665 9.99911E-05 0.17025 0.110364
9.99731E-05 0.105685 0.489854 9.99731E-05 0.404161 9.99731E-05
0.206523 0.173842 0.619335 9.99731E-05 9.99731E-05 9.99731E-05
9.99821E-05 9.99821E-05 0.139323 0.0870989 0.460673 0.312705
9.99731E-05 9.99731E-05 0.185502 9.99731E-05 0.781216 0.0329822
9.99732E-05 9.99732E-05 0.219505 9.99732E-05 0.723766 0.0564293
0.237866 0.00991691 9.99821E-05 9.99821E-05 0.159508 0.592509
0.131167 9.99731E-05 9.99731E-05 0.294734 0.573799 9.99731E-05
9.99821E-05 0.394705 0.144291 0.341262 0.119542 9.99821E-05
9.99732E-05 9.99732E-05 0.628521 0.0375526 9.99732E-05 0.333627
0.255933 0.101886 0.339055 9.9991E-05 0.196887 0.10614
0.24175 9.99732E-05 0.641082 9.99732E-05 9.99732E-05 0.116868
0.0872239 0.0474677 9.99821E-05 0.852159 0.0129491 9.99821E-05
0.132403 9.9982E-05 0.0422436 0.199727 0.625426 9.9982E-05
9.996E-05 0.9995 9.996E-05 9.996E-05 9.996E-05 9.996E-05
9.99821E-05 0.0195672 0.272129 0.448829 0.259275 9.99821E-05
9.99641E-05 9.99641E-05 9.99641E-05 0.23337 9.99641E-05 0.76623
0.158828 0.691746 0.0427366 0.0192121 0.0873778 9.99911E-05
9.99732E-05 0.397381 0.0969965 9.99732E-05 0.505322 9.99732E-05
0.710888 0.220453 9.99731E-05 9.99731E-05 0.0683592 9.99731E-05
9.99731E-05 9.99731E-05 9.99731E-05 0.0937458 0.571901 0.334053
0.112511 0.319343 0.378942 9.99821E-05 0.189004 9.99821E-05
9.99821E-05 0.167334 0.0639522 0.397496 9.99821E-05 0.371018
0.255559 0.11904 0.362562 9.99821E-05 0.262639 9.99821E-05
9.9991E-05 0.0369635 0.34868 0.0867873 0.209647 0.317823
9.99911E-05 0.385075 0.0220241 0.168597 0.122019 0.302185
0.0558229 0.0347095 0.00039723 0.148334 0.668485 0.0922508
0.165279 9.9991E-05 0.331692 0.156741 0.257711 0.0884762
9.996E-05 0.9995 9.996E-05 9.996E-05 9.996E-05 9.996E-05
0.293252 0.314449 9.9991E-05 0.0117963 0.374293 0.00610975
0.132026 0.0968502 0.12882 0.173219 0.468985 9.9991E-05
0.580199 0.216945 0.0632848 0.0477997 9.9991E-05 0.0916708
0.550101 0.449499 9.99643E-05 9.99643E-05 9.99643E-05 9.99643E-05
0.339208 9.9991E-05 0.157758 0.422482 0.0687213 0.0117307
9.9991E-05 0.0328205 0.197262 0.15508 0.287039 0.327699
9.996E-05 9.996E-05 9.996E-05 9.996E-05 0.9995 9.996E-05
9.99911E-05 0.228831 0.205452 0.0792527 0.15968 0.326685
0.153063 0.20375 0.251203 0.176381 9.9991E-05 0.215504
0.0611236 9.99732E-05 9.99732E-05 0.293145 0.645431 9.99732E-05
0.0492731 0.10047 0.194652 9.9991E-05 0.408583 0.246922
0.421288 0.0908727 0.190941 9.99821E-05 0.296699 9.99821E-05
0.164134 9.99821E-05 9.99821E-05 0.414323 0.00587061 0.415473
0.0956624 0.0374261 0.0932125 0.380448 0.393151 9.9991E-05
9.99732E-05 0.0764423 9.99732E-05 9.99732E-05 0.541884 0.381374
0.161517 0.190671 9.99911E-05 0.254055 0.251692 0.141966
9.99642E-05 9.99642E-05 0.329612 9.99642E-05 9.99642E-05 0.669988
9.99732E-05 9.99732E-05 0.342302 0.192449 9.99732E-05 0.464949
0.427786 0.0318329 0.540081 9.99731E-05 9.99731E-05 9.99731E-05
0.0953104 0.0592606 9.99732E-05 9.99732E-05 9.99732E-05 0.845129
0.300601 0.200214 0.113921 0.280125 0.0403005 0.0648391
0.343284 0.0669671 0.0160751 0.169158 9.9991E-05 0.404416
9.99911E-05 0.200354 0.040273 0.14019 0.608749 0.0103346
9.99731E-05 9.99731E-05 0.765422 9.99731E-05 0.229 0.00527761
0.556299 0.0818094 9.99732E-05 9.99732E-05 0.361592 9.99732E-05
0.206848 9.9991E-05 0.117095 0.0221227 0.476693 0.17714
9.99821E-05 0.0624753 0.286303 0.251449 0.399573 9.99821E-05
9.9982E-05 0.0191074 0.409802 0.313538 9.9982E-05 0.257353
