0.410465 0.321238 0.045993 0.222304
0.402874 0.224278 0.106754 0.266094
0.30611 0.3607 0.333091 9.9991E-05
0.301005 0.363163 0.101003 0.234828
0.0945807 0.430207 9.9991E-05 0.475112
0.417113 0.326313 0.256474 9.9991E-05
0.16712 0.194451 9.99911E-05 0.63833
0.920711 0.0790891 9.99821E-05 9.99821E-05
9.999E-05 0.138217 0.475957 0.385726
9.999E-05 0.0895763 0.741518 0.168805
0.150321 0.110669 0.622236 0.116773
0.0490918 0.103911 9.99911E-05 0.846898
0.414659 0.189657 9.99911E-05 0.395584
0.471884 0.286233 9.9991E-05 0.241783
0.377633 9.99911E-05 0.00866328 0.613604
0.437284 0.360934 9.99911E-05 0.201682
0.236403 0.0830974 0.366509 0.31399
0.0467463 0.230756 0.416799 0.305699
0.525667 9.9991E-05 0.240412 0.233821
0.534005 0.152183 0.217441 0.0963705
9.99911E-05 0.114464 0.864889 0.0205469
0.322882 0.266245 0.110753 0.30012
0.385681 0.288836 0.163902 0.161581
0.0841303 0.870923 0.00529649 0.03965
0.00778118 0.426768 0.565351 9.99911E-05
0.20366 0.510767 0.0293352 0.256237
0.0566623 0.163602 0.178174 0.601561
0.539605 9.99911E-05 0.362255 0.0980403
0.757179 9.99821E-05 0.242621 9.99821E-05
0.0273132 0.961353 9.99911E-05 0.0112341
0.109776 9.99911E-05 0.518553 0.37157
0.702949 9.99821E-05 9.99821E-05 0.296851
9.99911E-05 0.00406354 0.911647 0.0841899
0.63553 0.193747 9.9991E-05 0.170623
0.429033 0.532227 9.9991E-05 0.0386403
0.352544 0.103497 0.351097 0.192863
0.522023 9.99911E-05 0.187294 0.290583
9.99821E-05 0.221307 0.778493 9.99821E-05
0.414822 0.202856 0.139875 0.242447
0.575405 0.193485 9.9991E-05 0.23101
9.99911E-05 0.426772 0.176526 0.396602
9.99911E-05 0.0819492 0.146992 0.770959
0.507889 0.293463 0.117141 0.0815063
0.458892 0.253788 0.136542 0.150778
0.786247 0.0522872 9.9991E-05 0.161366
0.528065 0.101755 0.0464459 0.323734
0.302981 0.131079 0.164837 0.401103
0.0666284 9.9991E-05 0.480811 0.452461
0.65304 0.00262555 9.99911E-05 0.344235
0.710055 0.277686 9.9991E-05 0.0121591
0.463367 0.535055 0.00147747 9.9991E-05
0.233861 0.0728255 0.65416 0.039154
0.0590338 0.378901 0.12437 0.437696
0.846084 0.130638 0.0231781 9.9991E-05
0.411833 9.99911E-05 0.156154 0.431913
0.116154 9.99911E-05 0.30535 0.578396
0.121688 0.467769 9.9991E-05 0.410444
0.260786 9.99911E-05 0.100302 0.638812
0.474754 9.9991E-05 0.20387 0.321276
0.328948 0.161357 0.290188 0.219507
0.683902 0.250041 9.99911E-05 0.0659566
9.9982E-05 0.193995 9.9982E-05 0.805805
0.077238 0.020291 0.236042 0.666429
0.249101 0.750699 9.99821E-05 9.99821E-05
0.40518 0.27732 0.165853 0.151646
0.178365 0.22999 0.179395 0.41225
0.488733 0.445108 0.0319461 0.0342128
0.253426 0.0681955 0.0349083 0.64347
0.601714 9.99821E-05 9.99821E-05 0.398086
0.424825 0.217226 0.223924 0.134024
0.119528 0.0958679 0.311155 0.473449
9.99821E-05 0.126047 9.99821E-05 0.873753
0.609683 9.99911E-05 0.138654 0.251563
0.48114 0.0435793 9.99911E-05 0.475181
0.769793 0.230007 9.99822E-05 9.99822E-05
0.214786 9.99821E-05 9.99821E-05 0.785014
0.224825 0.325152 9.99911E-05 0.449923
9.9991E-05 0.0880756 0.465134 0.44669
0.660003 0.195989 0.0499652 0.0940429
0.735796 0.00858867 0.126678 0.128937
0.698246 0.0420767 9.99911E-05 0.259577
0.382364 0.345986 0.18637 0.0852803
0.542149 9.99911E-05 0.436303 0.0214474
0.415673 0.449903 0.134324 9.9991E-05
0.052901 0.276249 0.209712 0.461138
0.362977 0.0802499 0.185147 0.371626
0.204402 9.99911E-05 0.676848 0.118651
0.178122 0.790875 9.99911E-05 0.0309032
0.229648 0.266331 0.503921 9.99911E-05
0.531148 9.99821E-05 0.468652 9.99821E-05
9.998E-05 0.9997 9.998E-05 9.998E-05
0.0160248 0.30116 9.99911E-05 0.682715
9.99821E-05 0.182493 9.99821E-05 0.817307
0.238088 0.175332 0.571015 0.0155654
9.9991E-05 0.0155616 0.0514215 0.932917
0.371286 0.152341 0.261508 0.214865
0.0507412 0.20074 0.493394 0.255126
0.100647 9.9991E-05 0.252515 0.646738
0.365288 0.634512 9.9982E-05 9.9982E-05
9.9991E-05 0.642093 0.10069 0.257117
9.99911E-05 0.156643 0.591417 0.251841
9.99821E-05 0.872061 0.127739 9.99821E-05
9.998E-05 9.998E-05 0.9997 9.998E-05
9.99821E-05 0.0747158 0.925084 9.99821E-05
0.716663 9.9991E-05 0.148666 0.134571
0.271224 0.210478 9.9991E-05 0.518198
0.481513 0.038694 0.157972 0.321821
0.649788 9.99911E-05 0.339059 0.0110533
0.782892 0.0882726 0.0285532 0.100282
0.42859 0.226865 0.344445 9.99911E-05
0.202422 0.379725 9.99911E-05 0.417752
0.729537 0.262942 9.9991E-05 0.00742046
0.270395 0.729405 9.99822E-05 9.99822E-05
0.916308 0.0834917 9.99821E-05 9.99821E-05
9.998E-05 0.9997 9.998E-05 9.998E-05
0.0989629 9.99911E-05 0.391824 0.509113
0.541544 0.228366 9.99911E-05 0.22999
0.454166 0.0865863 9.99911E-05 0.459148
0.426732 0.313753 0.230999 0.0285155
0.759122 0.0785171 0.162261 9.9991E-05
9.9991E-05 0.731286 0.0925954 0.176018
0.195318 0.299816 0.362362 0.142505
0.833064 0.166736 9.99821E-05 9.99821E-05
0.588147 0.020498 0.117477 0.273878
0.420948 0.160438 0.359816 0.0587976
0.244511 0.0080444 0.395932 0.351513
0.108898 0.292563 9.99911E-05 0.598439
0.605841 0.150492 0.0334052 0.210262
0.434505 0.309498 0.255898 9.99911E-05
0.231533 0.162657 0.434082 0.171728
9.99821E-05 9.99821E-05 0.376044 0.623756
0.586474 0.036939 0.34302 0.0335663
0.184321 9.9991E-05 0.260914 0.554665
0.347669 9.9991E-05 0.570745 0.0814861
0.117078 9.9991E-05 0.501495 0.381326
0.673175 0.122448 0.204277 9.99911E-05
0.9997 9.998E-05 9.998E-05 9.998E-05
0.765343 0.234457 9.99822E-05 9.99822E-05
0.294517 0.0160424 0.42753 0.261911
0.814794 0.185006 9.99821E-05 9.99821E-05
0.507632 0.116413 0.375855 9.99911E-05
0.119934 0.184477 0.695489 9.99911E-05
0.0465071 0.151829 0.347649 0.454014
9.99911E-05 0.217358 0.597602 0.18494
0.023224 0.645177 0.0630887 0.268511
0.833524 0.0402634 0.126113 9.9991E-05
9.998E-05 9.998E-05 9.998E-05 0.9997
0.369102 0.250885 0.379913 9.9991E-05
0.186439 0.636002 9.99911E-05 0.177459
0.0916299 0.0444482 0.24929 0.614632
0.560766 0.0201672 0.111686 0.307381
0.228833 9.99821E-05 9.99821E-05 0.770967
0.722019 0.01125 0.0482283 0.218503
0.3525 0.111704 0.325252 0.210544
0.145786 0.585018 0.0658315 0.203365
0.498135 9.99911E-05 0.368905 0.132861
0.362406 0.13497 0.502524 9.99911E-05
0.214276 0.336635 0.190085 0.259003
0.786789 0.213012 9.99821E-05 9.99821E-05
0.375492 0.177563 0.310227 0.136718
9.998E-05 9.998E-05 9.998E-05 0.9997
0.0908588 0.138208 9.9991E-05 0.770833
0.832629 0.116238 0.0510327 9.99911E-05
0.135315 9.99911E-05 0.164847 0.699739
0.112776 9.99822E-05 9.99822E-05 0.887024
0.406395 0.26287 0.0931213 0.237613
0.381645 0.300551 0.167078 0.150726
0.9997 9.998E-05 9.998E-05 9.998E-05
0.517955 9.99911E-05 0.0624227 0.419522
0.20952 0.183998 0.277746 0.328736
0.690574 0.309226 9.99821E-05 9.99821E-05
0.885321 9.9991E-05 0.0445932 0.0699859
0.382558 9.9991E-05 0.413744 0.203598
0.180359 0.434248 0.145088 0.240305
0.590729 0.299959 0.109212 9.9991E-05
0.678198 9.99821E-05 9.99821E-05 0.321602
0.181405 0.29776 0.101826 0.419009
0.0187858 0.228171 0.752943 9.99911E-05
0.221794 0.226814 0.394859 0.156533
0.0597964 9.99911E-05 0.485654 0.454449
9.99821E-05 9.99821E-05 0.24986 0.74994
0.0921545 0.0575918 0.391516 0.458738
0.266963 0.294987 9.9991E-05 0.437949
0.88651 9.99822E-05 9.99822E-05 0.11329
0.278264 9.99821E-05 0.721536 9.99821E-05
0.429186 9.99822E-05 9.99822E-05 0.570614
0.619594 0.0462823 0.164918 0.169206
0.368731 0.313669 0.3175 9.99911E-05
0.215891 0.313134 0.470875 9.9991E-05
