0.0789931 0.0035684 0.694781 9.9973E-05 0.0392622 9.9973E-05 9.9973E-05 0.111662 0.0035108 0.0679222
0.267766 0.10288 0.0667986 0.122249 0.00192461 0.0139939 0.0650627 0.263454 9.9991E-05 0.0957708
0.413181 0.106464 9.99639E-05 9.99639E-05 0.0396564 9.99639E-05 0.105679 0.279367 9.99639E-05 0.0552535
9.9973E-05 0.132237 0.183336 9.9973E-05 0.110665 0.100984 0.0530305 0.359607 0.0598402 9.9973E-05
0.210466 9.9982E-05 9.9982E-05 0.289294 0.0706836 0.090024 0.0419765 0.130063 0.0740037 0.0932885
0.0719641 9.9964E-05 9.9964E-05 0.275702 0.0163379 0.0875372 9.9964E-05 0.463847 0.0842113 9.9964E-05
0.0627216 0.0270226 0.153465 0.0211076 0.0708576 0.0788037 0.0474223 0.261679 9.9991E-05 0.27682
0.189823 0.0759472 0.140368 0.297615 0.0427523 9.9982E-05 0.0499517 0.142799 9.9982E-05 0.0605434
0.407263 9.9973E-05 0.00597435 0.103016 0.0210402 0.199371 0.0527643 9.9973E-05 9.9973E-05 0.210271
9.9964E-05 9.9964E-05 9.9964E-05 0.0356483 0.0570531 0.12809 0.100064 9.9964E-05 0.170709 0.508036
0.714091 9.99549E-05 9.99549E-05 0.139175 0.0109247 9.99549E-05 9.99549E-05 9.99549E-05 0.0612404 0.07407
0.00655401 9.99459E-05 0.00461221 0.0834617 9.99459E-05 0.904772 9.99459E-05 9.99459E-05 9.99459E-05 9.99459E-05
0.310986 9.99639E-05 9.99639E-05 0.189725 0.0576046 9.99639E-05 9.99639E-05 0.223561 0.104278 0.113446
9.9982E-05 0.0783761 0.216597 0.279719 0.0340813 0.043635 0.0696345 9.9982E-05 0.0193909 0.258366
9.9937E-05 0.0186003 9.9937E-05 0.952235 0.0284652 9.9937E-05 9.9937E-05 9.9937E-05 9.9937E-05 9.9937E-05
9.999E-05 0.26668 0.160977 0.193913 0.0995009 0.0900956 0.125078 0.0191307 0.0139797 0.0305447
9.99369E-05 0.00234511 9.99369E-05 0.978698 9.99369E-05 9.99369E-05 9.99369E-05 9.99369E-05 0.0182573 9.99369E-05
0.0123818 9.9982E-05 0.184916 0.184289 0.134527 9.9982E-05 0.150795 0.235054 0.0442615 0.0535752
0.287817 9.99639E-05 0.0619657 0.232417 0.103519 0.243988 9.99639E-05 0.0698934 9.99639E-05 9.99639E-05
0.206142 0.0496059 0.070045 9.9982E-05 0.00995054 0.0717693 0.142619 0.312779 9.9982E-05 0.136889
0.174438 9.99729E-05 0.0564145 0.141803 0.0476033 9.99729E-05 9.99729E-05 0.205541 0.0886455 0.285254
0.606841 0.0414959 9.9964E-05 0.211673 0.0438641 0.0398582 9.9964E-05 0.0558671 9.9964E-05 9.9964E-05
0.205424 0.105204 0.0553418 0.148595 0.103818 9.9982E-05 0.0946046 0.266961 0.0198513 9.9982E-05
0.224297 9.99639E-05 0.0989056 0.0303555 9.99639E-05 0.0809955 0.182279 0.382768 9.99639E-05 9.99639E-05
0.738816 9.99461E-05 9.99461E-05 0.0582191 0.0695188 9.99461E-05 9.99461E-05 9.99461E-05 0.132846 9.99461E-05
9.9973E-05 0.123133 0.230915 0.195079 9.9973E-05 0.0524442 0.0790332 0.151667 9.9973E-05 0.16743
0.142563 0.218269 0.0247956 0.138433 0.064435 0.0673909 0.0854301 0.0913713 0.0546006 0.112712
0.209604 0.0660878 0.237949 0.214651 0.0405389 0.0284893 0.156335 9.9991E-05 0.00922035 0.037025
0.153189 9.9973E-05 0.0291831 0.2692 9.9973E-05 9.9973E-05 0.0929177 0.389814 0.0324765 0.0329198
9.99729E-05 0.131114 0.121433 9.99729E-05 0.0204285 9.99729E-05 0.579657 0.0273589 0.00711423 0.112595
0.276383 0.022345 9.9982E-05 0.215692 9.9982E-05 0.100448 0.00258279 0.251498 0.041227 0.0896246
0.240505 0.0408701 0.0591214 9.9982E-05 0.0367676 0.362754 0.0215865 0.0207415 9.9982E-05 0.217454
0.0430701 9.9982E-05 0.0829941 0.219409 0.0500338 0.0301627 0.0512517 0.420651 9.9982E-05 0.102228
9.99729E-05 0.111583 9.99729E-05 0.304848 0.0454378 0.00588312 9.99729E-05 0.333396 0.0395289 0.159023
9.9955E-05 9.9955E-05 0.093252 0.379847 0.0578905 0.375851 9.9955E-05 9.9955E-05 0.0926596 9.9955E-05
9.99201E-05 9.99201E-05 0.999101 9.99201E-05 9.99201E-05 9.99201E-05 9.99201E-05 9.99201E-05 9.99201E-05 9.99201E-05
9.9955E-05 0.0149651 0.230241 9.9955E-05 9.9955E-05 0.195919 9.9955E-05 0.390274 0.168101 9.9955E-05
0.293141 9.9964E-05 0.222715 0.0366881 9.9964E-05 9.9964E-05 0.00589708 9.9964E-05 0.0422236 0.398935
9.9955E-05 9.9955E-05 9.9955E-05 0.231653 9.9955E-05 0.401993 0.0905811 0.247485 0.0277874 9.9955E-05
0.00782589 0.227315 0.019389 9.99729E-05 0.12522 0.0977978 9.99729E-05 0.324007 9.99729E-05 0.198146
0.768399 0.104064 9.9964E-05 0.0188637 0.0173965 9.9964E-05 0.0590729 9.9964E-05 0.031804 9.9964E-05
0.0163105 0.0401462 0.193737 9.9982E-05 0.0585888 9.9982E-05 0.0138087 0.44822 0.034368 0.194621
0.292584 0.0991819 0.0982 0.0665142 0.0418246 0.18789 9.9982E-05 0.100904 0.112702 9.9982E-05
0.11504 9.9964E-05 0.311806 9.9964E-05 9.9964E-05 0.351814 0.108046 0.0736999 9.9964E-05 0.0391952
0.104995 0.0150865 0.0778301 9.9973E-05 0.0324028 0.241403 0.011414 9.9973E-05 9.9973E-05 0.516568
9.9973E-05 9.9973E-05 0.196796 0.102946 0.0171932 0.364801 9.9973E-05 0.0208947 0.0959338 0.201135
0.165189 9.9991E-05 0.147679 0.0235095 0.0205857 0.094107 0.0804393 0.338987 0.0222902 0.107113
0.0194996 0.0797114 0.00342435 0.0666332 9.9973E-05 0.279972 0.00181366 0.548646 9.9973E-05 9.9973E-05
0.426867 0.06257 9.9973E-05 0.181045 0.0672212 9.9973E-05 0.027572 0.222067 0.0123586 9.9973E-05
0.0148191 0.152841 0.0787036 0.149397 0.069242 0.126554 0.065194 0.237048 9.9991E-05 0.106102
0.171695 9.9964E-05 9.9964E-05 0.234079 0.113141 9.9964E-05 0.0256234 9.9964E-05 0.0143362 0.440726
9.9973E-05 0.109896 9.9973E-05 0.0415136 0.10728 0.0352964 0.0764624 0.216712 9.9973E-05 0.412541
9.9964E-05 0.490702 9.9964E-05 0.0868272 9.9964E-05 0.304666 0.0463533 0.0672621 0.00378914 9.9964E-05
0.0680299 0.104853 0.0806438 0.247342 0.0385212 9.9982E-05 0.0837568 0.202995 0.173658 9.9982E-05
0.442787 0.168221 9.9955E-05 9.9955E-05 9.9955E-05 0.132293 0.220251 9.9955E-05 9.9955E-05 0.0359485
9.9955E-05 9.9955E-05 9.9955E-05 0.0328737 0.0806959 0.119501 9.9955E-05 0.423745 9.9955E-05 0.342684
0.360214 0.169768 0.014865 9.99551E-05 9.99551E-05 0.420948 9.99551E-05 9.99551E-05 0.0337063 9.99551E-05
0.626175 9.9964E-05 0.0995963 9.9964E-05 0.00276558 0.187812 0.0343699 9.9964E-05 0.0488809 9.9964E-05
9.99729E-05 0.171933 9.99729E-05 9.99729E-05 0.0590218 0.293864 0.0222341 0.112416 0.0107108 0.32952
0.109252 9.99729E-05 0.0769326 0.0938017 0.0629134 0.201001 9.99729E-05 9.99729E-05 0.0606427 0.395157
0.00960339 9.99549E-05 9.99549E-05 9.99549E-05 0.00874201 9.99549E-05 0.0346727 0.92015 9.99549E-05 0.0263322
9.9955E-05 9.9955E-05 9.9955E-05 0.198498 0.129911 9.9955E-05 9.9955E-05 0.189975 0.057469 0.423647
9.9964E-05 9.9964E-05 0.125721 0.198829 0.0336398 0.305936 0.0217033 0.313771 9.9964E-05 9.9964E-05
9.9937E-05 9.9937E-05 0.0725966 9.9937E-05 0.106808 9.9937E-05 0.819896 9.9937E-05 9.9937E-05 9.9937E-05
9.9964E-05 0.134985 0.288004 9.9964E-05 9.9964E-05 0.11319 9.9964E-05 0.257709 0.101592 0.10412
9.9955E-05 0.0382155 0.844067 0.0449794 9.9955E-05 9.9955E-05 9.9955E-05 0.0590955 0.0131425 9.9955E-05
0.254196 9.9964E-05 0.351572 9.9964E-05 0.00780016 9.9964E-05 9.9964E-05 0.281949 0.0640111 0.0400721
0.359343 9.9955E-05 9.9955E-05 0.343962 9.9955E-05 0.0269155 0.0628232 0.206457 9.9955E-05 9.9955E-05
0.0386169 9.9955E-05 0.263571 0.0891405 0.0289057 9.9955E-05 9.9955E-05 0.579266 9.9955E-05 9.9955E-05
0.285442 0.18906 9.9982E-05 0.148989 0.0381956 9.9982E-05 0.0604767 0.17255 0.0503668 0.0547208
9.9946E-05 9.9946E-05 9.9946E-05 9.9946E-05 0.0338779 9.9946E-05 0.0327635 0.160899 9.9946E-05 0.77186
0.142388 0.0238161 0.208306 0.527759 0.0855209 0.00104598 9.9973E-05 9.9973E-05 0.0108637 9.9973E-05
0.181029 9.9982E-05 0.105209 0.271036 0.123448 0.0436016 0.0347677 0.226986 9.9982E-05 0.0137212
0.44244 0.0656132 9.9973E-05 0.241195 9.9973E-05 0.0546857 0.027608 0.144642 0.0235165 9.9973E-05
0.046619 0.0958379 9.9964E-05 0.487684 9.9964E-05 0.0581174 0.164992 9.9964E-05 0.146349 9.9964E-05
9.996E-05 0.284059 9.996E-05 0.0928179 0.0136643 0.268885 9.996E-05 9.996E-05 0.0302744 0.3099
9.9946E-05 9.9946E-05 9.9946E-05 0.0192919 0.0773824 0.388159 9.9946E-05 0.514567 9.9946E-05 9.9946E-05
9.99459E-05 0.00608914 9.99459E-05 9.99459E-05 0.00866415 9.99459E-05 9.99459E-05 0.792577 9.99459E-05 0.192071
9.99369E-05 9.99369E-05 9.99369E-05 0.0167405 9.99369E-05 9.99369E-05 9.99369E-05 0.860664 9.99369E-05 0.121895
9.99639E-05 9.99639E-05 9.99639E-05 0.167136 0.033206 9.99639E-05 0.0744216 0.489583 0.00335833 0.231895
0.246833 0.0419835 0.129876 0.196673 0.08794 9.9991E-05 0.0702047 0.0467995 0.00624301 0.173348
0.0835788 9.9982E-05 0.189594 0.0874487 0.0275423 0.157697 0.0176136 0.394626 0.0416998 9.9982E-05
0.00833826 0.0570369 0.127039 9.9982E-05 9.9982E-05 0.302577 0.254206 0.026271 0.0101934 0.214138
9.9973E-05 0.0729037 9.9973E-05 0.194577 0.0834203 9.9973E-05 0.0788291 0.362188 0.0280566 0.179725
0.177564 9.9973E-05 0.0239998 0.14956 0.049279 9.9973E-05 0.0733008 0.49328 0.0327167 9.9973E-05
0.656753 0.0656767 0.0696733 9.9946E-05 9.9946E-05 9.9946E-05 9.9946E-05 9.9946E-05 9.9946E-05 0.207297
9.99639E-05 9.99639E-05 0.72442 0.0924947 0.00427269 9.99639E-05 0.0207517 0.109085 9.99639E-05 0.0485758
9.99371E-05 9.99371E-05 9.99371E-05 9.99371E-05 0.0651903 0.169192 9.99371E-05 9.99371E-05 9.99371E-05 0.764918
0.0624691 0.0414987 0.296244 0.269068 0.0167764 9.9982E-05 0.168769 0.074878 0.0700969 9.9982E-05
0.630634 9.9946E-05 0.0219921 9.9946E-05 0.0666094 0.280165 9.9946E-05 9.9946E-05 9.9946E-05 9.9946E-05
9.99279E-05 9.99279E-05 9.99279E-05 9.99279E-05 9.99279E-05 9.99279E-05 0.982979 9.99279E-05 0.0162211 9.99279E-05
0.498424 9.9955E-05 9.9955E-05 0.192334 0.0532526 9.9955E-05 9.9955E-05 9.9955E-05 0.0952869 0.160203
0.0151212 0.06024 0.239382 9.9964E-05 0.0411731 0.192404 9.9964E-05 0.451279 9.9964E-05 9.9964E-05
0.300838 0.113437 0.0504567 0.443294 0.0649831 9.9964E-05 9.9964E-05 0.0265915 9.9964E-05 9.9964E-05
0.0719997 9.9964E-05 0.200452 9.9964E-05 0.0464923 9.9964E-05 9.9964E-05 0.621266 0.0115122 0.0478772
0.134189 9.9982E-05 0.111277 0.0573294 9.9982E-05 0.0715353 0.083281 0.399894 0.0212856 0.121009
0.561917 0.0467921 0.15784 9.9973E-05 9.9973E-05 0.00262087 0.0217169 9.9973E-05 0.0181946 0.190618
9.99641E-05 9.99641E-05 9.99641E-05 9.99641E-05 0.0308157 0.113436 0.0527999 0.694112 0.0747779 0.0336578
0.10073 9.9982E-05 0.0346117 0.0344841 0.131352 0.220608 0.396333 0.0756906 9.9982E-05 0.00598999
0.23606 9.99639E-05 0.0397012 0.212067 9.99639E-05 0.0633204 0.295233 0.153218 9.99639E-05 9.99639E-05
0.208451 0.042702 0.143823 0.192589 0.0189993 0.137364 0.110639 0.0574612 0.00557181 0.0823999
9.99201E-05 9.99201E-05 9.99201E-05 9.99201E-05 9.99201E-05 9.99201E-05 0.999101 9.99201E-05 9.99201E-05 9.99201E-05
0.313328 0.0271948 9.9982E-05 0.260411 0.0182057 9.9982E-05 0.0482981 0.208755 0.0765229 0.0470845
9.99279E-05 9.99279E-05 9.99279E-05 9.99279E-05 9.99279E-05 9.99279E-05 9.99279E-05 9.99279E-05 0.924423 0.0747771
0.213278 0.118853 0.0615834 0.237275 9.9973E-05 0.292973 9.9973E-05 9.9973E-05 0.0477189 0.0280196
0.278464 0.107459 0.0192018 0.18759 9.9982E-05 0.184479 0.0138859 0.00835011 9.9982E-05 0.200371
9.99549E-05 0.133681 0.225225 0.211412 9.99549E-05 9.99549E-05 9.99549E-05 0.118067 9.99549E-05 0.311116
0.190794 0.0678217 0.301731 0.0385614 0.0962779 9.9982E-05 9.9982E-05 0.0118829 0.0982917 0.194439
0.149462 0.043582 9.9991E-05 0.405245 0.0400692 0.0206753 0.091625 0.00999761 0.0067933 0.23245
0.265846 9.9973E-05 0.226161 9.9973E-05 0.0116945 0.0507357 0.00566565 0.233758 9.9973E-05 0.20584
9.9973E-05 0.0594938 0.0716433 0.214615 0.0270195 0.0157966 9.9973E-05 0.479165 0.131966 9.9973E-05
0.481728 9.9955E-05 9.9955E-05 9.9955E-05 0.0491398 0.0606742 0.123347 9.9955E-05 9.9955E-05 0.284611
0.153793 0.0833151 0.024945 9.9991E-05 0.0137605 0.233536 0.0218744 0.238212 0.0364258 0.194038
9.99729E-05 9.99729E-05 9.99729E-05 0.152895 0.0252695 0.126678 0.396816 0.227375 0.0282734 0.0423925
9.9982E-05 0.00784955 0.133875 0.286235 0.0467206 0.0433916 9.9982E-05 0.386464 0.0870016 0.00826273
9.99201E-05 9.99201E-05 9.99201E-05 9.99201E-05 9.99201E-05 9.99201E-05 0.999101 9.99201E-05 9.99201E-05 9.99201E-05
0.422382 9.9964E-05 0.0258751 0.292269 9.9964E-05 0.113799 9.9964E-05 0.0483628 0.0969119 9.9964E-05
9.99549E-05 9.99549E-05 0.472631 9.99549E-05 0.0751408 9.99549E-05 9.99549E-05 0.145623 0.0101811 0.295924
0.10973 9.9955E-05 9.9955E-05 9.9955E-05 0.00781806 0.336069 0.0339432 0.51194 9.9955E-05 9.9955E-05
9.99549E-05 9.99549E-05 0.15056 0.278391 0.0646814 0.226239 9.99549E-05 9.99549E-05 9.99549E-05 0.279629
9.9982E-05 0.214869 0.00937561 9.9982E-05 0.0449148 0.150961 0.0273669 0.488161 0.0410267 0.0231246
0.0985105 9.9982E-05 0.169413 0.196323 0.0758037 9.9982E-05 0.348863 0.0806837 0.0137725 0.01643
0.0588096 0.0278648 9.9982E-05 9.9982E-05 0.0496568 0.168906 0.141616 0.347104 0.0393628 0.166481
9.9955E-05 0.198979 9.9955E-05 9.9955E-05 9.9955E-05 0.25622 9.9955E-05 0.272573 0.0392767 0.232451
0.358428 0.0241956 0.02182 0.0711398 0.0648655 0.136246 0.199878 0.0119969 9.9991E-05 0.11133
9.99461E-05 9.99461E-05 9.99461E-05 0.659815 9.99461E-05 0.073008 9.99461E-05 0.198201 9.99461E-05 0.0683757
0.623762 0.0370853 9.9964E-05 0.130544 0.0485212 0.103636 9.9964E-05 9.9964E-05 9.9964E-05 0.0560512
0.35443 9.9973E-05 0.0497617 0.0355243 9.9973E-05 0.0929872 0.132263 0.286371 0.0483632 9.9973E-05
0.0978949 0.114829 9.99639E-05 9.99639E-05 0.0155496 0.70247 9.99639E-05 0.0683558 0.000501205 9.99639E-05
0.144625 9.9955E-05 0.0644484 0.0713664 9.9955E-05 9.9955E-05 0.074578 9.9955E-05 9.9955E-05 0.644483
9.9973E-05 9.9973E-05 0.476643 0.0734255 0.0503181 0.130608 0.00547988 0.203181 9.9973E-05 0.0600451
9.9973E-05 9.9973E-05 0.0900447 0.0770325 0.133275 0.0952432 9.9973E-05 0.545383 0.0232993 0.0354227
9.9946E-05 9.9946E-05 9.9946E-05 0.0597462 9.9946E-05 9.9946E-05 0.2489 0.127368 9.9946E-05 0.563386
0.0840803 0.0438899 0.0164504 0.412169 0.021087 9.9982E-05 0.0780145 0.138763 9.9982E-05 0.205346
0.118761 0.0295519 0.0767214 9.9991E-05 0.0142816 0.204178 0.0489503 0.469074 0.0163043 0.0220782
9.9955E-05 9.9955E-05 9.9955E-05 9.9955E-05 0.0400637 0.172287 0.0210107 0.265171 9.9955E-05 0.500967
9.99369E-05 0.779478 9.99369E-05 9.99369E-05 9.99369E-05 0.187847 9.99369E-05 0.0319748 9.99369E-05 9.99369E-05
9.99201E-05 0.999101 9.99201E-05 9.99201E-05 9.99201E-05 9.99201E-05 9.99201E-05 9.99201E-05 9.99201E-05 9.99201E-05
0.416784 0.056478 0.0496253 9.9991E-05 0.0449625 0.109826 0.0502579 0.00220072 0.00963147 0.260134
9.9946E-05 9.9946E-05 9.9946E-05 9.9946E-05 0.0761981 0.314661 9.9946E-05 0.515098 0.0934433 9.9946E-05
0.0608559 9.9973E-05 9.9973E-05 9.9973E-05 0.0530725 0.37005 0.0961273 0.1875 0.0750453 0.157049
0.191954 0.0578172 9.9964E-05 0.344007 0.0430596 9.9964E-05 9.9964E-05 0.10034 9.9964E-05 0.262423
0.214743 0.0168359 9.9991E-05 0.0328856 0.0453678 0.176132 0.178462 0.128001 0.0818898 0.125583
0.415366 9.9982E-05 0.135715 9.9982E-05 0.0655097 0.0645679 0.124664 0.0700322 0.0168581 0.107088
0.0701436 0.0513588 0.0898222 0.0761707 0.0727326 9.9982E-05 0.0670821 0.571345 0.00114494 9.9982E-05
0.0957137 9.9973E-05 0.201309 0.174006 0.107908 9.9973E-05 0.29811 0.077953 0.0446996 9.9973E-05
0.249093 9.9973E-05 0.208267 0.365008 9.9973E-05 0.0305696 0.0150584 0.0474778 0.0842269 9.9973E-05
9.99201E-05 9.99201E-05 9.99201E-05 9.99201E-05 0.999101 9.99201E-05 9.99201E-05 9.99201E-05 9.99201E-05 9.99201E-05
9.9964E-05 0.0438461 0.549369 9.9964E-05 0.0407774 0.115799 9.9964E-05 0.169756 0.0800525 9.9964E-05
0.298332 0.160125 0.0920681 9.9964E-05 0.0526267 9.9964E-05 9.9964E-05 0.216956 0.179492 9.9964E-05
9.99279E-05 9.99279E-05 9.99279E-05 9.99279E-05 9.99279E-05 0.942882 9.99279E-05 9.99279E-05 0.0563185 9.99279E-05
0.364779 0.0258903 0.0314 9.9973E-05 0.0696989 9.9973E-05 9.9973E-05 0.0207788 0.112873 0.374281
0.351664 0.000227554 9.9973E-05 9.9973E-05 0.108758 0.14055 0.08913 9.9973E-05 0.0304906 0.27888
0.302278 0.150221 9.9982E-05 0.184853 0.0267973 0.110959 0.0218633 0.193319 9.9982E-05 0.00950892
9.99459E-05 9.99459E-05 0.0558046 0.121117 9.99459E-05 0.781439 9.99459E-05 9.99459E-05 9.99459E-05 0.0410403
0.100408 0.134058 0.0382922 0.242864 0.0564865 0.219312 0.145414 0.0221346 0.0409312 9.9991E-05
0.405117 9.99549E-05 0.154018 9.99549E-05 0.0423522 9.99549E-05 9.99549E-05 0.284448 9.99549E-05 0.113565
0.138474 0.0389647 0.0490901 0.232566 0.0210214 0.0727148 0.0983826 0.193127 0.0192257 0.136433
9.9946E-05 0.155224 0.613485 9.9946E-05 9.9946E-05 9.9946E-05 0.101442 0.129249 9.9946E-05 9.9946E-05
0.0946964 0.0242686 0.0843133 0.30069 0.0220191 0.0756925 0.116919 0.257556 0.0237444 9.9991E-05
0.207893 9.9982E-05 0.0787253 0.038314 0.0372473 0.0630907 9.9982E-05 0.364091 0.0292072 0.181232
9.99201E-05 9.99201E-05 9.99201E-05 9.99201E-05 0.999101 9.99201E-05 9.99201E-05 9.99201E-05 9.99201E-05 9.99201E-05
0.069683 0.0807768 0.0730705 0.426856 0.27678 0.0720375 9.99729E-05 9.99729E-05 9.99729E-05 0.000495477
0.198921 0.206207 0.095542 0.00989736 9.9964E-05 9.9964E-05 9.9964E-05 0.407727 0.0813053 9.9964E-05
0.534739 9.9964E-05 9.9964E-05 0.0573263 0.089532 9.9964E-05 9.9964E-05 0.0444526 0.0300919 0.243458
9.9937E-05 9.9937E-05 0.750403 9.9937E-05 0.0685647 0.180333 9.9937E-05 9.9937E-05 9.9937E-05 9.9937E-05
0.255874 0.0735155 0.0170496 0.041389 0.0578018 0.248011 9.99819E-05 0.301017 0.00514258 9.99819E-05
9.9964E-05 0.0321688 0.0500953 0.20041 9.9964E-05 9.9964E-05 9.9964E-05 0.0913636 0.000122053 0.62544
9.99201E-05 0.999101 9.99201E-05 9.99201E-05 9.99201E-05 9.99201E-05 9.99201E-05 9.99201E-05 9.99201E-05 9.99201E-05
9.9973E-05 0.00317291 0.0724763 0.402862 0.0731703 9.9973E-05 0.0404255 0.252329 9.9973E-05 0.155264
0.0896394 0.166464 0.0531943 0.0725516 9.9982E-05 0.249562 0.0922261 0.0205692 9.9982E-05 0.255593
9.9982E-05 0.205554 9.9982E-05 0.118917 0.100471 0.10126 0.0536035 0.258486 0.0734001 0.0881093
9.9964E-05 9.9964E-05 0.214729 9.9964E-05 0.0792889 0.103476 0.162883 0.325073 9.9964E-05 0.11415
9.99279E-05 0.435909 9.99279E-05 9.99279E-05 9.99279E-05 9.99279E-05 9.99279E-05 9.99279E-05 9.99279E-05 0.563292
9.9973E-05 0.009154 0.207106 0.200217 0.090735 0.0657595 9.9973E-05 0.282136 9.9973E-05 0.144592
0.0465338 9.9964E-05 9.9964E-05 0.168019 9.9964E-05 0.220371 9.9964E-05 0.364855 0.118395 0.0814261
0.0263786 9.9973E-05 0.0729911 0.123355 0.0120428 0.171788 9.9973E-05 0.216647 9.9973E-05 0.376497
9.9955E-05 0.144402 9.9955E-05 0.105482 9.9955E-05 0.660717 9.9955E-05 9.9955E-05 0.0353162 0.0535829
9.9928E-05 9.9928E-05 9.9928E-05 9.9928E-05 9.9928E-05 0.031377 9.9928E-05 9.9928E-05 0.967824 9.9928E-05
0.535167 0.0458664 9.9973E-05 0.0174176 9.9973E-05 0.181209 0.0367221 0.110195 0.0731235 9.9973E-05
9.99201E-05 9.99201E-05 9.99201E-05 0.999101 9.99201E-05 9.99201E-05 9.99201E-05 9.99201E-05 9.99201E-05 9.99201E-05
0.53925 9.9955E-05 0.0387494 0.215373 0.166621 9.9955E-05 0.0395069 9.9955E-05 9.9955E-05 9.9955E-05
0.298058 0.279862 0.257408 9.9964E-05 0.0381601 9.9964E-05 9.9964E-05 0.124265 0.00184655 9.9964E-05
0.256914 0.0226174 0.142613 9.9964E-05 9.9964E-05 9.9964E-05 0.164273 0.217105 9.9964E-05 0.196077
9.9982E-05 0.123372 0.280355 0.0134178 0.0133107 0.0811832 0.0231811 9.9982E-05 0.0317582 0.433222
9.99201E-05 9.99201E-05 9.99201E-05 9.99201E-05 9.99201E-05 9.99201E-05 9.99201E-05 9.99201E-05 0.999101 9.99201E-05
0.0844401 9.9964E-05 0.0307621 0.0652981 0.0858068 9.9964E-05 9.9964E-05 0.280252 9.9964E-05 0.453041
0.0020237 9.9982E-05 0.306968 0.342055 0.0213012 0.00148273 0.0291229 9.9982E-05 0.146719 0.150127
0.466092 0.00668557 0.181655 0.0882371 9.99639E-05 9.99639E-05 9.99639E-05 0.240946 0.0159842 9.99639E-05
9.9964E-05 0.18864 0.130285 0.131633 9.9964E-05 0.0803041 0.0454236 9.9964E-05 9.9964E-05 0.423314
