0.0804473 0.0480699 0.179085 9.99641E-05 0.0493496 0.540113 0.102535 9.99641E-05 9.99641E-05 9.99641E-05
0.0201316 9.9973E-05 0.0722606 9.9973E-05 0.564952 0.187001 0.119772 9.9973E-05 0.0352414 0.000342025
9.99642E-05 9.99642E-05 0.0885877 9.99642E-05 0.313094 0.268722 0.0356439 0.191519 9.99642E-05 0.102033
0.0751983 9.99641E-05 0.362399 0.0629552 9.99641E-05 0.0882762 9.99641E-05 0.140566 0.270206 9.99641E-05
0.108679 9.99731E-05 0.259645 9.99731E-05 0.0167117 0.0839779 0.0718809 9.99731E-05 0.0730293 0.385776
0.0261397 9.9955E-05 0.107381 9.9955E-05 9.9955E-05 0.286519 9.9955E-05 0.248523 0.330938 9.9955E-05
0.0776514 0.112748 9.99641E-05 0.304812 0.221543 9.99641E-05 9.99641E-05 9.99641E-05 0.214855 0.0679913
9.99461E-05 9.99461E-05 9.99461E-05 0.179337 0.0703074 0.447056 9.99461E-05 9.99461E-05 9.99461E-05 0.3027
9.99552E-05 0.0214375 9.99552E-05 0.149699 0.182835 9.99552E-05 0.260454 9.99552E-05 0.385074 9.99552E-05
0.0775734 0.249135 9.99551E-05 9.99551E-05 9.99551E-05 0.0783189 0.312719 0.281753 9.99551E-05 9.99551E-05
0.170652 0.0453432 0.16993 0.00143273 0.0220656 0.165496 0.192129 0.195116 0.0377363 9.9991E-05
0.0585122 9.99641E-05 9.99641E-05 0.228928 9.99641E-05 0.0024517 0.128165 9.99641E-05 0.411466 0.170076
0.00426363 9.99641E-05 0.0636958 0.409261 0.191068 9.99641E-05 0.261108 9.99641E-05 9.99641E-05 0.070204
0.105581 0.115736 0.0748212 9.9973E-05 0.017295 0.155644 9.9973E-05 9.9973E-05 0.161671 0.368952
9.99283E-05 9.99283E-05 9.99283E-05 0.107015 9.99283E-05 9.99283E-05 9.99283E-05 9.99283E-05 0.892185 9.99283E-05
0.206935 9.99642E-05 0.369845 0.0096332 9.99642E-05 0.312138 9.99642E-05 9.99642E-05 0.073041 0.0280088
0.0216993 9.99821E-05 0.000537298 9.99821E-05 0.24399 0.0848664 0.265793 0.0599739 0.303786 0.0191542
0.117713 0.146104 0.230973 9.99641E-05 9.99641E-05 0.111879 9.99641E-05 0.120512 0.272419 9.99641E-05
9.99462E-05 9.99462E-05 9.99462E-05 0.251488 0.210022 0.0935681 0.444323 9.99462E-05 9.99462E-05 9.99462E-05
9.9955E-05 0.140392 0.193387 9.9955E-05 9.9955E-05 0.0163229 9.9955E-05 9.9955E-05 0.391432 0.257967
0.0434939 0.692372 9.99462E-05 9.99462E-05 9.99462E-05 9.99462E-05 9.99462E-05 0.229542 0.0339926 9.99462E-05
9.99641E-05 9.99641E-05 0.116965 0.0041056 0.0773705 0.017217 0.764346 9.99641E-05 9.99641E-05 0.0195963
9.99462E-05 9.99462E-05 0.0818487 9.99462E-05 9.99462E-05 0.155714 9.99462E-05 0.142125 0.619713 9.99462E-05
9.99642E-05 0.0801865 0.32994 9.99642E-05 0.35229 0.147284 9.99642E-05 9.99642E-05 0.077772 0.0121275
0.0923256 0.0414386 0.454804 0.0547769 9.99552E-05 9.99552E-05 9.99552E-05 0.356155 9.99552E-05 9.99552E-05
0.0920223 0.0319717 0.104371 9.99551E-05 9.99551E-05 0.692121 0.0790139 9.99551E-05 9.99551E-05 9.99551E-05
0.339225 0.260093 0.0679788 9.9964E-05 0.0353073 0.0441082 0.252887 9.9964E-05 9.9964E-05 9.9964E-05
9.99463E-05 9.99463E-05 9.99463E-05 9.99463E-05 0.715912 0.0946464 0.0415088 9.99463E-05 0.147333 9.99463E-05
9.9946E-05 9.9946E-05 9.9946E-05 0.425705 0.10925 9.9946E-05 9.9946E-05 0.156641 9.9946E-05 0.307805
9.99374E-05 9.99374E-05 0.915952 9.99374E-05 0.0747445 9.99374E-05 0.00860364 9.99374E-05 9.99374E-05 9.99374E-05
0.184393 0.0619136 9.99642E-05 9.99642E-05 0.209297 0.375942 9.99642E-05 0.0226443 0.145411 9.99642E-05
0.0050527 0.0504159 0.112158 0.297878 9.99551E-05 9.99551E-05 9.99551E-05 9.99551E-05 9.99551E-05 0.533996
9.99551E-05 0.274246 0.00576985 0.082494 9.99551E-05 9.99551E-05 0.435407 0.201584 9.99551E-05 9.99551E-05
0.00607746 9.99731E-05 0.0700614 0.366343 0.0200283 0.176867 0.123637 9.99731E-05 9.99731E-05 0.236686
0.112609 9.9937E-05 0.296433 9.9937E-05 9.9937E-05 0.590258 9.9937E-05 9.9937E-05 9.9937E-05 9.9937E-05
9.99551E-05 0.356424 0.0485005 9.99551E-05 0.138849 0.367757 9.99551E-05 9.99551E-05 9.99551E-05 0.0879702
0.276895 9.99553E-05 9.99553E-05 9.99553E-05 0.0972685 0.483721 0.101559 9.99553E-05 9.99553E-05 0.0400568
9.99373E-05 9.99373E-05 0.0483787 9.99373E-05 9.99373E-05 9.99373E-05 0.548503 0.402418 9.99373E-05 9.99373E-05
0.128391 9.99731E-05 0.0325454 0.323594 0.273892 0.153373 0.0701436 9.99731E-05 0.0177609 9.99731E-05
0.0875832 9.99641E-05 9.99641E-05 0.24878 0.0676791 0.209113 0.129178 0.257267 9.99641E-05 9.99641E-05
9.99552E-05 0.127457 9.99552E-05 0.0337646 0.794879 9.99552E-05 0.0339791 9.99552E-05 0.00942088 9.99552E-05
0.0560207 0.648626 9.99552E-05 0.123299 9.99552E-05 9.99552E-05 9.99552E-05 0.0365515 0.135004 9.99552E-05
9.9955E-05 0.109441 9.9955E-05 9.9955E-05 9.9955E-05 0.188065 0.34783 0.0990156 9.9955E-05 0.255148
0.130973 9.99463E-05 0.069706 9.99463E-05 9.99463E-05 0.644292 9.99463E-05 9.99463E-05 0.154429 9.99463E-05
0.0401218 9.99461E-05 0.131374 0.484118 9.99461E-05 9.99461E-05 9.99461E-05 9.99461E-05 9.99461E-05 0.343786
0.154876 0.0256281 0.0171708 0.277976 9.99731E-05 0.25031 9.99731E-05 0.0630083 0.210732 9.99731E-05
9.99461E-05 0.375901 9.99461E-05 0.284424 9.99461E-05 0.212145 9.99461E-05 9.99461E-05 0.12693 9.99461E-05
0.131067 0.141573 9.99641E-05 9.99641E-05 9.99641E-05 9.99641E-05 0.225502 0.100805 0.297821 0.102831
9.99553E-05 0.262289 9.99553E-05 0.196113 9.99553E-05 0.282613 0.19783 9.99553E-05 0.0606553 9.99553E-05
0.164266 9.9946E-05 0.0507941 0.0237067 9.9946E-05 0.760634 9.9946E-05 9.9946E-05 9.9946E-05 9.9946E-05
9.9946E-05 9.9946E-05 0.368797 9.9946E-05 9.9946E-05 0.494425 9.9946E-05 9.9946E-05 0.0775164 0.0586622
0.0480216 0.15443 9.99641E-05 9.99641E-05 0.209566 9.99641E-05 0.0237781 0.248013 9.99641E-05 0.315792
9.99551E-05 9.99551E-05 0.168617 9.99551E-05 0.138895 0.212478 0.404464 9.99551E-05 0.0750466 9.99551E-05
9.99641E-05 9.99641E-05 0.182372 0.507295 9.99641E-05 0.0479396 9.99641E-05 0.205826 0.0164628 0.0397048
0.0879277 0.170703 9.99462E-05 9.99462E-05 0.0428048 9.99462E-05 9.99462E-05 9.99462E-05 9.99462E-05 0.697965
0.111756 9.99553E-05 9.99553E-05 9.99553E-05 9.99553E-05 0.344188 0.410461 0.00639442 0.1267 9.99553E-05
0.156529 9.99641E-05 0.180764 9.99641E-05 0.365421 0.119725 9.99641E-05 9.99641E-05 0.152281 0.0248807
9.99463E-05 0.00750671 9.99463E-05 9.99463E-05 0.0630419 9.99463E-05 0.288982 9.99463E-05 9.99463E-05 0.63987
0.3395 9.9973E-05 0.0167178 9.9973E-05 0.200021 0.144882 0.0337807 0.0851808 9.9973E-05 0.179617
0.0456728 0.315677 9.9973E-05 9.9973E-05 0.0835103 0.35093 0.120974 0.0751262 0.00780981 9.9973E-05
9.99372E-05 9.99372E-05 0.153105 9.99372E-05 0.5346 0.311596 9.99372E-05 9.99372E-05 9.99372E-05 9.99372E-05
0.311485 0.0676181 0.00956335 9.9973E-05 0.129376 0.00957203 0.0431554 9.9973E-05 0.42893 9.9973E-05
0.08821 9.99461E-05 9.99461E-05 9.99461E-05 0.166465 0.115866 0.62886 9.99461E-05 9.99461E-05 9.99461E-05
0.209196 0.0212679 0.658448 0.0707855 0.0398033 9.99552E-05 9.99552E-05 9.99552E-05 9.99552E-05 9.99552E-05
0.00779553 9.99552E-05 0.059086 9.99552E-05 9.99552E-05 0.550207 0.202054 9.99552E-05 9.99552E-05 0.180358
9.99551E-05 0.067042 0.13023 0.345122 0.27487 9.99551E-05 0.182236 9.99551E-05 9.99551E-05 9.99551E-05
9.99372E-05 0.172692 0.0513016 9.99372E-05 9.99372E-05 0.775307 9.99372E-05 9.99372E-05 9.99372E-05 9.99372E-05
0.10543 9.99552E-05 9.99552E-05 0.209913 9.99552E-05 0.310015 0.304051 9.99552E-05 0.0700917 9.99552E-05
0.0456358 9.99462E-05 9.99462E-05 0.259249 9.99462E-05 0.577357 0.117158 9.99462E-05 9.99462E-05 9.99462E-05
9.99552E-05 0.349077 9.99552E-05 0.00995417 0.284053 0.324149 0.032267 9.99552E-05 9.99552E-05 9.99552E-05
0.0965049 0.223321 9.9964E-05 0.1146 9.9964E-05 9.9964E-05 9.9964E-05 0.138273 0.219633 0.207268
0.214874 0.151423 0.0209294 0.354597 9.99551E-05 9.99551E-05 0.257677 9.99551E-05 9.99551E-05 9.99551E-05
0.144007 9.99375E-05 9.99375E-05 9.99375E-05 9.99375E-05 9.99375E-05 0.0432409 9.99375E-05 9.99375E-05 0.812053
0.222966 9.99463E-05 9.99463E-05 0.346189 9.99463E-05 0.383273 0.0469728 9.99463E-05 9.99463E-05 9.99463E-05
9.99554E-05 9.99554E-05 9.99554E-05 0.145939 0.0796757 0.347701 9.99554E-05 9.99554E-05 0.0771454 0.349039
0.240546 9.99731E-05 0.0199927 0.0803422 0.313984 0.058758 9.99731E-05 9.99731E-05 0.150884 0.135193
9.99286E-05 9.99286E-05 0.107999 9.99286E-05 9.99286E-05 9.99286E-05 9.99286E-05 9.99286E-05 0.891202 9.99286E-05
0.137021 0.196306 9.99462E-05 9.99462E-05 0.577678 9.99462E-05 0.0883961 9.99462E-05 9.99462E-05 9.99462E-05
9.99461E-05 9.99461E-05 9.99461E-05 0.053092 0.708152 0.236033 9.99461E-05 0.00212315 9.99461E-05 9.99461E-05
0.0232281 9.99462E-05 9.99462E-05 9.99462E-05 0.348644 9.99462E-05 9.99462E-05 9.99462E-05 0.284289 0.343238
0.206778 9.99463E-05 9.99463E-05 9.99463E-05 9.99463E-05 0.439039 9.99463E-05 0.0206914 9.99463E-05 0.332892
0.00455589 0.00215056 0.210369 9.99732E-05 9.99732E-05 0.141492 0.319747 0.0759391 9.99732E-05 0.245446
9.99462E-05 0.36771 9.99462E-05 9.99462E-05 0.0686802 0.438103 9.99462E-05 0.124908 9.99462E-05 9.99462E-05
9.99641E-05 9.99641E-05 0.253688 0.271865 0.0716559 0.184408 0.190801 0.0271826 9.99641E-05 9.99641E-05
0.0886414 0.253741 0.121173 0.187551 9.99641E-05 9.99641E-05 9.99641E-05 9.99641E-05 0.347555 0.00093799
0.117435 0.107538 9.9964E-05 9.9964E-05 0.21697 0.239294 0.0928595 9.9964E-05 0.225504 9.9964E-05
0.12789 9.99642E-05 0.0399219 9.99642E-05 0.445851 9.99642E-05 0.317485 0.0162657 9.99642E-05 0.0521872
0.0580048 9.99461E-05 0.419697 9.99461E-05 9.99461E-05 9.99461E-05 0.352725 9.99461E-05 9.99461E-05 0.168974
9.99373E-05 9.99373E-05 9.99373E-05 0.321459 9.99373E-05 0.312613 9.99373E-05 0.365228 9.99373E-05 9.99373E-05
9.99371E-05 9.99371E-05 9.99371E-05 0.272509 9.99371E-05 9.99371E-05 0.618156 0.108636 9.99371E-05 9.99371E-05
9.99643E-05 0.0505476 0.757675 0.00219543 9.99643E-05 0.0268923 9.99643E-05 0.0565274 0.105762 9.99643E-05
9.99462E-05 0.773254 0.0915183 9.99462E-05 9.99462E-05 0.0304021 9.99462E-05 9.99462E-05 9.99462E-05 0.104225
0.0369956 0.398661 9.99552E-05 0.130808 9.99552E-05 9.99552E-05 0.258131 9.99552E-05 9.99552E-05 0.174906
9.99641E-05 9.99641E-05 0.00679942 9.99641E-05 0.29653 9.99641E-05 0.0886077 0.346769 0.242162 0.0187322
0.0998377 0.195205 9.99461E-05 0.194371 9.99461E-05 9.99461E-05 0.509986 9.99461E-05 9.99461E-05 9.99461E-05
9.99551E-05 9.99551E-05 0.0171599 9.99551E-05 0.111141 9.99551E-05 9.99551E-05 0.26728 0.308738 0.295182
9.99641E-05 0.0890661 0.00606093 9.99641E-05 9.99641E-05 0.244277 0.307417 0.167064 0.185715 9.99641E-05
9.99371E-05 0.170917 9.99371E-05 0.157068 9.99371E-05 9.99371E-05 9.99371E-05 9.99371E-05 0.671315 9.99371E-05
0.0721991 9.99551E-05 0.437857 9.99551E-05 9.99551E-05 0.331103 9.99551E-05 0.0896189 9.99551E-05 0.0687227
9.9973E-05 0.0985268 0.372034 9.9973E-05 0.124437 9.9973E-05 0.164056 0.0335958 0.179704 0.0273457
9.99642E-05 9.99642E-05 0.0601299 9.99642E-05 0.0731238 9.99642E-05 0.192146 0.0904244 0.526601 0.0571747
0.0636824 9.99285E-05 0.935518 9.99285E-05 9.99285E-05 9.99285E-05 9.99285E-05 9.99285E-05 9.99285E-05 9.99285E-05
9.99374E-05 9.99374E-05 9.99374E-05 9.99374E-05 0.237888 9.99374E-05 0.523349 0.238063 9.99374E-05 9.99374E-05
9.99201E-05 9.99201E-05 9.99201E-05 9.99201E-05 9.99201E-05 9.99201E-05 9.99201E-05 0.999101 9.99201E-05 9.99201E-05
0.0816425 9.9955E-05 9.9955E-05 9.9955E-05 9.9955E-05 0.408385 0.255667 0.0654778 9.9955E-05 0.188328
9.99641E-05 9.99641E-05 0.150197 0.309338 9.99641E-05 0.0523149 0.145536 9.99641E-05 0.238466 0.103748
9.99551E-05 0.229876 9.99551E-05 0.0345716 0.0143119 0.166854 9.99551E-05 9.99551E-05 9.99551E-05 0.553887
9.99552E-05 9.99552E-05 9.99552E-05 9.99552E-05 0.196773 0.54158 0.13004 0.0380607 9.99552E-05 0.0930464
9.99374E-05 0.000421061 9.99374E-05 0.37529 9.99374E-05 0.623589 9.99374E-05 9.99374E-05 9.99374E-05 9.99374E-05
9.99371E-05 9.99371E-05 0.00922857 0.53644 9.99371E-05 9.99371E-05 9.99371E-05 0.453632 9.99371E-05 9.99371E-05
0.0231384 0.153976 0.204781 9.99732E-05 0.260275 0.204534 0.038716 9.99732E-05 0.11428 9.99732E-05
0.171672 9.99731E-05 0.188068 0.0914062 0.028967 0.292893 9.99731E-05 9.99731E-05 0.218525 0.00816857
9.99285E-05 9.99285E-05 0.632666 9.99285E-05 9.99285E-05 0.366535 9.99285E-05 9.99285E-05 9.99285E-05 9.99285E-05
9.99552E-05 9.99552E-05 0.110069 9.99552E-05 9.99552E-05 0.178468 0.101638 0.032484 9.99552E-05 0.576841
9.99372E-05 0.0239356 0.820255 9.99372E-05 9.99372E-05 9.99372E-05 0.15511 9.99372E-05 9.99372E-05 9.99372E-05
9.99642E-05 9.99642E-05 9.99642E-05 0.0103899 0.327967 9.99642E-05 0.0312789 0.0261158 0.40502 0.198828
0.0536733 9.99731E-05 0.0493356 0.0861454 0.270469 0.313645 0.00488324 9.99731E-05 0.221548 9.99731E-05
0.0211734 9.99551E-05 0.0319884 0.127914 9.99551E-05 9.99551E-05 0.582276 9.99551E-05 9.99551E-05 0.236148
0.0492074 9.99551E-05 0.318208 9.99551E-05 9.99551E-05 0.194059 0.148036 9.99551E-05 9.99551E-05 0.28999
9.9955E-05 0.0231998 9.9955E-05 9.9955E-05 0.463277 0.286358 9.9955E-05 9.9955E-05 0.0669182 0.159747
0.0762029 9.99461E-05 0.352665 9.99461E-05 9.99461E-05 0.119781 0.450751 9.99461E-05 9.99461E-05 9.99461E-05
9.99731E-05 0.0628432 0.159965 0.17489 0.129206 0.183689 9.99731E-05 9.99731E-05 0.168701 0.120406
9.99641E-05 9.99641E-05 0.0180979 0.0822449 9.99641E-05 0.279767 9.99641E-05 0.163305 0.0774183 0.378767
0.00422545 0.400789 9.99552E-05 9.99552E-05 9.99552E-05 0.288894 0.062094 9.99552E-05 9.99552E-05 0.243497
9.99463E-05 9.99463E-05 0.199401 9.99463E-05 9.99463E-05 9.99463E-05 0.118957 0.0396571 0.641385 9.99463E-05
0.0108849 0.00306937 0.010262 0.0986953 9.9991E-05 0.113943 0.304205 0.0299096 0.387005 0.0419259
9.99552E-05 0.628859 0.0180026 0.269582 9.99552E-05 9.99552E-05 0.012307 9.99552E-05 9.99552E-05 0.0707501
0.121871 9.99641E-05 9.99641E-05 0.197436 9.99641E-05 0.552684 0.0094457 0.0764385 0.0417248 9.99641E-05
9.99553E-05 0.148561 0.194456 9.99553E-05 0.233341 0.131126 9.99553E-05 0.292016 9.99553E-05 9.99553E-05
0.02274 0.144225 0.0561794 0.139303 9.99821E-05 0.285846 9.99821E-05 0.216654 0.0661336 0.0687195
0.0556814 0.0423498 9.99464E-05 9.99464E-05 9.99464E-05 9.99464E-05 0.335926 9.99464E-05 0.565443 9.99464E-05
9.9964E-05 0.160388 9.9964E-05 9.9964E-05 0.0933818 0.328333 0.122711 9.9964E-05 0.00972314 0.285062
0.121088 9.99731E-05 9.99731E-05 0.0787535 9.99731E-05 0.128512 0.238219 0.081454 0.177286 0.174388
0.175682 9.99641E-05 9.99641E-05 0.122043 0.0706508 0.0491952 0.195469 0.38656 9.99641E-05 9.99641E-05
0.189655 0.177443 9.99641E-05 9.99641E-05 0.189117 0.0450508 0.11551 0.282823 9.99641E-05 9.99641E-05
9.993E-05 0.242075 9.993E-05 9.993E-05 9.993E-05 0.629513 9.993E-05 0.127712 9.993E-05 9.993E-05
9.99464E-05 0.00349366 9.99464E-05 0.0435622 9.99464E-05 0.920767 9.99464E-05 9.99464E-05 9.99464E-05 0.0315778
9.99375E-05 9.99375E-05 0.0761349 9.99375E-05 9.99375E-05 0.78729 9.99375E-05 0.135876 9.99375E-05 9.99375E-05
9.99283E-05 9.99283E-05 9.99283E-05 0.713096 0.286105 9.99283E-05 9.99283E-05 9.99283E-05 9.99283E-05 9.99283E-05
9.99462E-05 9.99462E-05 0.140062 0.10518 9.99462E-05 0.468693 9.99462E-05 9.99462E-05 0.285466 9.99462E-05
0.0455857 9.99732E-05 0.0738955 9.99732E-05 0.200132 0.352704 0.0485973 0.175661 9.99732E-05 0.103124
9.99464E-05 9.99464E-05 0.0497734 9.99464E-05 9.99464E-05 0.180754 0.483415 0.285458 9.99464E-05 9.99464E-05
9.99641E-05 0.118307 9.99641E-05 0.0521865 0.293859 9.99641E-05 0.227006 0.0513629 0.25688 9.99641E-05
9.99373E-05 0.221203 9.99373E-05 9.99373E-05 9.99373E-05 9.99373E-05 0.72073 0.0573676 9.99373E-05 9.99373E-05
0.11419 9.99552E-05 0.663989 9.99552E-05 9.99552E-05 0.0675426 9.99552E-05 0.0414935 0.112285 9.99552E-05
9.9964E-05 9.9964E-05 0.129431 0.229003 0.134653 0.23164 9.9964E-05 9.9964E-05 0.126818 0.148056
0.999101 9.99201E-05 9.99201E-05 9.99201E-05 9.99201E-05 9.99201E-05 9.99201E-05 9.99201E-05 9.99201E-05 9.99201E-05
0.0230929 0.00403611 0.312382 9.99731E-05 0.269305 0.213843 0.109922 0.0671183 9.99731E-05 9.99731E-05
9.99551E-05 0.453767 0.0854235 0.0590577 9.99551E-05 0.0550372 9.99551E-05 9.99551E-05 9.99551E-05 0.346214
0.29962 9.99552E-05 9.99552E-05 0.119457 0.115061 9.99552E-05 9.99552E-05 0.215044 0.250318 9.99552E-05
0.00548563 9.99552E-05 9.99552E-05 0.387442 0.390791 9.99552E-05 9.99552E-05 0.0761764 9.99552E-05 0.139606
0.152977 9.99552E-05 9.99552E-05 9.99552E-05 9.99552E-05 0.0229379 0.612593 9.99552E-05 0.176298 0.0346938
0.00704934 9.99552E-05 9.99552E-05 0.0859748 9.99552E-05 0.636649 0.134534 9.99552E-05 9.99552E-05 0.135293
0.132615 9.99552E-05 9.99552E-05 9.99552E-05 0.420861 0.305806 0.11452 9.99552E-05 9.99552E-05 0.0256987
0.0486498 0.185907 0.182193 9.99732E-05 0.0670095 0.184248 9.99732E-05 9.99732E-05 0.0958931 0.2358
0.0932007 0.0419914 9.99552E-05 9.99552E-05 9.99552E-05 0.348394 9.99552E-05 0.339855 0.176059 9.99552E-05
9.99462E-05 9.99462E-05 0.183836 9.99462E-05 0.196004 9.99462E-05 9.99462E-05 0.277716 9.99462E-05 0.341844
0.198625 0.110284 0.124171 9.99554E-05 9.99554E-05 0.355943 0.210477 9.99554E-05 9.99554E-05 9.99554E-05
0.0620588 9.99464E-05 9.99464E-05 9.99464E-05 0.0243946 0.728114 9.99464E-05 9.99464E-05 0.184833 9.99464E-05
9.9991E-05 0.183152 0.114682 0.339176 0.0683045 0.0804185 0.0515559 0.0299053 0.0404266 0.0922789
0.999101 9.99201E-05 9.99201E-05 9.99201E-05 9.99201E-05 9.99201E-05 9.99201E-05 9.99201E-05 9.99201E-05 9.99201E-05
0.314582 0.0107554 9.99551E-05 0.304695 9.99551E-05 0.163359 0.206108 9.99551E-05 9.99551E-05 9.99551E-05
9.99641E-05 0.00875797 0.0779679 9.99641E-05 0.196298 0.00154947 0.113093 9.99641E-05 9.99641E-05 0.601934
0.119826 9.99642E-05 9.99642E-05 0.0428812 0.231828 9.99642E-05 0.0687186 9.99642E-05 0.47856 0.0577859
0.192817 9.99464E-05 9.99464E-05 0.191969 9.99464E-05 9.99464E-05 0.53995 9.99464E-05 9.99464E-05 0.0746643
9.99641E-05 0.0582981 0.00748921 9.99641E-05 9.99641E-05 0.233888 0.490789 9.99641E-05 0.0599294 0.149207
0.00393277 0.0578301 9.99642E-05 9.99642E-05 0.15307 0.539843 0.0794687 9.99642E-05 0.165456 9.99642E-05
9.99464E-05 9.99464E-05 9.99464E-05 0.300116 0.253571 0.404884 9.99464E-05 9.99464E-05 9.99464E-05 0.04083
0.0661225 9.99464E-05 9.99464E-05 9.99464E-05 0.307177 9.99464E-05 9.99464E-05 9.99464E-05 0.187472 0.438629
0.0724134 9.9982E-05 0.065676 9.9982E-05 0.278571 0.0856932 0.133978 0.090226 0.197769 0.0754727
9.99462E-05 9.99462E-05 9.99462E-05 0.522339 9.99462E-05 0.357598 9.99462E-05 0.111367 0.00809572 9.99462E-05
0.012249 9.99551E-05 9.99551E-05 0.105876 9.99551E-05 0.213864 9.99551E-05 0.142908 9.99551E-05 0.524603
9.99462E-05 9.99462E-05 9.99462E-05 9.99462E-05 9.99462E-05 9.99462E-05 0.0841041 0.290798 0.492191 0.132307
9.99462E-05 0.353293 0.155823 9.99462E-05 9.99462E-05 0.435634 0.0546501 9.99462E-05 9.99462E-05 9.99462E-05
9.99642E-05 9.99642E-05 0.0822324 0.0389335 9.99642E-05 0.61125 0.0560621 0.00776187 0.20336 9.99642E-05
9.99373E-05 9.99373E-05 9.99373E-05 0.219005 9.99373E-05 0.0960487 9.99373E-05 9.99373E-05 9.99373E-05 0.684247
0.0587595 9.99642E-05 0.153175 0.149387 9.99642E-05 0.075912 0.526841 9.99642E-05 9.99642E-05 0.0355258
0.0420547 0.120785 9.99373E-05 9.99373E-05 9.99373E-05 9.99373E-05 9.99373E-05 0.836461 9.99373E-05 9.99373E-05
0.0337744 0.009784 0.0216756 0.238723 0.129741 0.469994 9.99732E-05 0.0960073 9.99732E-05 9.99732E-05
9.99373E-05 9.99373E-05 9.99373E-05 9.99373E-05 0.346252 9.99373E-05 0.365498 9.99373E-05 0.287551 9.99373E-05
0.160384 0.358078 9.99462E-05 9.99462E-05 9.99462E-05 0.222874 0.258065 9.99462E-05 9.99462E-05 9.99462E-05
0.22773 0.0443393 0.00458704 0.222852 9.99731E-05 0.0342081 0.049049 0.416935 9.99731E-05 9.99731E-05
0.0602219 0.0996348 0.128887 0.145902 9.99731E-05 0.390975 9.99731E-05 0.00674561 0.167334 9.99731E-05
9.99553E-05 9.99553E-05 0.202203 0.0181494 9.99553E-05 0.266082 0.0592135 9.99553E-05 9.99553E-05 0.453852
9.99201E-05 9.99201E-05 9.99201E-05 9.99201E-05 9.99201E-05 9.99201E-05 9.99201E-05 0.999101 9.99201E-05 9.99201E-05
0.0768239 9.99731E-05 9.99731E-05 0.212699 0.00356978 0.0316886 0.200729 9.99731E-05 0.213522 0.260667
9.99551E-05 9.99551E-05 9.99551E-05 9.99551E-05 0.100718 0.286719 0.170073 0.0821264 9.99551E-05 0.359865
9.99373E-05 9.99373E-05 0.0715258 9.99373E-05 0.861956 0.065819 9.99373E-05 9.99373E-05 9.99373E-05 9.99373E-05
9.9964E-05 0.192613 0.128458 9.9964E-05 9.9964E-05 0.255107 9.9964E-05 0.166999 0.116164 0.140259
