0.317397 9.9991E-05 0.682503
0.303013 0.259441 0.437546
0.26098 0.157681 0.581339
0.207064 0.178471 0.614464
0.335139 0.0466713 0.61819
0.203745 0.0237668 0.772488
0.175927 0.166241 0.657832
0.311765 0.10444 0.583795
0.327626 0.147136 0.525237
0.452674 0.209405 0.337921
0.730248 0.0452171 0.224535
0.273054 0.227919 0.499027
0.283817 0.141436 0.574748
0.173441 0.273057 0.553501
0.558341 0.122915 0.318744
0.398819 0.195711 0.40547
0.489165 0.210632 0.300203
0.0586464 0.266525 0.674829
0.31844 0.0321278 0.649432
0.31527 0.247257 0.437472
0.387346 9.9991E-05 0.612554
0.316966 0.0112477 0.671786
0.24136 0.101449 0.65719
0.132811 0.317373 0.549816
0.710819 9.9991E-05 0.289081
0.122754 0.157913 0.719333
0.393809 0.161668 0.444524
0.428856 0.273588 0.297557
0.377248 0.236683 0.386069
0.0965005 0.734189 0.169311
0.62664 0.111429 0.261931
0.528245 0.145593 0.326163
0.0585247 0.328783 0.612692
0.283273 0.0566304 0.660096
0.251063 0.0809055 0.668031
9.999E-05 9.999E-05 0.9998
0.287413 0.0984065 0.614181
0.428419 0.148708 0.422873
0.46121 0.220024 0.318767
0.444777 0.0364093 0.518814
0.403082 0.121883 0.475035
0.477576 0.164508 0.357916
0.405617 0.111981 0.482402
0.2795 0.279236 0.441264
0.392564 0.173545 0.433891
0.520243 0.0741806 0.405576
0.233295 0.129107 0.637597
0.318074 0.174789 0.507137
0.436019 0.204553 0.359428
0.400402 0.220468 0.37913
0.385594 0.107539 0.506867
0.399445 0.152495 0.44806
0.511024 0.287273 0.201703
0.448746 0.176595 0.374659
0.723872 0.276028 9.9991E-05
0.203951 0.0997319 0.696317
0.722596 0.124244 0.15316
0.390221 0.108147 0.501632
0.66415 0.167478 0.168372
0.561591 0.069282 0.369127
0.0704352 0.108487 0.821078
0.313069 0.0912947 0.595636
0.340728 0.00598745 0.653285
9.9991E-05 0.996078 0.00382228
0.264031 0.0878578 0.648111
0.108558 9.9991E-05 0.891342
0.200361 0.0472547 0.752384
0.345121 0.179534 0.475344
9.9991E-05 0.0273724 0.972528
0.424043 0.249402 0.326555
0.8267 0.1732 9.9991E-05
0.353872 0.103417 0.542711
0.28677 0.18154 0.531691
0.573775 0.255699 0.170526
0.592657 0.169695 0.237648
0.801183 0.198717 9.9991E-05
0.225123 0.112599 0.662278
0.306068 0.165612 0.528319
0.292161 0.0216141 0.686225
0.201326 0.22657 0.572103
0.266381 0.175847 0.557773
0.164657 0.0556547 0.779689
0.543812 0.247215 0.208973
0.57356 0.135088 0.291352
0.241544 0.145635 0.61282
0.440338 0.109532 0.450129
9.9994E-05 0.112197 0.887703
0.517147 9.9991E-05 0.482753
0.22648 0.253041 0.520479
0.43074 0.0463476 0.522913
9.999E-05 0.9998 9.999E-05
0.725422 9.9991E-05 0.274478
0.161267 0.0196606 0.819073
0.419015 0.17982 0.401165
0.280777 9.9991E-05 0.719123
0.112562 0.22055 0.666887
0.564771 0.136283 0.298945
0.537987 0.0547114 0.407302
9.9991E-05 0.477421 0.522479
0.115657 0.426527 0.457816
0.194492 0.237898 0.56761
9.999E-05 0.9998 9.999E-05
0.520924 0.167356 0.311719
0.932532 9.9991E-05 0.0673678
0.504423 0.120906 0.374671
0.582307 0.118407 0.299287
0.401717 0.115869 0.482414
0.471283 0.12419 0.404527
0.465737 0.365876 0.168387
0.452193 0.078555 0.469252
0.468304 0.0356868 0.49601
0.272631 0.196453 0.530916
0.628481 0.153904 0.217616
0.0437095 0.564153 0.392138
0.313805 0.0975616 0.588634
9.999E-05 0.9998 9.999E-05
0.57293 0.0178314 0.409238
0.176144 0.0170703 0.806786
0.376934 0.167973 0.455093
0.324628 0.0379988 0.637373
0.235574 0.15744 0.606987
0.0574775 0.416739 0.525783
0.279344 0.293178 0.427478
0.570407 0.062811 0.366782
0.354631 0.262773 0.382596
0.254284 0.177988 0.567728
0.517813 0.101726 0.380461
0.281602 0.288402 0.429995
0.401489 0.044158 0.554353
0.323835 0.270589 0.405576
9.9991E-05 0.0844718 0.915428
0.108807 0.0819616 0.809232
0.292926 0.32166 0.385413
0.451977 0.328527 0.219496
0.294131 0.111511 0.594358
0.435476 0.0295722 0.534952
0.877282 0.122618 9.9991E-05
0.806013 0.193887 9.9991E-05
0.266441 0.227005 0.506554
0.303449 0.000354711 0.696196
0.360407 0.154875 0.484718
0.786737 0.139004 0.0742586
0.314164 0.232857 0.452979
0.44505 0.0948775 0.460072
0.219477 0.171072 0.609451
9.9991E-05 0.455436 0.544464
0.470062 0.0921539 0.437784
9.999E-05 9.999E-05 0.9998
0.166608 9.9991E-05 0.833292
0.400792 0.0497112 0.549497
0.458843 0.114132 0.427025
0.508286 9.9991E-05 0.491614
0.318553 0.12489 0.556556
0.382166 0.19951 0.418324
0.251204 0.142814 0.605981
0.243083 0.291486 0.465431
0.344864 0.0214693 0.633667
0.28319 0.235406 0.481403
9.9991E-05 0.23328 0.76662
0.18337 0.257741 0.558889
0.297495 0.0055837 0.696921
9.9991E-05 0.0264209 0.973479
0.222214 9.9991E-05 0.777686
0.561863 0.091507 0.34663
0.511041 0.176299 0.31266
9.999E-05 9.999E-05 0.9998
0.416832 9.9991E-05 0.583068
0.596186 0.10783 0.295984
0.891677 0.0372549 0.0710683
0.15753 0.162826 0.679644
0.512532 0.23365 0.253819
0.616437 0.251874 0.131689
0.105261 0.236848 0.657891
0.882638 0.0897219 0.0276406
0.295059 9.9991E-05 0.704841
0.543857 0.133507 0.322637
0.465258 9.9991E-05 0.534642
0.691251 0.0753303 0.233419
0.9998 9.999E-05 9.999E-05
0.61269 0.226169 0.161141
0.325641 0.232375 0.441984
0.22626 0.133032 0.640708
0.441351 0.13472 0.423928
0.16126 0.296408 0.542331
0.351087 0.0564795 0.592434
0.9998 9.999E-05 9.999E-05
0.325682 0.0814405 0.592877
0.401658 0.149091 0.449251
0.117084 0.0636984 0.819217
0.34939 0.25057 0.40004
