0.0774969 0.135967 0.554442 0.231994 9.9991E-05
9.999E-05 0.518157 0.179289 0.229819 0.0726355
0.363387 0.0971062 0.539307 9.99821E-05 9.99821E-05
0.246321 9.9991E-05 0.406696 0.161996 0.184886
9.99821E-05 0.389161 0.608795 9.99821E-05 0.00184338
0.224022 9.99821E-05 0.676832 9.99821E-05 0.0989465
9.99911E-05 0.462349 0.333125 0.179214 0.0252113
9.99821E-05 0.0322065 0.520842 0.446752 9.99821E-05
0.417934 9.99821E-05 9.99821E-05 0.495294 0.0865712
0.695569 0.0682829 0.219134 9.99911E-05 0.0169139
0.550571 9.9982E-05 0.20475 9.9982E-05 0.244479
0.0334527 0.375544 9.99821E-05 0.590803 9.99821E-05
9.99911E-05 0.19672 0.0131703 0.70209 0.0879198
9.99731E-05 0.51288 0.48682 9.99731E-05 9.99731E-05
0.37672 9.99822E-05 0.272164 0.350916 9.99822E-05
9.99732E-05 0.0770133 0.922687 9.99732E-05 9.99732E-05
0.472967 0.103319 0.132187 0.121443 0.170083
0.314697 0.234044 0.31031 9.9991E-05 0.140849
0.18855 9.99731E-05 9.99731E-05 0.81115 9.99731E-05
0.0888425 0.442654 0.395464 0.0240829 0.0489561
0.485887 0.111809 0.0645129 9.99911E-05 0.337691
0.212973 9.99821E-05 9.99821E-05 0.65913 0.127697
0.288668 0.0465488 0.273742 9.9991E-05 0.390942
9.999E-05 0.307982 0.224648 0.042287 0.424983
0.0984033 9.9991E-05 0.166028 0.148834 0.586636
0.00441198 0.0592372 0.696931 0.154159 0.0852616
0.473005 0.263773 0.0588909 0.156173 0.0481587
0.400493 9.99911E-05 0.502014 0.0570099 0.0403838
0.183454 0.148476 0.248756 0.419215 9.99911E-05
0.0271671 9.99821E-05 0.430834 9.99821E-05 0.541799
0.346041 0.270505 0.168344 0.21501 9.99911E-05
9.9991E-05 0.623798 0.00846671 0.322288 0.0453474
0.852089 9.99821E-05 0.141452 9.99821E-05 0.00625857
9.99821E-05 0.0830326 0.508327 0.40844 9.99821E-05
9.99731E-05 0.144721 0.854979 9.99731E-05 9.99731E-05
0.0458958 0.472051 0.481854 9.99821E-05 9.99821E-05
0.129128 0.373503 0.379497 0.117772 9.99911E-05
0.680153 9.99821E-05 9.99821E-05 0.00110556 0.318542
9.9991E-05 0.181083 0.325385 0.420942 0.0724901
0.0548916 0.0217641 0.264976 0.417814 0.240554
0.442504 0.231103 9.99911E-05 0.0253844 0.300908
0.207292 0.42767 9.99911E-05 0.0512511 0.313687
0.0529457 0.372551 0.472663 0.0180396 0.0838002
0.377661 9.99821E-05 0.366959 0.25518 9.99821E-05
0.0115419 0.387753 0.0130411 0.484665 0.102999
0.0937404 0.257728 0.416668 0.178792 0.0530722
0.178151 0.189202 0.417027 0.185837 0.0297837
0.699193 0.134564 0.166043 9.9982E-05 9.9982E-05
0.350509 0.00149368 0.0944924 0.553405 9.99911E-05
9.9982E-05 0.165163 0.814596 0.0200407 9.9982E-05
9.9982E-05 9.9982E-05 0.774409 0.0777743 0.147617
0.347358 0.380559 9.9991E-05 0.0147381 0.257244
0.314727 9.99731E-05 0.684973 9.99731E-05 9.99731E-05
9.99821E-05 9.99821E-05 0.344564 0.549384 0.105851
0.152939 0.627707 0.049571 0.16277 0.00701407
0.32246 0.319959 9.99821E-05 0.357381 9.99821E-05
9.99821E-05 0.115155 9.99821E-05 0.309549 0.575096
0.31418 0.504843 9.99822E-05 0.180777 9.99822E-05
0.163253 0.489155 0.0854664 0.262025 9.9991E-05
0.36811 0.368333 0.263356 9.99821E-05 9.99821E-05
0.200032 9.99911E-05 0.610518 0.0947806 0.0945686
0.266057 0.52086 9.9982E-05 9.9982E-05 0.212884
0.415379 0.150258 9.9982E-05 0.434163 9.9982E-05
9.99821E-05 0.0215034 0.546188 9.99821E-05 0.432108
0.210184 9.99821E-05 0.592657 0.196959 9.99821E-05
0.208816 0.074015 9.9991E-05 0.562295 0.154774
0.0610189 0.101437 0.513733 0.0668062 0.257005
0.0832594 0.335921 0.0809728 0.499747 9.9991E-05
9.99731E-05 9.99731E-05 0.098762 0.900938 9.99731E-05
0.37022 0.0984508 9.99911E-05 0.295931 0.235298
0.368925 0.283922 0.294193 0.0528602 9.9991E-05
9.99821E-05 0.420335 9.99821E-05 0.451321 0.128144
9.99732E-05 0.746625 0.253075 9.99732E-05 9.99732E-05
9.9991E-05 0.171367 0.138109 0.590507 0.099917
9.99911E-05 0.0552816 0.861349 0.0579037 0.0253661
9.99821E-05 0.414455 0.158587 0.426758 9.99821E-05
0.112563 9.99911E-05 0.123993 0.532478 0.230867
0.466943 0.200924 9.9991E-05 0.124179 0.207854
9.9991E-05 0.0644203 0.28485 0.454594 0.196035
0.20502 0.124873 0.607185 0.0628227 9.9991E-05
9.99821E-05 0.466505 0.495914 0.0373809 9.99821E-05
0.146665 0.138745 0.514085 0.0762885 0.124217
0.17469 0.462426 0.198742 0.100324 0.0638175
9.99821E-05 9.99821E-05 0.279903 0.47149 0.248407
0.115536 0.360137 0.148253 0.159908 0.216166
0.382418 0.13895 0.371633 0.1069 9.9991E-05
0.274591 0.556989 0.13878 0.0295404 9.99911E-05
0.0328953 0.115364 0.157331 0.137855 0.556555
0.146996 9.99911E-05 0.408442 0.150973 0.293489
0.489069 9.99731E-05 9.99731E-05 0.510631 9.99731E-05
9.99733E-05 9.99733E-05 0.463497 9.99733E-05 0.536203
9.99911E-05 0.698812 0.138176 0.0674802 0.0954322
0.312308 0.628159 0.0115667 0.0478664 9.99911E-05
0.551331 9.99732E-05 0.448369 9.99732E-05 9.99732E-05
0.381611 0.319207 9.9991E-05 0.271859 0.0272232
0.410615 0.196387 0.172943 0.219955 9.9991E-05
0.49842 9.99731E-05 0.50128 9.99731E-05 9.99731E-05
0.51365 0.0519024 0.20256 0.231788 9.9991E-05
9.9991E-05 0.184133 0.432784 0.13107 0.251913
0.195678 0.313808 0.227831 9.9991E-05 0.262583
0.687748 0.155501 0.0251851 0.0386632 0.0929023
0.0298176 9.99821E-05 0.156896 9.99821E-05 0.813087
0.857817 0.0351358 9.99821E-05 9.99821E-05 0.106848
0.524242 9.99821E-05 0.0802323 9.99821E-05 0.395326
0.126434 9.9982E-05 0.604219 0.269147 9.9982E-05
0.101689 0.0848402 0.0902769 0.564468 0.158726
0.106484 0.468829 0.244526 0.154397 0.0257643
0.321777 9.99911E-05 0.533997 0.132402 0.011724
9.99821E-05 9.99821E-05 0.180323 0.748945 0.0705326
0.0262822 0.0886212 0.251825 0.363701 0.26957
9.99911E-05 0.293389 0.461157 0.0581331 0.18722
9.99821E-05 0.0203446 0.728501 0.250954 9.99821E-05
9.99821E-05 9.99821E-05 0.239965 0.135907 0.623928
0.00415329 0.111032 0.779239 0.105476 9.99911E-05
9.99731E-05 0.0635749 9.99731E-05 9.99731E-05 0.936125
0.513432 0.11572 9.99911E-05 0.299909 0.0708396
0.17608 9.99821E-05 0.612505 0.211215 9.99821E-05
0.0721089 0.244265 0.0698855 0.61364 9.9991E-05
9.99821E-05 0.0659678 0.489453 0.444379 9.99821E-05
0.209189 0.101082 0.362917 0.0700367 0.256776
0.266473 9.9991E-05 0.439654 0.0882652 0.205508
9.99821E-05 0.326434 9.99821E-05 0.0751016 0.598265
9.997E-05 9.997E-05 0.9996 9.997E-05 9.997E-05
0.237601 0.292147 0.103219 0.178752 0.18828
0.526322 9.99821E-05 0.408969 9.99821E-05 0.0645089
0.391701 9.9991E-05 0.359403 0.241206 0.00759031
0.11671 0.591313 0.239411 9.99911E-05 0.0524664
9.99821E-05 0.196537 0.385119 0.418144 9.99821E-05
9.99911E-05 0.0990536 0.112643 0.147294 0.64091
0.301338 0.0417807 0.417922 9.99911E-05 0.238859
0.761467 9.99732E-05 9.99732E-05 0.238233 9.99732E-05
0.179 0.244318 0.576482 9.9982E-05 9.9982E-05
0.478903 0.0775834 0.227759 0.215655 9.99911E-05
0.533117 9.99731E-05 9.99731E-05 0.466583 9.99731E-05
0.623874 0.115982 0.0729857 0.0681823 0.118977
9.99822E-05 9.99822E-05 0.832012 0.120858 0.0469297
9.99732E-05 9.99732E-05 0.705559 0.294141 9.99732E-05
9.997E-05 9.997E-05 0.9996 9.997E-05 9.997E-05
0.0302515 0.250184 9.99911E-05 0.692701 0.0267634
9.99821E-05 9.99821E-05 0.522645 0.447728 0.029427
0.318144 9.99911E-05 0.299095 0.281706 0.100955
0.492906 0.0570668 9.9991E-05 0.200042 0.249885
0.568837 0.117127 0.313837 9.99821E-05 9.99821E-05
0.808286 9.99821E-05 0.0321786 9.99821E-05 0.159335
0.0728446 0.0323174 0.533278 0.00753134 0.354029
9.9982E-05 9.9982E-05 0.442713 0.520686 0.0364007
9.997E-05 0.9996 9.997E-05 9.997E-05 9.997E-05
0.254907 9.99732E-05 0.744793 9.99732E-05 9.99732E-05
9.99821E-05 0.397612 9.99821E-05 0.242289 0.359899
0.29707 0.519033 9.99821E-05 0.183697 9.99821E-05
9.99821E-05 0.137543 9.99821E-05 0.815385 0.0468716
0.437134 0.167574 0.0907895 0.304403 9.99911E-05
0.212448 0.0578785 0.319105 0.410468 9.9991E-05
0.190692 0.209821 0.407137 0.192251 9.9991E-05
9.99732E-05 0.488672 9.99732E-05 9.99732E-05 0.511029
0.660352 0.0468317 0.292616 9.99821E-05 9.99821E-05
0.209416 0.242211 0.318009 9.9991E-05 0.230265
0.397431 0.122751 0.479618 9.99822E-05 9.99822E-05
9.99732E-05 9.99732E-05 0.741306 0.258394 9.99732E-05
0.14135 0.0293165 0.0375195 0.551291 0.240524
9.997E-05 0.9996 9.997E-05 9.997E-05 9.997E-05
9.99821E-05 0.114061 0.432389 0.45335 9.99821E-05
0.0863933 0.13992 0.556653 0.216933 9.9991E-05
0.376377 0.444637 9.99821E-05 0.178786 9.99821E-05
0.161583 0.418999 9.99822E-05 0.419218 9.99822E-05
0.254788 0.0491214 0.361525 0.194173 0.140392
0.160669 0.00799185 0.7256 0.105639 9.99911E-05
9.99732E-05 9.99732E-05 0.198393 0.801307 9.99732E-05
9.99822E-05 0.91022 0.0468006 9.99822E-05 0.0427794
0.187457 0.0942829 0.356363 0.263188 0.0987098
9.99821E-05 9.99821E-05 0.267261 0.582605 0.149934
9.99821E-05 0.19241 0.464634 0.342756 9.99821E-05
0.597682 9.99731E-05 9.99731E-05 0.402018 9.99731E-05
9.9991E-05 0.106195 0.458833 0.0974055 0.337467
0.119733 9.9991E-05 0.610822 0.217171 0.0521733
9.99732E-05 9.99732E-05 0.565203 0.434497 9.99732E-05
0.0715964 0.254878 0.0626831 0.38714 0.223702
0.270956 9.99732E-05 9.99732E-05 9.99732E-05 0.728744
0.18319 0.25403 0.0500473 0.210614 0.302119
0.986514 9.99732E-05 0.0131859 9.99732E-05 9.99732E-05
0.427484 0.572216 9.99732E-05 9.99732E-05 9.99732E-05
0.157449 0.256075 0.187591 0.361911 0.0369746
0.230914 0.243794 0.372225 0.13286 0.0202064
9.99911E-05 0.0130334 0.206295 0.675303 0.105269
0.346329 9.99821E-05 0.128854 9.99821E-05 0.524617
0.27144 0.180196 0.0597994 0.488465 9.99911E-05
0.148367 0.1339 0.324101 0.393532 9.9991E-05
0.178709 0.0052738 0.0650151 0.311903 0.4391
0.183736 0.208454 0.462403 9.9991E-05 0.145307
