9.9991E-05 0.564621 0.435279
0.0605528 0.400037 0.53941
0.592141 0.295605 0.112254
0.158018 0.816334 0.0256476
9.99911E-05 0.731294 0.268606
0.296122 0.703778 9.9991E-05
9.999E-05 0.675201 0.324699
9.999E-05 0.825779 0.174121
0.368613 0.0863498 0.545037
0.609977 0.127136 0.262887
0.60403 0.0478562 0.348113
9.99911E-05 0.458603 0.541297
9.99911E-05 0.91681 0.08309
9.9991E-05 0.587803 0.412097
0.00369811 0.470138 0.526164
9.99911E-05 0.72333 0.27657
0.233555 0.299937 0.466509
0.470259 0.0757944 0.453947
0.149224 0.445006 0.40577
0.000532189 0.939094 0.0603735
0.623662 0.376238 9.99911E-05
0.278978 0.285687 0.435336
0.377025 0.517853 0.105121
0.318941 0.680959 9.9991E-05
0.540013 0.459887 9.9991E-05
0.113351 0.636076 0.250572
0.310609 9.9991E-05 0.689291
0.329064 0.141327 0.529609
0.214247 0.529598 0.256155
0.489433 0.510467 9.99911E-05
0.282283 0.151357 0.566359
9.99911E-05 0.768707 0.231193
0.703993 0.0250612 0.270946
0.0585823 0.737633 0.203785
9.9991E-05 0.686125 0.313775
9.99911E-05 0.448306 0.551594
0.211782 0.364708 0.42351
0.883137 0.0542201 0.062643
0.0893079 0.666155 0.244537
0.0634922 0.86316 0.0733478
0.478792 0.0244708 0.496737
0.317153 0.168814 0.514033
0.0944287 0.720569 0.185002
0.111764 0.594431 0.293805
0.0703799 0.689741 0.239879
0.0720429 0.745487 0.182471
9.99911E-05 0.763883 0.236017
0.377665 9.9991E-05 0.622235
0.00765651 0.863327 0.129016
9.9991E-05 0.871031 0.128869
9.999E-05 0.9998 9.999E-05
0.675496 9.9991E-05 0.324404
0.168043 0.428878 0.403078
0.115588 0.884312 9.99911E-05
0.138703 0.184704 0.676593
0.1597 0.00550925 0.834791
0.12752 0.655273 0.217207
0.069866 9.99911E-05 0.930034
0.0658469 0.255943 0.67821
0.307825 0.5158 0.176376
0.325234 0.424084 0.250682
0.0526929 0.308428 0.638879
0.232616 0.00512257 0.762261
0.248721 0.751179 9.99911E-05
9.99911E-05 0.890879 0.109021
0.248041 0.417354 0.334605
0.00564675 0.994253 9.9991E-05
9.9991E-05 0.186069 0.813831
9.9991E-05 0.614186 0.385714
0.195634 0.645858 0.158508
0.315876 0.148789 0.535335
9.99911E-05 0.195794 0.804106
9.99911E-05 0.229208 0.770693
9.99911E-05 0.687888 0.312012
9.999E-05 0.9998 9.999E-05
9.9991E-05 0.214196 0.785704
9.99911E-05 0.848307 0.151593
0.345142 0.12737 0.527488
0.18668 0.719324 0.0939961
0.22719 0.323452 0.449358
9.99911E-05 0.587745 0.412155
0.19659 0.701107 0.102303
0.149581 0.649628 0.200792
0.297341 0.702559 9.9991E-05
0.021638 0.550961 0.427401
0.102779 0.497425 0.399796
0.298972 9.99911E-05 0.700928
0.308985 0.535647 0.155368
0.382034 0.617866 9.99911E-05
0.421918 0.375352 0.20273
0.31018 0.68972 9.99911E-05
0.0151774 0.714486 0.270336
0.0849348 0.456808 0.458257
0.795433 0.071175 0.133392
0.189111 0.0826913 0.728198
0.23864 0.27703 0.484329
0.307147 0.448083 0.24477
0.201238 0.273986 0.524777
0.092772 0.907128 9.9991E-05
0.432121 0.323855 0.244024
0.392692 9.99911E-05 0.607208
0.823319 0.176581 9.99911E-05
0.728024 9.99911E-05 0.271876
0.9998 9.999E-05 9.999E-05
0.19094 0.53901 0.27005
9.9991E-05 0.640887 0.359013
0.0140028 0.644275 0.341723
0.470825 0.464832 0.0643422
9.99911E-05 0.895306 0.104594
0.434265 0.565635 9.99911E-05
0.0537579 0.790766 0.155476
9.99911E-05 0.976618 0.0232823
0.336574 0.663326 9.99911E-05
0.0323187 0.960509 0.00717231
0.518055 0.481845 9.9991E-05
0.274096 0.104871 0.621033
9.9991E-05 0.674798 0.325102
0.119374 0.490142 0.390484
0.319442 0.338854 0.341703
0.240872 0.759028 9.9991E-05
0.337003 0.662897 9.9991E-05
0.143218 0.817158 0.0396243
9.999E-05 0.9998 9.999E-05
0.0857848 0.77255 0.141666
0.488628 0.501403 0.00996889
0.0570045 0.585531 0.357464
0.140037 0.257338 0.602625
0.0720212 0.399842 0.528137
0.697177 0.302723 9.99911E-05
0.351183 0.582643 0.0661739
0.373446 9.99911E-05 0.626454
0.217537 0.513254 0.269209
0.246115 0.319439 0.434446
0.473726 0.144958 0.381317
0.478807 9.9991E-05 0.521093
9.999E-05 0.9998 9.999E-05
0.10191 0.855352 0.0427372
0.185903 0.813997 9.99911E-05
0.135646 0.457275 0.407078
9.999E-05 0.9998 9.999E-05
0.23307 0.391152 0.375778
0.679049 0.0411 0.279851
0.320404 0.128231 0.551365
0.740907 9.99911E-05 0.258993
0.133338 0.843343 0.0233197
9.999E-05 0.9998 9.999E-05
9.999E-05 9.999E-05 0.9998
0.251481 0.661844 0.0866754
0.00644428 0.978202 0.0153542
0.162466 0.0976402 0.739894
0.0238118 0.654635 0.321553
0.0425186 9.9991E-05 0.957381
9.9991E-05 0.770668 0.229232
0.19056 0.39688 0.412561
0.0765982 0.732198 0.191204
0.403811 0.150431 0.445758
0.476057 0.486719 0.0372232
0.0487172 0.458769 0.492514
9.999E-05 0.9998 9.999E-05
0.298483 0.661345 0.0401714
9.999E-05 9.999E-05 0.9998
9.9991E-05 0.559257 0.440643
0.0211084 0.844996 0.133896
9.999E-05 9.999E-05 0.9998
9.999E-05 9.999E-05 0.9998
0.111978 0.728722 0.1593
0.086735 0.648335 0.26493
0.0232644 0.976636 9.99911E-05
9.99911E-05 0.576192 0.423708
0.23306 0.403435 0.363505
0.0232264 0.976674 9.99911E-05
0.0135865 0.790108 0.196306
0.240951 0.212052 0.546997
0.200031 0.746675 0.053294
0.129774 0.567086 0.303141
9.99911E-05 0.66352 0.33638
0.0320829 0.86129 0.106627
0.857676 0.142224 9.99911E-05
0.19561 0.536028 0.268362
0.313082 9.99911E-05 0.686818
0.221092 0.0867496 0.692159
0.245399 0.0810281 0.673573
0.0210697 0.649326 0.329604
9.99911E-05 0.813438 0.186462
0.9998 9.999E-05 9.999E-05
0.049735 0.487555 0.46271
0.148286 0.504649 0.347066
0.496578 0.413444 0.0899774
0.27102 0.724496 0.00448386
