0.265411 9.9991E-05 0.229553 0.117966 0.386969
0.403113 9.9991E-05 0.18894 0.0771941 0.330653
0.237399 0.0765423 0.548578 9.99911E-05 0.13738
9.999E-05 0.393895 0.11156 0.0323472 0.462098
0.318952 9.99821E-05 0.332815 9.99821E-05 0.348033
0.0851671 0.693665 9.9991E-05 0.0165482 0.20452
0.428312 9.99821E-05 9.99821E-05 0.571293 0.000195566
0.530539 0.135231 0.227162 9.9991E-05 0.106968
9.99821E-05 0.261625 0.350614 0.387561 9.99821E-05
9.999E-05 0.300979 0.407391 0.233734 0.0577969
9.999E-05 0.331296 0.365325 0.100509 0.202771
0.333246 0.0453871 0.612126 9.99911E-05 0.00914072
0.388846 0.0455715 9.9991E-05 0.405793 0.159689
0.0122585 0.195758 0.359429 0.0392561 0.393299
0.0719715 0.51324 0.414588 9.99821E-05 9.99821E-05
0.35281 9.99821E-05 0.125167 9.99821E-05 0.521824
0.0550951 0.259986 0.313632 9.9991E-05 0.371187
9.999E-05 0.435077 0.426739 0.0368273 0.101257
0.538442 9.99821E-05 0.207482 0.253876 9.99821E-05
0.258112 0.332865 9.9991E-05 0.0878183 0.321104
9.99731E-05 0.200625 9.99731E-05 0.799075 9.99731E-05
0.550745 9.9991E-05 0.0879918 0.346308 0.0148553
9.999E-05 0.445732 0.0435547 0.159848 0.350765
9.99732E-05 9.99732E-05 9.99732E-05 0.0737873 0.925913
0.11724 0.344136 0.0618147 0.0238209 0.452988
0.249241 9.9991E-05 0.278151 0.0205866 0.451921
0.0102789 9.9991E-05 0.718481 0.102319 0.168821
0.466233 0.194458 9.99911E-05 0.265575 0.0736348
0.382164 0.328912 0.172932 0.115892 9.9991E-05
9.997E-05 9.997E-05 9.997E-05 9.997E-05 0.9996
9.99821E-05 0.592503 0.14741 0.259887 9.99821E-05
0.636569 9.99732E-05 0.363131 9.99732E-05 9.99732E-05
0.233162 9.99821E-05 0.0766161 0.690022 9.99821E-05
0.505562 0.0504249 0.129125 0.131314 0.183575
0.200825 9.9982E-05 0.184334 9.9982E-05 0.614641
0.00809214 0.211668 0.332157 0.295683 0.1524
0.495289 0.0820549 0.321383 0.0254095 0.0758637
0.415411 0.0470821 9.9991E-05 0.474215 0.0631921
0.301239 0.130262 0.278552 0.132185 0.157762
0.303527 0.396834 0.146969 9.9991E-05 0.15257
9.99733E-05 9.99733E-05 0.559773 9.99733E-05 0.439927
9.99911E-05 0.0451906 0.395719 0.436145 0.122845
0.233788 0.124329 0.0988358 0.425294 0.117754
9.99821E-05 0.619728 0.124252 9.99821E-05 0.255821
0.528738 9.99821E-05 0.346933 9.99821E-05 0.12413
0.274432 0.25672 0.444831 9.99911E-05 0.0239167
0.343108 0.108439 0.367155 0.121987 0.0593108
9.9982E-05 0.216458 0.768111 0.0152302 9.9982E-05
0.393633 0.0541587 0.552008 9.99822E-05 9.99822E-05
0.144567 0.186676 0.220655 9.9991E-05 0.448001
0.296482 0.194239 9.9982E-05 9.9982E-05 0.509079
9.9991E-05 0.54662 0.321185 0.0281886 0.103906
0.210046 9.9982E-05 0.409633 9.9982E-05 0.38012
0.411135 0.15095 0.19245 9.9991E-05 0.245365
0.511502 9.99911E-05 0.375225 0.0661924 0.04698
0.582149 9.99821E-05 0.214866 0.202785 9.99821E-05
0.0385429 0.218352 9.9991E-05 0.108416 0.634589
0.267677 9.99822E-05 0.344533 0.387591 9.99822E-05
0.22558 0.146567 0.470408 0.106555 0.0508896
9.9991E-05 0.339302 0.204236 0.280343 0.176019
0.21361 0.437185 0.0322646 9.9991E-05 0.316841
9.99821E-05 9.99821E-05 0.769225 0.00460616 0.225969
0.222433 9.99821E-05 0.720214 0.057153 9.99821E-05
0.0568622 9.99732E-05 9.99732E-05 9.99732E-05 0.942838
0.616581 0.018516 0.139022 0.216016 0.00986481
0.113061 0.02353 0.642957 9.99911E-05 0.220352
0.176578 0.398258 0.0123907 9.9991E-05 0.412674
0.295221 0.0499093 0.555323 0.0733714 0.0261756
0.595016 9.99821E-05 0.343411 0.061373 9.99821E-05
0.146101 0.0541336 0.23177 0.371143 0.196853
0.0371949 0.288275 0.558722 0.115709 9.9991E-05
9.99821E-05 9.99821E-05 0.809711 0.027438 0.162651
0.54832 9.99822E-05 0.164115 0.287365 9.99822E-05
0.602106 9.99821E-05 0.226878 9.99821E-05 0.170816
0.638486 0.212154 0.00436883 9.99911E-05 0.144891
0.457752 9.99821E-05 0.532527 9.99821E-05 0.00952093
0.0656129 0.194501 0.243231 9.99911E-05 0.496554
9.9991E-05 0.123928 0.59114 0.22639 0.0584419
0.217557 0.558874 0.0262419 0.0300433 0.167283
0.262485 0.559742 0.0369921 9.9991E-05 0.140681
0.572564 9.99821E-05 0.27445 9.99821E-05 0.152786
0.483692 0.0498159 9.99911E-05 0.269964 0.196428
0.168118 0.212978 9.99821E-05 0.618704 9.99821E-05
0.399408 0.369323 0.0442751 9.99911E-05 0.186894
0.0157145 0.182271 0.51914 9.9991E-05 0.282775
9.9982E-05 0.299395 0.558046 9.9982E-05 0.142359
0.205472 0.230853 0.134049 0.429526 9.9991E-05
9.9991E-05 0.0137723 0.0738035 0.086592 0.825732
0.276187 0.211248 9.99911E-05 0.392504 0.11996
0.372401 9.99731E-05 9.99731E-05 0.627299 9.99731E-05
0.0239315 9.99733E-05 9.99733E-05 9.99733E-05 0.975769
9.9991E-05 0.0670763 0.108265 0.634398 0.190161
0.304717 9.99822E-05 0.66134 0.0337428 9.99822E-05
9.99821E-05 0.637693 0.241213 9.99821E-05 0.120894
0.0781462 9.99821E-05 0.786404 0.13525 9.99821E-05
0.0843683 0.441248 0.409978 0.0480574 0.0163491
9.9991E-05 0.225848 0.110123 0.399745 0.264183
0.00699175 0.254874 0.465958 0.272076 9.9991E-05
0.337223 9.99821E-05 9.99821E-05 0.0546568 0.60792
0.0106999 9.9991E-05 0.193208 0.259294 0.536698
9.99731E-05 9.99731E-05 9.99731E-05 0.94474 0.0549604
9.99733E-05 0.0573347 9.99733E-05 9.99733E-05 0.942365
9.99732E-05 9.99732E-05 9.99732E-05 0.993257 0.00644308
9.99732E-05 0.982736 9.99732E-05 9.99732E-05 0.0169638
0.61926 0.262831 0.117709 9.9982E-05 9.9982E-05
0.37503 9.9991E-05 0.39519 0.127992 0.101689
0.52487 0.0442189 0.191741 0.218537 0.0206328
0.640831 0.348177 9.9991E-05 0.000847549 0.0100438
0.435222 0.298867 9.9991E-05 0.262583 0.00322775
0.505865 0.156098 9.99821E-05 0.337837 9.99821E-05
0.188014 9.99911E-05 0.182211 0.265369 0.364306
0.352708 0.176418 0.203628 9.9991E-05 0.267147
0.310855 0.185605 9.99821E-05 9.99821E-05 0.503341
0.9996 9.997E-05 9.997E-05 9.997E-05 9.997E-05
9.997E-05 9.997E-05 9.997E-05 9.997E-05 0.9996
9.99911E-05 0.248754 0.361909 0.365557 0.0236811
0.0642987 0.359015 0.352641 9.9991E-05 0.223945
0.496393 9.99821E-05 0.450017 9.99821E-05 0.05339
0.633635 9.9991E-05 0.073048 0.199919 0.0932979
0.360594 0.279724 0.0542586 0.0359264 0.269497
9.99821E-05 9.99821E-05 0.168378 0.178437 0.652985
0.102739 0.279319 9.9991E-05 0.233214 0.384628
0.584687 0.353066 9.9982E-05 9.9982E-05 0.0620469
0.209976 0.187897 0.463786 0.138241 9.99911E-05
9.99821E-05 0.538703 0.165735 9.99821E-05 0.295363
0.153555 9.9982E-05 0.281193 0.565052 9.9982E-05
0.211277 9.99911E-05 0.57961 0.123454 0.0855586
0.387316 0.254055 0.075597 0.0330921 0.249939
0.0532382 0.604963 9.99822E-05 9.99822E-05 0.341599
0.410237 0.140398 0.117474 0.261886 0.0700054
9.99822E-05 0.299073 0.560673 0.140054 9.99822E-05
0.208532 0.223996 0.169645 0.238596 0.15923
0.231626 0.223223 0.544951 9.99821E-05 9.99821E-05
0.0778943 0.552126 0.134964 0.234916 9.9991E-05
9.99821E-05 0.31036 0.591272 0.0981677 9.99821E-05
0.525702 0.473998 9.99732E-05 9.99732E-05 9.99732E-05
0.784479 0.215221 9.99732E-05 9.99732E-05 9.99732E-05
0.737995 0.261705 9.99732E-05 9.99732E-05 9.99732E-05
0.184638 0.0390388 0.146134 0.630089 9.99911E-05
0.530832 0.267588 9.99821E-05 9.99821E-05 0.20138
0.362588 0.256792 0.0657453 0.202869 0.112005
0.214452 0.0901779 0.0256269 0.489093 0.18065
0.0535259 0.246608 0.314913 0.384853 9.9991E-05
9.99821E-05 0.282179 0.07981 0.637811 9.99821E-05
0.124049 0.077718 0.201143 9.9991E-05 0.596991
0.716982 0.00776717 9.9991E-05 0.26619 0.00896051
9.997E-05 9.997E-05 0.9996 9.997E-05 9.997E-05
0.115541 0.506041 0.112145 9.99911E-05 0.266173
0.304755 0.0128439 9.99911E-05 0.281907 0.400394
9.99821E-05 0.122169 0.555377 0.322254 9.99821E-05
0.457807 0.0529219 9.99821E-05 0.489071 9.99821E-05
0.000418403 0.137655 0.848658 9.9991E-05 0.0131685
0.573023 0.0599869 0.0892421 0.277648 9.9991E-05
0.299882 0.359909 0.157622 0.120126 0.0624613
0.0890165 9.99911E-05 0.100872 0.185116 0.624896
0.0301135 0.638133 0.331553 9.99822E-05 9.99822E-05
0.318725 0.444947 0.0323474 0.154225 0.0497564
9.99911E-05 0.302496 0.506441 0.0305053 0.160458
0.585245 0.0714932 0.148942 9.99911E-05 0.19422
0.314876 9.99821E-05 9.99821E-05 0.522857 0.162068
9.997E-05 9.997E-05 0.9996 9.997E-05 9.997E-05
0.499344 9.99731E-05 0.500356 9.99731E-05 9.99731E-05
0.473584 0.184887 0.128909 0.0938299 0.11879
0.0488424 9.99911E-05 0.722608 0.103661 0.124788
9.997E-05 9.997E-05 0.9996 9.997E-05 9.997E-05
0.0906621 0.0553475 0.238776 0.236649 0.378566
0.630841 0.166989 0.117457 0.070057 0.0146561
0.913774 0.0859258 9.99733E-05 9.99733E-05 9.99733E-05
0.314815 0.125727 0.158619 0.400739 9.99911E-05
0.048045 0.285697 0.459332 0.0626291 0.144297
0.429271 0.13274 0.0691267 9.99911E-05 0.368763
0.817907 9.99821E-05 0.121136 0.0607569 9.99821E-05
0.223904 0.426609 0.299022 0.0503646 9.9991E-05
0.121838 0.196609 0.19869 0.0143154 0.468548
0.352483 0.161371 0.0906802 9.9991E-05 0.395366
0.952592 9.99732E-05 0.0471082 9.99732E-05 9.99732E-05
0.228688 9.99911E-05 0.176195 0.340824 0.254193
9.99733E-05 0.996995 9.99733E-05 0.00270548 9.99733E-05
9.99821E-05 0.250716 9.99821E-05 0.433173 0.315911
9.99821E-05 0.485416 0.401603 0.112781 9.99821E-05
9.99911E-05 0.161032 0.575248 0.21187 0.0517508
0.0543913 0.203458 0.457491 0.284559 9.9991E-05
0.0540465 0.121151 0.458142 0.10847 0.25819
0.562578 0.241949 9.9991E-05 0.0799544 0.115418
9.997E-05 0.9996 9.997E-05 9.997E-05 9.997E-05
0.592746 9.99733E-05 0.406954 9.99733E-05 9.99733E-05
0.543909 0.34392 9.9991E-05 0.106113 0.00595785
0.231009 0.372109 9.99911E-05 0.100075 0.296707
0.144766 0.419294 9.9991E-05 0.0582983 0.377542
