9.9991E-05 0.633643 0.304754 0.0615028
0.466336 0.387672 0.139948 0.00604407
0.258728 0.220202 0.24513 0.27594
0.418234 0.0729687 0.098787 0.410011
0.195563 0.53092 0.084031 0.189486
0.520169 0.31209 9.9991E-05 0.16764
0.175102 0.506937 0.317861 9.99911E-05
0.152359 0.847441 9.99821E-05 9.99821E-05
9.99821E-05 9.99821E-05 0.801155 0.198645
0.00989712 0.140405 0.478904 0.370794
0.202269 0.111997 0.154265 0.53147
9.99821E-05 0.578114 0.421686 9.99821E-05
0.323695 0.0408444 0.522875 0.112587
0.633548 0.274434 9.9991E-05 0.0919181
0.0738329 0.380091 0.545976 9.99911E-05
9.99911E-05 0.571511 0.165824 0.262566
0.249601 0.152848 0.429632 0.167919
0.663142 0.310482 9.99911E-05 0.0262764
0.0150934 0.154171 0.830636 9.99911E-05
0.531047 0.271736 9.99911E-05 0.197117
0.458382 0.0131968 0.0106015 0.517819
9.99821E-05 9.99821E-05 0.717585 0.282215
0.702389 9.99821E-05 9.99821E-05 0.297411
0.0141388 9.99911E-05 0.226465 0.759296
0.176322 0.118637 9.9991E-05 0.704941
9.9991E-05 0.508917 0.244397 0.246586
0.25035 0.0243715 0.554394 0.170884
0.550551 9.99911E-05 0.396745 0.0526039
0.551231 0.322911 0.125758 9.9991E-05
9.99821E-05 9.99821E-05 0.108994 0.890806
0.604933 0.0503383 0.344628 9.99911E-05
0.665937 0.305931 0.0280322 9.9991E-05
0.23235 9.99911E-05 0.354247 0.413303
0.127875 0.56175 0.309805 0.000570588
0.168839 0.437651 9.9991E-05 0.393409
0.50341 0.359715 9.9994E-05 0.136776
0.554806 0.345337 0.0739383 0.0259186
0.237184 9.99911E-05 0.178907 0.583808
0.316701 0.36617 0.121404 0.195725
0.384859 0.309857 0.0958548 0.209429
0.224917 9.99911E-05 0.516398 0.258584
0.284477 0.1567 0.420293 0.138531
0.314924 0.163857 0.254737 0.266482
0.187465 0.303538 0.391881 0.117116
0.491262 0.359845 0.0486293 0.100264
0.12007 0.721551 0.119927 0.0384519
0.0523006 0.749585 0.109696 0.0884183
0.520617 0.0573061 0.284086 0.137991
9.99822E-05 0.738174 0.261626 9.99822E-05
0.216063 0.783737 9.9982E-05 9.9982E-05
9.9982E-05 0.629471 9.9982E-05 0.370329
0.773345 9.99911E-05 0.199034 0.0275212
9.9991E-05 0.0896258 0.579732 0.330542
9.9991E-05 0.568407 0.206634 0.224859
0.698422 0.0384625 0.263016 9.99911E-05
0.0547022 0.251357 0.683624 0.0103174
0.566249 9.9991E-05 0.365805 0.0678469
0.256851 9.99822E-05 0.742949 9.99822E-05
0.241907 0.0484663 0.709527 9.9991E-05
0.441544 0.284578 9.9991E-05 0.273778
0.159224 0.374094 0.419855 0.0468266
0.406441 9.9991E-05 0.583616 0.00984341
9.9982E-05 9.9982E-05 0.979304 0.0204964
0.131619 0.293185 9.9991E-05 0.575095
9.99911E-05 0.673907 0.195669 0.130324
0.179572 0.0659044 0.568899 0.185625
0.316469 0.486943 9.9991E-05 0.196488
9.9991E-05 0.206142 0.748427 0.0453309
9.9982E-05 0.546647 0.453153 9.9982E-05
0.0237768 0.329617 0.214528 0.432078
0.528968 0.122568 0.29459 0.0538731
9.99821E-05 9.99821E-05 0.865656 0.134144
0.965804 0.033996 9.99822E-05 9.99822E-05
9.99821E-05 0.507667 0.492133 9.99821E-05
0.198981 0.684106 9.99911E-05 0.116813
0.0832494 0.214101 0.702549 9.9991E-05
9.99911E-05 0.343608 0.552213 0.104079
0.370855 9.9991E-05 0.428827 0.200217
0.205691 0.427013 0.306395 0.0609007
0.749296 0.250504 9.99821E-05 9.99821E-05
0.602208 0.397592 9.99821E-05 9.99821E-05
9.99911E-05 0.37208 0.214697 0.413123
0.4624 0.195706 0.248164 0.0937304
9.9991E-05 0.471275 0.348218 0.180407
0.516929 0.122598 0.125837 0.234636
0.570293 9.9991E-05 0.286736 0.142871
0.430253 9.99911E-05 0.434857 0.13479
0.12067 0.115615 0.0131472 0.750568
9.99911E-05 0.387469 0.256209 0.356222
9.9991E-05 0.32654 0.393154 0.280206
9.99821E-05 0.173902 9.99821E-05 0.825898
0.301003 0.299977 9.99911E-05 0.39892
0.0822492 0.546953 0.286278 0.08452
0.691104 9.9991E-05 0.0231385 0.285658
0.0115206 0.203586 0.745919 0.0389747
0.647807 9.9991E-05 0.270693 0.0814002
0.23061 0.0733789 0.239839 0.456172
0.235399 0.245546 0.518956 9.9991E-05
9.9982E-05 0.363401 9.9982E-05 0.636399
0.322797 9.9991E-05 0.169097 0.508006
0.120506 9.99911E-05 0.518259 0.361135
9.998E-05 9.998E-05 9.998E-05 0.9997
9.99821E-05 9.99821E-05 0.658724 0.341076
0.292095 9.99911E-05 0.0594569 0.648348
0.327526 0.487823 0.184551 9.9991E-05
9.9991E-05 0.140233 0.626661 0.233006
0.272174 0.599835 0.127892 9.99911E-05
0.353458 0.318782 0.162684 0.165077
9.99821E-05 0.995529 0.00427065 9.99821E-05
0.0167623 0.60509 9.99911E-05 0.378047
0.0402747 0.429924 0.207656 0.322145
0.0284779 0.743268 9.9991E-05 0.228154
9.99821E-05 0.203467 9.99821E-05 0.796334
0.509796 0.379362 0.110742 9.99911E-05
9.998E-05 9.998E-05 9.998E-05 0.9997
0.0575341 9.99911E-05 0.802938 0.139428
0.4035 0.24017 0.345391 0.0109393
0.00911123 0.434522 0.556266 9.99911E-05
9.9991E-05 0.237615 0.365386 0.396899
0.784406 0.191036 9.9991E-05 0.0244589
9.9991E-05 0.0609069 0.327398 0.611596
0.804781 0.128011 9.99911E-05 0.0671081
0.0594674 0.882343 9.9991E-05 0.0580898
0.453121 0.380901 0.10325 0.0627272
0.382463 0.108403 0.22448 0.284654
9.9991E-05 0.0411702 0.73296 0.225769
9.99911E-05 0.423371 0.464636 0.111892
0.309653 0.453207 0.23704 9.9991E-05
0.565285 0.090088 9.99911E-05 0.344527
0.197648 0.402444 0.0874015 0.312507
9.99821E-05 9.99821E-05 0.999573 0.000227188
0.545631 0.241852 9.9991E-05 0.212417
0.0798445 0.103603 0.816453 9.99911E-05
0.347308 0.0283578 0.624235 9.9991E-05
0.380901 0.102571 0.457118 0.0594095
0.0127874 0.987013 9.99821E-05 9.99821E-05
9.998E-05 0.9997 9.998E-05 9.998E-05
9.998E-05 0.9997 9.998E-05 9.998E-05
9.99822E-05 0.346221 0.653579 9.99822E-05
0.0614852 0.938315 9.99821E-05 9.99821E-05
0.41548 0.0965185 0.290069 0.197932
0.371131 0.000307998 0.278637 0.349924
0.0365936 0.175086 0.65942 0.1289
9.99821E-05 9.99821E-05 0.653134 0.346666
9.9991E-05 0.091889 0.145607 0.762404
9.9991E-05 0.710464 0.0967244 0.192712
0.963081 9.99821E-05 0.0367195 9.99821E-05
0.427209 0.2146 0.093012 0.265179
0.406974 0.280487 0.0125674 0.299972
0.422854 0.00407299 0.572973 9.99911E-05
0.0785229 0.315222 0.489586 0.116669
0.209993 9.99821E-05 0.789807 9.99821E-05
0.126971 0.542577 0.330352 9.9991E-05
0.12607 0.468329 0.305189 0.100412
0.452724 0.381165 9.99911E-05 0.166011
0.718895 0.241157 0.0127098 0.0272382
0.750636 9.99911E-05 0.0722729 0.176991
0.175863 0.311917 0.31486 0.197359
9.99821E-05 0.979898 0.0199017 9.99821E-05
9.9991E-05 0.328442 0.372907 0.298551
0.9997 9.998E-05 9.998E-05 9.998E-05
9.99821E-05 0.555842 0.443958 9.99821E-05
0.597541 0.229218 0.125138 0.0481032
0.292218 9.99911E-05 0.665477 0.0422045
9.99821E-05 0.150066 0.849734 9.99821E-05
0.0741986 0.410035 0.192148 0.323619
0.0980961 0.684544 0.186022 0.0313379
9.99822E-05 0.748542 0.251258 9.99822E-05
0.9997 9.998E-05 9.998E-05 9.998E-05
0.2774 9.9991E-05 0.415638 0.306862
9.99911E-05 0.803369 0.021691 0.17484
0.177425 0.581915 0.240559 9.9991E-05
0.433096 0.0020677 0.564736 9.9991E-05
0.258039 0.385889 0.0725019 0.283571
9.99821E-05 0.649558 0.350242 9.99821E-05
9.99821E-05 0.869043 0.130757 9.99821E-05
9.99911E-05 0.387673 0.29057 0.321658
0.506612 0.235399 9.99911E-05 0.257889
0.0300832 0.195392 0.602013 0.172512
0.349641 9.99911E-05 0.635477 0.0147817
0.653964 9.99821E-05 0.345836 9.99821E-05
0.10303 0.255284 0.641586 9.99911E-05
9.9991E-05 0.791265 0.194057 0.0145779
0.0419253 0.737513 0.0945415 0.12602
0.464131 0.161573 9.99911E-05 0.374197
9.99822E-05 0.493498 0.506302 9.99822E-05
0.650418 0.222985 0.125588 0.00100924
0.507605 0.161989 0.00015857 0.330247
0.598985 0.0885425 9.9991E-05 0.312372
