9.9982E-05 0.0962059 9.9982E-05 0.156398 0.0266237 0.0429714 0.147153 0.530448
0.0640021 9.9991E-05 0.0476675 0.244823 0.0116565 0.384957 0.117861 0.128933
0.186293 0.148404 0.036954 0.062871 9.9991E-05 0.134531 0.402201 0.0286462
0.392312 0.189023 0.0258227 9.9991E-05 0.0454416 0.191667 0.0253269 0.130306
0.169309 0.146063 0.0466504 9.9991E-05 0.0295149 0.266003 0.328476 0.0138835
0.157857 0.0622201 9.9973E-05 9.9973E-05 0.0204694 0.310675 0.448479 9.9973E-05
0.0865023 0.286892 0.0527321 0.0630532 9.9991E-05 0.242431 0.180246 0.0880432
9.9982E-05 0.149124 9.9982E-05 0.323634 0.00206138 0.271421 0.0588369 0.194723
0.154706 0.0914368 0.00809862 9.9991E-05 0.0218579 0.114397 0.349797 0.259607
9.9982E-05 0.0406421 0.149302 0.256959 0.247317 9.9982E-05 0.0520863 0.253494
9.9964E-05 0.0611143 9.9964E-05 9.9964E-05 0.230101 0.316602 0.391782 9.9964E-05
0.536631 9.99729E-05 0.198578 0.0611501 9.99729E-05 9.99729E-05 0.00719817 0.196143
9.9982E-05 0.161354 0.0258158 9.9982E-05 0.0781935 0.186228 0.342901 0.205307
0.132602 0.0694322 0.0769738 0.181016 0.0653985 0.207383 9.9991E-05 0.267094
9.9973E-05 0.0264451 9.9973E-05 0.0112119 0.0828271 0.745953 9.9973E-05 0.133263
0.348564 0.170306 0.0857415 0.189562 9.9982E-05 0.17669 9.9982E-05 0.0289363
0.021975 9.9973E-05 0.0875703 9.9973E-05 0.171409 0.564901 9.9973E-05 0.153844
9.999E-05 0.230963 0.0863813 0.343912 0.0337788 0.0579174 0.167723 0.0792234
0.486928 0.132852 0.0446924 9.99729E-05 9.99729E-05 9.99729E-05 0.205256 0.129972
9.999E-05 0.16865 0.0639429 0.083832 0.0750393 0.278005 0.221633 0.108798
0.226033 0.183639 9.9991E-05 0.0930146 0.0440882 0.116209 0.175663 0.161253
9.9982E-05 0.0861402 9.9982E-05 0.0790455 0.0805536 0.141509 0.455838 0.156714
0.317384 0.267153 9.9991E-05 0.116908 0.014773 0.147907 0.088276 0.0474986
9.9973E-05 0.0152911 0.216688 9.9973E-05 9.9973E-05 0.528125 0.1722 0.067396
0.0209681 0.163474 9.9973E-05 9.9973E-05 0.299181 9.9973E-05 0.435594 0.080483
0.147802 9.9964E-05 0.0700761 9.9964E-05 9.9964E-05 0.362099 9.9964E-05 0.419623
0.0205423 0.1958 0.114205 0.585293 0.0838596 9.9973E-05 9.9973E-05 9.9973E-05
9.9991E-05 0.0257341 0.122585 0.0199725 0.0564729 0.213987 0.283875 0.277274
9.9982E-05 9.9982E-05 0.135724 0.123138 0.0338787 0.320361 0.263943 0.122755
0.0235896 0.0677638 0.510024 0.0411439 9.9991E-05 0.16295 0.192173 0.00225619
0.196658 0.0695711 0.0836094 0.0780861 0.0899705 0.481905 9.9982E-05 9.9982E-05
0.170439 0.109595 0.0126168 0.511259 0.0270831 9.9982E-05 0.168807 9.9982E-05
0.13097 0.113334 0.0909636 9.9973E-05 9.9973E-05 0.53844 0.125993 9.9973E-05
9.9973E-05 0.0932144 9.9973E-05 0.250477 0.0738817 0.509535 0.0725914 9.9973E-05
0.230507 0.0441834 0.0215851 0.191051 0.0241611 0.081547 9.9991E-05 0.406865
9.9946E-05 0.0114785 9.9946E-05 9.9946E-05 9.9946E-05 9.9946E-05 9.9946E-05 0.987922
0.117477 0.149938 0.00855354 9.9991E-05 0.154993 0.173293 0.243631 0.152013
9.9964E-05 9.9964E-05 0.0905258 0.288643 0.129593 9.9964E-05 9.9964E-05 0.490838
0.416377 0.141608 0.102436 0.00364866 0.123261 0.148036 0.0645327 9.9991E-05
0.0885889 0.188061 9.9991E-05 0.164003 0.0472901 0.31774 0.020634 0.173583
9.9964E-05 0.106548 9.9964E-05 9.9964E-05 0.0511072 0.150775 0.691171 9.9964E-05
9.9982E-05 0.218145 0.0170812 0.389997 0.0763567 0.276582 0.0216382 9.9982E-05
0.155602 0.217142 0.0623217 0.222586 9.9991E-05 0.0816602 0.253897 0.00669163
0.247891 9.9964E-05 0.104181 9.9964E-05 9.9964E-05 9.9964E-05 0.302977 0.344551
0.171122 0.155045 0.00614735 0.640874 9.9973E-05 9.9973E-05 9.9973E-05 0.0265116
0.436195 0.148248 9.9973E-05 0.0432017 0.0891309 9.9973E-05 9.9973E-05 0.282925
0.340357 0.0391352 0.00197534 9.9982E-05 9.9982E-05 0.351714 0.259987 0.00663095
0.374337 0.0901448 0.0643226 0.149649 9.9991E-05 0.0551206 0.265482 0.000844133
9.9964E-05 0.117628 9.9964E-05 0.413034 9.9964E-05 0.115568 0.35337 9.9964E-05
0.182356 0.0971312 0.107387 0.139032 9.9982E-05 0.0136668 0.460228 9.9982E-05
0.164893 0.175283 0.120253 0.163317 0.0858739 0.0632004 0.0932351 0.133944
0.323964 0.162152 0.0649399 0.309996 9.9991E-05 0.0646369 0.0740069 0.000204461
0.0113621 0.0424902 0.0887485 0.187846 0.0292536 0.618228 0.021972 9.9991E-05
0.0424684 0.164774 0.0878112 0.356107 0.167063 0.0499423 0.108846 0.0229875
0.121809 0.00749464 0.0976351 0.39354 9.9973E-05 9.9973E-05 0.379222 9.9973E-05
0.146636 0.215059 0.0110547 0.4854 9.9973E-05 9.9973E-05 0.141551 9.9973E-05
0.174797 9.99551E-05 9.99551E-05 0.226926 9.99551E-05 9.99551E-05 0.597778 9.99551E-05
9.99801E-05 0.0726524 0.0496204 9.99801E-05 0.000631095 0.0121567 0.738838 0.125902
0.13075 0.105989 9.9982E-05 0.244541 0.0216709 0.332513 0.164336 9.9982E-05
0.124593 0.0160794 9.9982E-05 0.554085 0.0649937 9.9982E-05 0.0945829 0.145466
9.9946E-05 9.9946E-05 9.9946E-05 9.9946E-05 9.9946E-05 0.896643 0.102757 9.9946E-05
9.9982E-05 0.183713 9.9982E-05 0.0920688 0.0686343 0.496126 0.0351125 0.124146
0.397889 0.128145 0.0325027 9.9982E-05 0.0127631 0.101147 0.327354 9.9982E-05
9.9955E-05 0.161136 0.835064 9.9955E-05 9.9955E-05 9.9955E-05 9.9955E-05 0.00330102
9.9973E-05 9.9973E-05 9.9973E-05 0.242507 0.118058 0.31021 0.0257267 0.303199
9.9964E-05 0.00788793 9.9964E-05 9.9964E-05 9.9964E-05 0.112571 0.045362 0.833779
0.473841 0.339415 9.9991E-05 0.113715 0.0367626 0.011751 0.0156945 0.00872061
0.0902413 0.142049 0.0324101 0.0358892 9.9982E-05 0.164611 0.5346 9.9982E-05
9.9964E-05 0.106343 9.9964E-05 9.9964E-05 9.9964E-05 0.270185 0.489662 0.13341
9.9991E-05 0.102073 0.129849 0.163305 0.0565744 0.261131 0.247072 0.0398951
0.0494046 0.0351374 0.031856 0.823436 0.0598659 9.9973E-05 9.9973E-05 9.9973E-05
9.9991E-05 0.156101 0.0624465 0.120755 0.00338659 0.267366 0.0368835 0.352962
0.0219991 0.182352 0.135205 9.9991E-05 0.0541273 0.317567 0.191824 0.0968254
9.9982E-05 0.040942 0.106957 0.0970685 0.0771519 0.25863 0.419051 9.9982E-05
9.9982E-05 9.9982E-05 0.115926 0.0291384 0.195249 0.222242 0.144124 0.293121
0.351891 0.0315389 9.9973E-05 0.41169 0.0138575 0.190722 9.9973E-05 9.9973E-05
9.9964E-05 0.286237 0.00376727 9.9964E-05 0.0721459 9.9964E-05 0.63745 9.9964E-05
9.9973E-05 0.0131257 0.0495507 0.00138755 0.0200315 0.915605 9.9973E-05 9.9973E-05
9.9946E-05 9.9946E-05 9.9946E-05 9.9946E-05 9.9946E-05 0.989716 0.00968438 9.9946E-05
9.9964E-05 0.0696035 0.0233578 0.108779 9.9964E-05 0.79786 9.9964E-05 9.9964E-05
0.154886 0.168253 0.060251 9.9991E-05 0.0360092 0.251306 0.15343 0.175765
0.240244 0.143986 0.0162754 9.9991E-05 0.0527755 0.299856 0.0104327 0.236331
0.382802 0.0516867 0.206334 0.152713 0.0338061 0.0444517 0.128107 9.9991E-05
0.38449 0.160231 0.047796 0.0278222 0.0440525 0.272835 0.0626731 9.9991E-05
0.191292 0.274383 0.0589715 0.055296 9.9982E-05 0.0306635 0.389195 9.9982E-05
0.152869 0.0750674 9.9991E-05 0.123657 0.0482488 0.278903 0.164608 0.156546
0.00263062 0.0901194 0.0504242 0.0429571 9.9982E-05 0.0590903 9.9982E-05 0.754578
0.869199 0.0729381 9.9955E-05 9.9955E-05 0.0573629 9.9955E-05 9.9955E-05 9.9955E-05
9.9991E-05 0.10625 0.106808 0.114574 0.0952139 0.167732 0.171089 0.238233
0.0546603 0.136999 9.9973E-05 0.0142146 9.9973E-05 9.9973E-05 0.731051 0.062775
9.99549E-05 9.99549E-05 0.948556 9.99549E-05 0.0440188 9.99549E-05 9.99549E-05 0.00692555
9.9991E-05 0.0256232 0.0201473 0.3126 0.100867 0.263773 0.146001 0.130889
0.358698 0.227958 0.0148158 9.9982E-05 0.0124726 0.235976 9.9982E-05 0.149879
0.07738 0.0523365 0.027507 0.0293276 9.9982E-05 0.541608 9.9982E-05 0.271641
0.049119 0.295376 9.9982E-05 9.9982E-05 0.0774889 0.394532 0.11898 0.0643042
0.354019 0.118909 0.0333829 9.9982E-05 0.0602367 0.306446 9.9982E-05 0.126806
9.9964E-05 9.9964E-05 9.9964E-05 0.427443 9.9964E-05 0.0151588 0.373252 0.183746
0.216681 0.0977004 9.9973E-05 0.153286 0.0835711 9.9973E-05 0.448461 9.9973E-05
0.00719338 0.0958806 0.518113 9.9991E-05 0.00258724 0.0521776 0.12705 0.196897
9.9973E-05 9.9973E-05 0.333868 0.105206 9.9973E-05 0.294141 0.132909 0.133576
9.9982E-05 0.0892396 0.120797 9.9982E-05 0.10237 0.14859 0.358745 0.180058
9.994E-05 9.994E-05 0.9993 9.994E-05 9.994E-05 9.994E-05 9.994E-05 9.994E-05
0.0482566 0.0677216 0.0161027 0.086273 0.186577 0.254832 0.340137 9.9991E-05
9.994E-05 9.994E-05 9.994E-05 9.994E-05 0.9993 9.994E-05 9.994E-05 9.994E-05
0.0839952 0.0152636 0.0671829 9.9991E-05 0.0657356 0.27703 0.00801435 0.482678
0.254254 9.9982E-05 0.0410955 9.9982E-05 0.0134419 0.258579 0.176552 0.255877
0.109196 0.00468479 0.0136915 0.287534 0.0381031 0.318975 0.105494 0.122322
9.9982E-05 0.218371 0.0469535 0.131045 0.0162763 0.0293001 0.557855 9.9982E-05
0.0442547 0.0993073 0.240661 0.320489 0.0213048 0.273784 9.9982E-05 9.9982E-05
9.9982E-05 0.151857 0.00778143 0.245281 9.9982E-05 0.0904608 0.297869 0.20655
0.176678 0.223049 9.9973E-05 9.9973E-05 0.137341 0.277639 0.184992 9.9973E-05
0.0319175 0.266394 0.132572 0.0832278 0.000728785 0.0211294 0.46393 9.9991E-05
0.423588 0.0763728 0.108982 9.9991E-05 0.00194159 0.281902 0.0563826 0.0507309
9.9973E-05 0.159618 0.460198 0.0123263 9.9973E-05 0.22766 0.139899 9.9973E-05
0.0655421 0.0682 0.0510294 0.16514 0.0253719 0.403979 0.10577 0.114967
9.994E-05 9.994E-05 0.9993 9.994E-05 9.994E-05 9.994E-05 9.994E-05 9.994E-05
0.166162 0.0787716 9.9982E-05 9.9982E-05 0.167393 0.201958 0.19931 0.186206
9.9955E-05 9.9955E-05 9.9955E-05 0.428449 9.9955E-05 0.148659 9.9955E-05 0.422393
0.0734647 0.0904962 0.0374705 9.9973E-05 9.9973E-05 0.279661 0.518608 9.9973E-05
0.415592 0.108685 0.0143287 0.148824 0.0222799 9.9982E-05 9.9982E-05 0.290091
9.9982E-05 0.198561 9.9982E-05 0.17077 0.0837928 0.332291 0.214029 0.000356451
9.9982E-05 0.312075 0.340477 9.9982E-05 0.042246 0.066279 0.179332 0.0593913
9.9982E-05 0.151198 0.0221195 0.238874 0.0317276 0.216273 0.339607 9.9982E-05
0.652293 9.9964E-05 9.9964E-05 9.9964E-05 0.0246898 0.274372 0.0482448 9.9964E-05
0.0134142 0.135192 0.172445 0.278431 9.9982E-05 0.0139469 0.38637 9.9982E-05
0.382919 0.00646704 0.134873 0.0424193 9.9982E-05 0.419878 9.9982E-05 0.0132437
0.203407 0.142208 9.9973E-05 9.9973E-05 0.0336259 9.9973E-05 0.373194 0.247265
0.152269 0.171327 0.121395 0.164017 0.0191513 0.00840729 0.363333 9.9991E-05
0.501114 0.0461788 9.9955E-05 9.9955E-05 9.9955E-05 9.9955E-05 0.452208 9.9955E-05
0.0206036 9.9973E-05 0.128117 0.429635 0.0235648 9.9973E-05 9.9973E-05 0.39778
0.105118 0.0970229 9.9964E-05 9.9964E-05 9.9964E-05 9.9964E-05 0.34077 0.45669
0.365717 0.163483 0.0531111 9.9973E-05 9.9973E-05 0.207621 0.209767 9.9973E-05
0.209692 0.00131915 0.364697 9.9973E-05 9.9973E-05 0.256963 9.9973E-05 0.167028
0.224005 0.217761 0.125028 0.0411493 9.9991E-05 0.236241 0.0622834 0.0934329
0.231116 0.0876947 0.0192429 0.0504601 0.0354541 9.9982E-05 0.575832 9.9982E-05
0.116604 0.0900812 0.0162285 0.436581 0.0269321 9.9991E-05 0.280123 0.0333515
0.385496 9.9955E-05 9.9955E-05 0.0151035 9.9955E-05 0.598901 9.9955E-05 9.9955E-05
0.166345 0.0413214 0.0444611 0.0755211 9.9973E-05 0.672051 9.9973E-05 9.9973E-05
9.9982E-05 0.104461 0.0848244 0.271003 0.00340591 9.9982E-05 0.428347 0.107758
0.00817603 0.121478 9.9991E-05 0.0606403 0.0744386 0.320502 0.406934 0.00773056
0.353256 0.12205 0.00697847 0.155601 0.0458379 0.0339845 0.171232 0.111061
0.0530045 0.119713 9.9973E-05 0.196008 0.201397 0.429578 9.9973E-05 9.9973E-05
0.399702 0.0563854 0.181646 0.0269101 0.0976702 9.9982E-05 0.237486 9.9982E-05
9.9973E-05 0.105138 9.9973E-05 0.0801575 0.0709016 9.9973E-05 0.599452 0.144051
9.9973E-05 0.223804 0.0737479 9.9973E-05 0.0975842 0.311292 0.293272 9.9973E-05
9.9982E-05 0.247183 0.396749 0.14349 0.0174442 0.00204369 9.9982E-05 0.192891
0.0784443 0.14903 9.9991E-05 0.153396 0.0284992 0.206532 0.308873 0.0751253
9.994E-05 0.9993 9.994E-05 9.994E-05 9.994E-05 9.994E-05 9.994E-05 9.994E-05
0.030667 0.054121 9.9973E-05 9.9973E-05 0.083575 0.36066 9.9973E-05 0.470677
0.103272 0.143415 9.9991E-05 0.11705 0.216252 0.205949 0.187208 0.0267559
0.543225 0.00678964 0.0883533 9.9982E-05 0.0651971 9.9982E-05 0.19712 0.0991152
0.211829 0.229274 9.9991E-05 0.015314 0.154367 0.199271 0.0986619 0.0911832
0.0725531 0.23253 0.083187 0.372186 0.010675 0.0388583 0.0876842 0.102326
9.9982E-05 0.0866613 0.0700078 0.485998 0.0398173 0.14182 0.175496 9.9982E-05
0.50438 0.0288494 0.0969383 0.0767737 0.0101888 0.162704 9.9991E-05 0.120066
0.0321711 0.119248 0.198474 9.9991E-05 0.08437 0.318668 0.0789009 0.168069
0.00988859 0.140728 9.9991E-05 0.166109 0.0268889 0.0603626 0.459531 0.136392
0.342613 0.0555303 0.121962 0.0286963 0.000941703 0.164384 0.130803 0.15507
9.9964E-05 9.9964E-05 0.000811995 0.121236 9.9964E-05 9.9964E-05 0.264805 0.612747
9.9991E-05 0.132309 0.0414197 0.145411 0.0164349 0.204519 0.215598 0.244208
0.196728 0.175302 9.9982E-05 9.9982E-05 0.07524 0.306687 0.0266167 0.219226
9.994E-05 0.9993 9.994E-05 9.994E-05 9.994E-05 9.994E-05 9.994E-05 9.994E-05
0.0957921 0.564797 9.9973E-05 0.126508 9.9973E-05 0.199236 9.9973E-05 0.0133667
9.9973E-05 0.149624 9.9973E-05 0.170397 0.0903549 0.357176 0.232147 9.9973E-05
0.113722 9.9991E-05 0.0811633 0.288973 0.0247798 0.0070281 0.313086 0.171147
9.9946E-05 0.0311714 9.9946E-05 9.9946E-05 9.9946E-05 9.9946E-05 9.9946E-05 0.968229
0.212439 0.0276273 9.9991E-05 0.00862403 0.00119934 0.231045 0.48196 0.0370058
0.162345 9.9964E-05 9.9964E-05 0.482478 0.0921671 0.26261 9.9964E-05 9.9964E-05
9.9955E-05 0.0514718 9.9955E-05 0.452245 9.9955E-05 0.495783 9.9955E-05 9.9955E-05
0.100515 0.13035 0.0175446 0.181913 9.9982E-05 0.322823 9.9982E-05 0.246654
0.155922 9.9982E-05 0.101092 0.183855 9.9982E-05 0.285694 0.238402 0.0348352
0.248386 0.0911012 0.0843094 0.143802 0.138938 0.0665782 0.226785 9.9991E-05
0.252276 0.155716 0.0846875 0.041055 0.00394649 0.186483 9.9991E-05 0.275736
9.994E-05 9.994E-05 9.994E-05 0.9993 9.994E-05 9.994E-05 9.994E-05 9.994E-05
0.0581908 0.26224 9.9973E-05 0.349014 9.9973E-05 0.240168 0.0900876 9.9973E-05
0.0165004 0.0279133 0.0325952 0.246707 0.065251 0.232145 0.378788 9.9991E-05
0.478379 0.113818 9.9964E-05 0.181374 9.9964E-05 0.226029 9.9964E-05 9.9964E-05
0.732184 9.9973E-05 0.0525095 0.000188262 0.0702479 9.9973E-05 9.9973E-05 0.144571
0.0380773 9.99549E-05 0.00241194 9.99549E-05 0.959011 9.99549E-05 9.99549E-05 9.99549E-05
9.9991E-05 0.0477949 0.0108787 0.300539 0.0875925 0.0744955 0.461408 0.0171919
0.145067 0.0486553 0.150186 9.9982E-05 0.0718591 0.364653 9.9982E-05 0.21938
0.0337757 0.169017 0.0088764 9.9982E-05 0.0206329 9.9982E-05 0.471882 0.295617
9.9982E-05 0.138094 9.9982E-05 0.130665 0.0146172 0.231723 0.277623 0.207078
0.128301 0.0534562 0.162135 9.9982E-05 9.9982E-05 0.112197 0.398976 0.144734
0.568453 0.0665932 0.00450877 0.00900934 9.9982E-05 0.0872497 9.9982E-05 0.263986
9.994E-05 9.994E-05 9.994E-05 9.994E-05 0.9993 9.994E-05 9.994E-05 9.994E-05
0.390777 0.193428 0.0150653 9.9973E-05 9.9973E-05 0.274995 0.125434 9.9973E-05
0.168268 0.099293 9.9973E-05 0.373158 0.107456 9.9973E-05 9.9973E-05 0.251526
0.00687382 0.169955 0.0181215 9.9991E-05 0.0142946 0.401132 0.310364 0.0791587
9.9964E-05 9.9964E-05 0.0708848 0.766254 9.9964E-05 0.0841869 9.9964E-05 0.0782742
