0.132569 0.210915 0.656416 9.9991E-05
0.151592 0.13268 0.658971 0.0567568
0.100411 0.133255 0.656753 0.109581
0.135325 0.135554 0.612097 0.117024
0.103827 0.36022 0.416557 0.119396
0.200124 0.369567 0.361677 0.0686321
0.0842503 0.288103 0.55811 0.069537
0.10293 0.337295 0.435597 0.124178
0.306587 0.450138 0.0242006 0.219074
0.398161 0.183376 0.192536 0.225926
0.367074 0.451473 0.13182 0.0496328
0.222506 0.534191 9.9991E-05 0.243202
0.154007 0.563804 0.141139 0.141049
0.213349 0.466957 0.142646 0.177049
0.124378 0.661208 0.214313 9.9991E-05
0.0767449 0.322056 0.501951 0.0992477
0.089475 0.703003 0.0247248 0.182797
0.137533 0.582673 0.0214714 0.258323
0.172511 0.41572 0.411669 9.9991E-05
0.162747 0.193973 0.54863 0.0946508
0.175678 0.442101 0.382121 9.9991E-05
0.138051 0.354145 0.507704 9.9991E-05
0.150592 0.455899 0.348507 0.0450012
0.0300651 0.0831323 0.758569 0.128234
0.495835 0.503965 9.9982E-05 9.9982E-05
0.0565169 0.334205 0.5213 0.0879779
0.258641 0.249003 0.344499 0.147856
0.212198 0.349434 0.271537 0.166831
0.165378 0.152589 0.433884 0.24815
9.9991E-05 0.0412234 0.299416 0.659261
0.293057 0.307876 0.33334 0.0657272
0.514815 0.12377 0.125584 0.235831
9.9991E-05 0.404836 0.499737 0.095327
0.192641 0.319996 0.425611 0.0617524
0.31022 0.584868 9.9991E-05 0.104812
9.9982E-05 0.779901 0.219899 9.9982E-05
0.275182 0.168459 0.55626 9.9991E-05
0.343628 0.495073 9.9991E-05 0.161199
0.259271 0.3801 0.227979 0.13265
0.102102 0.326212 0.571586 9.9991E-05
0.223378 0.0396148 0.583531 0.153476
0.174063 0.22636 0.522015 0.0775624
0.202494 0.0454845 0.641405 0.110616
0.21813 0.0591421 0.481222 0.241506
0.368772 0.422103 0.0125364 0.196588
0.375037 0.195468 0.309723 0.119773
9.9991E-05 0.528958 0.336585 0.134357
0.0158293 0.17825 0.501932 0.303988
0.246775 0.189668 0.396395 0.167162
0.0387372 0.261513 0.563377 0.136373
0.242525 0.603929 0.149123 0.00442408
0.161254 0.320569 0.391748 0.126429
0.0389143 0.0615261 0.80521 0.0943493
0.274827 0.292543 0.250062 0.182568
0.31436 9.9991E-05 0.451133 0.234407
0.14646 0.491283 0.281885 0.080371
0.476061 0.169523 0.21798 0.136436
0.280876 0.182074 0.306575 0.230476
0.241217 0.34841 0.410273 9.9991E-05
0.45251 0.26895 0.277993 0.000546891
9.9991E-05 0.155466 0.816903 0.0275314
0.210914 0.604544 0.184442 9.9991E-05
0.0176338 0.431612 0.491722 0.0590319
9.9991E-05 0.0175218 0.0243058 0.958072
0.242927 0.197519 0.556916 0.00263778
0.024024 0.404936 0.570203 0.00083708
0.164866 0.35473 0.469748 0.0106557
0.15535 0.285347 0.364256 0.195047
0.00827295 0.507978 0.463722 0.0200268
0.0727842 0.296601 0.439903 0.190711
0.477034 9.9991E-05 0.331107 0.191759
0.0182894 0.459575 0.461431 0.0607044
0.0764505 0.542884 0.204763 0.175903
0.263715 0.176129 0.386086 0.174071
0.391842 0.184505 0.100574 0.323079
0.238456 0.0666635 0.567081 0.1278
0.146816 0.344141 0.315375 0.193668
0.0686077 0.20443 0.681147 0.045815
0.0767801 0.145655 0.777465 9.9991E-05
0.0678974 0.263943 0.475453 0.192707
0.230316 0.271801 0.453273 0.0446094
0.129448 0.532734 0.253113 0.0847044
0.36252 0.095689 0.272628 0.269163
0.172188 0.416638 0.331089 0.0800846
0.0676208 0.202694 0.591235 0.13845
0.272973 0.0288529 0.698074 9.9991E-05
9.9991E-05 0.41383 0.558096 0.0279742
0.24154 0.514371 0.243989 9.9991E-05
0.131186 0.538867 0.240681 0.0892666
0.256755 0.269586 0.406999 0.0666601
0.00518373 0.00520592 9.9991E-05 0.98951
0.347299 0.291536 0.252468 0.108697
0.0169808 0.46879 0.51413 9.9991E-05
9.99934E-05 0.44755 0.43364 0.11871
0.119943 0.0640886 0.815869 9.9991E-05
0.183603 0.116521 0.547574 0.152302
0.262063 9.9991E-05 0.608842 0.128995
0.35435 0.0308233 0.56556 0.0492668
9.9982E-05 0.496708 9.9982E-05 0.503092
0.0291445 0.371668 0.198518 0.40067
0.125189 0.264276 0.385652 0.224883
9.998E-05 9.998E-05 9.998E-05 0.9997
0.251674 0.409873 0.315273 0.0231798
0.9997 9.998E-05 9.998E-05 9.998E-05
0.162321 0.530725 0.186486 0.120468
0.148808 0.173584 0.677508 9.9991E-05
0.169608 0.286226 0.492237 0.0519289
0.075616 0.058672 0.777311 0.0884006
0.227061 0.249458 0.358405 0.165076
0.173996 0.417252 0.39684 0.0119124
0.202652 0.386542 0.410707 9.9991E-05
0.236872 0.343968 0.146345 0.272815
0.247107 0.0401673 0.639916 0.0728095
0.0794721 0.484914 0.0143425 0.421271
0.07464 0.164592 0.531526 0.229242
9.998E-05 9.998E-05 9.998E-05 0.9997
0.374744 0.313655 0.290269 0.0213317
0.121516 0.26345 0.607227 0.00780656
0.182031 0.125113 0.434833 0.258024
0.297076 0.588712 9.9991E-05 0.114112
0.0980786 0.339228 0.512966 0.0497271
0.0510004 0.552969 0.0206169 0.375414
0.205827 0.258529 0.134083 0.40156
0.334827 0.115086 0.48978 0.0603066
0.245423 0.409175 0.00217664 0.343226
9.9991E-05 0.421363 0.495597 0.0829393
0.258764 0.295607 0.377309 0.0683202
0.212212 0.16223 0.482491 0.143067
0.264638 0.207268 0.455113 0.0729809
0.333897 0.399697 0.0632498 0.203156
0.0416971 0.448199 0.369999 0.140104
0.0833568 0.365951 0.464786 0.0859064
0.121196 0.222338 0.175784 0.480683
0.0364667 0.360696 0.397909 0.204928
0.247556 0.152006 0.402935 0.197503
0.411332 0.445848 0.115845 0.026975
0.132102 0.0673369 0.795014 0.00554721
9.998E-05 9.998E-05 0.9997 9.998E-05
0.137365 0.174349 0.403974 0.284312
0.227739 0.35546 0.325694 0.0911075
0.271725 0.386962 0.300611 0.0407016
0.356669 0.398481 0.239669 0.00518062
0.32868 9.9991E-05 0.45416 0.21706
0.315715 0.273651 0.269878 0.140755
0.0942302 0.273163 0.576527 0.0560794
0.13896 0.495724 0.0133247 0.351991
0.150997 0.220648 0.628255 9.9991E-05
9.998E-05 0.9997 9.998E-05 9.998E-05
0.134765 0.539828 0.325307 9.9991E-05
0.388715 0.0908196 0.520366 9.9991E-05
0.320332 0.463916 0.0544809 0.161271
0.355641 0.262074 0.382184 9.9991E-05
0.215484 0.412425 0.157774 0.214317
0.221724 0.0747913 0.458924 0.24456
0.0872794 0.389762 0.338245 0.184713
0.0825813 0.387889 0.382049 0.147481
0.210857 0.273197 0.473343 0.0426032
0.0799129 0.475517 0.328884 0.115686
9.9982E-05 9.9982E-05 0.9281 0.0716997
0.162972 0.293594 0.310008 0.233427
0.186738 0.590406 0.222756 9.9991E-05
9.998E-05 0.9997 9.998E-05 9.998E-05
9.9982E-05 0.897553 0.102247 9.9982E-05
0.145041 0.0432629 0.796253 0.0154427
0.201497 0.141466 0.602036 0.0550017
0.0697175 0.523936 0.356913 0.0494329
0.131636 0.237634 0.63063 9.9991E-05
0.359934 0.240679 0.399288 9.9991E-05
9.9982E-05 0.0685877 0.931212 9.9982E-05
0.0717416 0.641731 0.227696 0.0588314
0.2056 0.0791554 0.530813 0.184432
0.178378 0.231305 0.534666 0.0556515
0.0315109 0.546009 0.194949 0.227531
0.313271 0.032314 0.598259 0.0561558
0.14384 0.308632 0.547429 9.9991E-05
0.355739 0.188158 0.309728 0.146375
0.222334 0.643272 0.134295 9.9991E-05
0.27307 0.121519 0.473638 0.131773
0.9997 9.998E-05 9.998E-05 9.998E-05
0.336984 9.9991E-05 0.419304 0.243611
0.0892219 0.74477 9.9991E-05 0.165908
0.109778 0.732513 0.0245779 0.133131
0.152325 0.150726 0.696849 9.9991E-05
0.00180999 0.113293 0.692621 0.192276
0.184513 0.426873 0.369977 0.0186373
0.9997 9.998E-05 9.998E-05 9.998E-05
0.0563481 0.390245 0.416135 0.137272
0.415762 0.377926 0.190064 0.0162485
0.0848464 0.345544 0.56951 9.9991E-05
0.0299608 0.274938 0.489796 0.205306
