0.0100898 9.9982E-05 0.856952 0.0686853 0.0375973 0.0264757 9.9982E-05
9.9982E-05 0.13171 0.205391 0.0643441 9.9982E-05 0.43397 0.164385
0.242722 0.0217415 0.264552 0.0828092 0.0706462 0.198715 0.118815
0.0412267 0.119022 0.377877 0.126595 0.0838578 0.155809 0.0956135
0.267858 0.085258 0.00725521 0.0353952 0.102874 9.9991E-05 0.50126
0.13321 0.0196763 0.0579147 0.0491766 0.0562799 9.9991E-05 0.683643
0.107657 0.0985499 0.309234 0.044701 0.140922 9.9991E-05 0.298835
0.126761 0.117376 0.120084 9.9991E-05 0.03067 0.354624 0.250385
0.139863 0.193738 0.180425 0.0694515 0.0239044 0.189616 0.203003
0.179761 0.197051 0.116986 0.294099 0.153451 0.0585518 9.9991E-05
0.307437 0.0312682 0.0363813 0.304533 0.0755973 0.164422 0.0803618
0.593479 0.04882 0.0306803 9.9982E-05 0.101472 9.9982E-05 0.225348
0.104126 0.184405 0.103531 0.0519927 0.119885 0.0905912 0.34547
9.999E-05 0.12914 0.259724 0.078669 0.0534149 0.15789 0.321061
0.0190054 9.9973E-05 9.9973E-05 9.9973E-05 0.0769157 0.185619 0.71816
0.220176 0.0722998 0.0771734 0.0496426 0.146371 0.428517 0.00582032
9.9973E-05 9.9973E-05 9.9973E-05 0.0208856 0.0224691 0.00547223 0.950873
0.0612179 0.231196 0.142526 0.0250504 0.158838 0.0665089 0.314662
0.566343 0.0272706 0.200212 9.9982E-05 0.0651681 9.9982E-05 0.140806
0.366452 0.138731 0.140635 0.0891281 0.00236655 0.123861 0.138827
0.152731 0.026829 0.393714 0.0248161 0.107286 0.0156995 0.278925
0.229828 9.9991E-05 0.319564 0.0963454 0.0714113 0.0849322 0.197819
0.125169 0.0912499 0.192202 0.0724064 0.172019 0.146788 0.200166
9.9982E-05 0.127937 0.187195 0.0328915 9.9982E-05 0.0818186 0.569957
0.448006 9.9973E-05 0.0478936 0.309907 0.193894 9.9973E-05 9.9973E-05
9.9973E-05 0.117579 0.325027 0.0694523 9.9973E-05 9.9973E-05 0.487642
0.174487 0.116623 0.0447679 0.0773087 0.15473 0.269025 0.163058
0.00531523 0.156338 0.31565 0.111776 0.0836663 0.231047 0.0962073
0.199142 0.219212 9.9991E-05 0.0811698 0.0266281 0.0984209 0.375327
9.999E-05 0.599986 0.103609 0.00327534 0.0194125 0.0227143 0.250903
0.380684 0.0954221 9.9991E-05 0.0928719 0.072319 0.0599642 0.298639
0.759631 9.9964E-05 9.9964E-05 0.103849 0.136119 9.9964E-05 9.9964E-05
9.9982E-05 0.142475 0.334805 9.9982E-05 0.12617 0.0678421 0.328508
0.0852218 9.9991E-05 0.0559386 0.0779874 0.0877524 0.130055 0.562944
0.180775 9.9982E-05 0.316079 0.0923146 0.134521 9.9982E-05 0.276112
9.9955E-05 9.9955E-05 0.956303 9.9955E-05 0.043197 9.9955E-05 9.9955E-05
0.177891 0.0271475 0.226863 0.166292 0.0139151 9.9991E-05 0.387791
0.0336609 0.110297 0.660056 0.122542 0.0124737 0.0608707 9.9991E-05
0.262709 0.0998008 9.9991E-05 0.12551 0.0208949 0.0334733 0.457512
0.210777 0.0166638 0.170436 0.0660908 0.164463 0.247686 0.123885
0.190226 0.00591509 0.253518 0.0757052 0.0815741 0.289126 0.103934
0.0552655 0.0654417 0.11911 0.137779 0.0814833 0.235543 0.305378
0.0126174 0.0518381 0.450264 0.119703 0.046454 0.186667 0.132457
0.374876 0.120516 0.408227 9.9982E-05 9.9982E-05 0.0933228 0.00285768
0.448625 0.148762 0.067279 0.0554377 0.0912267 0.18857 9.9991E-05
0.42148 9.9982E-05 0.0387863 0.120611 0.0610062 9.9982E-05 0.357917
0.191545 0.0459706 0.240752 9.9991E-05 0.144068 0.0195873 0.357977
0.56256 0.0807201 9.9982E-05 9.9982E-05 0.00705232 0.047237 0.302231
0.513212 0.0352957 9.9982E-05 9.9982E-05 0.12446 0.135297 0.191536
0.195336 0.12867 0.164917 9.9991E-05 0.0766984 0.271175 0.163103
9.9991E-05 0.174953 0.230219 0.169132 0.122591 0.0439266 0.259078
0.193267 0.0494821 0.22876 0.0781511 0.0949539 0.275606 0.0797805
0.0612437 0.10321 0.0134037 0.0595001 0.0204706 0.638593 0.103579
0.116356 0.0788372 0.0704965 0.173643 0.0984881 0.226832 0.235347
0.709362 0.099954 9.9964E-05 9.9964E-05 9.9964E-05 0.190285 9.9964E-05
0.144966 9.9982E-05 0.266196 0.176029 0.090815 9.9982E-05 0.321795
0.84949 9.9973E-05 9.9973E-05 0.0689891 0.00854339 0.0726775 9.9973E-05
0.683962 0.0888692 0.157281 0.0548144 0.0148739 9.9982E-05 9.9982E-05
0.450487 9.9982E-05 9.9982E-05 0.0891141 0.0852216 0.285646 0.089332
0.457732 0.00761997 0.0902998 0.155853 0.0994353 0.0623288 0.126731
0.00191238 9.9982E-05 0.127867 0.00708771 0.0326358 9.9982E-05 0.830297
9.9991E-05 0.0762408 0.138885 0.163835 0.144516 0.0576809 0.418741
0.225857 0.0131439 0.169617 9.9991E-05 0.126789 0.0353093 0.429184
9.9964E-05 0.898378 9.9964E-05 9.9964E-05 0.0665245 9.9964E-05 0.0346974
9.9973E-05 9.9973E-05 0.316339 0.118571 9.9973E-05 0.169942 0.394848
9.9973E-05 9.9973E-05 0.831039 9.9973E-05 0.0680088 0.084055 0.0165973
9.9982E-05 0.0410779 0.451814 0.0591774 0.0861936 9.9982E-05 0.361537
0.4448 0.0468741 0.0204715 9.9982E-05 0.0605876 9.9982E-05 0.427067
0.172013 0.0353545 0.339298 9.9982E-05 0.0682778 9.9982E-05 0.384856
0.00370102 0.168041 0.120255 0.0706636 0.0931937 0.222035 0.322111
0.358127 0.235293 9.9991E-05 0.192493 0.0194588 0.180834 0.0136943
0.0099444 0.0339887 0.301684 0.0420616 0.110964 0.193878 0.307479
0.288561 0.154291 9.9991E-05 0.00198575 0.146087 0.0428315 0.366144
0.235738 0.110604 9.9991E-05 0.0303294 0.0165299 0.250513 0.356186
0.288015 0.0982035 0.00724267 0.19085 0.0146096 9.9991E-05 0.40098
0.338286 9.9982E-05 9.9982E-05 0.0400154 0.00197309 0.445022 0.174503
0.380065 9.9973E-05 9.9973E-05 0.00845517 0.211212 9.9973E-05 0.399968
9.9982E-05 0.0496138 9.9982E-05 0.12974 0.0487109 0.0483537 0.723382
9.9964E-05 9.9964E-05 0.100815 0.113557 9.9964E-05 9.9964E-05 0.785227
9.9964E-05 0.16473 9.9964E-05 9.9964E-05 0.0939496 9.9964E-05 0.740921
0.211517 0.0571218 0.160068 9.9991E-05 0.113898 0.159726 0.29757
0.33995 0.0165031 0.0941429 0.00486398 0.0775415 9.9991E-05 0.466898
0.449245 0.186053 0.0913771 0.0690642 0.0183522 0.125139 0.0607693
0.129303 0.0820202 9.9991E-05 0.0495388 0.0679195 0.31075 0.360368
0.278869 0.0808333 0.0974085 9.9982E-05 0.0488574 9.9982E-05 0.493832
0.368017 9.9982E-05 0.224164 0.141178 0.0303902 0.23605 9.9982E-05
9.9973E-05 9.9973E-05 0.788337 9.9973E-05 0.0643841 0.0337971 0.113182
0.490871 9.9982E-05 9.9982E-05 0.194093 0.104373 0.0502539 0.160209
0.0142042 0.188507 0.228905 0.151659 0.0883476 0.103991 0.224387
0.534244 9.9973E-05 0.278337 9.9973E-05 0.0653738 0.121745 9.9973E-05
9.9955E-05 0.957972 9.9955E-05 0.0415278 9.9955E-05 9.9955E-05 9.9955E-05
0.322706 0.0110864 0.0506819 0.173369 0.0686407 0.0199784 0.353538
0.259865 9.9973E-05 0.284213 9.9973E-05 0.105795 9.9973E-05 0.349827
0.0782903 0.0782247 0.0840924 9.9991E-05 0.0758545 0.23656 0.446878
0.0794333 9.9991E-05 0.466491 0.038949 0.0537239 0.0102626 0.35104
9.9991E-05 0.15053 0.270323 0.0695673 0.0243663 0.0891024 0.396011
0.0386464 9.9973E-05 0.580648 0.144604 9.9973E-05 0.235802 9.9973E-05
0.547621 0.0269121 0.188146 0.013618 0.0344331 9.9991E-05 0.18917
0.0183587 0.433261 0.134681 0.0121004 0.19488 9.9991E-05 0.20662
0.096084 0.37433 0.151234 0.00707249 9.9991E-05 0.046735 0.324445
0.180536 0.0952972 0.350996 0.062064 0.0410904 9.9991E-05 0.269916
9.995E-05 0.9994 9.995E-05 9.995E-05 9.995E-05 9.995E-05 9.995E-05
0.14833 0.0765049 0.0265253 0.195932 0.097414 0.168255 0.287039
9.995E-05 9.995E-05 9.995E-05 0.9994 9.995E-05 9.995E-05 9.995E-05
0.13823 0.086669 0.173893 0.0973878 0.0526811 0.364679 0.0864604
0.318149 9.9982E-05 0.174759 0.00894625 9.9982E-05 0.372597 0.125349
0.306535 9.9973E-05 0.071349 9.9973E-05 9.9973E-05 0.211695 0.410121
0.266782 0.025056 9.9991E-05 0.0337824 0.119677 0.459377 0.0952264
0.183959 0.106859 9.9991E-05 0.111173 0.0334996 0.143191 0.421218
0.371179 0.0734501 0.221753 0.00139901 0.081688 0.044801 0.20573
0.269823 0.051995 0.0549265 0.125226 0.0643382 9.9991E-05 0.433591
0.452531 0.152695 9.9982E-05 0.0886895 0.102306 9.9982E-05 0.203578
0.253269 0.0593798 0.120381 0.0661323 9.9991E-05 0.280911 0.219827
0.0432837 0.403629 0.160463 0.0392604 0.148745 9.9991E-05 0.204519
9.9973E-05 9.9973E-05 0.349117 0.0701332 9.9973E-05 0.119771 0.460678
9.995E-05 0.9994 9.995E-05 9.995E-05 9.995E-05 9.995E-05 9.995E-05
0.208827 9.9982E-05 0.192392 0.260626 9.9982E-05 0.0345 0.303454
9.9982E-05 9.9982E-05 0.672825 0.0196779 0.107314 0.001823 0.198161
0.476028 0.0877308 9.9973E-05 0.0289302 9.9973E-05 9.9973E-05 0.407011
0.491487 0.0229472 0.149647 0.0304721 0.123561 9.9991E-05 0.181786
9.9973E-05 0.19684 0.33573 9.9973E-05 0.0651212 9.9973E-05 0.402009
0.011525 0.438962 0.0990539 9.9991E-05 0.153743 0.00770431 0.288912
0.0440591 0.246529 0.189989 0.0757673 0.0950029 9.9991E-05 0.348553
0.280637 9.9982E-05 9.9982E-05 0.0844483 0.0446808 0.234331 0.355703
0.525008 0.17489 9.9991E-05 0.0411349 0.108635 0.102103 0.0481292
0.0357375 9.99641E-05 9.99641E-05 9.99641E-05 9.99641E-05 0.0379364 0.925926
0.451438 0.0252728 0.107633 0.0660713 0.139652 0.172635 0.0372979
0.385192 0.171232 0.130532 0.0283338 0.0465411 9.9991E-05 0.23807
0.713683 9.9982E-05 0.0195967 9.9982E-05 0.0609975 0.178691 0.0268314
0.0364731 0.149741 0.427578 0.0588688 0.0424981 0.284741 9.9991E-05
9.9973E-05 0.0953643 0.689123 9.9973E-05 0.05159 9.9973E-05 0.163623
0.226175 0.0991715 0.0471309 0.0595615 0.157093 9.9991E-05 0.410768
0.159852 0.314538 0.0216405 9.9982E-05 0.0271317 9.9982E-05 0.476638
0.150186 0.183107 9.9982E-05 9.9982E-05 0.0906023 0.218035 0.35787
0.344869 0.0153174 0.29853 0.0917804 9.9991E-05 0.00435116 0.245052
0.450264 9.9982E-05 0.20741 0.0988576 0.144623 9.9982E-05 0.0986454
0.0522866 9.9955E-05 9.9955E-05 9.9955E-05 9.9955E-05 0.947214 9.9955E-05
9.995E-05 9.995E-05 9.995E-05 9.995E-05 9.995E-05 0.9994 9.995E-05
0.415664 0.0267134 0.174855 0.0311648 0.0979281 0.253575 9.9991E-05
0.259494 9.9964E-05 9.9964E-05 9.9964E-05 0.0670119 9.9964E-05 0.673094
0.211964 9.9982E-05 0.152576 0.153207 0.158854 9.9982E-05 0.323198
0.19534 0.0260686 9.9991E-05 0.212815 0.083702 0.259737 0.222237
0.358224 0.13391 0.118564 0.0538463 0.0136099 9.9991E-05 0.321745
0.595477 0.0692877 0.233011 0.0342045 0.0678196 9.9982E-05 9.9982E-05
0.0296214 0.0159746 0.117388 0.0376509 0.0876339 0.0997422 0.611989
9.9991E-05 0.293601 0.128772 0.0171345 0.179684 0.0323406 0.348368
0.238263 9.9991E-05 0.117673 0.0758986 0.0629798 0.165572 0.339514
9.995E-05 9.995E-05 9.995E-05 9.995E-05 0.9994 9.995E-05 9.995E-05
0.0448254 9.9991E-05 0.577451 0.0626823 0.116345 0.0942274 0.104369
9.9991E-05 0.0409839 0.353421 0.297122 0.0160502 0.246512 0.0458117
0.585759 0.0716758 0.060498 0.0694279 0.0797174 0.0157171 0.117205
0.113268 9.9991E-05 0.221437 0.321442 0.0725319 0.228597 0.0426252
0.205915 0.142722 0.125081 0.111846 0.15245 0.184064 0.0779221
0.25283 0.0837024 0.0957077 0.07884 0.0709003 0.197586 0.220434
0.461582 0.0459133 0.0293529 9.9982E-05 0.068123 9.9982E-05 0.394829
9.9991E-05 0.132315 0.177999 0.103429 0.0610315 0.269927 0.2552
0.431596 0.0118765 0.312134 9.9991E-05 0.11839 0.080331 0.045573
0.1306 0.0684913 0.146228 0.239133 0.0777757 0.0821627 0.255608
9.9955E-05 0.17399 0.825511 9.9955E-05 9.9955E-05 9.9955E-05 9.9955E-05
0.0503755 0.127491 0.129836 0.0762018 0.051562 0.185418 0.379116
0.0856888 0.0257376 0.303363 0.000220578 0.0998 9.9991E-05 0.48509
9.995E-05 9.995E-05 9.995E-05 9.995E-05 0.9994 9.995E-05 9.995E-05
0.105483 9.9982E-05 0.094719 9.9982E-05 0.418121 0.113923 0.267554
0.0524748 9.9982E-05 0.0990835 0.04377 9.9982E-05 0.449067 0.355405
0.207376 0.110663 0.238901 0.185058 0.0245326 0.23337 9.9991E-05
0.0821128 0.0371195 0.765667 0.00665389 0.108247 9.9982E-05 9.9982E-05
0.334332 9.9982E-05 0.268317 9.9982E-05 0.0759491 0.0423877 0.278815
0.118649 9.9982E-05 9.9982E-05 0.172418 0.0723559 0.363783 0.272594
9.995E-05 9.995E-05 9.995E-05 9.995E-05 9.995E-05 0.9994 9.995E-05
0.022018 0.0282973 0.12053 9.9982E-05 0.131124 9.9982E-05 0.69783
0.393111 0.147563 9.9982E-05 0.0452615 9.9982E-05 0.19621 0.217654
0.23648 0.150366 9.9991E-05 0.125834 0.102232 0.276682 0.108307
0.124834 0.128798 0.255052 9.9991E-05 0.0708361 0.0562337 0.364146
0.227114 9.9982E-05 0.113061 0.159693 0.00314446 0.496787 9.9982E-05
0.181011 9.9982E-05 0.159808 9.9982E-05 0.121851 0.0640647 0.473065
0.372862 9.9982E-05 9.9982E-05 0.0985941 0.0338291 0.0620805 0.432434
0.314658 9.9982E-05 0.107573 9.9982E-05 0.130814 0.132012 0.314743
0.454464 0.0562721 0.135598 0.108286 0.00220275 0.231897 0.01128
9.995E-05 9.995E-05 9.995E-05 0.9994 9.995E-05 9.995E-05 9.995E-05
0.46233 0.092806 0.0993579 0.119387 0.0466324 0.142191 0.0372947
9.9964E-05 0.105615 9.9964E-05 9.9964E-05 0.0827722 9.9964E-05 0.811213
0.22294 0.0842638 0.281582 0.0659935 0.171773 9.9991E-05 0.173347
0.12863 0.0902549 0.287012 0.089692 0.0320286 0.372283 9.9991E-05
0.21629 0.199174 0.313881 9.9982E-05 9.9982E-05 0.108374 0.162081
9.9991E-05 0.0813396 0.373252 0.0572024 0.0465127 0.345048 0.096545
9.995E-05 9.995E-05 9.995E-05 0.9994 9.995E-05 9.995E-05 9.995E-05
0.258416 0.0547208 0.172864 0.0377176 0.105593 0.0157341 0.354954
9.9991E-05 0.0316335 0.342834 0.256973 0.0841416 0.141124 0.143194
0.0481903 0.00732008 0.314557 0.00300108 9.9991E-05 0.167758 0.459073
0.031259 0.0667217 0.173497 9.9991E-05 0.0133966 0.595523 0.119503
