0.468316 0.106304 0.227974 9.9991E-05 0.197307
0.0978863 0.145537 0.28115 0.033471 0.441956
0.213424 0.12647 0.396009 0.0726979 0.1914
0.0847912 0.159169 0.605815 0.119583 0.0306415
0.16436 0.0984844 0.544227 0.078684 0.114244
0.0350502 0.0749901 0.886146 0.00371337 9.9991E-05
0.396214 0.0786293 0.520881 0.00417582 9.9991E-05
0.181194 0.1042 0.261504 0.149207 0.303894
0.24706 0.221442 0.4588 0.0725986 9.9991E-05
0.242452 0.455535 0.150712 0.151201 9.9991E-05
0.125976 0.744549 0.0784226 0.0509522 9.9991E-05
0.330051 0.0358314 0.454924 0.0974453 0.0817476
0.265133 0.210585 0.354587 0.00487455 0.16482
0.376977 0.105694 0.177766 0.138021 0.201542
0.390268 0.142092 0.158461 9.9991E-05 0.309079
0.37688 0.0463535 0.0591582 0.0794853 0.438123
0.425487 0.272347 9.9991E-05 0.150197 0.151868
0.311249 0.0676808 0.22916 0.245218 0.146692
0.218475 0.065408 0.506349 0.014252 0.195516
0.27821 0.158739 0.265881 0.138038 0.159132
0.559658 0.219906 0.220236 9.9982E-05 9.9982E-05
0.369337 0.209854 0.178029 0.0105487 0.232231
0.30546 0.0727379 0.523262 9.9991E-05 0.0984395
0.127489 0.00107919 0.674961 0.196372 9.9991E-05
0.122339 0.838574 9.9982E-05 9.9982E-05 0.0388877
0.457625 0.142371 0.297377 0.0467879 0.0558393
0.297226 0.218594 0.132515 0.0911048 0.260561
0.346638 0.17723 0.300996 0.105046 0.0700903
9.9991E-05 0.0943081 0.559957 0.221794 0.123841
9.9973E-05 9.9973E-05 0.270797 0.728903 9.9973E-05
9.9991E-05 0.231378 0.542192 0.0868061 0.139524
0.191791 0.352409 0.211853 0.120755 0.123193
0.332248 9.9991E-05 0.52225 0.0178043 0.127598
0.222859 0.100778 0.59238 0.00208151 0.0819018
0.524101 0.308118 0.16758 9.9982E-05 9.9982E-05
0.936521 0.0266022 9.9982E-05 9.9982E-05 0.0366769
0.209171 0.100911 0.653906 0.0359114 9.9991E-05
0.288875 0.527349 9.9991E-05 0.0865151 0.0971602
0.195584 0.0311489 0.643315 0.129852 9.9991E-05
0.28935 9.9982E-05 0.432508 9.9982E-05 0.277942
0.0660092 0.244123 0.459782 0.0187496 0.211336
0.32317 0.0714344 0.490686 0.0398779 0.0748323
0.213217 0.180124 0.46027 0.0280656 0.118323
0.125424 0.119213 0.499978 0.107121 0.148264
0.402247 0.314235 0.0322442 0.122117 0.129157
0.0774707 0.338378 0.535717 0.0483347 9.9991E-05
0.0650692 0.0185391 0.763689 0.0930462 0.0596563
0.0985981 9.9991E-05 0.579212 0.087632 0.234458
0.04511 0.253086 0.0848772 0.146872 0.470056
0.225305 0.0901232 0.24498 0.152874 0.286718
0.239016 0.324148 0.15675 0.145501 0.134585
0.339373 9.9982E-05 0.386062 9.9982E-05 0.274365
0.135571 9.9991E-05 0.22006 0.0470323 0.597237
0.337979 0.272701 0.042124 0.105664 0.241531
9.9973E-05 9.9973E-05 9.9973E-05 0.11914 0.88056
0.337478 0.0655256 0.559387 0.0375094 9.9991E-05
9.99731E-05 0.241147 9.99731E-05 9.99731E-05 0.758553
0.0512667 0.241132 0.212703 0.0617767 0.433121
9.9991E-05 0.261155 0.320624 0.156755 0.261366
0.297695 0.395098 0.192359 0.0383949 0.0764536
0.100388 9.9991E-05 0.822567 0.0577324 0.0192122
0.262987 0.360741 0.376073 9.9982E-05 9.9982E-05
0.263187 0.0414765 0.53172 0.0112511 0.152365
0.0105001 9.9973E-05 9.9973E-05 0.9892 9.9973E-05
0.257369 0.0990246 0.440102 9.9991E-05 0.203405
0.6551 0.0203554 0.187225 9.9991E-05 0.13722
0.339893 0.0202497 0.464377 0.05764 0.117841
0.196896 0.0977328 0.585434 0.119838 9.9991E-05
0.27533 0.112782 0.368886 0.0642351 0.178767
0.258599 0.227327 0.208672 0.153529 0.151873
9.9991E-05 0.393326 0.167109 0.159842 0.279623
0.441021 0.123266 0.106002 0.0242474 0.305463
0.23913 0.127231 0.308153 0.184088 0.141397
0.0484107 0.186732 0.498487 0.167325 0.0990461
0.0714578 0.267675 0.23308 0.197998 0.229789
0.0312673 0.164681 0.257703 0.0485552 0.497794
0.291052 0.0579807 0.627473 0.0233939 9.9991E-05
9.9982E-05 0.109674 0.847888 0.0422375 9.9982E-05
0.00885895 0.0183668 0.972574 9.9982E-05 9.9982E-05
0.0952539 0.0280636 0.688277 0.188306 9.9991E-05
0.222487 0.0661788 0.476708 0.111849 0.122776
0.406848 0.0967529 0.337244 0.0626914 0.096464
0.0963949 0.173704 0.396203 0.212205 0.121493
9.9991E-05 0.161152 0.475731 0.23908 0.123937
0.174887 9.9991E-05 0.722903 0.0849016 0.0172076
0.053697 0.332542 0.316717 0.00666575 0.290378
0.667532 9.9973E-05 0.332169 9.9973E-05 9.9973E-05
0.251798 0.399712 0.334439 9.9991E-05 0.0139518
0.414314 0.0998299 9.9991E-05 0.166665 0.319091
0.317036 0.262091 0.248036 9.9991E-05 0.172737
9.9973E-05 0.00850158 9.9973E-05 0.991198 9.9973E-05
0.311419 0.41708 0.229305 9.9991E-05 0.0420966
0.305288 0.106974 0.566392 0.0212457 9.9991E-05
0.275739 0.0162759 0.337543 0.091537 0.278905
0.191542 0.232446 0.575812 9.9982E-05 9.9982E-05
0.0750393 0.0889557 0.708455 0.125684 0.00186635
0.209934 0.241089 0.115374 9.9991E-05 0.433503
0.127301 0.177188 0.523952 0.0206102 0.150948
0.400312 0.0573617 0.203679 0.338547 9.9991E-05
0.122755 0.0517355 0.339711 0.342134 0.143664
0.275741 0.160611 0.342374 0.139296 0.0819783
9.997E-05 9.997E-05 9.997E-05 0.9996 9.997E-05
0.137243 0.347113 0.253693 0.0330885 0.228863
0.00579818 0.993902 9.99729E-05 9.99729E-05 9.99729E-05
0.252998 0.37909 0.174619 0.0420635 0.15123
0.0665944 0.130663 0.456686 0.0210175 0.325039
0.246485 0.0815896 0.256557 0.03694 0.378428
0.329789 0.109486 0.351724 0.137968 0.0710326
0.103288 0.147308 0.38604 0.183708 0.179657
0.300682 0.17523 0.274163 0.0968199 0.153105
0.145162 0.110008 0.568847 9.9991E-05 0.175882
0.172914 0.308528 0.423246 0.0952124 9.9991E-05
0.068835 0.204643 0.429977 0.105199 0.191346
0.39529 9.9991E-05 0.196533 0.384136 0.0239412
0.203035 0.130775 0.434193 0.118361 0.113636
9.997E-05 9.997E-05 9.997E-05 0.9996 9.997E-05
0.0563359 0.550064 0.239834 0.0321096 0.121656
0.624264 9.9991E-05 0.195721 0.0643103 0.115605
9.9973E-05 9.9973E-05 0.882051 0.117649 9.9973E-05
0.438083 0.344073 0.0832359 0.134508 9.9991E-05
0.645393 9.9982E-05 0.220912 9.9982E-05 0.133495
0.472677 0.066109 0.114305 0.346809 9.9991E-05
0.408161 0.0411125 0.308448 0.123234 0.119044
0.0738461 0.116422 0.63017 9.9991E-05 0.179462
0.146186 0.155157 0.263504 0.210563 0.224591
0.248359 0.0493029 0.597598 9.9991E-05 0.10464
0.220522 0.214812 0.300514 0.01157 0.252582
0.17283 0.0873926 0.390229 0.163578 0.18597
0.206148 0.142682 0.47077 9.9991E-05 0.1803
0.358958 0.379985 9.9991E-05 0.192702 0.0682555
0.641664 0.0318173 0.326319 9.9982E-05 9.9982E-05
0.213109 9.9982E-05 0.683072 0.103619 9.9982E-05
0.0713842 0.0264684 0.548089 0.353202 0.000856244
0.125024 0.11316 0.372964 0.229191 0.159662
0.152131 0.114891 0.589364 0.0819884 0.0616259
0.304025 0.465035 0.194476 9.9991E-05 0.0363637
9.9973E-05 9.9973E-05 0.120805 9.9973E-05 0.878895
9.997E-05 9.997E-05 9.997E-05 9.997E-05 0.9996
0.340179 0.174024 0.312255 0.0555839 0.117958
0.163301 0.197697 0.558228 0.045864 0.0349097
0.358223 0.195086 0.446491 9.9982E-05 9.9982E-05
9.9991E-05 0.476515 0.361109 0.0233494 0.138926
9.9991E-05 0.173648 0.667849 0.132258 0.0261455
0.243429 0.425217 0.0906222 0.0504452 0.190287
0.338954 0.0818017 0.355352 0.0381685 0.185723
0.414159 0.0306083 0.150779 0.404354 9.9991E-05
0.252952 0.0991507 0.504497 0.00227201 0.141129
0.9996 9.997E-05 9.997E-05 9.997E-05 9.997E-05
0.512143 0.0618332 0.307863 9.9991E-05 0.118061
0.101423 0.181451 0.593749 9.9991E-05 0.123277
0.223794 0.22198 0.341011 0.0653487 0.147867
0.280492 0.346398 0.311905 9.9991E-05 0.0611052
0.377914 0.145695 0.245519 0.0691543 0.161718
0.222676 0.1079 0.227638 0.0342427 0.407543
0.363631 0.00585843 0.464812 0.0469798 0.118718
0.36769 0.148577 0.164296 0.167618 0.151819
0.313935 0.144969 0.426119 9.9991E-05 0.114877
0.32661 0.139536 0.412586 0.121168 9.9991E-05
0.306765 9.9991E-05 0.3535 0.12745 0.212185
0.239593 0.0821251 0.485068 0.143511 0.0497028
0.447528 0.262341 0.274112 0.0159191 9.9991E-05
0.9996 9.997E-05 9.997E-05 9.997E-05 9.997E-05
0.775475 0.0317798 0.168506 9.9991E-05 0.0241391
9.9982E-05 0.0528132 0.420536 9.9982E-05 0.52645
0.24366 0.138589 0.351704 0.0633993 0.202648
0.58936 0.019622 0.317699 0.0361648 0.0371539
0.286122 0.17822 0.369707 9.9991E-05 0.165851
0.183523 0.308713 0.259356 9.9991E-05 0.248309
9.997E-05 9.997E-05 9.997E-05 9.997E-05 0.9996
0.423082 9.9991E-05 0.471231 0.0795823 0.0260049
0.0177475 0.0881955 0.51767 0.148138 0.228249
0.289409 0.304392 0.0185498 0.120789 0.26686
0.3522 9.9991E-05 0.464169 0.0421569 0.141374
0.162286 0.17633 9.9982E-05 9.9982E-05 0.661184
0.337748 9.9982E-05 0.459312 9.9982E-05 0.20274
0.0643008 0.0928033 0.589609 0.0475546 0.205732
0.30799 0.223213 0.347237 9.9991E-05 0.12146
0.129848 0.325648 0.354377 0.080584 0.109544
9.9982E-05 0.979462 9.9982E-05 0.00560649 0.0147311
0.115054 0.35579 0.144642 0.135059 0.249455
0.418319 0.242525 9.9991E-05 0.211409 0.127647
0.550257 0.314574 0.0409441 0.069233 0.0249926
0.238027 0.106018 0.0350457 9.9991E-05 0.620809
0.191983 0.102785 0.391641 0.28673 0.0268605
0.431624 0.0596656 0.436901 0.00117772 0.0706323
9.997E-05 0.9996 9.997E-05 9.997E-05 9.997E-05
0.256318 0.0195146 0.576377 0.073523 0.0742677
0.328557 0.260925 0.0580854 0.0709574 0.281475
0.262421 0.0118308 0.558401 0.0339066 0.133441
0.413792 9.9982E-05 9.9982E-05 0.0761687 0.509839
