0.0578131 9.99552E-05 0.0929419 9.99552E-05 9.99552E-05 0.581372 0.201519 9.99552E-05 9.99552E-05 0.0658544
0.0455165 9.99731E-05 0.159225 0.00954845 9.99731E-05 0.00708661 0.274797 0.369819 9.99731E-05 0.133708
0.070023 0.0742878 0.111408 0.0660408 9.99642E-05 9.99642E-05 0.334233 0.343608 9.99642E-05 9.99642E-05
9.99552E-05 9.99552E-05 0.18652 9.99552E-05 0.0345762 0.468267 0.230846 9.99552E-05 9.99552E-05 0.0792915
9.99731E-05 0.278287 0.209048 9.99731E-05 9.99731E-05 0.254492 0.00751462 0.157559 0.0201667 0.0726333
9.99551E-05 0.0358338 0.0380616 9.99551E-05 0.174441 0.750653 9.99551E-05 9.99551E-05 9.99551E-05 0.000510399
9.99551E-05 0.353481 0.124106 9.99551E-05 9.99551E-05 0.084112 9.99551E-05 9.99551E-05 0.333479 0.104322
9.99373E-05 9.99373E-05 9.99373E-05 9.99373E-05 9.99373E-05 0.614688 9.99373E-05 0.285832 9.99373E-05 0.0987804
0.706139 0.00684929 0.132501 9.99464E-05 9.99464E-05 9.99464E-05 9.99464E-05 0.153912 9.99464E-05 9.99464E-05
0.203061 9.99552E-05 9.99552E-05 9.99552E-05 0.12886 0.116344 0.328982 9.99552E-05 0.222253 9.99552E-05
9.9955E-05 9.9955E-05 0.12456 0.27985 0.147987 9.9955E-05 0.362615 9.9955E-05 9.9955E-05 0.0844878
0.0748325 9.99643E-05 0.0675408 0.0383179 9.99643E-05 0.150462 9.99643E-05 0.583012 9.99643E-05 0.0854355
9.99551E-05 9.99551E-05 0.0744219 0.251302 9.99551E-05 9.99551E-05 0.0430658 0.434767 0.195944 9.99551E-05
9.997E-05 0.0550723 0.0249534 9.997E-05 9.997E-05 0.255496 0.0570823 0.278431 0.187087 0.141577
0.189854 9.99643E-05 9.99643E-05 0.0857773 0.00738585 0.413268 0.210968 9.99643E-05 9.99643E-05 0.092347
9.99553E-05 9.99553E-05 0.312997 0.0454426 9.99553E-05 0.262651 9.99553E-05 0.179356 9.99553E-05 0.199054
0.182221 0.0753617 0.141432 9.99821E-05 0.0272246 0.260747 0.252947 0.0257662 0.0341004 9.99821E-05
0.182348 9.99552E-05 9.99552E-05 9.99552E-05 0.213734 0.369339 9.99552E-05 0.00615921 9.99552E-05 0.227919
0.398195 9.99461E-05 9.99461E-05 0.258964 9.99461E-05 9.99461E-05 0.043244 0.298997 9.99461E-05 9.99461E-05
9.995E-05 9.995E-05 9.995E-05 9.995E-05 0.0307958 0.463163 0.142945 0.204255 0.158342 9.995E-05
0.168012 9.99551E-05 9.99551E-05 0.0476319 0.128362 9.99551E-05 9.99551E-05 9.99551E-05 0.631916 0.0235793
0.108204 0.154895 0.184059 0.328057 9.9964E-05 9.9964E-05 0.189491 0.0348945 9.9964E-05 9.9964E-05
0.242854 9.99551E-05 0.190789 9.99551E-05 0.159961 0.388704 9.99551E-05 9.99551E-05 9.99551E-05 0.017193
9.99463E-05 0.0784309 0.680948 9.99463E-05 9.99463E-05 9.99463E-05 0.0371965 0.202825 9.99463E-05 9.99463E-05
9.99461E-05 9.99461E-05 0.377852 0.325237 0.201766 9.99461E-05 9.99461E-05 9.99461E-05 9.99461E-05 0.0945447
9.99551E-05 9.99551E-05 0.231873 0.040205 9.99551E-05 0.584826 0.122836 9.99551E-05 0.0197601 9.99551E-05
0.224264 0.0118923 0.0471083 0.0963145 9.9973E-05 9.9973E-05 0.27848 9.9973E-05 0.142472 0.199169
0.019276 0.53128 0.00162435 9.99641E-05 0.151409 9.99641E-05 0.209947 0.0860644 9.99641E-05 9.99641E-05
9.995E-05 0.0481793 9.995E-05 0.378684 0.0540325 9.995E-05 0.164608 0.353997 9.995E-05 9.995E-05
9.99285E-05 9.99285E-05 0.790863 9.99285E-05 9.99285E-05 9.99285E-05 0.208337 9.99285E-05 9.99285E-05 9.99285E-05
0.208792 0.335747 9.99462E-05 9.99462E-05 9.99462E-05 0.295024 9.99462E-05 9.99462E-05 9.99462E-05 0.159837
9.99462E-05 9.99462E-05 9.99462E-05 0.256345 9.99462E-05 9.99462E-05 9.99462E-05 0.448855 0.194072 0.100128
0.485862 9.99373E-05 9.99373E-05 0.227287 9.99373E-05 9.99373E-05 9.99373E-05 9.99373E-05 0.286152 9.99373E-05
9.99821E-05 0.0741515 0.00757178 0.345773 9.99821E-05 0.162727 0.0624885 0.301685 0.0419564 0.00344646
0.136892 9.9955E-05 0.318793 9.9955E-05 9.9955E-05 0.291623 0.037004 9.9955E-05 9.9955E-05 0.215188
9.99552E-05 9.99552E-05 0.0256478 9.99552E-05 9.99552E-05 0.334455 0.155238 9.99552E-05 0.474423 0.00973558
0.0540758 0.332742 0.0156568 0.161125 9.99641E-05 0.190655 9.99641E-05 9.99641E-05 9.99641E-05 0.245346
0.412726 9.99552E-05 0.200826 0.171459 0.163588 9.99552E-05 9.99552E-05 0.0509008 9.99552E-05 9.99552E-05
0.0129404 9.99821E-05 0.0964334 0.16124 0.0524636 0.213907 9.99821E-05 0.244785 0.00427857 0.213752
9.9973E-05 9.9973E-05 0.0784497 0.0462061 0.164523 0.0291536 0.165644 0.472254 9.9973E-05 0.0434693
9.99373E-05 0.108535 0.112545 9.99373E-05 9.99373E-05 9.99373E-05 0.778221 9.99373E-05 9.99373E-05 9.99373E-05
0.0724263 9.99463E-05 9.99463E-05 9.99463E-05 9.99463E-05 9.99463E-05 0.166072 9.99463E-05 0.557906 0.202996
9.9973E-05 0.0306806 0.0296291 0.143131 9.9973E-05 0.231072 0.110161 0.126205 0.328821 9.9973E-05
0.239818 9.99641E-05 0.0760837 9.99641E-05 0.0839679 0.228492 0.174965 0.196274 9.99641E-05 9.99641E-05
9.99461E-05 9.99461E-05 0.0605539 0.59523 9.99461E-05 9.99461E-05 9.99461E-05 0.271352 9.99461E-05 0.072265
0.0593917 9.99732E-05 0.0456733 9.99732E-05 9.99732E-05 0.665039 0.0706635 0.103303 0.0180083 0.0376209
0.16699 9.99552E-05 9.99552E-05 9.99552E-05 9.99552E-05 0.581921 0.0280969 0.111491 0.111002 9.99552E-05
0.352264 9.99641E-05 9.99641E-05 9.99641E-05 9.99641E-05 0.0272989 0.268707 0.143331 0.12598 0.082019
9.99464E-05 9.99464E-05 9.99464E-05 0.324805 9.99464E-05 0.244022 0.370291 9.99464E-05 0.0602814 9.99464E-05
9.99461E-05 9.99461E-05 0.0223303 9.99461E-05 9.99461E-05 0.791351 0.0340236 9.99461E-05 9.99461E-05 0.151695
9.99462E-05 9.99462E-05 0.315885 9.99462E-05 0.0676521 0.58066 0.0352028 9.99462E-05 9.99462E-05 9.99462E-05
0.480471 9.99641E-05 0.0226494 9.99641E-05 0.256629 9.99641E-05 9.99641E-05 0.0954803 0.00332732 0.141043
0.190028 9.99461E-05 0.241427 9.99461E-05 9.99461E-05 0.273173 0.294772 9.99461E-05 9.99461E-05 9.99461E-05
9.99552E-05 9.99552E-05 0.0994319 0.189021 0.2071 0.365804 9.99552E-05 0.138144 9.99552E-05 9.99552E-05
0.125705 0.582003 9.99551E-05 9.99551E-05 0.000485881 9.99551E-05 9.99551E-05 0.220645 0.0706609 9.99551E-05
0.0843554 0.498532 9.99641E-05 0.165303 0.0164444 0.216991 9.99641E-05 9.99641E-05 9.99641E-05 0.0179745
9.9955E-05 0.436849 0.228299 9.9955E-05 0.221971 9.9955E-05 0.0580177 0.0543632 9.9955E-05 9.9955E-05
9.99282E-05 0.904206 9.99282E-05 9.99282E-05 9.99282E-05 9.99282E-05 9.99282E-05 9.99282E-05 0.0949943 9.99282E-05
0.226189 0.0237353 9.9964E-05 9.9964E-05 0.0744824 0.0491958 9.9964E-05 0.400569 9.9964E-05 0.225429
0.0822831 9.9964E-05 9.9964E-05 9.9964E-05 0.0482185 0.318955 0.27919 9.9964E-05 0.24685 0.0241036
9.99641E-05 0.140773 9.99641E-05 0.070804 0.0274504 0.0787467 0.576708 0.105119 9.99641E-05 9.99641E-05
0.177907 9.9964E-05 0.0478797 9.9964E-05 9.9964E-05 0.140472 0.150241 9.9964E-05 0.101171 0.381929
0.350198 0.0449409 9.9955E-05 0.171403 9.9955E-05 9.9955E-05 0.3349 9.9955E-05 9.9955E-05 0.0980578
9.99731E-05 9.99731E-05 0.551429 0.140102 0.00153957 0.0593833 0.057908 9.99731E-05 0.0216582 0.16768
0.0641471 0.252553 0.112245 9.99463E-05 9.99463E-05 0.570455 9.99463E-05 9.99463E-05 9.99463E-05 9.99463E-05
9.99282E-05 9.99282E-05 9.99282E-05 0.371526 9.99282E-05 9.99282E-05 0.627674 9.99282E-05 9.99282E-05 9.99282E-05
9.99462E-05 9.99462E-05 0.195742 9.99462E-05 0.063425 0.628015 9.99462E-05 9.99462E-05 0.112219 9.99462E-05
0.398859 9.99551E-05 9.99551E-05 0.110457 9.99551E-05 0.164932 9.99551E-05 0.0734085 9.99551E-05 0.251844
0.0842073 9.99461E-05 9.99461E-05 0.42523 9.99461E-05 0.451554 9.99461E-05 9.99461E-05 9.99461E-05 0.0384094
9.99551E-05 0.00883393 0.0183814 0.204887 9.99551E-05 9.99551E-05 0.492473 9.99551E-05 0.274925 9.99551E-05
0.211847 0.0728635 9.9982E-05 0.0411663 0.146005 0.175557 9.9982E-05 0.0668038 0.109911 0.175646
9.99551E-05 9.99551E-05 0.0682406 0.25186 9.99551E-05 9.99551E-05 0.295147 9.99551E-05 0.173615 0.210638
0.0270693 0.293085 0.000987779 9.99642E-05 9.99642E-05 9.99642E-05 9.99642E-05 0.545985 0.0114507 0.121022
9.99552E-05 0.00844318 9.99552E-05 0.507549 9.99552E-05 0.210087 0.0707107 9.99552E-05 9.99552E-05 0.20271
9.99554E-05 0.0106525 0.167545 9.99554E-05 0.059918 0.438175 9.99554E-05 0.323209 9.99554E-05 9.99554E-05
0.0713283 0.0289015 9.99641E-05 9.99641E-05 9.99641E-05 0.0273222 9.99641E-05 0.590959 0.0897398 0.191349
0.110902 9.99466E-05 9.99466E-05 0.378852 9.99466E-05 0.406284 0.103363 9.99466E-05 9.99466E-05 9.99466E-05
0.0597173 0.0499378 0.032113 9.998E-05 0.201413 9.998E-05 0.294572 0.122699 0.103665 0.135682
9.99461E-05 9.99461E-05 9.99461E-05 0.110385 0.146252 9.99461E-05 0.522859 0.219904 9.99461E-05 9.99461E-05
9.99461E-05 0.121879 9.99461E-05 9.99461E-05 0.0800417 9.99461E-05 0.315649 0.481831 9.99461E-05 9.99461E-05
9.99642E-05 9.99642E-05 9.99642E-05 0.0615664 9.99642E-05 0.349681 0.0800162 0.256344 0.00367883 0.248313
9.997E-05 9.997E-05 0.22361 0.0815445 0.105258 0.136895 0.047955 0.300814 0.103625 9.997E-05
0.302907 0.0909041 9.99642E-05 0.0179523 9.99642E-05 0.21794 9.99642E-05 0.0758308 0.294066 9.99642E-05
9.99551E-05 9.99551E-05 0.164824 0.499066 9.99551E-05 0.188519 0.0291367 0.117954 9.99551E-05 9.99551E-05
0.15453 9.99731E-05 0.118138 0.10102 9.99731E-05 0.18303 9.99731E-05 0.110849 0.253118 0.0790145
0.179072 9.9964E-05 9.9964E-05 9.9964E-05 9.9964E-05 0.276897 0.381901 0.0918247 0.00843863 0.061466
0.321902 9.99463E-05 9.99463E-05 9.99463E-05 9.99463E-05 9.99463E-05 9.99463E-05 0.539173 0.0664065 0.071919
9.99551E-05 0.00276761 0.526782 9.99551E-05 9.99551E-05 9.99551E-05 0.299584 0.109436 9.99551E-05 0.0609296
0.0837519 9.99552E-05 0.102382 0.485784 0.0773815 0.2502 9.99552E-05 9.99552E-05 9.99552E-05 9.99552E-05
0.00922682 9.99461E-05 9.99461E-05 0.652549 9.99461E-05 9.99461E-05 0.230182 9.99461E-05 0.107443 9.99461E-05
9.99201E-05 9.99201E-05 0.817323 9.99201E-05 9.99201E-05 0.181877 9.99201E-05 9.99201E-05 9.99201E-05 9.99201E-05
9.99373E-05 9.99373E-05 9.99373E-05 9.99373E-05 9.99373E-05 0.0516181 9.99373E-05 9.99373E-05 0.940032 0.00765019
0.188993 9.99553E-05 0.112707 0.0157933 9.99553E-05 9.99553E-05 9.99553E-05 9.99553E-05 0.666695 0.015312
0.0957154 0.00337935 9.99642E-05 9.99642E-05 0.206587 0.18349 0.410342 0.100086 9.99642E-05 9.99642E-05
0.327096 9.99551E-05 9.99551E-05 9.99551E-05 9.99551E-05 9.99551E-05 0.162996 0.232711 0.189758 0.0869396
0.181565 9.99551E-05 9.99551E-05 9.99551E-05 0.084071 9.99551E-05 0.0979575 0.595381 0.0405251 9.99551E-05
0.287994 9.99641E-05 0.1428 9.99641E-05 9.99641E-05 0.344164 0.10938 9.99641E-05 0.104165 0.0110968
0.592674 9.99462E-05 9.99462E-05 9.99462E-05 9.99462E-05 0.357201 0.0147807 9.99462E-05 0.0347443 9.99462E-05
9.99551E-05 9.99551E-05 0.485318 9.99551E-05 9.99551E-05 0.183961 9.99551E-05 0.300838 0.00165295 0.0277308
0.270798 9.9973E-05 0.518204 9.9973E-05 9.9973E-05 0.0358808 0.115476 0.00146961 0.00521691 0.0526549
0.45456 0.469211 0.0755294 9.99372E-05 9.99372E-05 9.99372E-05 9.99372E-05 9.99372E-05 9.99372E-05 9.99372E-05
9.99374E-05 9.99374E-05 0.853787 9.99374E-05 0.10222 9.99374E-05 9.99374E-05 9.99374E-05 9.99374E-05 0.0432928
0.740257 9.99374E-05 0.0719606 0.187083 9.99374E-05 9.99374E-05 9.99374E-05 9.99374E-05 9.99374E-05 9.99374E-05
9.99372E-05 9.99372E-05 0.00781632 9.99372E-05 0.935292 9.99372E-05 0.0561917 9.99372E-05 9.99372E-05 9.99372E-05
0.0675521 9.99551E-05 9.99551E-05 9.99551E-05 9.99551E-05 0.440386 9.99551E-05 0.339569 0.0720216 0.0799721
0.220578 9.9982E-05 0.138197 0.234533 9.9982E-05 0.102182 0.012943 0.066719 0.169374 0.0552731
9.99551E-05 0.16988 9.99551E-05 0.0448084 9.99551E-05 0.400151 9.99551E-05 0.202816 0.181845 9.99551E-05
0.0822542 0.414766 9.99642E-05 0.0344772 0.030491 0.348624 0.0889875 9.99642E-05 9.99642E-05 9.99642E-05
9.99373E-05 9.99373E-05 9.99373E-05 0.390448 9.99373E-05 0.519638 9.99373E-05 9.99373E-05 0.0892149 9.99373E-05
9.99371E-05 9.99371E-05 9.99371E-05 0.595197 0.210056 9.99371E-05 9.99371E-05 9.99371E-05 0.194047 9.99371E-05
0.0402285 0.00810301 0.245126 9.99642E-05 9.99642E-05 9.99642E-05 9.99642E-05 0.292126 0.358495 0.0555223
9.99552E-05 9.99552E-05 0.116679 0.031726 9.99552E-05 0.549908 9.99552E-05 0.22957 9.99552E-05 0.0716175
9.99552E-05 0.0824202 0.581892 0.0322982 9.99552E-05 9.99552E-05 9.99552E-05 0.0648487 0.238041 9.99552E-05
0.0468487 0.0116111 9.99642E-05 0.0857063 0.048348 0.0558807 9.99642E-05 0.751205 9.99642E-05 9.99642E-05
0.0404241 9.99283E-05 0.958776 9.99283E-05 9.99283E-05 9.99283E-05 9.99283E-05 9.99283E-05 9.99283E-05 9.99283E-05
0.146943 0.124296 9.996E-05 9.996E-05 0.383603 9.996E-05 0.0677084 0.1198 0.15725 9.996E-05
9.99372E-05 9.99372E-05 9.99372E-05 9.99372E-05 9.99372E-05 0.19574 0.598082 0.205479 9.99372E-05 9.99372E-05
0.165009 0.00694691 9.99641E-05 0.255411 9.99641E-05 9.99641E-05 0.0463036 0.421087 9.99641E-05 0.104843
0.0310238 9.9973E-05 0.173574 0.433941 0.160629 0.00434048 9.9973E-05 0.0572402 9.9973E-05 0.138952
0.020902 9.9964E-05 0.0641523 9.9964E-05 9.9964E-05 0.373309 0.195368 0.324152 9.9964E-05 0.0217166
0.345995 9.995E-05 0.393258 0.134178 9.995E-05 0.093827 9.995E-05 9.995E-05 9.995E-05 0.0322422
9.99731E-05 0.0497636 0.25521 9.99731E-05 0.0504869 0.0757282 9.99731E-05 0.302267 0.20278 0.0634639
9.99373E-05 9.99373E-05 9.99373E-05 9.99373E-05 0.0838585 0.530735 9.99373E-05 0.384707 9.99373E-05 9.99373E-05
0.0701012 9.99553E-05 9.99553E-05 9.99553E-05 9.99553E-05 0.367525 9.99553E-05 0.162359 0.388074 0.0114416
0.157925 9.99463E-05 0.049508 9.99463E-05 9.99463E-05 0.238558 0.553409 9.99463E-05 9.99463E-05 9.99463E-05
0.518248 0.0456426 9.9964E-05 9.9964E-05 9.9964E-05 0.164716 9.9964E-05 0.0909292 0.104209 0.0758549
9.99285E-05 9.99285E-05 9.99285E-05 9.99285E-05 9.99285E-05 9.99285E-05 0.387396 9.99285E-05 0.611804 9.99285E-05
0.1954 9.99551E-05 9.99551E-05 0.351505 9.99551E-05 0.219067 9.99551E-05 0.0166667 9.99551E-05 0.216861
9.99553E-05 9.99553E-05 0.257051 0.104639 0.309842 9.99553E-05 0.257918 0.070051 9.99553E-05 9.99553E-05
0.162339 9.99821E-05 0.107379 0.00283543 0.0067635 0.194293 9.99821E-05 0.324791 0.172533 0.0288662
0.922826 9.99374E-05 9.99374E-05 9.99374E-05 9.99374E-05 9.99374E-05 0.00502673 9.99374E-05 9.99374E-05 0.0714476
0.186032 0.115501 0.0239488 9.9982E-05 0.0826914 0.342529 9.9982E-05 0.063663 0.126803 0.0586316
0.43706 9.99463E-05 9.99463E-05 9.99463E-05 0.094437 9.99463E-05 0.0351666 0.432737 9.99463E-05 9.99463E-05
0.219681 9.99551E-05 9.99551E-05 0.347904 0.107073 0.144451 9.99551E-05 9.99551E-05 9.99551E-05 0.180393
0.0171488 9.99552E-05 9.99552E-05 9.99552E-05 9.99552E-05 0.241346 0.586667 9.99552E-05 0.100966 0.053372
9.99284E-05 9.99284E-05 9.99284E-05 9.99284E-05 9.99284E-05 0.874593 9.99284E-05 9.99284E-05 0.124608 9.99284E-05
9.99373E-05 0.0112322 9.99373E-05 0.330059 9.99373E-05 0.658009 9.99373E-05 9.99373E-05 9.99373E-05 9.99373E-05
9.99466E-05 9.99466E-05 9.99466E-05 0.104735 0.0954349 0.681645 9.99466E-05 0.117586 9.99466E-05 9.99466E-05
0.329968 9.995E-05 9.995E-05 0.268658 0.0521509 9.995E-05 9.995E-05 0.301873 9.995E-05 0.0468504
9.99282E-05 9.99282E-05 9.99282E-05 0.370959 9.99282E-05 0.628242 9.99282E-05 9.99282E-05 9.99282E-05 9.99282E-05
9.99642E-05 0.271151 9.99642E-05 0.198305 0.115643 0.243322 0.0334985 0.137681 9.99642E-05 9.99642E-05
0.670586 9.99553E-05 0.181179 9.99553E-05 0.114096 9.99553E-05 9.99553E-05 0.0314221 9.99553E-05 0.00221651
0.114629 0.0722273 9.996E-05 9.996E-05 9.996E-05 0.0164589 0.324331 0.152106 0.319848 9.996E-05
0.604119 9.99642E-05 0.0017507 9.99642E-05 0.180965 0.0104275 0.159354 9.99642E-05 0.0429833 9.99642E-05
9.99641E-05 9.99641E-05 0.650293 9.99641E-05 0.013702 0.000487219 9.99641E-05 0.100613 0.0584465 0.176058
9.9964E-05 0.0442428 0.106898 0.289986 9.9964E-05 0.112614 9.9964E-05 0.306776 0.139082 9.9964E-05
9.99201E-05 9.99201E-05 9.99201E-05 9.99201E-05 9.99201E-05 9.99201E-05 9.99201E-05 9.99201E-05 9.99201E-05 0.999101
9.995E-05 9.995E-05 0.053519 9.995E-05 0.0812391 0.195418 0.409614 0.25971 9.995E-05 9.995E-05
9.99461E-05 9.99461E-05 0.227138 9.99461E-05 0.078697 9.99461E-05 9.99461E-05 0.127895 0.56567 9.99461E-05
0.148971 0.101922 9.996E-05 0.178448 0.0484569 9.996E-05 0.0872124 9.996E-05 9.996E-05 0.434589
9.99642E-05 9.99642E-05 9.99642E-05 0.132295 0.0794069 9.99642E-05 0.0108372 0.653697 0.0119544 0.111409
0.330973 9.99462E-05 9.99462E-05 9.99462E-05 9.99462E-05 9.99462E-05 0.454331 0.195205 9.99462E-05 0.0188906
9.99459E-05 0.34618 9.99459E-05 0.340325 9.99459E-05 0.305039 0.00785666 9.99459E-05 9.99459E-05 9.99459E-05
0.12434 0.0845139 0.0474824 9.99642E-05 9.99642E-05 0.0968142 0.123687 0.522762 9.99642E-05 9.99642E-05
9.99553E-05 0.0621765 0.332654 9.99553E-05 9.99553E-05 0.299148 9.99553E-05 9.99553E-05 0.0892787 0.216243
9.99821E-05 0.114164 9.99821E-05 0.0965968 0.136306 0.134908 0.265928 0.0205831 0.106774 0.12454
0.0686991 0.0365927 0.02556 9.99641E-05 0.216122 9.99641E-05 9.99641E-05 0.629246 0.0233799 9.99641E-05
9.99553E-05 0.00155304 9.99553E-05 9.99553E-05 0.0256165 0.216134 0.60571 9.99553E-05 9.99553E-05 0.150487
9.99373E-05 9.99373E-05 0.100313 9.99373E-05 9.99373E-05 0.757602 9.99373E-05 0.141386 9.99373E-05 9.99373E-05
0.188148 9.99551E-05 0.390862 0.319074 9.99551E-05 0.0369947 9.99551E-05 9.99551E-05 0.0644212 9.99551E-05
9.99201E-05 9.99201E-05 9.99201E-05 9.99201E-05 9.99201E-05 9.99201E-05 9.99201E-05 9.99201E-05 9.99201E-05 0.999101
0.0285342 9.997E-05 9.997E-05 0.181345 9.997E-05 0.146856 0.106288 0.159654 0.130809 0.246213
9.99284E-05 9.99284E-05 9.99284E-05 9.99284E-05 9.99284E-05 9.99284E-05 0.0608012 0.938399 9.99284E-05 9.99284E-05
0.249415 0.167537 9.99641E-05 0.201887 9.99641E-05 9.99641E-05 0.200377 9.99641E-05 0.0679245 0.112459
0.0223393 9.99643E-05 9.99643E-05 0.00879783 9.99643E-05 0.13479 0.451488 9.99643E-05 0.0714445 0.31074
0.308018 9.99462E-05 0.127471 9.99462E-05 9.99462E-05 0.548468 9.99462E-05 9.99462E-05 0.0154441 9.99462E-05
9.99552E-05 0.301766 0.0172389 9.99552E-05 9.99552E-05 0.421978 0.158338 9.99552E-05 0.100179 9.99552E-05
9.99375E-05 9.99375E-05 9.99375E-05 0.541086 0.0265243 9.99375E-05 9.99375E-05 0.43169 9.99375E-05 9.99375E-05
9.99461E-05 0.408355 9.99461E-05 9.99461E-05 9.99461E-05 9.99461E-05 9.99461E-05 0.293137 0.232245 0.0656639
0.288529 9.9973E-05 0.148764 9.9973E-05 0.000187516 0.0311521 0.0295721 0.435716 9.9973E-05 0.0657788
9.99641E-05 9.99641E-05 0.135738 0.42032 0.0803602 0.255396 0.0290197 9.99641E-05 9.99641E-05 0.0787654
9.99731E-05 0.0902813 9.99731E-05 0.108712 0.0431037 0.311786 9.99731E-05 0.385909 0.0593874 0.000519695
0.372075 9.99373E-05 9.99373E-05 9.99373E-05 0.127821 9.99373E-05 9.99373E-05 0.499405 9.99373E-05 9.99373E-05
9.99552E-05 9.99552E-05 0.121741 9.99552E-05 9.99552E-05 0.579238 0.183776 9.99552E-05 0.0454585 0.0692868
0.125583 0.0926069 0.118176 9.99553E-05 9.99553E-05 0.628706 9.99553E-05 0.0344279 9.99553E-05 9.99553E-05
9.99463E-05 0.345939 9.99463E-05 9.99463E-05 0.0333478 0.56015 9.99463E-05 0.0599636 9.99463E-05 9.99463E-05
9.99463E-05 9.99463E-05 0.265548 0.108668 9.99463E-05 9.99463E-05 9.99463E-05 0.376027 0.249158 9.99463E-05
9.99282E-05 9.99282E-05 9.99282E-05 9.99282E-05 0.848822 9.99282E-05 9.99282E-05 9.99282E-05 0.150378 9.99282E-05
0.391605 9.99553E-05 9.99553E-05 9.99553E-05 9.99553E-05 0.315393 0.111662 0.065378 0.115463 9.99553E-05
0.282616 0.0351471 9.99463E-05 9.99463E-05 9.99463E-05 9.99463E-05 0.569442 0.112195 9.99463E-05 9.99463E-05
0.135308 9.99462E-05 9.99462E-05 9.99462E-05 9.99462E-05 9.99462E-05 0.192072 9.99462E-05 0.496761 0.175259
0.285065 0.00819957 9.99821E-05 0.0752739 0.00520735 0.319161 0.00744236 0.0508812 9.99821E-05 0.24857
0.138229 9.99551E-05 0.0770992 9.99551E-05 9.99551E-05 0.648197 0.0614657 9.99551E-05 9.99551E-05 0.07451
9.99553E-05 0.0719167 9.99553E-05 0.0107004 9.99553E-05 0.365987 0.023375 0.527521 9.99553E-05 9.99553E-05
9.99201E-05 9.99201E-05 9.99201E-05 9.99201E-05 0.999101 9.99201E-05 9.99201E-05 9.99201E-05 9.99201E-05 9.99201E-05
9.99731E-05 0.0942655 9.99731E-05 0.129249 9.99731E-05 0.0194333 0.311168 0.397652 0.0321048 0.0158272
0.221232 9.99552E-05 9.99552E-05 0.0230804 0.0984552 0.238604 9.99552E-05 0.418128 9.99552E-05 9.99552E-05
9.996E-05 0.192108 0.276081 9.996E-05 0.00469458 9.996E-05 0.291912 0.212054 9.996E-05 0.0227513
0.160113 0.00252908 0.188924 9.998E-05 0.0698168 0.29182 9.998E-05 0.124857 0.121311 0.04043
