9.99821E-05 9.99821E-05 0.231115 0.531416 0.0216386 0.21563
9.9982E-05 0.423244 0.199939 0.200083 9.9982E-05 0.176534
0.0190477 0.339471 0.225535 0.0424072 0.220378 0.153161
0.136794 0.0777457 0.237923 0.105621 9.9991E-05 0.441816
9.99821E-05 0.408554 0.329203 0.158753 9.99821E-05 0.10329
0.184225 0.128264 0.163854 0.523457 9.9982E-05 9.9982E-05
9.999E-05 0.387979 0.0687076 0.0707667 0.425509 0.0469376
9.99821E-05 0.282345 0.084078 0.497906 9.99821E-05 0.135472
0.212452 0.103156 9.99821E-05 9.99821E-05 0.204106 0.480086
0.257365 9.99731E-05 9.99731E-05 0.180837 0.561498 9.99731E-05
0.409294 0.0742732 0.0322302 0.0240257 0.233895 0.226282
9.99821E-05 0.247489 0.100433 0.0565725 9.99821E-05 0.595305
9.999E-05 0.0369753 0.169788 0.115101 0.0918826 0.586153
9.99731E-05 0.501599 0.21559 0.282512 9.99731E-05 9.99731E-05
0.0333325 0.0384537 0.0281257 0.180206 9.99911E-05 0.719783
9.99821E-05 0.0446626 0.385892 0.0846515 9.99821E-05 0.484594
0.177494 0.265891 0.154525 0.0176115 0.037037 0.347442
0.136472 0.316718 0.0592412 0.267124 0.220345 9.9991E-05
9.99732E-05 9.99732E-05 9.99732E-05 0.00787849 0.0822118 0.90961
0.118873 9.9991E-05 0.104797 0.400253 0.0884592 0.287518
0.229774 9.99731E-05 9.99731E-05 0.276111 0.493816 9.99731E-05
9.99731E-05 9.99731E-05 0.166541 9.99731E-05 0.183785 0.649375
0.27891 0.171378 0.288522 0.207351 9.9991E-05 0.0537389
9.99642E-05 0.382687 0.616913 9.99642E-05 9.99642E-05 9.99642E-05
0.466075 0.0227768 0.308787 0.202161 9.99821E-05 9.99821E-05
0.0414618 9.9982E-05 0.315223 0.382102 9.9982E-05 0.261013
9.999E-05 0.139932 0.0816601 0.14937 0.489672 0.139266
0.121708 0.596404 9.99821E-05 0.15603 9.99821E-05 0.125658
0.18302 0.129241 9.99821E-05 0.266582 9.99821E-05 0.420957
0.101555 9.99732E-05 0.793531 9.99732E-05 0.104615 9.99732E-05
0.156643 0.538098 9.99732E-05 0.304959 9.99732E-05 9.99732E-05
9.99821E-05 0.315452 9.99821E-05 0.244506 0.249674 0.190168
0.139954 9.99732E-05 9.99732E-05 0.0679852 0.791761 9.99732E-05
9.999E-05 0.128718 0.0296367 0.309986 0.0908017 0.440758
0.00847925 0.219308 0.427999 0.336775 9.9991E-05 0.0073392
9.99731E-05 0.0210651 9.99731E-05 0.612498 0.366137 9.99731E-05
0.138017 0.538833 9.99821E-05 0.190329 9.99821E-05 0.132621
0.387232 9.99821E-05 0.329559 0.127931 9.99821E-05 0.155078
0.170107 0.419266 9.99821E-05 0.274979 9.99821E-05 0.135449
0.186077 0.0346795 0.153321 0.191099 9.9991E-05 0.434723
9.99821E-05 0.225841 0.295112 9.99821E-05 0.361863 0.116984
0.0428177 9.99731E-05 9.99731E-05 0.0283189 0.928563 9.99731E-05
9.9991E-05 0.151032 0.0596629 0.394727 0.317351 0.0771275
0.208728 0.0320892 0.125271 0.189834 9.9991E-05 0.443977
0.0594132 0.0911473 0.129493 0.243707 9.99911E-05 0.476139
0.0680686 0.0333508 0.0893279 0.34155 0.154701 0.313001
9.99821E-05 9.99821E-05 0.022733 0.432468 0.34545 0.199149
0.165024 0.0930532 9.9982E-05 9.9982E-05 0.577705 0.164018
9.99732E-05 9.99732E-05 9.99732E-05 0.29354 0.186942 0.519218
9.99821E-05 0.0665802 0.0142316 0.766196 9.99821E-05 0.152793
0.105916 9.9982E-05 0.381195 0.327514 9.9982E-05 0.185175
0.342514 0.405709 9.99821E-05 0.212335 0.0392425 9.99821E-05
9.9982E-05 9.9982E-05 0.324583 0.0517401 0.262627 0.36085
0.177466 9.99821E-05 0.137564 0.286329 9.99821E-05 0.398442
0.0225557 0.715254 9.99821E-05 0.0969169 9.99821E-05 0.165074
0.0604697 0.296866 9.99821E-05 0.147531 9.99821E-05 0.494934
0.0451699 0.355112 0.411374 9.9982E-05 9.9982E-05 0.188143
9.99644E-05 0.867881 9.99644E-05 0.131719 9.99644E-05 9.99644E-05
0.195427 0.49725 9.9991E-05 0.0381086 0.0123403 0.256774
0.0678388 0.047352 0.00233386 0.546976 0.335399 9.9991E-05
0.169712 0.0383269 0.124642 0.289463 9.99911E-05 0.377756
9.99821E-05 0.429931 0.221102 0.0163794 0.332388 9.99821E-05
0.0854327 0.00114868 9.99821E-05 9.99821E-05 0.35823 0.554989
9.99732E-05 0.0837887 0.705581 0.21033 9.99732E-05 9.99732E-05
0.00578797 0.0870615 0.0213976 0.518902 0.17606 0.190791
9.99731E-05 9.99731E-05 0.0880717 9.99731E-05 0.0970968 0.814532
9.99731E-05 9.99731E-05 0.184948 0.783249 0.0315033 9.99731E-05
0.0149819 0.263891 9.99821E-05 0.0506955 9.99821E-05 0.670232
0.0448973 0.0619442 9.99821E-05 0.653658 9.99821E-05 0.239301
9.99731E-05 9.99731E-05 0.0471851 0.592332 0.360183 9.99731E-05
0.22703 0.166244 9.9991E-05 0.0775745 0.408374 0.120677
9.99821E-05 0.020131 0.0231184 9.99821E-05 0.564673 0.391877
0.0137215 0.897981 0.0812017 9.99821E-05 0.00689629 9.99821E-05
9.99732E-05 0.294098 9.99732E-05 0.309192 9.99732E-05 0.396411
9.99822E-05 0.248698 0.0907315 0.653477 9.99822E-05 0.00689383
9.99821E-05 0.51167 9.99821E-05 0.0157884 0.0221399 0.450202
9.99644E-05 9.99644E-05 0.197704 9.99644E-05 9.99644E-05 0.801897
0.258538 0.319654 9.9982E-05 9.9982E-05 0.305444 0.116164
0.111425 0.148568 0.0312323 0.309759 9.9991E-05 0.398916
0.140728 0.475772 9.99821E-05 0.0203148 9.99821E-05 0.362985
9.99732E-05 0.593579 9.99732E-05 0.243869 9.99732E-05 0.162252
0.148492 9.99911E-05 0.2623 0.199587 0.199504 0.190018
0.0399274 0.181313 9.99821E-05 0.552567 0.225992 9.99821E-05
9.99732E-05 9.99732E-05 0.221505 0.371014 9.99732E-05 0.407182
9.9991E-05 0.0934611 0.199379 0.284945 0.304059 0.118056
9.9991E-05 0.125957 0.0686413 0.329712 0.125267 0.350323
0.0731477 0.339829 9.99911E-05 0.185533 0.205318 0.196072
9.99821E-05 0.0666006 0.615506 9.99821E-05 0.055459 0.262234
0.232658 9.99821E-05 0.191927 0.44921 9.99821E-05 0.126005
0.134957 9.9991E-05 0.0425703 0.117426 0.247584 0.457362
0.000133987 9.99732E-05 0.948899 0.050667 9.99732E-05 9.99732E-05
9.99821E-05 0.0587098 0.0766563 0.385222 0.479212 9.99821E-05
9.99732E-05 9.99732E-05 0.101142 9.99732E-05 0.802254 0.0963035
0.267212 0.0829863 0.127088 0.250861 0.235878 0.0359751
9.9973E-05 0.145683 9.9973E-05 9.9973E-05 0.435616 0.418401
0.248813 0.307876 0.143645 9.9991E-05 0.0846845 0.214882
0.00435011 9.99821E-05 0.205594 0.579604 0.210251 9.99821E-05
0.0388478 9.9982E-05 9.9982E-05 0.170106 0.503989 0.286857
9.99731E-05 0.0989039 0.549514 0.351282 9.99731E-05 9.99731E-05
0.00464344 0.154063 0.582649 0.0628268 0.195718 9.9991E-05
0.12165 0.441468 0.160301 0.161171 0.11531 9.99911E-05
0.20413 9.99643E-05 0.79547 9.99643E-05 9.99643E-05 9.99643E-05
0.471203 0.189128 0.13485 9.99911E-05 0.174601 0.0301189
0.918227 9.99641E-05 0.081373 9.99641E-05 9.99641E-05 9.99641E-05
9.99731E-05 9.99731E-05 9.99731E-05 0.450344 0.110869 0.438487
0.160897 9.9991E-05 0.14781 0.134147 0.141644 0.415403
9.99731E-05 0.342478 9.99731E-05 0.551241 0.105982 9.99731E-05
0.105304 0.251923 9.99821E-05 0.460089 0.182483 9.99821E-05
0.0201729 9.99732E-05 9.99732E-05 0.797866 9.99732E-05 0.181661
0.315661 9.9991E-05 0.0667725 0.220833 0.26129 0.135344
9.99821E-05 0.185857 0.314549 0.145924 0.35347 9.99821E-05
9.99821E-05 0.144276 0.0519097 0.358821 9.99821E-05 0.444794
9.99643E-05 9.99643E-05 0.711536 0.288065 9.99643E-05 9.99643E-05
0.184176 0.206344 9.99821E-05 0.291505 9.99821E-05 0.317775
9.996E-05 9.996E-05 0.9995 9.996E-05 9.996E-05 9.996E-05
0.370178 0.263148 9.99821E-05 9.99821E-05 0.10867 0.257805
9.9991E-05 0.0168751 0.100038 0.214718 0.155597 0.512672
9.99821E-05 0.25117 9.99821E-05 0.126164 0.0857695 0.536696
0.235684 0.0292606 0.0424061 0.0600305 9.9991E-05 0.632519
0.0262465 0.293992 0.160464 0.502405 9.9991E-05 0.0167925
0.176688 9.9973E-05 0.425615 9.9973E-05 9.9973E-05 0.397398
9.99821E-05 0.428939 0.339841 0.224051 0.00696985 9.99821E-05
0.0148557 0.0987695 0.125622 0.541039 9.9991E-05 0.219614
9.99643E-05 9.99643E-05 9.99643E-05 0.675366 0.324234 9.99643E-05
0.114768 9.99911E-05 0.153948 0.0944594 0.175581 0.461142
0.0617211 0.139867 9.9991E-05 0.200303 0.445333 0.152676
9.99643E-05 9.99643E-05 0.0845144 9.99643E-05 0.915086 9.99643E-05
0.188548 0.393824 9.9982E-05 0.189454 9.9982E-05 0.227973
0.247722 9.99732E-05 0.191041 0.560937 9.99732E-05 9.99732E-05
0.0070477 9.99821E-05 0.191616 0.513601 0.287535 9.99821E-05
0.289104 9.99732E-05 9.99732E-05 9.99732E-05 0.486101 0.224495
0.136668 0.317306 0.000257656 0.396543 0.149125 9.9991E-05
0.297141 9.99731E-05 9.99731E-05 9.99731E-05 0.416382 0.286177
0.384118 0.0494183 9.9991E-05 0.276525 0.0705306 0.219308
0.09361 9.99821E-05 9.99821E-05 0.254567 0.570004 0.0816192
9.996E-05 9.996E-05 9.996E-05 0.9995 9.996E-05 9.996E-05
0.0771447 9.99732E-05 9.99732E-05 0.91765 9.99732E-05 0.00490504
0.0639008 9.99644E-05 9.99644E-05 0.935699 9.99644E-05 9.99644E-05
0.299675 0.26828 9.99821E-05 9.99821E-05 0.201173 0.230672
9.99731E-05 9.99731E-05 0.114228 0.57942 9.99731E-05 0.306052
0.304264 0.310173 9.99821E-05 0.107302 9.99821E-05 0.278061
0.491416 0.0570453 0.258892 0.165104 0.0274425 9.99911E-05
9.9991E-05 0.246272 0.0350876 0.0499212 0.641832 0.0267875
0.233872 9.99821E-05 0.0269472 9.99821E-05 0.588627 0.150354
0.0104831 0.165969 0.559483 0.0616908 9.9991E-05 0.202274
9.9991E-05 0.170106 0.0341621 0.368214 0.043928 0.38349
9.99641E-05 0.975522 9.99641E-05 9.99641E-05 0.0240785 9.99641E-05
0.0847705 9.99911E-05 0.231572 0.350789 0.117557 0.215211
0.0247131 0.240723 0.401169 0.251101 0.082194 9.9991E-05
0.130019 0.603626 9.99732E-05 9.99732E-05 9.99732E-05 0.266055
9.99821E-05 0.259479 9.99821E-05 0.145641 0.0961811 0.498499
0.053181 0.110359 9.99821E-05 9.99821E-05 0.052815 0.783445
9.99731E-05 0.0860446 9.99731E-05 0.697495 9.99731E-05 0.216161
9.9991E-05 0.42156 0.00649268 0.290099 0.142347 0.139403
9.99821E-05 0.358818 0.332915 0.269783 0.0382842 9.99821E-05
0.307073 9.99731E-05 9.99731E-05 0.492456 0.200171 9.99731E-05
0.264561 0.312327 0.107038 0.0958374 0.220136 9.9991E-05
0.0621377 9.99911E-05 0.0393472 0.253642 0.456809 0.187964
9.99821E-05 0.104861 0.0166118 0.747998 9.99821E-05 0.130329
0.178256 9.9991E-05 0.452578 0.0778265 0.171918 0.119321
0.0293832 0.970217 9.99641E-05 9.99641E-05 9.99641E-05 9.99641E-05
9.99821E-05 0.0659636 9.99821E-05 0.236157 0.309585 0.388094
9.9991E-05 0.316526 0.00854466 0.199006 0.196341 0.279483
9.99731E-05 0.327416 9.99731E-05 9.99731E-05 0.309068 0.363216
9.99643E-05 9.99643E-05 9.99643E-05 9.99643E-05 0.34086 0.65874
9.99821E-05 9.99821E-05 0.295755 0.174962 0.122057 0.407025
9.99821E-05 0.190447 9.99821E-05 0.402511 0.259739 0.147103
0.102613 0.00255464 9.99822E-05 0.357063 9.99822E-05 0.53757
9.99732E-05 0.688854 9.99732E-05 0.0361791 0.274667 9.99732E-05
0.128806 0.24659 0.175744 0.0921799 0.253901 0.102779
0.146308 9.99821E-05 0.110788 0.417066 9.99821E-05 0.325637
0.0960143 0.312614 9.99821E-05 0.415024 9.99821E-05 0.176148
0.244761 0.129636 9.99821E-05 0.0598798 9.99821E-05 0.565523
9.9991E-05 0.0119246 0.109696 0.531913 0.271885 0.0744817
0.0598583 0.176176 0.1948 0.31384 9.9991E-05 0.255225
9.99732E-05 0.184966 9.99732E-05 0.44289 9.99732E-05 0.371845
9.99911E-05 0.100789 0.26904 0.281561 0.0682474 0.280263
0.835322 9.99642E-05 9.99642E-05 0.164278 9.99642E-05 9.99642E-05
0.0398452 0.0437011 0.0895777 0.55933 0.267446 9.99911E-05
9.99732E-05 0.117272 9.99732E-05 9.99732E-05 0.366049 0.516379
9.99732E-05 9.99732E-05 9.99732E-05 0.170443 0.704882 0.124375
0.104233 0.0690437 9.9991E-05 0.2135 0.4548 0.158324
9.9982E-05 9.9982E-05 0.17676 0.592447 0.0767946 0.153799
9.99821E-05 0.140745 0.0269361 0.301274 9.99821E-05 0.530845
0.9995 9.996E-05 9.996E-05 9.996E-05 9.996E-05 9.996E-05
9.99732E-05 0.242804 9.99732E-05 9.99732E-05 0.0384552 0.718441
0.0957853 0.322589 9.99911E-05 0.350269 0.0702358 0.161021
9.99821E-05 0.483606 0.240727 0.224963 9.99821E-05 0.0505039
0.0648273 0.197052 0.309119 0.387652 0.0412492 9.9991E-05
