9.99459E-05 9.99459E-05 0.0562597 0.0188482 9.99459E-05 9.99459E-05 9.99459E-05 0.301601 9.99459E-05 0.622692
0.0532508 0.208799 0.0724935 0.0361855 0.176003 0.188773 9.9991E-05 0.0758333 0.162677 0.0258852
9.9982E-05 0.0720804 0.0596294 9.9982E-05 0.516036 0.0406847 0.0215596 0.072145 0.148204 0.069461
0.132315 0.0107275 0.179179 0.0828181 0.214658 0.0512335 0.0145104 9.9982E-05 9.9982E-05 0.314358
0.05246 0.292347 0.0796677 0.0488758 0.408342 9.9973E-05 0.0745123 9.9973E-05 9.9973E-05 0.0434954
9.9964E-05 0.0935151 0.0785467 0.0457742 0.751107 9.9964E-05 0.0216586 9.9964E-05 9.9964E-05 0.00899854
9.99639E-05 9.99639E-05 9.99639E-05 0.00850339 0.389123 0.0163027 0.0391039 0.213718 9.99639E-05 0.33285
0.0167502 0.539011 9.9982E-05 0.017633 0.0619876 0.102437 0.0494753 0.0850423 9.9982E-05 0.127464
0.131622 9.9973E-05 0.167193 0.000834429 0.133275 9.9973E-05 9.9973E-05 0.449927 0.0969219 0.019927
0.0641302 0.0633049 9.9973E-05 0.137761 9.9973E-05 9.9973E-05 0.0793548 0.539137 0.100145 0.0158671
9.99369E-05 9.99369E-05 9.99369E-05 0.0281887 9.99369E-05 9.99369E-05 9.99369E-05 0.0364676 0.934644 9.99369E-05
0.0177613 9.99639E-05 0.664936 9.99639E-05 0.0445675 9.99639E-05 0.0258693 0.237372 0.00909337 9.99639E-05
0.0863098 0.126685 9.9982E-05 0.0387378 0.273907 0.0506567 0.0681232 0.163079 0.192302 9.9982E-05
0.0809307 9.9982E-05 0.129019 0.159576 0.0989456 0.107653 0.0454938 0.0807982 9.9982E-05 0.297383
9.99549E-05 9.99549E-05 9.99549E-05 9.99549E-05 0.38556 0.260028 0.0447689 9.99549E-05 0.293236 0.0159075
0.039773 0.456835 9.9964E-05 9.9964E-05 9.9964E-05 0.217898 0.0788776 9.9964E-05 0.0552648 0.150952
0.0657378 9.9964E-05 9.9964E-05 0.109363 0.394532 0.199039 0.00981955 9.9964E-05 0.221109 9.9964E-05
0.122605 0.0775784 9.9982E-05 0.0954288 0.0709461 9.9982E-05 0.202571 0.193908 0.086751 0.150011
9.99639E-05 0.180752 0.465744 9.99639E-05 0.053259 9.99639E-05 0.0246426 9.99639E-05 0.137292 0.137911
0.0545118 0.264816 0.0698427 0.0860406 0.209819 0.104651 0.0310338 0.0015854 0.0331959 0.144504
9.9982E-05 0.1314 0.058689 0.0712526 0.093394 9.9982E-05 0.103805 0.306623 0.137225 0.0974119
0.0134574 0.103217 0.0259389 9.9982E-05 0.146655 0.0196467 0.0281506 9.9982E-05 0.503225 0.159509
9.99639E-05 0.053235 0.413027 9.99639E-05 0.196817 9.99639E-05 0.148232 0.158304 9.99639E-05 0.0299851
0.227973 9.9964E-05 0.0974001 9.9964E-05 0.409545 0.134051 0.0118379 9.9964E-05 9.9964E-05 0.118793
9.9937E-05 9.9937E-05 9.9937E-05 0.0166234 9.9937E-05 9.9937E-05 0.00338526 9.9937E-05 0.979292 9.9937E-05
0.124652 9.9973E-05 9.9973E-05 0.0296822 0.134871 0.149241 9.9973E-05 0.0347309 0.262371 0.264152
0.0236873 9.9955E-05 9.9955E-05 0.0844592 9.9955E-05 0.205587 0.0438064 0.64196 9.9955E-05 9.9955E-05
0.129684 9.9991E-05 0.227961 0.0467645 0.0701155 0.00713439 0.0240635 0.0216066 0.235361 0.23721
0.0614466 0.569101 9.9973E-05 0.0230271 0.071432 9.9973E-05 0.0088219 9.9973E-05 0.251908 0.0139636
0.632271 9.99549E-05 0.0682312 9.99549E-05 0.0211964 0.0669118 9.99549E-05 9.99549E-05 0.21089 9.99549E-05
0.0363235 0.0216484 0.260591 0.0605927 0.187621 9.9973E-05 0.0260873 9.9973E-05 0.406835 9.9973E-05
9.9964E-05 0.106283 0.226069 0.00878647 9.9964E-05 0.00872512 9.9964E-05 0.588934 0.0608024 9.9964E-05
0.177273 9.9964E-05 0.114102 9.9964E-05 0.502871 9.9964E-05 0.0680447 9.9964E-05 0.0691072 0.0682021
9.9982E-05 0.0174757 0.0252625 0.061161 0.439158 0.10896 0.0842355 0.22842 0.035127 9.9982E-05
9.9982E-05 0.0124029 0.190528 0.0433735 0.330633 9.9982E-05 0.0795594 0.0985888 0.167778 0.0769362
9.99201E-05 9.99201E-05 9.99201E-05 9.99201E-05 9.99201E-05 9.99201E-05 9.99201E-05 9.99201E-05 9.99201E-05 0.999101
9.9973E-05 9.9973E-05 0.00140264 0.0932754 0.686599 0.0439582 0.00962912 9.9973E-05 0.0404661 0.12437
9.99371E-05 9.99371E-05 9.99371E-05 0.0200823 9.99371E-05 9.99371E-05 9.99371E-05 0.439236 0.539982 9.99371E-05
0.0475925 0.167273 0.208294 0.103555 0.443218 9.9973E-05 0.0225997 9.9973E-05 0.00716783 9.9973E-05
9.997E-05 9.997E-05 0.34802 0.148567 0.145537 0.104863 0.115427 0.0611442 0.0761423 9.997E-05
0.0749948 9.9991E-05 0.0338186 0.084394 0.00324504 0.130259 0.0224056 0.0742922 0.472508 0.103983
9.9973E-05 0.00479457 9.9973E-05 0.149515 0.358538 0.147068 0.0486784 0.254762 9.9973E-05 0.0363452
9.9955E-05 0.881212 9.9955E-05 0.00712956 9.9955E-05 0.0129623 0.0412497 9.9955E-05 9.9955E-05 0.0569469
0.0734129 0.000746293 0.364063 9.9964E-05 9.9964E-05 9.9964E-05 9.9964E-05 0.0199318 0.210535 0.330911
0.00293624 9.99369E-05 9.99369E-05 9.99369E-05 9.99369E-05 0.0776262 9.99369E-05 0.918738 9.99369E-05 9.99369E-05
0.0251289 0.182544 0.239052 0.209569 0.137686 9.9991E-05 0.0400023 0.0587966 0.0191605 0.08796
9.9982E-05 0.1381 0.458956 0.0380469 0.0803503 9.9982E-05 0.097407 0.00437926 0.0385452 0.144016
0.0403614 0.294362 0.266505 9.9964E-05 0.329612 0.0389402 9.9964E-05 9.9964E-05 9.9964E-05 0.0298192
0.0735368 0.0673958 0.118275 0.0237771 9.9982E-05 0.0373041 0.0655912 0.257989 0.355931 9.9982E-05
0.0354807 0.351424 0.404939 9.9973E-05 9.9973E-05 0.0309099 0.0540686 9.9973E-05 0.0835481 0.0393303
0.0835438 0.106892 9.9991E-05 0.078592 0.0596393 0.00617279 0.0789766 0.252094 0.18555 0.14844
0.0541531 0.0863941 0.285448 9.9973E-05 0.32466 9.9973E-05 0.0791963 0.14025 9.9973E-05 0.0295986
0.0807061 9.9973E-05 0.16991 0.0278285 0.0864842 0.543629 0.0368517 9.9973E-05 9.9973E-05 0.0542907
0.0378792 0.148851 9.9973E-05 0.132192 0.361633 0.0578976 0.0407753 0.220472 9.9973E-05 9.9973E-05
0.135477 9.9946E-05 0.699912 9.9946E-05 9.9946E-05 0.140969 9.9946E-05 0.0230417 9.9946E-05 9.9946E-05
9.9946E-05 0.189354 9.9946E-05 9.9946E-05 0.40231 9.9946E-05 0.069532 0.338204 9.9946E-05 9.9946E-05
9.99461E-05 0.486987 0.334027 0.0325147 9.99461E-05 9.99461E-05 9.99461E-05 0.145872 9.99461E-05 9.99461E-05
0.0997622 0.177711 0.468659 0.0678543 0.0364096 9.9982E-05 0.029209 0.0108228 0.109372 9.9982E-05
0.0630678 0.0571311 0.275951 0.0889036 0.105932 0.0898499 0.0787044 0.00365954 0.236701 9.9991E-05
9.9973E-05 0.295182 0.0286912 0.0984137 0.0867801 9.9973E-05 0.0391363 0.404564 0.0469332 9.9973E-05
0.0392276 9.99459E-05 0.0111441 9.99459E-05 0.804531 9.99459E-05 9.99459E-05 9.99459E-05 0.144497 9.99459E-05
9.9973E-05 9.9973E-05 9.9973E-05 0.0368258 0.414547 0.0403486 0.123837 0.236103 0.109613 0.0384248
0.000806613 9.9973E-05 0.384816 9.9973E-05 0.222995 9.9973E-05 0.116252 0.000547533 0.190519 0.0837641
0.797999 9.9946E-05 9.9946E-05 0.0193393 9.9946E-05 9.9946E-05 0.114957 9.9946E-05 9.9946E-05 0.0671054
9.9964E-05 9.9964E-05 0.0285075 0.144229 0.252554 0.0467626 9.9964E-05 9.9964E-05 0.207495 0.320052
9.9937E-05 9.9937E-05 9.9937E-05 0.0183877 9.9937E-05 0.059445 9.9937E-05 9.9937E-05 9.9937E-05 0.921468
9.9964E-05 9.9964E-05 0.172242 0.183487 0.0565177 9.9964E-05 0.0257339 0.277594 9.9964E-05 0.284025
0.0801425 0.137494 0.16061 9.9964E-05 0.333799 9.9964E-05 0.0695021 9.9964E-05 0.218053 9.9964E-05
9.99371E-05 9.99371E-05 9.99371E-05 9.99371E-05 0.511595 9.99371E-05 9.99371E-05 9.99371E-05 0.337405 0.1503
0.0535088 0.359163 9.9982E-05 0.0336243 9.9982E-05 0.02177 0.0878585 0.135608 0.155485 0.152782
0.042881 0.304157 0.0734311 0.0406317 0.259682 9.9964E-05 9.9964E-05 0.278817 9.9964E-05 9.9964E-05
0.0280886 9.9973E-05 9.9973E-05 9.9973E-05 0.0914326 0.150143 0.0945773 0.0706764 0.355004 0.209778
0.0828451 0.152037 9.9982E-05 0.00505106 0.167639 0.00987942 0.0990183 9.9982E-05 0.418972 0.0643584
0.0676641 0.032127 0.10242 0.0537611 0.357319 0.0600928 0.0242838 9.9982E-05 0.302133 9.9982E-05
0.181819 0.16745 9.9973E-05 0.122133 0.131649 0.0994642 9.9973E-05 0.273141 9.9973E-05 0.0240444
0.0599669 0.326458 0.349074 0.0994093 9.9964E-05 0.154215 0.0104766 9.9964E-05 9.9964E-05 9.9964E-05
9.9964E-05 0.019524 9.9964E-05 0.0152306 0.455028 0.0239338 0.1812 0.304684 9.9964E-05 9.9964E-05
9.99549E-05 9.99549E-05 9.99549E-05 0.0434849 0.605702 0.0222875 0.0528014 9.99549E-05 0.275225 9.99549E-05
9.9937E-05 9.9937E-05 9.9937E-05 0.00845751 0.771848 9.9937E-05 9.9937E-05 9.9937E-05 0.218995 9.9937E-05
0.0357042 9.9955E-05 9.9955E-05 9.9955E-05 0.62106 0.0596141 0.0404477 0.242674 9.9955E-05 9.9955E-05
0.0160355 0.305972 0.159101 0.00969889 0.161853 9.9991E-05 0.0735604 0.153135 0.0882263 0.0323193
0.0514789 9.9964E-05 0.124262 0.0352756 0.546715 9.9964E-05 9.9964E-05 9.9964E-05 0.0991063 0.142763
0.11104 9.9964E-05 0.340495 0.0133442 0.00806397 0.00627285 9.9964E-05 0.520384 9.9964E-05 9.9964E-05
9.9955E-05 0.81556 0.0243228 0.0408337 0.0482117 0.070572 9.9955E-05 9.9955E-05 9.9955E-05 9.9955E-05
0.0688908 9.9973E-05 0.256639 0.0445628 0.443161 9.9973E-05 0.0517053 0.014871 9.9973E-05 0.119871
9.9964E-05 0.157447 0.0681832 9.9964E-05 9.9964E-05 0.0759085 9.9964E-05 0.413727 0.202898 0.0814364
0.0183327 0.0369648 9.99639E-05 9.99639E-05 0.135762 9.99639E-05 0.020285 9.99639E-05 0.0269395 0.761316
9.99551E-05 0.343334 0.587649 0.00185713 9.99551E-05 9.99551E-05 0.0351244 0.0315353 9.99551E-05 9.99551E-05
0.176352 9.9982E-05 9.9982E-05 0.0357324 0.228105 0.0452277 0.0457527 0.102169 0.190463 0.175998
9.996E-05 0.0628709 0.197853 9.996E-05 9.996E-05 0.031249 9.996E-05 0.225785 0.364082 0.117761
0.921009 9.99369E-05 9.99369E-05 0.0281476 9.99369E-05 9.99369E-05 9.99369E-05 9.99369E-05 9.99369E-05 0.0501436
9.9964E-05 0.0665122 0.0894608 0.0683991 9.9964E-05 9.9964E-05 0.0523024 0.477004 0.245921 9.9964E-05
9.9973E-05 0.115631 0.204378 0.0335391 0.33961 9.9973E-05 0.0479837 9.9973E-05 0.00185253 0.256705
0.0566855 0.134304 0.059513 9.9982E-05 0.0960896 0.212734 0.0615322 9.9982E-05 0.238486 0.140456
9.9982E-05 0.159954 0.128222 0.144518 0.120116 0.0266652 0.0719959 9.9982E-05 0.0842833 0.264046
0.00637072 0.58325 9.9973E-05 9.9973E-05 0.240284 0.0170233 9.9973E-05 0.0645785 0.0446331 0.0435606
9.9964E-05 0.0683333 9.9964E-05 0.0206724 9.9964E-05 0.0412299 9.9964E-05 0.604541 0.167877 0.0969467
9.99641E-05 0.0619528 0.33635 0.0835915 0.393335 0.0023347 9.99641E-05 9.99641E-05 9.99641E-05 0.122035
0.397799 9.9982E-05 0.255379 9.9982E-05 0.0449194 0.0381864 0.14343 0.0324109 0.0731311 0.0145442
0.332097 9.9973E-05 0.0227096 9.9973E-05 0.143134 0.0411525 9.9973E-05 0.0373876 0.3658 0.0574197
0.0960845 9.99639E-05 0.0095354 9.99639E-05 0.114424 9.99639E-05 9.99639E-05 0.0977708 0.454156 0.227629
0.999101 9.99201E-05 9.99201E-05 9.99201E-05 9.99201E-05 9.99201E-05 9.99201E-05 9.99201E-05 9.99201E-05 9.99201E-05
0.0504222 0.0786875 9.9973E-05 0.0560897 0.370631 0.0481935 0.0571329 9.9973E-05 0.338544 9.9973E-05
9.99279E-05 9.99279E-05 9.99279E-05 0.901937 9.99279E-05 9.99279E-05 9.99279E-05 0.0972635 9.99279E-05 9.99279E-05
0.0338734 0.22277 0.274619 0.120923 9.9982E-05 0.0454434 0.0746657 9.9982E-05 0.150229 0.0772762
0.00497682 0.264056 0.277002 9.9973E-05 0.0341233 0.164659 9.9973E-05 9.9973E-05 0.188189 0.0666937
0.0160157 0.012415 0.235275 0.00780941 0.298912 0.23492 9.9982E-05 0.149893 0.04456 9.9982E-05
0.0184381 0.0289712 0.130659 0.142704 0.243793 0.13163 0.102628 0.137643 0.0634343 9.9991E-05
0.0277647 0.215219 9.9973E-05 0.0539677 0.193824 0.126389 9.9973E-05 0.30412 0.0784155 9.9973E-05
0.061424 9.9973E-05 9.9973E-05 0.0227989 0.216398 9.9973E-05 0.0248163 0.193018 0.366427 0.114818
0.0699338 0.0567673 0.160245 0.173824 0.497266 0.0195392 0.0221251 9.9973E-05 9.9973E-05 9.9973E-05
0.135236 9.995E-05 0.199331 9.995E-05 9.995E-05 9.995E-05 0.0910662 0.235953 0.337914 9.995E-05
0.0254401 0.310322 0.249656 0.0431659 0.214662 0.0533819 9.9991E-05 0.00503567 0.0676036 0.0306329
0.418667 9.9982E-05 0.0410787 0.00877164 0.119595 0.00880104 0.0824872 0.134474 0.185926 9.9982E-05
0.040858 0.194018 9.9964E-05 0.0234035 0.336046 9.9964E-05 0.0218274 0.383447 9.9964E-05 9.9964E-05
0.940571 9.9928E-05 0.0586295 9.9928E-05 9.9928E-05 9.9928E-05 9.9928E-05 9.9928E-05 9.9928E-05 9.9928E-05
9.9955E-05 0.215313 9.9955E-05 0.160025 0.165275 9.9955E-05 9.9955E-05 9.9955E-05 0.402471 0.0564168
9.99549E-05 0.144736 9.99549E-05 9.99549E-05 0.00317862 9.99549E-05 0.0241147 0.475555 9.99549E-05 0.351916
0.0417907 0.311267 9.9946E-05 9.9946E-05 0.448021 9.9946E-05 9.9946E-05 0.198321 9.9946E-05 9.9946E-05
9.99549E-05 0.272331 9.99549E-05 9.99549E-05 9.99549E-05 9.99549E-05 0.0771336 0.284865 0.303903 0.0612683
0.0143647 9.9964E-05 9.9964E-05 9.9964E-05 0.523693 0.0885307 0.0349349 0.123377 9.9964E-05 0.2147
0.325366 9.9955E-05 9.9955E-05 9.9955E-05 0.284628 9.9955E-05 0.12332 9.9955E-05 0.211642 0.054545
0.0526998 9.9955E-05 9.9955E-05 0.0659719 0.559939 9.9955E-05 0.0386616 0.282227 9.9955E-05 9.9955E-05
9.9946E-05 0.299521 0.289949 9.9946E-05 0.214942 0.194988 9.9946E-05 9.9946E-05 9.9946E-05 9.9946E-05
0.0675936 9.9964E-05 0.299164 9.9964E-05 0.0707189 9.9964E-05 0.0415437 0.461399 0.0591809 9.9964E-05
9.99551E-05 0.136874 0.119144 9.99551E-05 0.657634 0.0428157 0.0430324 9.99551E-05 9.99551E-05 9.99551E-05
9.9955E-05 0.0313793 0.164717 9.9955E-05 9.9955E-05 9.9955E-05 0.0776066 9.9955E-05 0.691343 0.0344546
0.102021 0.176319 0.421391 0.0605851 9.9982E-05 0.0250709 0.0332164 9.9982E-05 0.166002 0.015195
9.9955E-05 0.17804 0.706802 9.9955E-05 0.0337587 0.0346581 9.9955E-05 9.9955E-05 9.9955E-05 0.0462416
0.0369118 9.9946E-05 9.9946E-05 9.9946E-05 9.9946E-05 9.9946E-05 0.0366456 0.572637 0.353206 9.9946E-05
9.9964E-05 9.9964E-05 0.0857797 9.9964E-05 0.164422 9.9964E-05 0.0159398 0.173738 0.00332329 0.556398
0.0272449 0.280419 9.9964E-05 9.9964E-05 0.602335 9.9964E-05 0.0291726 0.0189757 9.9964E-05 0.0414525
0.246953 0.481045 0.00879384 9.9955E-05 0.18779 9.9955E-05 9.9955E-05 0.0749185 9.9955E-05 9.9955E-05
0.0879097 0.515216 9.9955E-05 9.9955E-05 9.9955E-05 0.0298383 0.112052 9.9955E-05 0.254484 9.9955E-05
9.9964E-05 0.128925 0.211305 0.00432219 0.355291 9.9964E-05 9.9964E-05 9.9964E-05 0.112242 0.187515
9.9964E-05 9.9964E-05 0.301045 0.0088178 0.061345 9.9964E-05 0.0509853 0.337825 0.239582 9.9964E-05
9.99279E-05 9.99279E-05 0.063381 9.99279E-05 9.99279E-05 0.93582 9.99279E-05 9.99279E-05 9.99279E-05 9.99279E-05
9.99201E-05 9.99201E-05 9.99201E-05 9.99201E-05 9.99201E-05 0.999101 9.99201E-05 9.99201E-05 9.99201E-05 9.99201E-05
9.99734E-05 0.165241 9.99734E-05 0.0421686 0.0638491 0.0930907 0.0402867 0.441901 9.99734E-05 0.153163
9.9946E-05 9.9946E-05 0.0504259 0.0423449 0.731844 9.9946E-05 9.9946E-05 0.174786 9.9946E-05 9.9946E-05
0.0412052 0.135802 9.9973E-05 0.019818 0.313706 9.9973E-05 0.0738115 0.386462 9.9973E-05 0.0288957
9.9964E-05 9.9964E-05 0.0337667 0.0177416 0.164961 0.0647621 0.0913331 9.9964E-05 0.627036 9.9964E-05
0.0651757 9.9964E-05 0.639168 0.127532 0.120864 9.9964E-05 9.9964E-05 0.0193797 0.0274812 9.9964E-05
0.0679411 9.9964E-05 0.259052 9.9964E-05 9.9964E-05 9.9964E-05 0.025225 0.264573 0.18514 0.197669
0.0420867 9.9964E-05 9.9964E-05 0.100043 0.527321 0.166783 0.0289639 9.9964E-05 9.9964E-05 0.134402
0.411809 9.9964E-05 9.9964E-05 9.9964E-05 0.110487 9.9964E-05 0.139008 0.219056 0.0943241 0.0249158
9.9991E-05 0.122757 0.0722367 0.0381846 0.342715 0.00370235 0.00300378 0.178996 0.13387 0.104434
9.99201E-05 9.99201E-05 9.99201E-05 9.99201E-05 9.99201E-05 9.99201E-05 0.999101 9.99201E-05 9.99201E-05 9.99201E-05
9.9955E-05 9.9955E-05 9.9955E-05 0.0877255 0.24147 9.9955E-05 0.0383249 0.18369 9.9955E-05 0.448291
9.9964E-05 0.438402 0.0458292 0.239716 9.9964E-05 0.0999345 0.0503422 9.9964E-05 9.9964E-05 0.125376
9.9937E-05 9.9937E-05 0.935189 0.0519967 9.9937E-05 0.0121146 9.9937E-05 9.9937E-05 9.9937E-05 9.9937E-05
9.9991E-05 0.208128 0.0407132 0.0818695 0.240629 0.0745389 0.0823305 0.16498 0.0662244 0.0404862
0.0113666 0.412085 0.021844 9.9964E-05 0.101372 9.9964E-05 0.14675 0.306182 9.9964E-05 9.9964E-05
0.027407 9.9964E-05 9.9964E-05 9.9964E-05 0.102544 0.201074 0.0165974 0.483534 0.168444 9.9964E-05
0.109935 9.997E-05 0.397368 9.997E-05 0.323912 0.0855377 0.0218937 0.0109259 9.997E-05 0.0501277
0.122318 0.242369 9.9982E-05 0.0384971 0.0636316 0.0919355 0.0975723 9.9982E-05 0.207127 0.13635
9.9964E-05 9.9964E-05 0.309963 9.9964E-05 0.188423 9.9964E-05 0.0549133 0.0837578 0.271563 0.0909799
0.0616535 0.129795 9.99966E-05 0.0195169 0.320281 0.0379435 0.0748708 0.162773 0.154482 0.0385854
0.0968118 0.0261103 9.9955E-05 9.9955E-05 0.119438 0.00607898 9.9955E-05 9.9955E-05 9.9955E-05 0.751061
0.20562 9.9982E-05 9.9982E-05 0.0291941 0.119135 0.103305 0.0737449 0.215546 0.167984 0.085271
9.9955E-05 9.9955E-05 9.9955E-05 9.9955E-05 0.433575 9.9955E-05 0.0545061 0.32812 0.152548 0.030751
9.99201E-05 9.99201E-05 9.99201E-05 9.99201E-05 9.99201E-05 9.99201E-05 0.999101 9.99201E-05 9.99201E-05 9.99201E-05
9.99639E-05 9.99639E-05 0.21906 9.99639E-05 0.0711065 0.0721687 0.417401 0.133733 9.99639E-05 0.0861304
9.9955E-05 0.619334 9.9955E-05 0.0219546 0.213497 0.0807487 9.9955E-05 0.0639651 9.9955E-05 9.9955E-05
0.0134458 0.661624 0.025512 9.9973E-05 9.9973E-05 9.9973E-05 0.0309385 0.00988126 0.175793 0.0825059
0.0293124 9.9964E-05 9.9964E-05 0.0156534 9.9964E-05 0.0397223 0.0105963 9.9964E-05 0.139303 0.765013
9.99729E-05 9.99729E-05 0.448409 0.00488938 0.0720582 0.0533333 0.0399344 9.99729E-05 0.240965 0.140111
9.9982E-05 0.306121 0.148887 0.120284 0.1327 0.0348941 0.0563845 0.11378 0.0867485 9.9982E-05
9.99279E-05 9.99279E-05 9.99279E-05 9.99279E-05 9.99279E-05 0.988187 0.0110138 9.99279E-05 9.99279E-05 9.99279E-05
0.130912 0.0129871 9.9991E-05 0.0011846 0.214487 0.00698698 0.0793103 0.272068 0.0576762 0.224288
0.112711 9.9973E-05 0.472999 0.022527 9.9973E-05 0.0189853 9.9973E-05 0.00748381 0.305156 0.0598381
0.0883275 0.0505099 0.487704 0.103046 0.158371 0.04913 0.0626115 9.9973E-05 9.9973E-05 9.9973E-05
0.122672 0.000593339 0.16423 9.9991E-05 0.235938 0.0253306 0.103541 0.0673932 0.0101414 0.270061
9.9964E-05 9.9964E-05 0.147172 0.0698802 0.0357773 0.416332 9.9964E-05 0.31247 9.9964E-05 0.017969
9.9982E-05 0.107307 0.234411 0.0796892 0.274839 0.00462957 0.090912 0.0834427 9.9982E-05 0.124569
0.0807339 9.9964E-05 0.126194 0.138133 0.459971 9.9964E-05 9.9964E-05 0.175589 9.9964E-05 0.0189784
9.995E-05 0.0348708 0.0474345 9.995E-05 0.409061 9.995E-05 0.046742 0.461392 9.995E-05 9.995E-05
0.0215165 0.386817 0.458613 0.0498765 9.9964E-05 0.0172497 9.9964E-05 0.0655277 9.9964E-05 9.9964E-05
0.00135453 9.99279E-05 9.99279E-05 0.997846 9.99279E-05 9.99279E-05 9.99279E-05 9.99279E-05 9.99279E-05 9.99279E-05
0.085991 9.9964E-05 9.9964E-05 0.05195 0.213924 0.131015 9.9964E-05 0.390365 0.126355 9.9964E-05
0.153467 9.9964E-05 9.9964E-05 0.0577784 0.193622 0.0539665 0.0551841 9.9964E-05 0.485582 9.9964E-05
0.133419 9.9964E-05 9.9964E-05 9.9964E-05 0.0555098 9.9964E-05 0.0847056 0.120139 0.508107 0.0977193
9.9973E-05 9.9973E-05 9.9973E-05 0.0638498 0.126177 0.179563 0.0380676 0.0508594 0.197752 0.34343
0.116189 0.186729 0.211676 9.99639E-05 9.99639E-05 9.99639E-05 9.99639E-05 0.00531217 0.201964 0.277729
0.0221587 9.9982E-05 0.551784 0.0350944 0.159772 0.068808 0.0448369 0.0116019 9.9982E-05 0.105744
9.99201E-05 9.99201E-05 9.99201E-05 0.999101 9.99201E-05 9.99201E-05 9.99201E-05 9.99201E-05 9.99201E-05 9.99201E-05
0.035006 0.12427 0.118036 9.9982E-05 0.3663 0.015757 0.0431791 0.116071 9.9982E-05 0.181181
0.0165829 0.295453 9.9982E-05 0.116919 0.0246105 9.9982E-05 0.0597743 0.0406334 0.230745 0.215082
0.0661249 0.0143092 9.99639E-05 9.99639E-05 0.392261 0.0878181 9.99639E-05 0.220839 9.99639E-05 0.218249
0.085341 9.9964E-05 0.137754 9.9964E-05 9.9964E-05 0.156329 0.0135721 0.550067 9.9964E-05 0.0565376
