0.120828 9.99821E-05 9.99821E-05 0.171895 0.188018 0.463457 0.0556018
0.253301 9.9982E-05 0.475049 0.0325108 9.9982E-05 0.026019 0.212921
0.243696 0.108702 0.18335 0.0884524 9.99821E-05 0.3756 9.99821E-05
0.00152837 0.0543961 9.99821E-05 0.243147 0.316876 0.383852 9.99821E-05
9.99641E-05 9.99641E-05 0.417913 0.273952 9.99641E-05 9.99641E-05 0.307735
9.999E-05 0.0982091 0.118429 0.114341 0.00153162 0.446744 0.220646
0.253866 9.99821E-05 0.155927 0.0281039 9.99821E-05 0.075981 0.485922
0.136367 0.0435553 0.526933 9.99731E-05 9.99731E-05 0.292844 9.99731E-05
9.99643E-05 9.99643E-05 9.99643E-05 0.106054 0.461876 9.99643E-05 0.43167
0.393228 0.452817 9.99642E-05 9.99642E-05 9.99642E-05 0.153555 9.99642E-05
0.138299 0.557236 9.9973E-05 0.285298 0.0188672 9.9973E-05 9.9973E-05
0.339975 9.99821E-05 0.599882 0.0114952 0.0320477 9.99821E-05 0.0163999
9.99732E-05 9.99732E-05 9.99732E-05 0.0394894 0.522454 0.342789 0.094968
0.252534 9.99731E-05 9.99731E-05 0.102219 9.99731E-05 0.495325 0.149622
0.099908 9.99732E-05 0.0587764 9.99732E-05 0.79614 0.044876 9.99732E-05
9.99642E-05 9.99642E-05 9.99642E-05 0.353932 0.402327 0.243341 9.99642E-05
0.166838 0.0691646 9.9991E-05 0.0407987 0.333899 0.213436 0.175764
0.198568 0.0136021 9.99821E-05 0.0902037 9.99821E-05 0.531306 0.166121
9.99731E-05 9.99731E-05 0.212594 9.99731E-05 0.604527 0.00420326 0.178375
9.9991E-05 0.126154 0.202998 0.224905 0.00013327 0.350189 0.0955204
0.223174 0.364841 9.99821E-05 0.150774 9.99821E-05 0.224081 0.0369301
0.0299183 9.9982E-05 0.419768 0.131575 0.384103 9.9982E-05 0.0344355
9.99821E-05 0.013958 9.99821E-05 0.10104 0.0606201 0.528145 0.296037
0.104471 9.99731E-05 9.99731E-05 0.311457 9.99731E-05 0.180281 0.403491
0.106861 0.284056 0.150478 0.418209 9.99821E-05 0.0401961 9.99821E-05
0.109131 9.9982E-05 0.109116 0.276132 0.277333 0.228088 9.9982E-05
0.54345 0.165144 9.9982E-05 0.125909 0.0640753 0.101222 9.9982E-05
9.99732E-05 0.117684 0.161429 9.99732E-05 0.357585 9.99732E-05 0.363001
9.99731E-05 0.304965 0.202559 9.99731E-05 0.106396 0.385779 9.99731E-05
9.99642E-05 0.0899946 9.99642E-05 0.764684 0.144922 9.99642E-05 9.99642E-05
9.99731E-05 0.122748 9.99731E-05 9.99731E-05 0.10295 0.159046 0.614957
0.351976 9.99642E-05 0.590566 9.99642E-05 9.99642E-05 0.0570583 9.99642E-05
9.99732E-05 0.347437 9.99732E-05 0.0574775 9.99732E-05 0.247231 0.347554
0.125922 0.103397 0.38497 0.0203389 0.175675 0.189598 9.9991E-05
0.0579275 9.9964E-05 9.9964E-05 0.140593 9.9964E-05 0.801079 9.9964E-05
0.301089 9.99642E-05 9.99642E-05 9.99642E-05 9.99642E-05 0.675208 0.0233035
0.0325473 9.99642E-05 0.502549 9.99642E-05 9.99642E-05 9.99642E-05 0.464504
9.99731E-05 0.396514 0.109078 0.0521709 9.99731E-05 9.99731E-05 0.441938
0.283033 0.0550163 0.0564169 0.0899255 0.187933 0.199323 0.128352
0.0477724 0.190457 0.0520396 0.0183281 0.306789 0.384514 9.9991E-05
0.549084 9.99731E-05 9.99731E-05 0.24386 0.0469051 9.99731E-05 0.159851
0.715377 0.260137 9.99642E-05 0.0240869 9.99642E-05 9.99642E-05 9.99642E-05
0.324357 0.0451114 0.232792 9.9982E-05 9.9982E-05 0.204913 0.192626
0.0596132 0.223752 0.184047 0.0464158 0.321949 0.139622 0.0246012
0.29556 0.210092 0.42059 9.99731E-05 0.0734579 9.99731E-05 9.99731E-05
0.128568 9.99643E-05 9.99643E-05 9.99643E-05 0.12649 0.744542 9.99643E-05
0.17897 9.99731E-05 9.99731E-05 0.0339058 0.0903211 0.696504 9.99731E-05
0.469369 0.0918023 0.040321 9.9991E-05 0.150386 0.114051 0.13397
0.0733635 9.99733E-05 0.179972 9.99733E-05 0.41913 0.327234 9.99733E-05
0.119182 9.99731E-05 0.14751 0.0480037 9.99731E-05 0.685004 9.99731E-05
9.9973E-05 9.9973E-05 0.190049 0.318144 0.0280885 0.463419 9.9973E-05
0.204397 0.323641 9.99641E-05 9.99641E-05 9.99641E-05 9.99641E-05 0.471562
0.132357 9.9982E-05 9.9982E-05 0.3455 0.453553 0.0462413 0.0221488
9.99731E-05 0.0988542 9.99731E-05 0.089686 0.390236 0.420924 9.99731E-05
9.99642E-05 9.99642E-05 9.99642E-05 9.99642E-05 0.303619 0.0538889 0.642093
0.019644 9.99821E-05 0.201985 9.99821E-05 0.296752 0.027548 0.45387
9.99821E-05 9.99821E-05 0.206907 0.195015 0.0729531 0.031733 0.493192
9.99643E-05 9.99643E-05 0.0792494 9.99643E-05 0.160864 9.99643E-05 0.759487
0.233061 0.084663 0.0294987 9.999E-05 0.281625 0.216328 0.154724
0.194965 0.107122 9.997E-05 9.997E-05 9.997E-05 0.433062 0.264551
9.99732E-05 0.158276 0.156264 9.99732E-05 0.335956 0.349205 9.99732E-05
0.733796 9.99641E-05 9.99641E-05 9.99641E-05 9.99641E-05 0.166114 0.0996907
0.292 9.99731E-05 0.0138868 9.99731E-05 0.483987 9.99731E-05 0.209825
9.99731E-05 0.00949908 0.0157448 0.779785 9.99731E-05 0.194671 9.99731E-05
0.0992144 9.99731E-05 0.816912 0.0672555 9.99731E-05 9.99731E-05 0.016318
0.341615 0.0258786 9.99821E-05 0.207336 0.356906 0.068065 9.99821E-05
0.0271069 9.99731E-05 9.99731E-05 0.00637629 9.99731E-05 0.832319 0.133898
0.251525 9.99731E-05 9.99731E-05 9.99731E-05 0.494196 0.184689 0.0692888
0.0606453 0.0647401 0.261618 9.99821E-05 0.347381 0.265416 9.99821E-05
0.304115 0.340264 0.124496 0.046987 9.99821E-05 0.183937 9.99821E-05
0.2495 0.112249 9.998E-05 9.998E-05 0.169519 0.291444 0.177088
0.673864 9.99731E-05 0.0915962 0.0430484 0.191191 9.99731E-05 9.99731E-05
0.1152 9.99732E-05 0.100419 9.99732E-05 9.99732E-05 0.229579 0.554502
0.369811 9.99731E-05 0.416635 9.99731E-05 0.155427 0.0578276 9.99731E-05
9.99643E-05 9.99643E-05 0.479344 0.241008 9.99643E-05 0.279247 9.99643E-05
0.323917 9.99821E-05 0.000685961 9.99821E-05 0.397343 0.120338 0.157516
9.99554E-05 9.99554E-05 9.99554E-05 0.151032 0.848468 9.99554E-05 9.99554E-05
0.479339 0.477425 9.99641E-05 9.99641E-05 9.99641E-05 9.99641E-05 0.0428357
0.0739695 0.315138 0.449005 9.99731E-05 0.161587 9.99731E-05 9.99731E-05
9.99731E-05 0.232708 0.356102 9.99731E-05 0.313638 9.99731E-05 0.0972528
0.234437 9.99732E-05 0.136349 9.99732E-05 0.0979249 0.530989 9.99732E-05
9.998E-05 0.0991407 0.364012 0.166005 9.998E-05 0.297854 0.0727883
9.99552E-05 9.99552E-05 9.99552E-05 9.99552E-05 9.99552E-05 0.473806 0.525694
9.99731E-05 0.130397 0.461801 0.232821 0.174681 9.99731E-05 9.99731E-05
0.49038 9.997E-05 9.997E-05 0.0588855 9.997E-05 0.329032 0.121403
0.36367 0.0750082 9.997E-05 9.997E-05 0.209616 0.351406 9.997E-05
0.116496 9.99732E-05 0.143128 9.99732E-05 9.99732E-05 0.135287 0.60479
0.0378242 0.00343595 0.143175 0.687474 9.9982E-05 9.9982E-05 0.127891
9.99732E-05 0.17799 9.99732E-05 0.147215 0.256949 0.417546 9.99732E-05
9.998E-05 0.206885 0.344859 0.206103 0.194514 9.998E-05 0.0474383
9.99554E-05 9.99554E-05 9.99554E-05 0.846108 9.99554E-05 0.153393 9.99554E-05
0.212676 9.997E-05 9.997E-05 0.122645 9.997E-05 0.467469 0.19691
0.27936 9.99732E-05 9.99732E-05 0.0938055 0.305886 0.320649 9.99732E-05
9.997E-05 0.239418 9.997E-05 0.205673 9.997E-05 0.242411 0.312198
0.594992 0.11212 9.9982E-05 0.00437159 0.279651 9.9982E-05 0.00866544
0.0744666 0.103331 0.0129525 0.0606491 0.208677 0.242859 0.297066
9.998E-05 0.0605956 9.998E-05 0.130395 0.129042 0.340525 0.339242
0.198142 0.013586 9.99821E-05 9.99821E-05 0.390469 0.384358 0.0132442
0.0592633 9.99821E-05 0.0334776 0.389764 0.0129008 0.504394 9.99821E-05
0.131331 9.9973E-05 9.9973E-05 0.358893 9.9973E-05 0.157851 0.351625
9.99552E-05 9.99552E-05 9.99552E-05 0.148535 9.99552E-05 9.99552E-05 0.850965
9.99642E-05 0.00977848 9.99642E-05 0.922008 9.99642E-05 9.99642E-05 0.0678137
9.99731E-05 0.252543 9.99731E-05 0.11635 0.0143987 9.99731E-05 0.616409
9.995E-05 0.9994 9.995E-05 9.995E-05 9.995E-05 9.995E-05 9.995E-05
9.9964E-05 9.9964E-05 0.30384 9.9964E-05 0.315361 0.380399 9.9964E-05
0.184237 9.999E-05 0.282226 0.0929055 0.287635 0.0749289 0.0779678
0.0729568 9.99731E-05 0.423842 9.99731E-05 9.99731E-05 0.29646 0.206441
0.0169751 0.252475 0.350961 9.99821E-05 9.99821E-05 0.255838 0.123552
9.99821E-05 0.170278 0.424793 9.99821E-05 0.02328 0.370755 0.0106938
0.0500462 0.529084 0.050457 0.166609 0.0601811 0.143523 9.99911E-05
0.0871618 9.99821E-05 0.121102 0.256685 9.99821E-05 0.158495 0.376357
0.0400482 9.99821E-05 0.541774 0.0726039 0.124809 0.220565 9.99821E-05
9.99643E-05 9.99643E-05 0.184273 0.634356 9.99643E-05 0.180972 9.99643E-05
9.99552E-05 9.99552E-05 0.97387 9.99552E-05 9.99552E-05 0.0256304 9.99552E-05
9.99552E-05 9.99552E-05 9.99552E-05 0.934571 9.99552E-05 9.99552E-05 0.064929
0.0362286 0.387446 9.99732E-05 9.99732E-05 0.497952 9.99732E-05 0.0780726
0.12569 9.99731E-05 0.0551201 9.99731E-05 0.407776 0.411113 9.99731E-05
0.103876 9.99731E-05 0.594596 0.0897933 0.211436 9.99731E-05 9.99731E-05
9.9973E-05 0.123601 0.184348 0.380852 0.310899 9.9973E-05 9.9973E-05
9.9973E-05 0.070431 0.129853 9.9973E-05 9.9973E-05 0.54282 0.256596
9.99731E-05 9.99731E-05 9.99731E-05 0.549992 0.260552 0.131871 0.0572854
9.997E-05 9.997E-05 0.0728869 0.269563 9.997E-05 0.260484 0.396766
9.99731E-05 0.133019 0.344604 9.99731E-05 0.0481444 0.473933 9.99731E-05
0.205136 0.0143295 0.257037 9.99821E-05 9.99821E-05 0.398124 0.125173
0.0918304 0.239436 0.141798 0.160888 0.239083 0.0160184 0.110946
0.245951 0.121379 0.464664 0.0154656 9.998E-05 9.998E-05 0.15234
0.704983 9.99643E-05 9.99643E-05 0.159998 9.99643E-05 0.134619 9.99643E-05
0.0402653 9.99821E-05 0.074644 9.99821E-05 0.297813 0.419777 0.167301
0.0611695 0.425054 9.99643E-05 9.99643E-05 9.99643E-05 0.513377 9.99643E-05
9.99821E-05 0.0577499 0.0958036 0.245681 0.00201697 0.598548 9.99821E-05
0.148042 9.99642E-05 9.99642E-05 9.99642E-05 0.429216 9.99642E-05 0.422341
0.109453 9.9982E-05 0.249996 0.121551 9.9982E-05 0.213532 0.305268
0.306501 0.205537 0.0745731 9.997E-05 0.413089 9.997E-05 9.997E-05
0.0968325 0.36006 0.107214 9.9991E-05 0.278844 0.0424616 0.114487
0.355664 0.202872 9.99732E-05 9.99732E-05 9.99732E-05 0.415521 0.0256434
9.99553E-05 9.99553E-05 0.249128 9.99553E-05 9.99553E-05 0.750372 9.99553E-05
9.99553E-05 9.99553E-05 0.641139 9.99553E-05 9.99553E-05 0.358361 9.99553E-05
9.99643E-05 9.99643E-05 0.614411 0.0536667 9.99643E-05 0.331522 9.99643E-05
0.132199 0.102611 0.179711 9.99821E-05 0.0146175 9.99821E-05 0.570662
9.99642E-05 9.99642E-05 0.172848 9.99642E-05 0.442137 0.384615 9.99642E-05
9.99732E-05 0.152432 9.99732E-05 9.99732E-05 0.21514 0.287345 0.344783
9.998E-05 0.121633 9.998E-05 0.0304746 0.0821886 0.160244 0.60526
0.199555 0.178079 9.998E-05 9.998E-05 0.191958 0.278111 0.152097
0.214979 0.45102 0.1546 0.0919303 9.99821E-05 9.99821E-05 0.0872704
0.0516115 9.99731E-05 9.99731E-05 0.617623 0.137458 0.193007 9.99731E-05
9.998E-05 9.998E-05 0.314549 0.0841825 0.290159 0.159008 0.151901
0.9994 9.995E-05 9.995E-05 9.995E-05 9.995E-05 9.995E-05 9.995E-05
9.99731E-05 0.159289 0.0850964 0.223413 9.99731E-05 0.531902 9.99731E-05
0.0481855 9.99732E-05 9.99732E-05 0.115309 9.99732E-05 0.498776 0.337429
0.381368 0.100717 9.99821E-05 9.99821E-05 0.319898 0.0119541 0.185863
0.0210776 0.141377 0.426721 9.99821E-05 0.265469 9.99821E-05 0.145154
0.334328 9.99731E-05 0.161648 9.99731E-05 0.469061 9.99731E-05 0.0346631
9.99731E-05 9.99731E-05 0.408586 9.99731E-05 0.319933 0.224724 0.0464573
0.0544218 0.0292371 0.610138 0.00658917 9.99821E-05 9.99821E-05 0.299414
0.108884 9.99821E-05 0.168295 0.137421 9.99821E-05 0.199691 0.385509
0.11837 0.285041 9.99821E-05 9.99821E-05 0.134778 0.360429 0.101182
9.99731E-05 0.284403 0.30357 9.99731E-05 9.99731E-05 0.0042384 0.407489
0.20149 0.209872 0.11486 0.126385 0.196878 0.150415 9.999E-05
9.99732E-05 9.99732E-05 0.668693 0.0371548 0.102817 0.191036 9.99732E-05
9.99821E-05 0.164574 9.99821E-05 0.286445 0.0408487 0.263538 0.244394
0.9994 9.995E-05 9.995E-05 9.995E-05 9.995E-05 9.995E-05 9.995E-05
0.398682 9.99731E-05 0.0814661 9.99731E-05 0.351792 0.16776 9.99731E-05
9.99731E-05 0.0368592 0.731279 0.0154883 9.99731E-05 9.99731E-05 0.216074
0.313344 0.0200821 9.99731E-05 9.99731E-05 0.454479 9.99731E-05 0.211794
0.48545 9.99643E-05 0.207584 9.99643E-05 0.306566 9.99643E-05 9.99643E-05
0.156641 9.999E-05 0.216404 0.0150603 0.0665007 0.257793 0.287501
0.0120035 9.99821E-05 0.214355 9.99821E-05 0.193159 0.521037 0.0592449
9.99642E-05 0.0476149 0.661562 9.99642E-05 0.290423 9.99642E-05 9.99642E-05
0.205844 9.997E-05 0.190581 9.997E-05 9.997E-05 0.0755827 0.527692
0.231828 9.9991E-05 0.00758484 0.0454068 0.165121 0.251489 0.29847
9.99731E-05 0.12217 0.381611 0.169091 0.326828 9.99731E-05 9.99731E-05
9.997E-05 9.997E-05 0.353864 9.997E-05 0.257593 0.200179 0.188064
9.99731E-05 0.0879104 0.212376 9.99731E-05 0.415217 9.99731E-05 0.284197
0.112328 9.99732E-05 9.99732E-05 0.188376 0.113109 0.585887 9.99732E-05
9.99821E-05 0.000588097 0.302172 0.142401 0.409552 0.145086 9.99821E-05
9.99731E-05 0.0437475 0.296248 9.99731E-05 0.426375 0.23333 9.99731E-05
0.198571 9.99821E-05 0.207428 0.214693 0.331047 9.99821E-05 0.0480614
9.99642E-05 0.876541 9.99642E-05 9.99642E-05 9.99642E-05 0.0151314 0.107928
0.0316643 0.00954456 0.0568724 0.0101751 9.99911E-05 0.480722 0.410922
0.236803 0.207488 9.99911E-05 0.0274834 0.374868 0.0293385 0.123919
0.548733 0.00732729 9.99642E-05 9.99642E-05 9.99642E-05 0.44354 9.99642E-05
0.292427 0.0585438 9.997E-05 9.997E-05 0.276392 0.372337 9.997E-05
0.213428 0.000116676 9.9982E-05 0.0780285 0.182199 0.526027 9.9982E-05
0.0343867 9.99732E-05 0.697916 0.0630329 9.99732E-05 0.204365 9.99732E-05
9.995E-05 0.9994 9.995E-05 9.995E-05 9.995E-05 9.995E-05 9.995E-05
0.109716 9.99642E-05 0.25615 9.99642E-05 0.633734 9.99642E-05 9.99642E-05
9.99731E-05 0.062427 0.345053 9.99731E-05 9.99731E-05 0.371508 0.220712
9.997E-05 9.997E-05 9.997E-05 0.128017 0.245527 0.183208 0.442948
9.99551E-05 9.99551E-05 9.99551E-05 9.99551E-05 9.99551E-05 0.578954 0.420546
