0.0413645 0.872488 9.9982E-05 9.9982E-05 0.0379757 0.0479718
0.0960715 0.272619 0.370864 0.106712 0.130457 0.023277
0.21003 0.389204 0.108912 0.020256 0.256378 0.01522
0.035625 0.635467 0.134588 0.0515711 0.0184961 0.124253
0.244187 0.249191 0.178496 0.0914204 0.138234 0.0984714
0.283479 0.414421 0.197921 9.9982E-05 9.9982E-05 0.103979
0.183603 0.656177 0.015776 0.0734791 0.0601087 0.0108557
0.190247 0.350962 0.100491 0.0404377 0.253604 0.0642587
0.282445 0.189194 9.9991E-05 0.158277 0.337245 0.0327385
0.196196 9.9982E-05 9.9982E-05 0.1866 0.409365 0.207639
0.312754 9.9991E-05 0.0867644 0.00105632 0.488673 0.110652
0.500002 9.9982E-05 0.0335632 0.0828424 0.383393 9.9982E-05
0.408 0.261723 9.9991E-05 0.0622584 0.204081 0.0638386
0.329166 0.256121 0.209515 0.0980742 9.9991E-05 0.107023
0.695501 9.9973E-05 0.29769 9.9973E-05 9.9973E-05 0.00650922
0.260876 0.0887723 0.537339 0.0697651 9.9991E-05 0.043148
0.43996 9.9982E-05 0.300524 0.10623 9.9982E-05 0.153085
0.344942 0.317143 0.0953131 0.131944 0.033516 0.0771422
0.350578 0.0721868 0.277545 0.00189045 0.2977 9.9991E-05
0.162816 0.316756 0.203366 0.0734465 0.16902 0.0745955
0.218041 0.351645 9.9982E-05 9.9982E-05 0.331502 0.0986127
0.411054 0.256776 0.07328 9.9982E-05 0.25869 9.9982E-05
0.321274 0.27158 0.288347 0.0379655 0.0807323 9.9991E-05
0.0111475 0.532825 0.252993 0.202834 9.9982E-05 9.9982E-05
0.431473 9.9973E-05 9.9973E-05 9.9973E-05 0.340913 0.227314
0.387534 0.464973 9.9982E-05 0.121989 0.0253044 9.9982E-05
0.245177 0.125969 0.0784327 0.132669 0.355106 0.0626471
0.211288 0.0637304 0.308869 0.0870496 0.246431 0.0826325
0.123425 0.192349 0.192486 0.146897 0.23837 0.106474
0.145106 0.172908 0.00292073 0.637251 9.9991E-05 0.0417144
0.343308 0.0461491 0.383659 0.104511 0.0434963 0.0788775
0.0481996 0.0905365 0.0571086 0.00938397 0.782433 0.0123385
0.316793 0.410829 0.21181 0.0603674 9.9982E-05 9.9982E-05
0.277221 0.347157 0.232697 0.0153817 0.0684802 0.0590632
0.535801 0.100363 9.9982E-05 9.9982E-05 0.273119 0.0905167
0.274995 0.724605 9.99641E-05 9.99641E-05 9.99641E-05 9.99641E-05
9.9982E-05 0.595604 0.186944 0.054284 9.9982E-05 0.162968
0.28124 9.9982E-05 9.9982E-05 0.00508609 0.61442 0.0990534
0.252047 0.0846709 0.37739 0.144291 9.9991E-05 0.1415
0.285242 0.131538 0.410669 9.9991E-05 0.14732 0.0251307
0.140855 0.130065 0.177337 0.0235249 0.473187 0.0550309
9.9991E-05 0.464271 0.347586 0.0576586 0.00814242 0.122242
0.0035837 0.388237 0.216953 0.0638217 0.282985 0.0444196
9.9982E-05 0.350453 0.0273959 0.1566 0.465351 9.9982E-05
0.210694 0.019917 9.9973E-05 9.9973E-05 0.769089 9.9973E-05
0.221513 0.230244 0.107108 0.0471604 0.230883 0.163091
0.238311 0.333762 0.246 0.0705447 0.0690941 0.042289
0.0690195 0.287114 0.574169 0.0410708 0.0284138 0.000212755
0.116867 9.9982E-05 0.30097 0.0594718 0.522491 9.9982E-05
0.113463 0.114358 0.562391 0.170502 0.0391863 9.9991E-05
0.519205 0.0468323 9.9991E-05 0.0656225 0.261304 0.106937
0.20609 0.139458 0.518977 0.0477412 9.9991E-05 0.0876335
9.9973E-05 0.123103 0.816511 0.0600853 9.9973E-05 9.9973E-05
0.24747 0.222886 0.222994 0.121751 9.9991E-05 0.1848
9.9973E-05 9.9973E-05 0.302506 0.148926 0.548268 9.9973E-05
0.246615 0.271215 0.467776 0.00949022 9.9991E-05 0.00480406
9.99641E-05 9.99641E-05 0.281034 9.99641E-05 0.718566 9.99641E-05
0.0763509 0.17206 0.0209389 0.0755343 0.497071 0.158045
0.0710106 9.9991E-05 0.636576 0.051331 0.0873365 0.153646
0.244686 0.19951 9.9982E-05 9.9982E-05 0.487193 0.0684107
0.099471 0.598969 0.269775 0.0315858 9.9982E-05 9.9982E-05
0.389751 0.281462 0.212585 9.9991E-05 0.0186682 0.097435
0.373721 0.292161 0.237289 0.0741433 0.0225868 9.9991E-05
0.0678305 0.0431731 9.9973E-05 0.888697 9.9973E-05 9.9973E-05
9.9973E-05 0.419056 0.373746 9.9973E-05 9.9973E-05 0.206899
0.126403 0.862462 9.9973E-05 9.9973E-05 9.9973E-05 0.0108349
0.0320359 0.659628 9.9991E-05 0.0636178 0.0898444 0.154774
0.359122 0.23524 0.0796981 0.110468 0.19905 0.0164221
0.298166 0.582339 0.0635277 0.0557668 9.9982E-05 9.9982E-05
0.175457 0.308135 0.0899429 0.137696 0.244333 0.0444363
0.078594 0.175348 0.0780032 0.179017 0.369362 0.119677
0.500083 0.240484 0.058754 9.9982E-05 0.200479 9.9982E-05
0.448009 0.239788 0.151625 0.132566 0.0279118 9.9991E-05
0.00971555 0.166566 0.466575 0.119042 0.156729 0.0813727
0.271338 9.9991E-05 0.00670251 0.147333 0.422206 0.152321
0.0661468 9.9991E-05 0.657993 0.0233565 0.194383 0.0580209
0.246428 0.340496 0.06996 0.0257353 0.279562 0.0378184
0.0566498 0.494824 0.341836 0.0156734 9.9991E-05 0.0909173
0.0549171 0.534233 0.365583 9.9982E-05 9.9982E-05 0.0450668
0.252991 0.425558 0.174033 0.125277 9.9991E-05 0.0220404
0.225127 0.306844 0.0959063 0.040461 0.331561 9.9991E-05
0.313449 0.384436 0.0145835 0.0378205 0.127046 0.122665
0.026332 0.12581 0.256173 0.213899 0.341457 0.0363293
0.109982 0.0128553 0.641396 0.111843 9.9991E-05 0.123823
0.292663 0.426575 0.13016 0.150402 9.9982E-05 9.9982E-05
0.0500737 0.336153 0.0610132 9.9991E-05 0.510311 0.0423484
0.174192 0.825408 9.9964E-05 9.9964E-05 9.9964E-05 9.9964E-05
0.475949 9.9982E-05 0.160276 9.9982E-05 0.22085 0.142725
0.333168 0.286341 0.100614 0.160479 0.0234885 0.0959088
0.152063 0.1374 9.9973E-05 9.9973E-05 0.710236 9.9973E-05
9.9964E-05 9.9964E-05 9.9964E-05 0.963279 9.9964E-05 0.0363214
0.339577 0.0364667 9.9982E-05 9.9982E-05 0.526567 0.0971896
0.156827 0.630273 0.176923 9.9982E-05 9.9982E-05 0.0357769
0.34367 0.140104 0.424324 0.0418259 0.0499756 9.9991E-05
0.111048 0.795341 0.016156 9.9991E-05 0.012681 0.064674
0.0783743 0.586522 0.0649201 0.0982073 0.0915844 0.0803922
9.9982E-05 0.192093 9.9982E-05 0.0116087 0.764615 0.0314842
0.0135725 0.374596 0.269878 0.0874572 0.0619893 0.192508
0.400972 0.151692 9.9982E-05 0.351606 0.0955298 9.9982E-05
0.151422 0.196936 0.197536 0.283677 0.170329 9.9991E-05
0.447316 0.177889 9.9991E-05 0.119734 0.22698 0.02798
9.996E-05 9.996E-05 9.996E-05 0.9995 9.996E-05 9.996E-05
0.316872 0.0379968 0.325907 0.0441259 0.123918 0.15118
9.99639E-05 9.99639E-05 9.99639E-05 0.00102876 9.99639E-05 0.998571
0.304419 0.00610811 0.272415 0.0301072 0.260591 0.126359
0.0712733 0.168966 0.513883 9.9982E-05 0.245678 9.9982E-05
0.0815899 0.429145 0.257371 0.0674828 0.0958861 0.068526
0.187154 0.529353 9.9991E-05 0.000708208 0.254663 0.0280209
0.264727 0.064661 0.323338 0.172269 0.174905 9.9991E-05
0.344715 0.253151 0.201839 0.0116655 0.18853 9.9991E-05
0.254929 0.213053 0.340815 9.9982E-05 9.9982E-05 0.191003
0.194145 0.0826111 0.0288887 0.14412 0.486431 0.063805
9.9991E-05 0.258399 0.297319 0.0767834 0.298272 0.0691254
0.191717 0.188898 0.126291 0.490298 9.9991E-05 0.00269573
0.0395455 0.465008 0.206231 9.9991E-05 0.239323 0.0497921
9.996E-05 9.996E-05 9.996E-05 0.9995 9.996E-05 9.996E-05
0.244284 0.0259198 0.0622824 9.9991E-05 0.411581 0.255832
0.0584078 0.687732 0.10125 9.9991E-05 0.0851637 0.0673465
0.119954 0.335945 0.198073 0.0680226 0.277905 9.9991E-05
0.463966 0.170072 9.9973E-05 9.9973E-05 0.365662 9.9973E-05
0.242483 0.482709 0.203332 0.0697227 9.9991E-05 0.00165312
0.442196 0.23295 9.9973E-05 0.324555 9.9973E-05 9.9973E-05
0.0876621 0.258784 0.195425 0.263469 0.100676 0.0939838
0.0721797 0.2687 0.445915 9.9991E-05 0.0464866 0.166619
0.219055 9.9991E-05 0.228884 0.143242 0.375999 0.0327198
0.32001 0.0481643 0.525357 0.106269 9.9982E-05 9.9982E-05
0.215339 0.163663 0.13991 9.9982E-05 0.480889 9.9982E-05
0.0748168 0.400939 9.9991E-05 0.139464 0.350179 0.0345
0.175643 0.0815097 0.38598 9.9982E-05 0.356667 9.9982E-05
0.22636 9.9982E-05 9.9982E-05 0.101256 0.618591 0.0535931
0.22318 0.723332 9.9982E-05 0.0125292 0.0407592 9.9982E-05
0.288163 0.3741 0.208135 0.0479684 9.9991E-05 0.081534
0.0647142 0.299209 0.0987554 0.343846 0.0940155 0.0994607
0.190017 0.205098 0.403956 0.132097 0.064773 0.00405924
0.148776 0.387736 0.128287 0.0532309 0.2294 0.0525693
0.369888 9.9991E-05 0.172293 0.0053549 0.32557 0.126794
9.996E-05 9.996E-05 0.9995 9.996E-05 9.996E-05 9.996E-05
9.996E-05 9.996E-05 0.9995 9.996E-05 9.996E-05 9.996E-05
0.151179 0.256374 0.0466673 9.9991E-05 0.490024 0.0556555
0.221025 0.273986 0.23919 0.0572294 9.9991E-05 0.208469
0.248346 0.202948 9.9991E-05 0.0616505 0.359635 0.12732
0.33819 9.9982E-05 0.527897 9.9982E-05 0.0515343 0.0821784
0.0696575 0.197844 0.163415 0.14094 0.28273 0.145414
0.137035 0.276565 9.9982E-05 0.0488506 0.537349 9.9982E-05
0.268013 0.519117 0.0296158 0.115972 9.9991E-05 0.0671817
0.444372 0.183797 9.9973E-05 0.371531 9.9973E-05 9.9973E-05
0.294445 0.266331 0.0217278 9.9991E-05 0.295212 0.122185
0.9995 9.996E-05 9.996E-05 9.996E-05 9.996E-05 9.996E-05
0.169855 0.585872 9.9982E-05 9.9982E-05 0.117028 0.127045
9.9973E-05 0.580315 0.192429 9.9973E-05 9.9973E-05 0.226956
0.440439 9.9991E-05 0.28177 0.0736823 0.14369 0.0603197
0.222389 0.444068 9.9982E-05 9.9982E-05 0.0991284 0.234215
0.287986 0.268299 0.00181315 0.119215 0.307529 0.0151583
0.28453 0.259618 0.136096 0.0856667 0.233989 9.9991E-05
0.428335 0.125458 0.324045 0.101075 9.9991E-05 0.020988
0.285578 0.0351754 0.378339 0.176461 9.9991E-05 0.124346
0.0294564 0.523923 0.151191 9.9991E-05 0.290388 0.00494094
0.389901 0.314464 0.0944439 0.0247236 0.123601 0.0528668
9.9982E-05 0.789532 0.0498313 0.113058 0.0473787 9.9982E-05
0.100556 0.0817326 0.434042 0.11993 0.137706 0.126033
0.457827 0.35767 9.9991E-05 0.00989383 0.0459707 0.128539
0.9995 9.996E-05 9.996E-05 9.996E-05 9.996E-05 9.996E-05
0.852303 0.0154258 0.131972 9.9973E-05 9.9973E-05 9.9973E-05
9.9991E-05 0.443661 0.3469 0.017223 0.134273 0.0578432
0.162362 0.157976 0.0701308 0.0780026 0.500755 0.0307732
0.156728 0.661753 9.9982E-05 0.0147773 0.166542 9.9982E-05
0.170255 0.298937 0.304116 9.9991E-05 0.200936 0.0256568
0.191938 0.0742668 0.500589 9.9991E-05 0.118806 0.114301
0.00944131 9.9964E-05 0.990159 9.9964E-05 9.9964E-05 9.9964E-05
0.519789 0.301615 0.136182 0.042214 9.9982E-05 9.9982E-05
0.170155 9.9991E-05 0.427472 0.0901494 0.304482 0.00764148
0.156541 0.0719343 0.451759 0.151211 0.0348081 0.133747
0.202048 0.32054 0.276649 0.170546 9.9991E-05 0.0301164
9.9973E-05 9.9973E-05 0.617815 9.9973E-05 0.368042 0.0138429
0.177528 0.463491 0.336376 9.9982E-05 0.0224049 9.9982E-05
0.0170852 0.252435 0.438671 0.0914824 0.0188021 0.181524
0.470834 0.197377 0.175866 9.9991E-05 0.103661 0.0521623
9.9991E-05 0.057447 0.415322 0.0910263 0.320311 0.115794
9.996E-05 9.996E-05 9.996E-05 9.996E-05 9.996E-05 0.9995
9.9991E-05 0.0933543 0.240492 0.0401308 0.485769 0.140154
0.579832 9.9982E-05 0.165815 0.133535 9.9982E-05 0.120619
0.606044 0.112011 9.9982E-05 9.9982E-05 0.274657 0.00708779
0.163153 0.357616 0.24065 0.00142639 0.196268 0.0408875
9.9982E-05 0.621024 0.0850747 0.2172 0.0765017 9.9982E-05
0.130148 0.4562 0.273123 0.020943 0.0456327 0.0739533
9.996E-05 9.996E-05 9.996E-05 9.996E-05 9.996E-05 0.9995
0.347506 0.352422 0.164374 0.0251461 0.0786977 0.0318541
0.282795 0.100806 0.227929 0.0638544 0.0132365 0.311379
0.244606 0.664729 0.00801502 9.9982E-05 0.0824497 9.9982E-05
0.17816 0.0909114 0.383177 0.0622782 0.285373 9.9991E-05
