9.9982E-05 0.077986 0.142715 0.0130668 9.9982E-05 0.300337 0.0586027 0.285561 0.121532
0.0819452 0.153429 0.134641 9.9964E-05 9.9964E-05 9.9964E-05 9.9964E-05 0.0827522 0.546833
0.11912 0.0238756 0.251945 0.048813 0.206482 0.0300292 9.9991E-05 0.205053 0.114583
9.997E-05 0.0986822 0.149523 0.036351 0.2017 0.473335 0.0401089 9.997E-05 9.997E-05
0.466449 9.99641E-05 0.273153 0.00100351 9.99641E-05 9.99641E-05 9.99641E-05 0.0601177 0.198877
0.02056 9.9973E-05 0.00300348 9.9973E-05 0.244205 0.111777 0.552135 0.06802 9.9973E-05
0.127633 9.99732E-05 0.0474617 9.99732E-05 9.99732E-05 0.108626 0.389409 0.173631 0.152939
0.500133 9.9982E-05 0.0700197 0.228669 0.132498 0.00424987 9.9982E-05 0.0276305 0.0366
9.99464E-05 9.99464E-05 9.99464E-05 0.286296 9.99464E-05 0.363864 0.34924 9.99464E-05 9.99464E-05
9.99731E-05 0.0754023 9.99731E-05 0.252515 0.27628 9.99731E-05 0.248166 0.112175 0.0351619
9.9964E-05 9.9964E-05 0.0887539 0.299946 0.333685 9.9964E-05 9.9964E-05 0.198947 0.0782679
0.178365 9.99642E-05 9.99642E-05 0.403506 9.99642E-05 0.187815 0.195785 9.99642E-05 0.0341297
0.299518 0.0829604 0.072346 0.167069 0.123066 0.254741 9.99731E-05 9.99731E-05 9.99731E-05
0.220257 9.99642E-05 0.178351 9.99642E-05 9.99642E-05 9.99642E-05 0.425007 0.0595926 0.116392
9.995E-05 9.995E-05 9.995E-05 9.995E-05 0.0880434 0.77293 0.129866 9.995E-05 0.00866096
0.316335 9.99464E-05 0.281953 9.99464E-05 9.99464E-05 0.401112 9.99464E-05 9.99464E-05 9.99464E-05
9.99642E-05 0.104333 0.0504252 9.99642E-05 0.151463 0.364615 9.99642E-05 9.99642E-05 0.328764
9.99552E-05 9.99552E-05 9.99552E-05 9.99552E-05 0.152639 9.99552E-05 0.470945 0.109543 0.266373
0.0760642 0.344423 9.99642E-05 0.170529 9.99642E-05 0.390671 9.99642E-05 9.99642E-05 0.017913
0.228527 0.350703 0.0875123 9.99641E-05 0.222741 9.99641E-05 9.99641E-05 0.110117 9.99641E-05
9.99553E-05 0.322191 9.99553E-05 9.99553E-05 0.296741 9.99553E-05 0.308252 9.99553E-05 0.0723157
0.118947 9.99731E-05 0.087905 0.536099 0.0613544 0.11342 9.99731E-05 0.0819741 9.99731E-05
9.997E-05 0.0476908 0.107932 9.997E-05 0.205266 0.341368 0.271142 9.997E-05 0.0263012
9.99462E-05 9.99462E-05 0.560566 9.99462E-05 9.99462E-05 0.127458 0.311376 9.99462E-05 9.99462E-05
9.99642E-05 0.104933 0.257374 9.99642E-05 0.217173 9.99642E-05 0.19524 0.22488 9.99642E-05
9.9955E-05 9.9955E-05 0.119972 9.9955E-05 9.9955E-05 0.35487 9.9955E-05 0.442751 0.0819067
9.9964E-05 9.9964E-05 0.179129 0.230668 9.9964E-05 0.0199806 9.9964E-05 0.0842089 0.485613
0.169892 9.99642E-05 9.99642E-05 9.99642E-05 0.236663 0.193342 9.99642E-05 0.0835752 0.316128
0.254614 0.242693 9.9964E-05 9.9964E-05 0.325315 9.9964E-05 9.9964E-05 0.0832954 0.0936832
9.99552E-05 9.99552E-05 0.76135 0.118506 9.99552E-05 0.0792737 9.99552E-05 0.0403699 9.99552E-05
9.99553E-05 9.99553E-05 9.99553E-05 9.99553E-05 0.106533 9.99553E-05 0.298268 0.366556 0.228143
0.363583 0.00190184 0.0619656 0.00228154 9.9991E-05 0.0610964 0.330577 0.0411411 0.137354
9.99552E-05 0.526145 9.99552E-05 0.264254 9.99552E-05 9.99552E-05 0.172577 0.0365242 9.99552E-05
0.347075 0.1265 0.253084 0.00737868 9.9991E-05 0.0586262 0.0183402 0.10014 0.0887551
9.9982E-05 0.00473595 0.325568 9.9982E-05 0.0596492 0.161045 0.0335678 0.363415 0.0518196
9.99731E-05 0.214075 0.0668644 9.99731E-05 0.0532549 0.0339579 0.524998 9.99731E-05 0.10655
9.99553E-05 9.99553E-05 9.99553E-05 0.0623085 9.99553E-05 9.99553E-05 0.103004 0.603094 0.231093
9.99641E-05 0.675682 0.0962317 0.108175 0.0723503 0.0471613 9.99641E-05 9.99641E-05 9.99641E-05
0.18555 0.153015 0.111358 9.99821E-05 9.99821E-05 0.133669 0.0634754 0.186968 0.165766
0.0938811 0.00533191 0.0724591 0.110317 0.3452 0.0954363 0.161772 0.0292021 0.0864003
9.99642E-05 9.99642E-05 0.209727 0.0199954 0.103291 0.07273 9.99642E-05 9.99642E-05 0.593856
9.99732E-05 9.99732E-05 0.0332642 0.283114 9.99732E-05 0.054524 0.375385 0.0631272 0.190285
0.0931522 9.9964E-05 9.9964E-05 0.185031 9.9964E-05 9.9964E-05 0.685202 0.0251007 0.0111138
9.99732E-05 9.99732E-05 0.02373 0.069391 0.158898 0.266736 9.99732E-05 0.363541 0.117403
0.35595 0.294258 0.106338 9.99641E-05 9.99641E-05 0.0262695 9.99641E-05 9.99641E-05 0.216784
0.0383145 0.00241308 9.99821E-05 9.99821E-05 0.0978513 0.458062 0.20575 0.154711 0.0426983
0.0137422 0.305821 0.0282302 0.0699676 9.99821E-05 0.322952 0.22667 9.99821E-05 0.0324169
9.9955E-05 9.9955E-05 9.9955E-05 0.249846 9.9955E-05 0.1093 0.495445 9.9955E-05 0.144909
9.99553E-05 0.00537217 9.99553E-05 0.502296 9.99553E-05 0.0525855 9.99553E-05 0.439247 9.99553E-05
9.9973E-05 0.0178772 0.133174 9.9973E-05 9.9973E-05 0.129352 0.1028 0.562669 0.053827
9.9955E-05 9.9955E-05 0.326268 9.9955E-05 0.149582 0.290971 9.9955E-05 0.232679 9.9955E-05
9.996E-05 0.103906 0.0276757 9.996E-05 0.333881 9.996E-05 0.363062 9.996E-05 0.171075
9.99641E-05 9.99641E-05 0.153088 0.250885 9.99641E-05 0.446781 9.99641E-05 0.121873 0.026973
0.181075 9.99551E-05 0.161168 9.99551E-05 0.206929 0.450328 9.99551E-05 9.99551E-05 9.99551E-05
0.689197 9.99553E-05 0.0015542 9.99553E-05 9.99553E-05 9.99553E-05 0.110581 9.99553E-05 0.198168
9.99642E-05 9.99642E-05 9.99642E-05 0.0544306 9.99642E-05 0.225188 0.155167 0.412637 0.152177
0.0404788 0.00369849 0.29056 9.9982E-05 0.139681 0.115632 0.240529 9.9982E-05 0.169222
0.211563 9.99465E-05 9.99465E-05 0.168316 9.99465E-05 9.99465E-05 0.619521 9.99465E-05 9.99465E-05
0.43125 9.9964E-05 9.9964E-05 0.0559871 9.9964E-05 9.9964E-05 0.112635 0.167746 0.231982
9.997E-05 0.129807 9.997E-05 9.997E-05 0.0477498 0.0410467 0.445525 0.263246 0.0723255
9.99731E-05 9.99731E-05 0.0482173 0.148384 0.48749 0.00480098 9.99731E-05 0.301121 0.00968619
9.99641E-05 9.99641E-05 0.145151 0.101037 9.99641E-05 0.040547 0.0708126 9.99641E-05 0.642053
9.9955E-05 9.9955E-05 9.9955E-05 0.46433 9.9955E-05 0.11117 9.9955E-05 0.227235 0.196765
9.99463E-05 9.99463E-05 0.683431 9.99463E-05 9.99463E-05 9.99463E-05 9.99463E-05 0.138402 0.177567
0.0845868 9.99641E-05 0.0575869 0.349264 9.99641E-05 9.99641E-05 0.0406567 0.467506 9.99641E-05
9.99642E-05 9.99642E-05 0.198954 0.154924 0.143716 0.18188 9.99642E-05 9.99642E-05 0.320126
9.9964E-05 0.0588175 0.171664 9.9964E-05 0.100258 9.9964E-05 0.194344 0.474516 9.9964E-05
9.99641E-05 0.0793845 9.99641E-05 0.14647 9.99641E-05 0.438993 9.99641E-05 0.141013 0.19374
9.99551E-05 0.113372 9.99551E-05 9.99551E-05 9.99551E-05 0.475792 9.99551E-05 0.297521 0.112816
9.99821E-05 0.0923665 0.084111 0.0988549 0.104397 9.99821E-05 0.145244 0.36597 0.108856
0.0166074 9.99641E-05 9.99641E-05 9.99641E-05 0.0703859 0.330984 0.491301 9.99641E-05 0.0903218
9.99552E-05 9.99552E-05 0.0620067 0.444606 9.99552E-05 0.0921736 9.99552E-05 9.99552E-05 0.400714
0.589069 0.207969 9.99464E-05 9.99464E-05 9.99464E-05 9.99464E-05 9.99464E-05 9.99464E-05 0.202363
0.0570249 9.99642E-05 0.00768284 9.99642E-05 9.99642E-05 0.163282 9.99642E-05 0.371016 0.400595
0.573205 9.99732E-05 0.0625938 9.99732E-05 0.0511574 0.0119573 0.0270147 0.273772 9.99732E-05
0.469984 9.99821E-05 0.0230831 0.0441342 9.99821E-05 0.056439 0.11917 0.100687 0.186302
9.993E-05 9.993E-05 9.993E-05 9.993E-05 9.993E-05 0.999201 9.993E-05 9.993E-05 9.993E-05
9.99551E-05 9.99551E-05 9.99551E-05 0.133235 0.430926 0.0136643 9.99551E-05 9.99551E-05 0.421675
9.99641E-05 9.99641E-05 0.00886844 9.99641E-05 0.467018 9.99641E-05 0.00170597 0.232454 0.289554
0.604169 9.99371E-05 9.99371E-05 9.99371E-05 0.395131 9.99371E-05 9.99371E-05 9.99371E-05 9.99371E-05
0.314523 0.0425 9.99731E-05 9.99731E-05 0.0706129 0.187995 9.99731E-05 0.119234 0.264835
0.074504 0.33557 0.140614 0.199909 0.0537795 0.0644934 9.99821E-05 0.13093 9.99821E-05
9.99462E-05 0.598087 9.99462E-05 9.99462E-05 9.99462E-05 9.99462E-05 0.271091 0.130222 9.99462E-05
0.239515 9.99731E-05 0.120507 0.158064 0.206715 0.0277566 9.99731E-05 0.247142 9.99731E-05
9.99641E-05 0.0193032 0.113258 9.99641E-05 9.99641E-05 0.313358 0.373374 9.99641E-05 0.180306
9.9964E-05 0.0690291 9.9964E-05 9.9964E-05 0.0710184 0.372573 0.14093 9.9964E-05 0.34605
0.228359 0.328332 0.00330997 0.0798441 0.0186107 9.99821E-05 0.169915 9.99821E-05 0.17143
0.0110175 9.99551E-05 0.595853 0.207456 9.99551E-05 9.99551E-05 0.185173 9.99551E-05 9.99551E-05
9.99732E-05 0.317789 0.0553461 9.99732E-05 0.0611642 0.289431 0.120511 0.155459 9.99732E-05
0.0420088 0.344332 0.00184801 0.505735 9.99641E-05 9.99641E-05 9.99641E-05 0.105676 9.99641E-05
9.99465E-05 9.99465E-05 0.837314 9.99465E-05 9.99465E-05 0.105806 9.99465E-05 0.0562803 9.99465E-05
0.0237058 0.0239777 0.120332 0.0107353 9.99731E-05 9.99731E-05 0.70089 0.120059 9.99731E-05
9.99732E-05 0.0546301 9.99732E-05 0.450774 9.99732E-05 0.0323727 0.349095 0.00834586 0.104482
9.99552E-05 9.99552E-05 9.99552E-05 9.99552E-05 0.352963 0.156204 0.488488 9.99552E-05 0.00184504
9.99551E-05 9.99551E-05 0.000731367 0.519325 9.99551E-05 9.99551E-05 0.193238 9.99551E-05 0.286206
0.282978 9.9964E-05 9.9964E-05 0.11122 0.194122 0.0272292 0.38405 9.9964E-05 9.9964E-05
9.9982E-05 0.0289126 0.110064 0.151728 0.00656704 0.114549 0.509662 0.0783176 9.9982E-05
9.99642E-05 0.156741 9.99642E-05 0.0120928 9.99642E-05 0.534073 0.213661 9.99642E-05 0.083032
0.334434 9.99551E-05 0.482078 9.99551E-05 9.99551E-05 9.99551E-05 0.0592134 0.123774 9.99551E-05
9.998E-05 0.140373 0.386725 0.136133 0.0370963 0.0513951 0.220269 9.998E-05 0.0278087
9.99553E-05 9.99553E-05 0.0661968 0.11068 9.99553E-05 0.0481509 0.774473 9.99553E-05 9.99553E-05
9.99464E-05 9.99464E-05 0.94875 9.99464E-05 0.0232361 9.99464E-05 0.0274145 9.99464E-05 9.99464E-05
9.99373E-05 0.808912 9.99373E-05 0.190389 9.99373E-05 9.99373E-05 9.99373E-05 9.99373E-05 9.99373E-05
9.99373E-05 9.99373E-05 9.99373E-05 9.99373E-05 0.988699 0.0106015 9.99373E-05 9.99373E-05 9.99373E-05
0.300406 0.0172343 9.9973E-05 0.154606 0.152121 0.213613 9.9973E-05 0.16172 9.9973E-05
9.99641E-05 0.127361 0.0464342 0.117425 9.99641E-05 0.456356 0.252024 9.99641E-05 9.99641E-05
0.168152 9.99551E-05 9.99551E-05 0.153863 9.99551E-05 9.99551E-05 0.586064 0.0914216 9.99551E-05
9.99641E-05 9.99641E-05 9.99641E-05 0.130017 0.19568 0.025349 0.0601393 0.588414 9.99641E-05
9.99462E-05 9.99462E-05 9.99462E-05 0.195839 9.99462E-05 9.99462E-05 0.168623 0.634938 9.99462E-05
0.161814 0.341482 0.085761 9.99731E-05 0.197793 9.99731E-05 9.99731E-05 0.179322 0.033529
0.209078 0.0942082 0.295872 0.0260684 9.997E-05 9.997E-05 0.291514 9.997E-05 0.0829584
0.0758825 9.99821E-05 0.0179775 9.99821E-05 0.0507543 0.439361 0.17801 0.205198 0.0326166
0.220944 9.99553E-05 0.688928 9.99553E-05 0.0585317 9.99553E-05 0.0310963 9.99553E-05 9.99553E-05
0.297661 0.131685 0.0149885 0.220836 0.219053 9.99731E-05 9.99731E-05 0.115476 9.99731E-05
9.99372E-05 9.99372E-05 0.957598 0.0417028 9.99372E-05 9.99372E-05 9.99372E-05 9.99372E-05 9.99372E-05
0.0561907 9.99732E-05 0.0223656 0.105302 0.218425 0.359075 9.99732E-05 9.99732E-05 0.238342
9.99731E-05 9.99731E-05 9.99731E-05 0.0174047 0.202241 0.485602 0.0252411 0.11668 0.152531
0.249032 9.99461E-05 0.0401656 0.710203 9.99461E-05 9.99461E-05 9.99461E-05 9.99461E-05 9.99461E-05
0.101452 0.0450104 0.197868 0.142182 0.103182 0.199692 9.999E-05 0.156496 0.0540174
0.273025 0.17083 0.0946549 9.9982E-05 0.162375 0.0940452 9.9982E-05 0.0306149 0.174254
9.99641E-05 9.99641E-05 0.414687 0.217197 9.99641E-05 0.278197 0.0607507 0.028769 9.99641E-05
0.394506 0.128989 0.105433 9.99641E-05 0.0252529 9.99641E-05 0.34542 9.99641E-05 9.99641E-05
0.469563 9.99641E-05 9.99641E-05 9.99641E-05 0.143465 0.277691 0.0960879 0.0127939 9.99641E-05
0.282223 0.0368953 9.99731E-05 0.121073 9.99731E-05 9.99731E-05 0.440075 0.0318785 0.0875556
9.99552E-05 9.99552E-05 9.99552E-05 0.124087 0.190659 0.554593 0.130161 9.99552E-05 9.99552E-05
0.0418427 0.12429 9.99641E-05 0.290482 9.99641E-05 0.215814 0.327172 9.99641E-05 9.99641E-05
0.021264 0.387937 0.0715734 0.150256 0.00465376 0.0867152 0.0374029 9.99911E-05 0.240097
0.00783389 0.286247 9.99641E-05 9.99641E-05 9.99641E-05 0.138889 9.99641E-05 0.516291 0.0503385
9.99642E-05 0.180717 0.180308 9.99642E-05 0.493313 9.99642E-05 9.99642E-05 0.0818029 0.0634584
0.271855 0.226174 0.167204 0.0722211 9.998E-05 9.998E-05 0.143347 0.0654816 0.0535166
9.99732E-05 0.0971018 9.99732E-05 0.00835206 0.0012877 0.435488 0.425495 0.0319747 9.99732E-05
0.172568 0.119068 0.0761376 9.998E-05 0.0302567 0.0939679 0.283886 0.223916 9.998E-05
9.99731E-05 9.99731E-05 9.99731E-05 0.497367 0.136341 0.102052 0.181182 0.0191742 0.0635838
9.99641E-05 0.342839 9.99641E-05 0.00771532 0.361344 9.99641E-05 9.99641E-05 0.0557557 0.231946
9.996E-05 0.0290448 9.996E-05 0.179792 0.139134 9.996E-05 0.1997 9.996E-05 0.45193
9.99374E-05 9.99374E-05 9.99374E-05 9.99374E-05 9.99374E-05 9.99374E-05 0.3767 0.6226 9.99374E-05
9.99373E-05 0.0671228 9.99373E-05 9.99373E-05 9.99373E-05 9.99373E-05 9.99373E-05 0.932178 9.99373E-05
0.114495 0.190434 9.99464E-05 9.99464E-05 9.99464E-05 9.99464E-05 9.99464E-05 0.694471 9.99464E-05
0.151166 0.743823 9.99463E-05 9.99463E-05 9.99463E-05 9.99463E-05 9.99463E-05 9.99463E-05 0.104411
0.0647773 0.0225563 9.99641E-05 9.99641E-05 9.99641E-05 0.64256 0.0245255 0.245181 9.99641E-05
0.23405 9.99642E-05 9.99642E-05 0.00887196 0.183643 9.99642E-05 9.99642E-05 0.522702 0.0503332
9.99463E-05 0.848782 0.0948617 9.99463E-05 9.99463E-05 9.99463E-05 0.055757 9.99463E-05 9.99463E-05
9.9982E-05 0.0153234 9.9982E-05 0.0916647 0.18878 0.173738 0.356232 0.0302762 0.143786
9.99553E-05 9.99553E-05 9.99553E-05 0.73174 0.0613855 9.99553E-05 0.0706015 0.135774 9.99553E-05
0.0237721 9.99731E-05 0.373952 0.0153203 0.0836885 0.423935 9.99731E-05 9.99731E-05 0.0790314
0.533302 0.116101 0.0101945 9.9973E-05 0.018329 0.243823 9.9973E-05 0.0779503 9.9973E-05
9.993E-05 9.993E-05 9.993E-05 9.993E-05 9.993E-05 9.993E-05 9.993E-05 9.993E-05 0.999201
0.0661228 9.99731E-05 0.210714 0.222077 0.358163 9.99731E-05 9.99731E-05 0.0496665 0.0929564
0.102095 0.023286 0.253047 9.99731E-05 0.0375477 9.99731E-05 0.534584 9.99731E-05 0.0491408
9.99464E-05 9.99464E-05 9.99464E-05 9.99464E-05 0.0452578 0.401324 9.99464E-05 9.99464E-05 0.552819
0.47095 9.99553E-05 9.99553E-05 0.317695 0.144626 9.99553E-05 9.99553E-05 9.99553E-05 0.0662293
9.99461E-05 9.99461E-05 9.99461E-05 0.531575 9.99461E-05 0.280305 9.99461E-05 9.99461E-05 0.18752
0.132037 9.9946E-05 9.9946E-05 9.9946E-05 9.9946E-05 9.9946E-05 0.201061 0.666302 9.9946E-05
0.351179 0.0862705 9.99821E-05 0.299093 0.018822 9.99821E-05 0.0317607 0.202601 0.0100736
0.0171921 9.99642E-05 0.228031 9.99642E-05 9.99642E-05 9.99642E-05 0.438183 0.115377 0.200818
9.99553E-05 9.99553E-05 9.99553E-05 9.99553E-05 0.243375 9.99553E-05 0.102801 0.483888 0.169435
0.324971 0.204576 9.99551E-05 9.99551E-05 0.287729 9.99551E-05 0.182224 9.99551E-05 9.99551E-05
9.99554E-05 9.99554E-05 9.99554E-05 0.340682 0.161537 9.99554E-05 9.99554E-05 0.442523 0.0547578
0.13684 9.99552E-05 0.222629 9.99552E-05 9.99552E-05 0.0962991 9.99552E-05 0.543732 9.99552E-05
9.99551E-05 0.583001 0.192926 9.99551E-05 9.99551E-05 0.11989 9.99551E-05 9.99551E-05 0.103682
9.993E-05 9.993E-05 9.993E-05 9.993E-05 9.993E-05 9.993E-05 9.993E-05 9.993E-05 0.999201
0.16004 9.997E-05 9.997E-05 0.174216 9.997E-05 0.220543 0.049025 0.266916 0.128961
0.513452 9.9964E-05 0.0229786 0.288747 0.0351339 9.9964E-05 0.139289 9.9964E-05 9.9964E-05
9.99552E-05 0.0298973 9.99552E-05 9.99552E-05 9.99552E-05 0.444505 9.99552E-05 0.0843634 0.440734
0.0338849 9.99464E-05 9.99464E-05 0.630326 9.99464E-05 9.99464E-05 9.99464E-05 9.99464E-05 0.335189
9.99726E-05 0.0121583 0.0480752 0.0748028 9.99726E-05 0.353985 0.510579 9.99726E-05 9.99726E-05
0.231483 9.99642E-05 9.99642E-05 9.99642E-05 9.99642E-05 0.199241 0.0240268 0.472979 0.0718705
0.33156 9.99464E-05 9.99464E-05 9.99464E-05 0.0794381 9.99464E-05 9.99464E-05 0.588402 9.99464E-05
0.354127 9.99464E-05 9.99464E-05 9.99464E-05 9.99464E-05 9.99464E-05 0.553126 9.99464E-05 0.0921474
0.146073 0.0324099 0.0284793 0.0370565 0.0411673 0.22781 0.427275 9.999E-05 0.0596291
9.99552E-05 9.99552E-05 0.162823 9.99552E-05 0.112228 0.40515 9.99552E-05 0.319299 9.99552E-05
0.554519 0.297651 9.9955E-05 9.9955E-05 9.9955E-05 0.134592 9.9955E-05 0.0127388 9.9955E-05
0.36195 9.99551E-05 9.99551E-05 9.99551E-05 0.0912006 0.326545 0.219804 9.99551E-05 9.99551E-05
9.9982E-05 9.9982E-05 0.15328 0.180478 0.036696 0.221284 0.16775 0.199384 0.0409283
0.135753 0.0185111 0.10244 0.0721147 9.99731E-05 0.439558 9.99731E-05 0.231323 9.99731E-05
0.584305 9.99463E-05 9.99463E-05 9.99463E-05 9.99463E-05 0.156201 9.99463E-05 0.258894 9.99463E-05
0.0544031 0.139763 0.193347 0.421324 9.99821E-05 0.0760069 0.0981585 9.99821E-05 0.0167965
9.99374E-05 9.99374E-05 9.99374E-05 9.99374E-05 0.66325 9.99374E-05 0.33605 9.99374E-05 9.99374E-05
9.996E-05 0.72472 0.080426 9.996E-05 9.996E-05 9.996E-05 0.0702032 0.0773348 0.046916
9.99642E-05 9.99642E-05 9.99642E-05 0.371078 0.304252 0.0210446 0.0225289 9.99642E-05 0.280697
9.99553E-05 0.380457 9.99553E-05 9.99553E-05 9.99553E-05 0.0819994 0.216005 9.99553E-05 0.321039
0.200183 9.99731E-05 9.99731E-05 0.00328436 0.133426 0.263372 0.0946804 9.99731E-05 0.304754
9.9973E-05 9.9973E-05 0.0674404 0.0103568 9.9973E-05 0.25255 0.374704 0.243211 0.0514377
0.386825 9.99731E-05 0.177624 0.116836 0.0985502 0.158119 9.99731E-05 0.0617461 9.99731E-05
9.993E-05 9.993E-05 9.993E-05 9.993E-05 0.999201 9.993E-05 9.993E-05 9.993E-05 9.993E-05
0.510773 9.99465E-05 9.99465E-05 9.99465E-05 9.99465E-05 0.413408 9.99465E-05 9.99465E-05 0.0752194
0.312667 0.260531 9.9982E-05 0.154863 0.10046 0.0638803 0.0141597 0.0932387 9.9982E-05
0.194323 9.99552E-05 0.262846 9.99552E-05 0.341277 9.99552E-05 9.99552E-05 9.99552E-05 0.201054
0.348635 0.243527 0.0661121 9.996E-05 0.103653 9.996E-05 0.237673 9.996E-05 9.996E-05
