9.99552E-05 0.0696603 9.99552E-05 0.771408 9.99552E-05 9.99552E-05 0.158432 9.99552E-05
0.0957169 9.9973E-05 0.152095 9.9973E-05 0.259522 9.9973E-05 0.0605679 0.431798
0.217673 9.99731E-05 9.99731E-05 0.266149 0.200125 0.0513151 9.99731E-05 0.264438
0.266975 9.99731E-05 9.99731E-05 0.523396 0.0848031 0.00587264 9.99731E-05 0.118653
0.119788 9.99731E-05 0.443352 0.303202 0.0889647 9.99731E-05 9.99731E-05 0.0443934
0.0327304 9.99731E-05 0.162516 0.661414 9.99731E-05 0.122955 9.99731E-05 0.0200845
0.0685814 0.0993912 0.409429 0.0353858 0.116019 9.9991E-05 0.0664721 0.204622
9.99551E-05 9.99551E-05 0.178566 0.388621 9.99551E-05 9.99551E-05 0.432313 9.99551E-05
9.99732E-05 0.198494 9.99732E-05 0.165848 0.129875 9.99732E-05 0.162197 0.343286
9.99552E-05 0.336972 9.99552E-05 0.41807 9.99552E-05 0.244458 9.99552E-05 9.99552E-05
9.99641E-05 0.0467523 9.99641E-05 0.568472 9.99641E-05 0.220922 9.99641E-05 0.163454
0.32281 9.99642E-05 0.00931151 9.99642E-05 9.99642E-05 9.99642E-05 0.570644 0.0968347
0.201603 9.99821E-05 0.21628 0.0784017 0.0950631 9.99821E-05 0.396943 0.0115093
0.226708 0.0125996 0.257095 0.393124 0.110174 9.99731E-05 9.99731E-05 9.99731E-05
9.99553E-05 9.99553E-05 9.99553E-05 0.0804644 9.99553E-05 9.99553E-05 0.180682 0.738354
9.99732E-05 9.99732E-05 0.142576 0.61772 0.121612 9.99732E-05 0.109182 0.00861084
9.99731E-05 9.99731E-05 0.246056 0.319025 0.000841798 0.0379215 9.99731E-05 0.395856
0.152569 0.329726 9.99732E-05 0.463274 9.99732E-05 0.0368258 9.99732E-05 0.0173052
0.113181 0.10018 9.99731E-05 0.042213 9.99731E-05 9.99731E-05 0.51062 0.233506
0.305547 9.99731E-05 0.206533 0.164002 9.99731E-05 0.0837301 0.239889 9.99731E-05
9.996E-05 0.530562 9.996E-05 0.111185 0.100069 0.257784 9.996E-05 9.996E-05
9.9955E-05 9.9955E-05 9.9955E-05 9.9955E-05 0.124944 9.9955E-05 0.466049 0.408508
0.517951 9.99641E-05 9.99641E-05 0.223674 0.170924 0.0870508 9.99641E-05 9.99641E-05
0.138532 9.99641E-05 9.99641E-05 0.17353 0.493572 9.99641E-05 9.99641E-05 0.193967
9.99552E-05 9.99552E-05 9.99552E-05 0.512644 0.175069 0.311787 9.99552E-05 9.99552E-05
9.997E-05 9.997E-05 9.997E-05 0.637004 0.118222 0.0782681 0.108139 0.0580662
0.156163 0.22211 9.9982E-05 0.182386 0.131849 9.9982E-05 0.149149 0.158142
9.99553E-05 9.99553E-05 0.0314165 0.202889 9.99553E-05 9.99553E-05 9.99553E-05 0.765195
0.210939 9.9964E-05 0.227781 9.9964E-05 9.9964E-05 0.253047 0.307833 9.9964E-05
9.99552E-05 9.99552E-05 0.0750052 0.279064 0.645431 9.99552E-05 9.99552E-05 9.99552E-05
0.0781504 9.99642E-05 9.99642E-05 0.518341 9.99642E-05 0.0263404 9.99642E-05 0.376768
0.279731 9.99642E-05 0.219422 9.99642E-05 0.0237846 9.99642E-05 0.476663 9.99642E-05
9.99821E-05 0.49562 0.05207 0.110229 0.0623328 0.16429 0.115258 9.99821E-05
9.997E-05 9.997E-05 0.0976423 0.385422 0.111526 9.997E-05 0.340725 0.0643848
0.0486105 9.99551E-05 9.99551E-05 0.944871 0.00601864 9.99551E-05 9.99551E-05 9.99551E-05
9.99552E-05 0.439294 0.310722 0.249485 9.99552E-05 9.99552E-05 9.99552E-05 9.99552E-05
0.191662 9.99732E-05 9.99732E-05 0.426098 9.99732E-05 0.0541395 0.159488 0.168313
0.291013 0.00192042 9.99731E-05 9.99731E-05 0.25186 0.337766 0.11714 9.99731E-05
0.11506 0.0166149 9.99821E-05 0.707525 0.00256085 9.99821E-05 0.147498 0.0105415
0.317812 9.99731E-05 9.99731E-05 0.209135 0.0926946 0.153325 0.226734 9.99731E-05
0.0622032 0.0193452 9.99642E-05 9.99642E-05 0.339539 9.99642E-05 9.99642E-05 0.578513
9.99641E-05 0.569817 9.99641E-05 0.0873166 9.99641E-05 0.0887134 9.99641E-05 0.253753
0.0775477 0.125076 0.257365 0.213661 0.101873 0.0678894 0.156487 9.9991E-05
9.99553E-05 9.99553E-05 9.99553E-05 0.517846 9.99553E-05 0.0919678 9.99553E-05 0.389686
0.217989 9.99552E-05 9.99552E-05 9.99552E-05 0.146267 9.99552E-05 0.635244 9.99552E-05
0.0950341 0.202385 9.996E-05 0.463205 9.996E-05 9.996E-05 0.238976 9.996E-05
9.99551E-05 0.399585 0.0443734 0.555542 9.99551E-05 9.99551E-05 9.99551E-05 9.99551E-05
0.0986753 0.493426 0.0660423 0.241257 9.9973E-05 9.9973E-05 9.9973E-05 0.100299
0.0155492 0.223223 9.99643E-05 0.254691 9.99643E-05 9.99643E-05 0.506137 9.99643E-05
0.12584 9.99552E-05 9.99552E-05 0.806602 9.99552E-05 9.99552E-05 0.0670586 9.99552E-05
9.99463E-05 9.99463E-05 0.00807454 0.991326 9.99463E-05 9.99463E-05 9.99463E-05 9.99463E-05
0.273139 9.99731E-05 0.114574 9.99731E-05 0.129804 0.345222 9.99731E-05 0.13696
9.99641E-05 0.00495821 9.99641E-05 0.666819 0.0329555 9.99641E-05 9.99641E-05 0.294867
9.99731E-05 9.99731E-05 0.221739 0.309665 0.0428321 0.058781 0.366683 9.99731E-05
0.0757753 9.99641E-05 0.774978 9.99641E-05 0.064462 9.99641E-05 9.99641E-05 0.0843853
0.0941184 0.0175532 0.20713 9.99821E-05 9.99821E-05 0.078376 0.29501 0.307612
9.9973E-05 9.9973E-05 0.174545 0.277679 0.340913 0.022369 9.9973E-05 0.184194
9.99553E-05 0.190875 0.775741 9.99553E-05 9.99553E-05 9.99553E-05 9.99553E-05 0.0328848
9.9973E-05 9.9973E-05 0.106213 0.261286 9.9973E-05 0.000852372 0.0740978 0.557251
0.12035 0.24585 9.9964E-05 0.556861 9.9964E-05 0.0765386 9.9964E-05 9.9964E-05
9.99642E-05 9.99642E-05 0.0549395 0.444734 0.0472957 9.99642E-05 9.99642E-05 0.452631
0.293428 0.0827496 9.9973E-05 0.287369 0.0502263 9.9973E-05 9.9973E-05 0.285927
0.0475851 0.0636803 9.9973E-05 0.172721 9.9973E-05 9.9973E-05 0.260848 0.454866
9.99731E-05 0.0075141 9.99731E-05 0.230605 0.698483 9.99731E-05 0.0339345 0.0291637
9.99643E-05 0.0287864 9.99643E-05 0.584628 9.99643E-05 9.99643E-05 0.383871 0.00231467
9.9973E-05 0.242234 9.9973E-05 0.173888 0.243104 9.9973E-05 0.128489 0.211985
0.168605 9.99552E-05 9.99552E-05 0.783098 9.99552E-05 0.0477974 9.99552E-05 9.99552E-05
0.129509 0.0128237 9.99731E-05 0.353668 9.99731E-05 9.99731E-05 0.254511 0.249188
0.0110266 9.99551E-05 9.99551E-05 0.358627 9.99551E-05 9.99551E-05 0.629847 9.99551E-05
9.99821E-05 0.111697 9.99821E-05 0.136772 0.148275 0.195164 0.249672 0.15822
0.213757 0.131892 9.997E-05 0.445034 9.997E-05 0.0266566 9.997E-05 0.182361
9.99821E-05 0.228357 0.0273283 0.0657237 0.0651898 9.99821E-05 0.454961 0.15824
0.305948 9.99463E-05 0.693453 9.99463E-05 9.99463E-05 9.99463E-05 9.99463E-05 9.99463E-05
0.00184235 9.99642E-05 9.99642E-05 0.540883 9.99642E-05 9.99642E-05 0.418609 0.0382656
9.99732E-05 9.99732E-05 0.526552 0.448487 0.00632923 0.0159744 0.00235747 9.99732E-05
0.0695433 0.0580492 0.123247 0.41372 9.99821E-05 9.99821E-05 0.0576622 0.277579
9.99644E-05 9.99644E-05 9.99644E-05 0.212034 0.114861 9.99644E-05 0.25889 0.413815
0.0146094 9.99821E-05 0.0952732 0.232114 0.0178452 0.219421 9.99821E-05 0.420537
9.9973E-05 9.9973E-05 9.9973E-05 0.0986409 0.0852634 0.187732 0.178199 0.449864
0.0709659 9.9964E-05 0.355058 9.9964E-05 9.9964E-05 9.9964E-05 0.118201 0.455376
0.312901 9.99552E-05 0.354787 0.331812 9.99552E-05 9.99552E-05 9.99552E-05 9.99552E-05
9.998E-05 0.272324 0.174014 0.108767 0.0609253 0.131687 0.252082 9.998E-05
9.99642E-05 0.358967 0.0929877 0.519105 9.99642E-05 0.02854 9.99642E-05 9.99642E-05
9.99641E-05 9.99641E-05 0.0898933 9.99641E-05 0.224709 0.0655163 0.619481 9.99641E-05
0.0775305 0.168959 0.0679983 0.658382 0.0268298 9.99731E-05 9.99731E-05 9.99731E-05
0.254331 0.00509932 9.9964E-05 0.502955 9.9964E-05 9.9964E-05 9.9964E-05 0.237215
0.198699 0.293679 0.178756 9.99821E-05 0.0185479 9.99821E-05 0.176348 0.13377
0.165217 9.99731E-05 0.00801573 0.314086 0.479955 9.99731E-05 9.99731E-05 0.0324268
9.99732E-05 0.0495531 9.99732E-05 0.424337 0.0380838 0.327799 0.159927 9.99732E-05
9.99641E-05 0.225348 9.99641E-05 9.99641E-05 0.0586582 0.204558 0.511035 9.99641E-05
9.99465E-05 9.99465E-05 9.99465E-05 0.373112 0.626288 9.99465E-05 9.99465E-05 9.99465E-05
0.0342345 0.383881 0.280614 0.204291 0.0966792 9.99732E-05 9.99732E-05 9.99732E-05
0.110481 0.545329 0.0476254 0.11591 0.180355 9.99731E-05 9.99731E-05 9.99731E-05
0.144069 0.0711294 0.0520915 0.11975 0.177909 0.175778 9.9991E-05 0.259173
0.125499 0.221116 9.997E-05 9.997E-05 0.124451 9.997E-05 0.303758 0.224876
0.203499 0.0282649 0.196978 0.258526 0.0187354 0.0394638 0.126669 0.127863
9.99821E-05 0.104269 0.00582483 0.678324 0.0280745 0.0197099 9.99821E-05 0.163598
9.996E-05 0.507767 0.0440778 0.163285 9.996E-05 9.996E-05 9.996E-05 0.28447
0.0638709 9.99552E-05 9.99552E-05 0.594592 0.341038 9.99552E-05 9.99552E-05 9.99552E-05
0.221743 0.00674232 9.9973E-05 0.326413 0.341553 9.9973E-05 9.9973E-05 0.103249
9.99553E-05 0.0521529 9.99553E-05 0.316172 9.99553E-05 9.99553E-05 9.99553E-05 0.631175
0.0830602 9.99642E-05 9.99642E-05 0.0754807 0.689664 0.151396 9.99642E-05 9.99642E-05
9.99732E-05 0.189165 9.99732E-05 0.100768 0.00746942 0.36733 9.99732E-05 0.334967
0.0473003 9.99551E-05 9.99551E-05 9.99551E-05 9.99551E-05 0.803345 9.99551E-05 0.148855
0.0676809 9.995E-05 9.995E-05 0.617642 9.995E-05 9.995E-05 0.314178 9.995E-05
9.99642E-05 0.0211319 9.99642E-05 0.479456 9.99642E-05 0.0113721 0.48764 9.99642E-05
9.99641E-05 0.188609 0.621868 0.125697 9.99641E-05 9.99641E-05 0.0634263 9.99641E-05
9.99553E-05 9.99553E-05 9.99553E-05 0.661764 9.99553E-05 0.106705 9.99553E-05 0.231032
9.99553E-05 9.99553E-05 9.99553E-05 0.26211 9.99553E-05 0.109967 0.627423 9.99553E-05
0.00195076 0.00513076 9.99731E-05 9.99731E-05 0.199159 0.523362 0.270098 9.99731E-05
9.99732E-05 0.28355 0.102247 0.0612098 0.411772 9.99732E-05 9.99732E-05 0.140921
9.99642E-05 9.99642E-05 9.99642E-05 0.60598 0.09324 9.99642E-05 0.283585 0.0167955
9.99642E-05 9.99642E-05 9.99642E-05 0.112353 0.687947 0.000809974 0.19849 9.99642E-05
9.99642E-05 9.99642E-05 0.633568 0.00604586 9.99642E-05 0.0679624 0.292023 9.99642E-05
9.99462E-05 9.99462E-05 9.99462E-05 9.99462E-05 0.988351 0.011049 9.99462E-05 9.99462E-05
9.995E-05 9.995E-05 0.323389 9.995E-05 9.995E-05 0.179412 9.995E-05 0.496699
0.121907 9.996E-05 9.996E-05 0.402721 9.996E-05 9.996E-05 0.374108 0.100864
9.99641E-05 9.99641E-05 0.229642 0.145865 0.0522583 9.99641E-05 0.571836 9.99641E-05
0.0263777 9.99731E-05 9.99731E-05 0.451948 0.0267925 0.141683 0.352899 9.99731E-05
0.252475 9.9982E-05 0.133781 0.18357 0.222606 9.9982E-05 0.0664116 0.140956
9.99732E-05 0.0693466 9.99732E-05 0.477928 0.326962 0.041503 0.0839608 9.99732E-05
0.170548 9.9982E-05 0.105874 0.0284241 0.35636 9.9982E-05 0.0366909 0.301903
9.9955E-05 9.9955E-05 0.515275 0.376416 9.9955E-05 0.10781 9.9955E-05 9.9955E-05
0.314536 0.221486 0.0359685 0.0399708 0.0874741 9.99821E-05 0.300364 9.99821E-05
0.120921 0.117691 9.999E-05 0.0809517 0.136055 0.0420829 0.128612 0.373587
9.997E-05 0.204806 9.997E-05 0.338073 9.997E-05 0.0388202 0.302007 0.115993
9.99552E-05 0.682251 0.219746 9.99552E-05 0.0975034 9.99552E-05 9.99552E-05 9.99552E-05
0.0910802 9.997E-05 9.997E-05 0.529773 9.997E-05 0.143273 0.181526 0.0540481
0.308624 9.99553E-05 9.99553E-05 9.99553E-05 0.397164 0.293712 9.99553E-05 9.99553E-05
0.237273 0.128147 9.99821E-05 0.087555 0.15728 0.0699025 0.319642 9.99821E-05
9.996E-05 0.498405 9.996E-05 0.120425 9.996E-05 0.0787611 9.996E-05 0.302009
0.0517502 0.0137872 0.129063 0.697021 0.030001 0.0243369 0.040259 0.0137814
9.99821E-05 0.156398 0.233324 0.254436 9.99821E-05 0.15569 0.0221563 0.177795
0.0731687 0.0416326 9.9982E-05 0.0996487 9.9982E-05 0.312829 0.364173 0.108348
0.286149 0.309485 9.99731E-05 0.12138 9.99731E-05 0.172048 9.99731E-05 0.110638
9.997E-05 0.13618 0.0858013 0.427217 9.997E-05 0.12823 0.222271 9.997E-05
9.99642E-05 9.99642E-05 0.0441352 0.38921 9.99642E-05 0.152304 0.413952 9.99642E-05
9.99643E-05 9.99643E-05 9.99643E-05 0.485741 0.0530065 0.236351 0.224501 9.99643E-05
0.0837154 0.481267 0.0367324 9.99731E-05 9.99731E-05 9.99731E-05 0.394113 0.00387209
9.99463E-05 9.99463E-05 9.99463E-05 0.665434 9.99463E-05 9.99463E-05 0.333967 9.99463E-05
9.99643E-05 9.99643E-05 0.00750245 0.717818 9.99643E-05 0.0909416 9.99643E-05 0.183338
0.437624 9.99731E-05 9.99731E-05 0.140295 0.132495 0.22696 0.0623266 9.99731E-05
0.11054 0.214205 9.9982E-05 0.0791881 0.099655 0.0899593 9.9982E-05 0.406253
9.99731E-05 0.392468 9.99731E-05 9.99731E-05 0.0306609 0.196428 0.0370663 0.343077
0.0898963 9.99821E-05 0.0257513 0.368356 0.313711 0.177627 0.0244589 9.99821E-05
9.9973E-05 9.9973E-05 0.038541 0.210882 0.103272 9.9973E-05 0.47336 0.173645
0.9993 9.994E-05 9.994E-05 9.994E-05 9.994E-05 9.994E-05 9.994E-05 9.994E-05
0.0540347 0.123245 0.124806 0.286783 0.154584 0.0938035 0.0586543 0.10409
0.015941 0.149717 0.390618 0.248169 0.131813 0.0635424 9.99821E-05 9.99821E-05
0.425065 9.99732E-05 9.99732E-05 0.085695 9.99732E-05 0.209878 0.011981 0.26708
0.160498 9.99821E-05 0.0611332 9.99821E-05 0.048338 0.0216611 0.474754 0.233415
0.06586 9.99732E-05 0.0695957 0.296823 9.99732E-05 9.99732E-05 0.274233 0.293189
9.99641E-05 9.99641E-05 0.0579369 0.513621 9.99641E-05 9.99641E-05 0.359419 0.0686231
0.177151 9.99731E-05 0.0546347 0.225552 9.99731E-05 9.99731E-05 0.304887 0.237475
0.175612 9.99732E-05 0.0612754 0.250111 0.472601 9.99732E-05 9.99732E-05 0.0401009
0.316371 9.99731E-05 9.99731E-05 0.226327 9.99731E-05 0.223272 0.00844737 0.225283
0.0853135 0.189673 0.430539 9.9973E-05 9.9973E-05 0.225759 0.0684155 9.9973E-05
9.997E-05 0.408014 0.219855 0.219726 9.997E-05 0.141515 0.0105896 9.997E-05
9.99554E-05 9.99554E-05 9.99554E-05 0.626498 9.99554E-05 9.99554E-05 0.290647 0.082355
9.99731E-05 0.178653 9.99731E-05 0.158095 0.305654 0.0441141 0.313185 9.99731E-05
0.9993 9.994E-05 9.994E-05 9.994E-05 9.994E-05 9.994E-05 9.994E-05 9.994E-05
0.181246 0.184671 9.99641E-05 0.213831 9.99641E-05 9.99641E-05 0.419852 9.99641E-05
0.0655761 9.99731E-05 0.194463 0.205723 0.0553285 9.99731E-05 0.478609 9.99731E-05
9.99642E-05 0.0301758 0.194829 0.258082 9.99642E-05 9.99642E-05 9.99642E-05 0.516513
0.237424 0.264763 0.130031 9.99732E-05 9.99732E-05 9.99732E-05 0.258975 0.108508
0.165837 0.0624417 0.00956396 0.59681 0.0483226 9.99821E-05 0.116824 9.99821E-05
9.99731E-05 0.14604 0.191293 0.365073 0.00439306 9.99731E-05 9.99731E-05 0.292901
9.99553E-05 9.99553E-05 9.99553E-05 9.99553E-05 9.99553E-05 0.101788 0.831806 0.0659068
0.30732 9.99553E-05 0.451259 9.99553E-05 9.99553E-05 9.99553E-05 9.99553E-05 0.240922
0.165322 0.116914 0.143528 0.375343 0.0331085 0.0331262 9.999E-05 0.132558
9.99642E-05 9.99642E-05 9.99642E-05 0.333267 9.99642E-05 0.239373 0.422662 0.00429742
0.0295587 9.99641E-05 0.463122 0.282944 9.99641E-05 9.99641E-05 0.223975 9.99641E-05
0.250173 9.99731E-05 9.99731E-05 0.00790095 9.99731E-05 0.0280078 0.212123 0.501495
9.99552E-05 0.125459 9.99552E-05 0.847163 0.0268779 9.99552E-05 9.99552E-05 9.99552E-05
9.99642E-05 9.99642E-05 9.99642E-05 0.659305 0.0411947 9.99642E-05 0.193275 0.105825
9.99553E-05 9.99553E-05 0.627205 0.307194 9.99553E-05 9.99553E-05 0.0651011 9.99553E-05
0.201821 0.0666812 0.00839714 0.136967 0.200701 9.99889E-05 0.385233 9.99889E-05
9.99551E-05 0.0522522 0.142774 9.99551E-05 9.99551E-05 0.804474 9.99551E-05 9.99551E-05
9.99553E-05 0.474762 9.99553E-05 0.495603 9.99553E-05 9.99553E-05 9.99553E-05 0.0291345
0.0266783 0.237377 0.0171062 9.99821E-05 0.047271 0.00838281 9.99821E-05 0.662985
0.216174 0.738798 9.995E-05 0.0445285 9.995E-05 9.995E-05 9.995E-05 9.995E-05
9.99552E-05 0.247187 9.99552E-05 0.35842 9.99552E-05 9.99552E-05 0.393893 9.99552E-05
0.0935379 0.0175641 9.99642E-05 0.86422 9.99642E-05 9.99642E-05 9.99642E-05 0.0242782
0.198162 9.997E-05 0.141555 0.0923047 0.120834 9.997E-05 0.446845 9.997E-05
9.9946E-05 9.9946E-05 0.00301572 9.9946E-05 9.9946E-05 0.996385 9.9946E-05 9.9946E-05
0.0641275 0.0824802 0.0898846 0.134323 9.998E-05 9.998E-05 0.473004 0.155981
0.307672 0.00169689 0.0559213 0.240756 9.99821E-05 0.0600357 0.333719 9.99821E-05
0.212391 9.99731E-05 9.99731E-05 0.162244 0.169016 0.0760768 9.99731E-05 0.379972
0.138088 9.9982E-05 0.332012 0.340537 0.11023 0.065076 9.9982E-05 0.0138576
