9.9982E-05 0.090911 0.377254 0.12275 0.18926 9.9982E-05 0.0366358 0.182989
9.9973E-05 0.302635 0.196169 0.135008 0.148374 0.217514 9.9973E-05 9.9973E-05
0.711332 9.99641E-05 0.130585 0.125986 9.99641E-05 9.99641E-05 0.0316971 9.99641E-05
0.48779 0.0267945 0.148348 0.257772 9.99821E-05 9.99821E-05 0.0143409 0.064755
9.99641E-05 9.99641E-05 0.297867 0.263836 0.301236 0.136661 9.99641E-05 9.99641E-05
0.20139 9.9982E-05 0.0646401 0.125199 0.413174 0.037035 9.9982E-05 0.158362
9.99821E-05 0.1795 0.112347 0.0282847 0.251602 0.265469 9.99821E-05 0.162598
9.99642E-05 0.0420218 9.99642E-05 0.0297755 0.522053 9.99642E-05 9.99642E-05 0.40575
9.99643E-05 0.81669 9.99643E-05 0.0121927 9.99643E-05 0.0250796 0.145638 9.99643E-05
9.99551E-05 9.99551E-05 0.0774394 9.99551E-05 9.99551E-05 9.99551E-05 0.42025 0.50181
0.20271 9.9973E-05 0.213066 0.134053 9.9973E-05 9.9973E-05 0.30672 0.143151
9.99731E-05 0.608001 0.15683 0.0506825 0.0640184 0.120169 9.99731E-05 9.99731E-05
0.297164 0.452052 0.0118019 9.99731E-05 9.99731E-05 0.128877 9.99731E-05 0.109806
9.9973E-05 9.9973E-05 0.35251 0.116609 0.0273357 0.203685 9.9973E-05 0.299561
0.0157755 0.488014 9.99821E-05 9.99821E-05 0.233434 0.121007 0.0625343 0.0790343
0.296051 9.99642E-05 0.259751 0.409292 0.0345059 9.99642E-05 9.99642E-05 9.99642E-05
0.0793756 0.134082 9.9982E-05 0.204837 9.9982E-05 0.276186 0.235577 0.0697426
9.99731E-05 9.99731E-05 0.246597 0.0891248 0.00586164 9.99731E-05 0.321194 0.336923
0.0566327 0.824342 9.99731E-05 9.99731E-05 0.0933049 9.99731E-05 0.00669511 0.0187249
0.0276014 9.99731E-05 0.577822 9.99731E-05 0.13016 9.99731E-05 0.225446 0.0386715
9.99464E-05 9.99464E-05 9.99464E-05 9.99464E-05 9.99464E-05 9.99464E-05 0.13468 0.86472
0.14299 0.324172 9.99731E-05 0.19903 0.256574 9.99731E-05 0.0769341 9.99731E-05
0.289216 9.99731E-05 0.0548556 0.291626 9.99731E-05 0.185285 0.178717 9.99731E-05
9.99641E-05 9.99641E-05 0.174525 0.585823 0.0810966 0.158156 9.99641E-05 9.99641E-05
0.140521 0.108752 9.99821E-05 0.428133 0.0293406 9.99821E-05 0.154439 0.138614
9.9973E-05 0.114622 0.276695 0.409289 0.17575 9.9973E-05 9.9973E-05 0.0233444
9.9973E-05 0.107539 0.348511 0.0853306 9.9973E-05 9.9973E-05 0.131198 0.327122
9.99641E-05 9.99641E-05 0.0602039 9.99641E-05 0.420128 0.272259 0.24701 9.99641E-05
0.795532 0.00228068 0.126041 9.99731E-05 9.99731E-05 0.0171854 0.0586614 9.99731E-05
0.00581329 0.0351974 9.99642E-05 0.80195 9.99642E-05 9.99642E-05 0.15664 9.99642E-05
9.99731E-05 9.99731E-05 0.0396233 9.99731E-05 0.272086 0.330519 0.233226 0.124245
0.211212 0.255853 0.35666 9.99731E-05 0.102725 9.99731E-05 9.99731E-05 0.0732496
0.277065 0.0323594 9.99731E-05 9.99731E-05 9.99731E-05 0.0941782 0.457373 0.138725
0.358495 0.19845 0.033048 0.0693477 0.235913 9.99821E-05 9.99821E-05 0.104546
0.0677223 9.9973E-05 0.408161 0.270088 0.0969511 9.9973E-05 9.9973E-05 0.156778
9.99552E-05 9.99552E-05 0.0236303 9.99552E-05 9.99552E-05 0.0979597 9.99552E-05 0.87791
9.99642E-05 9.99642E-05 0.320594 9.99642E-05 0.293817 0.13506 0.250129 9.99642E-05
0.389582 0.0222455 9.99731E-05 0.0104638 9.99731E-05 0.0986566 0.478752 9.99731E-05
0.211905 0.315961 9.99821E-05 0.15002 0.125701 0.00933378 9.99821E-05 0.186879
0.658899 0.060184 0.128459 0.0858762 9.9982E-05 0.00915806 9.9982E-05 0.0572242
9.99732E-05 0.190681 9.99732E-05 0.313041 9.99732E-05 0.100273 0.0679013 0.327805
9.99821E-05 0.331565 0.0241194 0.108819 9.99821E-05 0.0673341 0.0632041 0.404759
9.9982E-05 9.9982E-05 0.244339 0.117928 0.303178 0.103095 0.0304131 0.200847
0.0132476 0.318232 0.244025 0.0894504 0.272093 9.99821E-05 0.0627514 9.99821E-05
0.59035 0.185425 0.169506 9.99641E-05 9.99641E-05 9.99641E-05 9.99641E-05 0.0543195
0.338409 0.0885411 0.216367 9.99642E-05 9.99642E-05 9.99642E-05 9.99642E-05 0.356282
0.126358 0.203291 0.076112 0.175343 0.0494821 9.99821E-05 9.99821E-05 0.369214
0.189176 0.201511 0.310023 0.0617135 9.9991E-05 0.0123912 0.0285557 0.19653
9.99555E-05 0.298902 9.99555E-05 9.99555E-05 0.251073 9.99555E-05 9.99555E-05 0.449525
0.0909413 9.9964E-05 0.335466 9.9964E-05 0.274072 9.9964E-05 9.9964E-05 0.29912
0.0728517 9.9964E-05 0.0771223 0.500144 0.349482 9.9964E-05 9.9964E-05 9.9964E-05
9.9973E-05 0.176562 0.0314527 9.9973E-05 9.9973E-05 0.413276 0.224614 0.153796
9.9982E-05 0.144765 0.100212 0.404658 0.137551 0.000620034 0.211994 9.9982E-05
0.864738 9.99463E-05 9.99463E-05 0.134662 9.99463E-05 9.99463E-05 9.99463E-05 9.99463E-05
0.0922576 0.0765088 9.9973E-05 9.9973E-05 0.0279577 0.691438 9.9973E-05 0.111538
9.999E-05 0.300431 0.0333082 0.0696696 0.147527 0.246162 0.124107 0.0786956
9.9982E-05 0.0292807 0.0253597 0.491169 0.00413207 0.432208 9.9982E-05 0.0176502
9.99464E-05 0.106215 9.99464E-05 9.99464E-05 9.99464E-05 0.893185 9.99464E-05 9.99464E-05
0.142988 0.284664 0.396687 9.9973E-05 0.0749962 0.100365 9.9973E-05 9.9973E-05
0.194984 9.99641E-05 0.144808 9.99641E-05 0.0354467 9.99641E-05 9.99641E-05 0.624362
0.514223 9.99821E-05 0.069644 0.185176 0.16894 9.99821E-05 0.0500237 0.0117939
9.99821E-05 0.116812 0.438946 0.0479898 9.99821E-05 0.0734519 0.0551259 0.267474
9.9982E-05 0.495747 0.214095 0.149636 0.0611846 0.00431686 0.0748206 9.9982E-05
9.99552E-05 9.99552E-05 0.174827 0.663498 9.99552E-05 9.99552E-05 9.99552E-05 0.161175
9.99641E-05 9.99641E-05 0.0907754 0.0825353 0.658795 9.99641E-05 0.167495 9.99641E-05
0.163977 0.401321 9.99641E-05 0.0628488 9.99641E-05 9.99641E-05 9.99641E-05 0.371454
9.99641E-05 9.99641E-05 9.99641E-05 0.212249 0.203314 0.12476 9.99641E-05 0.459277
0.143238 0.467258 0.219421 0.00369393 9.99821E-05 0.0433947 9.99821E-05 0.122794
0.283934 0.266125 0.0116223 9.99731E-05 0.403866 9.99731E-05 9.99731E-05 0.0341533
9.99641E-05 0.109795 9.99641E-05 9.99641E-05 0.166209 9.99641E-05 0.0940062 0.62959
0.170207 0.332714 0.114122 9.99821E-05 0.0859828 9.99821E-05 0.101681 0.195094
9.99551E-05 0.644925 9.99551E-05 0.218878 9.99551E-05 9.99551E-05 9.99551E-05 0.135697
9.99464E-05 9.99464E-05 0.438256 9.99464E-05 9.99464E-05 0.561145 9.99464E-05 9.99464E-05
9.99731E-05 0.218614 0.0612127 0.0544116 0.352661 9.99731E-05 9.99731E-05 0.312801
0.0942664 9.99642E-05 9.99642E-05 0.235363 0.494018 0.175953 9.99642E-05 9.99642E-05
0.0689322 0.47651 0.265369 0.0176513 9.99821E-05 0.105322 9.99821E-05 0.0660159
9.99732E-05 0.36626 0.0192584 0.4512 0.00437447 9.99732E-05 0.158607 9.99732E-05
9.9982E-05 0.232766 0.146258 0.0433502 9.9982E-05 0.0549701 0.361093 0.161363
0.151446 0.414735 0.0251492 0.0814126 0.326957 9.99731E-05 9.99731E-05 9.99731E-05
0.0753423 0.0811716 0.329901 0.0996737 0.217975 0.195737 9.99821E-05 9.99821E-05
0.222375 9.99732E-05 0.501488 9.99732E-05 0.136989 0.0227889 9.99732E-05 0.116059
0.118363 0.292788 0.0253369 0.368845 0.0295894 9.9991E-05 0.0217476 0.14323
9.99552E-05 9.99552E-05 9.99552E-05 9.99552E-05 0.0251823 0.461862 9.99552E-05 0.512456
0.051487 0.379855 9.99731E-05 0.184734 0.383285 9.99731E-05 0.000338841 9.99731E-05
0.153463 0.0846839 0.116473 0.179203 0.0046691 0.0773269 9.9991E-05 0.384081
9.9964E-05 0.247545 0.19126 9.9964E-05 9.9964E-05 9.9964E-05 0.129138 0.431657
0.0652468 0.139188 0.233587 9.99821E-05 9.99821E-05 0.283326 0.041022 0.23743
0.0933238 0.0687143 0.058125 0.698378 9.99731E-05 0.0811586 9.99731E-05 9.99731E-05
0.321899 9.99732E-05 9.99732E-05 0.0535796 0.249964 9.99732E-05 0.171847 0.20241
0.348607 0.434849 9.99731E-05 9.99731E-05 0.0444675 9.99731E-05 0.104362 0.0674136
9.994E-05 9.994E-05 9.994E-05 0.9993 9.994E-05 9.994E-05 9.994E-05 9.994E-05
9.99553E-05 9.99553E-05 9.99553E-05 0.0731113 9.99553E-05 0.170579 9.99553E-05 0.75581
0.17233 0.143171 0.184883 9.99732E-05 9.99732E-05 0.0270173 9.99732E-05 0.4723
0.45229 9.99731E-05 0.156544 0.0926125 9.99731E-05 9.99731E-05 0.0646163 0.233638
9.99731E-05 0.661297 0.0832001 9.99731E-05 9.99731E-05 0.0591177 0.0121951 0.18389
0.290042 0.217467 0.22592 0.0400784 9.9982E-05 0.167676 9.9982E-05 0.058616
9.99731E-05 9.99731E-05 0.275817 9.99731E-05 0.0829707 0.00636236 0.318581 0.315969
0.0185908 0.502254 9.99641E-05 9.99641E-05 9.99641E-05 9.99641E-05 0.0399504 0.438805
0.296758 9.99731E-05 0.1569 0.307607 0.148311 9.99731E-05 9.99731E-05 0.0901238
9.9973E-05 0.00161777 9.9973E-05 0.355195 9.9973E-05 0.212914 0.2205 0.209474
9.99731E-05 0.00361277 0.0770086 9.99731E-05 0.0618361 0.492386 0.364857 9.99731E-05
9.99463E-05 9.99463E-05 9.99463E-05 0.717902 9.99463E-05 9.99463E-05 0.281499 9.99463E-05
9.99641E-05 0.0917331 0.0207272 9.99641E-05 9.99641E-05 0.171803 0.715336 9.99641E-05
0.329905 9.99552E-05 9.99552E-05 0.0698583 9.99552E-05 9.99552E-05 0.599737 9.99552E-05
0.226674 0.184325 0.0391797 9.9973E-05 0.364139 9.9973E-05 9.9973E-05 0.185382
0.0690241 0.480652 9.9982E-05 0.182214 0.0958316 0.055609 9.9982E-05 0.116469
0.0970334 9.9973E-05 0.00946655 9.9973E-05 0.368611 0.386766 9.9973E-05 0.137823
0.0618912 9.99731E-05 9.99731E-05 9.99731E-05 0.515536 0.00266512 0.261348 0.15826
0.187812 0.115234 9.99642E-05 0.0254313 0.671123 9.99642E-05 9.99642E-05 9.99642E-05
0.88381 9.99643E-05 9.99643E-05 0.027249 9.99643E-05 9.99643E-05 0.0406877 0.047853
9.99821E-05 0.103968 0.025025 0.307382 0.0312721 0.244638 9.99821E-05 0.287515
9.99642E-05 0.201034 0.312243 0.140237 0.346086 9.99642E-05 9.99642E-05 9.99642E-05
0.366866 9.99642E-05 9.99642E-05 0.489997 9.99642E-05 0.0580403 9.99642E-05 0.0846966
0.138575 9.99821E-05 0.172173 0.22548 0.356129 9.99821E-05 0.0732666 0.0341765
9.99462E-05 9.99462E-05 9.99462E-05 0.990483 9.99462E-05 0.00891761 9.99462E-05 9.99462E-05
0.0771606 0.421461 0.0340678 0.107412 9.99821E-05 0.16872 0.190979 9.99821E-05
9.99641E-05 0.429272 0.0853012 0.105167 9.99641E-05 9.99641E-05 9.99641E-05 0.37986
0.139471 0.380876 0.279971 0.102172 0.0674837 0.0298269 9.99821E-05 9.99821E-05
0.100207 0.0596807 0.361594 0.326187 9.99731E-05 9.99731E-05 0.152032 9.99731E-05
0.280642 9.9973E-05 9.9973E-05 9.9973E-05 0.194703 0.173088 0.0219339 0.329334
9.99641E-05 0.229912 9.99641E-05 0.557103 0.00163053 9.99641E-05 0.210954 9.99641E-05
0.205122 0.0547067 0.0293242 0.117744 9.99821E-05 0.451035 9.99821E-05 0.141868
0.334968 9.9973E-05 0.0926737 0.0786331 0.45382 9.9973E-05 9.9973E-05 0.0396052
0.00211542 9.99642E-05 9.99642E-05 9.99642E-05 0.325404 0.176461 9.99642E-05 0.49562
0.197771 0.0836857 0.191574 0.210483 0.235115 9.99821E-05 0.0811724 9.99821E-05
9.9982E-05 0.211649 0.0514296 0.13277 0.310043 9.9982E-05 0.129207 0.164702
9.99643E-05 0.114951 0.179597 0.169907 9.99643E-05 9.99643E-05 9.99643E-05 0.535146
0.257561 0.183829 0.321416 0.0578873 0.145752 0.0333549 9.99821E-05 9.99821E-05
0.574017 9.99553E-05 9.99553E-05 9.99553E-05 9.99553E-05 9.99553E-05 0.120828 0.304655
0.477856 9.99732E-05 0.0950241 9.99732E-05 0.0606071 9.99732E-05 0.0431093 0.323103
9.99553E-05 0.457333 9.99553E-05 9.99553E-05 9.99553E-05 9.99553E-05 0.231848 0.310319
9.9982E-05 9.9982E-05 0.27555 0.179678 0.167953 0.0566701 0.0393892 0.28056
0.242753 0.398473 0.189891 9.99821E-05 0.0143029 0.0411961 0.113183 9.99821E-05
0.235206 0.322368 9.99641E-05 9.99641E-05 0.186132 9.99641E-05 0.255893 9.99641E-05
9.99553E-05 0.0201848 9.99553E-05 9.99553E-05 9.99553E-05 9.99553E-05 0.277645 0.70167
9.99553E-05 9.99553E-05 9.99553E-05 9.99553E-05 0.676366 9.99553E-05 0.0348215 0.288313
9.99552E-05 9.99552E-05 0.103218 9.99552E-05 0.830051 9.99552E-05 0.0662308 9.99552E-05
0.195558 9.99553E-05 0.00897855 9.99553E-05 0.794963 9.99553E-05 9.99553E-05 9.99553E-05
0.0487731 0.793642 0.0159751 9.99642E-05 9.99642E-05 0.14121 9.99642E-05 9.99642E-05
0.319387 0.0371128 9.99731E-05 0.174021 0.369055 9.99731E-05 9.99731E-05 0.100125
0.468845 9.99732E-05 0.259863 0.012309 9.99732E-05 0.015628 0.243055 9.99732E-05
0.316903 9.99731E-05 9.99731E-05 0.10078 9.99731E-05 0.376486 0.192552 0.0129781
0.0679159 0.18703 0.239605 0.0163065 0.0623414 0.0125534 0.151963 0.262285
9.99641E-05 0.163261 9.99641E-05 0.167215 0.0817492 9.99641E-05 0.587375 9.99641E-05
0.0968238 0.0438713 0.0277318 0.602604 9.99731E-05 9.99731E-05 9.99731E-05 0.228669
0.282592 0.160799 9.9973E-05 0.0701678 0.485734 0.000407439 9.9973E-05 9.9973E-05
9.994E-05 9.994E-05 0.9993 9.994E-05 9.994E-05 9.994E-05 9.994E-05 9.994E-05
0.331082 9.99821E-05 0.178187 0.150619 0.013488 9.99821E-05 0.0600213 0.266403
9.99551E-05 9.99551E-05 9.99551E-05 0.285754 9.99551E-05 0.304 9.99551E-05 0.409747
0.166779 0.244771 0.398115 9.99642E-05 9.99642E-05 0.189935 9.99642E-05 9.99642E-05
0.333192 0.352192 0.0307739 0.025476 0.20829 0.0498751 9.99821E-05 9.99821E-05
9.99641E-05 0.568732 0.301434 9.99641E-05 9.99641E-05 9.99641E-05 0.0359143 0.0935202
0.306601 9.99866E-05 0.0262531 0.00667652 0.447863 0.0651819 9.99866E-05 0.147225
9.99821E-05 0.202175 0.16978 0.105493 0.337657 0.100797 0.0838982 9.99821E-05
9.99732E-05 9.99732E-05 0.0139094 0.343602 0.139589 0.427618 9.99732E-05 0.0749813
0.222266 0.0560199 0.103169 9.99821E-05 0.261746 9.99821E-05 0.225446 0.131153
0.482399 9.99641E-05 0.146335 9.99641E-05 9.99641E-05 0.295636 9.99641E-05 0.0752298
0.0285423 0.0382323 0.425758 0.0941625 0.0141274 9.99911E-05 0.236951 0.162126
9.99553E-05 9.99553E-05 0.138508 0.14917 0.711822 9.99553E-05 9.99553E-05 9.99553E-05
0.292488 0.223308 9.99731E-05 0.153609 9.99731E-05 9.99731E-05 0.123016 0.207279
9.994E-05 9.994E-05 0.9993 9.994E-05 9.994E-05 9.994E-05 9.994E-05 9.994E-05
0.143355 0.301813 0.157951 0.0145518 0.0263919 9.99821E-05 9.99821E-05 0.355737
9.99821E-05 0.299472 0.143455 0.139076 0.245664 0.0335637 9.99821E-05 0.13857
9.99642E-05 0.416284 0.300259 9.99642E-05 9.99642E-05 0.158081 0.124976 9.99642E-05
9.99465E-05 0.60648 0.392921 9.99465E-05 9.99465E-05 9.99465E-05 9.99465E-05 9.99465E-05
0.132844 0.0819453 0.0112318 0.32127 0.0747062 0.0708331 9.9991E-05 0.30707
0.230895 9.99732E-05 0.0127692 0.0491775 0.552055 9.99732E-05 9.99732E-05 0.154803
0.0295218 0.408506 9.99553E-05 9.99553E-05 0.561472 9.99553E-05 9.99553E-05 9.99553E-05
0.032955 9.99642E-05 0.100038 9.99642E-05 9.99642E-05 0.735687 9.99642E-05 0.13092
0.225373 0.217163 0.129362 0.121958 9.9982E-05 0.167497 9.9982E-05 0.138447
0.533153 0.181019 9.99642E-05 0.115812 0.169616 9.99642E-05 9.99642E-05 9.99642E-05
0.33114 9.99731E-05 0.227477 9.99731E-05 0.214408 0.157281 9.99731E-05 0.0693946
0.215552 0.431724 0.0790941 9.9982E-05 0.095606 0.0507006 0.127124 9.9982E-05
0.0245615 9.99731E-05 0.0395652 0.207681 9.99731E-05 0.0519655 9.99731E-05 0.675927
0.106451 0.100605 0.130483 0.336235 0.305202 9.9982E-05 0.0208235 9.9982E-05
0.0972591 0.232329 9.99732E-05 9.99732E-05 0.605176 0.0534183 9.99732E-05 0.0115167
9.99821E-05 0.166966 0.149883 0.177183 0.203853 0.207059 9.99821E-05 0.0948573
0.409224 9.99642E-05 9.99642E-05 9.99642E-05 9.99642E-05 0.107003 0.339944 0.143429
0.361723 9.99821E-05 0.00362078 0.051861 9.99821E-05 0.318498 0.0306045 0.233493
0.000437448 0.281915 0.0570897 9.99731E-05 9.99731E-05 9.99731E-05 0.452411 0.207846
9.99642E-05 0.065359 0.085274 9.99642E-05 9.99642E-05 0.05711 9.99642E-05 0.791857
0.198976 0.263372 9.99731E-05 9.99731E-05 0.021686 9.99731E-05 0.0769465 0.438719
0.0641454 0.207026 0.196164 0.00548378 0.271538 0.0308178 9.9991E-05 0.224725
0.0836659 0.024831 0.167966 0.309193 0.399644 0.0144993 9.99821E-05 9.99821E-05
0.508225 9.99461E-05 9.99461E-05 9.99461E-05 9.99461E-05 9.99461E-05 0.491175 9.99461E-05
0.0895797 0.516679 0.223107 9.99732E-05 0.062407 9.99732E-05 9.99732E-05 0.107928
9.99821E-05 0.271896 0.194259 0.0750571 0.380715 0.0234592 9.99821E-05 0.0544137
0.448562 9.9982E-05 9.9982E-05 0.142399 0.0282561 0.259471 0.0730602 0.0480515
0.227384 9.9991E-05 0.00665331 0.0858413 0.0453277 0.299348 0.0830216 0.252324
