0.00561494 9.99549E-05 9.99549E-05 0.0698647 9.99549E-05 9.99549E-05 0.0925326 0.815626 0.0158617 9.99549E-05
0.25652 0.155964 0.0368954 0.0478955 0.0297737 9.9982E-05 0.12169 0.309349 0.0417114 9.9982E-05
9.99639E-05 0.104932 0.306243 9.99639E-05 0.0240155 0.340072 9.99639E-05 0.171769 0.052568 9.99639E-05
0.0711701 9.9982E-05 0.0504831 0.0594861 0.0147579 0.0517552 0.558137 0.126569 0.0674413 9.9982E-05
0.267476 0.10276 9.99729E-05 0.051535 9.99729E-05 0.403495 0.0478208 0.0264949 0.100118 9.99729E-05
9.9964E-05 0.106608 0.19684 0.0165186 9.9964E-05 0.58218 0.0834872 9.9964E-05 0.0139666 9.9964E-05
0.00280924 9.99729E-05 0.0306893 0.0354317 9.99729E-05 0.520512 0.057176 0.28381 0.0692723 9.99729E-05
0.166873 0.241531 0.259095 0.016792 0.0137268 9.9982E-05 0.0815234 0.182789 0.0374698 9.9982E-05
9.9973E-05 9.9973E-05 0.235125 0.0139156 0.0357997 0.00166455 0.0280071 0.18618 9.9973E-05 0.499009
0.0154824 9.9982E-05 0.188407 0.208187 0.111355 0.0360432 9.9982E-05 0.190677 0.0781372 0.17151
9.9928E-05 9.9928E-05 0.943875 9.9928E-05 9.9928E-05 9.9928E-05 0.0553251 9.9928E-05 9.9928E-05 9.9928E-05
9.99369E-05 9.99369E-05 9.99369E-05 9.99369E-05 0.000307518 9.99369E-05 9.99369E-05 9.99369E-05 0.0216597 0.977333
0.155894 0.016781 0.0605321 0.0580103 0.0297383 0.109606 0.211276 0.284305 0.073757 9.9991E-05
0.0497402 0.244319 9.9982E-05 0.0943466 0.0925018 0.0461636 9.9982E-05 0.245371 0.00961622 0.217742
9.9955E-05 0.737669 0.0316849 0.0576123 9.9955E-05 0.118584 9.9955E-05 9.9955E-05 9.9955E-05 0.0539501
0.117843 0.32231 9.9982E-05 0.0661189 0.0933764 0.143344 0.156451 0.0214121 0.0789441 9.9982E-05
9.9964E-05 0.650091 9.9964E-05 0.146051 0.0551305 9.9964E-05 0.00659269 9.9964E-05 0.0318953 0.10984
0.078525 0.13414 9.9982E-05 0.0474442 0.119744 0.335698 0.0530554 0.0567082 0.174485 9.9982E-05
0.178267 9.9973E-05 0.206506 9.9973E-05 0.0548846 9.9973E-05 0.190515 0.218961 0.0309203 0.119647
0.00788902 0.0946115 0.289644 0.00125581 0.103026 0.0887139 0.298246 0.0877134 0.0288001 9.9991E-05
0.112177 0.0243517 0.305501 0.0122712 9.9982E-05 9.9982E-05 0.105567 0.344598 0.0748199 0.020515
0.387412 0.216403 0.180379 0.0214881 9.99639E-05 9.99639E-05 9.99639E-05 0.154582 9.99639E-05 0.039335
0.189782 0.0516026 0.0136757 9.9973E-05 9.9973E-05 0.230423 0.380591 9.9973E-05 0.133269 0.000356196
9.9946E-05 0.00376863 9.9946E-05 9.9946E-05 0.131037 0.663258 0.201337 9.9946E-05 9.9946E-05 9.9946E-05
9.99281E-05 9.99281E-05 0.905098 0.0941029 9.99281E-05 9.99281E-05 9.99281E-05 9.99281E-05 9.99281E-05 9.99281E-05
9.9964E-05 0.133646 9.9964E-05 0.0618087 0.0686875 9.9964E-05 0.304754 0.316997 9.9964E-05 0.113707
9.999E-05 0.212661 0.324804 0.108888 0.166156 0.0441564 0.0684746 0.0510053 0.0112412 0.0125144
9.9973E-05 0.106128 0.200094 0.0856376 0.127022 0.222673 9.9973E-05 0.253157 0.00498967 9.9973E-05
9.9973E-05 0.064556 0.196401 0.0415676 0.0712699 0.55963 0.0263898 0.039885 9.9973E-05 9.9973E-05
9.99549E-05 0.0929793 0.175145 9.99549E-05 0.646865 9.99549E-05 0.0380391 9.99549E-05 9.99549E-05 0.0464726
9.9964E-05 0.0301038 0.623922 9.9964E-05 0.0128047 9.9964E-05 0.272177 9.9964E-05 0.030466 0.0301271
9.9964E-05 9.9964E-05 0.498901 0.0318077 0.032198 0.128652 9.9964E-05 0.0116138 9.9964E-05 0.296428
0.0416247 0.0583918 9.9982E-05 9.9982E-05 0.0694629 0.0997649 0.364734 0.234273 0.0439714 0.0875766
9.99729E-05 0.151279 0.280249 0.0603649 9.99729E-05 0.151368 0.236569 0.088023 0.0318473 9.99729E-05
0.0811389 9.9982E-05 9.9982E-05 0.0598589 0.0345526 0.0976087 0.191074 0.239675 0.0617869 0.234105
9.99281E-05 9.99281E-05 9.99281E-05 9.99281E-05 9.99281E-05 9.99281E-05 9.99281E-05 0.893733 0.105467 9.99281E-05
9.9982E-05 9.9982E-05 0.0284711 0.144428 0.0177704 0.20941 0.445406 0.129327 0.00352651 0.0214609
9.9964E-05 0.0459241 0.186968 0.071573 0.0282137 9.9964E-05 9.9964E-05 0.56574 9.9964E-05 0.101181
9.9973E-05 0.171072 0.293873 0.0493888 0.152172 0.021645 0.0679801 9.9973E-05 9.9973E-05 0.24357
0.052656 0.0304631 0.384585 0.0796758 9.9982E-05 0.120419 0.242522 9.9982E-05 0.0829634 0.00651509
0.150503 0.281223 0.180207 0.0486261 0.0213518 0.0998323 0.0960334 0.122024 9.9982E-05 9.9982E-05
9.9982E-05 0.0713157 0.0763252 0.153676 0.0629479 0.155221 0.325783 0.087617 0.0669137 9.9982E-05
0.0832483 0.156636 0.206464 0.095141 9.9973E-05 0.198223 9.9973E-05 0.223784 0.0362039 9.9973E-05
0.0945853 9.9973E-05 0.120883 9.9973E-05 0.0938721 0.0720598 0.118275 0.263538 9.9973E-05 0.236488
9.9964E-05 9.9964E-05 0.197952 9.9964E-05 0.0390971 0.296964 9.9964E-05 0.0675889 0.0315855 0.366412
9.9955E-05 9.9955E-05 0.266094 0.168707 9.9955E-05 0.341991 9.9955E-05 9.9955E-05 0.0175957 0.205112
9.9964E-05 0.0687675 9.9964E-05 9.9964E-05 9.9964E-05 0.412749 0.2218 0.126192 0.0613291 0.108763
0.0183688 0.0711356 9.9973E-05 9.9973E-05 0.0825242 0.394304 0.111191 9.9973E-05 0.0224225 0.299754
0.130433 0.159685 0.3074 9.9973E-05 0.0487679 0.113943 0.195874 9.9973E-05 0.0435962 9.9973E-05
0.253685 0.367298 0.11574 9.9982E-05 0.00727344 0.0521932 9.9982E-05 0.172213 0.019486 0.0119121
0.292398 0.100971 0.0671615 0.0193723 0.01187 9.9982E-05 9.9982E-05 0.300177 0.112054 0.0957952
0.267226 9.9964E-05 9.9964E-05 9.9964E-05 0.127935 9.9964E-05 0.176782 0.0874942 0.110116 0.230047
9.9955E-05 0.497779 9.9955E-05 0.0591592 0.0160462 9.9955E-05 0.336965 9.9955E-05 9.9955E-05 0.0895507
9.9973E-05 0.242918 0.0468785 0.21319 0.0725457 0.397071 9.9973E-05 0.0160518 0.011046 9.9973E-05
0.999101 9.99201E-05 9.99201E-05 9.99201E-05 9.99201E-05 9.99201E-05 9.99201E-05 9.99201E-05 9.99201E-05 9.99201E-05
9.9982E-05 0.0338394 0.0822942 0.0460318 9.9982E-05 0.257578 0.0648015 0.271055 0.0629653 0.181235
0.999101 9.99201E-05 9.99201E-05 9.99201E-05 9.99201E-05 9.99201E-05 9.99201E-05 9.99201E-05 9.99201E-05 9.99201E-05
0.789339 9.9964E-05 0.00642686 9.9964E-05 0.0244539 0.142944 0.00149433 9.9964E-05 0.0349422 9.9964E-05
0.0984831 0.202133 0.342086 0.0134999 0.0349016 0.0732542 0.145416 0.014236 0.0758899 9.9991E-05
0.182499 9.9973E-05 0.245372 0.100571 9.9973E-05 0.200847 9.9973E-05 0.00710365 0.0662156 0.197092
9.9928E-05 9.9928E-05 9.9928E-05 9.9928E-05 0.00600204 9.9928E-05 0.993199 9.9928E-05 9.9928E-05 9.9928E-05
9.999E-05 0.217127 0.00347754 0.123943 0.0635175 0.0298128 0.365515 0.0301354 0.128054 0.0383183
9.9973E-05 0.13738 0.0797667 9.9973E-05 0.0608536 0.440001 9.9973E-05 0.0997927 0.0252915 0.156615
9.9937E-05 9.9937E-05 9.9937E-05 9.9937E-05 0.858928 9.9937E-05 0.0663811 9.9937E-05 0.0739915 9.9937E-05
9.9955E-05 0.0476759 9.9955E-05 0.169801 9.9955E-05 0.391577 0.0898954 0.300551 9.9955E-05 9.9955E-05
9.9955E-05 0.0481814 9.9955E-05 0.0425349 9.9955E-05 9.9955E-05 0.0712688 0.81196 0.0255547 9.9955E-05
9.9982E-05 9.9982E-05 0.212604 0.147286 0.0474298 0.172232 0.242253 0.0537339 0.0480137 0.0762473
9.9946E-05 0.139843 0.512491 9.9946E-05 9.9946E-05 0.343494 9.9946E-05 9.9946E-05 0.00357236 9.9946E-05
9.9955E-05 0.00938136 9.9955E-05 9.9955E-05 0.0257353 0.0716324 0.374656 0.518096 9.9955E-05 9.9955E-05
0.0819565 0.199175 0.166357 0.0165704 0.172482 0.223398 9.9982E-05 0.0706067 0.0692548 9.9982E-05
0.779931 9.9955E-05 0.0710724 0.0628455 9.9955E-05 9.9955E-05 0.020037 9.9955E-05 0.0656148 9.9955E-05
0.00716878 0.290335 0.00649829 0.0218785 9.9973E-05 0.354313 9.9973E-05 0.284506 0.0350005 9.9973E-05
0.0684084 0.204155 0.133607 0.0322374 0.0862807 0.124339 0.0538404 0.0740505 0.0995697 0.123512
0.0958937 0.283217 0.398983 0.0189467 0.0447335 0.142133 0.0145016 9.9982E-05 9.9982E-05 0.0013916
9.9964E-05 0.295269 9.9964E-05 0.115897 0.0794397 0.374507 9.9964E-05 0.097999 9.9964E-05 0.0364895
0.281355 0.259196 0.0155186 0.0988072 9.9964E-05 9.9964E-05 9.9964E-05 9.9964E-05 0.0613321 0.283391
9.9937E-05 9.9937E-05 9.9937E-05 9.9937E-05 9.9937E-05 0.897493 9.9937E-05 9.9937E-05 0.0847681 0.0170395
9.99369E-05 9.99369E-05 0.0954014 9.99369E-05 9.99369E-05 9.99369E-05 0.881449 9.99369E-05 0.0224505 9.99369E-05
9.99279E-05 9.99279E-05 9.99279E-05 9.99279E-05 9.99279E-05 9.99279E-05 0.917136 9.99279E-05 9.99279E-05 0.0820646
9.9964E-05 0.0571515 9.9964E-05 9.9964E-05 0.0620028 0.114357 0.669524 9.9964E-05 0.0600007 0.0365646
0.122193 0.101313 0.127685 0.0578651 0.051646 9.9982E-05 0.417413 0.0639826 0.0577024 9.9982E-05
9.9973E-05 9.9973E-05 9.9973E-05 0.0601496 0.0173624 0.248642 0.45642 0.0388058 0.0177326 0.160588
0.0544494 9.9982E-05 0.15873 0.0209216 0.232415 0.000211702 0.191265 0.0371795 9.9982E-05 0.304628
9.9973E-05 0.34815 0.123584 0.0445908 0.0752946 9.9973E-05 0.17218 9.9973E-05 0.040081 0.19582
0.180034 9.9982E-05 0.0519935 9.9982E-05 0.0176592 0.266452 0.22294 0.0230116 0.0678578 0.169853
0.211462 9.9964E-05 0.266253 0.0263005 9.9964E-05 9.9964E-05 0.281393 0.0986415 9.9964E-05 0.115551
9.99639E-05 9.99639E-05 0.00994349 0.0372349 0.0277831 9.99639E-05 0.130144 0.731702 0.0627919 9.99639E-05
9.99371E-05 9.99371E-05 9.99371E-05 0.00400612 9.99371E-05 9.99371E-05 9.99371E-05 9.99371E-05 0.0693256 0.925969
0.0814175 0.210611 9.9982E-05 0.114278 0.165205 0.0236155 0.0534354 0.277758 0.0734795 9.9982E-05
9.9955E-05 9.9955E-05 0.390118 9.9955E-05 9.9955E-05 0.193941 9.9955E-05 0.237412 0.0300688 0.14796
9.9928E-05 9.9928E-05 9.9928E-05 9.9928E-05 0.990954 9.9928E-05 9.9928E-05 0.0082462 9.9928E-05 9.9928E-05
0.135236 0.063966 0.407384 0.0326682 0.0108075 0.111789 9.9973E-05 9.9973E-05 9.9973E-05 0.23785
9.9955E-05 9.9955E-05 0.455714 0.00291959 0.00224026 9.9955E-05 0.473248 9.9955E-05 0.0653781 9.9955E-05
0.0348573 0.582719 0.0424709 9.9973E-05 0.0476578 9.9973E-05 9.9973E-05 0.0849363 0.0469141 0.160145
0.164661 9.9973E-05 0.0505722 0.00119671 9.9973E-05 0.0895628 0.576003 0.0243447 0.0933595 9.9973E-05
9.9955E-05 9.9955E-05 0.279958 9.9955E-05 0.0703371 0.195096 0.446208 0.00790065 9.9955E-05 9.9955E-05
0.552433 0.0129228 9.9964E-05 0.0354908 9.9964E-05 0.272728 0.051921 0.0741038 9.9964E-05 9.9964E-05
0.0260142 9.99461E-05 9.99461E-05 0.0919075 9.99461E-05 0.873915 9.99461E-05 9.99461E-05 0.00756321 9.99461E-05
9.99371E-05 9.99371E-05 9.99371E-05 9.99371E-05 0.351601 0.576225 9.99371E-05 9.99371E-05 0.0714746 9.99371E-05
0.0808268 0.226817 9.99639E-05 9.99639E-05 0.252085 0.155944 0.111098 0.172829 9.99639E-05 9.99639E-05
0.0354128 0.0835226 0.257891 0.0136088 0.137774 0.422552 9.9973E-05 9.9973E-05 0.0489394 9.9973E-05
9.99201E-05 9.99201E-05 9.99201E-05 9.99201E-05 0.999101 9.99201E-05 9.99201E-05 9.99201E-05 9.99201E-05 9.99201E-05
0.254465 0.266695 0.285205 0.0684001 0.00665755 9.9991E-05 0.050364 0.0166665 0.0469036 0.00454339
9.99369E-05 9.99369E-05 9.99369E-05 0.971607 9.99369E-05 9.99369E-05 9.99369E-05 0.00552827 0.0221654 9.99369E-05
9.9973E-05 0.17524 0.122308 0.0383667 0.0513826 9.9973E-05 0.251203 0.0436655 9.9973E-05 0.317535
0.151324 0.354858 0.123446 9.99549E-05 9.99549E-05 9.99549E-05 9.99549E-05 0.227277 9.99549E-05 0.142596
0.0275867 0.226448 9.9973E-05 9.9973E-05 0.0511277 0.0880582 0.200804 0.164296 9.9973E-05 0.241379
0.17894 9.9991E-05 0.244306 0.0839827 0.0487962 0.214562 0.0988147 0.044541 0.0490903 0.0368681
0.0113502 0.259804 0.379289 0.100071 0.140882 9.9973E-05 0.00888011 9.9973E-05 9.9973E-05 0.099424
0.242026 9.9973E-05 0.279898 9.9973E-05 0.0152729 9.9973E-05 0.175025 0.194961 0.066854 0.0256633
0.0639787 0.0949562 0.221706 0.0877809 9.9982E-05 0.28558 0.123409 0.060792 0.0615966 9.9982E-05
0.020944 9.9973E-05 0.160581 0.0162303 0.109271 0.357132 9.9973E-05 9.9973E-05 0.0796973 0.255845
0.217635 0.109513 0.214014 9.9982E-05 0.0436495 0.0498221 0.285748 9.9982E-05 0.00709338 0.0723244
9.9964E-05 0.0130996 9.9964E-05 0.0237691 0.448601 0.431221 0.0730704 9.9964E-05 0.00983893 9.9964E-05
9.9973E-05 9.9973E-05 0.206504 0.0447487 0.0182989 0.222917 0.281906 0.215164 9.9973E-05 0.0101614
9.99201E-05 9.99201E-05 9.99201E-05 9.99201E-05 0.999101 9.99201E-05 9.99201E-05 9.99201E-05 9.99201E-05 9.99201E-05
9.9964E-05 0.118118 0.122102 0.201387 9.9964E-05 0.298882 9.9964E-05 0.253375 9.9964E-05 0.00573557
0.147539 0.163461 9.9982E-05 0.0312835 0.0270877 9.9982E-05 0.193645 0.409324 0.0245797 0.00288047
0.161299 0.0201514 0.0312496 9.9973E-05 0.0108993 0.359529 0.184238 9.9973E-05 9.9973E-05 0.232333
9.9973E-05 0.0534592 0.109584 0.0441245 0.0611703 9.9973E-05 9.9973E-05 0.223941 0.104186 0.403235
9.9982E-05 0.175421 0.154846 0.0551917 0.0244597 0.22379 0.214575 0.122989 0.0285292 9.9982E-05
9.9955E-05 9.9955E-05 0.117172 9.9955E-05 0.350402 0.226246 0.19615 9.9955E-05 0.109531 9.9955E-05
9.9982E-05 0.120844 0.118305 0.0245132 0.182371 0.468941 0.0474657 9.9982E-05 0.0252544 0.012106
9.9973E-05 0.382945 0.0118537 0.0497067 9.9973E-05 0.162367 0.0403518 0.0331203 9.9973E-05 0.319356
0.0467223 9.9982E-05 0.120903 0.012513 0.166168 0.441671 0.075369 9.9982E-05 0.0119811 0.124472
9.99461E-05 0.259336 9.99461E-05 9.99461E-05 9.99461E-05 0.493439 9.99461E-05 9.99461E-05 0.00200786 0.244617
9.99281E-05 9.99281E-05 0.988139 9.99281E-05 9.99281E-05 9.99281E-05 9.99281E-05 9.99281E-05 0.011062 9.99281E-05
0.266438 9.9964E-05 0.331727 9.9964E-05 0.115255 0.117459 0.108197 9.9964E-05 0.0605237 9.9964E-05
0.0836933 0.0569454 9.99581E-05 9.99581E-05 9.99581E-05 9.99581E-05 0.0852551 9.99581E-05 0.000688759 0.772918
0.103382 0.0370964 0.375368 0.0208485 0.0744466 9.9973E-05 9.9973E-05 0.376584 0.0119749 9.9973E-05
9.9928E-05 9.9928E-05 9.9928E-05 9.9928E-05 9.9928E-05 0.267788 9.9928E-05 0.731413 9.9928E-05 9.9928E-05
0.116513 9.9964E-05 9.9964E-05 9.9964E-05 0.000341594 0.430924 0.33175 0.050108 0.0699636 9.9964E-05
0.159665 0.0205589 9.9973E-05 9.9973E-05 0.254279 0.0943502 0.140072 9.9973E-05 0.0026174 0.328159
9.9964E-05 0.273134 0.244548 9.9964E-05 0.208576 9.9964E-05 0.196026 9.9964E-05 0.0457992 0.0315162
0.00971558 9.9964E-05 0.390207 0.0242901 0.0198494 0.362609 9.9964E-05 0.192928 9.9964E-05 9.9964E-05
0.090469 9.9982E-05 0.219726 0.0926752 0.0169477 0.284811 0.0373746 9.9982E-05 0.09512 0.162677
9.9937E-05 0.936695 9.9937E-05 0.00754723 9.9937E-05 9.9937E-05 9.9937E-05 9.9937E-05 9.9937E-05 0.0550581
9.9928E-05 0.963207 9.9928E-05 9.9928E-05 9.9928E-05 9.9928E-05 9.9928E-05 9.9928E-05 0.0359937 9.9928E-05
0.167264 0.0610755 0.00677681 9.9982E-05 0.0544108 0.244411 9.9982E-05 0.156059 0.0407066 0.269096
0.0199196 9.9964E-05 9.9964E-05 0.0365127 9.9964E-05 0.224969 0.524595 9.9964E-05 0.0346847 0.158919
0.0699253 9.99549E-05 9.99549E-05 0.103649 9.99549E-05 0.523564 9.99549E-05 9.99549E-05 0.0609052 0.241457
9.9937E-05 0.289671 0.703303 9.9937E-05 9.9937E-05 9.9937E-05 9.9937E-05 9.9937E-05 0.00632685 9.9937E-05
0.218361 9.9973E-05 0.284208 0.0662618 0.073385 0.154398 0.166174 9.9973E-05 0.0369126 9.9973E-05
0.250178 9.9973E-05 0.161581 9.9973E-05 0.012397 0.0640563 9.9973E-05 0.287259 0.0673981 0.156831
0.14236 0.136405 9.9973E-05 0.0701035 0.0914356 0.231081 0.315624 9.9973E-05 0.0126906 9.9973E-05
9.9973E-05 0.01913 0.108682 0.0448753 0.384239 0.109774 0.207701 9.9973E-05 0.1253 9.9973E-05
0.063592 0.05881 0.230795 0.0903203 9.9991E-05 0.416958 0.0593225 0.0639321 0.00947887 0.00669158
9.99201E-05 9.99201E-05 9.99201E-05 9.99201E-05 9.99201E-05 9.99201E-05 9.99201E-05 9.99201E-05 0.999101 9.99201E-05
9.9973E-05 9.9973E-05 0.0363404 0.0950183 9.9973E-05 0.0634145 0.218428 0.439591 0.0573379 0.08957
0.190257 0.0803438 0.110112 0.232205 9.9973E-05 9.9973E-05 0.295686 0.0381315 0.0529653 9.9973E-05
9.9937E-05 9.9937E-05 0.0170562 9.9937E-05 9.9937E-05 9.9937E-05 0.0485841 9.9937E-05 9.9937E-05 0.93366
0.212957 0.00106277 0.182418 0.174297 9.9982E-05 0.156898 0.120134 9.9982E-05 0.090877 0.0611561
0.125199 9.9991E-05 0.204508 0.0991407 0.0942308 0.0808861 0.02109 0.0679492 0.135614 0.171283
0.020741 0.185583 0.0237621 0.021178 0.0723266 0.255102 0.198274 9.9991E-05 0.0361462 0.186787
0.0708801 0.0344222 9.99639E-05 9.99639E-05 9.99639E-05 0.0257817 9.99639E-05 0.0446342 0.0490321 0.77485
9.9964E-05 0.247419 9.9964E-05 0.0915942 0.102485 0.444834 9.9964E-05 9.9964E-05 0.0484097 0.0648587
0.277056 9.99639E-05 0.180165 9.99639E-05 9.99639E-05 0.289267 0.156891 0.0578097 0.0384121 9.99639E-05
9.9991E-05 0.0350284 0.219751 0.0676503 0.118893 0.246846 0.122554 0.162614 0.0105249 0.0160372
0.0629254 9.9937E-05 9.9937E-05 9.9937E-05 0.0571398 9.9937E-05 9.9937E-05 0.879235 9.9937E-05 9.9937E-05
9.99549E-05 0.178471 0.304763 9.99549E-05 0.10168 0.267639 9.99549E-05 0.146947 9.99549E-05 9.99549E-05
9.9973E-05 9.9973E-05 0.349923 0.0277587 0.0166433 9.9973E-05 0.129614 0.333575 0.0622618 0.0799254
9.99201E-05 9.99201E-05 9.99201E-05 9.99201E-05 9.99201E-05 9.99201E-05 9.99201E-05 9.99201E-05 0.999101 9.99201E-05
9.99639E-05 0.3148 9.99639E-05 0.0253698 9.99639E-05 0.213733 9.99639E-05 0.0166246 0.344997 0.0840761
0.22306 0.155833 9.9964E-05 0.0265717 9.9964E-05 0.207177 0.377037 0.00992014 9.9964E-05 9.9964E-05
0.483922 0.0650226 0.290353 0.0298126 9.9973E-05 9.9973E-05 0.0213753 0.0683615 0.040853 9.9973E-05
9.9955E-05 9.9955E-05 9.9955E-05 0.081212 9.9955E-05 9.9955E-05 0.167189 0.688179 0.0163265 0.0465943
0.0637289 0.183106 0.123371 9.9982E-05 9.9982E-05 0.160842 0.0699073 0.261217 0.0312518 0.106375
0.224927 0.0652089 0.197937 0.0524256 9.9982E-05 0.301967 9.9982E-05 0.00412334 0.0399382 0.113273
9.99201E-05 0.999101 9.99201E-05 9.99201E-05 9.99201E-05 9.99201E-05 9.99201E-05 9.99201E-05 9.99201E-05 9.99201E-05
9.9973E-05 0.225701 9.9973E-05 9.9973E-05 0.00182165 0.218618 0.0454379 0.166557 0.0806998 0.260865
0.122195 0.122753 0.296412 9.9973E-05 0.116283 9.9973E-05 0.0402444 0.13172 9.9973E-05 0.170093
0.368968 0.140556 9.9973E-05 0.0688212 0.0320823 9.9973E-05 0.110372 9.9973E-05 0.0454634 0.233437
9.9973E-05 0.0326844 9.9973E-05 9.9973E-05 0.171461 0.367278 0.209852 0.0976621 0.111064 0.00969915
0.531475 0.289176 9.9955E-05 0.01826 9.9955E-05 9.9955E-05 9.9955E-05 0.110755 0.0498339 9.9955E-05
9.9973E-05 0.229924 0.117953 9.9973E-05 9.9973E-05 0.112457 0.0733693 0.223587 0.0602308 0.182179
0.167688 0.0893682 0.0891152 0.118337 9.9973E-05 0.276152 0.13754 9.9973E-05 9.9973E-05 0.1215
0.0565424 0.104441 0.172997 9.9973E-05 9.9973E-05 0.228062 0.187647 9.9973E-05 0.0691048 0.180906
0.0520476 0.172415 9.9955E-05 0.0603424 9.9955E-05 9.9955E-05 9.9955E-05 0.11244 9.9955E-05 0.602254
9.9928E-05 9.9928E-05 9.9928E-05 0.997954 0.0012464 9.9928E-05 9.9928E-05 9.9928E-05 9.9928E-05 9.9928E-05
0.279671 9.9955E-05 0.203274 0.00392681 0.0175873 0.495041 9.9955E-05 9.9955E-05 9.9955E-05 9.9955E-05
9.9955E-05 0.660938 9.9955E-05 0.0873713 0.170567 0.0510561 9.9955E-05 9.9955E-05 0.0295684 9.9955E-05
0.0715685 0.183165 0.177821 0.0478914 0.0854244 0.0486461 9.9991E-05 0.261521 0.100063 0.0238005
0.295777 0.136582 0.191332 0.0160916 9.9973E-05 9.9973E-05 0.194393 0.153941 0.011584 9.9973E-05
9.9973E-05 0.0526627 0.0298579 9.9973E-05 0.0995851 0.420538 0.087388 0.270759 9.9973E-05 0.0389089
9.9973E-05 0.129812 0.0639879 9.9973E-05 0.00288132 9.9973E-05 0.24064 0.20255 0.0339042 0.325925
9.99201E-05 9.99201E-05 9.99201E-05 0.999101 9.99201E-05 9.99201E-05 9.99201E-05 9.99201E-05 9.99201E-05 9.99201E-05
0.232848 0.143297 0.107498 9.9991E-05 0.072248 0.0589975 0.139925 0.0291779 0.0883312 0.127578
0.208423 0.0740916 0.0922652 0.221788 0.0674082 0.0430139 0.0339758 0.17502 0.0839145 9.9991E-05
9.99639E-05 0.147168 9.99639E-05 9.99639E-05 9.99639E-05 0.0836678 0.584079 0.171184 0.00041079 0.0130902
0.0662933 0.260719 9.9964E-05 9.9964E-05 0.0666095 0.0635874 9.9964E-05 0.281987 9.9964E-05 0.260404
