9.99731E-05 0.611134 0.134504 9.99731E-05 0.0071144 9.99731E-05 0.0252382 0.22171
0.115882 0.447915 9.9982E-05 9.9982E-05 0.107981 0.176298 0.0138409 0.137884
9.99642E-05 0.441075 0.426268 0.0800292 9.99642E-05 9.99642E-05 0.0522284 9.99642E-05
9.99731E-05 0.477738 9.99731E-05 0.113136 0.0912439 9.99731E-05 0.114134 0.203448
0.00278293 0.501222 9.99821E-05 9.99821E-05 0.150716 0.128544 0.198633 0.0179026
9.99641E-05 0.460462 9.99641E-05 0.259004 9.99641E-05 0.221091 0.059043 9.99641E-05
0.00233772 0.0651292 9.99821E-05 9.99821E-05 0.0191791 0.442339 0.160367 0.310449
0.125189 0.820015 9.99642E-05 9.99642E-05 0.0448723 9.99642E-05 9.99642E-05 0.0095239
9.99643E-05 9.99643E-05 0.153775 9.99643E-05 9.99643E-05 0.0461375 0.126398 0.67329
9.99641E-05 0.0816252 0.713826 0.129907 0.0742424 9.99641E-05 9.99641E-05 9.99641E-05
0.0967532 0.157162 0.332342 0.159078 0.0164697 9.9982E-05 0.237994 9.9982E-05
0.172682 0.0205183 9.99732E-05 9.99732E-05 0.138036 0.0785187 9.99732E-05 0.589945
9.99642E-05 0.436505 9.99642E-05 0.0233774 9.99642E-05 9.99642E-05 0.0469606 0.492757
0.0306315 0.458511 9.99641E-05 9.99641E-05 0.191256 0.319201 9.99641E-05 9.99641E-05
0.151031 0.161797 9.99643E-05 0.0889989 9.99643E-05 9.99643E-05 9.99643E-05 0.597772
0.277571 0.163162 9.99641E-05 9.99641E-05 0.214675 9.99641E-05 0.344192 9.99641E-05
0.0871041 0.236501 9.9991E-05 0.0634498 0.020867 0.146971 0.169264 0.275743
0.28206 9.9982E-05 0.17985 0.090432 0.279127 0.143167 0.0251654 9.9982E-05
9.99463E-05 0.310073 9.99463E-05 9.99463E-05 9.99463E-05 9.99463E-05 9.99463E-05 0.689328
0.127419 0.403995 0.369391 9.99642E-05 0.0987947 9.99642E-05 9.99642E-05 9.99642E-05
9.99552E-05 9.99552E-05 0.704303 0.192593 0.102604 9.99552E-05 9.99552E-05 9.99552E-05
0.120161 9.99731E-05 0.0146346 0.00686086 9.99731E-05 9.99731E-05 0.316091 0.541952
0.166244 9.9982E-05 9.9982E-05 0.0516626 0.12599 0.320928 0.217967 0.117008
9.99641E-05 9.99641E-05 9.99641E-05 0.0829964 9.99641E-05 0.18903 0.560465 0.167109
0.159069 9.99731E-05 9.99731E-05 0.2455 0.0173842 0.112164 0.465583 9.99731E-05
0.333607 0.205504 9.9973E-05 9.9973E-05 0.0281653 9.9973E-05 0.203039 0.229385
9.9973E-05 0.108952 0.41316 9.9973E-05 0.220953 9.9973E-05 0.0397124 0.216922
9.99643E-05 0.48499 9.99643E-05 0.0804952 9.99643E-05 0.0739999 9.99643E-05 0.360115
0.198412 0.310008 0.108726 0.287401 0.0951537 9.9973E-05 9.9973E-05 9.9973E-05
9.99642E-05 0.0334801 0.0163074 9.99642E-05 9.99642E-05 9.99642E-05 0.927579 0.0222338
0.145865 9.99731E-05 9.99731E-05 0.289904 0.242694 0.216758 9.99731E-05 0.104479
0.170941 0.249418 0.104844 9.9982E-05 0.175164 0.226646 9.9982E-05 0.0727868
9.99552E-05 9.99552E-05 0.774003 0.101366 9.99552E-05 0.124132 9.99552E-05 9.99552E-05
0.013066 0.596241 0.156267 9.99731E-05 9.99731E-05 0.0179672 9.99731E-05 0.216158
0.0164048 0.648735 9.99731E-05 9.99731E-05 0.0628239 9.99731E-05 0.26705 0.00468567
9.99552E-05 0.560397 0.419499 9.99552E-05 9.99552E-05 0.0196036 9.99552E-05 9.99552E-05
0.370799 9.99821E-05 9.99821E-05 0.0216463 0.20509 0.210848 0.0724176 0.118999
9.99821E-05 9.99821E-05 0.351793 0.317743 0.0309384 0.143265 0.1529 0.0031612
0.187326 0.266608 9.9991E-05 0.0470313 0.105834 0.00912262 0.149475 0.234504
0.0464352 0.59026 9.99821E-05 0.254348 0.0599229 9.99821E-05 0.0147058 0.0341278
9.99732E-05 0.0830378 0.382164 9.99732E-05 9.99732E-05 0.0334213 0.24278 0.258297
9.99643E-05 9.99643E-05 0.392261 9.99643E-05 0.0490765 0.164461 9.99643E-05 0.393802
0.0371092 0.44301 0.171629 9.9973E-05 9.9973E-05 0.241237 9.9973E-05 0.106714
0.149983 0.368062 9.99731E-05 0.108173 0.0878096 9.99731E-05 9.99731E-05 0.285673
0.205101 0.357445 0.184208 9.99821E-05 0.126813 0.113498 9.99821E-05 0.0127345
0.202809 0.417625 0.121366 0.017006 0.0828489 0.00955154 0.0533377 0.0954553
0.288364 0.112229 0.39429 9.99821E-05 9.99821E-05 0.0214256 0.0161254 0.167367
9.999E-05 0.122163 0.417263 0.0537214 0.0879487 0.124844 0.0257776 0.168183
0.40907 0.108789 0.481641 9.99553E-05 9.99553E-05 9.99553E-05 9.99553E-05 9.99553E-05
0.207293 0.588611 0.0363307 9.9964E-05 0.167366 9.9964E-05 9.9964E-05 9.9964E-05
0.255358 0.409579 9.9955E-05 9.9955E-05 9.9955E-05 9.9955E-05 0.334564 9.9955E-05
9.99731E-05 9.99731E-05 0.0343564 0.336878 0.0472285 0.321008 9.99731E-05 0.260229
9.99551E-05 9.99551E-05 0.166659 9.99551E-05 9.99551E-05 9.99551E-05 0.382616 0.450225
0.131138 0.601557 9.99642E-05 0.189189 9.99642E-05 9.99642E-05 0.0777161 9.99642E-05
0.208444 9.99552E-05 9.99552E-05 9.99552E-05 0.089731 0.701325 9.99552E-05 9.99552E-05
0.458251 9.99642E-05 9.99642E-05 9.99642E-05 0.116647 0.0769943 9.99642E-05 0.347708
9.9973E-05 0.0658297 9.9973E-05 0.285044 9.9973E-05 0.325168 0.147047 0.176611
9.99554E-05 9.99554E-05 9.99554E-05 0.00604248 9.99554E-05 0.663282 9.99554E-05 0.330176
0.319469 0.137502 9.9982E-05 0.0235337 0.0822272 0.0333809 9.9982E-05 0.403687
9.997E-05 0.402022 0.308781 0.130413 0.0484866 0.109997 9.997E-05 9.997E-05
9.99553E-05 0.724467 9.99553E-05 0.148712 9.99553E-05 9.99553E-05 9.99553E-05 0.126321
9.99641E-05 9.99641E-05 0.192082 9.99641E-05 0.193858 0.265588 9.99641E-05 0.348072
9.9964E-05 0.0638305 0.117966 9.9964E-05 9.9964E-05 9.9964E-05 0.054351 0.763453
9.99641E-05 0.323574 0.0265788 9.99641E-05 0.135208 9.99641E-05 0.514239 9.99641E-05
0.465706 9.99641E-05 9.99641E-05 9.99641E-05 9.99641E-05 0.102885 0.110171 0.320838
9.99642E-05 0.379839 0.496222 9.99642E-05 9.99642E-05 9.99642E-05 0.0124505 0.111088
0.051345 0.404472 0.0284892 0.078103 0.0638746 0.274592 0.0990249 9.9991E-05
9.99552E-05 0.159858 9.99552E-05 9.99552E-05 0.183392 9.99552E-05 9.99552E-05 0.65625
0.448727 0.0837363 0.0103647 9.99641E-05 9.99641E-05 9.99641E-05 9.99641E-05 0.456772
0.195022 9.99731E-05 0.551584 0.0718179 9.99731E-05 9.99731E-05 0.00303997 0.178237
0.00964424 0.296743 0.132011 0.0575727 0.12214 0.130411 9.9991E-05 0.25138
9.99552E-05 9.99552E-05 9.99552E-05 9.99552E-05 0.0175959 9.99552E-05 0.127802 0.854103
0.0284078 0.195596 9.99643E-05 9.99643E-05 0.298454 0.477142 9.99643E-05 9.99643E-05
0.266495 0.0552427 9.99642E-05 9.99642E-05 0.0933768 9.99642E-05 9.99642E-05 0.584486
0.0739048 0.68948 9.99643E-05 9.99643E-05 9.99643E-05 0.184712 0.0515028 9.99643E-05
0.0757641 0.333563 9.99731E-05 9.99731E-05 0.042853 0.0659003 9.99731E-05 0.48162
0.375019 9.99555E-05 9.99555E-05 9.99555E-05 9.99555E-05 9.99555E-05 0.117964 0.506517
9.9982E-05 0.19625 9.9982E-05 0.304093 0.152641 0.0100083 0.000351213 0.336457
0.0643481 0.48457 9.996E-05 0.237034 9.996E-05 9.996E-05 9.996E-05 0.213648
9.99731E-05 0.700563 9.99731E-05 0.150218 0.0962019 0.00962344 9.99731E-05 0.0430934
0.00398301 0.571955 0.00248795 0.0492511 0.364872 0.00725091 9.99821E-05 9.99821E-05
0.0786988 0.148558 0.254973 0.155021 9.999E-05 0.210043 0.10078 0.0518252
0.0393362 9.99552E-05 0.573501 9.99552E-05 9.99552E-05 0.386663 9.99552E-05 9.99552E-05
0.260039 0.246582 0.171817 0.0569807 9.99821E-05 9.99821E-05 0.0639228 0.200459
9.998E-05 0.13941 0.136129 9.998E-05 0.167622 0.223689 0.197717 0.135233
9.9964E-05 0.427233 0.21969 9.9964E-05 0.115449 9.9964E-05 9.9964E-05 0.237228
9.99821E-05 0.382278 0.284644 0.0201787 0.0441742 0.079887 9.99821E-05 0.188638
9.99552E-05 0.318923 9.99552E-05 9.99552E-05 9.99552E-05 0.175633 0.504944 9.99552E-05
0.187352 9.99731E-05 0.279527 0.159515 9.99731E-05 9.99731E-05 0.149173 0.224133
0.0784005 0.0876105 0.501423 0.0715901 9.997E-05 9.997E-05 9.997E-05 0.260676
0.198872 9.99464E-05 9.99464E-05 9.99464E-05 9.99464E-05 9.99464E-05 0.800528 9.99464E-05
0.0171208 0.237297 0.239162 9.99821E-05 0.0363378 0.348343 0.121539 9.99821E-05
9.99552E-05 9.99552E-05 0.744042 9.99552E-05 0.0447846 0.210673 9.99552E-05 9.99552E-05
9.99641E-05 0.304397 0.189974 0.359283 9.99641E-05 9.99641E-05 0.145947 9.99641E-05
9.99731E-05 0.0169437 0.288664 9.99731E-05 0.0679877 0.00302593 9.99731E-05 0.623079
9.99731E-05 0.634909 9.99731E-05 0.0109594 0.00849001 0.136098 9.99731E-05 0.209244
9.99642E-05 0.0823797 0.687035 9.99642E-05 9.99642E-05 0.066211 0.163974 9.99642E-05
9.99552E-05 0.0818366 0.480312 9.99552E-05 9.99552E-05 9.99552E-05 9.99552E-05 0.437352
0.144252 0.235657 9.9973E-05 9.9973E-05 0.0638348 0.0349261 0.52103 9.9973E-05
9.997E-05 0.020328 0.0422739 9.997E-05 9.997E-05 0.365148 0.341655 0.230295
9.99642E-05 9.99642E-05 9.99642E-05 0.0399486 9.99642E-05 0.29081 0.315411 0.353431
9.99463E-05 9.99463E-05 9.99463E-05 9.99463E-05 0.0105181 9.99463E-05 0.988882 9.99463E-05
9.99642E-05 9.99642E-05 0.428358 0.291469 9.99642E-05 9.99642E-05 0.0363375 0.243436
9.99462E-05 9.99462E-05 9.99462E-05 0.954018 9.99462E-05 9.99462E-05 0.0453821 9.99462E-05
0.137764 0.55155 0.0249473 9.99641E-05 9.99641E-05 9.99641E-05 9.99641E-05 0.285339
0.0855092 9.99641E-05 9.99641E-05 9.99641E-05 9.99641E-05 0.065076 0.226033 0.622982
0.185381 0.101706 0.0767201 9.99641E-05 9.99641E-05 0.635793 9.99641E-05 9.99641E-05
0.175561 0.241892 0.312078 0.1403 9.99821E-05 9.99821E-05 0.0419117 0.0880577
0.525242 0.0310851 9.99821E-05 9.99821E-05 0.0226635 0.123831 0.0273753 0.269604
0.203994 9.99731E-05 0.297875 0.337172 0.0715852 9.99731E-05 0.0890734 9.99731E-05
9.99732E-05 9.99732E-05 0.198171 9.99732E-05 0.0105451 0.41075 0.306593 0.0736413
0.295226 0.540058 9.99642E-05 9.99642E-05 0.0686155 9.99642E-05 0.0957008 9.99642E-05
0.23848 9.99553E-05 9.99553E-05 9.99553E-05 9.99553E-05 0.142893 0.618128 9.99553E-05
0.168566 0.672444 9.99731E-05 0.0503321 9.99731E-05 0.0633755 9.99731E-05 0.0449828
9.99463E-05 9.99463E-05 9.99463E-05 9.99463E-05 9.99463E-05 0.242754 0.756646 9.99463E-05
9.99553E-05 9.99553E-05 9.99553E-05 0.361889 9.99553E-05 9.99553E-05 0.0129192 0.624692
9.99553E-05 0.755788 0.0455428 9.99553E-05 9.99553E-05 9.99553E-05 9.99553E-05 0.19817
0.0433533 0.397862 9.99732E-05 9.99732E-05 0.0709724 0.0915053 9.99732E-05 0.396007
0.341811 0.0632734 9.9973E-05 0.0884637 0.173537 9.9973E-05 0.332615 9.9973E-05
0.0893367 0.545156 0.0303697 0.0450699 9.9973E-05 0.289767 9.9973E-05 9.9973E-05
0.0530423 0.0432908 9.99731E-05 9.99731E-05 0.0975535 9.99731E-05 0.574301 0.231512
9.99641E-05 0.157867 9.99641E-05 0.114096 9.99641E-05 0.657772 0.0698649 9.99641E-05
0.198787 0.585566 9.99642E-05 0.146849 9.99642E-05 0.0683987 9.99642E-05 9.99642E-05
0.220944 9.99731E-05 0.339667 9.99731E-05 0.0660625 0.354746 9.99731E-05 0.0182802
9.997E-05 0.182303 0.206346 0.109838 9.997E-05 9.997E-05 0.212375 0.288839
9.9955E-05 9.9955E-05 0.293316 9.9955E-05 9.9955E-05 9.9955E-05 0.125594 0.58059
9.99732E-05 0.0503909 0.586093 9.99732E-05 0.0438768 9.99732E-05 0.0709 0.248439
0.268672 0.115788 9.99821E-05 0.0780796 0.211844 0.045513 9.99821E-05 0.279903
0.0352609 0.228489 0.338883 0.290889 9.99732E-05 9.99732E-05 0.106178 9.99732E-05
0.16126 9.99642E-05 0.552235 9.99642E-05 0.17785 9.99642E-05 0.108255 9.99642E-05
9.99732E-05 9.99732E-05 0.282763 0.0129816 0.00987953 0.100724 9.99732E-05 0.593351
0.0360975 0.450793 0.116129 0.0128592 0.0303831 0.198668 0.075312 0.0797588
9.997E-05 0.0940265 0.167204 0.129118 0.0734096 9.997E-05 9.997E-05 0.535942
0.0750305 9.99641E-05 9.99641E-05 0.320712 0.179113 9.99641E-05 9.99641E-05 0.424744
9.99642E-05 0.284098 0.405033 0.145834 0.164635 9.99642E-05 9.99642E-05 9.99642E-05
0.716637 0.0835537 9.99551E-05 9.99551E-05 9.99551E-05 0.19931 9.99551E-05 9.99551E-05
0.964431 9.99462E-05 9.99462E-05 0.0349698 9.99462E-05 9.99462E-05 9.99462E-05 9.99462E-05
0.603091 0.259014 0.114291 0.0232049 9.99643E-05 9.99643E-05 9.99643E-05 9.99643E-05
9.99553E-05 9.99553E-05 9.99553E-05 0.161709 9.99553E-05 0.0782365 9.99553E-05 0.759554
0.620089 0.353409 0.0260018 9.99552E-05 9.99552E-05 9.99552E-05 9.99552E-05 9.99552E-05
9.99732E-05 0.331463 9.99732E-05 0.370416 0.107499 0.0550418 9.99732E-05 0.135281
9.9991E-05 0.0231888 0.163955 0.232297 0.0666741 0.358257 0.0174089 0.138119
9.99641E-05 0.329697 0.367206 9.99641E-05 0.0258319 9.99641E-05 9.99641E-05 0.276865
9.99642E-05 9.99642E-05 0.116188 0.211899 9.99642E-05 9.99642E-05 0.123258 0.548255
0.0560945 9.99641E-05 9.99641E-05 9.99641E-05 0.0226392 9.99641E-05 0.721782 0.199085
0.216014 0.177946 0.103268 9.9982E-05 9.9982E-05 0.0273803 0.107784 0.367408
9.994E-05 9.994E-05 9.994E-05 9.994E-05 0.9993 9.994E-05 9.994E-05 9.994E-05
9.99464E-05 0.799765 0.199635 9.99464E-05 9.99464E-05 9.99464E-05 9.99464E-05 9.99464E-05
9.99642E-05 0.169546 9.99642E-05 9.99642E-05 0.0580669 0.643944 0.128043 9.99642E-05
0.0385019 9.99821E-05 0.110926 0.0794348 0.446395 0.0180425 9.99821E-05 0.306501
9.99732E-05 0.179629 9.99732E-05 0.206589 0.0488458 0.0284134 9.99732E-05 0.536223
9.996E-05 0.511453 0.0360285 9.996E-05 0.0669783 9.996E-05 9.996E-05 0.385141
0.592413 9.9964E-05 0.202522 9.9964E-05 0.0495446 0.155121 9.9964E-05 9.9964E-05
0.283218 0.252284 9.99821E-05 9.99821E-05 0.0321552 0.0270289 0.0424465 0.362668
0.0141363 9.99553E-05 9.99553E-05 9.99553E-05 9.99553E-05 0.860573 0.124791 9.99553E-05
0.179486 0.0988259 0.252168 0.148948 0.278819 9.99821E-05 9.99821E-05 0.0415542
9.99641E-05 0.182736 0.034693 0.339858 9.99641E-05 0.442314 9.99641E-05 9.99641E-05
0.154618 0.239383 0.258459 0.142511 0.130658 9.99821E-05 0.0741706 9.99821E-05
0.366437 0.416424 9.99642E-05 9.99642E-05 0.00987434 0.206865 9.99642E-05 9.99642E-05
9.9991E-05 0.0519136 0.392885 0.0176941 0.0285629 0.00387672 0.126764 0.378204
9.994E-05 9.994E-05 9.994E-05 9.994E-05 0.9993 9.994E-05 9.994E-05 9.994E-05
0.0948791 0.206854 0.0588089 9.99731E-05 0.190328 9.99731E-05 9.99731E-05 0.44883
9.99463E-05 0.927712 9.99463E-05 9.99463E-05 9.99463E-05 0.0716884 9.99463E-05 9.99463E-05
9.99821E-05 0.0545788 0.3303 0.0023266 0.121554 0.0552334 9.99821E-05 0.435807
9.99465E-05 0.343845 9.99465E-05 9.99465E-05 9.99465E-05 9.99465E-05 9.99465E-05 0.655555
0.114568 0.291283 0.0841694 9.99821E-05 9.99821E-05 0.191983 0.167749 0.150047
0.332267 0.300638 0.226043 0.0965136 9.99821E-05 0.00414057 0.0401979 9.99821E-05
0.926112 9.99463E-05 9.99463E-05 9.99463E-05 9.99463E-05 9.99463E-05 9.99463E-05 0.0732883
9.99554E-05 9.99554E-05 9.99554E-05 9.99554E-05 0.0520623 0.937331 9.99554E-05 0.0101067
9.9982E-05 0.313889 0.11127 0.0283268 9.9982E-05 0.0743925 0.138949 0.332973
0.410756 0.0488334 9.997E-05 0.0814603 9.997E-05 9.997E-05 0.236429 0.222222
0.402935 0.340143 0.0351092 0.031274 0.0930458 0.0548916 9.9991E-05 0.0425011
0.117728 9.99731E-05 0.00684521 0.163974 9.99731E-05 0.13281 9.99731E-05 0.578343
0.0197103 0.57481 0.134244 0.0104177 9.99821E-05 9.99821E-05 0.140155 0.120463
0.286416 0.428746 9.99642E-05 9.99642E-05 9.99642E-05 9.99642E-05 0.078974 0.205464
0.464237 0.370585 9.99643E-05 9.99643E-05 9.99643E-05 0.0526383 9.99643E-05 0.11214
0.0250972 0.0973482 0.0140191 9.99911E-05 0.0189257 0.259003 0.194893 0.390614
9.99462E-05 9.99462E-05 9.99462E-05 0.856995 9.99462E-05 0.142405 9.99462E-05 9.99462E-05
0.108174 0.00639269 0.236507 0.107436 9.9991E-05 0.0930421 0.0353093 0.413039
9.99642E-05 0.306694 0.204043 0.0783191 9.99642E-05 9.99642E-05 9.99642E-05 0.410544
9.99642E-05 9.99642E-05 0.491169 9.99642E-05 0.234287 0.147568 9.99642E-05 0.126576
0.173693 9.99731E-05 0.387698 0.0562038 0.175675 9.99731E-05 9.99731E-05 0.20643
0.0873347 0.175899 0.128064 0.0227516 0.0152523 0.194094 0.0552236 0.321381
0.213241 0.668526 9.99732E-05 9.99732E-05 0.0405634 9.99732E-05 0.0289189 0.0484499
0.0335832 9.9946E-05 9.9946E-05 0.965817 9.9946E-05 9.9946E-05 9.9946E-05 9.9946E-05
0.0148493 0.518085 9.99644E-05 9.99644E-05 0.0689234 9.99644E-05 9.99644E-05 0.397742
0.010243 0.397306 9.998E-05 0.087064 0.128163 0.266362 9.998E-05 0.110662
9.99642E-05 0.698809 9.99642E-05 0.138496 9.99642E-05 0.0307587 0.131536 9.99642E-05
9.99641E-05 0.143966 9.99641E-05 0.120778 9.99641E-05 0.686907 0.047948 9.99641E-05
