9.99639E-05 0.155333 9.99639E-05 0.0437571 0.00773557 0.714453 0.0783224 9.99639E-05 9.99639E-05
0.159566 0.201979 0.141883 9.9991E-05 0.0333538 0.232197 0.109516 0.0395963 0.0818102
0.138628 0.24895 0.131679 0.094577 9.9982E-05 0.178875 0.0780938 0.128997 9.9982E-05
0.483615 9.9964E-05 9.9964E-05 9.9964E-05 0.105929 0.221669 9.9964E-05 0.0906752 0.0977118
0.488426 0.216592 0.0367451 9.9982E-05 0.0526438 0.0817831 9.9982E-05 0.114811 0.00879891
0.698195 9.9973E-05 0.0616095 0.0350532 0.111072 9.9973E-05 9.9973E-05 0.0502057 0.0435655
0.245437 0.255348 0.0229513 9.9982E-05 0.033752 0.229919 9.9982E-05 0.148181 0.0642123
0.01095 0.248328 0.45815 0.00177852 0.0125807 0.211908 9.9982E-05 0.056105 9.9982E-05
0.118409 0.201794 0.00651167 0.405288 0.0913625 0.126752 9.9982E-05 9.9982E-05 0.0496821
9.9982E-05 0.161921 9.9982E-05 0.225958 0.221281 0.0881201 0.0757446 0.0790851 0.14769
9.99549E-05 9.99549E-05 0.0873912 0.658225 0.172526 9.99549E-05 0.0813586 9.99549E-05 9.99549E-05
0.0628873 9.99639E-05 9.99639E-05 0.785507 9.99639E-05 9.99639E-05 0.106624 0.0265946 0.0179873
0.291403 0.341303 0.0884926 0.0689681 0.0436415 9.9982E-05 0.0625349 0.103456 9.9982E-05
0.167488 9.9982E-05 0.163292 9.9982E-05 0.0544185 0.219686 0.242474 0.0727713 0.0796702
9.99549E-05 9.99549E-05 0.766235 0.158444 0.0513622 9.99549E-05 9.99549E-05 0.0234592 9.99549E-05
9.9982E-05 9.9982E-05 0.432815 0.0430695 0.0061591 0.153035 0.14843 0.0560863 0.160206
0.0874003 9.9955E-05 0.66317 9.9955E-05 0.141694 9.9955E-05 9.9955E-05 9.9955E-05 0.107236
0.00660273 9.9973E-05 9.9973E-05 9.9973E-05 0.0272089 0.172401 0.462163 0.167481 0.163843
0.332853 9.9982E-05 0.141946 0.250241 9.9982E-05 0.0162114 0.0898734 0.0801217 0.0885532
0.18478 0.150955 0.120882 0.153351 0.0968083 0.191352 9.9991E-05 0.0971637 0.00460831
0.0420781 0.385908 0.00791604 0.177353 0.0835747 0.201135 9.9982E-05 0.101836 9.9982E-05
0.00426146 0.683483 0.190089 9.99729E-05 0.0601909 0.00313632 9.99729E-05 0.0585389 9.99729E-05
0.165407 0.147156 0.169271 0.0208382 0.0580907 0.132483 0.191307 0.115347 9.9991E-05
0.373407 0.0693533 9.9982E-05 0.0230311 9.9982E-05 0.171062 0.0784328 0.0179099 0.266604
9.9946E-05 9.9946E-05 9.9946E-05 0.798397 0.182361 9.9946E-05 9.9946E-05 0.0186421 9.9946E-05
0.309703 9.9991E-05 0.000434701 0.185489 0.0536873 0.244488 0.0220158 0.0144242 0.169658
9.9982E-05 0.252282 0.120753 9.9982E-05 0.056589 0.0818234 0.250105 0.0850625 0.153185
0.208343 9.9991E-05 0.0981497 0.157056 0.0373142 0.174242 0.0842236 0.00349283 0.237079
0.270902 0.22261 0.10029 0.0334656 0.0138381 0.0246021 0.211533 9.9991E-05 0.12266
0.221204 0.118497 0.0328699 0.0288117 0.0103225 0.038704 9.9982E-05 9.9982E-05 0.549392
0.254934 9.9964E-05 0.428162 0.271952 0.0248209 9.9964E-05 9.9964E-05 9.9964E-05 0.0197317
9.9973E-05 0.163096 9.9973E-05 0.329785 0.0160086 9.9973E-05 0.43922 0.0232509 0.0283391
0.686723 9.9973E-05 9.9973E-05 0.13271 0.00256727 0.0310031 9.9973E-05 0.074898 0.0717985
0.35932 0.173373 0.139311 9.99729E-05 0.103555 9.99729E-05 0.0919405 0.132202 9.99729E-05
0.352361 9.9973E-05 9.9973E-05 0.289532 0.124141 0.0944377 0.0729496 0.0662785 9.9973E-05
9.993E-05 9.993E-05 9.993E-05 9.993E-05 9.993E-05 0.999201 9.993E-05 9.993E-05 9.993E-05
0.612218 9.9973E-05 0.0159497 0.0349508 0.172909 0.151559 0.0121138 9.9973E-05 9.9973E-05
9.9964E-05 0.0812465 9.9964E-05 0.362846 0.18357 0.188006 9.9964E-05 9.9964E-05 0.183931
0.432973 9.9973E-05 0.206364 0.143327 0.124167 9.9973E-05 9.9973E-05 0.0553957 0.0374741
0.201311 9.9982E-05 0.17509 0.271057 0.00758566 0.0558715 0.197567 0.0913176 9.9982E-05
9.9973E-05 0.642762 0.205841 0.103211 0.0256937 9.9973E-05 9.9973E-05 0.00682417 0.0153679
0.135903 0.0453218 0.0371197 9.9991E-05 0.124162 0.1563 0.373103 0.0807241 0.047268
0.218775 0.555673 9.9973E-05 9.9973E-05 9.9973E-05 0.0996566 0.0379399 0.0781635 0.00949177
0.116747 0.014567 9.9973E-05 0.439911 9.9973E-05 0.131032 0.26918 9.9973E-05 0.0282625
9.9964E-05 0.469967 9.9964E-05 0.129092 9.9964E-05 9.9964E-05 0.310007 0.0475895 0.0429456
0.305589 9.9982E-05 0.00446525 0.172815 0.131993 0.0247507 0.349421 0.0107656 9.9982E-05
0.332243 0.103908 0.121235 9.9982E-05 9.9982E-05 0.158681 0.130908 0.069082 0.0837434
0.428821 0.0489991 0.031371 0.108283 9.9991E-05 0.0179603 0.259749 0.0222735 0.0824433
9.9964E-05 0.180179 0.190778 0.138299 9.9964E-05 9.9964E-05 0.391001 9.9964E-05 0.0993431
0.0842602 0.0586984 0.378531 0.226423 9.9982E-05 0.079859 9.9982E-05 0.0247346 0.147294
9.9982E-05 9.9982E-05 0.272369 0.353914 0.0652305 0.165334 0.0552259 0.0516837 0.0360427
0.0795957 9.9991E-05 0.224304 0.00609081 0.016079 0.1761 0.365798 0.111003 0.0209305
0.177617 9.9973E-05 0.385035 9.9973E-05 0.0310788 0.0777116 0.216832 9.9973E-05 0.111426
0.0754721 0.313276 0.166405 9.9991E-05 0.140067 0.00162042 0.0663906 0.051103 0.185567
0.0534639 0.104996 0.165032 0.0222621 9.9982E-05 9.9982E-05 0.424663 0.000580563 0.228803
0.237797 0.0674681 9.9973E-05 0.0512032 0.0412192 9.9973E-05 0.476593 0.12542 9.9973E-05
9.9982E-05 0.482231 0.120337 0.0642431 0.0100366 9.9982E-05 0.233721 0.00607911 0.0831521
0.409368 0.205857 9.9982E-05 0.226409 0.0254838 9.9982E-05 0.0112381 0.04982 0.0716233
0.276005 9.99639E-05 0.264229 0.246312 0.126068 9.99639E-05 0.086986 9.99639E-05 9.99639E-05
9.99729E-05 0.218029 9.99729E-05 0.241193 0.0878353 0.00547849 0.426978 0.0201868 9.99729E-05
0.948609 0.0199622 9.9946E-05 9.9946E-05 9.9946E-05 9.9946E-05 9.9946E-05 0.0308292 9.9946E-05
0.223882 0.110573 0.0303824 0.0054908 0.0973141 9.9982E-05 0.413121 0.119037 9.9982E-05
0.374209 9.9973E-05 0.212911 0.292786 9.9973E-05 0.0522402 9.9973E-05 0.0651898 0.00236375
9.9955E-05 9.9955E-05 9.9955E-05 0.0154456 9.9955E-05 0.0515363 9.9955E-05 0.0763727 0.856146
0.147493 9.9982E-05 0.137623 0.00777902 0.163354 0.330451 0.170058 9.9982E-05 0.0430425
0.0400865 9.9946E-05 0.0107898 9.9946E-05 9.9946E-05 0.948524 9.9946E-05 9.9946E-05 9.9946E-05
0.202645 0.0493411 0.0236695 0.0431491 0.0726766 0.271673 0.210918 0.125828 9.9991E-05
0.215611 0.416482 0.150422 0.145847 9.9973E-05 9.9973E-05 9.9973E-05 0.0399337 0.0314047
0.385787 9.9955E-05 9.9955E-05 0.125023 9.9955E-05 0.38114 9.9955E-05 9.9955E-05 0.10755
9.9973E-05 0.415604 0.277082 9.9973E-05 0.00493043 0.0448735 9.9973E-05 0.0789971 0.178214
9.9946E-05 9.9946E-05 9.9946E-05 9.9946E-05 0.0193299 9.9946E-05 0.977392 9.9946E-05 0.00267862
9.999E-05 0.146927 0.466132 0.0523707 0.00518867 0.195699 0.048879 0.0519925 0.0327103
0.0388119 0.0917256 0.287897 0.341761 0.0236773 0.0377918 0.0318605 0.056897 0.0895773
9.9973E-05 0.130931 0.404454 0.154343 0.0533521 9.9973E-05 0.102977 9.9973E-05 0.153644
0.0233662 0.547908 0.15384 9.9964E-05 0.161962 9.9964E-05 9.9964E-05 9.9964E-05 0.112525
9.9973E-05 0.0415928 0.383988 9.9973E-05 0.0768396 9.9973E-05 0.457989 0.0324389 0.00685208
0.439552 0.361691 9.9964E-05 0.0263697 9.9964E-05 9.9964E-05 0.0153595 0.156627 9.9964E-05
0.795107 9.9955E-05 9.9955E-05 9.9955E-05 0.0840145 9.9955E-05 0.0763306 0.0440477 9.9955E-05
0.877072 9.99549E-05 9.99549E-05 9.99549E-05 0.0284815 0.0492649 0.0446816 9.99549E-05 9.99549E-05
0.535681 0.175748 9.9964E-05 9.9964E-05 9.9964E-05 9.9964E-05 0.136164 0.0349036 0.117104
0.173355 0.409266 0.0455669 0.0291386 0.0211303 0.186527 9.9991E-05 0.12384 0.0110769
0.474108 9.9982E-05 9.9982E-05 0.159805 0.0857983 0.175266 0.03902 0.0540381 0.011765
0.0755407 0.215526 9.9973E-05 0.083374 0.0154085 9.9973E-05 0.439756 9.9973E-05 0.170095
0.078819 9.99641E-05 0.283575 0.395439 9.99641E-05 9.99641E-05 0.171139 9.99641E-05 0.0706286
0.411205 0.173875 9.9982E-05 0.171469 9.9982E-05 0.0599445 0.105496 0.051671 0.0261401
0.11568 0.31775 0.0453495 0.288773 0.0757697 0.125463 0.0310152 9.9982E-05 9.9982E-05
0.0500739 9.9973E-05 0.0501049 9.9973E-05 0.00601437 0.787723 0.0724671 0.0333166 9.9973E-05
0.146909 0.0612127 0.00567927 0.478937 0.0816157 9.9982E-05 0.137574 0.0878723 9.9982E-05
9.9982E-05 9.9982E-05 0.288306 0.0295518 0.0650059 0.277339 0.131467 0.0443178 0.163812
9.9955E-05 0.429504 9.9955E-05 0.460712 9.9955E-05 0.0648746 9.9955E-05 0.0444096 9.9955E-05
9.9946E-05 9.9946E-05 0.00600453 9.9946E-05 0.021376 9.9946E-05 9.9946E-05 9.9946E-05 0.97202
9.9955E-05 0.670953 0.0649034 0.226691 0.0369525 9.9955E-05 9.9955E-05 9.9955E-05 9.9955E-05
0.580603 9.9973E-05 0.0588626 0.0230659 0.0571182 0.166536 9.9973E-05 0.113514 9.9973E-05
9.9982E-05 0.00193322 0.575555 0.191447 9.9982E-05 0.0951036 0.0799906 0.0337466 0.0220238
0.44507 0.285298 0.01836 9.9973E-05 0.0481419 0.178486 9.9973E-05 0.0243444 9.9973E-05
0.424632 0.346184 0.0519982 0.0213005 0.0717519 0.0508584 9.9991E-05 0.0136976 0.0194774
9.9955E-05 0.771042 9.9955E-05 9.9955E-05 0.0228998 0.0474197 0.158138 9.9955E-05 9.9955E-05
0.20975 9.99551E-05 9.99551E-05 9.99551E-05 0.0266509 9.99551E-05 0.67909 0.0840088 9.99551E-05
0.0646449 0.0351729 9.9973E-05 0.247955 9.9973E-05 0.040842 9.9973E-05 0.131909 0.479176
0.164893 0.0200632 0.0348478 0.160114 9.9982E-05 0.136616 0.169689 9.9982E-05 0.313577
0.0935964 9.99729E-05 0.0636171 0.302748 9.99729E-05 0.226154 0.216402 9.99729E-05 0.0971819
9.993E-05 9.993E-05 9.993E-05 9.993E-05 9.993E-05 9.993E-05 9.993E-05 9.993E-05 0.999201
0.0770019 9.9982E-05 0.43022 0.2612 0.148801 0.0155304 9.9982E-05 0.00351293 0.0635346
9.99369E-05 9.99369E-05 9.99369E-05 9.99369E-05 0.988141 0.0111598 9.99369E-05 9.99369E-05 9.99369E-05
9.9973E-05 9.9973E-05 0.268388 0.448226 0.120849 0.145414 9.9973E-05 0.00239505 0.0144274
0.153505 0.0873008 0.398259 0.32958 9.9964E-05 0.0309555 9.9964E-05 9.9964E-05 9.9964E-05
0.0788838 0.27698 0.21572 0.0487672 0.0124441 0.112628 0.22661 9.9991E-05 0.0278674
9.9973E-05 0.26469 0.274881 0.133345 0.0435929 0.2131 9.9973E-05 0.0700915 9.9973E-05
0.00660985 0.109082 0.227191 0.0254108 0.0378843 9.9982E-05 0.469669 9.9982E-05 0.123954
0.00294191 0.100534 0.188102 0.155361 9.9991E-05 0.258346 0.239399 0.0319649 0.0232517
0.520616 0.0239869 0.119202 0.108253 0.155229 0.0356822 9.9982E-05 0.0368301 9.9982E-05
9.9964E-05 0.357189 9.9964E-05 0.323429 9.9964E-05 9.9964E-05 0.157873 0.0815946 0.0795143
0.336824 0.129167 0.317651 0.177763 0.0342073 9.9973E-05 9.9973E-05 9.9973E-05 0.0040871
0.168106 0.146572 0.0426577 0.0172925 0.0549023 9.9991E-05 0.0545245 0.0747623 0.441083
0.207036 0.494885 0.0174786 9.9982E-05 0.133717 0.00235591 9.9982E-05 0.0275682 0.11676
9.993E-05 9.993E-05 9.993E-05 9.993E-05 9.993E-05 9.993E-05 9.993E-05 9.993E-05 0.999201
0.0421084 0.151885 0.315663 0.217534 0.194821 0.0776894 9.9973E-05 9.9973E-05 9.9973E-05
0.0697626 0.250341 9.9982E-05 9.9982E-05 0.00698182 0.405197 0.245122 0.0117378 0.010657
0.381649 0.479764 9.9964E-05 0.114296 9.9964E-05 9.9964E-05 9.9964E-05 0.0112329 0.0126576
9.998E-05 0.13605 9.998E-05 0.426015 0.0410066 0.146838 0.135516 0.0359465 0.0784281
0.427902 0.0586581 0.0692178 9.9991E-05 0.0249622 0.107922 0.101332 0.111857 0.0980488
0.163129 9.9982E-05 0.0252191 0.0592743 0.0282746 0.139397 9.9982E-05 0.0845769 0.499929
0.251089 0.282281 0.00569944 9.9982E-05 0.0468169 9.9982E-05 0.171367 0.100124 0.142423
0.508481 9.9955E-05 0.235158 0.187856 0.0680052 9.9955E-05 9.9955E-05 9.9955E-05 9.9955E-05
9.9964E-05 0.213592 9.9964E-05 0.345117 9.9964E-05 9.9964E-05 0.331178 0.0627529 0.0469604
0.607024 0.0233346 0.271575 9.99731E-05 9.99731E-05 9.99731E-05 0.0401018 0.036139 0.0215264
9.9946E-05 0.0336545 0.208571 0.757175 9.9946E-05 9.9946E-05 9.9946E-05 9.9946E-05 9.9946E-05
0.158146 0.172697 9.9982E-05 0.201071 0.030703 9.9982E-05 0.188402 0.0418127 0.206968
0.416048 0.124412 9.9946E-05 0.458941 9.9946E-05 9.9946E-05 9.9946E-05 9.9946E-05 9.9946E-05
0.0233584 0.0652662 9.9982E-05 0.261739 0.0614392 0.252876 0.0801951 9.9982E-05 0.254926
0.0908371 0.168522 9.9964E-05 9.9964E-05 9.9964E-05 0.602495 9.9964E-05 0.0897049 0.0480409
0.710247 0.0227051 0.0127222 0.0269445 0.0275007 0.0589704 9.9991E-05 0.118768 0.0220415
0.328496 9.9964E-05 9.9964E-05 0.201662 0.0440179 9.9964E-05 0.179441 9.9964E-05 0.245984
0.251947 0.148498 0.34143 0.0918111 9.9973E-05 9.9973E-05 9.9973E-05 0.0401115 0.125902
0.238638 0.0938323 9.9973E-05 0.178236 0.0691717 0.290262 0.12956 9.9973E-05 9.9973E-05
0.0365451 9.9982E-05 9.9982E-05 0.38917 0.0383728 0.0145953 0.350663 0.0945574 0.0758963
0.0525384 9.9937E-05 0.946762 9.9937E-05 9.9937E-05 9.9937E-05 9.9937E-05 9.9937E-05 9.9937E-05
9.9937E-05 9.9937E-05 0.978461 9.9937E-05 9.9937E-05 9.9937E-05 9.9937E-05 0.0208397 9.9937E-05
9.9955E-05 0.669968 9.9955E-05 0.113395 9.9955E-05 9.9955E-05 0.126105 0.0900314 9.9955E-05
0.641127 9.9973E-05 0.0255144 0.181119 0.0809485 9.9973E-05 9.9973E-05 0.0623076 0.00868343
0.250138 0.450417 9.9964E-05 9.9964E-05 0.137712 9.9964E-05 0.0501891 0.111144 9.9964E-05
9.9964E-05 9.9964E-05 0.508767 0.376842 0.07541 9.9964E-05 0.0329197 0.0056614 9.9964E-05
0.459616 9.9973E-05 9.9973E-05 0.159445 0.062747 9.9973E-05 0.148463 0.0163011 0.153128
9.9982E-05 0.149164 9.9982E-05 0.43869 0.017655 0.109351 0.188684 0.0100659 0.0861901
0.507856 0.1336 0.0848537 9.9982E-05 0.0847867 0.069569 9.9982E-05 0.0877867 0.0313484
0.116615 0.222703 0.00759203 0.00699721 0.0112071 0.0745182 9.9991E-05 0.153827 0.406441
0.0714267 0.69547 0.15202 9.9973E-05 0.0218534 0.0544922 9.9973E-05 0.00443736 9.9973E-05
9.993E-05 9.993E-05 9.993E-05 9.993E-05 9.993E-05 9.993E-05 9.993E-05 0.999201 9.993E-05
0.132187 0.0856864 0.0140284 9.9973E-05 0.0965735 0.576648 9.9973E-05 0.0945773 9.9973E-05
0.145294 0.301142 0.0462142 0.0220382 0.264714 0.133764 9.9982E-05 0.0866346 9.9982E-05
0.0637221 9.9964E-05 0.00318255 0.823035 0.0569985 9.9964E-05 9.9964E-05 9.9964E-05 0.052662
0.146742 0.413303 0.130932 9.9973E-05 0.152707 0.0410971 9.9973E-05 0.114919 9.9973E-05
9.9973E-05 0.288259 9.9973E-05 0.287197 9.9973E-05 0.10884 0.138743 0.174366 0.00229482
0.0726992 0.589083 0.100042 0.0209924 9.9982E-05 9.9982E-05 0.124329 0.0817232 0.0109318
0.302137 0.00845007 0.0826154 0.461477 9.9982E-05 0.0741675 9.9982E-05 0.048453 0.0225
9.9973E-05 0.411661 0.252041 9.9973E-05 0.0147337 0.0469455 9.9973E-05 0.108852 0.165467
0.228139 0.0792761 9.99729E-05 0.177489 9.99729E-05 0.181229 0.255973 0.0775949 9.99729E-05
0.232276 0.251979 9.9982E-05 0.262868 0.0446658 9.9982E-05 0.0667109 0.0330242 0.108276
0.156737 0.0807745 9.9955E-05 9.9955E-05 9.9955E-05 0.627545 9.9955E-05 9.9955E-05 0.134443
0.192121 0.144304 0.141622 9.9991E-05 0.0256382 0.116976 0.147694 0.0728301 0.158715
0.127385 0.00545897 0.0903346 0.543579 0.0197529 0.139846 9.9982E-05 0.0734443 9.9982E-05
9.993E-05 9.993E-05 9.993E-05 9.993E-05 9.993E-05 9.993E-05 9.993E-05 0.999201 9.993E-05
0.058747 9.9982E-05 0.214003 0.062942 0.0273846 0.158784 0.0469942 0.430946 9.9982E-05
0.0590899 0.578221 0.325458 9.9955E-05 0.0367313 9.9955E-05 9.9955E-05 9.9955E-05 9.9955E-05
0.172006 0.474142 9.9991E-05 0.159605 0.00875068 0.0586116 0.0372805 0.0751339 0.0143702
9.9955E-05 9.9955E-05 9.9955E-05 0.262508 0.0293641 0.672953 9.9955E-05 0.0346754 9.9955E-05
0.271349 0.0637557 0.139228 0.385907 9.99729E-05 0.126863 9.99729E-05 0.0125974 9.99729E-05
9.99639E-05 0.284082 0.153237 9.99639E-05 0.0812055 9.99639E-05 0.406441 0.0746346 9.99639E-05
9.9937E-05 9.9937E-05 0.895592 9.9937E-05 9.9937E-05 9.9937E-05 0.103708 9.9937E-05 9.9937E-05
0.160414 0.321204 0.113192 0.0858348 9.9982E-05 0.183076 9.9982E-05 0.121392 0.0146864
0.0674224 9.99639E-05 0.133811 0.302334 9.99639E-05 9.99639E-05 0.378189 9.99639E-05 0.117843
0.0511312 9.9982E-05 0.301642 0.0496293 0.114133 9.9982E-05 0.330752 0.0373761 0.115137
0.168901 9.9982E-05 0.00679448 0.0378749 9.9982E-05 0.173285 0.365663 0.112449 0.134833
9.9937E-05 9.9937E-05 0.0688549 9.9937E-05 9.9937E-05 9.9937E-05 0.930446 9.9937E-05 9.9937E-05
0.37943 9.9964E-05 0.123798 9.9964E-05 9.9964E-05 0.241407 0.164556 0.0904097 9.9964E-05
0.355533 0.0223791 9.9964E-05 9.9964E-05 0.0788736 0.0170684 0.525746 9.9964E-05 9.9964E-05
0.188645 0.288034 0.172064 0.163542 0.00333998 0.0430233 0.0738618 0.06739 9.9991E-05
0.351447 9.9982E-05 0.0787039 0.260527 0.119461 9.9982E-05 0.0357048 0.00724916 0.146708
9.99369E-05 9.99369E-05 9.99369E-05 9.99369E-05 0.986024 9.99369E-05 9.99369E-05 9.99369E-05 0.0132766
9.9973E-05 0.64775 0.080743 0.0255359 9.9973E-05 9.9973E-05 0.137006 0.0559773 0.0526881
0.0229361 9.9982E-05 0.61166 0.0128357 0.0844402 0.00998783 9.9982E-05 0.0151298 0.24281
9.9982E-05 0.00145201 0.171318 0.472061 0.0679049 0.108154 9.9982E-05 0.111989 0.0669215
9.9973E-05 0.190972 0.320509 9.9973E-05 0.0122581 0.275038 0.188143 0.0127799 9.9973E-05
0.164407 0.492042 0.0252231 0.0337961 9.9982E-05 0.168404 9.9982E-05 0.00389724 0.11203
0.239266 9.9973E-05 0.170148 0.144691 0.0591133 0.352528 0.0339523 9.9973E-05 9.9973E-05
9.993E-05 9.993E-05 9.993E-05 9.993E-05 0.999201 9.993E-05 9.993E-05 9.993E-05 9.993E-05
0.360682 0.205451 9.9973E-05 0.0324863 9.9973E-05 0.094938 0.19517 0.110972 9.9973E-05
9.997E-05 9.997E-05 0.28366 9.997E-05 0.137771 0.206609 0.232562 0.0484947 0.0906031
0.386487 0.30664 0.110788 9.99729E-05 0.0034949 0.135381 9.99729E-05 0.0569102 9.99729E-05
9.9973E-05 0.332444 0.109006 9.9973E-05 9.9973E-05 0.211805 0.235515 0.00225741 0.108672
