0.457592 0.173352 0.140642 0.084557 0.143858
0.428445 0.0581234 0.128116 9.9991E-05 0.385215
0.220953 0.269872 0.285155 0.0735268 0.150493
9.999E-05 0.179545 0.0936618 0.645575 0.0811182
0.232267 0.326189 9.99821E-05 9.99821E-05 0.441345
9.999E-05 0.144806 0.421995 0.0966152 0.336483
0.120638 0.110234 0.101735 0.148859 0.518534
0.504849 0.089162 0.1552 9.9991E-05 0.250689
0.252385 0.243249 0.0271928 0.461162 0.016012
0.257393 0.126259 0.278456 0.335865 0.00202787
0.144561 0.559276 0.0959973 0.200066 9.9991E-05
0.263467 9.99821E-05 9.99821E-05 0.34021 0.396123
0.485355 0.0392222 0.0481071 0.366231 0.0610848
9.999E-05 0.0614216 0.022661 0.000730087 0.915087
0.024589 9.99821E-05 0.11499 0.860221 9.99821E-05
0.161796 0.29905 0.00144559 0.326187 0.211521
9.99821E-05 0.344505 9.99821E-05 0.588581 0.066715
9.999E-05 0.110696 0.216839 0.302788 0.369577
0.9996 9.997E-05 9.997E-05 9.997E-05 9.997E-05
9.999E-05 0.171343 0.289598 0.165487 0.373472
9.999E-05 0.127266 0.337322 0.162065 0.373247
0.726062 0.273638 9.99731E-05 9.99731E-05 9.99731E-05
9.999E-05 0.133381 0.11459 0.561834 0.190095
0.0397201 0.751803 9.9982E-05 9.9982E-05 0.208277
0.0368529 0.546695 0.416252 9.99821E-05 9.99821E-05
0.29141 0.268633 0.230732 0.209125 9.9991E-05
0.428932 0.153392 9.9991E-05 0.0788635 0.338713
0.707049 0.179461 0.0194534 0.0177355 0.0763015
0.314761 9.99821E-05 0.517442 9.99821E-05 0.167598
9.99732E-05 0.964061 9.99732E-05 0.0356389 9.99732E-05
0.344601 9.99821E-05 0.332103 9.99821E-05 0.323096
0.096191 9.9991E-05 0.176987 0.0976182 0.629104
0.17442 0.0689661 0.60277 9.99911E-05 0.153745
0.377246 0.0626871 0.194356 0.0862815 0.279429
0.092811 0.347859 0.105023 0.144795 0.309512
9.99911E-05 0.0721188 0.0577551 0.119699 0.750328
0.31772 0.193143 0.222728 0.00420751 0.262202
0.0684601 0.279875 0.627567 9.99911E-05 0.0239986
0.325391 0.0854357 0.227674 9.9991E-05 0.361399
0.19563 0.0332185 0.316683 0.110876 0.343592
0.131532 0.367923 9.99911E-05 0.427467 0.0729782
9.99911E-05 0.0209893 0.209839 0.593311 0.17576
0.471658 0.176807 0.163298 9.9991E-05 0.188137
0.438126 0.0813866 0.0959054 0.374451 0.0101314
0.231362 0.0621281 0.23971 0.0620344 0.404765
0.0256307 0.0403325 0.267255 0.434257 0.232524
9.997E-05 9.997E-05 9.997E-05 0.9996 9.997E-05
9.99821E-05 9.99821E-05 0.113448 0.669738 0.216614
9.99733E-05 9.99733E-05 0.248287 0.751413 9.99733E-05
0.0740617 0.0504312 0.402784 9.9991E-05 0.472623
0.207285 0.538555 0.124995 0.129065 9.9991E-05
0.0893585 9.99821E-05 0.221641 9.99821E-05 0.6888
0.330977 0.216422 9.99821E-05 0.452402 9.99821E-05
0.281634 0.00132114 0.47166 0.245285 9.9991E-05
0.236031 0.0463538 0.0750425 9.99911E-05 0.642473
0.465307 9.99911E-05 0.383705 0.0177434 0.133144
0.438384 0.331207 9.9982E-05 0.230209 9.9982E-05
0.57247 9.99733E-05 9.99733E-05 9.99733E-05 0.42723
0.535311 9.9991E-05 0.0244267 0.0620666 0.378096
9.9991E-05 0.0669066 0.395977 0.185487 0.351529
0.644244 0.0475683 0.161478 0.14661 9.99911E-05
9.99821E-05 0.128042 9.99821E-05 0.692311 0.179446
0.690774 0.0108382 9.9982E-05 0.298188 9.9982E-05
9.99821E-05 0.597902 0.142331 9.99821E-05 0.259566
0.54272 0.220348 0.193038 0.043793 9.9991E-05
0.417064 0.11226 0.112614 0.357962 9.9991E-05
9.9991E-05 0.213942 0.359076 0.000700782 0.426181
0.437437 9.99821E-05 9.99821E-05 0.357848 0.204515
0.566685 9.99821E-05 0.395913 0.0372022 9.99821E-05
0.339433 0.18282 0.477547 9.99821E-05 9.99821E-05
9.99821E-05 9.99821E-05 0.148518 0.320583 0.530699
0.532662 0.118902 9.99821E-05 0.348236 9.99821E-05
0.142774 9.99732E-05 9.99732E-05 9.99732E-05 0.856926
0.551606 0.0124456 0.302454 0.124688 0.00880724
0.276968 0.0747372 0.264131 0.0385464 0.345617
0.496377 9.99821E-05 9.99821E-05 0.268594 0.234829
0.0134986 9.99822E-05 0.153809 0.832492 9.99822E-05
0.631358 0.277002 0.00965329 0.0195795 0.0624064
0.670403 0.0609883 0.268409 9.9982E-05 9.9982E-05
0.519244 9.99821E-05 0.100682 9.99821E-05 0.379874
0.292355 0.015088 0.0974695 9.99911E-05 0.594987
0.360769 0.255147 0.373542 9.99911E-05 0.0104417
9.99732E-05 9.99732E-05 0.537354 9.99732E-05 0.462346
0.388499 0.0228097 0.588491 9.99821E-05 9.99821E-05
9.99821E-05 0.128978 9.99821E-05 0.511141 0.359681
0.109599 0.0115741 0.02316 0.602666 0.253
0.28937 0.066329 0.0445319 9.99911E-05 0.599669
9.99821E-05 0.732984 9.99821E-05 0.0601793 0.206637
0.131856 0.0670646 0.639128 0.161852 9.99911E-05
0.55355 0.0750897 0.37116 9.99821E-05 9.99821E-05
9.99822E-05 0.762687 0.102108 0.135005 9.99822E-05
9.99911E-05 0.13091 0.173172 0.044833 0.650985
9.99821E-05 9.99821E-05 0.0569544 0.511657 0.431189
9.9991E-05 0.111544 0.23492 0.290976 0.362461
0.345584 9.99821E-05 9.99821E-05 0.313382 0.340834
0.249785 9.9982E-05 9.9982E-05 0.201853 0.548163
9.9991E-05 0.251794 0.175861 0.253214 0.31903
9.99821E-05 9.99821E-05 0.0940267 0.696291 0.209483
0.145033 0.540626 0.0855779 9.9991E-05 0.228663
9.9982E-05 0.485564 9.9982E-05 0.195338 0.318898
0.407942 0.303147 9.99822E-05 9.99822E-05 0.288711
9.997E-05 0.9996 9.997E-05 9.997E-05 9.997E-05
0.493111 0.288127 0.218562 9.99821E-05 9.99821E-05
9.99821E-05 0.276586 0.712048 0.0111668 9.99821E-05
0.527339 0.0339709 0.0930208 0.229178 0.116491
0.217089 0.123487 9.99821E-05 0.659224 9.99821E-05
0.300553 9.99821E-05 0.366613 9.99821E-05 0.332634
0.31818 0.171547 0.335611 0.0267664 0.147895
0.263145 9.99732E-05 0.736555 9.99732E-05 9.99732E-05
9.99821E-05 0.042905 0.864187 9.99821E-05 0.0927083
9.99911E-05 0.318411 0.0516474 0.114591 0.51525
0.512989 0.215617 0.25216 9.9991E-05 0.0191344
0.0395793 0.544127 0.250782 9.99911E-05 0.165411
0.652608 0.150945 0.110363 9.9991E-05 0.0859842
9.997E-05 0.9996 9.997E-05 9.997E-05 9.997E-05
0.503073 0.0921172 9.99911E-05 0.367094 0.0376164
0.199835 0.0317146 0.172059 0.517834 0.0785569
0.830421 9.99821E-05 0.00884116 9.99821E-05 0.160538
0.697536 0.134732 0.167532 9.99821E-05 9.99821E-05
9.9991E-05 0.00773804 0.324924 0.150516 0.516722
0.227076 0.561621 9.9982E-05 0.211103 9.9982E-05
9.99821E-05 0.347845 0.128829 9.99821E-05 0.523127
9.9991E-05 0.00143464 0.505433 0.257613 0.23542
9.99821E-05 9.99821E-05 0.338762 0.163017 0.498021
9.99821E-05 0.0940121 0.176537 0.729251 9.99821E-05
0.310396 0.132572 0.0269627 0.529969 9.9991E-05
0.137002 0.016716 0.0123251 0.609214 0.224742
0.386539 9.9991E-05 0.286933 0.168198 0.15823
9.99821E-05 0.15667 0.698764 9.99821E-05 0.144365
9.99821E-05 0.104208 0.461131 9.99821E-05 0.434461
0.0744229 9.99821E-05 9.99821E-05 0.894541 0.0308356
9.9991E-05 0.144147 0.0426791 0.130713 0.682361
0.6009 9.99821E-05 9.99821E-05 0.375248 0.0236519
0.617978 9.99821E-05 0.364844 0.0169783 9.99821E-05
0.189808 9.9991E-05 0.289807 0.263878 0.256406
9.99821E-05 9.99821E-05 0.739501 0.0225234 0.237776
0.288906 9.99732E-05 0.710794 9.99732E-05 9.99732E-05
0.00327597 9.99821E-05 0.824267 9.99821E-05 0.172257
0.685108 9.99821E-05 0.243184 9.99821E-05 0.0715076
0.161021 9.99821E-05 0.49381 0.344968 9.99821E-05
0.519955 0.164701 0.0949865 9.99911E-05 0.220258
0.0614323 0.129057 0.267484 0.0171101 0.524916
0.308858 9.9991E-05 0.232552 0.194851 0.263639
0.464416 0.278842 0.0181226 0.23852 9.99911E-05
9.99821E-05 0.618933 0.027723 0.353144 9.99821E-05
0.283705 0.0453595 0.372577 0.244123 0.0542358
9.99731E-05 9.99731E-05 9.99731E-05 0.00161825 0.998082
0.172619 0.341646 0.278783 0.0182633 0.188688
0.213666 0.260801 9.99821E-05 9.99821E-05 0.525333
0.160243 9.99911E-05 0.182013 0.192967 0.464676
0.606917 0.0726871 0.129471 9.99911E-05 0.190825
0.591126 0.0321123 9.9991E-05 0.350834 0.0258287
0.413373 0.0126504 0.305565 9.9991E-05 0.268311
0.44886 0.233502 0.17458 9.99911E-05 0.142959
9.99822E-05 0.304818 0.214682 9.99822E-05 0.4803
9.99821E-05 9.99821E-05 0.438386 0.14883 0.412584
0.0389748 0.0372028 0.481234 9.99911E-05 0.442488
0.442427 0.170741 0.291309 9.99911E-05 0.0954236
0.482925 0.083943 0.357521 0.0449041 0.0307069
0.373718 0.290725 0.291592 0.043865 9.9991E-05
9.997E-05 9.997E-05 9.997E-05 9.997E-05 0.9996
0.540693 9.9991E-05 0.111159 0.184135 0.163913
0.534678 0.0659855 9.99821E-05 9.99821E-05 0.399136
0.268433 9.99821E-05 9.99821E-05 0.584994 0.146373
0.593799 9.99732E-05 9.99732E-05 0.405902 9.99732E-05
0.0815685 0.142105 0.0887216 0.506827 0.180778
0.278137 9.9991E-05 0.490607 0.156589 0.0745674
0.506939 9.99732E-05 0.492761 9.99732E-05 9.99732E-05
9.997E-05 9.997E-05 9.997E-05 9.997E-05 0.9996
0.149254 0.090898 0.0329989 0.319937 0.406912
0.139453 0.1364 0.517453 0.206594 9.99911E-05
0.437692 9.99821E-05 0.302831 9.99821E-05 0.259278
0.492554 9.9991E-05 0.125003 0.164979 0.217365
9.9991E-05 0.348054 0.087778 0.488007 0.0760614
0.333186 0.133709 0.207454 0.325551 9.9991E-05
0.569463 9.99821E-05 0.36975 0.0605873 9.99821E-05
0.33924 0.349763 9.99911E-05 0.138025 0.172871
9.997E-05 9.997E-05 0.9996 9.997E-05 9.997E-05
0.217352 0.159669 0.439885 0.182994 9.9991E-05
0.382148 0.0172839 9.99911E-05 0.565449 0.035019
9.99821E-05 9.99821E-05 0.0445025 0.420396 0.534901
0.169186 9.99911E-05 0.380878 0.281918 0.167919
0.0789473 0.0144167 0.441432 0.31964 0.145564
0.477676 0.134367 0.137884 9.99911E-05 0.249974
9.99731E-05 0.0332833 0.966417 9.99731E-05 9.99731E-05
0.713927 9.99821E-05 9.99821E-05 0.207193 0.0786796
0.285986 9.99821E-05 0.112748 9.99821E-05 0.601066
0.222542 0.401381 9.99821E-05 9.99821E-05 0.375877
9.9991E-05 0.1599 0.151067 0.161733 0.527201
