9.99642E-05 0.31404 9.99642E-05 0.213691 9.99642E-05 0.471869 9.99642E-05
0.0548429 0.516548 9.9982E-05 0.184618 9.9982E-05 0.210193 0.0335986
0.00604158 0.549728 0.130286 9.99821E-05 9.99821E-05 0.278132 0.035612
9.99731E-05 9.99731E-05 0.0748297 0.0937038 0.385781 0.445385 9.99731E-05
0.301087 9.99731E-05 9.99731E-05 0.127268 9.99731E-05 0.556826 0.0145194
0.0857947 9.9991E-05 0.184907 0.0617278 0.125961 0.430217 0.111293
0.278322 0.0598871 9.99911E-05 0.281347 0.0165521 0.298469 0.065323
0.613842 9.99731E-05 9.99731E-05 0.0782539 9.99731E-05 0.247205 0.0603995
0.230894 9.99732E-05 0.0115599 9.99732E-05 0.631902 0.125344 9.99732E-05
9.99731E-05 0.286086 0.458218 0.248098 9.99731E-05 9.99731E-05 0.00729828
0.0394479 0.0977177 0.413344 0.100046 0.0763352 0.273009 9.9991E-05
0.250912 9.99642E-05 9.99642E-05 9.99642E-05 0.546959 0.201729 9.99642E-05
0.430108 9.99731E-05 9.99731E-05 9.99731E-05 0.229062 0.283968 0.0565629
0.281945 9.99821E-05 9.99821E-05 0.127852 0.0289952 0.429072 0.131936
9.99642E-05 0.415941 9.99642E-05 9.99642E-05 0.485761 9.99642E-05 0.0978978
0.119925 0.14413 9.99732E-05 9.99732E-05 9.99732E-05 0.667288 0.068357
9.99821E-05 0.420254 0.132285 9.99821E-05 0.116505 0.172112 0.158644
9.998E-05 0.18562 0.161352 0.361429 9.998E-05 0.103971 0.187429
0.220572 0.305489 0.0294306 9.99821E-05 0.399731 0.0445771 9.99821E-05
0.208738 9.99821E-05 0.0744806 9.99821E-05 0.236622 0.414864 0.0650959
9.99731E-05 0.141766 0.51044 0.338586 9.99731E-05 0.00890797 9.99731E-05
0.610281 0.201246 0.146231 9.99821E-05 0.0143638 0.0276773 9.99821E-05
9.998E-05 9.998E-05 0.178943 0.151134 0.221851 0.41952 0.0283526
9.99553E-05 9.99553E-05 9.99553E-05 0.211222 9.99553E-05 0.788278 9.99553E-05
9.99731E-05 9.99731E-05 0.35178 0.00872716 9.99731E-05 0.471042 0.168151
9.9982E-05 0.158969 0.0294004 0.0288163 9.9982E-05 0.621858 0.160757
0.0254 0.579743 0.0994739 0.293774 9.9982E-05 0.00140864 9.9982E-05
0.496078 0.456785 0.046737 9.99642E-05 9.99642E-05 9.99642E-05 9.99642E-05
0.409898 0.0587634 0.226174 9.99731E-05 9.99731E-05 9.99731E-05 0.304865
9.99553E-05 0.292266 9.99553E-05 9.99553E-05 9.99553E-05 0.707234 9.99553E-05
0.108323 0.00864077 0.113847 0.598196 9.99821E-05 9.99821E-05 0.170793
0.396429 0.0569257 9.9991E-05 0.151301 0.0297527 0.0488574 0.316634
0.106802 0.248753 0.629987 9.99731E-05 0.0141578 9.99731E-05 9.99731E-05
0.402128 0.17177 9.99821E-05 9.99821E-05 0.0280134 0.223735 0.174153
9.998E-05 0.00710429 9.998E-05 0.161492 0.0841965 0.659658 0.0873485
9.99732E-05 0.33145 0.0779292 0.191944 9.99732E-05 0.398376 9.99732E-05
0.307062 9.99731E-05 0.180878 0.229002 9.99731E-05 9.99731E-05 0.282758
0.0727845 9.99731E-05 0.6966 9.99731E-05 0.121321 0.108995 9.99731E-05
0.0429316 9.99731E-05 9.99731E-05 0.441776 9.99731E-05 0.178298 0.336694
0.0632411 0.0402673 9.9991E-05 0.106814 0.151932 0.256625 0.381021
9.99642E-05 0.942339 9.99642E-05 0.0541203 9.99642E-05 0.00314085 9.99642E-05
9.99821E-05 0.0951983 9.99821E-05 0.63632 0.107082 0.0742887 0.0869109
0.483806 9.9973E-05 0.218402 0.0384111 9.9973E-05 0.259081 9.9973E-05
0.0935722 0.00587269 0.126066 0.0248479 0.381247 0.197196 0.171199
0.486073 9.99821E-05 0.0013058 0.0466509 9.99821E-05 0.205041 0.260729
9.999E-05 0.0594452 0.0209104 0.0815215 0.319929 0.252303 0.265791
9.99821E-05 0.226816 0.0144332 9.99821E-05 0.380549 0.106041 0.271961
0.123957 0.227228 0.116251 0.153223 0.371629 9.9991E-05 0.00761117
9.99643E-05 0.173055 9.99643E-05 9.99643E-05 0.292712 9.99643E-05 0.533832
0.0602608 9.9973E-05 9.9973E-05 0.24751 9.9973E-05 0.353232 0.338697
9.99641E-05 9.99641E-05 9.99641E-05 9.99641E-05 0.0366091 0.715341 0.24765
0.0927904 0.0180376 0.46025 0.165615 0.223201 0.0400053 9.9991E-05
9.99731E-05 0.387244 0.0729742 9.99731E-05 0.124746 0.414736 9.99731E-05
0.0026072 0.0550549 0.0541112 9.99821E-05 9.99821E-05 0.428856 0.459171
0.543983 9.99821E-05 0.0423455 9.99821E-05 0.211698 0.090781 0.110992
0.159538 0.333497 9.99821E-05 0.0935954 0.13021 9.99821E-05 0.282959
0.109983 0.25207 9.9982E-05 0.0153211 0.218539 0.403887 9.9982E-05
0.800221 9.99554E-05 9.99554E-05 9.99554E-05 0.19928 9.99554E-05 9.99554E-05
0.32787 9.9982E-05 0.0203078 0.359974 0.234218 9.9982E-05 0.0574289
9.9973E-05 9.9973E-05 0.167068 0.468418 9.9973E-05 0.262939 0.101276
0.0102679 0.484165 9.99731E-05 9.99731E-05 9.99731E-05 0.168765 0.336502
9.99551E-05 0.259016 9.99551E-05 0.740484 9.99551E-05 9.99551E-05 9.99551E-05
0.394356 0.544855 9.99641E-05 9.99641E-05 0.0603892 9.99641E-05 9.99641E-05
9.99732E-05 0.172643 9.99732E-05 0.104328 9.99732E-05 0.710797 0.0119322
0.452619 9.996E-05 9.996E-05 9.996E-05 9.996E-05 0.346011 0.200971
9.99552E-05 0.840369 9.99552E-05 9.99552E-05 0.159132 9.99552E-05 9.99552E-05
9.9982E-05 9.9982E-05 0.0910794 0.162521 0.249081 0.461014 0.0361048
9.998E-05 0.0478661 9.998E-05 0.169043 0.64139 0.0381401 0.103362
9.9973E-05 0.227044 9.9973E-05 0.0387811 0.157343 9.9973E-05 0.576532
9.99821E-05 0.521616 0.101277 0.0439121 9.99821E-05 0.0551181 0.277877
0.0901577 9.99821E-05 9.99821E-05 0.240906 0.341287 0.0899426 0.237506
9.99731E-05 0.3474 9.99731E-05 0.305531 0.328045 0.018724 9.99731E-05
0.55986 9.99642E-05 0.196993 0.242746 9.99642E-05 9.99642E-05 9.99642E-05
9.99731E-05 0.310823 9.99731E-05 0.272138 9.99731E-05 0.0768838 0.339855
0.218403 9.99643E-05 9.99643E-05 9.99643E-05 9.99643E-05 0.501645 0.279552
0.368754 0.125883 9.99821E-05 0.0794089 0.404986 9.99821E-05 0.0207676
9.99643E-05 0.33968 9.99643E-05 9.99643E-05 0.589684 9.99643E-05 0.0702364
0.246174 0.334107 0.0738508 0.345568 9.99731E-05 9.99731E-05 9.99731E-05
0.227628 0.300707 9.998E-05 0.121917 9.998E-05 0.0694243 0.280123
0.587827 0.115712 9.99731E-05 9.99731E-05 9.99731E-05 0.213089 0.0830726
0.29796 0.218082 9.998E-05 0.262233 9.998E-05 0.0595629 0.161962
0.0862087 9.998E-05 0.167449 9.998E-05 0.345903 0.360442 0.0397976
0.200627 9.99821E-05 0.303597 0.141266 0.195103 9.99821E-05 0.159206
0.139047 0.117318 0.0811631 9.99821E-05 9.99821E-05 0.156109 0.506164
0.00144529 0.0522499 9.9991E-05 0.174378 0.340599 0.41374 0.017488
9.9991E-05 0.436307 0.047535 0.181197 0.109812 0.212746 0.0123032
0.432565 0.184489 0.263616 0.0410657 9.99821E-05 0.078065 9.99821E-05
0.130684 9.99642E-05 9.99642E-05 9.99642E-05 0.0743801 0.794536 9.99642E-05
9.99731E-05 9.99731E-05 0.394896 9.99731E-05 0.15011 0.158793 0.295901
0.266288 0.39884 0.319812 9.99731E-05 9.99731E-05 9.99731E-05 0.01476
9.996E-05 0.177543 9.996E-05 9.996E-05 9.996E-05 0.742872 0.0791856
0.086536 9.99821E-05 9.99821E-05 0.276253 0.269505 0.342844 0.0246624
0.0516425 9.998E-05 0.151397 0.167578 0.388502 0.24068 9.998E-05
9.99731E-05 0.279923 0.279522 0.101906 9.99731E-05 0.338349 9.99731E-05
0.183786 0.371463 9.9982E-05 0.158741 0.278266 0.00754295 9.9982E-05
0.247347 9.9973E-05 0.0799073 9.9973E-05 0.313458 0.358987 9.9973E-05
0.0352358 0.148367 0.295007 0.074704 9.99821E-05 0.446486 9.99821E-05
9.9973E-05 0.276616 9.9973E-05 0.0152054 0.707423 9.9973E-05 0.000456182
0.173477 9.99641E-05 9.99641E-05 0.0753579 9.99641E-05 0.750765 9.99641E-05
9.997E-05 0.118106 0.219347 9.997E-05 0.118328 0.543919 9.997E-05
0.406502 9.99732E-05 0.146237 0.25824 0.188722 9.99732E-05 9.99732E-05
9.99554E-05 9.99554E-05 0.229145 9.99554E-05 9.99554E-05 0.770356 9.99554E-05
0.0290324 0.055654 0.914914 9.99642E-05 9.99642E-05 9.99642E-05 9.99642E-05
9.99552E-05 9.99552E-05 0.97573 9.99552E-05 9.99552E-05 0.0237703 9.99552E-05
0.369576 0.0137074 0.0651284 9.9991E-05 0.13982 0.210987 0.200682
9.996E-05 9.996E-05 9.996E-05 9.996E-05 0.617165 0.267364 0.115071
0.607359 9.9991E-05 0.0335056 0.0503362 0.073556 0.0814639 0.153679
0.191331 0.191422 0.220638 9.99731E-05 9.99731E-05 9.99731E-05 0.396309
9.99732E-05 9.99732E-05 9.99732E-05 0.149569 0.244022 0.0244897 0.581619
9.998E-05 0.150208 0.432178 0.0998152 9.998E-05 0.170673 0.146926
0.331318 0.102353 9.99821E-05 0.109825 0.00435228 0.451951 9.99821E-05
0.350911 9.997E-05 9.997E-05 0.0430147 9.997E-05 0.489308 0.116466
0.063147 9.99642E-05 9.99642E-05 9.99642E-05 9.99642E-05 0.829363 0.107091
0.381361 9.99642E-05 9.99642E-05 9.99642E-05 9.99642E-05 0.178557 0.439682
9.99553E-05 9.99553E-05 0.0779966 9.99553E-05 9.99553E-05 0.921504 9.99553E-05
9.99732E-05 0.291187 0.132553 9.99732E-05 0.524699 0.0512611 9.99732E-05
0.0669773 0.125131 9.99821E-05 9.99821E-05 0.322654 0.446173 0.0388651
0.871847 0.127653 9.99567E-05 9.99567E-05 9.99567E-05 9.99567E-05 9.99567E-05
0.422971 0.208126 0.223317 9.9982E-05 9.9982E-05 0.0905378 0.0548475
0.117227 0.110515 0.0692815 0.0766163 0.0672248 0.292122 0.267013
9.99821E-05 9.99821E-05 0.0545867 0.012231 0.29521 0.630803 0.0069688
0.0163364 9.99821E-05 0.0392674 0.0426533 0.364703 0.53684 9.99821E-05
0.0553669 9.99641E-05 9.99641E-05 9.99641E-05 9.99641E-05 0.407327 0.536906
9.99731E-05 9.99731E-05 9.99731E-05 0.429316 0.100592 0.036994 0.432798
9.9991E-05 0.395085 0.0263561 0.00160282 0.208667 0.178125 0.190064
0.220668 9.9991E-05 0.193707 0.10947 0.203388 0.260321 0.0123457
9.99642E-05 0.781187 9.99642E-05 9.99642E-05 9.99642E-05 0.212861 0.00555195
9.9991E-05 0.0427284 0.0751359 0.0571395 0.255353 0.149519 0.420024
9.99732E-05 0.211966 0.212424 9.99732E-05 9.99732E-05 0.322594 0.252716
9.99821E-05 0.0868761 0.145271 9.99821E-05 0.0099932 0.52319 0.23447
9.99553E-05 9.99553E-05 0.02675 9.99553E-05 0.97275 9.99553E-05 9.99553E-05
0.192662 9.9982E-05 9.9982E-05 0.165802 0.122265 0.418646 0.100426
0.16208 0.109281 0.050556 9.99821E-05 0.416367 9.99821E-05 0.261516
0.0855745 0.00300035 0.546019 0.120456 0.117085 9.9991E-05 0.127766
9.99641E-05 0.31758 0.349564 0.332456 9.99641E-05 9.99641E-05 9.99641E-05
9.997E-05 9.997E-05 0.0483833 9.997E-05 0.0286022 0.199687 0.723027
9.99552E-05 0.0672413 9.99552E-05 9.99552E-05 9.99552E-05 9.99552E-05 0.932259
9.99643E-05 9.99643E-05 9.99643E-05 0.124081 9.99643E-05 0.0565601 0.818959
0.0803126 9.99732E-05 0.151534 0.1259 0.641953 9.99732E-05 9.99732E-05
9.997E-05 0.0624133 9.997E-05 9.997E-05 0.13151 0.193991 0.611786
0.468875 0.00448284 0.220279 0.101645 9.99911E-05 0.189939 0.0146786
9.998E-05 9.998E-05 0.703941 0.0703498 0.0581149 0.103492 0.0639031
0.118357 0.295458 0.0797276 0.104801 0.164705 0.13785 0.0991009
0.0619694 0.387272 0.450938 9.997E-05 0.0995205 9.997E-05 9.997E-05
9.99731E-05 9.99731E-05 0.159561 0.00351818 0.191758 0.644863 9.99731E-05
0.482942 9.9973E-05 9.9973E-05 9.9973E-05 0.0761803 0.345214 0.095364
9.995E-05 9.995E-05 9.995E-05 0.9994 9.995E-05 9.995E-05 9.995E-05
0.306821 0.0995217 0.154537 9.99731E-05 9.99731E-05 0.43882 9.99731E-05
0.0609552 9.99821E-05 9.99821E-05 0.247482 0.235565 0.369477 0.0863209
0.229598 0.327468 9.99732E-05 0.231737 0.210897 9.99732E-05 9.99732E-05
0.646591 9.998E-05 0.102331 0.113771 0.0507904 9.998E-05 0.0863166
0.243056 0.397871 9.997E-05 0.0293915 0.329381 9.997E-05 9.997E-05
0.0841342 0.279921 9.99731E-05 0.130951 9.99731E-05 9.99731E-05 0.504693
0.624156 0.0348376 0.155396 0.00461325 9.99821E-05 0.180798 9.99821E-05
0.102302 9.996E-05 9.996E-05 0.604019 9.996E-05 0.29328 9.996E-05
9.998E-05 0.0539288 0.133916 0.156358 0.182027 9.998E-05 0.473571
0.437684 9.99731E-05 0.291014 9.99731E-05 9.99731E-05 0.255253 0.0157491
0.0106729 0.372416 9.99911E-05 0.173362 0.0539691 0.211322 0.178158
0.34951 9.99642E-05 9.99642E-05 9.99642E-05 9.99642E-05 0.3538 0.296291
9.9991E-05 0.152566 0.246297 0.0104066 0.257503 0.299148 0.0339805
9.995E-05 9.995E-05 9.995E-05 0.9994 9.995E-05 9.995E-05 9.995E-05
0.0899043 0.121749 9.999E-05 0.214039 0.109941 0.270488 0.193779
0.686186 9.99641E-05 9.99641E-05 0.0668227 9.99641E-05 0.246591 9.99641E-05
9.99641E-05 0.428607 9.99641E-05 0.158038 0.412955 9.99641E-05 9.99641E-05
0.336895 0.115731 9.997E-05 0.225042 0.322032 9.997E-05 9.997E-05
0.047694 0.0425141 0.0175491 0.113427 0.203506 0.50653 0.0687809
0.033247 0.428492 9.99821E-05 0.0967803 9.99821E-05 0.125726 0.315554
9.995E-05 9.995E-05 9.995E-05 9.995E-05 9.995E-05 9.995E-05 0.9994
0.650505 9.99643E-05 9.99643E-05 0.254229 9.99643E-05 0.0948665 9.99643E-05
0.148842 9.9982E-05 0.116051 0.0366448 0.299713 0.398549 9.9982E-05
9.997E-05 0.0312077 9.997E-05 9.997E-05 0.0718521 0.278038 0.618602
0.393311 0.223767 0.0918905 9.9982E-05 9.9982E-05 0.0149125 0.275919
0.168569 9.99731E-05 0.0908277 9.99731E-05 0.540999 9.99731E-05 0.199304
9.99821E-05 9.99821E-05 0.000744516 0.253049 0.0658176 0.582361 0.097828
9.99731E-05 0.246122 9.99731E-05 0.103035 9.99731E-05 0.462321 0.188223
0.42165 0.0960118 9.99732E-05 9.99732E-05 9.99732E-05 0.0729702 0.409068
0.150405 9.99821E-05 0.123566 9.99821E-05 0.333273 0.389868 0.00268832
9.99642E-05 9.99642E-05 0.636733 0.18158 9.99642E-05 9.99642E-05 0.181287
9.99821E-05 0.153026 0.172735 0.269978 9.99821E-05 0.276262 0.127799
0.204597 0.574908 0.115899 9.997E-05 0.104296 9.997E-05 9.997E-05
9.99731E-05 0.0272087 0.112684 0.339117 0.520691 9.99731E-05 9.99731E-05
0.123896 0.19933 0.235768 0.386979 9.998E-05 9.998E-05 0.0538275
9.99731E-05 9.99731E-05 9.99731E-05 0.263021 0.198861 0.34596 0.191857
0.635565 9.99732E-05 9.99732E-05 0.000254604 9.99732E-05 0.243182 0.120698
9.99551E-05 9.99551E-05 0.787279 9.99551E-05 9.99551E-05 9.99551E-05 0.212221
0.368724 0.396713 9.99642E-05 9.99642E-05 0.234163 9.99642E-05 9.99642E-05
0.335192 9.9973E-05 0.196414 9.9973E-05 0.341245 9.9973E-05 0.12685
0.243501 0.171965 0.208873 0.0422183 9.99821E-05 0.333243 9.99821E-05
0.104046 9.9991E-05 0.298591 0.0283107 0.21688 0.333845 0.0182271
