0.640124 0.243493 0.00937208 0.107011
0.196429 0.434992 0.104375 0.264204
0.241193 9.9991E-05 0.501833 0.256875
0.348748 0.24946 9.9991E-05 0.401692
0.40525 0.206095 9.9991E-05 0.388556
0.316514 0.0836587 0.103262 0.496566
0.292563 0.51381 9.99911E-05 0.193527
0.752012 0.15507 0.0928183 9.9991E-05
0.0876207 0.265216 0.36907 0.278093
0.0107682 0.400202 0.355307 0.233723
0.0660837 0.117966 0.410436 0.405515
0.379493 0.586719 9.99911E-05 0.033688
0.621598 0.0719318 0.0885648 0.217906
0.496657 0.356863 9.9991E-05 0.146381
0.536992 0.462808 9.99822E-05 9.99822E-05
0.619068 9.99822E-05 9.99822E-05 0.380732
0.311043 0.589843 0.0610005 0.0381129
0.242597 0.427533 0.123616 0.206253
0.479011 0.119984 0.400905 9.9991E-05
0.643606 0.0832474 0.172675 0.100471
0.0418287 0.136483 0.330161 0.491527
0.498889 0.135699 0.365312 9.9991E-05
0.130356 0.324797 0.166995 0.377853
9.9991E-05 0.0573291 0.0269363 0.915635
0.0487742 9.9991E-05 0.228275 0.722851
0.460423 0.076672 9.9991E-05 0.462805
0.203026 0.472421 0.259096 0.0654572
0.533015 0.155267 0.311618 9.99911E-05
0.516097 9.99821E-05 0.483703 9.99821E-05
0.210882 9.99911E-05 0.0349212 0.754097
0.279652 0.449541 0.133301 0.137506
0.258746 0.571695 0.169459 9.99911E-05
0.0954125 0.049721 0.837981 0.0168855
0.68313 0.13299 0.0785546 0.105326
0.516583 0.0479019 9.9991E-05 0.435415
0.216866 0.655752 9.99911E-05 0.127282
0.395008 0.0712736 0.37951 0.154208
9.99821E-05 9.99821E-05 0.64856 0.35124
0.342858 0.286999 0.106742 0.263401
0.437458 9.9991E-05 0.254432 0.30801
9.99822E-05 0.764723 9.99822E-05 0.235077
9.99911E-05 0.704414 0.0639526 0.231534
0.199689 0.410253 0.232045 0.158013
0.476646 0.0892571 0.26239 0.171707
0.428482 0.151466 0.361573 0.0584782
0.407699 0.367104 0.0627272 0.162471
0.301191 0.510744 9.9991E-05 0.187965
0.0771317 0.561378 0.334621 0.0268695
0.774103 0.222147 0.00365039 9.99911E-05
0.694373 0.137063 9.9991E-05 0.168464
0.670065 9.9982E-05 9.9982E-05 0.329735
9.9991E-05 0.214988 0.674826 0.110085
0.411149 0.178665 0.00360715 0.406578
0.721756 9.99911E-05 0.00272275 0.275421
0.305017 0.34231 0.345849 0.00682453
0.462384 0.479776 0.0577404 9.99911E-05
0.351282 0.336719 9.9991E-05 0.311899
0.167488 0.586786 0.245626 9.99911E-05
0.306047 0.338363 0.35549 9.9991E-05
0.0143519 0.369027 0.307353 0.309267
0.788036 9.99911E-05 0.124974 0.08689
9.99821E-05 0.862023 9.99821E-05 0.137777
0.418057 0.312879 0.268964 9.9991E-05
0.173995 0.0101599 9.99911E-05 0.815745
0.633578 0.114694 9.99911E-05 0.251628
0.396338 0.460489 0.135058 0.00811462
0.356617 0.0791319 9.9991E-05 0.564151
0.489718 0.367593 0.100321 0.0423675
0.721337 0.226555 0.0520079 9.9991E-05
0.631476 9.99911E-05 0.154151 0.214273
0.205789 0.50268 0.21679 0.0747407
0.0677623 0.861043 9.9991E-05 0.0710945
0.383139 0.347503 0.269258 9.99911E-05
0.592441 0.407359 9.99821E-05 9.99821E-05
0.622038 9.99822E-05 9.99822E-05 0.377762
0.394546 0.605254 9.99821E-05 9.99821E-05
0.592711 0.407089 9.99822E-05 9.99822E-05
9.9991E-05 0.392195 0.339687 0.268019
0.572999 0.0269418 0.238133 0.161926
0.614285 0.0839046 0.30171 9.9991E-05
0.817541 0.182259 9.99821E-05 9.99821E-05
0.349003 9.99911E-05 0.423359 0.227539
0.314214 0.393649 0.22183 0.0703069
0.296201 9.9991E-05 0.389575 0.314125
0.123128 0.54521 9.9991E-05 0.331562
0.387979 0.463454 9.9991E-05 0.148468
9.9991E-05 0.368053 0.613728 0.0181189
9.99821E-05 0.239027 9.99821E-05 0.760773
0.379897 9.99911E-05 0.334298 0.285705
0.427167 0.00169744 0.559318 0.0118175
0.148589 9.99822E-05 9.99822E-05 0.851211
0.177827 0.323686 9.99911E-05 0.498387
0.0335592 0.465652 0.262951 0.237838
0.0434989 0.157178 0.493533 0.30579
0.129915 0.539059 0.230987 0.100039
0.306695 0.265786 0.241527 0.185992
0.199877 0.178796 0.0215325 0.599794
0.218576 0.623451 0.157873 9.9991E-05
0.341855 9.99821E-05 9.99821E-05 0.657945
9.9991E-05 0.209889 0.153331 0.63668
9.99911E-05 0.456052 0.122902 0.420946
9.998E-05 9.998E-05 9.998E-05 0.9997
9.998E-05 9.998E-05 0.9997 9.998E-05
9.99821E-05 9.99821E-05 0.676226 0.323574
0.713129 0.119992 0.129202 0.0376769
0.351564 0.338362 9.9991E-05 0.309974
0.334079 0.405636 0.200954 0.0593315
0.66645 0.00471202 0.277236 0.0516017
0.600484 0.0636217 0.021052 0.314842
0.312117 9.9991E-05 0.439062 0.248721
0.203634 0.398872 0.0122257 0.385268
0.698408 9.99821E-05 9.99821E-05 0.301392
0.334503 9.99911E-05 0.0134743 0.651923
0.914016 9.99821E-05 0.0857838 9.99821E-05
9.998E-05 9.998E-05 9.998E-05 0.9997
0.499037 0.347084 0.153779 9.99911E-05
0.693541 0.269443 0.0369166 9.9991E-05
0.369658 0.139883 0.483281 0.00717815
0.616463 9.9991E-05 0.1884 0.195036
0.516852 0.238118 0.212912 0.032118
9.9991E-05 0.061449 0.0852314 0.85322
0.0420185 0.357576 0.0888668 0.511539
0.8358 9.99821E-05 9.99821E-05 0.164
0.307203 0.520394 0.172303 9.99911E-05
0.400533 0.284978 0.134371 0.180118
0.295867 0.650238 0.0537956 9.9991E-05
0.249605 0.540768 9.99911E-05 0.209526
0.6189 0.273633 9.9991E-05 0.107367
0.224497 9.99911E-05 0.407688 0.367715
0.419166 9.99911E-05 0.166717 0.414017
9.99821E-05 0.621195 0.378605 9.99821E-05
0.401807 0.336888 0.139109 0.122196
0.377806 0.295976 0.326118 9.9991E-05
0.156616 0.123449 0.719835 9.9991E-05
0.0510111 0.657442 0.291447 9.9991E-05
0.704062 0.0119211 0.0134628 0.270554
0.953565 9.99821E-05 0.0462354 9.99821E-05
0.896211 9.99911E-05 0.0134656 0.0902233
9.99911E-05 0.497533 0.462325 0.0400412
0.93941 9.99821E-05 9.99821E-05 0.0603901
0.507391 9.99911E-05 0.34718 0.145329
9.9991E-05 0.176342 0.542012 0.281545
0.398625 0.367817 0.233459 9.9991E-05
9.99911E-05 0.178273 0.706569 0.115058
0.096987 0.090859 9.9991E-05 0.812054
0.708844 0.0868497 0.0334154 0.170891
9.998E-05 0.9997 9.998E-05 9.998E-05
0.367502 9.9991E-05 0.349455 0.282944
0.224099 0.216321 9.99911E-05 0.55948
0.2245 0.619775 0.155625 9.99911E-05
0.397196 0.372461 0.230243 9.99911E-05
0.282037 0.363474 0.354389 9.9991E-05
0.840578 0.159222 9.99821E-05 9.99821E-05
0.415227 0.161154 0.306838 0.116781
0.0252719 0.434644 9.99911E-05 0.539984
0.411267 0.350878 0.229145 0.00871051
0.155279 9.9991E-05 0.600711 0.24391
0.5312 0.11995 0.268543 0.080307
0.9997 9.998E-05 9.998E-05 9.998E-05
0.319748 0.172675 0.246473 0.261104
9.998E-05 0.9997 9.998E-05 9.998E-05
0.659563 0.245701 9.9991E-05 0.0946352
0.515304 0.0874521 0.316299 0.0809452
0.25017 0.657024 0.0927061 9.9991E-05
0.100561 0.899239 9.99822E-05 9.99822E-05
0.305566 0.292398 0.0916812 0.310355
0.727858 0.136519 0.0771261 0.0584968
0.814073 9.99822E-05 0.185727 9.99822E-05
0.300012 0.576502 0.0878907 0.0355951
0.26228 0.1903 0.176236 0.371185
0.701593 9.99821E-05 9.99821E-05 0.298207
0.679772 0.107174 0.212953 9.9991E-05
0.251655 0.283994 0.464251 9.9991E-05
0.416739 0.126409 9.99911E-05 0.456752
0.705983 0.149833 9.9991E-05 0.144084
0.940918 0.0588817 9.99822E-05 9.99822E-05
0.123415 0.259832 0.0964728 0.52028
9.99821E-05 9.99821E-05 0.587452 0.412348
0.212893 0.362175 0.127987 0.296945
0.120836 0.491642 0.387423 9.99911E-05
9.99821E-05 0.796241 0.203559 9.99821E-05
0.121278 0.592511 0.286111 9.99911E-05
0.366561 0.347794 9.9991E-05 0.285545
0.82347 0.0802534 9.99911E-05 0.096177
0.079066 9.9991E-05 0.742075 0.178759
0.671072 0.292524 0.0363036 9.99911E-05
0.377259 0.168527 0.444435 0.00977926
0.451472 9.9991E-05 0.261994 0.286433
0.185313 0.260619 0.22663 0.327438
