0.853256 0.146644 9.9991E-05
0.348578 0.155374 0.496048
0.416592 0.233904 0.349504
0.5322 0.221657 0.246144
0.295548 0.237099 0.467352
0.173249 0.191568 0.635183
0.309218 0.429524 0.261258
0.333069 0.237011 0.42992
0.323511 0.21349 0.462998
0.453638 0.333012 0.213349
0.558486 0.0932615 0.348252
0.0287359 0.3335 0.637764
0.181607 0.392615 0.425778
0.192056 0.225671 0.582273
0.0192191 0.223585 0.757196
0.255032 0.287831 0.457137
0.0828744 0.166668 0.750458
0.295455 0.468922 0.235624
0.286694 0.280165 0.433141
0.186861 0.333163 0.479976
0.672459 0.25796 0.0695813
0.249857 0.254006 0.496137
0.37752 0.346901 0.27558
0.208413 0.507898 0.283688
0.559618 0.160022 0.28036
0.532594 0.256704 0.210702
0.512414 0.364492 0.123095
0.33535 0.278476 0.386175
0.239295 0.17368 0.587026
9.9991E-05 0.658869 0.341031
0.139041 0.0465611 0.814397
0.66961 0.1284 0.20199
0.138386 0.384477 0.477136
0.356911 0.204175 0.438914
0.646432 0.217061 0.136507
0.688268 0.311632 9.9991E-05
0.485891 0.169829 0.34428
0.755744 0.244156 9.9991E-05
0.0105994 0.242203 0.747198
0.490509 0.208349 0.301142
0.366092 0.115775 0.518133
0.488423 0.254191 0.257386
0.603575 0.118535 0.27789
0.527156 0.138146 0.334698
0.568599 0.314807 0.116594
0.546992 0.0966354 0.356373
0.209246 0.191559 0.599195
9.9991E-05 0.246545 0.753355
0.2121 0.218226 0.569675
0.186773 0.155152 0.658076
0.342066 0.367203 0.290731
0.24654 0.187106 0.566355
0.0841428 0.170276 0.745581
0.417706 0.2394 0.342895
0.179171 0.0750578 0.745771
0.477641 0.246367 0.275992
0.181121 0.0440001 0.774879
0.394453 0.159261 0.446286
0.313173 0.0528042 0.634023
0.639651 0.141181 0.219167
0.19517 0.256084 0.548746
0.449781 0.253781 0.296438
0.099063 0.271778 0.629159
9.999E-05 0.9998 9.999E-05
0.575558 0.0838158 0.340626
0.777965 0.21402 0.00801499
0.644325 0.210557 0.145118
0.168013 0.197192 0.634795
0.498718 0.391707 0.109575
0.281491 0.422822 0.295686
0.455429 0.0624268 0.482145
0.326814 0.289236 0.38395
0.0456098 0.384847 0.569543
0.103953 0.114171 0.781876
0.391937 0.168825 0.439239
0.149934 9.9991E-05 0.849966
0.298674 0.319239 0.382086
0.359799 0.215896 0.424305
0.294941 0.0169373 0.688121
0.0328178 0.399482 0.5677
0.492575 0.245713 0.261713
0.33813 0.130803 0.531067
0.427474 0.230873 0.341653
0.185951 0.234752 0.579297
0.230473 0.283043 0.486484
0.686113 0.0465489 0.267338
0.486932 0.356674 0.156393
0.293933 9.9991E-05 0.705967
0.292171 0.350916 0.356912
0.526365 0.101029 0.372606
9.999E-05 0.9998 9.999E-05
0.380858 0.0626689 0.556473
0.452157 0.261233 0.28661
9.9991E-05 0.242031 0.757869
0.537971 0.134931 0.327099
0.437993 0.320464 0.241542
0.752804 0.0726911 0.174505
0.387593 0.103357 0.509051
0.184824 0.815076 9.9991E-05
0.0757486 0.370089 0.554162
0.322959 0.307888 0.369153
9.999E-05 0.9998 9.999E-05
0.245902 0.163783 0.590315
0.9998 9.999E-05 9.999E-05
0.467683 0.0454538 0.486863
0.208233 0.0577773 0.733989
0.318481 0.0895525 0.591967
0.400261 0.246055 0.353683
0.0702229 0.278289 0.651488
0.385639 0.261503 0.352858
0.385849 0.119284 0.494867
0.0674648 0.501944 0.430591
0.360334 0.0559209 0.583745
0.046236 0.650418 0.303346
0.490435 0.198184 0.311381
9.9991E-05 0.998116 0.00178399
0.494728 0.049062 0.45621
0.652222 0.285574 0.0622036
0.113989 0.230095 0.655916
0.411261 0.506753 0.0819866
0.352309 0.308382 0.339309
0.122401 0.7821 0.0954989
0.253807 0.392016 0.354177
0.124877 0.00140945 0.873714
0.145459 0.460556 0.393985
9.9991E-05 0.124802 0.875098
0.31817 0.159074 0.522756
0.429707 0.282468 0.287825
0.243004 9.9991E-05 0.756896
0.690256 0.277312 0.0324327
0.664028 0.296704 0.0392683
0.187751 0.33069 0.481559
0.0595616 0.365352 0.575086
9.9991E-05 0.291792 0.708108
0.479011 0.158899 0.362089
0.516556 0.101438 0.382006
9.999E-05 9.999E-05 0.9998
0.00227487 0.12702 0.870705
0.366243 0.265983 0.367774
0.260123 0.217805 0.522073
0.52034 0.205942 0.273718
0.0880856 9.9991E-05 0.911814
0.334554 0.23677 0.428676
0.446072 0.271762 0.282167
0.227209 0.308255 0.464536
0.224811 0.775089 9.9991E-05
0.365788 0.188599 0.445613
9.999E-05 0.9998 9.999E-05
0.647038 0.298536 0.0544261
0.631747 0.201727 0.166526
9.9991E-05 0.157268 0.842632
0.508018 0.134462 0.35752
0.376025 0.418397 0.205578
0.106504 0.262703 0.630792
9.9991E-05 0.213724 0.786176
0.279864 0.462331 0.257806
0.493475 0.138013 0.368512
0.3683 0.314289 0.317411
0.60838 0.291377 0.100243
0.223815 0.278465 0.49772
0.489286 0.276432 0.234282
9.999E-05 0.9998 9.999E-05
0.318356 0.368394 0.31325
0.337478 0.0973231 0.565199
0.309667 0.178714 0.511619
0.655084 0.344816 9.9991E-05
0.464262 0.119005 0.416734
0.481064 9.9991E-05 0.518836
9.9991E-05 0.0993993 0.900501
0.153882 0.420353 0.425765
0.245928 9.9991E-05 0.753972
0.286325 0.162635 0.55104
0.277342 0.401104 0.321554
0.48738 9.9991E-05 0.51252
0.299927 0.161141 0.538932
0.240066 0.0454634 0.714471
0.394221 0.16771 0.43807
0.385486 9.9991E-05 0.614414
0.94025 9.9991E-05 0.0596496
0.42688 0.198979 0.37414
0.0242453 0.355902 0.619853
0.506784 0.419618 0.0735984
0.451039 0.183211 0.36575
0.427164 0.338145 0.23469
0.575911 0.160345 0.263744
0.9998 9.999E-05 9.999E-05
0.113421 0.335545 0.551034
0.472372 0.210997 0.316632
0.253476 0.326729 0.419795
0.0935005 0.307234 0.599266
