0.555091 9.9973E-05 0.0652251 9.9973E-05 9.9973E-05 0.379384
0.107798 0.0642528 0.15983 0.0316126 0.458233 0.178274
0.326992 0.146576 0.22189 0.0650528 0.110208 0.129281
0.153721 9.9991E-05 0.149981 0.161002 0.00119915 0.533997
0.119449 0.170096 0.167896 0.0323683 0.174431 0.33576
0.0294941 0.0158435 0.354991 0.000628317 0.1596 0.439444
0.387182 0.130307 0.16254 0.0611521 0.0155751 0.243244
0.258372 0.214137 0.00737719 9.9991E-05 0.389602 0.130412
0.223934 0.154586 0.132961 0.164926 0.260734 0.062858
0.134761 0.0355884 0.557367 0.158876 0.113307 9.9991E-05
0.148076 0.251326 0.500611 9.9982E-05 0.0997872 9.9982E-05
0.0722975 0.375207 0.104623 0.162534 0.0528481 0.23249
0.242244 0.227745 0.116674 0.0355711 9.9991E-05 0.377665
0.222442 0.4525 0.00644892 0.0586369 0.14196 0.118013
9.9964E-05 0.973924 9.9964E-05 9.9964E-05 0.0256764 9.9964E-05
0.241833 0.195616 9.9982E-05 0.0715699 0.490781 9.9982E-05
9.9973E-05 0.903586 0.0759322 0.0201822 9.9973E-05 9.9973E-05
0.374002 0.26113 9.9991E-05 0.21307 0.0144872 0.137211
0.19403 0.0903158 9.9982E-05 9.9982E-05 0.206015 0.509439
0.18749 9.9991E-05 0.236353 0.225409 0.255616 0.0950324
0.348207 0.0547399 0.17316 9.9991E-05 0.193278 0.230516
9.9973E-05 0.633834 0.105716 9.9973E-05 9.9973E-05 0.26015
0.293947 0.0204673 0.0500756 0.00851975 0.282459 0.344531
0.154762 0.205413 0.0335563 0.132776 9.9991E-05 0.473392
0.266722 0.222288 0.51069 9.9973E-05 9.9973E-05 9.9973E-05
0.240458 0.231474 0.0569168 0.0620071 0.117547 0.291596
0.284031 0.273952 0.173824 0.0676805 0.103329 0.0971848
0.192874 0.309473 0.243056 0.101575 0.0350991 0.117922
0.000171043 9.9991E-05 0.275109 0.162274 0.357874 0.204472
0.0826757 9.99819E-05 9.99819E-05 0.559184 0.322229 0.035711
0.166783 9.9991E-05 0.251228 0.0392412 0.52058 0.0220679
0.18464 9.9991E-05 0.270195 0.118762 0.151496 0.274807
0.235722 0.161391 9.9991E-05 0.0230026 0.151624 0.428161
0.128634 0.285757 0.228434 0.00880822 0.240508 0.107859
0.32582 0.299132 0.153723 9.9991E-05 0.0386551 0.182569
0.689229 0.082177 9.9973E-05 9.9973E-05 9.9973E-05 0.228294
0.15377 9.9991E-05 0.246892 0.0787886 0.104756 0.415694
0.30321 0.339619 0.332562 0.0244095 9.9982E-05 9.9982E-05
0.0909628 0.0374999 0.0909541 0.0791184 0.679671 0.0217935
0.287566 9.9982E-05 0.149548 9.9982E-05 0.475717 0.0869691
0.117715 0.290295 0.139718 9.9991E-05 0.113068 0.339104
0.240772 9.9991E-05 0.239327 0.0498548 0.290453 0.179493
0.164574 9.9991E-05 0.0733333 0.0311728 0.323375 0.407445
0.0956512 0.113896 0.0938674 0.197054 9.9991E-05 0.499431
0.202358 0.260002 0.0999358 0.120973 9.9991E-05 0.316631
0.0919227 0.0797725 0.373283 0.0167731 0.257704 0.180545
0.163394 0.102394 0.243799 0.0189165 0.357702 0.113794
0.0818671 0.10536 0.0134974 0.0927475 0.231162 0.475366
0.0711786 0.280174 0.0999366 0.0978898 0.163623 0.287198
0.126687 0.164624 9.9982E-05 0.0415654 0.666924 9.9982E-05
0.158007 0.547683 0.118532 0.082308 9.9991E-05 0.0933697
0.410849 0.127014 9.9982E-05 9.9982E-05 0.418783 0.0431543
0.0654067 0.242593 0.0126118 0.0581838 0.548543 0.0726618
0.154907 0.116797 0.264672 0.114461 0.349064 9.9991E-05
9.9973E-05 0.0417161 9.9973E-05 0.120114 9.9973E-05 0.83787
0.27055 0.233072 9.9982E-05 9.9982E-05 0.201829 0.29435
9.9982E-05 0.000949857 9.9982E-05 0.0599684 0.179442 0.759439
0.0329612 9.9982E-05 0.0139097 0.112681 9.9982E-05 0.840248
0.00920973 0.0268263 0.247559 0.116152 0.456618 0.143634
0.237143 0.0157657 0.218528 9.9991E-05 0.110355 0.418109
0.0392124 0.193178 0.226715 0.0954476 0.11795 0.327497
0.403826 0.385255 0.150374 0.0447579 9.9991E-05 0.0156871
0.187958 0.380226 9.9991E-05 0.0459826 0.0335821 0.352152
0.149953 9.9964E-05 9.9964E-05 0.849648 9.9964E-05 9.9964E-05
0.258341 0.0544613 0.20029 0.0099634 0.349355 0.127589
0.582113 9.9973E-05 9.9973E-05 9.9973E-05 0.0611337 0.356453
0.255561 0.0563035 0.167596 9.9982E-05 9.9982E-05 0.52034
0.0773392 0.210948 0.0761517 0.0173358 0.306235 0.31199
0.41455 0.368696 9.9982E-05 0.0621682 9.9982E-05 0.154386
0.183968 0.214794 0.0831925 0.146338 0.371608 9.9991E-05
9.9991E-05 0.208252 0.285156 0.112082 0.0629219 0.331488
0.0782125 0.547451 0.0425122 9.9991E-05 0.140681 0.191042
0.232537 0.341022 0.0342205 0.103308 0.204819 0.0840949
9.9991E-05 0.247169 0.133714 0.0485666 0.516629 0.0538209
9.9991E-05 0.286846 0.36806 0.0487852 0.184744 0.111465
9.9973E-05 0.131485 0.219076 9.9973E-05 0.649139 9.9973E-05
0.0878933 0.196887 0.246657 0.0910491 0.000769403 0.376744
0.162271 0.0208493 0.230007 0.0786138 0.376096 0.132163
9.9982E-05 0.0931567 0.27232 9.9982E-05 0.381235 0.253088
0.131181 0.13517 0.27488 0.181232 0.216731 0.060806
0.228516 0.0328129 0.125478 0.00040521 0.149494 0.463293
0.193633 0.178192 0.0708116 0.0494793 9.9991E-05 0.507784
0.125852 9.9991E-05 0.0674659 0.195229 0.32222 0.289133
0.174835 9.9982E-05 0.00239476 0.0557007 0.766869 9.9982E-05
0.0970482 0.351113 0.0321038 0.0852576 9.9991E-05 0.434377
0.150644 0.0467865 0.183555 0.0174736 0.167792 0.433749
0.54763 0.151682 9.9982E-05 9.9982E-05 0.0687449 0.231743
0.188022 0.430993 0.23911 9.9991E-05 0.137602 0.00417306
0.142951 0.558399 0.115136 0.130558 9.9991E-05 0.0528576
0.257177 0.0865299 0.0103749 9.9991E-05 0.0177343 0.628083
9.99639E-05 9.99639E-05 0.0892172 0.910383 9.99639E-05 9.99639E-05
0.0328128 0.364437 0.285121 9.9991E-05 0.219442 0.0980872
0.370112 9.9982E-05 0.0766104 9.9982E-05 0.0906169 0.462461
0.132884 0.489793 9.9991E-05 0.0576907 0.28769 0.0318431
0.290225 0.0363596 0.161559 0.00467176 9.9991E-05 0.507085
0.14098 0.0526571 0.179834 0.0853403 0.312704 0.228485
9.9982E-05 0.272711 0.132655 0.0155136 9.9982E-05 0.578921
0.0745406 0.116842 0.273258 9.9982E-05 9.9982E-05 0.53516
0.394821 9.9982E-05 0.102781 0.398145 9.9982E-05 0.104053
0.0190813 0.384148 9.9991E-05 0.321966 0.0205233 0.254182
0.196163 0.186471 0.0960812 0.172617 0.00156051 0.347107
9.996E-05 9.996E-05 9.996E-05 0.9995 9.996E-05 9.996E-05
0.0861159 0.425977 0.177348 0.0576356 0.243499 0.00942405
9.996E-05 9.996E-05 0.9995 9.996E-05 9.996E-05 9.996E-05
0.236855 9.9991E-05 0.151438 0.0301966 0.545517 0.0358936
9.9973E-05 0.137255 9.9973E-05 9.9973E-05 0.673421 0.189023
0.0866126 0.416778 0.0134952 0.0451855 0.130717 0.307212
0.176483 0.16635 0.0242976 0.0458263 0.153333 0.433711
0.101992 0.303063 0.0607986 0.0718664 0.387129 0.0751507
0.163597 0.276994 0.0571205 0.12323 0.110305 0.268754
0.0822158 0.0236504 0.214368 0.0108466 0.284893 0.384026
0.213526 9.9991E-05 0.111582 0.201841 0.180709 0.292242
0.0182711 9.9991E-05 0.155316 0.0972156 0.510097 0.219
0.110103 9.9991E-05 0.231413 0.373257 0.10362 0.181507
0.0890117 0.123601 0.235007 0.09634 0.243472 0.212568
9.996E-05 9.996E-05 9.996E-05 0.9995 9.996E-05 9.996E-05
0.052096 0.281359 0.338134 9.9991E-05 0.144146 0.184165
0.488454 0.129006 0.0151631 9.9991E-05 0.00511706 0.36216
9.9991E-05 0.0596181 0.177142 0.0610535 0.109271 0.592816
0.43092 0.361212 0.0267307 9.9991E-05 0.0499163 0.131121
0.243908 0.228652 0.122862 0.0668028 9.9991E-05 0.337676
0.325779 0.0542242 0.158769 0.377158 9.9991E-05 0.0839695
0.12821 0.152857 0.202813 0.174541 9.9991E-05 0.341479
0.148386 0.0351641 0.160453 9.9991E-05 0.530558 0.125339
0.137413 0.13355 0.0635405 0.224517 9.9991E-05 0.440879
9.9991E-05 0.502265 0.0331591 0.0331001 0.320491 0.110885
0.243801 0.0520745 0.0719237 0.0257461 0.473601 0.132854
0.118333 9.9991E-05 0.171932 0.147375 0.143001 0.41926
0.111772 9.9973E-05 9.9973E-05 9.9973E-05 0.325346 0.562583
0.355236 0.0997116 0.167345 0.146865 0.230743 9.9991E-05
0.433688 0.336249 0.0269152 0.00463907 9.9991E-05 0.198408
0.127031 0.327092 9.9973E-05 9.9973E-05 9.9973E-05 0.545576
0.0893939 0.229293 0.141185 0.262916 0.151766 0.125446
0.0493443 0.0937543 0.1601 0.20146 0.469871 0.0254697
0.261973 9.9991E-05 0.0987875 0.0271528 0.13335 0.478636
0.41725 0.134834 0.247358 9.9991E-05 0.136159 0.0642986
9.996E-05 9.996E-05 9.996E-05 9.996E-05 0.9995 9.996E-05
9.996E-05 9.996E-05 9.996E-05 9.996E-05 0.9995 9.996E-05
0.112407 0.210835 0.170651 0.171556 0.0896819 0.24487
0.205916 0.14159 0.279314 0.0809579 9.9991E-05 0.292122
0.176391 0.219967 0.192415 0.0320835 0.0934303 0.285714
9.9973E-05 0.189685 0.179595 9.9973E-05 0.630421 9.9973E-05
0.129372 0.108353 0.292734 0.136861 9.9991E-05 0.332579
0.208005 0.297244 0.196966 0.0158078 9.9991E-05 0.281877
0.08439 0.428725 0.177756 0.0680218 0.00419137 0.236917
0.141881 0.215033 0.100719 0.524552 9.9991E-05 0.0177149
0.0387134 0.378728 0.124756 0.0620373 0.124536 0.271229
0.9995 9.996E-05 9.996E-05 9.996E-05 9.996E-05 9.996E-05
0.37415 0.0245728 0.309479 9.9991E-05 0.0959976 0.1957
0.175554 9.9982E-05 0.191512 9.9982E-05 0.239178 0.393556
0.144017 0.13992 0.137179 0.110156 0.22564 0.243087
0.202158 0.240269 0.32379 9.9991E-05 0.100806 0.132877
0.386742 0.0511332 0.142395 0.0851375 0.273826 0.0607663
0.018524 0.492432 0.200691 0.0973486 0.0735719 0.117432
0.0938007 0.43954 0.0372836 0.0571019 0.118789 0.253485
0.275948 0.112191 9.9982E-05 0.195272 0.416389 9.9982E-05
0.320302 0.0506771 0.0933887 9.9991E-05 0.0303985 0.505134
0.197784 0.106276 0.104541 0.144586 0.334922 0.11189
0.216234 9.9973E-05 9.9973E-05 0.236141 9.9973E-05 0.547325
0.102985 0.270179 0.0830671 0.157874 0.268368 0.117526
0.4291 0.317229 0.174921 0.0588861 9.9991E-05 0.0197635
0.9995 9.996E-05 9.996E-05 9.996E-05 9.996E-05 9.996E-05
0.655881 0.0895921 9.9973E-05 9.9973E-05 0.254227 9.9973E-05
9.9982E-05 0.0714658 0.166145 9.9982E-05 0.399991 0.362198
0.0346947 0.0529405 0.100849 0.0552077 0.26342 0.492888
0.469613 9.9982E-05 0.0222088 0.0820383 9.9982E-05 0.42594
0.171479 0.260677 0.081588 9.9991E-05 0.10885 0.377306
0.0843424 0.34563 0.174029 9.9982E-05 0.395798 9.9982E-05
9.9964E-05 0.271586 9.9964E-05 9.9964E-05 0.728014 9.9964E-05
0.305763 0.367039 0.000234721 0.0976025 0.21747 0.0118907
0.121506 9.9991E-05 0.10149 0.12819 0.59113 0.0575837
9.9991E-05 0.191912 0.150899 0.12616 0.383744 0.147184
0.508807 9.9991E-05 0.0174269 0.159177 0.132372 0.182117
9.9973E-05 0.612216 9.9973E-05 9.9973E-05 0.228776 0.158708
0.297971 0.217561 9.9982E-05 9.9982E-05 0.193359 0.29091
9.9982E-05 0.44652 0.117609 0.0155498 9.9982E-05 0.420121
0.188512 0.205268 0.110738 9.9991E-05 0.206541 0.288842
0.0210609 0.0855824 0.169528 0.0129337 0.606543 0.104352
9.996E-05 9.996E-05 0.9995 9.996E-05 9.996E-05 9.996E-05
0.0257823 0.342177 0.243867 0.150393 0.00460067 0.23318
9.9964E-05 0.952142 9.9964E-05 0.0474585 9.9964E-05 9.9964E-05
0.385624 0.208977 0.0193103 0.094298 0.145488 0.146302
0.237145 0.116671 0.0870986 0.0424747 0.17712 0.339492
0.140499 9.9982E-05 9.9982E-05 0.137474 0.311255 0.410572
0.356846 9.9982E-05 0.0709857 9.9982E-05 0.364094 0.207875
9.996E-05 9.996E-05 0.9995 9.996E-05 9.996E-05 9.996E-05
0.151998 0.362697 0.0157454 0.0200475 0.0713557 0.378156
0.244303 0.298776 0.193857 0.0284208 0.234543 9.9991E-05
0.180938 0.205972 0.0128355 0.0213558 0.0214695 0.55743
0.10747 0.667796 9.9991E-05 0.0898414 0.00888643 0.125906
