9.9991E-05 0.966495 0.0334046
0.181199 0.611735 0.207066
0.293451 0.478852 0.227697
0.163641 0.782396 0.0539633
0.497744 0.429913 0.0723425
0.538239 0.460341 0.00141947
0.214459 0.537255 0.248286
0.267774 0.525479 0.206747
0.575189 0.236994 0.187817
0.366564 0.305056 0.32838
0.708536 0.181852 0.109611
0.661792 0.0770287 0.26118
0.333371 0.571195 0.095434
0.650283 0.165187 0.184531
0.729072 0.0570511 0.213877
0.174585 0.428636 0.39678
0.781104 0.0667744 0.152121
0.339706 0.349318 0.310975
0.281558 0.541548 0.176894
0.132674 0.602094 0.265233
0.253323 0.617474 0.129203
0.235876 0.636189 0.127935
0.29969 0.522585 0.177725
0.16882 0.413676 0.417505
0.840983 9.9991E-05 0.158917
0.354241 0.604938 0.040821
0.313032 0.320437 0.366531
0.324195 0.397784 0.278021
0.319308 0.40316 0.277532
0.115466 0.0698113 0.814722
0.571963 0.261694 0.166343
0.50717 0.246135 0.246695
0.0916463 0.659813 0.248541
0.564655 0.326432 0.108913
0.622736 0.19891 0.178354
9.9991E-05 0.909929 0.0899706
0.518942 0.382629 0.0984293
0.218583 0.570904 0.210512
0.718262 0.0684641 0.213274
0.287247 0.548574 0.164179
0.109176 0.655445 0.235379
0.360432 0.510252 0.129316
0.21819 0.61663 0.16518
0.26159 0.587164 0.151247
0.306529 0.406789 0.286682
0.676697 0.239145 0.0841573
0.332898 0.660269 0.00683279
0.349854 0.556702 0.0934438
0.317746 0.323851 0.358404
0.16715 0.678483 0.154368
0.399407 0.363067 0.237526
0.366425 0.458491 0.175084
0.193049 0.672685 0.134266
0.507763 0.229287 0.26295
0.33338 0.611175 0.0554455
0.435454 0.460012 0.104534
0.34018 0.560975 0.0988453
0.298917 0.571499 0.129584
0.561285 0.355569 0.0831463
0.617711 0.253796 0.128493
0.382458 0.544323 0.0732194
0.447855 0.442553 0.109593
0.59031 0.266054 0.143636
9.9991E-05 0.116229 0.883671
0.405906 0.547274 0.0468209
9.999E-05 0.9998 9.999E-05
0.350654 0.587422 0.0619245
0.408498 0.379656 0.211846
0.0430533 0.787591 0.169356
0.211076 0.426181 0.362743
0.838102 0.0193719 0.142526
0.396759 0.384761 0.21848
0.318435 0.393364 0.288202
0.547017 0.302101 0.150882
0.501595 0.316487 0.181918
0.670143 0.160891 0.168966
0.486321 0.221595 0.292084
0.508964 0.407223 0.0838132
0.513002 0.486899 9.9991E-05
0.45653 0.30413 0.23934
0.198664 0.682112 0.119224
0.530773 0.359288 0.109939
0.369102 0.375164 0.255733
0.276002 0.43972 0.284278
0.378403 0.50825 0.113347
0.142363 0.857537 9.9991E-05
0.0313608 0.902092 0.0665475
0.915531 9.9991E-05 0.0843691
0.342724 0.229232 0.428044
0.26215 0.682992 0.0548572
9.999E-05 9.999E-05 0.9998
0.607809 0.352348 0.0398431
0.183722 0.594883 0.221394
0.337205 0.428635 0.23416
0.154188 0.773332 0.0724793
0.26795 0.606129 0.125921
0.190756 0.809144 9.9991E-05
0.677694 0.287644 0.0346619
0.17854 0.180019 0.641441
0.287443 0.370182 0.342375
0.38151 0.34815 0.27034
9.999E-05 9.999E-05 0.9998
0.525243 0.274961 0.199796
0.90639 9.9991E-05 0.0935099
0.115528 0.719972 0.1645
0.279015 0.720885 9.9991E-05
0.452516 0.547384 9.9991E-05
0.204232 0.66706 0.128708
0.52555 0.154313 0.320137
0.341694 0.415538 0.242769
0.479251 0.514232 0.00651744
0.402292 0.29657 0.301137
0.171263 0.66221 0.166527
0.343907 0.0760996 0.579993
0.250848 0.675959 0.0731935
9.999E-05 9.999E-05 0.9998
0.511226 0.344443 0.144331
0.173277 0.712402 0.114321
0.258782 0.510142 0.231077
0.44932 0.323818 0.226862
0.357329 0.469742 0.172929
0.237015 0.131308 0.631676
0.521859 0.174402 0.303738
0.646073 0.333982 0.0199458
0.558166 0.12807 0.313764
0.847636 0.0518905 0.100474
0.42551 0.417032 0.157458
0.202458 0.499765 0.297777
0.43846 0.50122 0.0603197
0.263467 0.450084 0.286449
0.22183 0.729482 0.0486873
0.277989 0.541588 0.180423
0.516806 0.216944 0.26625
0.315067 0.31211 0.372823
0.406377 0.543775 0.0498482
0.571726 0.190103 0.23817
0.251774 0.664196 0.08403
9.9991E-05 0.844027 0.155873
0.324217 0.469478 0.206305
0.443797 0.350492 0.205711
0.627785 0.178396 0.193819
0.70222 0.149104 0.148677
0.387505 0.447737 0.164759
0.290085 0.355195 0.35472
0.334245 0.46855 0.197205
9.9991E-05 0.435911 0.563989
0.5684 0.284203 0.147396
9.999E-05 9.999E-05 0.9998
0.173993 0.666186 0.159821
0.0781959 0.921704 9.9991E-05
0.652462 0.208134 0.139405
0.468714 0.501504 0.0297817
0.448206 0.217829 0.333965
0.568674 0.215434 0.215892
0.593243 0.336653 0.0701034
0.256723 0.436549 0.306728
0.34038 0.6068 0.0528201
0.255914 0.493913 0.250173
9.9991E-05 0.969383 0.030517
0.332021 0.380347 0.287631
0.453019 0.410875 0.136106
9.999E-05 9.999E-05 0.9998
0.45253 0.243522 0.303949
0.172699 0.738866 0.0884353
0.327773 0.516788 0.155439
9.9991E-05 0.910798 0.089102
0.359786 0.595957 0.044257
0.616255 0.37057 0.013175
0.0780984 0.696975 0.224926
0.37568 0.385504 0.238816
0.607798 0.353051 0.0391511
0.388824 0.35506 0.256115
0.139059 0.521326 0.339615
0.736774 0.181289 0.0819365
0.279029 0.54821 0.172761
0.775015 0.218087 0.00689752
0.609084 0.390816 9.9991E-05
0.474717 0.423075 0.102208
0.9998 9.999E-05 9.999E-05
0.323131 0.475126 0.201743
0.654612 9.9991E-05 0.345288
0.176863 0.512894 0.310243
0.194588 0.674551 0.13086
0.00283396 0.922497 0.0746691
0.317625 0.620647 0.0617277
0.9998 9.999E-05 9.999E-05
0.422783 0.453427 0.12379
0.577049 0.233094 0.189857
0.181601 0.775661 0.0427374
0.446459 0.322303 0.231238
