0.867328 9.99459E-05 9.99459E-05 0.117872 0.0142003 9.99459E-05 9.99459E-05 9.99459E-05 9.99459E-05
9.9964E-05 0.0820952 0.305006 9.9964E-05 0.302094 0.237362 9.9964E-05 9.9964E-05 0.0730434
0.399278 0.131414 0.251373 0.0860648 9.9991E-05 0.0234398 0.0234459 0.0430793 0.0418052
0.185403 0.0405098 9.9973E-05 9.9973E-05 9.9973E-05 0.320666 0.0533843 0.275024 0.124714
0.0200299 0.0352083 0.150536 9.9982E-05 9.9982E-05 0.428275 0.112208 0.181417 0.0721264
9.9973E-05 9.9973E-05 0.0640339 9.9973E-05 0.0189904 0.153732 0.0712089 0.594348 0.0973871
0.63554 0.0241286 0.0344327 0.123897 0.0398065 0.0370534 0.0396529 0.0653881 9.9991E-05
0.0907426 0.143395 0.0402617 0.170291 0.0510958 0.220266 0.0392446 0.244603 9.9991E-05
0.0302057 0.0403921 0.213117 0.522092 0.024262 0.0304272 0.0175833 0.121717 0.000203999
9.9973E-05 0.167193 0.196582 0.238477 9.9973E-05 9.9973E-05 0.101491 0.186863 0.109095
9.9973E-05 9.9973E-05 0.0304165 0.653691 9.9973E-05 0.136675 0.0597543 0.0115636 0.1076
9.9964E-05 0.0965663 0.594709 0.109834 9.9964E-05 0.161669 0.0368221 9.9964E-05 9.9964E-05
9.99729E-05 0.0679022 0.124482 0.196803 9.99729E-05 0.184069 0.129163 0.297281 9.99729E-05
0.258877 0.152485 0.248958 9.9973E-05 9.9973E-05 0.181679 0.0675893 9.9973E-05 0.0901122
9.9964E-05 9.9964E-05 9.9964E-05 0.0161495 0.0696234 0.819145 0.0479928 9.9964E-05 0.0466895
0.137659 0.134453 9.9982E-05 0.0971652 0.299081 0.252364 0.0673716 9.9982E-05 0.0117066
9.9937E-05 9.9937E-05 9.9937E-05 9.9937E-05 9.9937E-05 0.90031 9.9937E-05 9.9937E-05 0.0989902
0.104827 0.231668 9.9982E-05 0.107899 0.0914918 0.237233 0.162016 9.9982E-05 0.0646648
0.168806 0.0949466 0.274135 9.9973E-05 9.9973E-05 0.00486202 0.134957 0.321993 9.9973E-05
0.290596 9.9982E-05 0.174273 0.249817 0.132173 9.9982E-05 0.0149603 0.0539735 0.0840082
0.287834 9.99729E-05 9.99729E-05 0.38466 9.99729E-05 0.132568 0.116028 0.0481327 0.0304784
0.102321 0.0667834 0.470098 0.105647 0.111275 0.0151743 0.0253962 0.0714198 0.031885
0.129271 0.0151015 0.0762373 0.121479 0.0452434 0.172102 0.119994 0.320472 9.9991E-05
0.142148 0.279854 0.198112 9.9982E-05 0.104646 0.175887 0.0314106 0.0677428 9.9982E-05
9.9946E-05 9.9946E-05 9.9946E-05 0.799629 9.9946E-05 9.9946E-05 0.0631504 9.9946E-05 0.136621
0.141498 0.171074 9.9982E-05 0.237936 0.0034494 0.362127 0.0014698 0.0822458 9.9982E-05
0.0969886 0.187293 9.9982E-05 0.317275 0.143366 9.9982E-05 0.0873 0.097246 0.0703322
0.262004 0.173983 0.0375864 9.9973E-05 9.9973E-05 9.9973E-05 0.016392 0.442294 0.0674409
9.9973E-05 9.9973E-05 9.9973E-05 0.219932 0.0553734 0.0809068 0.0212576 0.602052 0.0201774
0.0739408 0.633636 0.12264 9.99729E-05 0.0386974 0.0995311 0.0312541 9.99729E-05 9.99729E-05
9.9973E-05 0.0356818 0.250133 0.387574 9.9973E-05 0.299339 0.00970129 9.9973E-05 0.0172706
9.9973E-05 9.9973E-05 0.0332027 0.662911 0.0290805 9.9973E-05 0.0686483 0.153903 0.0519545
0.0981304 0.0654715 9.9964E-05 9.9964E-05 9.9964E-05 0.526814 0.0513733 0.257811 9.9964E-05
0.122949 9.9991E-05 0.194926 0.0142935 0.0926962 0.195608 0.111188 0.108729 0.159511
0.0186774 0.0111205 0.131034 0.0111012 9.9991E-05 0.343695 0.121389 0.267697 0.0951856
0.999201 9.993E-05 9.993E-05 9.993E-05 9.993E-05 9.993E-05 9.993E-05 9.993E-05 9.993E-05
0.225408 9.9973E-05 9.9973E-05 9.9973E-05 0.00783403 0.104153 0.00837635 0.483375 0.170554
0.124619 0.0657075 9.9964E-05 0.663431 0.0252713 9.9964E-05 9.9964E-05 9.9964E-05 0.120571
0.00676476 0.123437 0.0332498 9.9982E-05 9.9982E-05 0.320734 0.0677987 0.415381 0.0324351
0.223207 9.9964E-05 0.188208 9.9964E-05 0.103344 0.388973 0.095869 9.9964E-05 9.9964E-05
0.0162246 0.0840024 0.315417 0.0456687 0.183443 0.0238419 0.0659505 0.212227 0.0532246
0.12591 9.9982E-05 9.9982E-05 0.0189342 0.138631 0.230885 0.0702428 0.276821 0.138376
0.0734334 0.0246888 9.9982E-05 0.0470681 0.0988464 9.9982E-05 0.0738661 0.644348 0.0375493
0.135502 0.127454 0.237724 9.99551E-05 9.99551E-05 9.99551E-05 9.99551E-05 0.49882 9.99551E-05
9.9955E-05 0.0399198 9.9955E-05 0.800094 0.127849 9.9955E-05 0.031638 9.9955E-05 9.9955E-05
0.0288667 9.9982E-05 0.383532 0.124213 9.9982E-05 0.0785631 0.0370614 0.215694 0.13187
0.101663 0.0272388 0.359579 9.9982E-05 0.192781 0.140332 0.00697991 0.171226 9.9982E-05
0.0041498 0.053845 0.297036 9.9991E-05 0.0472056 0.320658 0.0476057 0.214717 0.014684
9.999E-05 0.0266759 0.111116 0.192341 0.103341 0.327758 0.0635782 0.105447 0.0696437
9.9973E-05 0.0962733 0.2085 9.9973E-05 0.0229299 0.173824 0.0694569 0.428716 9.9973E-05
0.100763 0.00124101 0.0912802 0.3443 9.9982E-05 0.336595 0.106114 9.9982E-05 0.0195074
0.120762 0.0983418 0.398095 9.9982E-05 0.0581602 0.247781 0.0684861 0.00817485 9.9982E-05
9.9973E-05 0.0811111 9.9973E-05 9.9973E-05 0.382478 0.111254 0.0649872 0.324797 0.0350733
0.158917 0.107065 9.9991E-05 0.15146 0.170092 0.165471 0.0217447 0.0302909 0.194859
9.9955E-05 0.207677 0.595289 9.9955E-05 0.123131 9.9955E-05 9.9955E-05 0.0734027 9.9955E-05
9.9973E-05 9.9973E-05 0.0121828 0.00158598 9.9973E-05 0.213145 0.113606 0.617794 0.0413866
9.99461E-05 0.00365413 0.808349 9.99461E-05 0.187397 9.99461E-05 9.99461E-05 9.99461E-05 9.99461E-05
0.0153915 0.0567163 0.369863 0.101572 9.9982E-05 9.9982E-05 0.0608454 0.394077 0.00133586
0.151147 9.9982E-05 0.375189 0.034886 0.0228067 9.9982E-05 0.0503882 0.226516 0.138867
0.00165453 0.0456111 0.129506 0.291645 0.017349 0.0184809 0.0453439 0.344455 0.105954
0.00432441 0.0286814 0.0879196 9.9964E-05 9.9964E-05 0.714805 9.9964E-05 0.16387 9.9964E-05
9.9964E-05 9.9964E-05 9.9964E-05 0.240489 0.0749819 0.476612 0.118141 9.9964E-05 0.0893765
0.144144 9.9982E-05 0.21013 0.0609404 0.0280788 0.358511 0.0993036 0.0986921 9.9982E-05
0.0638351 0.852167 9.9946E-05 9.9946E-05 9.9946E-05 9.9946E-05 0.0833986 9.9946E-05 9.9946E-05
0.250918 0.00808993 9.9973E-05 9.9973E-05 0.0749668 0.28409 9.9973E-05 0.212651 0.168985
0.955954 9.9946E-05 9.9946E-05 9.9946E-05 9.9946E-05 9.9946E-05 0.00210941 0.0413371 9.9946E-05
0.347679 0.0417933 0.124156 0.0596436 9.9991E-05 0.149049 0.0634974 0.132117 0.0819646
9.9973E-05 0.151057 0.224138 0.177313 9.9973E-05 0.0245364 0.0450409 0.377615 9.9973E-05
0.280045 0.0444351 9.99641E-05 0.127239 9.99641E-05 0.515878 9.99641E-05 0.0320027 9.99641E-05
0.14772 0.145346 9.9991E-05 0.1843 0.191585 0.103343 0.0967771 0.120696 0.0101329
0.0528802 0.107954 0.702845 9.9955E-05 9.9955E-05 9.9955E-05 9.9955E-05 9.9955E-05 0.135821
0.125996 0.0523037 0.10259 0.0918651 0.0395196 0.429279 0.0849478 0.0733993 9.9991E-05
9.9973E-05 0.078381 0.0240842 0.314315 9.9973E-05 0.325417 0.122192 0.135311 9.9973E-05
9.999E-05 0.13156 0.271198 0.0189574 0.0314328 0.289862 0.0424469 0.157276 0.0571665
0.0309537 0.142182 9.9991E-05 0.0213472 0.0997092 0.0404818 0.0855229 0.407344 0.17236
0.016588 0.012335 0.741487 9.9973E-05 0.0887203 9.9973E-05 0.0317759 9.9973E-05 0.108794
9.9964E-05 9.9964E-05 9.9964E-05 0.110006 0.00622851 0.0216011 0.107211 0.754553 9.9964E-05
9.9973E-05 0.0129296 9.9973E-05 9.9973E-05 0.0771091 0.455011 0.0601689 0.305655 0.0888266
9.99549E-05 9.99549E-05 0.0729301 9.99549E-05 9.99549E-05 0.667979 9.99549E-05 0.248247 0.0103437
0.0625431 0.0705515 0.0931073 0.115307 0.0583444 0.506488 0.0373461 0.00361903 0.0526932
0.085112 0.0340318 9.9991E-05 0.228484 0.00588862 0.238942 0.0831348 0.289042 0.0352642
0.136518 0.0339929 9.9982E-05 0.103947 9.9982E-05 0.656875 0.00965359 0.0507389 0.00807505
0.00360121 0.207697 0.274607 0.218604 0.0814432 9.9982E-05 9.9982E-05 0.166036 0.0478116
9.9964E-05 9.9964E-05 9.9964E-05 0.295756 0.121497 0.567127 0.00462305 0.0105969 9.9964E-05
0.173451 9.9964E-05 0.376244 9.9964E-05 9.9964E-05 0.183765 0.0424449 0.223695 9.9964E-05
0.154182 9.9982E-05 0.273703 0.378527 0.130811 9.9982E-05 0.00515935 0.00289999 0.0545182
0.705052 0.0478014 0.0639249 9.99639E-05 9.99639E-05 0.00644378 9.99639E-05 0.176378 9.99639E-05
9.9955E-05 9.9955E-05 0.754974 0.0985057 9.9955E-05 9.9955E-05 0.092077 9.9955E-05 0.0539436
0.195704 0.158609 0.0248361 0.0379061 0.0846067 0.358464 0.0569826 9.9991E-05 0.0827921
0.0473902 9.9964E-05 0.0134215 0.675285 9.9964E-05 9.9964E-05 0.0587434 0.20476 9.9964E-05
9.9946E-05 0.965926 9.9946E-05 9.9946E-05 9.9946E-05 9.9946E-05 9.9946E-05 0.00682816 0.0266463
9.9964E-05 9.9964E-05 0.361517 0.449644 9.9964E-05 0.10619 0.00457084 9.9964E-05 0.0776779
0.32048 0.016524 9.9973E-05 9.9973E-05 0.000537843 0.490588 0.119745 0.0518264 9.9973E-05
0.0761369 0.0550874 0.211015 0.0166358 0.264342 0.323874 0.0527088 9.9982E-05 9.9982E-05
0.223408 9.9964E-05 9.9964E-05 0.0478292 9.9964E-05 0.667856 9.9964E-05 0.00170352 0.058804
0.0324091 0.108357 9.9964E-05 0.158834 9.9964E-05 0.183665 9.9964E-05 0.516335 9.9964E-05
0.0387474 9.99551E-05 9.99551E-05 0.531629 0.101193 9.99551E-05 9.99551E-05 0.327931 9.99551E-05
0.249712 0.0496496 0.334893 9.99731E-05 9.99731E-05 0.173918 9.99731E-05 0.0629673 0.12856
0.0202804 0.41506 9.99641E-05 0.349797 9.99641E-05 0.146339 0.0681243 9.99641E-05 9.99641E-05
9.9973E-05 0.367251 0.0268626 0.0777537 0.031748 0.296049 9.9973E-05 0.200036 9.9973E-05
0.125406 0.171162 0.281872 0.178784 0.0243447 0.127899 0.016775 0.0726715 0.00108532
9.993E-05 0.999201 9.993E-05 9.993E-05 9.993E-05 9.993E-05 9.993E-05 9.993E-05 9.993E-05
9.9991E-05 0.0836788 0.0551535 0.181714 0.012489 0.254136 0.0562787 0.291457 0.0649927
9.99369E-05 9.99369E-05 9.99369E-05 0.0454059 9.99369E-05 9.99369E-05 9.99369E-05 9.99369E-05 0.953894
0.00435479 0.0217824 9.9991E-05 0.276235 0.0409758 0.278099 0.0748903 0.289803 0.0137599
0.0417488 0.0138592 0.119346 9.9973E-05 0.120025 0.0727358 9.9973E-05 0.631985 9.9973E-05
0.131126 0.0137397 0.232091 0.188403 0.198379 0.235962 9.99729E-05 9.99729E-05 9.99729E-05
0.10423 0.0559543 0.0914029 0.176739 0.0888523 0.115095 9.9991E-05 0.255248 0.112379
9.9991E-05 0.180446 0.434457 0.00492614 0.029958 0.199472 0.00616407 0.0799151 0.0645614
0.138846 0.0868149 0.309484 0.213102 9.9973E-05 0.181551 0.0699021 9.9973E-05 9.9973E-05
0.185802 9.9955E-05 9.9955E-05 9.9955E-05 9.9955E-05 9.9955E-05 0.0481694 0.709007 0.0565218
9.9964E-05 0.157216 0.328664 0.397796 9.9964E-05 9.9964E-05 0.0857254 0.0301984 9.9964E-05
0.109918 9.9982E-05 0.108258 0.114707 0.171919 0.214314 9.9982E-05 0.270904 0.0097798
9.9973E-05 0.464486 9.9973E-05 0.223031 0.0564467 0.178969 0.0427273 9.9973E-05 0.0340396
0.197073 9.9991E-05 0.0188 0.105148 0.00784824 0.326459 0.0496386 0.262066 0.0328671
9.993E-05 0.999201 9.993E-05 9.993E-05 9.993E-05 9.993E-05 9.993E-05 9.993E-05 9.993E-05
0.0166058 0.00207812 9.9982E-05 0.485736 0.00165117 0.216255 9.9982E-05 0.15034 0.127134
0.620117 0.0301173 0.0808525 0.0450448 0.026599 0.165863 0.0108431 9.9991E-05 0.0204635
9.9964E-05 9.9964E-05 0.00774607 0.192421 0.0228319 9.9964E-05 0.015734 0.760867 9.9964E-05
9.9973E-05 0.00562847 0.0323496 0.714045 9.9973E-05 0.0797553 0.097946 0.0699756 9.9973E-05
0.392074 0.0391141 0.0567476 0.06115 0.0628299 0.268576 0.0582235 0.00855944 0.0527247
9.9955E-05 0.401194 9.9955E-05 0.282666 9.9955E-05 0.200177 0.115463 9.9955E-05 9.9955E-05
9.9991E-05 0.0721124 0.076358 0.359627 0.0407802 0.172463 0.0399558 0.189796 0.0488081
9.9982E-05 9.9982E-05 0.0989085 0.0939987 0.324907 0.273898 0.000543226 0.170935 0.0366095
0.0446292 0.249281 0.0885401 0.410601 0.0445211 0.0304734 0.0675522 9.9991E-05 0.0643011
9.9964E-05 9.9964E-05 0.317246 9.9964E-05 0.0378907 0.488528 0.00573035 0.150205 9.9964E-05
9.9955E-05 9.9955E-05 9.9955E-05 0.377546 0.0317877 9.9955E-05 0.130599 0.459568 9.9955E-05
9.9973E-05 0.130456 0.188282 0.19493 9.9973E-05 0.342656 0.0746523 9.9973E-05 0.0687244
9.9964E-05 9.9964E-05 0.60232 0.0722208 0.0432163 9.9964E-05 0.0791267 0.202716 9.9964E-05
0.0122704 0.154996 0.0657613 0.595154 0.105213 9.9973E-05 0.0663053 9.9973E-05 9.9973E-05
0.583875 0.0713591 9.9964E-05 0.0549937 9.9964E-05 9.9964E-05 0.016581 0.272792 9.9964E-05
0.142833 0.00617576 0.0103822 9.9973E-05 9.9973E-05 0.192228 0.0721051 0.575975 9.9973E-05
0.0692944 0.252389 0.0662476 0.142388 9.9982E-05 0.416005 0.01149 0.0419858 9.9982E-05
9.9982E-05 0.0391367 0.291829 0.0838013 0.0780862 0.187676 0.0846821 0.234588 9.9982E-05
0.164759 0.0350999 9.9964E-05 0.168598 9.9964E-05 0.0632297 9.9964E-05 0.567914 9.9964E-05
0.0048249 9.9973E-05 0.292341 0.363795 9.9973E-05 0.154293 0.0756905 9.9973E-05 0.108756
9.99369E-05 9.99369E-05 9.99369E-05 9.99369E-05 0.964086 9.99369E-05 9.99369E-05 0.0352139 9.99369E-05
9.99369E-05 9.99369E-05 9.99369E-05 9.99369E-05 0.992511 9.99369E-05 0.00678939 9.99369E-05 9.99369E-05
0.184924 0.038553 0.419339 0.189835 0.0213634 0.0635178 0.0546491 9.9991E-05 0.0277188
0.0472011 0.00668691 9.9964E-05 0.161706 9.9964E-05 0.716754 9.9964E-05 9.9964E-05 0.0672517
9.9973E-05 0.0706587 0.207245 9.9973E-05 9.9973E-05 0.0817475 0.106566 0.461745 0.0717377
9.9982E-05 9.9982E-05 0.19741 0.274213 0.0622189 0.0863657 0.120968 0.207528 0.0510963
0.0398026 0.15368 0.312064 0.110119 9.9991E-05 0.123831 0.00708312 0.140638 0.112683
0.234362 0.0315286 0.38902 0.308194 9.9964E-05 9.9964E-05 9.9964E-05 9.9964E-05 0.0364957
0.0687816 0.0790939 9.9982E-05 9.9982E-05 0.0712921 0.464319 0.0364001 0.240751 0.0391618
0.191987 0.437842 9.9991E-05 0.0487219 0.033061 0.0831889 0.104975 0.0888716 0.0112519
0.323806 9.9982E-05 0.386927 9.9982E-05 0.0648146 0.0505141 0.0151626 0.0468241 0.111751
9.993E-05 9.993E-05 9.993E-05 9.993E-05 9.993E-05 9.993E-05 0.999201 9.993E-05 9.993E-05
0.632507 9.9973E-05 9.9973E-05 0.160858 0.0454308 0.0124406 0.0440594 9.9973E-05 0.104405
9.9964E-05 9.9964E-05 9.9964E-05 9.9964E-05 0.114328 0.0180382 0.0499915 0.617087 0.200155
9.9973E-05 0.0232142 0.75864 0.031953 9.9973E-05 0.133499 0.0309592 9.9973E-05 0.0214347
0.106031 9.9982E-05 0.309339 0.167901 0.0580951 0.206646 0.0110871 9.9982E-05 0.140701
0.0570065 0.0873566 0.202138 0.41021 0.0250392 0.0314833 0.123935 9.9991E-05 0.0627314
9.9982E-05 0.0925461 0.17795 0.183781 0.225171 0.248998 0.0272082 9.9982E-05 0.0441455
9.99639E-05 0.0413155 0.595564 9.99639E-05 9.99639E-05 0.188603 0.0561645 0.117952 9.99639E-05
9.9982E-05 0.122342 9.9982E-05 0.101601 0.192301 0.15396 0.0955293 0.292095 0.0419723
0.175963 9.9973E-05 0.161473 0.258274 9.9973E-05 0.149238 0.0642657 0.190486 9.9973E-05
9.9982E-05 0.226739 0.00957084 0.160318 0.0355958 9.9982E-05 0.101014 0.395049 0.0715129
0.606422 0.0218091 9.9946E-05 9.9946E-05 9.9946E-05 9.9946E-05 9.9946E-05 0.371169 9.9946E-05
0.173443 0.113369 9.9991E-05 0.159473 0.0233078 0.320296 0.0420174 0.166783 0.00121088
0.205294 9.9964E-05 9.9964E-05 0.435127 9.9964E-05 0.299436 0.0497668 9.9964E-05 0.00997588
9.993E-05 9.993E-05 9.993E-05 9.993E-05 9.993E-05 9.993E-05 0.999201 9.993E-05 9.993E-05
0.185841 9.9982E-05 0.127964 0.0226103 0.0513653 0.167604 0.437483 0.00693285 9.9982E-05
0.0582026 9.9973E-05 9.9973E-05 0.000493159 0.260702 0.294335 9.9973E-05 0.351031 0.0349362
9.9973E-05 9.9973E-05 0.391004 0.21793 9.9973E-05 0.0959597 0.106336 0.18712 0.00135041
0.525966 0.022355 9.9955E-05 9.9955E-05 9.9955E-05 9.9955E-05 0.0958201 0.355359 9.9955E-05
0.265486 9.9982E-05 0.147165 0.0862033 0.122817 0.090832 0.0640396 0.223257 9.9982E-05
0.0829201 9.9973E-05 0.554231 0.109703 9.9973E-05 0.192392 0.0268716 9.9973E-05 0.0335827
0.00449789 9.99369E-05 9.99369E-05 9.99369E-05 0.994803 9.99369E-05 9.99369E-05 9.99369E-05 9.99369E-05
0.297705 0.0778628 0.119786 9.9982E-05 0.107083 0.201399 0.126888 0.0690762 9.9982E-05
0.126323 0.0725949 0.423355 0.158054 0.0602994 9.9991E-05 0.00827112 0.124257 0.0267457
9.9973E-05 0.0327418 0.361256 9.9973E-05 0.0767499 0.382223 0.0745488 9.9973E-05 0.0721807
0.216859 0.302653 0.0591918 0.107081 0.00847535 0.24701 0.0585287 9.9982E-05 9.9982E-05
0.0797213 9.9955E-05 0.62576 9.9955E-05 0.227849 9.9955E-05 9.9955E-05 9.9955E-05 0.0661696
0.22832 9.9982E-05 0.118608 9.9982E-05 0.0315354 0.264071 0.124911 0.228815 0.0035388
9.9955E-05 9.9955E-05 0.458634 9.9955E-05 9.9955E-05 0.354988 9.9955E-05 0.0934549 0.0924236
0.0278765 9.9973E-05 0.0406751 0.426595 9.9973E-05 0.41574 0.0816165 0.00719695 9.9973E-05
0.0442892 0.0209127 0.0403875 0.0372716 0.0535015 9.9982E-05 9.9982E-05 0.756317 0.0471208
9.9937E-05 9.9937E-05 9.9937E-05 9.9937E-05 9.9937E-05 9.9937E-05 9.9937E-05 0.00842449 0.990876
9.9982E-05 0.113299 0.156508 0.334005 0.120399 0.128706 9.9982E-05 0.103426 0.0434575
9.9946E-05 9.9946E-05 9.9946E-05 9.9946E-05 9.9946E-05 0.891066 0.0180903 9.9946E-05 0.0902438
0.122899 0.127104 9.9982E-05 0.427909 9.9982E-05 0.166241 0.072126 0.0371845 0.0463366
0.375309 0.01383 0.330446 0.00260765 0.180859 0.00889448 0.0608051 9.9991E-05 0.0271486
0.12978 0.147278 9.9964E-05 0.311809 0.0521118 9.9964E-05 9.9964E-05 0.358621 9.9964E-05
0.318706 9.9973E-05 0.082197 0.231583 0.132811 0.208462 9.9973E-05 9.9973E-05 0.0259404
9.993E-05 9.993E-05 9.993E-05 9.993E-05 9.993E-05 9.993E-05 9.993E-05 9.993E-05 0.999201
0.206065 0.0243541 0.431176 9.9964E-05 9.9964E-05 0.23798 0.100025 9.9964E-05 9.9964E-05
0.118016 0.185544 0.152044 0.0774063 9.9982E-05 0.217181 0.0486448 9.9982E-05 0.200963
0.160523 9.99639E-05 9.99639E-05 0.135306 0.0313377 0.459582 9.99639E-05 0.212852 9.99639E-05
0.1589 0.120062 0.277577 0.0817244 0.249862 0.0827618 0.0289122 9.9982E-05 9.9982E-05
