0.543341 0.224564 0.232095
0.446617 0.323172 0.230212
0.409614 0.421631 0.168755
0.434804 0.468601 0.0965941
0.643421 9.99911E-05 0.356479
0.482086 0.394396 0.123518
0.655381 9.99911E-05 0.344519
0.874487 0.0251841 0.100329
0.0067243 0.0230363 0.970239
9.99911E-05 0.44905 0.55085
0.109468 0.60189 0.288642
0.360728 9.9991E-05 0.639172
0.695261 9.99911E-05 0.304639
0.391402 0.142369 0.46623
0.26976 9.99911E-05 0.73014
0.772616 0.136406 0.0909779
0.130813 0.472953 0.396234
0.25316 0.322119 0.424721
0.487792 9.99911E-05 0.512108
0.566701 0.0148064 0.418493
0.0141555 0.563148 0.422696
0.578066 0.0975042 0.32443
0.0821406 0.628012 0.289847
9.9991E-05 0.870169 0.129731
0.23435 0.739076 0.0265739
0.56164 0.311447 0.126913
0.0724675 0.335527 0.592005
0.533462 0.319957 0.146581
0.871954 9.99911E-05 0.127946
9.999E-05 0.9998 9.999E-05
0.308674 0.217623 0.473702
0.605692 9.99911E-05 0.394208
0.0558208 0.220509 0.72367
0.808406 9.99911E-05 0.191494
0.620403 0.301422 0.0781752
0.0780164 0.32135 0.600634
0.669871 9.99911E-05 0.330029
0.0104115 0.597169 0.39242
0.539261 0.245395 0.215345
0.62421 0.37569 9.9991E-05
9.99911E-05 0.462882 0.537018
9.99911E-05 0.220978 0.778922
0.366276 0.256231 0.377493
0.395475 0.344928 0.259598
0.502824 0.025218 0.471958
0.561517 0.0929545 0.345528
0.392164 0.095336 0.5125
0.00283205 0.11862 0.878548
0.482346 9.99911E-05 0.517554
0.963107 9.9991E-05 0.0367927
0.658798 0.341102 9.9991E-05
9.99911E-05 0.372482 0.627418
0.192317 0.374308 0.433374
0.760414 0.239486 9.99911E-05
0.353545 9.99911E-05 0.646355
0.30281 9.99911E-05 0.69709
0.341785 0.658115 9.9991E-05
0.261072 9.99911E-05 0.738828
0.396567 0.0124482 0.590985
0.279717 0.350709 0.369575
0.706372 0.290206 0.00342251
9.9991E-05 0.236605 0.763295
0.179916 9.9991E-05 0.819984
0.23417 0.76573 9.99911E-05
0.824569 0.0250136 0.150417
0.243396 0.34318 0.413424
0.575174 0.394215 0.0306106
0.368985 9.9991E-05 0.630915
0.712633 9.9991E-05 0.287267
0.278694 0.34 0.381305
0.164222 0.127803 0.707975
9.99911E-05 0.225503 0.774397
0.53919 9.99911E-05 0.46071
0.574326 9.99911E-05 0.425574
0.96626 0.0336402 9.99911E-05
0.337341 9.9991E-05 0.662559
0.270886 0.446999 0.282115
9.9991E-05 0.290508 0.709392
0.684995 0.314905 9.9991E-05
0.747911 0.0384207 0.213668
0.830944 9.99911E-05 0.168956
0.528572 0.317026 0.154402
0.301983 0.241683 0.456334
0.764658 0.169079 0.0662622
0.067024 0.351197 0.581779
9.9991E-05 0.368614 0.631286
0.0735911 0.294788 0.631621
0.195404 0.765937 0.0386585
0.457586 0.542314 9.99911E-05
0.393465 0.20069 0.405845
0.187414 0.812486 9.99911E-05
0.134085 0.255444 0.610471
0.147667 9.99911E-05 0.852233
0.189304 0.494532 0.316163
9.9991E-05 0.0291886 0.970711
0.380845 0.107557 0.511597
0.0578122 0.280212 0.661976
0.244858 9.9991E-05 0.755042
0.385087 0.614813 9.9991E-05
9.9991E-05 0.615831 0.384069
9.99911E-05 0.469505 0.530395
9.999E-05 0.9998 9.999E-05
9.99911E-05 0.565827 0.434073
0.0161642 0.917664 0.0661723
0.800897 9.9991E-05 0.199003
0.400149 0.105791 0.49406
0.559771 9.9991E-05 0.440129
0.614797 0.243032 0.142171
0.964028 0.035872 9.99911E-05
0.555602 0.444298 9.99911E-05
0.297293 0.179139 0.523568
0.775993 0.184451 0.0395557
0.233915 0.765985 9.99911E-05
0.9998 9.999E-05 9.999E-05
9.999E-05 0.9998 9.999E-05
0.136589 0.274769 0.588642
0.523682 0.169903 0.306415
0.574474 9.99911E-05 0.425426
0.861443 0.0398778 0.098679
0.581151 0.356533 0.0623161
0.147716 0.633842 0.218442
0.189776 0.560875 0.249349
0.9998 9.999E-05 9.999E-05
0.360647 0.0106659 0.628687
0.306932 0.373459 0.31961
0.193343 0.0211922 0.785465
0.169714 0.136557 0.693729
0.691468 0.0880634 0.220469
0.249453 0.750447 9.99911E-05
0.458973 0.20493 0.336097
0.000222126 0.0273281 0.97245
0.44005 0.23448 0.325471
0.298553 9.99911E-05 0.701347
0.508015 0.0328424 0.459142
9.99911E-05 0.386722 0.613178
0.781209 0.128123 0.0906684
0.9998 9.999E-05 9.999E-05
0.9998 9.999E-05 9.999E-05
0.323427 9.99911E-05 0.676473
0.789985 0.209915 9.9991E-05
0.693814 0.306086 9.99911E-05
0.136187 0.378393 0.48542
0.255057 0.0662732 0.678669
9.99911E-05 0.681823 0.318077
0.169938 0.629118 0.200944
0.921418 0.0567626 0.0218196
9.999E-05 9.999E-05 0.9998
0.384482 0.438567 0.17695
0.532681 0.321986 0.145333
0.197002 9.99911E-05 0.802898
0.655915 0.0859691 0.258116
0.10753 9.99911E-05 0.89237
0.786728 9.9991E-05 0.213172
0.581691 0.087823 0.330486
0.337292 0.430713 0.231994
0.419257 0.112683 0.468059
0.518063 0.19193 0.290007
0.488338 0.193752 0.31791
0.9998 9.999E-05 9.999E-05
0.332992 0.409829 0.25718
9.999E-05 9.999E-05 0.9998
0.435338 9.9991E-05 0.564562
0.61666 0.0528366 0.330504
0.132362 9.99911E-05 0.867538
0.105321 9.99911E-05 0.894579
0.407993 0.136315 0.455692
0.898354 0.00772653 0.093919
0.9998 9.999E-05 9.999E-05
0.324216 9.99911E-05 0.675684
0.13252 0.272167 0.595312
0.688174 0.311726 9.99911E-05
0.813207 9.9991E-05 0.186694
0.438218 9.99911E-05 0.561682
0.30784 0.403444 0.288716
0.681152 0.169768 0.14908
0.9998 9.999E-05 9.999E-05
0.370152 0.240173 0.389674
0.0798559 0.730827 0.189317
0.187689 0.562858 0.249453
9.99911E-05 0.253107 0.746793
9.99911E-05 0.0961232 0.903777
0.284432 0.107303 0.608265
0.406639 0.216667 0.376695
0.979036 0.0208643 9.99911E-05
0.291846 0.708054 9.99911E-05
0.468345 9.99911E-05 0.531555
0.678599 9.9991E-05 0.321301
0.520872 0.461548 0.0175794
0.335003 0.406396 0.258601
