9.9973E-05 0.0555429 9.9973E-05 0.197039 9.9973E-05 0.219686 0.527432
9.99731E-05 0.256682 0.21831 0.146205 9.99731E-05 9.99731E-05 0.378503
0.0196961 0.000606399 0.00831882 0.35671 0.255161 0.182225 0.177283
0.270138 9.99821E-05 0.115396 0.259301 0.060799 9.99821E-05 0.294166
0.244836 0.220951 0.194599 0.339314 9.99731E-05 9.99731E-05 9.99731E-05
0.0435193 9.9991E-05 0.143457 0.315051 0.2188 0.210619 0.068454
0.254952 0.0563724 0.260351 0.200665 9.99821E-05 0.227459 9.99821E-05
9.99642E-05 9.99642E-05 0.305227 9.99642E-05 9.99642E-05 0.411571 0.282802
0.0639539 0.435791 0.137314 0.19907 0.16367 9.99821E-05 9.99821E-05
9.99552E-05 9.99552E-05 9.99552E-05 9.99552E-05 0.339754 9.99552E-05 0.659746
0.126423 9.99641E-05 9.99641E-05 9.99641E-05 0.518084 9.99641E-05 0.355093
0.292753 9.99731E-05 0.497958 0.199916 9.99731E-05 9.99731E-05 0.00907335
0.0406564 0.0180174 0.65353 0.0329459 9.9991E-05 0.00147616 0.253275
0.0819222 9.99821E-05 0.443851 0.267539 9.99821E-05 0.048008 0.15848
0.252866 0.0888535 0.107294 0.0831607 9.99911E-05 0.277643 0.190082
0.104469 0.00600258 9.99821E-05 0.427752 9.99821E-05 0.449938 0.0116385
9.9982E-05 0.166865 0.193558 0.0192915 0.164414 9.9982E-05 0.455672
0.170299 0.141097 9.9991E-05 0.143485 0.138767 0.308811 0.0974412
9.99731E-05 0.35889 0.197188 9.99731E-05 9.99731E-05 0.154664 0.288958
9.9973E-05 9.9973E-05 0.425006 0.180639 0.0818649 9.9973E-05 0.31219
0.232757 0.0650812 9.99732E-05 9.99732E-05 0.47497 9.99732E-05 0.226892
0.0428925 0.430776 9.9982E-05 0.0960238 9.9982E-05 0.273577 0.156531
0.237798 0.0314999 0.20624 0.407158 0.117104 9.99821E-05 9.99821E-05
0.0478734 0.122728 0.0546374 0.774461 9.99731E-05 9.99731E-05 9.99731E-05
0.0611843 9.99731E-05 9.99731E-05 0.427761 0.473408 0.0373472 9.99731E-05
0.0623729 9.99731E-05 9.99731E-05 0.471107 9.99731E-05 0.164269 0.301951
0.190737 0.102489 9.99731E-05 9.99731E-05 9.99731E-05 0.0954953 0.610979
9.99731E-05 0.581992 9.99731E-05 9.99731E-05 0.00348229 0.204133 0.210093
9.99821E-05 0.0666971 0.52286 9.99821E-05 0.238028 0.171161 0.00105372
9.99643E-05 9.99643E-05 9.99643E-05 0.541283 0.0238746 9.99643E-05 0.434442
0.319265 0.531495 9.99641E-05 9.99641E-05 0.14884 9.99641E-05 9.99641E-05
9.99642E-05 9.99642E-05 0.887111 0.0234715 9.99642E-05 0.0890177 9.99642E-05
9.99731E-05 0.413801 0.169953 9.99731E-05 0.269918 9.99731E-05 0.146028
0.040248 9.99821E-05 0.367261 0.141714 9.99821E-05 0.187975 0.262603
0.212629 9.9982E-05 9.9982E-05 0.688185 0.0184617 0.0675256 0.0129983
0.00832661 9.99732E-05 0.300274 0.0469245 9.99732E-05 9.99732E-05 0.644175
0.10879 0.645866 9.99642E-05 9.99642E-05 9.99642E-05 0.244945 9.99642E-05
9.99642E-05 0.524728 9.99642E-05 0.188918 0.285954 9.99642E-05 9.99642E-05
0.295308 0.0452874 9.99821E-05 0.278028 0.0116188 0.369557 9.99821E-05
0.142978 9.99821E-05 9.99821E-05 0.135062 0.00327575 0.527034 0.191451
9.99643E-05 0.218521 9.99643E-05 0.152984 9.99643E-05 9.99643E-05 0.628095
0.726505 9.99643E-05 9.99643E-05 9.99643E-05 0.0865554 9.99643E-05 0.18654
9.99731E-05 9.99731E-05 0.425577 9.99731E-05 0.015584 0.0663383 0.492201
0.13055 0.136662 9.9991E-05 0.123248 0.0668838 0.273278 0.269278
0.129537 9.99731E-05 0.55512 0.0863885 9.99731E-05 0.228654 9.99731E-05
0.143337 9.9991E-05 0.171698 0.139529 0.0329472 0.357019 0.15537
0.13178 9.99821E-05 0.461364 0.132754 9.99821E-05 0.00458954 0.269312
0.356918 9.9973E-05 0.220522 9.9973E-05 0.184365 9.9973E-05 0.237895
9.99643E-05 9.99643E-05 0.358285 9.99643E-05 9.99643E-05 0.302596 0.33872
0.0628123 9.9982E-05 0.0567939 0.302875 9.9982E-05 0.239461 0.337859
9.9982E-05 0.0243796 9.9982E-05 0.423042 0.0326482 0.425145 0.0945854
0.0355437 0.221659 0.344237 0.0990011 0.299359 9.99821E-05 9.99821E-05
9.99641E-05 0.27902 9.99641E-05 0.213367 9.99641E-05 9.99641E-05 0.507213
9.99821E-05 9.99821E-05 0.157991 0.185153 0.0861905 0.507918 0.0625478
0.143063 0.23293 0.507287 9.99821E-05 0.0233881 0.0931329 9.99821E-05
0.242939 0.37823 9.99732E-05 9.99732E-05 9.99732E-05 0.280798 0.0977327
0.0579993 0.379731 9.99731E-05 0.303787 9.99731E-05 9.99731E-05 0.258183
0.161244 0.258441 0.579915 9.99644E-05 9.99644E-05 9.99644E-05 9.99644E-05
0.281478 0.177559 0.119908 0.0136281 9.9991E-05 0.268654 0.138673
0.103998 0.0905807 9.9991E-05 0.0626144 0.271346 0.0154542 0.455907
9.99821E-05 9.99821E-05 0.0166212 0.0761898 0.108644 0.243889 0.554456
0.398487 9.99641E-05 9.99641E-05 0.24809 9.99641E-05 9.99641E-05 0.353022
0.126486 0.44871 0.0280914 9.99731E-05 9.99731E-05 9.99731E-05 0.396413
9.99732E-05 9.99732E-05 9.99732E-05 0.661258 0.0645916 0.156004 0.117846
0.0767494 0.0971862 0.0981907 0.318013 0.0171365 0.387778 0.00494611
0.0591442 0.0585851 0.078776 0.0748165 9.99821E-05 9.99821E-05 0.728478
0.0265055 0.000882284 0.13793 0.413158 0.204238 0.163482 0.0538039
0.529558 0.0036027 9.99821E-05 0.0635033 9.99821E-05 0.301362 0.101774
0.236143 0.00847692 9.99731E-05 9.99731E-05 9.99731E-05 0.675012 0.0800678
9.99642E-05 9.99642E-05 9.99642E-05 9.99642E-05 0.0048527 0.231809 0.762939
0.396202 9.99731E-05 0.294338 0.163717 0.145442 9.99731E-05 9.99731E-05
0.485244 0.0178974 0.0507224 9.99731E-05 9.99731E-05 9.99731E-05 0.445836
9.99553E-05 0.182794 0.816706 9.99553E-05 9.99553E-05 9.99553E-05 9.99553E-05
0.259851 0.245854 9.99642E-05 9.99642E-05 9.99642E-05 0.493895 9.99642E-05
0.00210579 9.99732E-05 0.481308 0.374151 9.99732E-05 0.142135 9.99732E-05
0.45189 9.99731E-05 0.360523 9.99731E-05 9.99731E-05 0.0457235 0.141563
0.146242 0.119702 9.99822E-05 0.185884 9.99822E-05 0.205995 0.341976
0.135405 0.150554 0.127073 9.9982E-05 0.140676 9.9982E-05 0.446091
0.00124169 9.99911E-05 0.133017 0.1716 0.0489068 0.190032 0.455103
9.99731E-05 0.0419121 0.588627 9.99731E-05 0.112964 9.99731E-05 0.256197
0.0317014 9.99732E-05 0.527583 9.99732E-05 9.99732E-05 0.226491 0.213926
9.99821E-05 9.99821E-05 0.35196 0.215686 0.271229 0.0815068 0.0794185
9.99821E-05 0.574422 0.130869 0.0193035 0.132971 0.142234 9.99821E-05
9.99821E-05 9.99821E-05 0.38644 0.297488 0.165121 0.0342151 0.116537
0.326315 9.99731E-05 0.334488 0.172046 9.99731E-05 9.99731E-05 0.166852
0.0644859 0.151262 9.9973E-05 0.0160017 9.9973E-05 9.9973E-05 0.76795
9.99642E-05 0.467991 0.276278 9.99642E-05 9.99642E-05 9.99642E-05 0.255331
9.99642E-05 9.99642E-05 0.167857 0.707697 9.99642E-05 9.99642E-05 0.124046
9.99731E-05 0.114771 9.99731E-05 0.314363 0.320643 0.249923 9.99731E-05
9.99732E-05 9.99732E-05 0.276789 9.99732E-05 0.194653 0.294823 0.233435
9.99555E-05 9.99555E-05 9.99555E-05 0.867526 9.99555E-05 0.131974 9.99555E-05
0.316413 0.000835196 0.411007 0.186358 0.0443048 0.0113987 0.0296826
0.630587 9.99821E-05 0.208524 0.0402534 0.0414799 9.99821E-05 0.078955
0.014242 0.104312 0.218145 0.143931 0.284649 9.9991E-05 0.23462
0.363474 9.99641E-05 0.226206 9.99641E-05 9.99641E-05 9.99641E-05 0.409921
0.0300337 0.0245677 0.576399 0.261039 0.0477121 9.9991E-05 0.0601483
9.99731E-05 0.51258 0.0446683 0.120566 9.99731E-05 9.99731E-05 0.321886
0.294393 9.9982E-05 0.336549 9.9982E-05 0.0176524 0.0914726 0.259733
9.99641E-05 0.0728914 9.99641E-05 0.588414 9.99641E-05 0.338294 9.99641E-05
9.99641E-05 0.344221 9.99641E-05 0.425964 9.99641E-05 9.99641E-05 0.229416
0.0986276 0.8874 9.99642E-05 0.0135723 9.99642E-05 9.99642E-05 9.99642E-05
9.99554E-05 9.99554E-05 9.99554E-05 0.847816 0.151684 9.99554E-05 9.99554E-05
9.99642E-05 0.738333 9.99642E-05 9.99642E-05 0.240893 9.99642E-05 0.0203735
9.99551E-05 9.99551E-05 9.99551E-05 9.99551E-05 0.895705 9.99551E-05 0.103795
9.9982E-05 0.0112437 0.306367 0.0533993 9.9982E-05 0.386456 0.242334
0.455034 9.9982E-05 0.119811 0.251643 0.056369 0.116943 9.9982E-05
9.99641E-05 0.0996398 0.769586 9.99641E-05 9.99641E-05 9.99641E-05 0.130374
9.99731E-05 0.393611 9.99731E-05 9.99731E-05 0.0910833 0.439934 0.0750711
0.262903 9.99642E-05 9.99642E-05 9.99642E-05 0.0674536 0.669243 9.99642E-05
0.1715 9.99731E-05 9.99731E-05 0.0156284 0.340622 0.471949 9.99731E-05
0.0605115 0.459309 9.99732E-05 0.346194 9.99732E-05 0.133685 9.99732E-05
9.99731E-05 9.99731E-05 0.121206 0.256763 9.99731E-05 0.334043 0.287688
9.99554E-05 9.99554E-05 9.99554E-05 0.611374 9.99554E-05 0.388126 9.99554E-05
9.99821E-05 0.0036753 0.301589 0.159538 0.113711 0.421286 9.99821E-05
9.995E-05 9.995E-05 9.995E-05 0.9994 9.995E-05 9.995E-05 9.995E-05
0.251996 0.0519268 0.25907 9.99821E-05 0.396121 9.99821E-05 0.0406867
9.99642E-05 9.99642E-05 9.99642E-05 0.197502 9.99642E-05 0.0516976 0.7504
0.0457963 0.18984 0.379128 9.99821E-05 9.99821E-05 0.116645 0.26839
9.9991E-05 0.100281 0.0867552 0.194325 0.285413 0.224433 0.108692
9.9982E-05 0.184234 0.196384 0.330921 0.0114217 0.27684 9.9982E-05
0.139452 0.179428 9.99731E-05 0.599085 9.99731E-05 0.0817349 9.99731E-05
9.99731E-05 0.141544 0.464099 0.389885 0.00417181 9.99731E-05 9.99731E-05
9.99731E-05 9.99731E-05 0.22506 0.219603 0.0385379 0.5165 9.99731E-05
0.349877 9.99821E-05 0.232198 0.0549284 0.0727002 0.290096 9.99821E-05
9.99821E-05 9.99821E-05 0.0476583 0.12117 0.197131 0.138886 0.494955
0.190924 0.311359 0.201807 0.0697702 9.9982E-05 9.9982E-05 0.225939
9.99643E-05 9.99643E-05 0.376313 0.0480653 9.99643E-05 9.99643E-05 0.575222
0.208977 0.137505 9.99821E-05 0.0797512 0.137404 0.436163 9.99821E-05
9.99732E-05 9.99732E-05 9.99732E-05 0.355954 0.343494 0.146411 0.153841
0.164994 9.99821E-05 0.278709 0.184617 0.112246 0.259234 9.99821E-05
0.58637 0.260494 9.99732E-05 9.99732E-05 0.0767713 9.99732E-05 0.076065
0.098186 0.159682 0.292309 0.186801 0.101259 0.161663 9.9991E-05
0.338796 9.99731E-05 0.129621 9.99731E-05 0.285473 9.99731E-05 0.24581
0.0200061 0.342386 9.99821E-05 9.99821E-05 0.207662 0.262955 0.166791
0.106541 0.0553657 9.99731E-05 9.99731E-05 0.15429 9.99731E-05 0.683503
9.99553E-05 9.99553E-05 9.99553E-05 0.0346506 9.99553E-05 0.96485 9.99553E-05
9.99641E-05 9.99641E-05 9.99641E-05 9.99641E-05 0.0113197 0.966509 0.0217714
9.99643E-05 9.99643E-05 9.99643E-05 0.0974852 0.195924 0.706191 9.99643E-05
0.340115 0.225521 0.306656 9.99732E-05 0.127408 9.99732E-05 9.99732E-05
9.99552E-05 9.99552E-05 9.99552E-05 0.189742 9.99552E-05 0.809758 9.99552E-05
9.99821E-05 0.460401 0.0663802 0.157079 0.179287 9.99821E-05 0.136654
0.0316448 0.47607 0.0271764 0.134894 0.330015 9.99821E-05 9.99821E-05
0.0157815 0.101941 0.239612 0.094191 0.0976216 9.9991E-05 0.450753
9.99643E-05 0.234748 9.99643E-05 9.99643E-05 0.284462 9.99643E-05 0.48039
0.0755221 9.99731E-05 9.99731E-05 0.454134 0.121465 9.99731E-05 0.348579
0.0768044 0.0533799 0.366179 0.156424 9.9982E-05 0.347013 9.9982E-05
0.9994 9.995E-05 9.995E-05 9.995E-05 9.995E-05 9.995E-05 9.995E-05
9.99821E-05 9.99821E-05 0.117505 0.164452 0.0745602 0.0763664 0.566917
0.0875129 9.99731E-05 0.355391 0.324656 0.23214 9.99731E-05 9.99731E-05
0.382848 0.112658 0.163762 0.177242 9.99821E-05 0.163289 9.99821E-05
0.268236 0.348931 0.0482179 9.99911E-05 0.000677042 0.32039 0.0134474
0.0593514 0.0348502 0.232827 9.99731E-05 9.99731E-05 9.99731E-05 0.672671
0.104896 0.147696 9.99731E-05 9.99731E-05 9.99731E-05 0.62668 0.120428
9.99821E-05 0.429876 0.136602 0.0161794 9.99821E-05 0.180813 0.23633
0.277826 0.141714 0.00436225 0.575798 9.99732E-05 9.99732E-05 9.99732E-05
0.174407 9.99731E-05 0.216152 9.99731E-05 0.272792 0.336348 9.99731E-05
9.99731E-05 0.0335556 0.490807 0.220606 0.254732 9.99731E-05 9.99731E-05
9.99643E-05 9.99643E-05 9.99643E-05 9.99643E-05 0.058236 0.227168 0.714196
9.99731E-05 9.99731E-05 0.0391202 0.386593 9.99731E-05 0.524035 0.0499525
0.217411 0.050374 0.149846 0.268159 0.186623 0.127486 9.9991E-05
0.9994 9.995E-05 9.995E-05 9.995E-05 9.995E-05 9.995E-05 9.995E-05
0.549895 9.99641E-05 9.99641E-05 9.99641E-05 9.99641E-05 0.21695 0.232755
9.99821E-05 9.99821E-05 0.550129 0.18813 0.0229897 0.0907524 0.147799
0.237589 0.138638 0.251848 9.99821E-05 0.0383713 9.99821E-05 0.333353
0.43092 9.99643E-05 0.271539 9.99643E-05 9.99643E-05 9.99643E-05 0.297141
9.9982E-05 0.152227 0.185814 0.274468 9.9982E-05 0.148347 0.238945
0.101166 0.0901922 0.00392469 0.14099 0.102491 0.402103 0.159133
9.99554E-05 9.99554E-05 0.0261586 9.99554E-05 9.99554E-05 0.973342 9.99554E-05
0.0951719 0.0307893 0.825329 0.0484103 9.99732E-05 9.99732E-05 9.99732E-05
0.174116 0.266505 0.119017 0.172536 0.0533821 0.0193077 0.195136
0.187092 9.99732E-05 9.99732E-05 0.165149 0.0727081 0.57475 9.99732E-05
9.99641E-05 0.193289 0.500207 9.99641E-05 9.99641E-05 0.306104 9.99641E-05
0.107381 0.130875 0.331233 9.99821E-05 0.246506 0.183804 9.99821E-05
0.106698 0.0203184 9.99821E-05 0.407897 9.99821E-05 0.0733804 0.391506
0.025371 0.0876547 9.99821E-05 0.154247 9.99821E-05 0.410284 0.322244
0.173924 9.9991E-05 0.360366 0.000558448 0.00727591 0.428298 0.0294782
0.20858 0.0726239 0.252415 0.14664 9.99911E-05 0.12527 0.194371
0.15405 9.99552E-05 9.99552E-05 9.99552E-05 0.845451 9.99552E-05 9.99552E-05
0.0311578 0.497808 9.9991E-05 0.117235 0.0857239 0.0232384 0.244736
9.99642E-05 0.29882 0.0794375 9.99642E-05 9.99642E-05 9.99642E-05 0.621343
0.280891 9.99642E-05 0.203177 9.99642E-05 9.99642E-05 9.99642E-05 0.515532
0.346609 9.99732E-05 0.00817498 9.99732E-05 9.99732E-05 0.200943 0.443974
0.428775 9.99731E-05 9.99731E-05 0.290311 9.99731E-05 0.146358 0.134256
9.99732E-05 9.99732E-05 0.500142 0.110051 9.99732E-05 0.378398 0.0111093
9.995E-05 9.995E-05 9.995E-05 9.995E-05 0.9994 9.995E-05 9.995E-05
0.100683 9.99732E-05 0.195481 9.99732E-05 9.99732E-05 0.239799 0.463737
9.9982E-05 0.0497233 0.609287 9.9982E-05 0.0629759 0.251428 0.0263858
9.99731E-05 0.489659 9.99731E-05 0.304187 9.99731E-05 0.141983 0.0638717
0.00391389 0.238981 0.300615 0.339769 0.116522 9.9982E-05 9.9982E-05
