0.326966 9.9973E-05 0.114342 9.9973E-05 9.9973E-05 0.558392
0.180922 0.0345331 0.0595594 0.480256 9.9991E-05 0.24463
0.341493 0.0214873 0.0454321 0.208075 9.9991E-05 0.383412
9.9982E-05 0.133506 0.150232 9.9982E-05 0.0572617 0.6588
9.999E-05 0.102973 0.165629 0.176094 0.0810059 0.474198
0.11706 0.0707897 0.116869 0.141239 0.108521 0.445522
0.106341 0.0782013 0.156381 9.9991E-05 0.101497 0.55748
9.9991E-05 0.0789488 0.13575 0.443308 0.0416174 0.300276
0.441554 0.170017 0.10007 0.0543989 0.0416607 0.192299
0.254103 0.162375 0.102796 9.9991E-05 0.277445 0.20318
0.342164 9.9991E-05 0.0758399 0.259867 0.203455 0.118574
0.785565 0.111152 0.102983 9.9973E-05 9.9973E-05 9.9973E-05
0.1267 0.0807581 0.107482 0.188921 0.0848387 0.4113
0.261844 0.102023 0.16307 0.216234 0.128571 0.128258
0.0766179 9.9982E-05 0.119554 0.727884 0.0757449 9.9982E-05
9.999E-05 0.0765102 0.181097 0.430359 0.017487 0.294447
9.999E-05 0.212953 0.0807522 0.441766 0.245852 0.0185766
0.0247815 0.210518 0.223605 0.167087 9.9991E-05 0.373909
0.282351 9.9982E-05 0.178752 0.123593 9.9982E-05 0.415104
0.121748 0.0604336 0.110149 0.390233 0.0741834 0.243253
0.191216 9.9982E-05 0.202014 9.9982E-05 0.118149 0.488421
0.288359 0.00553928 0.0545248 0.239268 0.119658 0.292652
0.221849 9.9991E-05 0.195505 0.0309875 0.0503221 0.501236
9.9982E-05 0.164454 0.0720487 0.376907 9.9982E-05 0.38639
0.300184 9.9982E-05 0.172804 0.241481 0.285331 9.9982E-05
0.0419907 0.115993 0.0739916 0.138594 0.0599344 0.569496
0.145513 0.100041 0.142432 0.239399 0.194116 0.1785
0.150042 0.140826 0.146492 0.189077 0.147339 0.226225
9.9991E-05 0.177929 0.0232694 0.103932 0.121914 0.572856
9.9982E-05 0.525078 0.0403575 0.126312 9.9982E-05 0.308052
0.136328 0.0597963 0.0774062 0.51653 0.172974 0.0369652
0.737975 0.0216773 0.102996 0.0599738 0.0772776 9.9991E-05
0.0420841 0.0859853 0.128515 0.138462 9.9991E-05 0.604854
0.129156 9.9991E-05 0.109233 0.373747 0.109865 0.277899
0.32568 0.103355 0.225044 0.0685023 0.144631 0.132788
9.99641E-05 9.99641E-05 0.224769 9.99641E-05 9.99641E-05 0.774832
9.9982E-05 9.9982E-05 0.0674121 0.176819 0.154283 0.601286
0.546749 0.15839 0.108853 0.0621443 0.123763 9.9991E-05
9.9991E-05 0.161595 0.130213 0.333033 0.203819 0.171239
0.383059 9.9991E-05 0.1874 0.191851 0.0571995 0.180391
0.232302 0.0573833 0.0264886 0.316621 0.150486 0.216718
0.115294 0.0448766 0.154019 0.170573 0.182422 0.332816
0.113745 9.9991E-05 0.0926121 0.326192 0.0610885 0.406262
0.255015 0.144789 9.9991E-05 0.00365555 0.0467632 0.549677
0.705466 0.0852505 0.191757 9.9982E-05 0.017326 9.9982E-05
0.30366 0.0381739 0.0935951 0.116995 0.226151 0.221425
0.428434 0.0221394 0.122336 0.111242 0.0303952 0.285453
0.48015 0.110439 0.0849275 0.0538338 9.9991E-05 0.270549
0.459905 0.127525 0.0851029 0.322226 0.00514076 9.9991E-05
0.168271 0.12423 0.0963601 0.400316 9.9991E-05 0.210722
0.127261 0.0775048 0.212528 0.245617 0.146875 0.190215
0.426754 0.0306099 0.182287 0.123182 9.9991E-05 0.237067
0.11503 0.0509771 0.0913044 0.520595 0.0186777 0.203416
0.181785 0.156662 0.0842774 0.161813 0.186759 0.228703
0.722655 0.13131 0.0295928 0.0890399 9.9991E-05 0.027303
0.286978 0.0772071 0.145611 0.0817981 0.0398775 0.368527
0.793532 0.0393285 0.0750664 0.014653 0.0604777 0.0169422
0.548324 0.0962693 0.0961833 9.9991E-05 0.0102619 0.248862
0.176631 0.0547708 0.151795 0.425845 0.124393 0.066564
0.417385 9.9991E-05 0.212914 0.0331718 0.191749 0.14468
0.0518192 0.0614305 0.0930947 0.420745 9.9991E-05 0.37281
0.145299 0.0113776 0.243515 0.266441 0.15979 0.173578
0.23987 9.9982E-05 0.115212 0.328401 9.9982E-05 0.316317
9.9964E-05 0.90637 0.0932304 9.9964E-05 9.9964E-05 9.9964E-05
9.9982E-05 9.9982E-05 0.00305261 0.243533 0.147869 0.605345
9.9973E-05 9.9973E-05 0.113923 9.9973E-05 0.00161369 0.884163
0.293233 9.9991E-05 0.191606 0.0819648 0.0612471 0.371849
0.171265 0.146202 0.0613942 0.375009 0.0312827 0.214846
0.0314383 0.034523 0.0816464 0.368701 9.9991E-05 0.483591
9.9991E-05 0.171524 0.181342 0.370403 0.0468686 0.229763
0.325888 0.200082 0.0923886 0.0924317 0.174935 0.114274
0.0613632 0.0738582 0.161682 0.443817 0.0148463 0.244434
0.162924 0.147286 0.181167 0.347693 0.0388145 0.122115
0.224951 0.142745 0.0419104 0.471671 0.118622 9.9991E-05
0.0404843 0.134344 0.0172813 0.103917 0.36244 0.341534
0.353859 0.0394279 0.107349 0.408729 0.0905352 9.9991E-05
0.330851 0.0266629 0.225071 0.0780154 0.0916176 0.247782
0.107967 9.9991E-05 0.0724516 0.594499 0.0246621 0.20032
9.9982E-05 9.9982E-05 0.000324527 0.446578 0.0349334 0.517964
0.0153036 0.218365 0.165484 0.411857 0.00129539 0.187695
0.164331 0.134582 0.117027 0.203415 0.0151477 0.365498
9.9991E-05 0.0204578 0.0899874 0.0809263 0.0357712 0.772757
0.40536 0.192724 0.00830182 0.200708 0.110385 0.0825213
0.0639734 0.0553467 0.0971654 0.600017 0.124504 0.0589938
0.328796 9.99731E-05 0.19935 9.99731E-05 9.99731E-05 0.471555
0.591974 9.9991E-05 0.0243686 0.217235 0.0138976 0.152425
9.9973E-05 0.0328063 0.16076 9.9973E-05 9.9973E-05 0.806134
0.845801 9.9973E-05 0.122174 9.9973E-05 0.031726 9.9973E-05
0.0461007 0.199304 0.137624 0.281589 0.0586412 0.276741
0.645893 9.9973E-05 0.125717 9.9973E-05 9.9973E-05 0.22809
9.9964E-05 0.96493 9.9964E-05 9.9964E-05 0.03467 9.9964E-05
0.440202 0.0603547 0.122156 0.230398 0.14679 9.9991E-05
9.9973E-05 9.9973E-05 0.200392 0.213169 9.9973E-05 0.586139
0.161282 0.106338 0.124884 0.529251 0.0033545 0.0748908
0.0358528 9.9991E-05 0.135911 0.179237 0.0317121 0.617187
9.9991E-05 0.151675 0.00423412 0.100808 0.15782 0.585363
0.39221 0.0340059 9.9982E-05 9.9982E-05 0.0685205 0.505063
0.40098 0.00379212 0.053396 9.9991E-05 0.149733 0.391999
0.0413449 0.53703 0.224688 9.9991E-05 0.0403627 0.156474
0.0847579 0.32502 9.9982E-05 0.201539 9.9982E-05 0.388483
0.232907 0.176784 0.128611 0.0293666 0.0311976 0.401134
9.996E-05 0.9995 9.996E-05 9.996E-05 9.996E-05 9.996E-05
0.0741705 0.00438685 0.110698 0.554196 0.256449 9.9991E-05
9.99639E-05 9.99639E-05 0.000210886 9.99639E-05 0.999389 9.99639E-05
0.168718 0.131034 0.0791447 0.146315 0.177359 0.297429
0.0798997 9.9982E-05 9.9982E-05 0.574998 0.0330167 0.311886
0.524098 9.9991E-05 0.0236881 0.175422 0.0493643 0.227327
0.0781201 0.0817069 0.197506 9.9991E-05 0.0233937 0.619173
0.0800341 0.213608 0.0752216 0.449765 0.126276 0.0550951
0.0781533 0.0992873 0.14203 0.231644 9.9991E-05 0.448785
9.9982E-05 9.9982E-05 0.12826 0.150506 0.197388 0.523645
0.292617 0.236476 0.169226 9.9991E-05 0.154358 0.147223
9.9991E-05 0.0788435 0.0331779 0.47897 0.145898 0.26301
0.0961844 0.510199 0.0821164 9.9991E-05 0.0552897 0.25611
0.193208 0.200486 9.9991E-05 0.0497876 0.102695 0.453722
9.996E-05 0.9995 9.996E-05 9.996E-05 9.996E-05 9.996E-05
0.0453373 0.05237 0.0408054 0.183152 0.246647 0.431688
0.346274 0.0311621 0.18549 0.036409 0.00930525 0.39136
0.237361 0.143524 0.0377253 0.0956211 0.0673211 0.418448
0.221654 0.17162 0.24408 9.9991E-05 0.184307 0.178238
0.128019 0.13989 0.152187 0.11795 0.0849341 0.377019
9.9991E-05 0.452159 0.21622 0.108757 0.0128669 0.209896
0.447019 0.221272 0.089718 9.9991E-05 0.0162662 0.225626
0.2181 9.9991E-05 0.0876192 0.541282 0.0414346 0.111464
0.600636 0.168784 0.10368 9.9991E-05 0.0484129 0.078387
0.353825 0.00795528 0.126987 0.327814 9.9991E-05 0.183319
0.247725 9.9991E-05 0.122214 0.439799 0.0877361 0.102426
0.195748 0.178461 0.10427 0.141934 0.0555804 0.324006
0.722881 9.9973E-05 0.0902799 9.9973E-05 9.9973E-05 0.186539
0.502181 0.192839 0.118404 0.08768 0.0432903 0.0556052
0.0875466 0.0803699 0.143496 9.9982E-05 9.9982E-05 0.688388
9.9991E-05 0.118673 0.192688 0.153759 0.0507202 0.484059
0.268765 0.44936 0.0356658 9.9991E-05 0.0454337 0.200676
0.138975 0.154904 0.167954 0.434376 0.0528145 0.0509774
0.107378 0.0838871 0.0907909 9.9991E-05 0.0588354 0.659009
0.436244 0.0576651 0.183452 9.9991E-05 0.10323 0.219309
9.996E-05 9.996E-05 9.996E-05 0.9995 9.996E-05 9.996E-05
9.996E-05 9.996E-05 9.996E-05 0.9995 9.996E-05 9.996E-05
0.576569 0.0921899 0.0818352 0.0196493 0.0235573 0.206199
0.334431 0.0226011 0.126003 0.172336 0.0856384 0.25899
0.325111 0.0413535 0.220946 0.00495098 0.0793778 0.32826
9.9973E-05 9.9973E-05 0.114655 0.639181 0.245864 9.9973E-05
0.494499 0.148772 0.0600022 0.0855018 0.0978528 0.113372
0.663566 0.0488348 0.150514 0.032124 0.0922282 0.0127334
0.075347 9.9991E-05 0.168494 0.319302 0.0505145 0.386242
9.9982E-05 0.398009 0.2459 0.293524 0.0623671 9.9982E-05
0.250316 0.00290499 0.0932523 0.0482609 0.168761 0.436504
9.996E-05 9.996E-05 0.9995 9.996E-05 9.996E-05 9.996E-05
0.101981 9.9982E-05 0.190632 9.9982E-05 0.106153 0.601034
9.9982E-05 9.9982E-05 0.0521745 0.138527 0.373904 0.435195
0.706703 0.0849743 0.0862765 9.9982E-05 0.121846 9.9982E-05
0.132191 9.9991E-05 0.154907 0.0986756 0.204116 0.41001
0.493223 0.147371 0.240582 0.0761393 0.0181801 0.0245052
0.623359 0.0123044 0.026894 0.295602 0.0276441 0.0141966
0.519319 0.087332 0.124013 0.142149 9.9991E-05 0.127087
9.9991E-05 0.154862 0.181861 0.288228 0.0813909 0.293558
0.507322 0.0131451 0.17414 9.9991E-05 0.0327936 0.272499
0.125139 0.0618482 0.147921 0.350675 0.102113 0.212303
9.9964E-05 0.0980578 9.9964E-05 9.9964E-05 9.9964E-05 0.901542
0.358036 0.125219 0.112291 0.125674 0.0171042 0.261675
0.245439 9.9991E-05 0.133167 0.226936 0.071096 0.323262
9.996E-05 9.996E-05 0.9995 9.996E-05 9.996E-05 9.996E-05
0.120743 9.9991E-05 0.579089 0.0509938 0.000792648 0.248282
9.9973E-05 9.9973E-05 9.9973E-05 0.43408 0.114374 0.451246
0.206006 0.102982 0.129995 0.1599 0.0167599 0.384357
9.9973E-05 9.9973E-05 0.188881 9.9973E-05 0.00969943 0.801119
0.509114 9.9982E-05 0.0996022 0.183497 9.9982E-05 0.207586
0.345654 9.9991E-05 0.156058 0.276024 0.169317 0.0528471
9.996E-05 9.996E-05 9.996E-05 0.9995 9.996E-05 9.996E-05
0.0329484 0.140892 0.150961 0.337135 9.9991E-05 0.337964
0.311819 0.116028 0.0196473 0.316718 9.9991E-05 0.235688
0.316098 0.0760558 0.160704 0.119633 0.183807 0.143703
9.9991E-05 0.24117 0.168335 0.116754 0.0012892 0.472352
0.417518 9.9982E-05 0.0268024 0.454443 0.101037 9.9982E-05
0.204743 9.9982E-05 0.169489 0.199943 9.9982E-05 0.425625
0.395671 0.069505 0.0110282 0.157545 0.175639 0.190612
0.377746 9.9991E-05 0.202356 0.216092 0.012188 0.191518
0.34178 0.0729085 0.0999808 0.168795 0.0968973 0.219638
9.996E-05 9.996E-05 9.996E-05 9.996E-05 0.9995 9.996E-05
0.61827 0.0897434 0.0406441 0.131825 0.119417 9.9991E-05
9.9982E-05 0.31714 0.0770309 0.430159 0.175469 9.9982E-05
0.308126 0.207712 0.207419 0.190076 9.9991E-05 0.086567
0.246382 9.9991E-05 0.0961959 0.31559 0.0297504 0.311982
0.165755 0.126213 0.0568485 9.9982E-05 9.9982E-05 0.650983
0.195019 0.0712815 0.139424 0.116024 0.0164052 0.461847
9.996E-05 9.996E-05 9.996E-05 9.996E-05 0.9995 9.996E-05
0.233537 0.129542 0.110464 0.0319998 9.9991E-05 0.494357
0.14028 0.0739773 0.164203 0.176118 0.277285 0.168137
9.9973E-05 9.9973E-05 0.110259 0.17619 9.9973E-05 0.713251
0.503137 0.0653045 0.0610697 0.217364 9.9991E-05 0.153024
