0.43864 0.0986265 0.0209736 0.0783296 0.363431
0.272321 9.99821E-05 9.99821E-05 0.253754 0.473725
0.417377 0.215551 0.0226973 0.165411 0.178964
0.370137 0.223541 9.9991E-05 0.285351 0.120871
0.327167 9.99821E-05 9.99821E-05 0.425786 0.246847
0.218009 0.021525 0.379241 0.0879525 0.293273
0.221817 9.99821E-05 9.99821E-05 0.432245 0.345738
0.127519 0.0620872 9.9991E-05 0.194331 0.615963
9.99732E-05 0.829904 0.169796 9.99732E-05 9.99732E-05
9.99731E-05 0.317606 0.682094 9.99731E-05 9.99731E-05
0.169198 0.347844 0.48235 9.9991E-05 0.000507827
9.99821E-05 0.65109 9.99821E-05 0.310084 0.0386259
0.25552 0.0746852 9.99911E-05 0.242505 0.42719
0.232395 9.9982E-05 9.9982E-05 0.683113 0.084293
9.99821E-05 0.678222 9.99821E-05 0.0699632 0.251615
0.362076 0.277731 9.99911E-05 0.33286 0.0272329
0.418761 0.460896 0.0293937 0.0163739 0.0745751
0.0296968 0.367368 0.321416 0.28142 9.99911E-05
9.99821E-05 0.33011 9.99821E-05 0.0875677 0.582123
0.330834 9.99911E-05 0.0875345 0.369391 0.212141
0.0838229 9.99732E-05 0.915877 9.99732E-05 9.99732E-05
0.128688 0.412144 9.99821E-05 9.99821E-05 0.458968
0.38004 0.284866 0.167781 0.15935 0.00796348
0.77219 9.9991E-05 0.132667 0.0518275 0.0432148
0.451594 9.99821E-05 0.494839 9.99821E-05 0.0533667
0.356126 0.153639 0.0646132 0.16851 0.257113
0.198851 0.434061 0.263616 0.103371 9.9991E-05
0.060101 9.99822E-05 9.99822E-05 0.325971 0.613728
9.99821E-05 9.99821E-05 0.000897736 0.312416 0.686486
0.937805 0.0618947 9.99732E-05 9.99732E-05 9.99732E-05
9.99821E-05 9.99821E-05 0.429835 0.385274 0.184691
0.0430528 0.103407 9.99911E-05 0.412256 0.441185
9.99732E-05 0.437686 0.562014 9.99732E-05 9.99732E-05
0.0585416 0.255343 9.9991E-05 0.13863 0.547385
0.656799 9.9982E-05 9.9982E-05 0.233207 0.109794
0.273985 0.0209192 0.630528 0.0744674 9.9991E-05
9.99911E-05 0.0802651 0.0286094 0.36074 0.530285
0.271224 9.99821E-05 0.662565 9.99821E-05 0.0660106
0.231297 0.0748533 0.0440391 0.328603 0.321208
0.247677 0.202478 0.0285287 0.295078 0.226239
0.416643 0.557676 9.99822E-05 0.0254816 9.99822E-05
9.99732E-05 0.680394 0.319307 9.99732E-05 9.99732E-05
0.0268364 0.127113 0.288828 0.357276 0.199946
0.063569 0.445847 0.270897 0.122821 0.0968655
0.244979 9.99821E-05 9.99821E-05 0.338973 0.415848
0.162637 0.488435 0.125457 0.130148 0.0933237
0.118519 0.864272 0.0170085 9.99821E-05 9.99821E-05
9.9982E-05 0.570511 0.188997 0.240292 9.9982E-05
9.99733E-05 0.642308 9.99733E-05 9.99733E-05 0.357392
0.458836 9.9982E-05 9.9982E-05 0.265365 0.275599
0.484769 0.0427026 9.9982E-05 9.9982E-05 0.472329
9.99821E-05 9.99821E-05 0.578557 0.33731 0.0839335
0.280971 0.718729 9.99731E-05 9.99731E-05 9.99731E-05
0.370341 0.235028 9.99821E-05 9.99821E-05 0.39443
9.99821E-05 9.99821E-05 0.067032 0.60497 0.327798
9.99911E-05 0.257359 0.325039 0.168215 0.249287
0.493939 9.99821E-05 9.99821E-05 0.242512 0.263349
9.99911E-05 0.183899 0.156016 0.54839 0.111596
9.9991E-05 0.147277 0.0932283 0.548977 0.210418
0.192084 0.169239 0.482877 0.141967 0.0138337
0.240503 0.0924001 9.99911E-05 0.103206 0.56379
0.272085 0.468147 0.0254991 0.234169 9.9991E-05
9.99821E-05 0.818861 9.99821E-05 0.130139 0.0508
0.795884 9.99821E-05 9.99821E-05 0.053502 0.150414
0.0552163 0.319692 0.0754832 9.99911E-05 0.549509
0.175096 0.545911 9.99911E-05 0.0899164 0.188977
0.42191 9.9991E-05 0.25055 0.160985 0.166456
9.99821E-05 0.516161 9.99821E-05 0.371792 0.111847
9.99731E-05 0.169583 9.99731E-05 9.99731E-05 0.830117
0.231265 0.0175955 0.339529 9.9991E-05 0.411511
9.9991E-05 0.299986 0.182549 0.429279 0.0880863
0.134485 0.844852 9.99821E-05 0.0204622 9.99821E-05
9.99733E-05 9.99733E-05 9.99733E-05 0.951914 0.0477865
9.99821E-05 0.231758 9.99821E-05 0.189794 0.578248
0.322176 9.99821E-05 9.99821E-05 0.268149 0.409475
9.99821E-05 0.365136 9.99821E-05 0.596854 0.03781
0.236968 0.556588 9.99822E-05 9.99822E-05 0.206244
0.226419 0.128055 0.242235 0.403191 9.9991E-05
0.113751 9.99821E-05 9.99821E-05 0.35222 0.533829
9.99821E-05 0.0110826 9.99821E-05 0.560968 0.427749
0.0459201 9.99821E-05 9.99821E-05 0.53591 0.41797
0.19798 0.00638338 0.295451 0.11383 0.386356
0.0201028 9.99911E-05 0.719383 0.0627571 0.197657
0.0519342 0.400663 0.000433886 9.9991E-05 0.546868
0.317561 0.28878 0.0967695 0.296789 9.9991E-05
0.178032 0.325673 0.124831 0.200943 0.170522
9.99911E-05 0.0455411 0.46252 0.361332 0.130507
0.699383 0.147972 9.99821E-05 0.152445 9.99821E-05
0.203772 0.403806 0.129319 9.99911E-05 0.263003
0.0113587 0.340967 0.245428 9.9991E-05 0.402147
0.893546 0.106154 9.99732E-05 9.99732E-05 9.99732E-05
0.287671 9.99821E-05 0.362354 0.349775 9.99821E-05
0.161462 0.669955 0.00919857 0.159285 9.99911E-05
0.251484 0.15871 0.529281 0.0604246 9.9991E-05
9.99731E-05 0.777141 9.99731E-05 0.222559 9.99731E-05
0.102115 0.254413 0.129186 0.514186 9.9991E-05
0.295877 0.17371 0.530213 9.99821E-05 9.99821E-05
9.9991E-05 0.803612 0.0666019 0.0578746 0.0718117
0.600041 9.9991E-05 0.024002 0.161811 0.214046
0.618218 0.21466 0.130447 0.036575 9.9991E-05
0.155697 0.0631595 0.334297 0.446747 9.99911E-05
0.9996 9.997E-05 9.997E-05 9.997E-05 9.997E-05
0.0442096 0.198313 0.73305 0.024328 9.99911E-05
0.00655125 9.99732E-05 0.993149 9.99732E-05 9.99732E-05
9.99821E-05 0.0628975 9.99821E-05 0.370681 0.566222
0.286378 0.543605 0.00939686 9.9991E-05 0.16052
9.9991E-05 0.291391 0.0420686 0.282307 0.384133
9.99732E-05 9.99732E-05 0.259583 9.99732E-05 0.740117
9.99821E-05 0.088081 0.0447669 9.99821E-05 0.866952
0.0443188 0.00881483 0.439707 0.0428158 0.464344
0.502762 0.172625 9.99911E-05 0.0183346 0.306178
0.247784 9.99821E-05 9.99821E-05 0.197867 0.554149
0.578858 9.99822E-05 0.0829644 9.99822E-05 0.337977
0.0870924 9.99821E-05 9.99821E-05 0.151689 0.761018
0.9996 9.997E-05 9.997E-05 9.997E-05 9.997E-05
9.99911E-05 0.407988 0.165425 0.394912 0.0315743
0.267296 0.365457 9.9991E-05 0.136721 0.230426
9.99821E-05 0.298198 9.99821E-05 0.227564 0.474038
0.118243 0.0465272 9.9991E-05 0.16646 0.668669
0.344203 9.9991E-05 0.0177389 0.161788 0.476169
0.621842 0.377858 9.99731E-05 9.99731E-05 9.99731E-05
0.278373 9.99821E-05 0.210261 0.511166 9.99821E-05
0.216235 9.9991E-05 0.0909903 0.0377275 0.654947
9.99821E-05 0.135523 0.526429 9.99821E-05 0.337849
0.199658 0.564885 0.230009 9.9991E-05 0.00534708
9.9982E-05 0.463813 0.404565 9.9982E-05 0.131422
0.127891 0.805618 9.99911E-05 0.0112052 0.0551862
0.115347 0.0218405 0.0748318 0.280985 0.506996
0.376979 9.99821E-05 0.361578 9.99821E-05 0.261243
0.246338 0.0106725 0.397519 0.101791 0.24368
9.99732E-05 0.794849 0.204851 9.99732E-05 9.99732E-05
0.180768 0.0222045 0.233618 0.330071 0.233338
9.9991E-05 0.605288 0.147413 0.0938448 0.153354
9.99821E-05 9.99821E-05 0.393037 0.232334 0.374429
0.000464329 0.385648 0.585823 0.0279641 9.99911E-05
9.99821E-05 0.084888 0.354828 9.99821E-05 0.560084
9.99732E-05 9.99732E-05 0.0836501 9.99732E-05 0.91605
9.99732E-05 9.99732E-05 0.107662 9.99732E-05 0.892038
9.99911E-05 0.161651 0.166198 0.411378 0.260674
0.227228 9.99821E-05 0.0116481 9.99821E-05 0.760924
0.156812 0.0794638 0.174044 0.468009 0.121671
0.202568 9.99911E-05 0.706375 0.0653681 0.0255887
9.9991E-05 0.391382 0.260407 0.182597 0.165514
9.99732E-05 0.467362 0.532339 9.99732E-05 9.99732E-05
0.739741 0.134866 0.0584027 0.0668905 9.99911E-05
0.150913 0.0398569 0.000157322 0.119056 0.690017
9.997E-05 9.997E-05 9.997E-05 0.9996 9.997E-05
0.389784 9.9991E-05 0.246119 0.137081 0.226916
0.350862 9.9991E-05 0.163484 0.434566 0.0509878
0.0111587 0.112192 0.0801188 0.79643 9.99911E-05
0.00972289 0.163185 9.99911E-05 0.357869 0.469124
9.99732E-05 0.748736 9.99732E-05 0.250964 9.99732E-05
9.9991E-05 0.0832631 0.17974 0.0645992 0.672298
9.99911E-05 0.114348 0.109827 0.401693 0.374031
0.514941 0.000921343 0.0548206 0.429217 9.99911E-05
9.9991E-05 0.190546 0.307509 0.133434 0.36841
0.0931119 9.99911E-05 0.394235 0.4051 0.107453
0.122474 0.400401 0.11821 0.298338 0.0605768
0.114251 9.99732E-05 9.99732E-05 9.99732E-05 0.885449
0.343376 0.0182863 0.214098 9.9991E-05 0.42414
9.997E-05 9.997E-05 9.997E-05 0.9996 9.997E-05
9.99821E-05 0.544684 9.99821E-05 0.105324 0.349792
0.144526 9.99821E-05 9.99821E-05 0.358957 0.496317
9.99732E-05 0.718012 9.99732E-05 0.281688 9.99732E-05
9.99733E-05 0.802266 9.99733E-05 0.197434 9.99733E-05
0.424191 0.360269 0.015883 0.0356785 0.163978
9.99911E-05 0.258397 0.165829 0.0364816 0.539192
9.997E-05 9.997E-05 9.997E-05 9.997E-05 0.9996
0.0184366 9.99822E-05 0.123278 0.858086 9.99822E-05
0.192445 0.238872 0.175266 0.3709 0.0225171
0.377979 9.99732E-05 9.99732E-05 9.99732E-05 0.621721
9.9991E-05 0.121234 0.104214 0.279454 0.494997
9.9991E-05 0.381271 0.107052 0.358342 0.153236
0.429253 0.222666 0.163997 0.0546233 0.129461
0.266502 0.315424 9.9991E-05 0.00197667 0.415998
9.99821E-05 0.126331 9.99821E-05 0.090741 0.782728
0.353405 0.280861 0.0122058 0.282328 0.0712
9.997E-05 9.997E-05 0.9996 9.997E-05 9.997E-05
0.189993 0.128409 0.470879 9.9991E-05 0.21062
9.99911E-05 0.668171 0.19509 0.134044 0.00259514
9.99821E-05 0.300744 0.446787 0.252269 9.99821E-05
9.99821E-05 0.533464 0.335508 0.130828 9.99821E-05
0.214317 0.531233 9.9991E-05 0.0591818 0.195168
0.111866 9.99821E-05 9.99821E-05 0.274581 0.613353
9.99731E-05 9.99731E-05 0.79585 9.99731E-05 0.20385
9.99821E-05 0.505544 9.99821E-05 0.236908 0.257348
0.0215969 0.0517566 0.0516423 0.341387 0.533617
0.404607 9.99821E-05 9.99821E-05 0.309551 0.285641
0.275372 9.9982E-05 0.308232 0.416196 9.9982E-05
