0.102731 0.0670339 0.180873 0.0343278 0.615034
0.0923481 0.0076562 0.328404 0.222234 0.349358
0.119391 9.9991E-05 0.450294 0.126937 0.303279
0.1247 0.138096 0.377207 0.0882896 0.271707
0.253774 0.0856625 0.528887 0.0943372 0.0373399
0.209975 0.127349 0.646086 0.00903202 0.00755771
0.299653 0.0543834 0.18866 0.046537 0.410766
0.128242 9.9991E-05 0.284475 0.0460942 0.541088
0.184707 0.0794679 0.572438 0.152151 0.0112358
0.187162 0.340066 9.9991E-05 0.188831 0.283841
0.0238334 0.320906 0.540839 9.9991E-05 0.114322
0.14115 0.0490754 0.651842 0.157833 9.9991E-05
0.397401 0.0220177 0.379359 0.108175 0.093047
0.304506 0.145423 0.136997 0.2055 0.207573
0.458549 0.203719 0.268172 9.9991E-05 0.0694602
0.277694 0.0986775 0.137947 0.108066 0.377615
0.313207 0.346241 0.0964522 0.212145 0.031955
0.202209 0.0355475 0.0923943 0.292396 0.377453
0.370468 9.9991E-05 0.487386 0.0473582 0.0946876
0.100981 0.0675145 0.391942 0.0511128 0.388449
0.355273 0.0967786 0.354108 9.9991E-05 0.19374
0.290881 0.0439062 0.307859 0.0541941 0.303159
0.306149 9.9991E-05 0.431527 0.0628432 0.199381
0.132136 9.9991E-05 0.409949 0.145607 0.312208
0.128664 0.459949 0.386509 0.0247786 9.9991E-05
0.186198 0.0894043 0.11188 0.242707 0.369811
0.226566 0.0711802 0.15105 0.18634 0.364864
0.163063 0.121353 0.319158 0.179964 0.216462
0.0597976 0.122066 0.368228 0.205344 0.244565
0.22913 0.0621817 0.0394375 0.669151 9.9991E-05
0.145132 0.155517 0.51831 0.180941 9.9991E-05
0.0227742 0.102912 0.409684 0.114666 0.349964
0.379082 0.0469903 0.311356 0.075291 0.187281
0.157215 0.112193 0.487192 0.00493157 0.238468
0.295356 0.209984 0.356364 0.102643 0.0356525
0.472356 9.9973E-05 9.9973E-05 9.9973E-05 0.527344
0.161543 0.192828 0.443119 0.0580473 0.144463
0.0660712 0.257555 9.9991E-05 0.154009 0.522265
0.302468 0.11739 0.498365 0.0816771 9.9991E-05
0.246365 0.113823 0.364245 9.9991E-05 0.275467
0.0552092 0.0210568 0.522431 0.0792209 0.322082
0.137268 0.123124 0.216816 0.0334276 0.489364
0.248941 0.0968026 0.251266 0.0772861 0.325705
9.9991E-05 0.114241 0.483838 0.0930371 0.308783
0.15312 0.113391 0.105635 0.190594 0.43726
0.149454 0.254905 0.416422 0.0242486 0.154971
0.292972 9.9982E-05 0.455847 9.9982E-05 0.250981
0.139063 0.0520836 0.751839 0.0178406 0.0391732
0.0428247 0.052363 0.457151 0.112159 0.335502
0.154479 0.0416476 0.160757 0.202139 0.440977
0.30113 0.269775 9.9991E-05 0.106224 0.322771
0.231119 0.0610614 0.503118 0.111459 0.0932425
9.9991E-05 0.013927 0.297385 0.119686 0.568902
0.207084 0.237013 0.0693236 0.171369 0.31521
9.9991E-05 0.00509249 0.366004 0.224934 0.403869
0.312898 0.0992764 0.559113 9.9991E-05 0.0286119
9.9991E-05 0.0816145 0.335957 0.116782 0.465547
0.0246967 0.0943897 0.399707 0.160179 0.321027
0.053243 0.230207 0.343016 0.159166 0.214368
0.152331 0.288792 0.305526 9.9991E-05 0.25325
0.0496678 9.9991E-05 0.695673 0.120257 0.134303
0.29231 0.111178 0.362155 0.0868989 0.147458
0.273282 9.9991E-05 0.582159 0.0817097 0.0627487
0.0877184 9.9973E-05 9.9973E-05 0.911982 9.9973E-05
0.10354 0.138245 0.22347 9.9991E-05 0.534645
0.301885 9.9973E-05 9.9973E-05 9.9973E-05 0.697815
0.177075 0.100966 0.137213 0.000477298 0.58427
0.278761 0.0630282 0.521206 0.136905 9.9991E-05
0.228588 9.9991E-05 0.49922 0.113449 0.158643
0.323119 0.0862529 0.142789 0.193424 0.254415
9.9991E-05 0.328217 0.3934 0.193375 0.0849079
0.238481 0.0784241 0.0470164 0.0207985 0.61528
0.340146 0.106243 0.299279 0.150416 0.103916
0.0642522 0.111927 0.570445 0.0587545 0.194621
0.215634 0.243844 0.00736117 0.193979 0.339181
0.167721 0.239722 0.323024 0.122541 0.146992
0.245166 0.0728378 0.588735 0.0118451 0.0814159
0.118638 0.0556961 0.705891 0.119675 9.9991E-05
0.0888523 0.0802396 0.761332 9.9991E-05 0.0694763
0.178535 0.112089 0.446813 0.240446 0.0221167
0.104035 0.0246657 0.440198 0.0639958 0.367106
0.327387 0.0338512 0.540725 0.0308853 0.0671514
0.0805807 0.0691122 0.637607 0.2126 9.9991E-05
0.225607 0.156914 0.441979 0.141237 0.0342618
0.219113 0.00159695 0.581051 0.0789502 0.119289
0.0053885 0.107195 0.454788 0.0123983 0.42023
0.462797 9.9991E-05 0.217312 0.0266242 0.293167
0.23091 0.340398 0.428491 9.9982E-05 9.9982E-05
0.16786 0.119677 0.0392687 0.239021 0.434173
0.0814219 0.00960741 0.419928 9.9991E-05 0.488942
9.9973E-05 0.0273992 9.9973E-05 0.972301 9.9973E-05
0.0816935 0.277571 0.336807 0.028651 0.275277
0.428625 0.0243278 0.497635 0.0493126 9.9991E-05
0.411602 0.0201894 0.287596 0.100101 0.180512
0.217224 0.0202455 0.606702 9.9991E-05 0.155729
0.130765 0.168594 0.391479 0.0666325 0.242529
9.9982E-05 0.0954915 0.14309 9.9982E-05 0.761219
0.0597194 0.126683 0.813398 9.9982E-05 9.9982E-05
0.277592 0.050625 9.9991E-05 0.536438 0.135244
0.0550766 9.9991E-05 0.456099 0.323129 0.165595
0.282285 0.0387471 0.360174 0.258627 0.0601662
9.997E-05 9.997E-05 9.997E-05 0.9996 9.997E-05
0.225665 0.193455 0.378631 0.106593 0.0956565
9.997E-05 0.9996 9.997E-05 9.997E-05 9.997E-05
0.224897 0.241904 9.9991E-05 0.104813 0.428285
0.22899 0.0811931 0.289579 0.0234822 0.376755
0.101343 0.0677171 0.311381 0.0862155 0.433343
0.186984 0.0799569 0.47955 0.0938683 0.159641
0.189997 0.117215 0.271835 0.263931 0.157021
0.220304 0.0197819 0.298937 0.0854654 0.375512
0.288327 0.148769 0.401907 0.0817371 0.0792605
0.357438 0.104255 0.334912 0.148454 0.0549408
0.0680858 0.110314 0.51456 0.0889373 0.218103
0.198379 9.9982E-05 0.356902 0.444519 9.9982E-05
0.160873 0.0428533 0.315361 9.9991E-05 0.480813
9.9973E-05 9.9973E-05 0.0262908 0.973409 9.9973E-05
0.159756 0.268671 0.297339 9.9991E-05 0.274135
0.211226 0.0851677 0.105646 0.0139657 0.583995
0.0399684 0.0752352 0.671741 0.154358 0.0586974
0.285488 0.175387 0.156032 0.285292 0.0978004
0.205278 0.0575049 0.249502 0.210001 0.277714
0.346997 0.0185784 0.172676 0.461649 9.9991E-05
0.0839399 0.0172694 0.285104 0.302331 0.311355
0.0981679 0.176843 0.676963 0.000805497 0.0472204
0.0968255 9.9991E-05 0.62249 0.122652 0.157932
0.281823 0.0267177 0.630427 0.0609324 9.9991E-05
0.235083 0.11922 0.411625 9.9991E-05 0.233973
0.077003 0.0662611 0.460465 0.20277 0.1935
0.0716479 0.117617 0.699211 0.00335099 0.108173
0.123441 0.185471 0.075767 0.252726 0.362595
0.325907 0.00937604 0.466667 0.0370845 0.160966
0.36923 9.9982E-05 0.531304 0.0992652 9.9982E-05
0.168559 0.0852772 0.360039 0.386025 9.9991E-05
0.414543 0.102818 0.269068 0.149411 0.0641599
0.148813 0.117553 0.562488 0.125806 0.0453399
0.210911 0.18515 0.505702 0.0981366 9.9991E-05
9.9982E-05 9.9982E-05 0.292285 0.00462346 0.702891
9.9973E-05 9.9973E-05 9.9973E-05 0.0539219 0.945778
0.207256 0.0342235 0.25982 0.0725924 0.426108
0.051001 0.0823127 0.802605 0.0639817 9.9991E-05
0.263766 0.173888 0.390629 0.114043 0.0576739
0.383459 0.246658 0.269947 0.0998357 9.9991E-05
0.0024006 0.152859 0.621668 0.222972 9.9991E-05
0.145492 0.115105 0.436552 0.0551465 0.247705
0.173138 0.0104898 0.496774 9.9991E-05 0.319499
0.367551 0.00393605 0.0541694 0.470266 0.104077
0.191797 0.158593 0.321025 0.0104325 0.318153
0.9996 9.997E-05 9.997E-05 9.997E-05 9.997E-05
0.313502 0.103964 0.112632 9.9991E-05 0.469802
0.152661 0.242585 0.201011 9.9991E-05 0.403644
0.103504 0.174512 0.547027 0.174858 9.9991E-05
0.109307 0.211537 0.378551 9.9991E-05 0.300505
0.271551 0.105753 0.260461 0.157192 0.205043
0.208922 0.00867404 0.395584 0.111791 0.275029
0.175536 0.102052 0.628758 0.0849989 0.00865597
0.293053 0.0434159 0.0145764 0.186256 0.462699
0.173257 0.0114053 0.612444 9.9991E-05 0.202794
0.358599 0.105047 0.31119 0.202693 0.022472
9.9973E-05 9.9973E-05 9.9973E-05 0.120613 0.879088
0.176663 0.0483929 0.468632 0.0851315 0.221181
0.247417 0.0926635 0.581592 0.0782273 9.9991E-05
0.9996 9.997E-05 9.997E-05 9.997E-05 9.997E-05
0.78284 0.0354294 0.134981 9.9991E-05 0.0466491
0.0497113 0.0402703 0.131141 0.0542897 0.724587
0.127068 0.113235 0.208252 0.102057 0.449388
0.23503 9.9973E-05 9.9973E-05 9.9973E-05 0.76467
0.0972774 0.0610667 0.561761 9.9991E-05 0.279795
0.168355 0.241478 0.344605 9.9991E-05 0.245462
0.0632641 9.9973E-05 9.9973E-05 9.9973E-05 0.936436
0.430379 0.0466862 0.206986 0.150861 0.165088
9.9991E-05 0.104563 0.678808 0.0929488 0.12358
0.047193 0.220233 0.20914 0.13449 0.388944
0.346952 9.9991E-05 0.408638 0.184346 0.0599638
0.0117832 0.181771 0.193032 9.9991E-05 0.613315
0.225314 0.0873865 0.383435 9.9991E-05 0.303765
0.0535424 0.065568 0.841326 0.0160911 0.0234728
0.372813 0.153375 0.443355 9.9991E-05 0.030357
0.0208647 0.20635 0.470421 0.0754684 0.226896
9.997E-05 0.9996 9.997E-05 9.997E-05 9.997E-05
0.0442696 0.0689624 0.456184 0.0797707 0.350814
0.319035 0.247357 0.00819678 0.358874 0.0665365
0.465974 9.9991E-05 0.247017 0.179558 0.107352
0.088463 9.9991E-05 0.233112 0.0716743 0.60665
0.109112 9.9991E-05 0.275497 0.287886 0.327405
0.173339 0.101664 0.368193 0.0186747 0.338129
9.997E-05 0.9996 9.997E-05 9.997E-05 9.997E-05
0.405127 9.9991E-05 0.317694 0.0848914 0.192187
0.110849 0.309481 0.124961 0.0534238 0.401285
0.242818 9.9991E-05 0.463471 0.0322008 0.261411
0.223085 9.9991E-05 0.156186 0.155989 0.46464
