0.086374 0.567259 0.346367
0.30967 0.0069167 0.683414
0.207257 0.416266 0.376477
0.246583 0.369273 0.384144
0.595127 0.383183 0.02169
0.300932 0.249185 0.449884
0.58724 0.186715 0.226045
9.999E-05 0.987189 0.0127112
0.795343 9.99911E-05 0.204557
0.463123 0.0312297 0.505647
0.365711 0.209484 0.424805
0.759595 0.240305 9.99911E-05
0.179053 0.55079 0.270157
0.433505 0.234681 0.331815
0.830995 0.168905 9.99911E-05
0.13795 0.580266 0.281785
0.523082 9.9991E-05 0.476818
0.545495 0.114597 0.339908
0.365343 0.578651 0.0560051
0.137731 0.659254 0.203015
0.157148 9.99911E-05 0.842752
0.441026 0.485262 0.073712
0.257051 0.145865 0.597084
0.306607 0.00802122 0.685372
0.106547 0.147157 0.746296
0.16205 0.195829 0.642122
0.715087 9.9991E-05 0.284813
0.414481 0.388265 0.197254
0.0718039 0.928096 9.9991E-05
0.340128 9.99911E-05 0.659772
0.608514 0.391386 9.99911E-05
0.338452 0.661448 9.99911E-05
0.42676 0.271705 0.301535
0.227925 0.771975 9.99911E-05
0.1034 0.336503 0.560097
0.215569 0.159658 0.624773
0.299287 0.555615 0.145097
9.99911E-05 0.303182 0.696718
0.301498 0.559363 0.139139
0.0770043 0.593861 0.329135
0.599668 9.99911E-05 0.400232
0.827835 9.99911E-05 0.172065
0.149859 0.375807 0.474334
0.490198 0.189195 0.320607
0.185266 0.814634 9.99911E-05
0.161245 0.638658 0.200097
0.312311 0.502902 0.184787
0.679466 0.274961 0.045573
0.159653 0.840247 9.99911E-05
0.0138205 0.703327 0.282853
9.9991E-05 0.559274 0.440626
0.526548 9.99911E-05 0.473352
0.626571 9.9991E-05 0.373329
9.99911E-05 0.949885 0.0500149
0.679022 0.192376 0.128601
0.80174 0.0940316 0.104228
0.405384 9.9991E-05 0.594516
0.9998 9.999E-05 9.999E-05
0.583159 0.327908 0.0889334
0.0945426 0.361767 0.543691
0.250241 0.697648 0.0521116
0.723899 9.9991E-05 0.276001
0.960472 0.039428 9.9991E-05
9.99911E-05 0.0839829 0.915917
0.213276 0.716187 0.0705369
0.609842 0.174379 0.215779
9.9991E-05 0.489257 0.510643
0.502026 0.366223 0.131752
0.233765 0.766135 9.9991E-05
0.269881 0.324584 0.405535
0.840868 0.159032 9.9991E-05
0.753188 9.9991E-05 0.246712
0.186358 0.813542 9.99911E-05
0.423274 0.559996 0.0167301
9.99911E-05 0.811999 0.187901
0.604899 0.388311 0.00679042
0.514666 0.270387 0.214948
0.785727 0.0470225 0.16725
0.300891 0.691613 0.00749639
0.614466 0.357846 0.0276889
0.265978 0.64186 0.0921617
0.206405 0.336557 0.457038
9.99911E-05 0.440112 0.559788
9.9991E-05 0.750323 0.249577
0.553923 0.140023 0.306054
0.724497 9.9991E-05 0.275403
0.47059 9.99911E-05 0.52931
0.245875 9.9991E-05 0.754025
0.0541892 0.587406 0.358405
0.123313 0.874248 0.00243942
9.99911E-05 0.0446941 0.955206
0.383527 9.99911E-05 0.616373
0.733772 0.2645 0.00172888
0.571791 9.9991E-05 0.428109
0.9998 9.999E-05 9.999E-05
0.503562 0.398073 0.0983654
0.413794 0.00562085 0.580585
0.92772 0.07218 9.9991E-05
9.9991E-05 0.440354 0.559546
0.107825 9.9991E-05 0.892075
0.822558 9.99911E-05 0.177342
9.999E-05 9.999E-05 0.9998
0.342541 9.99911E-05 0.657359
0.118831 0.0172951 0.863874
0.149889 0.751828 0.0982831
0.541286 0.368033 0.0906811
0.386704 0.559448 0.0538486
0.104635 0.663089 0.232276
0.0429113 0.937151 0.019938
9.99911E-05 0.640038 0.359862
9.99911E-05 0.349687 0.650213
9.99911E-05 0.660573 0.339327
9.99911E-05 0.21183 0.78807
9.999E-05 0.9998 9.999E-05
9.999E-05 9.999E-05 0.9998
0.948777 0.0511234 9.99911E-05
0.472316 0.220537 0.307147
0.26686 0.73304 9.99911E-05
9.99911E-05 0.743261 0.256639
9.9991E-05 0.491887 0.508013
0.240372 0.0537105 0.705917
0.186655 0.154206 0.659139
9.9991E-05 0.728373 0.271527
0.341328 0.51813 0.140542
0.495763 0.215654 0.288582
0.711606 0.184321 0.104073
0.539038 0.00520896 0.455753
0.21548 0.494259 0.290261
9.99911E-05 0.210267 0.789633
0.367566 0.314756 0.317678
0.9998 9.999E-05 9.999E-05
0.309395 0.366679 0.323926
0.568715 0.431185 9.99911E-05
0.478859 0.474589 0.0465528
0.637943 0.0907399 0.271317
9.99911E-05 0.657783 0.342117
9.999E-05 0.9998 9.999E-05
9.999E-05 0.9998 9.999E-05
0.300423 0.536811 0.162766
9.99911E-05 0.859664 0.140236
0.162489 0.556036 0.281474
0.115669 0.226847 0.657484
0.7715 0.212125 0.0163741
0.550297 9.99911E-05 0.449603
0.266456 0.07193 0.661614
0.0255276 0.864944 0.109528
0.887202 9.99911E-05 0.112698
0.102313 0.444467 0.45322
0.0307433 0.296828 0.672428
0.887615 0.112285 9.99911E-05
0.335539 0.604107 0.0603548
0.886609 0.113291 9.9991E-05
0.254322 0.745578 9.9991E-05
0.363087 0.478129 0.158784
0.145684 0.142996 0.71132
0.689502 0.228568 0.0819299
0.148558 0.660189 0.191253
0.504905 0.223925 0.27117
9.99911E-05 0.994169 0.00573103
9.9991E-05 0.540439 0.459461
0.907652 9.99911E-05 0.0922479
0.502489 0.497411 9.99911E-05
0.154391 0.757619 0.0879899
0.935666 0.0642341 9.99911E-05
0.656399 0.343501 9.99911E-05
0.330736 0.199024 0.47024
0.153153 0.617974 0.228873
9.999E-05 0.9998 9.999E-05
0.665025 0.325751 0.00922421
0.479265 0.065071 0.455664
9.99911E-05 0.80374 0.19616
0.0202528 0.979647 9.9991E-05
0.731927 0.267973 9.9991E-05
0.2758 0.15117 0.573029
0.144585 0.621095 0.23432
0.135801 0.864099 9.99911E-05
0.161789 0.387971 0.45024
0.302642 0.262789 0.434569
9.99911E-05 0.342516 0.657384
0.811841 9.99911E-05 0.188059
0.773611 9.99911E-05 0.226289
0.70399 0.29591 9.99911E-05
0.365817 0.433173 0.20101
0.129759 0.791213 0.0790281
9.99911E-05 0.551294 0.448606
0.455488 0.544412 9.99911E-05
0.268149 0.609893 0.121958
0.112986 0.394666 0.492349
0.182052 0.138005 0.679943
