9.99551E-05 9.99551E-05 9.99551E-05 0.699804 0.0262964 9.99551E-05 9.99551E-05 0.142234 0.131166
0.598839 9.99641E-05 0.205004 9.99641E-05 0.0642079 0.0561429 0.0754066 9.99641E-05 9.99641E-05
9.99551E-05 9.99551E-05 0.289004 9.99551E-05 0.323831 0.270628 9.99551E-05 0.116037 9.99551E-05
9.99731E-05 0.0552051 0.132894 0.182225 9.99731E-05 0.254213 0.00572293 9.99731E-05 0.36944
0.294147 9.9982E-05 0.148905 0.00921414 9.9982E-05 0.112058 0.10908 0.0560058 0.27039
0.163658 0.181037 0.186254 0.25884 9.9973E-05 0.0939451 9.9973E-05 9.9973E-05 0.115965
0.263569 9.99821E-05 0.110253 0.0438953 9.99821E-05 0.315228 0.153975 0.0746757 0.0382048
9.99641E-05 0.0480226 0.219179 0.22199 9.99641E-05 9.99641E-05 0.0102579 0.50015 9.99641E-05
0.15616 9.99553E-05 9.99553E-05 9.99553E-05 0.0171327 9.99553E-05 9.99553E-05 0.325865 0.500343
9.99373E-05 9.99373E-05 9.99373E-05 0.422697 0.576604 9.99373E-05 9.99373E-05 9.99373E-05 9.99373E-05
9.9982E-05 0.121898 0.114813 0.131446 0.300539 0.05103 0.0358013 9.9982E-05 0.244273
9.99463E-05 9.99463E-05 9.99463E-05 9.99463E-05 9.99463E-05 9.99463E-05 0.0784422 0.365734 0.555224
0.281912 0.0728985 9.99552E-05 0.0833045 9.99552E-05 9.99552E-05 9.99552E-05 0.561385 9.99552E-05
0.511238 9.99462E-05 9.99462E-05 0.448805 9.99462E-05 9.99462E-05 9.99462E-05 9.99462E-05 0.0393574
0.202437 0.120034 0.131268 9.99732E-05 0.0450516 9.99732E-05 9.99732E-05 0.106232 0.394679
9.99641E-05 9.99641E-05 0.511519 0.119301 9.99641E-05 0.186677 0.110808 9.99641E-05 0.0712944
0.278685 0.046001 0.184457 9.99731E-05 0.00600869 0.046332 9.99731E-05 9.99731E-05 0.438216
9.997E-05 0.187739 0.0924117 0.281991 0.0418657 0.0599355 0.335758 9.997E-05 9.997E-05
9.99552E-05 9.99552E-05 0.170484 9.99552E-05 0.131517 9.99552E-05 9.99552E-05 0.568021 0.129478
0.0708866 0.114048 9.99641E-05 0.28293 0.0992874 9.99641E-05 9.99641E-05 0.432448 9.99641E-05
9.99553E-05 0.178136 9.99553E-05 0.509296 0.260886 9.99553E-05 0.0511821 9.99553E-05 9.99553E-05
9.99462E-05 9.99462E-05 9.99462E-05 9.99462E-05 0.127948 9.99462E-05 9.99462E-05 0.444076 0.427376
0.0666802 0.173274 0.100677 9.9973E-05 9.9973E-05 0.292695 0.0723014 9.9973E-05 0.294073
0.0547907 9.99642E-05 9.99642E-05 0.0377837 9.99642E-05 0.519732 0.0037048 9.99642E-05 0.383589
9.99641E-05 0.161977 0.312109 9.99641E-05 9.99641E-05 0.400412 0.115631 9.99641E-05 0.00947086
9.99462E-05 9.99462E-05 9.99462E-05 0.697289 9.99462E-05 0.0655855 9.99462E-05 9.99462E-05 0.236526
9.9955E-05 9.9955E-05 9.9955E-05 0.319549 0.296314 9.9955E-05 0.225932 9.9955E-05 0.157705
0.414357 9.99553E-05 0.304006 9.99553E-05 0.256981 9.99553E-05 9.99553E-05 9.99553E-05 0.0241558
0.153449 0.248265 9.99551E-05 9.99551E-05 0.0588435 9.99551E-05 9.99551E-05 0.538943 9.99551E-05
9.99552E-05 0.102515 9.99552E-05 9.99552E-05 9.99552E-05 0.760028 9.99552E-05 0.107702 0.0292541
0.348301 0.207957 0.194711 0.0151284 9.99731E-05 9.99731E-05 0.0888779 9.99731E-05 0.144725
0.124538 9.99641E-05 0.070607 9.99641E-05 9.99641E-05 0.0324431 0.193538 0.578474 9.99641E-05
0.0140371 9.99463E-05 9.99463E-05 9.99463E-05 0.91233 9.99463E-05 9.99463E-05 0.0730331 9.99463E-05
0.125633 9.99641E-05 0.278091 9.99641E-05 9.99641E-05 0.0827243 9.99641E-05 0.32285 0.190301
9.99551E-05 9.99551E-05 0.121463 0.576784 9.99551E-05 0.176982 0.124271 9.99551E-05 9.99551E-05
0.11503 9.99552E-05 9.99552E-05 0.785608 0.0372599 9.99552E-05 0.0616027 9.99552E-05 9.99552E-05
0.0911858 9.99462E-05 0.667457 9.99462E-05 9.99462E-05 9.99462E-05 0.240758 9.99462E-05 9.99462E-05
9.99462E-05 0.107375 9.99462E-05 9.99462E-05 0.767933 0.124092 9.99462E-05 9.99462E-05 9.99462E-05
0.0698387 0.153299 0.406908 9.99821E-05 0.0113662 0.131977 0.0861009 9.99821E-05 0.140309
0.0226504 0.377138 0.4536 9.99641E-05 9.99641E-05 9.99641E-05 0.127656 9.99641E-05 0.0185552
0.184159 9.99821E-05 9.99821E-05 0.170377 0.248264 0.0954693 0.0474337 0.0927682 0.161329
9.99642E-05 0.158191 9.99642E-05 0.0520395 9.99642E-05 0.00485185 0.263351 9.99642E-05 0.521167
0.174918 0.0453701 0.0111455 0.565839 0.0715887 9.9982E-05 9.9982E-05 0.0616252 0.0693129
0.0069764 9.99642E-05 0.372005 0.175875 9.99642E-05 9.99642E-05 0.0116727 9.99642E-05 0.433072
9.99641E-05 9.99641E-05 0.00287788 9.99641E-05 0.0972005 0.115958 0.161688 0.621876 9.99641E-05
9.99821E-05 0.0690908 0.191611 0.434884 9.99821E-05 0.0143043 0.0998955 0.11563 0.0743847
9.99642E-05 9.99642E-05 0.018506 0.36436 0.224858 0.0215658 9.99642E-05 0.370311 9.99642E-05
9.997E-05 0.0281093 0.267274 0.0649855 0.077319 9.997E-05 0.172607 9.997E-05 0.389405
9.99376E-05 9.99376E-05 9.99376E-05 0.154299 9.99376E-05 9.99376E-05 9.99376E-05 0.845001 9.99376E-05
9.99551E-05 9.99551E-05 9.99551E-05 0.768885 9.99551E-05 0.0113261 0.0845303 0.134759 9.99551E-05
0.0193505 9.9973E-05 0.179172 0.332984 9.9973E-05 0.161781 9.9973E-05 0.0347657 0.271646
0.27704 0.271755 0.0270878 9.99641E-05 0.239421 9.99641E-05 0.184297 9.99641E-05 9.99641E-05
9.99641E-05 9.99641E-05 0.00841056 0.284033 0.203358 0.117938 9.99641E-05 9.99641E-05 0.385861
9.99552E-05 0.228033 9.99552E-05 0.199027 9.99552E-05 0.196615 9.99552E-05 0.375826 9.99552E-05
0.895332 9.99552E-05 9.99552E-05 9.99552E-05 9.99552E-05 9.99552E-05 0.0997684 0.0031373 0.00126262
0.137892 9.99732E-05 0.104841 0.208859 0.23997 9.99732E-05 0.00465687 9.99732E-05 0.303482
0.404417 0.0688274 9.9973E-05 0.0722404 9.9973E-05 0.22697 9.9973E-05 0.0122241 0.215022
0.75849 9.99464E-05 9.99464E-05 0.0110697 9.99464E-05 9.99464E-05 9.99464E-05 9.99464E-05 0.229841
0.119494 0.0400648 0.311816 0.0662784 0.0907043 9.9982E-05 0.166091 9.9982E-05 0.205351
9.99551E-05 0.135493 9.99551E-05 0.663354 9.99551E-05 9.99551E-05 0.0380828 9.99551E-05 0.162571
9.99732E-05 0.234259 0.184974 0.241531 9.99732E-05 0.0686942 9.99732E-05 0.193936 0.0763051
9.99551E-05 9.99551E-05 9.99551E-05 0.211662 9.99551E-05 0.0423526 0.329779 9.99551E-05 0.415706
9.99462E-05 9.99462E-05 9.99462E-05 9.99462E-05 0.0127824 9.99462E-05 9.99462E-05 0.521329 0.465289
9.99641E-05 9.99641E-05 9.99641E-05 0.268656 0.0198775 0.502578 0.0736275 0.134861 9.99641E-05
9.996E-05 9.996E-05 0.362585 0.18112 9.996E-05 0.0683289 9.996E-05 0.281678 0.105889
9.99463E-05 9.99463E-05 9.99463E-05 0.440186 0.0611149 9.99463E-05 9.99463E-05 0.498099 9.99463E-05
0.0319689 0.121886 9.9973E-05 0.732465 9.9973E-05 0.0799786 0.00199157 9.9973E-05 0.0314102
9.99641E-05 9.99641E-05 0.305109 0.0147666 9.99641E-05 9.99641E-05 0.30851 0.0548704 0.316344
9.99731E-05 0.00665748 9.99731E-05 0.20019 0.108251 9.99731E-05 0.0549692 0.455281 0.174351
9.99553E-05 0.019396 9.99553E-05 0.573886 0.250246 9.99553E-05 9.99553E-05 0.155972 9.99553E-05
0.0814949 0.0320466 0.202336 0.0742374 0.172277 9.9991E-05 0.113427 0.0802132 0.243868
9.99641E-05 9.99641E-05 9.99641E-05 0.0907265 9.99641E-05 0.027992 0.274041 0.235959 0.370882
0.704608 9.99553E-05 0.0902201 9.99553E-05 0.0220978 9.99553E-05 0.182575 9.99553E-05 9.99553E-05
9.99731E-05 9.99731E-05 0.320354 0.0478428 0.00773384 9.99731E-05 0.255135 0.277596 0.0910385
0.309982 0.00789277 0.335213 0.119585 9.99732E-05 0.178712 9.99732E-05 0.0483145 9.99732E-05
0.34158 9.99641E-05 0.268051 9.99641E-05 9.99641E-05 9.99641E-05 0.131591 0.220898 0.0374803
9.99555E-05 0.0326505 9.99555E-05 9.99555E-05 9.99555E-05 0.0770622 9.99555E-05 0.2207 0.669087
0.0407438 0.234529 9.9991E-05 0.0786768 0.0683679 0.0951361 0.127977 0.128771 0.225699
0.0338387 0.370075 9.9964E-05 0.114921 9.9964E-05 9.9964E-05 9.9964E-05 0.362344 0.118422
0.549516 0.233953 0.0876308 9.99641E-05 9.99641E-05 9.99641E-05 9.99641E-05 0.0477073 0.0807926
9.99642E-05 9.99642E-05 0.368652 0.20845 9.99642E-05 0.011194 0.352592 0.058712 9.99642E-05
9.99821E-05 0.116538 0.0549662 0.361128 0.00974376 0.0672208 9.99821E-05 0.170158 0.220046
0.463458 9.995E-05 0.00243777 0.353197 0.180408 9.995E-05 9.995E-05 9.995E-05 9.995E-05
9.99551E-05 0.189597 9.99551E-05 0.0196234 9.99551E-05 0.0887862 9.99551E-05 0.701493 9.99551E-05
0.0857041 9.9982E-05 9.9982E-05 0.329412 0.0418432 0.11608 0.0946111 0.0136218 0.318528
0.0419751 9.99731E-05 9.99731E-05 0.656791 0.0546783 9.99731E-05 0.0262803 0.107591 0.112384
0.457966 9.99461E-05 9.99461E-05 0.141587 0.399847 9.99461E-05 9.99461E-05 9.99461E-05 9.99461E-05
0.0703532 9.995E-05 9.995E-05 9.995E-05 9.995E-05 0.514175 9.995E-05 0.0710514 0.343921
9.997E-05 0.0972642 0.134835 0.19039 0.477763 0.0545273 9.997E-05 0.0449202 9.997E-05
9.99461E-05 9.99461E-05 9.99461E-05 9.99461E-05 0.442693 9.99461E-05 9.99461E-05 0.474602 0.0821061
9.99375E-05 9.99375E-05 9.99375E-05 9.99375E-05 9.99375E-05 0.781336 9.99375E-05 9.99375E-05 0.217964
0.257563 9.99553E-05 9.99553E-05 0.629428 9.99553E-05 0.00514188 9.99553E-05 9.99553E-05 0.107367
9.99821E-05 9.99821E-05 0.0258248 0.0454028 0.348104 0.0530946 0.22963 0.267723 0.030021
0.10362 0.292477 9.99641E-05 0.25096 0.135096 9.99641E-05 9.99641E-05 9.99641E-05 0.217447
0.023789 9.9964E-05 9.9964E-05 9.9964E-05 0.121719 9.9964E-05 0.157656 0.342624 0.353812
0.363172 0.170179 0.0238427 0.082456 9.99731E-05 9.99731E-05 9.99731E-05 0.0394382 0.320612
0.0516437 9.99551E-05 9.99551E-05 0.485765 0.359238 9.99551E-05 9.99551E-05 9.99551E-05 0.102853
9.99641E-05 9.99641E-05 9.99641E-05 0.281164 0.197139 9.99641E-05 0.00914916 0.109687 0.40246
9.99462E-05 9.99462E-05 0.17744 0.344619 9.99462E-05 0.477341 9.99462E-05 9.99462E-05 9.99462E-05
0.210833 9.9973E-05 9.9973E-05 0.014352 0.214184 0.405237 0.142745 9.9973E-05 0.0123489
0.238684 9.99552E-05 9.99552E-05 9.99552E-05 0.111658 0.110413 9.99552E-05 9.99552E-05 0.538746
9.99463E-05 9.99463E-05 9.99463E-05 9.99463E-05 0.086202 0.892955 0.0202434 9.99463E-05 9.99463E-05
0.0222359 9.99373E-05 9.99373E-05 9.99373E-05 0.977065 9.99373E-05 9.99373E-05 9.99373E-05 9.99373E-05
9.99462E-05 0.765964 9.99462E-05 9.99462E-05 0.207587 9.99462E-05 9.99462E-05 9.99462E-05 0.0258495
9.99641E-05 9.99641E-05 0.593425 0.231034 9.99641E-05 9.99641E-05 0.000155979 0.118279 0.0567051
9.99653E-05 9.99653E-05 0.30244 9.99653E-05 9.99653E-05 0.151327 0.0252901 0.267432 0.253111
0.210035 9.99462E-05 9.99462E-05 0.259478 9.99462E-05 9.99462E-05 9.99462E-05 0.529887 9.99462E-05
0.01005 0.00833168 0.710726 9.99552E-05 0.270393 9.99552E-05 9.99552E-05 9.99552E-05 9.99552E-05
9.99731E-05 0.0986313 0.20694 0.00391135 9.99731E-05 9.99731E-05 0.0261528 0.510191 0.153873
9.99731E-05 0.238838 0.24536 9.99731E-05 0.307829 0.0967625 0.0273664 0.0835446 9.99731E-05
0.202751 9.997E-05 0.294349 9.997E-05 0.109687 0.298262 0.0618408 9.997E-05 0.0328099
9.99553E-05 9.99553E-05 0.00810813 0.617294 9.99553E-05 0.0442502 9.99553E-05 0.329848 9.99553E-05
0.143931 9.995E-05 0.20071 0.0582864 9.995E-05 0.596573 9.995E-05 9.995E-05 9.995E-05
0.108925 0.11717 0.253817 0.330509 9.99731E-05 0.0339429 9.99731E-05 0.155336 9.99731E-05
9.99372E-05 9.99372E-05 9.99372E-05 9.99372E-05 9.99372E-05 0.985745 9.99372E-05 9.99372E-05 0.0135559
0.161913 0.196492 9.99463E-05 9.99463E-05 9.99463E-05 9.99463E-05 9.99463E-05 9.99463E-05 0.640995
0.0352252 0.10663 9.99641E-05 0.431076 9.99641E-05 9.99641E-05 9.99641E-05 0.27486 0.151808
0.0644727 9.99552E-05 0.0254627 9.99552E-05 9.99552E-05 0.0858562 9.99552E-05 0.823709 9.99552E-05
9.997E-05 9.997E-05 0.0791583 0.0562174 0.121396 0.0990042 0.140339 0.503585 9.997E-05
0.256835 0.119744 0.181014 0.242551 0.0657772 0.123995 9.9982E-05 0.00988315 9.9982E-05
9.99641E-05 9.99641E-05 0.23002 0.0330901 0.0384611 0.413544 9.99641E-05 9.99641E-05 0.284486
0.518333 0.120876 9.99551E-05 9.99551E-05 9.99551E-05 0.269958 0.090333 9.99551E-05 9.99551E-05
0.128696 0.137347 0.397535 0.312944 9.99641E-05 9.99641E-05 9.99641E-05 0.0230776 9.99641E-05
0.0447966 0.138978 0.0159456 0.308272 9.99821E-05 9.99821E-05 0.132604 0.285552 0.0736525
9.99642E-05 0.162188 0.102608 0.0810703 9.99642E-05 0.092016 9.99642E-05 9.99642E-05 0.561719
9.9973E-05 9.9973E-05 0.0732746 0.112308 0.122339 9.9973E-05 0.0426992 0.104159 0.54492
0.0959301 9.99643E-05 9.99643E-05 0.364398 0.228039 9.99643E-05 0.188441 9.99643E-05 0.122793
0.168273 0.0705474 0.438089 0.0101266 0.0855564 9.9991E-05 0.0740527 0.0863861 0.0668692
9.99554E-05 0.36724 9.99554E-05 0.424169 0.110847 0.0972438 9.99554E-05 9.99554E-05 9.99554E-05
9.997E-05 9.997E-05 0.104688 0.0678212 0.402886 0.198502 0.155245 0.0705569 9.997E-05
9.99373E-05 9.99373E-05 9.99373E-05 9.99373E-05 0.227471 9.99373E-05 9.99373E-05 9.99373E-05 0.771829
0.231854 9.997E-05 0.0849057 0.395245 0.0923519 9.997E-05 0.0205189 9.997E-05 0.174825
9.99731E-05 0.0299035 0.332807 9.99731E-05 0.102113 9.99731E-05 0.0640886 0.306567 0.164221
9.99551E-05 0.101073 0.36165 9.99551E-05 0.454247 9.99551E-05 0.082531 9.99551E-05 9.99551E-05
9.99552E-05 0.0803704 9.99552E-05 0.504386 0.318885 9.99552E-05 0.0958587 9.99552E-05 9.99552E-05
9.99374E-05 9.99374E-05 0.690234 0.309067 9.99374E-05 9.99374E-05 9.99374E-05 9.99374E-05 9.99374E-05
9.99552E-05 0.0542517 0.700239 0.156702 9.99552E-05 9.99552E-05 9.99552E-05 0.088307 9.99552E-05
9.99642E-05 9.99642E-05 0.65029 0.0500839 0.147078 0.067722 9.99642E-05 0.0844269 9.99642E-05
0.0742205 0.231953 9.99642E-05 9.99642E-05 9.99642E-05 9.99642E-05 0.294033 0.301384 0.0980102
9.99642E-05 9.99642E-05 0.327816 0.43231 9.99642E-05 0.0104054 9.99642E-05 0.20064 0.028428
0.0557555 0.187373 0.408357 0.288592 9.99643E-05 9.99643E-05 9.99643E-05 9.99643E-05 0.059523
0.0876159 0.0669711 0.0454353 9.99732E-05 0.462916 0.200446 0.136316 9.99732E-05 9.99732E-05
0.102953 0.0263923 9.99641E-05 0.198644 0.364334 9.99641E-05 9.99641E-05 9.99641E-05 0.307277
9.99553E-05 0.0423073 0.0786161 9.99553E-05 0.197727 9.99553E-05 9.99553E-05 9.99553E-05 0.68085
9.99642E-05 9.99642E-05 0.144266 0.125727 9.99642E-05 0.538015 0.0543911 9.99642E-05 0.1372
0.238538 0.0528266 0.302422 9.9973E-05 9.9973E-05 0.0739148 9.9973E-05 0.322561 0.00943686
9.993E-05 9.993E-05 9.993E-05 9.993E-05 9.993E-05 9.993E-05 0.999201 9.993E-05 9.993E-05
9.99552E-05 0.128665 9.99552E-05 0.587809 9.99552E-05 0.222666 9.99552E-05 0.0603595 9.99552E-05
0.319176 0.140348 9.99641E-05 0.338859 9.99641E-05 0.0777403 0.123477 9.99641E-05 9.99641E-05
0.221777 0.0676837 9.99731E-05 9.99731E-05 0.0580625 9.99731E-05 0.325564 0.0289512 0.297661
0.0476759 0.0530391 0.0279771 9.99821E-05 0.167762 9.99821E-05 0.0622351 0.542305 0.0988062
9.99552E-05 9.99552E-05 9.99552E-05 0.253689 0.0157835 9.99552E-05 9.99552E-05 0.333396 0.396632
9.99641E-05 9.99641E-05 0.510309 0.266909 9.99641E-05 9.99641E-05 0.00781581 0.100248 0.114319
0.294546 0.00198708 9.99731E-05 0.104043 9.99731E-05 0.0721797 9.99731E-05 0.159862 0.367082
0.111782 9.99553E-05 9.99553E-05 0.381046 9.99553E-05 0.301719 0.204953 9.99553E-05 9.99553E-05
0.044426 0.146563 0.36126 9.997E-05 0.174317 9.997E-05 0.0137428 9.997E-05 0.259391
0.18352 0.347916 0.266831 9.996E-05 9.996E-05 0.190627 9.996E-05 0.0107066 9.996E-05
9.99554E-05 0.102665 9.99554E-05 0.781254 9.99554E-05 9.99554E-05 0.0469566 9.99554E-05 0.0686251
0.0986841 9.99642E-05 0.12295 0.341106 9.99642E-05 9.99642E-05 9.99642E-05 0.379909 0.0569507
9.99551E-05 9.99551E-05 9.99551E-05 0.0720728 0.437895 0.153724 9.99551E-05 0.335808 9.99551E-05
9.993E-05 9.993E-05 9.993E-05 9.993E-05 9.993E-05 9.993E-05 0.999201 9.993E-05 9.993E-05
9.99552E-05 9.99552E-05 0.137279 0.211964 9.99552E-05 9.99552E-05 0.284773 0.365484 9.99552E-05
0.102937 9.9991E-05 0.337958 0.106691 0.0490346 0.0792061 0.00584859 0.285748 0.032477
0.286693 9.99642E-05 9.99642E-05 0.156783 0.170558 9.99642E-05 0.0270701 9.99642E-05 0.358496
0.0109745 9.99643E-05 9.99643E-05 0.17962 9.99643E-05 9.99643E-05 0.211657 0.4146 0.182748
9.9973E-05 9.9973E-05 0.0237081 0.337059 0.0232653 0.050318 9.9973E-05 0.207453 0.357897
0.0840272 0.163935 0.395861 0.208585 0.0214335 0.029292 9.999E-05 0.00894277 0.0878238
9.993E-05 9.993E-05 0.999201 9.993E-05 9.993E-05 9.993E-05 9.993E-05 9.993E-05 9.993E-05
0.896767 9.99464E-05 9.99464E-05 9.99464E-05 9.99464E-05 9.99464E-05 0.0196801 0.082953 9.99464E-05
0.192803 0.0559005 0.231512 0.250796 0.121343 0.0157568 0.0390889 9.9991E-05 0.0926999
9.99642E-05 0.0941566 0.310762 9.99642E-05 9.99642E-05 0.152227 9.99642E-05 0.338768 0.103686
0.155488 0.0356574 0.28131 9.99641E-05 9.99641E-05 9.99641E-05 0.113159 0.413986 9.99641E-05
0.0529905 0.0136528 0.360421 9.99642E-05 0.0200374 9.99642E-05 9.99642E-05 9.99642E-05 0.552498
9.99641E-05 0.0778002 0.0648849 0.511893 9.99641E-05 0.19768 9.99641E-05 9.99641E-05 0.147342
9.99641E-05 0.126376 0.204464 9.99641E-05 9.99641E-05 0.0153977 9.99641E-05 0.187644 0.465718
0.339728 9.99463E-05 0.156672 9.99463E-05 9.99463E-05 9.99463E-05 9.99463E-05 0.503001 9.99463E-05
9.99642E-05 9.99642E-05 9.99642E-05 9.99642E-05 0.183173 0.360119 0.205251 0.183939 0.0671168
9.99461E-05 0.925956 9.99461E-05 9.99461E-05 9.99461E-05 9.99461E-05 0.0570944 9.99461E-05 0.01635
9.99821E-05 0.1494 0.0338313 0.592068 0.113401 0.00258022 0.0266419 9.99821E-05 0.0818782
0.164927 9.99551E-05 9.99551E-05 0.119179 0.55068 9.99551E-05 9.99551E-05 9.99551E-05 0.164715
9.99464E-05 9.99464E-05 9.99464E-05 0.647639 9.99464E-05 9.99464E-05 0.210242 9.99464E-05 0.141519
9.996E-05 0.0305892 0.329749 0.391651 0.164287 9.996E-05 0.0833236 9.996E-05 9.996E-05
9.99551E-05 9.99551E-05 9.99551E-05 0.534162 9.99551E-05 9.99551E-05 0.00196958 0.229013 0.234356
0.0986497 0.0505234 9.99731E-05 0.0177495 9.99731E-05 0.115806 0.043366 0.673606 9.99731E-05
9.993E-05 0.999201 9.993E-05 9.993E-05 9.993E-05 9.993E-05 9.993E-05 9.993E-05 9.993E-05
0.0292528 9.99642E-05 9.99642E-05 0.183626 9.99642E-05 9.99642E-05 0.0890049 0.43697 0.260746
0.225123 0.0102503 0.151326 9.99821E-05 0.0855683 9.99821E-05 0.0179275 0.50664 0.00296565
0.428858 0.269387 0.0573821 9.99641E-05 9.99641E-05 0.174045 9.99641E-05 0.0699277 9.99641E-05
0.336642 0.0473627 0.178459 0.204455 0.101297 0.131485 9.9973E-05 9.9973E-05 9.9973E-05
