0.202335 0.674284 9.9991E-05 0.12328
0.217233 0.152188 0.14294 0.487639
0.215619 0.45395 0.166832 0.163598
0.251429 0.455728 0.0731822 0.219661
0.20962 0.469441 0.117297 0.203642
0.461334 0.301003 0.016487 0.221176
0.040068 0.656212 0.0141672 0.289553
0.0586865 0.358421 0.202908 0.379985
0.433136 0.295149 0.124877 0.146837
0.592134 0.161585 0.246182 9.9991E-05
0.882525 0.0296736 0.0509677 0.0368338
0.430234 0.257645 0.312021 9.9991E-05
0.308842 0.527931 0.163127 9.9991E-05
0.104423 0.428668 0.209074 0.257835
0.272934 0.365901 0.0270125 0.334152
0.0324154 0.26391 0.108505 0.595169
0.142549 0.335588 0.0343424 0.487521
0.104655 0.391958 0.254588 0.248798
0.160562 0.512858 0.119778 0.206802
0.0534567 0.472645 0.277014 0.196885
0.318921 0.536696 9.9991E-05 0.144282
0.314328 0.343184 0.132165 0.210324
0.0839122 0.568568 9.9991E-05 0.34742
0.00401149 0.505481 0.187925 0.302582
0.901188 0.0380347 0.0606774 9.9991E-05
0.190325 0.487338 0.224359 0.0979778
0.149223 0.326486 0.333235 0.191056
0.248224 0.442217 0.156198 0.153361
0.408293 0.207945 0.320491 0.0632713
0.122087 0.224415 0.653398 9.9991E-05
0.644501 0.124656 0.121249 0.109594
0.745441 0.0819415 0.172518 9.9991E-05
0.229807 0.565539 0.156657 0.0479976
0.377083 0.468445 0.0463568 0.108115
0.319379 0.644062 0.0364599 9.9991E-05
9.9991E-05 0.84907 0.008017 0.142813
0.290452 0.414025 0.0742127 0.221311
0.468132 0.267393 0.184048 0.0804264
0.38382 0.400333 0.204331 0.0115149
0.220137 0.488586 0.0672679 0.224009
0.332023 0.342342 0.189395 0.136241
0.368583 0.347834 0.108094 0.175489
0.299817 0.369624 0.153067 0.177493
0.449244 0.0930643 0.269394 0.188298
0.498997 0.151249 0.129312 0.220442
0.562672 0.37563 0.0615981 9.9991E-05
0.1755 0.435611 0.0669116 0.321977
0.215826 0.236879 0.165546 0.38175
0.556256 0.10775 0.122325 0.21367
0.279294 0.235415 0.208198 0.277093
0.294711 0.432698 0.105913 0.166677
0.320116 0.340197 0.0955984 0.244089
0.0407171 0.181821 0.0854109 0.692051
0.165941 0.288729 0.130444 0.414887
0.0420752 9.9991E-05 0.355663 0.602162
0.496566 0.425528 9.9991E-05 0.0778065
0.0731053 9.9991E-05 0.144393 0.782402
0.261411 0.272372 0.331228 0.134989
0.539934 0.230249 9.9991E-05 0.229717
0.624266 0.153673 0.0926343 0.129427
0.235396 0.502668 0.0474902 0.214446
0.521409 0.346801 0.0480307 0.0837594
0.264426 0.461234 0.0843904 0.189949
9.9982E-05 0.0779188 0.921881 9.9982E-05
0.392359 0.320565 0.0536871 0.233388
9.9982E-05 0.767077 9.9982E-05 0.232723
0.219236 0.638509 9.9991E-05 0.142155
0.342432 0.326744 0.128569 0.202256
0.249744 0.593211 0.0751899 0.0818547
0.0701754 0.289213 0.15572 0.484892
0.547809 9.9991E-05 0.115698 0.336393
0.144769 0.482131 0.181777 0.191323
0.3289 0.395548 0.208513 0.0670389
0.600519 0.0942166 0.166324 0.13894
0.217077 0.329468 0.214069 0.239386
0.356316 0.0976209 0.0416168 0.504446
0.416519 0.488421 0.0949606 9.9991E-05
0.515062 0.414163 0.0533228 0.0174525
0.43488 0.484722 0.0344127 0.0459854
0.342662 0.435145 0.0983109 0.123881
0.188933 0.508307 0.139282 0.163477
0.186665 0.570414 0.100647 0.142273
0.52039 0.163018 0.250759 0.0658332
0.359079 0.1919 0.0945762 0.354444
0.0777718 0.633369 0.11809 0.170769
0.565708 0.117063 9.9991E-05 0.317128
9.9991E-05 0.688486 0.0643928 0.247021
0.524679 0.185355 9.9991E-05 0.289866
0.126045 0.31828 0.190691 0.364984
0.334848 0.447401 0.0773105 0.140441
9.998E-05 9.998E-05 0.9997 9.998E-05
0.445665 0.287221 0.0552418 0.211872
0.0938429 0.79137 0.00537307 0.109414
0.101957 0.314644 0.154429 0.428971
0.224143 0.528551 9.9991E-05 0.247206
0.33396 0.383016 0.196041 0.0869835
0.360052 0.113167 0.0531061 0.473675
0.426479 0.238247 0.0825035 0.25277
0.00156876 0.490707 0.507624 9.9991E-05
0.0872285 0.241511 0.467849 0.203412
0.26694 0.434122 0.188211 0.110727
9.998E-05 9.998E-05 0.9997 9.998E-05
0.556523 0.0638829 0.114347 0.265248
0.9997 9.998E-05 9.998E-05 9.998E-05
0.224577 0.40528 0.140002 0.23014
0.294205 0.14807 0.0936066 0.464118
0.0949024 0.368146 0.0984848 0.438467
0.263949 0.361078 0.276602 0.0983714
0.388343 0.208731 0.27522 0.127706
0.371845 0.419819 0.192177 0.0161591
0.288167 0.446401 0.0774667 0.187966
0.658328 0.046209 0.285575 0.00988767
0.410859 0.203885 0.0491173 0.336139
9.9982E-05 0.394224 0.605576 9.9982E-05
0.350241 0.195242 0.11057 0.343947
9.998E-05 9.998E-05 0.9997 9.998E-05
0.47018 0.20337 0.120669 0.205782
0.116013 0.606015 9.9991E-05 0.277872
0.507161 0.235589 0.100016 0.157234
0.542339 0.302417 0.155144 9.9991E-05
0.109998 0.499749 0.121354 0.268899
0.0826763 0.459424 0.4578 9.9991E-05
0.363345 0.15988 0.313663 0.163112
0.221921 0.335592 9.9991E-05 0.442387
0.26137 0.110958 0.286575 0.341097
0.114016 0.390441 9.9991E-05 0.495443
0.752438 0.0807717 0.159227 0.00756309
0.380019 0.345016 0.211672 0.0632928
0.382036 0.236718 0.0692792 0.311967
0.35123 0.322574 0.246171 0.0800247
0.0324344 0.889503 0.0779628 9.9991E-05
0.262276 0.669037 9.9991E-05 0.0685866
0.224736 0.201505 0.364706 0.209053
0.337465 0.346554 0.180753 0.135228
0.440655 0.40909 0.150155 9.9991E-05
0.589028 0.230327 0.180545 9.9991E-05
9.998E-05 9.998E-05 9.998E-05 0.9997
9.998E-05 9.998E-05 9.998E-05 0.9997
0.161796 0.248006 0.115506 0.474692
0.234694 0.535723 0.0736997 0.155884
0.283816 0.457335 0.10768 0.151169
0.760619 0.00317881 0.227161 0.00904123
0.417932 0.208655 0.217274 0.156139
0.446962 0.278834 0.167702 0.106501
0.0941358 0.421427 0.0783651 0.406072
0.0236795 0.528392 0.447829 9.9991E-05
0.0902118 0.452486 0.0138374 0.443465
9.998E-05 0.9997 9.998E-05 9.998E-05
0.155572 0.76453 0.0209077 0.0589899
0.424015 0.306002 9.9991E-05 0.269882
0.44869 0.19851 0.182438 0.170363
0.330904 0.242385 9.9991E-05 0.426611
0.415157 0.364662 0.220081 9.9991E-05
0.223904 0.211287 0.126953 0.437856
0.251156 0.327204 0.17013 0.25151
0.0827933 0.312435 0.258734 0.346038
0.286593 0.37849 0.0767177 0.258199
0.368487 0.349967 0.16554 0.116006
9.9991E-05 0.52338 0.210375 0.266145
0.372102 0.371538 0.210274 0.0460858
0.307156 0.626759 9.9991E-05 0.0659851
9.9982E-05 0.947572 0.0522277 9.9982E-05
0.0231411 0.900433 9.9991E-05 0.0763257
0.179977 0.102969 0.00143846 0.715615
0.439771 0.0739161 0.138128 0.348185
0.0296261 0.76277 0.207504 9.9991E-05
0.204535 0.555688 0.0329039 0.206873
0.325623 0.228723 0.0428015 0.402852
9.998E-05 9.998E-05 9.998E-05 0.9997
9.9991E-05 0.725197 0.0654445 0.209258
0.549871 0.0785748 0.24222 0.129334
0.225885 0.0346042 0.20889 0.530621
0.192722 0.540203 0.18286 0.084216
0.326327 9.9982E-05 9.9982E-05 0.673473
0.285831 0.582217 9.9991E-05 0.131852
0.55565 0.224089 0.0513448 0.168916
0.174466 0.514349 9.9991E-05 0.311084
0.349304 0.0913163 0.156336 0.403043
0.9997 9.998E-05 9.998E-05 9.998E-05
0.256895 0.0674584 0.222649 0.452998
9.9991E-05 0.550441 0.128903 0.320555
0.28924 0.560276 0.150385 9.9991E-05
0.130241 0.23874 0.130421 0.500597
0.177825 0.265312 0.285618 0.271246
0.215793 0.46552 0.0383459 0.28034
0.9997 9.998E-05 9.998E-05 9.998E-05
0.139534 0.483327 0.125352 0.251787
0.50522 0.267006 0.121809 0.105965
9.9982E-05 0.59723 9.9982E-05 0.402571
9.9991E-05 0.196654 0.029569 0.773677
