0.168772 9.99821E-05 0.00955944 0.372241 9.99821E-05 0.449228
0.128869 0.0268904 0.547742 0.0796788 0.15219 0.0646287
9.99731E-05 0.130937 0.347176 9.99731E-05 0.521588 9.99731E-05
0.509456 0.21657 9.99731E-05 9.99731E-05 9.99731E-05 0.273674
0.338516 9.99821E-05 0.243894 9.99821E-05 0.0379358 0.379454
0.435288 0.0831422 9.9982E-05 0.237406 9.9982E-05 0.243964
0.225487 9.99821E-05 0.170894 9.99821E-05 0.0771977 0.526222
9.99821E-05 0.00727094 0.195799 0.136202 9.99821E-05 0.660528
0.389893 0.0745772 0.307627 9.99821E-05 9.99821E-05 0.227703
9.99821E-05 0.0662308 0.28294 0.336247 0.314382 9.99821E-05
9.9982E-05 0.449958 0.16555 9.9982E-05 0.208553 0.175739
0.184234 9.99732E-05 0.421642 9.99732E-05 9.99732E-05 0.393824
0.492444 0.296738 0.0547627 9.99821E-05 9.99821E-05 0.155855
0.271989 9.9991E-05 0.286318 0.334719 0.0815349 0.025339
9.99732E-05 0.0321343 9.99732E-05 0.0781131 9.99732E-05 0.889453
0.131557 0.0324088 0.311766 9.99911E-05 0.180838 0.34333
0.0509566 0.205899 0.144689 9.99911E-05 0.0589476 0.539409
0.0725106 0.0628218 0.32325 0.412518 0.1288 9.9991E-05
0.0640554 0.12092 0.388894 9.99821E-05 9.99821E-05 0.42593
0.349538 0.0877509 9.99731E-05 0.562411 9.99731E-05 9.99731E-05
0.176057 0.148206 9.99821E-05 0.638135 0.0374021 9.99821E-05
0.345801 0.096123 0.0914567 9.99821E-05 9.99821E-05 0.466419
0.547014 0.0704605 9.9991E-05 0.0920269 0.0502408 0.240157
0.9995 9.996E-05 9.996E-05 9.996E-05 9.996E-05 9.996E-05
0.459235 0.302928 9.9991E-05 0.00184965 0.155164 0.0807237
0.382127 9.9982E-05 9.9982E-05 0.10777 0.0795171 0.430387
9.9982E-05 9.9982E-05 0.312506 0.213248 0.34054 0.133506
0.226426 0.503607 0.033529 9.99821E-05 9.99821E-05 0.236238
9.9982E-05 0.465966 0.423162 0.0372906 9.9982E-05 0.073381
9.99641E-05 9.99641E-05 9.99641E-05 9.99641E-05 0.904312 0.0952884
0.274391 0.15941 0.380724 0.185274 9.99821E-05 9.99821E-05
9.99732E-05 9.99732E-05 0.613576 0.235014 0.15111 9.99732E-05
9.99821E-05 0.163558 0.0994404 0.333186 0.403615 9.99821E-05
0.116268 0.121093 0.24758 0.0691821 0.0419872 0.403889
0.377941 0.173955 0.0360405 0.0459075 9.9991E-05 0.366057
0.0384182 9.99821E-05 0.0507575 0.792313 9.99821E-05 0.118312
0.228073 9.99911E-05 0.527107 0.201715 0.00223887 0.0407664
0.379924 0.30463 9.99821E-05 0.173099 0.142146 9.99821E-05
0.250896 0.0522552 0.427023 0.0983505 9.9991E-05 0.171375
0.0943628 0.208456 0.287689 0.336838 9.9991E-05 0.0725531
9.99642E-05 9.99642E-05 0.41216 9.99642E-05 0.58744 9.99642E-05
0.015755 9.99911E-05 0.156094 0.359598 0.207122 0.261331
0.359457 9.9982E-05 0.0444622 0.517661 9.9982E-05 0.0782203
0.140524 0.13478 0.233008 0.177559 9.9991E-05 0.314029
9.99821E-05 9.99821E-05 0.636759 0.0950171 0.121476 0.146549
0.0724692 9.9991E-05 0.226519 0.660219 0.0102949 0.0303982
9.99821E-05 9.99821E-05 0.0614661 0.2497 0.188402 0.500232
9.9982E-05 0.109991 0.626657 9.9982E-05 0.148333 0.114819
9.99821E-05 9.99821E-05 0.0758202 0.217375 0.151019 0.555586
0.0840103 9.9982E-05 0.0458324 0.501799 9.9982E-05 0.368159
0.189777 0.241195 9.9982E-05 9.9982E-05 0.0490636 0.519765
0.0429569 0.0994734 0.432934 0.228883 0.195652 9.9991E-05
9.9973E-05 9.9973E-05 0.083093 9.9973E-05 0.32873 0.587877
9.99642E-05 0.523001 9.99642E-05 9.99642E-05 9.99642E-05 0.476599
0.254112 0.0560551 0.546037 0.143595 9.99821E-05 9.99821E-05
0.0309492 0.103882 0.31509 9.99821E-05 9.99821E-05 0.549879
0.501535 0.245572 9.9991E-05 0.0315299 0.089134 0.13213
0.257491 9.99733E-05 0.556946 9.99733E-05 9.99733E-05 0.185263
0.0863088 0.217569 0.618469 0.0774529 9.9982E-05 9.9982E-05
0.276392 0.0211765 0.0454216 0.494455 9.9991E-05 0.162456
0.0327557 0.597677 0.111575 9.99821E-05 9.99821E-05 0.257792
0.364903 9.9991E-05 0.385599 0.0329209 0.187015 0.0294622
9.9982E-05 0.023584 0.671794 9.9982E-05 0.107422 0.197001
0.103244 0.159829 0.0681269 0.0374501 0.63125 9.9991E-05
9.99732E-05 9.99732E-05 9.99732E-05 0.0641837 0.195217 0.740299
9.9991E-05 0.0345171 0.369241 0.189684 0.240198 0.16626
0.367207 9.99731E-05 9.99731E-05 0.350708 9.99731E-05 0.281785
0.0214159 9.99821E-05 0.532593 0.0968388 9.99821E-05 0.348952
9.99821E-05 0.0612889 0.0203376 0.176309 9.99821E-05 0.741864
9.99821E-05 0.0251671 9.99821E-05 0.558356 0.27906 0.137216
0.164795 0.0127946 0.576094 9.9991E-05 0.00501347 0.241202
0.212232 9.99821E-05 0.197447 9.99821E-05 0.201196 0.388925
0.387891 0.0208673 0.590942 9.99733E-05 9.99733E-05 9.99733E-05
9.99732E-05 9.99732E-05 0.287005 0.104007 9.99732E-05 0.608688
0.459686 0.109573 9.99732E-05 9.99732E-05 9.99732E-05 0.430441
0.112274 9.99821E-05 0.650278 0.223002 9.99821E-05 0.0142457
0.437779 9.99644E-05 9.99644E-05 9.99644E-05 9.99644E-05 0.561821
9.99821E-05 0.352258 0.452492 9.99821E-05 0.113253 0.0817979
0.0360922 0.65708 0.0537161 9.9982E-05 9.9982E-05 0.252912
9.99821E-05 0.366618 0.459055 0.0702262 9.99821E-05 0.1039
9.99732E-05 0.152661 0.399847 9.99732E-05 9.99732E-05 0.447192
0.508055 0.122327 9.99821E-05 0.130084 9.99821E-05 0.239334
0.3324 0.034528 9.99732E-05 0.632772 9.99732E-05 9.99732E-05
0.177399 0.199881 0.0387084 0.328912 0.150852 0.104247
0.183026 9.9982E-05 0.345003 9.9982E-05 0.157538 0.314233
0.140386 9.9991E-05 0.3164 0.210705 0.0590954 0.273314
9.99642E-05 9.99642E-05 0.411107 0.588493 9.99642E-05 9.99642E-05
0.744313 9.99731E-05 9.99731E-05 9.99731E-05 0.164165 0.0912215
0.0240329 0.445546 9.99911E-05 0.107495 0.0644916 0.358335
0.0196359 0.189804 0.10601 0.213025 0.110909 0.360616
0.0831104 9.99732E-05 9.99732E-05 9.99732E-05 0.755025 0.161565
0.40681 9.99732E-05 9.99732E-05 0.577057 0.0158328 9.99732E-05
0.223421 9.99911E-05 0.142924 0.151004 0.151495 0.331056
0.341659 0.161811 0.27338 0.143204 0.079846 9.9991E-05
9.9982E-05 9.9982E-05 0.4518 0.235063 0.177552 0.135384
0.280692 0.11695 0.498318 0.103839 9.99821E-05 9.99821E-05
0.384184 9.99821E-05 9.99821E-05 0.471663 0.0697634 0.0741888
9.9991E-05 0.00127593 0.255514 0.229836 0.120473 0.392801
0.394201 9.9991E-05 0.00705034 0.120438 0.278684 0.199526
0.828876 9.99641E-05 9.99641E-05 9.99641E-05 0.170725 9.99641E-05
0.619454 0.0639618 0.316285 9.99733E-05 9.99733E-05 9.99733E-05
0.379666 0.0217336 9.99731E-05 9.99731E-05 0.5983 9.99731E-05
0.0787058 0.361956 0.143601 0.17521 0.240428 9.99911E-05
0.0609016 0.871368 9.99731E-05 9.99731E-05 0.0674307 9.99731E-05
0.0519749 9.9982E-05 0.0951457 0.391164 9.9982E-05 0.461515
0.213512 9.99821E-05 0.125419 0.0983827 9.99821E-05 0.562487
0.0395293 9.99821E-05 0.328829 0.401535 9.99821E-05 0.229907
9.99821E-05 0.238729 9.99821E-05 0.118538 0.0377146 0.604819
9.99732E-05 0.0498183 9.99732E-05 0.341012 9.99732E-05 0.608869
9.99821E-05 0.318532 0.0159716 0.438701 0.226596 9.99821E-05
0.0967564 9.99911E-05 0.147582 0.217325 0.339741 0.198496
0.187315 0.0944942 9.9991E-05 0.0918437 0.0605864 0.565661
0.0898329 9.99731E-05 9.99731E-05 0.355236 0.554631 9.99731E-05
0.0500936 0.333246 0.10275 9.99821E-05 9.99821E-05 0.513711
0.363009 9.99641E-05 9.99641E-05 9.99641E-05 0.636591 9.99641E-05
9.99732E-05 0.334908 0.370114 9.99732E-05 9.99732E-05 0.294678
0.0532931 9.99821E-05 0.44138 0.164779 9.99821E-05 0.340348
0.136809 9.99911E-05 0.405425 0.00103258 0.0309528 0.425681
9.99821E-05 0.250106 0.482727 9.99821E-05 0.223073 0.0438942
0.480843 0.0675314 9.99731E-05 0.451325 9.99731E-05 9.99731E-05
0.667897 9.99821E-05 9.99821E-05 0.0559215 0.161529 0.114452
0.692505 9.99642E-05 9.99642E-05 0.307095 9.99642E-05 9.99642E-05
9.99731E-05 0.317513 9.99731E-05 0.176603 9.99731E-05 0.505584
0.146243 9.99821E-05 9.99821E-05 0.668667 0.0779703 0.106919
9.99821E-05 0.297409 0.0408326 9.99821E-05 0.183243 0.478315
0.0763122 0.097789 0.0788579 9.9991E-05 0.0718576 0.675083
9.99731E-05 9.99731E-05 0.184952 0.296536 0.518212 9.99731E-05
0.225636 0.0738962 0.313253 0.18724 9.9991E-05 0.199875
9.99732E-05 0.28042 9.99732E-05 0.528971 0.190309 9.99732E-05
0.229271 0.0537415 9.99911E-05 0.295129 0.250085 0.171673
0.0121137 0.0333899 0.583411 0.243814 9.99911E-05 0.127172
0.30798 0.0701185 0.244056 0.207315 0.0529827 0.117548
9.99821E-05 0.243507 0.360844 0.0363312 9.99821E-05 0.359119
9.99731E-05 0.206219 0.318322 0.475159 9.99731E-05 9.99731E-05
9.99821E-05 9.99821E-05 0.288284 0.63439 0.0645248 0.0126019
9.99641E-05 9.99641E-05 9.99641E-05 0.86766 9.99641E-05 0.13194
9.99732E-05 0.00266881 9.99732E-05 0.753626 9.99732E-05 0.243406
9.99821E-05 0.34605 9.99821E-05 0.357006 0.0524367 0.244307
0.138518 0.301383 0.388142 0.0889247 9.99911E-05 0.0829312
9.99731E-05 0.144799 9.99731E-05 0.157267 9.99731E-05 0.697634
0.12405 0.425764 0.449887 9.99732E-05 9.99732E-05 9.99732E-05
0.680793 0.157759 0.0788262 0.0824214 9.99821E-05 9.99821E-05
9.9991E-05 0.0540501 0.278756 0.271066 0.218261 0.177767
0.0231791 0.249533 9.99911E-05 0.359944 0.327857 0.0393875
0.547303 0.0144556 9.99821E-05 9.99821E-05 0.0112068 0.426834
0.294047 0.0842835 9.9982E-05 0.0850767 9.9982E-05 0.536393
0.0394833 9.99641E-05 0.960117 9.99641E-05 9.99641E-05 9.99641E-05
0.19697 0.180841 9.9991E-05 0.529606 0.039045 0.0534383
0.750044 9.99732E-05 9.99732E-05 0.234832 0.0148243 9.99732E-05
9.99732E-05 0.0957838 0.867147 0.0367694 9.99732E-05 9.99732E-05
0.345744 0.277333 0.151654 9.99821E-05 9.99821E-05 0.225069
9.99731E-05 9.99731E-05 0.716209 9.99731E-05 0.0341979 0.249293
0.182905 9.99821E-05 0.162891 0.434338 9.99821E-05 0.219666
0.304165 0.17767 0.185382 0.161567 0.0445498 0.126665
0.912928 9.99643E-05 9.99643E-05 0.0866724 9.99643E-05 9.99643E-05
9.99732E-05 0.177641 0.49441 0.327649 9.99732E-05 9.99732E-05
0.258699 0.554654 0.139697 0.0467509 9.99821E-05 9.99821E-05
9.99911E-05 0.237623 0.120576 0.372585 0.199059 0.0700575
0.0749382 9.99732E-05 9.99732E-05 0.0326972 9.99732E-05 0.892065
0.301837 0.0822914 9.99911E-05 0.161846 0.128176 0.32575
9.996E-05 9.996E-05 0.9995 9.996E-05 9.996E-05 9.996E-05
9.99821E-05 9.99821E-05 0.157941 0.242772 0.00353647 0.59555
0.302223 0.162839 0.311008 0.0533045 9.9991E-05 0.170526
9.99821E-05 0.0339435 0.581747 9.99821E-05 0.0812715 0.302838
9.99733E-05 9.99733E-05 0.581824 0.0366446 9.99733E-05 0.381231
0.409527 9.9982E-05 0.102547 0.162057 9.9982E-05 0.32567
0.0129753 0.395336 9.99911E-05 0.137541 0.0332141 0.420833
9.99822E-05 0.121909 0.141451 0.647999 9.99822E-05 0.0884414
0.41216 9.99733E-05 0.57402 0.01352 9.99733E-05 9.99733E-05
0.367716 0.176493 0.278894 0.154727 0.0220699 9.9991E-05
9.99642E-05 0.29565 9.99642E-05 9.99642E-05 9.99642E-05 0.70395
0.0653665 0.312748 0.197604 0.045157 9.9991E-05 0.379025
0.0749512 0.0760046 0.660871 0.187973 9.99821E-05 9.99821E-05
0.493425 0.0117869 9.99821E-05 0.233744 9.99821E-05 0.260844
0.146712 0.147685 9.9991E-05 0.00988847 0.0114601 0.684155
9.99643E-05 0.0730368 9.99643E-05 9.99643E-05 9.99643E-05 0.926563
0.486325 9.99821E-05 9.99821E-05 0.230935 0.100075 0.182464
0.012492 0.816099 9.99732E-05 0.171109 9.99732E-05 9.99732E-05
0.303327 0.349442 9.99821E-05 0.238489 9.99821E-05 0.108542
9.99911E-05 0.263025 0.34299 0.0526359 0.182206 0.159044
0.189065 9.99732E-05 0.278624 0.532011 9.99732E-05 9.99732E-05
0.153564 0.0205617 0.0234275 0.498166 0.0060154 0.298265
0.346824 9.9982E-05 0.00168239 0.0656248 9.9982E-05 0.585669
0.314187 0.0807237 9.99733E-05 9.99733E-05 9.99733E-05 0.604789
9.996E-05 0.9995 9.996E-05 9.996E-05 9.996E-05 9.996E-05
0.134137 9.99732E-05 0.339984 9.99732E-05 9.99732E-05 0.525579
0.270502 9.9991E-05 0.433854 0.157459 0.0154077 0.122678
0.58045 0.360297 0.058953 9.99732E-05 9.99732E-05 9.99732E-05
0.550807 0.0319583 0.10085 0.316185 9.99821E-05 9.99821E-05
