0.754312 9.99549E-05 9.99549E-05 0.0478303 9.99549E-05 9.99549E-05 0.128367 0.0689909 9.99549E-05
0.337915 0.0301037 0.268993 9.9991E-05 0.0580296 0.0339784 0.165991 0.0667824 0.0381073
0.104251 0.00508667 9.99819E-05 0.0206681 9.99819E-05 0.0614753 0.458403 0.210846 0.139069
0.335213 0.0316209 9.9982E-05 0.102716 0.0560625 0.0392903 9.9982E-05 0.389182 0.0457154
0.0265946 0.112368 0.30179 0.0533863 0.0320666 0.087192 0.0644268 0.322077 9.9991E-05
9.9964E-05 0.0849416 0.0421873 0.0834631 9.9964E-05 0.0425371 9.9964E-05 0.746471 9.9964E-05
0.137115 0.0130175 0.111675 9.9973E-05 9.9973E-05 0.110977 0.360734 0.266182 9.9973E-05
0.0901303 9.9991E-05 0.163757 0.00573426 0.0662028 0.0707349 0.314872 0.050174 0.238295
0.00841502 0.154562 0.227905 9.9973E-05 0.170759 9.9973E-05 0.219154 0.218905 9.9973E-05
0.109243 0.00152558 0.183381 0.214641 0.168279 0.0283019 0.294428 9.9982E-05 9.9982E-05
9.9946E-05 0.967947 9.9946E-05 0.0258615 9.9946E-05 9.9946E-05 9.9946E-05 9.9946E-05 0.00559134
9.99639E-05 0.0518596 0.616362 9.99639E-05 0.086732 0.0509696 0.193677 9.99639E-05 9.99639E-05
9.9973E-05 0.231367 9.9973E-05 0.0960815 9.9973E-05 0.0876158 0.239215 0.328569 0.0168513
0.136706 0.0230016 0.466821 0.0907733 0.0879012 0.0226437 9.9991E-05 0.0742005 0.0978525
9.99549E-05 0.825853 0.0153704 9.99549E-05 9.99549E-05 0.047367 9.99549E-05 9.99549E-05 0.11091
0.123927 0.015136 0.221402 9.9982E-05 0.0878739 0.107504 9.9982E-05 0.129961 0.313997
0.0237736 0.883429 0.00115841 0.0590961 9.9964E-05 9.9964E-05 9.9964E-05 9.9964E-05 0.0321428
0.145649 0.154652 9.9991E-05 0.0629942 0.230127 0.145543 0.0239745 0.103652 0.133308
0.063119 0.06535 0.30169 9.9982E-05 9.9982E-05 0.0583942 0.171084 0.315082 0.0250807
0.190391 0.139039 9.9991E-05 0.0268781 0.119169 0.111445 0.114177 0.281509 0.0172915
0.196689 0.0986604 9.99729E-05 0.087575 9.99729E-05 0.0548657 0.365872 0.196038 9.99729E-05
0.184631 0.142088 0.00310603 0.00778706 9.9991E-05 0.0189939 0.501482 0.0942007 0.0476108
0.12431 0.0601216 0.0316683 0.0438335 9.9991E-05 0.168193 0.24384 0.311819 0.0161154
0.0897849 9.9982E-05 0.0236215 9.9982E-05 0.12751 0.0681918 0.0560219 0.476184 0.158486
9.9937E-05 0.976425 9.9937E-05 0.0228758 9.9937E-05 9.9937E-05 9.9937E-05 9.9937E-05 9.9937E-05
0.356131 0.192811 0.0189294 9.9973E-05 0.108624 9.9973E-05 9.9973E-05 0.203874 0.119331
9.9973E-05 9.9973E-05 0.114635 0.101122 0.0502891 0.104561 0.54461 9.9973E-05 0.0844825
0.142498 0.110143 9.9991E-05 0.0693838 0.0330928 0.0514915 0.18292 0.281664 0.128707
0.0836389 0.217917 9.9982E-05 0.00839865 0.178354 9.9982E-05 0.162525 0.346499 0.00246702
0.092656 9.99819E-05 0.248586 0.000155869 0.507707 0.0384228 0.0505009 9.99819E-05 0.0617718
9.9982E-05 0.52665 0.301542 0.0228638 0.0669678 0.0110049 9.9982E-05 0.041454 0.0293174
0.0369792 9.9982E-05 9.9982E-05 0.106598 0.109269 0.0234082 0.549353 0.158556 0.0156364
0.0794091 0.0616005 0.191163 9.9982E-05 0.022366 0.0917472 0.0775737 0.475941 9.9982E-05
0.0191456 0.0586764 0.00537979 0.111491 9.9991E-05 0.1109 0.0973287 0.408765 0.188213
0.204251 0.225785 0.272248 0.048659 9.9973E-05 0.1054 9.9973E-05 0.143357 9.9973E-05
0.978093 9.9937E-05 9.9937E-05 9.9937E-05 9.9937E-05 0.0212079 9.9937E-05 9.9937E-05 9.9937E-05
0.208228 9.9982E-05 0.0161794 0.148032 0.0359409 0.0282239 9.9982E-05 0.505805 0.0573899
0.247158 0.378751 9.9964E-05 0.0303531 0.117217 9.9964E-05 0.22612 9.9964E-05 9.9964E-05
9.9982E-05 0.0780816 0.408687 0.104751 0.0562976 0.00120385 9.9982E-05 0.287061 0.0637182
0.106647 0.195455 0.150569 0.0565034 9.9982E-05 0.118802 9.9982E-05 0.184065 0.187759
9.9973E-05 0.094712 9.9973E-05 0.0201507 9.9973E-05 0.0429646 0.792536 0.0144688 0.0348676
0.121698 9.9982E-05 9.9982E-05 0.172387 0.0624433 0.0224084 0.290864 0.230277 0.0997236
0.223466 9.9991E-05 0.0018784 0.0648453 0.0205223 0.0701207 0.237822 0.261478 0.119768
0.348987 0.15973 0.125154 9.9973E-05 0.127961 9.9973E-05 0.219396 0.0184715 9.9973E-05
9.9955E-05 9.9955E-05 0.0482773 9.9955E-05 9.9955E-05 0.0349985 0.869433 9.9955E-05 0.0467917
0.200152 9.9964E-05 0.315351 0.190657 9.9964E-05 0.0456918 9.9964E-05 0.247749 9.9964E-05
0.155047 0.0330198 0.153623 9.9982E-05 0.169719 0.040931 9.9982E-05 0.399149 0.0483113
0.0240488 9.9973E-05 0.151406 9.9973E-05 0.13753 9.9973E-05 0.0554426 0.53475 0.0965228
9.9964E-05 0.173639 9.9964E-05 9.9964E-05 9.9964E-05 0.0809107 0.37065 0.271097 0.103304
0.0723299 0.197366 0.190745 9.9991E-05 0.117 0.076867 0.0271244 0.200516 0.117952
0.175407 0.275067 0.27453 0.0601311 0.0681463 0.076554 0.00313432 9.9991E-05 0.06693
9.9973E-05 9.9973E-05 0.52345 0.00565769 0.127079 0.0957393 9.9973E-05 0.182033 0.0657413
9.9982E-05 9.9982E-05 0.129233 0.0254292 0.0613495 0.0234429 0.072166 0.0982886 0.589891
9.9973E-05 9.9973E-05 9.9973E-05 0.185717 0.0498026 0.0307511 0.283386 0.244943 0.2051
9.9955E-05 9.9955E-05 0.370655 9.9955E-05 0.108434 9.9955E-05 0.460854 9.9955E-05 0.0595573
0.0393861 9.9982E-05 0.189828 0.0539997 0.102947 0.0893364 9.9982E-05 0.519583 0.00472002
0.0789666 9.99551E-05 0.427021 9.99551E-05 0.0368693 9.99551E-05 0.456644 9.99551E-05 9.99551E-05
0.146459 0.0830049 0.191762 0.000186661 0.0622915 0.00161953 0.265715 0.248861 9.9991E-05
0.083317 0.13451 0.200593 0.068576 0.0163056 0.0408451 9.9991E-05 0.371135 0.0846183
0.114588 0.0119361 0.389258 0.0954601 9.9982E-05 0.0179558 0.317578 0.0530246 9.9982E-05
9.9964E-05 9.9964E-05 9.9964E-05 9.9964E-05 0.00996191 0.0755574 0.00395158 0.8508 0.0593292
9.9973E-05 0.310515 0.0687186 0.0595878 9.9973E-05 0.104682 9.9973E-05 0.445458 0.0107389
0.12245 0.196148 0.053007 9.9991E-05 0.00189322 0.0587228 0.172051 0.362672 0.0329564
0.0379015 9.9955E-05 9.9955E-05 0.00257674 0.902952 0.0560699 9.9955E-05 9.9955E-05 9.9955E-05
0.382095 0.0196849 0.0111959 0.148199 9.9973E-05 9.9973E-05 9.9973E-05 0.309645 0.128881
0.995563 9.9946E-05 9.9946E-05 0.000223258 9.9946E-05 9.9946E-05 9.9946E-05 9.9946E-05 0.00361401
0.271832 0.0890215 9.9991E-05 0.135166 0.0324707 0.0616119 0.266394 0.129652 0.0137516
9.9964E-05 0.178894 9.9964E-05 9.9964E-05 0.02456 0.0655236 0.135613 0.59501 9.9964E-05
0.189654 0.336812 9.9973E-05 9.9973E-05 0.0152346 0.0406664 9.9973E-05 0.360409 0.0569232
0.0565651 9.9973E-05 9.9973E-05 9.9973E-05 0.149661 0.0816849 0.290494 0.251116 0.170179
9.9955E-05 9.9955E-05 0.554469 0.10377 9.9955E-05 0.011927 0.329334 9.9955E-05 9.9955E-05
0.190171 0.202297 9.9982E-05 9.9982E-05 0.00654307 0.103181 0.24037 0.149575 0.107662
0.00879498 0.427511 0.187799 9.9991E-05 0.0740498 0.145555 0.0347844 0.117015 0.00439102
9.9982E-05 0.302627 9.9982E-05 0.0977853 0.0451403 0.0245394 0.223412 0.189843 0.116453
0.0474345 0.0810928 0.0203702 0.150187 0.0842693 9.9982E-05 0.554418 9.9982E-05 0.0620287
9.9973E-05 9.9973E-05 0.626365 0.1007 0.0182234 0.0124289 0.0205359 9.9973E-05 0.221447
9.99551E-05 9.99551E-05 9.99551E-05 0.00799308 9.99551E-05 0.106366 0.291243 0.593898 9.99551E-05
9.9973E-05 0.111771 0.0858324 0.0250648 9.9973E-05 0.0848655 9.9973E-05 0.639732 0.052435
9.9955E-05 9.9955E-05 0.10821 0.00805146 9.9955E-05 9.9955E-05 9.9955E-05 0.823632 0.0596066
9.9982E-05 0.0486166 0.0564821 9.9982E-05 0.062528 0.0654646 0.107361 0.585312 0.0740354
0.202774 0.0979542 0.150181 0.00742347 0.0379325 0.0468386 0.25514 0.150342 0.0514146
0.214836 0.194699 0.00520945 0.0531779 0.0120029 0.0583935 9.9982E-05 0.461482 9.9982E-05
0.0515113 9.9991E-05 0.309545 0.0690071 0.192156 0.0174818 0.11182 0.218429 0.0299498
9.9982E-05 0.331613 0.0642201 0.0118939 0.0817904 0.0821374 9.9982E-05 0.175629 0.252517
9.99641E-05 9.99641E-05 0.0882773 0.0733522 9.99641E-05 0.0598653 0.24019 0.537915 9.99641E-05
0.186797 9.9982E-05 0.251376 0.0624644 9.9982E-05 0.0422236 0.310603 0.0526523 0.0936841
0.718913 9.99639E-05 0.0798325 9.99639E-05 0.0291368 0.0523828 9.99639E-05 0.119335 9.99639E-05
9.99371E-05 9.99371E-05 0.962355 9.99371E-05 9.99371E-05 0.036945 9.99371E-05 9.99371E-05 9.99371E-05
0.130487 0.249809 9.9982E-05 9.9982E-05 0.140687 0.0573264 0.257474 0.0761848 0.0878312
0.182294 0.257767 9.9964E-05 9.9964E-05 9.9964E-05 0.0414357 0.479996 0.0381073 9.9964E-05
0.0255994 9.99459E-05 9.99459E-05 0.034022 0.939779 9.99459E-05 9.99459E-05 9.99459E-05 9.99459E-05
9.9964E-05 0.213992 0.0791402 0.0797077 9.9964E-05 0.0312005 0.59556 9.9964E-05 9.9964E-05
0.298067 0.0133127 9.9973E-05 0.0531572 9.9973E-05 0.103223 9.9973E-05 0.487936 0.0440042
0.0317623 0.329994 0.343611 9.9982E-05 0.00133402 0.038625 0.114661 9.9982E-05 0.139813
0.241109 0.0609283 9.9973E-05 0.127947 9.9973E-05 0.0434865 9.9973E-05 0.509184 0.0170446
0.228225 0.0881802 9.9982E-05 0.0367253 0.104132 9.9982E-05 0.0988665 0.387143 0.0565291
0.180045 0.00292541 9.9955E-05 9.9955E-05 9.9955E-05 9.9955E-05 0.758778 9.9955E-05 0.0577523
9.99551E-05 0.0237868 9.99551E-05 0.149925 0.0457431 9.99551E-05 9.99551E-05 0.780045 9.99551E-05
0.0507633 0.260893 9.9973E-05 9.9973E-05 0.522378 0.057393 0.0486847 0.0595889 9.9973E-05
0.011017 0.316532 9.9982E-05 9.9982E-05 0.199491 0.00604352 0.169346 0.283293 0.0140777
0.131419 0.189232 0.0295295 0.0191285 0.16619 0.0448183 0.0264821 0.3931 9.999E-05
9.993E-05 9.993E-05 9.993E-05 9.993E-05 0.999201 9.993E-05 9.993E-05 9.993E-05 9.993E-05
9.9973E-05 0.403391 0.0971374 0.112408 9.9973E-05 0.00591429 9.9973E-05 0.217714 0.163135
9.99369E-05 9.99369E-05 0.00227274 0.997028 9.99369E-05 9.99369E-05 9.99369E-05 9.99369E-05 9.99369E-05
0.39209 0.222471 0.187231 0.108412 0.0557084 9.9973E-05 9.9973E-05 9.9973E-05 0.0337886
0.167827 0.189117 0.298462 9.9973E-05 0.0610448 9.9973E-05 0.122531 9.9973E-05 0.160719
0.121773 0.161955 0.221632 9.9982E-05 9.9982E-05 0.000383928 0.185638 0.189877 0.118541
0.0806644 9.9982E-05 0.00788131 0.083297 9.9982E-05 0.109299 0.456503 0.244901 0.0172538
9.9991E-05 0.0449294 0.552956 0.0584406 0.128799 0.0466932 0.079523 0.0539165 0.0346427
0.230747 0.154885 0.0869344 9.9982E-05 9.9982E-05 0.0537281 0.206701 0.229341 0.0374626
0.148302 0.19804 0.00116932 0.142983 9.9982E-05 0.0415705 0.06641 0.401326 9.9982E-05
9.9973E-05 0.113032 0.0828183 9.9973E-05 0.168814 0.059917 0.321785 0.253334 9.9973E-05
0.142374 0.118361 0.136744 0.0544287 0.0664725 0.030018 0.141865 0.177945 0.131792
9.9973E-05 0.107275 9.9973E-05 9.9973E-05 0.452996 0.0321401 0.0198144 0.361404 0.0260705
0.202456 9.99549E-05 9.99549E-05 9.99549E-05 9.99549E-05 9.99549E-05 0.40021 0.354303 0.0425311
9.993E-05 9.993E-05 9.993E-05 9.993E-05 0.999201 9.993E-05 9.993E-05 9.993E-05 9.993E-05
0.208555 0.340803 9.9973E-05 0.130403 9.9973E-05 0.0089062 9.9973E-05 0.168854 0.142179
0.45817 9.9982E-05 0.125607 0.0730175 0.0167465 0.0635148 0.235093 9.9982E-05 0.0276504
9.9982E-05 9.9982E-05 0.145148 0.0153972 0.0639033 0.00610439 0.30345 0.420106 0.0456912
0.186432 0.254522 0.277127 9.9973E-05 0.0564349 0.0517592 0.173426 9.9973E-05 9.9973E-05
0.176446 0.0176459 9.999E-05 0.101791 0.0926578 0.0949409 0.0997076 0.342395 0.0743161
0.0139079 0.180075 9.9973E-05 0.00500527 0.315604 0.0927701 9.9973E-05 0.392338 9.9973E-05
9.9991E-05 0.0593508 0.0464668 0.0600598 0.130786 0.0779503 0.186522 0.357168 0.0815961
9.9964E-05 0.127692 0.38287 0.0778108 9.9964E-05 9.9964E-05 9.9964E-05 0.230148 0.181079
9.9991E-05 0.104663 0.120642 0.00566045 0.21525 0.0798461 0.411065 0.0524893 0.0102843
9.99461E-05 0.15658 0.417584 9.99461E-05 9.99461E-05 9.99461E-05 9.99461E-05 0.425236 9.99461E-05
0.203505 0.488049 9.9964E-05 9.9964E-05 9.9964E-05 0.0693437 0.179574 0.059129 9.9964E-05
0.00476497 9.9982E-05 9.9982E-05 0.141232 0.108199 0.106672 0.250452 0.385922 0.00255808
0.127876 9.9964E-05 0.58033 0.00936 9.9964E-05 9.9964E-05 9.9964E-05 0.272609 0.00942444
0.244869 0.300892 0.190619 9.9964E-05 0.123775 9.9964E-05 0.139446 9.9964E-05 9.9964E-05
0.369629 0.0791523 9.9973E-05 9.9973E-05 0.0501644 0.0294465 0.1809 0.290408 9.9973E-05
0.00637833 9.9973E-05 0.0730954 0.0621122 0.022747 0.0901569 9.9973E-05 0.74521 9.9973E-05
0.0136621 0.0229885 0.541888 9.9973E-05 0.344139 0.00981258 9.9973E-05 0.0672096 9.9973E-05
9.9982E-05 0.110131 0.0451447 9.9982E-05 0.191291 0.0502297 0.297083 0.239992 0.0659285
0.103882 0.0631697 0.0452728 0.043737 0.0474883 9.9982E-05 0.140708 0.555543 9.9982E-05
9.9982E-05 0.130859 0.222382 0.0696603 0.0697306 0.062024 0.0619759 0.383168 9.9982E-05
9.99369E-05 9.99369E-05 0.14818 9.99369E-05 9.99369E-05 9.99369E-05 9.99369E-05 9.99369E-05 0.85112
9.993E-05 9.993E-05 9.993E-05 9.993E-05 9.993E-05 9.993E-05 9.993E-05 9.993E-05 0.999201
0.138584 0.024225 0.235405 9.9991E-05 0.0837875 0.0437965 0.426107 0.00527268 0.042723
9.9973E-05 0.162315 9.9973E-05 0.0944494 9.9973E-05 0.0738079 0.155087 0.456081 0.0579594
9.9973E-05 9.9973E-05 0.37148 0.0847664 0.0308641 0.0185958 0.268512 0.225482 9.9973E-05
9.9964E-05 0.512703 0.280967 0.0496994 9.9964E-05 0.0717041 9.9964E-05 9.9964E-05 0.0845264
9.9982E-05 0.0816019 0.390872 0.0563564 0.0529417 0.00316113 0.0552205 0.359647 9.9982E-05
0.0518216 9.9973E-05 0.0680168 0.0280113 9.9973E-05 0.0987466 0.525094 0.22801 9.9973E-05
9.9982E-05 0.0758889 9.9982E-05 0.0324274 0.0278784 0.0779531 0.117923 0.578104 0.0896254
0.129276 9.9982E-05 9.9982E-05 0.0487027 0.275241 0.123285 0.238713 0.156607 0.0279744
0.0337599 0.048592 0.126921 0.0365989 9.9991E-05 0.0241503 0.54903 0.172106 0.00874177
9.993E-05 9.993E-05 9.993E-05 9.993E-05 9.993E-05 0.999201 9.993E-05 9.993E-05 9.993E-05
0.611802 9.9973E-05 9.9973E-05 0.0816341 9.9973E-05 0.0365594 0.200303 0.0341899 0.0352122
0.142138 9.9973E-05 9.9973E-05 0.277703 9.9973E-05 0.016072 0.132293 0.206225 0.225269
0.0472643 0.186102 0.60654 0.0768473 9.9982E-05 0.00111203 0.0629374 0.0189975 9.9982E-05
0.148754 0.0333914 0.172879 0.135465 9.9991E-05 0.0952056 0.161276 0.199869 0.0530604
0.0651389 0.0367997 0.497624 0.00515771 0.0790464 0.135605 0.145473 9.9991E-05 0.035056
9.9982E-05 0.0119074 0.0268901 0.0157797 9.9982E-05 0.0799902 0.649011 0.0763244 0.139898
0.154044 0.0298866 0.726955 9.99639E-05 0.0396269 0.0490877 9.99639E-05 9.99639E-05 9.99639E-05
0.081571 0.125951 0.063349 0.0180681 0.242263 0.0779997 0.161307 0.107401 0.12209
0.199124 0.0676288 0.0187877 9.9973E-05 9.9973E-05 0.0607406 0.267442 0.385977 9.9973E-05
0.0438304 0.263722 0.0331108 0.0246261 0.0671047 0.0805084 0.0735258 0.387625 0.0259463
0.730286 9.9955E-05 9.9955E-05 9.9955E-05 0.131995 9.9955E-05 9.9955E-05 0.076597 0.0606214
0.12945 0.242979 0.00558965 0.0358114 0.14395 0.0355905 0.0471288 0.359401 9.9991E-05
0.189727 0.403584 0.0624975 0.0701748 0.0110168 0.0924115 0.0146915 0.155796 9.9991E-05
9.993E-05 9.993E-05 9.993E-05 9.993E-05 9.993E-05 0.999201 9.993E-05 9.993E-05 9.993E-05
0.0851185 0.160321 0.2912 0.0113787 9.9982E-05 0.388851 9.9982E-05 0.0195005 0.0434311
0.0835865 9.9982E-05 9.9982E-05 0.0633298 0.0104031 0.0229686 0.481195 0.0790032 0.259314
0.0627591 9.9991E-05 0.28412 0.0300875 0.0341226 0.0995593 0.451428 0.0290747 0.00874952
0.854316 9.9955E-05 9.9955E-05 0.0217493 9.9955E-05 0.0361878 0.0872471 9.9955E-05 9.9955E-05
0.137358 0.154826 0.053476 9.9982E-05 9.9982E-05 0.0297609 0.196669 0.363547 0.0641632
9.9982E-05 0.051319 0.656305 0.0478211 9.9982E-05 0.0343424 0.0799674 0.0699752 0.06007
9.993E-05 9.993E-05 9.993E-05 9.993E-05 9.993E-05 9.993E-05 9.993E-05 9.993E-05 0.999201
0.1788 0.212549 0.240285 9.9991E-05 0.107479 0.10071 0.0888215 0.0405311 0.0307243
0.0270991 0.23999 0.343323 9.9973E-05 0.113291 9.9973E-05 9.9973E-05 0.241207 0.0347896
0.0266859 9.9991E-05 0.0907882 0.17363 0.0642515 0.05315 0.181172 0.268383 0.141839
0.289657 0.0655783 0.00874306 0.00460587 0.0506398 0.108767 9.9991E-05 0.417405 0.054504
9.9955E-05 9.9955E-05 0.503518 9.9955E-05 9.9955E-05 0.015245 0.0980486 9.9955E-05 0.382688
0.240871 0.00795198 0.118215 0.015883 9.9991E-05 0.176058 0.0700425 0.345395 0.0254834
9.9964E-05 9.9964E-05 0.342886 0.0964886 9.9964E-05 9.9964E-05 0.109228 0.428494 0.022504
0.11823 0.235217 0.559897 9.9973E-05 9.9973E-05 0.0586752 9.9973E-05 0.016366 0.011315
0.174438 0.0221787 0.515439 0.082474 0.0489184 9.9982E-05 9.9982E-05 0.0540542 0.102298
9.99369E-05 9.99369E-05 9.99369E-05 0.968246 9.99369E-05 9.99369E-05 9.99369E-05 9.99369E-05 0.0310542
9.9955E-05 9.9955E-05 9.9955E-05 0.0962147 9.9955E-05 9.9955E-05 0.596781 0.247879 0.0586248
9.9946E-05 0.919732 9.9946E-05 9.9946E-05 0.0751155 0.00455325 9.9946E-05 9.9946E-05 9.9946E-05
0.183395 0.435391 0.101141 9.9973E-05 0.0613064 0.09252 0.125946 9.9973E-05 9.9973E-05
0.179997 0.154558 9.9982E-05 0.0010953 0.0132386 0.0608978 0.391576 9.9982E-05 0.198437
0.348984 0.0566004 9.9964E-05 9.9964E-05 0.205505 9.9964E-05 0.128249 0.260262 9.9964E-05
0.297937 0.0970668 0.31374 9.9982E-05 0.0910449 0.0225682 9.9982E-05 0.0206495 0.156793
9.993E-05 9.993E-05 9.993E-05 0.999201 9.993E-05 9.993E-05 9.993E-05 9.993E-05 9.993E-05
0.15807 0.0613378 0.27416 9.9982E-05 9.9982E-05 0.085953 0.0727406 0.339092 0.0084469
0.263142 0.0354661 0.387175 0.119627 0.0152382 0.121083 9.9982E-05 9.9982E-05 0.0580682
0.127263 0.124855 0.0975124 0.00348623 0.0200599 0.0400611 0.270644 0.316018 9.9991E-05
0.0665837 9.9973E-05 0.287506 9.9973E-05 0.0711512 0.0165668 0.432762 9.9973E-05 0.12513
