0.0425369 0.0218638 9.9991E-05 0.0888188 0.0624961 0.75398 0.0302045
0.11747 9.9991E-05 0.122836 0.465401 0.0116339 0.171882 0.110678
0.109081 0.101597 0.118137 0.314649 0.136243 0.0684117 0.15188
9.9982E-05 0.106016 9.9982E-05 0.430573 0.116798 0.332407 0.0140062
0.147851 0.186181 9.9982E-05 0.549211 0.0778143 9.9982E-05 0.038743
0.119566 0.133697 0.00525008 0.590045 0.150254 0.00108758 9.9991E-05
0.030597 0.123648 9.9991E-05 0.391084 0.0139585 0.341333 0.0992793
0.219014 0.052435 0.209232 0.258029 9.9991E-05 0.139843 0.121348
0.663141 0.147579 0.0109218 0.0732362 0.0124696 9.9991E-05 0.0925521
0.0528191 0.152035 9.9991E-05 0.038919 0.284564 0.276733 0.194829
0.280516 0.0915459 9.9991E-05 0.192665 0.244422 0.188395 0.00235623
0.657278 0.176617 9.9982E-05 0.0142692 9.9982E-05 0.0259202 0.125716
0.0334941 0.197871 0.0131429 0.553953 0.0395195 0.125725 0.0362957
0.200634 0.0700623 0.125332 0.00426947 0.129678 0.287965 0.18206
0.12561 0.0986375 0.632892 0.0984986 0.0441618 9.9982E-05 9.9982E-05
0.108669 0.154798 0.350478 0.112649 0.0305674 0.0725948 0.170244
9.9973E-05 0.034161 0.59023 0.0958122 0.279497 9.9973E-05 9.9973E-05
0.050069 0.161818 0.0644975 0.289839 0.0386421 0.226805 0.16833
0.170159 0.165673 0.104635 0.369789 9.9982E-05 0.189544 9.9982E-05
0.246166 0.0551003 0.00590575 0.413649 9.9982E-05 9.9982E-05 0.278979
0.278937 0.163707 0.0600322 0.0590956 0.0799889 0.357777 0.000462553
9.999E-05 0.116396 0.454779 0.0898586 0.142188 0.170615 0.0260634
9.999E-05 0.192629 0.0833483 0.482875 0.0471578 0.177334 0.0165561
0.0698304 0.0901382 0.110771 0.480833 9.9982E-05 9.9982E-05 0.248227
0.212274 0.201398 9.9973E-05 9.9973E-05 0.441311 0.144717 9.9973E-05
9.999E-05 0.0509236 0.177085 0.0463181 0.138739 0.457697 0.129138
0.186754 0.110875 0.375428 0.00608459 0.148113 0.0502842 0.122461
9.9982E-05 0.0409305 9.9982E-05 0.0257376 0.189254 0.492764 0.251114
9.9982E-05 0.00824386 0.218538 0.47819 0.108609 9.9982E-05 0.186219
0.0935018 0.0654091 0.109033 0.0128213 9.9991E-05 0.135626 0.583509
0.324793 0.131514 0.013072 0.418676 0.0906803 9.9991E-05 0.0211646
0.545118 0.109092 9.9982E-05 9.9982E-05 0.0974143 0.0896191 0.158556
9.9982E-05 0.161343 0.0956927 0.401754 9.9982E-05 0.256139 0.0848712
0.191583 0.0990195 0.166168 0.405865 0.0961143 0.0385335 0.00271749
0.182568 0.204074 9.9991E-05 0.241915 0.161421 0.178112 0.0318102
9.9955E-05 0.132336 9.9955E-05 9.9955E-05 9.9955E-05 0.867164 9.9955E-05
9.9973E-05 0.10582 9.9973E-05 0.618544 0.114525 0.160811 9.9973E-05
0.057327 9.9973E-05 9.9973E-05 9.9973E-05 0.221406 0.573258 0.147709
0.186526 0.145161 0.214716 0.290845 0.0134081 9.9991E-05 0.149244
0.15657 0.0838401 0.173799 0.225597 0.0945954 0.265499 9.9991E-05
0.0846225 0.041662 0.28341 0.396157 0.032414 0.049429 0.112305
0.0364728 0.0457764 0.171279 0.206953 0.198816 0.256769 0.083934
0.167439 0.0932657 0.203648 0.27414 0.005363 0.254333 0.00181135
0.388752 9.9973E-05 9.9973E-05 0.0338625 9.9973E-05 0.477881 0.0992042
0.589254 0.142092 0.0298396 9.9991E-05 0.017957 0.112015 0.108744
0.351359 0.126346 9.9991E-05 0.315393 0.159698 0.0107896 0.036315
0.159334 0.0766653 9.9973E-05 0.586278 9.9973E-05 9.9973E-05 0.177422
0.180704 0.0340413 0.318194 0.360277 9.9982E-05 9.9982E-05 0.106584
0.164174 0.0512472 0.262658 0.268416 9.9991E-05 0.145223 0.108183
0.029173 0.142458 0.342687 0.223512 9.9991E-05 0.216479 0.0455909
0.0620193 0.207539 0.156579 0.0899017 0.121565 0.250532 0.111864
0.198895 0.119565 0.163084 0.244829 0.0238519 0.209943 0.039833
0.149634 0.0474354 0.538096 0.175278 9.9991E-05 0.0127716 0.0766848
0.0218371 0.136874 0.356145 0.193387 0.169221 9.9991E-05 0.122436
0.35634 9.9991E-05 0.0852159 0.206099 0.065485 0.0553716 0.231388
9.9982E-05 0.14882 0.0984025 0.558862 0.0611769 0.132538 9.9982E-05
0.644305 0.0604319 0.0276518 9.9991E-05 0.12842 0.0579458 0.0811454
0.364824 0.0482655 9.9991E-05 0.30889 0.102885 0.126488 0.0485485
0.358368 0.12637 0.175154 0.253111 9.9982E-05 9.9982E-05 0.0867975
0.442913 0.128822 0.0889729 0.0516197 0.120319 0.167253 9.9991E-05
0.028578 0.0586197 0.00566493 0.869905 9.9982E-05 9.9982E-05 0.0370329
9.9982E-05 0.145801 0.189823 0.42468 0.13667 0.102825 9.9982E-05
0.0897804 0.160651 0.0898346 0.555872 9.9982E-05 0.103662 9.9982E-05
9.9964E-05 0.0458856 9.9964E-05 9.9964E-05 9.9964E-05 0.0420629 0.911652
0.0109299 0.00387741 0.289497 0.0908998 0.152748 0.451948 9.9991E-05
9.9973E-05 0.0542347 0.00661319 9.9973E-05 0.00745131 0.931401 9.9973E-05
0.0857638 0.16489 0.0777247 0.252565 0.116636 0.302321 9.9991E-05
9.9973E-05 0.158313 0.0732735 0.632558 9.9973E-05 9.9973E-05 0.135555
9.9973E-05 0.0584505 9.9973E-05 0.579572 9.9973E-05 0.289681 0.0719964
0.0818356 0.0944491 0.260503 0.295156 0.0390422 0.0614118 0.167603
0.406037 0.0449878 9.9982E-05 0.22346 0.172451 9.9982E-05 0.152864
0.0779617 0.207171 0.373764 0.070653 0.00629682 0.255591 0.00856316
0.0017476 0.204125 0.140921 0.459467 0.00320388 0.108839 0.0816973
0.279508 0.0638939 0.321257 0.230629 0.0386654 9.9991E-05 0.0659469
0.060768 0.00440214 0.260294 0.216483 0.214136 0.0512547 0.192663
0.783857 0.0394413 0.176302 9.9964E-05 9.9964E-05 9.9964E-05 9.9964E-05
0.317665 0.206998 0.032653 0.35891 0.0459314 9.9991E-05 0.0377428
9.9964E-05 0.00838444 9.9964E-05 0.914648 0.0765674 9.9964E-05 9.9964E-05
0.0222639 9.9973E-05 0.0838608 0.784715 9.9973E-05 0.10886 9.9973E-05
9.9982E-05 0.0895644 0.133592 0.61425 0.0722722 9.9982E-05 0.0901217
0.118813 0.220786 0.005384 0.317547 0.0722647 0.169927 0.0952776
0.172046 0.120095 9.9991E-05 0.50969 0.0498586 0.127577 0.0206332
0.189253 9.9982E-05 9.9982E-05 0.364547 0.134873 0.078895 0.232232
0.112809 0.118876 0.184163 0.468746 0.00250676 9.9991E-05 0.1128
0.0762582 0.180819 0.138701 0.516591 9.9991E-05 0.0718328 0.0156986
0.359005 9.9973E-05 9.9973E-05 0.295629 0.0561345 0.288932 9.9973E-05
9.9982E-05 0.0941494 0.0123458 0.220487 9.9982E-05 0.617508 0.0553091
0.700013 0.232521 9.9964E-05 9.9964E-05 0.0670667 9.9964E-05 9.9964E-05
9.9991E-05 0.139878 0.263235 0.102026 0.0897334 0.190415 0.214613
0.490756 0.153431 9.9982E-05 0.0111814 9.9982E-05 0.340262 0.00416991
9.9973E-05 0.00959912 0.0159491 9.9973E-05 0.0068812 9.9973E-05 0.967271
0.428202 0.126978 0.109744 0.125741 0.164695 0.0232148 0.0214247
0.0451415 0.157912 9.9982E-05 0.658691 0.0296469 0.108408 9.9982E-05
9.9991E-05 0.0929779 0.464778 0.216413 0.0136757 0.170402 0.0416527
9.9973E-05 0.0585433 9.9973E-05 0.663605 0.109696 0.167856 9.9973E-05
9.9991E-05 0.033198 0.0621644 0.426827 0.0985376 0.279695 0.0994781
0.138185 9.9982E-05 0.0715356 9.9982E-05 0.143803 0.576168 0.0701084
0.0529816 0.120725 0.0315924 0.578559 0.16347 0.0427305 0.00994059
0.0506643 0.28408 9.9982E-05 9.9982E-05 0.0268137 0.0961626 0.54208
0.0242218 0.0161737 0.0843189 0.366171 9.9991E-05 0.109497 0.399518
0.0872817 0.142737 9.9991E-05 0.297164 0.0737068 0.193793 0.205218
9.995E-05 9.995E-05 9.995E-05 9.995E-05 9.995E-05 9.995E-05 0.9994
9.9991E-05 0.0909389 0.240583 0.392439 0.176655 0.0279362 0.0713474
9.995E-05 9.995E-05 9.995E-05 9.995E-05 0.9994 9.995E-05 9.995E-05
0.187137 0.0590302 0.17199 9.9991E-05 0.132014 0.347692 0.102037
0.140216 9.9982E-05 0.416448 0.201929 9.9982E-05 0.194355 0.0468525
0.284092 0.0395069 0.341525 0.11314 0.00909192 0.147788 0.0648551
0.0707587 0.154473 0.16059 0.253699 0.0763902 0.283989 9.9991E-05
0.0088894 0.0308658 0.322347 0.29875 0.038089 9.9991E-05 0.300958
0.140635 0.178469 0.00902391 0.359678 0.0408717 0.123017 0.148305
0.024265 0.127589 0.217829 0.452966 0.112678 0.0645733 9.9991E-05
0.175046 0.19564 9.9982E-05 0.342891 0.0901517 9.9982E-05 0.196071
0.150601 0.0235887 0.204895 0.446907 0.0215555 0.150471 0.001981
9.9991E-05 0.122606 0.0455261 0.014274 0.0464224 0.0983564 0.672715
9.9991E-05 0.0452423 0.141777 0.443422 0.118385 0.135484 0.11559
0.0465357 9.9955E-05 9.9955E-05 9.9955E-05 9.9955E-05 9.9955E-05 0.952964
0.0363596 0.0578354 0.0602694 0.385053 0.233164 0.198961 0.0283577
0.0950977 0.0363127 0.180686 9.9991E-05 0.0145765 0.630363 0.0428645
0.141146 0.0928523 9.9973E-05 0.61878 9.9973E-05 9.9973E-05 0.146923
0.307482 0.162211 9.9982E-05 9.9982E-05 0.0947947 0.289893 0.145419
0.0446678 0.165222 0.233676 0.112294 0.0641879 0.310464 0.069489
9.9982E-05 0.287678 9.9982E-05 0.166397 0.0308981 0.0784607 0.436367
0.0614748 0.0990188 0.00636842 0.262709 0.0651171 0.18805 0.317262
0.425026 0.0777697 0.232027 0.181542 0.0834346 9.9982E-05 9.9982E-05
0.212951 0.134066 0.0133543 0.298707 0.0161391 0.0888395 0.235943
0.274041 0.128939 0.346646 0.236497 9.9982E-05 9.9982E-05 0.013678
0.257508 0.143343 0.108851 0.100583 0.030231 0.315516 0.0439688
0.0348326 0.176831 0.0144118 0.476704 0.0721432 0.0986717 0.126406
0.706113 0.122847 0.0619935 0.0432281 9.9982E-05 0.0656176 9.9982E-05
0.284234 0.0293198 9.9982E-05 9.9982E-05 0.0872408 0.314987 0.284018
0.0789653 0.0837503 9.9982E-05 0.0804881 9.9982E-05 0.690027 0.0665691
9.9973E-05 0.110714 0.0378474 0.79502 9.9973E-05 9.9973E-05 0.0561187
0.167584 9.9982E-05 9.9982E-05 0.375105 0.0692638 0.00509696 0.38275
0.0224393 0.109357 0.373836 0.278108 9.9982E-05 9.9982E-05 0.21606
0.249794 0.118475 9.9991E-05 0.194593 0.044128 0.355018 0.0378925
0.406187 0.177748 9.9982E-05 0.0959309 0.140034 0.179901 9.9982E-05
9.995E-05 9.995E-05 0.9994 9.995E-05 9.995E-05 9.995E-05 9.995E-05
9.995E-05 9.995E-05 0.9994 9.995E-05 9.995E-05 9.995E-05 9.995E-05
0.48714 0.074883 0.112769 0.0746133 0.0492552 0.127359 0.0739801
9.9973E-05 0.107738 9.9973E-05 0.72611 0.13513 0.0307223 9.9973E-05
0.411499 0.18968 9.9991E-05 0.100192 0.124219 0.081421 0.0928894
0.178783 0.161467 0.24467 0.297361 0.0777751 9.9991E-05 0.0398442
0.190824 0.0513328 9.9991E-05 0.464173 0.135384 0.0373794 0.120807
0.371296 0.0813743 0.00637895 0.0544099 0.119073 0.286165 0.0813031
9.9991E-05 0.1414 0.332396 0.440598 0.027002 0.0113497 0.0471541
9.9991E-05 0.118217 0.210463 0.0504068 0.0105969 0.171844 0.438373
0.163838 0.109008 0.23117 0.170658 0.11607 0.0800783 0.129178
9.995E-05 0.9994 9.995E-05 9.995E-05 9.995E-05 9.995E-05 9.995E-05
0.0433825 0.110067 9.9982E-05 0.18197 0.141327 0.523054 9.9982E-05
9.9982E-05 0.060182 0.128713 0.462699 0.200109 0.148097 9.9982E-05
0.647499 0.110069 9.9991E-05 0.0299769 0.0536846 0.0987472 0.0599237
0.340956 0.136696 0.00535678 0.428096 0.0886948 9.9982E-05 9.9982E-05
0.423181 0.204971 9.9982E-05 0.16164 9.9982E-05 0.0090963 0.200912
0.0717571 0.100207 0.326706 0.29267 0.104525 9.9991E-05 0.104036
0.597657 0.139522 9.9982E-05 0.10908 9.9982E-05 0.100908 0.0526334
9.9991E-05 0.0914858 0.359868 0.143548 0.098065 0.0543581 0.252575
0.282246 0.130382 9.9991E-05 0.237897 0.0549897 0.283601 0.0107843
0.0920052 0.133175 0.104708 0.34737 0.0500044 0.221827 0.0509101
9.9955E-05 9.9955E-05 9.9955E-05 9.9955E-05 9.9955E-05 0.91931 0.0801906
0.0101055 0.021931 0.304983 0.242714 0.0967181 0.213085 0.110463
9.9982E-05 0.182797 9.9982E-05 0.386389 0.0914819 0.306558 0.0325742
9.995E-05 0.9994 9.995E-05 9.995E-05 9.995E-05 9.995E-05 9.995E-05
0.221715 0.437274 0.279671 0.0435986 9.9982E-05 0.0175417 9.9982E-05
9.9973E-05 9.9973E-05 0.411012 0.449735 0.0900436 9.9973E-05 0.0489089
0.327679 0.145275 0.0845599 0.0520181 0.0958925 0.199705 0.0948699
0.0316283 0.145405 9.9973E-05 9.9973E-05 0.0057214 0.816946 9.9973E-05
0.282164 0.0614039 0.197263 0.212596 9.9982E-05 0.246373 9.9982E-05
0.500958 0.077036 0.146598 0.162869 0.0872153 0.0252229 9.9991E-05
9.995E-05 9.995E-05 0.9994 9.995E-05 9.995E-05 9.995E-05 9.995E-05
0.00553399 0.153603 0.293837 0.317634 9.9991E-05 0.0909843 0.138309
0.503064 9.9982E-05 0.0952535 0.215609 9.9982E-05 0.0125727 0.1733
0.250325 0.0851078 0.49019 9.9982E-05 0.117877 9.9982E-05 0.0562998
9.9991E-05 0.164608 0.0675719 0.339464 0.0295202 0.359972 0.0387636
0.346122 9.9973E-05 0.493221 9.9973E-05 0.0726867 0.0876705 9.9973E-05
0.0903507 0.126946 0.214164 0.398357 9.9982E-05 0.169982 9.9982E-05
0.191363 0.00121252 0.13382 0.523011 0.130742 9.9991E-05 0.0197511
0.214596 0.185227 0.0945673 0.28122 9.9982E-05 0.22419 9.9982E-05
0.728287 9.9982E-05 0.0422844 9.9982E-05 0.057774 0.129298 0.0421568
9.995E-05 9.995E-05 9.995E-05 9.995E-05 0.9994 9.995E-05 9.995E-05
0.291811 9.9991E-05 0.211518 0.353708 0.0396662 0.0483463 0.0548502
9.9973E-05 0.113652 0.601114 9.9973E-05 0.171156 9.9973E-05 0.113778
0.00240108 0.214202 9.9991E-05 0.346332 0.0441334 0.297304 0.0955269
0.206013 0.0191116 0.273305 0.141782 0.0449568 0.265263 0.0495681
0.106089 9.9973E-05 9.9973E-05 0.396221 9.9973E-05 0.227546 0.269844
0.13092 0.1131 0.0948692 0.247365 0.0657552 0.319623 0.0283683
9.995E-05 9.995E-05 9.995E-05 9.995E-05 0.9994 9.995E-05 9.995E-05
9.9991E-05 0.134762 0.230618 0.453083 0.0264021 0.02017 0.134864
0.0234538 0.116966 0.210751 9.9991E-05 0.166414 0.386563 0.0957519
9.9991E-05 0.0826715 0.0883211 0.670704 0.0327505 0.102099 0.023354
0.408323 0.00223002 0.320455 9.9982E-05 9.9982E-05 0.209693 0.059098
