0.0894906 0.000989987 0.0723851 0.124246 0.149212 0.0902061 0.47347
0.257699 9.9973E-05 0.0499944 0.153998 9.9973E-05 0.538008 9.9973E-05
0.263477 0.259749 9.99731E-05 9.99731E-05 0.0980485 0.378425 9.99731E-05
0.0792193 0.0157382 9.99821E-05 9.99821E-05 0.42426 0.239436 0.241147
0.259929 9.99731E-05 0.241594 0.0569343 9.99731E-05 0.441243 9.99731E-05
0.0505495 0.0979403 9.99731E-05 9.99731E-05 9.99731E-05 0.518894 0.332316
0.181045 9.9991E-05 0.162513 0.0940205 0.124299 0.304334 0.133688
0.00671717 9.99821E-05 0.0221219 0.0722803 9.99821E-05 0.694468 0.204213
0.00479091 0.108166 9.99732E-05 9.99732E-05 0.704758 9.99732E-05 0.181985
0.0149007 0.541974 0.256323 9.99821E-05 0.0217901 9.99821E-05 0.164812
0.040908 0.328249 0.190919 0.0979977 0.247162 0.0611689 0.033596
0.00399088 9.99821E-05 0.107888 0.0469467 0.424041 0.416933 9.99821E-05
0.164549 9.99731E-05 9.99731E-05 9.99731E-05 0.255766 0.383461 0.195924
0.175909 9.99731E-05 0.293295 9.99731E-05 9.99731E-05 0.514167 0.0163294
9.99553E-05 9.99553E-05 9.99553E-05 9.99553E-05 0.752022 9.99553E-05 0.247478
0.331259 9.99821E-05 0.217014 0.0735722 0.138365 0.23959 9.99821E-05
0.174005 0.099582 9.99821E-05 9.99821E-05 0.515284 0.105029 0.105901
0.0843325 0.241731 0.20676 0.0109228 0.113087 0.0842941 0.258873
9.99732E-05 9.99732E-05 9.99732E-05 0.0987864 0.553469 0.285359 0.0620853
9.99642E-05 0.115142 9.99642E-05 9.99642E-05 9.99642E-05 0.264526 0.619932
9.99642E-05 0.338075 0.363783 9.99642E-05 9.99642E-05 9.99642E-05 0.297743
0.1977 0.0184784 9.9982E-05 0.180978 0.492206 0.110438 9.9982E-05
0.161819 9.99821E-05 0.0218093 9.99821E-05 0.327861 0.0167821 0.471528
0.597569 9.99731E-05 0.105512 9.99731E-05 0.0102206 0.286398 9.99731E-05
0.265793 0.14329 0.066011 0.03404 0.174391 9.9991E-05 0.316374
0.230113 9.9982E-05 0.106423 0.292814 0.154405 9.9982E-05 0.216046
0.109479 0.114253 0.364501 0.0932655 0.318302 9.9982E-05 9.9982E-05
9.99821E-05 0.212211 0.027038 0.0927751 0.0182201 0.649556 9.99821E-05
9.99731E-05 0.218944 9.99731E-05 0.0774459 9.99731E-05 0.402404 0.300907
0.776841 9.99642E-05 9.99642E-05 0.00527572 0.217483 9.99642E-05 9.99642E-05
9.99821E-05 0.0356427 0.311377 0.416555 9.99821E-05 0.0285104 0.207715
0.0867348 9.99911E-05 0.00501631 0.118729 0.234934 0.468623 0.0858623
0.0963999 0.545489 9.99821E-05 0.0409323 0.0918783 9.99821E-05 0.225101
0.0689872 9.99821E-05 9.99821E-05 0.0884228 0.235847 0.493046 0.113497
0.183105 9.9973E-05 0.0803291 9.9973E-05 9.9973E-05 0.273673 0.462593
0.0266368 9.99821E-05 0.20004 9.99821E-05 0.00297964 0.076585 0.693558
9.999E-05 0.0129802 0.333886 0.54744 0.039601 0.0474493 0.0185429
0.0337933 0.49508 9.99731E-05 9.99731E-05 0.0457866 9.99731E-05 0.42504
0.0214746 0.0102484 0.160549 0.277716 0.0714429 0.386162 0.0724078
9.99821E-05 0.0884026 9.99821E-05 0.100265 0.0540441 0.496572 0.260516
0.410751 9.99732E-05 0.0127562 0.169278 0.406915 9.99732E-05 9.99732E-05
9.99821E-05 0.0949283 0.244447 0.0966906 0.441713 9.99821E-05 0.122021
0.0114381 0.123737 0.136663 0.0533991 0.0731389 0.234857 0.366767
9.999E-05 0.119458 0.0552255 0.213386 0.408799 0.1922 0.0108317
0.114295 0.0566115 9.9991E-05 0.134732 0.0976875 0.355249 0.241325
9.99732E-05 9.99732E-05 0.0171092 9.99732E-05 0.217725 0.276711 0.488155
0.100738 9.99821E-05 0.0111789 9.99821E-05 0.271426 0.0936239 0.522833
9.9973E-05 0.145576 0.170533 9.9973E-05 0.589273 9.9973E-05 0.0943178
9.99643E-05 9.99643E-05 9.99643E-05 0.28444 0.334018 9.99643E-05 0.381142
9.99641E-05 9.99641E-05 0.165228 9.99641E-05 9.99641E-05 0.164591 0.669781
0.351349 9.9982E-05 9.9982E-05 0.136058 0.118268 0.146548 0.247578
9.99821E-05 0.360336 0.205535 9.99821E-05 0.0628467 0.00109224 0.369991
0.300816 0.0536796 9.9982E-05 0.0253649 0.569924 0.0500162 9.9982E-05
0.234562 0.0472147 9.99821E-05 9.99821E-05 0.0879932 0.434033 0.195997
9.99911E-05 0.144611 0.168993 0.0668463 0.159118 0.444804 0.0155273
9.99731E-05 0.051735 0.122168 0.56838 0.257417 9.99731E-05 9.99731E-05
0.292421 9.99731E-05 9.99731E-05 9.99731E-05 0.156312 0.268838 0.282129
9.99733E-05 9.99733E-05 0.158993 0.0313955 0.34263 0.466682 9.99733E-05
9.9982E-05 0.139035 0.198692 0.0298044 0.341712 0.290556 9.9982E-05
9.9982E-05 0.215428 0.169767 0.0973614 0.000737574 9.9982E-05 0.516506
0.0628457 0.126894 9.9991E-05 0.184218 0.233064 0.37042 0.0224579
0.109202 9.99731E-05 0.267644 9.99731E-05 0.408434 9.99731E-05 0.21442
9.99641E-05 9.99641E-05 0.0328252 0.150091 0.816684 9.99641E-05 9.99641E-05
0.698403 0.00693681 0.146924 9.99731E-05 9.99731E-05 9.99731E-05 0.147436
0.139624 0.0658355 0.0646221 0.56844 0.05176 0.109618 9.9991E-05
0.171333 0.0819493 9.99732E-05 9.99732E-05 0.404367 9.99732E-05 0.342051
0.0873652 9.99731E-05 0.0404014 9.99731E-05 9.99731E-05 0.00809392 0.86384
9.99731E-05 9.99731E-05 0.29162 0.0711794 0.612702 9.99731E-05 0.024199
9.99641E-05 9.99641E-05 9.99641E-05 0.471192 0.128311 9.99641E-05 0.400097
0.104136 0.155134 0.119319 0.424411 9.99821E-05 9.99821E-05 0.1968
0.0378065 0.110416 0.118481 9.9991E-05 0.36019 0.308155 0.0648519
0.0638658 9.99642E-05 9.99642E-05 0.0101955 0.925539 9.99642E-05 9.99642E-05
9.99554E-05 9.99554E-05 0.0420413 9.99554E-05 9.99554E-05 0.957459 9.99554E-05
9.99642E-05 9.99642E-05 9.99642E-05 0.475124 0.203586 9.99642E-05 0.32089
0.0533674 9.99732E-05 9.99732E-05 0.0657922 9.99732E-05 0.745433 0.135107
9.99731E-05 9.99731E-05 0.224244 0.0663573 0.397322 0.311776 9.99731E-05
0.0617354 9.99644E-05 9.99644E-05 9.99644E-05 0.646728 9.99644E-05 0.291136
0.0419917 0.327289 0.306836 9.9982E-05 0.139393 0.18429 9.9982E-05
0.143493 0.134951 9.99821E-05 0.378948 9.99821E-05 0.313221 0.0291876
9.99641E-05 0.0140795 9.99641E-05 9.99641E-05 0.0164049 0.969116 9.99641E-05
9.99643E-05 9.99643E-05 0.0911088 9.99643E-05 9.99643E-05 0.762254 0.146238
0.0101239 0.164471 9.99821E-05 9.99821E-05 0.134313 0.151447 0.539445
9.99643E-05 9.99643E-05 0.101724 0.0150017 9.99643E-05 9.99643E-05 0.882875
0.157748 0.0563 9.99821E-05 0.314774 0.110735 9.99821E-05 0.360243
0.158692 9.9982E-05 0.200284 9.9982E-05 0.333821 0.147743 0.159259
9.99641E-05 9.99641E-05 9.99641E-05 9.99641E-05 0.33357 0.439062 0.226968
0.0473173 0.0157124 0.173783 9.99911E-05 0.136224 0.529138 0.0977253
0.482415 9.99821E-05 0.0150353 9.99821E-05 0.214834 0.216651 0.0708648
0.127301 0.244178 9.99732E-05 0.100321 9.99732E-05 9.99732E-05 0.527901
0.00610773 0.337662 9.99821E-05 0.129369 0.518544 0.00811813 9.99821E-05
0.742055 9.99553E-05 9.99553E-05 0.257445 9.99553E-05 9.99553E-05 9.99553E-05
0.104905 9.99732E-05 0.314584 9.99732E-05 0.0648038 9.99732E-05 0.515408
0.0652863 9.99733E-05 0.0980155 9.99733E-05 0.472555 9.99733E-05 0.363843
0.00487145 0.307971 9.99821E-05 9.99821E-05 0.153316 0.135274 0.398368
0.0873129 9.99731E-05 0.188249 9.99731E-05 0.633489 0.0906497 9.99731E-05
9.99641E-05 0.0895142 9.99641E-05 9.99641E-05 0.255868 0.654218 9.99641E-05
0.180875 0.0253706 0.326351 9.99731E-05 9.99731E-05 9.99731E-05 0.467103
9.99641E-05 9.99641E-05 9.99641E-05 9.99641E-05 0.649203 0.0374022 0.312995
0.545283 9.99821E-05 0.137364 0.186432 9.99821E-05 0.115807 0.0149135
0.322438 9.99731E-05 0.0564111 9.99731E-05 0.223687 9.99731E-05 0.397164
0.160319 0.00409161 0.416279 0.275282 0.143827 9.99821E-05 9.99821E-05
0.946387 9.99552E-05 0.053113 9.99552E-05 9.99552E-05 9.99552E-05 9.99552E-05
0.0400816 0.611534 0.049238 9.99821E-05 0.176902 9.99821E-05 0.122044
0.00922612 0.990274 9.99552E-05 9.99552E-05 9.99552E-05 9.99552E-05 9.99552E-05
9.99641E-05 9.99641E-05 9.99641E-05 9.99641E-05 0.25838 0.50928 0.231941
0.056728 9.99731E-05 9.99731E-05 0.121424 0.667697 9.99731E-05 0.153851
9.99552E-05 9.99552E-05 9.99552E-05 9.99552E-05 9.99552E-05 0.369263 0.630237
0.0527662 0.0935446 9.99821E-05 0.409191 0.00669152 0.437606 9.99821E-05
9.99552E-05 9.99552E-05 9.99552E-05 0.488881 9.99552E-05 9.99552E-05 0.51062
0.044478 0.543479 0.0921938 0.26871 9.99821E-05 9.99821E-05 0.0509393
0.396255 9.99732E-05 0.306852 9.99732E-05 9.99732E-05 0.0719853 0.224608
0.187779 9.99821E-05 0.185996 0.261341 9.99821E-05 0.234163 0.130521
0.783018 9.99553E-05 9.99553E-05 0.216482 9.99553E-05 9.99553E-05 9.99553E-05
9.99642E-05 0.157889 9.99642E-05 0.110205 9.99642E-05 0.731506 9.99642E-05
0.9994 9.995E-05 9.995E-05 9.995E-05 9.995E-05 9.995E-05 9.995E-05
9.99643E-05 0.231091 9.99643E-05 9.99643E-05 0.592745 0.175765 9.99643E-05
9.99731E-05 9.99731E-05 0.0196173 9.99731E-05 0.330152 0.342192 0.307739
9.99821E-05 0.130096 9.99821E-05 0.0107042 0.254122 0.590599 0.0142792
0.115543 0.172129 0.100743 0.361967 0.0794538 0.170064 9.9991E-05
9.99641E-05 0.0167652 9.99641E-05 9.99641E-05 9.99641E-05 0.504287 0.478548
0.472446 0.0688793 0.107932 9.99731E-05 0.350443 9.99731E-05 9.99731E-05
0.171619 0.0280444 9.99732E-05 9.99732E-05 9.99732E-05 0.501636 0.298401
9.99731E-05 0.0369306 9.99731E-05 0.0688327 9.99731E-05 0.356018 0.537919
9.99732E-05 0.00688767 0.133819 0.100155 9.99732E-05 9.99732E-05 0.758838
0.134581 9.99642E-05 9.99642E-05 9.99642E-05 0.688922 9.99642E-05 0.176097
9.9973E-05 9.9973E-05 0.0577316 0.130332 0.528554 9.9973E-05 0.283082
0.230288 9.99643E-05 9.99643E-05 9.99643E-05 0.743363 0.0259488 9.99643E-05
9.99821E-05 9.99821E-05 0.0354743 0.303071 0.321499 0.11846 0.221295
0.171359 0.320853 9.99643E-05 9.99643E-05 9.99643E-05 9.99643E-05 0.507388
0.216234 0.0920468 0.111303 9.99821E-05 9.99821E-05 0.107078 0.473138
9.99643E-05 9.99643E-05 0.188564 9.99643E-05 0.6833 9.99643E-05 0.127736
9.9991E-05 0.0604388 0.0697817 0.0122319 0.155047 0.412319 0.290082
9.99642E-05 0.129954 9.99642E-05 9.99642E-05 0.517275 0.352372 9.99642E-05
9.9991E-05 0.268025 0.0651658 0.192786 0.296363 0.145467 0.0320936
9.99731E-05 0.278055 0.136739 9.99731E-05 0.0770154 9.99731E-05 0.507891
9.99552E-05 9.99552E-05 9.99552E-05 0.421319 9.99552E-05 9.99552E-05 0.578182
9.995E-05 9.995E-05 9.995E-05 0.9994 9.995E-05 9.995E-05 9.995E-05
0.0597763 0.00281802 9.99822E-05 0.437782 9.99822E-05 0.293869 0.205555
9.99821E-05 9.99821E-05 0.145342 0.0539263 0.127727 0.11886 0.553945
0.0396569 9.99821E-05 9.99821E-05 0.327629 0.0873467 0.0593658 0.485801
0.0106257 0.090679 0.163647 0.504488 9.99821E-05 0.23036 9.99821E-05
0.0605132 0.227647 0.0281173 9.99821E-05 0.210297 9.99821E-05 0.473226
0.0669431 0.196416 0.152359 0.000270661 0.275567 0.0537994 0.254645
9.99642E-05 0.392061 9.99642E-05 0.17418 0.433359 9.99642E-05 9.99642E-05
0.452459 9.9982E-05 0.155212 9.9982E-05 0.107085 0.135629 0.149415
0.0938223 9.9982E-05 9.9982E-05 0.233879 0.122576 0.32009 0.229434
9.995E-05 9.995E-05 0.9994 9.995E-05 9.995E-05 9.995E-05 9.995E-05
0.0081094 0.324071 9.99731E-05 9.99731E-05 9.99731E-05 0.442998 0.224522
0.101759 9.99821E-05 0.110206 9.99821E-05 0.0670238 0.278632 0.44218
9.99821E-05 0.0716967 0.559642 0.0994669 0.144421 0.124573 9.99821E-05
9.99911E-05 0.102766 0.0995145 0.249364 0.0839565 0.341381 0.122918
9.99642E-05 9.99642E-05 0.0640989 9.99642E-05 0.701354 0.234147 9.99642E-05
0.0182023 9.9982E-05 0.047848 0.843145 9.9982E-05 0.0692126 0.0213924
9.99731E-05 0.0634253 0.0653362 0.247887 9.99731E-05 0.623051 9.99731E-05
0.129814 9.99732E-05 0.23686 0.0021172 9.99732E-05 9.99732E-05 0.630909
9.99731E-05 0.147863 9.99731E-05 0.431805 0.199161 0.22087 9.99731E-05
0.0226397 0.308313 9.99732E-05 9.99732E-05 9.99732E-05 0.521397 0.14735
9.99732E-05 0.316425 0.242968 0.353358 0.0869485 9.99732E-05 9.99732E-05
0.108375 9.99732E-05 9.99732E-05 0.148536 9.99732E-05 0.378216 0.364572
0.281108 9.99641E-05 9.99641E-05 9.99641E-05 0.177488 9.99641E-05 0.541004
9.995E-05 9.995E-05 0.9994 9.995E-05 9.995E-05 9.995E-05 9.995E-05
9.99821E-05 9.99821E-05 0.174618 0.0630546 0.467359 0.110076 0.184693
9.99553E-05 9.99553E-05 9.99553E-05 9.99553E-05 9.99553E-05 0.996747 0.00275313
9.99821E-05 0.0727496 0.18862 0.0575727 0.485996 0.194861 9.99821E-05
9.99644E-05 9.99644E-05 0.156055 9.99644E-05 0.690505 0.15304 9.99644E-05
0.102114 9.99641E-05 9.99641E-05 9.99641E-05 0.372043 9.99641E-05 0.525443
0.0960498 0.0950646 9.9991E-05 0.531654 0.228882 0.0380723 0.010177
9.99553E-05 9.99553E-05 9.99553E-05 0.983446 9.99553E-05 0.0160539 9.99553E-05
9.99554E-05 9.99554E-05 0.131752 9.99554E-05 9.99554E-05 0.867748 9.99554E-05
0.105911 9.9982E-05 0.0266768 9.9982E-05 0.24118 0.441031 0.185001
0.223054 9.99821E-05 9.99821E-05 0.373992 0.214354 0.0213236 0.167076
9.99732E-05 9.99732E-05 9.99732E-05 0.0797458 0.106253 0.644466 0.169235
9.99731E-05 0.152199 9.99731E-05 0.124972 0.36248 0.36005 9.99731E-05
0.115852 9.99821E-05 0.0876517 9.99821E-05 0.200715 0.119992 0.47559
0.175357 0.0348308 9.9991E-05 0.236139 0.398319 0.108217 0.0470374
9.99732E-05 9.99732E-05 9.99732E-05 0.223773 0.0791442 0.446685 0.250098
0.166031 9.99821E-05 0.158082 9.99821E-05 0.184767 0.284641 0.206279
9.99642E-05 0.762363 0.0170132 9.99642E-05 9.99642E-05 9.99642E-05 0.220224
0.0028479 9.99732E-05 0.00238599 9.99732E-05 0.136301 9.99732E-05 0.858165
9.99732E-05 0.190487 0.0412508 9.99732E-05 0.471725 0.296237 9.99732E-05
9.99642E-05 9.99642E-05 0.330115 9.99642E-05 0.139391 9.99642E-05 0.530095
9.99731E-05 0.16508 0.15516 9.99731E-05 0.222736 9.99731E-05 0.456723
9.99731E-05 9.99731E-05 0.134003 0.100742 0.143997 9.99731E-05 0.620958
0.154884 9.99732E-05 0.0543781 0.176746 9.99732E-05 0.613692 9.99732E-05
9.99551E-05 0.981179 9.99551E-05 0.0183216 9.99551E-05 9.99551E-05 9.99551E-05
9.99643E-05 9.99643E-05 9.99643E-05 0.0889518 0.441806 0.468843 9.99643E-05
9.99731E-05 0.0626763 9.99731E-05 9.99731E-05 0.126781 0.699002 0.11124
0.26467 9.99731E-05 0.0529523 9.99731E-05 9.99731E-05 0.529461 0.152617
0.189667 0.066354 9.99731E-05 9.99731E-05 9.99731E-05 0.38476 0.35892
