9.99639E-05 9.99639E-05 0.0499962 0.0104937 0.0985995 0.753933 9.99639E-05 9.99639E-05 0.0356217 0.0509557
9.999E-05 0.145932 0.136959 0.0433511 0.0869947 0.205665 0.110271 0.203785 0.0649317 0.00201037
9.99639E-05 0.0463388 0.217299 9.99639E-05 0.395184 0.10991 9.99639E-05 0.13715 0.0937178 9.99639E-05
0.10376 0.0241894 0.0483968 0.0838821 0.429488 0.162042 0.0200843 0.0717043 9.9991E-05 0.056353
0.0661641 0.108081 0.147091 9.9982E-05 0.0945805 0.138865 0.0340506 9.9982E-05 0.303481 0.107487
9.9973E-05 0.203693 0.0210727 9.9973E-05 0.119637 0.0506199 0.244595 9.9973E-05 0.272818 0.0872646
0.12074 0.00944593 0.139982 9.9982E-05 0.157827 0.336106 9.9982E-05 0.104329 0.0801198 0.0512498
0.014785 9.9973E-05 0.106632 0.0201558 0.289552 0.260801 9.9973E-05 0.148686 0.159088 9.9973E-05
9.9973E-05 0.0389674 0.103071 0.110129 9.9973E-05 0.334407 0.375511 9.9973E-05 0.00107921 0.0365351
0.0870646 0.293185 0.310839 0.0868437 9.99639E-05 0.0775428 9.99639E-05 9.99639E-05 9.99639E-05 0.144125
0.0248085 0.321034 0.384879 9.99549E-05 9.99549E-05 9.99549E-05 9.99549E-05 9.99549E-05 0.0929574 0.175821
0.0216629 9.99459E-05 9.99459E-05 0.0290315 9.99459E-05 9.99459E-05 0.921847 9.99459E-05 0.0268593 9.99459E-05
0.0842701 0.266725 0.151047 9.99729E-05 0.228389 0.0641602 9.99729E-05 9.99729E-05 0.183462 0.0216464
0.00750105 0.0901359 9.9991E-05 0.0102057 0.139131 0.32596 0.172735 0.0133459 0.177085 0.0637999
0.0281563 0.00797655 9.99549E-05 9.99549E-05 9.99549E-05 9.99549E-05 9.99549E-05 0.0326134 0.920655 0.0100991
0.0710616 0.0353918 9.9964E-05 0.0809269 9.9964E-05 0.180748 9.9964E-05 0.593173 0.0382989 9.9964E-05
9.99369E-05 9.99369E-05 9.99369E-05 9.99369E-05 0.0222497 9.99369E-05 9.99369E-05 9.99369E-05 0.892866 0.084185
0.091722 0.0940767 9.9982E-05 0.146453 0.0814479 0.207314 9.9982E-05 0.063241 0.275724 0.0398215
0.0376643 0.374544 0.203702 9.9982E-05 0.0115493 0.0141312 0.175767 0.0162234 0.16622 9.9982E-05
0.0741182 0.114311 9.9991E-05 0.0187422 0.488554 0.0483249 0.0275511 0.0797519 0.0922391 0.0563078
0.0747546 0.246487 0.0795632 9.99729E-05 0.316187 0.219624 9.99729E-05 0.00738135 9.99729E-05 0.0557032
0.0617189 9.9973E-05 0.354195 9.9973E-05 0.290348 0.00304242 0.010285 9.9973E-05 0.243675 0.0364349
0.0917572 0.070212 0.343618 9.9991E-05 0.0452238 0.0822358 0.0630481 0.193473 0.0847944 0.0255381
9.9973E-05 0.202165 9.9973E-05 0.214368 0.155243 0.112202 0.177314 0.0299143 0.108494 9.9973E-05
0.0900476 0.140609 0.387711 9.9964E-05 9.9964E-05 0.022312 9.9964E-05 9.9964E-05 0.0961244 0.262796
9.9973E-05 0.1054 9.9973E-05 0.0285547 0.0441614 0.262398 0.201612 9.9973E-05 0.332043 0.0255313
0.0728311 9.9982E-05 0.153601 0.0871021 0.30799 0.0257539 9.9982E-05 0.13638 0.105942 0.110201
0.0173949 9.9964E-05 9.9964E-05 0.0337171 0.170147 9.9964E-05 0.273635 9.9964E-05 0.451899 0.0528064
9.9973E-05 0.226291 0.0823751 0.0720785 9.9973E-05 0.0530618 9.9973E-05 0.0856622 0.439013 0.0412182
0.0225841 0.108817 9.99639E-05 0.596716 0.24074 9.99639E-05 9.99639E-05 9.99639E-05 0.0224216 0.00832225
0.0244059 0.697544 0.0687491 9.9973E-05 9.9973E-05 0.0475456 0.0867141 0.0439849 9.9973E-05 0.0307569
0.0601297 0.237238 0.304774 0.00504857 0.255983 9.9982E-05 0.00424991 0.0410994 9.9982E-05 0.0912775
0.0433144 0.309469 9.9973E-05 0.05052 0.119496 0.0613805 0.366685 9.9973E-05 0.0488344 9.9973E-05
0.0417583 0.264585 9.99729E-05 9.99729E-05 0.292195 0.0646113 9.99729E-05 0.0701073 0.178916 0.0875265
0.0559698 0.0140429 9.9964E-05 9.9964E-05 9.9964E-05 0.193886 0.346661 9.9964E-05 0.261405 0.127636
0.00962439 9.9928E-05 9.9928E-05 9.9928E-05 9.9928E-05 0.989576 9.9928E-05 9.9928E-05 9.9928E-05 9.9928E-05
9.9973E-05 0.294477 9.9973E-05 9.9973E-05 0.30344 0.135792 0.0547862 0.0328587 0.0662109 0.112136
0.0285047 9.9955E-05 0.204126 0.0943504 9.9955E-05 0.523923 9.9955E-05 9.9955E-05 9.9955E-05 0.148597
0.0111076 0.389321 9.9973E-05 0.102001 0.200617 9.9973E-05 0.2405 9.9973E-05 0.00546575 0.0506881
0.0568129 0.182351 0.0073467 9.99729E-05 0.175809 0.254635 0.00359375 0.319152 9.99729E-05 9.99729E-05
0.00519058 9.9955E-05 0.375349 9.9955E-05 0.385164 9.9955E-05 9.9955E-05 9.9955E-05 0.205984 0.0278132
9.9946E-05 9.9946E-05 9.9946E-05 9.9946E-05 0.717907 0.0382316 9.9946E-05 0.218184 9.9946E-05 0.0250774
9.99461E-05 9.99461E-05 0.0155325 0.0601201 0.800237 9.99461E-05 0.123511 9.99461E-05 9.99461E-05 9.99461E-05
9.9955E-05 0.122078 0.191846 0.106162 9.9955E-05 0.185865 0.393549 9.9955E-05 9.9955E-05 9.9955E-05
0.0539557 9.9964E-05 0.64832 0.00187025 0.146971 9.9964E-05 0.0916127 0.0568707 9.9964E-05 9.9964E-05
0.0120077 0.365261 9.9973E-05 9.9973E-05 0.240635 0.0599612 0.144514 9.9973E-05 0.0107257 0.166596
0.0270966 0.274905 0.184262 0.0901433 9.9973E-05 0.124109 9.9973E-05 0.2117 0.0874836 9.9973E-05
0.0217631 9.9982E-05 0.044726 0.0730063 0.444235 0.00178852 0.323451 0.0748893 0.01594 9.9982E-05
0.0498465 0.316348 0.181085 0.0170797 0.154423 9.9973E-05 9.9973E-05 0.0512897 0.229628 9.9973E-05
0.0231672 0.334862 0.0293249 0.10338 9.9982E-05 0.170112 0.0658359 0.188819 0.0842986 9.9982E-05
0.122838 0.104941 0.207478 0.030035 9.9991E-05 0.256107 0.00996096 0.0779235 0.113328 0.0772884
0.0876422 0.402584 9.9964E-05 0.0793859 9.9964E-05 0.195774 9.9964E-05 0.179609 9.9964E-05 0.0546046
9.9955E-05 9.9955E-05 9.9955E-05 0.0926933 0.251818 9.9955E-05 0.283851 0.33155 9.9955E-05 0.0395879
0.0156579 0.0969768 0.0193609 0.0951016 0.0635189 0.0372675 9.9991E-05 0.226953 0.247229 0.197835
0.00330001 9.9955E-05 0.76126 0.0494503 9.9955E-05 9.9955E-05 0.0609537 0.124537 9.9955E-05 9.9955E-05
0.0794734 0.584735 9.9973E-05 0.00573731 0.245782 0.0418278 0.0140697 9.9973E-05 9.9973E-05 0.0280744
9.99371E-05 9.99371E-05 0.94637 0.0233104 9.99371E-05 9.99371E-05 9.99371E-05 9.99371E-05 9.99371E-05 0.0296197
0.0242253 9.9964E-05 0.613088 0.0322995 0.167293 9.9964E-05 0.112059 9.9964E-05 9.9964E-05 0.0506359
0.0187222 0.374113 0.0692326 0.0588993 9.99819E-05 9.99819E-05 0.07785 0.24214 0.0767143 0.0821286
0.0342099 0.2261 0.322851 9.99729E-05 9.99729E-05 9.99729E-05 0.24349 0.0423823 0.0882329 0.0424346
0.01678 0.385752 9.99459E-05 9.99459E-05 0.49089 9.99459E-05 0.105979 9.99459E-05 9.99459E-05 9.99459E-05
0.130714 0.313677 0.0686036 9.9973E-05 0.0927153 0.117653 9.9973E-05 9.9973E-05 0.204439 0.0718985
0.0853192 0.324044 9.9964E-05 9.9964E-05 0.160716 0.129014 0.0107495 9.9964E-05 0.289758 9.9964E-05
0.0754691 9.9955E-05 9.9955E-05 0.76829 0.141354 0.0103363 9.9955E-05 0.00405112 9.9955E-05 9.9955E-05
9.9955E-05 0.369282 9.9955E-05 9.9955E-05 9.9955E-05 0.357978 9.9955E-05 0.127815 0.0192014 0.125225
0.0140819 9.9946E-05 9.9946E-05 9.9946E-05 0.136345 0.839371 9.9946E-05 9.9946E-05 9.9946E-05 0.00960211
0.0722418 0.335422 0.053637 9.9973E-05 0.281405 0.106331 0.0803554 9.9973E-05 9.9973E-05 0.0703081
0.00701475 0.271897 0.105893 0.0413184 0.153241 9.9973E-05 0.00804314 9.9973E-05 0.412293 9.9973E-05
9.9955E-05 0.290794 9.9955E-05 0.00954405 0.0821049 0.529917 9.9955E-05 9.9955E-05 0.0871405 9.9955E-05
0.0547912 0.0863652 0.179532 0.122145 0.0681196 0.0471939 9.9991E-05 0.103647 0.29788 0.0402264
9.9946E-05 0.595975 0.336192 0.0042291 9.9946E-05 9.9946E-05 9.9946E-05 9.9946E-05 9.9946E-05 0.0630039
0.0946768 0.143523 0.0216213 9.9973E-05 0.0131593 0.143345 9.9973E-05 0.130372 0.453003 9.9973E-05
0.106676 0.251846 9.99729E-05 0.0958252 9.99729E-05 0.171601 0.0471736 9.99729E-05 0.285607 0.0409712
0.0312988 0.298597 0.0442571 9.9973E-05 0.155212 9.9973E-05 9.9973E-05 0.171799 0.281596 0.0169406
9.9955E-05 9.9955E-05 0.383734 0.0388087 9.9955E-05 0.0297643 9.9955E-05 9.9955E-05 0.387341 0.159852
0.0368 0.122086 9.9973E-05 0.0193014 9.9973E-05 9.9973E-05 0.29438 0.35607 0.040348 0.130715
0.134421 0.0893052 0.130892 9.9964E-05 0.331953 9.9964E-05 0.166081 9.9964E-05 0.146948 9.9964E-05
0.0564136 0.801872 9.99459E-05 0.0238268 0.117288 9.99459E-05 9.99459E-05 9.99459E-05 9.99459E-05 9.99459E-05
9.9955E-05 0.787486 9.9955E-05 9.9955E-05 0.0941787 0.0997876 0.00469805 9.9955E-05 9.9955E-05 0.0133498
0.0574949 0.720976 9.9955E-05 0.0512913 0.162653 9.9955E-05 9.9955E-05 9.9955E-05 0.00708487 9.9955E-05
0.0896131 0.0412012 0.12744 0.016267 0.28199 0.131284 0.0545255 0.0925294 0.0744634 0.0906856
0.0459686 0.254084 0.131419 9.9973E-05 9.9973E-05 0.242736 0.0997756 9.9973E-05 0.151174 0.0745436
9.9982E-05 0.554488 0.0666574 0.177498 0.0399043 0.0714965 0.00763267 0.059499 9.9982E-05 0.0226244
0.00544014 0.39601 9.9973E-05 0.119856 0.105863 9.9973E-05 9.9973E-05 0.33804 0.00361665 0.0308749
0.00379672 9.99551E-05 0.0113992 9.99551E-05 0.364598 9.99551E-05 0.115619 9.99551E-05 0.504087 9.99551E-05
9.9973E-05 0.0626159 0.342187 9.9973E-05 0.210886 0.0897639 0.136767 0.121343 9.9973E-05 0.0361358
0.00850482 0.0280243 9.99459E-05 9.99459E-05 9.99459E-05 0.790765 9.99459E-05 9.99459E-05 0.172106 9.99459E-05
0.125777 0.226278 0.100545 9.99551E-05 9.99551E-05 9.99551E-05 0.485244 9.99551E-05 9.99551E-05 0.0616574
0.0273673 9.99639E-05 9.99639E-05 0.0636141 9.99639E-05 0.236862 9.99639E-05 0.0485678 0.529069 0.0941194
0.0639913 9.9973E-05 0.477993 9.9973E-05 0.110655 0.0654763 0.178747 0.0390858 0.0637518 9.9973E-05
9.99369E-05 0.0190274 9.99369E-05 0.960135 9.99369E-05 9.99369E-05 9.99369E-05 9.99369E-05 9.99369E-05 0.0201382
9.9937E-05 9.9937E-05 0.491998 9.9937E-05 0.112527 9.9937E-05 9.9937E-05 9.9937E-05 0.394776 9.9937E-05
0.0352775 0.0510319 9.9955E-05 9.9955E-05 0.845954 0.0436986 0.0235384 9.9955E-05 9.9955E-05 9.9955E-05
0.0749915 0.0427079 0.0537056 0.0157591 9.9982E-05 0.150793 0.0647135 0.166905 0.430224 9.9982E-05
9.99201E-05 9.99201E-05 9.99201E-05 9.99201E-05 0.999101 9.99201E-05 9.99201E-05 9.99201E-05 9.99201E-05 9.99201E-05
9.9982E-05 0.141192 9.9982E-05 0.153018 0.375916 0.0670497 0.193773 0.0222458 0.0131748 0.0334299
9.9946E-05 9.9946E-05 0.780526 9.9946E-05 0.102801 0.063883 9.9946E-05 9.9946E-05 9.9946E-05 0.0521901
0.0317073 0.737063 9.99551E-05 9.99551E-05 9.99551E-05 0.0405661 9.99551E-05 9.99551E-05 0.123619 0.0665448
0.125764 9.99551E-05 0.127422 0.342428 9.99551E-05 9.99551E-05 0.00627789 9.99551E-05 0.397609 9.99551E-05
9.99549E-05 0.0611644 0.238538 0.198486 9.99549E-05 0.154279 9.99549E-05 9.99549E-05 0.347034 9.99549E-05
0.00932081 0.181614 0.136201 0.0552332 9.9982E-05 0.0953962 0.127241 9.9982E-05 0.340791 0.0540022
9.99201E-05 9.99201E-05 9.99201E-05 0.999101 9.99201E-05 9.99201E-05 9.99201E-05 9.99201E-05 9.99201E-05 9.99201E-05
0.0975002 0.338892 0.0723156 0.0246108 0.088424 0.0343278 9.9991E-05 0.0793099 0.175086 0.0894331
9.99279E-05 9.99279E-05 9.99279E-05 9.99279E-05 9.99279E-05 0.0150304 9.99279E-05 9.99279E-05 9.99279E-05 0.98417
0.0562063 9.9973E-05 0.224006 9.9973E-05 0.0226677 0.00543724 0.283194 0.303399 9.9973E-05 0.104789
9.9973E-05 0.356634 0.184533 0.0022391 0.0376267 0.0292074 0.0978696 0.29159 9.9973E-05 9.9973E-05
9.9973E-05 0.105214 0.265485 0.0140606 0.164313 0.0359508 9.9973E-05 0.148633 0.266043 9.9973E-05
0.0611105 0.0290806 0.0788194 0.0754469 9.9982E-05 0.35453 0.106168 0.173178 9.9982E-05 0.121467
0.00747954 0.417229 0.0927774 0.0388942 0.0341906 9.99783E-05 9.99783E-05 9.99783E-05 0.346807 0.0623225
0.038786 0.226154 0.106598 0.0300537 9.9964E-05 0.476192 9.9964E-05 9.9964E-05 0.121817 9.9964E-05
9.9982E-05 0.118654 0.0563964 9.9982E-05 0.227537 0.0549082 0.187736 0.0746674 0.143664 0.136237
0.115421 0.303965 0.388022 0.0337727 0.158319 9.9955E-05 9.9955E-05 9.9955E-05 9.9955E-05 9.9955E-05
9.99549E-05 0.120187 0.174104 9.99549E-05 0.449206 9.99549E-05 9.99549E-05 0.236035 9.99549E-05 0.0199683
0.0623031 9.9973E-05 0.134462 0.294778 0.0283486 9.9973E-05 0.0199039 9.9973E-05 0.432126 0.0277777
9.9973E-05 9.9973E-05 0.260961 0.0434565 0.425519 0.0874192 9.9973E-05 0.0119464 0.0841221 0.0862753
9.99201E-05 9.99201E-05 9.99201E-05 0.999101 9.99201E-05 9.99201E-05 9.99201E-05 9.99201E-05 9.99201E-05 9.99201E-05
9.9973E-05 0.118968 0.166952 9.9973E-05 9.9973E-05 0.182038 0.0859117 0.0631852 0.223117 0.159528
0.0567163 9.9982E-05 0.0422047 0.00572001 0.422976 0.329019 9.9982E-05 0.0315565 0.0798154 0.0317921
9.9955E-05 0.0974677 0.365872 0.0430223 0.356517 9.9955E-05 0.136621 9.9955E-05 9.9955E-05 9.9955E-05
0.116357 0.128883 0.0553213 0.0435579 0.166118 0.151464 0.22359 9.9982E-05 0.114509 9.9982E-05
0.059998 9.9973E-05 9.9973E-05 0.108207 0.542041 0.0978406 9.9973E-05 0.0446594 0.137593 0.00936081
0.079849 0.0721211 9.9955E-05 0.356938 9.9955E-05 0.155483 9.9955E-05 9.9955E-05 0.33511 9.9955E-05
0.092349 0.0837509 0.0871457 0.107744 0.514305 9.9973E-05 9.9973E-05 9.9973E-05 0.0899587 0.0244473
0.00186764 0.126308 9.9973E-05 9.9973E-05 0.0212572 0.0635208 0.454464 0.271988 9.9973E-05 0.060295
0.0339591 0.0466849 0.618715 0.00648813 9.9973E-05 0.00095233 9.9973E-05 9.9973E-05 0.279506 0.0133947
9.99461E-05 0.0554066 9.99461E-05 9.99461E-05 9.99461E-05 9.99461E-05 0.324184 0.159628 0.460182 9.99461E-05
0.0941339 0.411759 0.315429 9.9964E-05 9.9964E-05 9.9964E-05 0.0751749 0.0592339 0.0438702 9.9964E-05
0.00887525 0.2681 0.121514 0.0687743 0.314289 9.9982E-05 0.00518102 9.9982E-05 0.207601 0.00546544
9.99459E-05 9.99459E-05 0.150848 9.99459E-05 0.028731 9.99459E-05 0.687533 0.132288 9.99459E-05 9.99459E-05
9.996E-05 9.996E-05 0.251825 0.0927862 9.996E-05 0.409541 0.0804322 0.0677485 9.996E-05 0.0972674
0.0626486 9.9964E-05 9.9964E-05 0.0129444 0.167374 0.589043 0.0523421 9.9964E-05 0.115248 9.9964E-05
0.0190619 0.107434 9.9973E-05 0.0741482 0.534478 9.9973E-05 0.195259 9.9973E-05 0.0576062 0.0117124
9.9973E-05 0.178834 9.9973E-05 0.324323 0.146137 0.0135916 0.150472 0.17263 9.9973E-05 0.0137132
0.0560333 0.23201 9.996E-05 0.0525318 0.398036 9.996E-05 9.996E-05 0.0196728 0.241316 9.996E-05
0.00861279 0.46654 9.9964E-05 0.0277065 0.141766 0.325835 0.0291402 9.9964E-05 9.9964E-05 9.9964E-05
0.0874523 0.435905 0.180472 9.9973E-05 9.9973E-05 0.111662 0.060394 9.9973E-05 0.0515045 0.0723097
9.99279E-05 9.99279E-05 9.99279E-05 9.99279E-05 9.99279E-05 9.99279E-05 0.0841276 0.915073 9.99279E-05 9.99279E-05
9.99201E-05 9.99201E-05 9.99201E-05 9.99201E-05 9.99201E-05 9.99201E-05 9.99201E-05 0.999101 9.99201E-05 9.99201E-05
0.0756566 9.9991E-05 0.426914 0.0243115 0.241799 0.0123866 0.0676502 0.0639633 0.0559035 0.0313155
0.0597894 0.108686 9.9973E-05 9.9973E-05 0.386673 0.0899543 0.221645 9.9973E-05 0.00926196 0.123689
0.077196 0.101151 0.163809 0.05041 0.0383401 0.0252503 0.329145 9.9991E-05 0.112494 0.102104
0.086028 0.750133 0.0941549 9.9955E-05 9.9955E-05 9.9955E-05 9.9955E-05 0.0424156 9.9955E-05 0.0267686
9.9973E-05 0.198997 0.130268 0.0920598 0.169231 9.9973E-05 0.278423 9.9973E-05 0.0657901 0.0649307
0.0542288 0.0401315 0.202096 0.0469298 0.0114004 0.303959 0.163545 9.9991E-05 0.127207 0.0504034
0.0867067 9.9982E-05 9.9982E-05 0.0643802 0.208822 0.024785 0.0878633 0.0403328 0.331823 0.155087
0.0743299 9.99729E-05 0.0190399 0.198531 0.358032 0.135189 0.0800766 9.99729E-05 0.134502 9.99729E-05
0.0119415 9.9991E-05 0.276125 0.00883762 0.141008 0.16349 0.0378511 0.0889332 0.224528 0.0471859
0.999101 9.99201E-05 9.99201E-05 9.99201E-05 9.99201E-05 9.99201E-05 9.99201E-05 9.99201E-05 9.99201E-05 9.99201E-05
0.0627683 9.9973E-05 0.0517044 0.0106293 0.107201 0.565323 9.9973E-05 0.0799236 9.9973E-05 0.12215
9.99461E-05 9.99461E-05 0.0524653 9.99461E-05 0.621285 9.99461E-05 9.99461E-05 0.113029 9.99461E-05 0.21262
9.99201E-05 9.99201E-05 9.99201E-05 9.99201E-05 9.99201E-05 9.99201E-05 0.999101 9.99201E-05 9.99201E-05 9.99201E-05
0.0438561 9.9964E-05 0.230604 9.9964E-05 0.367117 9.9964E-05 0.00180229 0.149022 9.9964E-05 0.207199
0.129236 0.21137 0.0465472 0.0715527 0.107276 0.156441 0.152155 0.0788809 9.9991E-05 0.0464417
0.0450423 9.9982E-05 0.226886 0.0662772 0.291813 9.9982E-05 0.105767 0.0948772 0.164571 0.00456618
0.0315011 9.99549E-05 9.99549E-05 0.0594621 9.99549E-05 0.00697677 0.901334 9.99549E-05 0.00022654 9.99549E-05
0.0694903 9.9982E-05 9.9982E-05 0.156536 0.10191 0.0389859 0.111379 0.241918 0.260893 0.0186881
0.0713212 0.335948 0.231764 9.99639E-05 0.24686 0.0859846 0.0277227 9.99639E-05 9.99639E-05 9.99639E-05
0.0830827 0.391235 0.0822819 0.0653716 0.00676954 0.0575574 0.0898876 9.9991E-05 0.203258 0.0204567
9.9946E-05 9.9946E-05 9.9946E-05 0.126903 0.265283 0.600705 9.9946E-05 0.0065092 9.9946E-05 9.9946E-05
0.0255333 0.327369 0.0196697 0.0666861 0.258662 0.124132 0.0217965 9.9991E-05 0.137631 0.0184198
0.104103 0.0960847 9.9982E-05 9.9982E-05 0.101353 0.356262 0.0573011 0.0487688 0.124707 0.111221
0.999101 9.99201E-05 9.99201E-05 9.99201E-05 9.99201E-05 9.99201E-05 9.99201E-05 9.99201E-05 9.99201E-05 9.99201E-05
0.320224 9.99639E-05 9.99639E-05 9.99639E-05 0.11013 0.0739865 0.148201 0.138008 0.209051 9.99639E-05
9.9955E-05 9.9955E-05 0.231785 9.9955E-05 0.210438 0.0806752 9.9955E-05 0.369088 9.9955E-05 0.107514
0.0621908 0.258543 0.412251 0.0878399 0.0336766 0.099499 0.0202446 9.9982E-05 9.9982E-05 0.025556
0.0453665 9.9964E-05 0.116631 9.9964E-05 0.063057 0.59575 0.114518 9.9964E-05 9.9964E-05 0.0642773
0.0400994 9.9982E-05 0.112514 9.9982E-05 0.308713 0.0371203 0.186475 0.0939056 0.216202 0.00477028
0.0704496 0.338255 0.0475979 9.9991E-05 0.117907 0.00082113 0.0641557 0.259289 0.0259408 0.0754836
9.99201E-05 9.99201E-05 9.99201E-05 9.99201E-05 9.99201E-05 9.99201E-05 9.99201E-05 0.999101 9.99201E-05 9.99201E-05
0.105289 0.0257702 9.9973E-05 0.0456484 9.9973E-05 0.223849 0.133433 0.0250347 0.440676 9.9973E-05
9.9982E-05 0.541018 0.0418872 0.0510434 0.0197159 0.0863522 0.0546052 0.166186 0.0389925 9.9982E-05
0.040231 0.0888033 0.0303992 0.0463203 9.9982E-05 9.9982E-05 0.107502 0.266649 0.327961 0.0919339
0.0969823 0.398318 0.19197 0.0133638 9.9964E-05 0.294095 9.9964E-05 9.9964E-05 0.00487086 9.9964E-05
9.9946E-05 0.48927 0.146796 9.9946E-05 9.9946E-05 9.9946E-05 9.9946E-05 0.327718 9.9946E-05 0.0356164
0.071438 0.0233191 9.997E-05 9.997E-05 0.335067 0.155842 0.0586499 0.167376 0.188009 9.997E-05
9.9964E-05 0.293748 9.9964E-05 9.9964E-05 0.390086 9.9964E-05 0.165704 0.00451549 0.0776105 0.0679355
0.084417 0.312561 0.331924 9.9964E-05 9.9964E-05 0.153071 9.9964E-05 0.0400924 0.0775344 9.9964E-05
9.9955E-05 9.9955E-05 0.0678533 0.103031 9.9955E-05 9.9955E-05 0.506301 0.197699 9.9955E-05 0.124616
9.99279E-05 9.99279E-05 9.99279E-05 0.0269093 9.99279E-05 9.99279E-05 9.99279E-05 9.99279E-05 9.99279E-05 0.972291
0.0334581 9.9973E-05 0.556059 0.0935239 0.209682 9.9973E-05 0.0351275 0.067149 9.9973E-05 0.00470027
9.99201E-05 9.99201E-05 9.99201E-05 9.99201E-05 9.99201E-05 9.99201E-05 9.99201E-05 9.99201E-05 0.999101 9.99201E-05
0.124122 0.103122 0.183641 0.0499229 9.9982E-05 0.117792 9.9982E-05 0.00674456 0.384255 0.0302
0.0516955 0.117521 0.324739 9.9973E-05 9.9973E-05 0.229028 9.9973E-05 0.116761 0.141501 0.0184549
9.9982E-05 0.107502 0.168184 0.172526 0.127172 0.242917 0.00363846 0.148242 0.0296185 9.9982E-05
0.00664398 0.171048 9.9973E-05 9.9973E-05 0.175325 0.311096 0.134114 0.200729 9.9973E-05 0.00074418
9.99201E-05 9.99201E-05 9.99201E-05 9.99201E-05 9.99201E-05 9.99201E-05 9.99201E-05 9.99201E-05 9.99201E-05 0.999101
0.0837468 0.307662 0.253067 9.9964E-05 0.0828882 0.232734 9.9964E-05 9.9964E-05 0.0395028 9.9964E-05
0.0596283 0.461682 9.9973E-05 0.0691203 9.9973E-05 0.238297 9.9973E-05 0.0444841 0.0162033 0.110285
0.00158338 0.0348836 0.227423 9.99729E-05 0.380509 0.113909 0.0447452 9.99729E-05 0.196647 9.99729E-05
0.0179833 9.9982E-05 0.274526 0.160557 0.188509 0.0137283 0.0398409 0.202155 0.1025 9.9982E-05
