0.0585174 0.813428 9.9973E-05 9.9973E-05 9.9973E-05 0.0902748 0.0374798
9.999E-05 0.130078 0.0986105 0.106025 0.0276642 0.359898 0.277624
0.106898 0.182626 0.0137267 0.142203 0.059632 0.391975 0.102939
0.000168109 0.268863 0.0717328 0.154003 0.0645128 0.44062 9.9991E-05
0.130344 9.9991E-05 0.042683 0.189444 0.072052 0.473353 0.0920239
0.0899574 9.9982E-05 9.9982E-05 0.174431 0.0687539 0.472407 0.194251
0.110399 0.358141 0.00510475 9.9991E-05 0.193882 0.297159 0.0352152
0.0990182 0.150524 0.0896261 0.0544608 0.0585591 0.218396 0.329416
0.417579 0.226223 0.0419496 0.0519074 0.0415112 0.22073 9.9991E-05
0.292939 0.147624 0.226021 0.187346 0.145869 9.9982E-05 9.9982E-05
0.343687 9.9973E-05 9.9973E-05 0.258212 0.098485 0.299316 9.9973E-05
0.609495 0.00376916 0.0653603 9.9982E-05 0.107004 0.214172 9.9982E-05
0.147818 0.203195 0.179785 0.0605976 0.133426 0.213661 0.0615173
9.999E-05 0.37508 0.133703 0.151449 0.0778787 0.0188824 0.242908
9.9982E-05 0.0367864 9.9982E-05 0.122335 0.0580753 0.0642935 0.71831
9.9982E-05 0.0976215 0.13667 0.068773 0.142882 9.9982E-05 0.553854
9.9982E-05 9.9982E-05 0.0950741 0.230561 0.0312677 0.143988 0.498909
0.0541079 0.162743 0.233626 0.132799 0.15313 0.128236 0.135358
0.292724 0.164233 0.0034072 9.9991E-05 0.157257 0.279705 0.102573
0.000451993 0.0954557 0.140244 0.072852 0.0648769 0.529024 0.0970959
0.286285 0.231385 9.9982E-05 0.0854221 0.137107 0.259601 9.9982E-05
0.347679 0.189553 0.0260721 0.151548 0.105694 0.00537795 0.174076
0.12018 0.359366 9.9982E-05 9.9982E-05 0.17828 0.192974 0.149
0.00483836 0.246686 0.101897 0.0748148 0.0423619 0.226057 0.303345
0.234471 0.155973 9.9991E-05 0.380398 0.122942 0.0721057 0.0340108
9.9982E-05 0.403603 0.273648 0.0676093 9.9982E-05 0.0921527 0.162786
0.249543 0.134007 0.194797 0.117263 0.158875 0.00867261 0.136842
0.0117253 0.249847 0.229064 0.216379 0.0168835 0.172498 0.103602
0.122547 0.274282 0.224457 0.0976932 0.03776 0.0424079 0.200852
9.99729E-05 0.181778 0.537084 9.99729E-05 9.99729E-05 0.134817 0.146021
0.320402 9.9991E-05 0.0675019 0.101537 0.099126 0.395542 0.0157917
0.753352 0.062456 9.9982E-05 0.00861839 0.108312 0.0670614 9.9982E-05
0.00425214 0.184933 0.113139 9.9991E-05 0.0586679 0.590606 0.048302
0.129706 0.0553007 9.9991E-05 0.169218 0.0895275 0.489686 0.0664609
0.14559 0.223545 0.0274982 0.167852 0.137349 0.235906 0.0622601
9.9955E-05 0.935776 9.9955E-05 9.9955E-05 0.0637241 9.9955E-05 9.9955E-05
9.9982E-05 0.0928821 9.9982E-05 0.117946 0.0210516 0.618972 0.148948
0.14803 0.547736 0.0709232 0.195471 9.9982E-05 9.9982E-05 0.0376391
0.00138846 9.9991E-05 0.0578789 0.185553 0.104219 0.524787 0.126074
0.137025 0.171282 9.9991E-05 0.101091 0.115082 0.345151 0.130269
0.450209 0.0583026 0.0860153 0.0702509 0.0802269 0.11389 0.141105
9.999E-05 0.136466 0.0567298 0.170713 0.0359492 0.488437 0.111604
0.21327 0.17897 0.0559645 0.124376 0.120842 0.177786 0.128791
0.36961 0.271446 0.180169 9.9973E-05 9.9973E-05 0.178476 9.9973E-05
0.831571 0.00981943 0.0574632 9.9982E-05 0.0937483 9.9982E-05 0.0071985
0.291815 0.0821867 0.00761267 0.240386 0.0358642 0.342035 9.9991E-05
0.343493 9.9982E-05 0.0788161 9.9982E-05 0.0720315 0.457051 0.0484083
0.393011 9.9982E-05 0.0416778 9.9982E-05 0.0673631 0.414851 0.0828974
0.394505 9.9991E-05 0.109806 0.0234496 0.0700382 0.351056 0.0510449
0.142202 0.145309 0.103397 9.9991E-05 0.106715 0.180607 0.32167
0.0601725 0.373974 0.045495 0.203319 0.149093 9.9991E-05 0.167847
0.113655 0.0836949 9.9991E-05 0.0379782 0.104276 0.385838 0.274458
0.0781929 9.9991E-05 0.0859339 0.0058756 0.0789511 0.207439 0.543507
0.0871907 0.0767823 0.0750429 0.16396 0.0958296 0.0645687 0.436626
0.65125 9.9964E-05 0.259791 9.9964E-05 9.9964E-05 9.9964E-05 0.088559
0.20584 9.9973E-05 9.9973E-05 0.0523128 0.120061 0.621487 9.9973E-05
0.843732 9.9973E-05 0.0362641 0.0791863 0.0405172 9.9973E-05 9.9973E-05
0.372861 0.152669 0.0923728 0.116706 0.131139 0.134152 9.9991E-05
0.23794 0.0356423 0.052711 0.198519 0.102344 0.0747644 0.29808
0.507083 0.00813628 0.0567941 0.250935 0.0886202 9.9991E-05 0.0883318
9.9982E-05 9.9982E-05 0.000929462 0.0492905 0.0139831 0.932762 0.0028353
9.9991E-05 0.173244 0.0689305 0.132759 0.105507 0.396996 0.122463
0.10261 0.000716495 0.00934971 9.9991E-05 0.136761 0.745473 0.00499071
9.9964E-05 9.9964E-05 0.828967 9.9964E-05 0.0867532 0.0838802 9.9964E-05
9.9973E-05 0.409681 9.9973E-05 0.170838 9.9973E-05 0.306401 0.112781
9.9955E-05 0.934359 9.9955E-05 9.9955E-05 0.0651413 9.9955E-05 9.9955E-05
9.9982E-05 0.456929 0.0089989 0.097348 0.0985303 0.337994 9.9982E-05
0.226163 9.9991E-05 0.110037 0.0382495 0.0537251 0.468865 0.10286
9.9973E-05 0.220868 0.0157909 9.9973E-05 0.0318518 0.731189 9.9973E-05
0.0914813 0.0551332 0.199507 0.120007 0.107685 0.240122 0.186064
0.406714 9.9982E-05 0.104967 0.333332 0.0349106 9.9982E-05 0.119877
0.0509606 0.317462 0.0870924 0.00464124 0.138764 0.0314955 0.369584
0.249367 0.088098 0.104273 0.0285151 0.19371 0.144501 0.191536
0.177479 9.9991E-05 0.0543082 0.10849 0.0552152 0.429215 0.175192
0.381717 0.123682 0.109292 0.127633 0.035098 9.9991E-05 0.222478
0.47627 9.9982E-05 9.9982E-05 0.155072 0.0245218 0.00603878 0.337897
0.41029 9.9982E-05 0.00768582 0.0742882 0.174658 0.332878 9.9982E-05
9.9964E-05 9.9964E-05 9.9964E-05 0.0876923 0.088442 0.823466 9.9964E-05
9.9964E-05 9.9964E-05 9.9964E-05 0.0221612 9.9964E-05 0.961014 0.016425
0.14024 0.0261882 0.0706889 9.9991E-05 0.0538442 0.697099 0.0118399
0.243463 0.16333 0.067393 0.0170186 0.0998019 0.27696 0.132034
0.135164 0.190917 0.0567594 0.099514 0.0309478 0.486598 9.9991E-05
0.41776 0.0192209 0.170533 0.0511073 0.00975636 0.296936 0.0346866
0.0384085 9.9991E-05 0.0341408 0.00132482 0.0474727 0.433133 0.44542
0.201945 0.13719 0.0210193 0.0633822 0.146396 0.327383 0.102684
0.561229 0.266257 9.9991E-05 0.0876372 0.00853406 0.0504636 0.0257792
0.0420913 0.724742 0.00423383 9.9991E-05 0.0985184 0.077185 0.053129
0.606416 9.9982E-05 9.9982E-05 0.107513 0.185943 0.0555326 0.0443968
9.9982E-05 0.211496 0.192085 0.140014 0.0645541 9.9982E-05 0.391651
0.681524 0.216416 9.9973E-05 0.00196604 0.0997948 9.9973E-05 9.9973E-05
9.99549E-05 9.99549E-05 0.938447 0.0610537 9.99549E-05 9.99549E-05 9.99549E-05
0.401606 0.124224 0.028112 0.181159 0.0656595 0.00584872 0.19339
9.9973E-05 0.135187 9.9973E-05 0.0547421 0.122656 0.687115 9.9973E-05
0.121358 0.116781 0.0490347 9.9991E-05 0.121589 0.133214 0.457922
9.9973E-05 0.140148 9.9973E-05 0.104815 0.0211997 0.733537 9.9973E-05
9.9982E-05 0.155688 0.192579 0.13454 9.9982E-05 0.454127 0.0628655
0.39297 0.352891 0.0189313 0.0749057 9.9991E-05 0.0850699 0.0751325
0.20997 0.0054282 0.124474 0.227462 0.0341465 0.395927 0.00259266
9.9982E-05 0.261892 0.517065 0.052328 0.141674 0.0268402 9.9982E-05
0.0188042 0.223052 0.408056 0.055953 9.9991E-05 0.191948 0.102086
0.148755 0.324707 0.125437 0.106153 0.0334898 0.080875 0.180584
9.995E-05 9.995E-05 0.9994 9.995E-05 9.995E-05 9.995E-05 9.995E-05
0.133035 9.9991E-05 0.0410231 0.185514 0.0420171 0.35123 0.247081
9.99549E-05 9.99549E-05 0.00132376 0.998176 9.99549E-05 9.99549E-05 9.99549E-05
0.138075 0.444266 0.0512934 0.0882255 0.0590584 9.9991E-05 0.218982
0.313713 0.169741 9.9982E-05 9.9982E-05 0.000449298 0.214849 0.301049
0.247421 0.168026 0.0626569 0.036506 0.0659934 0.0760889 0.343308
0.100859 0.0644798 0.0574741 0.109694 0.046332 0.512577 0.108585
0.0824997 9.9991E-05 0.160054 0.107758 0.0770013 0.244272 0.328315
9.9982E-05 0.333234 0.137116 9.9982E-05 0.0282726 0.402459 0.0987188
0.0657426 0.126188 9.9991E-05 0.196828 0.0632838 0.346528 0.20133
0.546423 9.9973E-05 0.158449 9.9973E-05 0.0917769 0.203051 9.9973E-05
0.253656 0.0997026 9.9982E-05 0.0267986 9.9982E-05 0.386715 0.232927
0.0682986 0.107791 0.602129 0.0658919 0.135199 0.00642581 0.0142641
0.158753 0.277079 0.0352834 0.167558 9.9991E-05 0.298346 0.0628812
9.995E-05 9.995E-05 0.9994 9.995E-05 9.995E-05 9.995E-05 9.995E-05
0.150222 0.227908 9.9982E-05 0.34498 9.9982E-05 0.120057 0.156633
0.0483488 0.636754 0.000137203 0.0146016 0.0659515 0.102962 0.131245
0.505121 9.9973E-05 0.0271699 9.9973E-05 0.0309981 0.436411 9.9973E-05
0.510434 0.201805 0.0658593 0.11767 0.104032 9.9982E-05 9.9982E-05
0.09742 0.216544 0.00675645 0.133109 0.127125 0.282411 0.136634
9.9991E-05 0.184676 0.466285 0.0589051 0.166058 0.0356103 0.088365
0.309666 0.0339654 0.238832 0.145061 0.122762 0.149612 9.9991E-05
0.131527 0.00211485 9.9991E-05 0.0947107 0.0346668 0.341854 0.395027
0.478594 9.9982E-05 0.235255 0.0543324 0.0721509 0.159468 9.9982E-05
9.9973E-05 9.9973E-05 9.9973E-05 0.0840678 0.0155943 0.320881 0.579157
0.35525 0.147951 9.9982E-05 9.9982E-05 0.119576 0.254044 0.122979
0.200117 9.9982E-05 0.162797 0.0561716 0.052387 0.528328 9.9982E-05
0.692471 9.9973E-05 9.9973E-05 9.9973E-05 0.0655681 0.150411 0.0912501
0.293834 0.335601 0.177488 0.0796263 0.0900612 0.0232893 9.9991E-05
0.0147034 0.662857 0.0793413 9.9982E-05 0.143427 0.0994712 9.9982E-05
0.00431136 0.136195 0.0159946 0.0711641 0.153926 0.488826 0.129582
0.163239 0.0426997 0.296199 0.0938855 0.0374995 0.366377 9.9991E-05
0.0603128 9.9991E-05 0.119604 0.00430841 0.121905 0.358562 0.335208
0.313931 0.217441 0.0182637 0.0635256 0.0664239 0.320314 9.9991E-05
0.435809 9.9982E-05 0.0550568 0.143541 0.0946487 0.270745 9.9982E-05
0.0126998 9.9955E-05 9.9955E-05 9.9955E-05 9.9955E-05 9.9955E-05 0.9868
9.9955E-05 9.9955E-05 9.9955E-05 9.9955E-05 0.0585848 9.9955E-05 0.940915
0.452333 0.162912 0.0248422 0.0412008 0.140485 0.0938359 0.0843917
0.0668879 0.059839 0.045259 0.109858 0.0123128 0.705744 9.9991E-05
0.335542 0.110305 0.00543773 0.137175 0.117614 0.277611 0.0163153
0.250836 9.9982E-05 9.9982E-05 0.136887 0.132334 0.178154 0.301588
0.251308 9.9982E-05 0.0865701 0.186346 0.0120104 0.463565 9.9982E-05
0.489655 0.171704 0.0579678 0.060038 0.0672723 0.153263 9.9991E-05
9.9973E-05 9.9973E-05 9.9973E-05 0.0961511 0.110094 0.566999 0.226456
9.9982E-05 0.161195 0.371774 9.9982E-05 0.147462 0.256871 0.0624985
0.29049 0.0903677 0.0587751 0.0950465 0.0585333 0.215607 0.191181
9.995E-05 9.995E-05 9.995E-05 9.995E-05 0.9994 9.995E-05 9.995E-05
9.9982E-05 0.638697 9.9982E-05 0.11805 0.086579 0.124162 0.0323122
9.9982E-05 0.10956 9.9982E-05 0.305269 0.0805368 0.435454 0.0689789
0.642349 9.9982E-05 0.0546331 0.0065705 0.111419 0.184828 9.9982E-05
0.126842 0.101036 9.9991E-05 0.247889 0.0915209 0.241647 0.190965
0.256969 0.164957 0.146985 0.0874575 0.156638 0.0951149 0.0918792
0.338215 9.9991E-05 0.124381 0.0805905 0.0772124 0.141892 0.237609
0.398659 0.00503946 0.0324868 9.9991E-05 0.12338 0.394586 0.0457492
9.9991E-05 0.182439 0.13368 0.0781262 0.100264 0.190757 0.314633
0.19914 0.271329 9.9982E-05 0.0214593 0.0897587 0.418113 9.9982E-05
0.129604 0.0370176 0.068682 0.1512 0.122838 0.458677 0.0319814
9.9964E-05 0.820182 0.107993 9.9964E-05 9.9964E-05 0.0714257 9.9964E-05
0.195955 0.0770776 0.133153 0.077996 9.9991E-05 0.474719 0.0409993
0.0922456 0.286853 9.9982E-05 0.0270023 0.134059 0.45964 9.9982E-05
9.995E-05 9.995E-05 9.995E-05 9.995E-05 0.9994 9.995E-05 9.995E-05
0.112462 0.0885616 9.9991E-05 0.000499496 0.486591 0.0146289 0.297158
0.0468177 0.110718 9.9982E-05 0.133613 9.9982E-05 0.186971 0.521681
0.41299 0.187133 0.0230079 0.0983353 0.104303 0.0912601 0.0829703
9.9955E-05 0.866954 9.9955E-05 9.9955E-05 0.132547 9.9955E-05 9.9955E-05
0.354695 0.226558 9.9982E-05 9.9982E-05 0.113828 0.181166 0.123552
0.162991 0.0395457 9.9991E-05 0.213003 0.073307 0.3579 0.153154
9.995E-05 9.995E-05 9.995E-05 9.995E-05 9.995E-05 9.995E-05 0.9994
0.0622194 0.223899 0.0523357 0.00370245 0.138642 0.257122 0.26208
0.335875 0.143724 0.149823 0.105988 9.9991E-05 0.163552 0.100938
0.215329 9.9991E-05 0.138641 0.126039 0.0983535 0.132876 0.288661
0.0204246 0.216085 0.0442395 0.013617 0.0798454 0.540226 0.0855623
0.186241 0.124995 9.9973E-05 0.145179 9.9973E-05 9.9973E-05 0.543285
0.216572 0.19507 9.9991E-05 0.0392099 0.113794 0.363905 0.0713485
0.218838 9.9973E-05 0.0026643 0.237799 9.9973E-05 0.540399 9.9973E-05
0.340329 9.9982E-05 9.9982E-05 0.00352814 0.199933 0.320555 0.135454
0.347716 0.157621 0.0485428 0.138741 0.0166797 0.0648997 0.225799
9.995E-05 9.995E-05 9.995E-05 0.9994 9.995E-05 9.995E-05 9.995E-05
0.43482 0.0350908 0.119327 0.0946413 0.0238327 0.292188 9.9991E-05
9.9991E-05 0.0270584 0.143074 0.124287 0.0497498 0.0897768 0.565953
0.155828 0.401702 0.107687 0.0298276 0.0884804 0.127293 0.0891817
0.222199 0.353956 0.0473664 0.0556615 0.0543069 0.00619437 0.260316
0.262479 0.302963 0.213819 9.9973E-05 9.9973E-05 0.22044 9.9973E-05
0.125265 0.288818 0.0297036 0.0549377 0.0403108 0.285978 0.174987
9.995E-05 9.995E-05 9.995E-05 0.9994 9.995E-05 9.995E-05 9.995E-05
0.303234 0.066493 0.00016514 0.084274 0.114152 0.406311 0.0253718
9.9991E-05 0.245763 0.155313 0.243692 0.0748059 0.103385 0.176942
9.9973E-05 0.328319 9.9973E-05 0.0484031 9.9973E-05 0.564129 0.0588486
0.290306 0.112693 0.117193 9.9982E-05 0.0227978 9.9982E-05 0.45681
