0.360366 0.106154 0.217281 0.316199
0.459637 9.9991E-05 0.412699 0.127564
0.22203 0.367196 0.398232 0.0125416
0.406329 0.169951 0.364012 0.0597081
0.384144 9.9991E-05 0.463005 0.15275
0.26998 0.457725 0.272195 9.9991E-05
0.390325 9.99911E-05 0.385863 0.223712
0.146689 9.99821E-05 0.853111 9.99821E-05
0.315847 0.0876025 9.99911E-05 0.59645
9.99821E-05 0.629247 9.99821E-05 0.370553
0.0967523 0.24398 0.318434 0.340834
9.99822E-05 9.99822E-05 0.352186 0.647614
0.249885 0.0522803 0.621562 0.076272
0.315907 0.051153 0.401094 0.231846
0.122734 0.136895 0.410444 0.329927
0.283062 9.99911E-05 0.335104 0.381734
0.475203 9.99911E-05 0.249897 0.2748
0.105756 0.457313 9.9991E-05 0.436832
9.99821E-05 9.99821E-05 0.424895 0.574905
9.9991E-05 0.546187 0.372496 0.0812171
0.0529273 0.839152 9.99911E-05 0.107821
0.386448 9.99911E-05 0.267824 0.345629
0.474266 0.253134 0.236055 0.0365454
0.9997 9.998E-05 9.998E-05 9.998E-05
0.55692 0.232908 0.188941 0.0212314
0.516575 9.9991E-05 0.17381 0.309515
0.0223692 0.151218 9.9991E-05 0.826313
0.263403 9.99911E-05 0.486065 0.250432
9.99821E-05 0.347493 0.652307 9.99821E-05
0.763901 9.99821E-05 9.99821E-05 0.235899
0.224703 0.136404 0.216856 0.422037
9.99911E-05 0.0910876 0.780068 0.128744
9.99821E-05 0.627619 9.99821E-05 0.372181
0.101093 9.9991E-05 0.833943 0.0648647
0.685165 0.04459 0.153237 0.117008
0.0787612 0.51254 9.9991E-05 0.408599
0.194217 0.079063 0.512614 0.214106
0.189447 0.810353 9.99821E-05 9.99821E-05
0.116891 0.271524 0.327911 0.283674
0.24873 0.400684 0.332086 0.0184997
0.367881 0.0622791 0.0161917 0.553648
9.99821E-05 0.242392 9.99821E-05 0.757408
0.253414 0.216695 0.204052 0.32584
0.391818 0.0107579 0.278135 0.31929
9.99911E-05 0.157246 0.737762 0.104893
0.360482 0.103734 0.219585 0.316198
9.99911E-05 0.510493 0.325366 0.164042
9.9982E-05 0.322032 9.9982E-05 0.677768
9.99911E-05 0.0897854 0.578654 0.331461
0.172628 0.09939 0.594981 0.133002
0.577338 9.9982E-05 0.422462 9.9982E-05
9.99821E-05 0.79786 9.99821E-05 0.20194
0.339988 9.99821E-05 9.99821E-05 0.659812
0.343581 0.0255359 0.630783 9.99911E-05
0.00710169 0.190451 0.427363 0.375084
0.142862 9.99911E-05 0.0528541 0.804184
0.685066 9.9991E-05 0.158467 0.156368
0.00763893 0.0219168 0.400559 0.569885
9.9982E-05 9.9982E-05 0.339321 0.660479
0.0831562 0.629104 9.9991E-05 0.287639
0.332992 9.99911E-05 0.548494 0.118414
0.219263 0.0804639 9.9991E-05 0.700174
9.99821E-05 9.99821E-05 0.259262 0.740538
0.602589 0.154699 0.242612 9.99911E-05
0.122955 9.99911E-05 0.638081 0.238865
0.16859 0.0409473 0.1611 0.629363
0.333839 0.514886 0.0771027 0.074173
0.0590473 9.9991E-05 0.304273 0.63658
9.99821E-05 9.99821E-05 0.586522 0.413278
0.105246 0.463013 0.293152 0.138589
0.0291068 0.273488 0.282605 0.4148
0.155299 9.99821E-05 9.99821E-05 0.844501
0.0617127 9.99822E-05 0.938087 9.99822E-05
9.99821E-05 9.99821E-05 0.611346 0.388454
0.198327 9.99822E-05 0.801473 9.99822E-05
9.99821E-05 9.99821E-05 0.475741 0.524059
0.547324 9.99822E-05 9.99822E-05 0.452476
0.349071 9.9991E-05 0.113413 0.537417
0.315917 9.9991E-05 0.485074 0.198909
0.12959 9.9991E-05 0.834637 0.0356732
0.117595 9.99911E-05 0.593556 0.288748
0.321139 0.340685 0.241768 0.0964072
0.225113 0.660437 0.11435 9.99911E-05
0.163149 0.133027 0.703724 9.9991E-05
0.264521 0.0658333 0.158369 0.511277
0.274797 0.252491 0.0995762 0.373135
0.138029 0.376149 0.15238 0.333443
0.853428 0.0117775 0.100751 0.0340436
0.397561 0.300885 0.184763 0.116791
9.99911E-05 0.268888 0.604112 0.1269
0.9997 9.998E-05 9.998E-05 9.998E-05
0.407666 0.269141 0.0713391 0.251854
9.99911E-05 0.303506 0.112495 0.583899
0.145649 0.849917 0.00433357 9.9991E-05
9.9991E-05 0.0151159 0.208929 0.775855
0.0729436 0.306828 0.416381 0.203848
0.304 0.529914 0.0525025 0.113583
9.9991E-05 0.175242 0.148584 0.676074
0.771142 0.0263358 0.202422 9.9991E-05
0.653288 0.288267 9.9991E-05 0.058345
0.425849 0.0236343 9.99911E-05 0.550417
0.992561 0.0072393 9.99822E-05 9.99822E-05
0.232781 0.596689 9.99911E-05 0.17043
0.119957 0.879844 9.99821E-05 9.99821E-05
9.9991E-05 0.260329 0.735938 0.00363329
0.239663 0.00235529 0.377549 0.380433
9.9991E-05 0.162673 0.815178 0.0220494
9.99821E-05 0.289122 0.710678 9.99821E-05
0.0918043 0.0276084 0.73381 0.146777
9.99821E-05 0.658471 0.341329 9.99821E-05
0.461441 9.99911E-05 0.214671 0.323788
0.470088 9.9991E-05 0.456532 0.0732806
0.635142 0.0855134 0.279245 9.99911E-05
0.104903 0.0360975 0.858899 9.99911E-05
0.9997 9.998E-05 9.998E-05 9.998E-05
0.144435 0.0273057 0.407709 0.42055
0.368111 0.0827133 0.118193 0.430983
9.99821E-05 9.99821E-05 0.764031 0.235769
0.280552 9.9991E-05 0.659328 0.0600195
0.302999 0.439282 0.257619 9.9991E-05
0.781302 9.99821E-05 9.99821E-05 0.218499
0.513059 0.407268 0.0795728 9.9991E-05
0.111285 0.172055 0.71656 9.9991E-05
9.99911E-05 0.529245 0.228261 0.242394
0.255483 0.180405 0.337673 0.226439
0.140478 0.00929654 0.235782 0.614443
0.161563 9.99911E-05 0.140091 0.698246
0.22848 0.16232 0.488947 0.120254
0.156059 0.843741 9.99822E-05 9.99822E-05
0.0167919 0.56811 0.23546 0.179637
9.99822E-05 0.0940584 9.99822E-05 0.905742
0.0228271 0.259736 0.475684 0.241753
9.9991E-05 0.0402957 0.529608 0.429997
9.9991E-05 0.443903 0.331921 0.224075
0.0178489 0.58403 9.9991E-05 0.398021
9.99821E-05 0.515365 0.484435 9.99821E-05
9.99821E-05 0.138412 0.861388 9.99821E-05
9.99821E-05 0.279713 0.720087 9.99821E-05
9.99911E-05 0.212916 0.0367151 0.750269
0.290619 9.99821E-05 0.709181 9.99821E-05
0.287352 0.0598766 0.370368 0.282403
0.165279 0.834521 9.99821E-05 9.99821E-05
0.0125607 0.300612 0.141014 0.545813
0.192675 0.329441 9.99911E-05 0.477784
0.762876 0.0593363 0.177687 9.9991E-05
0.164978 9.99821E-05 0.834822 9.99821E-05
0.01621 9.99821E-05 9.99821E-05 0.98359
0.277847 0.407975 0.311774 0.00240519
0.436134 0.196756 0.36701 9.99911E-05
0.0406893 0.124206 0.159228 0.675877
0.194377 0.0449145 0.446211 0.314498
0.0540948 0.0245999 0.202884 0.718421
9.9991E-05 0.0825148 0.6901 0.227285
0.193034 9.99911E-05 0.462881 0.343985
0.829261 0.0790261 0.019476 0.072237
9.99911E-05 0.697813 0.131596 0.170492
0.146223 0.520591 0.333086 9.99911E-05
0.0674737 0.192045 0.0641352 0.676346
0.145709 9.9991E-05 0.651641 0.20255
0.343925 0.243199 0.410566 0.00231039
9.998E-05 9.998E-05 9.998E-05 0.9997
9.99821E-05 9.99821E-05 0.361138 0.638662
0.12502 0.0209916 0.833271 0.0207172
0.161503 9.99911E-05 0.270061 0.568337
9.99822E-05 9.99822E-05 0.22518 0.77462
0.267261 0.430359 0.0484632 0.253917
0.0680674 9.99911E-05 0.595679 0.336153
9.998E-05 9.998E-05 0.9997 9.998E-05
9.99911E-05 0.0988324 0.727763 0.173304
0.181429 0.389318 0.14358 0.285673
0.312961 0.064663 0.622276 9.99911E-05
9.99821E-05 9.99821E-05 0.939674 0.060126
9.9991E-05 0.235545 0.476465 0.28789
0.423581 0.244009 0.0914667 0.240944
0.275196 0.00844475 0.525365 0.190995
9.99821E-05 9.99821E-05 0.986829 0.0129708
0.379193 9.99911E-05 0.484254 0.136453
0.107845 0.891955 9.99822E-05 9.99822E-05
0.217199 0.497684 9.99911E-05 0.285017
0.00321425 0.160813 0.139363 0.69661
9.99821E-05 0.35828 9.99821E-05 0.64152
9.99821E-05 0.430475 9.99821E-05 0.569325
0.163288 0.0824438 0.35338 0.400888
0.335145 9.99821E-05 0.664655 9.99821E-05
0.15598 0.84382 9.99821E-05 9.99821E-05
0.0161633 9.99911E-05 0.402817 0.58092
0.0563064 0.241119 0.702475 9.9991E-05
0.662254 0.162523 0.175123 9.99911E-05
0.410699 0.432918 0.156283 9.9991E-05
