9.99459E-05 9.99459E-05 9.99459E-05 0.328302 9.99459E-05 9.99459E-05 0.636343 9.99459E-05 0.0347552
0.0912496 9.9982E-05 0.00502262 0.0645535 0.418767 9.9982E-05 0.183717 0.203065 0.0334253
9.99639E-05 0.0434608 0.0385891 0.693566 0.126028 0.0979567 9.99639E-05 9.99639E-05 9.99639E-05
9.9982E-05 0.0639694 0.0663061 0.373968 0.0113472 9.9982E-05 0.188162 0.183528 0.112519
0.218479 0.109918 9.9982E-05 0.294967 0.0239958 0.031873 9.9982E-05 0.237198 0.083369
0.0909456 0.0206685 9.9973E-05 0.190581 9.9973E-05 0.162801 9.9973E-05 0.408082 0.126622
9.9964E-05 0.0947205 9.9964E-05 0.420546 9.9964E-05 9.9964E-05 0.303625 0.174771 0.00593828
0.131707 0.0816273 0.0424403 0.00947899 0.340326 0.1588 0.138082 0.0974385 9.9991E-05
9.9982E-05 0.0302691 0.0456006 0.101162 0.0322515 0.493945 0.0144748 0.282097 9.9982E-05
9.9973E-05 0.0816939 0.0782061 0.0200439 9.9973E-05 0.318568 0.338626 9.9973E-05 0.162562
0.259573 0.010293 9.9964E-05 0.119314 9.9964E-05 0.409123 9.9964E-05 9.9964E-05 0.201297
0.017452 0.0194357 9.99639E-05 9.99639E-05 9.99639E-05 0.645164 0.19855 0.118999 9.99639E-05
9.9982E-05 0.113133 9.9982E-05 0.326042 0.0275791 0.17041 0.162881 0.150122 0.0496319
0.258302 0.0320804 0.0624074 9.9991E-05 0.0281346 0.181546 0.289694 0.0719091 0.0758268
0.937621 0.00945218 9.99549E-05 9.99549E-05 0.00404382 0.0483833 9.99549E-05 9.99549E-05 9.99549E-05
0.348395 0.0787404 0.150927 9.9964E-05 0.358162 9.9964E-05 0.0633761 9.9964E-05 9.9964E-05
0.985884 9.99369E-05 9.99369E-05 9.99369E-05 9.99369E-05 9.99369E-05 9.99369E-05 9.99369E-05 0.0134164
0.188417 0.131293 0.113845 0.131828 0.0920301 9.9991E-05 0.272776 0.0449789 0.0247317
0.0869414 0.0445045 9.9973E-05 0.526137 0.158711 0.119543 0.0638625 9.9973E-05 9.9973E-05
9.9982E-05 0.0161611 9.9982E-05 0.325864 0.233564 0.138296 0.089687 0.105948 0.0902799
0.168321 0.0900478 9.9991E-05 0.208925 0.198207 0.095994 0.166163 0.00784124 0.0644021
0.0993206 0.0528654 0.00335561 0.207889 0.00770447 0.313535 0.194457 0.120026 0.00084789
9.9964E-05 0.21279 9.9964E-05 0.341252 0.149214 9.9964E-05 9.9964E-05 0.197758 0.0985864
0.0584508 0.0712618 0.10161 9.9973E-05 0.0348018 0.0165768 9.9973E-05 0.716999 9.9973E-05
0.201942 0.0787728 9.9955E-05 9.9955E-05 9.9955E-05 0.572937 9.9955E-05 9.9955E-05 0.145848
0.317693 9.9982E-05 0.0486811 0.0448734 0.102594 9.9982E-05 0.353494 0.0881978 0.0442666
0.00977218 0.0797699 0.176332 0.0561799 0.20681 0.206021 0.172828 9.9991E-05 0.092186
0.118256 0.0874446 0.0747545 0.439748 0.152066 9.9982E-05 0.0924855 9.9982E-05 0.0350451
0.356984 9.9973E-05 0.0854232 0.371676 0.108179 9.9973E-05 0.0660099 9.9973E-05 0.0114271
0.0191002 0.00618732 0.678216 9.99549E-05 9.99549E-05 9.99549E-05 9.99549E-05 0.295997 9.99549E-05
0.245211 0.0605215 0.0572893 0.135076 9.9982E-05 0.208396 9.9982E-05 0.232926 0.0603802
9.9973E-05 9.9973E-05 0.0333467 0.315837 0.0405574 0.53236 0.0436418 9.9973E-05 0.0339567
0.251541 0.14382 0.0971116 0.275276 0.0876647 9.9973E-05 9.9973E-05 0.144287 9.9973E-05
0.202338 0.0919313 9.9991E-05 0.284942 0.0805255 0.0138047 0.0385337 0.206319 0.0815059
0.383418 0.0614883 9.9973E-05 9.9973E-05 9.9973E-05 0.0645416 0.307399 0.109321 0.0735326
9.9937E-05 0.0173666 9.9937E-05 9.9937E-05 9.9937E-05 9.9937E-05 0.981934 9.9937E-05 9.9937E-05
9.9964E-05 0.0192888 9.9964E-05 9.9964E-05 0.147985 9.9964E-05 0.154529 0.565889 0.111909
0.153929 9.9955E-05 9.9955E-05 9.9955E-05 9.9955E-05 0.258198 0.560156 9.9955E-05 0.0272176
0.157923 9.9973E-05 0.137149 9.9973E-05 0.161683 0.0474235 9.9973E-05 0.417611 0.0779096
0.13867 0.110074 9.9982E-05 0.277523 0.28773 0.109404 0.0268124 9.9982E-05 0.0495865
0.0932118 9.9982E-05 0.0454229 0.403322 0.174082 0.0303988 9.9982E-05 0.171869 0.0814946
9.9973E-05 9.9973E-05 0.0146871 0.00339608 0.337889 9.9973E-05 0.18731 0.379029 0.0773894
9.999E-05 0.0579492 0.0592444 0.00765779 0.354927 0.055531 0.198604 0.205113 0.0608745
9.9973E-05 9.9973E-05 0.109522 0.0257114 0.0735712 0.226827 0.221925 0.342143 9.9973E-05
0.0181393 0.0431984 0.0182534 9.9973E-05 0.0805096 0.638309 0.201291 9.9973E-05 9.9973E-05
0.0821787 9.9964E-05 9.9964E-05 0.274694 9.9964E-05 0.211834 9.9964E-05 0.297442 0.133452
0.204776 0.0395614 9.9973E-05 0.499712 0.139157 9.9973E-05 0.0631252 0.0533681 9.9973E-05
0.0646616 9.9991E-05 0.0565889 0.345461 0.131817 0.166758 0.088734 0.144506 0.00137484
0.417678 0.0323267 0.100649 0.297411 0.0191534 0.124784 9.9982E-05 0.00779817 9.9982E-05
0.277576 0.0407071 0.101404 0.221975 0.237448 9.9973E-05 0.12059 9.9973E-05 9.9973E-05
0.163672 0.168088 0.0605164 9.9973E-05 9.9973E-05 0.373226 0.187039 9.9973E-05 0.0471593
9.9973E-05 0.0985253 0.0367316 0.281226 0.19126 0.3332 0.0587566 9.9973E-05 9.9973E-05
9.9964E-05 0.0106593 0.12561 9.9964E-05 0.658406 9.9964E-05 9.9964E-05 0.202127 0.00279754
0.200183 0.00378666 0.0450037 0.0855834 0.246537 0.14166 0.0928841 0.0658649 0.118497
9.9955E-05 9.9955E-05 0.1826 0.486856 0.130912 0.199133 9.9955E-05 9.9955E-05 9.9955E-05
0.0948375 0.0816557 9.9991E-05 0.142924 0.126579 0.0174496 0.287922 0.225305 0.023227
9.99551E-05 9.99551E-05 0.0491441 9.99551E-05 0.120455 0.731215 9.99551E-05 0.0986863 9.99551E-05
9.9982E-05 0.0514192 0.107314 0.259076 9.9982E-05 0.217125 0.0183062 0.328598 0.0179614
0.118259 0.0504268 0.102364 0.0971291 0.189368 0.380217 9.9991E-05 0.0101927 0.051945
0.0880417 0.0629682 9.9973E-05 9.9973E-05 9.9973E-05 0.419984 0.235488 0.12544 0.0677787
9.9946E-05 0.00531144 9.9946E-05 9.9946E-05 9.9946E-05 9.9946E-05 0.010984 0.983105 9.9946E-05
0.307182 0.0916639 9.9991E-05 0.00400913 0.107704 0.107008 0.108443 0.164924 0.108965
0.232951 0.0462202 0.0210616 0.602275 0.0853592 9.9973E-05 9.9973E-05 0.0118325 9.9973E-05
9.9955E-05 0.0812231 0.889129 0.0080617 9.9955E-05 9.9955E-05 0.0210864 9.9955E-05 9.9955E-05
0.0673881 9.9973E-05 9.9973E-05 0.0113772 0.0767745 9.9973E-05 0.40202 0.324167 0.117974
9.9946E-05 9.9946E-05 9.9946E-05 0.143153 9.9946E-05 9.9946E-05 0.834161 9.9946E-05 0.0220866
0.0216165 0.0376298 0.0305977 0.203379 9.9991E-05 0.0950815 0.338022 0.186534 0.0870394
0.392082 0.022497 9.9946E-05 0.584822 9.9946E-05 9.9946E-05 9.9946E-05 9.9946E-05 9.9946E-05
0.175298 0.0168834 9.9964E-05 0.176033 9.9964E-05 9.9964E-05 0.358711 0.272675 9.9964E-05
9.9982E-05 0.0902807 0.104019 0.188896 0.370837 9.9982E-05 0.0513191 0.135513 0.0589345
9.9973E-05 9.9973E-05 0.123326 0.176325 9.9973E-05 0.522432 0.0179144 0.00638204 0.153321
0.654571 0.012757 0.0168274 0.13512 9.9964E-05 9.9964E-05 0.180325 9.9964E-05 9.9964E-05
0.389578 0.122705 0.0460471 9.9982E-05 0.0337568 0.072507 0.0741703 0.261036 9.9982E-05
0.15033 0.0887204 0.0690686 0.161764 0.160355 0.211344 9.9991E-05 0.122913 0.0354049
0.417898 0.0164611 0.0601654 9.9991E-05 0.0238477 0.0723031 0.13411 0.128954 0.146161
9.9964E-05 9.9964E-05 0.0130177 9.9964E-05 0.382641 0.44952 9.9964E-05 0.133589 0.020833
0.0573693 0.135488 9.9973E-05 0.0402495 9.9973E-05 0.132595 9.9973E-05 0.624505 0.00949256
9.99639E-05 0.0464099 0.00282848 9.99639E-05 0.0960316 9.99639E-05 9.99639E-05 0.838828 0.0155021
9.9946E-05 9.9946E-05 9.9946E-05 9.9946E-05 9.9946E-05 9.9946E-05 0.00182349 0.992393 0.00518349
0.219386 0.0909398 0.0475834 9.9964E-05 9.9964E-05 9.9964E-05 0.0385341 0.603157 9.9964E-05
0.122253 0.0789965 0.0525974 0.165908 0.199811 0.0328006 0.0946808 0.230559 0.0223943
0.21723 0.0134244 9.9973E-05 0.194959 9.9973E-05 9.9973E-05 0.0503715 0.459244 0.0644718
0.0213999 9.9982E-05 0.224257 0.0118611 0.166658 0.326468 9.9982E-05 0.229185 0.0199709
0.228867 0.0557265 0.0674755 9.9982E-05 0.446507 0.0063784 9.9982E-05 0.124602 0.0702438
0.164453 0.0346079 0.0505677 0.463929 9.99641E-05 9.99641E-05 9.99641E-05 0.286043 9.99641E-05
9.9964E-05 9.9964E-05 9.9964E-05 0.239992 0.257364 0.324596 0.107787 9.9964E-05 0.0698613
9.99549E-05 0.0784001 9.99549E-05 0.282717 9.99549E-05 9.99549E-05 0.614066 0.0243174 9.99549E-05
9.99371E-05 0.0897905 9.99371E-05 9.99371E-05 9.99371E-05 0.90951 9.99371E-05 9.99371E-05 9.99371E-05
0.506695 0.0590262 0.169488 9.9973E-05 9.9973E-05 9.9973E-05 0.141901 0.0954434 0.0271471
9.9964E-05 0.0541769 9.9964E-05 0.553824 0.149719 0.227338 0.0145422 9.9964E-05 9.9964E-05
9.99459E-05 9.99459E-05 0.906003 9.99459E-05 9.99459E-05 9.99459E-05 0.0931284 9.99459E-05 0.000269152
0.38829 0.00906149 9.9973E-05 0.154082 9.9973E-05 0.334433 0.0273603 9.9973E-05 0.0864735
9.9964E-05 0.0542729 9.9964E-05 0.403764 9.9964E-05 9.9964E-05 0.112023 0.391676 0.0378648
0.298018 0.0807662 0.0105692 0.050445 0.306687 0.205287 9.9982E-05 0.0480267 9.9982E-05
9.9964E-05 0.012774 9.9964E-05 0.692944 0.0238268 9.9964E-05 9.9964E-05 0.237564 0.0324907
0.0473239 0.00893385 0.085305 0.102688 0.16654 0.114477 0.187526 0.265102 0.0221043
9.9973E-05 9.9973E-05 9.9973E-05 0.121797 0.253194 0.226155 0.173692 0.184556 0.0403066
9.99371E-05 9.99371E-05 9.99371E-05 0.952338 9.99371E-05 9.99371E-05 9.99371E-05 9.99371E-05 0.0469622
0.0609061 0.214323 0.341726 0.2016 0.0209694 0.106362 0.00150683 0.0525065 9.9991E-05
0.183872 9.9982E-05 0.264688 0.118103 0.119914 0.0223267 0.196256 0.0946401 9.9982E-05
0.193253 0.0545404 0.0963871 0.436487 9.9973E-05 9.9973E-05 0.104987 0.114046 9.9973E-05
9.993E-05 9.993E-05 0.999201 9.993E-05 9.993E-05 9.993E-05 9.993E-05 9.993E-05 9.993E-05
0.176359 0.0358831 0.102917 0.0763451 0.144088 0.154102 9.9991E-05 0.211746 0.0984599
9.99459E-05 0.037463 9.99459E-05 9.99459E-05 9.99459E-05 9.99459E-05 0.036008 9.99459E-05 0.925929
0.0352466 0.0257922 9.9982E-05 9.9982E-05 0.341773 0.157733 0.235757 0.126238 0.0772603
0.0266647 9.9991E-05 0.0128327 0.326143 0.447526 0.0390838 0.0757905 0.054956 0.0169031
0.218647 9.9973E-05 9.9973E-05 0.27194 0.160051 0.064116 0.236668 9.9973E-05 0.0482784
9.9982E-05 0.0405756 0.0259634 0.478411 0.143806 9.9982E-05 0.0996468 0.171944 0.0394524
0.391441 0.0296847 0.211058 9.9982E-05 0.0799755 0.100147 9.9982E-05 0.120754 0.0667394
0.108846 0.0207127 0.147294 0.152616 0.0265899 0.103782 0.22344 0.216619 9.9991E-05
0.0137645 0.0572741 0.036974 0.328374 0.22539 9.9991E-05 0.051694 0.194978 0.0914505
0.0773509 0.101257 0.0721344 9.9964E-05 9.9964E-05 0.52079 9.9964E-05 0.228069 9.9964E-05
0.020034 9.9982E-05 0.0396639 0.0644625 0.412157 0.1407 9.9982E-05 0.251806 0.0709768
0.119249 0.0798653 0.427269 0.309722 9.9973E-05 9.9973E-05 9.9973E-05 0.0388073 0.0247876
0.171259 0.0384093 0.16248 0.0867499 0.0889062 0.0177984 0.114919 0.216103 0.103375
9.993E-05 9.993E-05 0.999201 9.993E-05 9.993E-05 9.993E-05 9.993E-05 9.993E-05 9.993E-05
0.314097 9.9973E-05 9.9973E-05 0.457062 0.0198451 9.9973E-05 0.0584976 0.0480732 0.102126
0.0207446 0.0319472 9.9991E-05 0.070916 0.0195579 0.16251 0.552211 0.115669 0.0263436
9.9973E-05 0.0273372 0.00561011 0.120594 0.184267 0.148912 9.9973E-05 0.51298 9.9973E-05
0.172543 0.0981359 9.99549E-05 9.99549E-05 9.99549E-05 0.379991 0.348831 9.99549E-05 9.99549E-05
0.206789 0.0579942 0.0569221 0.109172 0.00187809 0.0223388 0.170105 0.374701 9.9991E-05
0.274519 0.136493 0.32441 0.0184524 9.9973E-05 0.0435406 9.9973E-05 0.202285 9.9973E-05
0.320327 0.0433875 0.145315 0.24805 9.9991E-05 0.0881361 0.0952007 0.00733138 0.0521518
9.9973E-05 0.00336968 9.9973E-05 0.0508803 0.299092 0.421301 9.9973E-05 0.214565 0.010492
0.17029 0.0745926 0.0701593 0.260534 9.9964E-05 0.424024 9.9964E-05 9.9964E-05 9.9964E-05
0.551666 9.99551E-05 9.99551E-05 0.0301596 9.99551E-05 0.0402946 9.99551E-05 0.37738 9.99551E-05
0.187461 0.0569211 9.9964E-05 0.259137 0.179328 0.316754 9.9964E-05 9.9964E-05 9.9964E-05
0.155705 0.0571645 0.140438 0.516744 0.054317 9.9982E-05 9.9982E-05 0.0413214 0.0341103
9.9982E-05 0.0143052 9.9982E-05 0.158797 0.154073 0.417752 0.0639303 0.176814 0.014129
0.0527987 0.0191192 0.115661 9.9973E-05 0.120516 0.239323 0.452282 9.9973E-05 9.9973E-05
9.9955E-05 0.0302826 0.00922957 0.349106 9.9955E-05 9.9955E-05 0.610882 9.9955E-05 9.9955E-05
0.0986 0.0948438 0.0754863 0.00731175 9.9982E-05 9.9982E-05 0.0437647 0.643801 0.0359929
0.0450701 0.0298448 0.236993 0.0831024 9.9991E-05 0.275395 0.0721613 0.233924 0.0234087
0.299268 0.0706211 0.131113 0.0866757 0.312808 0.0878898 9.9991E-05 0.0101418 0.00138235
9.9964E-05 9.9964E-05 0.0735472 0.578536 9.9964E-05 0.0763004 0.147852 0.123365 9.9964E-05
9.9982E-05 0.111503 0.00097866 0.230136 9.9982E-05 0.535408 0.0583854 0.0491448 0.0142445
9.9937E-05 9.9937E-05 9.9937E-05 9.9937E-05 0.980128 0.0191722 9.9937E-05 9.9937E-05 9.9937E-05
9.9937E-05 0.019543 9.9937E-05 9.9937E-05 0.979757 9.9937E-05 9.9937E-05 9.9937E-05 9.9937E-05
9.9982E-05 0.0506295 0.00548231 0.173574 0.153407 0.3609 0.140866 0.114941 9.9982E-05
0.194528 0.0192563 9.9973E-05 9.9973E-05 9.9973E-05 0.0240335 0.0454344 0.657669 0.0587789
9.9964E-05 0.0662651 0.0424158 9.9964E-05 9.9964E-05 0.265607 9.9964E-05 0.554799 0.0705135
0.278755 0.0681344 9.9982E-05 0.0933463 0.215596 0.14566 9.9982E-05 0.112814 0.0854941
9.9964E-05 0.0273903 0.141226 0.363104 9.9964E-05 0.370902 9.9964E-05 9.9964E-05 0.096978
9.9973E-05 0.0693974 0.0260129 0.256513 9.9973E-05 0.415358 0.170777 0.0616423 9.9973E-05
0.105753 0.0464545 0.0255353 0.0750628 9.9973E-05 9.9973E-05 9.9973E-05 0.677212 0.0696823
0.183286 0.100367 0.310463 9.9982E-05 0.082225 9.9982E-05 0.128134 0.123866 0.0714589
0.151584 0.0241055 0.0368818 0.391588 9.9991E-05 0.172987 0.0409154 0.104334 0.0775042
9.993E-05 0.999201 9.993E-05 9.993E-05 9.993E-05 9.993E-05 9.993E-05 9.993E-05 9.993E-05
9.9973E-05 0.04705 9.9973E-05 9.9973E-05 0.00381652 0.05487 0.512357 0.286316 0.0952902
9.9964E-05 9.9964E-05 9.9964E-05 0.120543 0.417033 9.9964E-05 0.0877215 0.144318 0.229984
9.9973E-05 0.0419719 0.056128 9.9973E-05 0.0767013 0.607354 0.106984 0.11056 9.9973E-05
9.9973E-05 0.0575983 9.9973E-05 0.101847 0.13875 0.23395 9.9973E-05 0.309147 0.158408
9.9982E-05 0.139777 0.0699147 9.9982E-05 0.100388 0.503554 0.042555 0.134782 0.00882955
0.204132 0.0461708 0.0224966 0.10304 0.0137172 0.352388 0.0490382 0.151477 0.0575402
0.0456095 0.076773 9.9964E-05 9.9964E-05 9.9964E-05 0.396449 0.170094 0.310674 9.9964E-05
0.176571 0.0842406 0.0964886 9.9982E-05 0.27526 9.9982E-05 0.132786 0.210954 0.0235001
9.9973E-05 0.0884174 9.9973E-05 0.379248 0.0235513 0.272132 0.0803928 0.155959 9.9973E-05
9.9982E-05 0.120489 0.062567 9.9982E-05 0.201045 0.196353 0.156316 0.17439 0.0886402
9.9955E-05 9.9955E-05 0.162879 0.123936 0.0649006 9.9955E-05 0.647785 9.9955E-05 9.9955E-05
0.299555 0.0766466 0.0531292 0.221378 0.0659643 0.0597936 0.0794712 0.126007 0.0180551
0.112951 0.050073 9.9991E-05 0.193772 0.0604268 0.199341 0.21708 0.0945989 0.071656
9.993E-05 0.999201 9.993E-05 9.993E-05 9.993E-05 9.993E-05 9.993E-05 9.993E-05 9.993E-05
0.263046 0.385094 9.9982E-05 0.0654914 0.100759 0.00112498 0.180864 0.00341975 9.9982E-05
0.0408584 9.9973E-05 0.0474235 9.9973E-05 0.473017 9.9973E-05 0.0431137 0.326008 0.0692792
9.9973E-05 0.0649805 0.0886138 0.325046 0.15524 0.362626 9.9973E-05 9.9973E-05 0.00319418
9.9946E-05 0.0242411 9.9946E-05 9.9946E-05 9.9946E-05 9.9946E-05 0.791307 0.183852 9.9946E-05
0.210871 0.0673492 9.9991E-05 0.337721 0.0941414 0.022909 0.190593 0.0750237 0.00129143
0.176568 0.0563644 9.9982E-05 0.281215 0.237378 0.130803 9.9982E-05 0.0390638 0.078408
9.993E-05 9.993E-05 9.993E-05 9.993E-05 0.999201 9.993E-05 9.993E-05 9.993E-05 9.993E-05
0.202934 0.101001 9.9964E-05 9.9964E-05 9.9964E-05 0.0863105 0.375749 0.233606 9.9964E-05
0.0964658 9.9982E-05 0.101954 0.329729 0.191909 0.254852 0.00148075 9.9982E-05 0.0234096
0.031508 0.0365847 0.10797 0.357647 0.300839 0.0748648 9.998E-05 9.998E-05 0.0903862
0.205031 0.103015 0.11922 0.121164 0.0395202 9.9982E-05 0.140438 0.271412 9.9982E-05
0.0642465 0.000696358 9.9982E-05 9.9982E-05 0.407697 0.394398 0.121017 0.00769827 0.00404627
0.193229 0.134767 9.9982E-05 0.224028 0.125333 9.9982E-05 0.219872 0.0182509 0.0843188
0.14221 9.9973E-05 0.0258778 9.9973E-05 0.00902448 0.286679 9.9973E-05 0.4429 0.0930085
0.162775 0.0599646 9.9982E-05 0.0502191 0.145068 0.332077 0.0450849 0.204612 9.9982E-05
0.00633004 9.9982E-05 0.0473128 0.0631147 0.424648 0.332379 0.0965898 9.9982E-05 0.0294255
9.9937E-05 9.9937E-05 0.0257368 9.9937E-05 9.9937E-05 9.9937E-05 9.9937E-05 9.9937E-05 0.973564
0.016438 9.9982E-05 0.0569587 0.167155 0.0357148 0.541803 9.9982E-05 0.145035 0.0366954
0.999201 9.993E-05 9.993E-05 9.993E-05 9.993E-05 9.993E-05 9.993E-05 9.993E-05 9.993E-05
0.14139 0.111806 0.0350073 0.223654 0.0459933 0.26751 0.126422 0.0481169 9.9991E-05
9.9991E-05 0.0334963 0.0328566 0.162576 0.320287 0.0727353 0.210164 0.124117 0.0436681
9.9964E-05 9.9964E-05 0.113265 0.437081 0.158011 9.9964E-05 0.286893 0.00435019 9.9964E-05
0.0633595 0.052468 9.9973E-05 9.9973E-05 0.368721 0.163924 0.275701 0.0755266 9.9973E-05
9.993E-05 9.993E-05 9.993E-05 9.993E-05 9.993E-05 9.993E-05 9.993E-05 9.993E-05 0.999201
0.0115114 0.0335942 0.00807964 0.502204 0.015614 0.218612 0.143205 0.00922318 0.0579564
0.422312 0.0311524 0.0694387 9.9982E-05 0.0178177 0.100008 0.20696 9.9982E-05 0.152112
0.0369374 0.029496 9.9982E-05 0.0696043 0.131575 9.9982E-05 0.199297 0.531341 0.00154908
0.0684833 9.9973E-05 0.100445 9.9973E-05 0.135652 0.375264 0.234601 0.0852546 9.9973E-05
