9.9991E-05 0.26917 0.00458515 0.708511 0.0121244 0.00550993
0.247088 0.216436 0.0611524 0.263872 9.9991E-05 0.211351
9.99821E-05 0.2368 0.460738 0.17227 0.129992 9.99821E-05
9.999E-05 0.348677 0.17585 0.296489 0.155654 0.0232307
0.422326 0.242987 9.9982E-05 0.163339 9.9982E-05 0.171148
0.149088 0.299116 9.9991E-05 0.275584 0.193261 0.0828506
0.502604 0.12068 0.0810237 0.110797 9.9991E-05 0.184795
0.233297 0.135957 9.99821E-05 0.60811 9.99821E-05 0.0224362
0.252053 0.109596 0.638051 9.99732E-05 9.99732E-05 9.99732E-05
9.99821E-05 0.0221239 0.510163 9.99821E-05 0.426441 0.0410723
0.140684 0.219508 0.363416 9.9991E-05 0.259087 0.0172055
0.107732 0.0835234 0.424181 0.188627 9.99911E-05 0.195838
0.227253 0.187634 0.358782 0.226131 9.99821E-05 9.99821E-05
0.55649 0.0604536 0.064196 0.197389 9.9991E-05 0.121371
0.0624134 9.99732E-05 0.559283 0.378003 9.99732E-05 9.99732E-05
9.99821E-05 0.377404 0.0703935 0.411777 9.99821E-05 0.140226
0.135012 0.0984348 0.509443 0.21202 0.0449904 9.9991E-05
9.999E-05 0.115632 0.254325 0.114463 0.251861 0.263619
9.99731E-05 9.99731E-05 0.326025 0.663013 9.99731E-05 0.010662
0.55151 0.187037 9.99821E-05 0.184294 0.0769596 9.99821E-05
9.99821E-05 0.0319904 0.130989 9.99821E-05 0.749101 0.0877198
0.0306682 0.157543 0.493668 0.311999 0.00602126 9.9991E-05
9.999E-05 0.336227 0.194549 0.0928181 0.154511 0.221794
0.200773 0.574267 9.9991E-05 0.0324072 0.0772339 0.115219
0.0945353 0.447876 9.99821E-05 0.102929 0.35446 9.99821E-05
9.9982E-05 0.126229 0.231931 0.497862 9.9982E-05 0.143779
9.99821E-05 0.0119108 0.475642 0.286306 9.99821E-05 0.225941
0.267599 0.00979501 9.99821E-05 0.465461 0.256946 9.99821E-05
0.113276 9.9991E-05 0.0106357 0.608902 0.218342 0.0487447
9.99732E-05 0.777105 0.183876 0.0387195 9.99732E-05 9.99732E-05
0.3755 9.99731E-05 9.99731E-05 9.99731E-05 0.301363 0.322837
0.404598 0.097173 0.234739 0.130129 9.9991E-05 0.133261
0.15124 0.0483874 0.319118 0.0401522 0.441003 9.99911E-05
0.197957 0.193594 0.205288 0.40296 9.99821E-05 9.99821E-05
9.9982E-05 0.470538 0.00460486 0.314773 9.9982E-05 0.209884
0.444455 0.0483466 0.35048 9.9991E-05 0.133144 0.0234747
0.25373 9.9991E-05 0.0309775 0.401124 0.0497981 0.264271
9.99732E-05 0.365064 9.99732E-05 9.99732E-05 0.575747 0.0588894
0.0182016 0.156036 0.073899 0.340702 0.17526 0.235901
0.0224492 0.296563 0.0861291 0.301569 0.164111 0.129178
9.99822E-05 0.297967 0.667828 9.99822E-05 0.0218341 0.0121701
9.99821E-05 0.0603473 0.747073 9.99821E-05 0.114484 0.0778953
0.434595 0.0703611 0.335943 0.109261 0.0497401 9.9991E-05
9.99911E-05 0.0681975 0.218388 0.431263 0.124709 0.157343
0.115108 0.21391 0.136191 0.411267 0.00105716 0.122467
0.00269033 0.0806719 0.49223 0.394377 9.99911E-05 0.0299307
9.9991E-05 0.208052 0.655734 0.120564 0.00868554 0.0068643
0.121644 9.9982E-05 0.735921 9.9982E-05 0.0643108 0.0779248
9.99644E-05 9.99644E-05 0.410249 0.589351 9.99644E-05 9.99644E-05
9.99731E-05 0.0618311 9.99731E-05 0.68646 9.99731E-05 0.251409
9.99641E-05 0.298171 9.99641E-05 0.701429 9.99641E-05 9.99641E-05
0.252484 0.0496462 9.99821E-05 9.99821E-05 0.63509 0.0625803
9.99731E-05 0.308836 0.625241 0.0656232 9.99731E-05 9.99731E-05
0.0105475 0.257746 9.99821E-05 0.59202 0.139487 9.99821E-05
0.848662 9.99821E-05 9.99821E-05 0.0991042 0.0480359 0.00399782
0.203794 9.99821E-05 0.336152 0.311314 9.99821E-05 0.14854
0.311548 0.345271 0.0949016 0.240915 9.9991E-05 0.00726375
0.805734 9.99643E-05 0.193866 9.99643E-05 9.99643E-05 9.99643E-05
0.296397 9.9982E-05 0.183831 0.40648 9.9982E-05 0.113092
9.9982E-05 9.9982E-05 0.229625 0.303236 0.312024 0.154915
9.99732E-05 0.109037 0.157355 0.733308 9.99732E-05 9.99732E-05
9.99731E-05 0.182509 0.498237 9.99731E-05 9.99731E-05 0.318954
9.99731E-05 0.0289634 0.90543 9.99731E-05 9.99731E-05 0.0653069
9.99821E-05 0.49091 9.99821E-05 0.413166 0.0073753 0.088349
0.089131 0.170366 0.203998 0.44868 9.99911E-05 0.0877244
9.99732E-05 0.082382 0.621208 0.29611 9.99732E-05 9.99732E-05
9.9982E-05 0.288207 9.9982E-05 0.247108 0.179385 0.2851
9.99821E-05 0.0437863 0.201087 0.390094 9.99821E-05 0.364832
9.99821E-05 9.99821E-05 0.213238 0.726963 0.0427495 0.0168499
9.99821E-05 0.159223 0.313355 0.261292 0.26593 9.99821E-05
0.356177 9.99821E-05 0.39377 9.99821E-05 0.131742 0.118111
9.99821E-05 0.0158352 0.779119 0.0959264 9.99821E-05 0.10892
0.784918 9.99643E-05 9.99643E-05 9.99643E-05 9.99643E-05 0.214682
0.0172826 0.192546 0.0684369 0.530822 9.99911E-05 0.190813
0.285452 0.381468 9.99732E-05 0.33278 9.99732E-05 9.99732E-05
0.323831 9.99821E-05 0.492373 0.120266 9.99821E-05 0.0633296
9.99733E-05 0.00819894 0.33296 0.658541 9.99733E-05 9.99733E-05
0.181025 0.073741 0.331086 9.9991E-05 0.188158 0.22589
0.115962 9.9991E-05 0.172522 0.604711 0.0521499 0.0545554
0.689577 9.99731E-05 9.99731E-05 0.284844 9.99731E-05 0.0252789
0.0351478 9.99731E-05 9.99731E-05 0.421777 9.99731E-05 0.542775
0.0578006 0.149547 0.244812 0.412291 0.117568 0.0179825
0.363628 9.99642E-05 9.99642E-05 9.99642E-05 0.635973 9.99642E-05
0.0107704 0.272824 0.210122 0.506083 9.99821E-05 9.99821E-05
0.273549 0.191033 0.407013 0.00767998 9.9991E-05 0.120625
9.9991E-05 0.0257211 0.502555 0.258151 0.0340836 0.179389
0.248843 0.0519885 0.262221 0.137166 0.299681 9.9991E-05
0.234049 0.674457 0.0911935 9.99731E-05 9.99731E-05 9.99731E-05
9.99732E-05 0.155848 9.99732E-05 0.384775 0.459078 9.99732E-05
9.99821E-05 0.0572267 0.502656 0.388946 0.0509708 9.99821E-05
9.99643E-05 0.879269 9.99643E-05 0.120331 9.99643E-05 9.99643E-05
0.491662 0.159813 0.235216 9.99821E-05 0.113109 9.99821E-05
0.0155202 0.236944 0.729954 9.99822E-05 9.99822E-05 0.0173819
0.33076 9.99731E-05 0.268655 9.99731E-05 0.400285 9.99731E-05
9.99731E-05 0.174989 0.762549 9.99731E-05 9.99731E-05 0.0621616
0.377025 0.0614817 0.377967 0.11926 0.0641665 9.9991E-05
0.119921 0.193244 0.44869 9.99821E-05 0.237945 9.99821E-05
9.99642E-05 9.99642E-05 0.93631 0.0632898 9.99642E-05 9.99642E-05
9.9982E-05 0.579161 9.9982E-05 0.275623 0.00912906 0.135887
0.00626648 0.637337 0.258744 9.9982E-05 0.0974532 9.9982E-05
0.340041 0.184816 0.134755 9.99911E-05 0.14597 0.194318
9.99643E-05 0.913254 9.99643E-05 9.99643E-05 9.99643E-05 0.0863462
9.99732E-05 0.164254 0.251575 9.99732E-05 0.583871 9.99732E-05
9.99731E-05 0.00723958 0.132526 9.99731E-05 0.859935 9.99731E-05
0.0118779 0.0893239 0.276271 0.605097 0.0173305 9.9991E-05
0.0574299 0.310777 0.415028 0.216566 9.99821E-05 9.99821E-05
0.728914 0.0503303 0.139959 0.0588196 0.0218775 9.9991E-05
0.155903 0.0568217 0.126025 0.41599 0.24516 9.9991E-05
9.99821E-05 0.042151 0.084657 0.869536 9.99821E-05 0.00345601
9.99821E-05 0.0666752 9.99821E-05 0.355917 0.512154 0.0650538
9.99732E-05 0.502623 0.395513 0.101565 9.99732E-05 9.99732E-05
0.206239 0.0394877 9.99821E-05 0.663822 9.99821E-05 0.0902506
9.99732E-05 0.712897 9.99732E-05 0.248091 0.0387125 9.99732E-05
0.494899 9.99641E-05 9.99641E-05 0.504701 9.99641E-05 9.99641E-05
9.996E-05 0.9995 9.996E-05 9.996E-05 9.996E-05 9.996E-05
0.378744 9.99732E-05 0.500989 9.99732E-05 0.119967 9.99732E-05
9.99731E-05 0.0147672 0.331979 0.652954 9.99731E-05 9.99731E-05
0.057531 0.171498 0.524212 0.246559 9.99821E-05 9.99821E-05
9.99821E-05 0.210473 0.0945065 0.575237 9.99821E-05 0.119583
0.222919 0.124288 9.9982E-05 0.394051 0.258541 9.9982E-05
9.9991E-05 0.471745 0.276047 0.0972162 0.0722156 0.0826757
0.46538 0.53422 9.99642E-05 9.99642E-05 9.99642E-05 9.99642E-05
0.32805 0.0971272 9.99821E-05 0.488878 0.0857443 9.99821E-05
0.252727 9.9991E-05 0.184844 0.0969375 0.344608 0.120783
0.0482463 0.131727 0.288147 0.297064 0.234715 9.99911E-05
0.224068 0.0587831 0.355526 0.169322 0.192201 9.9991E-05
0.1595 0.113434 0.726766 9.99732E-05 9.99732E-05 9.99732E-05
9.99821E-05 0.0412407 9.99821E-05 0.595085 0.0626559 0.300819
9.99732E-05 0.216029 9.99732E-05 0.176701 0.60697 9.99732E-05
0.0951367 0.326895 0.156257 0.126006 0.180949 0.114756
9.99644E-05 9.99644E-05 0.972421 9.99644E-05 0.0271787 9.99644E-05
0.378625 0.0483119 0.237652 0.127902 0.159049 0.0484592
0.191444 9.99821E-05 0.730828 9.99821E-05 0.00657886 0.0709487
9.99821E-05 9.99821E-05 0.0409124 0.230565 0.665819 0.0625036
9.99731E-05 9.99731E-05 0.265353 9.99731E-05 0.6514 0.0829475
0.0254852 0.0906594 9.99821E-05 0.691148 0.192508 9.99821E-05
9.99731E-05 9.99731E-05 9.99731E-05 0.790158 0.117527 0.0920151
0.174784 0.0743344 9.99822E-05 0.61851 0.132172 9.99822E-05
9.99822E-05 9.99822E-05 0.359164 0.299376 0.100236 0.241024
0.00194872 0.00566089 9.99731E-05 0.99209 9.99731E-05 9.99731E-05
0.0524909 9.99822E-05 9.99822E-05 0.565923 0.00664154 0.374745
9.99732E-05 0.378124 9.99732E-05 9.99732E-05 0.539331 0.0822452
0.0400517 0.0630502 0.548221 0.115866 0.193122 0.039689
9.99642E-05 9.99642E-05 0.746481 9.99642E-05 0.253119 9.99642E-05
9.99731E-05 0.771276 9.99731E-05 0.090612 9.99731E-05 0.137812
0.136143 0.108713 0.127568 0.616814 0.010662 9.9991E-05
9.996E-05 9.996E-05 9.996E-05 9.996E-05 9.996E-05 0.9995
0.0765541 0.251508 0.0731426 0.357412 0.241283 9.9991E-05
0.439287 0.298189 9.9991E-05 0.0136265 0.0700911 0.178707
9.99821E-05 9.99821E-05 0.0373444 0.169249 0.18035 0.612857
0.0862319 0.039634 0.149587 0.360049 0.239985 0.124514
9.99732E-05 9.99732E-05 0.85691 0.123534 9.99732E-05 0.0192558
0.225078 0.0275272 0.182146 0.528082 9.9991E-05 0.0370679
0.127611 0.0926943 0.270295 0.327365 0.068634 0.1134
0.276565 0.302729 9.99732E-05 9.99732E-05 9.99732E-05 0.420406
0.0565583 9.99911E-05 0.364996 0.269698 0.234959 0.0736887
0.399325 0.265671 9.99732E-05 9.99732E-05 0.334704 9.99732E-05
0.112054 9.99911E-05 0.312734 0.371386 0.0335565 0.170169
9.99732E-05 0.014018 9.99732E-05 0.91697 9.99732E-05 0.0687116
9.99821E-05 0.245916 0.150266 0.323829 0.279789 9.99821E-05
9.996E-05 9.996E-05 9.996E-05 9.996E-05 9.996E-05 0.9995
9.99821E-05 0.0669053 0.319743 0.382191 9.99821E-05 0.230961
0.476233 0.0413344 0.102171 0.310305 0.0287305 0.0412262
0.244587 9.99821E-05 0.671629 0.0512916 9.99821E-05 0.0322923
0.0746972 9.99732E-05 0.823413 9.99732E-05 9.99732E-05 0.101589
9.99731E-05 0.311575 0.460648 0.227477 9.99731E-05 9.99731E-05
0.278107 0.07248 0.241493 0.267974 0.139846 9.99911E-05
9.996E-05 9.996E-05 9.996E-05 0.9995 9.996E-05 9.996E-05
0.914686 9.99643E-05 9.99643E-05 9.99643E-05 9.99643E-05 0.0849139
0.325244 0.128482 0.393814 0.0104755 0.141885 9.9991E-05
9.99731E-05 0.235155 9.99731E-05 0.640593 9.99731E-05 0.123952
0.423513 9.99731E-05 9.99731E-05 0.285594 0.290594 9.99731E-05
0.186908 9.9991E-05 0.296012 0.321341 0.129716 0.0659237
9.9991E-05 0.445087 0.181431 0.279482 0.0517264 0.0421732
9.99821E-05 0.111328 0.152586 0.71772 9.99821E-05 0.0181662
0.483349 9.99643E-05 9.99643E-05 0.516251 9.99643E-05 9.99643E-05
0.0676359 0.502227 0.122059 0.094098 0.0341199 0.17986
0.173974 9.99732E-05 9.99732E-05 9.99732E-05 0.794261 0.031465
9.9991E-05 0.167392 0.402533 0.0265393 0.396945 0.00649079
0.020696 9.99821E-05 0.942028 0.0259322 0.0111439 9.99821E-05
0.0823811 9.99821E-05 0.403178 9.99821E-05 0.218862 0.295378
9.99821E-05 9.99821E-05 0.361479 0.092602 0.503018 0.0427014
9.9982E-05 0.226048 0.394793 0.252936 9.9982E-05 0.126023
0.286785 0.13432 9.99911E-05 0.389201 0.0553126 0.134281
9.99641E-05 9.99641E-05 9.99641E-05 0.115332 0.884268 9.99641E-05
9.99732E-05 9.99732E-05 0.535292 0.38305 9.99732E-05 0.0813573
0.103192 9.9991E-05 0.154221 0.540836 0.0955796 0.106072
0.0241503 0.263881 9.9991E-05 0.323993 0.275178 0.112697
0.33851 0.345219 9.9982E-05 0.0217068 0.294364 9.9982E-05
