9.9982E-05 0.832866 0.149942 9.9982E-05 0.0169918
0.422175 0.432705 0.0433988 9.9991E-05 0.101621
0.324419 0.316166 0.26645 0.0727114 0.0202546
9.999E-05 0.108651 0.633797 0.177059 0.0803938
0.000727966 9.9991E-05 0.684508 0.162697 0.151967
0.23961 0.122805 0.397788 0.0143889 0.225408
0.00998994 0.261349 0.463159 0.248003 0.0174988
0.329116 0.290991 0.257406 0.122387 9.9991E-05
0.266463 0.223579 0.373515 0.0576933 0.0787497
0.286735 0.219272 9.9991E-05 0.229665 0.264228
0.378604 0.119709 0.193133 9.9991E-05 0.308453
0.420605 0.160142 0.283337 0.0888926 0.047023
0.133735 0.0873551 0.542504 0.219085 0.0173213
0.179784 0.389652 0.201859 0.13009 0.0986149
0.588474 0.051454 0.131575 0.143022 0.085475
0.246473 0.125093 0.240268 0.314799 0.0733666
0.319491 9.9991E-05 0.389175 0.189971 0.101263
9.999E-05 0.149336 0.355915 0.388803 0.105845
0.314555 0.390565 0.269883 0.0105186 0.0144786
0.258875 0.0479867 0.648748 0.0442897 9.9991E-05
0.129839 0.222931 0.580939 9.9991E-05 0.0661916
0.403461 0.430764 0.0695066 0.0266627 0.0696055
0.175394 0.205484 0.48783 0.031068 0.100223
0.258877 0.241999 0.289217 0.209807 9.9991E-05
0.273944 0.214095 9.9991E-05 0.0977123 0.414148
9.9991E-05 0.364066 0.553644 0.0576663 0.0245236
0.417159 0.299956 9.9991E-05 0.160639 0.122146
9.9991E-05 0.291525 0.329138 0.226675 0.152561
0.291869 0.183953 0.149303 0.268852 0.106022
0.197209 9.9982E-05 0.17463 0.62796 9.9982E-05
0.538986 9.9991E-05 0.19737 0.109391 0.154153
0.516603 0.225264 9.9991E-05 0.044628 0.213405
0.0119289 0.211743 0.553489 0.222739 9.9991E-05
0.254443 0.0915522 0.530747 0.0445029 0.0787553
9.9991E-05 0.430675 0.214041 0.167467 0.187717
9.997E-05 0.9996 9.997E-05 9.997E-05 9.997E-05
9.9991E-05 0.167226 0.589795 0.017283 0.225595
0.00477657 0.799631 9.9991E-05 0.105793 0.0896992
0.339091 9.9991E-05 0.365372 0.133739 0.161698
0.420021 0.330155 0.0905289 0.100064 0.0592318
0.536993 0.407122 9.9982E-05 9.9982E-05 0.0556845
0.365065 0.121996 0.266964 0.098951 0.147024
0.304176 0.311174 0.175628 0.124253 0.0847699
0.224332 0.54308 0.135231 0.0797629 0.0175944
0.406191 0.419189 9.9991E-05 0.130861 0.0436583
0.220694 0.0494631 0.429306 0.0355102 0.265026
0.20132 0.152501 0.518581 0.127498 9.9991E-05
0.389282 0.107525 0.427427 0.0686507 0.00711465
0.485355 0.318104 0.0265674 0.151448 0.0185255
0.354298 0.356945 0.144306 0.144351 9.9991E-05
9.9991E-05 0.302931 0.298191 0.203754 0.195024
0.43593 0.00696048 0.365897 0.121327 0.0698862
0.682778 9.9991E-05 0.181012 0.0906108 0.0454985
0.207376 0.176782 0.124799 0.228924 0.262119
0.526921 0.315193 9.9991E-05 0.0731734 0.0846122
9.9991E-05 0.199613 0.58873 0.0181465 0.19341
0.348829 0.461253 9.9982E-05 9.9982E-05 0.189718
0.241473 0.497113 9.9991E-05 0.146637 0.114678
0.62957 0.215217 0.0143147 0.067023 0.0738753
0.265258 0.398471 0.0592293 0.0346787 0.242363
0.16306 9.9982E-05 0.768737 0.0680033 9.9982E-05
0.150574 0.0498023 0.52451 0.165569 0.109545
0.235433 9.9982E-05 0.604557 0.15981 9.9982E-05
0.0309371 9.9982E-05 9.9982E-05 0.966305 0.00255772
0.0205444 0.450555 0.35455 9.9991E-05 0.17425
9.9973E-05 0.714613 0.285087 9.9973E-05 9.9973E-05
9.99895E-05 0.478222 0.429645 9.99895E-05 0.0919332
0.336482 0.072719 0.502492 0.0882066 9.9991E-05
9.9982E-05 0.353559 0.524232 0.122009 9.9982E-05
0.192842 0.175192 0.294791 0.246681 0.0904944
0.254327 0.146368 0.0950094 0.195094 0.309202
0.292355 0.401489 0.0856952 0.220361 9.9991E-05
0.189146 0.192946 0.277534 0.298777 0.0415966
0.735941 9.9991E-05 0.0553093 0.0709916 0.137658
0.271136 0.224609 0.0611356 0.170615 0.272505
0.851116 9.9973E-05 9.9973E-05 9.9973E-05 0.148584
0.241887 0.0810279 0.334316 0.235935 0.106835
0.247384 9.9991E-05 0.529578 0.154619 0.0683181
0.133332 9.9982E-05 0.845972 9.9982E-05 0.0204964
0.320879 9.9991E-05 0.368111 0.2711 0.0398106
0.292186 0.244976 0.277904 0.170001 0.0149334
9.9991E-05 0.106283 0.73736 0.119483 0.0367735
0.452264 0.107646 0.106401 0.187497 0.146192
0.311781 9.9991E-05 0.440114 0.198332 0.0496733
0.116875 0.329519 0.405462 0.127278 0.0208663
0.512635 0.282639 0.105003 9.9991E-05 0.0996226
9.9982E-05 0.839658 0.158577 9.9982E-05 0.00156482
0.503603 0.00125178 0.338395 9.9991E-05 0.15665
0.0637548 0.401662 0.0272962 0.409027 0.0982594
0.323596 0.503616 0.152114 0.0176745 0.00299923
9.9973E-05 0.0275645 9.9973E-05 0.972136 9.9973E-05
0.495284 0.244229 9.9991E-05 0.0615696 0.198817
9.9973E-05 9.9973E-05 0.987863 9.9973E-05 0.0118368
0.506095 0.163211 0.0992992 0.21933 0.0120649
9.9991E-05 0.0838559 0.782255 0.000314004 0.133475
9.9982E-05 0.220733 0.691551 0.0875161 9.9982E-05
0.116191 0.741149 0.00110759 9.9991E-05 0.141452
0.0796039 0.107593 0.625572 9.9991E-05 0.187131
9.9991E-05 0.0861523 0.215108 0.686508 0.0121316
0.194362 0.299311 0.284845 0.221382 9.9991E-05
0.180776 0.266237 0.290892 0.183545 0.0785506
9.997E-05 9.997E-05 9.997E-05 0.9996 9.997E-05
0.444454 0.170383 0.0624749 0.143109 0.179579
9.997E-05 9.997E-05 9.997E-05 9.997E-05 0.9996
0.519774 0.203904 0.109409 0.0739007 0.0930121
0.729194 0.00989852 0.228482 9.9991E-05 0.0323256
0.461372 0.135884 0.331024 9.9991E-05 0.0716201
0.193876 0.376941 0.214063 0.0408188 0.174301
0.510495 9.9991E-05 0.233205 0.150854 0.105345
0.218071 0.265305 0.33926 0.0981201 0.0792433
0.0708356 0.1322 0.586968 0.0395428 0.170454
0.474785 0.126756 0.0290059 0.206257 0.163196
0.579099 0.105724 0.195212 0.0307285 0.0892369
9.9991E-05 0.0801074 0.372784 0.518141 0.0288679
0.114803 0.335468 0.370771 0.12885 0.0501085
0.0226489 9.9973E-05 9.9973E-05 0.977051 9.9973E-05
0.248141 0.118599 0.372255 9.9991E-05 0.260905
9.9982E-05 0.627338 0.326798 0.0456642 9.9982E-05
0.404903 9.9991E-05 0.403423 0.0715139 0.12006
0.126943 0.339248 0.298718 0.153515 0.0815761
0.0029725 0.361813 0.391254 0.213579 0.0303823
9.9991E-05 0.246235 0.0471848 0.677976 0.0285048
0.204363 0.230963 0.132393 0.345466 0.0868146
0.430301 9.9982E-05 0.447518 9.9982E-05 0.12198
0.337585 0.174567 0.00516079 0.379153 0.103534
0.541162 0.0605981 0.339882 0.0248131 0.0335445
0.612134 0.217551 0.0173507 0.0765836 0.0763807
0.115694 0.269905 0.309448 0.209963 0.0949899
0.593283 0.132468 0.27129 9.9991E-05 0.00285957
0.239353 0.557961 0.0124211 0.0908413 0.0994234
9.9973E-05 0.505982 0.493718 9.9973E-05 9.9973E-05
0.0460071 0.250679 0.433581 0.217295 0.0524374
9.9982E-05 9.9982E-05 0.602957 0.364729 0.0321146
0.526496 9.9991E-05 0.175704 0.262477 0.035224
0.031287 0.296053 0.5114 0.00851044 0.15275
0.118115 0.0790806 0.454546 0.0843352 0.263923
0.9996 9.997E-05 9.997E-05 9.997E-05 9.997E-05
0.952149 9.9973E-05 9.9973E-05 0.0475515 9.9973E-05
0.280966 0.332071 0.166336 0.139075 0.0815524
9.9991E-05 0.0647679 0.737869 0.0816858 0.115577
0.11183 0.146965 0.416854 0.112128 0.212224
0.606081 9.9982E-05 9.9982E-05 0.173252 0.220466
0.330649 0.207174 0.177222 0.111276 0.173679
0.260071 0.493636 9.9991E-05 0.104122 0.142071
0.0337733 0.223457 0.576402 0.114311 0.0520567
0.059777 0.219713 0.224848 0.490007 0.00565538
0.245606 0.225253 0.400481 9.9991E-05 0.12856
9.99729E-05 9.99729E-05 0.0676715 0.932029 9.99729E-05
0.0194514 0.621067 0.192022 0.0495265 0.117932
0.142678 0.196437 0.475871 9.9991E-05 0.184914
0.523435 0.130404 0.278567 0.0161936 0.0513996
0.234165 0.118432 0.475832 9.9991E-05 0.171471
0.277136 0.274557 0.138337 0.25335 0.0566203
0.528748 0.23036 0.11161 0.0812552 0.0480275
0.480741 0.136614 0.235146 0.138077 0.00942191
0.207028 0.257304 0.154514 0.301263 0.0798914
0.30614 0.449816 0.224424 0.0190145 0.000606196
0.174971 0.243353 0.367418 0.130441 0.0838165
9.9982E-05 0.901777 0.0955373 0.00248528 9.9982E-05
0.441168 0.118363 0.352349 0.0744137 0.0137073
9.9991E-05 0.0796719 0.836066 0.0162915 0.0678707
9.9973E-05 9.9973E-05 0.0098762 0.989824 9.9973E-05
0.310471 0.158283 0.238239 0.202649 0.0903591
0.274093 0.252397 0.324454 0.0399002 0.109156
0.28595 0.29055 0.195055 0.0996944 0.12875
9.9973E-05 0.896737 9.9973E-05 0.102963 9.9973E-05
0.429609 0.293576 0.236557 9.9991E-05 0.0401575
0.53494 0.0283276 0.199309 9.9991E-05 0.237324
0.786111 0.213589 9.9973E-05 9.9973E-05 9.9973E-05
0.102455 0.217571 0.42459 0.255284 9.9991E-05
0.801849 0.138738 9.9982E-05 9.9982E-05 0.0592131
0.161448 0.072544 0.309155 0.206119 0.250733
0.171203 0.277508 0.420886 0.130303 9.9991E-05
0.345845 0.512498 9.9982E-05 9.9982E-05 0.141457
0.243948 0.2767 0.451115 0.0281381 9.9991E-05
0.351014 0.0343952 0.486867 9.9991E-05 0.127623
0.18995 9.9991E-05 0.7436 0.00594215 0.0604078
0.419829 0.172612 0.236171 9.9991E-05 0.171288
9.997E-05 9.997E-05 9.997E-05 9.997E-05 0.9996
0.519144 0.221073 0.0059213 0.0384156 0.215446
0.220651 0.0525491 0.281661 0.338114 0.107025
0.202839 0.262387 0.124622 0.289156 0.120996
0.384483 0.594166 9.9982E-05 9.9982E-05 0.0211514
0.103495 0.260615 0.529217 0.106573 9.9991E-05
0.204453 0.161062 0.484846 0.0519021 0.0977372
9.997E-05 9.997E-05 9.997E-05 9.997E-05 0.9996
0.0833646 0.0361561 0.690179 0.116013 0.0742873
0.123837 0.503267 9.9991E-05 0.127323 0.245473
0.278174 0.168482 0.549301 0.00394252 9.9991E-05
0.452417 0.478416 9.9982E-05 0.0689668 9.9982E-05
