0.629298 0.0766619 9.99369E-05 9.99369E-05 9.99369E-05 0.293341 9.99369E-05 9.99369E-05 9.99369E-05 9.99369E-05
0.00953532 0.352558 0.0535487 0.0565991 0.196235 0.0660525 0.106785 0.158487 9.9982E-05 9.9982E-05
0.0744119 0.146995 9.99729E-05 9.99729E-05 0.073313 0.324911 0.0414932 9.99729E-05 0.273586 0.0649907
0.246494 0.164578 0.0325827 0.120365 0.0078106 9.9991E-05 0.0645453 0.00879926 0.30268 0.0520462
0.142091 0.0808029 0.217997 0.0860974 9.9973E-05 9.9973E-05 9.9973E-05 0.20394 0.204937 0.0638359
0.0585603 0.200084 0.109239 0.114465 9.9964E-05 9.9964E-05 9.9964E-05 0.248154 0.269098 9.9964E-05
0.347968 0.142047 0.214783 0.000627047 9.99729E-05 0.201556 9.99729E-05 9.99729E-05 0.0564631 0.0362566
0.283771 9.9982E-05 0.00588801 9.9982E-05 0.169541 0.0574052 0.0482231 0.0525051 0.329348 0.0531187
0.0612761 0.304962 9.9982E-05 0.0408611 9.9982E-05 0.302359 0.0403876 0.0709264 0.173842 0.00518516
9.9964E-05 0.0145407 9.9964E-05 0.182705 9.9964E-05 0.477348 0.185892 9.9964E-05 0.0859838 0.0531311
9.99459E-05 9.99459E-05 9.99459E-05 0.0957738 9.99459E-05 0.441901 9.99459E-05 9.99459E-05 0.444366 0.0173597
9.99549E-05 0.0333566 0.183511 9.99549E-05 9.99549E-05 0.228234 0.0608558 0.493543 9.99549E-05 9.99549E-05
0.103188 0.0632584 0.201323 0.066808 9.9991E-05 0.139754 0.0358273 0.102958 0.214356 0.0724277
0.327868 0.0184973 0.0764364 0.0800745 0.043867 0.0175586 0.163477 0.220818 9.9991E-05 0.0513032
9.99459E-05 9.99459E-05 9.99459E-05 9.99459E-05 0.0844381 9.99459E-05 9.99459E-05 0.783766 0.0988593 0.0323366
0.0379909 9.9982E-05 0.10031 0.0154904 0.384595 9.9982E-05 0.132678 0.0755736 0.157953 0.0952093
9.99278E-05 9.99278E-05 9.99278E-05 0.0655002 9.99278E-05 9.99278E-05 9.99278E-05 0.9337 9.99278E-05 9.99278E-05
0.133817 9.9982E-05 0.0794294 0.104481 0.0374447 0.259543 0.145953 0.0992429 9.9982E-05 0.139889
0.0791242 0.0258199 0.34529 9.9955E-05 9.9955E-05 9.9955E-05 9.9955E-05 9.9955E-05 0.449567 0.0996987
0.0660076 0.166107 0.0358879 0.0281521 0.0865936 0.173512 0.101165 0.107905 0.230656 0.0040136
0.204335 0.169783 9.99639E-05 0.0325416 9.99639E-05 0.301349 9.99639E-05 9.99639E-05 0.217602 0.0739896
0.169065 0.00339565 0.420528 0.0533048 9.9973E-05 0.0440536 9.9973E-05 0.234963 9.9973E-05 0.0743895
0.164446 0.1451 0.215797 0.0544418 0.0606401 9.998E-05 9.998E-05 0.0628291 0.194038 0.102508
0.0990855 0.231717 9.9973E-05 9.9973E-05 0.116859 0.119733 0.224192 9.9973E-05 0.202064 0.00604972
9.9946E-05 9.9946E-05 9.9946E-05 0.143383 9.9946E-05 0.339578 9.9946E-05 9.9946E-05 0.483346 0.033094
0.18526 0.300501 9.9982E-05 9.9982E-05 0.0682514 0.16844 0.13476 0.108294 0.0281136 0.00618025
9.9973E-05 9.9973E-05 9.9973E-05 0.0753298 0.177471 0.290546 0.115535 0.129441 0.12979 0.0815884
0.289078 0.0153458 9.9982E-05 0.123381 0.0624766 9.9982E-05 0.164301 0.213854 0.0887991 0.0425649
9.9973E-05 0.204956 9.9973E-05 0.0570552 0.0814416 0.362709 0.0781415 0.195311 0.0200855 9.9973E-05
0.15377 0.0759288 9.99639E-05 9.99639E-05 0.016661 9.99639E-05 0.56031 9.99639E-05 0.138476 0.0544536
9.9973E-05 0.0583582 0.0649797 0.0507562 0.0229806 0.0908514 9.9973E-05 0.096927 0.614847 9.9973E-05
9.9937E-05 9.9937E-05 9.9937E-05 9.9937E-05 9.9937E-05 0.836097 9.9937E-05 9.9937E-05 0.162582 0.000622011
0.0933437 0.392245 0.0764558 9.9973E-05 9.9973E-05 9.9973E-05 0.00846304 0.205946 0.168448 0.0547995
0.15884 0.41003 0.0290583 0.058252 0.0869008 0.167693 9.99729E-05 9.99729E-05 9.99729E-05 0.0889266
0.0746777 0.184666 9.9964E-05 0.0457704 9.9964E-05 0.230647 9.9964E-05 0.335733 9.9964E-05 0.128106
0.976296 9.9928E-05 9.9928E-05 9.9928E-05 9.9928E-05 9.9928E-05 9.9928E-05 9.9928E-05 9.9928E-05 0.0229051
0.118923 0.315416 9.9964E-05 0.136772 0.137511 9.9964E-05 9.9964E-05 9.9964E-05 0.282343 0.00863468
0.0619078 9.99551E-05 9.99551E-05 0.0342897 0.00660797 0.691957 9.99551E-05 0.204738 9.99551E-05 9.99551E-05
9.9964E-05 9.9964E-05 0.0247751 0.0363234 9.9964E-05 9.9964E-05 0.122422 0.112019 0.687791 0.0162699
0.0148447 0.217463 9.9982E-05 0.000865975 0.16574 0.166769 9.9982E-05 0.126952 0.176209 0.130957
9.9964E-05 0.0478913 0.600989 0.0318604 0.110717 9.9964E-05 9.9964E-05 9.9964E-05 0.162174 0.0459688
0.161572 0.274398 9.9982E-05 0.105627 0.0814011 0.0583211 0.0602204 9.9982E-05 0.207049 0.0512111
0.164821 0.00357529 9.9973E-05 0.0235752 0.207338 0.249754 9.9973E-05 9.9973E-05 0.293376 0.05726
0.303217 0.121189 0.147632 9.9973E-05 9.9973E-05 0.114716 0.112205 0.123203 0.0775381 9.9973E-05
9.9946E-05 9.9946E-05 9.9946E-05 9.9946E-05 0.0235432 0.95511 0.0137053 9.9946E-05 9.9946E-05 0.00704209
0.0201462 0.256824 0.0467974 0.133972 9.9973E-05 0.0712762 9.9973E-05 0.0836901 0.386994 9.9973E-05
0.102295 0.0658202 0.236034 9.9982E-05 0.202535 0.200058 0.0088006 0.184091 0.000165363 9.9982E-05
9.997E-05 0.192086 0.33799 9.997E-05 0.126001 9.997E-05 0.052712 0.171605 0.0932681 0.0260382
9.9955E-05 0.0639554 0.426855 9.9955E-05 0.0831479 0.338812 9.9955E-05 9.9955E-05 9.9955E-05 0.0867304
0.0796118 9.9982E-05 0.0871198 9.9982E-05 0.106707 0.169308 0.00569435 0.240355 0.254512 0.0564926
0.169473 0.00637946 0.0842075 0.0939738 9.9991E-05 0.0693675 0.065383 0.355273 0.0487775 0.107064
0.1062 0.0958294 0.269786 9.9973E-05 0.060765 0.109829 9.9973E-05 9.9973E-05 0.266319 0.0909722
9.9964E-05 0.104576 9.9964E-05 0.0228326 0.474109 9.9964E-05 0.0798246 9.9964E-05 0.26878 0.0494778
9.9973E-05 9.9973E-05 9.9973E-05 0.168121 0.25744 0.260449 0.101937 0.0106321 0.194485 0.0066358
9.9928E-05 9.9928E-05 0.993168 9.9928E-05 0.00603233 9.9928E-05 9.9928E-05 9.9928E-05 9.9928E-05 9.9928E-05
9.9973E-05 0.126136 0.0648258 0.0152982 9.9973E-05 0.100642 9.9973E-05 0.0542912 0.570543 0.067964
9.99201E-05 9.99201E-05 0.999101 9.99201E-05 9.99201E-05 9.99201E-05 9.99201E-05 9.99201E-05 9.99201E-05 9.99201E-05
0.109768 9.9946E-05 0.839274 0.0169964 9.9946E-05 9.9946E-05 9.9946E-05 9.9946E-05 9.9946E-05 0.0333623
0.0526624 0.249918 0.134224 0.018395 0.140639 0.2481 0.0566883 9.9982E-05 9.9982E-05 0.0991723
0.0289649 9.9991E-05 0.0676588 0.0673259 0.0279978 0.554941 0.00384472 0.0879994 0.124466 0.0367016
9.99201E-05 0.999101 9.99201E-05 9.99201E-05 9.99201E-05 9.99201E-05 9.99201E-05 9.99201E-05 9.99201E-05 9.99201E-05
9.9973E-05 0.365078 9.9973E-05 0.0453627 0.00685717 0.216975 9.9973E-05 0.257275 0.000787176 0.107365
0.00449636 0.18472 0.288615 9.99639E-05 9.99639E-05 9.99639E-05 9.99639E-05 0.302009 0.165839 0.0539197
0.0364724 0.000202669 9.9964E-05 0.00445628 9.9964E-05 0.0528322 0.808786 9.9964E-05 9.9964E-05 0.0968505
0.373715 0.206893 9.9964E-05 0.14805 0.0734299 9.9964E-05 9.9964E-05 0.139225 0.0582867 9.9964E-05
0.965527 9.9928E-05 9.9928E-05 9.9928E-05 9.9928E-05 9.9928E-05 9.9928E-05 9.9928E-05 9.9928E-05 0.0336737
0.312815 0.326983 0.163635 0.0728205 9.9964E-05 0.0626522 9.9964E-05 9.9964E-05 9.9964E-05 0.0606943
0.127456 9.9946E-05 0.292463 9.9946E-05 9.9946E-05 0.0918357 9.9946E-05 9.9946E-05 0.487645 9.9946E-05
0.276108 0.337079 9.9964E-05 9.9964E-05 9.9964E-05 9.9964E-05 0.0582383 0.0513373 0.247734 0.0291033
0.0313585 0.0813205 9.9991E-05 0.0597473 0.283394 0.187939 0.146292 0.036666 0.0799077 0.0932755
9.9955E-05 0.144217 0.141931 0.110986 9.9955E-05 0.565474 0.0368926 9.9955E-05 9.9955E-05 9.9955E-05
0.0824557 0.171371 0.142806 9.9982E-05 0.0907743 0.154318 0.0212583 0.277816 9.9982E-05 0.0590002
9.9982E-05 0.135154 0.13092 0.0100429 0.072973 9.9982E-05 0.0401652 0.252776 0.234392 0.123376
9.9973E-05 9.9973E-05 0.221087 0.0508258 0.0542967 9.9973E-05 0.0576758 0.0958062 0.510594 0.00941485
9.9955E-05 9.9955E-05 9.9955E-05 0.1683 0.114114 0.368227 0.0841623 0.264697 9.9955E-05 9.9955E-05
9.9982E-05 0.228036 0.0766488 0.100522 0.199592 0.218079 9.9982E-05 0.122067 0.0342996 0.0205553
9.9964E-05 0.408604 0.0740673 0.0235304 9.9964E-05 0.293791 0.0443033 9.9964E-05 9.9964E-05 0.155304
9.99369E-05 0.965032 9.99369E-05 0.0151353 9.99369E-05 9.99369E-05 9.99369E-05 9.99369E-05 9.99369E-05 0.0191334
9.99201E-05 0.999101 9.99201E-05 9.99201E-05 9.99201E-05 9.99201E-05 9.99201E-05 9.99201E-05 9.99201E-05 9.99201E-05
9.9946E-05 0.79169 9.9946E-05 9.9946E-05 9.9946E-05 0.0809913 0.0823096 9.9946E-05 9.9946E-05 0.044409
0.089371 0.215157 0.151602 0.0230525 0.10185 0.216918 9.9991E-05 0.0172889 0.142158 0.042503
0.202875 0.220064 0.0435769 0.0928473 9.9973E-05 9.9973E-05 9.9973E-05 0.110778 0.254879 0.0746798
9.9973E-05 0.0745453 0.154638 0.111812 0.0677932 0.194255 0.121511 9.9973E-05 0.275145 9.9973E-05
9.9973E-05 0.0549161 9.9973E-05 0.055729 0.0761119 0.039186 9.9973E-05 0.117196 0.620777 0.0357848
0.0830786 0.208116 0.213957 9.9964E-05 9.9964E-05 9.9964E-05 9.9964E-05 0.295954 0.132883 0.0656115
0.0671847 0.241051 0.230517 0.0362504 0.0365853 0.388012 9.9964E-05 9.9964E-05 9.9964E-05 9.9964E-05
0.819642 0.00495928 9.99459E-05 9.99459E-05 9.99459E-05 9.99459E-05 9.99459E-05 0.0974717 9.99459E-05 0.0773278
9.99641E-05 0.160524 9.99641E-05 0.0313586 9.99641E-05 0.500284 9.99641E-05 0.173016 0.0627087 0.0717093
0.227422 0.0341327 0.13866 0.0686855 0.0809335 0.0468544 0.126549 0.244909 9.9991E-05 0.031753
0.181062 9.9964E-05 0.0940419 9.9964E-05 0.0452586 0.458889 9.9964E-05 9.9964E-05 0.16755 0.0527996
9.99279E-05 9.99279E-05 9.99279E-05 0.0237356 9.99279E-05 9.99279E-05 0.975465 9.99279E-05 9.99279E-05 9.99279E-05
9.9946E-05 9.9946E-05 0.175118 0.0182392 9.9946E-05 0.523378 9.9946E-05 0.282665 9.9946E-05 9.9946E-05
0.242815 0.0160061 0.0122543 9.9964E-05 0.0225575 9.9964E-05 9.9964E-05 9.9964E-05 0.616381 0.0895862
0.0576647 0.0609643 0.0326784 9.9982E-05 0.291562 9.9982E-05 0.0406874 0.411984 0.0232866 0.0809727
0.269158 0.142578 0.13516 0.134083 0.0117502 9.9973E-05 9.9973E-05 9.9973E-05 0.274819 0.0321517
0.165896 0.246723 9.9964E-05 0.0420561 0.00045069 9.9964E-05 0.147347 9.9964E-05 0.397128 9.9964E-05
0.197787 9.9973E-05 0.13238 0.0694591 0.132223 0.388956 0.0395064 0.0393897 9.9973E-05 9.9973E-05
0.0613376 0.211004 0.365518 0.0805995 0.0471389 0.205604 9.9982E-05 9.9982E-05 0.00386257 0.0247357
0.184011 9.99551E-05 9.99551E-05 9.99551E-05 9.99551E-05 0.0457153 0.416455 0.260614 9.99551E-05 0.0927056
0.048042 0.00731614 0.216021 9.9982E-05 0.0441398 0.0971569 0.28489 0.169819 0.132414 9.9982E-05
0.199782 9.9982E-05 0.157016 9.9982E-05 0.0504371 0.0528862 0.143824 0.0929314 0.215534 0.0873886
9.99201E-05 9.99201E-05 9.99201E-05 9.99201E-05 9.99201E-05 9.99201E-05 0.999101 9.99201E-05 9.99201E-05 9.99201E-05
9.99729E-05 9.99729E-05 0.203695 0.104819 0.0310409 9.99729E-05 0.0647263 0.151867 0.41489 0.0286611
9.99279E-05 9.99279E-05 9.99279E-05 0.930519 9.99279E-05 0.0686813 9.99279E-05 9.99279E-05 9.99279E-05 9.99279E-05
0.110445 9.997E-05 9.997E-05 0.120847 0.0470021 0.0872165 9.997E-05 0.390113 0.225089 0.0189882
0.0967427 9.9955E-05 0.0995128 9.9955E-05 0.102349 9.9955E-05 9.9955E-05 0.146241 0.554655 9.9955E-05
0.150734 9.9973E-05 0.0564499 9.9973E-05 0.163901 0.296936 0.0255732 0.246824 0.0592814 9.9973E-05
0.0957876 0.53908 0.143754 0.0306503 9.9964E-05 9.9964E-05 0.153927 0.0364009 9.9964E-05 9.9964E-05
9.9973E-05 0.0329042 0.0979678 9.9973E-05 9.9973E-05 0.091759 0.0813724 0.172838 0.506214 0.0166445
0.228806 0.191547 0.0309831 9.9973E-05 9.9973E-05 0.344704 0.108423 9.9973E-05 0.0769329 0.0183042
0.164716 0.00121275 9.9973E-05 0.0856662 0.032864 9.9973E-05 9.9973E-05 0.135711 0.557536 0.0219938
9.9973E-05 9.9973E-05 0.246138 0.0118833 9.9973E-05 0.298028 0.118247 0.14124 0.163853 0.0203109
0.051606 0.285837 0.061173 0.0653818 0.237699 0.027342 9.9973E-05 9.9973E-05 0.27066 9.9973E-05
9.9964E-05 0.123017 9.9964E-05 0.0348613 0.0208777 9.9964E-05 0.599588 0.127712 9.9964E-05 0.0935448
0.184867 0.00307627 9.9964E-05 9.9964E-05 0.0678078 0.375597 9.9964E-05 0.119616 0.248636 9.9964E-05
9.9928E-05 9.9928E-05 0.0392404 9.9928E-05 9.9928E-05 9.9928E-05 0.95996 9.9928E-05 9.9928E-05 9.9928E-05
0.064764 9.9964E-05 9.9964E-05 0.166337 0.0978927 0.314394 9.9964E-05 0.194744 0.161469 9.9964E-05
0.483919 0.167493 0.0174925 0.035893 9.9973E-05 0.139046 9.9973E-05 0.092771 9.9973E-05 0.0630853
9.996E-05 0.160179 0.224252 9.996E-05 0.0830045 0.22373 0.0380412 9.996E-05 0.270393 9.996E-05
0.0736921 9.9955E-05 9.9955E-05 9.9955E-05 9.9955E-05 0.523854 0.00703132 9.9955E-05 0.312654 0.0822691
0.193694 0.277191 9.9973E-05 0.0622902 0.0830063 0.20055 0.0950114 9.9973E-05 9.9973E-05 0.0879573
0.0910577 0.0402678 0.00536417 9.9982E-05 9.9982E-05 0.00133223 0.501291 0.128947 0.120751 0.110788
9.997E-05 0.0930695 0.0156941 0.0338249 0.0755117 0.58463 0.133126 9.997E-05 9.997E-05 0.0638446
9.9955E-05 0.325552 9.9955E-05 0.0517403 0.284792 9.9955E-05 9.9955E-05 0.318225 0.0191907 9.9955E-05
0.0238362 9.9955E-05 0.657931 9.9955E-05 9.9955E-05 0.126733 0.104494 9.9955E-05 9.9955E-05 0.0865064
9.99281E-05 0.196837 9.99281E-05 9.99281E-05 9.99281E-05 9.99281E-05 9.99281E-05 0.802364 9.99281E-05 9.99281E-05
0.0233226 9.9964E-05 0.0225865 9.9964E-05 0.0303991 0.0602006 9.9964E-05 9.9964E-05 0.84932 0.0137718
9.9991E-05 0.0900262 0.54127 0.0158324 0.00847676 0.0382408 0.0316201 0.0374264 0.172515 0.0644925
9.9973E-05 0.26378 0.329923 9.9973E-05 0.00313432 0.127409 9.9973E-05 0.111165 0.13095 0.0333393
0.00274203 9.9964E-05 0.0213489 9.9964E-05 9.9964E-05 0.746141 0.0871125 0.0908554 9.9964E-05 0.0514005
0.60393 0.0502335 9.9973E-05 9.9973E-05 9.9973E-05 0.218078 0.0406426 0.0588719 0.0196003 0.00834319
0.150874 0.318912 0.102915 0.0472932 0.0104941 0.0141245 9.9991E-05 0.178226 0.0778648 0.0991967
9.9955E-05 0.253783 9.9955E-05 9.9955E-05 9.9955E-05 0.0536563 0.305542 0.336293 0.0502258 9.9955E-05
9.997E-05 0.194916 9.997E-05 9.997E-05 0.0628109 0.103789 0.0778066 0.086511 0.40687 0.0669962
0.252574 0.0333572 0.0874606 0.00670248 9.9973E-05 0.00426523 0.00310013 9.9973E-05 0.612241 9.9973E-05
9.9964E-05 9.9964E-05 0.145808 0.0383524 9.9964E-05 0.386345 0.0155832 9.9964E-05 0.344657 0.0688539
9.99279E-05 9.99279E-05 9.99279E-05 9.99279E-05 0.912672 9.99279E-05 9.99279E-05 0.0865287 9.99279E-05 9.99279E-05
9.99201E-05 9.99201E-05 9.99201E-05 9.99201E-05 0.999101 9.99201E-05 9.99201E-05 9.99201E-05 9.99201E-05 9.99201E-05
0.0768332 9.9973E-05 0.1912 0.0204609 0.0877742 0.421657 9.9973E-05 0.144079 9.9973E-05 0.0576963
0.0353963 0.305442 0.213651 0.126215 9.9964E-05 0.00293025 9.9964E-05 0.315965 9.9964E-05 9.9964E-05
0.0674436 0.188121 0.0218892 0.0905643 9.9973E-05 0.210623 9.9973E-05 0.321858 9.9973E-05 0.099201
9.9964E-05 9.9964E-05 9.9964E-05 0.036844 0.0309186 0.00267016 0.00912505 9.9964E-05 0.88934 0.0307027
9.9964E-05 0.243869 0.548875 0.0709824 9.9964E-05 9.9964E-05 0.00134297 0.0753198 0.0592106 9.9964E-05
0.108502 0.152336 0.259769 9.9973E-05 9.9973E-05 0.296008 0.045696 9.9973E-05 0.103923 0.0334661
0.0643154 0.29768 0.262718 0.077861 0.10396 9.9982E-05 0.0286563 0.139561 9.9982E-05 0.0250498
0.197133 0.0436305 9.9964E-05 0.0478412 9.9964E-05 9.9964E-05 0.464134 0.219445 9.9964E-05 0.0274161
0.327945 9.9973E-05 0.104868 0.0342838 0.0371032 9.9973E-05 9.9973E-05 0.358685 0.113876 0.0229394
9.99201E-05 9.99201E-05 9.99201E-05 9.99201E-05 9.99201E-05 9.99201E-05 9.99201E-05 9.99201E-05 9.99201E-05 0.999101
0.632377 0.158247 9.9964E-05 0.0726466 0.0219802 0.0732966 9.9964E-05 9.9964E-05 9.9964E-05 0.0410526
0.113958 0.124298 0.0773441 0.224506 0.164471 9.9964E-05 9.9964E-05 9.9964E-05 0.295023 9.9964E-05
9.9955E-05 9.9955E-05 0.29335 0.0354153 9.9955E-05 9.9955E-05 9.9955E-05 0.512527 0.155668 0.00253981
9.9973E-05 0.35884 0.193643 0.180105 0.133465 0.0454315 9.9973E-05 0.0108648 9.9973E-05 0.0773515
0.0280654 0.340673 0.093191 0.0331657 0.0481682 0.182015 0.108832 0.0145983 0.0651169 0.0861738
9.9973E-05 0.0862254 0.223052 9.9973E-05 0.208065 0.136819 0.024045 0.240693 9.9973E-05 0.0808016
0.0877624 0.0789182 0.221225 9.9982E-05 0.01837 0.00901566 9.9982E-05 0.490372 0.0561989 0.0379387
0.20237 0.00683437 9.9991E-05 0.098964 0.167139 0.0264864 0.129979 0.278192 0.00536703 0.0845684
0.126516 0.237089 0.335629 9.996E-05 9.996E-05 0.208523 9.996E-05 0.036024 9.996E-05 0.0558192
0.10905 0.195166 9.9982E-05 0.0504114 0.102841 0.0158939 0.0616736 9.9982E-05 0.36251 0.102254
0.792083 0.0452035 9.9937E-05 9.9937E-05 9.9937E-05 9.9937E-05 0.162014 9.9937E-05 9.9937E-05 9.9937E-05
0.087702 9.9982E-05 0.256348 0.0288315 9.9982E-05 0.0315531 0.0292297 0.31392 0.224517 0.027698
0.180928 0.149677 9.9973E-05 0.0752127 9.9973E-05 0.0800368 9.9973E-05 0.25622 0.230189 0.0274371
9.99201E-05 9.99201E-05 9.99201E-05 9.99201E-05 9.99201E-05 9.99201E-05 9.99201E-05 9.99201E-05 9.99201E-05 0.999101
0.0392628 9.99549E-05 9.99549E-05 9.99549E-05 0.0967201 0.105857 9.99549E-05 0.355306 9.99549E-05 0.402355
0.0820945 0.214621 9.9973E-05 0.0871347 0.393107 0.102616 0.0114474 9.9973E-05 0.10868 9.9973E-05
0.0910847 0.0424302 0.271833 0.0298572 0.0141791 0.241845 9.998E-05 9.998E-05 0.242212 0.0663583
0.742016 0.0134274 9.9973E-05 0.0485701 0.0157923 0.0574865 0.0733553 9.9973E-05 9.9973E-05 0.049052
0.147862 0.110068 0.213864 0.0038375 0.0252874 0.153667 9.9991E-05 0.164264 0.132277 0.0487727
0.0011207 0.215098 9.9982E-05 0.0907441 0.0139206 0.239859 9.9982E-05 0.10112 0.310078 0.0278604
9.99201E-05 9.99201E-05 9.99201E-05 9.99201E-05 0.999101 9.99201E-05 9.99201E-05 9.99201E-05 9.99201E-05 9.99201E-05
0.233923 0.202457 9.9964E-05 9.9964E-05 9.9964E-05 0.0193395 0.119011 0.34945 9.9964E-05 0.0754203
9.9982E-05 0.2148 0.125625 0.0221425 0.106081 0.224425 0.084985 0.068222 0.15352 9.9982E-05
0.042551 9.9991E-05 0.125001 0.130662 0.060764 0.148986 0.0436953 0.273899 0.119538 0.0548032
0.134019 0.147065 0.104984 0.0220321 0.107584 9.9982E-05 0.128214 9.9982E-05 0.315159 0.0407422
9.9964E-05 0.0420461 0.0982976 0.0157954 0.394087 0.254802 9.9964E-05 0.194572 9.9964E-05 9.9964E-05
0.187082 0.16104 0.189073 9.9982E-05 0.011265 0.128835 9.9982E-05 0.0367315 0.211512 0.0742617
9.9955E-05 0.127899 0.367391 0.130947 9.9955E-05 9.9955E-05 9.9955E-05 0.234562 0.138701 9.9955E-05
0.0274005 0.0368822 0.00550856 9.9982E-05 0.0427977 0.275016 9.9982E-05 0.0805892 0.470382 0.0612244
0.111344 9.9964E-05 9.9964E-05 0.0459999 0.0971657 0.374777 0.00785874 9.9964E-05 0.362455 9.9964E-05
9.99201E-05 9.99201E-05 9.99201E-05 0.999101 9.99201E-05 9.99201E-05 9.99201E-05 9.99201E-05 9.99201E-05 9.99201E-05
9.9964E-05 9.9964E-05 0.271092 0.0361358 0.0635113 0.34482 0.109878 0.174163 9.9964E-05 9.9964E-05
9.99201E-05 9.99201E-05 9.99201E-05 9.99201E-05 9.99201E-05 9.99201E-05 9.99201E-05 0.999101 9.99201E-05 9.99201E-05
0.117366 0.0414702 0.159996 0.0390037 9.9991E-05 0.0784182 0.0111341 0.293729 0.159978 0.0988054
0.389384 0.0286427 0.287905 0.0537262 0.162206 9.9982E-05 9.9982E-05 0.0157753 0.0466069 0.0155532
0.22673 0.207766 9.9982E-05 9.9982E-05 0.0139503 0.165806 0.160957 0.00114553 0.215856 0.00759068
0.317418 0.0385 9.9964E-05 0.0144596 0.165491 0.0555093 9.9964E-05 9.9964E-05 0.408222 9.9964E-05
9.99201E-05 9.99201E-05 9.99201E-05 0.999101 9.99201E-05 9.99201E-05 9.99201E-05 9.99201E-05 9.99201E-05 9.99201E-05
0.0530901 0.265545 0.180811 9.9982E-05 9.9982E-05 0.02328 0.0375176 0.133664 0.233685 0.0722078
0.145069 9.9991E-05 0.12806 0.197612 0.0348863 0.107504 0.0855914 0.134456 0.0957141 0.0710068
0.169674 0.279754 0.15924 0.048505 0.0271004 9.9973E-05 9.9973E-05 0.125872 0.189555 9.9973E-05
0.14597 9.9964E-05 0.0572108 9.9964E-05 0.272377 0.337368 0.0280192 0.158656 9.9964E-05 9.9964E-05
