0.321451 0.610972 0.0675778
0.378876 0.561476 0.059648
0.499414 0.350742 0.149844
0.181615 0.591136 0.227249
0.242179 0.467146 0.290675
0.294612 0.622254 0.0831347
0.363176 0.497646 0.139177
0.0759818 0.761365 0.162653
0.441359 0.541125 0.0175157
0.604808 0.108956 0.286237
0.791992 0.136479 0.0715288
0.277924 0.548495 0.173581
0.440967 0.344643 0.21439
0.171346 0.518806 0.309848
0.211456 0.73238 0.0561642
0.191278 0.515708 0.293014
0.114475 0.721286 0.164239
0.175896 0.393846 0.430258
0.371984 0.482234 0.145782
0.300861 0.618831 0.080308
0.402915 0.523032 0.0740538
0.376454 0.546665 0.076881
0.248499 0.58106 0.170442
0.0183672 0.681489 0.300144
0.907026 9.9991E-05 0.0928744
0.0740304 0.596605 0.329364
0.314108 0.379828 0.306064
0.316971 0.437343 0.245686
0.235391 0.579247 0.185362
0.0685037 0.293328 0.638168
0.649356 0.153867 0.196777
0.767011 0.129763 0.103226
9.9991E-05 0.66599 0.33391
0.205357 0.70426 0.0903827
0.450805 0.373759 0.175436
0.134032 0.684651 0.181316
0.230898 0.633024 0.136078
0.694765 0.0378817 0.267354
0.21421 0.531483 0.254308
0.470902 0.36685 0.162248
0.428741 0.4476 0.123659
0.229846 0.643885 0.126269
0.340178 0.464962 0.19486
0.31781 0.512811 0.169379
0.473064 0.334601 0.192334
0.659308 0.28343 0.0572624
0.0767742 0.755194 0.168032
0.13281 0.734861 0.13233
0.448723 0.404686 0.146591
0.0787136 0.694249 0.227037
0.432775 0.233781 0.333444
0.3623 0.463884 0.173816
9.9991E-05 0.873992 0.125908
0.318721 0.524403 0.156877
0.456609 0.344804 0.198587
0.34641 0.475104 0.178486
0.630622 0.356847 0.0125309
0.435289 0.363617 0.201094
0.445202 0.411168 0.14363
0.606226 0.315985 0.0777884
0.0305032 0.881939 0.0875579
0.414167 0.337116 0.248717
0.0620048 0.788257 0.149738
9.999E-05 9.999E-05 0.9998
0.24733 0.75257 9.9991E-05
0.0703689 0.838313 0.0913178
0.474403 0.444266 0.0813311
0.494982 0.400384 0.104634
0.231395 0.596316 0.172289
0.141227 0.486394 0.372379
0.741461 0.137049 0.12149
0.147069 0.590313 0.262618
0.267387 0.424403 0.308211
0.417685 0.511445 0.0708702
0.304536 0.49903 0.196434
0.398186 0.555887 0.0459265
0.20937 0.69063 0.100001
0.284452 0.589485 0.126063
0.0696169 0.927733 0.00265051
0.154587 0.540338 0.305075
0.277484 0.514153 0.208362
0.17033 0.703832 0.125838
0.394849 0.398929 0.206222
0.464033 0.289474 0.246493
0.242688 0.581875 0.175436
0.611399 0.388501 9.9991E-05
0.0779521 0.699591 0.222457
0.549675 0.442378 0.00794692
0.1263 0.547837 0.325862
0.425833 0.478721 0.0954463
9.999E-05 9.999E-05 0.9998
0.568339 0.346533 0.0851275
0.210144 0.595144 0.194712
0.125553 0.669448 0.204999
0.32703 0.639548 0.0334226
0.260912 0.625559 0.113529
0.397946 0.520459 0.0815949
0.51062 0.461568 0.0278119
0.112589 0.236009 0.651402
0.134679 0.458335 0.406985
0.335022 0.381749 0.283229
9.999E-05 9.999E-05 0.9998
0.397622 0.423804 0.178574
0.9998 9.999E-05 9.999E-05
0.302701 0.56334 0.133959
0.365424 0.634476 9.9991E-05
0.241274 0.744029 0.014697
0.235773 0.620929 0.143298
0.439651 0.293021 0.267328
0.327776 0.502516 0.169708
0.218649 0.663056 0.118296
0.426663 0.158883 0.414453
0.294255 0.590784 0.11496
0.176395 0.362616 0.460988
0.118479 0.856149 0.0253724
9.999E-05 9.999E-05 0.9998
0.650103 0.304481 0.0454159
0.161375 0.637668 0.200957
0.352307 0.538895 0.108798
0.618368 9.9991E-05 0.381532
9.9991E-05 0.817273 0.182627
0.0942207 0.278446 0.627333
0.170272 0.573407 0.256321
0.335158 0.664742 9.9991E-05
0.464609 0.196936 0.338455
0.121961 0.762019 0.11602
0.568738 0.359312 0.0719501
0.48961 0.322322 0.188068
0.270868 0.729032 9.9991E-05
0.751596 0.0808798 0.167524
0.0115872 0.864522 0.123891
0.00100175 0.788566 0.210432
0.218583 0.40192 0.379497
0.33738 0.369526 0.293094
0.345243 0.604741 0.0500155
0.615858 0.229204 0.154938
9.999E-05 0.9998 9.999E-05
9.9991E-05 0.881511 0.118389
0.427892 0.42703 0.145077
0.224976 0.624396 0.150628
0.280998 0.603917 0.115085
0.718968 0.165139 0.115894
0.486665 0.279107 0.234228
0.485841 0.305346 0.208813
0.164567 0.635235 0.200199
0.164586 0.381386 0.454028
0.266756 0.651732 0.0815122
9.999E-05 9.999E-05 0.9998
0.162048 0.686635 0.151317
0.472206 0.527694 9.9991E-05
0.32764 0.557621 0.114739
0.531103 0.427331 0.0415656
0.520352 0.232706 0.246941
0.304388 0.477941 0.21767
0.0243042 0.761514 0.214182
0.0699567 0.554558 0.375485
0.402725 0.563736 0.0335387
0.414041 0.397195 0.188765
9.9991E-05 0.774152 0.225748
0.29477 0.478205 0.227025
0.296581 0.55856 0.144859
9.999E-05 9.999E-05 0.9998
0.0747683 0.594886 0.330346
0.289507 0.69059 0.0199028
0.44121 0.349239 0.209551
0.0605439 0.745639 0.193817
0.195992 0.713914 0.0900934
0.695466 0.285648 0.0188862
0.0086612 0.936763 0.0545761
0.0517333 0.654871 0.293396
0.422198 0.441771 0.136031
0.212775 0.59797 0.189256
0.149654 0.55014 0.300205
0.520509 0.479391 9.9991E-05
0.239456 0.626371 0.134173
0.404663 0.595237 9.9991E-05
0.32215 0.623644 0.0542058
0.242918 0.59726 0.159822
0.9998 9.999E-05 9.999E-05
0.398305 0.450259 0.151436
0.116622 0.598724 0.284654
0.389702 0.292751 0.317547
0.357153 0.603671 0.0391753
0.250069 0.534058 0.215873
0.155978 0.713768 0.130254
0.9998 9.999E-05 9.999E-05
0.160666 0.60079 0.238544
0.52096 0.30577 0.17327
0.0179996 0.887875 0.0941259
0.174695 0.635733 0.189572
