0.834908 0.0420294 0.123062
0.443183 0.11702 0.439798
0.650171 0.147246 0.202583
0.680584 0.126186 0.19323
0.541397 0.182338 0.276265
0.635802 0.0916837 0.272514
0.528733 0.243247 0.22802
0.603398 0.0921378 0.304464
0.242667 0.299661 0.457672
0.13469 0.332141 0.533169
0.171139 0.183724 0.645137
9.9991E-05 0.411024 0.588876
0.523869 0.314269 0.161861
0.468056 0.288678 0.243266
0.535152 0.318826 0.146023
0.481214 0.321532 0.197254
0.436572 0.338656 0.224772
0.329683 0.546032 0.124285
0.530609 0.139464 0.329927
0.442547 0.257557 0.299897
0.425646 0.191612 0.382742
0.628113 0.270268 0.101619
0.545001 0.148639 0.306361
0.673473 0.168326 0.158201
9.9991E-05 0.326871 0.673029
0.636924 0.314977 0.0480986
0.393798 0.364802 0.241399
0.361785 0.158773 0.479442
0.294927 0.317537 0.387536
0.169384 0.616046 0.214571
0.107381 0.169787 0.722833
0.0350432 0.197029 0.767928
0.68477 0.31513 9.9991E-05
0.425054 0.122285 0.45266
0.229294 0.354085 0.416621
0.838522 0.161378 9.9991E-05
0.6678 0.0152965 0.316904
0.321478 0.229873 0.44865
0.298641 0.35822 0.343139
0.44838 0.145229 0.406391
0.4267 0.267964 0.305337
0.657805 0.154741 0.187454
0.697842 0.0712872 0.230871
0.330613 0.137792 0.531595
0.324167 0.268959 0.406874
0.158023 0.173761 0.668216
0.418971 0.355738 0.225291
0.657432 0.148573 0.193995
0.347161 0.311023 0.341816
0.52576 0.359529 0.114711
0.405541 0.372957 0.221503
0.370462 0.269728 0.35981
0.692683 0.121252 0.186065
0.444323 0.229771 0.325906
0.353295 0.103398 0.543308
0.421697 0.336685 0.241618
0.186242 0.189619 0.624139
0.416066 0.173609 0.410326
0.397076 0.207142 0.395782
0.264775 0.144816 0.590409
0.682573 0.216467 0.100959
0.520589 0.398852 0.0805594
0.462336 0.41023 0.127434
0.0669584 0.900562 0.0324798
0.575362 0.0713352 0.353303
0.9998 9.999E-05 9.999E-05
0.450792 0.140606 0.408602
0.31011 0.287073 0.402818
0.667009 0.197942 0.13505
0.488083 0.377577 0.134339
0.00265724 0.0916681 0.905675
0.572664 0.427236 9.9991E-05
0.280498 0.486384 0.233118
0.375545 0.214121 0.410334
0.36709 0.252091 0.380819
0.220983 0.00315075 0.775867
0.356213 0.293241 0.350547
0.430263 0.259486 0.310251
0.648765 0.0734905 0.277745
0.459827 0.340044 0.200129
0.506631 0.300431 0.192938
0.407207 0.287503 0.30529
0.123528 0.249115 0.627357
0.252992 0.374209 0.372799
0.649292 0.278699 0.0720084
0.546384 0.0315946 0.422021
0.812849 0.162453 0.0246986
0.0375968 0.216666 0.745737
0.487335 0.459041 0.0536239
0.414516 0.149804 0.43568
9.9991E-05 0.992647 0.00725252
0.171751 0.319897 0.508352
0.725265 0.120166 0.154569
0.54003 0.291345 0.168625
0.859182 0.00556901 0.135249
0.623183 0.147039 0.229778
0.671896 0.000610861 0.327493
0.350896 0.0668483 0.582256
0.0551306 0.944769 9.9991E-05
0.434022 0.533199 0.0327785
0.333525 0.419398 0.247078
9.999E-05 0.9998 9.999E-05
0.4387 0.179784 0.381516
9.999E-05 9.999E-05 0.9998
0.489059 0.111402 0.399539
0.598191 0.100132 0.301677
0.569164 0.0911973 0.339638
0.487011 0.303831 0.209158
0.167938 0.417771 0.41429
0.514446 0.220229 0.265325
0.674866 0.059825 0.265309
9.9991E-05 0.505007 0.494893
0.567562 0.0555312 0.376907
0.184109 0.815791 9.9991E-05
0.720137 0.0433938 0.236469
9.9991E-05 0.964144 0.0357561
0.376422 0.0468765 0.576702
0.771534 0.142085 0.0863809
0.494516 0.215057 0.290427
0.15823 0.369626 0.472144
0.620618 0.232166 0.147217
0.241184 0.758716 9.9991E-05
0.411616 0.402278 0.186107
0.4707 0.0743633 0.454937
0.0470303 0.454019 0.498951
0.682694 0.193885 0.123421
0.256519 0.241975 0.501506
0.199997 0.424532 0.375471
0.321364 9.9991E-05 0.678536
0.340252 0.15386 0.505888
0.680862 0.303628 0.0155107
0.641198 0.248172 0.11063
0.0934026 0.505318 0.40128
0.413586 0.360658 0.225756
0.461943 0.193567 0.34449
0.00783109 0.314122 0.678047
0.776188 9.9991E-05 0.223712
0.947383 0.0525166 9.9991E-05
0.40723 0.233445 0.359326
0.450614 0.255449 0.293937
0.372059 0.259366 0.368575
0.10553 0.329739 0.564732
0.220568 0.142878 0.636554
0.237202 0.27274 0.490058
0.664769 0.260576 0.0746548
0.409147 0.590753 9.9991E-05
0.674511 0.0249739 0.300515
9.999E-05 0.9998 9.999E-05
0.615931 0.137304 0.246765
0.740952 9.9991E-05 0.258948
0.00476253 0.1494 0.845837
0.479959 0.0907248 0.429316
0.212227 0.354675 0.433098
0.46136 0.280194 0.258446
0.262252 0.20747 0.530278
0.604992 0.394908 9.9991E-05
0.447547 0.13944 0.413013
0.399391 0.223133 0.377476
0.9998 9.999E-05 9.999E-05
0.26299 0.323256 0.413754
0.373574 0.303253 0.323173
9.999E-05 0.9998 9.999E-05
0.486184 0.340893 0.172923
0.802024 9.9991E-05 0.197876
0.485818 0.210809 0.303373
0.690241 0.244255 0.0655034
0.545965 0.0963743 0.357661
0.417119 9.9991E-05 0.582781
0.994902 0.00499763 9.9991E-05
0.498852 0.501048 9.9991E-05
0.172565 0.233009 0.594425
0.414169 0.213171 0.372661
0.536324 0.415184 0.0484925
0.472974 9.9991E-05 0.526926
0.556123 0.188335 0.255542
0.533669 0.0613277 0.405003
0.500429 0.129704 0.369867
0.352217 0.0868449 0.560938
9.999E-05 9.999E-05 0.9998
0.554324 0.140665 0.30501
0.438435 0.561465 9.9991E-05
0.388266 0.433478 0.178256
0.685092 0.069531 0.245377
0.653427 0.226093 0.120479
0.599674 0.15462 0.245706
9.999E-05 9.999E-05 0.9998
0.671525 0.18396 0.144516
0.450564 0.154391 0.395044
0.946237 0.0536632 9.9991E-05
0.61211 0.193306 0.194584
