0.590713 0.0671295 9.9991E-05 0.203823 0.104258 0.0339763
0.300494 0.483112 0.185693 9.99821E-05 0.0305006 9.99821E-05
0.443798 9.99821E-05 0.251629 9.99821E-05 0.211088 0.0932851
0.306175 9.9991E-05 0.0712605 0.13546 0.391971 0.0950339
0.449569 0.341278 9.99821E-05 0.0606829 0.148271 9.99821E-05
0.445208 0.199049 9.9982E-05 9.9982E-05 0.0728317 0.282711
0.362659 0.47267 0.164371 9.99732E-05 9.99732E-05 9.99732E-05
0.85417 9.99642E-05 9.99642E-05 0.14543 9.99642E-05 9.99642E-05
9.999E-05 0.111941 0.180584 0.457069 0.0443979 0.205908
0.0234802 9.9991E-05 0.560071 0.0739213 0.0286609 0.313767
0.0328524 9.9991E-05 0.312631 0.0641458 0.13875 0.451521
0.457822 9.99822E-05 0.0519222 0.384749 0.105307 9.99822E-05
0.151903 0.00889204 9.99821E-05 0.628374 0.210631 9.99821E-05
0.160794 0.512334 0.163967 9.9982E-05 0.162705 9.9982E-05
0.310425 9.99821E-05 0.460519 0.14757 9.99821E-05 0.0812866
0.616688 0.0655333 0.0316336 9.99821E-05 0.285946 9.99821E-05
0.363293 0.191505 0.321723 0.123279 9.99821E-05 9.99821E-05
0.128536 0.153376 0.540532 9.9991E-05 0.0793128 0.0981435
0.271677 9.99731E-05 0.029637 0.698386 9.99731E-05 9.99731E-05
0.193842 0.13106 0.20813 9.9991E-05 0.349022 0.117845
9.99732E-05 0.137225 0.518609 9.99732E-05 9.99732E-05 0.343866
0.12493 9.99731E-05 9.99731E-05 0.688313 0.186457 9.99731E-05
0.273464 9.99821E-05 0.244505 9.99821E-05 0.416251 0.0655797
9.99642E-05 0.329814 9.99642E-05 9.99642E-05 0.669787 9.99642E-05
0.0362147 9.99821E-05 0.0465004 9.99821E-05 0.535661 0.381424
0.351782 9.99821E-05 0.0255419 0.300255 0.322222 9.99821E-05
9.99731E-05 9.99731E-05 0.566513 0.273247 0.15994 9.99731E-05
0.19763 0.583498 9.99821E-05 0.0957305 9.99821E-05 0.122941
0.467795 0.00468735 0.126319 0.158016 9.9991E-05 0.243083
9.99642E-05 9.99642E-05 9.99642E-05 0.28503 0.71457 9.99642E-05
9.99731E-05 0.678185 0.0920889 9.99731E-05 9.99731E-05 0.229426
0.420354 0.110257 0.39276 0.0361544 0.0403751 9.99911E-05
9.99732E-05 9.99732E-05 0.386575 0.324031 9.99732E-05 0.289094
0.557467 0.089278 0.138977 0.0754223 0.138756 9.9991E-05
0.480292 9.9982E-05 0.0388911 0.0896363 0.390981 9.9982E-05
0.429426 0.248512 0.283238 0.038624 9.99821E-05 9.99821E-05
0.576374 0.423226 9.99642E-05 9.99642E-05 9.99642E-05 9.99642E-05
0.0315085 0.0161503 9.99911E-05 0.18838 0.239077 0.524784
0.477289 0.255159 0.064819 9.9991E-05 0.0992738 0.10336
0.503777 0.129734 0.0509982 9.9991E-05 0.049073 0.266318
9.99732E-05 9.99732E-05 0.611132 0.245147 0.143421 9.99732E-05
9.99821E-05 9.99821E-05 0.827236 0.103446 0.0377955 0.0313228
0.140117 0.390041 0.0182064 0.332009 0.0976041 0.0220225
0.362845 0.0677752 0.0266302 0.212844 0.171741 0.158165
0.477361 0.0244638 0.390883 0.060913 0.0406971 0.00568199
0.616711 9.99643E-05 0.382889 9.99643E-05 9.99643E-05 9.99643E-05
0.17858 9.99732E-05 0.810902 9.99732E-05 0.0102176 9.99732E-05
0.277449 0.132733 0.38428 0.0876409 9.9991E-05 0.117797
0.358455 9.99733E-05 0.552902 0.0883427 9.99733E-05 9.99733E-05
0.807 9.99731E-05 0.15187 9.99731E-05 0.04083 9.99731E-05
0.594318 9.9982E-05 9.9982E-05 0.0300929 0.333827 0.0415624
9.99821E-05 0.257923 0.227464 0.088598 9.99821E-05 0.425815
0.116142 9.99731E-05 9.99731E-05 0.677595 0.205963 9.99731E-05
0.648344 9.99731E-05 9.99731E-05 9.99731E-05 0.132092 0.219264
9.99821E-05 0.717951 0.161148 0.0776621 9.99821E-05 0.0430391
0.0456727 0.332549 0.096562 0.525017 9.99821E-05 9.99821E-05
0.0238661 0.47597 9.9982E-05 0.121345 0.378619 9.9982E-05
9.99643E-05 0.527603 9.99643E-05 0.471998 9.99643E-05 9.99643E-05
0.287918 0.50837 9.9982E-05 0.0745803 9.9982E-05 0.128932
0.364929 0.133776 0.322463 0.00462786 9.9991E-05 0.174105
0.502178 9.99821E-05 9.99821E-05 0.139137 0.20355 0.154936
9.99731E-05 0.174593 0.699344 9.99731E-05 0.125763 9.99731E-05
9.99731E-05 0.0137073 0.18711 0.798883 9.99731E-05 9.99731E-05
0.0596739 0.0354785 0.0761602 9.99911E-05 0.723514 0.105074
0.636797 9.99732E-05 9.99732E-05 0.272851 0.0900523 9.99732E-05
9.99821E-05 9.99821E-05 0.446438 0.34861 0.0597435 0.145008
0.594583 0.0364741 9.9982E-05 9.9982E-05 0.350061 0.0186814
0.51865 0.0634678 0.144239 0.273443 9.99821E-05 9.99821E-05
0.671515 9.99642E-05 9.99642E-05 0.328085 9.99642E-05 9.99642E-05
0.260225 9.9991E-05 0.281875 0.121168 0.199146 0.137486
0.123078 0.257909 0.482052 9.9982E-05 9.9982E-05 0.136762
9.99731E-05 9.99731E-05 0.376171 0.493104 0.130426 9.99731E-05
9.996E-05 0.9995 9.996E-05 9.996E-05 9.996E-05 9.996E-05
0.387445 0.0791389 0.372861 0.160355 9.99821E-05 9.99821E-05
0.726784 0.119395 9.99732E-05 9.99732E-05 0.153522 9.99732E-05
0.381609 0.306263 0.0731367 0.238791 9.99821E-05 9.99821E-05
0.162992 9.99822E-05 0.356462 0.193956 0.286391 9.99822E-05
9.9991E-05 0.119296 0.214994 0.407406 0.0265937 0.23161
0.182644 0.0493977 9.9991E-05 0.433437 0.10143 0.232992
0.359183 0.418162 0.00132225 0.0635631 9.9991E-05 0.15767
0.718671 0.147178 0.0999198 0.0340311 9.99821E-05 9.99821E-05
0.254157 0.0909707 9.99911E-05 0.210989 0.282895 0.160888
0.239554 0.435779 0.278656 0.0101187 9.99911E-05 0.0357923
0.193165 9.99821E-05 9.99821E-05 0.38874 0.299933 0.117961
0.230245 0.137023 0.557896 9.99821E-05 0.0746363 9.99821E-05
0.298451 0.0044266 0.657702 9.9982E-05 0.0392207 9.9982E-05
9.99821E-05 0.580827 0.0317614 0.285113 9.99821E-05 0.1021
9.99642E-05 9.99642E-05 9.99642E-05 0.329497 0.670103 9.99642E-05
0.230501 9.99821E-05 9.99821E-05 0.252224 0.111484 0.40559
0.192586 9.99731E-05 9.99731E-05 0.688609 9.99731E-05 0.118505
9.996E-05 9.996E-05 9.996E-05 9.996E-05 0.9995 9.996E-05
9.99732E-05 0.453619 0.229712 9.99732E-05 0.316369 9.99732E-05
0.108482 9.99822E-05 0.617795 0.273272 0.000251335 9.99822E-05
9.9991E-05 0.292039 0.142694 0.196667 0.00696942 0.36153
9.9973E-05 9.9973E-05 0.218153 0.699797 0.08175 9.9973E-05
0.133523 0.359507 0.186294 0.0881487 0.0897543 0.142773
0.0387746 0.213309 0.160645 0.2281 0.192271 0.1669
0.132825 9.99731E-05 0.80116 0.0657146 9.99731E-05 9.99731E-05
0.339412 0.0561892 9.99821E-05 0.0215193 0.58268 9.99821E-05
9.99731E-05 0.142763 0.245617 9.99731E-05 0.611319 9.99731E-05
9.99821E-05 0.675834 0.0766043 9.99821E-05 0.168429 0.0789325
9.99642E-05 9.99642E-05 9.99642E-05 9.99642E-05 0.85117 0.14843
9.99821E-05 0.0306828 9.99821E-05 0.431682 0.00471878 0.532716
9.99641E-05 9.99641E-05 9.99641E-05 9.99641E-05 0.041467 0.958133
0.76354 9.99731E-05 0.0533187 0.182841 9.99731E-05 9.99731E-05
0.348126 9.99821E-05 0.14231 0.315042 0.194323 9.99821E-05
0.370445 0.186907 0.197291 0.166547 0.0634565 0.0153537
0.776679 0.0585757 0.0175138 0.0328478 9.99911E-05 0.114283
0.760165 9.99732E-05 9.99732E-05 0.190411 9.99732E-05 0.0491245
0.459865 9.99821E-05 0.0789999 9.99821E-05 0.0115511 0.449384
0.173131 0.373769 0.129355 0.0613426 0.262302 9.99911E-05
0.40322 0.263015 9.99821E-05 0.231009 0.102556 9.99821E-05
0.26803 9.99643E-05 9.99643E-05 9.99643E-05 0.73157 9.99643E-05
0.679991 0.295602 9.99732E-05 0.0241072 9.99732E-05 9.99732E-05
9.99642E-05 9.99642E-05 9.99642E-05 0.00757238 0.992028 9.99642E-05
9.99821E-05 0.221701 0.153915 0.368431 9.99821E-05 0.255753
0.384052 9.99821E-05 0.283211 0.24026 0.0922763 9.99821E-05
0.29613 9.99731E-05 9.99731E-05 0.696301 0.00726885 9.99731E-05
0.260041 0.19219 9.9991E-05 0.145154 0.264611 0.137904
0.361929 0.213977 0.367344 9.9991E-05 0.053466 0.00318396
0.0427659 9.99731E-05 9.99731E-05 0.392333 0.564601 9.99731E-05
0.132945 0.535309 0.0449068 9.9982E-05 0.286639 9.9982E-05
0.827926 0.0639807 9.99731E-05 9.99731E-05 9.99731E-05 0.107793
0.314418 0.00585957 0.631518 9.99821E-05 9.99821E-05 0.0480046
0.291735 9.99911E-05 0.176008 0.157212 0.132221 0.242725
0.289441 9.99821E-05 0.211192 0.479555 9.99821E-05 0.0196113
0.0030576 0.102102 0.636658 0.221796 0.0362862 9.99911E-05
0.41108 0.505853 9.99731E-05 9.99731E-05 9.99731E-05 0.0827678
9.99732E-05 9.99732E-05 0.388026 9.99732E-05 0.271927 0.339747
0.434827 9.99821E-05 0.33377 9.99821E-05 0.131689 0.0995146
9.99821E-05 0.0389822 0.379181 0.448219 9.99821E-05 0.133417
0.383697 0.281067 0.0882782 0.111714 0.135143 9.9991E-05
0.437696 0.216355 0.0152376 0.188782 9.99911E-05 0.141829
0.244392 0.0150562 0.0626992 0.358559 9.9991E-05 0.319194
9.99731E-05 9.99731E-05 0.486682 0.285037 9.99731E-05 0.227981
0.996139 9.99643E-05 9.99643E-05 9.99643E-05 9.99643E-05 0.00346159
0.9995 9.996E-05 9.996E-05 9.996E-05 9.996E-05 9.996E-05
0.883086 9.99644E-05 9.99644E-05 9.99644E-05 9.99644E-05 0.116515
9.99821E-05 0.159995 0.291858 0.232938 9.99821E-05 0.315009
0.893632 9.99732E-05 0.0452515 9.99732E-05 0.0608165 9.99732E-05
0.0467374 0.513256 9.99821E-05 0.138595 9.99821E-05 0.301211
0.177267 0.177723 9.99911E-05 0.0838183 0.261033 0.300059
9.9991E-05 0.0470889 0.441457 0.39715 0.101171 0.0130337
9.99821E-05 9.99821E-05 0.0783204 0.595007 0.158389 0.168084
0.166059 9.99731E-05 9.99731E-05 0.053532 0.78011 9.99731E-05
0.610855 0.0272788 9.9982E-05 0.246275 0.115391 9.9982E-05
9.99641E-05 0.671186 0.328414 9.99641E-05 9.99641E-05 9.99641E-05
0.258495 0.0107829 9.9991E-05 0.22607 0.342001 0.162551
0.037443 0.436527 0.0707375 9.99821E-05 0.455092 9.99821E-05
9.99821E-05 0.498699 0.19632 0.159959 9.99821E-05 0.144822
9.99731E-05 0.104526 9.99731E-05 0.713084 9.99731E-05 0.18209
0.0649398 0.11529 0.316478 0.503092 9.99821E-05 9.99821E-05
0.674716 0.09354 0.0773433 0.153996 9.9991E-05 0.000304061
0.0759375 0.363727 9.99821E-05 0.433911 0.126225 9.99821E-05
0.127408 0.22488 0.210109 9.99821E-05 0.437403 9.99821E-05
0.428215 9.99732E-05 0.361929 9.99732E-05 9.99732E-05 0.209557
9.99821E-05 0.451353 0.00921325 9.99821E-05 0.159897 0.379337
0.0471959 0.245541 0.108749 0.319116 0.0569389 0.22246
0.85289 9.99642E-05 9.99642E-05 9.99642E-05 0.14671 9.99642E-05
0.295836 9.9991E-05 0.198473 0.135737 0.228172 0.141682
9.99641E-05 0.515036 0.484564 9.99641E-05 9.99641E-05 9.99641E-05
0.418208 9.99731E-05 0.194219 0.387273 9.99731E-05 9.99731E-05
0.303052 0.264193 9.99821E-05 0.305929 0.126627 9.99821E-05
9.99732E-05 0.368947 0.511428 0.119325 9.99732E-05 9.99732E-05
9.99643E-05 9.99643E-05 0.178261 0.821339 9.99643E-05 9.99643E-05
0.215321 9.9982E-05 0.129802 0.433862 0.220815 9.9982E-05
0.405562 0.29871 0.124339 0.0189322 0.062329 0.0901274
0.848035 9.99644E-05 9.99644E-05 9.99644E-05 9.99644E-05 0.151565
9.99643E-05 0.981348 9.99643E-05 0.0182525 9.99643E-05 9.99643E-05
0.166651 0.319609 0.170109 0.0982356 0.154 0.0913955
0.661299 9.99821E-05 9.99821E-05 0.0750505 0.0870009 0.176449
0.671005 0.203351 9.99821E-05 0.0828518 9.99821E-05 0.0425914
0.248501 0.198522 0.0782046 0.203493 9.9991E-05 0.27118
0.29719 9.9991E-05 0.272505 0.0806527 0.319 0.0305528
0.83656 9.99821E-05 9.99821E-05 0.12337 0.0150876 0.0247827
0.679731 0.123052 9.99732E-05 0.196917 9.99732E-05 9.99732E-05
0.279468 9.99821E-05 0.065532 0.311191 0.343609 9.99821E-05
9.99641E-05 0.0570771 9.99641E-05 9.99641E-05 9.99641E-05 0.942523
0.368431 0.013749 0.312642 0.149135 0.0401862 0.115858
9.99821E-05 0.0529467 0.524062 0.368821 9.99821E-05 0.0539704
9.99732E-05 0.0932911 0.834769 0.0716403 9.99732E-05 9.99732E-05
0.011536 9.99821E-05 0.440941 0.260839 9.99821E-05 0.286484
0.369612 9.9991E-05 0.257392 0.21854 0.127086 0.0272706
0.339026 0.24276 9.99821E-05 0.369211 0.0488036 9.99821E-05
9.996E-05 9.996E-05 9.996E-05 9.996E-05 9.996E-05 0.9995
0.365196 9.99822E-05 0.228234 0.398958 9.99822E-05 0.00741114
0.445483 0.175624 0.0571199 0.181229 0.104495 0.0360485
0.163385 0.303741 9.9991E-05 0.0751468 0.186664 0.270962
0.136812 0.411086 0.19723 9.9991E-05 0.166266 0.0885064
