9.9973E-05 0.0407667 0.150911 9.9973E-05 9.9973E-05 0.808022
0.0552302 0.00158352 9.9991E-05 0.191749 0.43575 0.315588
0.0723487 0.174787 0.260245 0.0186199 0.352067 0.121932
0.0892313 9.9991E-05 0.103301 0.119339 0.172632 0.515397
0.163626 0.0452514 0.382993 0.0893833 0.0188141 0.299932
0.118645 0.0761246 0.423224 9.9991E-05 0.28763 0.0942755
0.0291529 0.220132 0.214103 0.0154794 0.0462847 0.474848
0.0384539 0.0182862 0.172917 0.0448066 0.293445 0.432092
0.028643 0.449452 0.314563 0.0855805 0.0379994 0.0837618
0.204839 0.302436 0.191324 0.188307 9.9991E-05 0.112995
0.369337 0.0566452 0.0248181 0.0123034 0.385412 0.151485
9.9973E-05 0.53146 0.346397 0.121843 9.9973E-05 9.9973E-05
0.0366864 0.178487 0.43158 0.00858233 0.163913 0.180752
0.0983928 0.185064 0.129538 0.127255 0.103304 0.356446
0.0534741 0.0957037 0.400529 0.0330941 0.417099 9.9991E-05
0.0377513 9.9982E-05 0.351665 9.9982E-05 0.567133 0.0432507
0.266117 9.9991E-05 0.214949 0.228419 0.268128 0.0222878
0.0796536 0.0516021 0.350463 0.233674 0.0858229 0.198784
9.9982E-05 0.20191 0.366168 9.9982E-05 0.179467 0.252255
0.0823814 0.1298 0.0878604 0.134655 0.289979 0.275324
0.120511 0.207792 0.220233 0.0240286 0.168218 0.259217
0.155269 0.21878 0.159224 9.9991E-05 0.248507 0.21812
0.00637751 0.155719 0.477142 9.9991E-05 0.262101 0.09856
9.999E-05 0.0577198 0.31326 0.259206 0.193922 0.175793
0.400264 0.247001 0.310366 9.9982E-05 0.0421688 9.9982E-05
0.0848621 9.9991E-05 0.0283926 0.159728 0.319112 0.407806
0.188777 0.272852 0.309367 0.0940318 0.0360515 0.0989201
0.137512 0.11407 0.0605886 0.185419 0.231045 0.271365
0.126235 0.0257198 0.193223 0.172898 0.312217 0.169708
9.99729E-05 9.99729E-05 0.0193044 0.649362 0.331034 9.99729E-05
0.111406 0.211919 0.186865 9.9982E-05 0.48961 9.9982E-05
0.0899183 0.688617 0.0253127 0.086343 9.9991E-05 0.109709
9.999E-05 0.0162204 0.38232 0.0771592 0.385206 0.138995
0.182637 0.0501007 0.186264 0.0196643 0.372233 0.1891
0.201585 0.261044 0.348037 0.0112887 9.9991E-05 0.177945
9.9964E-05 9.9964E-05 0.0447988 9.9964E-05 9.9964E-05 0.954801
0.162595 9.9991E-05 0.180838 0.00342521 0.260687 0.392355
0.212907 0.281634 0.06309 0.175091 9.9991E-05 0.267178
0.133437 0.10039 0.356691 0.0658728 0.327922 0.0156877
0.0259097 0.118358 0.410834 9.9991E-05 0.398528 0.0462697
0.143226 0.437002 0.0264393 0.0494394 0.343793 9.9991E-05
0.197365 9.9991E-05 0.163578 0.0535245 0.27192 0.313512
0.138923 0.0289455 0.0900258 0.0814513 0.266158 0.394496
0.012264 0.402256 9.9991E-05 0.061017 0.135382 0.388981
0.0267337 0.635386 0.112149 0.061807 9.9991E-05 0.163824
0.257061 0.152209 0.195785 0.00266609 0.00970911 0.38257
0.0260921 0.0802691 0.254416 0.114661 0.290571 0.233991
0.00905849 0.247596 0.262475 0.0477325 0.392265 0.0408727
9.9982E-05 0.522584 0.160936 0.0264984 0.289782 9.9982E-05
9.9991E-05 0.192193 0.221224 0.130254 0.420356 0.0358736
0.0787868 0.188114 0.282686 0.177445 0.0933782 0.17959
0.00911288 0.307823 0.378517 0.0128533 0.183858 0.107835
0.0273897 0.108519 0.0104656 0.0387613 0.643763 0.171101
0.201105 0.00197389 0.419814 0.0494645 0.260838 0.0668048
9.9973E-05 0.818085 9.9973E-05 0.0959642 0.0856509 9.9973E-05
0.0684273 0.30413 0.405608 9.9991E-05 0.0790311 0.142703
0.0177658 0.847721 0.0944786 0.039835 9.9982E-05 9.9982E-05
0.0799929 0.505911 0.186817 0.0477189 9.9991E-05 0.17946
0.101912 0.254763 0.0453642 0.000512796 0.597348 9.9991E-05
0.107485 0.558023 0.280033 9.9982E-05 9.9982E-05 0.054259
0.045484 9.9991E-05 0.179916 0.0657161 0.455887 0.252897
0.119589 0.066838 0.360265 0.0553181 0.227574 0.170417
9.9982E-05 0.144158 0.393258 9.9982E-05 0.346262 0.116122
9.9964E-05 9.9964E-05 9.9964E-05 0.98661 9.9964E-05 0.0129897
0.17026 0.0599757 0.136389 9.9991E-05 0.266302 0.366973
9.996E-05 9.996E-05 9.996E-05 9.996E-05 9.996E-05 0.9995
0.155173 9.9973E-05 0.224774 9.9973E-05 9.9973E-05 0.619753
9.9991E-05 0.279118 0.345913 0.0457763 0.25452 0.0745726
9.9982E-05 9.9982E-05 0.263642 0.0169506 0.435529 0.283679
0.133758 0.0216597 0.1989 0.170046 0.404401 0.0712351
0.159658 0.548063 0.129276 0.0797912 9.9991E-05 0.0831114
0.043135 9.9991E-05 0.315798 0.0867862 0.310047 0.244133
0.0806421 9.9991E-05 0.394693 0.0384153 0.353071 0.133079
0.118962 0.183192 0.218806 0.0825091 0.396431 9.9991E-05
0.201571 0.238626 9.9991E-05 0.167559 0.118269 0.273875
0.116352 0.459883 9.9982E-05 0.0154583 0.408106 9.9982E-05
0.0637584 0.298585 0.552759 9.9991E-05 0.0214165 0.0633804
0.138192 9.9991E-05 0.228816 0.0170559 0.599725 0.0161107
0.0768352 9.9982E-05 0.118079 9.9982E-05 0.571212 0.233674
0.0623969 0.0335479 0.255719 0.143878 0.361311 0.143147
0.00391864 0.330373 0.292544 0.0247442 0.0966638 0.251756
0.0139796 0.1581 0.455615 0.0696479 0.0672175 0.23544
0.0967119 0.481324 0.1445 0.13442 9.9991E-05 0.142944
0.100402 0.0610737 0.259415 0.0389508 0.540058 9.9991E-05
0.0353561 0.226287 0.314458 0.0835391 0.0903785 0.249981
0.137104 0.365292 0.0255854 9.9991E-05 0.177079 0.29484
9.9973E-05 9.9973E-05 0.109286 0.0484583 9.9973E-05 0.841956
0.0568535 0.501492 0.441354 9.99731E-05 9.99731E-05 9.99731E-05
0.128691 9.9991E-05 0.309441 0.102962 0.152008 0.306798
0.000668459 0.512989 0.213913 9.9982E-05 9.9982E-05 0.272229
0.0241852 9.9973E-05 9.9973E-05 0.955833 9.9973E-05 0.0196816
0.172652 0.444169 0.251517 0.0241994 0.0106205 0.0968431
0.138954 9.9982E-05 0.304618 9.9982E-05 0.154118 0.40211
9.9982E-05 9.9982E-05 0.222308 0.0747405 0.595662 0.107089
0.137073 0.00847589 0.213426 0.031151 0.203164 0.406709
0.158648 9.9991E-05 0.0623109 0.0835487 0.34327 0.352123
0.0243661 0.603057 9.9982E-05 9.9982E-05 0.108495 0.263882
0.0748433 0.476119 0.412923 9.9982E-05 9.9982E-05 0.0359151
9.99641E-05 9.99641E-05 0.586288 0.413312 9.99641E-05 9.99641E-05
0.0541352 0.144083 0.0870356 0.235857 0.41201 0.066879
9.9991E-05 0.111127 0.342167 0.106864 0.211209 0.228534
9.996E-05 9.996E-05 9.996E-05 0.9995 9.996E-05 9.996E-05
0.250026 0.0652878 0.238053 0.0727005 0.357339 0.0165943
0.9995 9.996E-05 9.996E-05 9.996E-05 9.996E-05 9.996E-05
0.111403 0.185923 0.0605321 0.132808 0.178758 0.330576
9.9973E-05 0.320708 9.9973E-05 9.9973E-05 0.503739 0.175253
0.00622279 0.336634 0.132979 0.0732271 0.173812 0.277125
0.193836 0.301811 0.201649 0.00971113 0.147417 0.145576
0.11473 0.228998 0.174674 0.119077 0.362421 9.9991E-05
0.111116 0.200369 0.238908 0.0417248 0.113506 0.294376
0.198389 9.9982E-05 0.255309 9.9982E-05 0.361991 0.184112
0.0728354 0.520306 0.258025 0.0579572 0.0907757 9.9991E-05
0.0563297 0.399363 0.0607884 0.0447681 0.305473 0.133277
0.128592 9.9982E-05 0.424235 0.406856 9.9982E-05 0.0401176
0.136702 9.9991E-05 0.0760863 0.0519094 0.396208 0.338994
9.9964E-05 0.0514343 9.9964E-05 0.948166 9.9964E-05 9.9964E-05
0.261082 0.101782 0.195183 0.0705624 0.112674 0.258717
9.9973E-05 0.107045 0.222906 9.9973E-05 9.9973E-05 0.66975
0.0544926 0.338659 0.16402 0.196448 0.181412 0.0649679
0.176506 0.273486 0.254099 0.146026 0.00244967 0.147432
0.0681652 9.9991E-05 0.19283 0.0467358 0.174831 0.517338
0.0298384 9.9991E-05 0.574798 0.346048 0.0204422 0.0287729
0.0739769 0.172132 0.296953 0.115435 0.0483352 0.293167
0.0625515 0.132959 0.298533 9.9982E-05 0.505756 9.9982E-05
9.9973E-05 0.553949 0.370622 0.0751289 9.9973E-05 9.9973E-05
9.99731E-05 9.99731E-05 0.490368 0.0446286 0.464703 9.99731E-05
0.019236 0.345245 0.229064 9.9991E-05 0.365538 0.0408168
0.0665165 0.372627 0.258553 0.149858 0.108653 0.043792
9.9982E-05 0.512093 0.161745 9.9982E-05 0.258565 0.0673968
0.167344 0.27673 9.9991E-05 0.150465 0.247986 0.157375
9.9982E-05 0.0364687 0.143025 0.106808 9.9982E-05 0.713498
0.0806365 0.0763158 0.255034 0.0441038 0.237788 0.306122
0.0613259 0.0164596 0.184944 0.352712 0.130543 0.254016
0.0258126 0.0850592 0.187149 0.0864581 0.472214 0.143307
0.0681721 0.302783 0.213506 0.0489134 9.9991E-05 0.366525
0.0784748 0.422326 0.4989 9.9973E-05 9.9973E-05 9.9973E-05
9.996E-05 9.996E-05 9.996E-05 9.996E-05 0.9995 9.996E-05
9.996E-05 9.996E-05 9.996E-05 9.996E-05 0.9995 9.996E-05
0.00521084 0.378306 0.0777341 0.0664298 0.14139 0.330929
0.158708 0.196114 0.340991 0.0609874 0.0584664 0.184733
0.092461 0.357669 0.409476 0.0670086 0.000580764 0.0728044
0.185335 0.109431 0.131856 9.9982E-05 0.573179 9.9982E-05
0.123386 0.458362 0.131943 0.0937779 0.0979388 0.0945933
9.9982E-05 0.538069 0.281045 0.0433239 9.9982E-05 0.137362
0.0757359 0.111482 0.427019 0.034641 0.211216 0.139907
9.9982E-05 0.070182 0.274736 0.381406 9.9982E-05 0.273477
0.109878 0.0732929 0.21146 9.9991E-05 0.370661 0.234608
9.996E-05 9.996E-05 0.9995 9.996E-05 9.996E-05 9.996E-05
0.0982291 9.9973E-05 0.191783 9.9973E-05 9.9973E-05 0.709688
0.280229 9.9982E-05 0.0377652 9.9982E-05 0.477452 0.204353
0.0469226 0.590965 0.0805794 0.0476618 0.233771 9.9991E-05
0.203001 0.0298969 0.433077 9.9991E-05 0.167406 0.166519
9.9991E-05 0.283093 0.454135 0.0284386 0.177793 0.0564404
0.0586981 0.251119 0.254807 9.9991E-05 0.350769 0.0845073
9.9991E-05 0.216006 0.249134 0.0969523 0.201816 0.235993
0.128084 9.9991E-05 0.216457 0.15776 0.408651 0.0889482
9.9973E-05 0.403641 0.404318 9.9973E-05 9.9973E-05 0.191741
0.144449 9.9991E-05 0.163408 0.105805 0.423862 0.162377
9.9973E-05 9.9973E-05 9.9973E-05 0.109229 0.0528749 0.837596
0.0945984 9.9991E-05 0.194637 0.0546755 0.449223 0.206767
0.149604 0.038909 0.505507 0.0935779 9.9991E-05 0.212302
9.996E-05 9.996E-05 0.9995 9.996E-05 9.996E-05 9.996E-05
0.00521585 9.9982E-05 0.702349 9.9982E-05 0.218001 0.0742342
0.104695 0.113789 9.9982E-05 9.9982E-05 0.505274 0.276042
0.0864594 0.367263 0.150582 0.045274 0.317448 0.0329736
0.0260465 9.9964E-05 9.9964E-05 9.9964E-05 9.9964E-05 0.973554
9.9982E-05 0.326533 0.152395 9.9982E-05 0.288088 0.232784
0.199468 0.140715 0.153255 9.9991E-05 0.397814 0.108648
9.996E-05 9.996E-05 9.996E-05 9.996E-05 0.9995 9.996E-05
9.9991E-05 0.0552487 0.328949 0.134272 0.239869 0.241561
0.058328 0.338663 0.065161 9.9991E-05 0.448784 0.0889638
0.128442 0.283463 0.200575 0.0994761 0.287944 9.9991E-05
0.01723 0.076227 0.288298 0.0376216 0.24715 0.333474
0.0784367 0.609045 9.9982E-05 9.9982E-05 0.278168 0.0341502
0.00719282 0.178574 0.370604 0.0545413 0.282324 0.106764
0.16921 0.359158 0.152067 0.0135425 0.176725 0.129298
9.9982E-05 0.179764 0.542297 9.9982E-05 0.2525 0.0252396
0.123057 0.428848 0.0105334 0.0129087 0.135308 0.289345
0.9995 9.996E-05 9.996E-05 9.996E-05 9.996E-05 9.996E-05
0.122244 0.510461 0.0363375 0.0728171 0.137834 0.120306
0.193556 9.9982E-05 0.337695 0.282147 0.186402 9.9982E-05
0.0563828 0.163231 0.538681 0.0491528 0.110456 0.0820962
0.0965827 0.0209433 0.121401 9.9991E-05 0.422372 0.338602
9.9991E-05 0.0593629 0.0371955 0.130218 0.379244 0.393879
0.0110834 0.148765 0.199103 9.9991E-05 0.317513 0.323436
0.9995 9.996E-05 9.996E-05 9.996E-05 9.996E-05 9.996E-05
9.9991E-05 0.114878 0.208907 0.0434141 0.256467 0.376235
0.212837 9.9991E-05 0.331726 0.047351 0.149524 0.258463
0.00422389 0.100196 0.199405 9.9991E-05 0.302375 0.3937
9.9982E-05 0.395061 9.9982E-05 0.0789199 0.278174 0.247645
