9.99371E-05 9.99371E-05 0.13561 0.803306 0.0603847 9.99371E-05 9.99371E-05 9.99371E-05 9.99371E-05 9.99371E-05
0.159696 0.0363527 0.530438 0.0710321 0.0191968 9.9964E-05 9.9964E-05 9.9964E-05 9.9964E-05 0.182885
0.259229 9.99641E-05 0.200429 0.154874 9.99641E-05 9.99641E-05 0.176481 0.207329 9.99641E-05 0.00125727
0.0114941 0.0609609 0.158353 0.0205713 0.538173 9.99731E-05 9.99731E-05 0.195857 0.0142904 9.99731E-05
9.99373E-05 9.99373E-05 9.99373E-05 0.214194 0.573334 9.99373E-05 9.99373E-05 9.99373E-05 9.99373E-05 0.211773
9.99641E-05 9.99641E-05 0.173202 0.066237 0.59965 0.0121302 9.99641E-05 0.0339868 0.114394 9.99641E-05
9.99732E-05 0.000257682 0.101332 0.00752701 0.660896 0.0437901 9.99732E-05 0.0134213 9.99732E-05 0.172477
0.0704365 0.162326 9.99551E-05 0.358964 0.332173 9.99551E-05 9.99551E-05 9.99551E-05 9.99551E-05 0.0756004
9.99553E-05 0.0201198 0.237429 9.99553E-05 9.99553E-05 0.0389673 9.99553E-05 0.69924 0.00374418 9.99553E-05
0.449339 9.99731E-05 9.99731E-05 0.137526 0.197532 0.0856222 9.99731E-05 0.000354988 0.0241151 0.105211
0.424567 0.236082 9.9982E-05 0.0152581 0.0517801 0.127834 9.9982E-05 0.0475994 0.0492508 0.0474282
9.99642E-05 0.177318 0.0250066 9.99642E-05 0.072831 9.99642E-05 0.165781 0.30184 9.99642E-05 0.256825
9.99462E-05 0.544946 0.137709 9.99462E-05 0.191279 9.99462E-05 0.125465 9.99462E-05 9.99462E-05 9.99462E-05
0.1141 9.99551E-05 9.99551E-05 0.0325753 0.421195 9.99551E-05 9.99551E-05 0.199625 9.99551E-05 0.232005
9.99374E-05 9.99374E-05 9.99374E-05 0.175617 0.0460068 9.99374E-05 9.99374E-05 0.777677 9.99374E-05 9.99374E-05
0.111122 0.274362 9.99642E-05 0.116328 0.317573 9.99642E-05 9.99642E-05 0.0864125 9.99642E-05 0.0938022
0.138508 9.99731E-05 0.152295 0.165595 9.99731E-05 9.99731E-05 0.100581 0.415539 0.00605173 0.0211308
9.9973E-05 9.9973E-05 0.0848058 0.00202169 0.196831 0.261497 0.126514 9.9973E-05 0.146063 0.181968
0.0151275 0.378403 0.251853 0.238887 9.99731E-05 0.00740561 9.99731E-05 0.0973065 9.99731E-05 0.0107175
0.0556072 0.0617794 9.99731E-05 0.136259 0.549998 9.99731E-05 0.0393666 0.058305 0.0983841 9.99731E-05
0.568871 9.99462E-05 9.99462E-05 9.99462E-05 0.0624642 9.99462E-05 9.99462E-05 9.99462E-05 0.212491 0.155574
9.9964E-05 0.455669 0.0813484 0.107571 9.9964E-05 0.156305 0.196362 0.00234475 9.9964E-05 9.9964E-05
9.99462E-05 9.99462E-05 0.263204 9.99462E-05 0.396505 9.99462E-05 9.99462E-05 0.251744 0.087948 9.99462E-05
9.99463E-05 9.99463E-05 0.224763 0.00199609 0.664491 9.99463E-05 0.10815 9.99463E-05 9.99463E-05 9.99463E-05
0.244774 0.2472 9.99641E-05 9.99641E-05 0.104762 9.99641E-05 0.11705 9.99641E-05 0.25478 0.0310345
9.9955E-05 9.9955E-05 9.9955E-05 0.381598 0.259667 0.0295336 0.238594 9.9955E-05 9.9955E-05 0.0901077
0.296476 9.9973E-05 0.0706343 0.182718 9.9973E-05 0.0421938 0.108121 0.0983309 9.9973E-05 0.201226
9.99463E-05 9.99463E-05 0.347177 0.343956 9.99463E-05 0.247609 9.99463E-05 0.0606587 9.99463E-05 9.99463E-05
0.0148963 0.488489 0.140207 0.126023 0.0367966 0.0797976 9.9991E-05 0.0191116 0.0826843 0.0118949
0.659429 9.99551E-05 9.99551E-05 0.0635104 0.0966775 9.99551E-05 0.119694 0.0601894 9.99551E-05 9.99551E-05
9.99551E-05 9.99551E-05 0.281538 9.99551E-05 0.0134372 0.615844 9.99551E-05 9.99551E-05 0.0290674 0.0596132
0.0157669 0.505965 9.99642E-05 9.99642E-05 0.265655 9.99642E-05 9.99642E-05 0.0806674 0.0669757 0.0645705
0.355803 9.99551E-05 0.252949 9.99551E-05 9.99551E-05 0.369423 0.0118627 0.00946247 9.99551E-05 9.99551E-05
0.206854 0.344989 9.9964E-05 0.13607 0.0813952 9.9964E-05 9.9964E-05 0.190268 9.9964E-05 0.0400235
9.994E-05 9.994E-05 0.177287 0.343048 0.398805 9.994E-05 9.994E-05 9.994E-05 9.994E-05 0.0802599
9.99463E-05 9.99463E-05 0.0538606 0.167398 0.686618 9.99463E-05 9.99463E-05 9.99463E-05 9.99463E-05 0.0915235
9.99461E-05 0.0801261 0.183051 9.99461E-05 9.99461E-05 0.59685 9.99461E-05 9.99461E-05 9.99461E-05 0.139373
9.99373E-05 0.0377814 0.946842 9.99373E-05 9.99373E-05 9.99373E-05 0.0146769 9.99373E-05 9.99373E-05 9.99373E-05
0.131543 0.144877 0.304729 0.147438 9.99641E-05 9.99641E-05 9.99641E-05 9.99641E-05 0.0673659 0.203648
9.99461E-05 0.327844 0.292488 0.201889 9.99461E-05 9.99461E-05 9.99461E-05 9.99461E-05 0.177179 9.99461E-05
0.498782 9.99552E-05 0.104587 0.0647082 9.99552E-05 9.99552E-05 9.99552E-05 0.242186 9.99552E-05 0.0892377
9.99642E-05 9.99642E-05 9.99642E-05 9.99642E-05 0.241772 0.0372968 0.135727 0.209844 0.335576 0.0393844
9.9955E-05 9.9955E-05 0.131594 9.9955E-05 0.56829 0.0115509 0.250463 9.9955E-05 9.9955E-05 0.0376024
9.995E-05 9.995E-05 0.0313193 0.395399 0.0844504 9.995E-05 9.995E-05 0.317774 0.170557 9.995E-05
0.241584 0.605114 9.99461E-05 9.99461E-05 0.0915834 9.99461E-05 9.99461E-05 9.99461E-05 9.99461E-05 0.0611195
9.99731E-05 9.99731E-05 0.127306 0.049011 0.193811 9.99731E-05 0.0122036 0.354642 0.131366 0.131361
0.123242 0.0294525 9.99641E-05 9.99641E-05 0.498219 0.0545998 0.014739 0.279347 9.99641E-05 9.99641E-05
0.16684 0.124118 0.0101006 9.9973E-05 0.0855791 0.0387451 9.9973E-05 0.391638 9.9973E-05 0.18268
0.0712103 0.40785 9.99553E-05 9.99553E-05 9.99553E-05 0.244652 0.213689 0.0620983 9.99553E-05 9.99553E-05
9.99371E-05 9.99371E-05 9.99371E-05 0.38967 0.473893 9.99371E-05 9.99371E-05 9.99371E-05 9.99371E-05 0.135738
9.99461E-05 9.99461E-05 9.99461E-05 0.694574 0.212775 9.99461E-05 0.0560845 0.0359673 9.99461E-05 9.99461E-05
0.319447 9.99641E-05 0.139442 9.99641E-05 0.0403102 9.99641E-05 9.99641E-05 0.142667 0.176129 0.181605
0.112846 9.9964E-05 0.159573 0.324547 9.9964E-05 0.00750046 0.0413459 0.353787 9.9964E-05 9.9964E-05
0.0752273 0.264022 0.102679 0.305515 0.00876026 9.99731E-05 9.99731E-05 0.0662977 0.177199 9.99731E-05
9.997E-05 0.118104 0.0926554 9.997E-05 0.290675 0.257299 9.997E-05 0.148448 0.00350814 0.0890103
9.99551E-05 9.99551E-05 9.99551E-05 0.0760435 9.99551E-05 0.699888 0.0238472 0.108589 9.99551E-05 0.0911329
0.020442 0.0352293 0.089648 0.207238 0.331926 0.0815454 0.0135579 0.220213 9.9982E-05 9.9982E-05
9.99375E-05 0.114264 9.99375E-05 9.99375E-05 0.476274 0.408762 9.99375E-05 9.99375E-05 9.99375E-05 9.99375E-05
9.9982E-05 0.188827 0.182996 0.0566084 0.0684407 0.0254869 9.9982E-05 0.263013 0.064532 0.149895
9.99461E-05 9.99461E-05 0.251076 0.0773735 0.520882 9.99461E-05 9.99461E-05 9.99461E-05 9.99461E-05 0.150068
9.995E-05 9.995E-05 0.0360666 0.647751 9.995E-05 0.0365952 9.995E-05 0.105325 0.173762 9.995E-05
9.99641E-05 9.99641E-05 0.0638383 9.99641E-05 0.237578 9.99641E-05 0.0522664 0.310162 0.0431395 0.292616
9.9955E-05 0.204215 0.0242977 9.9955E-05 9.9955E-05 0.359916 9.9955E-05 0.400629 9.9955E-05 0.0104427
0.756044 9.99371E-05 9.99371E-05 0.172409 9.99371E-05 9.99371E-05 9.99371E-05 9.99371E-05 9.99371E-05 0.070848
9.99551E-05 0.0578824 9.99551E-05 0.107819 0.37743 0.427351 0.029017 9.99551E-05 9.99551E-05 9.99551E-05
0.545173 0.0690485 9.9955E-05 0.0676746 9.9955E-05 0.000685113 9.9955E-05 0.316919 9.9955E-05 9.9955E-05
9.9964E-05 9.9964E-05 0.163564 0.110552 0.509757 9.9964E-05 0.0814944 9.9964E-05 0.115112 0.0191207
0.0171193 0.304605 0.0121583 0.0379992 0.0476219 9.9982E-05 0.0346875 0.316519 9.9982E-05 0.229089
9.99552E-05 0.339127 0.0488021 0.476363 9.99552E-05 0.0159546 9.99552E-05 9.99552E-05 9.99552E-05 0.119254
0.427374 9.99462E-05 9.99462E-05 0.349841 0.0738726 0.148313 9.99462E-05 9.99462E-05 9.99462E-05 9.99462E-05
0.0755679 9.9955E-05 9.9955E-05 9.9955E-05 0.384677 9.9955E-05 9.9955E-05 0.295085 0.173525 0.0706448
9.9946E-05 0.404502 9.9946E-05 9.9946E-05 9.9946E-05 9.9946E-05 0.478156 0.0196791 9.9946E-05 0.0970628
9.99643E-05 0.0426202 0.19774 0.0529651 0.269251 0.19675 9.99643E-05 9.99643E-05 9.99643E-05 0.240274
9.996E-05 0.184441 9.996E-05 0.251143 0.0570147 0.0949874 0.248025 9.996E-05 9.996E-05 0.16399
0.0289834 0.11756 0.0618284 0.106393 0.655031 0.00222485 9.99733E-05 9.99733E-05 0.0276801 9.99733E-05
9.99552E-05 0.352849 0.000144611 0.137728 9.99552E-05 9.99552E-05 9.99552E-05 0.314328 9.99552E-05 0.194451
9.99375E-05 9.99375E-05 9.99375E-05 0.0230418 9.99375E-05 9.99375E-05 0.337234 0.639025 9.99375E-05 9.99375E-05
0.435892 9.9973E-05 0.106226 0.00247144 0.0879083 0.285319 9.9973E-05 9.9973E-05 0.00146212 0.0804208
9.9973E-05 0.0852473 0.0419532 0.414703 9.9973E-05 0.0501144 9.9973E-05 0.102452 0.29056 0.0146711
9.99731E-05 0.130184 0.160261 0.16559 0.0277276 9.99731E-05 9.99731E-05 0.296913 0.0432374 0.175786
9.997E-05 0.0676514 0.0606831 0.35057 0.153762 9.997E-05 0.0891043 0.0258342 9.997E-05 0.252095
9.99641E-05 0.217258 9.99641E-05 0.0343055 0.252944 9.99641E-05 0.337477 0.0517744 0.10584 9.99641E-05
9.995E-05 0.137773 0.543141 9.995E-05 0.148811 0.113209 9.995E-05 9.995E-05 0.0565652 9.995E-05
0.129614 0.223969 0.056829 0.00910932 0.0376686 9.9982E-05 0.305024 0.10033 0.137256 9.9982E-05
0.210534 9.99641E-05 0.0247039 9.99641E-05 0.38025 9.99641E-05 0.0760098 0.187071 9.99641E-05 0.121031
9.9964E-05 0.0024447 0.051545 0.190402 0.271844 9.9964E-05 9.9964E-05 0.321123 9.9964E-05 0.162242
0.0193267 9.99463E-05 0.832908 9.99463E-05 9.99463E-05 9.99463E-05 9.99463E-05 0.0145205 9.99463E-05 0.132645
0.187781 0.00070875 0.270346 0.010212 0.467894 9.99642E-05 0.0626583 9.99642E-05 9.99642E-05 9.99642E-05
0.0466777 0.0506677 0.321222 0.259052 9.99553E-05 9.99553E-05 9.99553E-05 9.99553E-05 0.321881 9.99553E-05
0.129982 0.376158 0.0683469 9.99551E-05 9.99551E-05 9.99551E-05 0.14634 0.278674 9.99551E-05 9.99551E-05
0.00456538 9.99462E-05 0.0170656 0.285793 9.99462E-05 9.99462E-05 0.691976 9.99462E-05 9.99462E-05 9.99462E-05
9.99464E-05 9.99464E-05 9.99464E-05 9.99464E-05 0.683873 0.0590476 0.19017 9.99464E-05 9.99464E-05 0.06631
9.99553E-05 0.199017 9.99553E-05 9.99553E-05 0.278051 9.99553E-05 0.389273 0.0553569 9.99553E-05 0.0778024
0.166378 9.99461E-05 0.426348 9.99461E-05 9.99461E-05 9.99461E-05 9.99461E-05 0.258445 0.148229 9.99461E-05
0.0174397 0.0995776 0.0689619 9.9973E-05 0.103496 9.9973E-05 0.23206 0.256049 9.9973E-05 0.222115
9.9964E-05 0.0500216 0.382577 0.0337112 0.191746 9.9964E-05 9.9964E-05 0.305197 9.9964E-05 0.0363474
0.0664372 9.99552E-05 0.181703 9.99552E-05 0.529162 0.156488 9.99552E-05 0.0657106 9.99552E-05 9.99552E-05
9.99371E-05 9.99371E-05 9.99371E-05 9.99371E-05 0.102976 9.99371E-05 9.99371E-05 0.825079 0.0712451 9.99371E-05
0.0219181 0.0344324 0.394132 0.233364 0.315653 9.99551E-05 9.99551E-05 9.99551E-05 9.99551E-05 9.99551E-05
9.99461E-05 9.99461E-05 0.490604 9.99461E-05 0.237266 9.99461E-05 0.263383 9.99461E-05 9.99461E-05 0.00814797
9.99462E-05 9.99462E-05 0.413074 9.99462E-05 0.0274868 0.556722 9.99462E-05 0.00211754 9.99462E-05 9.99462E-05
0.549834 9.99463E-05 0.43554 0.00718152 9.99463E-05 9.99463E-05 9.99463E-05 9.99463E-05 9.99463E-05 0.0068451
0.239728 0.02174 0.569304 9.99462E-05 9.99462E-05 0.168628 9.99462E-05 9.99462E-05 9.99462E-05 9.99462E-05
0.103858 9.99372E-05 0.213684 9.99372E-05 9.99372E-05 9.99372E-05 9.99372E-05 9.99372E-05 0.681758 9.99372E-05
9.99551E-05 0.287778 0.0829752 0.206659 0.268707 9.99551E-05 9.99551E-05 0.153381 9.99551E-05 9.99551E-05
9.99462E-05 0.491095 9.99462E-05 9.99462E-05 0.461951 9.99462E-05 0.0152597 0.0310944 9.99462E-05 9.99462E-05
9.99641E-05 0.067253 0.0186192 9.99641E-05 0.619711 0.246743 9.99641E-05 0.0195063 0.0277674 9.99641E-05
0.188111 0.0171845 0.0508269 0.38628 0.0430345 0.314163 9.99641E-05 9.99641E-05 9.99641E-05 9.99641E-05
9.99731E-05 0.408693 0.0417591 0.333217 0.0431938 0.0920172 0.0288121 9.99731E-05 0.052007 9.99731E-05
0.343496 0.28208 9.99641E-05 9.99641E-05 0.0188714 9.99641E-05 0.00644927 9.99641E-05 0.309969 0.0387356
0.173167 9.99643E-05 0.196784 0.106691 0.141037 9.99643E-05 9.99643E-05 0.306245 9.99643E-05 0.0756764
0.0241695 9.99553E-05 9.99553E-05 0.383897 0.406746 9.99553E-05 9.99553E-05 0.161464 9.99553E-05 0.023224
0.101728 0.0913089 0.106939 0.22665 0.242802 9.99642E-05 0.230173 9.99642E-05 9.99642E-05 9.99642E-05
9.99552E-05 0.137407 9.99552E-05 0.449351 0.278944 9.99552E-05 0.0953268 9.99552E-05 0.038471 9.99552E-05
0.356145 9.99371E-05 0.261382 9.99371E-05 9.99371E-05 9.99371E-05 0.381774 9.99371E-05 9.99371E-05 9.99371E-05
9.99642E-05 0.00863251 9.99642E-05 0.0226335 0.135552 9.99642E-05 0.103969 0.635761 0.0930521 9.99642E-05
9.99462E-05 0.125852 9.99462E-05 0.2739 0.278405 9.99462E-05 9.99462E-05 0.321243 9.99462E-05 9.99462E-05
0.115734 0.486743 0.0688596 9.99641E-05 9.99641E-05 0.109416 0.157315 9.99641E-05 9.99641E-05 0.0615322
0.0532821 0.429876 9.99641E-05 0.287045 9.99641E-05 0.0621025 0.0928633 9.99641E-05 9.99641E-05 0.0744315
9.99551E-05 0.0148937 0.538203 0.12658 0.219741 9.99551E-05 9.99551E-05 0.100082 9.99551E-05 9.99551E-05
9.9973E-05 0.0386176 0.188979 9.9973E-05 0.221705 0.0547913 0.378816 0.105442 9.9973E-05 0.0113496
0.0318137 0.0615479 0.469458 9.99642E-05 0.358276 0.0148237 9.99642E-05 9.99642E-05 0.0636806 9.99642E-05
9.99462E-05 9.99462E-05 9.99462E-05 0.236501 0.410941 9.99462E-05 9.99462E-05 0.176761 0.175197 9.99462E-05
9.99463E-05 0.151713 9.99463E-05 9.99463E-05 0.60483 9.99463E-05 9.99463E-05 0.11588 0.126978 9.99463E-05
0.155667 9.99641E-05 0.120275 0.045826 0.0561545 9.99641E-05 0.00195862 0.619719 9.99641E-05 9.99641E-05
0.130354 0.165411 0.0257918 9.9973E-05 0.568684 0.092818 9.9973E-05 0.0132328 9.9973E-05 0.00340912
0.017094 9.99462E-05 9.99462E-05 9.99462E-05 9.99462E-05 9.99462E-05 0.662401 0.209867 9.99462E-05 0.110038
9.99641E-05 0.201258 0.252456 0.311435 9.99641E-05 9.99641E-05 0.0152859 9.99641E-05 0.105617 0.113548
0.470928 0.0623351 0.1831 0.0439189 9.995E-05 9.995E-05 9.995E-05 9.995E-05 0.239219 9.995E-05
9.99732E-05 0.213995 0.147593 0.101103 0.393641 9.99732E-05 0.0292124 9.99732E-05 0.0619823 0.0521729
9.99464E-05 9.99464E-05 0.0742809 9.99464E-05 9.99464E-05 0.100725 9.99464E-05 0.788038 9.99464E-05 0.0363563
9.99372E-05 9.99372E-05 0.131119 0.0442861 0.823896 9.99372E-05 9.99372E-05 9.99372E-05 9.99372E-05 9.99372E-05
9.99821E-05 0.27675 0.0967277 0.132576 0.0777508 0.00331078 9.99821E-05 0.222411 0.149675 0.0405996
9.99551E-05 0.29213 0.24837 9.99551E-05 9.99551E-05 0.135523 9.99551E-05 9.99551E-05 0.196465 0.127012
0.272357 9.99731E-05 0.288922 0.0188893 0.000881162 9.99731E-05 9.99731E-05 0.0723025 0.0792695 0.267078
9.99463E-05 9.99463E-05 9.99463E-05 0.163743 0.43078 9.99463E-05 0.1179 9.99463E-05 0.286977 9.99463E-05
9.99551E-05 0.134162 9.99551E-05 0.485071 9.99551E-05 0.152962 0.0708431 9.99551E-05 0.156462 9.99551E-05
9.994E-05 9.994E-05 0.0102547 0.626536 0.0913782 9.994E-05 9.994E-05 9.994E-05 0.271232 9.994E-05
9.99642E-05 0.301423 0.414973 9.99642E-05 9.99642E-05 0.0373832 9.99642E-05 0.112542 0.100096 0.0331827
9.99462E-05 0.0857922 9.99462E-05 0.547443 0.235613 9.99462E-05 9.99462E-05 0.130552 9.99462E-05 9.99462E-05
9.99552E-05 0.152428 0.134044 0.0673178 9.99552E-05 0.59763 9.99552E-05 9.99552E-05 0.0480809 9.99552E-05
9.99375E-05 0.0896173 0.863769 9.99375E-05 0.0459146 9.99375E-05 9.99375E-05 9.99375E-05 9.99375E-05 9.99375E-05
0.0230837 9.998E-05 0.0271164 0.128999 0.251589 0.076454 9.998E-05 0.425569 0.012635 0.0543533
9.99461E-05 9.99461E-05 0.0994809 9.99461E-05 9.99461E-05 0.232092 0.590803 9.99461E-05 0.0770235 9.99461E-05
0.103346 0.0578716 9.99642E-05 9.99642E-05 0.42943 9.99642E-05 0.135259 9.99642E-05 0.145944 0.12775
9.99551E-05 0.40457 0.0870147 0.0586663 0.378059 9.99551E-05 9.99551E-05 0.0711904 9.99551E-05 9.99551E-05
9.99201E-05 9.99201E-05 9.99201E-05 9.99201E-05 9.99201E-05 9.99201E-05 9.99201E-05 9.99201E-05 9.99201E-05 0.999101
0.171875 0.0665369 0.200538 0.134243 0.426307 9.99552E-05 9.99552E-05 9.99552E-05 9.99552E-05 9.99552E-05
9.99552E-05 0.0278218 9.99552E-05 9.99552E-05 0.493729 9.99552E-05 0.27603 9.99552E-05 0.11959 0.0823297
9.99642E-05 0.0719575 9.99642E-05 0.00466245 9.99642E-05 0.137803 9.99642E-05 0.217202 0.122729 0.445246
9.99463E-05 0.438287 0.293429 9.99463E-05 9.99463E-05 9.99463E-05 9.99463E-05 9.99463E-05 0.150899 0.116785
0.0145159 0.0878621 0.111853 0.264456 9.99641E-05 9.99641E-05 9.99641E-05 0.451401 9.99641E-05 0.0695123
9.9946E-05 0.307181 9.9946E-05 0.0926937 0.246927 0.3526 9.9946E-05 9.9946E-05 9.9946E-05 9.9946E-05
9.99731E-05 9.99731E-05 0.559719 0.0998076 0.0232263 0.137576 0.00631567 0.0889895 9.99731E-05 0.0840662
0.0148685 9.99553E-05 9.99553E-05 9.99553E-05 0.590225 0.244822 9.99553E-05 9.99553E-05 0.090107 0.0594779
9.99731E-05 9.99731E-05 0.0141155 0.0240392 0.0355022 0.318334 9.99731E-05 0.350844 0.171892 0.0849734
9.996E-05 0.217196 0.370998 9.996E-05 0.122476 0.041246 9.996E-05 0.00752371 0.24016 9.996E-05
9.995E-05 9.995E-05 9.995E-05 0.164039 9.995E-05 0.309492 0.408949 9.995E-05 0.0339665 0.0830537
9.99374E-05 9.99374E-05 9.99374E-05 0.971866 9.99374E-05 0.00986154 9.99374E-05 9.99374E-05 9.99374E-05 0.0175732
0.284118 0.202766 0.244424 0.095443 0.17275 9.99551E-05 9.99551E-05 9.99551E-05 9.99551E-05 9.99551E-05
9.99201E-05 9.99201E-05 9.99201E-05 9.99201E-05 9.99201E-05 9.99201E-05 9.99201E-05 9.99201E-05 9.99201E-05 0.999101
9.99551E-05 0.115281 9.99551E-05 0.278616 9.99551E-05 9.99551E-05 0.157195 0.133339 9.99551E-05 0.31507
0.0268111 0.310217 0.0275202 0.0507008 0.584251 9.99552E-05 9.99552E-05 9.99552E-05 9.99552E-05 9.99552E-05
0.135052 9.994E-05 9.994E-05 9.994E-05 9.994E-05 0.186072 9.994E-05 0.612403 9.994E-05 0.0658739
9.99463E-05 0.281317 9.99463E-05 9.99463E-05 9.99463E-05 9.99463E-05 0.197961 0.193579 9.99463E-05 0.326542
9.99462E-05 0.0774943 0.198269 9.99462E-05 0.623035 9.99462E-05 9.99462E-05 0.100602 9.99462E-05 9.99462E-05
9.99551E-05 9.99551E-05 9.99551E-05 0.389396 9.99551E-05 0.286851 0.161448 0.131532 0.0302731 9.99551E-05
9.99374E-05 0.717682 9.99374E-05 0.0797037 9.99374E-05 9.99374E-05 9.99374E-05 9.99374E-05 0.201914 9.99374E-05
9.99464E-05 0.0302658 9.99464E-05 9.99464E-05 0.567064 0.35894 9.99464E-05 9.99464E-05 9.99464E-05 0.0431304
9.9964E-05 0.0438294 0.458662 9.9964E-05 0.169575 9.9964E-05 9.9964E-05 0.197127 0.0565457 0.0738615
9.99372E-05 0.37783 9.99372E-05 0.48972 9.99372E-05 9.99372E-05 9.99372E-05 9.99372E-05 0.131751 9.99372E-05
9.99642E-05 0.12374 0.227468 0.418642 0.0977971 9.99642E-05 9.99642E-05 0.0717307 9.99642E-05 0.0602223
9.99551E-05 0.157018 0.0818 9.99551E-05 9.99551E-05 0.0144766 9.99551E-05 0.588739 0.157467 9.99551E-05
0.0363943 9.99731E-05 0.312202 0.236433 0.186281 0.00502127 0.190651 9.99731E-05 0.0327177 9.99731E-05
9.99462E-05 9.99462E-05 0.030199 0.579675 0.193267 9.99462E-05 9.99462E-05 0.196259 9.99462E-05 9.99462E-05
9.99643E-05 0.134823 9.99643E-05 0.429249 0.298872 0.0268626 9.99643E-05 0.0977081 0.0120856 9.99643E-05
9.99552E-05 0.274248 0.357177 9.99552E-05 0.0263438 9.99552E-05 0.213812 9.99552E-05 9.99552E-05 0.127919
9.99281E-05 9.99281E-05 9.99281E-05 9.99281E-05 0.0600627 9.99281E-05 9.99281E-05 9.99281E-05 0.939138 9.99281E-05
9.995E-05 9.995E-05 0.58013 0.117005 0.0377964 0.199533 9.995E-05 9.995E-05 0.065035 9.995E-05
0.176011 9.994E-05 0.174247 9.994E-05 9.994E-05 0.155361 9.994E-05 0.493782 9.994E-05 9.994E-05
9.99552E-05 9.99552E-05 0.130733 9.99552E-05 0.101206 0.158704 0.316471 9.99552E-05 9.99552E-05 0.292385
9.99642E-05 0.0644724 0.308331 9.99642E-05 0.295424 9.99642E-05 0.0599439 9.99642E-05 0.0892029 0.182226
9.99731E-05 9.99731E-05 9.99731E-05 0.0267983 0.57396 0.0940055 0.0131909 0.184455 0.0481394 0.0591518
9.99553E-05 0.201835 0.0363262 0.291703 0.407678 9.99553E-05 9.99553E-05 9.99553E-05 9.99553E-05 0.0619578
0.0269696 9.9928E-05 9.9928E-05 9.9928E-05 9.9928E-05 9.9928E-05 9.9928E-05 9.9928E-05 0.972231 9.9928E-05
9.99553E-05 0.214209 9.99553E-05 0.298314 9.99553E-05 9.99553E-05 0.00494169 0.362229 9.99553E-05 0.119807
9.99641E-05 0.064196 0.339604 0.174231 0.310282 9.99641E-05 9.99641E-05 0.0767198 9.99641E-05 0.0345678
0.0160414 0.0226176 0.571975 0.33008 9.99642E-05 0.0393954 9.99642E-05 9.99642E-05 9.99642E-05 0.0194912
9.99372E-05 9.99372E-05 0.479923 9.99372E-05 0.436178 9.99372E-05 9.99372E-05 9.99372E-05 0.0831999 9.99372E-05
