0.325552 0.286459 0.38799
0.326897 0.294813 0.37829
0.711035 0.174699 0.114265
0.503359 9.9991E-05 0.496541
0.0682042 9.9991E-05 0.931696
0.761256 0.0954369 0.143307
0.352835 0.224393 0.422772
0.821558 9.9991E-05 0.178342
9.99911E-05 0.899409 0.100491
0.0828965 0.872149 0.0449545
0.199429 0.540811 0.259759
0.0163512 0.233026 0.750623
0.445639 9.99911E-05 0.554261
0.322054 0.368643 0.309303
0.467761 0.532139 9.99911E-05
0.286513 9.99911E-05 0.713387
0.239647 0.459534 0.300819
0.348755 0.551412 0.0998327
0.408769 0.230021 0.36121
0.712326 0.205482 0.082193
0.140854 0.734773 0.124373
0.120886 0.17738 0.701734
0.569875 0.119889 0.310235
9.999E-05 9.999E-05 0.9998
0.355734 0.0306286 0.613638
0.296947 9.9991E-05 0.702953
9.9991E-05 0.624191 0.375709
0.446598 0.553302 9.99911E-05
0.79748 0.20242 9.9991E-05
0.393185 0.0422576 0.564558
0.38921 0.61069 9.99911E-05
0.593118 0.156645 0.250237
0.24514 0.683594 0.071266
0.617086 9.9991E-05 0.382814
0.396522 9.9991E-05 0.603378
0.270174 0.666182 0.0636439
0.332539 0.0609242 0.606537
0.38825 0.131434 0.480315
0.406548 0.188638 0.404814
0.527071 9.99911E-05 0.472829
9.99911E-05 0.738846 0.261054
9.99911E-05 0.788864 0.211036
0.436646 0.326473 0.23688
0.447833 0.345313 0.206854
0.55459 9.99911E-05 0.44531
0.806462 0.152873 0.0406649
0.578654 0.277389 0.143957
9.9991E-05 0.742765 0.257135
0.635267 0.128626 0.236108
0.764495 0.0757153 0.15979
0.657962 9.9991E-05 0.341938
0.33927 0.643917 0.0168125
0.0368762 0.327121 0.636003
0.835593 9.99911E-05 0.164307
0.38937 0.350685 0.259945
0.240418 0.483426 0.276155
0.324428 0.0981263 0.577446
0.00722039 0.591005 0.401775
0.371465 0.430582 0.197953
0.309079 0.462583 0.228338
0.832116 0.0741946 0.0936894
9.9991E-05 0.566872 0.433028
0.0782945 0.669775 0.251931
0.475221 9.99911E-05 0.524679
0.574965 0.00191913 0.423116
0.333647 0.571847 0.0945067
0.816877 0.0886199 0.0945028
0.232027 0.243555 0.524418
0.609291 0.152879 0.23783
0.213384 0.731117 0.0554992
0.345606 0.426343 0.228051
9.99911E-05 0.472444 0.527457
0.387881 0.113538 0.498582
0.535629 0.134566 0.329805
0.754285 9.99911E-05 0.245615
0.328541 0.173768 0.497691
0.444123 0.124409 0.431468
9.9991E-05 0.75207 0.24783
0.492301 0.406724 0.100976
0.457784 0.33069 0.211526
0.652304 9.99911E-05 0.347596
0.529838 0.0198637 0.450299
0.478535 0.521365 9.99911E-05
0.796567 0.0753943 0.128038
0.092478 0.451055 0.456467
0.234731 0.643243 0.122026
0.239825 0.655865 0.10431
9.999E-05 9.999E-05 0.9998
0.71577 0.105431 0.178799
0.449439 0.262414 0.288147
9.999E-05 9.999E-05 0.9998
0.265502 0.364853 0.369645
0.116168 0.0737272 0.810105
0.475428 0.524472 9.9991E-05
9.9991E-05 0.544688 0.455212
0.337073 0.516836 0.146091
0.108691 0.709805 0.181505
0.257241 0.742659 9.9991E-05
0.495936 9.9991E-05 0.503964
0.0383186 0.205771 0.75591
9.99911E-05 0.714234 0.285666
9.999E-05 9.999E-05 0.9998
9.99911E-05 0.952727 0.0471734
0.543892 0.456008 9.99911E-05
0.98304 0.0129567 0.0040035
0.0761711 0.116235 0.807594
0.559776 0.276422 0.163802
0.819184 0.180716 9.9991E-05
0.719081 0.0111671 0.269752
0.75661 9.99911E-05 0.24329
0.238777 0.354592 0.406631
0.449739 0.102268 0.447993
0.350025 9.99911E-05 0.649875
0.844345 9.99911E-05 0.155555
9.999E-05 9.999E-05 0.9998
0.031186 0.841301 0.127513
0.343994 0.579286 0.0767198
0.423336 0.0294425 0.547222
0.314105 9.99911E-05 0.685795
0.875008 0.124892 9.9991E-05
0.031987 9.9991E-05 0.967913
0.322595 0.272716 0.404689
0.9998 9.999E-05 9.999E-05
0.436748 0.563152 9.99911E-05
0.241931 0.659682 0.0983865
0.0337219 0.638169 0.328109
0.0400747 0.53956 0.420365
0.569906 0.0616218 0.368472
0.844942 0.154958 9.99911E-05
0.53823 0.117461 0.344309
0.0457139 0.822137 0.132149
0.511878 0.31483 0.173293
0.147031 0.675301 0.177668
0.576657 0.423243 9.9991E-05
0.143046 0.856854 9.99911E-05
0.9998 9.999E-05 9.999E-05
0.9998 9.999E-05 9.999E-05
0.9998 9.999E-05 9.999E-05
0.380534 0.482945 0.136521
0.840839 9.99911E-05 0.159062
0.765517 0.135874 0.0986096
0.224757 0.344393 0.43085
0.260899 0.739001 9.9991E-05
0.000681274 0.805179 0.19414
0.0153565 0.0889544 0.895689
0.667561 9.9991E-05 0.332339
9.9991E-05 0.31111 0.68879
0.630989 0.286261 0.0827497
0.157171 9.99911E-05 0.842729
9.99911E-05 0.663254 0.336646
0.736578 0.0663086 0.197114
0.0808055 0.722555 0.19664
0.723548 0.0838853 0.192567
0.304518 0.427588 0.267894
0.407956 0.0565521 0.535492
0.539646 0.460254 9.99911E-05
0.52141 0.262246 0.216343
0.177317 0.608433 0.21425
0.874522 9.99911E-05 0.125378
0.528525 0.182045 0.28943
9.99911E-05 0.318494 0.681406
0.388543 0.160953 0.450504
0.695573 0.0814546 0.222972
9.99911E-05 0.773796 0.226104
0.0560609 0.457571 0.486368
0.316748 0.0988801 0.584372
0.617905 0.152183 0.229912
0.9998 9.999E-05 9.999E-05
0.315364 0.476342 0.208294
0.209204 0.326704 0.464092
0.589118 9.99911E-05 0.410782
0.921879 9.9991E-05 0.0780206
0.792138 0.207762 9.9991E-05
0.571937 0.208596 0.219467
0.645008 0.0775115 0.277481
0.891515 9.99911E-05 0.108385
0.0272546 0.114984 0.857762
0.590552 0.409348 9.99911E-05
0.294678 0.592093 0.113229
0.129641 0.870259 9.99911E-05
9.99911E-05 0.75825 0.24165
0.248006 0.604715 0.147279
0.426062 0.249646 0.324292
0.708554 9.99911E-05 0.291346
0.951714 0.0481861 9.99911E-05
0.461742 0.229727 0.308531
0.790564 0.0845215 0.124915
0.615704 0.169483 0.214813
0.765465 0.0877916 0.146743
