0.61619 0.0963433 0.122864 0.164602
0.565548 0.170514 9.99955E-05 0.263837
0.223857 0.255524 0.200488 0.320132
0.551647 0.072026 0.376227 9.9991E-05
0.415342 9.9991E-05 0.464716 0.119841
0.48608 0.191594 0.322226 9.9991E-05
0.268489 9.9991E-05 0.257175 0.474236
0.958846 0.0409542 9.99821E-05 9.99821E-05
9.999E-05 0.0878465 0.272059 0.639995
9.99821E-05 0.518477 9.99821E-05 0.481323
0.274296 0.31305 0.17205 0.240604
0.371155 9.99911E-05 0.020719 0.608026
0.723758 9.99911E-05 0.23068 0.045462
0.310149 0.076696 0.220853 0.392301
0.342598 9.99911E-05 0.0196447 0.637658
0.566085 9.99821E-05 0.433715 9.99821E-05
0.340187 0.0657602 0.0349098 0.559143
0.0676333 0.195249 0.295489 0.441629
0.563525 0.143217 9.9991E-05 0.293159
0.765594 0.169016 0.0652898 9.9991E-05
9.99911E-05 0.428578 0.201667 0.369656
0.477131 0.0497793 0.157011 0.31608
9.9991E-05 0.133643 0.558259 0.307998
9.9991E-05 0.039601 0.948571 0.0117281
0.278895 0.296349 0.424656 9.9991E-05
0.47623 9.9991E-05 0.354868 0.168802
0.133906 0.180345 0.0260537 0.659696
0.49743 0.45529 9.99911E-05 0.0471807
0.65487 0.34493 9.99821E-05 9.99821E-05
0.0222221 9.99911E-05 0.825593 0.152085
0.147698 0.306903 0.0869242 0.458475
0.712508 9.99911E-05 0.0485105 0.238881
9.99911E-05 0.549654 0.0458978 0.404348
0.798073 0.0344514 0.107678 0.0597973
0.499748 9.9991E-05 0.426943 0.0732092
0.0153988 0.0839102 0.16776 0.732931
0.550654 0.0638594 0.0856018 0.299884
0.0835576 0.692243 0.2241 9.9991E-05
0.342149 0.234666 0.21733 0.205855
0.603432 0.244402 0.152066 9.9991E-05
9.99911E-05 0.0774873 0.195308 0.727105
9.99911E-05 0.0343857 0.098157 0.867357
0.402687 0.186991 0.21627 0.194052
0.434806 0.228849 0.114554 0.221791
0.570815 0.228916 0.063247 0.137022
0.517552 9.99911E-05 0.272682 0.209667
0.426644 9.99911E-05 0.0660551 0.5072
0.0461704 0.137245 9.9991E-05 0.816485
0.595498 9.99822E-05 9.99822E-05 0.404302
0.760344 9.9982E-05 0.239456 9.9982E-05
0.754037 9.9982E-05 0.245763 9.9982E-05
9.9991E-05 0.649215 0.105877 0.244808
0.298486 9.9991E-05 0.160749 0.540664
0.784393 0.0568066 0.1587 9.99911E-05
0.243289 0.293313 0.00785565 0.455543
0.2375 0.00452802 9.99911E-05 0.757872
0.129803 0.0744218 0.376751 0.419024
0.210145 9.99822E-05 9.99822E-05 0.789655
0.238523 0.214914 9.9991E-05 0.546462
0.101246 0.293771 0.157017 0.447966
0.551792 0.281618 0.16649 9.99911E-05
9.99821E-05 9.99821E-05 0.142462 0.857338
0.340886 9.9982E-05 9.9982E-05 0.658914
0.0510202 0.15467 0.79421 9.99911E-05
0.753267 9.99911E-05 0.0890745 0.157559
0.326396 0.0744977 0.130546 0.46856
0.338817 0.212438 0.43746 0.0112853
0.502178 9.9991E-05 0.1549 0.342821
0.806076 9.99821E-05 9.99821E-05 0.193724
0.297203 0.416895 9.99911E-05 0.285802
0.0726423 0.13234 0.22394 0.571078
0.143676 9.99911E-05 0.106238 0.749986
0.690772 0.138635 0.0644747 0.106118
0.615658 9.99821E-05 9.99821E-05 0.384142
0.700842 9.99822E-05 0.298958 9.99822E-05
0.370969 9.99821E-05 9.99821E-05 0.628831
0.451722 9.99911E-05 0.1979 0.350277
0.109065 0.413857 9.9991E-05 0.476978
0.559029 0.226185 0.214686 9.9991E-05
0.591258 0.242859 9.9991E-05 0.165783
0.856023 9.99911E-05 0.0320652 0.111812
0.369744 0.178215 0.200475 0.251566
0.298271 0.287112 0.0254562 0.389161
0.690154 0.0694204 0.240325 9.99911E-05
0.277726 9.9991E-05 0.204747 0.517427
0.342789 0.0430857 0.0205115 0.593614
0.0104693 0.466324 0.0112199 0.511987
0.151305 9.99821E-05 0.848495 9.99821E-05
0.398526 0.357187 0.244188 9.99911E-05
0.572694 0.250243 9.9991E-05 0.176963
0.181619 9.99822E-05 0.818181 9.99822E-05
0.0667905 0.102858 0.353618 0.476734
0.0889329 9.99911E-05 0.163622 0.747345
9.9991E-05 0.451372 0.194924 0.353604
0.143145 0.0714917 0.0806586 0.704704
0.209838 0.315589 0.0751356 0.399437
9.9991E-05 0.124171 0.344759 0.53097
0.214463 0.00125016 9.9991E-05 0.784187
0.314446 9.99821E-05 0.685354 9.99821E-05
9.9991E-05 0.0492094 0.589954 0.360737
9.99911E-05 0.037209 0.423363 0.539328
9.998E-05 9.998E-05 0.9997 9.998E-05
9.99821E-05 0.571514 9.99821E-05 0.428286
9.998E-05 0.9997 9.998E-05 9.998E-05
0.863236 0.136564 9.99821E-05 9.99821E-05
0.426776 9.9991E-05 0.127938 0.445186
0.626006 0.0188447 9.9991E-05 0.355049
0.589686 0.35839 9.99911E-05 0.0518242
0.865097 0.134703 9.99821E-05 9.99821E-05
0.172094 0.647863 0.179942 9.99911E-05
0.0549949 9.99911E-05 0.505107 0.439798
0.735122 9.99911E-05 0.248345 0.0164329
0.176324 0.174253 0.649323 9.99911E-05
0.943652 0.0561481 9.99821E-05 9.99821E-05
9.998E-05 9.998E-05 0.9997 9.998E-05
0.0695764 0.299035 9.99911E-05 0.631289
0.510051 9.9991E-05 0.123228 0.366621
0.801696 9.99821E-05 9.99821E-05 0.198104
0.681523 0.219721 0.0986561 9.9991E-05
0.318239 0.415802 0.234425 0.0315348
0.214073 9.9991E-05 0.728483 0.0573433
0.0715709 0.279564 0.603303 0.0455615
0.814936 0.0843568 0.100607 9.9991E-05
0.36645 0.189646 9.99911E-05 0.443805
0.228763 0.0207032 0.157161 0.593373
0.314685 0.114917 9.9991E-05 0.570298
0.196552 9.99822E-05 9.99822E-05 0.803248
0.599332 0.174335 0.0203963 0.205937
9.99821E-05 0.775263 0.224537 9.99821E-05
0.2744 0.283852 0.246059 0.195689
9.99911E-05 0.080445 0.0554689 0.863986
0.277692 0.226672 0.152819 0.342817
0.342497 0.162088 9.99911E-05 0.495315
0.258151 0.582972 9.9991E-05 0.158777
9.99821E-05 0.578149 9.99821E-05 0.421651
0.763413 0.0894376 0.147049 9.99911E-05
0.964126 0.0356741 9.99821E-05 9.99821E-05
0.761182 0.231029 0.00768846 9.99911E-05
0.125799 0.39428 9.99911E-05 0.479821
0.930722 0.0690778 9.99821E-05 9.99821E-05
0.256554 0.410828 0.271606 0.0610127
0.146147 0.432117 0.334688 0.0870472
0.106157 0.266852 0.0568417 0.57015
9.99821E-05 0.445527 9.99821E-05 0.554273
0.269895 0.00896476 0.691952 0.0291884
0.668197 0.130751 0.151865 0.0491868
9.9991E-05 0.00632104 0.180897 0.812682
0.446839 0.359583 0.193478 9.99911E-05
0.581505 0.0855262 0.332869 9.9991E-05
0.289727 0.139404 0.00709596 0.563772
0.48672 0.306908 0.148266 0.0581069
0.254952 0.00576943 9.99911E-05 0.739179
0.774153 0.0512898 0.0166635 0.157894
0.43662 0.133142 0.0636058 0.366632
9.99821E-05 9.99821E-05 0.743409 0.256391
0.323954 0.296769 9.99911E-05 0.379177
0.322415 0.677385 9.99821E-05 9.99821E-05
0.253138 0.304648 0.118563 0.323651
0.860324 9.99911E-05 0.109167 0.0304093
0.153324 0.255337 0.281036 0.310302
9.998E-05 9.998E-05 9.998E-05 0.9997
0.437916 9.99821E-05 9.99821E-05 0.561884
0.651615 0.12642 0.185494 0.0364707
0.0194841 0.0765365 9.99911E-05 0.903879
0.36675 9.99822E-05 9.99822E-05 0.63305
0.283972 9.9991E-05 0.334097 0.381831
0.68903 0.102564 0.0834372 0.124968
0.826058 0.173742 9.99822E-05 9.99822E-05
0.154648 0.0692018 0.1975 0.57865
0.288328 0.0545868 0.307891 0.349194
0.863127 0.00713616 0.129637 9.99911E-05
0.960595 0.0392049 9.99821E-05 9.99821E-05
0.359185 0.279964 9.9991E-05 0.360752
0.175792 0.051013 0.42536 0.347835
0.687095 9.99911E-05 0.178878 0.133927
0.918082 9.99911E-05 0.0199789 0.0618386
0.512496 9.99911E-05 0.322758 0.164646
9.998E-05 0.9997 9.998E-05 9.998E-05
0.132708 0.409737 0.107543 0.350012
0.119385 0.227146 0.0853349 0.568134
0.00206444 0.194857 9.99911E-05 0.802978
0.168367 0.396215 0.00418659 0.431232
0.341286 9.9991E-05 0.27264 0.385974
0.990992 9.99822E-05 9.99822E-05 0.00880777
9.998E-05 0.9997 9.998E-05 9.998E-05
0.496064 9.99822E-05 9.99822E-05 0.503736
0.648 0.211233 9.9991E-05 0.140667
0.280551 0.371607 0.347742 9.9991E-05
0.264875 0.370588 0.335734 0.0288031
