0.222341 0.108975 0.0588323 0.609851
0.21349 0.0663921 0.213376 0.506742
9.999E-05 0.228111 0.238428 0.533361
9.999E-05 0.245608 0.0580612 0.696231
0.165864 0.389968 9.9991E-05 0.444068
9.9991E-05 0.0964411 0.643761 0.259698
0.470816 0.331384 9.9991E-05 0.197701
9.99821E-05 9.99821E-05 0.0601001 0.9397
0.493575 0.06025 0.446075 9.99911E-05
0.399236 0.233488 0.367176 9.9991E-05
0.342064 0.298981 0.246004 0.112951
0.432997 0.0042615 9.99911E-05 0.562641
0.0522542 0.11676 9.99911E-05 0.830885
0.194195 0.209257 0.160942 0.435606
0.188513 9.99911E-05 0.260985 0.550402
9.99821E-05 0.377194 9.99821E-05 0.622606
0.180073 0.180333 0.121307 0.518286
0.276264 0.175468 0.548169 9.9991E-05
0.325382 9.99821E-05 9.99821E-05 0.674418
9.99911E-05 0.166604 0.489711 0.343586
0.344525 0.245838 0.409536 9.99911E-05
0.264972 0.135591 9.9991E-05 0.599337
9.9991E-05 0.264401 0.702255 0.0332443
0.239042 0.634125 0.126733 9.9991E-05
0.177729 0.348389 0.206139 0.267743
0.326813 0.19909 9.9991E-05 0.473998
0.742243 0.110354 9.9991E-05 0.147303
0.246846 0.30804 9.99911E-05 0.445014
9.99821E-05 9.99821E-05 0.397339 0.602461
9.998E-05 0.9997 9.998E-05 9.998E-05
0.577784 9.99821E-05 0.422016 9.99821E-05
0.223474 9.99911E-05 0.159773 0.616653
0.220306 0.219411 0.560183 9.99911E-05
0.111667 0.202834 9.99911E-05 0.685398
0.238928 0.328941 0.0127685 0.419363
0.377703 0.0897427 0.267676 0.264878
0.178419 0.00562648 0.398779 0.417176
9.99821E-05 0.252307 0.747493 9.99821E-05
0.393946 0.103582 0.161672 0.340799
9.9991E-05 0.0547988 0.51121 0.433891
0.545957 0.453843 9.99821E-05 9.99821E-05
0.746243 0.125022 0.128634 9.99911E-05
0.257742 0.0499997 0.178332 0.513927
0.294154 0.117596 0.128146 0.460105
0.00034674 0.10678 0.256557 0.636316
0.193065 9.99911E-05 0.314019 0.492815
0.272042 9.99911E-05 0.489647 0.238211
0.493892 9.99821E-05 0.505908 9.99821E-05
0.174777 9.99911E-05 0.0975294 0.727594
0.0799898 0.104605 0.103049 0.712357
9.9982E-05 0.282598 9.9982E-05 0.717202
0.282993 9.99821E-05 0.716808 9.99821E-05
0.340462 0.323762 9.9991E-05 0.335677
9.99911E-05 0.202201 0.0510626 0.746637
0.285954 0.0118494 0.664266 0.0379305
0.684849 0.0296081 9.99911E-05 0.285443
0.444014 0.338349 0.117523 0.100115
0.543201 9.99911E-05 0.2146 0.242099
0.421824 9.9991E-05 0.247793 0.330283
0.290639 0.0818311 0.452664 0.174865
0.0383869 0.151256 9.9991E-05 0.810257
0.707674 0.194176 0.09805 9.9991E-05
0.504696 9.99821E-05 9.99821E-05 0.495104
9.99911E-05 0.761155 0.030877 0.207868
0.135125 0.132118 0.0469593 0.685798
0.473373 0.150914 0.0285501 0.347163
0.0529418 0.316277 0.405604 0.225178
0.566815 9.99821E-05 9.99821E-05 0.432985
0.358133 9.99821E-05 9.99821E-05 0.641667
0.342663 0.270578 9.9991E-05 0.386658
0.327491 9.9991E-05 0.459099 0.21331
0.866734 9.99821E-05 9.99821E-05 0.133066
0.233844 9.99911E-05 0.266688 0.499369
0.487805 9.99821E-05 9.99821E-05 0.511995
9.99911E-05 0.139637 0.0542277 0.806035
0.300768 9.9991E-05 0.078875 0.620257
0.181475 0.168537 9.99911E-05 0.649887
0.706684 0.235124 0.0580919 9.9991E-05
0.26979 0.0691645 9.9991E-05 0.660945
0.0611425 0.0644215 0.0978984 0.776538
0.287195 9.99911E-05 0.0312142 0.681491
0.460815 0.0417038 0.055972 0.441509
0.336943 0.00580754 0.45964 0.197609
9.99941E-05 0.048697 0.194468 0.756735
0.278046 0.225837 0.175662 0.320456
0.38923 0.0808227 0.189713 0.340234
0.480483 0.0230987 0.333057 0.163361
0.0461186 0.612651 0.0303496 0.310881
0.210962 0.137909 0.0726444 0.578485
0.139767 0.0431744 0.0828927 0.734166
0.00483572 0.828761 9.99911E-05 0.166303
0.468614 0.287958 0.229066 0.0143618
0.606184 0.134267 0.259449 9.99911E-05
9.9991E-05 0.0955224 0.885399 0.0189785
0.564565 0.160595 0.0288122 0.246028
0.235362 9.9991E-05 0.365224 0.399315
0.182978 0.312724 0.452718 0.0515803
0.560892 9.9991E-05 0.172536 0.266472
9.9982E-05 0.607552 9.9982E-05 0.392248
0.172678 0.413246 0.303033 0.111043
0.564812 0.365634 0.0694543 9.99911E-05
9.998E-05 0.9997 9.998E-05 9.998E-05
0.42682 0.100467 0.472613 9.99911E-05
9.998E-05 9.998E-05 0.9997 9.998E-05
9.99821E-05 9.99821E-05 0.149864 0.849936
0.322799 0.112023 0.0208505 0.544328
0.25179 9.9991E-05 0.443028 0.305081
0.126638 0.0732102 0.300945 0.499206
0.254111 9.99822E-05 9.99822E-05 0.745689
9.99911E-05 0.198731 0.555156 0.246013
0.389228 0.408473 0.158744 0.0435552
0.00624638 0.179259 9.9991E-05 0.814395
9.99911E-05 0.685651 0.0796326 0.234617
9.99821E-05 9.99821E-05 0.0052188 0.994581
9.998E-05 0.9997 9.998E-05 9.998E-05
0.669815 9.99911E-05 0.088024 0.242061
0.100514 9.99821E-05 9.99821E-05 0.899286
0.304793 9.99821E-05 9.99821E-05 0.695008
9.99821E-05 0.193878 9.99821E-05 0.805922
9.9991E-05 0.0474575 0.622864 0.329578
0.191706 0.481723 9.9991E-05 0.32647
9.99821E-05 0.375352 0.624448 9.99821E-05
9.99821E-05 9.99821E-05 0.520137 0.479663
0.232518 9.99911E-05 0.630416 0.136966
0.101364 0.227429 0.372149 0.299058
0.558755 0.0779544 9.9991E-05 0.363191
0.672649 0.254211 0.0359402 0.0372
0.467112 0.00867845 9.9991E-05 0.524109
9.99822E-05 0.315583 0.684217 9.99822E-05
9.99911E-05 0.226725 0.650065 0.12311
0.641623 9.99911E-05 0.315522 0.0427557
0.312139 0.0437468 0.235858 0.408256
0.447912 9.9991E-05 0.261865 0.290123
0.239376 9.9991E-05 0.389198 0.371326
0.492304 9.99821E-05 0.507496 9.99821E-05
9.99821E-05 9.99821E-05 0.414982 0.584819
9.99821E-05 9.99821E-05 0.141741 0.858059
9.99911E-05 0.0303493 0.297176 0.672374
0.714846 9.99821E-05 0.284954 9.99821E-05
9.9991E-05 0.021867 0.108297 0.869736
0.129648 0.201 0.196796 0.472557
0.256356 0.151927 0.570703 0.0210134
0.415613 0.10309 0.155523 0.325774
0.528284 0.129324 0.342292 9.99911E-05
0.059188 0.677977 9.9991E-05 0.262735
9.9991E-05 0.120263 0.0843547 0.795282
0.975368 9.99821E-05 0.0244324 9.99821E-05
0.0290579 0.308727 0.19882 0.463395
0.211447 0.340678 0.258855 0.18902
0.602907 0.229437 0.000566032 0.167089
0.349975 0.0310143 0.00433258 0.614678
0.583747 9.99821E-05 9.99821E-05 0.416053
0.0794917 0.162554 9.9991E-05 0.757854
0.407183 0.155199 0.0167796 0.420839
0.170986 0.450055 0.289439 0.0895205
0.0975047 9.99911E-05 0.662167 0.240228
0.0908961 0.112194 0.68818 0.108729
0.326248 0.181452 9.99911E-05 0.492199
9.99821E-05 0.116803 9.99821E-05 0.882997
0.139382 0.312146 0.233726 0.314746
0.924291 9.99821E-05 0.0755093 9.99821E-05
0.467394 9.99821E-05 9.99821E-05 0.532406
0.0679229 9.9991E-05 0.157222 0.774755
0.707169 9.99821E-05 9.99821E-05 0.292631
0.515062 9.99822E-05 9.99822E-05 0.484738
0.000395455 0.0556223 0.512785 0.431198
0.249183 0.00904524 0.205354 0.536418
9.998E-05 9.998E-05 9.998E-05 0.9997
0.15938 0.312239 0.381082 0.1473
0.20941 0.174415 0.39674 0.219434
9.99821E-05 0.226771 9.99821E-05 0.773029
9.99821E-05 9.99821E-05 0.121351 0.878449
0.10215 9.9991E-05 0.537803 0.359947
0.246886 0.236258 0.174769 0.342088
0.0301398 0.117788 9.9991E-05 0.851972
0.0728401 9.99911E-05 0.151152 0.775908
0.297997 0.398225 9.99911E-05 0.303677
0.193181 9.99821E-05 0.806619 9.99821E-05
0.373585 0.176779 0.449537 9.99911E-05
0.40791 0.147018 0.220782 0.22429
0.890796 9.99821E-05 0.109004 9.99821E-05
0.57118 9.99911E-05 0.269626 0.159094
0.322983 0.0795958 0.116667 0.480754
0.014266 0.0584286 9.99911E-05 0.927205
9.99821E-05 9.99821E-05 0.979354 0.0204458
0.400284 9.99822E-05 9.99822E-05 0.599516
0.0472368 9.9991E-05 0.397269 0.555395
9.9991E-05 0.467077 0.140128 0.392695
9.9991E-05 0.22144 0.657521 0.120939
