0.162953 0.710138 0.126909
9.999E-05 0.846541 0.153359
0.117176 0.420752 0.462072
0.233044 0.43087 0.336086
0.193797 0.508208 0.297995
0.102154 0.508043 0.389803
0.307297 0.490199 0.202504
0.0144346 0.985465 9.9991E-05
0.690715 0.0238853 0.2854
0.524084 9.99911E-05 0.475816
0.448763 0.0125851 0.538652
0.627658 0.372242 9.99911E-05
0.125597 0.763404 0.111
0.331835 0.512433 0.155733
0.562947 0.436953 9.99911E-05
0.18434 0.501354 0.314306
0.438684 0.284882 0.276434
0.529773 0.187997 0.282229
0.428178 0.571722 9.99911E-05
0.226914 0.451398 0.321687
0.189606 9.99911E-05 0.810294
0.270152 0.382376 0.347472
0.25224 0.310136 0.437624
0.0763258 9.9991E-05 0.923574
0.0235768 0.0406288 0.935794
0.153018 0.386904 0.460078
0.547192 0.0836681 0.36914
0.00328166 0.882306 0.114412
0.0587511 0.941149 9.9991E-05
9.9991E-05 0.20563 0.79427
0.395385 0.472706 0.131909
0.561851 0.438049 9.99911E-05
0.308004 0.101258 0.590738
0.15432 0.669249 0.176431
9.9991E-05 0.407275 0.592625
0.557773 0.319819 0.122408
0.308845 0.654175 0.0369802
9.99911E-05 0.181715 0.818186
0.31859 0.54034 0.14107
0.124272 0.665736 0.209992
0.506825 9.99911E-05 0.493075
0.697558 9.99911E-05 0.302342
0.357127 0.348118 0.294755
0.317309 0.50935 0.173341
0.299906 0.50445 0.195645
0.478711 0.521189 9.99911E-05
0.464239 0.236181 0.29958
0.722093 9.9991E-05 0.277807
0.446503 0.553397 9.99911E-05
0.132921 0.710426 0.156653
9.9991E-05 0.688395 0.311505
0.483981 0.110676 0.405343
0.439563 0.220098 0.340339
9.99911E-05 0.893636 0.106264
0.473134 0.411451 0.115415
0.672011 0.327889 9.99911E-05
0.337914 0.39549 0.266596
0.655006 0.344894 9.99911E-05
0.529289 0.470611 9.9991E-05
0.416503 0.354439 0.229059
0.0983195 0.879144 0.0225364
0.799825 9.9991E-05 0.200075
0.792095 0.102689 0.105216
9.9991E-05 0.392264 0.607636
0.260971 0.583854 0.155174
0.576575 0.309256 0.114169
0.0761108 0.53257 0.391319
0.609078 0.37235 0.0185714
0.293751 0.706149 9.9991E-05
0.265828 0.144385 0.589787
0.714083 0.190649 0.095268
0.898053 9.99911E-05 0.101847
0.467343 0.532557 9.99911E-05
0.36537 0.63453 9.99911E-05
9.99911E-05 0.767918 0.231982
0.672615 0.327285 9.9991E-05
0.343653 0.656247 9.99911E-05
0.541443 0.0658261 0.392731
9.99911E-05 0.975469 0.0244311
0.0803512 0.919549 9.99911E-05
0.256242 0.743658 9.99911E-05
0.10245 0.422139 0.475411
0.146339 0.355849 0.497811
9.99911E-05 0.780022 0.219878
0.658218 0.125752 0.21603
0.558465 0.266711 0.174824
0.260657 0.427146 0.312197
0.221274 0.146853 0.631874
9.99911E-05 0.489749 0.510151
0.16362 0.489202 0.347178
9.99911E-05 0.00590221 0.993998
0.389264 9.99911E-05 0.610636
0.637618 9.99911E-05 0.362282
0.384747 0.0917327 0.52352
0.73496 9.9991E-05 0.26494
0.463766 0.459472 0.076763
0.268349 0.0781279 0.653523
0.818269 0.181631 9.9991E-05
9.9991E-05 0.342432 0.657468
0.317072 9.9991E-05 0.682828
0.415033 0.0633999 0.521567
9.999E-05 9.999E-05 0.9998
0.319485 9.99911E-05 0.680415
0.229249 0.080042 0.690709
0.210553 0.789347 9.9991E-05
0.464111 0.265018 0.27087
0.376719 0.600105 0.023176
0.15223 0.630549 0.217221
0.148587 0.848559 0.00285345
9.99911E-05 0.435416 0.564484
0.30352 0.221517 0.474964
9.99911E-05 0.737797 0.262103
9.99911E-05 0.098629 0.901271
9.99911E-05 0.880341 0.119559
9.999E-05 9.999E-05 0.9998
0.648284 0.303771 0.0479453
0.311377 0.640822 0.0478002
0.399836 0.533606 0.0665578
0.0111169 0.537202 0.451681
9.9991E-05 0.657112 0.342788
0.419651 9.9991E-05 0.580249
0.0840016 0.486516 0.429483
9.9991E-05 0.789324 0.210576
0.324778 0.355112 0.32011
0.169281 0.456468 0.374251
0.533806 0.207999 0.258195
0.685386 9.99911E-05 0.314514
0.252565 0.594122 0.153313
9.99911E-05 0.297134 0.702766
0.215607 0.0974612 0.686932
0.941487 0.0336007 0.0249126
0.296051 0.463756 0.240193
0.73509 0.26481 9.99911E-05
0.523933 0.475967 9.9991E-05
0.644028 0.0233042 0.332668
0.0811304 0.868797 0.0500724
9.999E-05 0.9998 9.999E-05
9.99911E-05 0.989829 0.0100713
0.510432 0.489468 9.99911E-05
0.00976562 0.990134 9.99911E-05
0.0617032 0.804558 0.133739
0.27556 0.147451 0.576989
0.450225 0.165693 0.384082
0.624789 0.087487 0.287724
0.0548547 0.0780314 0.867114
9.9991E-05 0.772037 0.227863
0.9998 9.999E-05 9.999E-05
0.0691411 0.525903 0.404956
0.105391 0.354993 0.539616
0.697449 0.0386755 0.263875
0.10513 0.815809 0.0790607
0.808546 0.191354 9.99911E-05
0.0676432 0.762265 0.170092
0.341629 0.543079 0.115292
0.209161 0.171772 0.619067
0.676105 0.323795 9.99911E-05
9.99911E-05 0.579063 0.420837
0.570948 0.32683 0.102223
9.999E-05 0.9998 9.999E-05
0.143868 0.387543 0.468589
0.9998 9.999E-05 9.999E-05
0.596843 0.338191 0.0649662
0.109687 0.820036 0.0702774
0.814001 0.185899 9.99911E-05
0.899593 0.100307 9.99911E-05
0.299511 0.409801 0.290688
0.231952 0.590097 0.177951
9.999E-05 0.9998 9.999E-05
0.377792 0.603349 0.0188585
0.409966 0.359299 0.230735
9.99911E-05 0.761606 0.238294
0.142774 0.820909 0.0363172
0.454709 0.545191 9.99911E-05
0.245118 0.230712 0.52417
0.132031 0.721646 0.146322
0.103269 0.896631 9.99911E-05
0.291172 0.219409 0.489419
0.235514 0.117624 0.646862
0.126492 0.339963 0.533544
0.76015 0.183623 0.0562272
0.9998 9.999E-05 9.999E-05
0.609572 0.204713 0.185715
0.449737 0.284783 0.26548
0.0582297 0.768686 0.173085
0.00424184 0.528405 0.467353
0.437028 0.562872 9.99911E-05
0.397676 0.602224 9.9991E-05
9.99911E-05 0.536788 0.463112
9.9991E-05 0.481102 0.518798
