0.0260246 0.317271 9.99642E-05 9.99642E-05 9.99642E-05 0.0726742 9.99642E-05 0.176446 0.407185
0.0444251 0.291037 0.108985 0.0874985 0.0573655 9.9982E-05 9.9982E-05 0.401942 0.00854783
9.99642E-05 9.99642E-05 0.0738482 9.99642E-05 9.99642E-05 0.225401 0.359531 0.307069 0.0337507
0.173358 9.99642E-05 0.153296 9.99642E-05 0.136699 9.99642E-05 9.99642E-05 0.509656 0.0265907
9.99552E-05 9.99552E-05 9.99552E-05 0.197677 9.99552E-05 0.208885 9.99552E-05 0.434909 0.158029
0.251733 9.99551E-05 0.0844178 9.99551E-05 0.169688 9.99551E-05 9.99551E-05 0.493661 9.99551E-05
0.175568 0.213877 0.0769623 0.0910726 9.99821E-05 0.13557 9.99821E-05 0.214594 0.0921559
9.995E-05 0.367771 9.995E-05 9.995E-05 9.995E-05 9.995E-05 0.129151 0.474162 0.0284166
9.99462E-05 0.10212 0.63013 0.26715 9.99462E-05 9.99462E-05 9.99462E-05 9.99462E-05 9.99462E-05
9.99552E-05 9.99552E-05 9.99552E-05 9.99552E-05 0.336295 0.119849 0.294065 9.99552E-05 0.249291
9.9973E-05 9.9973E-05 0.0932899 0.0694823 0.154288 9.9973E-05 0.479048 0.195456 0.00813493
9.99731E-05 0.482078 0.248186 0.107406 9.99731E-05 9.99731E-05 0.0123801 0.0170374 0.132612
0.16378 0.285735 0.0708636 0.100568 9.99731E-05 9.99731E-05 9.99731E-05 0.34795 0.0308026
0.351685 9.99552E-05 0.094834 9.99552E-05 9.99552E-05 9.99552E-05 9.99552E-05 0.406853 0.146128
9.99552E-05 0.319182 0.515026 9.99552E-05 0.00291652 9.99552E-05 9.99552E-05 0.162377 9.99552E-05
9.99552E-05 0.0866024 9.99552E-05 9.99552E-05 9.99552E-05 0.472041 9.99552E-05 0.189153 0.251704
9.99641E-05 0.0019702 0.442815 9.99641E-05 0.00178455 9.99641E-05 9.99641E-05 0.48316 0.0698711
0.134938 9.99731E-05 0.284786 0.00377986 0.155448 0.241348 9.99731E-05 9.99731E-05 0.179401
9.99552E-05 0.346928 9.99552E-05 0.206175 9.99552E-05 9.99552E-05 0.234797 0.2116 9.99552E-05
0.282177 9.99462E-05 9.99462E-05 9.99462E-05 0.12741 9.99462E-05 9.99462E-05 0.589814 9.99462E-05
0.706121 9.995E-05 9.995E-05 9.995E-05 0.184509 9.995E-05 0.0860687 9.995E-05 0.022802
9.9964E-05 0.167597 9.9964E-05 0.282766 9.9964E-05 0.131811 0.338828 0.0785994 9.9964E-05
0.179356 9.99551E-05 0.466058 9.99551E-05 9.99551E-05 0.0615503 9.99551E-05 0.292535 9.99551E-05
0.388436 9.99461E-05 9.99461E-05 0.317993 9.99461E-05 0.292972 9.99461E-05 9.99461E-05 9.99461E-05
0.321026 0.0296434 9.99641E-05 9.99641E-05 0.188003 0.0558314 0.405096 9.99641E-05 9.99641E-05
0.175697 0.264358 9.9982E-05 0.24477 0.0419779 0.136228 9.9982E-05 0.000940962 0.135828
9.9955E-05 0.00182069 9.9955E-05 9.9955E-05 9.9955E-05 0.192209 0.337045 9.9955E-05 0.468425
9.99463E-05 9.99463E-05 9.99463E-05 0.174133 9.99463E-05 9.99463E-05 0.22398 0.601288 9.99463E-05
9.99551E-05 0.304275 9.99551E-05 9.99551E-05 0.154098 9.99551E-05 0.174672 0.366456 9.99551E-05
9.99551E-05 9.99551E-05 0.172591 9.99551E-05 9.99551E-05 0.718717 0.0234375 9.99551E-05 0.0847548
0.210626 9.99552E-05 9.99552E-05 0.493482 9.99552E-05 9.99552E-05 9.99552E-05 0.102822 0.19257
0.249613 0.252043 0.000364984 9.99731E-05 9.99731E-05 9.99731E-05 0.179707 0.283865 0.0341075
0.00217128 9.99642E-05 0.0711856 9.99642E-05 0.106934 0.240657 0.578653 9.99642E-05 9.99642E-05
0.0449274 0.182611 9.99642E-05 9.99642E-05 9.99642E-05 9.99642E-05 0.20465 0.555729 0.0116835
0.126105 9.9964E-05 9.9964E-05 0.0825568 9.9964E-05 0.210709 9.9964E-05 0.39291 0.187319
0.397563 9.99463E-05 9.99463E-05 9.99463E-05 9.99463E-05 9.99463E-05 9.99463E-05 0.275636 0.326201
9.99642E-05 0.095988 9.99642E-05 0.595412 9.99642E-05 0.0265632 9.99642E-05 0.235273 0.0463635
9.99641E-05 0.159787 9.99641E-05 0.0612903 0.230705 0.225528 0.32229 9.99641E-05 9.99641E-05
0.0902504 0.183877 9.99732E-05 9.99732E-05 0.188131 0.0410985 9.99732E-05 0.304769 0.191575
9.99641E-05 0.209471 9.99641E-05 9.99641E-05 0.160967 0.0703074 9.99641E-05 0.46059 0.0982639
9.99732E-05 9.99732E-05 0.587766 0.00509793 9.99732E-05 0.194207 0.0575381 0.0523668 0.102724
0.409532 0.0235527 0.329541 9.99642E-05 0.0267881 9.99642E-05 9.99642E-05 9.99642E-05 0.210187
0.21974 0.0458661 9.9964E-05 9.9964E-05 9.9964E-05 9.9964E-05 0.360265 0.239178 0.134551
9.99821E-05 0.0614575 0.0539348 0.282661 0.177764 0.0473855 9.99821E-05 0.247193 0.129404
9.99731E-05 0.409459 9.99731E-05 9.99731E-05 0.052538 0.0131056 0.230716 0.240922 0.0529588
9.996E-05 0.43932 0.0871455 9.996E-05 0.149577 9.996E-05 9.996E-05 0.144662 0.178896
9.99551E-05 0.493205 0.328699 9.99551E-05 9.99551E-05 0.105262 9.99551E-05 9.99551E-05 0.0723349
9.996E-05 9.996E-05 0.230222 0.129381 9.996E-05 9.996E-05 0.195358 0.103168 0.341471
0.103627 0.435494 0.16249 9.99643E-05 9.99643E-05 9.99643E-05 0.192192 9.99643E-05 0.105796
0.126152 0.23315 9.99551E-05 9.99551E-05 9.99551E-05 9.99551E-05 9.99551E-05 0.409993 0.230205
0.0126451 0.0655965 0.0288411 0.0495387 0.0643183 0.270927 9.9982E-05 0.507933 9.9982E-05
0.294512 9.99731E-05 0.193236 0.00836137 0.132266 9.99731E-05 0.271786 0.0995391 9.99731E-05
9.9964E-05 9.9964E-05 0.225224 0.179895 9.9964E-05 0.256547 0.229618 0.108316 9.9964E-05
9.99551E-05 0.435804 9.99551E-05 9.99551E-05 0.176619 0.056795 9.99551E-05 0.330282 9.99551E-05
0.233111 0.0506192 9.99552E-05 0.480818 9.99552E-05 9.99552E-05 9.99552E-05 0.234951 9.99552E-05
9.99462E-05 0.270395 9.99462E-05 0.582763 9.99462E-05 9.99462E-05 9.99462E-05 9.99462E-05 0.146242
0.483784 0.102282 0.0723441 0.242156 9.9982E-05 0.00340003 0.0181992 0.0776348 9.9982E-05
0.115635 9.99463E-05 9.99463E-05 0.83355 9.99463E-05 9.99463E-05 0.0502149 9.99463E-05 9.99463E-05
9.9973E-05 0.0636715 9.9973E-05 0.311253 0.0322631 9.9973E-05 0.0289944 0.276801 0.286716
0.419535 9.99638E-05 9.99638E-05 9.99638E-05 0.226784 9.99638E-05 0.080203 9.99638E-05 0.272979
9.99731E-05 9.99731E-05 0.089661 0.0501966 0.176154 0.0732807 9.99731E-05 0.591052 0.0193559
0.215478 9.99461E-05 0.357989 9.99461E-05 9.99461E-05 9.99461E-05 9.99461E-05 9.99461E-05 0.425933
9.9964E-05 9.9964E-05 0.139262 0.31645 9.9964E-05 9.9964E-05 0.325501 0.0472435 0.171144
0.186882 0.0368111 9.99641E-05 9.99641E-05 9.99641E-05 0.52412 9.99641E-05 0.101598 0.150188
9.99642E-05 0.221116 9.99642E-05 0.312899 9.99642E-05 0.241659 0.145991 0.0779346 9.99642E-05
0.168966 0.141043 0.20128 9.99821E-05 9.99821E-05 0.00575493 0.105563 0.0375973 0.339596
0.523114 9.9964E-05 0.000951763 9.9964E-05 0.0268271 0.0530479 9.9964E-05 0.395659 9.9964E-05
0.008498 0.34304 0.0899744 0.247758 9.9982E-05 9.9982E-05 0.00301508 0.123636 0.183879
9.99551E-05 0.666389 9.99551E-05 0.229633 9.99551E-05 9.99551E-05 0.050361 0.0531171 9.99551E-05
0.397895 0.0819619 9.99731E-05 9.99731E-05 0.124317 0.133981 0.136662 9.99731E-05 0.124884
0.0734021 9.9982E-05 0.355497 0.033375 0.103949 9.9982E-05 0.0193242 0.303724 0.110529
0.140879 0.199648 0.0884867 9.99641E-05 9.99641E-05 9.99641E-05 0.223709 9.99641E-05 0.346877
9.99555E-05 9.99555E-05 9.99555E-05 0.00934505 9.99555E-05 9.99555E-05 0.158965 0.792156 0.0390337
0.137786 0.455316 9.99642E-05 9.99642E-05 9.99642E-05 9.99642E-05 0.107972 0.192119 0.106406
0.17274 9.99554E-05 9.99554E-05 0.0346969 9.99554E-05 0.0385674 9.99554E-05 0.753496 9.99554E-05
9.99641E-05 0.175672 0.0464571 0.14072 9.99641E-05 9.99641E-05 9.99641E-05 0.288192 0.348559
0.0264424 0.369679 0.603279 9.99464E-05 9.99464E-05 9.99464E-05 9.99464E-05 9.99464E-05 9.99464E-05
9.99731E-05 9.99731E-05 0.014456 0.176431 0.165177 9.99731E-05 0.26021 0.162885 0.220541
0.129284 9.9973E-05 0.171947 0.0886497 0.25943 9.9973E-05 9.9973E-05 0.299481 0.0509075
9.99553E-05 9.99553E-05 0.118377 9.99553E-05 0.0688041 9.99553E-05 9.99553E-05 0.719483 0.0928359
9.99553E-05 0.0657341 9.99553E-05 9.99553E-05 9.99553E-05 9.99553E-05 0.0876862 0.609166 0.236914
0.226735 0.164919 9.99731E-05 9.99731E-05 0.012903 0.0125278 0.425783 0.156832 9.99731E-05
0.730206 9.99642E-05 0.00525577 0.0414059 9.99642E-05 9.99642E-05 0.0771091 0.145624 9.99642E-05
9.99551E-05 0.268995 0.15909 9.99551E-05 9.99551E-05 0.109067 0.462348 9.99551E-05 9.99551E-05
0.392983 9.99731E-05 0.228963 9.99731E-05 9.99731E-05 0.00679632 0.00497187 0.158391 0.207595
0.101008 9.9955E-05 0.140004 9.9955E-05 9.9955E-05 9.9955E-05 9.9955E-05 0.492389 0.266099
0.0192693 9.99642E-05 9.99642E-05 9.99642E-05 9.99642E-05 0.154507 0.318891 0.239947 0.266986
0.224827 9.9982E-05 0.0113108 0.0398604 9.9982E-05 0.329087 0.0522363 0.299487 0.0429918
9.99731E-05 0.285562 0.18195 0.00288121 0.270449 0.0836479 0.17521 9.99731E-05 9.99731E-05
0.00734112 0.34659 0.0482516 9.99551E-05 9.99551E-05 9.99551E-05 0.597318 9.99551E-05 9.99551E-05
9.99374E-05 0.139153 9.99374E-05 9.99374E-05 9.99374E-05 0.860147 9.99374E-05 9.99374E-05 9.99374E-05
0.805803 9.99375E-05 9.99375E-05 9.99375E-05 9.99375E-05 9.99375E-05 9.99375E-05 9.99375E-05 0.193497
0.633402 0.00386345 0.234879 9.99732E-05 9.99732E-05 0.0123855 0.108356 9.99732E-05 0.0068142
0.0565331 9.99641E-05 0.379323 9.99641E-05 0.155774 9.99641E-05 0.0602834 0.347686 9.99641E-05
9.9964E-05 0.212999 0.284852 9.9964E-05 9.9964E-05 0.0586762 0.29707 9.9964E-05 0.146003
0.0499388 9.99552E-05 0.272519 9.99552E-05 0.08052 9.99552E-05 9.99552E-05 0.596522 9.99552E-05
0.0476559 9.9982E-05 0.197294 0.241389 9.9982E-05 0.275613 0.00172933 0.18145 0.0546688
0.029948 0.224785 0.688058 9.9964E-05 9.9964E-05 9.9964E-05 9.9964E-05 0.0101602 0.0466492
0.0274643 0.0435558 9.9973E-05 0.0540444 9.9973E-05 0.517558 9.9973E-05 0.225141 0.131937
0.414863 9.99641E-05 0.150425 9.99641E-05 9.99641E-05 0.259007 0.111439 0.0638669 9.99641E-05
9.99372E-05 9.99372E-05 9.99372E-05 0.774925 9.99372E-05 0.224376 9.99372E-05 9.99372E-05 9.99372E-05
9.99463E-05 9.99463E-05 0.0758326 9.99463E-05 9.99463E-05 0.908165 9.99463E-05 9.99463E-05 0.0154023
9.99552E-05 9.99552E-05 0.107067 0.0509382 0.00931985 9.99552E-05 0.832176 9.99552E-05 9.99552E-05
9.99372E-05 9.99372E-05 9.99372E-05 9.99372E-05 0.93905 0.0602506 9.99372E-05 9.99372E-05 9.99372E-05
0.00134072 0.172769 0.030508 9.99731E-05 0.00152215 9.99731E-05 0.119214 0.674346 9.99731E-05
0.0932604 0.420609 0.080196 0.252735 0.00464126 0.127049 0.0213092 9.99821E-05 9.99821E-05
0.443795 0.2503 9.99641E-05 0.0711679 9.99641E-05 9.99641E-05 0.15665 0.0776872 9.99641E-05
9.99642E-05 9.99642E-05 9.99642E-05 0.0162677 0.00274083 0.12604 0.214944 0.639608 9.99642E-05
0.171011 0.702641 9.99641E-05 0.106844 0.010077 9.99641E-05 0.0090268 9.99641E-05 9.99641E-05
0.0570289 0.295092 9.99731E-05 9.99731E-05 0.449225 0.169233 0.00591203 9.99731E-05 0.0232095
0.465922 0.0939847 9.99731E-05 0.0702773 9.99731E-05 0.256669 9.99731E-05 0.0633282 0.0495188
9.99552E-05 0.34328 9.99552E-05 9.99552E-05 9.99552E-05 0.163285 9.99552E-05 0.346538 0.146398
9.99463E-05 9.99463E-05 9.99463E-05 0.243495 0.00375768 0.752148 9.99463E-05 9.99463E-05 9.99463E-05
9.99552E-05 0.197464 9.99552E-05 9.99552E-05 0.000606544 9.99552E-05 0.413082 0.388348 9.99552E-05
0.25341 9.99462E-05 9.99462E-05 9.99462E-05 9.99462E-05 0.640011 0.10598 9.99462E-05 9.99462E-05
9.99552E-05 9.99552E-05 0.557949 0.138364 0.166921 9.99552E-05 9.99552E-05 0.136267 9.99552E-05
9.99551E-05 0.142746 0.139989 9.99551E-05 9.99551E-05 9.99551E-05 9.99551E-05 0.481102 0.235663
9.99551E-05 0.116841 9.99551E-05 9.99551E-05 9.99551E-05 9.99551E-05 0.678416 0.117942 0.0863021
9.99639E-05 0.139825 9.99639E-05 0.051732 9.99639E-05 0.381151 0.231068 0.195824 9.99639E-05
0.346149 0.189811 0.0220486 9.9955E-05 9.9955E-05 9.9955E-05 9.9955E-05 0.441492 9.9955E-05
9.99731E-05 0.0164091 0.148756 0.113879 9.99731E-05 0.453229 0.154004 9.99731E-05 0.113424
0.629875 9.99463E-05 0.0755785 9.99463E-05 9.99463E-05 9.99463E-05 9.99463E-05 0.293947 9.99463E-05
9.99462E-05 0.374076 9.99462E-05 9.99462E-05 0.0961803 9.99462E-05 9.99462E-05 0.529144 9.99462E-05
0.474829 0.00696999 9.99642E-05 0.0535982 9.99642E-05 9.99642E-05 0.29509 9.99642E-05 0.169113
9.99551E-05 9.99551E-05 0.547017 9.99551E-05 9.99551E-05 0.00147805 0.00202958 0.448976 9.99551E-05
0.0490918 0.168955 0.131648 0.23618 9.9982E-05 9.9982E-05 0.231611 0.0917273 0.0905875
0.233679 0.189473 0.158124 9.99731E-05 9.99731E-05 0.246863 0.0456496 9.99731E-05 0.125911
9.99821E-05 0.28774 0.116459 0.110417 0.108311 9.99821E-05 0.053934 0.214597 0.108342
0.292318 9.99643E-05 9.99643E-05 9.99643E-05 0.401436 0.0868284 9.99643E-05 0.185695 0.033323
0.166453 0.137674 0.0281899 9.9991E-05 0.0819325 0.313564 0.1528 0.116379 0.00290837
0.0945647 9.99463E-05 0.60642 0.298416 9.99463E-05 9.99463E-05 9.99463E-05 9.99463E-05 9.99463E-05
0.225043 9.9982E-05 0.0449418 0.178377 0.0457836 9.9982E-05 0.143258 0.356686 0.00570984
9.99731E-05 0.0225619 0.21623 0.0446756 0.0534319 9.99731E-05 0.399302 0.263499 9.99731E-05
9.9973E-05 0.0146568 9.9973E-05 0.188108 0.397499 9.9973E-05 0.151298 0.0849919 0.163146
0.141737 9.99641E-05 0.0527429 9.99641E-05 0.263033 9.99641E-05 0.143202 9.99641E-05 0.398886
0.239848 0.543763 9.99552E-05 9.99552E-05 0.180717 9.99552E-05 9.99552E-05 0.0351716 9.99552E-05
9.99641E-05 0.590785 9.99641E-05 0.0620696 0.258192 9.99641E-05 9.99641E-05 0.054845 0.0337084
0.0674747 0.23186 9.99643E-05 9.99643E-05 0.315348 0.105778 9.99643E-05 0.279139 9.99643E-05
9.99463E-05 0.505726 9.99463E-05 0.297385 9.99463E-05 9.99463E-05 0.196289 9.99463E-05 9.99463E-05
9.99731E-05 0.611362 0.0122242 0.0131164 0.000687512 0.00962099 9.99731E-05 0.352688 9.99731E-05
9.99463E-05 9.99463E-05 9.99463E-05 0.45304 0.1616 9.99463E-05 9.99463E-05 0.38476 9.99463E-05
0.226216 9.99642E-05 9.99642E-05 0.33094 0.391002 9.99642E-05 0.0147214 9.99642E-05 0.0367212
0.0867803 0.0255806 0.306941 9.9991E-05 0.113108 0.0589797 0.0689179 0.174618 0.164974
9.99552E-05 9.99552E-05 0.205955 9.99552E-05 0.0250429 0.00812681 0.760376 9.99552E-05 9.99552E-05
0.267559 9.99641E-05 9.99641E-05 0.0723113 9.99641E-05 0.381144 9.99641E-05 0.201314 0.0772719
0.132306 0.398424 0.0393959 0.0575556 0.00307127 0.0531169 9.998E-05 0.315931 9.998E-05
0.0380118 9.99371E-05 9.99371E-05 9.99371E-05 9.99371E-05 9.99371E-05 9.99371E-05 9.99371E-05 0.961289
9.99642E-05 9.99642E-05 9.99642E-05 9.99642E-05 0.0716415 0.0137871 0.312298 0.562179 0.0396946
0.89147 9.99373E-05 9.99373E-05 9.99373E-05 0.107831 9.99373E-05 9.99373E-05 9.99373E-05 9.99373E-05
9.99553E-05 9.99553E-05 0.121043 0.352695 0.177702 9.99553E-05 9.99553E-05 9.99553E-05 0.34806
0.20236 0.502064 9.99642E-05 0.152436 0.0668218 9.99642E-05 0.0759173 9.99642E-05 9.99642E-05
9.99641E-05 9.99641E-05 0.258713 0.0126828 9.99641E-05 9.99641E-05 0.299705 0.27441 0.154089
9.9955E-05 0.167193 9.9955E-05 0.481164 9.9955E-05 0.0090095 9.9955E-05 0.342134 9.9955E-05
9.997E-05 0.272324 9.997E-05 0.345022 9.997E-05 0.078951 0.0543577 0.207627 0.0414181
0.774772 0.0113515 9.99464E-05 0.213277 9.99464E-05 9.99464E-05 9.99464E-05 9.99464E-05 9.99464E-05
9.99552E-05 9.99552E-05 0.388754 9.99552E-05 0.23996 9.99552E-05 9.99552E-05 0.295083 0.0757024
0.147077 9.99731E-05 9.99731E-05 0.107164 0.166512 0.0173034 0.27894 0.282704 9.99731E-05
9.99732E-05 9.99732E-05 9.99732E-05 0.0671201 0.0929807 0.156462 0.183906 0.0323979 0.466833
0.0358931 0.377062 9.99642E-05 9.99642E-05 9.99642E-05 0.069475 0.0425064 0.474663 9.99642E-05
0.27244 0.213294 0.284107 0.0207517 9.99731E-05 0.0428745 0.166232 9.99731E-05 9.99731E-05
9.993E-05 9.993E-05 9.993E-05 9.993E-05 9.993E-05 9.993E-05 9.993E-05 9.993E-05 0.999201
0.0343086 0.432104 9.99821E-05 0.0311963 9.99821E-05 0.037308 0.0406412 0.0746413 0.349601
9.99372E-05 9.99372E-05 9.99372E-05 9.99372E-05 9.99372E-05 9.99372E-05 0.405992 0.593309 9.99372E-05
9.99732E-05 0.0103101 0.477622 0.1136 9.99732E-05 9.99732E-05 0.050031 0.0879741 0.260163
9.99463E-05 0.183054 9.99463E-05 9.99463E-05 9.99463E-05 9.99463E-05 0.152528 9.99463E-05 0.663818
0.282683 0.226732 0.0702079 0.056895 9.9982E-05 9.9982E-05 0.071681 0.198529 0.0930717
0.0668727 9.99731E-05 9.99731E-05 0.193476 0.0403876 0.242853 0.0114148 0.444696 9.99731E-05
9.99463E-05 0.609497 9.99463E-05 0.177237 0.212667 9.99463E-05 9.99463E-05 9.99463E-05 9.99463E-05
0.131745 9.99554E-05 0.23317 0.0164185 9.99554E-05 9.99554E-05 9.99554E-05 0.618166 9.99554E-05
0.160109 0.0391475 0.104395 0.0453558 0.0309354 0.16186 9.999E-05 0.40047 0.0576267
9.99642E-05 0.577995 9.99642E-05 0.0667685 0.258935 0.0745364 9.99642E-05 0.0213659 9.99642E-05
9.99731E-05 0.242962 9.99731E-05 0.00427432 0.0163564 9.99731E-05 0.161786 0.49476 0.0795614
9.99731E-05 0.0727847 0.190104 0.421019 0.139641 9.99731E-05 9.99731E-05 0.162141 0.0140109
0.345916 0.215639 9.99731E-05 9.99731E-05 0.025567 0.0414146 0.090367 0.280796 9.99731E-05
9.99731E-05 0.41381 0.00798059 0.16424 0.0597935 0.0821366 9.99731E-05 0.271739 9.99731E-05
9.99553E-05 0.632925 0.0128354 0.0744425 9.99553E-05 9.99553E-05 9.99553E-05 0.279297 9.99553E-05
0.452477 0.312536 9.996E-05 9.996E-05 9.996E-05 0.0614942 0.167664 9.996E-05 0.0054283
0.0988868 9.99372E-05 9.99372E-05 9.99372E-05 0.900414 9.99372E-05 9.99372E-05 9.99372E-05 9.99372E-05
0.437376 0.129082 9.99731E-05 0.255791 0.0640322 9.99731E-05 9.99731E-05 0.0219008 0.0915174
9.99553E-05 9.99553E-05 0.414865 9.99553E-05 0.0411563 9.99553E-05 0.200093 0.343386 9.99553E-05
0.464997 9.99462E-05 9.99462E-05 9.99462E-05 9.99462E-05 9.99462E-05 0.13894 9.99462E-05 0.395463
9.99731E-05 0.138349 0.148781 9.99731E-05 0.0887633 9.99731E-05 0.242182 0.0233604 0.358264
0.2859 0.254965 0.147404 0.0348984 0.0484953 9.9982E-05 9.9982E-05 0.115631 0.112507
9.99643E-05 0.306111 9.99643E-05 0.00337129 9.99643E-05 0.00321043 0.0826278 0.60428 9.99643E-05
9.993E-05 9.993E-05 9.993E-05 9.993E-05 0.999201 9.993E-05 9.993E-05 9.993E-05 9.993E-05
9.99732E-05 0.350216 0.210304 0.058017 0.00765748 9.99732E-05 9.99732E-05 0.237189 0.136316
0.087385 0.236634 9.99552E-05 9.99552E-05 9.99552E-05 9.99552E-05 0.33591 0.339571 9.99552E-05
0.0170809 0.013521 9.99821E-05 0.0774284 0.0970548 0.115078 9.99821E-05 0.646208 0.0334283
0.468506 9.99551E-05 9.99551E-05 9.99551E-05 0.107941 0.052003 9.99551E-05 0.37105 9.99551E-05
