0.17154 0.058705 0.172514 0.492672 0.104569
0.205556 0.100791 0.0185667 0.47912 0.195966
9.999E-05 0.429871 0.298718 0.00219638 0.269114
0.0861683 0.229707 0.132437 0.285674 0.266013
0.422648 9.9991E-05 0.0238797 0.519656 0.0337164
0.473049 0.307869 0.0208854 0.198097 9.9991E-05
0.624784 9.99821E-05 0.176634 0.198382 9.99821E-05
0.274971 0.000868421 0.101658 0.622402 9.9991E-05
0.109 0.00570777 0.05216 9.99911E-05 0.833032
0.217153 0.437916 0.106114 9.99911E-05 0.238717
0.020358 0.179974 0.233158 0.32975 0.236759
0.188585 9.99821E-05 9.99821E-05 0.181753 0.629462
9.99821E-05 9.99821E-05 0.129281 0.35218 0.518339
0.478981 9.9991E-05 0.109207 0.411568 0.00014424
9.99732E-05 9.99732E-05 9.99732E-05 0.527693 0.472007
9.99821E-05 9.99821E-05 0.375831 0.57975 0.0442194
0.0380248 0.178626 0.176595 0.244987 0.361768
0.50075 0.263335 0.212509 0.0233057 9.9991E-05
9.99731E-05 9.99731E-05 9.99731E-05 0.354917 0.644783
0.178657 0.350523 0.17037 0.300349 9.99911E-05
0.505012 0.398626 0.0961613 9.99821E-05 9.99821E-05
9.9982E-05 9.9982E-05 0.140856 0.370306 0.488638
0.384995 0.296676 0.0804213 0.156463 0.081445
0.697194 9.99821E-05 0.128458 0.174148 9.99821E-05
0.117193 0.268507 0.283298 0.330902 9.9991E-05
0.0546025 9.9991E-05 0.165545 0.647066 0.132687
0.122226 0.0101322 0.291097 0.0646949 0.511851
9.99821E-05 0.202923 9.99821E-05 0.68233 0.114546
9.99821E-05 0.351643 9.99821E-05 0.379938 0.268219
9.997E-05 9.997E-05 0.9996 9.997E-05 9.997E-05
0.467747 9.99732E-05 9.99732E-05 0.531953 9.99732E-05
0.421432 9.99911E-05 0.0681619 0.253242 0.257064
9.99821E-05 0.511046 0.257701 9.99821E-05 0.231053
0.212244 9.9991E-05 0.117339 0.441717 0.228601
0.197354 0.00957952 0.173833 0.619133 9.9991E-05
0.364387 0.264462 0.00967401 0.221756 0.139721
0.416842 9.99821E-05 9.99821E-05 0.427095 0.155863
9.99821E-05 0.813759 0.139751 9.99821E-05 0.0462903
0.321347 0.00040683 0.136158 0.378315 0.163774
0.0670525 0.356497 9.9991E-05 0.413247 0.163104
0.0493757 0.0769908 0.353143 9.99911E-05 0.520391
0.680286 0.000132036 9.99821E-05 9.99821E-05 0.319382
0.437318 0.195168 0.044213 0.284229 0.0390726
9.99911E-05 0.0217068 0.0553276 0.540594 0.382272
0.0457532 0.156989 0.130674 0.289528 0.377056
0.211555 0.173661 0.175466 0.244413 0.194906
0.29521 0.0108578 0.272561 0.0467241 0.374647
0.298098 0.146266 9.99821E-05 9.99821E-05 0.555436
9.99822E-05 9.99822E-05 0.320526 0.21441 0.464864
0.263712 9.9982E-05 0.0848891 0.651199 9.9982E-05
9.9973E-05 9.9973E-05 0.230135 0.769565 9.9973E-05
0.214698 0.580865 9.99821E-05 9.99821E-05 0.204237
9.9991E-05 0.00203682 0.313791 0.0186796 0.665393
9.99821E-05 0.11016 0.320165 0.569475 9.99821E-05
0.218982 0.021348 9.99911E-05 0.284205 0.475365
0.090438 9.99821E-05 9.99821E-05 0.32875 0.580612
9.99732E-05 9.99732E-05 0.293304 0.706396 9.99732E-05
0.275358 9.99822E-05 9.99822E-05 0.153978 0.570463
0.0836541 0.142369 9.9991E-05 0.39627 0.377606
0.355752 0.377003 9.9982E-05 0.267044 9.9982E-05
9.9991E-05 0.0959975 0.0438301 0.583109 0.276964
0.582621 9.99821E-05 0.0162672 9.99821E-05 0.400912
9.99731E-05 9.99731E-05 0.000890544 9.99731E-05 0.99881
0.108038 9.99821E-05 0.766558 0.125204 9.99821E-05
0.20756 9.99911E-05 0.0944985 0.652061 0.0457806
9.99731E-05 9.99731E-05 0.346829 9.99731E-05 0.652871
0.451492 0.153077 0.0957914 0.29954 9.9991E-05
0.270764 9.99821E-05 9.99821E-05 0.131963 0.597073
9.99731E-05 9.99731E-05 9.99731E-05 0.46647 0.53323
0.0050971 0.278084 0.131399 0.385889 0.199531
0.45827 9.9991E-05 0.109926 0.0968702 0.334834
0.291129 9.99821E-05 0.108986 9.99821E-05 0.599685
0.659238 9.99733E-05 9.99733E-05 0.340462 9.99733E-05
0.202139 9.99821E-05 9.99821E-05 0.506866 0.290795
0.304663 0.0738287 0.0330022 0.588406 9.99911E-05
0.219158 9.99821E-05 9.99821E-05 0.289793 0.49085
9.99822E-05 9.99822E-05 0.321628 0.339811 0.338361
0.48401 0.0174868 0.0229356 0.164062 0.311506
0.0208432 9.99821E-05 9.99821E-05 0.543288 0.435669
0.0785546 0.0120328 9.99911E-05 0.612851 0.296462
0.383593 9.99821E-05 9.99821E-05 0.48166 0.134546
0.0878335 0.178405 0.12425 0.35843 0.251082
0.372981 0.354907 9.99821E-05 0.271911 9.99821E-05
9.99821E-05 9.99821E-05 0.475018 0.0476474 0.477135
0.664833 9.9991E-05 0.222573 0.102145 0.0103487
0.2757 0.075703 9.9991E-05 0.339448 0.30905
0.0961384 0.434892 0.0556128 9.99911E-05 0.413257
0.248142 0.00281961 0.47315 0.0642949 0.211593
9.99911E-05 0.252102 0.31361 0.290155 0.144032
9.9991E-05 0.258614 0.225283 0.0436313 0.472372
9.99732E-05 9.99732E-05 0.941221 0.0584795 9.99732E-05
0.769518 9.99821E-05 0.10809 0.122193 9.99821E-05
0.39509 9.99821E-05 0.179944 9.99821E-05 0.424766
0.0371612 0.580257 0.111659 9.9991E-05 0.270822
0.222049 9.9982E-05 0.0211325 9.9982E-05 0.756618
0.311748 0.207284 9.9991E-05 0.0931866 0.387682
0.233036 0.189475 0.271862 0.171786 0.13384
0.165259 0.0829137 0.0511856 9.9991E-05 0.700542
0.144732 9.9982E-05 0.535899 0.319169 9.9982E-05
0.297682 0.256105 0.410351 9.9991E-05 0.0357617
0.657246 0.0275857 0.00101316 0.314055 9.99911E-05
9.997E-05 9.997E-05 0.9996 9.997E-05 9.997E-05
0.00648595 0.574542 0.140909 9.99911E-05 0.277964
9.997E-05 0.9996 9.997E-05 9.997E-05 9.997E-05
9.99821E-05 0.229527 9.99821E-05 0.353784 0.416489
0.150373 9.9991E-05 0.0427788 0.286359 0.520389
0.615578 9.99821E-05 9.99821E-05 0.217274 0.166948
0.151005 0.362094 9.99821E-05 0.486701 9.99821E-05
9.99732E-05 9.99732E-05 9.99732E-05 0.642907 0.356793
9.99732E-05 0.767715 0.231985 9.99732E-05 9.99732E-05
0.463345 9.99911E-05 0.315941 0.119028 0.101587
0.111554 9.99821E-05 0.157875 0.730371 9.99821E-05
9.99821E-05 0.188445 0.506301 0.305054 9.99821E-05
9.997E-05 9.997E-05 9.997E-05 0.9996 9.997E-05
0.0662262 9.99731E-05 0.933474 9.99731E-05 9.99731E-05
9.99822E-05 0.133315 9.99822E-05 0.237617 0.628869
9.99821E-05 9.99821E-05 0.0911389 0.547212 0.361449
0.0216061 9.9991E-05 0.177275 0.183919 0.6171
9.99821E-05 9.99821E-05 0.351775 0.516645 0.131379
0.0913233 0.348114 0.0375495 0.522913 9.9991E-05
0.0425506 9.9991E-05 0.496965 0.130619 0.329766
0.625322 0.354557 0.019921 9.99821E-05 9.99821E-05
9.99821E-05 0.1659 0.0726541 0.761246 9.99821E-05
0.742454 0.0558453 9.99911E-05 0.0917928 0.109808
9.99911E-05 0.129588 0.196426 0.228585 0.445301
0.241349 0.0653029 9.9991E-05 0.378078 0.31517
0.13243 9.99821E-05 0.431482 9.99821E-05 0.435888
0.0390367 9.99821E-05 9.99821E-05 0.688802 0.271961
9.99821E-05 0.732328 0.215436 0.0520363 9.99821E-05
0.0835167 0.353839 0.232911 0.126418 0.203315
0.142305 0.0460932 9.99822E-05 9.99822E-05 0.811402
0.393361 0.122888 9.9991E-05 0.349378 0.134273
0.178204 0.0234139 9.99911E-05 0.127547 0.670736
9.99821E-05 0.544324 9.99821E-05 0.0881081 0.367368
0.0940956 0.449238 0.00230962 9.9991E-05 0.454256
0.0978851 0.388318 9.99821E-05 0.513597 9.99821E-05
9.99732E-05 0.12474 9.99732E-05 0.87496 9.99732E-05
0.0499495 0.291372 0.012893 0.645686 9.99911E-05
0.280617 9.99822E-05 9.99822E-05 0.0364645 0.682719
9.99731E-05 9.99731E-05 0.130317 0.869383 9.99731E-05
0.0680801 0.124263 0.0168639 0.514317 0.276476
0.132455 0.738774 9.99821E-05 9.99821E-05 0.128572
0.222053 0.167008 0.0521583 0.149959 0.408822
9.99822E-05 0.331399 0.129094 9.99822E-05 0.539308
0.234222 0.0569113 0.475797 0.120453 0.112617
0.0169211 0.126952 0.0241787 0.557956 0.273992
0.974055 9.99731E-05 9.99731E-05 9.99731E-05 0.0256451
0.0201922 0.416109 0.185982 0.310291 0.0674255
0.580287 9.99821E-05 0.0908844 0.328629 9.99821E-05
0.302977 0.0371412 9.99911E-05 0.185041 0.474741
0.15435 0.0546875 9.99911E-05 0.319333 0.471529
9.99731E-05 9.99731E-05 9.99731E-05 0.0905489 0.909151
0.0345065 0.0820159 9.9991E-05 0.714524 0.168854
9.99911E-05 0.118567 0.0139818 0.53436 0.332991
0.907267 9.99732E-05 0.0924329 9.99732E-05 9.99732E-05
0.172403 0.440505 9.99821E-05 9.99821E-05 0.386892
0.146882 0.478549 9.99821E-05 0.37437 9.99821E-05
0.181224 0.0431237 0.24212 0.322142 0.21139
9.99732E-05 9.99732E-05 0.000755847 0.998944 9.99732E-05
0.0931535 0.271359 0.236382 0.177094 0.222012
0.946414 9.99731E-05 9.99731E-05 9.99731E-05 0.0532856
0.181118 9.9991E-05 0.147825 0.214887 0.45607
0.34825 9.99821E-05 9.99821E-05 0.494409 0.157141
0.19533 9.99911E-05 0.028572 0.160444 0.615554
0.21986 9.99822E-05 9.99822E-05 0.0527752 0.727165
0.225762 0.13305 0.133187 0.0991513 0.40885
0.00255486 0.177816 0.0559416 0.740367 0.0233204
9.99822E-05 0.0817256 9.99822E-05 0.700383 0.217692
0.939964 0.0597363 9.99733E-05 9.99733E-05 9.99733E-05
0.227991 0.210712 9.9991E-05 0.259492 0.301705
9.99911E-05 0.166135 0.0170072 0.71205 0.104708
9.99821E-05 0.0449794 9.99821E-05 0.678275 0.276545
9.99821E-05 0.26068 9.99821E-05 0.00686463 0.732256
0.369071 0.144491 0.219276 0.219247 0.0479152
9.9991E-05 0.000732175 0.148327 0.56999 0.28085
0.063966 9.99732E-05 9.99732E-05 0.935734 9.99732E-05
0.376635 9.99911E-05 0.148622 0.301386 0.173257
0.212399 0.787301 9.99732E-05 9.99732E-05 9.99732E-05
0.282128 0.297557 9.99911E-05 0.297209 0.123007
0.0496138 0.0896129 0.137966 0.0893314 0.633476
0.552288 0.109515 9.99821E-05 9.99821E-05 0.337997
0.306886 0.183492 0.0811115 9.9991E-05 0.428411
0.474206 0.00654182 0.0604353 0.217067 0.24175
9.99821E-05 9.99821E-05 0.0131801 0.856632 0.129988
9.99731E-05 0.931837 9.99731E-05 0.0678632 9.99731E-05
9.99822E-05 0.0271077 9.99822E-05 0.337074 0.635619
0.133013 0.103299 9.9991E-05 0.416515 0.347072
0.0420865 0.39272 0.0894552 0.475638 9.9991E-05
0.471953 0.393182 0.0534215 0.0813436 9.9991E-05
