0.029157 9.9964E-05 9.9964E-05 9.9964E-05 0.0499882 0.16255 9.9964E-05 0.757905
9.9982E-05 0.0527835 9.9982E-05 0.257379 0.315561 0.102276 0.0778054 0.193995
9.999E-05 0.0140498 0.035303 0.147729 0.149771 0.325995 0.00933277 0.317719
0.0420763 9.9982E-05 0.0556131 0.297369 0.114394 9.9982E-05 0.095219 0.395129
0.108707 0.188235 0.0829717 0.338551 9.9982E-05 0.107625 9.9982E-05 0.17371
0.0297844 0.154338 0.0793746 0.586977 9.9982E-05 0.0559591 9.9982E-05 0.0933664
0.0489281 0.31426 0.0716376 9.99729E-05 9.99729E-05 0.203284 9.99729E-05 0.361591
9.999E-05 0.111511 0.0396058 0.214123 0.280275 0.0391857 0.0799091 0.235291
9.9982E-05 0.377618 0.0261567 0.325861 9.9982E-05 0.174024 0.0425235 0.0536165
0.238106 0.0785709 0.0926426 0.12882 9.9991E-05 0.239303 0.0998163 0.12264
0.211657 0.615162 9.9964E-05 9.9964E-05 0.0895061 0.0832756 9.9964E-05 9.9964E-05
9.9973E-05 0.15992 0.0417808 0.443138 9.9973E-05 0.3073 0.0475612 9.9973E-05
0.0153794 0.359396 0.0710438 0.121582 9.9991E-05 0.251897 0.00253725 0.178064
0.0521374 0.0966179 0.050376 0.200596 0.0498293 0.102203 0.12954 0.3187
9.99459E-05 0.820186 9.99459E-05 9.99459E-05 0.179215 9.99459E-05 9.99459E-05 9.99459E-05
9.9982E-05 9.9982E-05 0.0871866 0.148032 0.44971 0.095231 0.0941503 0.125489
0.0266431 0.794185 9.9973E-05 0.0409253 0.0889359 9.9973E-05 0.0490105 9.9973E-05
0.0142683 0.330341 0.107366 9.9991E-05 0.0641711 0.0280254 0.171246 0.284482
9.9964E-05 9.9964E-05 0.132615 0.525384 9.9964E-05 0.205332 9.9964E-05 0.13627
0.0320584 0.135923 0.0257224 0.145506 0.159458 0.00728641 0.107912 0.386134
0.0405333 0.184552 0.0907144 9.9982E-05 0.0294815 0.283182 9.9982E-05 0.371336
0.0105313 0.307554 0.0528911 0.127954 0.039856 0.323933 9.9991E-05 0.137181
0.023674 0.0435219 0.134348 0.173901 0.20113 0.228251 9.9991E-05 0.195074
9.9982E-05 0.155146 0.0593486 0.266496 9.9982E-05 0.110363 0.0799576 0.328488
0.234372 0.753339 0.0117898 9.9955E-05 9.9955E-05 9.9955E-05 9.9955E-05 9.9955E-05
0.0203369 0.305287 0.0324992 0.0804985 9.9982E-05 9.9982E-05 0.0621176 0.499061
0.0691547 0.130464 0.0811286 9.9991E-05 0.290949 0.342724 0.0715935 0.0138864
0.0645196 0.287285 0.0245309 0.0450189 0.111576 0.0250377 0.111481 0.330551
0.0630779 0.22506 9.9991E-05 0.193725 0.122998 0.0662254 0.110376 0.218439
0.0302227 9.99819E-05 0.0116321 0.291807 0.0442023 9.99819E-05 0.531719 0.0902169
0.122285 0.078283 0.0395181 0.524331 0.186165 0.049218 9.9982E-05 9.9982E-05
0.0395932 9.9964E-05 0.0468563 9.9964E-05 9.9964E-05 0.792163 9.9964E-05 0.120988
9.9982E-05 0.109059 0.102134 0.351809 0.0194684 9.9982E-05 0.10109 0.31624
0.102107 0.204712 0.07643 0.0531507 0.142419 0.271307 9.9991E-05 0.149774
0.147901 0.298212 0.104699 0.215036 9.9982E-05 0.0950589 9.9982E-05 0.138894
9.99461E-05 9.99461E-05 0.0581936 9.99461E-05 9.99461E-05 9.99461E-05 9.99461E-05 0.941207
0.137658 9.9973E-05 0.0124645 0.467754 0.0339494 9.9973E-05 9.9973E-05 0.347875
0.167038 0.468447 9.9982E-05 9.9982E-05 0.0761594 0.07789 0.0600803 0.150185
0.107513 9.9964E-05 0.0510813 0.751404 9.9964E-05 9.9964E-05 0.0896013 9.9964E-05
0.0730151 0.0486535 0.119507 0.166735 0.257763 0.214539 9.9991E-05 0.119687
0.0724374 0.0996834 0.107681 0.11841 0.186727 0.333492 0.0373443 0.0442253
0.118887 0.0479521 0.0457084 0.226734 0.113187 0.202402 0.0421692 0.20296
0.0278608 9.9991E-05 0.0431734 0.335922 0.170244 0.0303222 0.0495422 0.342836
9.9973E-05 9.9973E-05 9.9973E-05 0.247991 0.00142206 0.388362 0.0977844 0.264141
9.9964E-05 0.0854102 0.0523668 9.9964E-05 0.0583537 0.80347 9.9964E-05 9.9964E-05
0.162163 0.0460452 0.0316226 0.219622 9.9982E-05 0.373403 9.9982E-05 0.166944
9.9973E-05 0.180611 9.9973E-05 0.487864 0.103064 9.9973E-05 0.0932458 0.134916
0.0448288 9.9991E-05 0.068313 0.633826 0.0626774 0.124428 0.0656556 0.000171125
9.9982E-05 0.088314 0.102137 0.117777 0.0899979 0.52049 0.0810849 9.9982E-05
9.9973E-05 9.9973E-05 0.0795788 0.497794 0.275861 9.9973E-05 0.125437 0.0210296
0.0243707 0.447719 0.0752358 9.9991E-05 0.158255 0.0649884 0.0578595 0.171471
9.9973E-05 9.9973E-05 0.135661 0.602952 0.117209 9.9973E-05 0.0609318 0.0829458
0.0242559 9.9982E-05 0.023107 0.223777 0.560256 0.110057 0.0583471 9.9982E-05
0.142749 0.103404 0.0444464 0.0665112 0.281965 0.241259 0.0661881 0.0534781
9.9955E-05 9.9955E-05 9.9955E-05 9.9955E-05 0.231933 0.700615 0.0669523 9.9955E-05
9.9973E-05 0.109146 0.108804 0.527235 9.9973E-05 0.0905562 9.9973E-05 0.163958
0.0401594 9.9982E-05 0.0673403 0.0410535 0.156333 0.606258 0.0886564 9.9982E-05
0.0690592 9.9991E-05 0.0944164 0.156579 0.00868404 0.249592 0.18079 0.240779
0.0962206 0.212725 0.0370047 0.156286 0.225828 0.233474 0.0383628 9.9991E-05
0.1628 0.0343626 0.101125 0.140295 0.0507326 0.384695 9.9991E-05 0.12589
0.00887126 0.120322 0.0854989 0.464738 0.086836 0.0657143 9.9991E-05 0.16792
0.0472628 0.435824 0.088822 0.288497 0.00346535 9.9991E-05 0.059467 0.0765612
9.9973E-05 0.398068 0.0431129 0.336196 9.9973E-05 0.103658 9.9973E-05 0.118665
9.9955E-05 9.9955E-05 0.0306773 9.9955E-05 9.9955E-05 9.9955E-05 0.908049 0.060774
0.173271 0.0189953 9.9973E-05 0.294727 0.0983564 9.9973E-05 9.9973E-05 0.414351
0.00451026 9.9964E-05 0.0213566 9.9964E-05 0.0233668 9.9964E-05 9.9964E-05 0.950367
0.0770831 9.9964E-05 0.113543 9.9964E-05 9.9964E-05 0.159399 9.9964E-05 0.649575
0.0135069 0.14899 0.0533585 0.560698 0.00177722 0.181979 0.0395907 9.9991E-05
9.9973E-05 0.503453 0.0346278 0.0257685 9.9973E-05 9.9973E-05 0.00663718 0.429213
9.9982E-05 0.215085 0.113577 0.0240414 0.297839 9.9982E-05 0.161318 0.187941
0.132819 9.9973E-05 9.9973E-05 0.123855 0.0406617 0.663637 0.0387271 9.9973E-05
9.9982E-05 0.372507 0.0657292 0.00777914 0.112921 0.251896 9.9982E-05 0.188967
9.9991E-05 0.368517 0.136589 0.145274 0.0974839 0.0467007 0.024781 0.180554
9.9973E-05 0.36179 0.071557 0.106233 0.242685 0.217435 9.9973E-05 9.9973E-05
0.219638 0.233669 9.9982E-05 9.9982E-05 0.121737 0.371464 0.0317263 0.021566
0.0813966 9.9973E-05 0.0698646 0.149114 0.345199 0.354125 9.9973E-05 9.9973E-05
9.9964E-05 0.262408 0.151577 0.0730925 9.9964E-05 0.512522 9.9964E-05 9.9964E-05
0.132708 9.99729E-05 0.0860123 0.584282 0.187445 9.99729E-05 0.00925225 9.99729E-05
0.100336 9.99729E-05 9.99729E-05 0.668991 0.177286 0.0020073 9.99729E-05 0.0510798
0.070631 0.0436619 0.0745285 0.337217 0.0490468 0.381438 9.9991E-05 0.0433769
0.0655279 9.9991E-05 0.103367 0.313369 0.0903942 0.181135 0.0991661 0.14694
0.0250448 0.286909 0.0215411 0.391062 9.9982E-05 9.9982E-05 0.00897513 0.266267
0.0181628 9.9991E-05 0.0367501 0.137311 0.0490936 0.558468 0.125686 0.0744283
0.0840044 0.0119972 0.0498585 0.3924 0.383803 9.9982E-05 0.0777364 9.9982E-05
0.00948796 0.149987 0.0939324 0.190242 9.9991E-05 0.353893 0.00938426 0.192974
0.0434539 0.121912 9.9991E-05 0.0913187 0.228724 0.287911 0.0486175 0.177963
9.99639E-05 0.14065 0.0180733 0.174535 9.99639E-05 9.99639E-05 9.99639E-05 0.666342
0.0769912 9.99641E-05 0.0580495 0.712276 9.99641E-05 0.152284 9.99641E-05 9.99641E-05
0.00427836 0.541566 0.0252521 9.9982E-05 0.150957 9.9982E-05 0.103304 0.174443
9.9964E-05 0.162329 0.089998 9.9964E-05 9.9964E-05 0.40816 9.9964E-05 0.339113
9.9964E-05 0.0497179 0.00567525 9.9964E-05 0.0523805 9.9964E-05 0.891826 9.9964E-05
0.121011 0.352361 0.0295486 9.9982E-05 0.0751668 0.421466 9.9982E-05 0.000246549
9.9973E-05 9.9973E-05 0.11394 0.518293 0.00714167 9.9973E-05 0.0194707 0.340855
9.9982E-05 0.320463 0.0735964 0.149841 0.339647 0.0543245 9.9982E-05 0.0619276
0.0725163 0.0369872 0.0299496 0.459697 0.0248769 9.9991E-05 0.0786603 0.297213
0.0442472 0.0136193 9.9982E-05 0.438412 0.00350913 9.9982E-05 0.125268 0.374744
0.0583852 9.9964E-05 9.9964E-05 9.9964E-05 0.233911 0.399837 9.9964E-05 0.307467
0.00462222 9.99641E-05 0.0503456 0.316881 9.99641E-05 0.627751 9.99641E-05 9.99641E-05
9.9973E-05 0.345359 0.0776305 0.0524759 9.9973E-05 9.9973E-05 0.330734 0.193502
9.9964E-05 0.390851 9.9964E-05 0.268097 9.9964E-05 9.9964E-05 0.328014 0.0126385
0.0321426 0.161934 0.0719062 0.00925783 0.0711561 0.210996 0.13752 0.305087
9.994E-05 9.994E-05 9.994E-05 9.994E-05 9.994E-05 9.994E-05 0.9993 9.994E-05
0.10288 0.32284 0.0735128 0.239077 0.202356 9.9991E-05 0.0382111 0.0210229
0.955496 9.99549E-05 0.0178801 9.99549E-05 9.99549E-05 9.99549E-05 9.99549E-05 0.0261242
0.122371 9.9982E-05 0.090603 0.107489 0.324986 9.9982E-05 0.128238 0.226113
9.9973E-05 0.0589297 9.9973E-05 0.498472 0.324495 0.0748733 9.9973E-05 0.0429303
9.9973E-05 0.229712 9.9973E-05 0.225338 0.195549 0.130181 9.9973E-05 0.21892
0.0040052 0.169545 0.118216 9.9991E-05 0.198409 0.177857 0.0792983 0.252569
0.0859833 0.0117846 0.018636 0.327493 0.0593844 0.320634 0.175985 9.9991E-05
9.9991E-05 0.395374 0.113292 0.0507192 0.046101 0.218496 0.0185334 0.157385
0.147294 0.0395945 0.0585823 0.39936 0.143649 9.9982E-05 9.9982E-05 0.21132
0.0398224 9.9973E-05 0.137363 0.267498 9.9973E-05 0.428026 0.126991 9.9973E-05
0.0643108 9.9982E-05 9.9982E-05 0.273418 0.331364 0.102695 0.118599 0.109413
9.9964E-05 0.490336 0.0385722 9.9964E-05 9.9964E-05 0.0718545 0.398838 9.9964E-05
0.0211914 9.9991E-05 0.0236508 0.241259 0.123508 0.15338 0.115486 0.321424
9.994E-05 9.994E-05 9.994E-05 9.994E-05 9.994E-05 9.994E-05 0.9993 9.994E-05
0.151333 0.377821 9.9982E-05 0.141493 0.0162307 0.0157911 9.9982E-05 0.297132
0.00947371 0.0620924 0.0634737 9.9982E-05 0.0159003 0.215081 9.9982E-05 0.633779
0.0021863 0.102796 0.0453492 0.568354 0.112011 0.158821 0.0103822 9.9991E-05
0.0862547 0.402599 0.0944472 9.9982E-05 9.9982E-05 0.164665 0.03929 0.212545
9.9982E-05 0.144021 0.0706314 0.0620727 0.212626 0.175195 9.9982E-05 0.335254
0.0053709 0.309178 0.135645 0.123586 9.9982E-05 9.9982E-05 0.259557 0.166463
0.0588558 0.106623 0.0596781 0.0609522 9.9991E-05 0.492731 0.111378 0.109681
0.065261 0.271219 9.9964E-05 0.529739 0.133381 9.9964E-05 9.9964E-05 9.9964E-05
9.9964E-05 0.352794 0.0657001 9.9964E-05 9.9964E-05 0.554526 0.0265801 9.9964E-05
9.99641E-05 0.223455 0.0262517 0.701977 0.0479162 9.99641E-05 9.99641E-05 9.99641E-05
0.0468345 0.131373 0.0620797 0.331199 0.0723933 0.130189 0.0854178 0.140513
0.019013 0.103095 0.0249946 0.128684 0.0464517 0.36546 0.184856 0.127445
9.9973E-05 9.9973E-05 0.0751039 0.514409 0.148836 0.181641 9.9973E-05 0.0797113
0.055842 0.328721 0.0110849 9.9991E-05 0.0173253 0.152321 0.222819 0.211787
9.9955E-05 0.285417 9.9955E-05 0.105807 9.9955E-05 9.9955E-05 9.9955E-05 0.608277
9.9964E-05 9.9964E-05 0.100156 0.675373 9.9964E-05 9.9964E-05 0.0781928 0.145878
9.9964E-05 0.147891 0.0153377 0.56196 9.9964E-05 9.9964E-05 0.274412 9.9964E-05
9.9991E-05 0.137425 0.0950828 0.324425 0.172861 0.108512 0.152152 0.00944317
0.0838685 9.9982E-05 0.037077 0.433796 9.9982E-05 0.0639859 0.05511 0.325963
0.0488944 0.171208 0.170728 0.221406 0.0150287 0.307019 0.0241356 0.0415813
9.99459E-05 9.99459E-05 9.99459E-05 0.115752 0.883648 9.99459E-05 9.99459E-05 9.99459E-05
9.994E-05 9.994E-05 9.994E-05 9.994E-05 0.9993 9.994E-05 9.994E-05 9.994E-05
0.0213257 0.233139 0.0786213 0.0979621 0.135201 0.241399 0.0971018 0.0952502
0.117173 0.38892 0.0709663 0.310059 9.9982E-05 0.0379098 9.9982E-05 0.0747718
0.0551581 0.055352 0.0958592 0.385273 9.9982E-05 0.361922 9.9982E-05 0.0462359
0.107028 0.193425 0.0765585 0.444791 0.177898 9.9973E-05 9.9973E-05 9.9973E-05
0.153666 0.0472764 0.0247627 0.43852 9.9991E-05 0.222973 0.0955722 0.0171293
0.0473583 0.203939 0.053452 9.9973E-05 9.9973E-05 0.655642 9.9973E-05 0.0393088
0.0592252 0.324926 0.0687433 0.254632 0.117229 9.9991E-05 0.046134 0.129011
9.99729E-05 0.408723 0.0907034 0.00768029 9.99729E-05 9.99729E-05 0.277289 0.215305
0.0429058 0.152056 0.0802403 0.123977 0.0162868 0.321624 9.9991E-05 0.262811
9.994E-05 9.994E-05 0.9993 9.994E-05 9.994E-05 9.994E-05 9.994E-05 9.994E-05
0.0946167 0.0242414 0.0508833 0.0963962 0.0335064 0.062414 9.9991E-05 0.637842
0.231483 9.9982E-05 0.0318793 0.164136 0.1764 9.9982E-05 0.0125571 0.383344
0.0769114 0.0988532 0.0625286 0.562875 9.9982E-05 0.191966 0.00666606 9.9982E-05
0.0819974 0.339376 0.0274633 0.203613 0.107291 0.0847201 9.9991E-05 0.155439
0.00282348 0.124575 0.131987 0.154135 0.0595327 0.321651 0.0394401 0.165856
0.0276721 0.389409 0.0341669 0.0896189 0.205899 0.243781 0.00328012 0.00617288
9.9973E-05 0.122777 0.0636158 0.655884 9.9973E-05 9.9973E-05 0.0383098 0.119114
0.0795883 0.0814173 0.0507425 0.261989 0.197017 9.9991E-05 0.175963 0.153182
9.9991E-05 0.0106498 0.107602 0.212734 0.0157063 0.431282 0.00478321 0.217143
0.0965199 0.204819 0.0855162 0.113399 0.0238078 9.9991E-05 0.161434 0.314404
9.9946E-05 9.9946E-05 9.9946E-05 9.9946E-05 9.9946E-05 9.9946E-05 0.144324 0.855076
9.9991E-05 0.143806 0.0956199 0.460227 0.0178537 0.107642 0.0746883 0.100063
0.0166301 0.657471 0.0409482 9.9973E-05 9.9973E-05 9.9973E-05 0.0113656 0.273285
9.994E-05 9.994E-05 0.9993 9.994E-05 9.994E-05 9.994E-05 9.994E-05 9.994E-05
0.0206839 0.240963 0.385086 0.105783 0.129225 9.9982E-05 9.9982E-05 0.11806
0.00806138 0.0732443 9.9991E-05 0.0361877 0.521886 0.16324 0.00131004 0.19597
0.0685975 9.9991E-05 0.0624031 0.293126 0.079834 0.287593 0.0824805 0.125867
0.0636115 9.9964E-05 0.107901 9.9964E-05 9.9964E-05 9.9964E-05 0.0212143 0.806873
0.0443028 0.17789 0.0655356 0.132277 0.159981 0.216186 9.9991E-05 0.203727
0.122999 0.144019 0.0961245 0.22865 0.212487 0.184109 9.9991E-05 0.0115115
9.994E-05 9.994E-05 9.994E-05 9.994E-05 0.9993 9.994E-05 9.994E-05 9.994E-05
9.9991E-05 0.338694 0.0738873 0.133768 0.112635 0.0299293 0.0577643 0.253222
9.99729E-05 9.99729E-05 9.99729E-05 0.232221 0.177112 0.414113 0.107312 0.0689423
0.0675785 9.9982E-05 0.0687695 0.209091 0.356844 0.191682 0.105835 9.9982E-05
0.0319056 0.0721399 0.0954439 0.334565 9.9982E-05 9.9982E-05 0.105775 0.35997
0.0229273 9.9964E-05 0.0110191 9.9964E-05 0.478743 0.486911 9.9964E-05 9.9964E-05
9.9973E-05 9.9973E-05 0.0832442 0.572152 0.0760831 0.0916145 9.9973E-05 0.176607
0.0867775 0.221857 9.9982E-05 0.472294 0.0175308 0.177291 9.9982E-05 0.02405
9.9982E-05 0.314976 0.0718071 0.374768 0.113686 0.0433522 9.9982E-05 0.0812111
0.066313 9.9982E-05 9.9982E-05 0.46946 0.182061 0.169704 0.027306 0.0849558
0.9993 9.994E-05 9.994E-05 9.994E-05 9.994E-05 9.994E-05 9.994E-05 9.994E-05
0.0220047 0.241292 0.0208266 9.9991E-05 0.122651 0.513769 0.0272507 0.0521062
9.9955E-05 0.911042 0.0193264 9.9955E-05 9.9955E-05 9.9955E-05 0.0691317 9.9955E-05
9.9991E-05 0.46383 0.145359 0.036441 0.0360124 0.0774216 0.111904 0.128933
0.0618034 9.9982E-05 0.0192952 9.9982E-05 0.367393 0.13588 0.0876451 0.327783
9.9982E-05 0.00253538 9.9982E-05 0.230006 0.0633951 0.127962 0.155363 0.420539
0.0386298 9.9982E-05 0.0193539 0.304045 0.289442 9.9982E-05 0.0177795 0.330549
0.9993 9.994E-05 9.994E-05 9.994E-05 9.994E-05 9.994E-05 9.994E-05 9.994E-05
9.9982E-05 0.140195 0.0920693 0.440924 0.0314504 0.149675 9.9982E-05 0.145487
0.156704 0.0798911 0.0877937 0.177976 0.0871203 0.0176769 0.0734597 0.319378
9.99639E-05 0.256759 9.99639E-05 0.346518 0.101619 9.99639E-05 9.99639E-05 0.294704
9.9982E-05 0.11796 9.9982E-05 0.0156238 0.367525 0.266178 0.107232 0.125281
