0.149076 9.99551E-05 0.26174 0.204198 9.99551E-05 9.99551E-05 9.99551E-05 0.0588626 9.99551E-05 0.325623
0.0547322 9.99641E-05 0.285257 0.318232 9.99641E-05 9.99641E-05 9.99641E-05 0.00824932 0.323318 0.00981109
0.360565 0.458575 9.99461E-05 9.99461E-05 9.99461E-05 9.99461E-05 0.0244746 9.99461E-05 0.155785 9.99461E-05
9.99284E-05 9.99284E-05 9.99284E-05 0.820156 9.99284E-05 9.99284E-05 9.99284E-05 9.99284E-05 0.179044 9.99284E-05
0.113618 0.104071 0.0074171 0.149589 0.222981 9.9973E-05 9.9973E-05 0.167519 0.234506 9.9973E-05
0.210303 9.99551E-05 9.99551E-05 0.419686 9.99551E-05 0.0571524 9.99551E-05 9.99551E-05 0.239724 0.0726342
0.129581 9.99642E-05 0.184713 0.225729 0.160564 9.99642E-05 0.181975 0.117039 9.99642E-05 9.99642E-05
0.354391 0.0452147 0.0109079 9.99641E-05 9.99641E-05 9.99641E-05 9.99641E-05 0.0184356 0.444222 0.126429
9.99642E-05 9.99642E-05 0.310916 0.153648 0.18885 0.0251213 0.31975 9.99642E-05 0.00131473 9.99642E-05
0.043068 0.20259 9.99731E-05 9.99731E-05 0.00095131 0.068162 9.99731E-05 0.0286498 0.0761002 0.580179
9.9982E-05 0.0931371 0.00167495 0.158099 0.132937 0.340869 0.0787466 0.0593183 9.9982E-05 0.135017
9.99552E-05 9.99552E-05 0.525904 0.0917693 9.99552E-05 9.99552E-05 0.0913442 0.105981 0.184501 9.99552E-05
9.99462E-05 9.99462E-05 0.210735 0.207503 9.99462E-05 9.99462E-05 0.108736 9.99462E-05 0.472426 9.99462E-05
0.0501821 0.0986505 9.99551E-05 9.99551E-05 9.99551E-05 9.99551E-05 9.99551E-05 0.116513 0.61982 0.114335
9.99463E-05 9.99463E-05 0.395238 0.0779852 9.99463E-05 9.99463E-05 0.365883 9.99463E-05 0.160294 9.99463E-05
0.186182 0.325061 9.99641E-05 0.178539 0.0630056 9.99641E-05 9.99641E-05 0.175677 0.0711363 9.99641E-05
0.259098 9.99462E-05 9.99462E-05 0.461488 9.99462E-05 9.99462E-05 0.241446 9.99462E-05 0.0373678 9.99462E-05
0.264937 0.0730643 9.99731E-05 9.99731E-05 0.156026 0.0490721 0.238636 0.204429 9.99731E-05 0.0135368
0.0193431 9.99641E-05 0.603386 0.0892554 9.99641E-05 9.99641E-05 0.0139261 9.99641E-05 0.243762 0.0299271
0.264151 0.0482006 0.0348572 9.99641E-05 9.99641E-05 9.99641E-05 9.99641E-05 0.139243 0.433488 0.0796599
9.99463E-05 0.0579348 9.99463E-05 9.99463E-05 9.99463E-05 0.0849226 0.0319887 9.99463E-05 9.99463E-05 0.824554
0.0548651 0.151676 0.171867 0.126899 0.233834 0.0332406 0.222485 9.9982E-05 0.0049328 9.9982E-05
0.0593507 9.99552E-05 9.99552E-05 0.611174 9.99552E-05 9.99552E-05 0.195624 0.115185 0.0181672 9.99552E-05
9.99463E-05 0.202484 9.99463E-05 0.753293 0.00470971 9.99463E-05 9.99463E-05 9.99463E-05 9.99463E-05 0.0389136
0.0386716 0.104548 9.99642E-05 0.388019 9.99642E-05 0.363549 9.99642E-05 0.0822426 9.99642E-05 0.0225702
0.0276576 0.155846 0.382179 0.279205 9.99731E-05 0.0164916 9.99731E-05 0.0486255 9.99731E-05 0.0896951
9.9973E-05 0.0532828 0.227695 9.9973E-05 0.0174732 0.0555155 0.149556 0.294915 9.9973E-05 0.201263
0.24094 9.99463E-05 9.99463E-05 9.99463E-05 0.305045 0.114606 9.99463E-05 9.99463E-05 0.338809 9.99463E-05
0.199614 9.99551E-05 0.209892 9.99551E-05 0.0652951 0.314587 9.99551E-05 9.99551E-05 0.210112 9.99551E-05
9.99551E-05 0.785791 0.0205557 9.99551E-05 0.012854 9.99551E-05 0.0782817 9.99551E-05 9.99551E-05 0.102018
0.102421 9.99551E-05 9.99551E-05 9.99551E-05 0.556062 0.0133464 9.99551E-05 0.0510488 9.99551E-05 0.276622
0.0285424 0.0107666 0.0360504 9.99643E-05 9.99643E-05 9.99643E-05 0.233208 0.0753162 0.615717 9.99643E-05
9.99552E-05 0.0367035 9.99552E-05 9.99552E-05 0.181818 0.174381 0.499521 9.99552E-05 9.99552E-05 0.107077
0.118657 0.0304025 0.186057 0.100844 0.0662496 9.99641E-05 9.99641E-05 9.99641E-05 0.49739 9.99641E-05
0.148096 0.00294763 9.99551E-05 0.689379 9.99551E-05 9.99551E-05 9.99551E-05 0.143316 0.0157621 9.99551E-05
9.99462E-05 9.99462E-05 0.0514596 0.106547 9.99462E-05 9.99462E-05 9.99462E-05 9.99462E-05 0.149053 0.69234
0.246063 9.99462E-05 9.99462E-05 0.209264 0.442527 9.99462E-05 9.99462E-05 0.101547 9.99462E-05 9.99462E-05
9.99462E-05 9.99462E-05 9.99462E-05 0.327169 0.088106 0.48779 0.0963351 9.99462E-05 9.99462E-05 9.99462E-05
0.202986 9.99731E-05 0.244096 0.0931625 0.0619729 0.0765023 9.99731E-05 9.99731E-05 0.196972 0.124009
0.117736 9.99551E-05 9.99551E-05 0.413651 9.99551E-05 0.279565 9.99551E-05 0.0793529 0.109195 9.99551E-05
9.995E-05 0.214002 0.13404 9.995E-05 0.130937 9.995E-05 0.33791 9.995E-05 9.995E-05 0.182612
9.99463E-05 9.99463E-05 9.99463E-05 0.0740982 9.99463E-05 9.99463E-05 0.569593 0.00768185 9.99463E-05 0.348027
0.142431 0.0732864 9.99551E-05 0.167949 9.99551E-05 9.99551E-05 9.99551E-05 9.99551E-05 0.236883 0.378951
0.115986 9.99642E-05 0.191692 0.432062 9.99642E-05 0.109521 9.99642E-05 0.0792633 0.071076 9.99642E-05
9.99552E-05 0.0724968 0.456155 9.99552E-05 9.99552E-05 0.131667 9.99552E-05 0.0940859 0.245095 9.99552E-05
0.221019 9.99821E-05 0.0547119 0.139158 9.99821E-05 0.0111668 0.204696 0.0776463 0.220744 0.0706587
0.189541 0.0773251 0.0174242 9.99551E-05 9.99551E-05 9.99551E-05 0.65639 9.99551E-05 0.0588199 9.99551E-05
9.9973E-05 9.9973E-05 9.9973E-05 0.0613741 0.0299848 0.0701643 0.552033 0.106562 0.17257 0.00701245
0.167623 9.99464E-05 0.300195 9.99464E-05 9.99464E-05 9.99464E-05 0.334634 9.99464E-05 9.99464E-05 0.196949
0.292199 9.9964E-05 0.0657019 0.143089 9.9964E-05 9.9964E-05 9.9964E-05 0.209217 0.0535452 0.235849
0.365416 9.99282E-05 9.99282E-05 0.633784 9.99282E-05 9.99282E-05 9.99282E-05 9.99282E-05 9.99282E-05 9.99282E-05
9.99641E-05 9.99641E-05 9.99641E-05 0.136633 9.99641E-05 0.237769 0.0139082 0.0430634 0.328835 0.239391
9.99459E-05 0.112093 0.221342 0.420611 9.99459E-05 9.99459E-05 0.245355 9.99459E-05 9.99459E-05 9.99459E-05
0.0898061 0.129102 0.143704 9.99551E-05 9.99551E-05 0.345716 9.99551E-05 9.99551E-05 0.291172 9.99551E-05
9.99373E-05 9.99373E-05 9.99373E-05 9.99373E-05 0.332635 0.180296 9.99373E-05 9.99373E-05 0.48637 9.99373E-05
0.200296 9.99641E-05 0.131492 9.99641E-05 0.505701 9.99641E-05 0.0632568 0.0146743 9.99641E-05 0.0841795
0.0294129 0.0465505 0.164623 0.479661 0.128635 0.150718 9.99641E-05 9.99641E-05 9.99641E-05 9.99641E-05
9.99284E-05 9.99284E-05 9.99284E-05 9.99284E-05 0.682513 9.99284E-05 9.99284E-05 9.99284E-05 0.316688 9.99284E-05
0.00210906 9.99641E-05 0.0197835 9.99641E-05 0.15606 0.188914 9.99641E-05 0.0594937 0.57324 9.99641E-05
9.99461E-05 9.99461E-05 0.0256584 0.2215 9.99461E-05 0.129218 9.99461E-05 9.99461E-05 9.99461E-05 0.623024
0.435309 0.048945 0.103657 0.167218 0.0203203 0.113456 9.99731E-05 9.99731E-05 0.110795 9.99731E-05
9.99461E-05 9.99461E-05 9.99461E-05 0.440971 9.99461E-05 9.99461E-05 0.287891 0.219527 9.99461E-05 0.0510112
0.0176376 9.9973E-05 0.178147 0.112533 0.411008 9.9973E-05 0.245433 0.0148226 0.0201184 9.9973E-05
9.99461E-05 0.649663 0.0991689 9.99461E-05 9.99461E-05 9.99461E-05 9.99461E-05 0.0991419 9.99461E-05 0.151427
0.527851 0.124712 9.99461E-05 9.99461E-05 0.242331 9.99461E-05 0.104506 9.99461E-05 9.99461E-05 9.99461E-05
9.99641E-05 0.0819878 0.551266 9.99641E-05 9.99641E-05 0.00257172 0.0938564 9.99641E-05 0.0227105 0.247208
0.208315 9.9946E-05 9.9946E-05 0.43111 9.9946E-05 9.9946E-05 9.9946E-05 0.0158417 9.9946E-05 0.344134
0.0756642 9.99642E-05 0.105509 0.342959 9.99642E-05 9.99642E-05 0.0907173 0.191621 0.193129 9.99642E-05
0.378359 9.99461E-05 0.535023 9.99461E-05 9.99461E-05 0.00994552 0.0760726 9.99461E-05 9.99461E-05 9.99461E-05
0.117172 9.99463E-05 0.191476 9.99463E-05 9.99463E-05 0.0277958 9.99463E-05 9.99463E-05 9.99463E-05 0.662956
0.0174056 9.99642E-05 9.99642E-05 0.0384204 9.99642E-05 0.0424809 0.253623 0.136845 0.510825 9.99642E-05
9.99552E-05 9.99552E-05 0.227827 0.28452 9.99552E-05 9.99552E-05 0.374296 0.111124 0.00173222 9.99552E-05
9.99463E-05 9.99463E-05 9.99463E-05 0.00987191 0.339483 9.99463E-05 9.99463E-05 0.210483 0.439562 9.99463E-05
0.252336 9.99552E-05 0.390468 0.250229 0.0153827 9.99552E-05 9.99552E-05 0.0910849 9.99552E-05 9.99552E-05
0.290259 0.0425804 9.99465E-05 0.281019 9.99465E-05 9.99465E-05 9.99465E-05 9.99465E-05 0.385542 9.99465E-05
9.99551E-05 0.0176373 0.0340629 9.99551E-05 0.193576 9.99551E-05 9.99551E-05 0.0553109 0.698913 9.99551E-05
9.99464E-05 0.0737087 0.68678 0.0563728 9.99464E-05 9.99464E-05 0.182539 9.99464E-05 9.99464E-05 9.99464E-05
9.9982E-05 9.9982E-05 0.0141268 0.125451 0.158188 0.200158 0.0326486 0.051951 0.259495 0.157781
9.99461E-05 9.99461E-05 0.389874 9.99461E-05 9.99461E-05 0.241349 9.99461E-05 9.99461E-05 0.31969 0.0484866
0.0601133 0.044502 9.99552E-05 9.99552E-05 0.00813058 0.0157958 9.99552E-05 9.99552E-05 0.870958 9.99552E-05
0.296996 9.99462E-05 9.99462E-05 0.132911 9.99462E-05 9.99462E-05 9.99462E-05 0.391542 0.177951 9.99462E-05
0.237959 0.00695886 9.99732E-05 0.301907 9.99732E-05 0.107921 0.0803926 0.064594 0.199967 9.99732E-05
0.0397628 9.99463E-05 9.99463E-05 0.0676774 0.282899 9.99463E-05 9.99463E-05 9.99463E-05 9.99463E-05 0.609061
0.0724388 0.174923 0.256313 9.9964E-05 9.9964E-05 0.0426209 0.339067 9.9964E-05 0.114238 9.9964E-05
9.99551E-05 9.99551E-05 9.99551E-05 0.230381 9.99551E-05 9.99551E-05 0.330328 0.0923898 0.213889 0.132513
9.9964E-05 9.9964E-05 0.275859 0.199061 9.9964E-05 9.9964E-05 0.0798431 0.100314 0.0627845 0.281738
9.99642E-05 0.0675389 0.0113055 9.99642E-05 0.210516 9.99642E-05 9.99642E-05 0.00597447 0.480597 0.223667
9.99463E-05 0.183089 9.99463E-05 0.615285 9.99463E-05 0.0273434 9.99463E-05 9.99463E-05 0.173683 9.99463E-05
0.149121 0.100717 0.248132 9.99552E-05 9.99552E-05 0.267585 0.233945 9.99552E-05 9.99552E-05 9.99552E-05
0.161227 0.00750981 0.467248 9.99552E-05 9.99552E-05 0.1024 0.261115 9.99552E-05 9.99552E-05 9.99552E-05
0.0925036 0.759165 9.99374E-05 9.99374E-05 9.99374E-05 9.99374E-05 0.147631 9.99374E-05 9.99374E-05 9.99374E-05
9.99553E-05 0.060583 9.99553E-05 0.0932591 9.99553E-05 9.99553E-05 9.99553E-05 0.0662858 0.135399 0.643974
0.0546267 0.104315 9.99553E-05 0.145794 9.99553E-05 9.99553E-05 0.544648 0.150116 9.99553E-05 9.99553E-05
9.99732E-05 0.00157623 9.99732E-05 0.162445 0.0610219 0.16677 0.157995 9.99732E-05 0.224502 0.22539
9.9964E-05 0.0642356 0.0780451 9.9964E-05 0.0427747 9.9964E-05 0.477724 0.117847 0.218974 9.9964E-05
9.99371E-05 9.99371E-05 9.99371E-05 0.0442507 9.99371E-05 9.99371E-05 0.16262 9.99371E-05 0.79243 9.99371E-05
9.99551E-05 0.0467862 0.0794775 0.243901 0.233978 9.99551E-05 9.99551E-05 9.99551E-05 9.99551E-05 0.395357
9.99371E-05 9.99371E-05 0.130578 9.99371E-05 9.99371E-05 9.99371E-05 0.715806 9.99371E-05 0.152916 9.99371E-05
0.208882 0.516143 9.9964E-05 0.0429103 9.9964E-05 9.9964E-05 9.9964E-05 0.0957527 0.0890426 0.0468688
9.99462E-05 0.111158 9.99462E-05 0.583687 9.99462E-05 9.99462E-05 0.280881 9.99462E-05 9.99462E-05 0.0236741
9.99372E-05 9.99372E-05 9.99372E-05 0.216395 0.665605 9.99372E-05 9.99372E-05 9.99372E-05 9.99372E-05 0.1173
9.99463E-05 0.867997 9.99463E-05 0.0281292 9.99463E-05 0.0375035 9.99463E-05 0.0657707 9.99463E-05 9.99463E-05
9.99553E-05 9.99553E-05 9.99553E-05 0.248382 0.275463 0.261545 0.170168 9.99553E-05 9.99553E-05 0.0439417
9.99462E-05 0.00208487 9.99462E-05 0.00879153 9.99462E-05 0.982138 9.99462E-05 9.99462E-05 0.0063861 9.99462E-05
0.355379 9.99462E-05 9.99462E-05 0.144559 9.99462E-05 9.99462E-05 9.99462E-05 9.99462E-05 0.492502 0.00696047
0.0515101 9.99552E-05 0.105853 0.531032 9.99552E-05 9.99552E-05 0.220517 9.99552E-05 0.0905877 9.99552E-05
0.128276 9.99552E-05 9.99552E-05 9.99552E-05 0.0718392 9.99552E-05 0.158605 9.99552E-05 0.517964 0.122816
0.514025 9.99551E-05 9.99551E-05 0.136797 0.263686 0.0650049 9.99551E-05 9.99551E-05 9.99551E-05 0.0199868
0.516279 9.99552E-05 0.267921 0.027868 9.99552E-05 9.99552E-05 9.99552E-05 0.00784629 9.99552E-05 0.179586
0.196379 0.132117 0.112654 9.99641E-05 9.99641E-05 0.483813 9.99641E-05 0.0447139 9.99641E-05 0.029924
9.99462E-05 0.399815 9.99462E-05 9.99462E-05 0.30819 9.99462E-05 0.0964568 9.99462E-05 9.99462E-05 0.194939
9.99641E-05 0.1704 0.594216 0.0141831 9.99641E-05 9.99641E-05 9.99641E-05 0.149054 0.065874 0.00587255
0.155743 0.628554 9.99373E-05 9.99373E-05 9.99373E-05 9.99373E-05 9.99373E-05 9.99373E-05 0.215003 9.99373E-05
0.611278 0.0296702 9.996E-05 0.0401724 9.996E-05 0.0471391 9.996E-05 0.0386262 0.232714 9.996E-05
9.99283E-05 0.543735 9.99283E-05 0.455465 9.99283E-05 9.99283E-05 9.99283E-05 9.99283E-05 9.99283E-05 9.99283E-05
9.99463E-05 9.99463E-05 9.99463E-05 9.99463E-05 0.0515411 0.2166 0.214928 9.99463E-05 0.51633 9.99463E-05
9.99372E-05 9.99372E-05 0.670976 0.179275 9.99372E-05 9.99372E-05 9.99372E-05 9.99372E-05 9.99372E-05 0.14905
9.99641E-05 0.133106 0.392872 9.99641E-05 0.171879 9.99641E-05 9.99641E-05 0.0360065 0.24287 0.0228655
0.105463 0.348002 0.124969 9.99729E-05 0.139213 0.0920335 9.99729E-05 0.129109 0.0609109 9.99729E-05
0.218737 9.99641E-05 0.0898728 0.30559 9.99641E-05 0.116473 9.99641E-05 9.99641E-05 0.0989763 0.169951
9.99462E-05 0.204406 9.99462E-05 0.638838 9.99462E-05 9.99462E-05 0.12795 0.0282062 9.99462E-05 9.99462E-05
9.99374E-05 9.99374E-05 9.99374E-05 0.552947 9.99374E-05 9.99374E-05 9.99374E-05 9.99374E-05 0.372613 0.0737412
0.561858 0.0276508 9.99551E-05 0.254708 9.99551E-05 0.0500146 9.99551E-05 9.99551E-05 0.105268 9.99551E-05
0.253463 9.996E-05 9.996E-05 0.0266355 9.996E-05 9.996E-05 0.0852927 0.0747722 0.0563792 0.503057
0.0306472 0.0115035 0.0891062 0.303433 9.99642E-05 9.99642E-05 0.405091 9.99642E-05 0.15982 9.99642E-05
9.99551E-05 9.99551E-05 9.99551E-05 0.341106 0.126894 9.99551E-05 0.185575 9.99551E-05 0.227912 0.118014
9.99462E-05 0.270587 9.99462E-05 9.99462E-05 9.99462E-05 9.99462E-05 0.660872 0.0397266 0.028215 9.99462E-05
0.379509 9.99641E-05 0.205516 0.272733 9.99641E-05 0.0273121 9.99641E-05 0.0476045 0.0669266 9.99641E-05
0.0874188 0.154189 0.0412654 0.00149347 9.99642E-05 0.361191 9.99642E-05 9.99642E-05 9.99642E-05 0.354042
0.272036 0.119496 9.99731E-05 0.0963593 9.99731E-05 0.0921112 0.180974 0.142013 0.0967106 9.99731E-05
9.99373E-05 9.99373E-05 9.99373E-05 0.21725 0.177944 9.99373E-05 0.604106 9.99373E-05 9.99373E-05 9.99373E-05
0.0326551 9.9973E-05 9.9973E-05 0.373084 9.9973E-05 0.0838382 0.0482686 0.0444255 0.222117 0.195313
0.149154 9.9982E-05 0.0529334 0.0281785 0.11036 0.122408 0.261001 0.101486 0.174279 9.9982E-05
0.296489 9.99641E-05 0.0428129 0.0267769 9.99641E-05 0.193854 9.99641E-05 0.0373781 0.402289 9.99641E-05
9.99641E-05 9.99641E-05 0.0569934 9.99641E-05 9.99641E-05 0.133365 0.0269665 0.0604529 0.039334 0.682488
0.788767 9.99373E-05 9.99373E-05 0.047913 9.99373E-05 9.99373E-05 9.99373E-05 9.99373E-05 9.99373E-05 0.16262
0.999101 9.99201E-05 9.99201E-05 9.99201E-05 9.99201E-05 9.99201E-05 9.99201E-05 9.99201E-05 9.99201E-05 9.99201E-05
0.836125 0.163076 9.99284E-05 9.99284E-05 9.99284E-05 9.99284E-05 9.99284E-05 9.99284E-05 9.99284E-05 9.99284E-05
9.99642E-05 9.99642E-05 0.449786 0.0795023 9.99642E-05 0.22393 0.131268 0.0259112 0.0892033 9.99642E-05
0.258543 0.00895566 0.519687 0.148782 9.99552E-05 9.99552E-05 9.99552E-05 9.99552E-05 9.99552E-05 0.063532
0.0239546 0.00236026 0.0698654 0.158877 0.446906 0.255286 9.99731E-05 0.0424512 9.99731E-05 9.99731E-05
9.99464E-05 9.99464E-05 9.99464E-05 0.766452 0.06038 0.130595 9.99464E-05 9.99464E-05 9.99464E-05 0.0419731
0.0665759 0.0215084 9.99551E-05 9.99551E-05 9.99551E-05 9.99551E-05 0.432168 9.99551E-05 0.310002 0.169246
0.195977 9.99373E-05 9.99373E-05 9.99373E-05 9.99373E-05 0.124084 0.679239 9.99373E-05 9.99373E-05 9.99373E-05
9.99552E-05 0.439703 9.99552E-05 0.238348 9.99552E-05 9.99552E-05 9.99552E-05 0.018734 0.22644 0.0762743
0.09397 0.0779694 0.297885 0.133007 9.9964E-05 9.9964E-05 9.9964E-05 9.9964E-05 0.364469 0.0322993
9.99201E-05 9.99201E-05 9.99201E-05 9.99201E-05 9.99201E-05 9.99201E-05 9.99201E-05 0.999101 9.99201E-05 9.99201E-05
0.0788186 0.0720598 0.0900804 0.0246326 9.99731E-05 0.0180304 9.99731E-05 9.99731E-05 0.569233 0.146846
0.0234344 0.0316548 9.99642E-05 0.312345 9.99642E-05 9.99642E-05 9.99642E-05 0.0625257 0.252283 0.317358
9.99553E-05 9.99553E-05 0.0776933 9.99553E-05 0.161767 0.106081 9.99553E-05 0.354925 0.299034 9.99553E-05
9.99643E-05 0.0162925 0.208689 9.99643E-05 9.99643E-05 0.169823 9.99643E-05 0.00175531 0.408198 0.194843
9.99641E-05 9.99641E-05 0.634395 0.00913117 0.220658 9.99641E-05 0.00364894 0.0839382 0.0478281 9.99641E-05
0.492107 0.0671331 0.120847 9.9955E-05 0.280023 9.9955E-05 9.9955E-05 9.9955E-05 9.9955E-05 0.0393897
0.129656 0.148541 0.0636321 9.99641E-05 0.230058 9.99641E-05 9.99641E-05 9.99641E-05 0.326741 0.100972
9.99554E-05 0.0729097 9.99554E-05 0.560226 0.12248 9.99554E-05 9.99554E-05 0.0293493 9.99554E-05 0.214535
0.462681 9.99552E-05 9.99552E-05 9.99552E-05 9.99552E-05 0.0182726 0.267446 0.106136 0.144965 9.99552E-05
9.99462E-05 9.99462E-05 9.99462E-05 0.109954 0.0138845 0.334927 9.99462E-05 9.99462E-05 0.540635 9.99462E-05
0.230865 0.098844 0.0794167 9.99731E-05 9.99731E-05 0.153208 0.100124 0.257706 9.99731E-05 0.0795374
0.45635 0.0355351 0.416577 9.99552E-05 9.99552E-05 9.99552E-05 9.99552E-05 0.0470295 9.99552E-05 0.0440089
0.0264296 9.99552E-05 0.344394 0.334268 9.99552E-05 0.0823129 9.99552E-05 9.99552E-05 9.99552E-05 0.212095
9.99201E-05 9.99201E-05 9.99201E-05 9.99201E-05 9.99201E-05 9.99201E-05 9.99201E-05 0.999101 9.99201E-05 9.99201E-05
0.130159 0.0264985 0.342924 9.99641E-05 9.99641E-05 9.99641E-05 0.113754 0.288402 9.99641E-05 0.097863
9.99462E-05 0.0114929 9.99462E-05 0.12865 9.99462E-05 9.99462E-05 9.99462E-05 9.99462E-05 0.776881 0.0823766
9.99551E-05 9.99551E-05 0.372474 9.99551E-05 0.229103 0.0513863 0.242551 9.99551E-05 0.103986 9.99551E-05
9.99464E-05 9.99464E-05 0.144395 9.99464E-05 9.99464E-05 9.99464E-05 0.280042 0.190251 0.384713 9.99464E-05
9.99462E-05 9.99462E-05 0.0726586 0.543835 9.99462E-05 9.99462E-05 0.12241 9.99462E-05 9.99462E-05 0.260497
0.567226 0.0112193 9.99641E-05 9.99641E-05 0.206886 0.0035172 0.140802 9.99641E-05 9.99641E-05 0.0699492
0.75591 9.99375E-05 0.215777 9.99375E-05 9.99375E-05 9.99375E-05 9.99375E-05 9.99375E-05 0.0276137 9.99375E-05
9.99375E-05 9.99375E-05 9.99375E-05 0.0169362 0.412035 9.99375E-05 9.99375E-05 9.99375E-05 0.57033 9.99375E-05
9.9964E-05 9.9964E-05 9.9964E-05 0.364567 9.9964E-05 0.102645 0.0857633 0.0136853 0.359939 0.0730012
0.137453 9.99553E-05 0.437513 0.354931 9.99553E-05 9.99553E-05 9.99553E-05 0.0152948 0.054309 9.99553E-05
0.337774 9.99731E-05 0.0480179 9.99731E-05 0.108731 0.118065 0.0559735 0.0849037 0.246235 9.99731E-05
0.0279026 9.99642E-05 0.143342 0.0717262 9.99642E-05 9.99642E-05 0.0767327 0.0136568 0.66624 9.99642E-05
0.0877357 9.99373E-05 9.99373E-05 0.454801 9.99373E-05 9.99373E-05 9.99373E-05 9.99373E-05 9.99373E-05 0.456764
0.40394 9.99372E-05 0.140739 0.454622 9.99372E-05 9.99372E-05 9.99372E-05 9.99372E-05 9.99372E-05 9.99372E-05
0.410887 0.003944 0.217323 9.99642E-05 0.100336 0.014322 9.99642E-05 9.99642E-05 0.252788 9.99642E-05
9.99554E-05 0.142202 9.99554E-05 0.159238 9.99554E-05 0.0768309 9.99554E-05 9.99554E-05 0.446808 0.174421
9.99373E-05 9.99373E-05 9.99373E-05 9.99373E-05 9.99373E-05 0.923762 9.99373E-05 0.0271385 9.99373E-05 0.0483998
9.99464E-05 9.99464E-05 0.255011 0.275269 9.99464E-05 0.119355 9.99464E-05 9.99464E-05 9.99464E-05 0.349765
9.99731E-05 0.0421457 9.99731E-05 9.99731E-05 0.205031 0.0305882 0.454482 0.0173847 0.240715 0.00935401
9.99373E-05 9.99373E-05 9.99373E-05 9.99373E-05 9.99373E-05 9.99373E-05 0.277965 0.182725 9.99373E-05 0.53861
0.0146935 9.99821E-05 0.178472 9.99821E-05 0.0206615 0.0945303 0.170042 0.0914956 0.0682125 0.361693
0.0948377 9.99641E-05 0.161037 0.41172 9.99641E-05 9.99641E-05 0.0939427 0.056114 9.99641E-05 0.181949
0.235846 0.0893154 9.996E-05 0.0360773 9.996E-05 9.996E-05 9.996E-05 0.0714522 0.465595 0.101315
9.99201E-05 9.99201E-05 9.99201E-05 9.99201E-05 9.99201E-05 0.999101 9.99201E-05 9.99201E-05 9.99201E-05 9.99201E-05
9.99375E-05 9.99375E-05 0.879562 9.99375E-05 9.99375E-05 0.00158738 9.99375E-05 0.118151 9.99375E-05 9.99375E-05
0.154018 9.99462E-05 0.118685 0.124806 9.99462E-05 9.99462E-05 9.99462E-05 9.99462E-05 0.601891 9.99462E-05
9.99552E-05 9.99552E-05 0.0563993 0.21397 0.377704 0.198373 9.99552E-05 9.99552E-05 0.153054 9.99552E-05
0.115777 9.99551E-05 9.99551E-05 0.538225 9.99551E-05 0.00500813 9.99551E-05 9.99551E-05 0.242803 0.0976868
