9.99641E-05 0.0881918 0.0353163 9.99641E-05 0.319788 9.99641E-05 9.99641E-05 0.544847 0.0114569
0.0441042 0.284699 9.9982E-05 9.9982E-05 0.157188 0.111282 0.00365096 0.367628 0.0312482
0.133042 9.99642E-05 0.292072 0.224267 9.99642E-05 9.99642E-05 9.99642E-05 0.0728314 0.277388
0.0231524 9.99731E-05 9.99731E-05 0.0966524 0.115407 0.371581 9.99731E-05 0.290981 0.101926
0.139415 9.99551E-05 9.99551E-05 9.99551E-05 9.99551E-05 9.99551E-05 0.141461 0.459255 0.259369
9.99641E-05 0.0132529 9.99641E-05 0.2453 9.99641E-05 9.99641E-05 0.0066448 0.67345 0.0609524
0.135606 0.137849 9.99732E-05 9.99732E-05 9.99732E-05 0.184873 0.0459005 0.414824 0.0806465
0.0235343 9.99552E-05 0.167226 0.040087 9.99552E-05 9.99552E-05 9.99552E-05 0.768653 9.99552E-05
0.0040054 9.99821E-05 0.159056 0.0995103 0.10717 0.504002 0.0280789 9.99821E-05 0.0979767
0.0716165 0.377396 0.294861 0.171032 9.99642E-05 9.99642E-05 9.99642E-05 9.99642E-05 0.0846949
0.131755 0.0761402 0.200594 0.319623 0.14503 9.9982E-05 9.9982E-05 0.0637312 0.0629253
0.23046 9.99731E-05 9.99731E-05 9.99731E-05 0.0233303 0.405057 0.047041 0.235484 0.0583284
9.99731E-05 9.99731E-05 0.0338563 9.99731E-05 0.50968 0.188565 0.0237552 0.0651804 0.178664
0.0992695 0.0576542 9.99641E-05 9.99641E-05 9.99641E-05 0.0471579 0.233968 0.56155 9.99641E-05
9.99553E-05 9.99553E-05 9.99553E-05 0.0912324 0.00796644 0.66267 9.99553E-05 0.237631 9.99553E-05
0.334299 9.99731E-05 9.99731E-05 0.0164439 9.99731E-05 0.0150116 0.107635 0.323075 0.203235
9.99731E-05 0.1525 9.99731E-05 0.158787 9.99731E-05 0.401303 0.159451 0.105059 0.0225993
0.193627 0.344945 0.0128668 0.0822442 9.99821E-05 9.99821E-05 0.0228934 0.315869 0.0273547
9.99463E-05 9.99463E-05 0.112813 9.99463E-05 0.704449 0.182138 9.99463E-05 9.99463E-05 9.99463E-05
0.110123 0.125193 9.9973E-05 0.102407 0.121362 0.319995 9.9973E-05 0.220621 9.9973E-05
0.0461535 0.914476 9.99462E-05 0.0387713 9.99462E-05 9.99462E-05 9.99462E-05 9.99462E-05 9.99462E-05
0.0450553 9.9982E-05 0.285394 0.0250069 0.283946 0.101578 0.0331163 9.9982E-05 0.225703
0.0281278 9.99641E-05 9.99641E-05 0.120038 9.99641E-05 0.408459 9.99641E-05 0.246834 0.196141
0.0614288 9.99462E-05 9.99462E-05 9.99462E-05 0.2796 9.99462E-05 9.99462E-05 9.99462E-05 0.658372
0.140474 0.0615846 0.00568012 0.309515 0.103836 9.9982E-05 9.9982E-05 0.0809685 0.297742
0.0177196 0.0509627 9.9973E-05 9.9973E-05 0.11451 9.9973E-05 0.129493 0.309751 0.377264
0.272887 0.254086 0.360765 0.00663673 0.0724929 9.9982E-05 0.00698715 9.9982E-05 0.0259464
9.99464E-05 9.99464E-05 9.99464E-05 9.99464E-05 0.94379 9.99464E-05 0.0495939 0.00601674 9.99464E-05
9.9964E-05 9.9964E-05 0.21519 0.251435 0.270913 9.9964E-05 0.0382269 0.223836 9.9964E-05
9.99641E-05 9.99641E-05 0.193226 0.0467284 9.99641E-05 9.99641E-05 0.0112298 0.0323495 0.716066
0.0938116 0.315685 9.99552E-05 9.99552E-05 0.276692 9.99552E-05 0.313312 9.99552E-05 9.99552E-05
0.159002 9.99641E-05 0.159193 0.0991046 9.99641E-05 9.99641E-05 9.99641E-05 0.409409 0.172892
9.996E-05 0.396695 0.257941 0.213023 0.0602774 9.996E-05 9.996E-05 9.996E-05 0.0716634
0.0160559 9.99821E-05 0.164142 9.99821E-05 0.312045 0.0229836 0.00304644 0.431433 0.0500929
0.164273 0.0195945 9.9964E-05 9.9964E-05 0.0415161 9.9964E-05 9.9964E-05 0.49194 0.282276
9.99373E-05 0.675161 9.99373E-05 9.99373E-05 9.99373E-05 9.99373E-05 9.99373E-05 0.32414 9.99373E-05
0.213399 0.02068 9.99731E-05 9.99731E-05 0.213219 9.99731E-05 0.265388 0.280648 0.006367
9.99552E-05 0.140828 9.99552E-05 0.42627 0.200823 9.99552E-05 9.99552E-05 9.99552E-05 0.231581
0.315536 9.99641E-05 9.99641E-05 0.0683357 0.300046 9.99641E-05 9.99641E-05 0.249901 0.0657816
0.196938 9.99551E-05 9.99551E-05 0.109681 0.452609 9.99551E-05 9.99551E-05 0.240273 9.99551E-05
9.99727E-05 0.0701348 0.369799 9.99727E-05 0.135081 9.99727E-05 0.219132 9.99727E-05 0.205453
0.147928 0.360025 0.24277 0.0411687 9.99731E-05 0.142744 9.99731E-05 9.99731E-05 0.0650637
9.9982E-05 0.180829 0.210858 0.00309313 9.9982E-05 0.00672448 0.0717847 0.479415 0.0470956
0.113797 9.99732E-05 9.99732E-05 0.0537446 0.525396 0.107235 0.0522819 0.147245 9.99732E-05
0.215985 9.99731E-05 0.0699441 0.136296 0.141729 9.99731E-05 9.99731E-05 0.377717 0.05803
0.094379 9.99642E-05 9.99642E-05 0.059044 0.0170693 0.260119 9.99642E-05 0.568989 9.99642E-05
9.99551E-05 0.381726 0.164141 9.99551E-05 9.99551E-05 0.329847 9.99551E-05 0.123786 9.99551E-05
0.231805 0.027663 0.402691 0.105656 9.9982E-05 0.0698033 0.0449298 0.117252 9.9982E-05
9.99465E-05 9.99465E-05 0.484411 9.99465E-05 9.99465E-05 0.199177 9.99465E-05 0.315812 9.99465E-05
0.115214 0.0554109 9.99462E-05 9.99462E-05 9.99462E-05 9.99462E-05 9.99462E-05 0.828776 9.99462E-05
9.9964E-05 9.9964E-05 9.9964E-05 0.0630257 0.0219185 0.118694 9.9964E-05 0.552035 0.243927
0.106338 0.173981 0.00325216 0.365831 9.9991E-05 0.20051 0.0154688 0.104154 0.0303659
9.99641E-05 9.99641E-05 0.287984 9.99641E-05 9.99641E-05 0.230324 0.0515783 0.0826655 0.347048
0.00611008 9.99642E-05 9.99642E-05 0.211245 0.20817 9.99642E-05 9.99642E-05 0.487089 0.0869854
0.0272926 9.99551E-05 9.99551E-05 0.0329915 9.99551E-05 0.00324308 0.935973 9.99551E-05 9.99551E-05
0.052492 0.00643432 0.0672048 9.99731E-05 9.99731E-05 0.0849091 0.62136 0.1673 9.99731E-05
9.9982E-05 0.0122231 0.0475725 9.9982E-05 0.319276 0.196443 0.161058 0.0973594 0.165869
9.99464E-05 9.99464E-05 0.0209757 9.99464E-05 9.99464E-05 0.0329236 0.945501 9.99464E-05 9.99464E-05
0.038046 9.9973E-05 0.109147 9.9973E-05 0.246839 0.144511 0.37549 0.0856675 9.9973E-05
0.0998286 0.460944 9.9964E-05 0.0450158 0.17819 9.9964E-05 9.9964E-05 0.215622 9.9964E-05
9.99642E-05 9.99642E-05 0.0954158 0.0520042 0.637475 0.0417785 9.99642E-05 0.172927 9.99642E-05
0.345287 0.0959011 0.0924279 9.99641E-05 9.99641E-05 0.397081 9.99641E-05 0.0689036 9.99641E-05
0.055974 0.0538704 0.518587 9.9973E-05 0.130148 0.0530597 0.188061 9.9973E-05 9.9973E-05
0.0113398 0.126697 0.100137 9.99642E-05 9.99642E-05 9.99642E-05 9.99642E-05 0.161618 0.599807
9.999E-05 0.0126739 0.166787 0.0041138 0.00437644 0.0481617 0.139641 0.550536 0.0736107
0.076021 0.0558722 0.593896 9.9991E-05 0.0870618 0.0167872 0.000799461 0.165996 0.0034658
0.0503202 0.168165 9.99552E-05 0.114309 9.99552E-05 9.99552E-05 9.99552E-05 0.666706 9.99552E-05
0.252121 9.99551E-05 9.99551E-05 9.99551E-05 0.114107 0.425943 9.99551E-05 0.207329 9.99551E-05
0.0944942 9.99551E-05 0.198511 9.99551E-05 0.464108 9.99551E-05 9.99551E-05 0.242387 9.99551E-05
9.99462E-05 0.481369 0.223932 9.99462E-05 0.2941 9.99462E-05 9.99462E-05 9.99462E-05 9.99462E-05
0.247107 0.0579624 9.99641E-05 0.222768 9.99641E-05 0.316215 9.99641E-05 0.155548 9.99641E-05
0.148846 9.99731E-05 0.539318 9.99731E-05 0.0348243 0.189739 9.99731E-05 0.0120983 0.0748741
0.0796878 9.99464E-05 9.99464E-05 9.99464E-05 9.99464E-05 9.99464E-05 0.677335 0.242378 9.99464E-05
0.313311 9.99553E-05 0.0916223 9.99553E-05 0.255702 9.99553E-05 9.99553E-05 0.338865 9.99553E-05
9.99377E-05 9.99377E-05 9.99377E-05 9.99377E-05 0.19589 9.99377E-05 9.99377E-05 0.80341 9.99377E-05
0.0606007 9.9973E-05 0.0505506 9.9973E-05 0.134345 0.272265 0.352022 0.129917 9.9973E-05
9.99554E-05 9.99554E-05 0.117658 9.99554E-05 0.0479928 0.721966 9.99554E-05 9.99554E-05 0.111883
0.187434 9.9964E-05 0.215598 0.0933981 0.403261 0.0999102 9.9964E-05 9.9964E-05 9.9964E-05
0.0376069 9.99731E-05 0.0769272 0.0370309 0.748908 0.0303096 9.99731E-05 0.0689173 9.99731E-05
0.0790797 9.99821E-05 9.99821E-05 0.00149452 0.322002 0.116028 0.121015 0.34263 0.0175507
0.322003 9.99552E-05 0.137079 9.99552E-05 0.0143424 9.99552E-05 9.99552E-05 0.526076 9.99552E-05
9.99642E-05 9.99642E-05 0.227622 0.196333 9.99642E-05 0.0540046 9.99642E-05 0.343536 0.178105
9.99463E-05 0.7907 9.99463E-05 9.99463E-05 0.200912 9.99463E-05 9.99463E-05 0.00778926 9.99463E-05
9.995E-05 9.995E-05 0.383427 0.147636 9.995E-05 9.995E-05 9.995E-05 0.190231 0.278207
0.271164 0.029041 9.99552E-05 9.99552E-05 9.99552E-05 0.270327 9.99552E-05 0.428968 9.99552E-05
0.179339 0.338827 0.00875413 0.00799985 0.0663763 0.149803 9.9982E-05 0.248701 9.9982E-05
0.0355721 0.436102 0.180725 9.99731E-05 0.274996 9.99731E-05 0.0241662 9.99731E-05 0.0481389
0.00939418 9.99641E-05 0.157364 9.99641E-05 9.99641E-05 0.0298851 9.99641E-05 0.253736 0.549221
9.99732E-05 0.0261104 9.99732E-05 0.200811 0.226612 0.150903 9.99732E-05 0.184907 0.210356
9.99551E-05 0.142402 0.472944 0.218942 9.99551E-05 9.99551E-05 9.99551E-05 0.165212 9.99551E-05
9.993E-05 9.993E-05 9.993E-05 9.993E-05 9.993E-05 9.993E-05 9.993E-05 9.993E-05 0.999201
0.0449413 0.543626 9.99732E-05 9.99732E-05 9.99732E-05 0.0690711 0.0720414 0.19696 0.073061
0.190387 0.0596729 0.286711 0.162106 9.99821E-05 0.250019 0.0208649 0.0300395 9.99821E-05
9.99641E-05 0.322672 0.0420314 0.356757 9.99641E-05 9.99641E-05 9.99641E-05 0.124635 0.153504
0.23024 0.00221815 0.48478 9.9973E-05 0.0443345 0.198505 9.9973E-05 9.9973E-05 0.039623
0.0517291 9.99731E-05 9.99731E-05 0.264035 0.184925 0.250142 9.99731E-05 0.235251 0.0136187
9.99552E-05 0.799264 9.99552E-05 9.99552E-05 9.99552E-05 9.99552E-05 0.0915947 0.0248275 0.0838144
9.99551E-05 0.0121386 0.0899406 9.99551E-05 9.99551E-05 0.815449 9.99551E-05 0.0819718 9.99551E-05
0.129927 0.0591536 9.99641E-05 9.99641E-05 0.209491 9.99641E-05 9.99641E-05 0.0822489 0.51878
0.0546023 0.185966 9.9991E-05 0.0554261 0.00791731 0.169513 0.0104739 0.102898 0.413104
0.0742895 0.355407 9.99731E-05 9.99731E-05 0.0914545 0.152413 0.269188 9.99731E-05 0.0569484
0.110495 9.99463E-05 9.99463E-05 0.0288003 9.99463E-05 9.99463E-05 9.99463E-05 9.99463E-05 0.860105
9.99731E-05 0.481175 0.160344 0.135428 0.14299 0.0112383 9.99731E-05 9.99731E-05 0.0685251
9.993E-05 9.993E-05 9.993E-05 0.999201 9.993E-05 9.993E-05 9.993E-05 9.993E-05 9.993E-05
9.99641E-05 9.99641E-05 0.153804 0.0384024 0.143409 0.103236 9.99641E-05 0.560749 9.99641E-05
9.99462E-05 9.99462E-05 9.99462E-05 9.99462E-05 9.99462E-05 0.630994 9.99462E-05 0.202382 0.166024
9.99551E-05 0.07133 0.213821 9.99551E-05 9.99551E-05 9.99551E-05 0.285083 0.429267 9.99551E-05
9.99642E-05 9.99642E-05 0.105615 0.224682 0.307357 9.99642E-05 9.99642E-05 0.352414 0.00953291
9.99642E-05 0.0579193 9.99642E-05 0.0523278 0.30751 0.157649 9.99642E-05 0.424195 9.99642E-05
0.130429 0.195726 9.997E-05 0.40476 0.0455289 9.997E-05 9.997E-05 0.165166 0.0580909
9.99553E-05 0.38514 9.99553E-05 9.99553E-05 0.016411 9.99553E-05 0.0573326 9.99553E-05 0.540616
0.0849716 0.0196785 9.99642E-05 9.99642E-05 9.99642E-05 0.0268677 9.99642E-05 0.81668 0.0514022
9.99553E-05 0.0074138 9.99553E-05 9.99553E-05 0.224105 9.99553E-05 0.0469121 9.99553E-05 0.721069
9.99552E-05 9.99552E-05 0.135067 0.0554145 0.186693 9.99552E-05 9.99552E-05 0.622326 9.99552E-05
9.99372E-05 9.99372E-05 0.0775835 9.99372E-05 9.99372E-05 9.99372E-05 9.99372E-05 9.99372E-05 0.921717
9.99552E-05 9.99552E-05 9.99552E-05 0.452709 0.030257 0.437468 0.0790667 9.99552E-05 9.99552E-05
0.0211035 9.99731E-05 0.044196 9.99731E-05 0.0958697 0.386954 9.99731E-05 0.416578 0.0349987
0.0704195 9.99641E-05 0.724448 9.99641E-05 0.0172105 9.99641E-05 0.0119704 0.175552 9.99641E-05
9.99551E-05 9.99551E-05 0.270636 9.99551E-05 0.0292131 9.99551E-05 0.286039 9.99551E-05 0.413612
0.00900271 0.14722 9.99641E-05 0.12839 0.216441 9.99641E-05 9.99641E-05 0.498546 9.99641E-05
0.042075 0.0669658 9.99641E-05 9.99641E-05 9.99641E-05 0.242627 9.99641E-05 0.117478 0.530455
9.99821E-05 0.00555982 9.99821E-05 0.08472 0.234201 0.0635414 0.204623 0.320091 0.0870646
9.99373E-05 9.99373E-05 9.99373E-05 0.204485 9.99373E-05 9.99373E-05 9.99373E-05 0.794816 9.99373E-05
0.14515 0.645462 9.99463E-05 9.99463E-05 9.99463E-05 9.99463E-05 9.99463E-05 0.208789 9.99463E-05
9.99731E-05 0.180678 0.096782 0.0795713 9.99731E-05 0.349455 9.99731E-05 0.168096 0.125117
9.9964E-05 0.259174 0.0864174 9.9964E-05 0.0218826 0.27087 9.9964E-05 0.361256 9.9964E-05
0.0283267 9.99642E-05 0.634749 9.99642E-05 9.99642E-05 0.0935168 9.99642E-05 0.0329494 0.210058
0.113392 9.99731E-05 9.99731E-05 0.0678842 0.254832 0.158403 0.0762888 0.3289 9.99731E-05
9.99553E-05 0.133752 9.99553E-05 0.302026 0.419533 9.99553E-05 9.99553E-05 9.99553E-05 0.144189
0.152761 0.262736 9.99731E-05 0.216668 9.99731E-05 0.0788024 9.99731E-05 0.135842 0.152892
9.99374E-05 0.0544885 9.99374E-05 9.99374E-05 9.99374E-05 0.944812 9.99374E-05 9.99374E-05 9.99374E-05
9.9964E-05 0.203982 9.9964E-05 0.0894384 9.9964E-05 9.9964E-05 0.028563 0.660411 0.0172053
0.0827239 9.99641E-05 0.515283 0.129332 9.99641E-05 0.198927 9.99641E-05 0.0733342 9.99641E-05
0.175339 0.14964 9.99641E-05 0.308137 0.306093 0.0603913 9.99641E-05 9.99641E-05 9.99641E-05
0.102078 0.575389 0.214254 0.10778 9.99552E-05 9.99552E-05 9.99552E-05 9.99552E-05 9.99552E-05
9.99373E-05 0.291971 9.99373E-05 9.99373E-05 9.99373E-05 9.99373E-05 9.99373E-05 0.707329 9.99373E-05
9.99732E-05 0.0497042 0.0816415 0.0311 0.0559307 9.99732E-05 0.0723127 0.709011 9.99732E-05
9.99465E-05 9.99465E-05 9.99465E-05 0.239586 0.164132 9.99465E-05 9.99465E-05 0.595682 9.99465E-05
0.141939 0.105102 0.0364927 9.99642E-05 0.478086 0.23798 9.99642E-05 9.99642E-05 9.99642E-05
9.99375E-05 9.99375E-05 9.99375E-05 9.99375E-05 0.240384 9.99375E-05 9.99375E-05 0.758917 9.99375E-05
9.99732E-05 0.135021 9.99732E-05 0.071948 0.243907 9.99732E-05 0.351294 0.151561 0.045969
9.99731E-05 0.46039 9.99731E-05 0.309204 0.0332952 9.99731E-05 0.0500759 0.0183205 0.128414
0.121628 0.286406 0.20584 0.0430192 0.168167 0.134733 9.9982E-05 9.9982E-05 0.0400084
9.99552E-05 9.99552E-05 0.625565 0.263807 9.99552E-05 0.0787586 9.99552E-05 9.99552E-05 0.0313703
0.191828 9.99551E-05 9.99551E-05 9.99551E-05 0.111278 0.152572 9.99551E-05 9.99551E-05 0.543822
9.9964E-05 0.0118915 9.9964E-05 9.9964E-05 0.460859 0.28149 9.9964E-05 0.141571 0.103789
0.999201 9.993E-05 9.993E-05 9.993E-05 9.993E-05 9.993E-05 9.993E-05 9.993E-05 9.993E-05
9.99731E-05 0.00784754 0.0316595 0.191523 0.247631 9.99731E-05 9.99731E-05 0.498304 0.0227351
0.114189 0.280068 9.99821E-05 0.039767 0.0155023 9.99821E-05 0.16066 0.137744 0.25187
0.506717 9.99552E-05 9.99552E-05 9.99552E-05 0.138171 0.318787 0.0358254 9.99552E-05 9.99552E-05
0.214797 9.99553E-05 0.118163 9.99553E-05 0.625532 9.99553E-05 0.0410082 9.99553E-05 9.99553E-05
9.99641E-05 0.00841669 0.583435 9.99641E-05 9.99641E-05 0.1832 0.12095 0.103599 9.99641E-05
9.9973E-05 0.072108 0.0310434 9.9973E-05 0.189522 9.9973E-05 0.45297 0.132092 0.121965
0.0353506 0.0508428 0.100502 9.99731E-05 0.583568 9.99731E-05 9.99731E-05 0.159972 0.0694656
0.0960049 0.284028 9.99643E-05 9.99643E-05 9.99643E-05 9.99643E-05 0.00128627 0.436512 0.181769
0.118297 0.0287029 9.99732E-05 0.314024 9.99732E-05 0.198049 0.0647123 0.275915 9.99732E-05
0.00408057 9.99642E-05 9.99642E-05 0.400994 0.32536 9.99642E-05 0.083369 9.99642E-05 0.185797
0.193534 9.995E-05 0.446881 0.0870604 9.995E-05 9.995E-05 9.995E-05 0.272025 9.995E-05
9.99464E-05 9.99464E-05 9.99464E-05 9.99464E-05 0.301136 0.00531602 9.99464E-05 0.692948 9.99464E-05
9.99641E-05 0.255151 9.99641E-05 9.99641E-05 0.211071 0.284591 9.99641E-05 0.146869 0.101918
0.999201 9.993E-05 9.993E-05 9.993E-05 9.993E-05 9.993E-05 9.993E-05 9.993E-05 9.993E-05
0.297591 9.99553E-05 0.226896 9.99553E-05 0.0165422 9.99553E-05 9.99553E-05 0.458471 9.99553E-05
0.0113987 9.99642E-05 0.222098 9.99642E-05 0.150304 9.99642E-05 9.99642E-05 0.544532 0.0712681
9.99642E-05 0.016683 0.124598 9.99642E-05 9.99642E-05 0.573684 0.227883 0.0567529 9.99642E-05
0.19203 9.99553E-05 0.55894 9.99553E-05 9.99553E-05 0.0686023 9.99553E-05 0.179928 9.99553E-05
9.99641E-05 0.239805 0.151669 9.99641E-05 9.99641E-05 0.0117669 9.99641E-05 0.513668 0.0826911
9.99731E-05 0.00486419 0.199827 9.99731E-05 0.217238 9.99731E-05 0.222816 0.34895 0.00600611
9.99643E-05 9.99643E-05 9.99643E-05 0.00396998 0.587029 0.0554086 0.221651 0.131541 9.99643E-05
0.13625 9.99553E-05 9.99553E-05 9.99553E-05 9.99553E-05 0.0767457 0.526866 0.259638 9.99553E-05
0.147788 0.0317795 9.9982E-05 0.190333 0.186163 0.156116 9.9982E-05 0.147599 0.140021
0.0599557 9.99732E-05 9.99732E-05 0.0118466 0.500638 0.195159 9.99732E-05 0.195149 0.0369521
9.99731E-05 0.0344585 0.00589388 0.121714 0.242158 9.99731E-05 0.202832 0.392644 9.99731E-05
0.0189252 9.99641E-05 9.99641E-05 0.187128 0.0620312 0.50044 0.231076 9.99641E-05 9.99641E-05
0.0886494 0.105164 0.0543678 9.99821E-05 0.00919868 0.0636243 9.99821E-05 0.52444 0.154356
9.99552E-05 9.99552E-05 9.99552E-05 9.99552E-05 0.132579 0.117156 9.99552E-05 0.673821 0.0759447
9.99464E-05 9.99464E-05 0.0292357 9.99464E-05 9.99464E-05 9.99464E-05 0.282118 0.688047 9.99464E-05
0.122402 0.165061 0.0459335 9.998E-05 0.176667 0.212937 9.998E-05 0.0975562 0.179244
0.132942 0.00133153 9.99463E-05 0.865127 9.99463E-05 9.99463E-05 9.99463E-05 9.99463E-05 9.99463E-05
9.99373E-05 0.67422 9.99373E-05 9.99373E-05 0.325081 9.99373E-05 9.99373E-05 9.99373E-05 9.99373E-05
9.99642E-05 0.121133 0.443568 0.0949926 0.0179106 0.321996 9.99642E-05 9.99642E-05 9.99642E-05
0.289084 0.376026 0.135962 9.99553E-05 9.99553E-05 0.198428 9.99553E-05 9.99553E-05 9.99553E-05
0.126111 0.453226 9.99821E-05 0.0176234 0.10727 0.0358612 0.185422 9.99821E-05 0.0742863
0.116666 0.227132 0.0732422 9.99641E-05 9.99641E-05 0.0329568 9.99641E-05 0.549603 9.99641E-05
0.0122031 9.99822E-05 0.00623656 9.99822E-05 0.357345 0.0587206 0.0357479 0.503367 0.0261801
9.993E-05 9.993E-05 9.993E-05 0.999201 9.993E-05 9.993E-05 9.993E-05 9.993E-05 9.993E-05
0.23196 9.99553E-05 0.282262 9.99553E-05 0.437995 9.99553E-05 9.99553E-05 0.0472837 9.99553E-05
9.99731E-05 9.99731E-05 0.0738922 0.159425 0.218053 0.0835488 0.0387976 0.425984 9.99731E-05
0.11563 9.99462E-05 9.99462E-05 9.99462E-05 0.785284 9.99462E-05 9.99462E-05 9.99462E-05 0.0984863
0.0181869 0.293628 9.9982E-05 0.129125 9.9982E-05 0.0123141 0.154374 0.331037 0.0611354
