0.11343 0.181955 9.9973E-05 0.00451765 9.9973E-05 0.207868 9.9973E-05 0.180178 0.208129 0.103622
0.114667 0.484373 9.99549E-05 0.00930213 9.99549E-05 0.312543 9.99549E-05 9.99549E-05 9.99549E-05 0.0786154
0.0992654 0.155627 0.257158 0.144691 9.99731E-05 0.20201 9.99731E-05 0.0672873 9.99731E-05 0.0736608
9.994E-05 9.994E-05 0.104684 0.07831 9.994E-05 0.24569 9.994E-05 0.570716 9.994E-05 9.994E-05
0.0642945 9.99552E-05 9.99552E-05 0.167229 0.0527776 9.99552E-05 9.99552E-05 0.459528 9.99552E-05 0.255671
9.99372E-05 9.99372E-05 0.123718 9.99372E-05 0.0492468 9.99372E-05 9.99372E-05 0.826336 9.99372E-05 9.99372E-05
0.0162513 0.00395291 9.99821E-05 0.0401474 0.238235 9.99821E-05 0.123966 0.296055 0.201731 0.0794606
0.184499 9.99641E-05 0.039994 0.0900441 9.99641E-05 9.99641E-05 0.045819 0.330317 0.308927 9.99641E-05
9.99462E-05 9.99462E-05 9.99462E-05 9.99462E-05 0.266498 0.360193 0.00431901 9.99462E-05 0.36839 9.99462E-05
0.141217 9.99641E-05 0.189152 0.0838198 9.99641E-05 9.99641E-05 0.45377 0.12608 9.99641E-05 0.00556214
9.9964E-05 9.9964E-05 0.431446 0.193235 9.9964E-05 0.0288391 0.257279 0.078033 9.9964E-05 0.0107672
9.99463E-05 9.99463E-05 9.99463E-05 0.0912766 9.99463E-05 0.211659 9.99463E-05 0.0690506 0.627414 9.99463E-05
9.99373E-05 9.99373E-05 9.99373E-05 9.99373E-05 9.99373E-05 9.99373E-05 0.0121173 0.253876 0.733307 9.99373E-05
0.106605 0.0206704 0.0384856 0.208844 0.105798 0.0436488 9.9982E-05 0.469274 9.9982E-05 0.00647465
0.0280924 9.99553E-05 0.0122486 9.99553E-05 0.00151262 0.882694 9.99553E-05 9.99553E-05 0.0749525 9.99553E-05
0.0426324 9.99552E-05 9.99552E-05 0.207392 9.99552E-05 0.117775 9.99552E-05 0.375412 9.99552E-05 0.256289
0.0305823 0.284876 9.99641E-05 9.99641E-05 9.99641E-05 0.426468 0.0151432 0.161212 9.99641E-05 0.0813193
9.99642E-05 0.0506203 0.109332 0.302403 9.99642E-05 0.197051 0.0581926 0.282001 9.99642E-05 9.99642E-05
9.99372E-05 0.472405 9.99372E-05 9.99372E-05 9.99372E-05 0.092999 9.99372E-05 9.99372E-05 0.433896 9.99372E-05
0.262089 0.333842 9.9973E-05 9.9973E-05 9.9973E-05 0.0220645 0.157663 0.150206 0.0382128 0.0356233
9.99462E-05 9.99462E-05 0.24067 0.0565582 9.99462E-05 9.99462E-05 0.614578 0.0875932 9.99462E-05 9.99462E-05
0.158239 9.9964E-05 0.0126242 9.9964E-05 0.0776921 9.9964E-05 0.103103 9.9964E-05 0.511941 0.136001
9.99552E-05 0.117848 9.99552E-05 0.126058 9.99552E-05 0.169303 9.99552E-05 0.495974 9.99552E-05 0.0903164
9.99372E-05 9.99372E-05 9.99372E-05 9.99372E-05 0.365574 9.99372E-05 9.99372E-05 0.24355 9.99372E-05 0.390177
0.0253718 9.99642E-05 0.332296 0.0121682 9.99642E-05 9.99642E-05 0.267826 0.158789 9.99642E-05 0.203149
0.0288438 9.9982E-05 0.0365073 0.0593955 9.9982E-05 0.0158651 0.0147234 0.38884 0.291708 0.163917
0.0901512 0.025835 0.0402233 0.273707 9.9973E-05 0.113233 0.337323 9.9973E-05 9.9973E-05 0.119228
0.135066 0.339834 0.138997 9.99553E-05 0.199762 0.185841 9.99553E-05 9.99553E-05 9.99553E-05 9.99553E-05
0.279263 0.208532 0.244289 9.99461E-05 9.99461E-05 9.99461E-05 9.99461E-05 9.99461E-05 0.267316 9.99461E-05
9.99641E-05 9.99641E-05 0.00702005 9.99641E-05 0.0112896 0.0365725 0.0449178 9.99641E-05 0.0742546 0.825546
0.0117375 0.132758 0.0828412 0.0342636 0.7379 9.9955E-05 9.9955E-05 9.9955E-05 9.9955E-05 9.9955E-05
0.293801 0.0684282 9.99731E-05 0.102156 9.99731E-05 9.99731E-05 0.161265 0.180957 0.125883 0.0672112
9.99463E-05 0.603916 0.076276 9.99463E-05 9.99463E-05 9.99463E-05 0.306558 9.99463E-05 9.99463E-05 0.0126499
0.378636 9.99641E-05 0.000673937 9.99641E-05 9.99641E-05 0.122367 0.115291 0.244134 0.138498 9.99641E-05
9.99462E-05 0.0828779 9.99462E-05 0.245274 9.99462E-05 9.99462E-05 9.99462E-05 0.587414 9.99462E-05 0.0838347
9.99462E-05 0.204761 9.99462E-05 0.0725193 9.99462E-05 9.99462E-05 0.276023 0.446097 9.99462E-05 9.99462E-05
0.567757 0.0506068 9.99462E-05 0.21243 0.168607 9.99462E-05 9.99462E-05 9.99462E-05 9.99462E-05 9.99462E-05
9.99373E-05 0.647612 0.133676 9.99373E-05 9.99373E-05 9.99373E-05 9.99373E-05 9.99373E-05 9.99373E-05 0.218012
0.203225 0.105398 0.0560619 0.0340894 0.0596901 9.99821E-05 9.99821E-05 0.40953 0.0750511 0.0567544
0.190841 0.179709 0.0745793 0.0452592 9.99641E-05 9.99641E-05 9.99641E-05 0.446481 0.0627307 9.99641E-05
9.99463E-05 9.99463E-05 0.00941948 9.99463E-05 9.99463E-05 0.488774 0.290994 9.99463E-05 9.99463E-05 0.210213
9.99462E-05 9.99462E-05 9.99462E-05 9.99462E-05 0.0595901 0.0481507 0.77956 0.1121 9.99462E-05 9.99462E-05
9.9973E-05 0.0822956 0.051717 9.9973E-05 0.0514453 9.9973E-05 0.276434 0.323548 0.166014 0.048247
0.0586726 9.99642E-05 0.159868 0.126558 0.0131564 0.375656 9.99642E-05 0.265689 9.99642E-05 9.99642E-05
0.267825 0.178776 9.99641E-05 0.154055 9.99641E-05 9.99641E-05 0.0967594 9.99641E-05 0.136383 0.165802
0.104094 9.99642E-05 0.112209 0.128588 9.99642E-05 0.289527 9.99642E-05 0.332863 0.0323183 9.99642E-05
9.99371E-05 9.99371E-05 9.99371E-05 9.99371E-05 9.99371E-05 0.239918 0.18209 0.577292 9.99371E-05 9.99371E-05
9.99551E-05 9.99551E-05 0.0203963 0.220228 9.99551E-05 0.217376 0.288055 0.253444 9.99551E-05 9.99551E-05
0.279986 9.99554E-05 9.99554E-05 9.99554E-05 9.99554E-05 0.046065 0.212804 0.194393 0.266252 9.99554E-05
0.0826097 9.99461E-05 9.99461E-05 0.195437 9.99461E-05 9.99461E-05 0.107436 0.613918 9.99461E-05 9.99461E-05
0.11274 9.99641E-05 0.0422431 9.99641E-05 9.99641E-05 0.0436614 9.99641E-05 0.677327 0.0142087 0.10942
0.180959 0.403025 0.184583 0.169281 0.0304473 9.99641E-05 0.0313058 9.99641E-05 9.99641E-05 9.99641E-05
9.99551E-05 9.99551E-05 9.99551E-05 9.99551E-05 9.99551E-05 0.460485 0.0414307 0.277549 0.0721553 0.147881
9.99462E-05 9.99462E-05 0.377444 9.99462E-05 9.99462E-05 0.0416053 9.99462E-05 0.285304 0.295047 9.99462E-05
0.125968 0.17494 0.138837 0.158206 0.345223 0.0320473 9.99731E-05 9.99731E-05 0.0244791 9.99731E-05
0.0555376 9.9973E-05 0.112446 0.00013748 0.51282 0.0620409 9.9973E-05 9.9973E-05 0.173275 0.0834424
0.0545009 0.165642 0.0455921 9.9973E-05 0.293168 0.0220671 9.9973E-05 0.04335 9.9973E-05 0.37538
9.99373E-05 9.99373E-05 9.99373E-05 9.99373E-05 0.814449 9.99373E-05 0.00654146 9.99373E-05 0.17831 9.99373E-05
0.151579 0.112344 0.148745 0.213966 0.160623 0.0740065 9.9973E-05 9.9973E-05 0.138436 9.9973E-05
9.99551E-05 0.201567 0.0207778 0.0564013 9.99551E-05 9.99551E-05 0.178789 0.541966 9.99551E-05 9.99551E-05
0.11671 9.99641E-05 0.435333 9.99641E-05 0.0351387 0.0869275 9.99641E-05 0.107357 0.218134 9.99641E-05
9.9955E-05 9.9955E-05 9.9955E-05 0.216944 0.0400158 0.314422 0.319371 0.108748 9.9955E-05 9.9955E-05
9.99551E-05 0.00181125 9.99551E-05 9.99551E-05 0.064495 0.304099 0.188167 9.99551E-05 0.440929 9.99551E-05
0.103933 9.99462E-05 9.99462E-05 0.121138 9.99462E-05 9.99462E-05 9.99462E-05 0.175586 9.99462E-05 0.598744
0.241689 9.99642E-05 9.99642E-05 9.99642E-05 0.0769746 9.99642E-05 0.0757632 0.330946 0.23298 0.0412469
0.0959282 9.99731E-05 0.0926706 0.0349913 9.99731E-05 0.419175 0.175085 9.99731E-05 0.100528 0.0813228
0.0160209 9.99642E-05 0.0157784 0.0333477 0.0144634 9.99642E-05 0.0905943 0.829395 9.99642E-05 9.99642E-05
0.0830481 9.99731E-05 0.0579563 0.330151 0.182988 0.107742 9.99731E-05 0.0277801 0.210034 9.99731E-05
0.269115 9.99731E-05 0.0224831 0.0105103 0.101454 9.99731E-05 0.013458 0.106799 0.475881 9.99731E-05
0.407252 9.99372E-05 9.99372E-05 9.99372E-05 0.0297277 9.99372E-05 0.562321 9.99372E-05 9.99372E-05 9.99372E-05
0.00397475 9.99641E-05 0.0843163 0.13663 0.188445 0.138756 9.99641E-05 0.447477 9.99641E-05 9.99641E-05
9.99551E-05 9.99551E-05 9.99551E-05 0.0692365 9.99551E-05 0.0939609 0.649652 9.99551E-05 0.155883 0.030768
9.99464E-05 0.460287 9.99464E-05 0.266145 0.166903 9.99464E-05 9.99464E-05 9.99464E-05 0.106065 9.99464E-05
0.435668 9.99641E-05 9.99641E-05 0.159088 9.99641E-05 0.0974884 0.186073 0.0271345 0.0941484 9.99641E-05
0.0196245 9.99376E-05 9.99376E-05 9.99376E-05 9.99376E-05 9.99376E-05 9.99376E-05 0.858403 0.121273 9.99376E-05
0.157733 0.183568 9.99641E-05 0.189224 0.114769 0.119245 9.99641E-05 9.99641E-05 0.235061 9.99641E-05
9.99285E-05 9.99285E-05 9.99285E-05 9.99285E-05 9.99285E-05 0.918514 9.99285E-05 9.99285E-05 9.99285E-05 0.0806863
9.9973E-05 0.0761855 0.244712 0.0649552 0.158245 9.9973E-05 0.318645 9.9973E-05 0.0798718 0.0570853
0.0097821 9.9964E-05 0.401969 9.9964E-05 0.104743 0.0456881 9.9964E-05 0.022079 0.415339 9.9964E-05
0.162938 0.357129 0.147145 9.99641E-05 0.0202316 9.99641E-05 9.99641E-05 0.0537591 0.258397 9.99641E-05
0.0987541 0.0510427 9.99553E-05 0.343229 9.99553E-05 0.037827 9.99553E-05 0.468647 9.99553E-05 9.99553E-05
0.079743 0.160974 0.150317 0.0191304 9.99821E-05 9.99821E-05 0.202967 0.324253 0.00569201 0.0567231
0.0748172 0.612692 9.99462E-05 9.99462E-05 0.183413 9.99462E-05 0.128478 9.99462E-05 9.99462E-05 9.99462E-05
0.193877 9.99641E-05 0.160832 9.99641E-05 9.99641E-05 0.145302 0.130726 9.99641E-05 0.214021 0.154842
9.99731E-05 0.0932157 9.99731E-05 0.0703342 0.0262386 0.0599498 0.257359 0.458139 9.99731E-05 0.034464
9.99551E-05 0.0685725 9.99551E-05 0.15696 9.99551E-05 0.454413 0.0953836 0.224172 9.99551E-05 9.99551E-05
9.99373E-05 0.907716 9.99373E-05 0.0448151 9.99373E-05 9.99373E-05 9.99373E-05 9.99373E-05 0.0467693 9.99373E-05
9.99462E-05 9.99462E-05 9.99462E-05 9.99462E-05 0.0287791 9.99462E-05 9.99462E-05 0.335481 0.242318 0.392822
0.100114 0.147008 0.186345 9.99821E-05 9.99821E-05 0.156504 0.0615491 0.183867 0.0130751 0.151339
0.119225 9.99551E-05 0.206253 9.99551E-05 9.99551E-05 9.99551E-05 0.335797 9.99551E-05 0.274251 0.0639736
9.99284E-05 9.99284E-05 9.99284E-05 9.99284E-05 9.99284E-05 0.178501 9.99284E-05 9.99284E-05 9.99284E-05 0.8207
9.99463E-05 9.99463E-05 9.99463E-05 0.00888245 0.122395 9.99463E-05 0.504088 0.364035 9.99463E-05 9.99463E-05
9.99463E-05 9.99463E-05 9.99463E-05 0.103835 9.99463E-05 9.99463E-05 0.461754 0.229648 0.204163 9.99463E-05
9.99552E-05 0.196495 0.295678 9.99552E-05 9.99552E-05 0.317817 9.99552E-05 0.144199 9.99552E-05 0.0453116
9.9946E-05 9.9946E-05 9.9946E-05 0.182407 9.9946E-05 0.147784 0.319187 9.9946E-05 0.350022 9.9946E-05
9.99461E-05 0.324731 9.99461E-05 9.99461E-05 9.99461E-05 0.157175 9.99461E-05 0.34856 0.168934 9.99461E-05
9.99553E-05 9.99553E-05 9.99553E-05 9.99553E-05 0.0571607 0.184649 0.131224 0.500031 9.99553E-05 0.126435
9.99461E-05 9.99461E-05 9.99461E-05 9.99461E-05 0.0816041 0.662433 0.176905 0.0784582 9.99461E-05 9.99461E-05
0.126097 9.99461E-05 9.99461E-05 9.99461E-05 9.99461E-05 9.99461E-05 9.99461E-05 0.439195 0.0653443 0.368764
9.99551E-05 0.402108 9.99551E-05 9.99551E-05 9.99551E-05 9.99551E-05 0.159498 0.183782 0.00342998 0.250682
9.99371E-05 0.162347 9.99371E-05 9.99371E-05 0.764117 9.99371E-05 9.99371E-05 9.99371E-05 9.99371E-05 0.0728366
9.99373E-05 9.99373E-05 0.07333 0.0424398 9.99373E-05 9.99373E-05 9.99373E-05 9.99373E-05 9.99373E-05 0.883531
9.99462E-05 0.629429 9.99462E-05 9.99462E-05 9.99462E-05 0.0706948 0.289276 9.99462E-05 9.99462E-05 0.0100006
9.99283E-05 0.0636291 0.935571 9.99283E-05 9.99283E-05 9.99283E-05 9.99283E-05 9.99283E-05 9.99283E-05 9.99283E-05
0.164166 0.0925028 9.99641E-05 0.0453114 9.99641E-05 0.0154849 9.99641E-05 0.503773 0.178362 9.99641E-05
0.0315706 9.99641E-05 9.99641E-05 9.99641E-05 9.99641E-05 0.0702463 0.309739 0.248822 0.295317 0.0439048
0.00756686 0.250259 9.99641E-05 9.99641E-05 0.108557 9.99641E-05 0.1652 0.194132 0.273885 9.99641E-05
0.340501 0.118129 9.99463E-05 9.99463E-05 0.083132 9.99463E-05 9.99463E-05 0.457639 9.99463E-05 9.99463E-05
0.291865 9.99641E-05 0.0468934 9.99641E-05 0.0714373 9.99641E-05 0.092062 0.142422 0.35492 9.99641E-05
0.100133 0.056654 0.423078 0.0637563 9.99731E-05 9.99731E-05 0.162219 9.99731E-05 0.102014 0.0918464
0.259036 0.176337 9.99642E-05 0.0390787 0.019422 9.99642E-05 0.046084 9.99642E-05 9.99642E-05 0.459642
0.0793239 9.99731E-05 0.0654884 0.0820006 9.99731E-05 0.0458259 9.99731E-05 0.271513 0.309958 0.145591
0.335455 0.0453021 9.99375E-05 9.99375E-05 9.99375E-05 9.99375E-05 9.99375E-05 9.99375E-05 9.99375E-05 0.618544
0.161062 0.286928 0.114701 0.0411199 9.99642E-05 9.99642E-05 9.99642E-05 0.299044 0.0967464 9.99642E-05
9.99372E-05 0.00953391 9.99372E-05 9.99372E-05 9.99372E-05 9.99372E-05 0.0563106 9.99372E-05 9.99372E-05 0.933456
9.99552E-05 9.99552E-05 0.282959 9.99552E-05 0.248986 0.252772 0.0530835 9.99552E-05 0.1617 9.99552E-05
0.172023 0.0468252 9.99731E-05 0.017871 9.99731E-05 0.391856 9.99731E-05 0.149072 0.14543 0.0766225
9.99642E-05 9.99642E-05 0.0441934 0.0860302 0.0210565 9.99642E-05 9.99642E-05 0.0806024 0.676325 0.0913922
0.269697 9.9964E-05 0.0396559 0.15629 9.9964E-05 9.9964E-05 0.00189118 9.9964E-05 0.209329 0.322737
0.20093 0.452624 9.99461E-05 9.99461E-05 9.99461E-05 0.295376 9.99461E-05 0.0504707 9.99461E-05 9.99461E-05
9.99552E-05 9.99552E-05 9.99552E-05 0.0274606 0.13461 9.99552E-05 9.99552E-05 0.339651 0.0527559 0.445023
9.99373E-05 0.345335 9.99373E-05 9.99373E-05 0.0423562 9.99373E-05 9.99373E-05 0.611609 9.99373E-05 9.99373E-05
0.106736 9.99462E-05 0.196316 9.99462E-05 9.99462E-05 0.0800896 9.99462E-05 0.616259 9.99462E-05 9.99462E-05
0.150058 9.99463E-05 9.99463E-05 9.99463E-05 0.0380675 9.99463E-05 0.36684 0.444435 9.99463E-05 9.99463E-05
9.99462E-05 9.99462E-05 0.0934581 9.99462E-05 9.99462E-05 0.67249 9.99462E-05 0.169101 9.99462E-05 0.0643514
9.99551E-05 9.99551E-05 9.99551E-05 9.99551E-05 0.187844 0.0642392 0.363659 0.146306 0.237452 9.99551E-05
9.99374E-05 9.99374E-05 9.99374E-05 9.99374E-05 9.99374E-05 0.314582 0.633424 9.99374E-05 9.99374E-05 0.0512952
0.218036 0.0315967 0.126299 0.0931802 0.135789 0.182224 9.9991E-05 0.10219 0.10724 0.00334553
0.414677 0.0481705 0.359891 0.0178973 9.99642E-05 9.99642E-05 0.0909133 9.99642E-05 9.99642E-05 0.068051
0.0821607 0.147337 9.99732E-05 0.105283 9.99732E-05 9.99732E-05 0.192725 0.395333 0.0596215 0.0172401
9.99373E-05 9.99373E-05 9.99373E-05 9.99373E-05 0.524664 0.40419 0.0704456 9.99373E-05 9.99373E-05 9.99373E-05
0.027857 0.172046 9.99641E-05 0.0574044 0.040586 9.99641E-05 0.211163 0.490544 9.99641E-05 9.99641E-05
0.00195299 0.175963 0.073676 0.0577473 0.0434376 0.147389 0.149099 0.229222 0.121414 9.9991E-05
0.204263 0.428405 0.118641 0.0423315 9.9964E-05 0.0489243 9.9964E-05 9.9964E-05 0.157036 9.9964E-05
0.0393876 0.239894 0.109369 0.0289957 9.99731E-05 0.0970422 0.385079 9.99731E-05 0.0999318 9.99731E-05
0.568481 9.99284E-05 9.99284E-05 9.99284E-05 9.99284E-05 9.99284E-05 9.99284E-05 0.43072 9.99284E-05 9.99284E-05
0.964182 9.99372E-05 9.99372E-05 9.99372E-05 9.99372E-05 9.99372E-05 9.99372E-05 0.00557837 9.99372E-05 0.0295403
0.600949 0.0804094 0.167649 0.0286255 9.99553E-05 9.99553E-05 9.99553E-05 0.121867 9.99553E-05 9.99553E-05
9.99552E-05 0.45974 9.99552E-05 0.0460914 0.0963744 9.99552E-05 0.0900137 9.99552E-05 0.30728 9.99552E-05
0.259666 9.99373E-05 9.99373E-05 9.99373E-05 9.99373E-05 0.277501 9.99373E-05 0.462134 9.99373E-05 9.99373E-05
9.99553E-05 9.99553E-05 0.148831 9.99553E-05 0.467678 0.00619609 9.99553E-05 0.359307 9.99553E-05 0.0174878
9.99553E-05 0.760975 0.0488354 0.0490154 9.99553E-05 9.99553E-05 9.99553E-05 0.0901914 9.99553E-05 0.0504832
9.99551E-05 0.164983 0.081399 9.99551E-05 9.99551E-05 0.21737 0.254046 9.99551E-05 0.281702 9.99551E-05
9.99642E-05 0.0422169 0.171297 9.99642E-05 0.0150249 0.10222 0.5641 9.99642E-05 0.104742 9.99642E-05
9.99641E-05 9.99641E-05 0.00449972 0.129699 9.99641E-05 9.99641E-05 0.0359853 0.341744 0.0307758 0.456896
0.153511 0.0528896 0.0406532 9.9964E-05 9.9964E-05 9.9964E-05 9.9964E-05 0.267296 0.455243 0.0300076
9.99201E-05 9.99201E-05 9.99201E-05 0.999101 9.99201E-05 9.99201E-05 9.99201E-05 9.99201E-05 9.99201E-05 9.99201E-05
0.0179184 0.149873 0.268965 9.99642E-05 9.99642E-05 9.99642E-05 9.99642E-05 0.30539 0.0855924 0.171861
9.99641E-05 9.99641E-05 0.0477763 0.0370891 0.206854 9.99641E-05 0.179656 0.395541 9.99641E-05 0.132683
9.99552E-05 9.99552E-05 0.0800929 0.330832 0.275542 0.184883 9.99552E-05 9.99552E-05 0.128151 9.99552E-05
9.99463E-05 9.99463E-05 0.166323 0.0367115 0.00322758 9.99463E-05 9.99463E-05 9.99463E-05 0.793138 9.99463E-05
9.99462E-05 9.99462E-05 9.99462E-05 0.175781 9.99462E-05 0.658507 9.99462E-05 0.0165491 0.148563 9.99462E-05
0.401285 9.99371E-05 9.99371E-05 9.99371E-05 0.365631 9.99371E-05 9.99371E-05 0.232385 9.99371E-05 9.99371E-05
9.99641E-05 0.380423 9.99641E-05 0.00304183 9.99641E-05 9.99641E-05 0.0146455 0.0121916 0.524079 0.0652191
9.99553E-05 9.99553E-05 9.99553E-05 0.125452 0.431869 9.99553E-05 0.00240776 0.156496 9.99553E-05 0.283276
0.438533 9.99552E-05 0.147237 0.0126249 9.99552E-05 0.136994 9.99552E-05 0.264111 9.99552E-05 9.99552E-05
9.99464E-05 0.664301 0.198531 0.0514299 9.99464E-05 9.99464E-05 9.99464E-05 0.0851392 9.99464E-05 9.99464E-05
0.0739835 9.99911E-05 0.260198 0.209047 0.015844 0.0814594 0.103408 0.141843 0.100953 0.0131647
0.305463 0.140761 9.99642E-05 9.99642E-05 9.99642E-05 0.0487925 9.99642E-05 0.0447565 0.410286 0.0495403
0.193529 0.325173 0.0212952 9.99641E-05 9.99641E-05 9.99641E-05 0.167574 9.99641E-05 0.127182 0.164847
9.99201E-05 9.99201E-05 9.99201E-05 0.999101 9.99201E-05 9.99201E-05 9.99201E-05 9.99201E-05 9.99201E-05 9.99201E-05
0.148261 9.995E-05 9.995E-05 0.187467 9.995E-05 9.995E-05 0.147801 0.111262 0.40471 9.995E-05
0.0374345 0.196613 9.995E-05 9.995E-05 9.995E-05 9.995E-05 0.129008 0.334801 0.301644 9.995E-05
9.99551E-05 0.0222726 9.99551E-05 0.041321 0.401662 0.481376 0.0528683 9.99551E-05 9.99551E-05 9.99551E-05
9.99375E-05 9.99375E-05 9.99375E-05 0.144482 9.99375E-05 9.99375E-05 0.1634 9.99375E-05 0.691418 9.99375E-05
9.99641E-05 9.99641E-05 9.99641E-05 0.0100298 9.99641E-05 0.122128 0.103464 0.667638 0.093308 0.00303207
0.21454 9.99641E-05 0.191454 9.99641E-05 0.167582 0.160389 0.0683363 0.197299 9.99641E-05 9.99641E-05
0.999101 9.99201E-05 9.99201E-05 9.99201E-05 9.99201E-05 9.99201E-05 9.99201E-05 9.99201E-05 9.99201E-05 9.99201E-05
9.99464E-05 0.10622 9.99464E-05 0.0136387 0.549547 9.99464E-05 9.99464E-05 0.329994 9.99464E-05 9.99464E-05
9.9973E-05 0.262413 0.179233 0.0618599 0.0349348 0.0154721 9.9973E-05 0.296881 0.148906 9.9973E-05
0.316968 9.99642E-05 0.0895106 9.99642E-05 9.99642E-05 0.0408777 9.99642E-05 0.292895 0.167099 0.0922496
0.106716 0.237288 0.0987705 0.0865215 9.99731E-05 0.11194 9.99731E-05 0.0561838 0.30228 9.99731E-05
0.147652 0.107524 0.0741956 0.0274587 0.158315 0.438759 9.997E-05 0.0457954 9.997E-05 9.997E-05
9.99372E-05 0.0892246 9.99372E-05 9.99372E-05 9.99372E-05 9.99372E-05 0.29879 0.611286 9.99372E-05 9.99372E-05
0.149223 0.00275643 0.00276631 9.99731E-05 9.99731E-05 0.416923 9.99731E-05 0.191783 0.173567 0.0626822
0.166593 9.99463E-05 0.0634414 9.99463E-05 9.99463E-05 9.99463E-05 9.99463E-05 0.305057 0.464309 9.99463E-05
9.99642E-05 0.0749874 9.99642E-05 0.0346294 9.99642E-05 9.99642E-05 0.078358 0.0833893 0.566892 0.161344
9.99372E-05 9.99372E-05 0.870672 9.99372E-05 0.100004 9.99372E-05 0.028625 9.99372E-05 9.99372E-05 9.99372E-05
9.99732E-05 0.543929 0.0255624 9.99732E-05 0.0573229 9.99732E-05 0.132793 0.144625 0.00164415 0.0938239
9.99642E-05 0.165324 0.13157 9.99642E-05 9.99642E-05 0.54381 0.0964334 0.0412007 0.0212617 9.99642E-05
9.99552E-05 0.248984 9.99552E-05 0.207332 0.0670174 9.99552E-05 0.417066 0.0591006 9.99552E-05 9.99552E-05
0.0642486 9.99731E-05 0.0760503 0.189937 0.0406424 0.126317 0.316053 0.186452 9.99731E-05 9.99731E-05
9.9964E-05 9.9964E-05 0.00413924 9.9964E-05 0.170839 0.0818294 0.117222 0.386986 0.238585 9.9964E-05
9.99463E-05 0.042777 9.99463E-05 9.99463E-05 9.99463E-05 9.99463E-05 9.99463E-05 0.238764 0.696776 0.0210833
9.99201E-05 9.99201E-05 0.999101 9.99201E-05 9.99201E-05 9.99201E-05 9.99201E-05 9.99201E-05 9.99201E-05 9.99201E-05
9.99375E-05 9.99375E-05 9.99375E-05 9.99375E-05 9.99375E-05 0.406467 9.99375E-05 0.187866 0.404968 9.99375E-05
0.0520514 0.338052 9.99462E-05 9.99462E-05 9.99462E-05 9.99462E-05 9.99462E-05 0.180289 0.429007 9.99462E-05
9.99642E-05 0.408798 0.0683094 9.99642E-05 0.122614 9.99642E-05 9.99642E-05 0.20508 0.128498 0.0663009
9.99551E-05 0.396847 0.0711748 9.99551E-05 0.0626739 9.99551E-05 9.99551E-05 0.441116 9.99551E-05 0.0276883
