9.9982E-05 0.892788 9.9982E-05 0.0525899 0.0544225
0.32582 0.300404 0.103104 0.0139251 0.256747
0.243954 0.42097 9.9991E-05 0.122707 0.212269
9.999E-05 0.407551 0.147474 0.195214 0.249661
0.554522 0.117958 0.0983847 0.164953 0.0641817
0.492667 0.0749995 0.0553498 0.277556 0.0994276
0.211838 0.452457 0.133677 0.201928 9.9991E-05
0.124723 0.294598 0.048311 0.213017 0.319351
0.43518 0.179721 0.0504313 0.334568 9.9991E-05
9.999E-05 0.303402 0.23763 0.391626 0.0672425
9.999E-05 0.0932004 0.0689666 0.650563 0.18717
0.653381 0.0690373 0.0937282 0.183753 9.9991E-05
0.285236 0.308137 0.253443 0.153084 9.9991E-05
0.450048 0.264599 0.139052 0.146201 9.9991E-05
0.734693 0.00744251 0.0499045 0.0164914 0.191469
0.124223 0.160638 0.182573 0.0317041 0.500862
0.774423 9.9982E-05 0.159638 0.0657391 9.9982E-05
0.280422 0.244385 0.350989 0.0737753 0.0504294
0.44054 0.0962508 0.0192854 0.304374 0.13955
0.300418 0.203668 0.187281 0.308533 9.9991E-05
0.259226 0.290472 0.0736367 0.264129 0.112537
0.245346 0.373665 0.156358 0.082151 0.142479
0.327034 0.159409 0.0277587 0.246854 0.238944
0.621566 0.0698824 0.244282 0.0375121 0.026758
9.9982E-05 9.9982E-05 0.1831 0.801919 0.0147806
0.344767 0.530169 0.0956814 9.9991E-05 0.0292834
0.14468 0.265454 0.310674 0.195702 0.0834899
0.34037 0.236373 0.119004 0.186977 0.117276
0.437866 0.157269 0.117461 0.171942 0.115462
0.142149 0.0271445 0.745288 9.9991E-05 0.0853186
0.385138 9.9991E-05 0.0574459 0.331643 0.225673
9.9991E-05 0.14874 0.0970741 0.568186 0.1859
0.754426 0.0764979 0.168877 9.9982E-05 9.9982E-05
0.719047 0.0331818 0.01529 0.166623 0.0658584
0.533431 0.266561 0.0732245 0.126683 9.9991E-05
9.997E-05 0.9996 9.997E-05 9.997E-05 9.997E-05
0.416846 0.211423 0.00112551 0.370506 9.9991E-05
9.9991E-05 0.475613 0.147343 0.335192 0.0417518
0.624437 9.9982E-05 0.088126 0.287237 9.9982E-05
0.332502 0.0948437 9.9991E-05 0.284112 0.288442
0.168108 0.128009 0.181477 0.235125 0.287279
0.286462 0.159501 0.22922 0.0988244 0.225994
0.0542196 0.383481 0.200147 0.104234 0.257918
0.183393 0.388438 0.0279261 0.23963 0.160612
9.9991E-05 0.384402 0.195723 0.277704 0.142072
0.327769 0.0940802 9.9982E-05 0.577951 9.9982E-05
0.485201 0.251488 0.00937194 9.9991E-05 0.253839
0.491552 0.177932 0.0354195 0.0526962 0.242401
0.291255 0.0583488 0.135665 0.112493 0.402238
0.358405 0.158737 0.169085 9.9991E-05 0.313673
0.256548 0.182096 0.244183 0.196708 0.120465
0.221177 0.227541 0.0830086 0.221065 0.247207
0.113236 0.128574 0.0967021 9.9991E-05 0.661387
0.232671 0.144912 0.198722 0.298112 0.125583
0.0495132 0.108035 0.0755046 0.0765002 0.690447
0.483812 0.225371 0.10965 0.133916 0.0472505
9.9982E-05 0.13816 9.9982E-05 0.461798 0.399842
0.0137758 0.254811 0.165846 0.283492 0.282076
0.305085 9.9991E-05 0.0214633 0.267337 0.406015
0.123599 0.288948 0.0454151 0.377958 0.164081
0.78602 0.0926251 0.0134466 0.0571632 0.0507448
0.547703 0.194359 0.101342 0.156496 9.9991E-05
0.759339 0.0456026 0.0608357 0.134123 9.9991E-05
9.9982E-05 0.0869431 0.89417 9.9982E-05 0.0186865
0.32114 0.376032 9.9991E-05 0.25142 0.0513078
0.0349711 0.964729 9.9973E-05 9.9973E-05 9.9973E-05
0.587649 0.288847 0.0273436 0.0960613 9.9991E-05
0.506287 0.0518275 0.182719 0.130064 0.129102
0.550162 0.370958 9.9982E-05 9.9982E-05 0.0786799
0.216968 0.28661 0.203077 0.199715 0.0936297
0.284263 9.9991E-05 0.0423779 0.528329 0.144931
0.47143 0.380487 0.101283 9.9991E-05 0.046699
0.385905 0.163417 0.284041 0.108075 0.0585623
0.4184 9.9991E-05 0.0348116 0.176403 0.370285
0.212704 0.194884 0.106298 0.288777 0.197338
0.139614 9.9991E-05 0.0052385 0.334343 0.520704
0.427992 0.0235557 0.189722 0.282682 0.0760486
0.586198 9.9982E-05 9.9982E-05 0.2231 0.190502
0.808032 9.9982E-05 9.9982E-05 0.0880738 0.103694
0.604387 0.0518875 0.110329 0.091163 0.142233
0.308258 0.263472 0.138099 0.0774811 0.212689
0.517156 0.29526 0.0126557 0.174828 9.9991E-05
0.194816 0.0351832 0.143776 0.432693 0.193532
0.385466 9.9991E-05 0.126578 0.131292 0.356565
0.734373 0.172856 0.0855708 0.00710031 9.9991E-05
9.9982E-05 0.45308 9.9982E-05 0.273696 0.273024
0.110799 0.842076 0.0469247 9.9982E-05 9.9982E-05
0.443774 0.0173778 0.00716827 0.53158 9.9991E-05
0.407788 0.306456 0.242699 9.9991E-05 0.0429566
0.104785 0.557517 9.9991E-05 0.15784 0.179758
9.9973E-05 0.017911 0.981789 9.9973E-05 9.9973E-05
0.225333 0.265348 0.102662 0.328362 0.078296
0.182373 0.236679 0.120481 0.258661 0.201805
0.486098 0.0837254 0.105149 9.9991E-05 0.324927
0.301873 0.426448 0.00497285 0.119931 0.146775
0.273238 0.350385 0.207507 0.129586 0.0392833
9.9982E-05 0.552083 9.9982E-05 0.0979395 0.349778
0.522342 0.151106 9.9982E-05 0.326352 9.9982E-05
9.9982E-05 0.191999 0.770566 0.0372353 9.9982E-05
0.553196 0.181424 0.136044 9.9991E-05 0.129236
0.348667 0.302749 0.149482 0.196531 0.00257166
9.997E-05 9.997E-05 0.9996 9.997E-05 9.997E-05
0.46566 9.9991E-05 0.0801422 0.232507 0.22159
9.997E-05 9.997E-05 9.997E-05 0.9996 9.997E-05
0.151765 0.321172 0.157728 0.190432 0.178904
0.16474 0.170318 9.9991E-05 0.165836 0.499006
0.255913 0.319328 0.0438575 0.176461 0.204441
0.246094 0.133932 0.0429613 0.243369 0.333644
0.41532 0.0196186 0.191123 0.13453 0.239409
0.302987 0.351941 0.116826 9.9991E-05 0.228146
0.483878 0.0764149 0.0720492 0.271603 0.0960549
9.9991E-05 0.0879308 0.346099 0.454947 0.110923
0.130259 0.0497472 0.0694864 0.312752 0.437756
0.183357 0.145624 0.617815 0.00643576 0.0467683
0.41413 0.40056 9.9991E-05 0.0302435 0.154967
9.9973E-05 9.9973E-05 0.986877 9.9973E-05 0.0128235
0.197822 0.259261 9.9991E-05 0.482941 0.0598768
0.243663 0.54926 0.144539 9.9991E-05 0.0624381
0.278757 0.0738306 0.190028 0.169394 0.287991
0.164715 0.394893 0.135507 0.304785 9.9991E-05
0.351418 0.46433 0.148616 9.9991E-05 0.0355362
0.187133 0.141238 0.597555 0.0739742 9.9991E-05
0.408527 0.210259 0.31074 0.0703738 9.9991E-05
0.538655 9.9982E-05 9.9982E-05 0.225602 0.235543
0.13937 9.9991E-05 0.299591 0.19801 0.362929
0.995723 9.99731E-05 0.00397757 9.99731E-05 9.99731E-05
9.9991E-05 0.0408947 0.158404 0.522307 0.278294
0.295117 0.108915 0.151604 0.190019 0.254344
0.401849 0.172383 9.9991E-05 0.203726 0.221943
0.0688274 0.40764 0.169407 0.199967 0.154159
0.219123 0.780577 9.9973E-05 9.9973E-05 9.9973E-05
0.512346 0.269444 0.133629 0.0834583 0.00112304
0.382579 0.0122652 0.305426 0.208583 0.0911465
0.336744 9.9991E-05 0.273052 0.106472 0.283632
0.240728 0.335318 0.0258931 0.397961 9.9991E-05
0.392536 0.0604738 0.07088 0.47601 9.9991E-05
0.0185571 9.9973E-05 9.9973E-05 9.9973E-05 0.981143
9.997E-05 9.997E-05 9.997E-05 9.997E-05 0.9996
0.061488 0.362762 0.138087 0.207909 0.229755
0.852465 9.9982E-05 0.037528 0.109807 9.9982E-05
0.264902 0.297254 0.0848827 0.316569 0.0363917
0.301121 9.9991E-05 0.114041 0.398376 0.186362
0.500435 0.043329 0.133203 0.322934 9.9991E-05
0.185907 0.29339 0.0590848 0.345547 0.116071
0.566497 0.125649 0.102318 0.133557 0.0719788
0.0335967 0.240186 0.618212 0.107905 9.9991E-05
0.237303 0.312837 9.9991E-05 0.210697 0.239064
0.032917 9.9982E-05 0.927038 0.0398449 9.9982E-05
0.10557 0.608926 0.0247821 0.260622 9.9991E-05
0.105502 0.266901 0.0848838 0.309469 0.233244
0.609672 0.118889 0.0149731 0.222941 0.0335247
0.324122 0.259151 9.9991E-05 0.255421 0.161206
0.148242 0.205037 0.343083 0.301771 0.00186656
0.40207 0.121031 0.0985024 0.184165 0.194231
0.729346 0.123943 0.120461 9.9991E-05 0.0261501
0.244565 0.255615 0.32071 9.9991E-05 0.17901
0.241817 0.236692 0.114583 0.305713 0.101196
0.358559 0.179304 0.170254 0.205777 0.0861052
9.9982E-05 0.765293 0.0710531 9.9982E-05 0.163454
0.38569 0.199321 0.218099 0.0519216 0.144969
0.42585 0.280086 0.0656915 0.228273 9.9991E-05
9.997E-05 9.997E-05 0.9996 9.997E-05 9.997E-05
0.436094 0.224926 0.219814 0.113665 0.00550129
9.9991E-05 0.249443 0.0515807 0.0135318 0.685345
0.141723 0.223739 0.021321 0.241491 0.371726
9.9991E-05 0.762714 0.0660439 0.164473 0.00666869
0.389174 0.268855 9.9991E-05 0.135023 0.206847
0.477519 0.0686724 9.9991E-05 0.256301 0.197408
9.997E-05 9.997E-05 9.997E-05 9.997E-05 0.9996
0.542874 0.286966 0.161055 0.00900402 9.99918E-05
0.436313 9.9982E-05 9.9982E-05 0.309419 0.254068
0.480676 0.0872385 0.0476809 0.154211 0.230194
0.225031 0.256213 0.228009 0.216557 0.0741895
0.243174 0.0377981 9.9991E-05 0.262217 0.456711
0.543278 0.241587 0.0868064 9.9991E-05 0.128229
0.638609 0.0279989 9.9991E-05 0.250977 0.082315
0.248632 0.166383 0.0556272 0.18196 0.347399
0.25876 0.0674742 9.9991E-05 0.421424 0.252241
9.997E-05 9.997E-05 9.997E-05 0.9996 9.997E-05
0.195112 0.22934 0.0406802 0.296607 0.238261
0.743913 9.9973E-05 0.255787 9.9973E-05 9.9973E-05
0.257251 0.308628 0.240931 0.19309 9.9991E-05
0.0913739 0.392662 0.0791635 0.0752534 0.361548
0.130246 0.529417 0.132527 0.0364699 0.171341
0.119332 0.271508 0.0998488 0.205489 0.303822
9.997E-05 9.997E-05 9.997E-05 0.9996 9.997E-05
0.481881 0.228218 0.100756 0.118112 0.0710329
0.288068 0.221645 0.127755 0.227808 0.134725
0.352895 0.484746 9.9991E-05 0.0305626 0.131696
0.305001 0.280623 0.040247 9.9991E-05 0.374029
