0.0912942 0.695213 9.9991E-05 0.104945 0.108447
0.553804 0.190788 9.9982E-05 0.255208 9.9982E-05
9.999E-05 0.405055 0.0845051 0.296286 0.214054
9.999E-05 0.428501 0.195475 0.282145 0.0937796
0.372307 0.476842 9.99821E-05 0.150651 9.99821E-05
9.999E-05 0.297196 0.34453 0.338154 0.0200201
0.469245 0.341592 9.99821E-05 0.188963 9.99821E-05
9.99732E-05 0.928452 9.99732E-05 0.0712476 9.99732E-05
0.0445755 0.0331893 0.229186 9.99911E-05 0.69295
9.999E-05 0.122948 0.426026 0.113968 0.336958
9.999E-05 0.268283 0.360125 0.184382 0.187111
0.12127 0.402096 9.99821E-05 9.99821E-05 0.476434
9.99821E-05 0.630348 9.99821E-05 0.109371 0.260081
0.432493 0.270762 9.99821E-05 0.296545 9.99821E-05
0.171774 0.55496 0.15806 9.99911E-05 0.115106
9.99821E-05 0.504937 0.0880733 0.40679 9.99821E-05
0.231542 0.219953 0.215326 0.176574 0.156605
0.356046 9.9991E-05 0.215729 0.194609 0.233515
9.99732E-05 0.564933 9.99732E-05 9.99732E-05 0.434767
0.109286 0.609081 0.100909 0.180624 9.9991E-05
0.0042313 9.9991E-05 0.605717 0.176468 0.213484
9.999E-05 0.494562 0.0116812 0.169347 0.32431
0.214466 0.212357 0.176529 0.238015 0.158632
9.99732E-05 0.25162 9.99732E-05 0.74808 9.99732E-05
0.0659026 0.0843101 0.381125 0.468563 9.9991E-05
0.0908112 0.427237 0.139997 0.187781 0.154175
0.144828 0.151336 9.9991E-05 0.105626 0.598109
0.490675 0.381967 0.127157 9.99822E-05 9.99822E-05
0.0426741 0.743921 0.213205 9.99821E-05 9.99821E-05
9.99732E-05 9.99732E-05 9.99732E-05 0.790838 0.208862
0.7962 9.99732E-05 0.2035 9.99732E-05 9.99732E-05
0.284236 0.58892 9.99821E-05 0.126644 9.99821E-05
0.256621 9.99821E-05 0.3991 9.99821E-05 0.34408
9.99821E-05 0.713695 9.99821E-05 0.0345206 0.251584
0.17316 0.392882 9.9991E-05 0.395712 0.0381459
0.318942 0.433196 0.0443332 0.103722 0.0998063
0.709839 0.211906 0.078055 9.99821E-05 9.99821E-05
0.105793 0.00887058 0.347527 0.270968 0.26684
0.189472 0.40322 0.0748766 0.155648 0.176783
9.99821E-05 0.606407 0.213479 0.179914 9.99821E-05
0.226174 9.99821E-05 9.99821E-05 0.261086 0.51254
9.99821E-05 9.99821E-05 0.12432 0.139577 0.735903
0.19214 0.362888 0.134207 0.111921 0.198844
0.0399978 0.385581 0.21847 0.00902034 0.34693
0.0769228 0.730253 0.0432384 0.149486 9.9991E-05
0.0497949 0.55265 0.110496 0.0892243 0.197835
9.99731E-05 0.299273 9.99731E-05 9.99731E-05 0.700427
0.0653881 0.0313332 0.173031 9.9991E-05 0.730147
9.99733E-05 0.583035 9.99733E-05 9.99733E-05 0.416665
0.0244888 0.797045 9.9982E-05 0.178267 9.9982E-05
9.99731E-05 0.750132 9.99731E-05 0.249568 9.99731E-05
0.374291 9.9991E-05 0.355361 0.225045 0.0452035
9.9991E-05 0.210583 0.00159911 0.117901 0.669817
9.99821E-05 0.776358 0.169238 0.0542042 9.99821E-05
0.748024 0.168366 9.99821E-05 0.0834106 9.99821E-05
0.426738 0.158581 9.99821E-05 9.99821E-05 0.414481
0.377 0.350189 9.9982E-05 0.272611 9.9982E-05
0.491136 0.209338 9.99822E-05 9.99822E-05 0.299326
0.442704 0.40113 0.0740906 9.9991E-05 0.0819762
0.194637 0.216053 0.152618 0.0828445 0.353848
9.99911E-05 0.64132 0.171627 0.0782845 0.108669
0.226871 9.99821E-05 9.99821E-05 0.2065 0.566429
0.0834816 0.144605 9.9982E-05 9.9982E-05 0.771713
9.99732E-05 0.164656 9.99732E-05 0.835044 9.99732E-05
0.0171448 0.541788 0.0907134 9.99911E-05 0.350254
9.99821E-05 0.327738 9.99821E-05 0.256814 0.415248
9.9991E-05 0.417604 0.175405 0.20072 0.206171
0.139288 0.335003 9.9991E-05 0.0906062 0.435003
9.99821E-05 0.779502 0.00296928 9.99821E-05 0.217329
9.99911E-05 0.269952 0.169904 0.0750791 0.484965
0.241956 0.348921 0.285071 0.0813777 0.042674
9.99731E-05 9.99731E-05 9.99731E-05 0.151048 0.848652
0.814433 0.185267 9.99732E-05 9.99732E-05 9.99732E-05
0.0813878 0.627927 9.99821E-05 9.99821E-05 0.290485
9.99732E-05 0.775865 9.99732E-05 0.223835 9.99732E-05
0.339238 0.48117 9.99821E-05 9.99821E-05 0.179393
9.99822E-05 0.343703 9.99822E-05 0.328215 0.327882
0.550639 9.9991E-05 0.233123 0.0142537 0.201884
0.0398441 0.61424 0.229607 0.00398551 0.112323
0.387714 0.518624 0.0934617 9.99821E-05 9.99821E-05
0.276372 0.698137 0.0252913 9.99821E-05 9.99821E-05
9.99911E-05 0.450171 0.0919811 0.215766 0.241981
0.402279 0.17724 0.138182 9.99911E-05 0.282199
9.9991E-05 0.458645 0.0987709 0.284182 0.158302
0.226995 0.228391 9.9991E-05 0.248421 0.296093
0.177621 0.469403 0.0167218 0.0119811 0.324273
0.516545 0.100644 9.99911E-05 0.0987034 0.284008
0.0615757 0.158861 9.9991E-05 0.641456 0.138007
9.99911E-05 0.263914 0.28567 0.085539 0.364777
9.99821E-05 0.330802 0.298539 9.99821E-05 0.370459
9.99732E-05 0.157023 9.99732E-05 0.842677 9.99732E-05
0.348524 0.0434494 0.0219242 0.283352 0.302751
9.99733E-05 9.99733E-05 9.99733E-05 0.0635763 0.936124
9.9991E-05 0.171536 0.450362 0.0940778 0.283925
0.0843305 0.0251604 9.9991E-05 0.0883985 0.802011
0.186486 0.385149 0.11935 0.0785328 0.230482
0.176922 0.107626 0.138342 0.239187 0.337924
9.9982E-05 0.213742 0.0928203 9.9982E-05 0.693238
0.0670322 0.426332 9.9991E-05 0.393713 0.112823
0.197074 9.9991E-05 0.0313003 0.637777 0.133748
0.454441 9.99911E-05 0.150369 0.092587 0.302503
9.99732E-05 9.99732E-05 0.154561 0.845139 9.99732E-05
0.371735 9.9991E-05 0.373271 0.145736 0.109158
9.997E-05 9.997E-05 0.9996 9.997E-05 9.997E-05
9.99821E-05 0.859461 0.0454527 9.99821E-05 0.0948864
9.99821E-05 0.384992 9.99821E-05 0.184031 0.430776
0.387189 0.42348 9.9991E-05 0.0600191 0.129212
9.99821E-05 0.585976 0.187415 9.99821E-05 0.226409
9.99821E-05 0.70638 0.143483 9.99821E-05 0.149937
0.00123258 0.225321 0.520599 0.236626 0.0162214
0.177714 0.191677 9.99911E-05 0.38065 0.249859
9.99732E-05 0.887474 9.99732E-05 0.112226 9.99732E-05
9.99732E-05 0.198347 9.99732E-05 0.801353 9.99732E-05
0.146417 0.785849 0.0241697 0.0434638 9.99911E-05
9.997E-05 9.997E-05 9.997E-05 0.9996 9.997E-05
0.0265825 0.21624 0.252777 9.99911E-05 0.5043
9.99821E-05 0.882641 9.99821E-05 0.0807884 0.0363709
0.0101725 0.704039 9.99911E-05 0.0746124 0.211076
0.0904291 0.508776 0.106351 0.150106 0.144338
0.232053 0.543309 0.0755786 0.148959 9.9991E-05
9.99821E-05 0.0229401 9.99821E-05 0.626806 0.350054
0.404175 0.120782 9.99821E-05 0.474843 9.99821E-05
9.99821E-05 0.80426 0.139548 0.0559923 9.99821E-05
0.141064 0.457094 0.108392 0.104167 0.189283
9.9991E-05 0.233741 0.195504 0.208529 0.362126
0.126948 0.263312 0.0977795 9.9991E-05 0.51186
9.99822E-05 0.00100169 9.99822E-05 0.166438 0.832361
0.344968 0.385618 0.185743 0.0611808 0.0224912
9.99822E-05 0.264376 0.408441 0.326983 9.99822E-05
9.99911E-05 0.485924 0.0618698 0.146971 0.305135
9.99732E-05 9.99732E-05 0.117451 9.99732E-05 0.882249
0.149912 0.393005 0.0534774 0.0771905 0.326415
0.0129687 0.384678 0.247617 9.9991E-05 0.354636
0.327656 0.362449 0.309695 9.99821E-05 9.99821E-05
0.240053 0.116239 0.279802 9.9991E-05 0.363806
9.99821E-05 0.678767 0.227932 0.0931011 9.99821E-05
9.99732E-05 0.84397 0.15573 9.99732E-05 9.99732E-05
9.99822E-05 0.776288 0.166665 0.0568472 9.99822E-05
0.213699 0.130272 0.0723335 9.99911E-05 0.583595
9.99821E-05 0.893388 0.0347746 0.0716378 9.99821E-05
0.384538 0.294779 0.320483 9.99822E-05 9.99822E-05
0.232451 9.9991E-05 0.254846 0.190453 0.322151
0.00225337 0.224979 0.205224 9.9991E-05 0.567444
9.99821E-05 9.99821E-05 0.256952 0.000588848 0.742259
0.0214327 0.22994 0.0780441 0.620975 0.0496085
9.9991E-05 0.797814 0.0399916 0.0942758 0.0678186
0.9996 9.997E-05 9.997E-05 9.997E-05 9.997E-05
9.99821E-05 0.651401 0.0582662 0.290132 9.99821E-05
0.354788 0.222402 0.0443629 0.378347 9.99911E-05
0.660753 0.178711 0.160336 9.99821E-05 9.99821E-05
0.146534 0.493185 0.0953953 9.99911E-05 0.264786
0.055027 0.528667 9.99821E-05 9.99821E-05 0.416106
0.131125 0.690119 9.99821E-05 9.99821E-05 0.178557
0.390606 0.378492 9.99821E-05 9.99821E-05 0.230702
0.532488 0.0173782 0.00121286 0.448821 9.99911E-05
0.20004 0.151127 0.367476 9.9991E-05 0.281256
0.343735 0.256724 0.291311 0.108131 9.9991E-05
0.000152763 0.298013 0.0342804 0.138306 0.529248
9.997E-05 0.9996 9.997E-05 9.997E-05 9.997E-05
9.9991E-05 0.414738 0.105637 0.282313 0.197212
0.9996 9.997E-05 9.997E-05 9.997E-05 9.997E-05
9.99731E-05 0.454045 9.99731E-05 9.99731E-05 0.545655
0.0581611 0.801769 9.99821E-05 0.13987 9.99821E-05
0.361097 0.225047 9.99821E-05 9.99821E-05 0.413656
9.99733E-05 0.303557 9.99733E-05 9.99733E-05 0.696143
9.99821E-05 0.363389 9.99821E-05 0.273617 0.362795
0.105455 0.526307 0.101353 0.0187823 0.248103
9.99733E-05 0.835647 0.164053 9.99733E-05 9.99733E-05
0.851299 0.137068 9.99822E-05 9.99822E-05 0.0114321
0.202609 0.205848 0.0316248 0.268278 0.291641
9.99821E-05 0.815046 0.17693 0.00782413 9.99821E-05
0.212734 0.719663 0.0674034 9.99821E-05 9.99821E-05
0.225377 0.417554 0.218638 9.9991E-05 0.138332
9.9991E-05 0.237665 0.026488 0.349627 0.38612
9.99821E-05 0.655191 0.0621132 9.99821E-05 0.282496
9.99733E-05 0.986394 9.99733E-05 9.99733E-05 0.0133066
0.0675844 0.29975 9.99911E-05 0.279069 0.353497
0.126103 9.99731E-05 0.873597 9.99731E-05 9.99731E-05
0.260646 0.158966 0.0927439 0.120508 0.367136
0.0323734 0.0586673 0.227705 9.99911E-05 0.681154
0.190609 9.99732E-05 9.99732E-05 9.99732E-05 0.809092
0.340373 0.177161 0.082309 0.0717727 0.328385
9.9991E-05 0.295758 0.111733 0.191169 0.401239
0.0618645 0.858309 9.99822E-05 0.0796268 9.99822E-05
9.997E-05 9.997E-05 0.9996 9.997E-05 9.997E-05
0.0620909 0.656494 9.99822E-05 9.99822E-05 0.281215
0.194581 0.651496 0.153723 9.99821E-05 9.99821E-05
0.310978 0.366185 0.152302 0.170435 9.9991E-05
0.370679 0.17209 0.15029 0.306841 9.9991E-05
