0.0769308 0.144896 9.9982E-05 0.758925 9.9982E-05 0.0190481
0.0239698 0.370116 0.16893 0.122374 0.278141 0.0364698
0.234482 0.18637 0.0583184 0.237687 0.281916 0.00122575
0.0118552 0.440403 0.119671 0.195333 0.0955135 0.137224
0.246464 0.321058 0.135175 0.0489001 0.134745 0.113659
0.186785 0.653947 9.9991E-05 0.049183 0.0307552 0.07923
0.241295 0.330678 0.0178504 0.406262 9.9991E-05 0.00381507
0.0717905 0.182325 0.0320785 0.27209 0.441617 9.9991E-05
0.123407 0.031039 0.0848102 0.42433 0.151748 0.184666
0.103713 0.00320274 0.148976 0.340762 0.0956898 0.307657
0.179035 0.114479 9.9991E-05 0.325749 0.178785 0.201852
0.246156 0.0456896 0.161654 0.432251 0.112642 0.00160692
0.277001 0.422296 0.0915567 0.121456 9.9991E-05 0.0875906
0.237895 0.150243 0.161053 0.227759 0.0905161 0.132533
0.502564 0.0366403 9.9991E-05 0.0438379 0.34654 0.0703176
0.291642 0.171062 0.0995018 9.9991E-05 0.421385 0.0163092
0.371073 0.0328979 0.10785 9.9991E-05 0.344086 0.143994
0.31628 0.270322 0.252328 0.139541 9.9991E-05 0.0214296
0.253679 0.152477 0.00775602 0.300496 0.265537 0.0200551
0.0440741 0.334151 0.17416 0.313743 0.0971878 0.0366838
0.114489 0.408113 9.9991E-05 0.289769 0.110899 0.0766295
0.101357 0.322891 0.0363548 0.230321 0.145937 0.16314
0.248642 0.312136 0.0251771 0.356599 0.0459455 0.0115004
0.0914344 0.258786 0.257033 0.285517 0.10713 9.9991E-05
0.281902 9.9973E-05 9.9973E-05 0.333812 9.9973E-05 0.383986
0.0950711 0.301338 0.12292 0.444875 0.0356955 9.9991E-05
0.223428 0.00300811 0.106288 0.150116 0.352751 0.164409
0.173242 0.248915 0.144561 0.277376 0.00825406 0.147652
0.180013 0.658168 0.0822842 9.9991E-05 0.0543179 0.0251175
0.0722114 0.218177 0.585755 0.0112909 0.0818574 0.0307085
0.182121 0.432465 0.0526546 0.0301767 0.150911 0.151672
0.033728 0.00166423 0.0946074 0.449749 0.305187 0.115064
0.195444 0.536759 0.0741479 0.178207 0.0153427 9.9991E-05
0.151967 0.534966 0.0470212 0.0831021 0.146352 0.0365913
0.311314 0.225347 9.9991E-05 0.269267 0.0338984 0.160073
0.017393 9.9964E-05 9.9964E-05 0.982207 9.9964E-05 9.9964E-05
0.0934624 0.637876 0.0214295 0.0739321 9.9991E-05 0.1732
9.9973E-05 9.9973E-05 0.144347 0.726514 9.9973E-05 0.128839
0.15197 0.437447 0.152557 9.9991E-05 0.161876 0.0960501
0.131878 0.259293 9.9991E-05 0.300087 0.278304 0.0303382
0.0477157 0.321416 9.9991E-05 0.299174 0.24983 0.0817636
0.0236786 0.496312 0.0747767 0.16115 0.18386 0.0602228
0.0118587 0.525862 0.077379 0.222287 0.0710896 0.0915241
9.9973E-05 0.375984 0.109008 0.514708 9.9973E-05 9.9973E-05
0.0917502 9.9991E-05 0.0268541 0.515296 0.329379 0.0366206
0.222196 0.395688 0.0221536 0.146686 9.9991E-05 0.213177
0.0902931 0.38981 0.0322183 0.322983 0.164595 9.9991E-05
0.179408 0.553067 9.9982E-05 0.00687124 0.260454 9.9982E-05
0.0899931 0.262736 0.0448585 0.248301 0.318489 0.0356218
0.0875682 0.147979 0.0886662 0.328221 0.347466 9.9991E-05
0.291313 9.9991E-05 0.0670046 0.406941 0.0955009 0.139141
0.188539 0.21122 0.133795 0.152703 0.258176 0.0555671
0.0691225 0.231786 0.0101314 0.0265163 0.648879 0.0135651
0.184251 0.0783657 0.133312 0.0916179 0.278201 0.234252
9.9982E-05 9.9982E-05 0.233679 0.280753 0.431533 0.0538362
0.166209 0.576914 0.0451162 0.1498 9.9991E-05 0.0618605
0.0633019 9.9991E-05 0.0130154 0.278625 0.385305 0.259652
0.00801619 0.361762 0.166816 0.334844 9.9991E-05 0.128462
0.122708 0.510169 0.0153395 0.146723 0.190832 0.014228
0.186708 0.108889 9.9991E-05 0.301825 0.189422 0.213056
0.0929589 0.906641 9.9964E-05 9.9964E-05 9.9964E-05 9.9964E-05
0.260863 0.42235 9.9991E-05 0.240805 0.0523909 0.0234903
0.353165 0.36514 0.000159699 0.180573 0.100862 9.9991E-05
9.9964E-05 0.0443961 0.955204 9.9964E-05 9.9964E-05 9.9964E-05
9.9982E-05 0.337783 9.9982E-05 0.384357 0.0912897 0.18637
9.9982E-05 0.232012 9.9982E-05 0.685295 0.0673757 0.0151171
0.0102332 0.611175 9.9973E-05 0.378292 9.9973E-05 9.9973E-05
0.216478 0.550666 0.0606998 0.00575943 0.145974 0.0204228
0.0998667 0.532617 0.0315023 0.335815 9.9982E-05 9.9982E-05
0.196479 0.159015 0.175428 0.143435 0.210532 0.115112
0.0912708 0.25552 0.208335 9.9991E-05 0.167101 0.277673
0.344079 0.100356 9.9991E-05 0.349952 0.196419 0.00909347
0.400986 0.418692 0.00602418 0.0900238 0.0841734 9.9991E-05
0.102915 0.250807 0.0565802 9.9991E-05 0.434017 0.155582
0.150555 0.0801445 0.0994562 0.181753 0.231272 0.256819
0.16128 0.0351345 0.0674601 9.9991E-05 0.585548 0.150478
0.281898 0.673159 9.9982E-05 9.9982E-05 0.000773164 0.0439704
0.0989574 0.881093 9.9973E-05 9.9973E-05 9.9973E-05 0.01965
9.9964E-05 0.995993 9.9964E-05 9.9964E-05 9.9964E-05 0.00360668
0.203543 0.699834 0.0184493 9.9991E-05 0.0611058 0.0169681
0.148987 0.385694 0.0596566 0.201668 0.170303 0.0336906
0.166576 0.388716 0.0355615 0.380275 9.9991E-05 0.0287712
9.9991E-05 0.285314 0.290483 0.234133 0.0859427 0.104026
0.205318 0.306948 0.0547061 9.9991E-05 0.366255 0.0666721
0.330774 0.570309 0.0232867 0.0754312 9.9982E-05 9.9982E-05
9.9982E-05 0.202035 9.9982E-05 0.481152 0.202559 0.114054
0.111656 0.173803 9.9973E-05 0.714241 9.9973E-05 9.9973E-05
0.263679 0.0979193 9.9991E-05 0.228389 0.237853 0.17206
0.270026 0.150067 0.15328 0.284205 0.0556705 0.0867515
0.056388 0.133008 9.9991E-05 0.607306 0.193448 0.00974878
9.9964E-05 9.9964E-05 0.985495 9.9964E-05 9.9964E-05 0.0141055
0.264809 0.0644982 0.00609889 0.436512 0.0785992 0.149483
0.169812 0.545868 9.9973E-05 0.28402 9.9973E-05 9.9973E-05
0.288545 0.16181 0.105197 0.152093 0.277935 0.0144201
0.108969 0.670325 9.9982E-05 0.160894 9.9982E-05 0.0596113
9.9982E-05 0.770903 0.0792654 0.133178 9.9982E-05 0.0164538
9.9991E-05 0.151189 0.0667341 0.434096 0.192983 0.154898
0.190983 0.499432 9.9982E-05 0.192153 9.9982E-05 0.117232
0.544098 9.9973E-05 0.344129 0.111473 9.9973E-05 9.9973E-05
0.0671103 0.323813 0.286005 0.261578 0.0613943 9.9991E-05
0.215087 0.272376 0.0505153 0.34919 0.0489914 0.0638393
9.996E-05 9.996E-05 0.9995 9.996E-05 9.996E-05 9.996E-05
0.157965 0.298679 0.0728425 9.9991E-05 0.248449 0.221965
9.996E-05 9.996E-05 9.996E-05 9.996E-05 9.996E-05 0.9995
0.0664197 0.0261232 0.106327 0.352648 0.319547 0.128935
0.0337682 0.263786 9.9991E-05 0.0963656 0.56884 0.0371399
0.122375 0.262638 0.0265109 0.219662 0.361088 0.0077249
0.0847109 0.365963 0.0639863 0.442313 0.0161494 0.0268777
0.182719 0.35988 0.143144 9.9991E-05 0.231251 0.0829062
0.171653 0.305111 9.9982E-05 0.448669 0.0743667 9.9982E-05
0.193267 0.563674 9.9982E-05 9.9982E-05 0.158218 0.0846413
0.291933 0.304168 0.0514331 0.250703 9.9991E-05 0.101664
0.0138108 0.472484 0.071445 0.0765268 0.31012 0.0556135
0.383857 0.140668 0.389624 0.0182513 0.0281977 0.0394028
0.0039052 0.332148 0.0719303 0.159922 0.281572 0.150523
9.996E-05 9.996E-05 0.9995 9.996E-05 9.996E-05 9.996E-05
0.044826 0.124766 0.079115 0.336346 0.103023 0.311924
0.0507024 0.377154 9.9982E-05 0.48758 0.084364 9.9982E-05
0.0235676 0.773571 0.0966065 9.9991E-05 0.10098 0.00517473
0.381694 0.103739 9.9982E-05 0.397596 9.9982E-05 0.11677
0.0598224 0.613133 0.121626 0.130222 9.9991E-05 0.0750958
0.39697 0.210534 0.300013 0.089173 9.9991E-05 0.00320957
9.9991E-05 0.61058 0.234367 0.0673242 0.0369332 0.0506949
0.164028 0.424519 9.9991E-05 0.0169333 0.343418 0.0510024
0.294583 9.9991E-05 0.145328 0.241446 0.236168 0.0823738
0.474642 0.156956 9.9973E-05 9.9973E-05 0.368102 9.9973E-05
0.111979 0.129856 9.9991E-05 0.416115 0.265855 0.0760955
0.123904 0.379395 0.050195 0.353091 0.0443158 0.0490992
0.0468249 0.250664 9.9991E-05 0.26582 0.399944 0.0366464
9.9982E-05 9.9982E-05 0.158156 0.6226 0.145286 0.0737578
0.144019 0.178238 0.014008 0.663535 9.9982E-05 9.9982E-05
0.138554 0.760161 0.0698072 9.9991E-05 0.0167801 0.0145969
0.137707 0.461203 0.36761 9.9991E-05 0.0194534 0.0139272
0.148865 0.504153 0.129001 9.9982E-05 0.217781 9.9982E-05
0.0651164 0.458644 0.0414256 0.357887 9.9991E-05 0.0768264
0.296238 0.116473 0.066646 0.323491 0.045362 0.15179
9.996E-05 9.996E-05 9.996E-05 9.996E-05 0.9995 9.996E-05
9.996E-05 9.996E-05 9.996E-05 9.996E-05 0.9995 9.996E-05
0.141863 0.118681 0.0593379 0.401105 0.205921 0.0730928
0.125467 0.708695 0.0120788 0.102019 9.9991E-05 0.0516409
0.278521 0.313336 0.130067 0.0982107 0.0365409 0.143324
0.353477 0.268243 9.9991E-05 0.0282927 0.195368 0.154519
0.0685465 0.279336 0.184362 0.229099 0.126714 0.111941
0.172967 0.0105672 0.0616339 0.528819 0.0519948 0.174018
0.168852 0.649873 0.0426045 9.9991E-05 0.0845199 0.0540512
0.181966 0.247469 0.367931 0.169488 9.9991E-05 0.0330456
0.357489 0.304809 9.9982E-05 9.9982E-05 0.224905 0.112598
0.9995 9.996E-05 9.996E-05 9.996E-05 9.996E-05 9.996E-05
0.159753 0.339255 9.9982E-05 0.417507 9.9982E-05 0.0832853
9.9991E-05 0.474144 0.0279587 0.116204 0.17592 0.205673
0.148927 9.9991E-05 0.035625 0.390007 0.306492 0.118849
0.114833 0.299489 9.9991E-05 0.298839 0.097574 0.189165
0.187018 0.158986 0.137271 0.369865 0.0902 0.0566599
0.238407 0.173692 0.0452417 0.247067 0.261107 0.0344853
0.155065 0.227892 0.0798186 0.265668 0.271457 9.9991E-05
0.307393 0.331548 0.0958066 0.0863496 0.177574 0.00132964
0.1176 0.374849 9.9991E-05 0.394658 0.070719 0.0420746
0.196761 0.385767 0.132457 0.143318 9.9991E-05 0.141598
9.9973E-05 0.339131 0.16836 0.492209 9.9973E-05 9.9973E-05
0.137195 0.307269 0.22534 0.199014 0.109114 0.0220685
0.164518 0.511961 0.0278731 0.268386 9.9991E-05 0.0271616
0.9995 9.996E-05 9.996E-05 9.996E-05 9.996E-05 9.996E-05
0.787951 9.9973E-05 9.9973E-05 0.0374757 0.174274 9.9973E-05
9.9982E-05 0.604208 0.00319687 9.9982E-05 0.299761 0.0926345
0.0834451 0.162294 9.9991E-05 0.344727 0.266824 0.14261
9.9973E-05 0.0754422 0.0188751 0.905383 9.9973E-05 9.9973E-05
0.098074 0.351124 9.9991E-05 0.252913 0.257962 0.0398265
0.146383 0.159617 9.9991E-05 0.189863 0.350443 0.153594
9.996E-05 9.996E-05 9.996E-05 9.996E-05 0.9995 9.996E-05
0.376018 0.303306 0.0729381 0.247538 9.9982E-05 9.9982E-05
0.090097 0.228923 0.146618 0.156727 0.368842 0.0087928
0.165636 9.9991E-05 0.0953987 0.265867 0.346461 0.126537
0.231079 0.227359 0.0854604 0.405989 0.00501761 0.0450954
0.0603395 9.9982E-05 9.9982E-05 0.222537 0.558872 0.158051
0.151194 0.577087 9.9991E-05 0.106085 0.144063 0.0214706
0.0766091 0.476868 0.0964117 9.9991E-05 0.159823 0.190189
0.368395 0.221255 9.9991E-05 0.124652 0.242911 0.0426865
9.9991E-05 0.196336 0.125912 0.0145996 0.564168 0.0988851
9.996E-05 9.996E-05 9.996E-05 9.996E-05 9.996E-05 0.9995
0.0111717 0.16682 0.112362 0.30715 0.260101 0.142396
0.495866 0.0443942 0.124254 9.9991E-05 0.249596 0.0857898
0.388723 0.130591 0.0630893 0.327847 0.0362206 0.0535297
0.103779 0.187336 0.00814049 0.459859 0.185994 0.0548923
0.0641109 0.212748 0.159536 0.430229 0.133277 9.9991E-05
0.0229453 0.164414 0.035342 0.483591 0.254327 0.0393796
9.996E-05 9.996E-05 9.996E-05 9.996E-05 9.996E-05 0.9995
0.277192 0.388801 0.0699822 0.263824 9.9982E-05 9.9982E-05
0.167007 0.139835 0.0454649 0.247425 0.202108 0.19816
0.0181331 0.482007 9.9982E-05 0.36838 0.13128 9.9982E-05
0.0507569 9.9982E-05 0.124005 0.353657 0.471381 9.9982E-05
