9.99551E-05 0.477425 0.200876 0.114392 0.202387 9.99551E-05 9.99551E-05 9.99551E-05 9.99551E-05 0.00442045
0.0274574 0.159845 0.54751 0.0193235 0.0710088 9.99642E-05 9.99642E-05 0.174456 9.99642E-05 9.99642E-05
0.0159252 0.415312 0.202085 9.99642E-05 0.192855 9.99642E-05 9.99642E-05 9.99642E-05 0.0389246 0.134498
0.0237353 0.117581 0.46184 0.12012 9.99731E-05 9.99731E-05 0.0976074 9.99731E-05 0.0735523 0.105264
0.19677 0.380488 0.194302 9.99551E-05 9.99551E-05 9.99551E-05 9.99551E-05 0.192078 9.99551E-05 0.0358623
9.99641E-05 0.260337 0.462091 0.0413239 9.99641E-05 0.00011928 9.99641E-05 0.0193044 0.216424 9.99641E-05
0.0656383 0.0677678 0.241027 9.99731E-05 0.174676 0.0830518 0.170168 0.197371 9.99731E-05 9.99731E-05
0.102238 0.520985 9.99642E-05 9.99642E-05 0.0468921 9.99642E-05 0.243219 9.99642E-05 0.041857 0.0444094
9.99552E-05 9.99552E-05 0.0339038 9.99552E-05 9.99552E-05 0.412399 0.380024 0.0276422 0.145531 9.99552E-05
9.99552E-05 0.10095 9.99552E-05 9.99552E-05 0.339027 0.3143 9.99552E-05 9.99552E-05 0.173162 0.0720608
0.0667111 0.146657 0.106327 9.9964E-05 9.9964E-05 0.38689 9.9964E-05 9.9964E-05 0.214196 0.0788185
0.277708 9.99552E-05 0.0731635 9.99552E-05 9.99552E-05 0.0608265 0.567776 0.0200254 9.99552E-05 9.99552E-05
9.99551E-05 9.99551E-05 9.99551E-05 9.99551E-05 0.0224242 9.99551E-05 0.663322 0.178349 0.0152222 0.120183
0.151973 0.0994054 9.9964E-05 0.0566334 0.219443 9.9964E-05 9.9964E-05 0.27154 9.9964E-05 0.200605
9.99552E-05 9.99552E-05 9.99552E-05 0.917116 9.99552E-05 0.0131432 0.0203885 0.0171647 0.031688 9.99552E-05
0.102241 0.223235 9.99462E-05 9.99462E-05 9.99462E-05 9.99462E-05 9.99462E-05 0.353018 9.99462E-05 0.320907
9.99462E-05 9.99462E-05 0.44787 0.297373 0.0323358 9.99462E-05 9.99462E-05 0.221822 9.99462E-05 9.99462E-05
0.0942908 9.99642E-05 0.190231 0.118479 0.310129 0.102396 9.99642E-05 9.99642E-05 0.184075 9.99642E-05
9.99462E-05 0.115601 9.99462E-05 0.26937 9.99462E-05 0.0686266 0.545803 9.99462E-05 9.99462E-05 9.99462E-05
0.0649732 0.363957 9.99553E-05 9.99553E-05 0.303271 9.99553E-05 9.99553E-05 0.154575 0.112725 9.99553E-05
0.00869857 9.99462E-05 9.99462E-05 9.99462E-05 0.701831 9.99462E-05 9.99462E-05 9.99462E-05 0.206873 0.0819976
9.99461E-05 0.0460231 9.99461E-05 9.99461E-05 9.99461E-05 0.387898 0.410346 9.99461E-05 9.99461E-05 0.155134
0.0633657 9.99552E-05 0.600382 0.242615 9.99552E-05 0.0234093 9.99552E-05 9.99552E-05 0.0697278 9.99552E-05
0.00704613 0.0381029 0.724688 9.99554E-05 9.99554E-05 0.0439458 9.99554E-05 9.99554E-05 9.99554E-05 0.185717
0.074906 0.0463745 0.443968 0.00938647 9.99731E-05 0.0842732 9.99731E-05 9.99731E-05 0.207858 0.132934
0.168722 0.297969 0.278254 0.0728269 9.9964E-05 0.0925549 9.9964E-05 9.9964E-05 9.9964E-05 0.0892728
0.220942 0.157476 9.99551E-05 9.99551E-05 0.283277 0.0957605 9.99551E-05 9.99551E-05 9.99551E-05 0.242044
9.99463E-05 0.231504 9.99463E-05 0.397638 9.99463E-05 0.329711 9.99463E-05 0.0405467 9.99463E-05 9.99463E-05
0.0571512 0.141391 9.9964E-05 9.9964E-05 0.150107 9.9964E-05 0.160934 0.194236 0.295781 9.9964E-05
9.99282E-05 9.99282E-05 9.99282E-05 9.99282E-05 9.99282E-05 0.153 9.99282E-05 9.99282E-05 9.99282E-05 0.8462
0.103247 0.118891 0.00354034 9.99641E-05 0.0773618 0.601236 9.99641E-05 9.99641E-05 0.0953235 9.99641E-05
0.150185 0.130925 9.99641E-05 9.99641E-05 9.99641E-05 9.99641E-05 0.355739 0.156198 0.110563 0.0959893
9.99463E-05 9.99463E-05 9.99463E-05 9.99463E-05 0.203052 0.519455 9.99463E-05 0.02215 9.99463E-05 0.254743
9.99731E-05 0.375303 0.0547076 9.99731E-05 0.0219088 9.99731E-05 0.419505 0.113999 0.00515093 0.00912547
0.127994 0.250264 0.53838 9.9946E-05 9.9946E-05 9.9946E-05 9.9946E-05 9.9946E-05 9.9946E-05 0.0827618
9.99372E-05 9.99372E-05 0.134897 9.99372E-05 0.675495 9.99372E-05 9.99372E-05 0.188908 9.99372E-05 9.99372E-05
0.201357 0.299655 0.338544 9.99463E-05 9.99463E-05 0.159844 9.99463E-05 9.99463E-05 9.99463E-05 9.99463E-05
9.996E-05 0.0700398 0.525795 0.0801261 9.996E-05 0.125107 9.996E-05 9.996E-05 0.0820207 0.116512
0.124543 0.298505 0.286431 0.00501008 0.188393 0.0390421 0.0151921 9.99911E-05 0.000225963 0.0425583
9.99641E-05 0.198931 0.350492 0.132317 9.99641E-05 9.99641E-05 0.139484 9.99641E-05 0.110352 0.0680247
0.132458 9.99732E-05 0.410745 0.0179722 0.20615 9.99732E-05 0.220856 0.00545942 9.99732E-05 0.0060594
0.10959 9.99642E-05 0.253387 9.99642E-05 0.270963 0.233983 0.0870229 9.99642E-05 9.99642E-05 0.0446548
0.0729929 9.9964E-05 0.128198 9.9964E-05 0.23885 0.327191 0.114439 0.11793 9.9964E-05 9.9964E-05
0.0180443 0.146776 0.10457 0.502349 9.99642E-05 9.99642E-05 9.99642E-05 9.99642E-05 0.193351 0.0345092
0.134271 0.0340107 9.998E-05 0.0578372 0.0500925 9.998E-05 0.433761 0.0876716 0.0805659 0.12159
0.036917 0.166553 0.0374041 0.47394 0.18312 9.99821E-05 0.0335388 0.0278587 0.0404678 9.99821E-05
9.99372E-05 9.99372E-05 0.256627 9.99372E-05 0.458525 9.99372E-05 0.284149 9.99372E-05 9.99372E-05 9.99372E-05
0.220531 9.9973E-05 0.136214 0.0035684 0.267342 0.282358 0.0464473 0.0432402 9.9973E-05 9.9973E-05
9.99464E-05 0.133042 9.99464E-05 0.106226 0.152613 9.99464E-05 0.60752 9.99464E-05 9.99464E-05 9.99464E-05
0.0483642 0.550239 0.0155909 9.9955E-05 0.323374 9.9955E-05 9.9955E-05 9.9955E-05 9.9955E-05 0.0619321
9.996E-05 0.539241 0.196491 0.0628385 9.996E-05 0.0168151 9.996E-05 9.996E-05 0.104885 0.0793295
0.0648341 9.99731E-05 0.317057 9.99731E-05 0.144627 0.0524023 9.99731E-05 0.0177189 0.371979 0.0310821
9.99551E-05 0.146013 0.446923 0.0233207 9.99551E-05 0.299259 0.0839846 9.99551E-05 9.99551E-05 9.99551E-05
9.9964E-05 0.117932 9.9964E-05 0.232896 9.9964E-05 9.9964E-05 0.201312 0.00419982 0.147648 0.295613
0.0405783 9.99461E-05 9.99461E-05 0.0944703 9.99461E-05 9.99461E-05 9.99461E-05 0.78062 0.0837313 9.99461E-05
0.0475809 0.162461 9.995E-05 0.18263 9.995E-05 0.420853 9.995E-05 0.185976 9.995E-05 9.995E-05
9.99462E-05 9.99462E-05 0.669659 0.199413 9.99462E-05 9.99462E-05 9.99462E-05 0.0913267 9.99462E-05 0.0390015
9.99284E-05 9.99284E-05 9.99284E-05 9.99284E-05 9.99284E-05 0.380533 9.99284E-05 0.618668 9.99284E-05 9.99284E-05
0.304495 9.99731E-05 9.99731E-05 0.075504 9.99731E-05 0.105175 0.0111313 0.193426 0.302335 0.00763291
0.0390631 0.0616485 0.347164 9.99461E-05 0.551525 9.99461E-05 9.99461E-05 9.99461E-05 9.99461E-05 9.99461E-05
9.998E-05 0.410042 0.0330697 0.0591701 0.0175365 0.0551599 0.204013 9.998E-05 0.138976 0.0818323
0.393996 9.99461E-05 0.45772 0.0564248 0.0912597 9.99461E-05 9.99461E-05 9.99461E-05 9.99461E-05 9.99461E-05
0.0612589 0.0342426 9.9955E-05 9.9955E-05 0.0886899 0.341695 0.473614 9.9955E-05 9.9955E-05 9.9955E-05
0.0337802 0.101133 0.101986 9.99641E-05 0.146853 9.99641E-05 9.99641E-05 9.99641E-05 0.0276931 0.588155
9.99372E-05 0.565561 9.99372E-05 9.99372E-05 9.99372E-05 0.372469 9.99372E-05 9.99372E-05 9.99372E-05 0.0612709
9.995E-05 9.995E-05 9.995E-05 0.163976 0.307759 9.995E-05 0.436487 9.995E-05 0.0598249 0.0314544
9.99462E-05 0.194003 0.540629 0.104178 0.160591 9.99462E-05 9.99462E-05 9.99462E-05 9.99462E-05 9.99462E-05
0.253659 0.267692 9.99551E-05 0.169645 9.99551E-05 0.169203 0.139301 9.99551E-05 9.99551E-05 9.99551E-05
0.136528 0.364645 9.99551E-05 0.236742 9.99551E-05 9.99551E-05 0.256517 9.99551E-05 0.00506798 9.99551E-05
9.99462E-05 0.189296 9.99462E-05 9.99462E-05 0.585995 9.99462E-05 0.0753067 9.99462E-05 9.99462E-05 0.148803
0.183504 0.0682108 0.0334956 0.0574058 9.9991E-05 0.220596 0.174728 0.0400022 0.218848 0.00310949
0.24279 9.99641E-05 0.144651 0.0526454 0.0179625 0.039143 0.502409 9.99641E-05 9.99641E-05 9.99641E-05
0.167482 0.0827675 0.0773912 9.99463E-05 9.99463E-05 9.99463E-05 9.99463E-05 0.67176 9.99463E-05 9.99463E-05
0.139061 0.238813 0.171033 0.370507 9.99552E-05 9.99552E-05 0.0800867 9.99552E-05 9.99552E-05 9.99552E-05
9.99554E-05 0.520357 0.24738 9.99554E-05 9.99554E-05 9.99554E-05 0.0986513 0.10731 9.99554E-05 0.0258026
0.146224 0.293687 0.0723055 9.99641E-05 9.99641E-05 0.00365789 0.212773 0.270953 9.99641E-05 9.99641E-05
9.99201E-05 9.99201E-05 9.99201E-05 0.999101 9.99201E-05 9.99201E-05 9.99201E-05 9.99201E-05 9.99201E-05 9.99201E-05
0.30987 9.99551E-05 0.0462668 9.99551E-05 9.99551E-05 0.192869 0.116736 9.99551E-05 0.333759 9.99551E-05
0.0876272 0.21748 9.99731E-05 0.0534144 0.0397482 9.99731E-05 0.294125 9.99731E-05 0.277338 0.0299669
0.0521026 0.0011843 9.9973E-05 0.106529 9.9973E-05 9.9973E-05 0.236899 0.333796 0.197846 0.0713439
0.204506 0.608514 0.0577086 0.0623541 9.99552E-05 9.99552E-05 9.99552E-05 0.0664183 9.99552E-05 9.99552E-05
0.00921791 0.221892 0.23857 9.99732E-05 0.0710016 9.99732E-05 0.157626 0.210745 0.090647 9.99732E-05
9.99642E-05 0.00117901 0.264118 9.99642E-05 0.546654 0.0196274 9.99642E-05 0.133599 0.0344238 9.99642E-05
9.99372E-05 9.99372E-05 9.99372E-05 9.99372E-05 9.99372E-05 9.99372E-05 0.666262 9.99372E-05 0.243309 0.0897295
0.219487 9.99641E-05 0.37393 0.209908 0.123065 0.0225976 9.99641E-05 9.99641E-05 9.99641E-05 0.0506123
0.118734 9.9946E-05 0.239484 0.275861 0.365322 9.9946E-05 9.9946E-05 9.9946E-05 9.9946E-05 9.9946E-05
9.99552E-05 9.99552E-05 0.0468466 9.99552E-05 0.507635 9.99552E-05 0.082109 0.23131 9.99552E-05 0.131599
9.99462E-05 9.99462E-05 0.63587 9.99462E-05 9.99462E-05 9.99462E-05 0.201696 0.0166656 9.99462E-05 0.145168
9.99731E-05 0.0792434 9.99731E-05 0.122016 0.0887472 0.138624 0.0780381 9.99731E-05 0.281937 0.211095
9.99731E-05 0.244478 9.99731E-05 9.99731E-05 0.0357081 0.112173 0.483783 0.0888465 0.0325151 0.00219631
9.99285E-05 9.99285E-05 9.99285E-05 0.185069 9.99285E-05 9.99285E-05 9.99285E-05 9.99285E-05 9.99285E-05 0.814132
0.0515281 9.99641E-05 0.0721173 9.99641E-05 0.441596 9.99641E-05 9.99641E-05 0.27144 0.0346767 0.128242
0.122394 9.99642E-05 0.278338 9.99642E-05 0.21446 9.99642E-05 0.182109 0.163713 9.99642E-05 0.038587
9.99552E-05 9.99552E-05 0.232119 9.99552E-05 0.218171 0.110836 9.99552E-05 0.13224 0.306135 9.99552E-05
0.165664 9.99551E-05 9.99551E-05 9.99551E-05 0.22044 0.19115 0.37972 9.99551E-05 9.99551E-05 0.0425268
0.0476416 9.9964E-05 0.194716 9.9964E-05 0.00680766 9.9964E-05 0.304449 0.195796 0.25019 9.9964E-05
9.99551E-05 9.99551E-05 0.250761 9.99551E-05 0.397769 0.310121 9.99551E-05 0.0109881 9.99551E-05 0.0298609
9.9955E-05 9.9955E-05 9.9955E-05 0.387943 0.328023 0.116511 0.0593589 0.107664 9.9955E-05 9.9955E-05
0.0154888 0.298795 9.99461E-05 9.99461E-05 9.99461E-05 0.122114 9.99461E-05 9.99461E-05 9.99461E-05 0.563003
0.0719792 9.99641E-05 0.712616 9.99641E-05 0.00431346 0.115202 9.99641E-05 9.99641E-05 0.0113884 0.0841017
9.99283E-05 9.99283E-05 0.113125 9.99283E-05 9.99283E-05 0.886076 9.99283E-05 9.99283E-05 9.99283E-05 9.99283E-05
9.99373E-05 9.99373E-05 0.118448 9.99373E-05 9.99373E-05 0.110556 9.99373E-05 9.99373E-05 9.99373E-05 0.770297
9.99374E-05 9.99374E-05 0.316501 9.99374E-05 9.99374E-05 0.529068 9.99374E-05 9.99374E-05 0.153732 9.99374E-05
9.99372E-05 9.99372E-05 0.0739332 9.99372E-05 9.99372E-05 9.99372E-05 9.99372E-05 9.99372E-05 0.901748 0.0236196
9.9964E-05 0.508716 0.0146403 0.0925864 0.122674 9.9964E-05 0.11969 9.9964E-05 0.141293 9.9964E-05
0.0662554 9.995E-05 0.339371 0.1403 9.995E-05 0.0649882 0.388586 9.995E-05 9.995E-05 9.995E-05
9.99731E-05 0.0436666 0.292347 9.99731E-05 0.00339965 0.00248357 0.375249 0.271122 0.0114321 9.99731E-05
9.99462E-05 0.680697 9.99462E-05 0.0565961 0.000940695 0.261166 9.99462E-05 9.99462E-05 9.99462E-05 9.99462E-05
9.99553E-05 0.535668 0.17399 9.99553E-05 0.0614585 0.067541 0.160843 9.99553E-05 9.99553E-05 9.99553E-05
0.0588788 0.401573 9.99553E-05 9.99553E-05 9.99553E-05 9.99553E-05 0.0351074 9.99553E-05 0.269715 0.234226
9.99552E-05 9.99552E-05 9.99552E-05 9.99552E-05 0.148445 0.140015 0.0535203 0.304619 9.99552E-05 0.352901
0.0623485 0.274249 9.996E-05 0.405904 0.0694169 9.996E-05 9.996E-05 9.996E-05 0.0154423 0.172239
9.99373E-05 9.99373E-05 9.99373E-05 9.99373E-05 0.0924846 9.99373E-05 9.99373E-05 0.14747 9.99373E-05 0.759346
9.99462E-05 0.512708 9.99462E-05 9.99462E-05 9.99462E-05 9.99462E-05 0.0438982 0.373378 0.069416 9.99462E-05
9.99283E-05 9.99283E-05 0.513574 9.99283E-05 9.99283E-05 9.99283E-05 9.99283E-05 9.99283E-05 9.99283E-05 0.485627
9.99462E-05 9.99462E-05 9.99462E-05 0.183862 9.99462E-05 0.167897 9.99462E-05 0.389991 0.25765 9.99462E-05
9.99551E-05 9.99551E-05 0.0909225 0.311968 0.287245 9.99551E-05 0.308357 9.99551E-05 9.99551E-05 0.00100746
9.99372E-05 0.221506 9.99372E-05 9.99372E-05 9.99372E-05 0.136057 0.641738 9.99372E-05 9.99372E-05 9.99372E-05
0.179288 0.127603 9.9964E-05 0.0692658 9.9964E-05 0.185344 9.9964E-05 9.9964E-05 0.141267 0.296833
9.9964E-05 0.115315 0.352441 0.261775 0.0449275 9.9964E-05 9.9964E-05 0.131494 0.093647 9.9964E-05
9.99551E-05 9.99551E-05 0.138129 0.0204866 9.99551E-05 0.479083 0.0446633 9.99551E-05 9.99551E-05 0.317138
9.99373E-05 9.99373E-05 0.669516 9.99373E-05 9.99373E-05 9.99373E-05 9.99373E-05 0.32609 0.00369426 9.99373E-05
9.99551E-05 0.367974 9.99551E-05 0.0396403 9.99551E-05 9.99551E-05 9.99551E-05 0.350918 0.217916 0.0230518
0.0531752 0.17509 9.99731E-05 9.99731E-05 0.373162 0.0647181 0.159314 0.0380429 0.136198 9.99731E-05
9.99642E-05 9.99642E-05 0.1091 0.463039 0.115666 0.152047 9.99642E-05 9.99642E-05 0.0574721 0.102276
0.118635 0.0921705 0.0855602 0.00229272 0.0403319 0.405724 0.223686 0.0112932 0.0202056 9.9991E-05
0.0764555 9.99642E-05 9.99642E-05 0.0621304 0.3419 9.99642E-05 0.138093 0.152601 9.99642E-05 0.228421
0.164548 0.3761 0.103199 0.101931 0.0599168 0.0255345 9.9982E-05 0.103636 9.9982E-05 0.0649343
9.99463E-05 0.0512361 9.99463E-05 9.99463E-05 0.369311 9.99463E-05 9.99463E-05 9.99463E-05 0.352119 0.226734
0.0165157 0.3595 9.99642E-05 9.99642E-05 0.319464 9.99642E-05 9.99642E-05 0.131873 0.0395506 0.132696
9.99642E-05 9.99642E-05 0.0504692 0.290605 0.18669 0.385828 9.99642E-05 0.0491167 0.0368915 9.99642E-05
9.9955E-05 0.276621 0.431035 9.9955E-05 0.181157 9.9955E-05 9.9955E-05 0.0695671 0.0411196 9.9955E-05
0.0551761 0.113167 9.996E-05 9.996E-05 9.996E-05 0.277074 0.333208 0.0777589 0.143216 9.996E-05
0.19874 0.317666 9.99462E-05 9.99462E-05 9.99462E-05 0.111788 9.99462E-05 9.99462E-05 0.371206 9.99462E-05
0.034387 9.99552E-05 0.10122 9.99552E-05 0.592349 9.99552E-05 0.146524 9.99552E-05 0.125021 9.99552E-05
9.99374E-05 0.642862 0.115573 9.99374E-05 0.240865 9.99374E-05 9.99374E-05 9.99374E-05 9.99374E-05 9.99374E-05
9.99285E-05 0.948686 9.99285E-05 9.99285E-05 0.050515 9.99285E-05 9.99285E-05 9.99285E-05 9.99285E-05 9.99285E-05
9.99376E-05 0.838162 9.99376E-05 9.99376E-05 0.0753121 9.99376E-05 9.99376E-05 9.99376E-05 0.0858268 9.99376E-05
0.0697423 9.997E-05 0.109013 9.997E-05 0.281366 0.114221 0.265917 0.0207225 0.13872 9.997E-05
9.995E-05 0.254769 9.995E-05 0.672818 0.0155628 9.995E-05 9.995E-05 9.995E-05 0.0406711 0.0156792
0.00917734 0.408111 0.0752076 9.99642E-05 9.99642E-05 0.296404 9.99642E-05 0.065661 0.14504 9.99642E-05
9.99376E-05 9.99376E-05 0.898195 9.99376E-05 9.99376E-05 9.99376E-05 9.99376E-05 0.0862937 0.0148119 9.99376E-05
9.9973E-05 0.130961 9.9973E-05 0.0357093 0.343621 0.255794 9.9973E-05 0.107543 0.0311314 0.0949404
9.99464E-05 0.146753 0.0414479 9.99464E-05 9.99464E-05 0.787063 0.0241358 9.99464E-05 9.99464E-05 9.99464E-05
0.108779 9.99462E-05 9.99462E-05 0.2601 9.99462E-05 0.0267067 9.99462E-05 9.99462E-05 9.99462E-05 0.603814
9.99734E-05 0.3575 0.00713198 0.101185 9.99734E-05 9.99734E-05 0.15589 0.237615 0.0221294 0.118249
0.999101 9.99201E-05 9.99201E-05 9.99201E-05 9.99201E-05 9.99201E-05 9.99201E-05 9.99201E-05 9.99201E-05 9.99201E-05
9.996E-05 0.17555 0.0484089 9.996E-05 0.362476 9.996E-05 0.113072 9.996E-05 0.168348 0.131744
0.0415858 9.99731E-05 0.459673 9.99731E-05 0.0535533 9.99731E-05 0.0622353 0.19989 0.0466711 0.136092
0.47926 0.0165251 9.99821E-05 0.0859563 0.0255004 0.0868196 9.99821E-05 0.103561 0.129405 0.0727727
0.0781457 9.99553E-05 9.99553E-05 9.99553E-05 9.99553E-05 9.99553E-05 0.639213 0.0239326 0.203389 0.0548195
0.0723295 9.99551E-05 9.99551E-05 0.106883 0.140476 0.132215 0.547597 9.99551E-05 9.99551E-05 9.99551E-05
0.0318565 0.540029 9.9955E-05 9.9955E-05 0.170489 0.153728 9.9955E-05 0.103398 9.9955E-05 9.9955E-05
0.0651289 0.249876 0.0196044 9.99642E-05 9.99642E-05 0.39328 0.215439 0.0562718 9.99642E-05 9.99642E-05
0.167376 9.99376E-05 0.802715 9.99376E-05 0.0292093 9.99376E-05 9.99376E-05 9.99376E-05 9.99376E-05 9.99376E-05
0.0724643 0.372046 0.111652 9.99642E-05 0.161764 0.173581 9.99642E-05 9.99642E-05 0.108093 9.99642E-05
9.99551E-05 9.99551E-05 0.328042 9.99551E-05 0.00619839 9.99551E-05 0.0806422 0.270229 0.314389 9.99551E-05
0.0355944 0.224763 9.99553E-05 9.99553E-05 0.295977 0.420996 9.99553E-05 9.99553E-05 0.0221699 9.99553E-05
9.99374E-05 0.842186 0.019398 0.137717 9.99374E-05 9.99374E-05 9.99374E-05 9.99374E-05 9.99374E-05 9.99374E-05
9.99821E-05 0.320764 0.213463 0.0539097 0.191626 0.0509796 0.0571362 9.99821E-05 0.0218959 0.0900267
0.999101 9.99201E-05 9.99201E-05 9.99201E-05 9.99201E-05 9.99201E-05 9.99201E-05 9.99201E-05 9.99201E-05 9.99201E-05
0.180311 0.318092 9.99461E-05 9.99461E-05 0.195294 9.99461E-05 0.305703 9.99461E-05 9.99461E-05 9.99461E-05
0.0717951 0.234347 0.126408 9.99731E-05 9.99731E-05 9.99731E-05 0.387932 0.0570227 0.0902489 0.0319461
0.161044 9.99641E-05 0.0204108 0.515656 0.135998 0.0177757 9.99641E-05 0.148716 9.99641E-05 9.99641E-05
0.141092 9.99286E-05 9.99286E-05 9.99286E-05 9.99286E-05 9.99286E-05 0.858108 9.99286E-05 9.99286E-05 9.99286E-05
9.99462E-05 0.0638688 0.45686 9.99462E-05 9.99462E-05 9.99462E-05 0.410543 9.99462E-05 0.0681282 9.99462E-05
9.99641E-05 0.471368 9.99641E-05 0.0622108 0.0375366 0.277692 9.99641E-05 0.142813 9.99641E-05 0.00797988
9.995E-05 0.603362 9.995E-05 0.112214 9.995E-05 9.995E-05 0.140534 0.0794347 0.0639546 9.995E-05
0.0366885 9.99463E-05 0.152908 9.99463E-05 0.0832141 9.99463E-05 9.99463E-05 0.72659 9.99463E-05 9.99463E-05
0.0980921 9.999E-05 0.311188 0.0901096 0.0291582 0.199543 0.0945349 0.078349 0.0301916 0.0687335
0.012828 0.548635 0.170242 0.0644202 9.99642E-05 9.99642E-05 0.116965 9.99642E-05 9.99642E-05 0.0865098
0.017218 0.401279 0.0115101 0.129816 9.9973E-05 9.9973E-05 0.0592067 0.378685 0.00198535 9.9973E-05
9.99641E-05 0.0325579 0.13509 0.291749 9.99641E-05 0.0169312 9.99641E-05 0.315354 0.207918 9.99641E-05
0.000215088 0.298821 0.337962 9.99641E-05 0.249252 9.99641E-05 0.110667 9.99641E-05 9.99641E-05 0.00268326
9.99462E-05 0.82367 0.120026 0.0134003 9.99462E-05 0.0423042 9.99462E-05 9.99462E-05 9.99462E-05 9.99462E-05
9.99463E-05 0.499899 9.99463E-05 0.120224 9.99463E-05 9.99463E-05 0.047888 0.331389 9.99463E-05 9.99463E-05
0.110416 0.0149244 0.485717 9.99643E-05 9.99643E-05 9.99643E-05 0.272162 0.0817085 9.99643E-05 0.0346733
9.99373E-05 9.99373E-05 9.99373E-05 9.99373E-05 0.103809 9.99373E-05 9.99373E-05 0.0174857 0.878006 9.99373E-05
9.99285E-05 9.99285E-05 0.425149 9.99285E-05 0.574051 9.99285E-05 9.99285E-05 9.99285E-05 9.99285E-05 9.99285E-05
9.99641E-05 9.99641E-05 0.0105848 0.392195 0.27397 0.193166 0.013714 0.115971 9.99641E-05 9.99641E-05
0.234512 9.99463E-05 9.99463E-05 0.0842907 0.636328 9.99463E-05 0.04427 9.99463E-05 9.99463E-05 9.99463E-05
0.104078 9.99731E-05 9.99731E-05 0.169503 0.460161 0.132593 0.0482712 9.99731E-05 0.0392664 0.0458278
0.0640807 0.210342 0.309734 0.0302736 0.0818129 0.156918 0.114624 9.998E-05 0.0320155 9.998E-05
0.0402418 0.34167 9.99552E-05 9.99552E-05 9.99552E-05 9.99552E-05 0.292152 0.124957 9.99552E-05 0.20048
9.99201E-05 9.99201E-05 9.99201E-05 9.99201E-05 9.99201E-05 9.99201E-05 9.99201E-05 9.99201E-05 0.999101 9.99201E-05
0.00538697 0.0976325 9.99642E-05 0.259445 0.129666 9.99642E-05 0.267167 0.240302 9.99642E-05 9.99642E-05
0.00849417 0.340137 0.224843 9.99641E-05 9.99641E-05 9.99641E-05 0.34323 0.00416299 0.0787331 9.99641E-05
0.0484531 0.262856 0.469173 9.99731E-05 9.99731E-05 9.99731E-05 0.00749419 0.0786942 0.113101 0.0199279
9.99551E-05 9.99551E-05 0.583717 9.99551E-05 0.0225988 9.99551E-05 9.99551E-05 0.213462 0.155784 0.0239382
