9.99821E-05 0.214868 0.0929223 0.354287 0.337722 9.99821E-05
0.0561734 0.219425 0.0748935 0.339315 0.310094 9.9991E-05
0.0270045 9.9991E-05 0.12078 0.261793 0.274988 0.315335
9.99821E-05 9.99821E-05 0.114952 0.51593 0.155007 0.21391
0.457062 9.99821E-05 0.190853 0.266436 0.0854486 9.99821E-05
0.152609 9.99731E-05 9.99731E-05 0.430317 9.99731E-05 0.416773
0.393932 0.150088 0.126555 9.99821E-05 0.329225 9.99821E-05
0.275974 0.430961 0.0427505 0.250115 9.99821E-05 9.99821E-05
0.0382863 0.292182 0.0956404 9.99911E-05 0.540932 0.0328592
9.99732E-05 9.99732E-05 9.99732E-05 0.244959 0.333619 0.421123
9.99821E-05 9.99821E-05 0.12988 0.516246 0.135797 0.217876
0.0540489 0.451017 9.99732E-05 9.99732E-05 0.494635 9.99732E-05
0.178302 0.443582 0.176011 0.201905 9.99821E-05 9.99821E-05
0.372038 9.99821E-05 0.071566 0.341495 0.214701 9.99821E-05
0.0106053 0.419264 9.99821E-05 9.99821E-05 0.362142 0.207788
0.243828 0.0232721 0.44605 0.248322 0.0384274 9.9991E-05
0.254004 0.00933934 0.0997016 0.0709504 0.402883 0.163122
0.0440646 9.99821E-05 9.99821E-05 0.282593 0.365586 0.307556
9.99821E-05 0.518808 9.99821E-05 0.107835 0.343575 0.0295821
0.311773 0.0326042 0.0901377 9.9991E-05 0.141326 0.424059
9.99821E-05 9.99821E-05 0.0539556 0.129523 0.294435 0.521887
9.99821E-05 0.411839 0.264014 0.230385 0.0935626 9.99821E-05
0.0427338 9.9991E-05 0.285134 0.00154835 0.271777 0.398708
9.99641E-05 9.99641E-05 0.843627 0.155973 9.99641E-05 9.99641E-05
9.99731E-05 9.99731E-05 0.423674 0.336285 9.99731E-05 0.239741
9.9982E-05 0.104534 0.140389 0.432689 0.322188 9.9982E-05
9.9982E-05 0.106662 0.0417628 0.274031 0.577345 9.9982E-05
0.0947884 0.0343312 9.99732E-05 0.87058 9.99732E-05 9.99732E-05
0.227547 0.330701 9.9982E-05 0.228724 9.9982E-05 0.212828
0.112235 0.120543 0.713876 9.99821E-05 9.99821E-05 0.0531465
0.00535389 9.99821E-05 9.99821E-05 0.758557 0.182313 0.0535759
0.245607 0.485025 0.0238639 9.99821E-05 0.245304 9.99821E-05
0.289218 0.0178834 0.120182 9.9991E-05 0.0579504 0.514667
0.209284 0.277592 0.108271 0.322102 0.0826515 9.9991E-05
9.9973E-05 9.9973E-05 0.174138 0.691233 0.134329 9.9973E-05
0.569711 9.99821E-05 9.99821E-05 0.134335 0.167613 0.128141
9.99643E-05 9.99643E-05 9.99643E-05 0.825874 0.173726 9.99643E-05
9.99642E-05 9.99642E-05 0.256398 9.99642E-05 9.99642E-05 0.743202
0.0150758 0.112286 0.172337 0.479927 0.220274 9.99911E-05
9.99821E-05 0.301175 0.0126558 0.480289 9.99821E-05 0.205681
9.99732E-05 0.0497781 0.303285 9.99732E-05 0.646637 9.99732E-05
9.99732E-05 9.99732E-05 0.0580669 9.99732E-05 0.749432 0.192201
0.374143 0.114149 0.187255 0.00227163 0.179346 0.142836
9.99733E-05 9.99733E-05 9.99733E-05 0.824857 0.142165 0.0326786
0.0912939 0.541718 0.214698 9.99821E-05 0.152091 9.99821E-05
0.0317576 0.387313 0.00352532 0.151452 0.304989 0.120964
9.9991E-05 0.0674422 0.119531 0.048768 0.724337 0.0398212
0.0829126 9.99821E-05 9.99821E-05 0.00994803 0.693436 0.213504
9.99822E-05 0.629822 9.99822E-05 0.0248985 0.292424 0.0526558
0.0162541 0.0847323 0.0471918 0.7207 0.131021 9.9991E-05
9.99731E-05 0.137462 0.161706 0.700532 9.99731E-05 9.99731E-05
0.303321 9.99731E-05 9.99731E-05 9.99731E-05 0.048174 0.648205
9.99731E-05 9.99731E-05 0.209893 0.224976 0.564831 9.99731E-05
9.99731E-05 0.685775 0.197524 0.116402 9.99731E-05 9.99731E-05
0.859267 9.99641E-05 9.99641E-05 9.99641E-05 9.99641E-05 0.140334
0.263881 0.271877 9.99911E-05 0.0428645 0.314027 0.107251
0.204731 9.99821E-05 0.135452 0.457727 0.20189 9.99821E-05
0.958568 9.99732E-05 9.99732E-05 0.0312177 0.00991397 9.99732E-05
0.119011 0.205204 9.9982E-05 0.4303 0.245285 9.9982E-05
9.99731E-05 9.99731E-05 9.99731E-05 0.453725 0.301559 0.244417
9.99643E-05 0.0282146 9.99643E-05 0.971386 9.99643E-05 9.99643E-05
9.99821E-05 9.99821E-05 0.0592276 0.0730402 0.861908 0.00562399
0.0188776 0.0888837 9.9982E-05 0.368352 0.523687 9.9982E-05
9.99732E-05 0.0287888 0.59291 0.378001 9.99732E-05 9.99732E-05
0.189172 0.279139 0.119054 0.412435 9.99821E-05 9.99821E-05
9.99821E-05 0.2678 0.138801 0.0581258 0.535073 9.99821E-05
0.0711125 0.0110239 0.0772262 0.693254 9.9991E-05 0.147283
9.99731E-05 0.20927 9.99731E-05 0.455018 0.335412 9.99731E-05
9.9982E-05 0.749739 9.9982E-05 0.084192 0.128186 0.0376827
9.99911E-05 0.21208 0.0398543 0.402501 0.178387 0.167078
0.158793 0.0566985 9.9991E-05 0.0574155 0.523878 0.203116
9.99732E-05 0.261028 0.131657 9.99732E-05 0.607015 9.99732E-05
0.937879 9.99643E-05 9.99643E-05 0.0617215 9.99643E-05 9.99643E-05
9.99821E-05 0.399412 0.0560838 0.30124 0.243064 9.99821E-05
0.300419 0.0721577 0.156208 0.471016 9.99821E-05 9.99821E-05
0.252305 0.201445 9.99821E-05 0.0670782 0.478972 9.99821E-05
9.99733E-05 0.480987 0.187976 9.99733E-05 0.330737 9.99733E-05
9.99821E-05 9.99821E-05 0.0585705 0.404599 0.37221 0.164421
9.99821E-05 0.362345 0.0174818 0.6018 9.99821E-05 0.0181731
0.370034 0.29617 9.99821E-05 0.218331 9.99821E-05 0.115265
0.393968 9.99642E-05 9.99642E-05 0.605632 9.99642E-05 9.99642E-05
0.360071 0.191805 0.223061 9.99821E-05 9.99821E-05 0.224864
0.152408 9.99822E-05 9.99822E-05 0.393197 0.130856 0.323339
9.99731E-05 0.679464 0.261339 9.99731E-05 9.99731E-05 0.0588969
0.0909669 0.0399485 0.229122 0.105231 0.534631 9.9991E-05
9.9982E-05 0.0913706 9.9982E-05 0.316181 0.481048 0.1112
0.381189 0.233987 9.99821E-05 9.99821E-05 0.363103 0.0215213
0.0402971 9.99821E-05 0.622173 0.117002 0.220329 9.99821E-05
9.99821E-05 0.232928 0.182979 0.411948 9.99821E-05 0.171945
0.0143421 0.516712 0.115974 9.9991E-05 0.0367972 0.316075
9.99732E-05 0.0338729 0.844287 0.12154 9.99732E-05 9.99732E-05
0.411057 9.99911E-05 0.154074 0.0426555 0.30452 0.0875933
0.298204 9.99732E-05 0.157859 9.99732E-05 0.543636 9.99732E-05
0.175954 9.9991E-05 0.011078 0.0305654 0.387054 0.395249
0.0548095 0.218733 0.0833778 9.9991E-05 0.605823 0.0371572
0.315715 0.162508 0.0468702 0.112987 0.303223 0.0586971
0.155634 9.9991E-05 0.151538 0.363208 0.27247 0.0570507
0.120004 0.106626 9.99821E-05 9.99821E-05 0.546603 0.226567
9.99731E-05 0.0363957 0.509922 0.453382 9.99731E-05 9.99731E-05
0.0572469 9.9991E-05 0.419243 0.137512 0.165528 0.220369
0.0597401 9.99822E-05 0.124162 0.591075 0.224823 9.99822E-05
9.99642E-05 9.99642E-05 0.889562 9.99642E-05 9.99642E-05 0.110038
9.99732E-05 9.99732E-05 0.0694656 9.99732E-05 0.339252 0.590983
9.996E-05 9.996E-05 9.996E-05 9.996E-05 9.996E-05 0.9995
0.112036 0.267875 9.9982E-05 0.491049 9.9982E-05 0.12884
9.9991E-05 0.356447 0.179347 0.048597 0.403629 0.0118798
0.718628 0.179287 9.99821E-05 9.99821E-05 0.0740722 0.027813
0.113625 9.99821E-05 9.99821E-05 0.714918 0.00302081 0.168236
9.99821E-05 0.688188 9.99821E-05 0.127599 0.000945389 0.183068
9.99732E-05 0.221122 0.235092 9.99732E-05 9.99732E-05 0.543487
0.34847 0.0294497 0.409377 9.99821E-05 0.212503 9.99821E-05
9.99731E-05 0.369207 0.24232 0.388173 9.99731E-05 9.99731E-05
9.99732E-05 0.308444 0.676487 9.99732E-05 9.99732E-05 0.014769
0.547525 0.148797 9.99732E-05 0.303378 9.99732E-05 9.99732E-05
9.996E-05 9.996E-05 0.9995 9.996E-05 9.996E-05 9.996E-05
0.354641 0.0453105 9.99911E-05 0.15127 0.281606 0.167073
9.99731E-05 0.307924 9.99731E-05 0.253144 0.438632 9.99731E-05
0.176517 0.424874 0.0883815 0.205644 0.104483 9.9991E-05
9.99731E-05 0.426752 0.240006 0.332942 9.99731E-05 9.99731E-05
0.162493 0.19909 0.229923 0.0713603 0.0952912 0.241842
9.9991E-05 0.0392391 0.580861 0.127609 0.225382 0.0268081
0.38385 9.99821E-05 0.323912 0.160548 9.99821E-05 0.13149
0.471478 0.158112 0.0841778 0.0905609 9.9991E-05 0.195571
0.133243 0.240288 9.99821E-05 9.99821E-05 0.215243 0.411026
9.99821E-05 0.21203 0.110609 9.99821E-05 0.361637 0.315524
9.9991E-05 0.240165 0.0859368 0.218419 0.417643 0.0377368
0.268385 9.99732E-05 0.0817689 9.99732E-05 0.649546 9.99732E-05
9.99731E-05 0.156368 9.99731E-05 0.712693 0.130639 9.99731E-05
9.99732E-05 9.99732E-05 0.231654 0.0174218 9.99732E-05 0.750624
0.253718 0.167167 0.17668 9.9991E-05 0.169024 0.233312
9.99643E-05 9.99643E-05 9.99643E-05 9.99643E-05 0.72985 0.26975
0.178279 9.9991E-05 0.110662 0.347064 0.342415 0.02148
0.136345 0.129938 9.99821E-05 0.314361 0.419156 9.99821E-05
9.99821E-05 0.353906 9.99821E-05 0.0727861 0.0239567 0.549152
9.99641E-05 9.99641E-05 9.99641E-05 9.99641E-05 0.512238 0.487362
0.168866 0.346078 9.99821E-05 0.0686463 9.99821E-05 0.416209
0.0285582 0.567111 9.99821E-05 0.303754 9.99821E-05 0.100376
9.99821E-05 0.389345 0.0131765 0.20307 9.99821E-05 0.394208
0.0699589 0.378287 9.99821E-05 9.99821E-05 0.483319 0.0682344
9.99731E-05 0.537393 0.116462 0.345845 9.99731E-05 9.99731E-05
9.996E-05 9.996E-05 9.996E-05 0.9995 9.996E-05 9.996E-05
0.0939645 0.0546921 0.288778 9.99911E-05 0.0563516 0.506114
0.112365 9.9991E-05 0.0826498 0.0985149 0.387039 0.319331
9.99732E-05 9.99732E-05 9.99732E-05 0.130198 0.324312 0.54519
0.108181 9.99821E-05 0.594336 0.248083 9.99821E-05 0.0491997
0.147138 0.545344 0.17078 0.0651444 0.0119461 0.0596476
9.99642E-05 9.99642E-05 9.99642E-05 0.0947868 0.904813 9.99642E-05
0.0967735 0.121331 0.00740602 0.461658 9.9991E-05 0.312731
0.366823 9.99732E-05 0.215299 0.417578 9.99732E-05 9.99732E-05
0.0117173 0.206878 9.99821E-05 0.230687 0.550518 9.99821E-05
0.0110493 0.524303 0.130225 0.214086 0.104548 0.0157897
9.99731E-05 0.264204 9.99731E-05 0.10554 0.629956 9.99731E-05
0.0245337 0.254328 9.99821E-05 0.701322 9.99821E-05 0.0196163
0.110166 0.283033 9.9991E-05 0.249848 0.22244 0.134413
0.159956 9.99821E-05 0.378877 0.29408 0.166887 9.99821E-05
9.99732E-05 9.99732E-05 9.99732E-05 0.273949 0.292076 0.433675
0.414995 9.9982E-05 0.0732691 0.207671 9.9982E-05 0.303865
0.0316327 0.0164805 9.99911E-05 0.60313 0.290502 0.0581548
0.0829228 0.411184 9.99732E-05 0.505593 9.99732E-05 9.99732E-05
9.99821E-05 0.292364 0.281207 9.99821E-05 0.233264 0.192966
9.996E-05 9.996E-05 9.996E-05 9.996E-05 0.9995 9.996E-05
0.0945239 0.290345 9.99821E-05 0.0857643 0.529166 9.99821E-05
0.17391 0.337585 0.135779 0.309824 9.9991E-05 0.0428021
0.0745755 0.0914642 9.99821E-05 0.138337 0.695423 9.99821E-05
9.99643E-05 0.209558 9.99643E-05 9.99643E-05 0.790042 9.99643E-05
9.9991E-05 0.0877062 0.216098 0.0351724 0.429991 0.230932
0.212062 9.99642E-05 9.99642E-05 0.787538 9.99642E-05 9.99642E-05
9.99643E-05 0.915417 9.99643E-05 0.0841833 9.99643E-05 9.99643E-05
0.840813 9.99643E-05 9.99643E-05 9.99643E-05 0.158787 9.99643E-05
0.158611 9.9991E-05 0.111212 0.337093 0.178855 0.214129
9.99732E-05 0.500285 0.1681 0.331315 9.99732E-05 9.99732E-05
0.54036 0.32587 9.9973E-05 0.13347 9.9973E-05 9.9973E-05
9.99731E-05 0.334763 9.99731E-05 9.99731E-05 0.30265 0.362287
9.99821E-05 9.99821E-05 0.0982878 0.623008 0.189752 0.0887526
0.00144616 0.201845 0.0179534 0.526269 0.252386 9.99911E-05
0.6543 0.207739 0.0350774 0.0909987 9.99911E-05 0.011785
0.0808323 0.387792 0.437512 0.0161901 0.0775733 9.99911E-05
0.0412109 9.99642E-05 9.99642E-05 9.99642E-05 9.99642E-05 0.958389
9.99821E-05 9.99821E-05 0.0130787 0.422091 0.452217 0.112413
0.0148797 0.0670852 9.99911E-05 0.0342024 0.635231 0.248502
0.0884279 9.99822E-05 9.99822E-05 0.0868577 0.764163 0.0603515
9.99821E-05 0.313567 0.0545247 9.99821E-05 0.513748 0.11796
9.9982E-05 9.9982E-05 0.0883573 0.447176 0.41633 0.0479366
0.19244 0.493852 0.0832405 0.230267 9.99821E-05 9.99821E-05
9.996E-05 9.996E-05 9.996E-05 9.996E-05 9.996E-05 0.9995
0.221609 0.5224 9.99821E-05 0.012476 0.243315 9.99821E-05
0.184522 0.349733 9.9991E-05 0.160183 0.00675368 0.298709
0.106266 0.0474664 0.123083 0.687431 0.0125459 0.0232074
0.422481 9.9982E-05 0.0517316 0.259225 9.9982E-05 0.266362
