0.206781 0.199199 9.9964E-05 9.9964E-05 0.0777894 0.279719 0.179135 9.9964E-05 9.9964E-05 0.0569758
0.141118 0.213353 0.159576 9.99731E-05 0.0233396 0.115887 0.184356 9.99731E-05 9.99731E-05 0.16207
9.99552E-05 0.218236 9.99552E-05 9.99552E-05 0.183124 9.99552E-05 0.390605 0.132008 9.99552E-05 0.0755272
9.99286E-05 0.0178535 9.99286E-05 9.99286E-05 9.99286E-05 9.99286E-05 0.981347 9.99286E-05 9.99286E-05 9.99286E-05
9.99641E-05 9.99641E-05 0.0941291 0.386858 0.07855 9.99641E-05 0.399463 9.99641E-05 0.00025811 0.0403413
9.99372E-05 9.99372E-05 0.0888835 9.99372E-05 9.99372E-05 9.99372E-05 0.879708 0.0307086 9.99372E-05 9.99372E-05
0.086419 9.99731E-05 0.184983 0.263265 0.110005 0.116612 9.99731E-05 9.99731E-05 0.157721 0.080695
0.23162 0.139169 0.0442427 0.217406 0.0486546 9.99731E-05 0.311798 9.99731E-05 9.99731E-05 0.00681033
9.99552E-05 0.117301 0.245389 9.99552E-05 0.127136 9.99552E-05 9.99552E-05 0.0139256 0.495749 9.99552E-05
9.99462E-05 0.286361 9.99462E-05 9.99462E-05 9.99462E-05 0.485774 9.99462E-05 0.205379 9.99462E-05 0.021886
0.0525799 0.252966 0.0210567 9.9973E-05 0.0311327 9.9973E-05 0.180859 0.32996 9.9973E-05 0.131145
0.0592252 9.99552E-05 9.99552E-05 0.0429921 0.0479403 9.99552E-05 9.99552E-05 9.99552E-05 0.742036 0.107307
0.0478911 0.236629 9.99731E-05 0.054854 0.0069561 0.0935453 0.433709 9.99731E-05 0.126115 9.99731E-05
0.00222497 0.0702475 9.99731E-05 0.425474 9.99731E-05 0.158988 0.242448 9.99731E-05 0.0335432 0.0667746
9.99553E-05 0.0733079 0.0363776 9.99553E-05 9.99553E-05 9.99553E-05 0.117991 0.00183954 0.769985 9.99553E-05
0.243998 9.99642E-05 9.99642E-05 0.076149 0.18446 9.99642E-05 0.34344 9.99642E-05 0.00910182 0.142451
9.997E-05 0.0216888 9.997E-05 0.103224 0.13485 9.997E-05 0.277447 0.0537306 0.348806 0.0599535
9.997E-05 9.997E-05 0.0812583 9.997E-05 0.00511792 0.0959669 0.230395 0.187925 0.0799834 0.319054
0.279571 0.241366 0.0331472 9.99552E-05 9.99552E-05 9.99552E-05 0.411816 9.99552E-05 0.0335995 9.99552E-05
0.0254918 9.99553E-05 9.99553E-05 0.0710876 9.99553E-05 0.246956 0.509054 0.146911 9.99553E-05 9.99553E-05
9.99372E-05 9.99372E-05 0.0271349 9.99372E-05 9.99372E-05 0.802457 9.99372E-05 0.169709 9.99372E-05 9.99372E-05
0.301609 0.363018 0.0914607 9.9973E-05 0.122491 0.0272939 0.0398502 9.9973E-05 0.053977 9.9973E-05
9.99552E-05 9.99552E-05 9.99552E-05 9.99552E-05 0.071647 9.99552E-05 0.406172 0.0478921 0.293529 0.18026
9.994E-05 9.994E-05 0.375981 9.994E-05 0.291657 9.994E-05 0.242597 9.994E-05 0.0891657 9.994E-05
0.101745 9.9973E-05 0.342298 9.9973E-05 0.115429 0.0366558 0.0773468 0.222518 9.9973E-05 0.103708
0.217042 9.9964E-05 9.9964E-05 9.9964E-05 0.20302 0.223693 0.0438995 9.9964E-05 0.201974 0.109972
9.99461E-05 0.448463 9.99461E-05 9.99461E-05 9.99461E-05 0.279746 9.99461E-05 9.99461E-05 0.0428096 0.228381
9.99284E-05 0.469255 0.529945 9.99284E-05 9.99284E-05 9.99284E-05 9.99284E-05 9.99284E-05 9.99284E-05 9.99284E-05
0.249273 0.136475 9.99551E-05 0.163412 9.99551E-05 9.99551E-05 0.218951 0.231389 9.99551E-05 9.99551E-05
9.99373E-05 0.301387 9.99373E-05 0.0805063 0.617408 9.99373E-05 9.99373E-05 9.99373E-05 9.99373E-05 9.99373E-05
9.99372E-05 0.070672 0.852549 9.99372E-05 9.99372E-05 0.0760796 9.99372E-05 9.99372E-05 9.99372E-05 9.99372E-05
0.225024 9.99553E-05 9.99553E-05 0.296432 9.99553E-05 0.0175267 0.353212 9.99553E-05 9.99553E-05 0.107306
9.99552E-05 0.493229 9.99552E-05 0.0819494 0.063542 0.136358 9.99552E-05 0.224422 9.99552E-05 9.99552E-05
0.157156 0.0416098 0.130988 0.219031 9.99731E-05 0.0578346 0.337952 9.99731E-05 0.0551282 9.99731E-05
9.99461E-05 9.99461E-05 0.110592 9.99461E-05 0.193751 9.99461E-05 0.446906 9.99461E-05 9.99461E-05 0.248153
9.99462E-05 9.99462E-05 9.99462E-05 0.192194 9.99462E-05 0.737556 0.0520529 9.99462E-05 9.99462E-05 0.0175974
0.284895 9.99372E-05 0.498424 9.99372E-05 9.99372E-05 9.99372E-05 9.99372E-05 9.99372E-05 9.99372E-05 0.215981
0.143283 0.0274908 0.00319674 9.99731E-05 0.225874 9.99731E-05 0.121885 0.416188 9.99731E-05 0.0617833
0.241048 0.00501909 0.137923 9.99731E-05 9.99731E-05 0.00386438 0.551161 9.99731E-05 0.0153816 0.0453027
0.174426 0.0213447 9.99552E-05 9.99552E-05 9.99552E-05 9.99552E-05 0.579422 0.0733658 9.99552E-05 0.150942
9.995E-05 0.247676 0.225586 9.995E-05 0.323893 0.0924176 9.995E-05 9.995E-05 0.109927 9.995E-05
9.996E-05 9.996E-05 0.00963893 9.996E-05 0.037015 0.482438 9.996E-05 0.0204495 0.284853 0.165206
9.9964E-05 0.00731416 0.088149 0.245085 0.0162785 0.490089 0.152685 9.9964E-05 9.9964E-05 9.9964E-05
0.0377913 0.0799047 0.120282 9.99821E-05 9.99821E-05 0.0254705 0.400797 0.0353854 0.165836 0.134334
0.323542 0.0672225 9.99731E-05 0.205031 0.0262697 0.0649399 0.175408 9.99731E-05 9.99731E-05 0.137287
0.043107 0.0268102 9.99642E-05 9.99642E-05 9.99642E-05 0.248834 0.48726 0.0411542 9.99642E-05 0.152435
0.0698807 9.99641E-05 9.99641E-05 0.00823755 0.00138112 0.32696 0.300022 9.99641E-05 0.293119 9.99641E-05
0.0331257 0.121972 9.9982E-05 0.0390033 9.9982E-05 0.0738528 0.447203 0.0343514 0.13496 0.115332
0.393834 0.387563 9.99642E-05 9.99642E-05 9.99642E-05 0.0616489 0.0572258 9.99642E-05 0.0784473 0.0208811
0.136219 9.99461E-05 9.99461E-05 9.99461E-05 9.99461E-05 0.216819 0.558842 9.99461E-05 9.99461E-05 0.0875213
0.245762 9.99372E-05 9.99372E-05 9.99372E-05 0.161 9.99372E-05 0.592539 9.99372E-05 9.99372E-05 9.99372E-05
9.99552E-05 9.99552E-05 9.99552E-05 0.369709 9.99552E-05 9.99552E-05 0.132452 0.384868 0.0909342 0.0215371
9.99461E-05 0.397485 9.99461E-05 9.99461E-05 0.207602 9.99461E-05 0.12152 9.99461E-05 0.272793 9.99461E-05
0.259017 0.0997531 9.99463E-05 9.99463E-05 9.99463E-05 9.99463E-05 0.550517 0.0901133 9.99463E-05 9.99463E-05
9.99462E-05 0.030844 0.0233535 0.888968 9.99462E-05 9.99462E-05 9.99462E-05 9.99462E-05 0.0562353 9.99462E-05
0.321237 0.195338 9.99552E-05 0.129805 9.99552E-05 9.99552E-05 9.99552E-05 9.99552E-05 0.216021 0.137099
9.99552E-05 9.99552E-05 0.417386 9.99552E-05 0.268462 9.99552E-05 0.239663 0.0724416 0.00154742 9.99552E-05
9.99374E-05 0.00743105 9.99374E-05 0.943133 9.99374E-05 9.99374E-05 9.99374E-05 9.99374E-05 0.0487368 9.99374E-05
0.12861 0.128599 0.18004 9.99641E-05 9.99641E-05 9.99641E-05 0.342913 9.99641E-05 0.00412084 0.215317
9.99461E-05 9.99461E-05 9.99461E-05 9.99461E-05 9.99461E-05 0.487824 0.362043 0.0657363 9.99461E-05 0.083797
0.0846134 0.630943 9.99553E-05 9.99553E-05 9.99553E-05 9.99553E-05 0.198147 0.0731317 9.99553E-05 0.012666
9.9964E-05 9.9964E-05 0.0985229 9.9964E-05 0.0299508 0.174289 0.0682295 9.9964E-05 0.259444 0.369164
9.99551E-05 0.446059 9.99551E-05 0.0066291 9.99551E-05 9.99551E-05 0.0710867 9.99551E-05 0.368224 0.107501
0.00790775 0.0120528 0.158245 9.99731E-05 0.534706 0.183186 0.0698673 9.99731E-05 9.99731E-05 0.0337354
0.399269 0.142 0.122077 0.185321 9.99552E-05 9.99552E-05 0.150833 9.99552E-05 9.99552E-05 9.99552E-05
9.99552E-05 0.491188 0.0328506 9.99552E-05 0.109475 0.273643 9.99552E-05 9.99552E-05 0.0923432 9.99552E-05
9.99462E-05 9.99462E-05 9.99462E-05 9.99462E-05 9.99462E-05 0.387161 0.511345 0.00282204 9.99462E-05 0.098073
0.05646 0.0998194 9.99552E-05 9.99552E-05 9.99552E-05 9.99552E-05 0.417045 9.99552E-05 0.265555 0.16062
0.621256 0.0353209 9.9964E-05 9.9964E-05 9.9964E-05 0.0942128 9.9964E-05 0.019976 0.0887049 0.14013
0.244072 0.288427 9.99372E-05 9.99372E-05 9.99372E-05 0.466802 9.99372E-05 9.99372E-05 9.99372E-05 9.99372E-05
9.99641E-05 9.99641E-05 0.0230201 0.186833 9.99641E-05 9.99641E-05 0.339808 0.148307 0.211463 0.0901693
9.99641E-05 0.207551 0.0161501 9.99641E-05 0.0306931 0.297416 9.99641E-05 9.99641E-05 0.183959 0.26383
9.99284E-05 9.99284E-05 9.99284E-05 0.851089 9.99284E-05 9.99284E-05 9.99284E-05 9.99284E-05 9.99284E-05 0.148112
0.322363 9.99642E-05 0.181148 9.99642E-05 9.99642E-05 0.194881 0.0296185 9.99642E-05 0.0991825 0.172408
0.0975839 9.99555E-05 0.143822 0.0627299 0.0149844 9.99555E-05 0.68038 9.99555E-05 9.99555E-05 9.99555E-05
0.27697 0.077862 0.0476995 0.115124 9.99731E-05 9.99731E-05 0.226204 9.99731E-05 0.0270347 0.228806
9.99285E-05 9.99285E-05 9.99285E-05 9.99285E-05 0.185339 9.99285E-05 9.99285E-05 9.99285E-05 0.813861 9.99285E-05
9.9955E-05 0.315967 0.282454 9.9955E-05 9.9955E-05 9.9955E-05 9.9955E-05 0.200475 0.110719 0.0898854
0.203083 0.439323 0.180976 9.99551E-05 9.99551E-05 9.99551E-05 0.0617723 0.114345 9.99551E-05 9.99551E-05
0.042899 0.31387 9.99462E-05 0.204304 9.99462E-05 9.99462E-05 0.438327 9.99462E-05 9.99462E-05 9.99462E-05
9.99463E-05 0.0294863 9.99463E-05 0.118404 9.99463E-05 9.99463E-05 0.605532 9.99463E-05 9.99463E-05 0.245978
0.136339 0.0168804 9.99821E-05 0.241737 0.121935 0.188353 0.025527 0.192627 0.0764016 9.99821E-05
9.99552E-05 9.99552E-05 0.247748 0.0957256 9.99552E-05 0.628569 0.0154799 0.0119776 9.99552E-05 9.99552E-05
0.167931 0.158546 9.99641E-05 9.99641E-05 0.208707 0.152912 0.086383 9.99641E-05 0.225121 9.99641E-05
9.995E-05 9.995E-05 0.0261298 9.995E-05 9.995E-05 0.288971 0.263464 9.995E-05 0.338252 0.0826832
9.995E-05 0.129566 9.995E-05 9.995E-05 9.995E-05 0.226026 0.583873 9.995E-05 0.00402494 0.0560108
0.00594627 0.122356 9.99731E-05 0.289893 9.99731E-05 0.497862 9.99731E-05 0.0312163 0.0214999 0.0309264
9.99641E-05 0.110311 0.143855 0.0209304 0.375165 9.99641E-05 0.192105 9.99641E-05 0.157233 9.99641E-05
0.139852 9.99731E-05 0.0808801 9.99731E-05 0.0427215 0.272435 0.213965 0.107995 0.141852 9.99731E-05
0.349031 0.370225 9.9964E-05 9.9964E-05 0.0670869 0.0297897 9.9964E-05 0.045385 0.138083 9.9964E-05
0.088425 9.99284E-05 9.99284E-05 9.99284E-05 0.910776 9.99284E-05 9.99284E-05 9.99284E-05 9.99284E-05 9.99284E-05
9.99463E-05 9.99463E-05 9.99463E-05 0.293673 0.0608168 0.62839 0.0165206 9.99463E-05 9.99463E-05 9.99463E-05
9.99642E-05 9.99642E-05 9.99642E-05 0.177976 0.0209444 0.467328 0.0489922 9.99642E-05 0.119472 0.164887
9.99642E-05 9.99642E-05 9.99642E-05 0.0195583 0.0245284 0.00427813 0.524222 0.285156 0.141857 9.99642E-05
9.9955E-05 0.345577 9.9955E-05 0.162811 9.9955E-05 0.110304 9.9955E-05 9.9955E-05 0.216069 0.16474
9.99372E-05 9.99372E-05 9.99372E-05 0.0683835 9.99372E-05 9.99372E-05 0.569601 9.99372E-05 0.361316 9.99372E-05
9.99641E-05 0.197078 9.99641E-05 0.0456777 0.0163728 0.455342 0.266205 9.99641E-05 0.0189237 9.99641E-05
9.99371E-05 9.99371E-05 9.99371E-05 9.99371E-05 9.99371E-05 0.333218 0.0139047 9.99371E-05 0.652178 9.99371E-05
9.99461E-05 0.106848 9.99461E-05 9.99461E-05 0.247047 0.163237 0.482269 9.99461E-05 9.99461E-05 9.99461E-05
9.99731E-05 9.99731E-05 0.0597911 9.99731E-05 0.370388 0.141733 0.291539 0.0148209 0.0140847 0.107344
9.99462E-05 9.99462E-05 0.579869 9.99462E-05 0.00521336 0.0564701 9.99462E-05 9.99462E-05 0.357848 9.99462E-05
9.99463E-05 0.0262438 9.99463E-05 9.99463E-05 0.925316 9.99463E-05 9.99463E-05 0.0246754 9.99463E-05 0.0231654
9.99462E-05 9.99462E-05 0.331086 9.99462E-05 0.139418 9.99462E-05 9.99462E-05 0.367402 0.161494 9.99462E-05
9.99372E-05 9.99372E-05 9.99372E-05 9.99372E-05 0.0356198 9.99372E-05 0.0219437 0.941737 9.99372E-05 9.99372E-05
0.200949 0.126281 9.99462E-05 9.99462E-05 9.99462E-05 0.0092688 0.662902 9.99462E-05 9.99462E-05 9.99462E-05
0.208474 9.99641E-05 0.00992344 9.99641E-05 0.0165762 9.99641E-05 0.343392 9.99641E-05 0.368836 0.052398
0.0792087 0.165806 0.150326 0.403304 9.996E-05 0.186623 0.0143318 9.996E-05 9.996E-05 9.996E-05
0.398983 9.99463E-05 0.148888 9.99463E-05 9.99463E-05 9.99463E-05 0.356749 0.0947802 9.99463E-05 9.99463E-05
0.696206 9.99462E-05 0.178471 9.99462E-05 9.99462E-05 0.0606266 9.99462E-05 9.99462E-05 0.0640967 9.99462E-05
0.277388 9.99553E-05 9.99553E-05 9.99553E-05 0.0667883 0.239682 9.99553E-05 0.385299 9.99553E-05 0.0303433
0.105562 9.99552E-05 0.225006 0.138635 0.244929 0.285368 9.99552E-05 9.99552E-05 9.99552E-05 9.99552E-05
0.252308 0.069075 0.188697 9.99731E-05 0.108715 0.109877 0.20991 9.99731E-05 9.99731E-05 0.0611187
0.232428 9.99462E-05 9.99462E-05 9.99462E-05 0.37221 0.338802 0.0559611 9.99462E-05 9.99462E-05 9.99462E-05
0.337937 0.113758 0.0338515 0.382946 9.99641E-05 9.99641E-05 0.125824 0.00528347 9.99641E-05 9.99641E-05
9.99372E-05 9.99372E-05 0.0104239 9.99372E-05 0.971531 0.0173451 9.99372E-05 9.99372E-05 9.99372E-05 9.99372E-05
9.99373E-05 9.99373E-05 9.99373E-05 0.180035 9.99373E-05 9.99373E-05 9.99373E-05 0.266901 0.552364 9.99373E-05
0.0452032 0.181744 9.99552E-05 9.99552E-05 9.99552E-05 0.0652833 0.470045 9.99552E-05 0.237224 9.99552E-05
0.172247 0.593171 9.99461E-05 0.169296 0.0646856 9.99461E-05 9.99461E-05 9.99461E-05 9.99461E-05 9.99461E-05
0.187177 0.336006 9.99551E-05 9.99551E-05 0.161466 9.99551E-05 9.99551E-05 0.13421 9.99551E-05 0.180641
0.033299 9.99551E-05 0.359827 0.0240464 9.99551E-05 9.99551E-05 0.578248 0.00408006 9.99551E-05 9.99551E-05
9.994E-05 0.0503406 9.994E-05 9.994E-05 0.384901 9.994E-05 0.508168 9.994E-05 0.0559911 9.994E-05
9.99641E-05 9.99641E-05 0.262421 0.111654 0.0784351 0.082684 0.429041 0.035366 9.99641E-05 9.99641E-05
0.150776 9.994E-05 9.994E-05 0.206782 9.994E-05 9.994E-05 0.639317 0.00252487 9.994E-05 9.994E-05
9.99553E-05 9.99553E-05 0.108942 0.108113 9.99553E-05 0.33202 0.391226 9.99553E-05 9.99553E-05 0.0592001
9.99553E-05 9.99553E-05 9.99553E-05 9.99553E-05 0.0526243 0.0142957 0.551187 0.0156129 0.365781 9.99553E-05
0.101273 9.996E-05 0.175791 9.996E-05 9.996E-05 0.205272 0.177978 9.996E-05 0.29554 0.0437464
9.99553E-05 0.0278735 9.99553E-05 0.1434 0.248052 0.428986 9.99553E-05 9.99553E-05 0.151188 9.99553E-05
0.354657 9.99551E-05 0.0622095 9.99551E-05 9.99551E-05 9.99551E-05 0.260981 9.99551E-05 0.234073 0.0875788
0.0399749 9.99553E-05 9.99553E-05 9.99553E-05 0.0214672 0.285841 0.317247 0.33497 9.99553E-05 9.99553E-05
0.219472 9.997E-05 9.997E-05 0.0278109 0.0388424 0.200317 0.261993 0.0838031 9.997E-05 0.167461
9.99284E-05 9.99284E-05 9.99284E-05 9.99284E-05 9.99284E-05 0.192995 9.99284E-05 9.99284E-05 0.806206 9.99284E-05
9.9973E-05 9.9973E-05 0.113697 0.144486 0.037958 0.132597 0.461815 9.9973E-05 0.0935428 0.0156044
0.0719939 0.359072 9.99552E-05 9.99552E-05 9.99552E-05 9.99552E-05 0.33674 0.109967 9.99552E-05 0.121728
0.265681 0.0995645 0.08445 9.99731E-05 9.99731E-05 9.99731E-05 0.122959 0.318071 0.0176297 0.0913448
9.99552E-05 0.295094 0.138985 9.99552E-05 9.99552E-05 0.37384 0.0343115 0.15727 9.99552E-05 9.99552E-05
0.536101 9.99373E-05 9.99373E-05 9.99373E-05 9.99373E-05 0.373116 0.0900838 9.99373E-05 9.99373E-05 9.99373E-05
0.974069 9.99283E-05 9.99283E-05 9.99283E-05 0.0251314 9.99283E-05 9.99283E-05 9.99283E-05 9.99283E-05 9.99283E-05
0.633812 9.99464E-05 9.99464E-05 9.99464E-05 9.99464E-05 0.0568633 0.168635 0.14009 9.99464E-05 9.99464E-05
0.172654 9.99642E-05 0.336255 9.99642E-05 9.99642E-05 0.0819604 9.99642E-05 0.137595 0.149661 0.121475
0.552858 9.99553E-05 0.0734205 9.99553E-05 0.00641841 0.0549001 0.311903 9.99553E-05 9.99553E-05 9.99553E-05
9.99553E-05 0.355436 0.358434 0.0602648 9.99553E-05 9.99553E-05 0.175921 0.0494441 9.99553E-05 9.99553E-05
9.99553E-05 9.99553E-05 9.99553E-05 0.0999997 0.166186 9.99553E-05 0.316106 0.351909 9.99553E-05 0.0652992
9.99641E-05 0.420189 9.99641E-05 0.0405736 9.99641E-05 0.200769 0.132955 0.0119141 0.193199 9.99641E-05
9.99552E-05 0.374054 9.99552E-05 9.99552E-05 0.128643 0.0377028 9.99552E-05 0.151531 0.307569 9.99552E-05
9.99551E-05 9.99551E-05 9.99551E-05 9.99551E-05 0.26666 0.166788 0.450825 9.99551E-05 0.0446454 0.0705815
0.424089 9.99551E-05 0.0571418 9.99551E-05 9.99551E-05 0.0634159 0.347819 9.99551E-05 0.107034 9.99551E-05
9.99201E-05 9.99201E-05 9.99201E-05 9.99201E-05 9.99201E-05 9.99201E-05 9.99201E-05 9.99201E-05 9.99201E-05 0.999101
9.99463E-05 0.542467 9.99463E-05 9.99463E-05 0.0127165 9.99463E-05 0.436726 0.00749101 9.99463E-05 9.99463E-05
9.99641E-05 9.99641E-05 0.0785009 0.306013 0.11326 0.401802 0.0946257 9.99641E-05 9.99641E-05 0.00539909
0.0294213 9.99642E-05 0.0143934 9.99642E-05 9.99642E-05 0.070109 9.99642E-05 0.0342992 0.480815 0.370563
0.0069691 0.449001 0.318988 9.995E-05 9.995E-05 9.995E-05 0.157337 9.995E-05 0.0672055 9.995E-05
9.99641E-05 0.500005 9.99641E-05 0.0723906 0.00938871 9.99641E-05 0.198667 9.99641E-05 0.117251 0.101898
0.384506 0.0899733 0.137638 0.156044 9.997E-05 0.135353 0.0926862 9.997E-05 9.997E-05 0.0035
0.240117 0.3277 0.157554 0.0282127 0.0390786 9.9982E-05 0.0722242 9.9982E-05 0.0580531 0.0768604
9.99462E-05 9.99462E-05 0.589315 9.99462E-05 0.216798 0.101549 9.99462E-05 9.99462E-05 9.99462E-05 0.091739
9.99553E-05 0.119895 9.99553E-05 9.99553E-05 9.99553E-05 9.99553E-05 0.431721 0.199096 0.125772 0.123016
9.99461E-05 9.99461E-05 0.155727 0.336775 9.99461E-05 9.99461E-05 0.20753 0.299368 9.99461E-05 9.99461E-05
9.99553E-05 0.615354 9.99553E-05 0.136062 0.00900662 0.138712 9.99553E-05 9.99553E-05 9.99553E-05 0.100366
0.614164 9.99552E-05 0.251944 9.99552E-05 9.99552E-05 9.99552E-05 0.0864724 9.99552E-05 0.0418597 0.00506014
0.224318 9.99731E-05 0.109828 9.99731E-05 0.0850424 0.396682 0.0924367 0.0739537 0.0174387 9.99731E-05
9.99201E-05 9.99201E-05 9.99201E-05 9.99201E-05 9.99201E-05 9.99201E-05 9.99201E-05 9.99201E-05 9.99201E-05 0.999101
0.173213 0.0984873 9.996E-05 9.996E-05 9.996E-05 0.196922 0.243868 9.996E-05 0.106812 0.180299
9.99463E-05 0.174103 0.189062 0.0612353 9.99463E-05 9.99463E-05 0.575 9.99463E-05 9.99463E-05 9.99463E-05
9.99641E-05 0.174022 0.208485 0.0429415 9.99641E-05 0.0589086 9.99641E-05 9.99641E-05 0.448517 0.0667256
9.99463E-05 0.604892 9.99463E-05 9.99463E-05 9.99463E-05 9.99463E-05 0.0223375 9.99463E-05 0.0649706 0.307201
9.99552E-05 9.99552E-05 0.0534207 9.99552E-05 0.0766258 0.0523059 0.742364 9.99552E-05 0.0747843 9.99552E-05
0.152003 0.275995 0.216813 0.105498 9.99641E-05 0.123219 0.126071 9.99641E-05 9.99641E-05 9.99641E-05
0.999101 9.99201E-05 9.99201E-05 9.99201E-05 9.99201E-05 9.99201E-05 9.99201E-05 9.99201E-05 9.99201E-05 9.99201E-05
9.99463E-05 9.99463E-05 0.0996098 0.753621 9.99463E-05 9.99463E-05 0.0494553 9.99463E-05 0.0967138 9.99463E-05
9.997E-05 0.0356489 0.133581 9.997E-05 9.997E-05 0.0653435 0.688825 0.00540431 0.0367516 0.0341461
0.624297 9.99552E-05 9.99552E-05 9.99552E-05 9.99552E-05 9.99552E-05 0.0666317 0.12102 0.17433 0.0132214
0.24916 9.99551E-05 0.0100916 0.454771 9.99551E-05 9.99551E-05 0.221665 9.99551E-05 9.99551E-05 0.0638135
9.99462E-05 9.99462E-05 9.99462E-05 0.00868691 9.99462E-05 9.99462E-05 0.326262 0.164273 0.500178 9.99462E-05
9.99642E-05 0.109845 0.00298556 9.99642E-05 0.0132379 0.143753 0.708217 9.99642E-05 9.99642E-05 0.0215619
0.334648 0.00749714 9.99641E-05 9.99641E-05 0.0902943 9.99641E-05 0.345504 9.99641E-05 0.165435 0.0562225
0.361389 0.0894145 9.99373E-05 0.548497 9.99373E-05 9.99373E-05 9.99373E-05 9.99373E-05 9.99373E-05 9.99373E-05
0.177637 0.146922 9.997E-05 9.997E-05 0.190588 0.142472 0.179008 9.997E-05 0.12041 0.0426626
9.99551E-05 9.99551E-05 0.0652196 0.0338793 9.99551E-05 0.0445118 9.99551E-05 0.734321 0.121569 9.99551E-05
0.0539971 9.99552E-05 0.387038 9.99552E-05 9.99552E-05 0.479505 0.0018411 0.0771199 9.99552E-05 9.99552E-05
9.99552E-05 0.725081 0.0216752 9.99552E-05 9.99552E-05 9.99552E-05 0.120791 0.00744459 0.124508 9.99552E-05
9.99374E-05 9.99374E-05 9.99374E-05 9.99374E-05 9.99374E-05 0.691412 9.99374E-05 9.99374E-05 0.0859772 0.221911
9.99731E-05 0.309517 0.19954 9.99731E-05 9.99731E-05 0.26727 0.0941081 0.0287256 0.0242366 0.0763032
9.9973E-05 0.140647 0.072182 9.9973E-05 0.0113572 0.307996 0.249605 9.9973E-05 0.159294 0.0586185
0.224933 0.0586509 9.99643E-05 0.165839 0.0441475 9.99643E-05 0.465625 9.99643E-05 9.99643E-05 0.0404044
9.99201E-05 9.99201E-05 9.99201E-05 9.99201E-05 9.99201E-05 9.99201E-05 9.99201E-05 0.999101 9.99201E-05 9.99201E-05
0.0189699 0.251405 9.99553E-05 0.332447 9.99553E-05 9.99553E-05 9.99553E-05 9.99553E-05 0.256942 0.139736
0.277553 9.99551E-05 9.99551E-05 0.18318 9.99551E-05 9.99551E-05 0.421517 0.113897 0.00335277 9.99551E-05
9.99551E-05 0.150027 0.488644 9.99551E-05 0.0191521 9.99551E-05 0.340203 0.0014747 9.99551E-05 9.99551E-05
9.99641E-05 9.99641E-05 0.00434179 0.220675 0.0624631 0.0769875 0.550047 0.0850856 9.99641E-05 9.99641E-05
