0.00149882 0.052811 0.94569
0.150041 0.238955 0.611004
0.112031 0.300252 0.587718
0.211057 0.118442 0.6705
0.17441 0.441985 0.383605
0.200187 0.525784 0.274029
0.16487 0.231067 0.604063
0.267439 0.416719 0.315842
0.168933 0.709799 0.121268
0.396237 0.603663 9.9991E-05
0.0194207 0.841212 0.139368
0.267424 0.562264 0.170311
0.319749 0.282676 0.397576
0.183336 0.317245 0.49942
0.229007 0.349428 0.421566
0.422525 0.152062 0.425413
0.201575 0.38098 0.417445
0.412764 0.135737 0.451499
0.182512 0.389962 0.427526
0.16908 0.219575 0.611346
0.143905 0.240325 0.61577
0.0688185 0.345653 0.585528
0.177567 0.245673 0.57676
0.312487 0.0442833 0.64323
0.114296 0.885604 9.9991E-05
0.193145 0.0641536 0.742702
0.241502 0.420769 0.337729
0.244987 0.207139 0.547875
0.259717 0.456734 0.283549
0.777132 0.188132 0.0347361
0.15651 0.683672 0.159818
0.227473 0.666042 0.106485
0.39086 0.00210794 0.607032
0.0343492 0.458299 0.507352
0.21982 0.296767 0.483412
0.105894 9.9991E-05 0.894006
0.0575301 0.337658 0.604812
0.320321 0.37823 0.301449
0.173529 0.721625 0.104847
0.200932 0.312627 0.486442
0.127963 0.48869 0.383347
0.142014 0.235372 0.622614
0.166303 0.282707 0.550991
0.118317 0.320906 0.560777
0.355327 0.432634 0.212039
0.181664 0.618675 0.19966
0.0944971 0.265802 0.6397
0.232469 0.397193 0.370338
0.380797 0.346783 0.272419
0.314081 0.278894 0.407025
0.334887 0.332589 0.332524
0.128757 0.422657 0.448586
0.163042 0.111955 0.725003
0.334507 0.488618 0.176876
0.276189 0.272234 0.451577
0.275607 0.346388 0.378004
9.9991E-05 0.782642 0.217258
0.196469 0.33931 0.464221
0.238381 0.598644 0.162976
0.250063 0.578551 0.171386
0.0368013 0.269381 0.693818
0.0656264 0.470126 0.464248
0.18798 0.242105 0.569915
0.97205 9.9991E-05 0.0278499
0.0726992 0.302811 0.624489
9.999E-05 9.999E-05 0.9998
0.0621663 0.223831 0.714002
0.290616 0.327428 0.381956
0.251933 9.9991E-05 0.747967
0.337783 0.364272 0.297944
0.162721 0.837179 9.9991E-05
0.420955 0.17874 0.400306
0.40907 0.408356 0.182574
0.242675 0.494658 0.262667
0.139708 0.623771 0.236521
0.139973 0.718574 0.141453
0.292114 0.479171 0.228715
0.0892715 0.446795 0.463934
9.9991E-05 0.423366 0.576534
0.296257 0.295697 0.408046
0.192833 0.322023 0.485144
0.128217 0.352296 0.519487
0.271779 0.574478 0.153743
0.351298 0.45837 0.190331
0.167629 0.271258 0.561113
9.9991E-05 0.462715 0.537185
0.0710498 0.0279598 0.90099
0.0267144 0.973186 9.9991E-05
0.364213 0.211267 0.42452
0.0694011 0.344885 0.585714
0.99482 0.00508029 9.9991E-05
0.0924577 0.72659 0.180953
0.110567 0.248158 0.641276
0.203134 0.268411 0.528455
0.0357476 0.154175 0.810077
0.189443 0.274529 0.536028
0.01134 0.153569 0.835091
0.0910362 0.465306 0.443658
0.776443 0.175363 0.0481941
0.39019 0.135445 0.474364
0.291459 0.313429 0.395112
0.9998 9.999E-05 9.999E-05
0.16023 0.505161 0.334609
9.999E-05 0.9998 9.999E-05
0.160227 0.488277 0.351496
0.0488153 0.443126 0.508058
9.9991E-05 0.232462 0.767438
0.164887 0.177262 0.657851
0.316414 0.57403 0.109556
0.263675 0.219854 0.516471
0.087686 0.457297 0.455017
0.378593 0.549745 0.0716618
0.0593869 0.452606 0.488007
0.654873 0.125514 0.219613
0.171467 0.145911 0.682622
0.9998 9.999E-05 9.999E-05
9.9991E-05 0.633443 0.366457
0.0986389 0.0795926 0.821768
0.204723 0.415091 0.380187
0.217401 0.658361 0.124238
0.144088 0.113866 0.742046
0.768465 0.071617 0.159918
0.259827 0.264704 0.475469
0.0637828 0.532321 0.403896
0.370804 0.398852 0.230344
0.159525 0.510356 0.330119
0.275979 0.498787 0.225234
0.380246 0.334915 0.284839
9.9991E-05 0.629596 0.370304
0.349356 0.250353 0.400291
0.122371 0.0858738 0.791755
0.279774 0.21107 0.509155
0.219392 0.377447 0.403161
0.340268 0.329162 0.33057
0.107081 0.488582 0.404337
0.244407 0.624371 0.131223
9.9991E-05 0.188483 0.811417
0.164688 9.9991E-05 0.835212
0.171897 0.432039 0.396064
0.0929477 0.37189 0.535162
0.231853 0.478381 0.289767
0.115823 0.884077 9.9991E-05
0.209661 0.459832 0.330507
0.213707 0.473699 0.312594
0.192528 0.308488 0.498985
0.768027 9.9991E-05 0.231873
0.1362 0.40412 0.45968
0.992301 9.9991E-05 0.00759919
0.028997 0.180822 0.790181
0.0476448 0.349986 0.602369
0.145074 0.630851 0.224076
9.9991E-05 0.562925 0.436975
0.365559 0.489691 0.144749
0.114209 0.435725 0.450065
0.287859 0.402994 0.309146
0.323873 0.15795 0.518176
0.118121 0.468951 0.412928
0.381866 0.428512 0.189622
0.104794 9.9991E-05 0.895106
0.280645 0.276532 0.442822
0.104028 0.359023 0.536949
0.9998 9.999E-05 9.999E-05
0.361598 0.354968 0.283435
0.0304758 0.203823 0.765701
0.179433 0.423951 0.396615
0.15747 9.9991E-05 0.84243
0.0878256 0.297988 0.614186
0.0789766 0.707092 0.213931
0.0209483 0.122364 0.856688
0.230636 0.239239 0.530125
0.167495 0.536945 0.29556
0.283511 0.398482 0.318007
0.343026 0.062613 0.594361
9.9991E-05 0.593626 0.406274
0.120725 0.13684 0.742435
0.00945155 0.651971 0.338578
0.207374 0.461041 0.331585
0.0654035 0.658023 0.276573
9.999E-05 0.9998 9.999E-05
0.201013 0.415116 0.383871
0.32502 0.261996 0.412985
0.394019 0.348367 0.257614
0.0158269 0.28198 0.702193
0.169997 0.177323 0.65268
0.0977393 0.162739 0.739521
9.999E-05 0.9998 9.999E-05
0.157011 0.264246 0.578743
0.241867 0.528437 0.229696
9.9991E-05 0.150873 0.849027
0.0921244 0.258685 0.649191
