0.0161194 9.99731E-05 9.99731E-05 0.10704 0.229492 0.408278 0.191625 9.99731E-05 0.0471463
0.34871 9.9964E-05 9.9964E-05 0.130562 9.9964E-05 0.15908 0.0877751 0.273472 9.9964E-05
0.209597 0.101342 0.0515583 0.000823218 9.99731E-05 0.41341 9.99731E-05 9.99731E-05 0.222969
0.026827 0.130564 9.99731E-05 0.0325085 9.99731E-05 0.56955 0.0180604 9.99731E-05 0.22219
9.99641E-05 9.99641E-05 9.99641E-05 0.211711 0.205427 0.154506 9.99641E-05 0.10979 0.318166
9.9964E-05 0.346295 9.9964E-05 9.9964E-05 9.9964E-05 0.23371 0.19709 0.0712113 0.151294
0.0115572 9.99641E-05 0.139903 9.99641E-05 0.104579 9.99641E-05 9.99641E-05 0.631596 0.111965
9.99552E-05 9.99552E-05 9.99552E-05 0.0504713 0.116172 0.777939 9.99552E-05 0.0549184 9.99552E-05
0.0244047 0.0373537 0.643371 9.99731E-05 0.119479 9.99731E-05 9.99731E-05 0.157086 0.0180061
0.170291 0.24467 9.99642E-05 0.12644 9.99642E-05 9.99642E-05 0.415603 0.0425963 9.99642E-05
0.203445 0.413526 0.165963 0.0336134 9.9973E-05 0.134751 9.9973E-05 9.9973E-05 0.048402
9.99641E-05 9.99641E-05 0.426453 0.204414 0.137847 0.124937 9.99641E-05 9.99641E-05 0.10595
9.99552E-05 9.99552E-05 0.372728 9.99552E-05 9.99552E-05 0.375221 0.223333 9.99552E-05 0.0282173
0.0595455 0.0362335 9.99731E-05 0.28692 9.99731E-05 0.205066 0.327338 9.99731E-05 0.0845975
0.152943 9.99552E-05 0.425694 9.99552E-05 0.212772 0.208091 9.99552E-05 9.99552E-05 9.99552E-05
9.99642E-05 9.99642E-05 9.99642E-05 0.135294 0.118265 0.384915 0.0695007 9.99642E-05 0.291626
0.367554 0.0623177 0.13616 9.9982E-05 9.9982E-05 0.157893 0.194918 0.0611588 0.0197976
0.227606 0.236738 9.99731E-05 0.19431 0.102548 9.99731E-05 0.184134 0.054363 9.99731E-05
9.99463E-05 9.99463E-05 0.227044 9.99463E-05 9.99463E-05 0.578837 9.99463E-05 0.19352 9.99463E-05
0.163092 9.99731E-05 9.99731E-05 9.99731E-05 0.0288851 0.47099 0.226488 0.0763171 0.0339279
0.050132 0.150376 9.99463E-05 9.99463E-05 9.99463E-05 9.99463E-05 0.798893 9.99463E-05 9.99463E-05
9.99641E-05 9.99641E-05 0.431269 9.99641E-05 0.0122784 0.238674 9.99641E-05 0.112926 0.204453
0.0831108 0.148728 0.202721 0.0834434 9.99821E-05 0.182251 0.0687837 9.99821E-05 0.230762
9.99641E-05 9.99641E-05 0.0088432 0.116435 9.99641E-05 0.0790605 9.99641E-05 0.150211 0.645051
0.0811748 0.406453 9.99731E-05 0.0484496 0.0110898 9.99731E-05 0.231153 9.99731E-05 0.22138
9.9964E-05 9.9964E-05 9.9964E-05 0.173872 0.354414 9.9964E-05 0.190672 0.00608384 0.274559
0.342933 9.9973E-05 0.0940614 0.190475 9.9973E-05 9.9973E-05 0.215195 0.146725 0.0103109
9.99375E-05 9.99375E-05 9.99375E-05 9.99375E-05 9.99375E-05 0.328697 9.99375E-05 0.670604 9.99375E-05
0.0207558 0.115809 0.0468887 9.99731E-05 0.126905 0.547071 9.99731E-05 0.14227 9.99731E-05
0.220208 0.0667226 9.99552E-05 9.99552E-05 0.0343633 9.99552E-05 9.99552E-05 9.99552E-05 0.678206
9.99641E-05 0.0447236 9.99641E-05 0.103207 0.352663 9.99641E-05 0.12367 0.375336 9.99641E-05
0.472749 9.99375E-05 9.99375E-05 9.99375E-05 9.99375E-05 0.526551 9.99375E-05 9.99375E-05 9.99375E-05
0.0045735 0.200162 0.0916535 9.99732E-05 9.99732E-05 9.99732E-05 0.0670551 0.619646 0.0166096
0.292658 0.0229273 0.133957 9.99641E-05 0.0347836 0.515275 9.99641E-05 9.99641E-05 9.99641E-05
9.9964E-05 9.9964E-05 9.9964E-05 0.18146 0.0905 0.234817 0.0677412 9.9964E-05 0.425081
9.99463E-05 9.99463E-05 9.99463E-05 9.99463E-05 9.99463E-05 9.99463E-05 0.924454 0.0641052 0.0108414
9.99461E-05 9.99461E-05 9.99461E-05 0.150492 0.359557 9.99461E-05 9.99461E-05 0.489352 9.99461E-05
9.99731E-05 0.138772 0.115109 9.99731E-05 9.99731E-05 0.00355402 0.22758 0.252231 0.262453
0.0211737 0.0392821 0.0442272 0.122533 9.9991E-05 0.295419 0.131491 0.207063 0.138711
9.99641E-05 0.21702 0.125773 9.99641E-05 9.99641E-05 0.434282 0.15018 9.99641E-05 0.0723446
0.792032 9.99642E-05 9.99642E-05 0.0229399 0.0323746 9.99642E-05 9.99642E-05 0.0967748 0.0554785
0.225925 0.231678 0.383027 9.99731E-05 9.99731E-05 9.99731E-05 0.0649719 0.0615334 0.0325648
0.0327554 9.99731E-05 9.99731E-05 0.0260603 0.0578869 0.194097 0.622548 0.0663525 9.99731E-05
9.99821E-05 0.109366 0.0640931 0.136302 0.00325253 0.322085 0.157172 9.99821E-05 0.207529
0.285699 0.00495459 0.0457559 0.0994397 9.99821E-05 0.490768 0.00171401 9.99821E-05 0.0714683
0.147217 0.0441684 0.0258747 0.0596211 0.110423 0.387267 0.195979 9.9991E-05 0.0293509
0.437764 9.99551E-05 0.240078 9.99551E-05 0.121862 9.99551E-05 0.199796 9.99551E-05 9.99551E-05
0.187859 0.177339 0.41673 0.135646 9.9964E-05 0.0820259 9.9964E-05 9.9964E-05 9.9964E-05
0.288245 9.99464E-05 0.290435 9.99464E-05 0.42072 9.99464E-05 9.99464E-05 9.99464E-05 9.99464E-05
9.9955E-05 9.9955E-05 9.9955E-05 0.171685 0.0750325 0.261998 0.490784 9.9955E-05 9.9955E-05
9.9964E-05 0.0575461 9.9964E-05 9.9964E-05 0.16708 0.356564 0.0115257 9.9964E-05 0.406884
0.231305 0.311899 0.020384 0.0047618 9.99731E-05 0.167395 9.99731E-05 0.263955 9.99731E-05
0.0674984 9.9973E-05 0.402873 9.9973E-05 0.0131214 0.0557736 9.9973E-05 0.195451 0.264983
0.108093 0.179062 9.99641E-05 9.99641E-05 0.0929489 0.577657 9.99641E-05 9.99641E-05 0.0418394
0.136936 9.99731E-05 0.35247 9.99731E-05 0.100197 0.0283317 0.0503974 0.331368 9.99731E-05
9.99551E-05 9.99551E-05 0.13832 0.0530449 0.431676 9.99551E-05 9.99551E-05 0.376459 9.99551E-05
0.20922 9.9973E-05 9.9973E-05 9.9973E-05 0.0377735 0.234577 0.244868 0.157705 0.115557
9.99642E-05 9.99642E-05 0.47277 0.0171237 0.0287984 0.0917598 9.99642E-05 0.389148 9.99642E-05
0.0134238 0.0943593 0.267166 0.215835 9.99731E-05 0.385306 9.99731E-05 0.0236105 9.99731E-05
9.99461E-05 9.99461E-05 9.99461E-05 0.185404 0.040381 9.99461E-05 0.773615 9.99461E-05 9.99461E-05
9.99642E-05 0.162414 9.99642E-05 0.0496967 0.190524 0.458656 9.99642E-05 9.99642E-05 0.13831
0.402986 9.99641E-05 0.178913 0.267806 9.99641E-05 9.99641E-05 0.0802035 9.99641E-05 0.0696916
0.136935 9.99551E-05 0.461992 9.99551E-05 9.99551E-05 0.207767 9.99551E-05 0.192806 9.99551E-05
0.555606 9.99641E-05 9.99641E-05 0.0581756 9.99641E-05 0.00998901 0.0113361 9.99641E-05 0.364494
9.99642E-05 9.99642E-05 0.059408 9.99642E-05 0.331909 0.214662 9.99642E-05 0.306275 0.0873459
0.878844 9.99552E-05 0.0196612 9.99552E-05 0.00224319 0.0987517 9.99552E-05 9.99552E-05 9.99552E-05
9.99551E-05 0.0953397 9.99551E-05 9.99551E-05 9.99551E-05 0.101523 0.685257 9.99551E-05 0.117381
9.99641E-05 0.00737571 0.590322 0.0779112 9.99641E-05 0.299794 0.0241971 9.99641E-05 9.99641E-05
0.0443889 9.9982E-05 0.233961 0.0321938 0.396451 0.211366 0.0289192 0.0525212 9.9982E-05
0.248214 9.99642E-05 9.99642E-05 9.99642E-05 0.165291 9.99642E-05 0.402748 0.17874 0.00460686
0.151911 0.302032 0.12313 0.131275 9.9973E-05 0.261362 9.9973E-05 0.0299899 9.9973E-05
0.398324 9.99461E-05 0.535434 9.99461E-05 9.99461E-05 9.99461E-05 0.0656427 9.99461E-05 9.99461E-05
9.99553E-05 9.99553E-05 9.99553E-05 0.100493 0.0135978 0.464535 9.99553E-05 0.420874 9.99553E-05
0.427066 9.99731E-05 0.0418911 0.0683398 0.134712 0.233575 0.0941163 9.99731E-05 9.99731E-05
9.99553E-05 9.99553E-05 9.99553E-05 9.99553E-05 0.0546643 0.732194 9.99553E-05 0.0526334 0.160009
0.10307 9.99641E-05 0.321807 0.127257 0.133452 0.314014 9.99641E-05 9.99641E-05 9.99641E-05
0.597059 9.99465E-05 0.161239 9.99465E-05 0.241102 9.99465E-05 9.99465E-05 9.99465E-05 9.99465E-05
0.187465 0.172806 9.9964E-05 0.1468 9.9964E-05 9.9964E-05 9.9964E-05 0.441511 0.0510176
0.00734081 0.101107 9.9982E-05 0.135376 0.350209 0.30717 0.0347607 9.9982E-05 0.0638369
9.99731E-05 0.059325 9.99731E-05 0.123066 0.104124 0.598577 9.99731E-05 0.0817418 0.0328669
0.0249551 9.99553E-05 9.99553E-05 0.169123 9.99553E-05 0.804762 9.99553E-05 0.00066057 9.99553E-05
9.99821E-05 0.13502 0.125535 0.0314579 0.0234361 0.32509 0.208178 9.99821E-05 0.151083
9.99375E-05 9.99375E-05 9.99375E-05 9.99375E-05 0.000299708 9.99375E-05 0.999001 9.99375E-05 9.99375E-05
0.358526 0.131155 0.122246 9.9973E-05 0.211748 0.0738545 9.9973E-05 9.9973E-05 0.102171
0.39683 9.99821E-05 0.0524973 0.0783697 9.99821E-05 0.0669528 0.248291 0.114557 0.0423019
0.348397 9.9955E-05 9.9955E-05 0.149793 9.9955E-05 0.181191 0.320119 9.9955E-05 9.9955E-05
9.99642E-05 9.99642E-05 0.00772782 0.096371 9.99642E-05 0.0977451 0.344913 0.452844 9.99642E-05
0.027004 9.99641E-05 0.231903 0.0208401 9.99641E-05 0.184558 9.99641E-05 9.99641E-05 0.535295
0.0485591 0.1479 0.157101 9.99732E-05 9.99732E-05 0.15201 0.456221 9.99732E-05 0.037909
0.119186 0.0352348 0.296445 9.99821E-05 9.99821E-05 0.384957 0.0709673 0.0259498 0.06706
0.0211667 9.99463E-05 9.99463E-05 9.99463E-05 0.215652 9.99463E-05 9.99463E-05 9.99463E-05 0.762582
9.99464E-05 9.99464E-05 0.0863525 0.0204322 9.99464E-05 9.99464E-05 0.892616 9.99464E-05 9.99464E-05
9.99553E-05 9.99553E-05 0.86257 0.0447583 9.99553E-05 9.99553E-05 0.0678947 9.99553E-05 0.0242769
0.169703 0.333599 0.0586639 9.99821E-05 9.99821E-05 0.206778 0.130885 0.08174 0.0184309
0.0612739 9.99731E-05 0.668028 0.05331 9.99731E-05 0.140759 0.0227002 9.99731E-05 0.0536287
9.99641E-05 0.0701396 0.0748031 0.0960538 9.99641E-05 0.733226 9.99641E-05 0.0253777 9.99641E-05
0.0302396 0.0523987 9.99731E-05 9.99731E-05 0.0463305 9.99731E-05 0.521939 0.169507 0.179285
0.152537 0.0977017 0.488081 9.9964E-05 9.9964E-05 0.107961 0.153319 9.9964E-05 9.9964E-05
9.99461E-05 9.99461E-05 9.99461E-05 9.99461E-05 9.99461E-05 0.308423 0.246145 9.99461E-05 0.444832
0.157144 9.99641E-05 9.99641E-05 9.99641E-05 9.99641E-05 0.0150786 0.408081 0.276414 0.142882
9.99372E-05 9.99372E-05 9.99372E-05 9.99372E-05 9.99372E-05 9.99372E-05 9.99372E-05 0.807039 0.192261
0.0829222 0.0877614 9.99642E-05 0.0156143 9.99642E-05 9.99642E-05 9.99642E-05 0.194117 0.619185
0.163604 0.000478986 9.99552E-05 9.99552E-05 9.99552E-05 9.99552E-05 0.0696393 0.765778 9.99552E-05
9.99462E-05 0.919606 9.99462E-05 9.99462E-05 9.99462E-05 9.99462E-05 9.99462E-05 0.0469009 0.0328939
9.99462E-05 9.99462E-05 0.023432 9.99462E-05 9.99462E-05 0.850027 0.125942 9.99462E-05 9.99462E-05
9.99731E-05 0.0264313 0.405399 9.99731E-05 0.0202081 0.23594 0.119685 9.99731E-05 0.192037
0.178319 9.99641E-05 9.99641E-05 9.99641E-05 0.278537 0.281372 0.0044653 0.256907 9.99641E-05
9.99552E-05 0.078869 9.99552E-05 9.99552E-05 0.121224 0.443933 9.99552E-05 0.355474 9.99552E-05
9.99551E-05 9.99551E-05 0.266784 9.99551E-05 0.475346 0.034476 0.222894 9.99551E-05 9.99551E-05
0.0368302 0.431106 0.0382495 0.0299191 0.0161966 0.189922 0.123309 9.99911E-05 0.134367
9.99732E-05 9.99732E-05 0.116244 0.0315289 9.99732E-05 0.0235937 0.189149 0.21966 0.419525
9.99641E-05 9.99641E-05 9.99641E-05 0.105794 0.266286 0.366855 0.146389 9.99641E-05 0.114276
9.99464E-05 9.99464E-05 9.99464E-05 9.99464E-05 9.99464E-05 0.0733879 0.220452 9.99464E-05 0.70556
9.99553E-05 0.150663 9.99553E-05 9.99553E-05 0.132204 0.712603 0.00403078 9.99553E-05 9.99553E-05
0.130972 9.99373E-05 9.99373E-05 9.99373E-05 9.99373E-05 9.99373E-05 9.99373E-05 9.99373E-05 0.868329
9.99463E-05 0.323237 0.478426 9.99463E-05 9.99463E-05 0.197737 9.99463E-05 9.99463E-05 9.99463E-05
0.368636 9.99552E-05 9.99552E-05 0.013602 9.99552E-05 0.513548 0.103715 9.99552E-05 9.99552E-05
0.0782362 9.99731E-05 0.0299733 9.99731E-05 0.0652102 0.561633 9.99731E-05 0.221215 0.0434329
0.303022 0.0242467 0.0713005 0.124266 0.332616 0.0828505 9.9982E-05 9.9982E-05 0.0614988
0.195845 9.9955E-05 9.9955E-05 9.9955E-05 9.9955E-05 0.455846 0.213169 0.13464 9.9955E-05
9.99641E-05 9.99641E-05 0.21758 0.053639 9.99641E-05 0.0441407 0.202429 9.99641E-05 0.481811
0.069215 0.11225 9.99731E-05 9.99731E-05 9.99731E-05 0.177168 0.216668 0.37407 0.0503297
9.996E-05 0.156246 9.996E-05 9.996E-05 0.227987 0.563995 0.0472296 9.996E-05 0.00414282
0.197507 0.146215 9.99642E-05 9.99642E-05 0.0733066 0.149449 0.433123 9.99642E-05 9.99642E-05
0.378603 0.171353 0.0839848 9.99642E-05 9.99642E-05 0.188195 9.99642E-05 9.99642E-05 0.177464
9.9973E-05 0.071696 0.266879 9.9973E-05 9.9973E-05 0.165122 0.244089 0.220676 0.0312383
0.534073 9.99552E-05 0.347201 9.99552E-05 0.0148479 9.99552E-05 0.103378 9.99552E-05 9.99552E-05
9.99641E-05 9.99641E-05 0.10301 0.0719018 0.21625 0.306426 0.302012 9.99641E-05 9.99641E-05
0.486544 0.341364 9.99464E-05 9.99464E-05 9.99464E-05 9.99464E-05 0.171492 9.99464E-05 9.99464E-05
9.99553E-05 9.99553E-05 0.178021 9.99553E-05 9.99553E-05 0.402647 0.262334 9.99553E-05 0.156499
9.99374E-05 9.99374E-05 0.908045 9.99374E-05 9.99374E-05 9.99374E-05 0.0912555 9.99374E-05 9.99374E-05
9.9964E-05 0.0909237 0.0334825 9.9964E-05 9.9964E-05 0.243262 0.455804 0.176129 9.9964E-05
9.99641E-05 0.187873 0.425088 9.99641E-05 0.0883746 0.29612 9.99641E-05 0.00214397 9.99641E-05
0.011755 0.153595 0.0189092 0.0849852 9.9982E-05 0.457584 0.0407311 0.232241 9.9982E-05
0.282969 0.0901825 0.02531 0.171638 9.99821E-05 0.0486922 0.325464 0.055544 9.99821E-05
9.99462E-05 0.00443832 9.99462E-05 9.99462E-05 0.457 9.99462E-05 0.537962 9.99462E-05 9.99462E-05
0.135241 9.99461E-05 9.99461E-05 9.99461E-05 0.858217 9.99461E-05 0.00594263 9.99461E-05 9.99461E-05
9.99642E-05 0.137407 9.99642E-05 9.99642E-05 0.532239 0.251199 0.0351059 9.99642E-05 0.0436494
9.99697E-05 0.113758 0.47457 0.0209905 9.99697E-05 0.111306 9.99697E-05 0.278976 9.99697E-05
0.266877 9.99551E-05 9.99551E-05 9.99551E-05 0.544738 0.0851523 0.102733 9.99551E-05 9.99551E-05
9.99732E-05 0.124935 0.0388641 9.99732E-05 0.0533833 0.35096 0.0481885 0.38337 9.99732E-05
9.99821E-05 0.138709 0.158768 0.0127225 9.99821E-05 0.0735446 0.453207 0.131524 0.0313244
9.99821E-05 0.148559 0.353249 0.0450157 9.99821E-05 0.200144 0.119087 0.087648 0.0460975
9.99642E-05 0.267975 0.48574 9.99642E-05 9.99642E-05 9.99642E-05 0.0472175 0.163888 0.0347796
9.99731E-05 0.0577624 0.0412164 0.160588 9.99731E-05 0.0721836 0.114697 9.99731E-05 0.553252
9.99641E-05 9.99641E-05 0.229939 9.99641E-05 0.0993903 0.480166 9.99641E-05 0.0165711 0.173533
9.993E-05 9.993E-05 9.993E-05 0.999201 9.993E-05 9.993E-05 9.993E-05 9.993E-05 9.993E-05
9.99552E-05 9.99552E-05 9.99552E-05 0.133532 9.99552E-05 0.491683 0.147904 9.99552E-05 0.226382
9.99731E-05 0.0840827 0.0446633 0.00783533 9.99731E-05 0.0177684 0.53952 9.99731E-05 0.30583
9.99732E-05 0.0221763 0.160792 0.529069 0.103106 9.99732E-05 9.99732E-05 0.112229 0.0723278
9.99732E-05 0.0419426 0.310124 0.0546814 9.99732E-05 0.461132 0.125002 0.00681866 9.99732E-05
0.32323 9.99552E-05 0.198559 0.0994248 9.99552E-05 0.378286 9.99552E-05 9.99552E-05 9.99552E-05
9.99641E-05 9.99641E-05 0.0551613 0.0133632 0.364144 0.379083 0.187849 9.99641E-05 9.99641E-05
9.99731E-05 9.99731E-05 9.99731E-05 0.099771 0.235341 0.124423 0.0493087 0.418638 0.0722183
0.113532 9.99732E-05 9.99732E-05 0.0963047 0.29591 9.99732E-05 0.158765 0.164065 0.171124
9.99821E-05 0.266686 0.196661 0.0658839 0.0209253 0.246744 0.195943 0.00695621 9.99821E-05
9.99641E-05 0.358708 9.99641E-05 0.0450375 9.99641E-05 0.339703 9.99641E-05 0.204254 0.051897
0.0749404 0.164267 9.99732E-05 0.219351 0.320696 9.99732E-05 0.170264 9.99732E-05 0.0501812
9.99641E-05 9.99641E-05 9.99641E-05 0.0273053 0.380245 0.48084 9.99641E-05 0.101736 0.00947453
0.220355 9.99731E-05 0.0794973 9.99731E-05 9.99731E-05 0.208053 0.162632 0.177322 0.15184
9.993E-05 9.993E-05 9.993E-05 0.999201 9.993E-05 9.993E-05 9.993E-05 9.993E-05 9.993E-05
9.99641E-05 9.99641E-05 0.390285 0.130659 0.0680738 0.331689 0.0788925 9.99641E-05 9.99641E-05
0.0110913 9.99375E-05 9.99375E-05 9.99375E-05 9.99375E-05 0.988209 9.99375E-05 9.99375E-05 9.99375E-05
0.391469 9.99641E-05 0.285747 0.021828 0.0336565 9.99641E-05 9.99641E-05 0.266899 9.99641E-05
9.99554E-05 9.99554E-05 0.545692 0.224422 0.00958786 0.219799 9.99554E-05 9.99554E-05 9.99554E-05
0.0145073 9.99641E-05 0.111204 9.99641E-05 9.99641E-05 0.26316 0.487625 9.99641E-05 0.123104
9.9982E-05 9.9982E-05 0.0608491 0.0269839 0.557211 0.167183 0.0738599 0.0545495 0.0591631
9.99375E-05 9.99375E-05 9.99375E-05 9.99375E-05 0.704258 0.295043 9.99375E-05 9.99375E-05 9.99375E-05
9.99553E-05 9.99553E-05 0.0204146 0.0533812 9.99553E-05 0.374141 9.99553E-05 0.551563 9.99553E-05
9.9982E-05 0.0738667 0.16181 0.0167879 9.9982E-05 0.421094 0.290377 0.0175594 0.0183046
9.99552E-05 9.99552E-05 0.168651 9.99552E-05 0.355313 0.210644 9.99552E-05 9.99552E-05 0.264892
9.99463E-05 9.99463E-05 9.99463E-05 9.99463E-05 0.208359 0.6481 9.99463E-05 0.142942 9.99463E-05
9.99552E-05 0.192346 0.270473 9.99552E-05 9.99552E-05 0.531218 9.99552E-05 0.00546276 9.99552E-05
0.186364 0.0119712 9.99731E-05 9.99731E-05 9.99731E-05 0.300981 0.315854 0.0233518 0.161178
0.00279021 0.0239928 0.175969 9.9982E-05 0.230999 0.438092 9.9982E-05 0.00991885 0.118038
9.99462E-05 9.99462E-05 0.158261 9.99462E-05 0.633425 0.207714 9.99462E-05 9.99462E-05 9.99462E-05
9.99553E-05 9.99553E-05 0.340895 9.99553E-05 9.99553E-05 0.165817 0.268741 9.99553E-05 0.224047
9.99462E-05 0.961949 0.017767 9.99462E-05 9.99462E-05 9.99462E-05 0.0196841 9.99462E-05 9.99462E-05
0.0957219 9.99731E-05 9.99731E-05 0.00418615 0.108658 9.99731E-05 0.651869 0.0967653 0.0425004
0.320309 0.0499222 0.141152 9.99642E-05 9.99642E-05 0.146094 9.99642E-05 0.342123 9.99642E-05
9.99464E-05 9.99464E-05 0.140837 0.229324 9.99464E-05 9.99464E-05 0.62924 9.99464E-05 9.99464E-05
0.0395838 0.107297 0.0881334 0.15388 9.99821E-05 0.271341 0.29304 9.99821E-05 0.0465253
9.9973E-05 0.0653889 0.0837356 0.0919637 0.44909 9.9973E-05 0.224661 9.9973E-05 0.0848609
9.99465E-05 9.99465E-05 9.99465E-05 0.110786 9.99465E-05 0.773139 9.99465E-05 9.99465E-05 0.115475
9.993E-05 0.999201 9.993E-05 9.993E-05 9.993E-05 9.993E-05 9.993E-05 9.993E-05 9.993E-05
0.0564798 9.99643E-05 0.165551 0.167511 0.0183261 0.591732 9.99643E-05 9.99643E-05 9.99643E-05
9.99821E-05 0.0445834 0.00117479 0.0324234 9.99821E-05 0.643063 0.00317254 0.249972 0.0254106
0.0218147 0.0219344 9.99641E-05 9.99641E-05 9.99641E-05 0.462228 9.99641E-05 0.447153 0.0464701
9.99641E-05 0.0148822 9.99641E-05 0.053018 9.99641E-05 0.305697 0.496394 9.99641E-05 0.12961
