0.158216 0.0169047 0.709149 9.9991E-05 0.0386895 0.0465448 0.0303961
0.238616 9.9982E-05 0.188492 0.199374 9.9982E-05 0.3382 0.0351175
0.444608 0.019249 9.9991E-05 0.00225576 0.119542 0.348053 0.0661924
0.347432 0.1148 0.277284 0.0929087 9.9991E-05 0.0546195 0.112856
0.495549 0.200201 0.0594157 0.0814122 9.9991E-05 0.000200153 0.163122
0.564046 0.0953529 0.00642405 9.9991E-05 0.0462607 0.111635 0.176181
0.337256 0.129234 0.19172 0.10112 0.144291 0.0241665 0.0722125
0.133494 0.0437651 0.221838 0.0180112 0.233468 0.349324 9.9991E-05
0.304558 0.158786 0.0691281 0.0977841 0.328557 0.00843534 0.0327516
9.9982E-05 0.131916 0.122547 0.128164 0.383347 9.9982E-05 0.233825
0.483779 0.0295597 9.9982E-05 9.9982E-05 0.019917 0.136172 0.330372
9.99729E-05 0.235442 0.014899 0.0757943 0.673565 9.99729E-05 9.99729E-05
0.506195 0.234902 0.0259746 0.0296144 0.147883 9.9991E-05 0.055331
9.999E-05 0.160549 0.293473 0.141814 0.158886 0.140424 0.104754
9.9973E-05 0.21864 0.00590367 9.9973E-05 9.9973E-05 0.706647 0.0685093
0.0242214 0.139971 0.104601 0.00912252 0.0597116 0.662272 9.9991E-05
9.9973E-05 0.105798 9.9973E-05 0.14106 9.9973E-05 0.523204 0.229637
0.14603 0.225854 0.381458 0.167219 0.00142225 9.9991E-05 0.0779172
0.512981 0.0889831 0.188464 9.9982E-05 0.0920842 0.117288 9.9982E-05
0.362529 0.0398916 0.129924 0.0498439 0.110347 0.19944 0.108025
0.399222 0.155872 0.179196 9.9991E-05 0.102242 0.0921779 0.0711895
0.0344473 0.0763346 0.309327 9.9991E-05 0.360542 0.151598 0.0676506
0.578602 0.209205 0.073534 0.0597026 0.0375505 0.0400187 0.00138809
0.621642 0.111686 0.0127011 0.172334 9.9982E-05 0.0814375 9.9982E-05
0.251909 0.141828 9.9982E-05 9.9982E-05 0.0934684 0.098482 0.414112
0.200199 9.9982E-05 0.487348 0.135202 9.9982E-05 0.0996916 0.0773593
9.999E-05 0.197823 0.178691 0.00492728 0.442714 0.0533991 0.122346
0.184463 0.0590802 0.369816 0.0959671 0.00557603 0.152586 0.132512
0.227619 0.0281869 0.219505 0.145801 0.126141 0.11223 0.140517
0.273932 0.00454575 0.0154217 0.60605 9.9991E-05 0.0832372 0.016713
0.359272 0.0890107 9.9973E-05 9.9973E-05 9.9973E-05 0.357477 0.19394
0.00357422 0.0126786 0.0734934 0.0630144 0.701989 0.0734583 0.0717922
0.398353 0.223008 0.149767 0.0655182 9.9982E-05 0.163154 9.9982E-05
0.463583 0.0644406 0.207176 9.9991E-05 0.0281309 0.104861 0.131708
0.163424 0.213656 0.245861 9.9991E-05 0.272822 0.00727464 0.0968622
9.9955E-05 0.121455 0.878046 9.9955E-05 9.9955E-05 9.9955E-05 9.9955E-05
0.481909 0.0296372 0.1091 9.9982E-05 0.181403 9.9982E-05 0.19775
9.999E-05 0.0260811 0.446053 0.149561 0.147365 0.0546865 0.176153
0.205382 0.146988 9.9991E-05 0.0727837 0.313065 0.177498 0.0841836
0.16201 0.199815 0.20852 0.0423366 0.0574678 0.295895 0.0339562
0.279861 0.0542138 0.0305689 0.0477205 0.298913 0.215903 0.0728196
0.352731 0.0702946 0.171364 0.0347964 0.0297318 0.228091 0.112991
0.0108907 0.0444711 0.305042 0.0708526 0.331795 0.160767 0.0761814
0.151573 9.9982E-05 0.431246 0.0393669 0.368562 0.00905236 9.9982E-05
9.999E-05 0.163949 0.048175 0.026388 0.742254 0.0166752 0.00245897
0.0800322 0.118485 0.234836 9.9982E-05 0.325509 9.9982E-05 0.240938
0.741469 0.140341 9.9973E-05 0.104791 9.9973E-05 0.0130984 9.9973E-05
0.343079 0.0460534 0.0757317 0.0600609 0.320736 0.110166 0.0441726
0.087306 0.0807106 0.05528 0.0574441 0.468157 0.251002 9.9991E-05
0.0916314 0.154122 0.0398865 0.138545 0.225082 0.350634 9.9991E-05
0.0782913 0.175642 0.260711 0.117713 0.141186 0.106778 0.119679
0.497799 0.180137 0.0249361 0.0359428 0.0229288 0.238156 9.9991E-05
0.165442 0.023207 0.162523 0.0400296 0.126433 0.479528 0.00283688
9.9991E-05 0.202621 0.000888802 0.0354688 0.324881 0.288125 0.147915
0.00965107 9.9991E-05 0.0690814 0.242568 0.486089 0.190646 0.00186442
0.398763 0.103137 0.165311 0.0102454 0.250795 0.0244301 0.0473197
9.99641E-05 0.0452326 9.99641E-05 0.200253 0.754114 9.99641E-05 9.99641E-05
0.328997 0.0672487 0.0474182 0.112374 0.373316 9.9991E-05 0.0705459
0.291518 0.115415 0.00355991 9.9991E-05 0.212479 0.334783 0.0421456
0.036537 0.152378 0.153683 9.9982E-05 0.576475 9.9982E-05 0.0807276
0.870711 0.024783 0.0322189 0.0173921 9.9982E-05 9.9982E-05 0.054695
0.530648 0.242449 9.9973E-05 9.9973E-05 9.9973E-05 0.109788 0.116816
0.60391 0.118279 0.00856441 9.9991E-05 0.0253316 0.201686 0.0421285
9.9973E-05 0.0878144 0.0194544 0.890453 9.9973E-05 9.9973E-05 0.00197854
0.198343 9.9982E-05 0.415728 9.9982E-05 0.033797 0.181637 0.170296
0.013182 0.0177952 0.851393 9.9973E-05 9.9973E-05 0.11733 9.9973E-05
0.354592 0.109539 0.352526 9.9982E-05 0.0229928 9.9982E-05 0.160151
0.491061 0.15327 9.9982E-05 0.0382282 0.260705 0.0565362 9.9982E-05
0.684021 9.99641E-05 0.311852 0.00372713 9.99641E-05 9.99641E-05 9.99641E-05
0.22437 0.108876 0.167848 0.143056 9.9991E-05 0.183832 0.171918
0.175637 0.0288139 9.9991E-05 0.0662186 0.5636 0.0201173 0.145513
9.9982E-05 0.205338 0.252768 9.9982E-05 0.0604669 0.461839 0.0193873
0.0876063 0.274673 0.216154 0.0537686 0.059988 0.187881 0.119929
0.271316 0.0821942 9.9991E-05 0.0816555 0.184826 0.275222 0.104687
9.9991E-05 0.00227226 0.0764088 0.119662 0.443971 0.0954958 0.26209
9.9973E-05 0.106918 9.9973E-05 9.9973E-05 0.415548 0.389428 0.0878053
0.275956 0.182055 0.00105817 0.0187176 0.501388 9.9991E-05 0.0207248
0.843404 9.99639E-05 9.99639E-05 0.0616333 9.99639E-05 9.99639E-05 0.0945629
0.944958 9.9955E-05 9.9955E-05 9.9955E-05 9.9955E-05 9.9955E-05 0.0545426
0.715822 0.0469917 9.9982E-05 0.131458 9.9982E-05 0.0672359 0.0382924
0.170606 0.153631 0.336331 0.0181046 0.211058 0.0825648 0.0277054
0.444326 0.168638 0.0960902 0.0226044 0.198358 9.9991E-05 0.0698827
0.375308 0.0640525 9.9982E-05 0.188666 0.362539 9.9982E-05 0.00923478
0.336458 0.12802 9.9982E-05 0.0506882 9.9982E-05 0.390291 0.0943423
0.237038 0.154486 0.200295 0.040507 0.316414 9.9991E-05 0.0511597
0.325145 9.9982E-05 0.282419 9.9982E-05 0.215676 0.067708 0.108852
0.0650066 0.0655406 0.765477 0.0336967 9.9982E-05 0.0700794 9.9982E-05
9.9973E-05 0.235563 9.9973E-05 9.9973E-05 0.594648 0.0569733 0.112516
9.9991E-05 0.174814 0.310649 0.0617728 0.0139369 0.336123 0.102605
9.9964E-05 0.144224 0.359239 9.9964E-05 0.496138 9.9964E-05 9.9964E-05
9.9964E-05 9.9964E-05 0.0399548 0.951364 9.9964E-05 9.9964E-05 0.00828173
0.150788 0.145598 0.048176 9.9982E-05 0.490338 9.9982E-05 0.164899
0.668484 0.158184 0.0696148 9.9973E-05 9.9973E-05 9.9973E-05 0.103417
0.15552 0.180754 0.109709 0.039231 9.9982E-05 0.514587 9.9982E-05
0.49978 0.036917 0.162789 0.0303556 9.9982E-05 9.9982E-05 0.269959
0.463165 9.9982E-05 0.250842 0.0573884 0.110013 9.9982E-05 0.118392
9.9964E-05 9.9964E-05 0.490639 9.9964E-05 0.506865 0.00209633 9.9964E-05
0.284423 0.0749386 9.9991E-05 0.0342721 0.387727 0.112236 0.106304
9.9973E-05 0.39824 0.176588 0.394532 0.0303392 9.9973E-05 9.9973E-05
0.533028 9.9973E-05 0.0408494 0.30169 9.9973E-05 0.124132 9.9973E-05
0.327032 0.136347 0.345808 0.067869 0.0244934 0.0375818 0.0608687
9.995E-05 9.995E-05 9.995E-05 0.9994 9.995E-05 9.995E-05 9.995E-05
0.326512 0.0611974 0.0638835 0.119668 9.9991E-05 0.228936 0.199704
9.995E-05 9.995E-05 9.995E-05 9.995E-05 9.995E-05 9.995E-05 0.9994
9.9982E-05 0.226196 0.266181 9.9982E-05 0.254048 0.196481 0.0568942
0.403829 9.9973E-05 0.0628764 9.9973E-05 0.171495 0.3615 9.9973E-05
0.179952 0.0581987 0.178573 0.0202982 0.375267 0.178871 0.00884028
0.576812 0.159034 0.0502212 9.9982E-05 9.9982E-05 0.209221 0.0045113
0.0814622 0.110229 0.122021 0.153946 0.202745 0.182865 0.146733
0.298916 0.122875 0.373236 0.0306925 0.0480127 0.0334112 0.0928567
0.331237 0.043435 0.132958 9.9991E-05 0.180356 0.139765 0.17215
0.152475 0.24995 9.9982E-05 0.129155 0.359431 9.9982E-05 0.108789
0.315684 0.0619806 0.0285264 0.0226856 0.335613 0.197877 0.0376332
0.277484 0.192374 0.0351108 0.360445 9.9991E-05 0.00161076 0.132876
0.391601 9.9991E-05 0.135191 0.117414 0.21319 0.0361594 0.106345
9.995E-05 9.995E-05 9.995E-05 0.9994 9.995E-05 9.995E-05 9.995E-05
0.146256 0.0238105 0.245504 9.9991E-05 0.0114241 0.27193 0.300976
0.127267 0.0630809 0.709072 9.9982E-05 0.0983458 0.00203498 9.9982E-05
0.446679 0.0479226 9.9973E-05 0.0747162 0.430382 9.9973E-05 9.9973E-05
9.9991E-05 0.147983 0.332837 0.0726957 0.342994 0.00856129 0.0948298
0.20684 0.204575 0.358255 0.0256357 0.178188 9.9991E-05 0.0264063
0.119914 0.244817 0.164826 0.394665 9.9982E-05 9.9982E-05 0.0755783
0.153036 0.0728828 0.274655 0.13809 0.292886 9.9991E-05 0.0683501
0.518909 0.0402064 9.9982E-05 9.9982E-05 0.132256 0.248301 0.0601282
0.25394 0.219824 9.9982E-05 0.123575 0.344898 9.9982E-05 0.0575637
0.311009 0.216543 9.9982E-05 0.0317629 0.0201317 0.420354 9.9982E-05
0.186085 0.138777 0.153751 0.0268438 0.269697 0.160647 0.0642001
0.215456 0.0780402 0.126041 0.122272 0.228289 0.133635 0.0962657
0.246487 0.0790001 0.00571153 9.9982E-05 0.642149 0.0264523 9.9982E-05
0.368001 9.9991E-05 0.217414 0.116974 0.0444174 0.175628 0.0774658
0.249796 0.106219 0.523316 0.0444112 0.0760575 9.9982E-05 9.9982E-05
0.352596 0.199101 0.189258 0.0760418 0.136192 9.9991E-05 0.0467115
0.431168 0.080695 0.00466289 0.278629 0.20219 9.9991E-05 0.00255485
0.137237 0.137807 0.0241189 0.0727872 0.145462 0.380138 0.10245
0.350102 0.0671741 0.305981 9.9982E-05 0.24022 9.9982E-05 0.0363233
0.22742 0.217751 0.127275 9.9982E-05 0.297025 9.9982E-05 0.130329
0.0395336 9.9964E-05 9.9964E-05 9.9964E-05 0.116954 0.843112 9.9964E-05
9.995E-05 9.995E-05 9.995E-05 9.995E-05 9.995E-05 0.9994 9.995E-05
0.0957624 0.086831 0.317824 0.124028 0.351731 0.0237241 9.9991E-05
0.468553 0.114618 0.0561849 0.0170057 0.198816 9.9991E-05 0.144723
0.0987236 0.23955 0.107559 0.0209841 0.416857 9.9991E-05 0.116225
0.229683 0.155099 9.9982E-05 9.9982E-05 0.0755118 0.400701 0.138805
0.418646 9.9973E-05 9.9973E-05 0.190864 0.175041 9.9973E-05 0.21515
0.0681756 0.14712 0.242727 0.055954 0.465143 9.9991E-05 0.0207801
0.196532 0.10844 0.24015 0.117684 0.169464 0.0707179 0.097012
9.9973E-05 0.190753 0.242079 0.413088 0.15378 9.9973E-05 9.9973E-05
0.448878 0.135153 0.0507233 9.9991E-05 0.114835 0.181953 0.0683579
9.995E-05 0.9994 9.995E-05 9.995E-05 9.995E-05 9.995E-05 9.995E-05
9.9973E-05 0.145516 0.717026 9.9973E-05 0.0664931 9.9973E-05 0.0706657
0.416688 0.041441 0.219709 0.0163256 0.0173899 0.0627336 0.225712
0.0817782 0.171779 0.01149 9.9982E-05 0.602787 9.9982E-05 0.131966
0.504426 0.144168 9.9982E-05 9.9982E-05 0.0918983 0.0983435 0.160964
0.0536196 0.170903 0.102757 0.102694 0.339116 0.230809 9.9991E-05
0.159748 0.152367 0.0129347 0.0467996 0.394988 0.210738 0.0224253
0.018792 0.15536 0.219649 0.0979962 0.508003 9.9982E-05 9.9982E-05
0.0143528 0.112161 0.293514 0.179134 9.9991E-05 0.348691 0.0520456
0.371272 0.135816 0.190651 9.9973E-05 0.301961 9.9973E-05 9.9973E-05
0.364073 0.101894 0.116358 0.134662 0.0274804 0.174446 0.0810879
9.9955E-05 9.9955E-05 0.86796 0.131541 9.9955E-05 9.9955E-05 9.9955E-05
0.429336 0.0772461 0.0605116 0.178354 0.0288195 0.163932 0.0618003
0.622436 0.151278 0.123108 0.0279021 9.9982E-05 9.9982E-05 0.0750757
9.995E-05 0.9994 9.995E-05 9.995E-05 9.995E-05 9.995E-05 9.995E-05
0.114331 0.629279 0.124176 9.9973E-05 9.9973E-05 0.131913 9.9973E-05
0.0407843 9.9982E-05 0.180234 9.9982E-05 0.368596 0.362805 0.0473806
0.127929 0.0466477 0.15672 0.0938328 0.302322 0.184102 0.0884472
9.9964E-05 0.0715579 0.920841 9.9964E-05 9.9964E-05 9.9964E-05 0.00720147
0.442037 0.118204 0.15313 9.9982E-05 0.213254 0.0731738 9.9982E-05
0.225477 0.131843 0.109247 9.9991E-05 0.235056 0.12563 0.172646
9.995E-05 9.995E-05 9.995E-05 9.995E-05 9.995E-05 0.9994 9.995E-05
0.206814 0.24883 0.240693 0.0224412 0.173503 0.107619 9.9991E-05
0.483706 9.9991E-05 0.000925197 0.1232 0.0582452 0.319532 0.0142916
9.9982E-05 0.14278 9.9982E-05 0.0353062 0.354022 0.346142 0.12155
0.388622 0.161326 0.160011 0.217319 9.9982E-05 0.0725221 9.9982E-05
0.00892087 9.9982E-05 0.0724239 9.9982E-05 0.285144 0.579648 0.0536635
0.262945 0.162324 0.320176 9.9982E-05 0.125826 0.128529 9.9982E-05
0.312981 0.0618217 9.9991E-05 0.0395172 0.415754 0.001942 0.167884
0.678477 0.220096 9.9982E-05 9.9982E-05 0.0567774 0.0151227 0.029327
0.0160861 9.9991E-05 0.172305 0.032598 0.495372 0.140682 0.142856
9.995E-05 9.995E-05 9.995E-05 9.995E-05 9.995E-05 9.995E-05 0.9994
0.114639 0.0278333 9.9991E-05 0.138679 0.576039 0.0356968 0.107014
9.9973E-05 0.212898 9.9973E-05 0.1127 9.9973E-05 0.508093 0.166009
0.189111 0.258285 0.315135 0.0988543 9.9982E-05 0.138415 9.9982E-05
9.9991E-05 0.0788985 0.417278 0.0362737 0.00601071 0.403244 0.0581952
0.397533 0.031831 0.195204 0.186659 0.167171 0.021503 9.9991E-05
0.429256 0.139645 0.111044 0.0192435 0.0766001 0.175726 0.0484847
9.995E-05 9.995E-05 9.995E-05 9.995E-05 9.995E-05 9.995E-05 0.9994
0.4527 0.0960719 0.0834268 0.0402545 0.280045 0.0474014 9.9991E-05
0.00261246 0.103304 0.385578 0.0540104 9.9991E-05 0.247181 0.207215
0.611748 0.0203701 0.22319 9.9991E-05 0.065309 0.0545321 0.0247507
9.9982E-05 0.0102123 0.261465 0.0870151 0.388978 0.252129 9.9982E-05
