0.0498842 0.411123 9.9991E-05 0.281839 0.195336 0.0617186
0.247342 0.317287 9.99821E-05 0.305127 9.99821E-05 0.130044
0.298523 0.218184 0.271369 0.211724 9.99821E-05 9.99821E-05
0.181699 9.99821E-05 0.067917 0.378725 0.371459 9.99821E-05
0.168948 0.263925 9.9982E-05 0.13622 9.9982E-05 0.430707
0.111562 0.179168 0.253948 0.455122 9.9982E-05 9.9982E-05
0.157066 0.290146 9.99911E-05 0.0147266 0.028741 0.509221
9.99821E-05 0.636068 9.99821E-05 0.185086 0.0767348 0.101911
0.125631 9.99821E-05 9.99821E-05 0.14979 0.685944 0.0384362
0.00324695 9.99821E-05 0.586192 9.99821E-05 0.207454 0.202907
0.0481555 0.157246 0.613231 9.9982E-05 0.181167 9.9982E-05
9.99821E-05 0.210165 9.99821E-05 0.323994 0.410689 0.0549519
9.99731E-05 0.0253522 9.99731E-05 0.480881 0.493467 9.99731E-05
0.145904 9.99731E-05 9.99731E-05 0.600852 9.99731E-05 0.252945
9.99732E-05 9.99732E-05 9.99732E-05 0.476537 0.508767 0.0143961
0.33173 0.0999794 9.99926E-05 0.354391 0.184421 0.029379
0.0727765 9.99821E-05 9.99821E-05 0.575426 0.259956 0.0916416
0.134127 0.221736 0.255856 0.0473355 9.99911E-05 0.340846
9.99731E-05 0.125863 9.99731E-05 0.547103 0.326734 9.99731E-05
0.10379 9.99732E-05 9.99732E-05 0.789069 0.106841 9.99732E-05
9.99642E-05 9.99642E-05 0.671018 9.99642E-05 9.99642E-05 0.328582
0.0316903 0.257052 0.110252 0.0852699 0.506761 0.00897447
0.379647 9.9991E-05 0.00508529 0.421446 0.182959 0.0107626
0.586719 9.99731E-05 9.99731E-05 0.0846851 9.99731E-05 0.328296
0.287986 0.124496 0.314443 9.9991E-05 0.247876 0.0250994
0.213877 0.313061 0.114576 9.9991E-05 0.222299 0.136086
0.0836135 0.158127 0.221069 0.0339644 0.0928406 0.410385
9.99732E-05 9.99732E-05 0.477531 0.451075 9.99732E-05 0.0710944
9.99821E-05 0.381706 0.0932284 0.301892 0.222973 9.99821E-05
0.723974 0.0174102 0.152255 9.99821E-05 0.10616 9.99821E-05
9.99731E-05 0.171373 0.228579 9.99731E-05 9.99731E-05 0.599748
0.0214237 0.257357 9.99911E-05 0.48528 0.146409 0.0894305
0.0625916 9.99821E-05 0.603394 9.99821E-05 0.288168 0.0456457
0.045859 0.314719 9.9991E-05 0.34103 0.241628 0.0566637
0.402035 0.196116 9.9991E-05 0.0840741 0.0612242 0.256451
9.99731E-05 0.157821 9.99731E-05 0.403282 9.99731E-05 0.438597
0.0230532 0.722055 9.99732E-05 9.99732E-05 9.99732E-05 0.254592
0.269458 0.123651 0.43364 0.0854951 0.087656 9.9991E-05
0.0401675 0.256568 0.0340369 0.303994 9.9991E-05 0.365134
0.0634993 0.311536 0.0474828 0.577282 9.99821E-05 9.99821E-05
0.305287 9.99911E-05 0.0507669 0.14756 0.212266 0.284021
0.0155282 9.99821E-05 0.272377 9.99821E-05 0.353606 0.358289
0.127988 0.158754 0.196517 9.9991E-05 0.180237 0.336404
0.135071 0.0878626 0.152178 0.430673 0.194115 9.99911E-05
0.00116085 0.381312 0.00281414 0.423576 0.191037 9.99911E-05
0.0905577 0.150697 9.99821E-05 0.465061 0.293484 9.99821E-05
0.157303 9.99731E-05 9.99731E-05 0.10603 0.736367 9.99731E-05
9.99731E-05 9.99731E-05 0.190693 9.99731E-05 0.521908 0.2871
9.99643E-05 0.441847 9.99643E-05 9.99643E-05 0.557754 9.99643E-05
0.0347961 0.520306 9.9991E-05 0.150388 0.196648 0.097762
0.215946 0.449995 9.9982E-05 0.191671 0.142188 9.9982E-05
9.99731E-05 9.99731E-05 0.307291 0.350913 9.99731E-05 0.341496
0.322456 9.99731E-05 0.082808 9.99731E-05 0.594436 9.99731E-05
0.150843 0.248194 9.99821E-05 0.53235 0.0684135 9.99821E-05
9.99643E-05 9.99643E-05 9.99643E-05 0.558131 9.99643E-05 0.441469
9.99732E-05 0.406803 9.99732E-05 9.99732E-05 0.190464 0.402434
0.407174 0.213555 9.99731E-05 0.378971 9.99731E-05 9.99731E-05
9.99822E-05 0.0482679 9.99822E-05 0.11617 0.107773 0.72759
9.9991E-05 0.0832006 0.0908023 0.613157 0.0598352 0.152905
9.9982E-05 0.226833 0.287241 9.9982E-05 0.0351261 0.4506
0.0458537 0.174388 0.223132 0.43591 0.120616 9.9991E-05
0.230415 9.9991E-05 0.041752 0.0162979 0.182236 0.5292
9.9991E-05 0.118607 0.0405099 0.087564 0.521854 0.231365
0.674467 0.159216 0.166016 9.99732E-05 9.99732E-05 9.99732E-05
0.104387 0.805307 0.0805329 9.99821E-05 9.99821E-05 0.00957336
0.0300626 9.99821E-05 0.141705 0.178668 0.649364 9.99821E-05
0.172991 0.238804 0.0752396 0.326859 0.0432777 0.142829
9.99731E-05 9.99731E-05 9.99731E-05 0.188037 0.46589 0.345773
9.99731E-05 0.69286 9.99731E-05 9.99731E-05 0.187814 0.119026
9.99731E-05 0.431051 0.376856 9.99731E-05 9.99731E-05 0.191792
9.9982E-05 9.9982E-05 0.248065 0.32858 0.0873584 0.335796
0.0544111 9.99731E-05 9.99731E-05 9.99731E-05 0.692016 0.253273
9.99732E-05 0.0232959 9.99732E-05 0.442316 9.99732E-05 0.534089
0.000700427 0.53376 9.99821E-05 9.99821E-05 0.131152 0.334187
0.141707 0.34499 9.99732E-05 0.513003 9.99732E-05 9.99732E-05
9.99732E-05 9.99732E-05 9.99732E-05 0.522464 0.22446 0.252776
0.0907311 9.99644E-05 9.99644E-05 9.99644E-05 0.908869 9.99644E-05
9.99821E-05 0.0463426 0.238885 0.333102 9.99821E-05 0.38147
0.11751 0.209284 0.109334 0.485734 0.0780385 9.9991E-05
9.99642E-05 0.204353 9.99642E-05 0.795247 9.99642E-05 9.99642E-05
9.99821E-05 0.302514 9.99821E-05 0.405252 0.0825497 0.209484
0.121434 0.200345 0.208063 9.99821E-05 0.469958 9.99821E-05
9.99911E-05 0.273063 0.18187 0.016227 0.0827258 0.446015
0.19575 0.35431 9.99731E-05 9.99731E-05 0.449641 9.99731E-05
0.220581 9.99821E-05 9.99821E-05 0.357463 0.136856 0.2849
9.9982E-05 9.9982E-05 0.150967 0.261537 0.367501 0.219796
0.082085 9.99821E-05 0.0226985 0.791633 9.99821E-05 0.103383
0.582314 9.99821E-05 0.00483554 0.340866 0.0717843 9.99821E-05
0.129593 0.0459957 0.359855 0.03021 0.434246 9.99911E-05
9.99731E-05 0.253584 0.275031 9.99731E-05 0.471085 9.99731E-05
0.95407 0.0455299 9.99643E-05 9.99643E-05 9.99643E-05 9.99643E-05
0.241786 9.99911E-05 0.048266 0.215983 0.0183398 0.475524
0.149133 9.99732E-05 9.99732E-05 9.99732E-05 0.476605 0.373962
0.156017 9.9991E-05 0.441323 0.207835 0.143672 0.0510536
9.99731E-05 9.99731E-05 9.99731E-05 0.153191 0.530871 0.315639
0.00992729 9.99821E-05 0.0383934 0.861021 0.090458 9.99821E-05
0.143889 0.0631633 0.240586 0.101687 0.239809 0.210865
9.99821E-05 9.99821E-05 0.0615632 0.114494 0.696266 0.127476
0.531093 0.0190768 9.9982E-05 0.421225 9.9982E-05 0.0284054
0.523981 9.9991E-05 0.120079 0.0627397 0.0688548 0.224245
0.168311 9.99821E-05 0.246548 0.104359 9.99821E-05 0.480581
0.858151 9.99643E-05 0.141449 9.99643E-05 9.99643E-05 9.99643E-05
9.99732E-05 9.99732E-05 0.62676 9.99732E-05 0.260993 0.111947
0.0184797 9.99731E-05 0.857028 0.124192 9.99731E-05 9.99731E-05
9.99731E-05 0.239497 9.99731E-05 0.516588 0.243615 9.99731E-05
0.073337 0.144707 9.9991E-05 0.177907 0.492808 0.111141
0.0318528 0.390933 9.9991E-05 0.28028 0.0784452 0.218389
9.99731E-05 0.54905 0.287571 9.99731E-05 9.99731E-05 0.163078
9.99821E-05 0.695643 0.0661008 9.99821E-05 0.134035 0.104021
9.99732E-05 0.386873 0.463807 0.14902 9.99732E-05 9.99732E-05
0.481523 0.0916664 9.99821E-05 9.99821E-05 0.0575845 0.369026
0.168729 0.605026 9.99821E-05 0.173795 0.0522505 9.99821E-05
0.641015 0.0916077 9.99732E-05 0.267077 9.99732E-05 9.99732E-05
0.049148 0.888832 0.00772245 0.0139123 0.0402855 9.9991E-05
0.9995 9.996E-05 9.996E-05 9.996E-05 9.996E-05 9.996E-05
9.99821E-05 9.99821E-05 0.349274 0.340827 0.285055 0.0246431
9.99731E-05 0.110499 9.99731E-05 0.281454 0.607747 9.99731E-05
9.99911E-05 0.265475 0.0136973 0.0743333 0.506189 0.140206
0.245501 0.439601 9.99731E-05 9.99731E-05 0.314598 9.99731E-05
0.0994084 0.29889 0.0481876 0.54788 0.00553432 9.9991E-05
0.507623 9.99731E-05 9.99731E-05 9.99731E-05 0.413593 0.0784837
0.204319 9.99642E-05 9.99642E-05 0.795281 9.99642E-05 9.99642E-05
9.99641E-05 0.7405 9.99641E-05 0.2591 9.99641E-05 9.99641E-05
9.99732E-05 0.564747 0.0855745 9.99732E-05 9.99732E-05 0.349378
0.0924905 0.0503258 0.223701 0.280157 0.353226 9.99911E-05
9.9991E-05 0.192915 0.316591 0.00399872 0.31494 0.171455
0.160338 0.0885359 0.0709886 0.0116457 0.467456 0.201035
9.9991E-05 0.440421 0.022017 0.258376 0.217234 0.0618516
0.194084 0.0858536 0.40782 0.312042 9.99821E-05 9.99821E-05
0.144248 0.130878 0.279797 0.288633 0.029296 0.127148
9.99732E-05 9.99732E-05 0.0868763 9.99732E-05 0.704987 0.207837
9.9982E-05 0.582646 0.164866 0.105949 9.9982E-05 0.146339
9.9991E-05 0.134807 0.188677 0.122627 0.428131 0.125658
9.9991E-05 0.0549202 0.334757 0.404527 0.0847356 0.12096
9.99821E-05 9.99821E-05 0.36769 0.142494 0.158214 0.331402
0.0314056 0.691646 0.0670123 0.200889 0.00894763 9.99911E-05
9.996E-05 0.9995 9.996E-05 9.996E-05 9.996E-05 9.996E-05
0.0461864 0.797356 0.156157 9.99732E-05 9.99732E-05 9.99732E-05
9.99911E-05 0.193562 0.0757312 0.141929 0.347083 0.241595
9.99731E-05 0.819877 9.99731E-05 0.135022 0.0448006 9.99731E-05
0.145846 0.159573 0.155094 0.46197 0.0601271 0.01739
0.198501 0.0337614 0.260326 0.135028 9.99911E-05 0.372283
0.055014 9.9991E-05 0.193027 0.314341 0.251893 0.185624
9.99732E-05 0.054244 0.543187 9.99732E-05 0.402269 9.99732E-05
0.46232 9.9991E-05 0.0477042 0.285436 0.153426 0.0510138
0.0835357 0.470202 9.9982E-05 0.384355 0.0617074 9.9982E-05
9.996E-05 9.996E-05 9.996E-05 9.996E-05 9.996E-05 0.9995
0.0904682 9.99821E-05 0.307127 0.481275 0.120929 9.99821E-05
0.335368 0.0886478 9.99821E-05 0.243267 9.99821E-05 0.332517
9.99732E-05 9.99732E-05 9.99732E-05 0.52451 0.0687706 0.406419
9.99911E-05 0.252135 0.0845687 0.453366 0.197955 0.0118755
9.99821E-05 0.0257708 9.99821E-05 0.0175622 0.721914 0.234553
9.99731E-05 0.86772 0.0473032 9.99731E-05 9.99731E-05 0.0846768
0.135561 0.345949 0.00790752 0.447268 9.9991E-05 0.0632137
0.346221 0.0967275 9.99732E-05 9.99732E-05 9.99732E-05 0.556752
9.99732E-05 9.99732E-05 0.378032 0.404788 9.99732E-05 0.21688
0.103712 9.99821E-05 0.233386 0.660703 9.99821E-05 0.00199967
0.0916743 0.375987 0.362822 9.99911E-05 0.0747099 0.0947066
0.0590774 0.670909 9.99821E-05 0.268147 9.99821E-05 0.00166668
0.242959 0.274563 0.148342 0.0538636 0.280083 0.000189864
9.996E-05 9.996E-05 9.996E-05 9.996E-05 9.996E-05 0.9995
9.99821E-05 0.326899 9.99821E-05 0.0124541 0.343893 0.316554
9.99731E-05 0.252477 9.99731E-05 0.568147 0.179077 9.99731E-05
9.99821E-05 9.99821E-05 0.100739 0.273081 0.411334 0.214646
9.99643E-05 9.99643E-05 9.99643E-05 9.99643E-05 0.734284 0.265316
0.160413 0.243365 0.0374176 9.9991E-05 0.406659 0.152044
0.153371 0.462376 0.178348 9.9991E-05 0.00532485 0.20048
9.99644E-05 0.895895 9.99644E-05 0.103705 9.99644E-05 9.99644E-05
9.99643E-05 9.99643E-05 9.99643E-05 0.568325 9.99643E-05 0.431275
0.167451 9.9991E-05 0.067316 0.53947 0.126301 0.0993618
0.031072 0.683084 9.99821E-05 0.199062 0.0865821 9.99821E-05
9.99732E-05 0.542208 9.99732E-05 0.310764 9.99732E-05 0.146728
9.99731E-05 9.99731E-05 0.0778082 0.765425 0.156467 9.99731E-05
0.231248 0.168262 0.0779324 0.0531661 0.302477 0.166914
0.0141032 0.555665 0.196033 0.0506964 0.183403 9.9991E-05
9.99732E-05 0.721851 9.99732E-05 0.152411 9.99732E-05 0.125437
0.237047 9.99821E-05 9.99821E-05 0.564487 0.143512 0.0547547
9.99821E-05 0.00431327 0.855019 0.0151838 9.99821E-05 0.125284
0.197961 0.437232 0.179008 9.99911E-05 0.0293467 0.156352
9.99732E-05 9.99732E-05 0.267487 0.409404 0.32281 9.99732E-05
9.99732E-05 9.99732E-05 0.170687 9.99732E-05 0.133716 0.695297
9.99821E-05 9.99821E-05 0.0695228 0.0698924 0.377965 0.48242
0.185989 0.228642 0.0264751 9.9991E-05 0.208169 0.350625
0.1549 0.444105 9.99821E-05 0.397708 0.00308605 9.99821E-05
9.99731E-05 0.0290665 0.884462 0.0861712 9.99731E-05 9.99731E-05
9.99822E-05 0.139789 9.99822E-05 0.363507 0.457111 0.0393924
9.99731E-05 0.226851 9.99731E-05 0.700856 0.0719928 9.99731E-05
0.207653 0.0482553 9.99732E-05 0.743791 9.99732E-05 9.99732E-05
0.278857 9.9982E-05 0.0722607 0.472064 9.9982E-05 0.176619
