0.422269 0.0936656 0.152313 0.264434 0.0673185
0.560502 0.0547931 0.265114 0.11949 9.9991E-05
0.104751 0.132611 0.271168 0.410103 0.0813665
0.273143 0.380114 0.210238 0.077488 0.0590172
0.679761 0.00565745 0.0667052 0.247776 9.9991E-05
0.553353 9.99821E-05 9.99821E-05 0.442901 0.00354672
0.321038 0.425502 0.213389 9.99911E-05 0.039972
0.726522 9.99821E-05 0.017519 0.255759 9.99821E-05
0.198399 0.495956 0.127375 9.99911E-05 0.178171
0.0600635 9.9991E-05 0.114859 0.109178 0.7158
9.999E-05 0.0751425 0.138051 0.335447 0.451259
0.44111 0.554941 0.00374955 9.99821E-05 9.99821E-05
0.198345 0.550832 0.250623 9.99821E-05 9.99821E-05
0.742369 0.0154705 0.103488 0.0880605 0.0506125
9.99821E-05 0.955981 0.00158293 0.0422357 9.99821E-05
0.178543 0.438778 0.38248 9.99821E-05 9.99821E-05
0.0424903 0.586307 0.263889 0.107213 9.9991E-05
0.262565 9.9991E-05 0.0938403 0.280001 0.363494
0.329442 0.659279 9.99821E-05 0.0110786 9.99821E-05
0.675219 9.9982E-05 0.137975 0.186606 9.9982E-05
0.0390873 9.99911E-05 0.00713806 0.0207542 0.93292
9.99821E-05 0.647791 0.256902 9.99821E-05 0.0951065
0.182624 0.136079 0.45534 0.225857 9.9991E-05
0.311405 9.9982E-05 0.477286 9.9982E-05 0.211109
9.9991E-05 0.0834956 0.389844 0.314243 0.212317
0.189099 0.088917 0.353747 0.368137 9.9991E-05
0.144955 0.216496 0.163465 9.9991E-05 0.474985
0.319167 0.357884 9.99911E-05 0.0570879 0.265761
0.241133 0.179027 9.99821E-05 0.57964 9.99821E-05
9.99911E-05 0.0895891 0.870703 0.0356087 0.00399932
0.0441229 9.99821E-05 9.99821E-05 0.526478 0.429199
0.485388 0.362508 0.146749 9.99911E-05 0.00525577
9.99821E-05 9.99821E-05 0.206513 0.276496 0.516791
0.275688 0.441077 0.0426847 0.24045 9.9991E-05
0.36179 9.9982E-05 0.133564 0.504447 9.9982E-05
0.600118 9.9991E-05 0.00106532 0.124654 0.274062
0.403569 9.99822E-05 0.0162189 0.580013 9.99822E-05
9.99821E-05 9.99821E-05 0.245798 0.446608 0.307394
0.453161 9.9991E-05 0.201154 0.312621 0.032965
0.2777 0.151723 9.9982E-05 0.570377 9.9982E-05
9.99821E-05 0.176833 0.445441 9.99821E-05 0.377527
9.99911E-05 0.144549 0.169106 0.00275199 0.683493
0.465006 9.9991E-05 0.200923 0.0992511 0.23472
0.179161 0.313391 9.9991E-05 0.411865 0.0954826
0.181841 0.225458 0.261297 0.331304 9.9991E-05
0.601166 0.293684 9.99821E-05 0.10495 9.99821E-05
0.176137 0.424182 0.399482 9.99821E-05 9.99821E-05
0.23279 0.374643 9.9991E-05 0.0122135 0.380254
0.0177582 0.517419 0.086292 0.378431 9.99911E-05
0.441833 9.9982E-05 9.9982E-05 0.498183 0.0597838
0.178272 0.0761318 0.43627 0.309226 9.9991E-05
0.326223 9.99732E-05 9.99732E-05 9.99732E-05 0.673477
9.9991E-05 0.312586 0.398193 0.173958 0.115162
9.99821E-05 0.423835 0.218126 0.357839 9.99821E-05
0.477639 0.411209 0.00298873 0.101663 0.00649968
9.99821E-05 0.426463 9.99821E-05 0.438017 0.13532
0.343362 0.188171 0.157474 0.310893 9.9991E-05
0.15976 0.660037 9.99911E-05 0.0183167 0.161786
0.508871 0.157079 9.9982E-05 0.33385 9.9982E-05
0.26057 9.9982E-05 9.9982E-05 0.366377 0.372854
0.0907206 0.381081 0.0148429 0.513255 9.9991E-05
0.353331 0.0750584 0.274684 9.9991E-05 0.296826
9.9982E-05 0.669973 0.0233651 9.9982E-05 0.306462
0.268554 9.99821E-05 0.696586 0.0346596 9.99821E-05
0.0790504 0.147609 0.182584 0.330584 0.260172
0.156202 0.399331 0.201963 0.156836 0.085668
0.317727 9.9982E-05 0.107958 0.574114 9.9982E-05
0.125998 0.671568 9.99821E-05 9.99821E-05 0.202234
9.99731E-05 0.253537 9.99731E-05 0.746163 9.99731E-05
9.99821E-05 9.99821E-05 0.00341889 0.381021 0.61536
0.360709 0.35741 0.0747915 0.031298 0.175792
9.99821E-05 0.515166 0.270299 9.99821E-05 0.214335
0.9996 9.997E-05 9.997E-05 9.997E-05 9.997E-05
0.0213439 0.473679 0.0832809 0.402952 0.0187436
0.595243 9.99822E-05 0.0787568 0.3258 9.99822E-05
0.583558 0.401871 0.00646583 0.00800514 9.9991E-05
9.99733E-05 0.683346 0.316354 9.99733E-05 9.99733E-05
0.412221 0.0952657 0.0700115 9.9991E-05 0.422402
0.121172 0.316727 9.99894E-05 0.561901 9.99894E-05
0.77284 0.212254 9.99821E-05 0.0147058 9.99821E-05
0.717782 0.077673 9.99821E-05 0.204345 9.99821E-05
0.434367 0.074968 0.246082 0.191028 0.0535553
0.0136511 9.99821E-05 9.99821E-05 0.475174 0.510975
9.99821E-05 0.251124 0.331209 0.417467 9.99821E-05
0.236696 0.276941 0.282126 0.0978383 0.106399
0.615041 0.0489722 9.9991E-05 0.21843 0.117457
0.714062 9.99732E-05 9.99732E-05 9.99732E-05 0.285638
0.360916 0.0821995 0.547315 9.9991E-05 0.00946946
9.99911E-05 0.235823 0.193716 0.537418 0.0329425
9.9991E-05 0.527898 0.141482 0.00774375 0.322776
9.99733E-05 9.99733E-05 0.954705 0.0449949 9.99733E-05
0.448154 9.99821E-05 0.195937 9.99821E-05 0.355709
0.0110441 0.434171 0.499119 0.037806 0.0178595
0.32113 9.99911E-05 0.0814791 0.3174 0.279891
0.0967969 0.525936 0.029133 9.9991E-05 0.348035
0.818498 0.158305 0.0229968 9.99821E-05 9.99821E-05
0.0821444 0.0224864 0.254587 0.167011 0.47377
0.0646719 0.690054 9.99821E-05 9.99821E-05 0.245075
0.141449 9.99821E-05 0.534883 0.323468 9.99821E-05
0.2368 9.9982E-05 0.568422 9.9982E-05 0.194579
0.266723 9.99732E-05 9.99732E-05 9.99732E-05 0.732977
9.997E-05 9.997E-05 0.9996 9.997E-05 9.997E-05
0.0852763 9.99822E-05 0.0971316 9.99822E-05 0.817392
9.99821E-05 9.99821E-05 0.0847879 0.477657 0.437355
0.542112 0.347662 9.9982E-05 0.110026 9.9982E-05
0.0489889 0.717118 0.233693 9.99821E-05 9.99821E-05
0.614817 9.99821E-05 9.99821E-05 0.310075 0.0749078
0.0756647 9.99821E-05 9.99821E-05 0.646505 0.27763
9.99731E-05 0.184648 9.99731E-05 0.815052 9.99731E-05
9.99821E-05 9.99821E-05 0.221847 0.612168 0.165785
0.277396 0.102532 0.402423 9.99911E-05 0.217549
0.454723 9.99821E-05 0.198542 0.346536 9.99821E-05
9.99732E-05 9.99732E-05 0.783285 0.216416 9.99732E-05
0.481886 9.99732E-05 9.99732E-05 0.517814 9.99732E-05
9.997E-05 9.997E-05 0.9996 9.997E-05 9.997E-05
9.99911E-05 0.561422 0.0215028 0.0548354 0.362139
0.448685 0.392955 0.101557 0.056703 9.9991E-05
0.467876 0.423823 9.99821E-05 9.99821E-05 0.108101
9.99821E-05 0.370727 0.360062 0.269011 9.99821E-05
0.625774 9.9991E-05 0.1311 0.194039 0.0489872
9.99821E-05 0.22537 0.59521 9.99821E-05 0.17922
0.592147 9.99911E-05 0.373946 0.0056061 0.0282004
0.320159 0.0222136 0.0691059 0.588421 9.9991E-05
0.165863 9.99821E-05 9.99821E-05 0.273119 0.560818
9.9991E-05 0.450832 0.285094 0.0466094 0.217365
0.0312054 0.316252 0.0797285 0.0615081 0.511306
9.99845E-05 0.39167 0.412383 9.99845E-05 0.195747
0.0491197 0.393123 0.0308509 0.526806 9.9991E-05
9.99821E-05 9.99821E-05 0.331093 0.508404 0.160303
0.207908 9.99911E-05 0.350951 0.337946 0.103096
9.99732E-05 0.73146 9.99732E-05 9.99732E-05 0.26824
0.390747 9.9982E-05 9.9982E-05 0.215152 0.393901
0.14717 0.492577 9.9991E-05 0.220291 0.139862
0.206684 0.293406 9.9991E-05 0.166753 0.333057
0.474012 0.0500181 9.99821E-05 9.99821E-05 0.47577
0.0616356 9.99821E-05 9.99821E-05 0.858225 0.0799396
9.99821E-05 0.011951 9.99821E-05 0.949181 0.0386678
9.997E-05 9.997E-05 9.997E-05 0.9996 9.997E-05
0.420589 0.0840553 0.0550335 0.20018 0.240142
9.99821E-05 0.220505 0.15779 0.621505 9.99821E-05
0.256923 9.99733E-05 9.99733E-05 0.742777 9.99733E-05
0.0821948 9.99911E-05 0.223172 0.281906 0.412628
0.0836704 0.330509 0.125621 0.0399141 0.420285
9.99821E-05 0.0646171 0.025339 9.99821E-05 0.909844
0.0741384 0.220321 0.705341 9.99821E-05 9.99821E-05
0.233866 0.282751 0.262288 0.220995 9.9991E-05
0.899778 9.99732E-05 9.99732E-05 9.99732E-05 0.0999223
0.562903 9.99821E-05 9.99821E-05 0.232489 0.204408
0.462141 9.9991E-05 0.200066 0.281285 0.0564079
0.156532 0.602557 9.99822E-05 9.99822E-05 0.240711
0.340267 0.249697 0.0174957 0.274918 0.117622
0.383284 0.448201 9.99821E-05 9.99821E-05 0.168316
9.99821E-05 0.251899 9.99821E-05 0.637165 0.110737
0.661551 9.99821E-05 9.99821E-05 0.186639 0.15161
0.321099 9.99911E-05 0.21913 0.34275 0.11692
0.173548 0.313842 9.99911E-05 0.403621 0.108889
0.534569 9.99911E-05 0.0713755 0.347498 0.0464574
0.0871474 9.99822E-05 9.99822E-05 0.440563 0.47209
0.26648 9.99821E-05 0.0140243 0.719296 9.99821E-05
0.07735 0.217659 0.465648 0.170593 0.0687491
0.866846 9.99732E-05 9.99732E-05 9.99732E-05 0.132854
0.165913 0.479367 0.102259 0.221335 0.0311261
0.99705 9.99732E-05 9.99732E-05 9.99732E-05 0.0026505
0.298782 0.360417 0.09869 0.0938497 0.148261
0.163557 0.677748 9.99822E-05 9.99822E-05 0.158495
0.307207 0.117043 0.237757 0.0639609 0.274032
9.99911E-05 0.165732 0.088693 0.720771 0.0247034
9.99732E-05 0.500561 9.99732E-05 0.49914 9.99732E-05
0.9996 9.997E-05 9.997E-05 9.997E-05 9.997E-05
0.347281 0.146634 0.27349 0.198348 0.034248
9.99821E-05 0.257266 0.158419 0.584115 9.99821E-05
0.23214 0.45526 9.99821E-05 0.3124 9.99821E-05
0.270632 0.574722 9.9991E-05 0.0181848 0.136361
0.432964 9.9991E-05 0.190565 0.173558 0.202813
0.0491193 0.213526 0.22936 0.499782 0.00821247
0.0661491 0.422882 9.99821E-05 0.510769 9.99821E-05
0.202096 0.253373 0.307077 0.064115 0.173338
9.99732E-05 9.99732E-05 9.99732E-05 0.552951 0.446749
0.0808746 9.9991E-05 0.176862 0.442041 0.300122
0.127229 0.566056 0.000916211 9.99911E-05 0.305699
0.273768 0.114754 9.99821E-05 9.99821E-05 0.611278
0.0932826 0.305959 0.0907474 0.186955 0.323056
0.0514026 0.158825 0.087455 0.449511 0.252806
0.509601 0.128415 0.161461 0.200423 9.99911E-05
9.99732E-05 9.99732E-05 9.99732E-05 0.737733 0.261968
0.330088 0.668451 0.00126055 9.99822E-05 9.99822E-05
0.731679 0.0829256 9.99821E-05 0.185196 9.99821E-05
0.448569 9.9991E-05 0.261611 0.289093 0.000626707
0.479592 9.9991E-05 0.167848 0.254208 0.0982528
