0.0433176 9.99729E-05 0.155595 0.097076 9.99729E-05 0.0173794 0.629562 0.0340109 9.99729E-05 0.0227592
0.0587477 0.329878 0.107856 0.23406 9.9982E-05 9.9982E-05 0.0925511 0.00485424 0.0450347 0.126818
9.9964E-05 0.0540173 0.173873 0.49768 0.0602039 9.9964E-05 0.0827123 9.9964E-05 9.9964E-05 0.131113
9.9973E-05 0.0576566 9.9973E-05 9.9973E-05 0.0288541 0.0265978 0.281833 0.107626 0.100529 0.396605
0.149232 9.9982E-05 0.0779695 9.9982E-05 0.0910602 0.108152 0.0232838 0.0155579 0.049177 0.485368
0.256545 0.0794601 9.9964E-05 0.199893 9.9964E-05 0.117212 9.9964E-05 0.0685873 9.9964E-05 0.277902
9.99549E-05 9.99549E-05 9.99549E-05 0.5632 0.0658476 9.99549E-05 0.185836 0.0100303 9.99549E-05 0.174586
9.99639E-05 0.430572 9.99639E-05 0.342744 0.0707383 9.99639E-05 0.0368877 0.031666 0.0869928 9.99639E-05
0.178548 9.9982E-05 0.111582 0.0346246 0.0158093 0.306586 9.9982E-05 0.0150349 0.117546 0.22007
0.111958 9.9982E-05 0.0747422 0.199291 0.0235009 0.29372 0.056872 0.137943 0.101773 9.9982E-05
9.99369E-05 9.99369E-05 0.820679 9.99369E-05 0.0923861 9.99369E-05 9.99369E-05 0.0862353 9.99369E-05 9.99369E-05
9.99201E-05 9.99201E-05 9.99201E-05 9.99201E-05 9.99201E-05 0.999101 9.99201E-05 9.99201E-05 9.99201E-05 9.99201E-05
0.114232 0.0739533 0.116024 0.213613 0.115441 0.0419585 0.00895189 9.9991E-05 0.0794122 0.236314
0.287811 0.0996855 9.9982E-05 0.0907011 0.0141448 0.0955285 0.206295 0.0409381 0.164695 9.9982E-05
0.703515 0.157404 9.99459E-05 0.0889716 0.0495099 9.99459E-05 9.99459E-05 9.99459E-05 9.99459E-05 9.99459E-05
0.122969 0.551951 9.9964E-05 9.9964E-05 0.0548102 9.9964E-05 9.9964E-05 0.0499473 0.0784245 0.141498
0.955015 0.0144759 9.99369E-05 9.99369E-05 9.99369E-05 9.99369E-05 9.99369E-05 0.0298098 9.99369E-05 9.99369E-05
0.178059 0.253184 0.00551027 0.264823 0.141382 9.9982E-05 0.113366 0.0284559 0.0150195 9.9982E-05
0.0968028 9.9973E-05 0.383919 9.9973E-05 0.068247 0.0567836 0.0283095 9.9973E-05 0.0745819 0.291056
9.9973E-05 9.9973E-05 0.0934591 0.16436 0.0230545 0.053833 0.192707 9.9973E-05 0.228019 0.244268
0.174161 9.99729E-05 0.256072 0.215414 0.094009 9.99729E-05 0.0976008 0.0246315 9.99729E-05 0.137811
0.284293 0.0992825 0.280947 0.209747 0.0856962 9.9973E-05 0.0297025 0.0100319 9.9973E-05 9.9973E-05
0.156132 9.9955E-05 0.23082 0.292149 0.157854 9.9955E-05 9.9955E-05 9.9955E-05 9.9955E-05 0.162545
0.237584 0.0881656 0.110934 9.9964E-05 9.9964E-05 9.9964E-05 0.036642 9.9964E-05 0.186106 0.340169
0.112569 9.9946E-05 0.678608 9.9946E-05 0.0802279 9.9946E-05 9.9946E-05 0.127995 9.9946E-05 9.9946E-05
0.4668 0.0165103 9.9955E-05 9.9955E-05 9.9955E-05 0.225466 0.274943 9.9955E-05 9.9955E-05 0.0157811
0.0852278 0.128999 0.0257461 0.395758 0.0802711 0.0650721 0.00804935 0.080857 0.129919 9.9991E-05
0.313399 0.107907 0.0962399 0.178452 0.0363615 9.9973E-05 0.208643 0.0586967 9.9973E-05 9.9973E-05
0.266153 9.9964E-05 0.0730423 0.561891 9.9964E-05 9.9964E-05 9.9964E-05 0.0318023 0.0220274 0.0446837
0.0367758 0.21986 9.99639E-05 0.00620841 0.0437859 9.99639E-05 9.99639E-05 9.99639E-05 0.551653 0.141317
0.111704 0.0451565 0.354193 9.9973E-05 0.0248432 0.0490792 9.9973E-05 0.0455944 9.9973E-05 0.36913
9.9946E-05 9.9946E-05 0.236351 0.509211 9.9946E-05 0.210669 9.9946E-05 0.0431695 9.9946E-05 9.9946E-05
0.137832 0.0394181 9.9991E-05 0.109601 0.0826347 0.101202 0.0778256 0.00323153 0.0548136 0.393341
0.218417 0.146208 9.99639E-05 0.262485 0.0726832 9.99639E-05 9.99639E-05 0.022109 9.99639E-05 0.277697
0.570661 9.9964E-05 9.9964E-05 9.9964E-05 0.0448469 0.153686 0.10492 0.0669143 9.9964E-05 0.0585715
9.99279E-05 9.99279E-05 9.99279E-05 9.99279E-05 0.000988908 9.99279E-05 0.998212 9.99279E-05 9.99279E-05 9.99279E-05
9.9946E-05 9.9946E-05 9.9946E-05 0.353995 9.9946E-05 9.9946E-05 0.146339 0.122801 9.9946E-05 0.376265
0.448872 9.99551E-05 0.279727 9.99551E-05 0.00724685 9.99551E-05 0.166814 0.0968405 9.99551E-05 9.99551E-05
0.0823722 0.00958378 9.9982E-05 0.350442 0.0137327 0.184984 9.9982E-05 0.00846821 0.174074 0.176144
0.00532934 0.262472 0.101722 0.0824918 0.105614 0.099309 0.0233448 0.0942424 9.9991E-05 0.225375
0.0151066 0.0308399 0.582069 0.096351 0.0892166 9.9982E-05 9.9982E-05 0.0218959 0.0196702 0.144651
9.9973E-05 0.0940086 9.9973E-05 0.5269 0.0412355 9.9973E-05 0.119093 0.0724985 0.0247234 0.121241
9.9964E-05 0.167343 9.9964E-05 0.532964 0.0243472 9.9964E-05 0.206251 0.0449525 9.9964E-05 0.0237419
9.9982E-05 0.090265 0.318416 0.0734803 9.9982E-05 0.148653 0.211941 0.00708583 0.130251 0.0197078
9.9946E-05 9.9946E-05 0.0895151 0.474378 0.0380073 0.3975 9.9946E-05 9.9946E-05 9.9946E-05 9.9946E-05
0.0817549 9.9991E-05 0.0136394 0.218288 0.00246959 0.179491 0.0825721 0.204655 0.0195287 0.197501
0.0327906 9.9964E-05 0.12566 9.9964E-05 9.9964E-05 0.144305 0.0955388 9.9964E-05 0.176736 0.42457
9.9973E-05 0.129335 0.0420537 0.303681 0.0164451 0.245891 9.9973E-05 9.9973E-05 0.0228491 0.239445
0.0309332 0.111216 0.602428 0.111822 0.0468491 9.9973E-05 9.9973E-05 9.9973E-05 0.00590239 0.0905494
0.113046 0.325808 0.010016 0.219265 0.0565862 0.165691 0.0203926 9.9982E-05 0.0889957 9.9982E-05
0.338959 0.0951524 0.163548 9.9991E-05 0.0733133 0.027015 0.113943 0.0491511 0.0449566 0.0938618
9.9964E-05 0.320261 9.9964E-05 9.9964E-05 0.119645 0.081973 0.0358406 9.9964E-05 0.0361477 0.405733
9.9973E-05 0.555728 9.9973E-05 0.0371798 0.0141287 0.318416 0.0143272 0.0222936 0.0376262 9.9973E-05
0.101688 0.151493 9.9964E-05 0.585165 0.0363781 9.9964E-05 9.9964E-05 0.113727 0.0111492 9.9964E-05
9.9946E-05 0.184184 0.604989 9.9946E-05 9.9946E-05 0.0552668 9.9946E-05 9.9946E-05 0.15496 9.9946E-05
9.9955E-05 9.9955E-05 9.9955E-05 0.583397 0.0666156 9.9955E-05 0.0489705 0.00671567 9.9955E-05 0.293802
9.99551E-05 0.114062 0.614718 0.0632129 9.99551E-05 0.163868 9.99551E-05 9.99551E-05 0.0436397 9.99551E-05
9.9964E-05 9.9964E-05 0.631476 9.9964E-05 0.0310838 9.9964E-05 0.0741011 0.051827 0.059156 0.151956
9.99639E-05 0.391436 0.14753 9.99639E-05 0.040179 0.180729 9.99639E-05 0.0172189 9.99639E-05 0.222506
0.168717 0.0258262 0.131446 0.144247 0.0150083 0.270367 0.0479685 0.170747 9.9991E-05 0.0255727
9.9937E-05 9.9937E-05 9.9937E-05 0.0358315 0.0142587 9.9937E-05 9.9937E-05 9.9937E-05 9.9937E-05 0.94921
0.295425 0.0272221 0.0690119 0.0657163 0.0748112 9.9991E-05 0.0247322 0.0732466 0.0402194 0.329515
0.296071 0.0586981 0.143792 0.19077 0.109308 0.0286915 9.9973E-05 9.9973E-05 9.9973E-05 0.17237
9.99369E-05 9.99369E-05 9.99369E-05 9.99369E-05 0.0704807 9.99369E-05 0.0927677 9.99369E-05 0.836052 9.99369E-05
0.0607802 0.233436 9.9973E-05 0.160051 9.9973E-05 0.0890265 0.220491 0.122951 9.9973E-05 0.112965
9.99369E-05 0.0602302 9.99369E-05 9.99369E-05 9.99369E-05 9.99369E-05 0.846203 9.99369E-05 9.99369E-05 0.0928668
0.0125701 9.9982E-05 0.0602284 0.256228 0.0630485 0.140082 0.218825 0.137645 9.9982E-05 0.111174
0.281135 9.9964E-05 0.256615 0.21317 0.00732045 9.9964E-05 9.9964E-05 9.9964E-05 0.00413052 0.237229
0.124878 9.9955E-05 0.239412 9.9955E-05 0.00875911 9.9955E-05 0.10796 9.9955E-05 9.9955E-05 0.518492
0.161989 0.289676 0.102419 0.133711 0.0826608 9.9991E-05 0.0163622 0.0389553 0.0520715 0.122055
9.9973E-05 0.216228 0.0232978 0.325543 9.9973E-05 0.0259832 9.9973E-05 0.224866 0.106458 0.0773239
0.339221 0.0723567 0.0308062 0.225303 0.100059 0.117433 0.1122 9.9982E-05 0.00242178 9.9982E-05
0.152112 0.00418835 0.259231 9.9982E-05 0.137455 0.0579679 9.9982E-05 0.0341052 0.0854988 0.269241
0.133358 0.254141 0.111288 0.272687 0.0219791 9.9982E-05 9.9982E-05 0.0711384 0.0457411 0.0894674
0.310003 0.0164033 0.137659 0.277362 9.9973E-05 0.0176344 9.9973E-05 0.132864 0.107776 9.9973E-05
9.9964E-05 0.529076 0.000226615 0.00956414 0.0274316 0.318744 9.9964E-05 0.114558 9.9964E-05 9.9964E-05
9.9937E-05 9.9937E-05 9.9937E-05 0.805549 0.10367 0.0900809 9.9937E-05 9.9937E-05 9.9937E-05 9.9937E-05
9.9946E-05 0.0279392 9.9946E-05 9.9946E-05 0.0231587 9.9946E-05 9.9946E-05 0.0839044 9.9946E-05 0.864398
9.9928E-05 0.093534 9.9928E-05 9.9928E-05 9.9928E-05 9.9928E-05 9.9928E-05 9.9928E-05 9.9928E-05 0.905667
0.101095 9.9964E-05 9.9964E-05 0.115446 0.0476327 0.0561708 9.9964E-05 9.9964E-05 0.0670703 0.612186
0.148074 0.0454792 0.170613 0.142165 0.0879388 0.0081297 9.9991E-05 0.0302919 0.0570202 0.310188
0.186843 9.9973E-05 0.0156474 9.9973E-05 9.9973E-05 0.144727 0.128007 0.0193079 0.0448804 0.460288
0.030993 0.0331109 0.149394 0.088592 9.9991E-05 0.117077 0.0121302 0.116716 0.211706 0.240181
9.9964E-05 0.471534 9.9964E-05 9.9964E-05 0.0518399 0.0591286 9.9964E-05 0.0338139 0.0537902 0.329493
0.0858371 9.9991E-05 0.0884864 0.210503 0.0437772 0.00614734 0.0133052 0.0320611 0.0899417 0.429841
9.9973E-05 0.00552006 0.559582 9.9973E-05 0.0171501 0.0489914 0.14089 0.0169884 9.9973E-05 0.210578
0.0987817 9.99639E-05 9.99639E-05 9.99639E-05 0.00664474 0.0327148 0.730487 9.99639E-05 0.00207499 0.128897
9.99551E-05 0.035136 9.99551E-05 9.99551E-05 0.0298311 0.697276 9.99551E-05 0.0304207 9.99551E-05 0.206837
0.389581 0.17068 0.0143987 0.0346493 0.0244595 9.9982E-05 0.168499 0.0496676 0.147866 9.9982E-05
9.9955E-05 9.9955E-05 0.54132 0.116102 0.0846671 0.137696 0.119715 9.9955E-05 9.9955E-05 9.9955E-05
9.99369E-05 9.99369E-05 9.99369E-05 9.99369E-05 9.99369E-05 9.99369E-05 0.00928908 0.0330496 0.956962 9.99369E-05
0.368985 9.9964E-05 0.249434 0.305733 0.0187906 0.0354641 9.9964E-05 0.0211943 9.9964E-05 9.9964E-05
0.00258084 9.9973E-05 0.0752544 0.00771358 0.0498167 9.9973E-05 0.192992 9.9973E-05 0.00138229 0.66996
0.185857 0.463224 0.0747202 9.9973E-05 0.0794607 0.115244 9.9973E-05 9.9973E-05 0.0549851 0.0262084
9.9955E-05 0.0650131 9.9955E-05 9.9955E-05 0.0190291 9.9955E-05 0.19424 0.0718257 9.9955E-05 0.649392
0.0764441 0.0242892 9.9982E-05 0.337891 9.9982E-05 0.0957798 0.115137 0.0255268 0.0985695 0.226163
9.99551E-05 0.183346 0.490314 0.204669 9.99551E-05 9.99551E-05 0.0621743 0.0589965 9.99551E-05 9.99551E-05
9.99641E-05 9.99641E-05 0.14044 0.358525 0.0272943 9.99641E-05 9.99641E-05 0.104908 0.0269308 0.341502
0.323871 9.9973E-05 0.0837113 0.0857102 0.0220608 0.0944172 9.9973E-05 0.00298461 0.386945 9.9973E-05
0.135907 0.150154 0.189192 9.99549E-05 9.99549E-05 9.99549E-05 9.99549E-05 9.99549E-05 0.279255 0.244992
0.210431 9.99819E-05 0.359138 9.99819E-05 0.00983828 0.0595887 0.128833 0.0340226 0.118394 0.0795545
9.99201E-05 9.99201E-05 9.99201E-05 9.99201E-05 9.99201E-05 9.99201E-05 9.99201E-05 9.99201E-05 0.999101 9.99201E-05
0.220839 0.162535 0.174826 0.0176963 0.0365282 9.9982E-05 9.9982E-05 0.120734 0.0534359 0.213205
9.99369E-05 9.99369E-05 9.99369E-05 9.99369E-05 0.00266915 9.99369E-05 0.0113611 0.98527 9.99369E-05 9.99369E-05
0.138914 0.159893 9.9964E-05 9.9964E-05 9.9964E-05 0.3512 0.239437 0.0687201 0.0414371 9.9964E-05
9.9982E-05 0.302193 0.237746 0.0741479 0.021088 0.0471236 0.138711 0.00125959 9.9982E-05 0.177531
0.211331 0.097163 9.9982E-05 0.283693 0.00503387 0.0854087 0.082226 9.9982E-05 0.10446 0.130485
0.0455602 0.130948 9.9991E-05 0.293659 0.0320621 0.253336 0.0270893 0.0354714 0.0530568 0.128718
0.222392 0.0781232 0.0410116 0.277316 0.0183755 9.9982E-05 9.9982E-05 0.0278603 0.13501 0.199712
0.112797 9.9982E-05 0.277408 0.0444553 0.036514 0.133779 0.0953419 9.9982E-05 0.0302428 0.269262
0.103703 9.9982E-05 9.9982E-05 0.378032 0.0254904 0.0256858 0.0197088 0.0721918 0.0170947 0.357894
0.0440745 9.9973E-05 0.381418 0.21045 0.0923567 0.11811 9.9973E-05 0.0463712 0.10692 9.9973E-05
0.0538627 0.238397 0.139406 0.0188668 9.9991E-05 0.0263993 0.0625005 0.0478439 0.14435 0.268274
0.375604 9.9955E-05 9.9955E-05 0.241336 0.00667619 9.9955E-05 9.9955E-05 9.9955E-05 0.279828 0.0960559
0.114101 0.0779849 9.99639E-05 0.489809 9.99639E-05 9.99639E-05 0.0191147 9.99639E-05 0.0598371 0.238753
9.9928E-05 9.9928E-05 0.0225088 9.9928E-05 9.9928E-05 9.9928E-05 9.9928E-05 9.9928E-05 0.976692 9.9928E-05
0.366828 9.9973E-05 0.27764 0.0208616 9.9973E-05 0.0764255 0.0394152 0.141891 9.9973E-05 0.076639
0.0774387 0.143549 9.9973E-05 0.298645 0.0858157 9.9973E-05 0.335434 9.9973E-05 0.00752963 0.0512875
9.9955E-05 9.9955E-05 0.142748 0.459115 0.0266315 0.0769035 9.9955E-05 9.9955E-05 9.9955E-05 0.294102
0.310124 9.9964E-05 9.9964E-05 0.160506 0.0655992 0.310704 0.127431 0.0252361 9.9964E-05 9.9964E-05
0.180303 0.0965348 9.9982E-05 0.515225 0.071228 9.9982E-05 0.103168 0.0227756 0.00383311 0.00673302
0.406259 9.9955E-05 9.9955E-05 9.9955E-05 0.0268533 9.9955E-05 0.0368388 9.9955E-05 0.240299 0.28925
0.0897073 0.0022893 9.9973E-05 0.716805 0.0492569 9.9973E-05 0.0178897 0.0130377 0.110714 9.9973E-05
0.162118 0.249177 9.9955E-05 9.9955E-05 9.9955E-05 0.253233 9.9955E-05 0.0255001 9.9955E-05 0.309473
9.9955E-05 9.9955E-05 0.629769 9.9955E-05 0.0588996 0.039713 9.9955E-05 9.9955E-05 0.138968 0.13215
0.493238 0.0615826 9.99551E-05 0.0230257 9.99551E-05 0.204528 9.99551E-05 9.99551E-05 9.99551E-05 0.217126
9.9937E-05 9.9937E-05 0.673931 0.242511 0.0828584 9.9937E-05 9.9937E-05 9.9937E-05 9.9937E-05 9.9937E-05
9.9973E-05 9.9973E-05 0.344793 0.193488 0.0337841 9.9973E-05 0.0529089 0.0542844 0.137604 0.182838
9.9964E-05 0.083809 0.211176 9.9964E-05 0.0203455 0.591728 0.00104344 9.9964E-05 9.9964E-05 0.0914982
0.388439 9.9946E-05 0.41275 9.9946E-05 9.9946E-05 9.9946E-05 0.182591 9.9946E-05 0.0156206 9.9946E-05
0.210077 9.9955E-05 9.9955E-05 0.372383 0.00470564 9.9955E-05 0.39428 9.9955E-05 0.0180556 9.9955E-05
9.9964E-05 0.00616245 9.9964E-05 0.19351 0.0827724 9.9964E-05 9.9964E-05 0.0459472 0.0529311 0.618277
0.043546 0.113718 9.9982E-05 0.124775 9.9982E-05 0.0274275 0.0341913 0.0211708 0.245074 0.389897
0.155778 0.211438 0.0509728 0.225383 0.094996 9.9973E-05 9.9973E-05 9.9973E-05 0.0424551 0.218678
0.0672033 9.9982E-05 0.0455261 0.423758 9.9982E-05 0.115678 0.120107 0.069204 0.0464177 0.111906
0.160115 9.9982E-05 0.170425 0.264381 0.0851151 0.100451 9.9982E-05 0.0446622 0.00139103 0.173259
9.9928E-05 0.78435 9.9928E-05 9.9928E-05 9.9928E-05 0.214851 9.9928E-05 9.9928E-05 9.9928E-05 9.9928E-05
9.9928E-05 0.973178 9.9928E-05 9.9928E-05 0.0260223 9.9928E-05 9.9928E-05 9.9928E-05 9.9928E-05 9.9928E-05
9.9991E-05 0.100692 0.276161 0.342572 0.054084 0.0800322 0.0203143 0.00507924 0.0837832 0.0371811
9.9964E-05 9.9964E-05 0.0159272 9.9964E-05 0.0395958 0.0571666 9.9964E-05 0.131821 0.0160732 0.739016
9.9964E-05 9.9964E-05 0.0371684 0.415416 0.0292695 0.311112 9.9964E-05 0.112686 9.9964E-05 0.0939478
0.19286 0.157366 0.271792 0.156492 0.0548528 9.9973E-05 9.9973E-05 0.0784522 9.9973E-05 0.0878845
9.9955E-05 9.9955E-05 0.262525 9.9955E-05 9.9955E-05 0.104811 9.9955E-05 0.0510894 0.0622853 0.51879
0.0941773 9.9982E-05 0.412237 0.222794 0.0746907 0.0340333 0.0577169 0.0368152 0.067336 9.9982E-05
9.9973E-05 0.149068 0.00627572 0.236288 0.0393312 9.9973E-05 9.9973E-05 0.0604032 0.0801924 0.428142
0.229334 0.0203866 9.9964E-05 9.9964E-05 0.0862424 9.9964E-05 0.0910716 9.9964E-05 0.457082 0.115484
0.195352 9.9973E-05 0.364898 0.20975 0.0658145 9.9973E-05 0.109445 0.0457654 9.9973E-05 0.00867528
9.99201E-05 9.99201E-05 9.99201E-05 9.99201E-05 0.999101 9.99201E-05 9.99201E-05 9.99201E-05 9.99201E-05 9.99201E-05
0.0110383 0.00147664 9.9982E-05 0.234239 0.0461531 0.012565 0.537918 0.0881442 9.9982E-05 0.0682655
9.9964E-05 0.234487 9.9964E-05 0.103779 0.0216648 9.9964E-05 0.109091 0.185616 9.9964E-05 0.344963
9.99279E-05 9.99279E-05 9.99279E-05 9.99279E-05 0.0286105 0.97059 9.99279E-05 9.99279E-05 9.99279E-05 9.99279E-05
0.0780775 0.0177946 0.116261 0.0411057 0.0409183 0.0536407 0.0698533 0.240438 9.9991E-05 0.341811
9.9982E-05 0.117528 0.0963938 0.270221 0.132482 0.194934 9.9982E-05 0.0574077 0.0980403 0.0327935
0.173353 0.0375398 0.306332 0.292143 0.054428 0.101334 9.9982E-05 9.9982E-05 0.016212 0.0184587
0.00232391 9.99549E-05 9.99549E-05 9.99549E-05 0.0287786 0.823804 0.10567 9.99549E-05 0.038923 9.99549E-05
0.131057 0.140186 0.153928 0.210751 0.070153 0.0389254 0.108753 0.0201792 0.125968 9.9991E-05
9.9964E-05 9.9964E-05 0.238867 0.337249 0.0719628 9.9964E-05 0.0878754 9.9964E-05 0.0201622 0.243483
0.123868 0.208293 0.0766418 0.174217 0.0155639 0.133968 0.0767662 0.026667 0.00494471 0.15907
9.9946E-05 0.0456217 9.9946E-05 0.152583 9.9946E-05 9.9946E-05 0.731148 9.9946E-05 0.0700481 9.9946E-05
0.115313 9.9973E-05 0.318906 0.234488 0.0476386 9.9973E-05 0.0667723 9.9973E-05 0.15334 0.0632416
0.219215 9.9964E-05 9.9964E-05 9.9964E-05 0.0931942 0.0176723 0.0576909 0.077505 9.9964E-05 0.534322
9.99201E-05 9.99201E-05 9.99201E-05 9.99201E-05 0.999101 9.99201E-05 9.99201E-05 9.99201E-05 9.99201E-05 9.99201E-05
0.283421 0.0969896 9.99639E-05 9.99639E-05 0.367824 0.195833 0.0395287 0.0160046 9.99639E-05 9.99639E-05
0.0447221 0.342098 9.9955E-05 0.449348 9.9955E-05 9.9955E-05 9.9955E-05 0.0374589 9.9955E-05 0.125873
9.9964E-05 0.174762 0.380732 0.294317 0.0712211 9.9964E-05 0.0241468 0.0544217 9.9964E-05 9.9964E-05
9.9955E-05 9.9955E-05 0.0129265 9.9955E-05 0.0272585 0.161051 0.779659 9.9955E-05 0.018605 9.9955E-05
0.158016 0.013453 0.442104 0.0119428 0.0457917 0.0203662 0.151011 9.9982E-05 9.9982E-05 0.157116
0.0421715 0.341198 0.0173268 0.178872 0.0222631 0.0965343 0.00661429 0.136497 9.9991E-05 0.158423
9.99201E-05 0.999101 9.99201E-05 9.99201E-05 9.99201E-05 9.99201E-05 9.99201E-05 9.99201E-05 9.99201E-05 9.99201E-05
0.236321 0.0331028 9.9982E-05 0.16265 0.0835842 0.0508482 0.183813 9.9982E-05 0.0993363 0.150145
0.0759538 0.159972 0.413707 9.9982E-05 9.9982E-05 0.0768931 0.00931769 0.017101 0.160532 0.086324
0.1287 0.297323 9.9973E-05 0.198095 0.0402445 0.18115 9.9973E-05 0.0938913 0.0602971 9.9973E-05
9.9964E-05 0.0985808 0.0877772 9.9964E-05 0.0752124 9.9964E-05 0.222176 9.9964E-05 0.227787 0.288066
0.0895365 0.725082 0.0565813 9.9946E-05 9.9946E-05 9.9946E-05 9.9946E-05 0.128201 9.9946E-05 9.9946E-05
0.15161 0.110797 9.9964E-05 0.203216 0.0849178 9.9964E-05 0.14036 9.9964E-05 9.9964E-05 0.3087
0.0298334 0.11163 9.9973E-05 0.141773 9.9973E-05 0.176545 9.9973E-05 0.129865 0.00495771 0.405095
0.233797 0.0675137 0.00842972 9.9964E-05 0.0817912 0.240835 9.9964E-05 9.9964E-05 9.9964E-05 0.367234
0.137125 0.216581 9.9973E-05 0.041265 0.0013826 0.450851 0.0891555 0.0633405 9.9973E-05 9.9973E-05
9.99279E-05 9.99279E-05 9.99279E-05 9.99279E-05 9.99279E-05 9.99279E-05 9.99279E-05 0.942134 0.0570668 9.99279E-05
9.9964E-05 0.0688073 0.358261 0.361201 9.9964E-05 0.0873873 9.9964E-05 0.0444476 9.9964E-05 0.0794964
0.999101 9.99201E-05 9.99201E-05 9.99201E-05 9.99201E-05 9.99201E-05 9.99201E-05 9.99201E-05 9.99201E-05 9.99201E-05
0.361545 9.9964E-05 0.374061 9.9964E-05 0.0921767 9.9964E-05 0.0194055 9.9964E-05 0.0741161 0.0782953
9.9973E-05 0.214333 0.39998 9.9973E-05 0.018972 9.9973E-05 0.270052 0.0133171 0.034571 0.0484755
9.99549E-05 9.99549E-05 0.170908 0.382127 9.99549E-05 9.99549E-05 0.200925 9.99549E-05 0.114494 0.131046
0.148219 0.115138 9.9964E-05 9.9964E-05 9.9964E-05 0.190106 0.211204 0.000250131 9.9964E-05 0.334683
9.99201E-05 9.99201E-05 9.99201E-05 9.99201E-05 9.99201E-05 9.99201E-05 9.99201E-05 0.999101 9.99201E-05 9.99201E-05
9.9982E-05 0.0472493 0.106792 0.0756865 0.114304 0.220426 0.0741581 9.9982E-05 0.0586242 0.30256
0.263051 0.212851 0.00306781 9.9982E-05 0.0585359 0.0987473 0.175362 0.1759 0.0122842 9.9982E-05
0.0479595 0.0926002 0.109587 9.9982E-05 0.00568883 0.0249205 0.172464 9.9982E-05 0.023564 0.523017
0.000305376 0.342645 0.0417765 0.311287 0.0116482 0.144639 0.0825637 9.9982E-05 0.0649347 9.9982E-05
