9.99551E-05 0.126044 9.99551E-05 9.99551E-05 9.99551E-05 0.0398699 0.432156 9.99551E-05 0.40143
9.99731E-05 9.99731E-05 0.155576 0.128349 0.0667097 9.99731E-05 0.614027 0.0118434 0.023195
0.355976 0.0735065 9.99641E-05 0.0866407 9.99641E-05 9.99641E-05 0.168107 9.99641E-05 0.31537
0.119912 0.108005 9.9982E-05 0.0983423 0.184334 0.241218 0.174753 9.9982E-05 0.0732367
9.99731E-05 0.246988 0.0153024 0.185423 0.277955 9.99731E-05 9.99731E-05 0.0144487 0.259583
0.126985 0.070429 9.9964E-05 9.9964E-05 0.394338 0.209309 9.9964E-05 9.9964E-05 0.198539
9.999E-05 0.027486 0.0189231 0.141934 0.337063 0.0817287 0.00894421 0.119379 0.264442
9.99552E-05 9.99552E-05 0.0908006 0.0103102 9.99552E-05 9.99552E-05 0.14975 9.99552E-05 0.74864
0.0348658 0.10619 0.486483 9.99731E-05 0.12648 0.0690288 9.99731E-05 0.176653 9.99731E-05
0.268576 0.0880596 9.99486E-05 9.99486E-05 9.99486E-05 9.99486E-05 0.642764 9.99486E-05 9.99486E-05
0.419111 0.0566006 0.182674 0.0546826 9.9982E-05 9.9982E-05 0.151275 0.0648052 0.0706519
9.99641E-05 0.0267851 0.372729 0.228361 0.193072 0.178653 9.99641E-05 9.99641E-05 9.99641E-05
0.0366947 9.99731E-05 0.626509 9.99731E-05 0.253745 0.0145413 0.0580663 9.99731E-05 0.0101434
9.99551E-05 9.99551E-05 9.99551E-05 0.134061 0.509717 9.99551E-05 0.0824071 9.99551E-05 0.273315
9.99641E-05 9.99641E-05 9.99641E-05 0.0184471 0.0549915 0.89858 0.010826 9.99641E-05 0.0167556
9.99552E-05 0.301661 9.99552E-05 0.210136 9.99552E-05 0.205714 9.99552E-05 9.99552E-05 0.28199
0.0936691 0.0381872 9.99641E-05 9.99641E-05 9.99641E-05 0.213067 0.516135 9.99641E-05 0.138541
0.137462 0.0145849 9.99821E-05 0.383979 0.112856 0.0619179 0.0786208 9.99821E-05 0.21038
9.99552E-05 9.99552E-05 0.510186 9.99552E-05 9.99552E-05 0.189605 0.151921 0.147788 9.99552E-05
0.1357 9.99552E-05 9.99552E-05 9.99552E-05 0.356999 9.99552E-05 0.480656 9.99552E-05 0.0261451
0.357597 9.99731E-05 9.99731E-05 0.0345794 0.377 0.0129696 0.172078 0.0454758 9.99731E-05
9.9955E-05 0.124181 0.625695 9.9955E-05 9.9955E-05 9.9955E-05 9.9955E-05 0.0659206 0.183704
0.096816 0.110296 9.99641E-05 0.115759 0.401256 0.275474 9.99641E-05 9.99641E-05 9.99641E-05
9.99461E-05 0.609941 9.99461E-05 9.99461E-05 0.361195 9.99461E-05 9.99461E-05 0.028265 9.99461E-05
0.39139 0.409272 0.0243597 0.0770603 9.99731E-05 9.99731E-05 9.99731E-05 0.0167688 0.0808492
9.9973E-05 0.304555 0.0501744 0.00583151 9.9973E-05 0.257197 0.184688 9.9973E-05 0.197254
9.9955E-05 9.9955E-05 0.296231 0.260703 9.9955E-05 9.9955E-05 0.424059 9.9955E-05 0.0185072
9.99462E-05 9.99462E-05 9.99462E-05 9.99462E-05 9.99462E-05 9.99462E-05 0.175154 0.411103 0.413143
0.307304 9.99641E-05 0.244928 0.00993839 9.99641E-05 9.99641E-05 0.060283 9.99641E-05 0.377147
9.99373E-05 0.728867 9.99373E-05 9.99373E-05 9.99373E-05 9.99373E-05 9.99373E-05 9.99373E-05 0.270433
0.018558 9.9982E-05 9.9982E-05 0.0640561 0.00686677 0.033601 0.0290984 0.80512 0.0425002
9.99552E-05 9.99552E-05 0.26777 0.0979529 0.21695 9.99552E-05 9.99552E-05 9.99552E-05 0.416827
0.222496 0.0636331 0.470196 9.99642E-05 9.99642E-05 9.99642E-05 0.0406186 0.202656 9.99642E-05
9.99731E-05 0.0356008 0.221552 0.00244972 0.0760049 9.99731E-05 0.0326271 9.99731E-05 0.631466
9.9964E-05 0.259258 9.9964E-05 0.0751957 0.0569099 9.9964E-05 0.202908 9.9964E-05 0.405329
9.99373E-05 9.99373E-05 9.99373E-05 9.99373E-05 0.246792 9.99373E-05 0.752508 9.99373E-05 9.99373E-05
9.99552E-05 0.0856867 9.99552E-05 0.184582 9.99552E-05 9.99552E-05 9.99552E-05 0.517076 0.212155
0.322078 0.216036 0.360509 9.99731E-05 0.0137555 9.99731E-05 0.0161701 0.071152 9.99731E-05
0.0198917 0.120623 9.99731E-05 0.261888 9.99731E-05 0.0325465 9.99731E-05 0.120614 0.444138
0.176768 0.0224095 9.99731E-05 0.0623507 0.132119 0.126879 9.99731E-05 9.99731E-05 0.479174
9.99554E-05 0.151799 0.0645536 9.99554E-05 9.99554E-05 9.99554E-05 0.725622 0.0575265 9.99554E-05
0.0506926 9.99822E-05 0.0222598 0.165996 0.489209 9.99822E-05 0.144454 0.00985709 0.117332
9.99551E-05 9.99551E-05 0.20072 9.99551E-05 0.302216 9.99551E-05 0.342564 9.99551E-05 0.154001
0.0876874 0.112741 0.0129167 0.00676926 9.99821E-05 0.341581 0.190658 9.99821E-05 0.247446
9.99731E-05 9.99731E-05 0.352059 0.0758643 0.103201 0.0442855 0.0109913 9.99731E-05 0.413299
9.99821E-05 0.0197211 0.00314485 0.0951402 0.115363 0.252712 0.138721 9.99821E-05 0.374999
9.9973E-05 0.00398405 0.118776 9.9973E-05 0.204785 0.262658 0.357681 9.9973E-05 0.0518165
0.117742 9.9982E-05 0.222871 0.176341 0.250231 0.0388105 0.144673 9.9982E-05 0.0491304
9.99553E-05 9.99553E-05 0.226493 9.99553E-05 9.99553E-05 0.366113 0.100303 9.99553E-05 0.306592
9.99461E-05 9.99461E-05 9.99461E-05 0.115357 9.99461E-05 9.99461E-05 0.265762 9.99461E-05 0.618281
9.9946E-05 0.312758 9.9946E-05 9.9946E-05 9.9946E-05 0.116568 9.9946E-05 9.9946E-05 0.570074
0.484559 9.99552E-05 9.99552E-05 0.0626631 0.413572 9.99552E-05 9.99552E-05 0.0387057 9.99552E-05
9.9964E-05 0.235702 0.0666182 9.9964E-05 9.9964E-05 0.147342 0.464659 0.0852791 9.9964E-05
0.180668 0.0398116 9.99552E-05 9.99552E-05 9.99552E-05 0.158628 9.99552E-05 9.99552E-05 0.620393
0.0261627 9.99731E-05 0.0822564 0.07781 0.464993 0.139228 9.99731E-05 0.209249 9.99731E-05
9.99731E-05 9.99731E-05 0.141704 0.0770574 9.99731E-05 0.222126 0.0683258 0.408527 0.0819599
9.99731E-05 0.128039 9.99731E-05 9.99731E-05 0.142155 0.206191 0.279333 0.201774 0.0422083
9.99464E-05 9.99464E-05 0.264957 9.99464E-05 0.406432 9.99464E-05 9.99464E-05 0.328011 9.99464E-05
0.00425045 0.048261 0.0269117 0.143385 9.9991E-05 0.017952 0.0789583 0.158411 0.521771
0.103539 9.9973E-05 9.9973E-05 0.0152413 0.241601 0.0922085 0.46917 9.9973E-05 0.0779406
0.121743 9.99553E-05 9.99553E-05 9.99553E-05 9.99553E-05 0.0443057 0.405633 9.99553E-05 0.427818
9.99641E-05 0.0942716 9.99641E-05 0.267781 0.161302 0.00743605 0.46881 9.99641E-05 9.99641E-05
9.9964E-05 9.9964E-05 0.520726 0.0965369 9.9964E-05 9.9964E-05 0.203469 0.14522 0.033648
0.047011 0.395863 9.99642E-05 0.104952 9.99642E-05 9.99642E-05 0.157083 9.99642E-05 0.294692
9.99552E-05 0.228716 0.141764 9.99552E-05 9.99552E-05 9.99552E-05 9.99552E-05 0.0981138 0.530906
0.0362601 0.042507 0.232288 9.99642E-05 9.99642E-05 0.110022 0.578522 9.99642E-05 9.99642E-05
0.107094 0.105 9.9955E-05 9.9955E-05 0.459938 9.9955E-05 9.9955E-05 9.9955E-05 0.327468
9.99641E-05 9.99641E-05 0.193653 0.380932 0.0521037 0.216512 9.99641E-05 9.99641E-05 0.156399
9.99641E-05 9.99641E-05 0.23944 0.00531028 9.99641E-05 0.17204 9.99641E-05 0.159541 0.423269
0.061267 9.99463E-05 9.99463E-05 9.99463E-05 9.99463E-05 9.99463E-05 0.571092 9.99463E-05 0.367041
0.164184 0.0100009 0.124825 0.224296 0.30308 0.0675929 9.9982E-05 9.9982E-05 0.105821
9.99552E-05 9.99552E-05 0.480312 0.185254 0.0170714 9.99552E-05 0.316862 9.99552E-05 9.99552E-05
9.99553E-05 9.99553E-05 0.314063 9.99553E-05 0.137939 9.99553E-05 9.99553E-05 0.339017 0.208481
9.99731E-05 0.0370458 0.111118 0.201951 9.99731E-05 0.191402 9.99731E-05 0.0135986 0.444584
9.99464E-05 0.106531 9.99464E-05 9.99464E-05 0.370795 9.99464E-05 9.99464E-05 9.99464E-05 0.522075
9.99821E-05 9.99821E-05 0.175164 0.147928 0.151293 0.0160151 0.227612 0.0858198 0.195968
9.99373E-05 0.0627033 9.99373E-05 9.99373E-05 9.99373E-05 0.936597 9.99373E-05 9.99373E-05 9.99373E-05
0.143121 0.0181596 0.196293 9.9991E-05 0.00647741 0.00795792 0.440015 0.177779 0.0100972
0.0952921 0.039658 0.171291 9.99731E-05 9.99731E-05 9.99731E-05 0.321032 0.0186604 0.353766
0.0398364 9.9991E-05 0.040138 0.039889 0.10508 0.164115 0.295013 0.0160503 0.299778
9.99642E-05 9.99642E-05 0.0617178 0.322723 9.99642E-05 0.0264211 0.0335736 9.99642E-05 0.555165
0.159689 0.132097 0.302573 9.99821E-05 0.0519469 0.0679577 0.0706547 9.99821E-05 0.214883
9.99552E-05 9.99552E-05 9.99552E-05 9.99552E-05 0.205861 9.99552E-05 0.156521 0.472408 0.164711
0.0649543 0.225199 0.582311 9.99641E-05 9.99641E-05 0.0343057 9.99641E-05 9.99641E-05 0.0928301
9.99731E-05 0.129919 9.99731E-05 0.131701 0.289172 0.130368 0.239918 9.99731E-05 0.0786217
9.99461E-05 9.99461E-05 9.99461E-05 9.99461E-05 9.99461E-05 0.0804957 0.850757 9.99461E-05 0.0681477
0.0202476 9.99821E-05 0.176053 0.0229879 0.119911 9.99821E-05 0.479929 0.155235 0.0254367
0.0355088 0.533235 0.21828 0.0139197 0.184259 0.0144974 9.99731E-05 9.99731E-05 9.99731E-05
0.293105 0.239703 0.138961 9.99731E-05 9.99731E-05 0.0263468 9.99731E-05 0.0229356 0.278649
0.144622 9.99551E-05 0.726189 9.99551E-05 9.99551E-05 0.0210802 9.99551E-05 9.99551E-05 0.107609
9.99374E-05 0.834587 9.99374E-05 9.99374E-05 9.99374E-05 0.164713 9.99374E-05 9.99374E-05 9.99374E-05
9.99732E-05 0.111557 0.0687525 0.031097 0.705324 9.99732E-05 0.00813033 9.99732E-05 0.0748392
9.99463E-05 9.99463E-05 0.370335 0.138252 0.490813 9.99463E-05 9.99463E-05 9.99463E-05 9.99463E-05
0.36426 9.99462E-05 9.99462E-05 9.99462E-05 0.319164 9.99462E-05 0.315977 9.99462E-05 9.99462E-05
9.995E-05 9.995E-05 0.548449 0.0620286 0.265529 9.995E-05 0.123494 9.995E-05 9.995E-05
0.137619 9.9982E-05 0.284574 0.0183838 0.412631 0.0824821 0.00826056 9.9982E-05 0.0558491
9.99641E-05 0.149063 0.0497376 9.99641E-05 0.327139 9.99641E-05 0.324474 0.149187 9.99641E-05
9.99641E-05 9.99641E-05 0.0848748 9.99641E-05 0.295258 0.449351 0.115447 9.99641E-05 0.0546691
9.99551E-05 0.414592 9.99551E-05 0.0177182 0.0405458 9.99551E-05 9.99551E-05 9.99551E-05 0.526644
9.9964E-05 0.330628 0.121219 0.00851661 0.294759 9.9964E-05 0.244478 9.9964E-05 9.9964E-05
9.9946E-05 0.189987 9.9946E-05 9.9946E-05 0.133818 9.9946E-05 9.9946E-05 0.675595 9.9946E-05
0.0498683 0.92244 9.99463E-05 0.0270921 9.99463E-05 9.99463E-05 9.99463E-05 9.99463E-05 9.99463E-05
0.243083 0.178518 0.181869 9.99641E-05 9.99641E-05 9.99641E-05 0.00186697 0.394264 9.99641E-05
0.840839 9.99371E-05 9.99371E-05 9.99371E-05 9.99371E-05 9.99371E-05 0.158461 9.99371E-05 9.99371E-05
9.9973E-05 9.9973E-05 0.112247 0.0154359 0.103165 0.015725 0.21767 9.9973E-05 0.535458
9.9982E-05 0.193167 0.15685 0.0980013 0.179508 0.267827 0.0512206 9.9982E-05 0.0532263
9.99641E-05 9.99641E-05 0.199797 9.99641E-05 0.487276 9.99641E-05 0.0852873 0.0367253 0.190515
0.0937031 9.99552E-05 9.99552E-05 9.99552E-05 9.99552E-05 9.99552E-05 0.0513825 0.31923 0.535184
0.041659 9.99642E-05 0.0830164 9.99642E-05 9.99642E-05 0.222521 9.99642E-05 0.0850851 0.567319
0.45935 9.99552E-05 0.074393 0.136291 9.99552E-05 9.99552E-05 9.99552E-05 9.99552E-05 0.329466
9.99732E-05 0.216821 0.0420985 0.0378133 0.250211 9.99732E-05 9.99732E-05 0.186417 0.266339
9.99642E-05 0.0784685 9.99642E-05 9.99642E-05 0.0296441 0.153231 0.272893 9.99642E-05 0.465364
0.00675652 0.36836 9.99553E-05 9.99553E-05 0.288924 9.99553E-05 9.99553E-05 9.99553E-05 0.335459
9.99462E-05 0.0370936 0.253211 9.99462E-05 9.99462E-05 9.99462E-05 9.99462E-05 9.99462E-05 0.709095
9.99461E-05 0.847967 0.0398398 9.99461E-05 0.111594 9.99461E-05 9.99461E-05 9.99461E-05 9.99461E-05
0.465078 9.99643E-05 0.101627 9.99643E-05 0.15955 0.271402 9.99643E-05 0.00194243 9.99643E-05
9.99461E-05 9.99461E-05 9.99461E-05 9.99461E-05 9.99461E-05 0.341268 0.5311 9.99461E-05 0.127032
9.99462E-05 9.99462E-05 0.723285 0.00268648 9.99462E-05 9.99462E-05 9.99462E-05 9.99462E-05 0.273429
0.0570606 0.22575 0.303156 9.9964E-05 9.9964E-05 0.0711967 9.9964E-05 9.9964E-05 0.342437
0.0166592 9.9964E-05 9.9964E-05 9.9964E-05 0.270537 0.258184 0.186772 9.9964E-05 0.267447
9.99551E-05 0.551957 0.248176 9.99551E-05 9.99551E-05 0.124794 9.99551E-05 0.0745732 9.99551E-05
0.0629198 9.99731E-05 0.0489019 9.99731E-05 0.796542 0.00697958 0.0473581 0.0369987 9.99731E-05
0.00353976 9.995E-05 9.995E-05 9.995E-05 0.123167 0.104042 9.995E-05 9.995E-05 0.768752
9.99552E-05 9.99552E-05 0.0432862 0.110624 0.370329 9.99552E-05 9.99552E-05 9.99552E-05 0.47526
0.0830383 0.0511343 9.99731E-05 9.99731E-05 0.126281 0.415073 0.277307 9.99731E-05 0.046866
9.9982E-05 0.0360475 0.36146 0.0345793 0.122637 9.9982E-05 0.175755 0.156003 0.113318
9.99643E-05 0.0735634 0.358314 0.0883911 0.19384 9.99643E-05 0.285491 9.99643E-05 9.99643E-05
0.0690604 9.99641E-05 9.99641E-05 0.279856 9.99641E-05 0.13797 9.99641E-05 0.106067 0.406647
0.46812 0.0696958 9.99643E-05 9.99643E-05 0.0391681 9.99643E-05 0.156576 9.99643E-05 0.266041
0.219752 0.00315329 0.193963 0.0831151 0.445694 9.99731E-05 9.99731E-05 9.99731E-05 0.0540224
0.0800743 9.99821E-05 0.135031 0.0108358 0.0340959 0.438961 0.0393964 0.261406 9.99821E-05
0.0641616 9.9973E-05 0.0808603 0.0421118 0.32807 9.9973E-05 9.9973E-05 0.059129 0.425367
0.0562548 9.99642E-05 0.362795 0.048943 9.99642E-05 9.99642E-05 0.304888 9.99642E-05 0.226719
0.355564 9.99731E-05 0.173285 0.114837 9.99731E-05 9.99731E-05 0.182022 0.0576707 0.116321
0.173109 9.99552E-05 0.00450471 0.00245506 9.99552E-05 9.99552E-05 0.819432 9.99552E-05 9.99552E-05
9.99464E-05 9.99464E-05 9.99464E-05 9.99464E-05 0.292053 0.0957113 9.99464E-05 9.99464E-05 0.611636
9.99463E-05 9.99463E-05 9.99463E-05 9.99463E-05 9.99463E-05 9.99463E-05 0.0261738 0.107478 0.865748
0.00903103 9.99375E-05 9.99375E-05 9.99375E-05 9.99375E-05 9.99375E-05 9.99375E-05 9.99375E-05 0.990269
0.058735 9.99642E-05 0.391033 0.125087 0.117071 9.99642E-05 9.99642E-05 0.307674 9.99642E-05
9.99371E-05 9.99371E-05 9.99371E-05 9.99371E-05 9.99371E-05 0.409386 9.99371E-05 9.99371E-05 0.589914
0.121937 0.0395786 9.99731E-05 9.99731E-05 9.99731E-05 0.0287579 0.0249838 0.550102 0.234341
0.295719 0.133933 0.219661 9.99641E-05 0.229254 9.99641E-05 9.99641E-05 0.121033 9.99641E-05
0.13714 9.99821E-05 0.22737 0.0115217 0.0824353 0.0694113 0.251844 9.99821E-05 0.220078
0.208141 0.151149 0.49984 9.99642E-05 9.99642E-05 9.99642E-05 0.101079 0.0393914 9.99642E-05
0.0670367 0.543434 0.0421276 0.0233827 9.99642E-05 9.99642E-05 0.323619 9.99642E-05 9.99642E-05
9.9955E-05 9.9955E-05 0.210409 9.9955E-05 0.231908 0.140809 9.9955E-05 9.9955E-05 0.416375
9.993E-05 9.993E-05 9.993E-05 0.999201 9.993E-05 9.993E-05 9.993E-05 9.993E-05 9.993E-05
0.0903781 0.0290917 0.0465062 9.99732E-05 0.0409298 9.99732E-05 0.482748 9.99732E-05 0.310046
0.0298447 0.258259 9.99552E-05 9.99552E-05 0.668328 9.99552E-05 9.99552E-05 9.99552E-05 0.0430688
0.104076 0.0186227 0.00145434 0.446822 0.0577432 0.182563 0.0239528 0.164665 9.9991E-05
0.111903 9.99732E-05 0.38892 0.159073 0.0553253 9.99732E-05 9.99732E-05 0.036593 0.247886
9.99462E-05 9.99462E-05 0.377771 9.99462E-05 9.99462E-05 0.217417 0.404213 9.99462E-05 9.99462E-05
0.00749432 9.99641E-05 9.99641E-05 9.99641E-05 0.136105 0.0219503 9.99641E-05 0.182636 0.651414
9.99731E-05 0.0576892 0.136584 0.0296929 9.99731E-05 9.99731E-05 0.195301 0.248326 0.332107
9.99642E-05 0.349057 9.99642E-05 0.0503518 0.411091 0.021944 9.99642E-05 0.167156 9.99642E-05
0.264834 9.99642E-05 9.99642E-05 0.140732 0.161521 0.130011 9.99642E-05 9.99642E-05 0.302503
0.197388 0.0156958 0.145086 9.99821E-05 0.413513 9.99821E-05 0.0346515 0.0234949 0.169971
0.105183 9.99643E-05 0.176484 0.0942043 9.99643E-05 9.99643E-05 0.301551 9.99643E-05 0.322178
9.99911E-05 0.108874 0.0974631 0.0403326 0.0919788 0.0852895 0.0270225 0.00216029 0.546779
0.224028 0.0812884 0.316481 9.99731E-05 9.99731E-05 9.99731E-05 0.120884 0.036762 0.220256
9.993E-05 9.993E-05 9.993E-05 0.999201 9.993E-05 9.993E-05 9.993E-05 9.993E-05 9.993E-05
9.99552E-05 9.99552E-05 0.307674 0.278619 9.99552E-05 9.99552E-05 0.0442586 9.99552E-05 0.368948
9.99552E-05 9.99552E-05 0.310465 9.99552E-05 0.115058 9.99552E-05 0.0150921 9.99552E-05 0.558885
9.99552E-05 9.99552E-05 0.001126 9.99552E-05 9.99552E-05 0.264508 0.477728 0.256139 9.99552E-05
9.99464E-05 9.99464E-05 0.609749 0.176019 9.99464E-05 9.99464E-05 0.213633 9.99464E-05 9.99464E-05
9.9973E-05 0.155744 0.177195 9.9973E-05 0.116798 0.163436 0.181682 9.9973E-05 0.204845
9.99553E-05 9.99553E-05 9.99553E-05 9.99553E-05 9.99553E-05 0.051162 0.23985 0.128228 0.58026
0.0105473 9.99643E-05 0.0533305 9.99643E-05 9.99643E-05 0.116142 9.99643E-05 0.0418487 0.777731
9.99643E-05 9.99643E-05 0.0582553 0.0316648 0.673266 9.99643E-05 9.99643E-05 0.140417 0.0959964
0.044202 0.0847721 0.0583327 0.175392 0.323219 0.0727079 0.156211 9.9991E-05 0.0850641
0.160071 0.0813721 0.00459236 0.0479387 9.99731E-05 0.185084 9.99731E-05 9.99731E-05 0.520641
9.99462E-05 9.99462E-05 0.241856 9.99462E-05 9.99462E-05 9.99462E-05 9.99462E-05 0.126028 0.631516
0.21056 9.9964E-05 0.111099 0.0551919 0.331843 0.290907 9.9964E-05 9.9964E-05 9.9964E-05
0.0179143 0.172183 9.99821E-05 0.0401078 0.156722 0.0796607 0.355403 9.99821E-05 0.177809
0.0756279 0.147371 0.0186924 0.0335311 9.9982E-05 0.263906 0.016882 9.9982E-05 0.44379
9.99553E-05 9.99553E-05 0.202077 9.99553E-05 0.0220141 0.178837 9.99553E-05 9.99553E-05 0.596572
9.99732E-05 0.130345 0.286729 0.0912612 0.375278 0.0434297 9.99732E-05 9.99732E-05 0.0726579
0.789547 9.99372E-05 9.99372E-05 9.99372E-05 0.209754 9.99372E-05 9.99372E-05 9.99372E-05 9.99372E-05
9.99463E-05 9.99463E-05 9.99463E-05 9.99463E-05 9.99463E-05 9.99463E-05 0.517045 0.306674 0.175682
0.0455586 9.99552E-05 0.267533 9.99552E-05 9.99552E-05 0.220964 0.465445 9.99552E-05 9.99552E-05
9.99643E-05 9.99643E-05 0.0583517 0.13648 0.178284 9.99643E-05 0.581664 0.044821 9.99643E-05
0.0356659 0.0718634 0.157526 0.0807801 9.999E-05 0.052277 0.276637 0.138958 0.186193
9.99731E-05 0.156626 0.0814653 9.99731E-05 0.190702 0.131142 9.99731E-05 0.0598481 0.379916
9.99642E-05 9.99642E-05 0.274067 0.0394766 0.0579043 0.128311 9.99642E-05 9.99642E-05 0.499841
0.999201 9.993E-05 9.993E-05 9.993E-05 9.993E-05 9.993E-05 9.993E-05 9.993E-05 9.993E-05
9.99642E-05 9.99642E-05 0.386663 0.0632856 9.99642E-05 0.2825 0.0658509 9.99642E-05 0.201301
0.0502001 9.99731E-05 0.259394 0.0765352 0.255486 0.0383776 9.99731E-05 9.99731E-05 0.319707
0.128523 0.120529 9.99641E-05 9.99641E-05 9.99641E-05 9.99641E-05 0.272989 0.205679 0.27188
0.0919071 0.127099 0.0307449 0.00565111 0.586145 9.9991E-05 0.0691765 0.0455146 0.0436621
