0.256539 0.679315 0.0641459
0.291271 0.435597 0.273132
0.410877 0.411795 0.177327
0.206106 0.661405 0.13249
0.219123 0.575445 0.205431
0.30817 0.531426 0.160404
0.301993 0.36693 0.331076
0.295725 0.588397 0.115878
0.472193 0.257414 0.270394
0.630525 9.9991E-05 0.369375
0.56327 0.250625 0.186105
0.521553 0.115989 0.362458
0.155872 0.557775 0.286353
0.235354 0.423455 0.341191
0.0420891 0.590611 0.3673
0.145237 0.375895 0.478868
9.9991E-05 0.575214 0.424686
0.204772 0.400996 0.394232
0.401294 0.347789 0.250917
0.0788324 0.713755 0.207413
0.31302 0.626558 0.0604218
0.16828 0.677531 0.154189
0.283956 0.499188 0.216856
0.0300554 0.574252 0.395693
0.741736 9.9991E-05 0.258164
0.0839847 0.688724 0.227291
0.576701 0.223684 0.199615
0.381807 0.374044 0.244149
0.416638 0.362441 0.220921
9.9991E-05 0.238373 0.761527
0.573073 0.305391 0.121536
0.915006 9.9991E-05 0.0848944
9.9991E-05 0.706223 0.293677
0.240145 0.619946 0.139909
0.290621 0.309966 0.399412
9.9991E-05 0.722626 0.277274
0.262437 0.656264 0.0812987
0.509569 0.125182 0.365249
0.330083 0.328922 0.340995
0.31395 0.425319 0.260731
0.335202 0.577887 0.0869118
0.260388 0.601132 0.138479
0.41111 0.569435 0.0194545
0.481423 0.389686 0.128891
0.642495 0.107693 0.249812
0.677627 0.239553 0.0828192
0.294537 0.530862 0.174601
0.286463 0.517545 0.195992
0.57067 0.170052 0.259279
0.211699 0.463258 0.325044
0.395285 0.297732 0.306983
0.283039 0.460123 0.256838
0.135228 0.80163 0.063142
0.367757 0.181004 0.451238
0.658098 0.180167 0.161735
0.329469 0.461943 0.208588
0.921765 9.9991E-05 0.0781349
0.697143 0.170713 0.132144
0.387031 0.336866 0.276103
0.685948 0.112139 0.201914
0.0968541 0.732686 0.17046
0.206047 0.599201 0.194752
0.126015 0.558783 0.315202
9.9991E-05 0.0333383 0.966562
0.334089 0.609669 0.0562422
9.999E-05 0.9998 9.999E-05
0.348003 0.574163 0.0778341
0.209321 0.458945 0.331734
9.9991E-05 0.764203 0.235697
0.257783 0.46109 0.281127
0.802422 9.9991E-05 0.197478
0.0723172 0.576593 0.35109
0.210184 0.387893 0.401923
0.31496 0.315575 0.369465
0.455019 0.317664 0.227318
0.600362 0.223311 0.176327
0.302904 0.301571 0.395525
0.320363 0.661553 0.0180845
0.345187 0.654713 9.9991E-05
0.265615 0.47101 0.263374
0.316135 0.502115 0.18175
0.30063 0.487567 0.211803
0.572564 0.22259 0.204846
0.366141 0.361059 0.2728
0.210994 0.515778 0.273228
0.633201 0.366699 9.9991E-05
9.9991E-05 0.775261 0.224639
0.648794 0.110213 0.240993
0.129118 0.321935 0.548947
0.54602 0.400057 0.0539231
9.999E-05 9.999E-05 0.9998
0.640834 0.150776 0.208391
0.15184 0.772121 0.0760386
0.139991 0.553855 0.306153
0.112221 0.887679 9.9991E-05
0.246303 0.678356 0.0753406
0.581005 0.418895 9.9991E-05
0.539116 0.330313 0.130572
0.0960234 0.035021 0.868956
0.13428 0.448911 0.416809
0.278995 0.341785 0.379219
9.999E-05 9.999E-05 0.9998
0.294481 0.402516 0.303004
0.956942 9.9991E-05 0.0429582
0.258791 0.602713 0.138496
0.339645 0.568539 0.0918156
0.192288 0.654183 0.15353
0.263291 0.505596 0.231113
0.390297 0.335621 0.274083
0.252763 0.599194 0.148043
0.243756 0.747683 0.0085611
0.609252 0.0216875 0.36906
0.446764 0.481132 0.0721037
0.230318 0.0788848 0.690798
0.328775 0.64371 0.0275149
9.999E-05 9.999E-05 0.9998
0.50218 0.347275 0.150545
0.265846 0.567015 0.167139
0.546623 0.367508 0.0858684
0.482884 0.170628 0.346487
0.0304534 0.675837 0.29371
0.0114232 0.164114 0.824463
0.322223 0.167037 0.51074
0.333666 0.575468 0.090866
0.564531 0.0326943 0.402775
0.125897 0.465447 0.408657
0.489182 0.377651 0.133167
0.510376 0.169963 0.319661
0.490294 0.468606 0.0411002
0.416747 0.237666 0.345587
9.9991E-05 0.646024 0.353876
0.18809 0.561589 0.25032
0.374175 0.23382 0.392005
0.321448 0.311001 0.367551
0.377283 0.369104 0.253613
0.624694 0.0531088 0.322197
9.999E-05 0.9998 9.999E-05
9.9991E-05 0.948308 0.0515919
0.341338 0.497108 0.161554
0.341905 0.482928 0.175166
0.482043 0.201822 0.316134
0.46751 0.393553 0.138937
0.511153 0.295249 0.193598
0.620337 9.9991E-05 0.379563
0.101816 0.649731 0.248454
0.0230112 0.341216 0.635773
0.227177 0.598571 0.174252
9.999E-05 9.999E-05 0.9998
0.243057 0.603468 0.153476
0.456154 0.543746 9.9991E-05
0.478267 0.283462 0.238271
0.418691 0.581209 9.9991E-05
0.412527 0.203362 0.384111
0.254783 0.455789 0.289429
0.188817 0.521714 0.289469
0.109673 0.532481 0.357846
0.38115 0.416783 0.202067
0.241212 0.47654 0.282248
9.9991E-05 0.882469 0.117431
0.242802 0.494743 0.262455
0.247362 0.607064 0.145574
9.999E-05 9.999E-05 0.9998
0.0723677 0.522554 0.405078
0.407806 0.592094 9.9991E-05
0.610975 0.14438 0.244645
9.9991E-05 0.849486 0.150414
0.32788 0.531875 0.140245
0.542196 0.457518 0.000285761
9.999E-05 0.9998 9.999E-05
0.00277249 0.613985 0.383242
0.46454 0.354634 0.180826
0.47814 0.217464 0.304395
0.0489608 0.589761 0.361279
0.558452 0.428051 0.0134966
0.165431 0.662836 0.171733
0.458458 0.414979 0.126563
0.351194 0.525816 0.12299
0.497872 0.365612 0.136516
0.9998 9.999E-05 9.999E-05
0.545641 0.314364 0.139995
9.9991E-05 0.366854 0.633046
0.253682 0.201917 0.544401
0.257904 0.621137 0.120959
0.115797 0.615115 0.269088
0.0966521 0.718449 0.184899
0.9998 9.999E-05 9.999E-05
0.233066 0.617405 0.14953
0.405002 0.270886 0.324113
0.129862 0.870038 9.9991E-05
0.280084 0.408201 0.311715
