0.0183722 0.173282 9.9973E-05 9.9973E-05 9.9973E-05 0.750762 0.0282506 0.029034
0.0370355 0.00400424 0.140963 0.17617 0.389258 0.149997 9.9991E-05 0.102472
0.0187852 0.221321 9.9991E-05 0.0352081 0.253437 0.202103 0.0443854 0.22466
0.134725 0.100533 0.0374118 0.330133 9.9982E-05 0.323282 0.0737147 9.9982E-05
0.105419 0.396956 0.0039757 0.233211 0.137266 9.9982E-05 0.122972 9.9982E-05
0.0668385 0.336851 9.9973E-05 0.426189 0.124175 9.9973E-05 0.0456459 9.9973E-05
0.0623845 0.146692 9.9973E-05 0.296842 9.9973E-05 0.361606 0.132176 9.9973E-05
9.9982E-05 0.253059 0.0577525 9.9982E-05 0.307701 0.315915 0.0471387 0.0182338
0.101634 0.220032 9.9991E-05 0.0521083 0.0189295 0.225439 0.0561035 0.325653
0.203416 0.115049 0.0668267 9.9982E-05 9.9982E-05 0.180827 0.151658 0.282022
0.177478 9.9973E-05 9.9973E-05 0.223847 0.0869879 9.9973E-05 0.0379437 0.473444
9.99639E-05 9.99639E-05 0.0369368 0.148331 9.99639E-05 9.99639E-05 0.0752419 0.739091
0.0312025 0.350453 0.0384958 0.324977 0.00943867 0.0797268 0.0767092 0.0889971
0.123487 0.246825 0.097662 9.9991E-05 0.180455 0.293181 0.0396963 0.0185935
0.0349552 0.188396 0.018297 0.0227972 0.59657 9.9982E-05 0.138784 9.9982E-05
9.9982E-05 9.9982E-05 0.124191 0.167629 0.44046 0.12207 0.108907 0.0365435
0.0755505 9.9982E-05 0.157585 0.0872977 0.611782 0.0515558 0.016029 9.9982E-05
0.0551497 0.200191 0.144516 0.0959726 9.9991E-05 0.228866 0.200986 0.0742184
9.9982E-05 9.9982E-05 0.0250905 0.328748 0.0290647 0.159115 0.0746396 0.383142
0.0788494 9.9991E-05 0.131299 0.30027 0.0579874 0.37448 0.0039323 0.0530812
0.0739043 0.202911 9.9991E-05 0.275069 0.0632187 0.273621 0.10922 0.00195671
0.018284 0.243226 9.9991E-05 0.0511331 0.259999 0.192141 0.0282071 0.206911
0.0416544 0.304333 0.00731219 0.375345 0.158856 9.9982E-05 0.112299 9.9982E-05
9.99729E-05 0.216691 0.0995459 0.334217 0.217861 0.131385 9.99729E-05 9.99729E-05
0.209521 9.9982E-05 9.9982E-05 0.0629295 0.0863692 0.0093159 0.116712 0.514953
0.0234655 9.9982E-05 0.126933 0.270087 0.108667 0.44906 0.0215875 9.9982E-05
0.078831 0.116007 0.159374 0.00346452 0.123053 0.138479 0.0610958 0.319695
0.0417907 0.153965 0.173383 0.0526188 0.290216 0.136741 0.0324275 0.118859
0.0422233 0.334309 0.194635 0.247628 0.00752788 0.173476 9.9982E-05 9.9982E-05
9.99729E-05 0.159607 0.523682 0.0608593 0.151086 9.99729E-05 0.104466 9.99729E-05
0.0580465 9.9982E-05 0.0721785 0.330626 0.155066 9.9982E-05 0.12106 0.262823
0.0864539 0.00851102 9.9973E-05 9.9973E-05 9.9973E-05 0.0965521 0.0321092 0.776074
9.9982E-05 0.166916 0.0667023 0.566343 0.0168854 0.100117 0.0828372 9.9982E-05
0.104935 0.350185 9.9982E-05 0.175354 0.182305 0.0665626 0.120458 9.9982E-05
0.0392336 0.0902569 0.0351295 0.179908 0.108043 0.0937064 0.109522 0.344201
9.9946E-05 9.9946E-05 9.9946E-05 9.9946E-05 9.9946E-05 0.958234 0.0411664 9.9946E-05
0.101018 0.259833 9.9973E-05 0.453732 9.9973E-05 0.149859 0.0352577 9.9973E-05
0.0646623 9.9973E-05 0.065045 9.9973E-05 0.0449547 0.433411 9.9973E-05 0.391627
0.0871027 0.236111 0.0915774 0.197228 0.270388 9.9991E-05 0.0362795 0.0812134
0.0382271 0.238694 9.9991E-05 0.143637 0.281435 0.100194 0.112637 0.085076
0.0431624 9.9982E-05 0.0696262 0.375581 0.304967 0.00946237 9.9982E-05 0.197001
0.0704973 0.389802 0.0190085 0.265621 0.159673 0.0841736 0.0111247 9.9991E-05
0.0232625 0.663959 9.9973E-05 9.9973E-05 0.181352 0.0683036 0.0628223 9.9973E-05
9.9973E-05 0.0919868 0.090264 0.219306 9.9973E-05 0.105194 9.9973E-05 0.49295
9.9982E-05 0.103368 0.0428695 9.9982E-05 0.00315141 0.158783 0.0988553 0.592773
0.116137 0.374758 0.0809004 0.0658967 0.0228761 0.119481 9.9991E-05 0.219852
0.0140457 0.198986 0.0398967 0.470242 0.192478 0.0841514 9.9982E-05 9.9982E-05
9.9973E-05 0.241307 9.9973E-05 0.430458 9.9973E-05 0.0030279 0.0704305 0.254477
9.9973E-05 9.9973E-05 0.133043 0.162177 0.117232 9.9973E-05 0.0962742 0.490974
9.9982E-05 0.266633 0.0639516 9.9982E-05 0.338339 0.136147 0.078329 0.116401
0.094353 9.9982E-05 0.0986942 9.9982E-05 0.231513 0.288969 0.193023 0.0932478
0.0463668 0.254925 0.0352473 0.156441 0.141913 0.0910737 0.152395 0.121638
0.00657993 0.106841 0.0900827 0.179831 0.517142 9.9991E-05 0.0351257 0.0642976
0.228539 0.4483 0.0526564 9.9982E-05 0.125816 0.06205 0.0824382 9.9982E-05
9.9964E-05 0.166374 0.175925 9.9964E-05 0.18159 9.9964E-05 9.9964E-05 0.475711
0.057969 0.584696 9.9982E-05 0.224603 9.9982E-05 0.0240692 0.0895683 0.0188941
0.0507616 9.9973E-05 9.9973E-05 0.0949219 0.113523 0.021382 9.9973E-05 0.719112
0.0040121 0.071255 0.0816574 0.333604 9.9991E-05 0.0699226 0.045483 0.393966
0.0201855 9.9973E-05 9.9973E-05 0.2978 0.408229 9.9973E-05 0.0591653 0.21432
0.10619 0.300733 9.9982E-05 9.9982E-05 0.0105068 0.0499022 0.167961 0.364508
9.994E-05 9.994E-05 9.994E-05 0.9993 9.994E-05 9.994E-05 9.994E-05 9.994E-05
0.0970958 0.0119548 0.0318631 0.32151 0.244887 0.0823431 0.150948 0.0593976
9.9982E-05 0.0439976 9.9982E-05 0.600456 0.091046 0.166961 0.0592848 0.0380554
0.0169382 9.9964E-05 0.944599 9.9964E-05 9.9964E-05 0.0154757 0.0225871 9.9964E-05
0.196061 0.0182354 9.9982E-05 0.226161 0.055116 0.448302 9.9982E-05 0.0559244
0.018835 9.9946E-05 9.9946E-05 9.9946E-05 9.9946E-05 0.980565 9.9946E-05 9.9946E-05
0.0711642 0.207531 0.0276707 0.140382 9.9991E-05 0.3668 0.0895652 0.0967873
9.9982E-05 0.597982 0.0455778 0.0836328 0.0909031 9.9982E-05 0.0332616 0.148443
9.9982E-05 9.9982E-05 0.0672936 0.446737 0.0298564 0.395321 0.0234426 0.0371496
0.0776059 0.345863 0.0569784 0.182385 0.191729 0.0452351 0.0717467 0.0284575
0.147438 0.428944 0.119384 9.9964E-05 9.9964E-05 9.9964E-05 9.9964E-05 0.303835
0.00956678 0.115707 0.0101806 0.0619888 0.302967 0.416181 0.0833084 9.9991E-05
9.9982E-05 9.9982E-05 0.140157 0.378318 0.130462 0.0801856 0.145465 0.125213
0.0714153 0.191114 0.101493 0.0251617 0.386053 9.9991E-05 0.0493419 0.175321
0.134922 0.395048 0.149248 9.9991E-05 0.138349 0.0379984 0.0385015 0.105832
0.0788972 0.256484 9.9973E-05 9.9973E-05 0.360563 9.9973E-05 0.0145208 0.289235
9.9955E-05 0.804 9.9955E-05 0.0628217 9.9955E-05 9.9955E-05 0.132679 9.9955E-05
0.0099635 9.9964E-05 9.9964E-05 0.96276 0.00738561 9.9964E-05 0.0194907 9.9964E-05
0.0376725 9.9955E-05 9.9955E-05 0.951066 9.9955E-05 9.9955E-05 9.9955E-05 0.0107614
0.054522 0.076826 0.128575 0.659212 0.0149551 9.9982E-05 0.0657102 9.9982E-05
0.0698502 0.130197 0.111827 0.269577 0.0392837 0.184563 0.0914777 0.103224
0.0563822 0.106197 0.0537309 0.481676 9.9991E-05 0.107557 0.0826495 0.111707
0.0170217 0.0983011 0.216986 0.254225 0.0839715 9.9982E-05 9.9982E-05 0.329295
0.0702504 0.071565 9.9982E-05 0.214541 0.397265 9.9982E-05 0.108799 0.13738
9.9982E-05 0.274584 0.116326 0.413708 9.9982E-05 0.0221453 0.0324135 0.140624
0.063514 9.9982E-05 9.9982E-05 0.229136 0.0274042 0.24184 0.0297219 0.408184
9.9991E-05 0.0948974 0.00869774 0.0617095 0.0254896 0.672424 0.0803025 0.0563795
0.0796891 0.135142 9.9973E-05 0.171122 9.9973E-05 9.9973E-05 0.193206 0.420541
0.0993881 0.130735 0.202063 0.00130051 0.229135 0.226175 0.111103 9.9991E-05
9.9964E-05 0.384106 9.9964E-05 9.9964E-05 9.9964E-05 0.122926 0.0491097 0.443458
0.0256654 9.9955E-05 0.966336 9.9955E-05 9.9955E-05 0.00749846 9.9955E-05 9.9955E-05
0.126464 0.392597 0.000773639 9.9991E-05 0.168428 0.0517423 0.0427704 0.217125
0.00249996 0.0224628 9.9991E-05 0.643658 0.0410901 0.0904528 0.109589 0.0901477
9.9991E-05 0.0333865 0.106054 0.0919354 0.448109 0.153475 0.0641781 0.102762
0.0473558 0.206723 9.9973E-05 0.627492 9.9973E-05 0.112417 0.00571165 9.9973E-05
0.0303805 0.367284 0.0475545 0.313943 0.0898088 0.136533 0.0143958 9.9991E-05
0.0400616 0.656468 9.9973E-05 9.9973E-05 0.0699676 0.179544 9.9973E-05 0.0536594
0.175507 0.474111 9.9973E-05 0.197111 9.9973E-05 9.9973E-05 0.0286075 0.124364
9.9973E-05 0.288971 0.388023 0.128035 9.9973E-05 0.0418579 0.152813 9.9973E-05
9.9982E-05 0.0347287 0.314623 0.30915 0.0869806 0.0934081 9.9982E-05 0.160909
0.0190378 0.241133 0.195801 0.0980384 0.207352 0.0963176 0.0955932 0.0467269
9.994E-05 9.994E-05 0.9993 9.994E-05 9.994E-05 9.994E-05 9.994E-05 9.994E-05
0.130919 0.117458 9.9991E-05 0.196791 0.325455 0.0740414 0.0591201 0.0961156
0.960564 9.99549E-05 9.99549E-05 9.99549E-05 9.99549E-05 0.00779748 0.031139 9.99549E-05
0.134876 9.9991E-05 0.00447834 0.161121 0.208071 0.24947 0.0378407 0.204043
9.9973E-05 0.239262 9.9973E-05 0.222692 0.259135 0.220572 9.9973E-05 0.0580393
9.9982E-05 0.250041 0.065952 0.163319 0.198451 0.280887 9.9982E-05 0.0411504
0.0468183 0.333124 9.9991E-05 0.223381 0.0288422 0.177152 0.130985 0.0595974
0.0672347 0.243021 0.219699 9.9982E-05 0.315426 9.9982E-05 0.0359846 0.118434
9.9991E-05 0.0310988 0.0862829 0.209542 0.19464 0.102719 0.0786434 0.296974
0.0831473 0.286926 0.0252422 0.353402 0.131121 0.0636835 0.0563781 9.9991E-05
0.0075053 0.163868 0.0577338 0.234577 9.9982E-05 9.9982E-05 0.143233 0.392883
0.0847693 0.0415971 0.075236 0.426344 0.241249 0.0352995 0.022359 0.0731458
9.99639E-05 0.143547 0.47014 0.287904 9.99639E-05 9.99639E-05 0.0980092 9.99639E-05
0.0248747 0.703179 0.00956154 0.160227 9.9982E-05 0.0559311 9.9982E-05 0.0460264
9.9946E-05 9.9946E-05 0.955744 9.9946E-05 9.9946E-05 9.9946E-05 9.9946E-05 0.0436562
0.227469 0.232624 9.9982E-05 0.114355 0.200671 0.11047 9.9982E-05 0.114211
0.05176 0.201991 0.0292971 0.0363702 9.9991E-05 0.575505 0.0308423 0.0741346
9.9973E-05 0.377583 0.019911 0.394957 9.9973E-05 9.9973E-05 0.0131222 0.194127
9.9973E-05 0.0254624 0.0699785 9.9973E-05 9.9973E-05 0.404146 0.105841 0.394273
0.0237328 0.525744 0.0390404 0.00185937 0.06531 0.213448 0.130766 9.9991E-05
9.9973E-05 9.9973E-05 0.377403 0.27314 0.0866359 0.133382 0.12914 9.9973E-05
0.0231994 0.687462 0.172219 9.9973E-05 9.9973E-05 0.0290431 0.0877759 9.9973E-05
0.03375 9.9973E-05 9.9973E-05 0.307566 0.337721 9.9973E-05 0.0360131 0.28465
0.0235785 0.0228635 0.232986 0.172928 0.00254731 9.9991E-05 0.042624 0.502373
9.9973E-05 0.487591 0.0217339 0.249211 0.214706 9.9973E-05 0.0264584 9.9973E-05
9.9973E-05 0.237912 9.9973E-05 9.9973E-05 0.250654 0.0139786 0.0945128 0.402643
9.9973E-05 9.9973E-05 0.167219 0.546308 9.9973E-05 0.0480638 0.0252376 0.212871
9.9982E-05 0.0112333 9.9982E-05 0.259971 0.0817285 0.0485438 0.0514282 0.546895
9.9973E-05 9.9973E-05 0.140328 9.9973E-05 0.127377 0.344723 0.0605361 0.326735
9.9964E-05 0.341545 0.030453 9.9964E-05 9.9964E-05 0.53071 0.0968931 9.9964E-05
0.0497223 0.467797 0.0286887 0.387281 0.00211343 9.9991E-05 0.0614804 0.00281722
9.9982E-05 0.179747 0.35941 0.328273 9.9982E-05 0.0104033 0.0263604 0.0956062
9.9982E-05 0.287014 0.186257 0.118786 0.295883 9.9982E-05 0.0796467 0.0322133
0.0506158 0.591368 0.0109518 0.0776851 9.9991E-05 0.160518 0.0248622 0.0838983
0.0910853 0.179155 0.00909777 0.186493 9.9991E-05 0.0294197 0.175739 0.32891
9.9955E-05 9.9955E-05 9.9955E-05 0.0564563 0.92376 9.9955E-05 9.9955E-05 0.0192844
9.9946E-05 9.9946E-05 9.9946E-05 9.9946E-05 0.99734 9.9946E-05 0.00206026 9.9946E-05
0.0187982 0.378318 0.0507754 9.9982E-05 9.9982E-05 0.132342 0.0487332 0.370833
0.1163 9.9973E-05 9.9973E-05 0.685671 9.9973E-05 0.0298632 0.0494725 0.118393
0.0970471 0.618756 0.0238347 0.071195 9.9982E-05 9.9982E-05 0.0945627 0.0944047
0.0895387 9.9973E-05 9.9973E-05 0.132413 0.46275 9.9973E-05 0.133479 0.18152
0.0210791 0.0468297 0.0921654 0.332293 9.9982E-05 0.00291635 9.9982E-05 0.504517
0.0326766 0.267852 0.0318074 9.9982E-05 9.9982E-05 0.191531 0.0486965 0.427237
0.109371 0.0667612 0.0821117 0.483934 0.11803 0.0519295 0.0877625 9.9991E-05
0.0889874 0.0337613 0.392737 0.106902 0.0563242 0.183902 0.137285 9.9991E-05
0.0955479 0.285619 9.9982E-05 0.254907 0.105523 0.140241 9.9982E-05 0.117962
9.994E-05 9.994E-05 9.994E-05 9.994E-05 9.994E-05 9.994E-05 0.9993 9.994E-05
0.0799473 0.134767 9.9973E-05 0.137554 9.9973E-05 0.598954 0.0484787 9.9973E-05
0.227096 0.225004 9.9973E-05 0.193963 0.13016 0.223477 9.9973E-05 9.9973E-05
0.0327487 9.9973E-05 0.0200362 0.194838 9.9973E-05 9.9973E-05 0.076378 0.675699
0.237173 0.0721716 9.9982E-05 0.401852 0.134649 0.0681699 0.0857839 9.9982E-05
0.0123589 0.0702531 0.121337 0.103027 0.107826 0.0867014 0.159713 0.338784
0.0218768 0.146739 0.0641301 0.308566 0.113668 9.9991E-05 0.0892471 0.255673
9.9991E-05 0.0680915 0.0285803 0.309811 0.00820293 0.0679338 0.101547 0.415733
0.0407927 0.150248 0.0824727 0.215687 0.268818 0.168745 0.073137 9.9991E-05
9.9982E-05 0.0989934 9.9982E-05 0.217171 0.0129721 0.201509 0.121053 0.348101
0.0361205 0.251563 0.074859 0.276371 0.0617308 0.0374559 0.0511328 0.210767
9.9955E-05 0.0953775 0.100328 9.9955E-05 9.9955E-05 0.803794 9.9955E-05 9.9955E-05
0.051682 0.217227 0.0528033 0.138752 0.116871 0.213833 0.079606 0.129226
0.0743867 9.9991E-05 0.0262203 0.515879 0.00663066 0.26343 0.0379005 0.0754533
9.994E-05 9.994E-05 9.994E-05 9.994E-05 9.994E-05 9.994E-05 0.9993 9.994E-05
0.00750377 0.168395 9.99729E-05 9.99729E-05 0.214764 0.120794 0.488243 9.99729E-05
0.0631429 0.552119 0.0429386 0.0771378 0.223279 0.0411827 9.9982E-05 9.9982E-05
0.0288805 0.281717 0.0116479 9.9991E-05 0.188802 0.157261 0.0442816 0.28731
9.9973E-05 9.9973E-05 0.0259289 0.0643527 9.9973E-05 0.745109 0.0653838 0.0989254
9.9982E-05 0.00441353 9.9982E-05 0.482765 0.125298 0.207212 0.0149456 0.165166
0.13555 0.581004 9.9964E-05 9.9964E-05 0.213638 9.9964E-05 0.0694082 9.9964E-05
9.994E-05 9.994E-05 9.994E-05 9.994E-05 0.9993 9.994E-05 9.994E-05 9.994E-05
9.9982E-05 0.154635 0.0642489 0.205335 0.101156 0.307291 0.167134 9.9982E-05
9.9973E-05 9.9973E-05 0.0670656 0.320109 0.153806 0.0705371 9.9973E-05 0.388182
0.161507 0.212389 0.0499327 0.0134458 0.225288 9.9991E-05 0.0782882 0.25905
0.0569514 0.0637243 0.182436 0.427056 0.0290786 0.0731953 0.108288 0.0592699
0.0058722 0.167257 9.9973E-05 9.9973E-05 0.465492 0.00263837 9.9973E-05 0.35844
0.00747678 0.2174 9.9991E-05 0.186585 0.123941 0.201959 0.129082 0.133456
0.126313 0.413674 0.0215515 0.235479 0.132437 9.9991E-05 0.00120888 0.0692368
0.0680316 0.207284 9.9991E-05 0.256859 0.209315 0.000332744 0.174058 0.0840197
0.0377103 0.22971 9.9973E-05 9.9973E-05 0.256112 0.0345628 9.9973E-05 0.441605
0.988011 9.9946E-05 0.0113897 9.9946E-05 9.9946E-05 9.9946E-05 9.9946E-05 9.9946E-05
0.0554835 0.408113 0.0339292 0.0687649 0.0502981 0.0584101 9.9991E-05 0.324901
0.0556735 9.9982E-05 0.251175 0.037819 0.584011 0.0223638 0.0487575 9.9982E-05
0.034828 9.9991E-05 0.0497298 0.264617 0.109491 0.182689 0.163966 0.194578
0.0575927 9.9973E-05 9.9973E-05 0.207043 0.232668 0.329148 9.9973E-05 0.173248
9.9964E-05 0.482985 0.0795068 0.0905784 9.9964E-05 0.34653 9.9964E-05 9.9964E-05
0.0291848 9.9973E-05 9.9973E-05 0.273979 0.292159 0.312073 0.0923043 9.9973E-05
0.9993 9.994E-05 9.994E-05 9.994E-05 9.994E-05 9.994E-05 9.994E-05 9.994E-05
0.0575888 0.458548 0.0192773 0.252499 9.9982E-05 0.11489 0.0969968 9.9982E-05
0.17839 9.9991E-05 0.0618927 0.0753104 0.212477 0.339947 0.0784661 0.0534173
0.0416516 0.141008 9.9964E-05 0.562992 9.9964E-05 0.253948 9.9964E-05 9.9964E-05
9.9982E-05 0.358753 0.0799872 9.9982E-05 0.322441 0.0648263 0.0136307 0.160162
