0.612293 9.9991E-05 0.205197 0.18241
0.411976 9.9991E-05 0.458645 0.129279
0.517945 0.00498317 0.0722433 0.404829
0.251519 0.089879 0.324614 0.333989
0.309739 9.9991E-05 0.378702 0.311459
0.665854 0.164268 9.9991E-05 0.169778
0.291207 9.99911E-05 0.499271 0.209423
0.892571 9.99821E-05 0.107229 9.99821E-05
9.999E-05 0.425253 0.497951 0.0766964
0.248451 0.41964 0.300175 0.0317337
0.0659417 0.494337 0.208262 0.23146
0.343672 9.99911E-05 0.53683 0.119398
0.302541 0.0313718 0.362403 0.303684
0.513656 9.9991E-05 0.229189 0.257055
0.374447 0.057121 0.568332 9.99911E-05
0.248821 9.99911E-05 0.270493 0.480586
0.412215 0.0402526 0.38869 0.158842
0.151808 0.265938 0.458889 0.123365
0.27487 0.175518 0.549511 9.9991E-05
0.873535 0.126265 9.99821E-05 9.99821E-05
0.326925 0.493878 0.179097 9.99911E-05
0.107196 0.0950547 0.480605 0.317144
0.28015 0.192359 0.18887 0.338621
9.9991E-05 0.0572365 0.0601682 0.882495
9.99821E-05 0.470843 9.99821E-05 0.528957
0.352123 0.0381263 0.140386 0.469364
0.0173528 0.123794 0.774381 0.084473
0.274296 0.206253 0.518103 0.00134744
0.552449 0.373211 0.0742406 9.9991E-05
9.9991E-05 0.0262724 0.069585 0.904043
0.144622 0.35821 0.497068 9.9991E-05
0.719988 9.99821E-05 0.279812 9.99821E-05
0.0705512 0.721939 0.20741 9.99911E-05
0.673028 9.99911E-05 0.232975 0.0938974
0.267944 9.9991E-05 0.23073 0.501226
0.672078 0.0477815 0.280041 9.99911E-05
0.587676 0.0296055 0.267021 0.115697
0.0341575 0.625715 0.098159 0.241969
0.671043 9.99911E-05 0.076343 0.252514
0.462161 0.270475 0.111729 0.155636
9.99911E-05 0.0465733 0.575762 0.377565
9.99911E-05 0.19889 0.540485 0.260525
0.471409 0.119371 0.242256 0.166964
0.205789 0.244505 0.317681 0.232026
0.568286 9.99821E-05 0.431514 9.99821E-05
0.657219 0.0486855 0.219296 0.0747993
0.606628 0.0274381 0.21634 0.149594
0.218047 0.282518 0.499335 9.9991E-05
0.850894 0.109165 0.0398412 9.99911E-05
0.924815 9.9982E-05 0.0749855 9.9982E-05
0.526603 0.0124076 9.9991E-05 0.46089
0.21456 0.548832 0.236509 9.9991E-05
0.0124507 0.138452 0.411496 0.437601
0.684748 0.0597301 0.00991973 0.245602
0.302564 0.169072 0.528264 9.99911E-05
0.0977503 0.188172 0.713978 9.99911E-05
0.227164 0.0182593 0.231523 0.523054
9.99822E-05 0.108955 0.890845 9.99822E-05
0.35427 0.225696 0.357524 0.0625107
0.550685 0.136623 0.312593 9.9991E-05
0.512574 0.260525 0.109848 0.117053
0.0402502 9.9991E-05 0.696166 0.263484
9.99821E-05 0.196038 0.803762 9.99821E-05
0.395407 9.99821E-05 9.99821E-05 0.604393
0.594862 9.99911E-05 0.0976991 0.307339
0.169119 0.274958 0.426574 0.129349
0.648324 9.9982E-05 9.9982E-05 0.351476
0.341447 9.9991E-05 0.657349 0.00110365
0.646205 0.00335924 0.350336 9.9991E-05
0.577093 0.30465 0.015144 0.103113
0.218984 0.217778 0.563139 9.9991E-05
0.0475008 0.0363373 0.645191 0.270971
0.444356 9.99911E-05 0.3701 0.185444
0.6354 9.99821E-05 0.3644 9.99821E-05
0.716189 9.99822E-05 9.99822E-05 0.283611
0.458315 9.9991E-05 0.540463 0.00112212
9.99911E-05 0.0969835 0.341436 0.56148
9.9991E-05 0.415457 0.494927 0.0895161
0.209601 0.229936 0.145325 0.415138
0.483567 0.215679 0.258148 0.0426056
0.725997 9.99821E-05 0.273803 9.99821E-05
0.366308 0.325805 0.0216667 0.28622
0.616957 0.214277 0.147905 0.0208612
0.416498 0.360012 9.99911E-05 0.22339
0.281931 9.9991E-05 0.557405 0.160564
0.431131 9.9991E-05 0.546826 0.0219432
0.294307 0.249845 0.433268 0.0225804
0.121952 9.9991E-05 0.104486 0.773462
0.331256 0.400284 9.99911E-05 0.26836
0.371402 0.325145 0.190225 0.113228
9.998E-05 9.998E-05 9.998E-05 0.9997
0.490179 9.99911E-05 0.278487 0.231234
0.283432 0.0651039 0.558184 0.09328
0.187556 0.444668 0.117843 0.249933
0.121915 0.0440924 0.822919 0.011074
0.406657 0.162888 0.308645 0.12181
0.333101 0.21168 0.258389 0.196829
0.208023 0.144995 0.646882 9.9991E-05
0.358159 9.99821E-05 9.99821E-05 0.641641
0.0874236 0.099189 0.155242 0.658145
9.99911E-05 0.152981 0.495579 0.351339
9.99821E-05 0.0982074 9.99821E-05 0.901593
9.99911E-05 0.817941 0.173938 0.00802135
9.99821E-05 0.9085 9.99821E-05 0.0913002
0.895617 9.99821E-05 0.104183 9.99821E-05
0.302719 9.9991E-05 0.51232 0.184861
0.6393 0.136771 0.223829 9.9991E-05
0.740877 0.258923 9.99821E-05 9.99821E-05
0.887793 0.110872 0.00123487 9.99911E-05
0.468513 0.39149 9.99911E-05 0.139897
0.248465 9.99911E-05 0.342205 0.40923
0.550743 9.9991E-05 0.273759 0.175398
0.255007 9.99821E-05 9.99821E-05 0.744793
0.841874 0.0607524 0.0756431 0.0217305
9.998E-05 9.998E-05 9.998E-05 0.9997
9.99911E-05 0.395465 0.539793 0.0646419
0.548468 9.9991E-05 0.360269 0.0911627
0.455753 0.0532775 0.49087 9.99911E-05
0.181955 0.211317 0.282623 0.324105
0.79517 0.10743 9.9991E-05 0.0972997
9.9991E-05 0.00976301 0.308509 0.681628
0.547429 0.0169844 9.99911E-05 0.435486
0.9997 9.998E-05 9.998E-05 9.998E-05
0.6912 0.0766254 0.232074 9.99911E-05
0.322494 0.362076 0.14456 0.170871
0.179024 0.219963 0.552129 0.0488842
0.213535 0.0154488 0.534476 0.23654
0.684259 0.104444 0.10926 0.102037
0.525543 0.427212 9.99911E-05 0.047145
0.574419 0.197638 0.139076 0.0888666
9.99821E-05 0.391542 0.608258 9.99821E-05
0.484364 0.0855729 0.232335 0.197728
0.209747 0.403104 0.387048 9.99911E-05
0.166274 0.500989 0.332636 9.9991E-05
0.0627836 0.501973 0.435143 9.9991E-05
0.9997 9.998E-05 9.998E-05 9.998E-05
0.945593 0.0542074 9.99821E-05 9.99821E-05
0.921341 0.0784587 9.99822E-05 9.99822E-05
0.073731 0.492579 0.43359 9.99911E-05
0.89244 9.99821E-05 9.99821E-05 0.10736
0.407591 0.313075 0.175351 0.103983
0.0430591 0.412838 0.215693 0.32841
0.23216 0.228257 0.539483 9.9991E-05
9.99911E-05 0.503817 0.302873 0.193211
0.0267691 9.9991E-05 0.18122 0.791911
0.692014 9.9991E-05 0.0902945 0.217591
9.99821E-05 9.99821E-05 0.966164 0.0336356
0.650996 0.199864 9.9991E-05 0.149041
0.425337 9.9991E-05 0.171841 0.402722
9.99911E-05 0.0159165 0.856537 0.127447
0.297863 0.179385 0.375585 0.147168
0.107014 0.103089 0.789796 9.9991E-05
0.599234 9.9991E-05 0.324575 0.0760905
0.400944 0.169404 0.279174 0.150478
0.296773 9.99911E-05 0.128131 0.574997
0.633118 0.262271 0.104511 9.99911E-05
0.343008 0.542139 9.9991E-05 0.114753
0.0968764 0.310717 0.357703 0.234703
0.834984 9.99822E-05 9.99822E-05 0.164816
0.380502 0.225101 0.18626 0.208136
9.998E-05 9.998E-05 0.9997 9.998E-05
0.415182 9.99821E-05 0.584618 9.99821E-05
0.747258 0.120987 0.055085 0.0766702
9.99911E-05 0.186074 0.672701 0.141125
0.134666 0.0359627 0.829271 9.99911E-05
0.475254 9.9991E-05 0.312966 0.211681
0.474529 0.18587 0.251731 0.0878696
0.852213 0.147587 9.99822E-05 9.99822E-05
0.586559 9.99911E-05 0.322411 0.0909294
0.357181 0.191374 0.314098 0.137347
0.651538 9.99911E-05 0.050448 0.297914
0.67537 0.169385 0.155145 9.9991E-05
0.202877 0.289829 0.507194 9.9991E-05
0.585221 0.0509393 0.0824802 0.281359
0.594504 0.0727293 0.129704 0.203063
0.600293 9.99822E-05 0.399507 9.99822E-05
0.474414 9.99911E-05 0.203435 0.322051
9.99821E-05 0.968352 9.99821E-05 0.0314482
0.262819 0.293744 0.362985 0.0804529
0.098061 0.293132 0.608707 9.99911E-05
0.169791 0.153548 0.676561 9.99911E-05
0.189576 0.314689 0.478824 0.0169116
0.299353 9.9991E-05 0.513097 0.18745
0.649649 9.99911E-05 0.270073 0.080178
9.998E-05 0.9997 9.998E-05 9.998E-05
0.367227 9.99822E-05 0.632573 9.99822E-05
0.66065 0.14357 0.174767 0.0210133
0.38755 0.217651 0.0722262 0.322573
0.486307 0.084616 0.158423 0.270654
