0.438437 0.267253 0.29431
0.338348 0.513238 0.148414
0.352845 0.647055 9.99911E-05
0.723717 0.228975 0.0473075
0.550974 9.9991E-05 0.448926
0.638974 0.303013 0.0580124
0.408181 9.99911E-05 0.591719
0.220823 0.292629 0.486549
0.168596 0.0507268 0.780677
0.20807 0.392585 0.399345
0.411232 0.314343 0.274425
0.228076 9.99911E-05 0.771824
0.43791 9.99911E-05 0.56199
0.61396 0.00175057 0.384289
0.132766 0.0768075 0.790426
0.71458 0.0312299 0.254191
0.502716 0.359214 0.138071
0.387556 0.256778 0.355666
9.9991E-05 0.54476 0.45514
0.383421 0.616479 9.9991E-05
0.383754 0.315733 0.300513
0.14354 0.33238 0.52408
0.606207 0.393693 9.9991E-05
0.9998 9.999E-05 9.999E-05
0.586658 0.413242 9.99911E-05
0.576942 9.9991E-05 0.422959
0.0280728 0.094267 0.87766
0.0685514 0.636385 0.295064
9.9991E-05 0.743729 0.256171
0.9998 9.999E-05 9.999E-05
0.156755 0.324647 0.518598
0.319322 0.4032 0.277479
0.0205635 0.593482 0.385954
0.336254 0.434729 0.229017
0.839596 0.0855617 0.0748418
0.460404 9.99911E-05 0.539496
0.351319 0.492079 0.156602
0.0111306 0.988769 9.99911E-05
0.355077 0.391813 0.25311
0.266909 0.732991 9.9991E-05
0.340261 0.116084 0.543655
0.326338 0.0581137 0.615548
0.382303 0.190036 0.42766
0.253143 0.315366 0.431492
0.142705 0.711377 0.145918
0.474921 0.288976 0.236103
0.524793 9.99911E-05 0.475107
9.9991E-05 0.210809 0.789091
0.0774932 0.344202 0.578305
0.585495 0.273012 0.141492
0.794625 0.205275 9.9991E-05
0.110426 0.783244 0.10633
0.511996 0.189161 0.298843
0.298729 0.5424 0.158871
0.0461237 0.311248 0.642628
9.99911E-05 0.155211 0.844689
0.578494 9.9991E-05 0.421406
0.0420695 9.99911E-05 0.957831
0.103311 0.227966 0.668723
0.32786 0.298255 0.373885
0.338153 0.49832 0.163527
0.548734 9.9991E-05 0.451166
0.0878731 0.148638 0.763489
0.805223 0.194677 9.99911E-05
0.511236 0.190496 0.298267
0.168877 0.187645 0.643478
0.817833 0.182067 9.99911E-05
0.151959 0.168383 0.679657
9.9991E-05 0.533904 0.465996
0.128322 0.374566 0.497112
0.197875 0.166475 0.63565
0.0669168 9.99911E-05 0.932983
0.274733 0.497329 0.227938
0.102866 0.347418 0.549717
0.759506 0.240394 9.99911E-05
0.305646 0.0427632 0.651591
0.452497 9.99911E-05 0.547403
0.0847932 0.334082 0.581124
0.225895 0.422619 0.351486
0.0978941 0.315061 0.587045
0.44769 0.496683 0.0556276
0.45202 0.344786 0.203193
0.23916 0.587654 0.173186
0.316917 0.591809 0.0912736
0.491636 0.0217211 0.486643
0.376123 0.30438 0.319498
0.0476139 0.497734 0.454652
0.977282 9.99911E-05 0.0226175
0.341139 0.658761 9.99911E-05
9.99911E-05 0.549062 0.450838
0.9998 9.999E-05 9.999E-05
0.707898 9.99911E-05 0.292002
0.592196 0.00984837 0.397955
0.391078 0.403806 0.205116
0.0667207 9.9991E-05 0.933179
0.341079 0.278828 0.380093
0.429685 0.0364245 0.53389
0.00288658 0.146097 0.851017
0.759764 0.240136 9.9991E-05
0.942761 0.0180506 0.0391888
0.467184 9.99911E-05 0.532716
0.9998 9.999E-05 9.999E-05
0.0892332 0.896142 0.0146248
0.0796092 0.920291 9.99911E-05
0.304878 0.549305 0.145816
0.451863 0.134163 0.413973
0.300129 0.283959 0.415912
0.253185 0.740234 0.00658024
0.21934 0.485516 0.295143
0.0868324 0.913068 9.99911E-05
0.485575 0.0175344 0.49689
0.572463 9.99911E-05 0.427437
0.680627 0.319273 9.99911E-05
0.110225 0.630872 0.258903
0.9998 9.999E-05 9.999E-05
0.0116562 0.199232 0.789112
0.384662 0.194127 0.421211
0.159118 0.45434 0.386542
0.27889 0.442473 0.278636
0.438415 0.561485 9.9991E-05
0.811615 9.99911E-05 0.188285
0.83816 0.128146 0.0336935
0.407772 0.367901 0.224327
0.104638 0.475955 0.419407
0.349524 0.261552 0.388924
0.233464 0.0123597 0.754176
0.282762 9.99911E-05 0.717138
0.426748 0.364504 0.208748
0.359872 0.640028 9.99911E-05
0.472412 0.337738 0.18985
0.0127014 0.0272886 0.96001
0.381842 0.248501 0.369656
9.99911E-05 0.489483 0.510417
9.9991E-05 0.837405 0.162495
0.235333 0.55728 0.207386
0.495532 0.417289 0.0871795
0.0555479 0.8469 0.0975524
0.0909066 0.908993 9.99911E-05
9.99911E-05 0.368629 0.631271
0.335477 0.526135 0.138388
0.412477 0.52668 0.0608434
0.177532 0.714862 0.107605
0.240932 0.15001 0.609058
0.0397639 0.379985 0.580251
0.991106 0.000614265 0.00827977
0.397612 0.365634 0.236754
0.224852 9.99911E-05 0.775048
0.412799 0.486462 0.100739
0.736306 0.0855913 0.178103
0.298024 0.363685 0.338291
0.0818859 0.503314 0.4148
9.9991E-05 0.0881407 0.911759
0.262257 0.357717 0.380027
0.264842 0.326668 0.408489
0.9998 9.999E-05 9.999E-05
0.0316282 0.635902 0.33247
0.201419 0.798481 9.99911E-05
0.0442018 9.99911E-05 0.955698
0.471844 0.402835 0.125321
0.418407 0.550866 0.0307268
0.158081 9.99911E-05 0.841819
0.106813 9.9991E-05 0.893087
0.343459 0.413416 0.243125
0.121523 9.99911E-05 0.878377
9.999E-05 9.999E-05 0.9998
0.63954 0.186699 0.17376
0.32096 0.261913 0.417127
9.999E-05 0.9998 9.999E-05
0.507586 9.99911E-05 0.492314
0.493705 0.159829 0.346466
0.277815 0.613769 0.108416
0.168232 0.621948 0.20982
9.9991E-05 0.628442 0.371458
0.714614 0.166598 0.118788
0.457818 0.375335 0.166847
0.173294 0.265931 0.560776
0.437432 0.301835 0.260734
0.245856 0.754044 9.99911E-05
0.27254 0.360417 0.367043
9.99911E-05 0.16329 0.83661
0.11416 9.99911E-05 0.88574
0.120725 0.27856 0.600715
0.575596 9.9991E-05 0.424304
0.391948 0.330272 0.27778
9.999E-05 0.9998 9.999E-05
0.0671712 0.084963 0.847866
0.114748 0.633572 0.25168
0.49184 0.50806 9.9991E-05
0.60967 0.39023 9.9991E-05
