9.99372E-05 9.99372E-05 9.99372E-05 0.20912 9.99372E-05 0.699208 9.99372E-05 9.99372E-05 0.0909719 9.99372E-05
0.155033 0.167599 9.99731E-05 0.0394793 9.99731E-05 0.0749987 0.176949 0.126261 0.259379 9.99731E-05
0.158417 9.99552E-05 9.99552E-05 9.99552E-05 0.197033 9.99552E-05 0.197346 0.073061 9.99552E-05 0.373643
9.99641E-05 9.99641E-05 0.420082 9.99641E-05 0.0931554 0.383519 0.036636 0.0564394 9.99641E-05 0.00976774
9.99461E-05 0.502453 9.99461E-05 9.99461E-05 9.99461E-05 0.222288 0.172151 0.10251 9.99461E-05 9.99461E-05
9.99551E-05 0.33794 0.0478333 9.99551E-05 0.140744 0.405907 0.0670757 9.99551E-05 9.99551E-05 9.99551E-05
0.00249414 0.221934 0.18017 0.124997 9.99731E-05 9.99731E-05 0.173038 0.0805059 0.21656 9.99731E-05
0.0214258 0.181198 9.99552E-05 9.99552E-05 9.99552E-05 0.323623 9.99552E-05 0.0430212 9.99552E-05 0.430232
9.99462E-05 0.134884 0.171783 9.99462E-05 9.99462E-05 9.99462E-05 0.16667 9.99462E-05 0.526063 9.99462E-05
9.99462E-05 9.99462E-05 9.99462E-05 0.310215 0.219966 0.0964503 9.99462E-05 9.99462E-05 9.99462E-05 0.372769
9.9964E-05 9.9964E-05 9.9964E-05 9.9964E-05 0.190248 0.322651 0.0645602 0.0605461 0.0794387 0.282156
9.99462E-05 0.349139 0.308577 9.99462E-05 9.99462E-05 9.99462E-05 9.99462E-05 0.0465972 9.99462E-05 0.295087
9.99642E-05 0.361932 0.118787 9.99642E-05 9.99642E-05 0.294115 0.0270732 9.99642E-05 0.135599 0.0620936
9.99551E-05 0.462202 9.99551E-05 0.0986863 9.99551E-05 0.30461 0.0167817 0.11722 9.99551E-05 9.99551E-05
0.0365346 0.0997584 0.862554 9.99462E-05 9.99462E-05 9.99462E-05 9.99462E-05 9.99462E-05 0.000553524 9.99462E-05
0.00261464 0.0121369 0.507348 9.99642E-05 9.99642E-05 0.10801 0.169128 0.200363 9.99642E-05 9.99642E-05
9.99641E-05 0.266097 0.251337 9.99641E-05 0.158566 0.222325 0.0521864 9.99641E-05 9.99641E-05 0.0490888
0.133613 9.99551E-05 0.276171 0.3039 0.0673715 9.99551E-05 9.99551E-05 0.218445 9.99551E-05 9.99551E-05
9.99461E-05 9.99461E-05 9.99461E-05 0.00890961 9.99461E-05 0.261125 9.99461E-05 9.99461E-05 0.61084 0.118526
0.407724 0.185223 9.9973E-05 0.0546081 9.9973E-05 0.223992 0.0125912 0.0690456 9.9973E-05 0.0465167
9.99373E-05 9.99373E-05 9.99373E-05 0.765993 0.225314 0.00799368 9.99373E-05 9.99373E-05 9.99373E-05 9.99373E-05
0.0425447 9.99551E-05 9.99551E-05 9.99551E-05 9.99551E-05 0.0934745 0.14788 9.99551E-05 0.427714 0.287887
0.124152 0.0417161 0.243664 9.997E-05 0.16548 0.168075 0.0668212 0.189792 9.997E-05 9.997E-05
9.99461E-05 0.24802 9.99461E-05 9.99461E-05 9.99461E-05 0.282491 0.3352 0.133689 9.99461E-05 9.99461E-05
0.131085 9.99642E-05 9.99642E-05 9.99642E-05 0.300092 0.354351 0.185389 0.0163219 9.99642E-05 0.0123597
9.99462E-05 9.99462E-05 9.99462E-05 9.99462E-05 9.99462E-05 0.805086 0.0598106 0.0824748 0.0520294 9.99462E-05
9.9955E-05 9.9955E-05 9.9955E-05 0.300384 9.9955E-05 9.9955E-05 0.0238958 0.25699 0.0914256 0.326805
9.99374E-05 9.99374E-05 9.99374E-05 9.99374E-05 9.99374E-05 0.368913 9.99374E-05 0.0118528 0.618535 9.99374E-05
0.061114 0.0713847 9.9964E-05 9.9964E-05 0.27346 9.9964E-05 9.9964E-05 0.0109628 0.110492 0.472186
0.0403975 9.99641E-05 0.0374782 9.99641E-05 9.99641E-05 0.124203 0.729302 9.99641E-05 0.0325675 0.0356527
0.158823 0.214284 9.99641E-05 0.32118 0.0351144 9.99641E-05 9.99641E-05 0.154101 0.116097 9.99641E-05
0.408949 0.240516 0.0096955 0.000877264 9.99731E-05 9.99731E-05 0.0147789 0.0910467 9.99731E-05 0.233837
0.151885 9.99551E-05 9.99551E-05 0.268574 0.133168 9.99551E-05 0.209479 9.99551E-05 0.236395 9.99551E-05
0.0946766 0.352466 0.00540559 9.996E-05 9.996E-05 0.241773 0.0743653 9.996E-05 9.996E-05 0.230914
9.99371E-05 9.99371E-05 9.99371E-05 9.99371E-05 9.99371E-05 0.719504 0.148869 0.130927 9.99371E-05 9.99371E-05
9.99372E-05 0.0415919 9.99372E-05 0.683819 9.99372E-05 0.273889 9.99372E-05 9.99372E-05 9.99372E-05 9.99372E-05
0.373372 0.0676808 9.99641E-05 9.99641E-05 9.99641E-05 9.99641E-05 0.0231046 0.262678 0.220489 0.0522767
9.99462E-05 9.99462E-05 9.99462E-05 9.99462E-05 0.305894 9.99462E-05 0.341593 0.00828995 0.343623 9.99462E-05
0.105137 0.0834077 0.0107364 0.111197 0.00332823 0.427097 9.99821E-05 0.0244497 0.234447 9.99821E-05
0.135516 0.0987716 0.0844477 9.99731E-05 0.195623 0.368306 9.99731E-05 0.00861353 9.99731E-05 0.108422
9.99731E-05 0.0171551 0.0681992 0.196246 9.99731E-05 9.99731E-05 0.238822 0.068295 0.319838 0.0911448
0.110981 9.99642E-05 0.193708 0.546996 0.0618047 9.99642E-05 0.0854037 9.99642E-05 0.000706241 9.99642E-05
0.0136502 0.236 9.9964E-05 0.354944 9.9964E-05 0.17504 9.9964E-05 0.00955467 9.9964E-05 0.210411
0.11698 9.99553E-05 0.166144 9.99553E-05 0.000466244 0.469043 9.99553E-05 9.99553E-05 0.246867 9.99553E-05
0.203994 0.146027 9.99731E-05 9.99731E-05 0.00459843 0.0585135 9.99731E-05 0.0249038 0.120912 0.440751
0.230304 9.99731E-05 0.322726 0.123574 0.0255678 0.219938 0.00214214 0.075449 9.99731E-05 9.99731E-05
0.00729043 9.99551E-05 0.486043 0.196217 9.99551E-05 0.0590388 9.99551E-05 9.99551E-05 9.99551E-05 0.250911
9.9973E-05 0.160316 0.131449 0.232942 0.0792872 0.0350341 9.9973E-05 0.0574737 9.9973E-05 0.303198
0.288667 9.99374E-05 0.250373 9.99374E-05 9.99374E-05 9.99374E-05 9.99374E-05 9.99374E-05 9.99374E-05 0.46026
0.0414598 9.99461E-05 9.99461E-05 9.99461E-05 9.99461E-05 0.618934 9.99461E-05 0.1436 9.99461E-05 0.195406
9.99371E-05 0.0705192 9.99371E-05 9.99371E-05 9.99371E-05 0.857713 0.0710686 9.99371E-05 9.99371E-05 9.99371E-05
9.99731E-05 0.336662 9.99731E-05 0.119462 0.401944 0.0608436 9.99731E-05 0.0234929 0.00683866 0.0504568
9.99551E-05 9.99551E-05 0.0870694 9.99551E-05 9.99551E-05 0.379531 0.249016 9.99551E-05 0.24622 0.0376631
0.0678625 9.99552E-05 0.405267 9.99552E-05 0.268947 0.139266 0.118157 9.99552E-05 9.99552E-05 9.99552E-05
0.0738709 0.609221 9.99463E-05 9.99463E-05 9.99463E-05 9.99463E-05 9.99463E-05 0.0616944 0.254615 9.99463E-05
0.014858 9.99731E-05 0.180993 9.99731E-05 9.99731E-05 0.0812983 0.00774058 0.187329 0.526098 0.00138242
9.9973E-05 0.120605 9.9973E-05 9.9973E-05 0.0421846 0.379582 0.111775 0.0984001 0.228686 0.0184669
9.99375E-05 0.713621 9.99375E-05 9.99375E-05 9.99375E-05 9.99375E-05 9.99375E-05 9.99375E-05 0.0356167 0.250062
0.191181 0.222617 0.104515 9.9964E-05 9.9964E-05 0.202504 9.9964E-05 0.183966 0.0948176 9.9964E-05
9.99371E-05 9.99371E-05 9.99371E-05 0.327389 0.15047 0.521442 9.99371E-05 9.99371E-05 9.99371E-05 9.99371E-05
9.99463E-05 9.99463E-05 9.99463E-05 9.99463E-05 0.178319 0.779586 9.99463E-05 9.99463E-05 0.0254777 0.0160171
0.0342393 9.9973E-05 0.239367 0.239058 9.9973E-05 0.168829 0.112101 0.168339 9.9973E-05 0.0377682
9.99551E-05 0.0476123 0.00189461 9.99551E-05 9.99551E-05 0.233974 9.99551E-05 9.99551E-05 0.258387 0.457632
0.0112934 9.99463E-05 9.99463E-05 9.99463E-05 9.99463E-05 0.448292 0.415193 0.124622 9.99463E-05 9.99463E-05
0.435048 0.0394455 9.99641E-05 0.00410516 9.99641E-05 0.224715 0.048234 9.99641E-05 9.99641E-05 0.248053
9.99551E-05 9.99551E-05 0.0363481 0.0783486 9.99551E-05 9.99551E-05 0.0973155 9.99551E-05 0.400544 0.386944
9.99552E-05 9.99552E-05 0.0128505 0.0392511 9.99552E-05 0.85837 0.0785939 0.0104345 9.99552E-05 9.99552E-05
9.995E-05 9.995E-05 0.176632 9.995E-05 9.995E-05 0.466096 9.995E-05 0.158197 0.143289 0.0552861
0.0889008 9.99641E-05 0.133497 9.99641E-05 9.99641E-05 0.427684 9.99641E-05 0.0418576 0.130919 0.176742
9.99462E-05 9.99462E-05 9.99462E-05 0.280612 9.99462E-05 0.399975 9.99462E-05 9.99462E-05 0.115933 0.20288
9.99551E-05 0.330898 0.323431 0.129119 0.107134 9.99551E-05 9.99551E-05 0.108918 9.99551E-05 9.99551E-05
9.99641E-05 9.99641E-05 0.294728 0.318221 9.99641E-05 9.99641E-05 0.0533871 0.0155844 0.0255415 0.292138
0.129234 0.604319 9.99375E-05 9.99375E-05 9.99375E-05 9.99375E-05 9.99375E-05 0.265748 9.99375E-05 9.99375E-05
0.172312 9.99642E-05 0.142403 9.99642E-05 9.99642E-05 0.199946 9.99642E-05 0.0397258 0.198213 0.247
0.12435 0.33442 9.99554E-05 9.99554E-05 0.0412198 0.472059 0.027451 9.99554E-05 9.99554E-05 9.99554E-05
0.299865 0.234089 0.128793 0.0603631 9.99641E-05 0.208694 9.99641E-05 0.0677949 9.99641E-05 9.99641E-05
9.99201E-05 9.99201E-05 0.999101 9.99201E-05 9.99201E-05 9.99201E-05 9.99201E-05 9.99201E-05 9.99201E-05 9.99201E-05
9.9982E-05 0.00312062 9.9982E-05 0.0390691 0.126625 0.101512 0.0330474 0.191481 0.249105 0.255841
0.0145137 9.99641E-05 9.99641E-05 9.99641E-05 0.129981 0.454227 9.99641E-05 0.00436651 0.312757 0.0837549
0.008385 0.811469 0.0942912 9.99552E-05 0.0200435 9.99552E-05 9.99552E-05 0.0653113 9.99552E-05 9.99552E-05
9.99552E-05 0.0740793 9.99552E-05 9.99552E-05 0.0374021 0.318227 9.99552E-05 0.309624 9.99552E-05 0.260168
9.99642E-05 0.0387885 9.99642E-05 9.99642E-05 0.125154 0.334368 0.111365 9.99642E-05 0.128223 0.261701
0.169837 9.99462E-05 9.99462E-05 0.751539 9.99462E-05 0.0273586 9.99462E-05 9.99462E-05 0.0506654 9.99462E-05
0.437075 9.99551E-05 0.176058 9.99551E-05 9.99551E-05 9.99551E-05 0.167751 9.99551E-05 0.116745 0.101872
9.9973E-05 0.137439 0.324721 0.243715 9.9973E-05 0.0535746 0.138948 0.029208 9.9973E-05 0.072095
9.9955E-05 9.9955E-05 0.285094 0.444724 9.9955E-05 0.171126 9.9955E-05 0.0541358 9.9955E-05 0.044421
9.99641E-05 0.254479 9.99641E-05 0.426192 0.0171599 9.99641E-05 9.99641E-05 0.104311 0.186651 0.0108082
9.99462E-05 0.370834 9.99462E-05 9.99462E-05 9.99462E-05 0.142447 0.433448 9.99462E-05 9.99462E-05 0.0526718
0.0426481 9.99642E-05 0.0320744 9.99642E-05 0.140889 0.217339 0.116163 9.99642E-05 0.450487 9.99642E-05
9.99461E-05 9.99461E-05 9.99461E-05 9.99461E-05 0.0612338 9.99461E-05 0.106057 9.99461E-05 0.320904 0.511206
0.10656 0.0195397 0.213288 9.99553E-05 9.99553E-05 0.000679799 0.659433 9.99553E-05 9.99553E-05 9.99553E-05
9.99375E-05 0.256218 9.99375E-05 0.595526 9.99375E-05 0.147556 9.99375E-05 9.99375E-05 9.99375E-05 9.99375E-05
9.99642E-05 0.0122114 9.99642E-05 0.369535 9.99642E-05 9.99642E-05 0.278559 0.00293639 0.000537278 0.335821
9.99641E-05 0.442284 0.0164926 0.105739 0.326277 0.0859148 0.0228931 9.99641E-05 9.99641E-05 9.99641E-05
9.99641E-05 0.0518665 0.0194589 0.417267 9.99641E-05 9.99641E-05 0.116219 0.00322747 9.99641E-05 0.391561
9.99641E-05 0.472548 0.102991 0.0388172 0.0457813 0.300639 9.99641E-05 0.0388237 9.99641E-05 9.99641E-05
9.99731E-05 0.277693 9.99731E-05 0.328621 0.0179654 0.276487 0.050949 0.0141704 9.99731E-05 0.0338136
9.99282E-05 9.99282E-05 0.664866 0.334334 9.99282E-05 9.99282E-05 9.99282E-05 9.99282E-05 9.99282E-05 9.99282E-05
0.0931861 9.99551E-05 9.99551E-05 0.0889727 9.99551E-05 0.434768 0.32333 0.0592438 9.99551E-05 9.99551E-05
9.9982E-05 0.0807834 0.128467 0.193395 0.0270071 0.122549 0.405762 0.0305808 9.9982E-05 0.0112565
9.99642E-05 0.360577 9.99642E-05 0.0728859 9.99642E-05 0.167066 0.0231791 0.0111217 0.36477 9.99642E-05
9.99283E-05 9.99283E-05 9.99283E-05 9.99283E-05 9.99283E-05 9.99283E-05 0.891228 0.107973 9.99283E-05 9.99283E-05
9.99551E-05 9.99551E-05 9.99551E-05 0.000897714 0.211777 9.99551E-05 0.118997 9.99551E-05 0.639502 0.0283264
9.99282E-05 9.99282E-05 9.99282E-05 9.99282E-05 0.974115 9.99282E-05 0.0250851 9.99282E-05 9.99282E-05 9.99282E-05
0.111208 0.0139743 0.00288276 0.0120378 9.99641E-05 0.526006 9.99641E-05 9.99641E-05 9.99641E-05 0.333492
9.99641E-05 0.119268 0.273972 9.99641E-05 9.99641E-05 0.227614 0.101746 9.99641E-05 0.188643 0.0883582
0.127899 0.521903 9.99551E-05 0.128616 9.99551E-05 9.99551E-05 9.99551E-05 9.99551E-05 0.00831625 0.212767
0.136625 0.00558001 9.99642E-05 0.0204011 0.170123 0.620426 9.99642E-05 9.99642E-05 0.0464447 9.99642E-05
0.132647 9.99464E-05 0.234476 9.99464E-05 0.0244474 0.60783 9.99464E-05 9.99464E-05 9.99464E-05 9.99464E-05
0.12289 9.99642E-05 9.99642E-05 0.136132 0.353783 9.99642E-05 0.145956 0.0338755 0.206964 9.99642E-05
0.0962334 9.99462E-05 9.99462E-05 0.347739 9.99462E-05 9.99462E-05 0.493947 0.0614806 9.99462E-05 9.99462E-05
0.192208 9.99552E-05 0.0640728 9.99552E-05 9.99552E-05 0.666409 0.0162034 0.0606065 9.99552E-05 9.99552E-05
0.0193685 0.289744 9.99552E-05 0.0386641 9.99552E-05 0.362799 0.288924 9.99552E-05 9.99552E-05 9.99552E-05
0.467596 0.0931498 9.99641E-05 9.99641E-05 9.99641E-05 0.221251 0.0280426 0.0223298 9.99641E-05 0.167231
9.99282E-05 9.99282E-05 9.99282E-05 9.99282E-05 9.99282E-05 9.99282E-05 0.987388 9.99282E-05 9.99282E-05 0.0118125
9.99463E-05 0.347819 0.148422 9.99463E-05 0.274661 9.99463E-05 9.99463E-05 9.99463E-05 0.228499 9.99463E-05
9.99372E-05 9.99372E-05 0.161284 9.99372E-05 9.99372E-05 0.523034 9.99372E-05 9.99372E-05 9.99372E-05 0.314983
9.99373E-05 0.00376447 9.99373E-05 9.99373E-05 9.99373E-05 0.00400316 9.99373E-05 9.99373E-05 9.99373E-05 0.991533
0.23686 9.9955E-05 9.9955E-05 9.9955E-05 9.9955E-05 9.9955E-05 0.191411 0.185206 0.185769 0.200256
0.274483 0.0610187 0.155672 0.209596 0.0320774 0.0428934 0.111455 0.0597359 0.0529684 9.9991E-05
0.0809892 9.99641E-05 0.209051 9.99641E-05 9.99641E-05 0.116781 0.464704 0.0888735 9.99641E-05 0.0392011
9.99641E-05 0.501076 9.99641E-05 0.0092775 0.09812 0.133733 0.117392 9.99641E-05 0.140001 9.99641E-05
0.349823 0.225641 0.0450974 9.9964E-05 0.150055 0.14967 0.0793136 9.9964E-05 9.9964E-05 9.9964E-05
0.592938 0.0623832 9.99551E-05 0.231127 0.00536785 9.99551E-05 9.99551E-05 9.99551E-05 9.99551E-05 0.107685
9.99553E-05 0.13913 0.404223 9.99553E-05 0.119044 0.263418 0.0736855 9.99553E-05 9.99553E-05 9.99553E-05
0.0362729 0.159332 0.0217536 0.0742323 9.9991E-05 0.269673 0.0945359 0.00177866 0.231313 0.111009
9.99463E-05 9.99463E-05 0.0749412 0.619044 9.99463E-05 9.99463E-05 0.166768 9.99463E-05 9.99463E-05 0.138647
9.99373E-05 9.99373E-05 9.99373E-05 9.99373E-05 9.99373E-05 0.495733 9.99373E-05 0.26117 0.242398 9.99373E-05
0.158052 9.99553E-05 9.99553E-05 0.117389 0.239614 0.434448 0.0499963 9.99553E-05 9.99553E-05 9.99553E-05
9.99821E-05 0.134219 9.99821E-05 0.128479 0.131573 0.137422 0.145059 0.086859 0.0666066 0.169583
9.99554E-05 9.99554E-05 0.420169 0.131107 9.99554E-05 0.0906015 9.99554E-05 0.078261 0.279362 9.99554E-05
0.0650576 0.344765 9.9973E-05 0.0733817 0.100123 0.319689 9.9973E-05 0.0336796 9.9973E-05 0.0630041
9.99821E-05 0.0119714 0.0830368 0.0417954 0.108354 0.203165 9.99821E-05 0.00220769 0.0716954 0.477575
0.121988 9.9973E-05 9.9973E-05 0.0576708 0.252547 0.0715667 9.9973E-05 0.0938623 0.36177 0.0402949
0.069057 9.99731E-05 0.00377287 0.491805 0.245296 0.0896173 9.99731E-05 0.0507909 9.99731E-05 0.049361
0.471846 0.0122079 9.99552E-05 0.153105 0.105911 0.25643 9.99552E-05 9.99552E-05 9.99552E-05 9.99552E-05
0.747192 9.99372E-05 9.99372E-05 9.99372E-05 9.99372E-05 0.180257 9.99372E-05 0.0718514 9.99372E-05 9.99372E-05
0.592028 9.99553E-05 9.99553E-05 0.00104066 0.0054218 0.39066 9.99553E-05 0.010349 9.99553E-05 9.99553E-05
9.99552E-05 0.0289634 9.99552E-05 0.182896 9.99552E-05 0.111835 9.99552E-05 0.0799301 0.595876 9.99552E-05
0.178324 9.99371E-05 0.415019 9.99371E-05 9.99371E-05 0.405957 9.99371E-05 9.99371E-05 9.99371E-05 9.99371E-05
0.0281399 0.0677987 9.99732E-05 9.99732E-05 0.18804 0.294312 9.99732E-05 0.155568 0.239501 0.0263416
9.99553E-05 0.20484 0.0272924 0.233355 0.397749 9.99553E-05 0.136263 9.99553E-05 9.99553E-05 9.99553E-05
9.99731E-05 0.24571 9.99731E-05 0.251486 0.055181 0.133299 0.0327535 9.99731E-05 0.175082 0.106189
9.99553E-05 9.99553E-05 9.99553E-05 0.195233 0.083023 9.99553E-05 0.192445 9.99553E-05 0.122548 0.406251
9.99462E-05 9.99462E-05 0.200713 9.99462E-05 9.99462E-05 0.321515 0.386679 0.0904931 9.99462E-05 9.99462E-05
0.228195 0.144913 9.9955E-05 9.9955E-05 9.9955E-05 0.263618 0.0576682 9.9955E-05 0.305106 9.9955E-05
9.99201E-05 9.99201E-05 9.99201E-05 9.99201E-05 9.99201E-05 9.99201E-05 9.99201E-05 0.999101 9.99201E-05 9.99201E-05
9.99462E-05 9.99462E-05 9.99462E-05 9.99462E-05 0.171099 0.422243 0.0183724 9.99462E-05 9.99462E-05 0.387686
9.99552E-05 0.445338 9.99552E-05 0.295109 0.0439261 0.166949 0.0481779 9.99552E-05 9.99552E-05 9.99552E-05
9.99463E-05 9.99463E-05 9.99463E-05 9.99463E-05 0.184628 0.125644 9.99463E-05 0.331602 0.357527 9.99463E-05
0.0788986 0.14048 9.99642E-05 9.99642E-05 0.0275129 9.99642E-05 0.106412 0.17445 0.471846 9.99642E-05
9.994E-05 9.994E-05 0.332845 0.0044616 9.994E-05 9.994E-05 9.994E-05 0.0546182 9.994E-05 0.607476
0.385012 0.150038 9.995E-05 0.0204598 9.995E-05 0.136723 9.995E-05 9.995E-05 9.995E-05 0.307268
0.141526 0.219048 9.99642E-05 0.00400221 9.99642E-05 0.4513 9.99642E-05 0.0327821 0.150942 9.99642E-05
0.300891 0.0369516 9.99642E-05 0.117216 9.99642E-05 0.0648 0.273128 0.206613 9.99642E-05 9.99642E-05
0.204796 0.143525 0.0212975 0.121772 0.216887 0.154147 9.99821E-05 0.127512 9.99821E-05 0.00986439
0.187724 0.413823 9.99552E-05 9.99552E-05 0.245071 0.0563048 9.99552E-05 9.99552E-05 9.99552E-05 0.0965768
9.99554E-05 9.99554E-05 9.99554E-05 0.144174 0.0929598 0.13577 9.99554E-05 0.0596926 9.99554E-05 0.566904
0.158256 9.99373E-05 9.99373E-05 9.99373E-05 9.99373E-05 0.749643 9.99373E-05 9.99373E-05 0.0914013 9.99373E-05
9.99461E-05 9.99461E-05 9.99461E-05 0.012676 9.99461E-05 0.338466 0.192073 9.99461E-05 0.456186 9.99461E-05
9.99201E-05 9.99201E-05 9.99201E-05 9.99201E-05 9.99201E-05 9.99201E-05 9.99201E-05 0.999101 9.99201E-05 9.99201E-05
9.996E-05 9.996E-05 0.0326296 0.139148 9.996E-05 0.361949 9.996E-05 0.16731 0.0505426 0.24802
0.120784 0.405186 9.99461E-05 9.99461E-05 9.99461E-05 0.126226 9.99461E-05 9.99461E-05 9.99461E-05 0.347204
9.99641E-05 9.99641E-05 0.308543 0.0599699 9.99641E-05 0.0169744 9.99641E-05 0.142266 0.449345 0.0225014
9.995E-05 9.995E-05 0.093588 0.0868218 9.995E-05 9.995E-05 9.995E-05 0.125556 0.0331024 0.660432
9.9955E-05 0.142089 0.168478 9.9955E-05 9.9955E-05 0.237865 0.266004 9.9955E-05 9.9955E-05 0.185064
0.358766 9.99731E-05 0.0877118 0.120422 0.0521369 0.322865 9.99731E-05 0.0497766 9.99731E-05 0.00802131
0.881259 9.99282E-05 9.99282E-05 9.99282E-05 9.99282E-05 9.99282E-05 9.99282E-05 9.99282E-05 0.117942 9.99282E-05
9.99286E-05 0.897743 9.99286E-05 9.99286E-05 9.99286E-05 9.99286E-05 9.99286E-05 0.101457 9.99286E-05 9.99286E-05
9.9973E-05 0.287915 0.025737 0.114741 0.0618393 0.400671 0.0836805 9.9973E-05 0.0251166 9.9973E-05
9.99464E-05 9.99464E-05 9.99464E-05 9.99464E-05 0.143971 0.67529 9.99464E-05 9.99464E-05 0.146827 0.0333118
0.516657 0.159358 0.0699926 9.99641E-05 9.99641E-05 0.110233 9.99641E-05 0.0875315 0.0558278 9.99641E-05
0.102674 0.311052 0.335226 9.9955E-05 0.111281 9.9955E-05 9.9955E-05 9.9955E-05 0.139267 9.9955E-05
9.99553E-05 9.99553E-05 0.0158958 0.0851128 0.0363121 0.728047 9.99553E-05 9.99553E-05 9.99553E-05 0.134133
0.0698389 9.99641E-05 0.302768 9.99641E-05 0.0069773 0.570802 0.0281473 9.99641E-05 0.0210666 9.99641E-05
0.15098 0.201841 0.00965847 9.99642E-05 9.99642E-05 0.298508 9.99642E-05 9.99642E-05 0.10109 0.237523
0.0128721 0.170406 0.0735909 0.00777067 9.99911E-05 0.135976 0.227406 0.107866 0.0195956 0.244416
9.99283E-05 9.99283E-05 9.99283E-05 0.0520252 0.947175 9.99283E-05 9.99283E-05 9.99283E-05 9.99283E-05 9.99283E-05
9.99462E-05 9.99462E-05 0.0179016 0.444103 9.99462E-05 0.350064 9.99462E-05 9.99462E-05 0.187332 9.99462E-05
9.99552E-05 9.99552E-05 0.353112 0.111122 0.038273 9.99552E-05 9.99552E-05 0.117122 9.99552E-05 0.379871
9.99463E-05 9.99463E-05 0.0746118 0.684502 9.99463E-05 9.99463E-05 9.99463E-05 0.158759 9.99463E-05 0.0815272
0.22979 9.9955E-05 0.186906 0.423301 9.9955E-05 9.9955E-05 9.9955E-05 0.0191038 0.140399 9.9955E-05
0.0281724 9.99641E-05 0.121954 0.0688492 9.99641E-05 0.607948 0.0337878 9.99641E-05 9.99641E-05 0.138888
0.147503 0.26494 9.99642E-05 9.99642E-05 9.99642E-05 0.265281 0.0597571 0.115024 9.99642E-05 0.147095
9.99201E-05 9.99201E-05 9.99201E-05 9.99201E-05 0.999101 9.99201E-05 9.99201E-05 9.99201E-05 9.99201E-05 9.99201E-05
9.99553E-05 9.99553E-05 0.239015 0.0158587 9.99553E-05 0.347763 9.99553E-05 9.99553E-05 0.169631 0.227233
0.0278914 0.268259 9.99731E-05 9.99731E-05 0.0159697 0.375666 9.99731E-05 0.133502 0.0973795 0.0810334
9.99641E-05 0.0966879 9.99641E-05 9.99641E-05 0.117921 0.459595 0.0389094 0.0508249 0.235661 9.99641E-05
0.0480437 0.3649 0.0473366 0.164746 0.147363 0.0321946 0.159032 0.036184 9.9982E-05 9.9982E-05
