0.051392 9.9964E-05 9.9964E-05 0.800582 0.123041 9.9964E-05 0.0245859 9.9964E-05
0.0980477 0.155011 0.193961 0.10858 0.372396 0.0246741 0.000263076 0.0470669
9.9982E-05 0.142224 0.35014 0.305337 0.142468 0.0493678 0.0102616 9.9982E-05
0.0526709 9.9982E-05 0.408841 0.204905 9.9982E-05 0.0695995 0.0952552 0.168528
9.999E-05 0.138647 0.282541 0.0915421 0.205011 0.129578 0.116899 0.0356822
9.9973E-05 0.0764256 0.805593 0.0207091 9.9973E-05 0.0453564 0.0516164 9.9973E-05
9.9982E-05 0.103401 9.9982E-05 0.486015 0.222706 0.120221 0.0460495 0.0214081
0.187551 0.29696 0.130067 0.20137 0.082735 0.0191328 0.0436109 0.0385723
0.0233328 0.0213195 0.373462 0.292104 0.229099 9.9991E-05 0.0276537 0.032929
9.9982E-05 0.0919591 9.9982E-05 0.252597 0.365751 0.0715614 0.140722 0.0772097
0.0476069 0.534279 9.9982E-05 0.0480206 0.16335 0.0498235 0.15672 9.9982E-05
9.9973E-05 0.367408 0.11761 9.9973E-05 0.402706 0.0439666 9.9973E-05 0.0680092
9.999E-05 0.277982 0.347697 0.128628 0.0388477 0.0326671 0.0633946 0.110684
0.0421228 0.253182 0.151126 0.24878 0.107808 0.104319 0.0606832 0.0319795
0.0610927 0.893305 0.00485804 9.9964E-05 9.9964E-05 0.0403445 9.9964E-05 9.9964E-05
0.484087 0.000996757 0.0580579 0.202215 0.00485001 0.0958002 0.0332894 0.120704
0.0260404 0.896725 9.9955E-05 9.9955E-05 9.9955E-05 9.9955E-05 0.0767343 9.9955E-05
0.13949 0.164861 0.137978 0.22129 0.0398514 0.102022 0.0999127 0.0945945
9.9982E-05 0.0320524 0.250578 0.211595 0.36929 0.0855813 9.9982E-05 0.0507035
0.123414 9.9991E-05 0.215378 0.278387 0.228483 0.0555131 0.0489176 0.0498077
0.0586257 0.0756655 0.130447 0.493898 0.121063 0.0881219 0.0320789 9.9991E-05
9.9955E-05 0.636956 0.35169 0.0108544 9.9955E-05 9.9955E-05 9.9955E-05 9.9955E-05
0.0764418 0.159468 0.317244 0.153237 0.10175 0.134276 0.0336222 0.0239626
0.0347814 9.9973E-05 0.580943 0.138666 0.0776651 9.9973E-05 9.9973E-05 0.167645
9.9973E-05 0.600232 9.9973E-05 0.0385104 0.150526 0.0403066 0.170125 9.9973E-05
0.0963553 0.340306 0.0993198 0.377232 9.9982E-05 9.9982E-05 0.0312846 0.0553022
0.20562 0.253449 9.9991E-05 0.135496 0.188548 0.00210353 0.116864 0.0978204
0.0996333 0.196468 0.113444 0.293904 0.0468971 0.0325241 0.0930367 0.124093
0.0786285 0.553029 0.170343 0.0363663 9.9982E-05 9.9982E-05 0.0790437 0.0823892
0.0949797 0.0179107 0.167497 0.138076 9.99729E-05 9.99729E-05 9.99729E-05 0.581236
0.0947211 0.226224 0.149215 9.9991E-05 0.2907 0.0917724 0.126921 0.0203458
0.067231 0.0286244 9.9991E-05 0.209948 0.566444 0.0264195 0.0892699 0.0119639
0.0278079 0.0771579 0.493505 0.142111 0.0348763 0.0806868 0.0195202 0.124335
0.0867679 0.250693 0.378724 0.135343 0.0297049 0.0644783 0.0541895 9.9991E-05
9.9982E-05 0.386462 0.0482362 0.167993 0.188487 0.0934506 0.115172 9.9982E-05
9.9946E-05 9.9946E-05 9.9946E-05 0.985442 9.9946E-05 0.0139585 9.9946E-05 9.9946E-05
0.0336061 9.9973E-05 0.570601 0.204976 9.9973E-05 0.0198502 0.170667 9.9973E-05
9.9982E-05 0.300489 9.9982E-05 0.410086 0.087699 0.0147551 0.0554932 0.131278
0.072065 0.122742 0.543558 9.9991E-05 0.00364216 0.0666455 0.0916529 0.0995941
0.0740773 9.9991E-05 0.496725 0.0377408 0.285528 0.098308 0.00331048 0.00421078
0.16055 0.15107 0.496527 9.9982E-05 9.9982E-05 0.00908148 0.111213 0.0713582
0.186477 0.136083 0.26095 0.0609469 0.102432 0.121925 0.131086 9.9991E-05
0.144855 0.057884 0.383448 0.157454 0.12744 0.0780052 0.0390944 0.0118202
9.9964E-05 0.0515512 0.343978 0.0951181 0.508953 9.9964E-05 9.9964E-05 9.9964E-05
0.121935 0.100725 9.9991E-05 0.120908 0.536111 0.111195 0.000637986 0.00838783
9.9982E-05 0.23034 0.109348 0.171083 0.300226 0.0362184 0.152585 9.9982E-05
0.122059 0.248311 0.387015 0.195513 0.00715908 9.9982E-05 9.9982E-05 0.0397434
0.215481 9.9991E-05 0.460324 0.0149222 0.207554 0.00483216 0.014806 0.0819802
0.127346 0.183744 0.182483 9.9991E-05 0.331282 0.0877043 0.00353298 0.0838083
0.176279 0.269483 0.179072 0.090056 0.206517 0.0119465 9.9991E-05 0.0665458
0.0538925 0.355842 9.9991E-05 0.188412 0.223001 0.0861282 0.0523491 0.0402747
0.025551 9.9991E-05 0.231123 0.174733 0.363002 0.132009 0.00316043 0.0703219
0.586042 9.9973E-05 0.268634 9.9973E-05 0.051961 0.023712 9.9973E-05 0.0693512
0.177448 0.194801 0.0905982 0.205972 0.00683922 0.037275 0.120956 0.166112
0.0760622 9.9973E-05 0.018132 9.9973E-05 0.742894 0.0118516 9.9973E-05 0.150761
9.9982E-05 0.0764005 0.434023 0.312484 9.9982E-05 0.0960999 0.055114 0.0256792
0.167487 9.99461E-05 9.99461E-05 9.99461E-05 0.831914 9.99461E-05 9.99461E-05 9.99461E-05
9.9973E-05 9.9973E-05 0.372575 9.9973E-05 0.44768 0.0218277 0.0514816 0.106135
0.111101 0.0706459 0.216948 0.0276376 0.323268 0.118713 0.0970366 0.0346496
0.0217521 0.138714 0.00277248 0.174162 0.470411 0.0532736 0.138815 9.9991E-05
9.9964E-05 9.9964E-05 0.934824 9.9964E-05 9.9964E-05 0.0120627 0.00468331 0.0480302
9.9973E-05 0.258321 0.24754 9.9973E-05 0.188073 0.169315 0.13645 9.9973E-05
0.0543935 0.421042 0.181476 0.271435 0.028574 0.0428798 9.9982E-05 9.9982E-05
0.0056759 0.0613819 9.9964E-05 9.9964E-05 9.9964E-05 0.0784008 9.9964E-05 0.854142
0.137756 0.147686 0.133186 0.404941 9.9982E-05 9.9982E-05 0.168709 0.00752243
0.00449901 9.9973E-05 0.0549113 0.896178 9.9973E-05 0.0191354 0.0249765 9.9973E-05
9.9973E-05 9.9973E-05 0.186853 0.271455 0.318332 0.104259 0.1188 9.9973E-05
9.9982E-05 0.254839 0.439131 0.151711 0.0687283 0.0171516 9.9982E-05 0.068239
0.0693679 0.103919 0.242978 0.442334 9.9982E-05 0.0414939 9.9982E-05 0.0997072
0.251932 0.115329 0.0444622 0.221752 0.141902 0.0930367 0.0310429 0.100543
9.9973E-05 9.9973E-05 0.0441286 9.9973E-05 0.865368 0.00695277 0.0638895 0.0193612
9.9973E-05 0.572241 0.214117 0.0900383 9.9973E-05 0.0965456 9.9973E-05 0.026758
0.0243356 0.398727 0.192154 0.0803567 9.9991E-05 0.0994473 0.0092715 0.195608
0.0302089 0.412017 0.261018 9.9991E-05 0.17793 0.0186677 0.0333725 0.0666856
0.0877429 0.532788 9.9982E-05 0.0547266 0.0886198 9.9982E-05 0.173426 0.0624973
0.327003 9.9973E-05 0.0191139 9.9973E-05 0.524079 0.0543399 0.0751639 9.9973E-05
9.9964E-05 0.139216 0.590128 9.9964E-05 0.144347 0.125909 9.9964E-05 9.9964E-05
9.9964E-05 9.9964E-05 0.796992 9.9964E-05 9.9964E-05 0.0463167 0.0994567 0.0568347
0.0661288 9.9982E-05 0.840426 0.0240662 0.0338049 0.000790036 0.0345841 9.9982E-05
0.00237102 0.194265 0.539055 0.00878186 9.9991E-05 0.0742708 0.0330465 0.14811
0.012559 0.106073 0.506299 0.085101 0.115084 0.0971453 0.0339157 0.0438227
9.9982E-05 0.120991 0.441963 0.158502 0.21748 0.033555 0.0273101 9.9982E-05
0.0363086 9.9982E-05 0.18981 0.118118 0.331011 9.9982E-05 0.0988777 0.225675
0.357502 9.9973E-05 0.347627 9.9973E-05 9.9973E-05 0.104099 0.110782 0.0796905
9.9982E-05 0.24747 0.394735 0.0136867 0.214001 0.100747 9.9982E-05 0.0291607
0.11719 9.9991E-05 0.260035 0.188993 0.357392 0.0129141 0.053656 0.00971899
9.9964E-05 0.107258 0.124566 0.748573 9.9964E-05 0.0192032 9.9964E-05 9.9964E-05
9.9973E-05 0.00893613 0.215406 9.9973E-05 0.546518 0.172968 0.055872 9.9973E-05
0.0655786 0.361153 0.0601887 0.190919 9.9991E-05 0.0327605 0.0749077 0.214392
0.0796568 0.18627 0.0416786 0.20913 0.409553 0.0735113 9.9982E-05 9.9982E-05
0.0167008 9.99549E-05 9.99549E-05 9.99549E-05 9.99549E-05 9.99549E-05 0.0518697 0.93093
9.9973E-05 0.611348 9.9973E-05 0.0385768 0.309438 0.0010726 0.0392649 9.9973E-05
0.0220992 9.9982E-05 0.447135 0.344984 9.9982E-05 0.116148 0.0517832 0.0176514
0.247342 0.53094 9.9982E-05 0.0232128 0.0351673 0.0884009 9.9982E-05 0.0747364
0.0106396 0.00515864 0.623651 0.282395 0.0190265 0.0589298 9.9982E-05 9.9982E-05
0.014028 0.113854 0.434608 0.182551 9.9991E-05 0.0209558 0.10958 0.124324
0.172117 0.178519 0.0108621 0.13067 0.440003 9.9982E-05 0.067628 9.9982E-05
9.9982E-05 0.0643149 0.274431 9.9982E-05 0.590496 0.0211277 0.0395634 0.00986637
9.99641E-05 0.428335 9.99641E-05 0.0935427 9.99641E-05 0.0316498 9.99641E-05 0.446073
0.0537795 0.434658 0.1407 0.019352 0.0302897 9.9982E-05 9.9982E-05 0.321021
9.9973E-05 0.250923 0.234179 0.236756 0.125074 9.9973E-05 9.9973E-05 0.152768
9.994E-05 9.994E-05 9.994E-05 9.994E-05 9.994E-05 9.994E-05 9.994E-05 0.9993
0.109683 0.449809 0.230073 9.9991E-05 0.00460827 0.0362841 0.136435 0.0330069
9.99549E-05 9.99549E-05 9.99549E-05 0.0151388 9.99549E-05 0.0146127 0.969749 9.99549E-05
0.24918 0.0839655 0.236644 0.110414 0.178662 0.0611731 0.06112 0.0188416
0.183143 0.336743 0.297126 0.093723 0.0889655 9.9973E-05 9.9973E-05 9.9973E-05
0.12909 0.256409 0.104497 0.26354 0.220863 9.9982E-05 9.9982E-05 0.0254013
0.0792117 0.0241863 0.32974 0.328113 0.0494197 0.0843188 9.9991E-05 0.10491
0.0340697 0.363828 0.25494 9.9982E-05 0.129078 9.9982E-05 0.0895351 0.12835
0.0131641 0.106272 0.28632 0.265957 0.183284 0.079494 0.0284395 0.03707
0.142299 0.137368 0.369108 0.129115 9.9982E-05 0.0613268 0.160584 9.9982E-05
9.9982E-05 0.188829 0.256124 9.9982E-05 0.339321 0.1165 0.0194899 0.0795365
0.258588 0.0635343 0.322708 0.0487983 0.199519 0.0239026 0.0614899 0.0214596
9.99639E-05 0.286156 0.263739 0.103808 9.99639E-05 9.99639E-05 9.99639E-05 0.345897
9.9982E-05 0.0927643 0.458352 0.315541 0.0683957 0.0035779 9.9982E-05 0.0611698
9.9946E-05 9.9946E-05 9.9946E-05 9.9946E-05 0.0178552 9.9946E-05 9.9946E-05 0.981545
0.0852379 0.374682 0.151709 0.21503 0.0603654 9.9982E-05 0.112776 9.9982E-05
0.0879191 9.9991E-05 0.070379 0.549953 0.181463 0.085849 0.0237701 0.000565972
0.137238 9.9964E-05 0.677981 9.9964E-05 0.152902 9.9964E-05 9.9964E-05 0.0314794
9.9982E-05 0.383797 9.9982E-05 0.301691 0.146428 0.0946265 0.027078 0.0461802
0.113663 0.22299 0.311052 0.185045 0.0472194 0.102945 0.00312944 0.0139564
9.9982E-05 0.0562674 0.298795 0.126545 9.9982E-05 0.0776441 0.00124184 0.439307
9.9991E-05 0.33401 0.230532 0.0534816 0.202528 0.133211 0.00535617 0.0407815
0.396261 0.0492443 0.222878 0.0906112 0.129751 0.0113687 0.0997868 9.9991E-05
9.9991E-05 0.0858431 0.0938733 0.035721 0.448643 0.0955007 0.0450459 0.195273
0.0332121 0.38552 0.425175 9.99731E-05 0.0958414 0.0599518 9.99731E-05 9.99731E-05
0.0320158 0.292748 0.239083 0.14199 0.219246 0.0747173 9.9982E-05 9.9982E-05
9.9991E-05 0.158156 0.306523 0.0179871 0.239474 0.00157536 0.0821871 0.193997
0.273924 9.9982E-05 0.244442 0.0581331 0.381424 0.0228537 0.019023 9.9982E-05
0.0388282 0.182562 9.9991E-05 0.368716 0.175358 0.0154392 0.0699169 0.14908
9.9946E-05 0.2819 9.9946E-05 0.717501 9.9946E-05 9.9946E-05 9.9946E-05 9.9946E-05
0.0330944 9.9964E-05 0.783941 9.9964E-05 9.9964E-05 0.134386 0.048178 9.9964E-05
0.0217144 0.129138 0.332711 0.13267 0.125396 0.0119666 0.0237912 0.222613
0.187771 0.151248 0.245729 9.9991E-05 0.0969562 0.141278 0.0580182 0.118899
9.9982E-05 9.9982E-05 0.453399 0.351068 0.0895177 0.0147951 0.0564552 0.034565
0.0175331 0.127679 0.0541723 0.195103 0.425154 0.0971631 0.0830959 9.9991E-05
0.9993 9.994E-05 9.994E-05 9.994E-05 9.994E-05 9.994E-05 9.994E-05 9.994E-05
0.9993 9.994E-05 9.994E-05 9.994E-05 9.994E-05 9.994E-05 9.994E-05 9.994E-05
0.0553766 0.1572 0.0659411 0.158888 0.417479 0.0675745 0.0236333 0.0539076
0.00639802 0.219896 0.469586 0.0059486 0.0752915 0.0110521 0.122439 0.089389
9.9973E-05 0.0739029 0.512137 9.9973E-05 0.277215 0.0571437 0.0793019 9.9973E-05
0.128048 0.411788 0.232244 9.9982E-05 0.038445 0.110467 0.0788089 9.9982E-05
9.9982E-05 0.0965772 0.11787 9.9982E-05 0.49233 0.0387934 0.0804799 0.17375
9.9991E-05 0.186475 0.0357694 0.259289 0.440368 0.0183834 0.00705207 0.0525635
0.0466671 0.156702 0.636282 9.9982E-05 9.9982E-05 0.0201695 0.0672231 0.0727564
9.9973E-05 0.307529 0.144564 0.249985 9.9973E-05 0.0565739 9.9973E-05 0.241048
0.00431015 0.270437 0.123983 0.405322 0.00996006 0.0435255 0.0935939 0.0488687
9.994E-05 9.994E-05 9.994E-05 9.994E-05 9.994E-05 0.9993 9.994E-05 9.994E-05
9.9964E-05 9.9964E-05 0.258688 0.591987 9.9964E-05 0.0554111 0.0935135 9.9964E-05
0.107933 9.9973E-05 0.464217 0.195374 9.9973E-05 0.0500711 0.182105 9.9973E-05
0.126446 0.114632 0.155415 0.0321706 0.452107 0.0748888 0.0442405 9.9991E-05
9.9982E-05 0.0679872 0.44707 0.0946918 0.18303 0.0782366 0.128784 9.9982E-05
0.0228569 0.0357854 0.134175 0.164014 0.353778 0.143437 0.0563811 0.0895737
0.181677 0.38549 0.0133923 0.055828 0.167631 0.0406997 0.0608503 0.0944312
0.0576934 0.210889 0.309866 0.069299 0.166877 0.0857049 0.0286651 0.0710057
0.174501 0.38653 0.115818 0.0677105 9.9991E-05 0.0760919 0.0300825 0.149167
9.9973E-05 9.9973E-05 0.383399 0.132067 0.39445 0.0804737 9.9973E-05 0.00931023
0.171491 0.13111 0.321345 0.181637 9.9991E-05 0.0374971 0.0833798 0.07344
0.114353 9.9955E-05 9.9955E-05 0.773232 9.9955E-05 9.9955E-05 9.9955E-05 0.111914
0.0644206 0.274464 0.431851 0.0686046 9.9991E-05 0.0719636 0.0510912 0.0375057
9.9982E-05 0.380796 0.09906 0.395538 9.9982E-05 0.0522286 0.0245347 0.0476428
9.994E-05 9.994E-05 9.994E-05 9.994E-05 9.994E-05 0.9993 9.994E-05 9.994E-05
0.18593 0.180817 0.0349172 0.156895 9.9982E-05 0.412256 0.028986 9.9982E-05
0.367836 0.0936236 0.36253 0.0155533 0.104117 0.0121879 0.0316232 0.0125292
9.9973E-05 9.9973E-05 0.383554 0.016545 0.5386 0.0333823 0.0276192 9.9973E-05
0.0265538 0.00819095 0.232543 0.559642 9.9991E-05 0.0964409 0.0392023 0.0373269
0.158382 0.240504 0.118377 0.295732 0.128557 0.0566844 0.00166404 9.9991E-05
0.0550159 0.191954 0.144671 0.132841 0.266902 0.0749242 0.133591 9.9991E-05
0.991229 9.99459E-05 9.99459E-05 9.99459E-05 9.99459E-05 0.00817169 9.99459E-05 9.99459E-05
0.0830547 0.350966 0.175614 0.207991 9.9982E-05 0.0614645 9.9982E-05 0.12071
0.175195 9.9973E-05 0.107735 0.0265444 0.525546 9.9973E-05 9.9973E-05 0.16468
0.221255 0.105153 9.9991E-05 0.0277037 0.447107 0.077518 0.0451648 0.0759992
0.00961374 0.152147 0.201355 0.280124 0.0365915 0.0952208 0.0321347 0.192812
0.34152 0.0489739 9.9964E-05 9.9964E-05 0.594872 9.9964E-05 0.0142341 9.9964E-05
0.0334698 9.9973E-05 0.558117 0.261203 0.0424089 0.104502 9.9973E-05 9.9973E-05
0.00322133 0.17968 0.474452 9.9973E-05 0.219274 9.9973E-05 0.123072 9.9973E-05
0.0635887 0.191107 0.0808684 0.297675 0.272123 0.0490243 0.0455141 9.9991E-05
0.294939 0.00356408 0.131167 0.139657 0.385975 0.0202178 0.0243808 9.9991E-05
0.0115885 9.9955E-05 9.9955E-05 9.9955E-05 9.9955E-05 9.9955E-05 0.948315 0.0395971
0.0714044 0.296886 0.00366282 0.0975405 0.453068 9.9991E-05 0.0257013 0.0516367
9.994E-05 0.9993 9.994E-05 9.994E-05 9.994E-05 9.994E-05 9.994E-05 9.994E-05
9.9982E-05 0.296497 0.250125 0.137841 9.9982E-05 0.079886 0.0345271 0.200925
0.202465 9.9991E-05 0.0634535 0.298262 0.289411 0.0658661 0.0293737 0.0510687
0.0600365 0.120291 0.0038605 0.455373 0.128179 9.9982E-05 9.9982E-05 0.23206
0.181221 9.9991E-05 0.0983504 0.425716 0.153098 0.0308996 0.0116477 0.0989671
9.994E-05 9.994E-05 9.994E-05 9.994E-05 9.994E-05 9.994E-05 0.9993 9.994E-05
9.9982E-05 0.177599 0.286958 0.065224 0.371138 0.0886331 9.9982E-05 0.0102481
0.0261226 0.22676 0.0705962 0.150688 0.122883 0.0650768 0.247475 0.0903984
9.9955E-05 0.0380664 0.74921 0.212223 9.9955E-05 9.9955E-05 9.9955E-05 9.9955E-05
0.156449 0.171092 9.9973E-05 0.240186 0.367621 0.0643524 9.9973E-05 9.9973E-05
