0.326384 0.048354 0.186017 9.9991E-05 0.0126816 0.00244766 0.114703 0.309312
9.9973E-05 0.191861 0.409314 9.9973E-05 0.186191 9.9973E-05 0.162344 0.0499898
0.414639 0.0654369 0.0242282 0.178389 0.201651 0.0415179 0.0196321 0.0545056
0.592703 0.00352217 0.0154356 0.0383267 0.25473 0.0360852 9.99911E-05 0.0590966
0.531653 0.140601 9.99731E-05 9.99731E-05 0.021651 0.0685691 0.237225 9.99731E-05
0.67657 9.99641E-05 9.99641E-05 0.238741 0.0701855 9.99641E-05 9.99641E-05 0.0141044
0.284725 0.135082 0.0395899 9.99732E-05 0.231927 9.99732E-05 0.308377 9.99732E-05
0.458253 0.0157781 0.459757 9.99642E-05 9.99642E-05 9.99642E-05 0.0658119 9.99642E-05
9.99731E-05 0.108741 0.0587166 0.138619 0.503428 0.190195 9.99731E-05 9.99731E-05
0.0498851 9.99731E-05 9.99731E-05 0.621113 9.99731E-05 0.0658632 0.00671817 0.256121
0.242272 0.0229607 9.9973E-05 0.446764 9.9973E-05 0.221328 0.066376 9.9973E-05
9.99642E-05 9.99642E-05 0.283241 9.99642E-05 0.24849 0.111177 0.356692 9.99642E-05
0.121518 0.0167398 0.348934 9.99821E-05 0.189979 0.127427 9.99821E-05 0.195201
0.297733 9.99731E-05 0.0590302 9.99731E-05 0.207205 9.99731E-05 0.113714 0.322018
9.99553E-05 9.99553E-05 0.150434 9.99553E-05 0.82014 0.0289262 9.99553E-05 9.99553E-05
0.680821 0.177737 9.99553E-05 9.99553E-05 0.140943 9.99553E-05 9.99553E-05 9.99553E-05
0.36378 9.99731E-05 9.99731E-05 0.00157982 0.578513 0.048743 9.99731E-05 0.00708418
0.18632 9.99731E-05 9.99731E-05 0.121275 0.455016 9.99731E-05 0.20359 0.0334988
9.99641E-05 9.99641E-05 0.57351 0.126694 9.99641E-05 0.167905 0.131491 9.99641E-05
0.217915 0.00138118 0.356235 0.00206367 0.019973 9.9991E-05 0.142462 0.25987
9.99552E-05 9.99552E-05 9.99552E-05 0.21491 0.0196399 9.99552E-05 9.99552E-05 0.764951
9.9964E-05 0.108503 0.320016 0.147851 9.9964E-05 0.42323 9.9964E-05 9.9964E-05
0.183887 0.0336356 9.99821E-05 0.0852036 0.424755 9.99821E-05 0.14172 0.130598
0.34611 0.389426 9.99731E-05 9.99731E-05 9.99731E-05 0.0115831 0.100211 0.15237
0.167489 0.207988 9.9973E-05 0.423945 9.9973E-05 0.10424 0.0960377 9.9973E-05
0.397597 0.07856 0.020786 9.9991E-05 0.0764349 0.15325 0.0203205 0.252952
9.9982E-05 0.0700134 0.20192 0.116774 9.9982E-05 0.203843 0.192006 0.215244
0.392871 0.0325432 0.260152 0.182208 0.0349496 9.99911E-05 0.0866198 0.0105557
0.229781 9.9982E-05 0.459129 0.185825 0.00685117 0.0618719 0.0563421 9.9982E-05
0.00520162 0.866654 9.99551E-05 9.99551E-05 0.127645 9.99551E-05 9.99551E-05 9.99551E-05
0.417331 9.99642E-05 9.99642E-05 0.0998535 9.99642E-05 9.99642E-05 0.37851 0.103905
0.037486 0.0905359 0.503596 9.99821E-05 0.0438262 0.0116715 0.312684 9.99821E-05
9.99642E-05 0.151586 9.99642E-05 0.663562 9.99642E-05 0.0900966 9.99642E-05 0.0943553
0.375975 0.16889 0.31059 9.9991E-05 0.0766765 0.0130776 0.0484779 0.00621259
0.871427 0.0449133 9.99731E-05 9.99731E-05 9.99731E-05 0.0154423 0.0277523 0.0401652
0.267966 9.99552E-05 9.99552E-05 9.99552E-05 9.99552E-05 0.0435836 9.99552E-05 0.687951
0.334845 9.99642E-05 0.162022 0.137608 9.99642E-05 9.99642E-05 0.365125 9.99642E-05
9.99731E-05 0.231055 0.0803462 0.460095 9.99731E-05 0.179717 0.0484868 9.99731E-05
0.349599 0.0524309 0.25748 9.99731E-05 9.99731E-05 9.99731E-05 0.2489 0.0912899
0.431374 0.0476933 0.126653 0.107081 0.142488 9.9991E-05 0.141045 0.00356571
9.99821E-05 0.441743 0.00890777 0.00976538 0.345737 9.99821E-05 0.129607 0.0640397
9.998E-05 0.0589509 9.998E-05 0.0781624 0.361695 0.159161 0.0273353 0.314496
0.100183 9.9982E-05 0.23157 0.0465192 9.9982E-05 0.170402 0.0624663 0.38866
0.48263 9.99642E-05 9.99642E-05 0.125293 0.285967 9.99642E-05 0.10571 9.99642E-05
9.99641E-05 0.12826 0.526641 9.99641E-05 9.99641E-05 9.99641E-05 0.302313 0.0423864
0.257013 9.99731E-05 0.140288 9.99731E-05 0.487781 9.99731E-05 0.0619415 0.0526764
0.0402394 9.99641E-05 9.99641E-05 9.99641E-05 0.651371 0.0484826 9.99641E-05 0.259507
0.158803 9.9973E-05 9.9973E-05 0.221352 0.259116 0.2828 0.0776293 9.9973E-05
9.99553E-05 9.99553E-05 0.564396 9.99553E-05 0.101935 0.33317 9.99553E-05 9.99553E-05
0.540142 9.99731E-05 0.117312 9.99731E-05 9.99731E-05 0.0177718 0.078818 0.245656
0.948831 9.99462E-05 0.050569 9.99462E-05 9.99462E-05 9.99462E-05 9.99462E-05 9.99462E-05
9.99731E-05 9.99731E-05 0.0734681 0.33262 0.17281 9.99731E-05 0.10197 0.318831
0.345404 0.202222 9.9964E-05 9.9964E-05 0.246264 0.20571 9.9964E-05 9.9964E-05
0.595755 0.0588749 0.259275 9.99642E-05 0.0856948 9.99642E-05 9.99642E-05 9.99642E-05
0.252193 9.99821E-05 0.0153878 9.99821E-05 0.205419 0.0549475 0.195601 0.276253
0.30764 9.99732E-05 9.99732E-05 0.042481 0.144397 0.443057 0.0621245 9.99732E-05
0.748524 0.250876 9.99462E-05 9.99462E-05 9.99462E-05 9.99462E-05 9.99462E-05 9.99462E-05
0.480246 9.99465E-05 9.99465E-05 9.99465E-05 9.99465E-05 0.519154 9.99465E-05 9.99465E-05
0.43131 9.9991E-05 0.044682 0.0279358 0.0511709 0.24514 0.142355 0.0573058
0.277533 9.9964E-05 9.9964E-05 0.0204634 9.9964E-05 9.9964E-05 0.216438 0.485166
0.610575 9.99642E-05 0.182514 0.0988637 0.107647 9.99642E-05 9.99642E-05 9.99642E-05
0.0919381 0.156934 9.9982E-05 9.9982E-05 0.319396 0.174059 0.18964 0.0678331
0.292209 9.9973E-05 9.9973E-05 0.0339317 0.106318 0.504333 0.0629088 9.9973E-05
9.99551E-05 0.503211 0.193569 9.99551E-05 9.99551E-05 9.99551E-05 9.99551E-05 0.30272
0.719899 9.99642E-05 0.0676143 0.114578 9.99642E-05 0.0975088 9.99642E-05 9.99642E-05
9.99731E-05 0.184935 0.239013 9.99731E-05 0.302931 0.242838 9.99731E-05 0.029984
0.515517 9.99461E-05 9.99461E-05 9.99461E-05 9.99461E-05 9.99461E-05 9.99461E-05 0.483883
0.342829 9.99642E-05 9.99642E-05 9.99642E-05 0.129384 0.409669 0.117718 9.99642E-05
0.211684 9.9964E-05 0.421484 9.9964E-05 9.9964E-05 0.274314 0.0921189 9.9964E-05
9.99552E-05 9.99552E-05 0.289648 9.99552E-05 9.99552E-05 0.00843822 9.99552E-05 0.701414
0.169956 9.99641E-05 9.99641E-05 0.253677 0.358766 9.99641E-05 0.217201 9.99641E-05
9.99731E-05 0.0798305 0.145029 9.99731E-05 9.99731E-05 0.697954 0.0183357 0.0585513
0.214595 9.99554E-05 0.159714 9.99554E-05 9.99554E-05 9.99554E-05 0.625191 9.99554E-05
0.199263 0.127423 0.250781 9.99732E-05 9.99732E-05 0.207228 0.215005 9.99732E-05
0.708612 0.0584509 0.176803 9.99643E-05 0.0557339 9.99643E-05 9.99643E-05 9.99643E-05
0.226053 9.99821E-05 0.0757702 9.99821E-05 0.2063 0.383141 0.0029692 0.105567
9.99554E-05 0.0807784 0.192831 9.99554E-05 0.725891 9.99554E-05 9.99554E-05 9.99554E-05
0.10905 0.0657929 0.129535 0.273952 0.0710154 0.000353546 0.350201 9.9991E-05
0.18202 0.0556054 0.531739 0.00859753 0.049909 9.9991E-05 0.0508586 0.121171
0.283395 9.99641E-05 0.419479 9.99641E-05 0.139376 9.99641E-05 0.15735 9.99641E-05
0.388606 9.99553E-05 0.116876 9.99553E-05 9.99553E-05 9.99553E-05 0.494019 9.99553E-05
0.474873 9.99732E-05 0.170796 0.0896424 9.99732E-05 0.258519 9.99732E-05 0.00586974
0.0998859 9.99553E-05 0.0640685 9.99553E-05 9.99553E-05 9.99553E-05 9.99553E-05 0.835546
9.99551E-05 0.194368 0.636642 9.99551E-05 0.168491 9.99551E-05 9.99551E-05 9.99551E-05
0.23406 0.0688359 9.99821E-05 9.99821E-05 0.340361 0.0120258 0.272077 0.07244
0.106071 9.9973E-05 9.9973E-05 0.0364711 0.36091 9.9973E-05 0.231271 0.264977
9.99731E-05 0.00015043 0.16273 0.0630236 9.99731E-05 0.155456 9.99731E-05 0.61834
0.298868 0.489853 9.99641E-05 9.99641E-05 9.99641E-05 0.190085 0.0207935 9.99641E-05
0.227399 0.0946991 0.209541 0.413634 0.0288491 0.0256781 9.99821E-05 9.99821E-05
9.99731E-05 0.00373389 0.501699 0.116411 0.0841111 0.293745 9.99731E-05 9.99731E-05
0.272059 0.721523 9.99553E-05 9.99553E-05 0.00591867 9.99553E-05 9.99553E-05 9.99553E-05
9.99553E-05 9.99553E-05 9.99553E-05 9.99553E-05 9.99553E-05 0.112676 0.0103924 0.876431
0.00270203 9.99642E-05 9.99642E-05 9.99642E-05 0.0993978 0.54001 9.99642E-05 0.35749
0.186955 0.046717 9.99731E-05 0.325368 0.34621 9.99731E-05 9.99731E-05 0.0944494
9.9964E-05 0.0897283 9.9964E-05 9.9964E-05 0.270574 0.500398 9.9964E-05 0.1389
0.321429 9.9973E-05 0.154835 0.0497228 0.327656 9.9973E-05 0.146058 9.9973E-05
0.148707 0.0115446 9.99731E-05 0.200169 0.14023 9.99731E-05 9.99731E-05 0.49905
9.99463E-05 9.99463E-05 9.99463E-05 0.075328 0.924072 9.99463E-05 9.99463E-05 9.99463E-05
0.479067 0.253845 9.99641E-05 9.99641E-05 9.99641E-05 9.99641E-05 0.0215562 0.245132
9.9973E-05 0.261005 9.9973E-05 9.9973E-05 0.22989 0.0990247 0.0304441 0.379337
0.145546 0.133289 9.99732E-05 0.400372 0.110776 9.99732E-05 0.209716 9.99732E-05
9.99462E-05 0.866301 9.99462E-05 0.133099 9.99462E-05 9.99462E-05 9.99462E-05 9.99462E-05
9.99642E-05 0.189379 9.99642E-05 0.640058 0.0806517 9.99642E-05 0.0895109 9.99642E-05
0.0376056 9.99462E-05 9.99462E-05 0.961795 9.99462E-05 9.99462E-05 9.99462E-05 9.99462E-05
0.376643 9.99731E-05 0.342393 0.0462968 0.101295 9.99731E-05 9.99731E-05 0.133072
0.436921 0.106934 9.99731E-05 0.0490115 0.0414008 0.365433 9.99731E-05 9.99731E-05
0.270803 9.99642E-05 0.417342 9.99642E-05 9.99642E-05 0.242779 9.99642E-05 0.0686759
0.561089 9.99553E-05 9.99553E-05 0.38364 9.99553E-05 0.0547706 9.99553E-05 9.99553E-05
0.254331 9.99642E-05 0.419642 9.99642E-05 9.99642E-05 0.284773 9.99642E-05 0.040854
0.00111762 0.0754397 0.281623 0.405284 9.99821E-05 9.99821E-05 0.0046082 0.231727
9.99642E-05 0.310863 9.99642E-05 9.99642E-05 0.239218 0.0818286 9.99642E-05 0.36769
0.212842 0.0171279 0.417553 9.99731E-05 9.99731E-05 9.99731E-05 0.166103 0.186074
9.99553E-05 0.379483 0.0362002 9.99553E-05 9.99553E-05 9.99553E-05 9.99553E-05 0.583817
0.550269 9.99731E-05 0.347839 0.00902944 9.99731E-05 0.0633394 0.0292232 9.99731E-05
9.994E-05 0.9993 9.994E-05 9.994E-05 9.994E-05 9.994E-05 9.994E-05 9.994E-05
0.349259 9.99642E-05 9.99642E-05 0.126049 0.351256 0.173036 9.99642E-05 9.99642E-05
0.0345506 9.99731E-05 0.429682 9.99731E-05 0.342138 9.99731E-05 0.0312933 0.162037
9.99551E-05 0.0677854 0.424885 9.99551E-05 9.99551E-05 0.50683 9.99551E-05 9.99551E-05
0.199654 0.173345 0.230351 0.18301 9.9982E-05 0.0629261 0.150515 9.9982E-05
9.9973E-05 0.12834 0.354334 9.9973E-05 0.133776 9.9973E-05 0.0455635 0.337687
0.285183 0.34742 9.9973E-05 0.165301 9.9973E-05 0.112357 0.0894389 9.9973E-05
0.11086 0.324278 0.0153087 9.99821E-05 0.16716 9.99821E-05 0.0123107 0.369883
0.720246 9.99552E-05 0.165901 9.99552E-05 0.113353 9.99552E-05 9.99552E-05 9.99552E-05
9.99552E-05 9.99552E-05 0.28017 9.99552E-05 0.0480472 9.99552E-05 9.99552E-05 0.671283
0.116284 0.121108 0.134953 0.0179174 0.609437 9.99731E-05 9.99731E-05 9.99731E-05
0.339293 9.997E-05 0.104505 0.286548 9.997E-05 0.248838 9.997E-05 0.0205167
9.99731E-05 0.168787 9.99731E-05 9.99731E-05 0.184897 0.355575 0.0248406 0.2656
0.582927 9.99552E-05 0.157448 9.99552E-05 9.99552E-05 9.99552E-05 0.259126 9.99552E-05
9.99643E-05 0.0749197 0.17111 0.241784 9.99643E-05 9.99643E-05 9.99643E-05 0.511787
0.0989378 9.9991E-05 0.112857 0.169136 0.0803329 0.122153 0.00221791 0.414266
9.99642E-05 9.99642E-05 9.99642E-05 0.0733406 0.613197 0.245818 9.99642E-05 0.0672444
0.472904 9.9982E-05 9.9982E-05 0.0286466 0.0938859 0.0830992 0.019266 0.301998
0.326334 9.99641E-05 9.99641E-05 0.198496 0.146863 0.327907 9.99641E-05 9.99641E-05
9.9964E-05 9.9964E-05 0.317685 0.492556 9.9964E-05 9.9964E-05 0.155392 0.0339666
9.99642E-05 9.99642E-05 0.0397925 0.258993 9.99642E-05 9.99642E-05 0.240224 0.460591
0.407958 9.99642E-05 0.220769 9.99642E-05 0.173632 9.99642E-05 9.99642E-05 0.19724
0.356565 9.99553E-05 0.625583 0.0173522 9.99553E-05 9.99553E-05 9.99553E-05 9.99553E-05
0.319741 9.99643E-05 0.58093 0.0524826 9.99643E-05 9.99643E-05 9.99643E-05 0.046446
9.99643E-05 9.99643E-05 0.42777 0.0720281 0.048818 0.450984 9.99643E-05 9.99643E-05
0.359045 9.99641E-05 0.390583 9.99641E-05 0.181838 9.99641E-05 9.99641E-05 0.0681344
0.605132 9.99554E-05 9.99554E-05 0.172438 9.99554E-05 9.99554E-05 0.221931 9.99554E-05
0.244085 0.0723099 9.99821E-05 0.346124 9.99821E-05 0.18877 0.00466742 0.143844
0.0167909 0.0609172 0.0131501 0.256914 0.233796 0.186347 0.0114122 0.220673
9.99552E-05 0.0537056 9.99552E-05 0.542461 9.99552E-05 0.403334 9.99552E-05 9.99552E-05
0.192412 0.338954 9.99821E-05 0.104847 9.99821E-05 0.0241154 0.0229066 0.316565
0.04891 9.9973E-05 0.401559 9.9973E-05 0.168265 0.093201 9.9973E-05 0.287764
9.994E-05 9.994E-05 9.994E-05 9.994E-05 9.994E-05 9.994E-05 0.9993 9.994E-05
0.334267 0.0036812 0.325588 0.0574559 9.99821E-05 0.0382419 9.99821E-05 0.240566
0.479319 0.0808988 9.99731E-05 9.99731E-05 9.99731E-05 0.0213266 0.0868937 0.331262
0.00320008 0.0300471 0.11833 0.142802 0.200494 9.9991E-05 0.491354 0.0136732
9.99642E-05 9.99642E-05 0.323114 0.146887 9.99642E-05 0.28948 9.99642E-05 0.240119
0.0164391 0.0449132 0.202194 9.998E-05 0.371883 0.273607 0.0907638 9.998E-05
0.448755 9.99731E-05 0.319494 9.99731E-05 0.0639427 9.99731E-05 0.00605275 0.161455
0.210304 0.0739927 0.258698 0.0158633 0.0941538 0.103076 0.243813 9.9991E-05
0.0682642 0.197274 9.99732E-05 9.99732E-05 0.167989 9.99732E-05 0.306862 0.25931
0.409742 9.99731E-05 0.0314626 0.228714 0.214763 9.99731E-05 0.115018 9.99731E-05
0.366221 0.0134089 0.15821 0.30494 9.99821E-05 9.99821E-05 0.0427151 0.114305
0.437941 9.99643E-05 9.99643E-05 0.141464 0.0750166 0.345178 9.99643E-05 9.99643E-05
0.357818 9.99553E-05 0.535271 9.99553E-05 9.99553E-05 9.99553E-05 0.106411 9.99553E-05
9.9982E-05 0.149552 0.288421 0.0789674 0.0273363 0.0605563 9.9982E-05 0.394967
9.994E-05 9.994E-05 9.994E-05 9.994E-05 9.994E-05 9.994E-05 0.9993 9.994E-05
0.268052 0.0153985 9.99731E-05 9.99731E-05 9.99731E-05 0.441591 0.0676676 0.206991
0.184362 9.99821E-05 0.558147 0.000337278 9.99821E-05 0.00381676 0.169768 0.0833684
0.015867 9.99731E-05 0.0883397 9.99731E-05 0.595912 0.153219 0.146362 9.99731E-05
9.99553E-05 9.99553E-05 0.0607108 9.99553E-05 0.0252874 0.913502 9.99553E-05 9.99553E-05
0.284305 0.0847206 9.99731E-05 9.99731E-05 0.288934 0.178275 9.99731E-05 0.163466
0.745717 9.99642E-05 9.99642E-05 9.99642E-05 0.111254 0.0933971 9.99642E-05 0.0492322
9.994E-05 9.994E-05 0.9993 9.994E-05 9.994E-05 9.994E-05 9.994E-05 9.994E-05
0.265029 9.99733E-05 0.067595 9.99733E-05 0.274394 9.99733E-05 0.303112 0.0895695
0.354352 0.0732225 0.0451753 0.121643 0.133198 0.170554 0.0329697 0.0688854
0.320276 0.105564 0.511607 9.99642E-05 9.99642E-05 0.0621529 9.99642E-05 9.99642E-05
0.454845 9.997E-05 0.32194 9.997E-05 0.0191716 9.997E-05 0.14639 0.0573528
9.99641E-05 9.99641E-05 0.308741 0.16607 0.478986 9.99641E-05 0.045803 9.99641E-05
0.637082 0.0395432 9.99642E-05 9.99642E-05 9.99642E-05 0.0662302 9.99642E-05 0.256745
0.651823 9.99552E-05 0.0682784 9.99552E-05 0.279399 9.99552E-05 9.99552E-05 9.99552E-05
0.474864 9.99553E-05 0.214238 9.99553E-05 9.99553E-05 0.310399 9.99553E-05 9.99553E-05
9.99731E-05 0.267613 0.171455 9.99731E-05 9.99731E-05 0.346125 0.0158163 0.198691
0.24892 9.99554E-05 9.99554E-05 0.730061 9.99554E-05 9.99554E-05 9.99554E-05 0.0205195
0.299854 9.99642E-05 9.99642E-05 0.113523 9.99642E-05 0.0908602 9.99642E-05 0.495362
9.99642E-05 0.000275439 9.99642E-05 0.194932 0.725046 0.079346 9.99642E-05 9.99642E-05
9.99553E-05 9.99553E-05 9.99553E-05 9.99553E-05 9.99553E-05 0.495282 0.139547 0.364671
9.998E-05 9.998E-05 0.069132 0.232885 0.131069 0.0814433 0.124834 0.360436
0.334814 9.997E-05 9.997E-05 9.997E-05 0.216734 0.220861 0.0547633 0.172528
0.209206 0.010385 0.318791 9.99821E-05 0.0548194 0.121488 0.285111 9.99821E-05
0.151008 9.99551E-05 0.0789125 0.76958 9.99551E-05 9.99551E-05 9.99551E-05 9.99551E-05
0.07798 9.99642E-05 0.341243 9.99642E-05 0.351642 9.99642E-05 0.228735 9.99642E-05
0.107376 9.99821E-05 0.519919 0.106475 0.0347429 0.0657511 0.165536 9.99821E-05
0.178195 0.25926 0.158149 0.0850246 9.99821E-05 9.99821E-05 0.121178 0.197994
0.375402 0.0304358 9.996E-05 9.996E-05 0.153411 9.996E-05 9.996E-05 0.440351
