9.9991E-05 0.199769 0.789128 0.0110029
0.0415576 0.243224 0.296719 0.4185
0.021191 0.174585 0.581376 0.222847
0.0933929 0.290416 0.616091 9.9991E-05
0.0841701 0.208379 0.522428 0.185023
0.0717528 0.328159 0.565305 0.0347826
0.197888 0.267659 0.534353 9.9991E-05
0.169574 9.9991E-05 0.445751 0.384576
0.046617 0.199103 0.460344 0.293937
0.321999 0.580148 0.0895358 0.00831731
9.9991E-05 0.676824 0.152181 0.170895
0.289499 0.240417 0.130196 0.339888
0.165867 0.327511 0.506522 9.9991E-05
0.272863 0.244881 0.196699 0.285557
0.12686 0.1008 0.0646112 0.707729
0.286936 0.0362877 0.17446 0.502317
0.335678 0.240314 9.9991E-05 0.423909
0.408047 0.172357 0.419496 9.9991E-05
0.217577 0.0103278 0.479736 0.29236
0.263844 0.328135 0.297202 0.110818
0.0838587 0.298715 0.573937 0.0434886
0.20679 0.0999283 0.466231 0.227051
0.0808448 0.227571 0.486371 0.205213
0.167086 0.0547629 0.568703 0.209448
0.0673239 0.841652 9.9991E-05 0.0909238
0.193429 0.248331 0.428034 0.130207
0.328043 0.172177 0.102137 0.397642
0.178795 0.27885 0.328951 0.213405
0.165493 0.389862 0.325414 0.11923
0.550481 9.9991E-05 0.171585 0.277835
0.138502 0.497167 9.9991E-05 0.364232
0.158859 0.485188 0.130269 0.225684
0.158479 0.154804 0.49637 0.190347
0.0909851 0.36352 0.322409 0.223086
0.139629 0.395645 0.404894 0.0598322
0.0919851 9.9982E-05 0.907815 9.9982E-05
9.9991E-05 0.294371 0.636639 0.0688893
0.25127 0.665568 0.0188204 0.0643422
0.144678 0.119631 0.289468 0.446222
9.9991E-05 0.273173 0.324666 0.402061
0.0944749 0.123092 0.540721 0.241712
0.0667852 0.18936 0.564449 0.179406
0.113155 0.0948719 0.490548 0.301426
0.0841864 0.41264 0.350891 0.152283
0.169788 0.29854 0.17093 0.360743
0.00124046 0.59552 0.366964 0.0362748
0.00460661 0.416934 0.569971 0.00848818
0.071174 9.9991E-05 0.585011 0.343715
0.162824 0.281509 0.148281 0.407387
0.202002 0.133492 0.134001 0.530505
0.204519 0.407159 0.174146 0.214176
0.0595852 0.0840323 0.280619 0.575763
0.05278 9.9991E-05 0.228574 0.718546
0.215948 0.197477 0.299603 0.286972
0.0966997 0.197522 9.9991E-05 0.705678
0.0903361 0.283808 0.461285 0.164571
0.0500404 0.0577835 0.163355 0.728821
0.179802 0.253304 0.303901 0.262993
0.00671932 0.518121 0.0517685 0.423391
0.0322042 0.505547 0.155888 0.306361
0.169108 0.191799 0.636587 0.0025061
0.148211 0.48901 0.301675 0.0611032
0.231213 0.138258 0.425593 0.204936
0.953149 9.9982E-05 9.9982E-05 0.0466507
0.0270971 0.390571 0.490924 0.0914076
0.0058781 9.9991E-05 0.906027 0.0879947
0.0384143 0.404867 0.532962 0.0237568
0.15215 0.179111 0.373692 0.295046
0.208505 0.220971 0.570424 9.9991E-05
0.293252 0.206764 0.26932 0.230664
0.141265 0.61693 9.9991E-05 0.241705
0.251987 0.114338 0.236177 0.397498
0.405586 0.1815 0.261077 0.151837
0.0666075 0.194006 0.174115 0.565271
0.18016 0.393462 0.183109 0.243269
0.0671195 0.0879907 9.9991E-05 0.84479
0.193785 0.204048 0.544036 0.0581312
0.0596637 0.414613 0.525624 9.9991E-05
9.9991E-05 0.309234 0.598639 0.0920263
0.295198 0.260493 0.395717 0.0485924
0.189192 0.0718743 0.522401 0.216533
0.0143124 0.243741 0.696108 0.0458386
0.117712 0.343345 0.218217 0.320726
0.0931716 0.188897 0.245446 0.472486
0.150534 0.0380055 0.655081 0.156379
9.9991E-05 0.318522 0.486971 0.194407
0.167878 9.9991E-05 0.821261 0.0107612
0.040511 0.534534 0.048821 0.376134
0.333211 0.193012 0.326873 0.146905
9.9991E-05 0.192353 0.428489 0.379058
0.9997 9.998E-05 9.998E-05 9.998E-05
0.0401767 0.54241 0.0565428 0.36087
0.00652117 0.165581 0.756096 0.0718023
0.261457 9.9991E-05 0.0912107 0.647232
0.0117684 0.263745 0.724386 9.9991E-05
0.0842344 0.269591 0.557269 0.0889055
0.0257274 0.488689 0.249001 0.236583
9.9982E-05 0.41817 0.58163 9.9982E-05
0.685122 0.158988 0.15579 9.9991E-05
0.398385 0.166835 0.264748 0.170033
0.239927 0.266215 0.349753 0.144106
0.9997 9.998E-05 9.998E-05 9.998E-05
0.123747 0.332295 0.246218 0.29774
9.998E-05 0.9997 9.998E-05 9.998E-05
0.117701 0.12984 0.180546 0.571914
9.9991E-05 0.0968685 0.305731 0.5973
0.0752427 0.187585 0.246201 0.490972
0.0626989 0.233004 0.559273 0.145024
0.206765 0.166185 0.00665615 0.620395
0.152982 0.206681 0.453196 0.187141
0.04209 0.162587 0.527089 0.268234
0.335419 0.527862 0.118228 0.0184918
0.0957762 0.264101 0.340495 0.299628
0.533573 0.172336 0.293992 9.9991E-05
9.9991E-05 0.156183 0.641595 0.202122
0.990778 9.9982E-05 9.9982E-05 0.00902204
9.9991E-05 0.468653 0.350494 0.180754
0.145585 0.181439 0.558216 0.11476
9.9991E-05 0.17543 0.633435 0.191035
0.373941 0.260792 0.0776761 0.287591
0.19002 0.103311 0.488977 0.217691
0.525344 0.0894214 0.385134 9.9991E-05
0.285065 0.355127 0.215834 0.143974
9.9991E-05 0.399008 0.299527 0.301365
0.214369 0.15213 0.287706 0.345794
0.127223 0.190617 0.30879 0.37337
0.037353 0.510163 0.0485579 0.403926
0.2265 0.251847 0.447477 0.0741759
9.9991E-05 0.0865185 0.410613 0.502769
0.264086 0.525333 0.0729294 0.137652
0.0689331 0.113675 0.817292 9.9991E-05
0.210489 0.114868 0.674543 9.9991E-05
0.415881 0.299599 0.162061 0.122459
0.232304 0.240119 0.0716589 0.455917
0.159403 0.279135 0.436288 0.125174
0.168523 0.570606 0.173963 0.0869076
9.998E-05 9.998E-05 9.998E-05 0.9997
0.0340033 9.9982E-05 9.9982E-05 0.965797
0.0891676 0.217401 0.425027 0.268405
0.0748797 0.365624 0.559397 9.9991E-05
0.174996 0.274578 0.331776 0.21865
0.074093 0.405531 9.9991E-05 0.520276
0.188604 0.457279 0.233096 0.121021
0.145986 0.314352 0.337997 0.201665
0.172749 0.144291 0.526431 0.156529
0.612656 0.105751 0.281493 9.9991E-05
0.0390325 0.273543 0.497727 0.189698
0.9997 9.998E-05 9.998E-05 9.998E-05
0.121815 0.164275 0.608425 0.105485
0.0133216 0.276028 0.579944 0.130706
0.223666 0.29311 0.0521991 0.431025
9.9991E-05 0.37873 0.588254 0.0329161
0.285603 0.157921 0.295411 0.261066
0.277354 0.279742 0.129282 0.313622
0.108681 0.258181 0.217709 0.415429
0.345074 0.0507559 0.325448 0.278722
0.0465131 0.320293 0.554796 0.0783982
0.27771 0.272539 0.323172 0.126579
0.0742922 9.9982E-05 0.925508 9.9982E-05
0.161272 0.22135 0.300507 0.316871
0.058655 0.428819 0.512426 9.9991E-05
0.9997 9.998E-05 9.998E-05 9.998E-05
0.294365 9.9991E-05 0.315721 0.389814
9.9991E-05 0.0768739 0.54525 0.377776
0.0549035 0.198204 0.328468 0.418424
0.16893 9.99821E-05 0.83087 9.99821E-05
9.9991E-05 0.306931 0.403403 0.289566
9.9991E-05 0.405174 0.148286 0.44644
9.998E-05 9.998E-05 9.998E-05 0.9997
0.312927 9.9991E-05 0.431204 0.255769
0.0358063 0.347456 0.111463 0.505275
0.142951 0.336307 0.039807 0.480934
0.239861 0.188771 0.538958 0.0324098
9.9982E-05 0.445595 9.9982E-05 0.554205
0.0581624 0.0758619 0.627705 0.23827
0.0180524 0.244378 0.404812 0.332758
0.00698494 0.222372 0.360726 0.409917
9.9991E-05 0.342461 0.149144 0.508295
9.998E-05 0.9997 9.998E-05 9.998E-05
0.0792395 0.358165 0.306385 0.256211
0.469837 0.206644 9.9991E-05 0.323419
0.287514 0.0925272 0.420614 0.199345
0.164993 0.0329094 0.32846 0.473638
0.173771 0.0462629 0.590704 0.189262
9.9991E-05 0.224039 0.450909 0.324952
9.998E-05 0.9997 9.998E-05 9.998E-05
0.208608 0.169573 0.491133 0.130686
0.18454 0.436099 0.0983741 0.280987
0.0327251 0.00163034 0.864428 0.101216
0.219473 9.9991E-05 0.201679 0.578748
