0.0258201 0.807051 0.040681 9.9973E-05 9.9973E-05 0.126148 9.9973E-05
9.9982E-05 0.0342695 9.9982E-05 0.360708 0.146033 0.423621 0.035169
9.9982E-05 0.354552 0.0184388 0.110647 0.385565 0.130597 9.9982E-05
0.107886 0.578628 0.0871013 0.0954904 9.9991E-05 0.035956 0.0948388
9.999E-05 0.159513 0.163826 0.115012 0.442953 0.102094 0.0165022
0.0697637 0.180432 0.0776079 0.0639678 0.281839 0.326289 9.9991E-05
9.9982E-05 0.611607 0.116964 9.9982E-05 0.0640992 0.102887 0.104243
9.9982E-05 0.0223062 0.0899938 0.276924 0.0103612 0.600215 9.9982E-05
0.1337 0.140945 0.0287539 0.0996421 0.377878 0.117691 0.10139
0.21218 0.0997187 0.106035 9.9991E-05 0.0369829 0.324994 0.21999
0.317364 0.313473 0.116622 0.00988693 0.0419064 0.169022 0.0317264
9.9982E-05 9.9982E-05 0.15887 0.0143259 0.719756 0.0164302 0.0904174
0.0776502 0.16087 0.0908496 0.0091496 9.9991E-05 0.526481 0.1349
0.0555633 0.0747074 0.103229 0.342656 0.245229 0.0747252 0.10389
0.0682224 0.0362308 0.108583 0.639613 9.9982E-05 0.147151 9.9982E-05
9.9982E-05 0.121703 0.125924 0.506593 0.127079 9.9982E-05 0.118501
0.0988195 0.0101892 0.00410931 0.848572 9.9982E-05 9.9982E-05 0.03811
0.055829 0.134241 0.220945 0.0360807 0.110838 0.330062 0.112005
9.999E-05 0.217442 0.140481 0.0392901 0.480269 0.11409 0.00832667
0.00994796 0.537917 0.0225779 0.0685608 0.28872 9.9991E-05 0.0721763
0.0235485 0.358222 0.0822403 0.229727 0.0151728 0.290989 9.9991E-05
0.0952565 9.9982E-05 0.0550216 0.142175 9.9982E-05 0.681325 0.026022
9.9982E-05 0.14411 0.177752 0.178469 0.172152 0.327317 9.9982E-05
9.9982E-05 0.361294 9.9982E-05 0.112109 0.34435 0.0446251 0.137422
0.478693 0.156344 0.131487 9.9973E-05 9.9973E-05 0.233176 9.9973E-05
0.0335296 0.270745 9.9982E-05 0.153276 9.9982E-05 0.46256 0.0796898
0.21472 0.0673992 0.178175 0.139518 0.114916 0.12442 0.160851
0.0343768 9.9991E-05 0.169438 0.261212 0.0267135 0.436667 0.0714929
0.0199115 0.12221 9.9982E-05 0.149693 9.9982E-05 0.635393 0.072592
9.999E-05 0.0293613 0.00189648 0.0595679 0.0551353 0.224732 0.629207
0.0530539 0.0439809 0.0483289 0.412243 0.343986 0.0635008 0.0349071
0.126657 0.0284558 0.035709 0.029327 0.488233 0.151516 0.140102
9.9991E-05 0.124023 0.160891 0.192503 0.176744 0.258909 0.0868311
0.00905202 0.298269 0.102448 0.194741 0.248385 0.144945 0.00215939
0.118029 9.9991E-05 0.130445 0.229137 0.341485 0.148414 0.0323895
9.99551E-05 0.876397 0.123104 9.99551E-05 9.99551E-05 9.99551E-05 9.99551E-05
0.0779712 0.679246 9.9973E-05 9.9973E-05 0.177216 0.0652671 9.9973E-05
0.295278 0.388143 9.9973E-05 0.0807565 9.9973E-05 9.9973E-05 0.235523
0.0580091 9.9991E-05 0.0562844 0.362915 0.187829 0.233364 0.101499
0.0665073 0.228946 0.194431 0.156992 0.352923 9.9982E-05 9.9982E-05
0.0489494 9.9991E-05 0.0483862 0.0988506 0.186493 0.612972 0.0042482
0.0611436 0.303777 0.0759072 0.201644 0.0948277 0.187553 0.0751469
0.0123884 9.9973E-05 0.0391645 0.150747 9.9973E-05 0.7974 9.9973E-05
9.9973E-05 9.9973E-05 0.0113404 9.9973E-05 0.468919 0.464559 0.0548815
0.0672965 0.123807 0.0506709 0.0174584 0.283982 0.264711 0.192075
0.226679 0.265835 0.0305536 0.0216105 0.450204 9.9991E-05 0.00501703
9.999E-05 0.287516 0.0265128 0.188601 0.255495 0.185336 0.0564387
9.9973E-05 0.331474 0.0325603 9.9973E-05 0.606855 9.9973E-05 0.0288105
0.0460555 9.9991E-05 0.130589 0.0425407 0.419714 0.265029 0.0959724
9.9991E-05 0.118454 0.0156436 0.441373 0.0716063 0.252108 0.100715
0.156602 0.373787 0.186142 0.0734462 0.10655 9.9991E-05 0.103372
0.0241356 0.264056 0.0916153 0.28494 0.283316 9.9991E-05 0.0518366
9.9982E-05 9.9982E-05 0.075935 0.523212 0.235621 0.134947 0.0300849
0.149031 0.151643 0.0537061 0.325445 0.0100737 0.100432 0.209669
0.0067167 9.9973E-05 9.9973E-05 0.068674 0.741502 9.9973E-05 0.182807
0.0765483 0.19652 0.0943479 0.00316357 0.087017 0.430625 0.111778
0.127539 9.9982E-05 0.0201986 0.0166177 0.797152 9.9982E-05 0.0382928
0.056905 0.0603049 0.0505999 9.9982E-05 0.608445 0.223545 9.9982E-05
0.0679902 0.119398 0.0543504 0.222629 0.237877 0.223598 0.0741581
0.162436 0.154252 0.0895421 0.0201026 0.217388 0.35618 9.9991E-05
9.9982E-05 0.585725 0.0136816 0.112642 0.167911 0.11984 9.9982E-05
0.0963807 0.352248 0.215456 0.0774921 0.0568178 0.182364 0.0192413
9.9991E-05 0.0512296 0.129463 0.144903 0.525434 0.118549 0.0303224
9.9964E-05 0.0946282 0.0677236 9.9964E-05 9.9964E-05 9.9964E-05 0.837248
0.193411 0.194927 9.9973E-05 0.318653 9.9973E-05 0.292709 9.9973E-05
9.9964E-05 0.860606 0.0184918 0.120502 9.9964E-05 9.9964E-05 9.9964E-05
0.0918223 0.642199 0.0489571 9.9991E-05 0.127504 0.0179887 0.071429
9.9991E-05 0.0398838 0.0328082 0.0595851 0.281207 0.534453 0.0519629
9.9973E-05 0.705581 0.0502394 9.9973E-05 9.9973E-05 0.136166 0.107714
0.0573807 0.0899103 0.101812 0.214183 9.9991E-05 0.378121 0.158493
0.224045 0.108205 9.9982E-05 9.9982E-05 0.515577 0.0740791 0.0778934
9.9991E-05 0.209329 0.140532 0.225048 0.118675 0.247751 0.0585646
0.0620288 0.224648 0.119784 0.0224319 0.163378 0.35357 0.0541598
0.0211787 9.9991E-05 0.0716413 0.408414 0.284632 0.171051 0.0429835
0.106547 9.9982E-05 0.0419989 0.242466 9.9982E-05 0.450515 0.158274
0.0825043 9.9982E-05 0.0655034 0.33356 0.507283 9.9982E-05 0.0109499
9.9982E-05 0.160797 0.140258 9.9982E-05 0.324558 0.342872 0.031315
0.0736502 0.366274 0.0521574 0.126323 0.0999886 0.281507 9.9991E-05
9.9973E-05 0.415589 9.9973E-05 0.190791 0.183545 0.209775 9.9973E-05
9.9982E-05 0.475296 0.0184953 0.197679 0.16292 9.9982E-05 0.145409
0.0180348 0.277348 0.133275 0.000999334 0.215187 0.299448 0.0557079
9.9991E-05 0.293375 0.0822433 0.0921517 0.321169 0.168533 0.0424286
9.9973E-05 0.189843 9.9973E-05 0.0240898 0.553301 9.9973E-05 0.232466
0.13469 0.130234 0.0680591 0.31049 9.9991E-05 0.307939 0.0484879
9.9973E-05 0.403419 0.0557334 9.9973E-05 0.388402 0.152146 9.9973E-05
0.0791453 0.320826 0.00911001 0.00782459 0.409566 0.173428 9.9991E-05
9.9973E-05 0.591917 0.0991806 0.078763 9.9973E-05 0.229839 9.9973E-05
0.216606 0.0304535 0.110447 0.0538971 0.588396 9.9982E-05 9.9982E-05
0.0887649 0.332058 0.0877845 0.25892 9.9982E-05 9.9982E-05 0.232273
9.9964E-05 9.9964E-05 0.132061 9.9964E-05 0.151823 0.715716 9.9964E-05
9.9955E-05 9.9955E-05 9.9955E-05 0.015449 9.9955E-05 9.9955E-05 0.984051
0.061155 9.9991E-05 0.0576927 0.317598 0.281393 0.235724 0.046337
9.9982E-05 0.608882 0.148194 0.172025 0.0570738 9.9982E-05 0.0136251
9.9982E-05 9.9982E-05 0.0933553 0.42277 0.264941 0.206718 0.0120151
0.11388 0.797638 0.013117 9.9973E-05 0.0750651 9.9973E-05 9.9973E-05
0.0361812 0.345031 9.9982E-05 0.000249807 9.9982E-05 0.535187 0.0831503
0.0773849 0.0338675 0.00671259 0.00685872 9.9982E-05 0.874976 9.9982E-05
0.133987 0.291558 0.0169376 9.9982E-05 0.553161 0.00415732 9.9982E-05
9.99641E-05 9.99641E-05 0.231139 9.99641E-05 9.99641E-05 0.352798 0.415663
9.9982E-05 0.124695 9.9982E-05 0.131942 0.113003 0.362296 0.267864
0.031111 0.0432569 0.150783 9.9991E-05 0.0862722 0.540525 0.147952
9.995E-05 9.995E-05 9.995E-05 9.995E-05 9.995E-05 9.995E-05 0.9994
0.157984 0.200376 0.0585173 0.384177 0.0309171 0.134755 0.0332738
0.957342 0.03708 9.99639E-05 9.99639E-05 9.99639E-05 9.99639E-05 0.0051783
0.126664 0.0013305 0.0878097 0.385018 0.00884865 0.361715 0.028614
9.9955E-05 9.9955E-05 9.9955E-05 0.347306 9.9955E-05 0.652194 9.9955E-05
0.0285767 0.359555 9.9991E-05 0.277921 0.195975 0.0601753 0.0776972
0.00831256 0.456038 0.0841579 0.179404 0.184229 9.9991E-05 0.0877587
0.0373488 9.9991E-05 0.0391498 0.347978 0.179168 0.246609 0.149646
0.0213364 0.623024 0.0260995 9.9991E-05 0.230413 0.0224356 0.0765914
0.0903076 0.113113 0.106888 0.263195 9.9982E-05 0.426297 9.9982E-05
0.0118769 9.9982E-05 0.181189 9.9982E-05 0.486587 0.206436 0.11371
0.0764599 0.244991 0.0144193 0.305843 0.182513 0.148429 0.0273454
9.9991E-05 0.0569339 0.133133 0.0665377 0.115481 0.230585 0.39723
0.0350758 0.463442 0.0247642 0.0611296 0.0218462 0.321857 0.0718856
9.9955E-05 9.9955E-05 9.9955E-05 9.9955E-05 0.0483254 9.9955E-05 0.951175
0.163984 0.0954943 0.0311067 0.230838 0.243845 0.234632 9.9991E-05
9.9982E-05 0.524176 0.10736 0.0200437 9.9982E-05 0.300164 0.0480562
9.9964E-05 0.0647816 9.9964E-05 9.9964E-05 0.245366 0.689453 9.9964E-05
0.197113 9.9973E-05 0.173676 9.9973E-05 9.9973E-05 0.597936 0.0309751
9.9982E-05 0.217282 0.130349 0.414655 9.9982E-05 0.164399 0.073114
0.0144256 0.364057 0.129859 0.0870049 9.9982E-05 9.9982E-05 0.404454
0.0440565 0.135111 0.0819416 0.194847 0.158021 0.254705 0.131318
0.118384 0.0704896 0.035391 0.38311 0.392426 9.9982E-05 9.9982E-05
0.0698405 0.128428 0.0662575 9.9982E-05 0.575892 9.9982E-05 0.159381
9.9973E-05 0.114954 0.0643669 0.461672 0.358707 9.9973E-05 9.9973E-05
0.0458067 9.9991E-05 0.123015 0.201424 0.0507764 0.575219 0.00365821
0.0915248 0.27863 0.00581889 9.9991E-05 0.292281 0.0795223 0.252123
0.0570294 0.00119067 0.065776 0.233873 0.594264 0.0477669 9.9991E-05
0.13968 0.234742 9.9991E-05 0.198219 0.0780985 0.0705325 0.278629
9.9973E-05 0.497521 0.0820293 9.9973E-05 9.9973E-05 0.389645 0.030505
9.9973E-05 0.264635 0.160085 9.9973E-05 0.292738 0.282242 9.9973E-05
0.024634 0.0675592 0.067217 0.0468184 0.410438 0.110865 0.272468
9.9991E-05 0.0122912 0.0473141 0.344534 0.118094 0.307414 0.170252
0.0408506 0.2394 0.0993499 9.9982E-05 0.031185 0.589015 9.9982E-05
0.153245 0.170514 0.206281 0.0694947 0.388219 9.9991E-05 0.0121449
9.9955E-05 9.9955E-05 9.9955E-05 0.910298 0.0892021 9.9955E-05 9.9955E-05
9.995E-05 9.995E-05 9.995E-05 0.9994 9.995E-05 9.995E-05 9.995E-05
0.0504865 0.138075 0.0563278 0.0783491 0.448379 0.213523 0.0148586
0.137766 0.341935 0.0731245 0.0996277 0.319871 9.9991E-05 0.0275751
0.0922344 0.0398062 0.117473 9.9991E-05 0.142609 0.521759 0.0860183
0.146809 9.9982E-05 0.103534 0.358329 0.0574782 0.333651 9.9982E-05
0.0414571 0.10799 0.0236597 9.9982E-05 0.655962 9.9982E-05 0.170731
0.0940593 0.4552 0.0334185 9.9982E-05 0.342673 9.9982E-05 0.0744487
0.0818744 0.418718 0.130621 0.109257 0.043932 0.208792 0.00680586
0.0307483 0.197743 0.102049 0.112176 0.000166063 0.230857 0.326261
0.0607739 0.455858 0.0483078 0.120451 0.171917 0.109736 0.0329571
9.995E-05 9.995E-05 0.9994 9.995E-05 9.995E-05 9.995E-05 9.995E-05
0.0923701 0.811536 0.0610552 0.0274779 9.9982E-05 9.9982E-05 0.00736124
0.228085 0.266878 0.0141983 9.9973E-05 9.9973E-05 0.490539 9.9973E-05
0.0777115 9.9982E-05 0.115852 0.141479 0.615943 9.9982E-05 0.0488137
0.159745 0.393321 0.0913904 0.13915 0.216194 9.9982E-05 9.9982E-05
0.0957963 0.0285852 0.0882128 0.0174151 0.292041 0.32808 0.149869
9.9982E-05 0.243545 0.0392979 0.220495 0.39456 9.9982E-05 0.101903
9.9982E-05 0.0341306 0.0903026 0.19743 0.558277 9.9982E-05 0.11966
9.9973E-05 9.9973E-05 0.166159 0.234128 9.9973E-05 0.477675 0.121737
9.9973E-05 0.231439 0.0775075 9.9973E-05 0.557915 0.132838 9.9973E-05
0.0236018 0.05039 0.116102 0.156538 0.175702 0.378859 0.0988081
9.9964E-05 0.670328 9.9964E-05 9.9964E-05 9.9964E-05 0.164001 0.165272
9.9991E-05 0.146003 0.0648638 0.208512 0.289732 0.193747 0.0970423
0.131319 0.590685 0.141381 0.00271275 9.9991E-05 0.104496 0.0293065
9.995E-05 9.995E-05 0.9994 9.995E-05 9.995E-05 9.995E-05 9.995E-05
9.99729E-05 0.106421 0.488505 0.37679 0.0279846 9.99729E-05 9.99729E-05
0.0258599 0.314702 9.9982E-05 0.343039 9.9982E-05 0.3018 0.0144
0.12919 0.00226715 0.0865427 9.9991E-05 0.19378 0.519238 0.0688819
9.99641E-05 0.468412 0.144703 9.99641E-05 9.99641E-05 0.386485 9.99641E-05
9.9982E-05 0.166889 0.066 0.216564 0.287969 0.262378 9.9982E-05
0.187167 0.271172 0.0512132 0.271183 0.163418 0.0557468 9.9991E-05
9.995E-05 9.995E-05 9.995E-05 0.9994 9.995E-05 9.995E-05 9.995E-05
9.9982E-05 0.120893 0.149808 0.293209 9.9982E-05 0.38478 0.0511107
0.0071079 0.030956 9.9982E-05 0.318149 0.542645 9.9982E-05 0.100942
0.175398 0.0858553 0.0815455 0.432652 0.183018 0.00342108 0.0381103
9.9982E-05 0.321596 0.0886798 0.06167 0.416129 9.9982E-05 0.111725
0.166033 0.145324 9.9973E-05 0.413738 0.274605 9.9973E-05 9.9973E-05
0.00864342 0.390577 0.106119 0.205432 0.287993 9.9991E-05 0.0011346
0.0406565 0.0311714 9.9982E-05 0.257251 0.566816 0.103904 9.9982E-05
0.0347047 0.425414 0.128775 0.201762 0.209144 9.9982E-05 9.9982E-05
0.106121 9.9991E-05 0.025884 0.310548 0.346883 0.17432 0.0361441
0.9994 9.995E-05 9.995E-05 9.995E-05 9.995E-05 9.995E-05 9.995E-05
0.0822188 0.261382 9.9982E-05 0.11677 0.455549 9.9982E-05 0.0838804
0.034877 9.9973E-05 0.11818 0.638655 9.9973E-05 9.9973E-05 0.207988
9.9991E-05 0.16297 0.194757 0.0692481 0.0329957 0.429801 0.110129
0.0379703 0.388737 0.0620767 0.224633 0.124296 0.162186 9.9991E-05
9.9973E-05 0.224158 9.9973E-05 0.0376682 9.9973E-05 0.479991 0.257883
0.0361193 0.376687 0.0412454 0.451373 9.9982E-05 9.9982E-05 0.0943749
0.9994 9.995E-05 9.995E-05 9.995E-05 9.995E-05 9.995E-05 9.995E-05
0.000846504 0.323986 0.101711 0.0737163 0.233719 0.214624 0.051397
0.157652 0.148399 0.0617614 0.374962 0.19295 0.0251525 0.0391228
9.9982E-05 0.460546 0.0234201 0.0570194 0.0876583 0.371156 9.9982E-05
9.9991E-05 0.0895093 0.00792763 0.416094 0.228069 0.0632434 0.195056
