0.177335 0.302833 0.400986 0.118846
0.118252 0.170167 0.304443 0.407139
0.336332 9.9991E-05 0.212729 0.450838
0.0969688 0.10199 0.343686 0.457356
9.99821E-05 9.99821E-05 0.598135 0.401665
0.334802 9.9991E-05 0.508107 0.156991
9.999E-05 0.164682 0.306742 0.528476
9.999E-05 0.516818 0.425578 0.0575044
0.0353067 0.74419 0.0590984 0.161405
0.646162 9.99911E-05 0.0895196 0.264218
0.58535 0.223283 0.191267 9.9991E-05
9.99821E-05 0.677521 9.99821E-05 0.322279
9.999E-05 0.488908 0.334819 0.176173
9.99821E-05 9.99821E-05 0.304639 0.695161
0.0960929 0.572762 9.99911E-05 0.331045
9.99911E-05 0.0819035 0.781132 0.136865
0.110239 0.10703 0.0923776 0.690353
0.284682 9.9991E-05 0.138232 0.576987
0.0723832 0.858342 9.99911E-05 0.069175
0.429861 9.9991E-05 0.14428 0.425758
0.812018 9.99911E-05 0.0030598 0.184823
0.103977 0.7517 0.144223 9.9991E-05
0.252307 9.9991E-05 0.331426 0.416166
9.998E-05 9.998E-05 0.9997 9.998E-05
0.351362 0.155706 0.492832 9.9991E-05
0.0173241 0.351958 0.630618 9.9991E-05
0.177003 0.229606 0.16528 0.428111
0.348878 0.284256 0.279107 0.087759
0.303208 0.337952 9.9991E-05 0.35874
9.99821E-05 0.108051 0.891749 9.99821E-05
0.408443 0.187666 0.142979 0.260912
9.99911E-05 0.093994 0.0162249 0.889681
0.785225 0.141939 9.99911E-05 0.0727356
0.0640811 0.324889 0.346109 0.264921
9.9991E-05 0.0428878 0.827907 0.129105
0.284487 9.99911E-05 0.197895 0.517518
0.243253 0.285363 0.257571 0.213813
0.922537 0.0720616 0.00530122 9.99911E-05
0.242924 0.213953 0.378709 0.164414
0.409861 0.14351 0.0716714 0.374958
9.99911E-05 0.381072 0.222251 0.396576
0.495341 0.171948 9.99911E-05 0.332611
0.276234 0.148749 0.269471 0.305545
0.245211 0.302244 0.31418 0.138366
0.187474 0.343611 0.0180073 0.450908
0.303571 0.195637 0.225415 0.275377
9.9991E-05 0.384161 0.191734 0.424005
0.113044 0.373625 9.9991E-05 0.51323
0.111163 0.781855 0.106881 9.99911E-05
0.000835011 9.9991E-05 0.531581 0.467484
9.99821E-05 0.13268 0.86712 9.99821E-05
0.539428 9.99821E-05 9.99821E-05 0.460372
9.9991E-05 0.333488 0.532182 0.134231
9.99821E-05 0.500382 0.499418 9.99821E-05
0.0205275 0.0776122 0.0762625 0.825598
0.0712861 0.564147 0.0539503 0.310617
9.9991E-05 0.0419812 0.627881 0.330038
9.99911E-05 0.194131 0.0867459 0.719023
0.210093 0.269648 0.0684111 0.451848
0.369766 0.152412 0.300015 0.177808
0.0225359 0.605043 0.372321 9.99911E-05
0.0378181 0.0206358 0.177227 0.764319
9.99821E-05 0.708863 9.99821E-05 0.290937
0.0833186 9.99821E-05 0.916481 9.99821E-05
0.191365 0.263824 0.516526 0.0282844
9.99821E-05 0.677303 9.99821E-05 0.322497
0.210906 9.9991E-05 0.694218 0.0947762
0.0305803 0.434357 0.306222 0.228841
0.0357653 0.964035 9.99821E-05 9.99821E-05
0.584469 0.385095 0.0303352 9.9991E-05
0.0847071 0.267608 0.0360963 0.611589
9.99821E-05 0.785922 9.99821E-05 0.213878
9.99822E-05 9.99822E-05 0.131808 0.867992
9.99911E-05 0.62606 0.269199 0.104641
9.99911E-05 0.000163891 0.60594 0.393797
9.99911E-05 0.310899 0.00229019 0.686711
9.99822E-05 0.793756 0.206044 9.99822E-05
0.157642 0.44167 0.1723 0.228388
0.225038 0.480426 0.294436 9.9991E-05
0.107844 0.373636 0.098555 0.419964
9.99821E-05 9.99821E-05 0.282001 0.717799
0.213405 0.374904 0.365839 0.045852
0.495228 0.0953913 0.0864873 0.322894
0.14028 0.701548 0.158072 9.9991E-05
9.9991E-05 0.0832135 0.318309 0.598378
9.9991E-05 0.28339 0.0944566 0.622053
0.297867 0.110714 9.99911E-05 0.59132
9.99911E-05 0.0808093 0.883165 0.035926
0.560535 0.199538 0.239828 9.99911E-05
0.389783 0.610017 9.99821E-05 9.99821E-05
9.998E-05 9.998E-05 0.9997 9.998E-05
0.140536 9.99911E-05 0.340155 0.519208
0.0640055 0.39289 0.0399248 0.503179
0.401155 0.0360996 0.26612 0.296626
0.0283058 0.574576 9.9991E-05 0.397018
9.9991E-05 0.171912 0.191151 0.636837
0.280384 9.9991E-05 0.348384 0.371132
0.156452 0.308535 9.9991E-05 0.534913
9.99821E-05 9.99821E-05 0.886956 0.112844
0.274994 0.0271573 0.373231 0.324618
0.389225 9.99911E-05 0.528991 0.0816845
0.261389 9.99822E-05 0.738411 9.99822E-05
0.852639 0.147162 9.99821E-05 9.99821E-05
0.9997 9.998E-05 9.998E-05 9.998E-05
0.121295 0.298796 0.213897 0.366012
0.00483557 0.661716 0.217478 0.11597
0.00221843 0.18809 0.0431648 0.766527
0.41039 0.127034 0.371325 0.0912502
0.248695 0.751105 9.99821E-05 9.99821E-05
0.683862 0.180301 0.135737 9.99911E-05
0.235392 0.105836 0.444902 0.21387
9.99821E-05 0.271769 0.728031 9.99821E-05
0.254935 9.99821E-05 0.744865 9.99821E-05
0.0845506 0.267717 0.282074 0.365658
9.998E-05 9.998E-05 0.9997 9.998E-05
0.145056 0.461434 0.0121321 0.381378
9.9991E-05 0.490614 0.32179 0.187495
9.9991E-05 0.767931 0.0296539 0.202316
0.0906877 0.602726 0.286341 0.0202454
0.304839 0.0837642 0.200491 0.410906
0.111215 0.150288 0.660855 0.0776419
0.264013 9.99911E-05 0.455286 0.280601
0.131777 9.9991E-05 0.54219 0.325933
0.399361 9.99821E-05 9.99821E-05 0.600439
0.288759 0.293813 0.117449 0.299979
0.347036 0.437071 0.215793 9.9991E-05
9.99911E-05 0.304474 0.0420624 0.653363
0.245215 0.323882 0.230725 0.200178
0.928869 9.99822E-05 9.99822E-05 0.0709315
0.266041 9.99911E-05 0.290416 0.443444
0.230689 0.488209 9.99911E-05 0.281003
0.228298 9.9991E-05 0.41526 0.356342
0.120161 0.484837 9.9991E-05 0.394902
0.575432 0.389499 9.9991E-05 0.0349684
0.487041 0.181563 9.9991E-05 0.331296
0.551755 0.0289888 0.328192 0.0910648
0.44399 0.215102 0.319748 0.021159
0.500344 0.0110964 0.488459 9.99911E-05
0.138275 0.588516 9.99911E-05 0.273109
0.0298413 0.471962 0.498096 9.9991E-05
0.309376 0.101328 0.474526 0.11477
0.502733 0.0794476 0.22245 0.195369
0.369055 0.267449 9.9991E-05 0.363396
0.652853 0.346947 9.99821E-05 9.99821E-05
0.0449743 0.0264954 0.883295 0.0452351
0.240778 0.514899 0.237564 0.00675914
9.998E-05 9.998E-05 9.998E-05 0.9997
0.327258 0.00196705 0.410211 0.260565
9.99821E-05 9.99821E-05 0.520311 0.479489
0.334802 0.0598062 0.0672536 0.538138
0.0685025 0.776144 0.0675987 0.0877548
9.99821E-05 0.652793 9.99821E-05 0.347007
0.228969 0.328729 0.276449 0.165853
0.227092 0.347937 0.275778 0.149192
0.0130157 9.99911E-05 0.600672 0.386213
0.430195 0.0180997 9.9991E-05 0.551605
0.288862 9.9991E-05 0.210111 0.500927
0.200825 0.235301 0.245294 0.31858
0.14396 0.303191 0.552748 9.99911E-05
0.426232 0.450278 0.12339 9.9991E-05
9.998E-05 9.998E-05 9.998E-05 0.9997
9.9991E-05 0.755304 0.0262975 0.218298
0.0554331 0.452703 0.359341 0.132523
9.99821E-05 0.50611 9.99821E-05 0.49369
9.99822E-05 0.621331 9.99822E-05 0.378469
0.144503 0.30801 0.385656 0.16183
0.24523 0.162018 0.45318 0.139572
0.310593 0.689207 9.99822E-05 9.99822E-05
9.998E-05 9.998E-05 9.998E-05 0.9997
0.193736 0.0944581 0.317565 0.394241
0.180055 0.460897 0.358949 9.99911E-05
0.161967 0.304049 0.0543522 0.479632
0.297157 0.243436 9.9991E-05 0.459307
0.158365 0.0864174 0.504062 0.251156
0.22891 0.506419 0.264572 9.99911E-05
9.99911E-05 0.519664 0.438679 0.0415572
0.158092 0.256844 0.395525 0.18954
0.963096 9.99821E-05 9.99821E-05 0.0367039
0.382204 0.0598837 0.346241 0.211672
0.269155 0.137124 9.99911E-05 0.593621
0.0910725 0.134728 9.99911E-05 0.774099
0.177677 0.5019 0.05171 0.268714
0.0773708 0.231508 0.575434 0.115687
0.00339895 0.386069 0.395245 0.215288
0.9997 9.998E-05 9.998E-05 9.998E-05
9.99822E-05 0.759072 9.99822E-05 0.240728
0.0495688 0.251482 0.208104 0.490845
0.29758 0.0678857 0.427288 0.207246
0.294766 9.9991E-05 0.204292 0.500842
