9.9964E-05 0.0448728 0.251338 9.9964E-05 0.0694335 0.627832 0.00612445 9.9964E-05 9.9964E-05
0.338602 0.265892 0.0123559 0.0539859 0.0866457 0.0645044 0.0637393 9.9991E-05 0.114175
0.0598644 0.27486 9.99819E-05 0.038816 9.99819E-05 0.200081 0.11366 0.0598816 0.252637
9.9964E-05 9.9964E-05 9.9964E-05 0.0677108 9.9964E-05 0.368783 0.0657405 0.0498575 0.447509
9.998E-05 0.119815 0.168289 0.0131701 9.998E-05 0.118596 0.128249 0.120853 0.330828
0.0398994 9.9982E-05 0.185022 9.9982E-05 0.0768418 0.0876488 0.0177668 0.00637172 0.586249
9.9973E-05 0.167729 0.0925083 0.0134519 9.9973E-05 0.520062 9.9973E-05 0.111264 0.0946851
0.267275 0.0857458 0.278804 9.9982E-05 9.9982E-05 0.312065 0.0164888 0.0300693 0.0093526
9.9982E-05 0.085677 0.135234 0.0906335 0.163272 0.0435028 0.0185078 9.9982E-05 0.462973
9.9964E-05 0.274789 9.9964E-05 9.9964E-05 0.188878 0.295755 0.160358 0.0798201 9.9964E-05
0.103083 0.229414 9.99639E-05 9.99639E-05 0.501808 9.99639E-05 0.125669 9.99639E-05 0.0396265
9.9973E-05 0.252656 0.243378 0.0748962 0.276813 9.9973E-05 9.9973E-05 0.00157536 0.150382
9.999E-05 0.277989 0.252295 0.0111456 0.0570316 0.0334914 0.0845606 0.0930392 0.190347
9.9982E-05 9.9982E-05 0.36575 0.0685513 0.0572227 0.213888 0.0944284 0.0528895 0.147071
0.0546768 9.99459E-05 0.672736 9.99459E-05 0.271988 9.99459E-05 9.99459E-05 9.99459E-05 9.99459E-05
0.336055 9.9982E-05 0.14492 0.188791 0.172896 9.9982E-05 0.00310677 0.0257533 0.128279
9.99459E-05 9.99459E-05 0.332873 9.99459E-05 0.616281 9.99459E-05 0.050246 9.99459E-05 9.99459E-05
0.000370605 9.9982E-05 0.0658682 0.139231 0.240571 0.430301 0.0342706 0.0891883 9.9982E-05
9.9982E-05 0.181728 0.0751728 0.0540703 0.0850747 0.0670872 9.9982E-05 0.0629101 0.473757
0.299862 0.150924 9.9982E-05 0.127348 9.9982E-05 0.0888887 0.0662769 0.0736581 0.192842
0.0545499 0.161653 0.0267122 0.00317619 0.0696374 0.287389 0.0733498 0.113998 0.209535
0.218754 0.195342 0.236171 0.0430972 9.9982E-05 0.182464 0.0975508 0.0264209 9.9982E-05
0.231366 0.0631702 0.00981785 0.0596008 9.9991E-05 0.142878 0.0244613 0.125345 0.343261
0.0795224 9.9973E-05 0.442933 0.224769 9.9973E-05 0.114115 0.0319307 9.9973E-05 0.10643
9.9946E-05 0.167538 9.9946E-05 9.9946E-05 0.752456 9.9946E-05 0.0794062 9.9946E-05 9.9946E-05
0.0155276 9.9973E-05 0.0996176 0.0158407 0.41886 0.39398 0.055874 9.9973E-05 9.9973E-05
0.201157 0.224298 0.183959 0.140467 0.0568767 0.0416884 0.1144 0.0370529 9.9991E-05
9.999E-05 0.161949 0.24016 0.0583074 0.104047 0.171987 0.1119 0.109535 0.0420144
0.04998 9.9982E-05 0.315531 0.0517611 0.274279 0.11522 0.0384797 9.9982E-05 0.154549
0.136304 9.99729E-05 0.0749355 0.660807 9.99729E-05 0.0670987 9.99729E-05 0.0229835 0.0375716
0.301649 0.226881 9.998E-05 0.0132612 0.154644 9.998E-05 0.0415799 0.0545036 0.207282
0.0608157 0.451541 9.9973E-05 0.0744607 0.332853 0.0695046 9.9973E-05 0.0105244 9.9973E-05
9.9964E-05 9.9964E-05 0.216963 0.136067 9.9964E-05 0.105633 9.9964E-05 0.102479 0.438458
0.192285 0.0448362 0.363286 9.9982E-05 9.9982E-05 0.0899771 0.0801298 0.0885769 0.140709
9.9973E-05 0.0922545 0.279109 9.9973E-05 0.3906 9.9973E-05 0.0482612 0.0738102 0.115665
9.9955E-05 9.9955E-05 0.033036 9.9955E-05 0.0967733 0.823435 9.9955E-05 0.0462557 9.9955E-05
0.0159975 9.9973E-05 9.9973E-05 0.0146547 9.9973E-05 0.176605 0.101859 0.0354199 0.655163
9.9964E-05 0.0924771 9.9964E-05 9.9964E-05 0.699049 0.187793 0.0187488 0.0015318 9.9964E-05
0.181604 9.9964E-05 0.22721 0.160552 9.9964E-05 9.9964E-05 0.0842622 9.9964E-05 0.345972
0.20917 0.141458 0.168022 9.9982E-05 0.211913 0.123357 9.9982E-05 0.0990107 0.0468694
0.226484 0.284151 0.290213 0.0460666 9.9964E-05 9.9964E-05 0.152687 9.9964E-05 9.9964E-05
0.456934 9.9964E-05 9.9964E-05 0.000738333 9.9964E-05 0.442981 0.0812565 0.0176897 9.9964E-05
0.322094 0.105954 9.9964E-05 9.9964E-05 9.9964E-05 0.435902 0.0648229 9.9964E-05 0.0708276
9.9946E-05 0.655566 9.9946E-05 9.9946E-05 0.126808 0.217026 9.9946E-05 9.9946E-05 9.9946E-05
0.0267776 0.521166 0.0319148 9.9973E-05 0.145385 0.190115 9.9973E-05 0.0843417 9.9973E-05
0.0266059 9.9991E-05 0.321299 0.0186663 0.0508056 0.0341036 0.146963 0.0453424 0.356114
0.157686 9.9973E-05 0.0747981 0.0526661 0.115145 9.9973E-05 9.9973E-05 0.00874726 0.590657
0.311431 0.144438 9.9982E-05 0.02826 0.0141487 0.0810627 0.0177281 9.9982E-05 0.402731
0.16237 0.479186 0.170421 0.106998 0.0358801 9.9982E-05 0.000694614 0.0442505 9.9982E-05
0.269645 0.159302 0.197576 9.9973E-05 0.218058 0.107241 9.9973E-05 0.0478769 9.9973E-05
9.9982E-05 0.136285 0.181817 0.00641373 0.337156 0.162858 0.039807 0.135463 9.9982E-05
0.20112 0.0320499 9.9982E-05 0.102851 0.0468546 9.9982E-05 0.0239265 0.110528 0.482471
0.664989 9.9964E-05 9.9964E-05 0.0509046 9.9964E-05 0.156538 0.0488914 9.9964E-05 0.0782771
0.157462 9.9973E-05 0.234424 0.111115 9.9973E-05 0.12588 0.198891 9.9973E-05 0.171928
9.9946E-05 0.742519 0.115729 0.141152 9.9946E-05 9.9946E-05 9.9946E-05 9.9946E-05 9.9946E-05
0.293723 9.9973E-05 9.9973E-05 9.9973E-05 0.0490491 0.189233 0.0569294 0.064608 0.346157
9.99461E-05 0.943282 9.99461E-05 9.99461E-05 9.99461E-05 0.0494585 9.99461E-05 0.00666011 9.99461E-05
9.9964E-05 0.660904 9.9964E-05 0.0889502 9.9964E-05 0.0195379 9.9964E-05 0.0529483 0.17726
0.311215 0.0832119 9.9982E-05 0.0891627 0.269264 0.0219081 0.0104817 9.9982E-05 0.214556
0.0648264 0.476828 0.123848 9.9982E-05 0.096796 0.110148 0.0655253 0.0618279 9.9982E-05
0.0929307 9.99639E-05 9.99639E-05 0.137258 9.99639E-05 0.220738 9.99639E-05 0.015987 0.532686
0.140968 9.9991E-05 0.0578213 0.000769985 0.455641 0.0114059 0.0243681 0.106771 0.202155
9.9973E-05 9.9973E-05 0.307811 0.0224738 0.132247 0.0121727 9.9973E-05 0.0736043 0.451391
9.993E-05 9.993E-05 9.993E-05 0.999201 9.993E-05 9.993E-05 9.993E-05 9.993E-05 9.993E-05
0.135547 9.9973E-05 0.0205839 9.9973E-05 0.128745 0.30066 0.127437 9.9973E-05 0.286727
9.9955E-05 9.9955E-05 0.213773 9.9955E-05 9.9955E-05 0.730968 0.0447033 9.9955E-05 0.0100563
9.9982E-05 0.0914246 0.178689 9.9982E-05 0.0782073 0.461749 0.0738539 0.0949509 0.0209251
9.9964E-05 0.02349 0.563317 0.0683611 9.9964E-05 9.9964E-05 9.9964E-05 0.00927254 0.33516
0.0440557 9.9973E-05 0.0815633 0.0375723 0.349048 0.316734 9.9973E-05 9.9973E-05 0.170727
0.197708 0.126624 9.9991E-05 0.0694036 0.0574009 0.274418 0.0649395 0.113937 0.0954705
9.9973E-05 0.526823 0.12441 0.0880063 9.9973E-05 9.9973E-05 0.0658632 0.0217911 0.172806
0.0889585 9.9973E-05 0.608772 0.137224 0.00806795 0.125382 9.9973E-05 0.031295 9.9973E-05
0.130854 0.0452988 0.153228 9.9991E-05 0.0831703 0.219964 0.0203202 0.153365 0.193699
0.409438 0.212429 0.206407 0.033236 0.0772237 9.9982E-05 0.0543832 0.00668335 9.9982E-05
9.9955E-05 0.014841 0.801808 0.0398688 9.9955E-05 9.9955E-05 0.142983 9.9955E-05 9.9955E-05
0.440622 0.13013 0.104238 9.9973E-05 9.9973E-05 9.9973E-05 0.120996 0.0336716 0.170043
9.9982E-05 0.130917 0.382902 0.0740534 9.9982E-05 0.0229663 0.0413226 0.134089 0.21355
0.381827 9.9973E-05 9.9973E-05 9.9973E-05 0.0128983 0.0620188 0.0101767 0.0228026 0.509977
0.0905002 9.99549E-05 9.99549E-05 9.99549E-05 9.99549E-05 0.0986106 0.0564349 9.99549E-05 0.753955
0.147945 0.0458672 0.0987212 0.0645194 9.9991E-05 0.163883 0.0466138 0.0754628 0.356888
0.193996 0.0761221 0.273161 0.0418577 0.00587675 0.26478 9.9991E-05 0.0652525 0.078854
9.9973E-05 9.9973E-05 9.9973E-05 0.130418 0.24287 0.0146156 0.0399301 0.0220009 0.549865
0.25688 0.153854 9.9964E-05 0.196455 9.9964E-05 9.9964E-05 0.0931584 9.9964E-05 0.299252
0.365451 9.9946E-05 9.9946E-05 0.0127458 0.621204 9.9946E-05 9.9946E-05 9.9946E-05 9.9946E-05
9.9955E-05 9.9955E-05 0.745672 0.0724288 9.9955E-05 9.9955E-05 0.0331437 9.9955E-05 0.148256
0.0736146 0.384732 9.9973E-05 9.9973E-05 9.9973E-05 0.291597 0.0710421 0.0411104 0.137603
0.0255597 9.9973E-05 0.141248 0.0132185 0.0471465 0.67123 9.9973E-05 9.9973E-05 0.101297
9.99641E-05 0.0198818 0.0451971 9.99641E-05 9.99641E-05 9.99641E-05 0.0404716 0.0940626 0.799987
0.0168638 9.9982E-05 0.383361 0.179411 0.0867494 0.141012 0.110174 0.0822297 9.9982E-05
0.0450707 0.405163 0.0375193 9.9982E-05 0.0288732 0.376163 9.9982E-05 0.0582517 0.0487588
9.99459E-05 9.99459E-05 9.99459E-05 0.891831 9.99459E-05 0.0463132 0.0612564 9.99459E-05 9.99459E-05
9.9955E-05 0.314679 0.58862 9.9955E-05 0.0212779 9.9955E-05 0.0749234 9.9955E-05 9.9955E-05
0.251873 9.9964E-05 9.9964E-05 9.9964E-05 9.9964E-05 0.149908 0.0356772 0.0675932 0.494549
0.300402 0.0912834 0.251824 0.00120231 0.199458 0.0853149 9.9991E-05 0.0700767 0.000338973
0.175267 0.0179284 0.0557343 9.9991E-05 0.00996659 0.244162 0.0983986 0.0618179 0.336625
0.137537 9.9973E-05 9.9973E-05 0.0751841 0.0653363 0.356785 0.0302817 9.9973E-05 0.334576
0.0877888 0.511167 9.9955E-05 9.9955E-05 9.9955E-05 0.35651 0.0440348 9.9955E-05 9.9955E-05
9.9973E-05 0.192645 0.0634446 0.0403187 9.9973E-05 9.9973E-05 0.122928 0.0462577 0.534107
9.9964E-05 9.9964E-05 9.9964E-05 0.345356 0.258976 0.215547 9.9964E-05 0.140194 0.0395271
0.0414121 0.115167 0.0202385 0.25622 0.359158 0.0975143 9.9982E-05 9.9982E-05 0.11009
9.9982E-05 0.11745 0.123805 0.156977 0.0676574 0.214386 9.9982E-05 0.0663098 0.253216
9.993E-05 9.993E-05 9.993E-05 0.999201 9.993E-05 9.993E-05 9.993E-05 9.993E-05 9.993E-05
0.186749 0.035544 0.219619 0.0179203 0.178866 9.9991E-05 0.0898339 0.0614805 0.209888
9.99459E-05 9.99459E-05 9.99459E-05 9.99459E-05 9.99459E-05 0.00659754 0.969297 0.0235057 9.99459E-05
0.295536 0.115221 9.9982E-05 0.0455921 0.311358 0.154993 0.0299894 0.0471111 9.9982E-05
0.547588 0.0567452 9.9973E-05 9.9973E-05 0.0636809 0.0755901 0.0186218 9.9973E-05 0.237474
0.122841 0.140972 0.381641 9.9964E-05 9.9964E-05 0.24481 9.9964E-05 9.9964E-05 0.109336
0.0151928 0.359438 0.10956 0.052348 9.9991E-05 0.190146 0.0147719 0.0897743 0.168668
0.237636 0.00590691 0.516907 0.175694 0.0136226 9.9973E-05 0.0499331 9.9973E-05 9.9973E-05
0.0172665 0.385173 0.13165 0.0389052 0.104783 0.170439 0.0397539 0.11193 9.9991E-05
0.0762781 9.9982E-05 0.266719 9.9982E-05 0.0872058 0.0591298 0.0986036 0.00856234 0.403301
0.00253053 0.324573 9.9991E-05 0.105413 0.0333399 0.046407 0.0576084 0.120481 0.309547
0.292175 0.0523813 9.9982E-05 0.14292 0.0922343 0.0471922 0.035403 9.9982E-05 0.337494
0.0107887 0.0387788 0.0131069 0.455554 0.211121 9.9991E-05 0.043225 0.0461561 0.181169
0.118566 0.112578 0.125691 9.9973E-05 9.9973E-05 0.34242 0.00979136 9.9973E-05 0.290654
9.9946E-05 0.0215523 9.9946E-05 0.977676 9.9946E-05 9.9946E-05 9.9946E-05 9.9946E-05 0.000172022
0.028257 0.0830333 0.11682 9.9982E-05 0.304957 0.12049 0.157979 9.9982E-05 0.188263
9.9964E-05 0.0673421 0.162699 9.9964E-05 0.135001 0.614868 9.9964E-05 0.0196896 9.9964E-05
0.0798293 0.265397 0.0644868 0.0189125 9.9973E-05 0.0783577 9.9973E-05 9.9973E-05 0.492716
9.99549E-05 9.99549E-05 9.99549E-05 9.99549E-05 0.604567 0.305087 0.00542132 0.0844246 9.99549E-05
0.0208287 9.9973E-05 0.200749 9.9973E-05 9.9973E-05 0.54119 0.0431811 0.0739683 0.119783
9.9973E-05 9.9973E-05 0.0722997 0.39476 0.149458 0.134905 9.9973E-05 0.145536 0.102741
9.9982E-05 0.112052 0.29228 0.189056 0.09021 0.284072 0.0162859 0.0158449 9.9982E-05
0.134496 9.9946E-05 9.9946E-05 9.9946E-05 0.54951 9.9946E-05 9.9946E-05 9.9946E-05 0.315394
0.00937698 0.438988 9.997E-05 0.18821 9.997E-05 9.997E-05 0.0341897 0.0885397 0.240396
9.9946E-05 9.9946E-05 0.344041 9.9946E-05 0.0606007 9.9946E-05 9.9946E-05 9.9946E-05 0.594758
0.177181 0.294977 0.0907836 9.9973E-05 0.239997 9.9973E-05 9.9973E-05 0.0410995 0.155662
0.136648 0.299874 0.042205 0.108023 0.0716324 0.130495 0.138229 9.9991E-05 0.0727942
9.9964E-05 0.40111 0.062862 9.9964E-05 9.9964E-05 0.000510762 9.9964E-05 0.0141207 0.520996
9.9964E-05 0.150304 9.9964E-05 0.00567646 0.7493 0.0714838 9.9964E-05 0.0228357 9.9964E-05
9.9964E-05 9.9964E-05 0.250594 9.9964E-05 0.029988 0.576944 9.9964E-05 0.0392676 0.102807
0.0422938 9.9982E-05 0.13359 0.160489 0.00662696 0.0750433 9.9982E-05 0.0717661 0.509991
9.9982E-05 9.9982E-05 0.00399054 0.170809 0.377821 0.10716 0.000511894 0.00939421 0.330114
0.305696 9.9982E-05 0.144335 0.097679 0.147379 9.9982E-05 0.015844 0.0453903 0.243476
9.9973E-05 0.117307 0.131036 0.108051 9.9973E-05 0.233079 0.0620173 9.9973E-05 0.348211
9.9964E-05 0.333149 9.9964E-05 9.9964E-05 0.268394 9.9964E-05 0.0761541 0.122585 0.199319
0.829099 9.9946E-05 9.9946E-05 9.9946E-05 0.124695 9.9946E-05 9.9946E-05 9.9946E-05 0.0456059
0.992042 9.9937E-05 9.9937E-05 9.9937E-05 9.9937E-05 9.9937E-05 9.9937E-05 0.00725852 9.9937E-05
0.113151 0.474629 9.9991E-05 0.0296237 0.024912 0.208685 0.0175068 0.0868198 0.0445723
0.0880473 0.0836902 0.0610527 0.00184338 0.340125 9.9991E-05 0.0801293 0.0452999 0.299712
9.9973E-05 0.153561 0.246995 0.0446895 9.9973E-05 9.9973E-05 0.0888074 0.0682909 0.397356
0.441923 0.128913 0.0670016 9.9982E-05 0.172567 9.9982E-05 0.00588802 0.116034 0.0674729
9.9973E-05 0.317327 0.185909 0.0358604 0.0465304 9.9973E-05 0.0315294 9.9973E-05 0.382544
9.9982E-05 0.401105 0.321129 0.0742432 0.0142838 0.0856751 0.028687 0.074677 9.9982E-05
0.101691 0.00758035 0.354682 0.131291 9.9991E-05 0.0412999 0.104389 0.055009 0.203957
9.99639E-05 9.99639E-05 0.282684 0.318155 0.177052 0.144798 9.99639E-05 0.0769105 9.99639E-05
0.0295534 0.112002 0.472917 9.9982E-05 9.9982E-05 0.0028905 0.0572118 0.014881 0.310344
9.993E-05 9.993E-05 9.993E-05 9.993E-05 9.993E-05 9.993E-05 9.993E-05 0.999201 9.993E-05
9.9973E-05 0.0529883 0.232021 9.9973E-05 9.9973E-05 0.556774 0.0653357 0.0652909 0.0272894
0.278976 9.9964E-05 9.9964E-05 9.9964E-05 9.9964E-05 0.429796 0.183086 0.00431596 0.103426
0.00449109 0.26875 0.0180492 0.0659281 0.292375 9.9982E-05 9.9982E-05 0.0299166 0.32029
0.0126958 0.066266 0.0210803 9.9982E-05 9.9982E-05 0.218669 0.206108 0.0836673 0.391314
0.0408787 0.259012 0.10361 0.110912 9.9991E-05 0.145333 0.0824683 0.144573 0.113113
0.183838 0.236919 0.186435 0.0141498 0.0293211 0.0883479 0.087528 0.0627508 0.11071
9.9982E-05 0.219585 0.230041 0.0194279 0.156822 0.069997 9.9982E-05 0.0316486 0.272279
0.27028 9.9991E-05 0.136062 0.13008 0.194892 0.172247 0.0608257 0.0303826 0.005131
0.0161198 0.41221 0.00148537 9.9982E-05 0.0721971 0.108882 9.9982E-05 0.100823 0.288082
0.171493 0.0822551 9.9982E-05 9.9982E-05 0.096249 0.143828 0.12189 0.0741315 0.309953
0.0495401 9.9946E-05 9.9946E-05 0.0348712 9.9946E-05 0.914989 9.9946E-05 9.9946E-05 9.9946E-05
0.1547 0.0884141 0.216127 0.0771285 0.0121499 0.1017 9.9991E-05 0.0654237 0.284257
0.039466 9.9973E-05 9.9973E-05 9.9973E-05 0.552015 0.0762709 0.0369064 0.0476819 0.24736
9.993E-05 9.993E-05 9.993E-05 9.993E-05 9.993E-05 9.993E-05 9.993E-05 0.999201 9.993E-05
9.99459E-05 9.99459E-05 0.563716 9.99459E-05 9.99459E-05 9.99459E-05 9.99459E-05 0.303357 0.132327
0.485684 0.021358 0.00895671 0.00356682 9.9982E-05 0.261754 0.0158605 9.9982E-05 0.20262
9.9973E-05 0.352419 9.9973E-05 9.9973E-05 0.14543 0.253151 0.0545481 0.0788157 0.115336
0.00124651 9.9973E-05 0.0232236 0.0723116 9.9973E-05 0.819663 0.0248082 0.0584468 9.9973E-05
9.99819E-05 0.146771 0.412329 9.99819E-05 0.0167603 0.102902 0.0208979 0.0285467 0.271593
0.158257 0.287533 0.157569 9.9973E-05 9.9973E-05 9.9973E-05 0.0903422 0.0684724 0.237526
0.999201 9.993E-05 9.993E-05 9.993E-05 9.993E-05 9.993E-05 9.993E-05 9.993E-05 9.993E-05
0.130295 9.9991E-05 0.420256 0.038647 0.00865855 0.242682 0.0125311 0.0726037 0.0742268
0.240376 0.202397 0.0454943 0.0915382 0.0311461 9.9973E-05 9.9973E-05 9.9973E-05 0.388748
0.113469 0.318982 0.0773916 0.0562654 0.0543405 0.093702 0.11265 0.0712281 0.101972
0.143485 9.9973E-05 9.9973E-05 0.0779203 0.0407206 0.10677 9.9973E-05 0.0683189 0.562485
0.305555 0.487702 0.160959 9.9964E-05 9.9964E-05 9.9964E-05 0.0446464 0.00073803 9.9964E-05
0.0222984 0.0358685 0.662102 9.9973E-05 9.9973E-05 0.177732 0.0359315 0.0657677 9.9973E-05
0.170602 0.20567 0.163344 0.0879686 9.9982E-05 0.00198242 0.0947746 9.9982E-05 0.275459
0.0309559 0.0455371 9.9964E-05 9.9964E-05 0.302737 9.9964E-05 9.9964E-05 0.0918911 0.528479
0.0680116 0.0665539 0.154588 9.9982E-05 0.196651 0.0569821 0.0663423 9.9982E-05 0.390672
9.9946E-05 9.9946E-05 9.9946E-05 0.0132298 0.0263186 9.9946E-05 0.959852 9.9946E-05 9.9946E-05
0.109765 0.595298 9.9982E-05 0.0516588 9.9982E-05 0.102825 0.0512329 0.0142269 0.074793
9.99369E-05 9.99369E-05 0.367527 9.99369E-05 0.631773 9.99369E-05 9.99369E-05 9.99369E-05 9.99369E-05
0.0148722 0.279381 0.0494679 0.0517348 0.193764 0.174763 0.0236603 0.173113 0.0392442
0.0927339 0.307534 0.144865 0.0580345 9.9982E-05 0.328309 0.0383738 0.02995 9.9982E-05
0.0523525 9.9955E-05 9.9955E-05 0.0909655 9.9955E-05 0.588627 9.9955E-05 9.9955E-05 0.267556
9.9955E-05 9.9955E-05 9.9955E-05 9.9955E-05 0.234209 0.295913 9.9955E-05 0.0317111 0.437668
9.993E-05 9.993E-05 9.993E-05 9.993E-05 9.993E-05 9.993E-05 0.999201 9.993E-05 9.993E-05
0.0425495 0.0269615 0.0517247 0.0160991 9.9982E-05 0.279454 9.9982E-05 0.0777635 0.505248
0.0945039 0.0867658 0.170628 0.0403953 0.0956141 0.180048 0.197012 0.0503518 0.0846805
0.0298339 9.9982E-05 0.0868223 0.0628221 9.9982E-05 0.398148 0.00671623 0.0341968 0.381261
0.285813 0.206796 0.237116 0.0426121 9.9973E-05 0.206617 9.9973E-05 0.0207466 9.9973E-05
