0.2477 0.569523 0.00301416 0.0433614 0.136402
9.999E-05 0.0980669 0.10189 0.409257 0.390686
0.205433 0.270114 0.166894 9.9991E-05 0.357459
0.180575 0.366275 9.9982E-05 9.9982E-05 0.45295
9.9982E-05 0.175496 9.9982E-05 0.507633 0.316671
0.175985 0.117309 0.178207 0.188779 0.33972
0.018722 0.253695 0.0428645 0.431335 0.253384
9.99731E-05 0.675837 9.99731E-05 0.323863 9.99731E-05
9.99732E-05 9.99732E-05 0.703827 9.99732E-05 0.295874
0.765402 9.99731E-05 0.234298 9.99731E-05 9.99731E-05
0.161318 0.340907 0.280422 9.9991E-05 0.217253
9.99821E-05 0.362409 9.99821E-05 0.375375 0.262017
0.0761652 0.394862 0.138416 0.29044 0.100117
0.303917 9.99821E-05 9.99821E-05 0.539629 0.156254
0.0930668 0.445437 0.269032 0.192364 9.99911E-05
9.99821E-05 0.39123 9.99821E-05 0.214809 0.393762
9.99821E-05 9.99821E-05 0.302485 0.447572 0.249742
0.614552 0.00587033 0.0199044 0.161451 0.198223
9.99731E-05 0.396094 0.603606 9.99731E-05 9.99731E-05
0.442784 0.168239 0.198056 0.117827 0.0730949
0.851298 9.99821E-05 0.138758 9.99821E-05 0.00974375
9.99821E-05 0.583833 0.277344 9.99821E-05 0.138622
9.999E-05 0.160548 0.152653 0.0595282 0.627171
9.99821E-05 9.99821E-05 0.0572639 0.0187906 0.923745
0.21493 0.20483 0.119114 9.99911E-05 0.461027
0.134211 0.36963 0.0847039 0.0335599 0.377895
0.528928 0.209742 0.14458 0.0832595 0.0334906
9.99821E-05 0.46088 0.501138 0.0377819 9.99821E-05
9.99821E-05 0.700862 0.282599 0.0163399 9.99821E-05
0.0242253 0.126936 9.99822E-05 9.99822E-05 0.848639
0.423039 9.9991E-05 0.213972 0.355908 0.00697969
0.363616 0.320943 9.99821E-05 0.315241 9.99821E-05
0.478473 9.99732E-05 0.521227 9.99732E-05 9.99732E-05
0.263465 0.558995 9.9991E-05 0.060459 0.116981
9.9982E-05 0.318789 9.9982E-05 0.162158 0.518853
0.521525 9.9982E-05 9.9982E-05 0.357294 0.12098
9.99911E-05 0.40334 0.0711648 0.317907 0.207489
9.99821E-05 0.115375 0.592218 9.99821E-05 0.292207
0.31922 0.399996 0.00514239 0.114001 0.161641
0.156479 0.535183 0.0844417 9.9991E-05 0.223796
0.211766 9.99911E-05 0.255588 0.160556 0.371991
0.824345 9.99732E-05 9.99732E-05 9.99732E-05 0.175355
0.454421 0.00419044 0.0553655 0.485923 9.9991E-05
9.9991E-05 0.286471 0.319509 0.0204991 0.373421
0.124023 0.661051 0.0402546 0.174572 9.99911E-05
0.495105 0.336165 9.99911E-05 0.0976169 0.0710132
0.888532 0.111168 9.99731E-05 9.99731E-05 9.99731E-05
0.454984 0.0865937 0.24124 0.217082 9.9991E-05
0.51826 0.48144 9.99733E-05 9.99733E-05 9.99733E-05
0.190691 0.569789 9.9991E-05 0.192447 0.0469733
9.9982E-05 0.487178 0.00284288 9.9982E-05 0.509779
0.264501 9.9991E-05 0.47825 0.157847 0.0993028
9.99821E-05 0.163144 0.353962 9.99821E-05 0.482694
0.257394 0.661873 9.99821E-05 9.99821E-05 0.0805332
9.99732E-05 9.99732E-05 0.430038 0.569662 9.99732E-05
9.99821E-05 0.370783 0.301452 0.327566 9.99821E-05
9.9991E-05 0.106426 0.234379 0.282182 0.376913
9.99732E-05 9.99732E-05 0.196368 0.803332 9.99732E-05
0.0250605 0.218583 0.347248 0.406916 0.00219324
0.544129 0.0433379 0.0891571 0.125399 0.197978
9.99821E-05 0.582877 0.225138 9.99821E-05 0.191785
0.32284 9.9982E-05 9.9982E-05 0.300737 0.376223
9.9982E-05 0.327698 0.561957 9.9982E-05 0.110145
0.0609422 0.203956 9.9991E-05 0.066491 0.668511
9.99911E-05 0.580303 0.170438 0.126214 0.122946
0.416821 0.266524 0.244387 9.9991E-05 0.0721673
0.112137 0.323751 9.9991E-05 0.164552 0.399461
0.109339 0.462792 0.271676 0.123921 0.0322732
0.0949981 0.904702 9.99731E-05 9.99731E-05 9.99731E-05
0.319601 0.469846 9.99821E-05 9.99821E-05 0.210353
0.414102 0.0420923 0.248078 0.267554 0.028174
0.390251 0.130253 0.193271 0.262994 0.0232307
9.99732E-05 9.99732E-05 0.140127 0.859573 9.99732E-05
0.0526281 0.848567 9.99821E-05 0.0986048 9.99821E-05
0.0616551 0.389441 9.99911E-05 0.273856 0.274948
0.104105 0.47264 0.0752554 0.347899 9.9991E-05
0.128876 0.483929 0.108635 9.99911E-05 0.27846
0.134742 9.9991E-05 0.463917 0.26641 0.134832
9.9991E-05 0.372655 0.286383 0.223827 0.117035
9.99821E-05 0.180896 0.230598 0.588306 9.99821E-05
9.99821E-05 0.479479 9.99821E-05 0.512745 0.00757559
0.191312 0.185578 0.30285 0.157334 0.162926
0.856795 9.99821E-05 0.0861568 0.0568484 9.99821E-05
0.402993 0.190923 0.378689 9.9991E-05 0.0272952
0.469699 0.148456 9.9991E-05 0.212288 0.169458
0.491039 0.252135 0.0455762 0.186029 0.0252214
0.175644 9.9991E-05 0.449221 0.357065 0.01797
9.99731E-05 9.99731E-05 9.99731E-05 0.149256 0.850444
0.337054 0.294539 0.267781 9.99911E-05 0.100526
9.99821E-05 0.415504 0.471163 9.99821E-05 0.113133
9.99733E-05 0.177336 9.99733E-05 9.99733E-05 0.822364
0.58086 9.99732E-05 9.99732E-05 0.41884 9.99732E-05
0.741298 9.99821E-05 9.99821E-05 0.101574 0.156927
0.141425 9.9991E-05 0.320105 0.0801937 0.458175
0.392748 0.154263 0.166622 0.225703 0.0606638
0.0419989 0.00509149 0.419398 0.403592 0.12992
0.349915 9.9991E-05 0.141824 0.165772 0.342389
0.659069 0.132842 0.20789 9.99821E-05 9.99821E-05
0.118975 0.366205 9.9991E-05 0.00488441 0.509836
0.223584 9.9991E-05 0.0605358 0.113273 0.602507
9.99822E-05 9.99822E-05 0.301194 0.359101 0.339505
9.997E-05 9.997E-05 9.997E-05 9.997E-05 0.9996
9.99731E-05 9.99731E-05 0.852664 9.99731E-05 0.147036
9.99731E-05 9.99731E-05 0.700263 9.99731E-05 0.299438
0.14996 0.677726 0.172114 9.9982E-05 9.9982E-05
0.112956 0.398072 0.178629 0.0725426 0.237801
0.455384 0.0517169 0.102725 0.390075 9.9991E-05
0.0857767 0.752379 0.0744258 9.99911E-05 0.087319
0.155797 0.752286 9.99821E-05 9.99821E-05 0.091717
0.418928 0.337892 0.14336 9.99911E-05 0.09972
0.505406 0.0038607 9.99911E-05 0.116796 0.373838
9.99821E-05 0.571089 9.99821E-05 0.205012 0.2237
0.0240974 0.265542 9.99822E-05 9.99822E-05 0.710161
9.99821E-05 0.664589 0.0964929 0.238718 9.99821E-05
9.997E-05 9.997E-05 9.997E-05 9.997E-05 0.9996
9.99821E-05 9.99821E-05 0.645043 0.245836 0.108921
0.190567 0.629015 0.02229 9.9991E-05 0.158028
9.99911E-05 0.636037 0.18554 0.134652 0.0436703
9.9991E-05 0.71536 0.178748 0.000501099 0.10529
0.381066 0.341168 0.0291068 0.0766288 0.17203
0.217496 0.0413775 0.0888848 9.9991E-05 0.652142
0.118026 9.9991E-05 0.124725 0.373446 0.383704
0.176786 0.452188 0.0190233 0.123671 0.228333
0.771002 0.0439138 9.99821E-05 0.184884 9.99821E-05
0.161925 0.176731 0.297293 9.9991E-05 0.363952
0.159954 0.233217 0.240155 0.174313 0.19236
0.709458 9.99732E-05 9.99732E-05 0.290242 9.99732E-05
9.99821E-05 0.525577 0.150856 0.323367 9.99821E-05
0.542639 0.23969 9.99822E-05 9.99822E-05 0.217471
0.216225 0.370205 0.162269 0.00377911 0.247522
0.373548 9.99822E-05 0.503509 9.99822E-05 0.122743
0.258122 0.175614 0.113285 0.241546 0.211432
9.99821E-05 0.47477 0.47837 0.0466603 9.99821E-05
0.146559 0.317755 0.535486 9.9982E-05 9.9982E-05
0.711798 9.99821E-05 0.168908 0.119094 9.99821E-05
0.586797 0.412903 9.99732E-05 9.99732E-05 9.99732E-05
0.173716 0.825984 9.99732E-05 9.99732E-05 9.99732E-05
0.339723 0.659978 9.99732E-05 9.99732E-05 9.99732E-05
0.216482 9.99821E-05 0.584129 0.19919 9.99821E-05
0.0461298 0.868998 9.99821E-05 9.99821E-05 0.0846717
9.99911E-05 0.205818 0.455504 0.107666 0.230912
0.17012 9.99911E-05 0.447337 0.0916852 0.290758
0.404053 0.0776128 0.238416 0.200054 0.0798637
0.225294 0.0125794 0.620324 9.99911E-05 0.141703
0.0535084 0.224445 9.9991E-05 0.0812193 0.640727
9.9991E-05 0.634795 0.127506 0.0199092 0.21769
9.997E-05 9.997E-05 9.997E-05 0.9996 9.997E-05
0.22832 0.299977 0.296194 9.9991E-05 0.17541
0.28506 9.99821E-05 9.99821E-05 0.524497 0.190242
9.99911E-05 0.344883 0.205948 0.36964 0.0794297
9.99911E-05 0.391741 0.378365 0.198711 0.0310833
0.0251448 0.310931 0.460707 0.203117 9.9991E-05
0.193032 0.761739 9.99821E-05 9.99821E-05 0.0450286
9.9991E-05 0.272541 0.282217 0.17083 0.274312
0.278502 9.99821E-05 9.99821E-05 0.257727 0.463571
0.402213 0.148206 0.282649 0.166832 9.99911E-05
0.27723 9.9991E-05 0.360225 0.178819 0.183626
0.344206 0.294587 0.191164 0.169944 9.99911E-05
9.99821E-05 0.897317 9.99821E-05 0.0115863 0.0908963
0.0945457 0.333169 0.253141 9.9991E-05 0.319045
9.997E-05 9.997E-05 9.997E-05 0.9996 9.997E-05
0.392278 0.554645 9.99821E-05 0.0528774 9.99821E-05
0.106311 0.418082 0.133711 0.270817 0.0710786
0.151027 0.0528218 0.328334 0.467718 9.99911E-05
0.00130553 0.271674 0.212849 0.514071 9.99911E-05
0.234351 0.125188 0.102809 0.111824 0.425828
0.253715 0.492965 9.99911E-05 0.163945 0.0892745
9.99733E-05 0.778632 0.221068 9.99733E-05 9.99733E-05
9.99822E-05 9.99822E-05 0.0487779 0.886646 0.0643757
0.204842 0.166956 0.190675 0.179589 0.257938
9.99732E-05 0.781054 9.99732E-05 9.99732E-05 0.218646
0.167236 0.496657 0.0913887 0.244619 9.9991E-05
0.0387299 0.295208 0.574807 0.0911552 9.9991E-05
0.450754 0.249273 9.99821E-05 9.99821E-05 0.299773
9.99821E-05 0.626747 0.0443772 9.99821E-05 0.328675
0.0364358 0.783762 9.99821E-05 0.179602 9.99821E-05
0.134031 0.317461 0.129213 0.178688 0.240608
0.435984 9.99911E-05 0.38251 0.0360485 0.145357
0.492767 0.196039 0.146133 9.99911E-05 0.164962
0.354264 9.9991E-05 0.524349 0.119592 0.00169437
0.782863 9.99732E-05 9.99732E-05 0.216837 9.99732E-05
0.836102 0.0485945 0.0929545 0.0222486 9.9991E-05
0.432503 0.224801 9.9982E-05 9.9982E-05 0.342496
9.99821E-05 0.625791 9.99821E-05 0.342117 0.031892
0.197195 9.99821E-05 0.7613 9.99821E-05 0.0413053
0.000589978 0.603946 0.227792 0.167573 9.99911E-05
9.99821E-05 0.401676 0.359393 0.238731 9.99821E-05
9.9991E-05 0.336898 0.197926 0.0878664 0.37721
0.295953 9.9991E-05 0.174577 0.222688 0.306681
