0.128894 0.689224 0.181782 9.9991E-05
0.545525 9.9991E-05 0.237398 0.216977
0.392946 0.250653 0.165994 0.190407
0.0397725 0.559254 0.360651 0.0403222
0.295529 0.412917 0.136844 0.15471
0.496099 0.237906 0.265896 9.9991E-05
0.277487 0.529488 0.0803778 0.112646
0.00955379 0.303092 0.478193 0.209161
0.548593 0.284394 0.0526968 0.114316
0.494331 0.157786 0.169952 0.17793
0.851747 0.0898375 0.0583156 9.9991E-05
0.723683 0.0861711 9.9991E-05 0.190046
0.436387 0.364863 0.0609946 0.137755
0.246481 0.325683 0.191898 0.235938
0.158744 0.35811 0.376242 0.106905
0.112454 0.356661 0.395274 0.135611
9.9991E-05 0.374322 0.420411 0.205166
0.0670839 0.484111 0.29236 0.156446
0.579946 0.356315 9.9991E-05 0.0636381
0.213415 0.344218 0.432347 0.0100204
0.23915 0.523008 0.234026 0.00381672
0.303116 0.355549 0.255033 0.0863017
0.378129 0.322594 0.223274 0.0760029
0.317737 0.241125 0.118135 0.323003
0.798558 0.201242 9.9982E-05 9.9982E-05
9.9991E-05 0.480536 0.322579 0.196785
0.228835 0.161634 0.404123 0.205409
0.250169 0.341083 0.151128 0.25762
0.179499 0.0996123 0.498296 0.222593
9.9991E-05 0.156937 0.132281 0.710682
0.693202 0.00239315 0.139932 0.164473
0.552871 0.119156 0.208413 0.11956
0.176736 0.542002 0.0723022 0.20896
0.253004 0.302064 0.444832 9.9991E-05
0.373555 0.395783 0.192204 0.0384589
9.998E-05 0.9997 9.998E-05 9.998E-05
0.122896 0.457852 0.418141 0.00111098
0.451915 0.26984 0.13574 0.142506
0.0455783 0.196046 0.537073 0.221303
0.262262 0.285359 0.452279 9.9991E-05
0.270862 0.187534 0.402744 0.13886
0.0841478 0.192161 0.650058 0.073633
0.15022 0.317324 0.486292 0.0461635
0.637165 0.176702 9.9991E-05 0.186033
0.757683 0.130787 9.9991E-05 0.11143
0.372256 0.24469 0.378646 0.00440869
0.534478 0.147759 0.0834294 0.234334
0.297749 0.277127 0.289099 0.136025
0.377615 0.0546394 0.378548 0.189197
0.283312 0.343667 0.277374 0.0956472
0.277121 0.335987 0.21209 0.174801
0.391537 0.2911 0.221004 0.0963589
0.12068 0.117859 0.56573 0.195732
0.0766006 0.202848 0.560753 0.159799
0.748909 9.9991E-05 0.126127 0.124864
0.256174 0.462244 0.2527 0.0288818
0.635273 0.166294 0.102589 0.0958438
0.702872 0.164068 9.9991E-05 0.13296
0.421104 9.9991E-05 0.565772 0.0130246
0.559421 0.127124 0.313355 9.9991E-05
0.207835 0.353767 0.223987 0.21441
0.324081 0.362952 0.310065 0.00290133
0.39893 0.55967 9.9991E-05 0.0413001
9.9991E-05 0.077947 0.063801 0.858152
0.0322737 0.31215 0.631039 0.0245371
9.9982E-05 0.845147 0.154653 9.9982E-05
0.167369 0.387084 0.445448 9.9991E-05
0.429737 0.382406 0.0964699 0.0913867
0.256534 0.476422 0.125444 0.141601
0.161635 0.250425 0.335068 0.252872
0.746559 9.9991E-05 0.192596 0.0607451
9.9982E-05 0.593096 0.406704 9.9982E-05
0.219694 0.34582 0.157611 0.276875
0.554188 9.9991E-05 0.306508 0.139204
0.179181 0.120001 0.488657 0.21216
0.446501 9.9982E-05 0.553299 9.9982E-05
0.28343 0.412569 0.285707 0.0182937
0.318081 0.234992 0.362232 0.084695
0.270743 0.196479 0.450694 0.0820838
0.184638 0.293862 0.288528 0.232971
0.199975 0.437514 0.290919 0.0715921
0.12982 0.683481 0.173098 0.0136008
0.453683 0.0121991 0.275618 0.2585
0.0996985 0.177997 0.465131 0.257173
0.0905756 0.469504 0.250897 0.189023
0.496061 0.191114 0.312724 9.9991E-05
0.2107 0.6843 9.9991E-05 0.1049
0.833873 0.165927 9.99821E-05 9.99821E-05
0.0371497 0.405699 0.338903 0.218249
0.586375 0.413425 9.9982E-05 9.9982E-05
9.998E-05 9.998E-05 9.998E-05 0.9997
0.499247 0.260577 0.239009 0.00116757
0.106054 0.573531 0.320314 9.9991E-05
0.271847 0.243338 0.169177 0.315638
9.9982E-05 0.519826 0.479974 9.9982E-05
0.104204 0.307792 0.4064 0.181604
0.535794 0.101726 0.287543 0.0749373
0.390303 0.333499 0.276098 9.9991E-05
9.9982E-05 0.44744 9.9982E-05 0.55236
0.43009 0.127772 9.9991E-05 0.442038
0.436806 0.413989 9.9991E-05 0.149106
9.998E-05 9.998E-05 9.998E-05 0.9997
0.333411 0.18829 0.325404 0.152895
9.9982E-05 0.0313242 0.968476 9.9982E-05
0.236728 0.139103 0.462058 0.162112
0.538877 0.0881443 0.270984 0.101994
0.311215 0.189697 0.362721 0.136367
0.118205 0.334334 0.370199 0.177261
0.27704 0.0202535 0.429033 0.273673
0.442402 0.232234 0.257628 0.0677356
0.161448 0.346056 0.43813 0.0543653
0.564798 0.160056 9.9991E-05 0.275047
0.222946 0.0868087 0.63614 0.0541053
0.112626 0.248899 0.0482816 0.590193
0.368823 0.247018 0.213684 0.170476
9.998E-05 9.998E-05 9.998E-05 0.9997
0.195572 0.282502 0.451288 0.0706374
0.0432281 0.477175 0.369177 0.11042
0.47519 0.054466 0.305889 0.164455
0.29286 0.465323 0.0863225 0.155495
9.9991E-05 0.713423 0.247037 0.0394401
0.0253505 0.484835 9.9991E-05 0.489714
0.238965 0.404293 0.158561 0.19818
0.513901 0.250636 0.235363 9.9991E-05
0.737746 0.0252716 9.9991E-05 0.236883
0.592434 0.215996 9.9991E-05 0.191471
0.560604 0.243661 0.185926 0.00980847
0.200843 0.336714 0.357928 0.104515
0.695099 0.20795 0.0968508 9.9991E-05
0.670674 0.197668 9.9991E-05 0.131558
0.142427 0.798276 9.9991E-05 0.0591969
0.118877 0.364168 0.401179 0.115775
0.384621 0.133309 9.9991E-05 0.48197
0.282461 0.0818491 0.380361 0.255329
0.295506 0.521181 0.183214 9.9991E-05
0.658294 0.242383 0.099223 9.9991E-05
0.148469 0.054318 0.797113 9.9991E-05
9.9982E-05 9.9982E-05 0.873141 0.126659
0.463906 0.227345 0.17298 0.135769
0.0766727 0.403127 0.481766 0.0384349
0.405823 0.286259 0.252454 0.0554644
0.678753 0.121014 0.196714 0.00351891
0.613839 0.189024 0.0291332 0.168003
0.515218 0.355704 0.0535144 0.0755632
9.9991E-05 0.568875 0.275796 0.155229
9.9991E-05 0.319107 0.16379 0.517003
0.359574 0.278565 0.298884 0.0629773
9.998E-05 0.9997 9.998E-05 9.998E-05
0.0770431 0.576754 0.346103 9.9991E-05
9.9982E-05 0.256916 0.742884 9.9982E-05
0.834527 0.0768183 9.9991E-05 0.088555
0.263078 0.336953 0.399868 9.9991E-05
0.508943 0.186402 0.175941 0.128715
0.418181 0.151443 0.225581 0.204795
0.662017 0.191738 0.00108452 0.14516
9.9991E-05 0.304994 0.443929 0.250977
0.62301 0.31498 0.0619099 9.9991E-05
0.351331 0.30129 0.16338 0.183999
9.9991E-05 0.609347 0.217875 0.172677
0.321927 0.278472 0.173239 0.226362
0.228541 0.479833 0.252122 0.0395047
9.9982E-05 0.988591 9.9982E-05 0.0112094
0.240159 0.614892 0.144849 9.9991E-05
0.12238 0.0862065 0.694944 0.0964688
0.534763 0.247981 0.0782247 0.139031
0.00344676 0.735005 0.24762 0.0139287
0.459386 0.372188 0.168325 9.9991E-05
0.630468 0.104662 0.26477 9.9991E-05
9.9982E-05 9.9982E-05 0.919299 0.0805008
0.043111 0.508839 0.286145 0.161906
0.542254 9.9991E-05 0.317589 0.140057
0.173152 0.173253 0.518779 0.134816
0.18604 0.489221 0.167251 0.157489
0.565254 0.0390945 0.362611 0.0330408
0.239078 0.389392 0.37143 9.9991E-05
0.478718 9.9991E-05 0.418231 0.102951
0.590329 0.36216 0.0474111 9.9991E-05
0.578089 0.012984 0.224888 0.184039
9.998E-05 9.998E-05 0.9997 9.998E-05
0.53545 0.0215087 0.241626 0.201416
9.9991E-05 0.360164 0.309528 0.330208
0.201393 0.531808 0.115485 0.151314
0.221469 0.256822 0.46241 0.0592996
0.280535 0.352508 0.0846904 0.282266
0.153545 0.495389 0.244272 0.106794
9.998E-05 9.998E-05 0.9997 9.998E-05
0.53258 0.336863 9.9991E-05 0.130456
0.277546 0.281935 0.331261 0.109258
0.094149 0.45583 0.335547 0.114474
0.501608 0.24441 0.0334837 0.220498
