0.447676 9.9973E-05 0.201585 9.9973E-05 0.0779357 0.0598805 0.0910975 9.9973E-05 0.121525
0.0447967 0.239493 0.00314992 0.0990679 0.124476 0.0383627 0.128133 9.9991E-05 0.32242
0.325193 9.99553E-05 9.99553E-05 0.130525 9.99553E-05 9.99553E-05 9.99553E-05 0.145878 0.397905
0.430512 9.99641E-05 0.106397 9.99641E-05 0.0909933 9.99641E-05 9.99641E-05 0.0251047 0.346593
0.368095 0.326057 9.99551E-05 9.99551E-05 0.101809 9.99551E-05 0.203538 9.99551E-05 9.99551E-05
0.432278 0.0214796 9.9982E-05 9.9982E-05 0.0435525 0.0902888 0.0589851 0.136582 0.216635
0.20396 0.33484 0.227934 9.99642E-05 0.103761 0.129105 9.99642E-05 9.99642E-05 9.99642E-05
0.261027 0.0480747 9.99731E-05 0.248586 0.105747 9.99731E-05 0.276393 0.0598736 9.99731E-05
9.99463E-05 9.99463E-05 0.401107 9.99463E-05 9.99463E-05 0.208272 9.99463E-05 9.99463E-05 0.390021
0.0484301 9.99731E-05 9.99731E-05 0.15744 0.136679 0.192611 9.99731E-05 0.362124 0.102416
0.151669 9.99641E-05 9.99641E-05 0.282794 0.0519241 0.209455 9.99641E-05 0.303758 9.99641E-05
0.0185371 0.22316 0.0453626 0.199257 0.0800409 9.998E-05 0.138471 9.998E-05 0.29497
9.994E-05 0.258661 0.673878 0.0668616 9.994E-05 9.994E-05 9.994E-05 9.994E-05 9.994E-05
0.234517 0.532821 9.99641E-05 9.99641E-05 0.0977634 9.99641E-05 0.00475456 9.99641E-05 0.129744
9.99375E-05 9.99375E-05 9.99375E-05 9.99375E-05 9.99375E-05 9.99375E-05 0.449098 9.99375E-05 0.550202
0.594755 9.99553E-05 9.99553E-05 9.99553E-05 0.063462 9.99553E-05 0.0598911 9.99553E-05 0.281392
9.99641E-05 0.174554 9.99641E-05 0.0511676 9.99641E-05 9.99641E-05 0.199606 0.0990784 0.475194
0.210433 9.99551E-05 9.99551E-05 9.99551E-05 0.174076 0.219385 9.99551E-05 9.99551E-05 0.395606
9.997E-05 9.997E-05 0.35934 0.0674207 0.00385495 0.25349 0.0767993 9.997E-05 0.238795
0.231478 0.302888 9.996E-05 9.996E-05 9.996E-05 9.996E-05 0.0872742 0.191526 0.186434
0.0771655 0.118075 0.0848855 9.997E-05 0.0977813 0.247411 9.997E-05 0.374382 9.997E-05
0.0110987 0.0543667 0.120221 0.560535 9.9973E-05 0.130842 0.122637 9.9973E-05 9.9973E-05
0.35241 9.99731E-05 0.0910431 9.99731E-05 0.0929584 0.139006 9.99731E-05 0.00488496 0.319397
0.685063 9.99552E-05 9.99552E-05 0.0440448 0.207433 0.0629591 9.99552E-05 9.99552E-05 9.99552E-05
0.453088 9.99641E-05 9.99641E-05 9.99641E-05 0.0420907 0.1868 0.0657291 0.251892 9.99641E-05
0.46264 9.9964E-05 0.195199 9.9964E-05 0.0834517 9.9964E-05 0.0789176 9.9964E-05 0.179392
0.250335 9.9973E-05 0.0199407 0.453751 0.157234 9.9973E-05 9.9973E-05 0.0389615 0.0794768
9.99731E-05 0.0525374 0.176921 9.99731E-05 0.0759425 0.383611 0.253658 9.99731E-05 0.0570295
9.99551E-05 0.270259 0.43644 9.99551E-05 9.99551E-05 9.99551E-05 0.0206055 0.272196 9.99551E-05
0.572203 9.99553E-05 9.99553E-05 0.254897 9.99553E-05 9.99553E-05 9.99553E-05 0.148448 0.0239512
9.99731E-05 9.99731E-05 0.133797 9.99731E-05 0.146444 0.390163 0.137563 0.090738 0.100995
9.99641E-05 0.302725 9.99641E-05 0.39175 0.0732626 9.99641E-05 0.205099 9.99641E-05 0.0267637
0.185086 0.0394123 0.0184295 0.0584985 9.99731E-05 0.456361 9.99731E-05 0.241913 9.99731E-05
0.145052 0.168375 0.319357 0.261588 9.99731E-05 9.99731E-05 0.0930396 9.99731E-05 0.0122882
0.635698 0.0531974 0.106254 9.9964E-05 0.012358 9.9964E-05 9.9964E-05 9.9964E-05 0.192093
0.242573 0.553147 9.99553E-05 9.99553E-05 9.99553E-05 9.99553E-05 9.99553E-05 0.0439988 0.159781
9.99461E-05 9.99461E-05 9.99461E-05 9.99461E-05 0.1528 0.352506 0.494094 9.99461E-05 9.99461E-05
9.99551E-05 0.10397 9.99551E-05 0.0460065 9.99551E-05 0.562139 9.99551E-05 0.287384 9.99551E-05
0.202029 9.99821E-05 0.299491 9.99821E-05 0.145488 0.106358 0.0895323 0.0739236 0.082978
0.113537 0.174445 0.22588 0.095807 0.0312879 9.9991E-05 0.0594102 0.170851 0.128682
9.99553E-05 9.99553E-05 0.289446 0.200085 0.0279584 9.99553E-05 9.99553E-05 9.99553E-05 0.482011
9.99553E-05 9.99553E-05 9.99553E-05 0.296442 0.0822566 9.99553E-05 9.99553E-05 0.247924 0.372878
0.0793786 0.423745 9.9973E-05 0.35177 0.0432914 0.0612493 0.0402659 9.9973E-05 9.9973E-05
0.151429 9.99732E-05 9.99732E-05 0.052309 0.00345093 9.99732E-05 0.252045 0.0931792 0.447287
9.997E-05 0.234233 0.0498173 0.43297 0.0230876 9.997E-05 0.109616 0.149977 9.997E-05
0.247914 0.278955 0.00753778 0.00777208 0.126092 9.9991E-05 0.170187 0.0998659 0.0615763
0.076261 0.0243218 0.283169 9.99552E-05 9.99552E-05 9.99552E-05 9.99552E-05 9.99552E-05 0.615749
9.997E-05 0.0610697 9.997E-05 0.0531348 0.126248 9.997E-05 0.0257612 0.129235 0.604251
9.99465E-05 9.99465E-05 9.99465E-05 0.431194 9.99465E-05 9.99465E-05 0.380879 9.99465E-05 0.187328
0.604483 9.99641E-05 0.0402304 0.0735025 0.185027 9.99641E-05 0.0963568 9.99641E-05 9.99641E-05
0.76478 9.9946E-05 9.9946E-05 9.9946E-05 9.9946E-05 9.9946E-05 0.114231 9.9946E-05 0.12039
9.997E-05 0.214763 9.997E-05 0.0794475 0.184921 0.0979802 9.997E-05 0.373102 0.0494873
0.170917 9.99552E-05 9.99552E-05 0.0259402 9.99552E-05 0.0244894 9.99552E-05 9.99552E-05 0.778154
0.324309 9.99552E-05 0.443612 9.99552E-05 9.99552E-05 9.99552E-05 0.157047 0.0745323 9.99552E-05
9.996E-05 0.779471 9.996E-05 9.996E-05 0.00269595 9.996E-05 0.182841 0.0177087 0.0168834
9.99642E-05 0.0619475 0.0581293 9.99642E-05 0.109083 0.334308 0.436133 9.99642E-05 9.99642E-05
0.297204 0.364545 9.99641E-05 9.99641E-05 9.99641E-05 0.115986 0.12976 9.99641E-05 0.092105
9.99554E-05 0.676676 9.99554E-05 0.102858 9.99554E-05 0.185479 9.99554E-05 9.99554E-05 0.0344874
0.0524424 0.169306 9.9982E-05 0.0853533 0.116936 9.9982E-05 0.202243 0.13432 0.239199
0.24708 0.20815 9.9964E-05 9.9964E-05 0.105331 9.9964E-05 9.9964E-05 0.17132 0.26772
0.234049 9.996E-05 0.428814 9.996E-05 9.996E-05 9.996E-05 0.0802047 0.0419814 0.214552
0.0536189 9.99551E-05 9.99551E-05 0.244218 0.297495 9.99551E-05 9.99551E-05 9.99551E-05 0.404168
9.996E-05 9.996E-05 0.0164988 0.433519 0.0314333 0.0648578 9.996E-05 9.996E-05 0.453292
0.924956 9.99463E-05 0.0277842 0.0466601 9.99463E-05 9.99463E-05 9.99463E-05 9.99463E-05 9.99463E-05
0.228922 9.99551E-05 9.99551E-05 0.171079 9.99551E-05 0.18822 0.41128 9.99551E-05 9.99551E-05
0.0536146 9.99552E-05 0.336451 0.425631 9.99552E-05 9.99552E-05 9.99552E-05 9.99552E-05 0.183804
0.464279 0.184544 0.120338 9.9973E-05 0.0431707 9.9973E-05 9.9973E-05 0.0865801 0.100787
0.185468 0.0378785 0.226692 0.0600387 0.270783 0.081791 9.99821E-05 9.99821E-05 0.137149
9.9964E-05 9.9964E-05 0.563963 0.062635 0.110883 9.9964E-05 0.255143 9.9964E-05 0.00697589
0.0241009 9.99731E-05 0.255152 0.353533 9.99731E-05 9.99731E-05 0.105499 0.236872 0.0245427
0.0181882 0.0428686 0.0414627 0.0120429 0.162475 0.189179 9.9991E-05 0.147151 0.386533
9.995E-05 9.995E-05 0.049885 0.820899 0.107981 9.995E-05 9.995E-05 9.995E-05 0.0207355
9.99552E-05 0.513961 9.99552E-05 9.99552E-05 0.216731 0.194321 0.0744875 9.99552E-05 9.99552E-05
9.99552E-05 9.99552E-05 0.136344 0.251264 0.17471 9.99552E-05 0.437182 9.99552E-05 9.99552E-05
0.382872 0.127882 0.0529955 9.99643E-05 9.99643E-05 9.99643E-05 0.381532 9.99643E-05 0.0543193
9.99731E-05 0.367176 0.0436511 0.0409679 0.037161 9.99731E-05 0.156221 9.99731E-05 0.354523
0.0915576 9.99644E-05 0.0452093 0.127195 9.99644E-05 9.99644E-05 0.233704 9.99644E-05 0.501934
0.0378599 9.9973E-05 0.229413 0.218884 0.134692 9.9973E-05 9.9973E-05 0.272345 0.106507
9.99641E-05 9.99641E-05 0.717515 0.00355137 9.99641E-05 9.99641E-05 0.201321 0.0371117 0.0401008
9.99641E-05 0.464931 9.99641E-05 9.99641E-05 0.0858047 9.99641E-05 0.224814 0.0903164 0.133734
0.373745 0.0482512 9.99552E-05 9.99552E-05 0.372674 9.99552E-05 0.20483 9.99552E-05 9.99552E-05
0.534762 0.119057 9.99642E-05 0.0368463 9.99642E-05 9.99642E-05 0.159951 0.148984 9.99642E-05
9.996E-05 0.248223 0.149951 9.996E-05 9.996E-05 0.403573 9.996E-05 0.138346 0.0595083
0.010477 9.99552E-05 0.245505 0.471115 9.99552E-05 9.99552E-05 0.272404 9.99552E-05 9.99552E-05
0.168845 0.271336 9.99731E-05 0.118126 0.10137 0.120576 9.99731E-05 9.99731E-05 0.219447
0.157632 0.0080293 0.0067041 0.122638 0.110745 0.0331067 9.9982E-05 9.9982E-05 0.560945
9.99552E-05 0.531233 0.0352485 0.109987 9.99552E-05 0.323031 9.99552E-05 9.99552E-05 9.99552E-05
0.598149 0.0552941 9.99551E-05 0.343106 0.00295118 9.99551E-05 9.99551E-05 9.99551E-05 9.99551E-05
0.198573 9.99552E-05 0.44304 9.99552E-05 9.99552E-05 0.281082 9.99552E-05 0.0768054 9.99552E-05
0.00938375 9.9982E-05 0.0925753 0.436863 9.9982E-05 0.11268 0.120893 0.224096 0.00331017
0.939644 9.99377E-05 9.99377E-05 9.99377E-05 9.99377E-05 9.99377E-05 9.99377E-05 9.99377E-05 0.0596565
0.110049 0.755833 9.99732E-05 0.0310128 9.99732E-05 0.00710193 9.99732E-05 0.0950842 0.000619478
0.23238 0.230972 9.99553E-05 0.185191 9.99553E-05 9.99553E-05 9.99553E-05 9.99553E-05 0.350958
0.0753335 9.99552E-05 9.99552E-05 9.99552E-05 9.99552E-05 0.0189575 9.99552E-05 0.217733 0.687476
9.996E-05 0.214512 0.0545826 0.469811 0.0384409 9.996E-05 9.996E-05 9.996E-05 0.222254
0.101111 0.356532 0.0535141 9.99641E-05 9.99641E-05 9.99641E-05 9.99641E-05 0.0716028 0.41684
0.176414 0.13521 9.996E-05 0.0816193 9.996E-05 0.455805 9.996E-05 9.996E-05 0.150552
9.99641E-05 0.0533407 0.206701 0.0175848 9.99641E-05 9.99641E-05 9.99641E-05 0.000766061 0.721208
0.709365 0.189252 0.0553093 0.00281114 0.0428629 9.99641E-05 9.99641E-05 9.99641E-05 9.99641E-05
0.182172 0.230777 9.9964E-05 0.230323 9.9964E-05 0.356127 9.9964E-05 9.9964E-05 0.000201542
9.99372E-05 0.243912 9.99372E-05 9.99372E-05 9.99372E-05 0.755388 9.99372E-05 9.99372E-05 9.99372E-05
0.553532 9.99374E-05 9.99374E-05 9.99374E-05 9.99374E-05 0.445768 9.99374E-05 9.99374E-05 9.99374E-05
9.99372E-05 9.99372E-05 9.99372E-05 9.99372E-05 9.99372E-05 0.942655 9.99372E-05 0.0566458 9.99372E-05
9.99462E-05 9.99462E-05 9.99462E-05 9.99462E-05 9.99462E-05 0.0449981 9.99462E-05 0.915054 0.039348
0.207982 0.140587 9.9973E-05 0.0504934 0.0372525 9.9973E-05 0.324279 9.9973E-05 0.239106
0.172998 9.99731E-05 9.99731E-05 0.144269 0.00930441 0.0765443 0.302332 9.99731E-05 0.294253
0.0324525 0.466003 9.99551E-05 0.212033 9.99551E-05 9.99551E-05 0.289012 9.99551E-05 9.99551E-05
0.0462514 9.997E-05 9.997E-05 9.997E-05 0.0668606 0.29591 0.321045 0.209103 0.0605297
9.99642E-05 9.99642E-05 0.313882 0.0473439 0.041572 9.99642E-05 0.444392 0.15241 9.99642E-05
0.342599 9.99552E-05 0.0990095 0.0245783 9.99552E-05 9.99552E-05 9.99552E-05 0.533313 9.99552E-05
0.357907 0.345055 0.0357463 0.0262386 0.0122086 0.222545 9.99732E-05 9.99732E-05 9.99732E-05
0.428455 0.00207701 0.103861 0.00569966 0.0981653 9.9982E-05 0.315217 9.9982E-05 0.0463256
0.53862 0.421815 9.99464E-05 9.99464E-05 9.99464E-05 9.99464E-05 9.99464E-05 0.0389648 9.99464E-05
0.373245 0.0861229 9.99641E-05 0.0805591 0.00475586 9.99641E-05 0.454917 9.99641E-05 9.99641E-05
0.573272 9.994E-05 9.994E-05 0.30542 9.994E-05 0.120708 9.994E-05 9.994E-05 9.994E-05
9.99554E-05 0.100044 0.195404 9.99554E-05 9.99554E-05 9.99554E-05 9.99554E-05 0.319417 0.384636
0.332427 9.996E-05 0.0983169 0.0520497 9.996E-05 9.996E-05 9.996E-05 0.00767613 0.50913
9.99462E-05 9.99462E-05 9.99462E-05 0.789062 9.99462E-05 0.109434 0.100904 9.99462E-05 9.99462E-05
0.364238 9.99821E-05 0.104832 0.177073 0.0680036 0.218648 0.0391567 0.0278485 9.99821E-05
0.157972 0.164093 9.9982E-05 0.00217055 0.0578054 9.9982E-05 0.340378 0.0952022 0.182178
0.505705 9.99551E-05 9.99551E-05 0.146489 0.00134696 0.345959 9.99551E-05 9.99551E-05 9.99551E-05
0.189523 0.601424 9.99641E-05 9.99641E-05 9.99641E-05 0.0371028 0.0751837 0.0963662 9.99641E-05
0.274465 0.102924 9.996E-05 9.996E-05 9.996E-05 9.996E-05 0.409256 0.0728875 0.140067
9.99641E-05 0.164269 9.99641E-05 0.383302 0.0412316 9.99641E-05 0.241447 0.16935 9.99641E-05
0.058964 9.995E-05 9.995E-05 9.995E-05 9.995E-05 9.995E-05 0.0766962 0.0899646 0.773875
0.0898974 9.996E-05 0.154065 0.252967 9.996E-05 0.321858 9.996E-05 9.996E-05 0.180812
0.186264 0.350602 9.99554E-05 0.112991 9.99554E-05 9.99554E-05 9.99554E-05 9.99554E-05 0.349643
0.19431 9.998E-05 0.147079 9.998E-05 0.183658 0.0237781 0.273698 0.0253954 0.151881
0.140664 0.0987409 0.158199 9.99642E-05 0.0467363 9.99642E-05 9.99642E-05 0.55526 9.99642E-05
0.320456 0.280574 0.155487 9.99642E-05 0.112381 9.99642E-05 0.130703 9.99642E-05 9.99642E-05
9.99375E-05 9.99375E-05 9.99375E-05 9.99375E-05 9.99375E-05 0.28496 9.99375E-05 9.99375E-05 0.714341
0.415636 0.21231 9.9982E-05 0.0600567 0.0166619 0.00732984 9.9982E-05 0.0414719 0.246333
9.99642E-05 9.99642E-05 0.155123 0.185298 0.0510645 9.99642E-05 9.99642E-05 0.101403 0.506712
9.9955E-05 9.9955E-05 9.9955E-05 9.9955E-05 0.169653 0.311995 0.277501 0.240351 9.9955E-05
9.99642E-05 9.99642E-05 0.00427891 0.105782 0.13594 9.99642E-05 9.99642E-05 0.35291 0.400689
9.99552E-05 0.00345963 9.99552E-05 9.99552E-05 9.99552E-05 0.119959 0.713743 0.162338 9.99552E-05
0.0231391 9.99551E-05 9.99551E-05 9.99551E-05 0.0154699 9.99551E-05 0.881214 0.0796768 9.99551E-05
0.32633 9.99553E-05 0.0491188 9.99553E-05 9.99553E-05 9.99553E-05 0.507208 0.116843 9.99553E-05
9.99464E-05 9.99464E-05 0.650426 9.99464E-05 0.0454302 0.303544 9.99464E-05 9.99464E-05 9.99464E-05
0.197584 9.99552E-05 0.0872774 9.99552E-05 9.99552E-05 9.99552E-05 0.584651 9.99552E-05 0.129988
0.315172 9.99643E-05 0.172739 9.99643E-05 0.0291106 0.265379 9.99643E-05 0.217201 9.99643E-05
9.99642E-05 0.308663 0.0774251 9.99642E-05 9.99642E-05 0.436167 9.99642E-05 0.162532 0.0148129
0.105235 0.0427287 0.404395 0.0754905 9.998E-05 0.133991 9.998E-05 0.0157027 0.222258
9.99463E-05 9.99463E-05 9.99463E-05 0.426485 9.99463E-05 0.375009 9.99463E-05 0.197907 9.99463E-05
0.761348 9.99554E-05 0.10893 9.99554E-05 0.117342 9.99554E-05 9.99554E-05 0.0118806 9.99554E-05
0.129094 0.124097 0.407283 9.9964E-05 9.9964E-05 9.9964E-05 0.178111 9.9964E-05 0.161016
9.993E-05 9.993E-05 9.993E-05 9.993E-05 0.999201 9.993E-05 9.993E-05 9.993E-05 9.993E-05
0.618653 0.153037 0.0101349 0.0241957 9.99642E-05 9.99642E-05 9.99642E-05 0.19358 9.99642E-05
0.170073 0.793618 9.99463E-05 9.99463E-05 9.99463E-05 9.99463E-05 9.99463E-05 0.0357093 9.99463E-05
9.99463E-05 9.99463E-05 0.476579 9.99463E-05 0.363214 9.99463E-05 9.99463E-05 9.99463E-05 0.159607
9.99642E-05 9.99642E-05 0.695276 0.217516 0.0748314 0.000752761 9.99642E-05 0.0112243 9.99642E-05
9.99462E-05 0.0164129 9.99462E-05 0.446503 9.99462E-05 9.99462E-05 9.99462E-05 9.99462E-05 0.536485
0.0452384 0.0274162 0.203331 0.152603 9.9982E-05 0.0734558 0.472171 9.9982E-05 0.0255849
0.0733873 0.161694 0.118974 0.0397849 0.0930788 0.178461 0.246553 9.999E-05 0.0879676
0.340608 0.0117751 0.151872 9.997E-05 0.154011 0.153757 0.187677 9.997E-05 9.997E-05
9.99641E-05 0.0285196 9.99641E-05 9.99641E-05 0.100542 9.99641E-05 0.112165 0.353845 0.404528
0.0700976 0.587927 0.0146136 9.99552E-05 9.99552E-05 9.99552E-05 9.99552E-05 0.326862 9.99552E-05
0.554056 9.99732E-05 9.99732E-05 0.233434 0.0109592 0.0194375 0.0558985 0.125915 9.99732E-05
0.325534 9.99732E-05 0.101927 9.99732E-05 0.0572488 0.0101923 0.481114 9.99732E-05 0.0236843
0.243305 9.99642E-05 0.481519 9.99642E-05 9.99642E-05 0.208734 9.99642E-05 0.0352242 0.0308173
9.993E-05 9.993E-05 9.993E-05 9.993E-05 0.999201 9.993E-05 9.993E-05 9.993E-05 9.993E-05
0.151423 9.997E-05 0.246504 0.180644 0.240821 9.997E-05 0.0407882 9.997E-05 0.13952
0.423395 0.179946 9.99671E-05 0.291167 9.99671E-05 9.99671E-05 0.0851045 0.019988 9.99671E-05
9.997E-05 0.0778309 9.997E-05 0.0735935 0.0188037 0.101784 0.0760986 9.997E-05 0.65159
9.99464E-05 9.99464E-05 0.200393 0.627879 0.171128 9.99464E-05 9.99464E-05 9.99464E-05 9.99464E-05
0.166083 0.123225 9.9973E-05 0.217495 9.9973E-05 0.0633225 0.104321 9.9973E-05 0.325253
0.152342 9.99642E-05 0.277597 9.99642E-05 0.0286778 9.99642E-05 0.310076 9.99642E-05 0.230907
9.993E-05 9.993E-05 9.993E-05 9.993E-05 9.993E-05 9.993E-05 0.999201 9.993E-05 9.993E-05
9.99554E-05 0.821603 9.99554E-05 0.0235784 0.0349366 9.99554E-05 9.99554E-05 9.99554E-05 0.119382
0.0857122 0.298642 0.0452025 9.997E-05 9.997E-05 0.204604 9.997E-05 0.044947 0.320592
0.252349 9.99641E-05 0.440875 9.99641E-05 9.99641E-05 9.99641E-05 0.187824 0.0907742 0.0277781
0.0705297 0.15388 0.286647 0.020063 0.0656552 9.99731E-05 0.402925 9.99731E-05 9.99731E-05
9.99552E-05 0.0518164 9.99552E-05 9.99552E-05 9.99552E-05 9.99552E-05 0.374065 0.0425732 0.531046
0.551876 0.0821965 9.99821E-05 0.14601 0.00196736 9.99821E-05 0.0261475 0.0101586 0.181444
0.511278 9.99462E-05 9.99462E-05 9.99462E-05 9.99462E-05 9.99462E-05 0.159111 9.99462E-05 0.329011
0.14129 0.0790723 0.230483 0.00709707 9.99731E-05 9.99731E-05 0.526349 0.0154085 9.99731E-05
0.0962281 0.397281 0.0351521 0.129215 0.0413014 0.0929486 0.207673 9.99821E-05 9.99821E-05
9.99552E-05 0.00176708 0.0301444 9.99552E-05 0.000366113 9.99552E-05 9.99552E-05 0.967223 9.99552E-05
0.15098 9.996E-05 0.451806 9.996E-05 9.996E-05 0.274061 9.996E-05 0.0332102 0.089543
9.99552E-05 9.99552E-05 9.99552E-05 0.401806 9.99552E-05 0.234621 9.99552E-05 0.0214682 0.341605
9.997E-05 0.323068 9.997E-05 0.0637726 0.249515 0.0550571 9.997E-05 0.0734798 0.234807
0.12296 9.998E-05 0.188802 0.109645 0.103098 0.157113 9.998E-05 0.0870128 0.231168
0.196536 9.998E-05 0.316406 0.116017 0.0676848 0.160535 0.014646 9.998E-05 0.127976
0.332326 0.109499 0.183369 0.128384 0.0642053 9.997E-05 0.181917 9.997E-05 9.997E-05
9.993E-05 9.993E-05 9.993E-05 9.993E-05 9.993E-05 9.993E-05 9.993E-05 0.999201 9.993E-05
0.135669 0.00703061 0.361987 9.99732E-05 0.116937 9.99732E-05 0.140996 9.99732E-05 0.237081
9.99641E-05 0.358917 9.99641E-05 9.99641E-05 0.0615736 9.99641E-05 0.238309 0.0950654 0.245735
0.113648 9.995E-05 0.526229 9.995E-05 0.165939 0.193685 9.995E-05 9.995E-05 9.995E-05
0.132224 0.483382 9.9973E-05 9.9973E-05 0.013581 0.142947 9.9973E-05 0.0737848 0.15378
