9.9991E-05 0.0729098 0.0338766 0.0237389 0.113258 0.756117
0.110785 0.330039 0.2672 9.99892E-05 9.99892E-05 0.291776
9.999E-05 0.0507284 0.248908 0.0960511 0.152866 0.451347
0.0917387 0.0891234 0.110058 0.0772439 0.0760626 0.555774
0.104831 0.0179377 0.166683 0.119111 0.17531 0.416127
0.0516366 0.0142077 0.529772 0.0883166 9.9991E-05 0.315967
0.04194 0.117188 0.0231114 0.279015 0.181997 0.356748
0.0292643 0.179066 0.308752 0.0618788 0.0757561 0.345283
0.101751 9.9991E-05 0.149934 0.0396505 0.495587 0.212978
0.254301 9.9991E-05 0.231736 0.140162 0.290834 0.0828661
9.999E-05 0.0260931 0.420237 0.0302121 0.38611 0.137247
0.145241 9.9991E-05 0.118581 0.103027 0.498724 0.134327
0.178592 9.9991E-05 0.271334 0.11206 0.0296239 0.40829
0.195168 0.109339 0.292721 0.11869 9.9991E-05 0.283981
0.0507641 0.551067 0.287805 0.110164 9.9982E-05 9.9982E-05
0.13527 0.510795 9.9991E-05 0.105246 0.141168 0.107422
0.200569 0.481491 0.147496 0.0201626 9.9991E-05 0.150182
0.11497 0.198521 0.0461776 0.1886 0.0938303 0.357901
0.0560706 0.0642461 0.195363 0.098767 0.318961 0.266592
0.131199 0.236715 0.283966 9.9991E-05 0.0703048 0.277715
0.00852401 0.122288 0.260862 0.0960901 0.133645 0.378591
0.0759155 0.183137 0.244533 0.056907 0.0323347 0.407173
9.999E-05 0.257274 0.198869 0.13477 0.272771 0.136215
0.271205 0.0776158 0.130553 0.0761396 0.101344 0.343143
9.9973E-05 9.9973E-05 0.492782 0.0832419 0.423676 9.9973E-05
0.140663 0.120939 0.0652667 9.9982E-05 9.9982E-05 0.672932
0.153633 0.349794 0.122986 0.151263 0.185474 0.0368497
0.0923814 0.0458959 0.187097 0.0846604 0.132848 0.457118
0.120362 0.307922 0.271415 9.9991E-05 0.11089 0.189311
0.633669 0.126029 0.162701 0.00321581 9.9991E-05 0.0742853
0.0894233 0.168064 0.535322 0.0605334 0.146558 9.9991E-05
9.9973E-05 9.9973E-05 0.111833 0.105112 0.782755 9.9973E-05
0.158989 0.146168 0.0955261 0.178454 9.9991E-05 0.420763
0.0131144 0.368829 0.411073 0.0759044 9.9991E-05 0.130979
0.0250183 0.166573 0.172842 0.12408 0.165905 0.345581
9.9964E-05 9.9964E-05 9.9964E-05 0.116623 9.9964E-05 0.882977
9.9982E-05 0.097958 0.406789 0.0754595 9.9982E-05 0.419594
0.175672 9.9991E-05 0.0918821 0.101025 0.317935 0.313385
0.135516 0.203669 0.560525 0.0410835 0.0405555 0.0186513
9.9991E-05 0.170388 0.252835 0.211747 0.29559 0.0693404
0.178436 0.184305 0.472583 9.9982E-05 9.9982E-05 0.164475
0.00581444 0.410777 0.39021 0.125962 9.9991E-05 0.0671363
0.049096 0.451974 0.182098 0.06532 9.9991E-05 0.251411
0.122687 9.9982E-05 0.109712 9.9982E-05 0.39436 0.373041
0.0130555 0.212525 9.9982E-05 0.136945 0.637275 9.9982E-05
0.0237504 9.9991E-05 0.39248 0.0807838 0.42182 0.0810663
0.0913994 0.421549 9.9991E-05 0.0452479 0.348885 0.0928183
0.117144 0.320654 0.137265 9.9991E-05 0.166892 0.257945
0.1624 0.271816 0.121918 0.0861441 0.357622 9.9991E-05
0.191661 0.401811 9.9991E-05 0.0411692 0.227512 0.137747
0.202723 0.157669 0.0470844 0.130964 0.297582 0.163978
9.9991E-05 0.13086 0.127205 0.157027 0.380722 0.204085
0.0536731 0.610877 0.102962 0.0538765 0.038937 0.139675
0.0358393 0.306914 0.200706 0.144729 0.193375 0.118435
0.168512 0.162973 9.9982E-05 0.0491127 0.619203 9.9982E-05
0.0285742 0.129271 0.129646 0.244802 0.202409 0.265298
0.147947 0.0854034 9.99731E-05 9.99731E-05 0.766349 9.99731E-05
0.163268 9.9991E-05 0.0913334 0.101495 0.500806 0.142998
0.106311 0.174885 0.292516 0.101219 0.324969 9.9991E-05
0.00769598 0.072475 0.173788 0.127213 0.524127 0.094701
0.119964 0.227081 0.209628 0.0436614 9.9991E-05 0.399566
0.0965062 0.310289 0.236022 0.151394 9.9991E-05 0.20569
9.9991E-05 0.261935 0.106166 0.0899716 0.318758 0.22307
0.967892 9.9964E-05 9.9964E-05 0.0317083 9.9964E-05 9.9964E-05
9.9991E-05 0.104635 0.263894 0.0215258 0.0941861 0.515659
9.9964E-05 9.9964E-05 9.9964E-05 0.0471515 9.9964E-05 0.952449
0.00623075 0.288698 0.180906 0.0753969 0.200021 0.248747
0.142684 0.124126 0.276155 0.0610255 0.181697 0.214312
0.119207 0.0613929 0.157908 0.0758913 9.9991E-05 0.585501
0.123572 0.254954 0.0910243 0.0790591 0.055718 0.395672
0.0392669 0.104362 0.317992 0.07845 0.459828 9.9991E-05
0.212407 0.316973 0.0536994 0.144989 0.096729 0.175202
0.200561 0.21133 0.231733 0.0793918 0.0429849 0.234
0.0795027 0.313549 0.434996 0.0452064 0.126646 9.9991E-05
0.139491 0.312071 0.316242 9.9991E-05 0.22966 0.00243592
0.00278404 0.285501 0.199516 0.0639127 0.448186 9.9991E-05
0.0272137 0.281953 0.138101 0.187158 0.365474 9.9991E-05
9.9982E-05 0.207155 0.409539 0.0576321 9.9982E-05 0.325473
9.9973E-05 0.219891 0.38792 9.9973E-05 9.9973E-05 0.391889
0.12039 0.292153 0.28896 0.0770944 9.9991E-05 0.221302
0.107454 0.280147 0.146815 0.105241 0.134953 0.225391
0.0114649 9.9991E-05 0.241384 0.0544875 0.155046 0.537518
0.176504 0.141363 0.176194 0.040248 0.465591 9.9991E-05
0.0747619 0.410264 0.224942 0.116473 0.0915828 0.0819763
0.127302 0.0652114 0.229261 0.127114 0.185928 0.265183
9.9982E-05 0.141091 0.231633 9.9982E-05 0.39384 0.233236
9.9964E-05 9.9964E-05 9.9964E-05 0.0796833 9.9964E-05 0.919917
9.9982E-05 0.0421099 0.0599373 0.216315 0.681437 9.9982E-05
0.284268 0.22026 0.214097 0.0838066 9.9991E-05 0.197468
9.9973E-05 9.9973E-05 9.9973E-05 0.125178 0.623789 0.250733
0.974796 0.0248041 9.9964E-05 9.9964E-05 9.9964E-05 9.9964E-05
0.0695416 0.210339 0.198468 0.0985356 0.423016 9.9991E-05
0.0395894 0.146819 0.186687 0.130892 9.9991E-05 0.495912
0.0940069 0.442924 0.197462 0.0851275 0.0156454 0.164834
9.9982E-05 0.261667 0.221477 0.0393962 9.9982E-05 0.477259
0.138441 0.0908946 0.296634 0.0163301 9.9991E-05 0.4576
9.9982E-05 0.2805 9.9982E-05 0.00767981 0.386203 0.325417
0.0169117 0.0169704 0.296284 0.0679612 0.34159 0.260282
0.567741 9.9982E-05 9.9982E-05 0.173884 0.127436 0.130739
0.324229 0.0543551 0.162762 9.9991E-05 0.0335641 0.42499
0.117041 9.9991E-05 0.165785 0.104582 0.325413 0.287079
0.9995 9.996E-05 9.996E-05 9.996E-05 9.996E-05 9.996E-05
0.00944986 0.299572 0.450412 0.0483264 0.0916828 0.100557
9.9964E-05 9.9964E-05 0.950984 0.0486157 9.9964E-05 9.9964E-05
0.12755 0.299864 0.140746 0.0233905 0.113599 0.29485
9.9991E-05 0.33089 0.15118 0.0337028 0.322041 0.162087
0.0407119 0.330181 0.108544 0.0381129 0.210606 0.271844
0.0676138 9.9991E-05 0.351386 0.089593 0.107592 0.383714
0.170554 0.249941 0.485239 0.0205274 0.0736393 9.9991E-05
0.0962268 0.109529 0.201649 0.0811126 0.0679948 0.443487
9.9991E-05 0.100606 0.389234 0.106203 0.058433 0.345424
0.214234 9.9982E-05 0.187137 0.111635 0.486793 9.9982E-05
0.135429 0.399171 0.236304 9.9982E-05 0.228897 9.9982E-05
0.527305 0.143779 0.16521 0.0497081 0.0305844 0.0834127
0.027975 0.182875 0.167014 9.9982E-05 9.9982E-05 0.621936
0.9995 9.996E-05 9.996E-05 9.996E-05 9.996E-05 9.996E-05
0.00814079 9.9982E-05 0.298519 9.9982E-05 0.348614 0.344527
0.0475372 0.314519 9.9991E-05 0.143506 0.117296 0.377042
0.0763826 0.267289 0.274598 0.00199476 0.256803 0.122932
0.0852644 9.9991E-05 0.175043 0.122482 0.298338 0.318773
0.0393112 0.456406 0.131966 0.163799 9.9991E-05 0.208419
0.435979 0.0591011 0.0791904 0.132658 0.00984287 0.283229
0.190964 0.348187 0.157348 0.0901653 0.163821 0.0495145
9.9991E-05 0.214958 0.135347 0.0600405 0.445089 0.144466
0.195033 9.9991E-05 0.282686 0.0681307 0.441522 0.0125277
0.213477 0.28548 0.183799 0.0389254 0.145332 0.132988
9.9991E-05 0.136402 0.334278 0.148789 0.371743 0.00868768
0.284319 0.0576737 0.175326 0.037729 0.26855 0.176403
9.9991E-05 0.123609 0.140704 0.0384283 0.585779 0.111379
0.209835 0.0649284 0.103616 0.0673447 0.333608 0.220668
0.115802 9.9991E-05 0.0397624 0.0634884 0.0486602 0.732187
0.119529 0.113189 0.328135 0.162078 9.9991E-05 0.276969
0.305572 0.0588494 0.0639147 0.0655076 0.311666 0.19449
0.166289 0.483126 0.24939 0.100995 9.9982E-05 9.9982E-05
0.0128245 9.9991E-05 0.267875 0.0486324 0.274789 0.395779
9.9982E-05 9.9982E-05 0.128142 0.201156 0.575873 0.0946295
9.9964E-05 0.943699 9.9964E-05 9.9964E-05 0.055901 9.9964E-05
9.9964E-05 0.970244 9.9964E-05 0.0293564 9.9964E-05 9.9964E-05
0.0498183 0.13099 0.0546681 0.104633 0.484415 0.175476
0.125989 0.167643 0.360985 0.0179899 0.0391978 0.288195
0.0901027 0.0985574 0.250018 0.137529 0.346996 0.0767963
9.9973E-05 0.188032 0.665683 0.145985 9.9973E-05 9.9973E-05
0.132025 9.9991E-05 0.320362 0.0765938 0.19755 0.273369
0.053909 9.9991E-05 0.175971 0.10276 0.5068 0.160459
0.0714194 0.229106 0.292143 0.0747457 9.9991E-05 0.332486
0.60765 9.9982E-05 0.0768954 0.164515 9.9982E-05 0.15074
0.0413992 0.149867 0.195784 0.0277013 0.273731 0.311518
9.996E-05 9.996E-05 9.996E-05 0.9995 9.996E-05 9.996E-05
9.9982E-05 0.106322 0.26186 0.128463 9.9982E-05 0.503155
9.9982E-05 0.18663 0.510199 0.0312164 9.9982E-05 0.271755
0.100079 9.9991E-05 0.164901 0.102544 0.554496 0.077881
9.9991E-05 0.0758752 0.291541 0.11947 0.244324 0.26869
0.151508 0.0301811 0.210721 0.160189 0.29881 0.148592
0.0905636 0.366698 0.199826 0.0825089 0.258866 0.00153757
0.132194 0.140165 0.0544446 0.120962 0.363388 0.188845
0.245295 0.248264 0.113025 0.0914175 9.9991E-05 0.301899
0.00826376 0.0504928 0.201739 0.106847 0.329327 0.303331
0.0919952 0.00075255 0.2157 0.162657 0.200875 0.32802
0.0919198 0.0129745 9.9973E-05 9.9973E-05 9.9973E-05 0.894806
0.198599 0.293485 0.223324 0.048395 0.0575354 0.17866
0.0605861 0.00809076 0.222079 0.104611 0.0816403 0.522993
9.996E-05 9.996E-05 9.996E-05 0.9995 9.996E-05 9.996E-05
9.9991E-05 0.361574 0.111412 0.380429 0.0537478 0.0927373
0.0303507 0.6507 0.117093 9.9991E-05 0.0920842 0.109673
9.9991E-05 0.0719454 0.171426 0.0680399 0.30707 0.381419
0.0143594 9.9982E-05 0.148008 0.074827 9.9982E-05 0.762606
9.9991E-05 0.254957 0.127564 0.0957276 0.353207 0.168445
9.9982E-05 0.341495 0.292189 0.104609 0.261507 9.9982E-05
9.996E-05 0.9995 9.996E-05 9.996E-05 9.996E-05 9.996E-05
0.179344 0.269908 0.10924 0.127552 0.0915085 0.222447
0.181655 0.0331333 0.329877 9.9991E-05 0.388889 0.0663449
0.0496596 0.289709 0.140506 0.0786016 0.320286 0.121238
0.114531 0.236577 0.191646 0.0880818 9.9991E-05 0.369064
9.9982E-05 0.381042 0.102123 9.9982E-05 0.472121 0.0445146
0.033518 0.207732 0.29597 0.11851 0.0323655 0.311904
0.0884253 0.121729 0.536318 9.9991E-05 0.0552708 0.198157
9.9991E-05 0.373167 0.0592011 0.166204 0.299466 0.101863
9.9991E-05 0.266543 0.0121739 0.0656604 0.560982 0.0945411
9.996E-05 9.996E-05 0.9995 9.996E-05 9.996E-05 9.996E-05
0.0870113 0.279169 0.0061514 9.9991E-05 0.564207 0.0633617
0.341467 0.422948 0.0627992 0.0783039 9.9991E-05 0.0943817
0.151699 9.9991E-05 0.277406 0.0948593 0.104106 0.371829
0.053385 0.246108 0.284871 0.0697973 0.0454269 0.300412
0.178977 0.0907771 9.9982E-05 9.9982E-05 0.255971 0.474075
0.0210734 0.396501 0.108424 0.0833573 0.140042 0.250602
9.996E-05 9.996E-05 0.9995 9.996E-05 9.996E-05 9.996E-05
0.0530072 0.173525 0.136953 0.092312 0.118633 0.42557
0.10881 0.247321 0.213374 0.148196 0.179729 0.102571
9.9982E-05 0.178333 0.226094 0.0222427 9.9982E-05 0.573131
0.0211018 0.409912 9.9991E-05 0.0951024 0.364182 0.109602
