0.0149309 0.159264 0.0782697 0.67493 0.0725063 9.9991E-05
0.584687 0.196048 9.9982E-05 0.0993648 9.9982E-05 0.1197
0.206128 0.229655 9.9991E-05 0.434439 0.120915 0.00876319
0.0479089 0.0522195 0.222489 0.541066 0.0619065 0.0744102
0.27775 9.9991E-05 0.119427 0.410469 0.0925593 0.0996948
0.339537 0.13338 0.158779 0.323164 9.9991E-05 0.04504
9.999E-05 0.0656696 0.113872 0.616406 0.185112 0.0188405
0.307733 0.204504 0.00537033 0.392512 0.0897813 9.9991E-05
0.0479815 0.409283 0.0674191 0.186116 0.109708 0.179492
0.030735 0.349056 0.287742 0.0994725 0.107994 0.125
0.148472 0.410901 0.267971 9.9991E-05 0.0818086 0.0907484
0.0599409 0.678798 9.9982E-05 9.9982E-05 0.0484944 0.212567
0.161631 0.237533 0.0553059 0.29932 0.171906 0.0743048
0.349152 0.0542623 0.129177 0.221309 0.139662 0.106438
0.868524 9.9982E-05 9.9982E-05 0.012831 0.103574 0.0148705
0.382128 9.9991E-05 0.0419917 0.272306 0.176321 0.127153
0.706063 9.9982E-05 0.171661 9.9982E-05 0.0267942 0.0952812
0.076628 0.13707 0.114195 0.273961 0.210481 0.187665
0.257837 0.350049 9.9991E-05 0.280749 0.0937181 0.0175466
0.114376 0.272763 0.0263684 0.374124 0.0774927 0.134875
0.100521 0.262966 0.0871562 0.404114 0.145142 9.9991E-05
0.397649 0.286624 0.0346509 0.14648 0.134496 9.9991E-05
0.261016 0.286311 0.0282052 0.196627 0.20059 0.0272508
0.115358 0.0835577 0.0884839 0.4092 0.0228363 0.280565
0.028282 0.550194 0.237024 9.9991E-05 0.173338 0.0110623
0.285927 0.00827055 0.0536378 0.459205 0.0453396 0.14762
0.250294 0.369288 0.104964 0.0356985 0.1656 0.0741564
0.335796 9.9991E-05 0.0747765 0.332022 0.108478 0.148827
0.551638 0.199473 0.0193107 0.0980282 9.9991E-05 0.131449
0.0970539 9.9982E-05 0.0948404 0.119961 9.9982E-05 0.687944
0.56746 0.178065 0.127641 9.9991E-05 0.000664925 0.12607
9.9982E-05 0.806651 0.0863512 9.9982E-05 0.0879997 0.018798
0.333552 0.0158753 0.0244774 0.350789 0.11155 0.163756
0.503088 9.9991E-05 0.102444 0.270684 0.11791 0.00577387
0.0342357 0.160527 0.19423 0.384098 0.167212 0.0596975
9.99641E-05 9.99641E-05 9.99641E-05 0.834082 0.165518 9.99641E-05
0.0631235 9.9982E-05 0.269084 0.635822 9.9982E-05 0.0317702
9.9991E-05 0.523141 0.141798 0.149838 0.0570722 0.128051
0.468479 9.9991E-05 0.157125 0.210432 0.040638 0.123226
0.343272 0.141648 0.137763 0.234465 0.117081 0.0257714
0.354169 0.271414 0.124903 0.145605 0.103809 9.9991E-05
0.267468 9.9991E-05 0.205257 0.380443 0.113938 0.0327935
0.103499 0.172286 0.135882 0.464311 0.123922 9.9991E-05
9.9982E-05 0.414882 0.0437948 0.433279 9.9982E-05 0.107844
9.9982E-05 0.711663 9.9982E-05 0.0218867 0.156917 0.109333
0.144762 0.260011 0.276446 0.272687 0.0459947 9.9991E-05
0.313326 0.271746 9.9991E-05 0.331416 0.0249932 0.0584184
0.404914 0.219275 9.9991E-05 0.158762 0.0601985 0.156751
0.380228 0.353009 0.0906814 9.9991E-05 0.0797693 0.0962122
0.48982 0.276969 9.9982E-05 0.118767 0.114244 9.9982E-05
0.229413 0.291546 0.0947175 0.171364 0.14402 0.0689402
0.339519 0.137818 0.068902 0.208035 0.202954 0.0427715
0.520599 9.9991E-05 0.0619261 0.21485 0.0771891 0.125336
0.271724 0.154014 0.191472 0.216917 0.0528099 0.113062
0.139962 0.631716 0.0158905 9.9991E-05 0.0211561 0.191175
9.9991E-05 0.186694 0.169296 0.483673 0.148933 0.0113043
9.9973E-05 0.928337 0.033361 9.9973E-05 0.0380025 9.9973E-05
9.9991E-05 0.482253 0.0862642 0.207426 0.0504305 0.173526
0.339743 0.360727 0.0648495 0.101655 0.0367374 0.0962883
0.0228993 0.560235 0.108039 0.113991 0.147438 0.0473979
0.29188 9.9991E-05 0.050432 0.537248 0.0335376 0.0868022
0.228958 0.0120024 0.293293 0.217714 0.207568 0.0404644
0.513223 0.179904 9.9982E-05 0.22629 0.0803831 9.9982E-05
9.9964E-05 9.9964E-05 9.9964E-05 9.9964E-05 0.0660265 0.933574
0.299887 0.0606079 0.266468 0.359906 0.013031 9.9991E-05
9.9973E-05 9.9973E-05 0.0703249 0.845135 0.0842402 9.9973E-05
9.9982E-05 0.194643 0.190433 0.535109 0.079615 9.9982E-05
0.289267 0.210628 0.004325 0.301461 0.0715349 0.122784
0.218779 9.9982E-05 9.9982E-05 0.634632 0.0115101 0.13488
0.348893 0.128728 0.0447239 0.169559 0.114092 0.194004
0.124498 0.481995 0.142312 9.9991E-05 0.0492523 0.201842
0.581222 0.06524 0.0170224 0.214884 0.121532 9.9991E-05
0.378905 0.060827 0.0256822 0.22028 0.1945 0.119807
0.563879 0.203772 0.0954451 9.9982E-05 9.9982E-05 0.136703
0.49479 0.199775 0.219299 0.0304523 0.000584457 0.0550993
0.493216 0.293447 0.121596 9.9982E-05 0.0915417 9.9982E-05
0.0507371 0.34212 0.0244482 0.315017 0.149963 0.117714
0.242768 9.9991E-05 0.158294 0.47818 0.0246425 0.0960158
0.388293 9.9973E-05 0.0321583 0.579249 9.9973E-05 9.9973E-05
0.374489 9.9991E-05 0.0530656 0.346208 0.0618555 0.164282
0.0774035 0.218657 0.126094 0.393911 0.115541 0.068394
0.182157 0.247813 0.0609391 0.370557 0.0903068 0.0482275
0.0491285 0.378624 0.143271 0.169341 0.00936977 0.250266
0.501837 0.0876105 0.104313 0.0662537 0.0101077 0.229878
0.292272 0.200656 0.0473761 0.312014 0.0784615 0.0692198
0.0400885 0.544452 0.115513 0.232688 0.0671585 9.9991E-05
0.0415368 9.9982E-05 0.0182727 0.801553 0.138438 9.9982E-05
0.0400782 0.653184 0.107554 9.9982E-05 0.198984 9.9982E-05
0.389395 9.9991E-05 0.0687014 0.236976 0.106609 0.198219
0.0662644 0.559306 9.9982E-05 0.221562 0.152669 9.9982E-05
9.9964E-05 9.9964E-05 0.0373735 9.9964E-05 9.9964E-05 0.962227
0.198932 0.615271 0.0466249 0.0179582 0.121114 9.9991E-05
0.133458 0.00476332 0.105158 0.634441 0.12208 9.9991E-05
0.763737 0.0199086 9.9991E-05 0.0666445 0.0847988 0.0648115
0.0174229 0.1223 0.235894 0.616923 0.00735929 9.9991E-05
0.145827 9.9991E-05 0.123724 0.593595 0.0374341 0.0993206
0.154958 0.515505 0.0268088 0.28699 9.9991E-05 0.0156384
0.244812 0.126195 0.2799 0.22001 0.0290035 0.10008
0.0708372 0.164966 0.00265303 0.0790143 0.182956 0.499574
0.368636 0.12158 9.9982E-05 0.110774 9.9982E-05 0.398811
0.260783 0.199858 0.0389599 0.283956 0.0554784 0.160964
9.996E-05 9.996E-05 9.996E-05 9.996E-05 9.996E-05 0.9995
0.472345 0.057226 0.225304 0.131301 0.0624976 0.0513268
9.996E-05 9.996E-05 0.9995 9.996E-05 9.996E-05 9.996E-05
0.308576 0.332986 0.198089 0.0945629 0.0656858 9.9991E-05
0.504983 0.364055 0.00102471 0.105033 0.0248045 9.9991E-05
0.401961 0.242586 0.0549349 0.277652 9.9991E-05 0.0227655
0.16304 0.0385206 0.124353 0.547963 0.0300426 0.0960815
0.514464 0.101314 0.120658 0.0918817 0.0958065 0.0758762
0.175252 0.0572775 9.9991E-05 0.614457 0.0980713 0.0548428
0.333455 0.114919 0.176327 0.318087 0.0292887 0.0279222
0.109308 0.421906 0.108072 0.0354239 0.127346 0.197943
0.302136 0.378253 0.0859371 0.0966024 0.001866 0.135206
0.211724 0.00102064 0.0453725 0.117354 0.0932193 0.531309
0.211275 0.0656844 0.0554033 0.510103 0.0145287 0.143006
9.9964E-05 9.9964E-05 9.9964E-05 9.9964E-05 0.000790572 0.99881
0.247631 0.276143 0.263545 0.19651 0.0110165 0.00515498
0.0300898 0.228698 0.000245418 0.54868 0.191921 0.000366643
0.11021 0.338836 9.9991E-05 0.259136 0.0777485 0.21397
9.9991E-05 0.472453 0.0106339 0.203548 0.177858 0.135407
0.206596 9.9991E-05 0.139242 0.461248 0.115724 0.0770906
9.9982E-05 9.9982E-05 0.0297382 0.275523 0.156299 0.53824
0.283432 0.178293 0.101772 0.176998 0.0719158 0.18759
0.385979 0.24196 0.160957 0.171928 0.039077 9.9991E-05
0.0373517 0.489724 0.005157 0.0658037 0.114859 0.287105
0.690282 0.147487 9.9991E-05 0.0735043 0.0217402 0.0668868
0.277321 0.410153 0.0287551 0.125774 0.114596 0.0434002
0.12078 0.467997 0.130668 0.116798 0.0474082 0.11635
0.196139 0.66878 0.0417659 0.0426512 0.0505643 9.9991E-05
9.9991E-05 0.469431 0.118642 0.0797716 0.15158 0.180475
9.9982E-05 0.152319 0.0405623 0.646144 0.160774 9.9982E-05
0.248925 9.9991E-05 0.0673919 0.426618 0.15564 0.101324
0.0886518 0.125082 0.0749716 0.302471 0.0381023 0.370722
0.553456 9.9991E-05 0.0297022 0.103065 0.121474 0.192204
9.9991E-05 0.300413 0.062183 0.578243 0.051356 0.00770518
0.0293773 0.583945 0.144059 0.0573937 0.146256 0.0389698
0.9995 9.996E-05 9.996E-05 9.996E-05 9.996E-05 9.996E-05
0.876039 9.9982E-05 0.011607 9.9982E-05 0.0869418 0.0252123
0.0535346 0.318263 0.0733225 0.279584 0.182295 0.0930014
0.166068 0.0589483 0.23645 0.381474 0.0328643 0.124195
0.00198083 0.334316 0.10345 0.33829 0.150916 0.0710477
0.687881 0.0616605 0.181558 9.9982E-05 0.0687015 9.9982E-05
0.136605 0.456033 0.155858 0.00616638 0.0545969 0.190741
0.0995981 0.53068 0.00369882 0.208194 0.0996644 0.058165
0.275486 0.105005 0.139179 0.255384 0.11352 0.111426
0.126783 0.0335475 9.9991E-05 0.24691 0.0673111 0.525348
0.323755 0.121084 0.0487293 0.393416 0.0927585 0.0202576
9.996E-05 9.996E-05 9.996E-05 9.996E-05 0.9995 9.996E-05
9.9982E-05 9.9982E-05 0.122336 0.765738 0.106892 0.00483358
0.109894 0.0277916 0.337534 0.482115 0.0425658 9.9991E-05
0.16241 0.573268 0.0605172 9.9991E-05 0.0347782 0.168927
0.0829615 0.288688 0.185053 0.365934 0.0772636 9.9991E-05
9.9991E-05 0.386755 0.0122555 0.192673 0.230194 0.178023
0.398349 0.31334 0.0386433 9.9991E-05 0.155398 0.0941703
0.204482 0.390561 9.9991E-05 0.224942 0.103931 0.0759829
0.236825 9.9991E-05 0.157871 0.283117 0.101968 0.220119
0.0896875 0.481184 0.0756217 0.218042 0.135365 9.9991E-05
0.12941 0.162343 0.129642 0.36999 0.0635653 0.14505
9.9973E-05 9.9973E-05 9.9973E-05 0.90643 0.0282573 0.0650125
0.433885 0.117411 0.154633 0.163555 0.073573 0.0569431
9.9991E-05 0.255649 0.059941 0.453727 0.135469 0.0951134
9.996E-05 9.996E-05 9.996E-05 9.996E-05 0.9995 9.996E-05
0.351131 0.0376296 9.9982E-05 0.0615391 0.5495 9.9982E-05
0.434059 0.0598624 0.0728812 0.403553 9.9991E-05 0.0295445
0.0232651 0.534857 0.0146517 0.270058 0.110817 0.0463512
9.9991E-05 0.131588 0.0537464 0.664082 0.089482 0.0610008
0.304302 0.371965 0.0550756 0.188865 0.0796929 9.9991E-05
0.551046 0.121655 0.151929 0.0541048 0.121166 9.9991E-05
0.953453 9.9964E-05 9.9964E-05 9.9964E-05 0.0461468 9.9964E-05
0.371506 0.0854003 0.0045754 0.361783 0.148065 0.0286697
0.446586 0.390718 0.0954697 9.9982E-05 9.9982E-05 0.0670265
0.462893 0.162154 0.221586 0.016723 0.0536298 0.0830143
0.200518 0.093364 0.0828989 0.31514 0.173069 0.135011
0.338985 0.479325 0.0790547 9.9982E-05 0.102436 9.9982E-05
0.2485 0.0395641 0.0603719 0.501754 0.109568 0.0402423
0.48641 0.192929 0.158616 0.0620141 9.9991E-05 0.0999312
0.216396 0.236003 0.0811444 0.325443 0.124677 0.0163366
0.0895966 0.618374 0.125452 0.145194 0.0134314 0.00795164
9.99639E-05 9.99639E-05 0.953497 9.99639E-05 9.99639E-05 0.0461036
0.216084 0.470273 0.0938594 0.0445462 0.0465564 0.128682
0.783685 9.9982E-05 0.0702337 9.9982E-05 0.0449365 0.100944
0.113252 0.297304 0.100695 0.187434 0.227535 0.0737795
0.301014 0.0685744 0.0628001 0.457435 0.110077 9.9991E-05
0.081199 0.186654 0.0395918 0.447395 9.9991E-05 0.245061
0.149658 0.181989 0.12414 0.356021 0.0377295 0.150463
9.996E-05 9.996E-05 0.9995 9.996E-05 9.996E-05 9.996E-05
0.270326 0.299827 0.0164338 0.244831 0.139242 0.0293409
0.444766 0.0198514 0.184021 0.139505 0.123288 0.0885683
0.0753824 0.0722011 0.102938 0.653671 0.0316214 0.0641861
0.262338 0.221975 9.9991E-05 0.281122 0.0695663 0.164899
