0.509878 9.99462E-05 9.99462E-05 9.99462E-05 0.0512629 9.99462E-05 9.99462E-05 0.0739504 9.99462E-05 0.364309
0.487384 9.99551E-05 0.238351 0.144933 9.99551E-05 0.0198526 9.99551E-05 9.99551E-05 9.99551E-05 0.10898
0.291971 9.99552E-05 0.143708 0.196527 9.99552E-05 9.99552E-05 0.333986 9.99552E-05 0.0333082 9.99552E-05
9.99641E-05 0.355896 9.99641E-05 0.0917325 0.0775697 0.0371819 0.0596528 9.99641E-05 9.99641E-05 0.377568
9.99551E-05 9.99551E-05 0.11526 0.0356698 9.99551E-05 0.146336 9.99551E-05 0.146213 9.99551E-05 0.556021
9.99551E-05 0.0197889 0.0393726 9.99551E-05 9.99551E-05 9.99551E-05 0.118285 0.0994882 9.99551E-05 0.722565
9.99552E-05 9.99552E-05 0.0269119 0.0518565 9.99552E-05 0.215608 9.99552E-05 0.246975 9.99552E-05 0.458148
0.088341 9.99373E-05 9.99373E-05 9.99373E-05 0.202579 9.99373E-05 9.99373E-05 9.99373E-05 9.99373E-05 0.708381
0.117128 0.136442 0.00569457 0.0291649 0.369893 9.99821E-05 0.0352507 0.127509 9.99821E-05 0.178718
0.357247 9.99552E-05 9.99552E-05 9.99552E-05 9.99552E-05 9.99552E-05 0.15698 0.372554 0.0916179 0.0211017
9.9964E-05 9.9964E-05 9.9964E-05 0.0502283 0.140888 0.0413193 0.438172 0.118786 9.9964E-05 0.210207
9.99552E-05 0.349758 0.353646 9.99552E-05 0.127018 0.111181 9.99552E-05 9.99552E-05 0.0578963 9.99552E-05
9.99552E-05 9.99552E-05 0.184284 9.99552E-05 0.646389 0.0296721 9.99552E-05 0.00268617 9.99552E-05 0.136469
9.99551E-05 0.133666 0.619391 0.0605557 9.99551E-05 0.0189673 9.99551E-05 9.99551E-05 9.99551E-05 0.166919
9.99462E-05 0.787109 0.00952336 9.99462E-05 0.117495 9.99462E-05 9.99462E-05 9.99462E-05 9.99462E-05 0.0852731
9.99641E-05 0.193236 0.0258378 0.372848 9.99641E-05 0.125794 9.99641E-05 9.99641E-05 0.0639736 0.21791
0.414771 0.395298 0.00801944 9.9973E-05 9.9973E-05 0.0345304 0.0676289 9.9973E-05 0.0285828 0.0508693
0.111698 0.131528 9.99731E-05 0.1244 9.99731E-05 0.265098 0.144379 9.99731E-05 0.0937417 0.128856
0.285594 9.99552E-05 0.0546753 9.99552E-05 0.261651 9.99552E-05 9.99552E-05 9.99552E-05 0.0878513 0.309728
9.99461E-05 0.090648 0.480115 9.99461E-05 9.99461E-05 9.99461E-05 9.99461E-05 0.181579 9.99461E-05 0.247058
0.0558848 9.99373E-05 9.99373E-05 9.99373E-05 9.99373E-05 9.99373E-05 0.156303 0.787112 9.99373E-05 9.99373E-05
9.99371E-05 9.99371E-05 9.99371E-05 9.99371E-05 0.564367 9.99371E-05 9.99371E-05 0.300154 0.13478 9.99371E-05
9.99551E-05 0.372815 9.99551E-05 0.218986 9.99551E-05 0.267195 0.0512585 9.99551E-05 9.99551E-05 0.0892459
9.99461E-05 9.99461E-05 0.161213 0.226945 9.99461E-05 9.99461E-05 9.99461E-05 0.44042 9.99461E-05 0.170823
9.99552E-05 9.99552E-05 9.99552E-05 0.190081 0.223329 9.99552E-05 0.268254 0.0268187 9.99552E-05 0.291018
9.9964E-05 0.271225 9.9964E-05 0.0750158 0.0755567 9.9964E-05 0.0828037 0.0564183 9.9964E-05 0.438581
0.389839 0.0855356 9.9973E-05 0.0588714 0.000599254 0.0895313 9.9973E-05 0.268614 0.106709 9.9973E-05
0.351751 9.99463E-05 0.145828 9.99463E-05 9.99463E-05 9.99463E-05 0.122304 9.99463E-05 9.99463E-05 0.379517
0.18528 9.99641E-05 0.0638222 9.99641E-05 0.178565 0.17892 0.243641 9.99641E-05 0.149372 9.99641E-05
9.99372E-05 9.99372E-05 9.99372E-05 0.679931 0.261649 9.99372E-05 9.99372E-05 0.0577201 9.99372E-05 9.99372E-05
0.00517192 9.99642E-05 9.99642E-05 9.99642E-05 9.99642E-05 0.135918 0.132173 0.394755 0.0788472 0.252735
9.99731E-05 0.00688593 0.353211 0.0879872 0.0903129 0.124938 9.99731E-05 0.0216996 0.314665 9.99731E-05
0.121843 9.99642E-05 9.99642E-05 0.164701 0.0892791 9.99642E-05 0.064297 0.431419 0.128062 9.99642E-05
9.99642E-05 9.99642E-05 0.195114 0.0260204 0.428133 9.99642E-05 9.99642E-05 0.187005 0.0536405 0.109688
9.99461E-05 9.99461E-05 9.99461E-05 0.0369803 9.99461E-05 0.168543 0.00944897 9.99461E-05 9.99461E-05 0.784428
0.523701 9.99463E-05 0.120641 9.99463E-05 9.99463E-05 9.99463E-05 9.99463E-05 0.137624 9.99463E-05 0.217434
9.99372E-05 9.99372E-05 9.99372E-05 9.99372E-05 9.99372E-05 0.377246 9.99372E-05 9.99372E-05 0.485413 0.136641
0.163252 9.99731E-05 9.99731E-05 0.211939 0.126892 0.0843135 0.342152 0.0305643 9.99731E-05 0.0405868
0.0699608 9.99731E-05 0.0648025 0.0040658 0.412622 9.99731E-05 9.99731E-05 0.000309218 0.164423 0.283516
0.132427 0.0541468 0.130747 9.9982E-05 0.188238 0.0672397 0.0830331 9.9982E-05 0.139133 0.204836
0.796189 0.0574823 9.99374E-05 0.145629 9.99374E-05 9.99374E-05 9.99374E-05 9.99374E-05 9.99374E-05 9.99374E-05
9.99552E-05 0.217161 9.99552E-05 0.010535 0.109139 9.99552E-05 9.99552E-05 0.645601 0.017065 9.99552E-05
0.138255 9.9973E-05 0.298876 0.116448 0.142744 9.9973E-05 9.9973E-05 0.164991 0.0485808 0.0898063
9.99553E-05 0.183462 0.0509604 9.99553E-05 9.99553E-05 0.0590973 0.136065 9.99553E-05 9.99553E-05 0.569916
0.0105474 9.99731E-05 0.21254 0.0518096 0.370894 0.112964 0.0572446 9.99731E-05 0.183701 9.99731E-05
0.118806 0.345144 0.0491845 0.030774 9.99821E-05 0.0754238 0.0599221 9.99821E-05 0.0419993 0.278546
0.119154 0.397782 0.124866 9.99551E-05 0.048739 9.99551E-05 9.99551E-05 9.99551E-05 9.99551E-05 0.30896
0.21843 0.151167 0.149978 9.9964E-05 9.9964E-05 0.131084 0.101894 0.247047 9.9964E-05 9.9964E-05
0.0191088 0.330396 9.99552E-05 0.0371574 0.066289 9.99552E-05 9.99552E-05 9.99552E-05 0.546549 9.99552E-05
9.99461E-05 9.99461E-05 9.99461E-05 9.99461E-05 0.128905 0.0604564 9.99461E-05 9.99461E-05 0.0815678 0.728471
9.99371E-05 9.99371E-05 9.99371E-05 9.99371E-05 9.99371E-05 9.99371E-05 0.0880771 9.99371E-05 0.0689972 0.842226
0.189605 9.99641E-05 0.333416 9.99641E-05 9.99641E-05 0.0805341 0.150379 0.218684 0.0269813 9.99641E-05
0.34575 0.143878 9.99551E-05 0.21996 0.0590651 9.99551E-05 9.99551E-05 9.99551E-05 9.99551E-05 0.230847
9.99552E-05 0.110834 9.99552E-05 0.117476 0.289718 9.99552E-05 0.233181 9.99552E-05 9.99552E-05 0.248291
9.99373E-05 0.00545602 0.94637 9.99373E-05 9.99373E-05 9.99373E-05 0.0474744 9.99373E-05 9.99373E-05 9.99373E-05
9.99821E-05 0.345397 0.056489 0.0203517 0.0818147 0.0835134 0.0204452 0.25244 0.139349 9.99821E-05
0.106158 0.0172335 0.377461 0.137803 0.0783583 9.9973E-05 0.164415 9.9973E-05 9.9973E-05 0.118271
9.99375E-05 9.99375E-05 0.592636 9.99375E-05 9.99375E-05 0.0247732 9.99375E-05 0.381891 9.99375E-05 9.99375E-05
0.031452 0.0254658 0.503976 9.9973E-05 0.152272 0.080117 0.177034 9.9973E-05 0.0293826 9.9973E-05
0.240063 9.9964E-05 0.00361368 9.9964E-05 9.9964E-05 0.0901141 0.0894529 0.231841 9.9964E-05 0.344515
0.303241 9.99462E-05 9.99462E-05 9.99462E-05 9.99462E-05 9.99462E-05 0.205389 9.99462E-05 0.135747 0.355023
0.205318 0.191932 9.9964E-05 0.113178 9.9964E-05 0.277888 9.9964E-05 0.166879 9.9964E-05 0.0444049
0.209734 0.0328336 0.0202284 9.9973E-05 0.282246 0.0759381 9.9973E-05 0.215973 0.162747 9.9973E-05
0.0838896 9.99462E-05 0.00410344 0.744285 9.99462E-05 9.99462E-05 9.99462E-05 9.99462E-05 9.99462E-05 0.167123
9.99553E-05 0.00367987 9.99553E-05 0.0796283 9.99553E-05 9.99553E-05 9.99553E-05 0.282815 0.401074 0.232303
0.503415 0.0817513 0.109686 0.0627281 0.241919 9.99552E-05 9.99552E-05 9.99552E-05 9.99552E-05 9.99552E-05
9.99464E-05 0.0218804 9.99464E-05 9.99464E-05 9.99464E-05 0.0343718 9.99464E-05 9.99464E-05 0.104879 0.838269
9.99552E-05 0.0505828 9.99552E-05 9.99552E-05 0.430472 0.227137 9.99552E-05 9.99552E-05 0.00466715 0.286641
9.99551E-05 0.18392 9.99551E-05 9.99551E-05 0.501109 0.0412105 9.99551E-05 9.99551E-05 0.203149 0.0701117
0.284439 9.99552E-05 9.99552E-05 9.99552E-05 0.100882 9.99552E-05 0.103205 0.270379 0.240595 9.99552E-05
0.0805649 0.0994439 0.202424 0.000755112 0.0820505 0.0743107 0.117494 0.130964 9.9991E-05 0.211893
0.0722802 0.112511 9.99552E-05 0.0911622 0.71011 0.0134377 9.99552E-05 9.99552E-05 9.99552E-05 9.99552E-05
9.99374E-05 9.99374E-05 0.391307 9.99374E-05 9.99374E-05 0.332238 9.99374E-05 9.99374E-05 9.99374E-05 0.275756
0.0228931 0.0299558 9.99642E-05 9.99642E-05 0.482343 0.137937 9.99642E-05 9.99642E-05 0.110725 0.215746
9.99465E-05 9.99465E-05 0.225092 0.0983394 9.99465E-05 9.99465E-05 0.0592 9.99465E-05 9.99465E-05 0.616769
0.102864 0.114523 0.499153 9.99731E-05 0.0133444 0.117618 9.99731E-05 9.99731E-05 0.110699 0.041499
9.99201E-05 0.999101 9.99201E-05 9.99201E-05 9.99201E-05 9.99201E-05 9.99201E-05 9.99201E-05 9.99201E-05 9.99201E-05
0.166255 9.9973E-05 0.0404637 9.9973E-05 0.206641 0.0494462 0.243465 0.266035 9.9973E-05 0.0273941
0.179916 9.9964E-05 0.128182 9.9964E-05 0.268196 9.9964E-05 0.236227 9.9964E-05 0.164611 0.0224679
0.172471 0.207025 0.445544 9.9955E-05 9.9955E-05 9.9955E-05 0.0821402 9.9955E-05 0.0923212 9.9955E-05
9.99463E-05 9.99463E-05 9.99463E-05 9.99463E-05 0.0288735 0.491221 0.0458415 9.99463E-05 9.99463E-05 0.433464
9.99731E-05 9.99731E-05 0.159291 0.0474602 0.174822 9.99731E-05 0.244722 0.0663585 0.0251334 0.281912
0.0800925 9.99553E-05 9.99553E-05 9.99553E-05 0.0278333 9.99553E-05 9.99553E-05 0.567834 0.128789 0.194951
9.9955E-05 0.147904 9.9955E-05 0.176102 0.28017 9.9955E-05 0.0655724 9.9955E-05 0.329752 9.9955E-05
9.99731E-05 0.314025 0.00160825 0.175978 0.0385473 0.0757827 9.99731E-05 0.20885 9.99731E-05 0.184909
0.427475 0.158903 9.9946E-05 9.9946E-05 9.9946E-05 9.9946E-05 9.9946E-05 0.00682485 9.9946E-05 0.406198
0.600476 9.99552E-05 0.303888 0.0542053 0.0392362 0.00169516 9.99552E-05 9.99552E-05 9.99552E-05 9.99552E-05
0.0122304 9.99641E-05 0.278055 0.397737 0.285762 9.99641E-05 0.00635971 9.99641E-05 9.99641E-05 0.0194569
9.99463E-05 9.99463E-05 9.99463E-05 0.0665739 0.460359 9.99463E-05 0.3109 9.99463E-05 9.99463E-05 0.161567
0.10114 9.99641E-05 9.99641E-05 0.0118492 0.593343 9.99641E-05 0.0803208 0.0811521 0.131795 9.99641E-05
9.99374E-05 0.194954 9.99374E-05 0.770241 9.99374E-05 9.99374E-05 0.0341053 9.99374E-05 9.99374E-05 9.99374E-05
9.99464E-05 0.020785 0.26778 9.99464E-05 9.99464E-05 9.99464E-05 9.99464E-05 0.490698 9.99464E-05 0.220137
9.99464E-05 9.99464E-05 9.99464E-05 0.0671927 0.457322 0.157231 9.99464E-05 0.317654 9.99464E-05 9.99464E-05
0.403724 0.00293932 0.0335825 0.0850539 9.99731E-05 0.00836092 0.258969 9.99731E-05 9.99731E-05 0.20707
0.192437 0.0561046 0.0600086 9.9964E-05 0.503347 0.100553 9.9964E-05 0.0871498 9.9964E-05 9.9964E-05
0.108348 0.226362 0.342412 0.00406879 9.99641E-05 9.99641E-05 0.0392438 9.99641E-05 9.99641E-05 0.279166
0.134102 9.99461E-05 9.99461E-05 0.0457439 9.99461E-05 9.99461E-05 9.99461E-05 0.546313 9.99461E-05 0.273242
0.0620371 0.536984 9.9955E-05 9.9955E-05 9.9955E-05 9.9955E-05 0.0171109 0.307431 9.9955E-05 0.0759379
9.99551E-05 9.99551E-05 0.163367 0.405203 0.0388806 0.0611827 9.99551E-05 9.99551E-05 9.99551E-05 0.330867
0.257849 0.0707633 9.9982E-05 0.326097 0.0424067 0.0159173 0.0228966 0.0689086 9.9982E-05 0.194961
9.99284E-05 9.99284E-05 9.99284E-05 9.99284E-05 9.99284E-05 9.99284E-05 9.99284E-05 0.965868 9.99284E-05 0.0333326
0.0588937 9.99374E-05 9.99374E-05 0.871864 9.99374E-05 0.0685429 9.99374E-05 9.99374E-05 9.99374E-05 9.99374E-05
0.250613 9.99553E-05 9.99553E-05 0.015195 0.118233 9.99553E-05 0.264842 0.350618 9.99553E-05 9.99553E-05
0.149848 9.99281E-05 9.99281E-05 9.99281E-05 9.99281E-05 9.99281E-05 0.849352 9.99281E-05 9.99281E-05 9.99281E-05
0.0975066 9.99641E-05 0.0365202 9.99641E-05 0.143071 0.00711721 9.99641E-05 9.99641E-05 0.244537 0.470848
9.99552E-05 0.214062 9.99552E-05 9.99552E-05 0.429669 0.0113597 9.99552E-05 9.99552E-05 0.00740639 0.337003
9.99461E-05 9.99461E-05 0.472171 9.99461E-05 9.99461E-05 9.99461E-05 9.99461E-05 0.225554 0.233866 0.0678088
0.0244059 9.99553E-05 9.99553E-05 9.99553E-05 9.99553E-05 9.99553E-05 0.00921136 0.167694 0.25558 0.542609
9.99552E-05 0.0983728 9.99552E-05 9.99552E-05 0.305599 9.99552E-05 9.99552E-05 0.0451238 0.289282 0.261123
9.99463E-05 9.99463E-05 9.99463E-05 0.214668 0.512562 9.99463E-05 0.240321 9.99463E-05 0.0318491 9.99463E-05
9.99552E-05 9.99552E-05 0.0417504 0.347642 9.99552E-05 0.0582123 9.99552E-05 0.448249 9.99552E-05 0.103647
9.99552E-05 9.99552E-05 9.99552E-05 0.139529 0.03463 0.0739522 9.99552E-05 9.99552E-05 0.134415 0.616974
9.99373E-05 9.99373E-05 0.455833 0.487206 9.99373E-05 9.99373E-05 9.99373E-05 9.99373E-05 0.0562615 9.99373E-05
9.99552E-05 9.99552E-05 0.207999 9.99552E-05 0.0102293 9.99552E-05 0.133251 9.99552E-05 0.103202 0.54482
9.99201E-05 9.99201E-05 9.99201E-05 0.999101 9.99201E-05 9.99201E-05 9.99201E-05 9.99201E-05 9.99201E-05 9.99201E-05
9.99552E-05 0.194469 0.151861 9.99552E-05 0.274775 9.99552E-05 0.326697 0.0516984 9.99552E-05 9.99552E-05
0.562935 0.193767 9.99461E-05 9.99461E-05 9.99461E-05 9.99461E-05 9.99461E-05 9.99461E-05 0.00324092 0.239457
0.0134437 9.99641E-05 0.217394 0.131601 0.349384 9.99641E-05 9.99641E-05 0.000581815 0.287196 9.99641E-05
9.9973E-05 0.189821 9.9973E-05 0.158169 0.156764 0.149443 0.208901 9.9973E-05 0.0913445 0.0452584
0.334397 0.0391745 0.153753 9.99551E-05 9.99551E-05 9.99551E-05 9.99551E-05 9.99551E-05 0.0231103 0.449066
9.99731E-05 0.0658857 9.99731E-05 0.416871 0.134745 0.0309571 9.99731E-05 0.136499 0.0479585 0.166785
0.00506349 9.99552E-05 0.712989 0.100762 0.0737454 9.99552E-05 9.99552E-05 9.99552E-05 9.99552E-05 0.10694
9.99373E-05 9.99373E-05 0.0963528 9.99373E-05 9.99373E-05 9.99373E-05 0.166449 9.99373E-05 9.99373E-05 0.736499
9.99552E-05 9.99552E-05 0.0271426 0.029334 9.99552E-05 0.0460323 9.99552E-05 0.59662 0.300371 9.99552E-05
0.185271 0.468758 9.997E-05 0.208358 9.997E-05 9.997E-05 0.103768 0.0163079 0.0167037 0.000533657
9.9937E-05 9.9937E-05 9.9937E-05 9.9937E-05 0.352351 9.9937E-05 9.9937E-05 0.373628 9.9937E-05 0.273321
0.279621 0.320368 0.145481 0.131866 0.0496436 0.0726209 9.99642E-05 9.99642E-05 9.99642E-05 9.99642E-05
9.99461E-05 9.99461E-05 9.99461E-05 9.99461E-05 0.418169 0.106298 9.99461E-05 9.99461E-05 0.125142 0.349791
0.484891 9.99552E-05 0.0048844 0.180518 9.99552E-05 9.99552E-05 0.176221 9.99552E-05 0.152985 9.99552E-05
9.99821E-05 9.99821E-05 0.0573986 0.12783 0.128759 0.130895 0.155252 0.226074 0.0290124 0.144577
0.00513818 0.477491 9.99552E-05 9.99552E-05 9.99552E-05 9.99552E-05 0.102912 0.41242 0.00153855 9.99552E-05
0.0265716 9.99731E-05 0.0366455 9.99731E-05 0.0167784 9.99731E-05 0.0856088 0.167999 0.0463012 0.619795
0.019709 0.0313906 9.99821E-05 9.99821E-05 0.319591 0.0253667 0.200178 0.0700036 0.125463 0.208098
0.251585 9.99551E-05 9.99551E-05 9.99551E-05 0.251195 0.0787418 0.106196 9.99551E-05 0.311783 9.99551E-05
0.807289 9.99462E-05 9.99462E-05 0.000951502 9.99462E-05 9.99462E-05 0.0552593 0.135901 9.99462E-05 9.99462E-05
9.99283E-05 9.99283E-05 9.99283E-05 9.99283E-05 9.99283E-05 9.99283E-05 9.99283E-05 9.99283E-05 0.599515 0.399685
9.99282E-05 9.99282E-05 9.99282E-05 9.99282E-05 9.99282E-05 9.99282E-05 9.99282E-05 9.99282E-05 0.909898 0.0893024
9.99464E-05 9.99464E-05 9.99464E-05 0.0440216 9.99464E-05 9.99464E-05 0.156418 9.99464E-05 0.493376 0.305584
9.99464E-05 9.99464E-05 0.212941 9.99464E-05 0.509664 0.0977362 0.17906 9.99464E-05 9.99464E-05 9.99464E-05
9.99373E-05 0.263675 9.99373E-05 9.99373E-05 9.99373E-05 9.99373E-05 9.99373E-05 9.99373E-05 0.0558336 0.679792
9.99642E-05 9.99642E-05 0.161498 9.99642E-05 0.0365985 0.130627 0.302267 9.99642E-05 0.116334 0.252277
0.0309936 9.99552E-05 9.99552E-05 9.99552E-05 9.99552E-05 0.286248 0.140228 0.413595 0.128435 9.99552E-05
0.25522 9.99641E-05 0.0798951 0.0141562 0.253302 9.99641E-05 9.99641E-05 0.38075 9.99641E-05 0.0162766
0.165727 9.99552E-05 9.99552E-05 9.99552E-05 0.180624 9.99552E-05 0.163232 0.275075 0.214843 9.99552E-05
9.99551E-05 0.0378791 9.99551E-05 0.448945 0.332027 0.0328493 9.99551E-05 9.99551E-05 9.99551E-05 0.147799
9.9955E-05 9.9955E-05 0.221157 0.0185333 0.327925 9.9955E-05 9.9955E-05 9.9955E-05 0.005256 0.426628
9.99201E-05 9.99201E-05 9.99201E-05 9.99201E-05 9.99201E-05 0.999101 9.99201E-05 9.99201E-05 9.99201E-05 9.99201E-05
0.241007 9.99731E-05 0.193373 0.0355802 0.00546963 9.99731E-05 0.156291 9.99731E-05 0.0413048 0.326675
9.99463E-05 9.99463E-05 0.431865 0.0900925 9.99463E-05 9.99463E-05 9.99463E-05 0.211937 9.99463E-05 0.265506
0.00791956 0.196937 0.0480526 9.99642E-05 0.269588 0.328368 9.99642E-05 0.148734 9.99642E-05 9.99642E-05
9.99463E-05 9.99463E-05 0.207956 9.99463E-05 0.784158 9.99463E-05 0.0068371 9.99463E-05 9.99463E-05 0.000449303
0.227227 0.358605 9.99462E-05 9.99462E-05 9.99462E-05 9.99462E-05 9.99462E-05 0.195348 9.99462E-05 0.218219
9.9955E-05 9.9955E-05 9.9955E-05 9.9955E-05 0.0274191 0.0299392 9.9955E-05 0.325536 0.523665 0.0929402
0.244129 9.99641E-05 0.272558 9.99641E-05 9.99641E-05 0.0500715 9.99641E-05 0.0820965 0.17954 0.171204
9.99553E-05 9.99553E-05 0.141306 0.288045 9.99553E-05 0.141813 9.99553E-05 0.161415 9.99553E-05 0.266921
0.161115 0.118282 9.99731E-05 9.99731E-05 9.99731E-05 0.13438 0.0757013 0.140792 0.324732 0.0446977
9.99283E-05 9.99283E-05 0.631406 9.99283E-05 9.99283E-05 9.99283E-05 0.367795 9.99283E-05 9.99283E-05 9.99283E-05
0.161277 0.019307 0.181752 0.102158 9.99821E-05 0.131151 0.235139 0.0525296 0.116488 9.99821E-05
9.99286E-05 9.99286E-05 9.99286E-05 9.99286E-05 9.99286E-05 9.99286E-05 9.99286E-05 9.99286E-05 0.134181 0.86502
0.074722 9.99551E-05 9.99551E-05 0.186784 0.558495 9.99551E-05 0.0704648 9.99551E-05 9.99551E-05 0.109034
9.99201E-05 9.99201E-05 9.99201E-05 9.99201E-05 9.99201E-05 0.999101 9.99201E-05 9.99201E-05 9.99201E-05 9.99201E-05
0.0431685 9.99462E-05 9.99462E-05 9.99462E-05 0.428228 0.228929 9.99462E-05 9.99462E-05 9.99462E-05 0.299075
0.0706035 9.99462E-05 0.329541 9.99462E-05 0.183927 9.99462E-05 9.99462E-05 9.99462E-05 9.99462E-05 0.415329
0.239793 0.398812 0.102217 9.99641E-05 9.99641E-05 0.00759944 0.0567933 0.194386 9.99641E-05 9.99641E-05
0.399237 0.0984089 9.99464E-05 9.99464E-05 0.396064 0.105691 9.99464E-05 9.99464E-05 9.99464E-05 9.99464E-05
0.0945846 0.0352886 9.99641E-05 0.0370322 0.185288 9.99641E-05 9.99641E-05 0.269764 9.99641E-05 0.377643
0.0264196 0.0863275 9.998E-05 0.105967 9.998E-05 0.0496351 0.164387 0.229729 0.0523099 0.285024
9.99201E-05 9.99201E-05 9.99201E-05 9.99201E-05 9.99201E-05 9.99201E-05 9.99201E-05 9.99201E-05 0.999101 9.99201E-05
9.99374E-05 9.99374E-05 0.689067 9.99374E-05 9.99374E-05 0.0912468 9.99374E-05 0.218987 9.99374E-05 9.99374E-05
0.0881599 0.00521102 0.294194 0.045857 0.187285 0.0193626 0.090471 9.9982E-05 9.9982E-05 0.26926
9.99641E-05 0.03601 9.99641E-05 9.99641E-05 0.456053 0.00343331 0.120402 9.99641E-05 0.228828 0.154874
9.99731E-05 0.0488078 0.115177 9.99731E-05 0.0190692 0.173902 0.141544 9.99731E-05 0.102059 0.399141
0.0208273 0.300885 0.262036 9.99551E-05 9.99551E-05 9.99551E-05 0.09487 9.99551E-05 0.320882 9.99551E-05
0.0789653 0.0338289 9.99642E-05 0.0625711 0.0397685 9.99642E-05 9.99642E-05 0.149299 9.99642E-05 0.635167
0.0587465 0.225264 9.99552E-05 9.99552E-05 0.125305 9.99552E-05 0.00635355 9.99552E-05 9.99552E-05 0.583831
9.99464E-05 9.99464E-05 0.323721 9.99464E-05 9.99464E-05 9.99464E-05 0.0566469 9.99464E-05 0.0556492 0.563384
9.99642E-05 0.196017 0.246701 0.113462 0.30213 9.99642E-05 9.99642E-05 0.00988718 0.131403 9.99642E-05
9.99372E-05 9.99372E-05 0.0255101 9.99372E-05 9.99372E-05 9.99372E-05 0.812029 0.161761 9.99372E-05 9.99372E-05
0.201774 9.99732E-05 0.0408435 0.0422181 0.138415 9.99732E-05 0.155728 0.0622663 9.99732E-05 0.358456
0.511356 0.327234 0.00820002 9.99552E-05 9.99552E-05 9.99552E-05 0.0507383 0.101972 9.99552E-05 9.99552E-05
0.145727 0.116823 0.046334 9.99553E-05 9.99553E-05 0.1078 9.99553E-05 0.582816 9.99553E-05 9.99553E-05
0.170295 0.129939 9.99642E-05 9.99642E-05 0.472383 0.0745317 9.99642E-05 0.147914 0.00453697 9.99642E-05
9.99462E-05 9.99462E-05 9.99462E-05 9.99462E-05 0.132038 9.99462E-05 9.99462E-05 0.305142 0.058953 0.503267
9.99643E-05 9.99643E-05 0.010041 0.0235168 0.224676 0.0834736 9.99643E-05 9.99643E-05 0.0264084 0.631485
9.9928E-05 9.9928E-05 9.9928E-05 9.9928E-05 9.9928E-05 9.9928E-05 0.952827 9.9928E-05 0.0463738 9.9928E-05
0.132219 0.264196 0.237577 9.99554E-05 0.156274 9.99554E-05 9.99554E-05 9.99554E-05 9.99554E-05 0.209234
9.99641E-05 0.0618777 0.262732 9.99641E-05 9.99641E-05 0.0451034 9.99641E-05 0.0159068 0.19032 0.42366
0.516238 9.99374E-05 9.99374E-05 9.99374E-05 0.0416282 9.99374E-05 9.99374E-05 9.99374E-05 9.99374E-05 0.441434
9.99641E-05 9.99641E-05 0.268523 0.141635 9.99641E-05 0.016084 0.125086 0.0761057 9.99641E-05 0.372167
