0.550147 0.307388 0.142464
0.616554 0.220694 0.162752
0.371343 0.0927477 0.535909
0.543287 0.220434 0.236279
0.293525 0.406572 0.299903
0.520768 0.161981 0.317251
0.542793 0.388365 0.0688416
0.962352 0.0375481 9.99911E-05
0.0191613 0.660598 0.320241
9.99911E-05 0.556859 0.443041
0.400277 0.242525 0.357199
0.379094 0.620806 9.99911E-05
0.570066 0.224922 0.205012
0.419376 0.495879 0.0847448
0.537962 0.461938 9.99911E-05
0.333294 0.214943 0.451763
0.449824 0.399692 0.150484
0.254356 0.573405 0.172239
0.625069 0.374831 9.99911E-05
0.506478 0.151402 0.342121
0.00535841 0.486464 0.508178
0.297105 0.355707 0.347188
0.215586 0.277575 0.506839
9.9991E-05 0.290531 0.709369
0.335165 9.99911E-05 0.664735
0.288812 0.312315 0.398873
0.0212448 0.745569 0.233186
0.800043 0.0890335 0.110923
0.9998 9.999E-05 9.999E-05
9.999E-05 9.999E-05 0.9998
0.335524 0.664376 9.99911E-05
0.432647 0.332896 0.234457
9.99911E-05 0.26939 0.73051
0.912027 0.0878734 9.9991E-05
0.688337 9.9991E-05 0.311563
0.261837 0.397203 0.34096
0.636523 0.270517 0.0929602
0.184888 0.00895136 0.806161
0.454968 0.400048 0.144984
0.820997 9.9991E-05 0.178903
9.99911E-05 0.67209 0.32781
9.99911E-05 0.802424 0.197476
0.553103 0.197226 0.249671
0.643775 0.306836 0.0493893
0.545118 0.20534 0.249543
0.727901 0.271999 9.99911E-05
0.0417629 0.720034 0.238203
9.9991E-05 0.836357 0.163543
0.534062 0.440933 0.0250049
0.941794 0.0581059 9.9991E-05
0.776298 9.9991E-05 0.223602
0.240498 0.523049 0.236453
0.0386542 0.503105 0.458241
0.805977 0.0494212 0.144601
0.256852 0.549526 0.193623
0.2174 0.7825 9.99911E-05
0.346471 0.398998 0.254531
0.142331 0.846284 0.0113851
0.33938 0.66052 9.9991E-05
0.332702 0.416571 0.250727
0.93376 0.0661398 9.99911E-05
9.9991E-05 0.877302 0.122598
0.114872 0.885028 9.9991E-05
0.417342 9.99911E-05 0.582558
0.36995 0.296932 0.333118
0.361872 0.517218 0.12091
0.67586 0.068448 0.255692
0.490067 0.505804 0.00412923
0.538417 0.461483 9.9991E-05
0.411951 0.28265 0.305398
0.218158 0.676388 0.105454
0.13644 0.86346 9.99911E-05
0.645306 0.354594 9.99911E-05
0.769715 0.230185 9.99911E-05
0.83015 9.99911E-05 0.16975
0.223002 0.776898 9.9991E-05
0.447684 0.523268 0.0290483
0.158649 0.671532 0.169819
0.853473 0.146427 9.9991E-05
0.804021 0.195879 9.9991E-05
0.950196 0.0497042 9.99911E-05
0.457638 0.122189 0.420174
0.499336 0.373869 0.126795
0.782559 0.00325803 0.214183
9.9991E-05 0.671816 0.328084
0.348892 0.471222 0.179886
0.362925 0.464941 0.172134
0.162602 0.185638 0.651759
0.673042 0.0324855 0.294473
0.460081 0.262626 0.277293
9.999E-05 9.999E-05 0.9998
0.0905923 0.459805 0.449603
9.99911E-05 0.576775 0.423125
0.148827 0.368222 0.482952
0.0150273 0.891911 0.0930617
0.430396 0.467102 0.102501
9.9991E-05 0.447422 0.552478
0.131682 0.868218 9.9991E-05
0.267538 9.9991E-05 0.732362
9.9991E-05 0.267712 0.732188
9.99911E-05 0.66149 0.33841
9.999E-05 9.999E-05 0.9998
9.99911E-05 0.402897 0.597003
9.99911E-05 0.203079 0.796821
0.852381 0.104238 0.0433807
0.270642 0.480432 0.248926
0.473632 0.526268 9.99911E-05
0.85872 0.028782 0.112499
0.839055 0.160845 9.99911E-05
0.549258 9.99911E-05 0.450642
0.24446 0.263368 0.492172
0.849271 0.0622166 0.0885122
0.122556 9.99911E-05 0.877344
0.902124 9.99911E-05 0.097776
9.999E-05 9.999E-05 0.9998
0.240946 0.646683 0.112371
0.761464 0.238436 9.9991E-05
0.539328 0.460057 0.000615109
0.482903 0.103214 0.413883
0.857226 0.0245589 0.118215
0.000313285 0.349903 0.649784
0.372288 0.28154 0.346172
0.83173 9.9991E-05 0.16817
0.254619 0.496898 0.248483
0.298598 0.365451 0.335951
0.171831 0.600445 0.227725
9.99911E-05 0.659579 0.340321
0.836717 0.163183 9.9991E-05
0.60135 9.99911E-05 0.39855
0.204315 0.206596 0.58909
9.99911E-05 0.960048 0.0398521
0.44243 0.292873 0.264697
0.350709 0.649191 9.9991E-05
0.546113 0.453787 9.99911E-05
0.17352 0.777178 0.049302
0.858087 0.0297281 0.112185
0.9998 9.999E-05 9.999E-05
0.973588 9.99911E-05 0.0263123
0.427565 0.572335 9.99911E-05
0.906176 9.9991E-05 0.0937236
0.544693 0.222373 0.232935
0.0599963 0.334159 0.605844
0.0878871 0.629955 0.282157
0.196321 0.434236 0.369443
9.9991E-05 0.150671 0.849229
0.574875 0.0808113 0.344314
9.999E-05 0.9998 9.999E-05
0.719709 9.9991E-05 0.280191
0.130502 0.311595 0.557903
0.198547 0.801353 9.99911E-05
0.513117 0.361562 0.125321
0.1906 0.8093 9.99911E-05
0.711736 0.222807 0.0654571
0.588527 0.337505 0.0739684
0.240359 0.32567 0.433971
0.540797 0.459103 9.99911E-05
0.554112 9.99911E-05 0.445788
0.454749 0.504759 0.0404917
0.9998 9.999E-05 9.999E-05
0.469365 0.231709 0.298926
0.0421461 0.957754 9.9991E-05
0.507558 0.492342 9.9991E-05
0.787552 0.212348 9.99911E-05
0.188057 0.811843 9.99911E-05
0.174423 0.825477 9.99911E-05
0.365811 0.163726 0.470463
0.604501 0.223803 0.171695
0.9998 9.999E-05 9.999E-05
0.304527 0.578793 0.116679
0.20643 0.50295 0.290619
0.803696 9.99911E-05 0.196204
0.853889 0.146011 9.9991E-05
0.332653 0.667247 9.99911E-05
0.420608 0.21184 0.367552
0.773434 0.137175 0.0893915
0.855124 0.144776 9.99911E-05
0.192891 0.414201 0.392908
0.368383 0.248152 0.383465
0.403624 0.375401 0.220975
0.106176 0.80651 0.0873146
9.99911E-05 0.919219 0.0806807
0.144228 0.662634 0.193138
0.458127 0.437181 0.104692
0.9998 9.999E-05 9.999E-05
0.635596 9.99911E-05 0.364304
0.600874 0.399026 9.99911E-05
0.746152 0.236899 0.0169482
0.86464 0.042089 0.0932709
0.3232 0.253584 0.423217
