9.99369E-05 9.99369E-05 0.0332706 0.696932 0.269098 9.99369E-05 9.99369E-05 9.99369E-05 9.99369E-05 9.99369E-05
9.9955E-05 0.156159 9.9955E-05 0.222114 9.9955E-05 0.0970678 9.9955E-05 0.00568042 0.518479 9.9955E-05
0.0325568 9.9973E-05 9.9973E-05 0.0544843 0.23366 0.163203 0.0496871 9.9973E-05 0.463983 0.00212643
0.0971601 0.114535 0.0716484 0.247609 0.0267541 9.9982E-05 9.9982E-05 0.0404845 0.39351 0.00809949
0.0994646 0.101159 0.0420778 0.0654188 9.9964E-05 9.9964E-05 9.9964E-05 9.9964E-05 0.231894 0.459586
9.9964E-05 0.0551577 0.0678631 9.9964E-05 0.0632196 9.9964E-05 0.150183 9.9964E-05 0.300885 0.362291
0.129733 0.260296 0.0236736 0.145938 0.194349 9.9982E-05 0.0721108 0.00599406 0.167705 9.9982E-05
0.0155996 9.9973E-05 9.9973E-05 0.103905 0.0438003 0.414445 0.0536439 9.9973E-05 0.257705 0.110601
0.00110789 9.9964E-05 9.9964E-05 0.0486587 9.9964E-05 9.9964E-05 0.181387 0.105867 0.104433 0.558148
0.075598 0.154717 0.222094 0.201932 9.9991E-05 0.0433085 0.00101384 0.145978 0.0455123 0.109746
9.998E-05 0.255499 0.128306 0.0952299 0.0429637 0.0696504 0.25882 0.0101779 0.139153 9.998E-05
0.00636184 9.99549E-05 9.99549E-05 9.99549E-05 0.0480047 9.99549E-05 0.28122 0.0780925 9.99549E-05 0.585821
0.0957871 0.168792 0.0175209 0.0107541 9.99729E-05 9.99729E-05 0.210302 9.99729E-05 0.319292 0.177253
0.0544796 9.9991E-05 0.0363816 0.245027 0.00199104 0.00733483 0.0766083 0.0748869 0.0201722 0.483018
0.0218534 9.99549E-05 0.0223843 9.99549E-05 9.99549E-05 0.130983 0.811628 9.99549E-05 0.012652 9.99549E-05
0.0639934 9.9982E-05 0.0361575 0.0761735 0.00908439 0.387761 9.9982E-05 0.124328 0.0426233 0.259679
9.99369E-05 9.99369E-05 0.0737318 9.99369E-05 9.99369E-05 9.99369E-05 0.890639 9.99369E-05 9.99369E-05 0.0349299
0.166404 0.11836 9.9982E-05 0.0627982 0.139334 0.158637 0.147362 0.132907 0.0739988 9.9982E-05
0.109954 0.339332 9.9973E-05 9.9973E-05 0.167292 9.9973E-05 0.0835808 0.00545821 0.157028 0.137055
0.0358754 0.0456666 9.9973E-05 0.132478 0.298873 0.127134 9.9973E-05 9.9973E-05 0.294011 0.0656613
0.120085 0.0462544 0.0188991 0.281693 0.10512 9.9982E-05 0.144012 9.9982E-05 0.223647 0.060089
0.0373691 0.138764 0.050695 0.289305 0.00073062 9.9973E-05 0.357137 9.9973E-05 0.125699 9.9973E-05
0.164118 0.201881 0.0303953 0.0798104 0.151949 0.0388902 0.000438677 0.0190457 0.313372 9.9991E-05
9.9964E-05 9.9964E-05 9.9964E-05 0.112691 0.184425 0.0142387 0.167547 0.117346 0.403352 9.9964E-05
0.0321316 0.475918 0.148853 9.9946E-05 9.9946E-05 9.9946E-05 0.342499 9.9946E-05 9.9946E-05 9.9946E-05
9.9973E-05 9.9973E-05 0.0541671 0.413874 0.0972662 0.0455661 0.292992 0.0477093 0.0481259 9.9973E-05
0.0543903 9.9964E-05 0.110928 9.9964E-05 0.213997 0.390475 0.172619 0.0571919 9.9964E-05 9.9964E-05
0.01691 0.118127 0.0985135 0.188908 0.105361 0.0247936 0.11151 0.169087 0.16669 9.9991E-05
9.9973E-05 9.9973E-05 0.0440726 0.0115407 0.195437 0.0600577 0.214494 0.126108 0.347989 9.9973E-05
9.99549E-05 9.99549E-05 9.99549E-05 0.0336732 9.99549E-05 0.0509233 9.99549E-05 0.621349 0.0797061 0.213848
9.9946E-05 0.27221 9.9946E-05 9.9946E-05 9.9946E-05 9.9946E-05 9.9946E-05 0.0453995 0.329885 0.351906
0.0368043 9.9964E-05 0.0291283 9.9964E-05 0.490475 0.319849 9.9964E-05 0.119459 9.9964E-05 0.00388465
0.107161 0.0839247 9.9973E-05 0.0864505 0.141244 9.9973E-05 0.0887798 9.9973E-05 0.22058 0.271559
0.059615 9.99639E-05 0.0469052 9.99639E-05 0.267299 0.170023 0.0919465 9.99639E-05 0.363812 9.99639E-05
0.107423 0.016956 0.107486 0.143955 0.050577 9.9982E-05 0.429464 9.9982E-05 0.065382 0.0785574
9.99281E-05 0.0111565 9.99281E-05 0.988044 9.99281E-05 9.99281E-05 9.99281E-05 9.99281E-05 9.99281E-05 9.99281E-05
9.99551E-05 0.0622328 0.0537749 0.059465 0.249508 9.99551E-05 9.99551E-05 9.99551E-05 0.57452 9.99551E-05
9.9964E-05 0.133542 0.109065 0.254474 9.9964E-05 0.195435 0.274202 0.0328815 9.9964E-05 9.9964E-05
0.00541681 9.99639E-05 0.00641998 9.99639E-05 0.264968 0.0444849 9.99639E-05 0.0879255 9.99639E-05 0.590385
0.0710404 0.0857442 0.0502172 0.00382306 0.317179 0.291428 0.0154182 9.9991E-05 0.10506 0.0599895
0.00803142 0.20541 0.0103587 0.13997 9.9982E-05 0.169513 0.138588 0.0960793 0.23185 9.9982E-05
0.063783 9.9955E-05 0.0869345 0.178232 0.398777 0.271773 9.9955E-05 9.9955E-05 9.9955E-05 9.9955E-05
9.9955E-05 9.9955E-05 0.0867581 0.410874 0.0311023 0.192913 9.9955E-05 9.9955E-05 9.9955E-05 0.277853
9.9955E-05 0.328086 9.9955E-05 0.218447 0.354081 9.9955E-05 9.9955E-05 0.0772991 0.0215866 9.9955E-05
0.0689428 0.0478671 9.998E-05 0.120031 0.19013 0.34336 0.0673391 0.0599615 9.998E-05 0.102168
0.00767445 9.9982E-05 0.110639 0.0439908 0.373488 0.0402465 9.9982E-05 0.0578854 0.088859 0.277017
9.9955E-05 9.9955E-05 9.9955E-05 0.221723 9.9955E-05 9.9955E-05 0.00956462 0.0144784 0.56964 0.184094
9.9955E-05 9.9955E-05 9.9955E-05 9.9955E-05 0.528541 0.182528 0.0393681 0.0264033 9.9955E-05 0.22266
0.00378117 0.176558 9.9973E-05 9.9973E-05 0.308726 0.201587 0.201393 0.0098578 0.0977969 9.9973E-05
0.0105008 0.190793 9.9982E-05 0.101991 0.0475351 0.170371 0.0899747 0.0294802 9.9982E-05 0.359153
0.0611624 0.126835 0.0187524 0.227208 9.9973E-05 9.9973E-05 0.439633 0.00956919 9.9973E-05 0.11654
0.101109 0.0948019 9.9973E-05 0.111038 0.0651351 0.0704866 9.9973E-05 9.9973E-05 0.0949788 0.462151
9.9955E-05 9.9955E-05 0.0294367 9.9955E-05 0.142926 0.680031 9.9955E-05 0.0522483 0.0948578 9.9955E-05
0.00554393 9.9964E-05 0.172847 9.9964E-05 0.180951 0.347017 0.18712 9.9964E-05 9.9964E-05 0.106122
9.99201E-05 0.999101 9.99201E-05 9.99201E-05 9.99201E-05 9.99201E-05 9.99201E-05 9.99201E-05 9.99201E-05 9.99201E-05
0.0681106 9.997E-05 0.0231702 0.189478 0.236609 9.997E-05 0.017072 9.997E-05 0.0962001 0.36906
0.0362153 0.962985 9.99281E-05 9.99281E-05 9.99281E-05 9.99281E-05 9.99281E-05 9.99281E-05 9.99281E-05 9.99281E-05
0.00131809 0.887208 9.99459E-05 0.0889722 9.99459E-05 9.99459E-05 9.99459E-05 0.0219017 9.99459E-05 9.99459E-05
9.99729E-05 0.143215 0.03198 0.0159315 0.0432892 0.359515 9.99729E-05 9.99729E-05 0.292726 0.113043
0.0289267 0.175189 0.1256 0.187762 0.157807 0.0952229 0.091003 9.9982E-05 9.9982E-05 0.138289
9.99279E-05 9.99279E-05 9.99279E-05 9.99279E-05 0.0169575 9.99279E-05 9.99279E-05 9.99279E-05 0.982243 9.99279E-05
0.0821655 9.9973E-05 0.052744 0.105438 0.315366 9.9973E-05 0.293347 9.9973E-05 0.0686552 0.0819839
0.0577667 9.9955E-05 9.9955E-05 9.9955E-05 0.619364 9.9955E-05 0.221 9.9955E-05 0.0985747 0.00279533
0.0847878 9.9937E-05 9.9937E-05 0.0208102 9.9937E-05 9.9937E-05 9.9937E-05 0.893702 9.9937E-05 9.9937E-05
9.9973E-05 9.9973E-05 0.107089 0.330169 0.0770145 0.120199 0.00772895 9.9973E-05 0.259789 0.0977115
9.9937E-05 9.9937E-05 9.9937E-05 0.926004 9.9937E-05 0.010141 9.9937E-05 9.9937E-05 0.0631559 9.9937E-05
0.0567794 0.0264577 0.0858087 0.199366 0.466603 9.9982E-05 9.9982E-05 0.0314324 0.0613079 0.0720449
0.00348345 0.233168 0.00410205 9.9982E-05 0.122519 9.9982E-05 0.318485 0.00300438 0.260491 0.0545481
9.99461E-05 0.0128673 9.99461E-05 0.266056 9.99461E-05 9.99461E-05 0.276483 9.99461E-05 0.443994 9.99461E-05
0.0855259 9.9982E-05 0.0437399 0.199963 0.0204768 0.261494 0.128757 0.0989927 0.160851 9.9982E-05
0.0078131 0.346998 0.126602 9.9973E-05 0.160979 9.9973E-05 9.9973E-05 0.0747214 0.0479052 0.234681
0.0234983 9.9964E-05 9.9964E-05 0.274734 0.11693 0.0611059 0.499444 9.9964E-05 9.9964E-05 0.0238877
0.0833165 0.165783 9.99729E-05 9.99729E-05 9.99729E-05 0.0190825 0.272979 0.182397 0.156727 0.119415
9.9982E-05 0.0133792 0.102351 9.9982E-05 0.301598 0.178417 0.286438 0.0518765 0.0174109 0.048329
9.9964E-05 9.9964E-05 0.14127 0.0501811 9.9964E-05 0.296102 0.235515 0.141424 0.135108 9.9964E-05
0.0253467 9.9964E-05 0.0296145 9.9964E-05 0.013367 0.520041 9.9964E-05 9.9964E-05 0.143795 0.267436
0.111101 0.0462894 9.9982E-05 9.9982E-05 0.569302 0.101803 0.0468591 0.000938351 0.0893649 0.0341431
0.0173811 9.9928E-05 9.9928E-05 9.9928E-05 9.9928E-05 9.9928E-05 9.9928E-05 9.9928E-05 0.981819 9.9928E-05
9.9928E-05 9.9928E-05 9.9928E-05 9.9928E-05 9.9928E-05 9.9928E-05 9.9928E-05 9.9928E-05 0.999081 0.00011923
0.0159996 9.9937E-05 9.9937E-05 9.9937E-05 9.9937E-05 9.9937E-05 9.9937E-05 0.128479 0.854822 9.9937E-05
0.0649407 0.00208284 0.00354147 0.0419168 0.19631 0.1749 0.151254 0.0534396 0.286345 0.0252696
0.0308177 9.9955E-05 9.9955E-05 9.9955E-05 0.473996 9.9955E-05 0.189427 0.00337236 0.301888 9.9955E-05
9.9973E-05 0.0262641 0.0369334 0.0443372 0.318503 0.179924 9.9973E-05 0.182907 9.9973E-05 0.210832
0.00318609 9.9964E-05 0.0244128 9.9964E-05 9.9964E-05 0.21604 9.9964E-05 0.0986231 0.14707 0.510268
0.0310429 9.99371E-05 9.99371E-05 9.99371E-05 0.724916 9.99371E-05 0.243342 9.99371E-05 9.99371E-05 9.99371E-05
9.9955E-05 0.362783 0.0167295 0.00224643 9.9955E-05 0.204979 9.9955E-05 9.9955E-05 0.412762 9.9955E-05
0.0287775 9.99549E-05 9.99549E-05 0.736569 9.99549E-05 9.99549E-05 0.0642244 9.99549E-05 0.0849464 0.084983
0.0276713 9.99461E-05 0.033877 9.99461E-05 0.0180673 9.99461E-05 9.99461E-05 9.99461E-05 9.99461E-05 0.919785
0.0361565 0.0574205 0.0405104 0.0514254 0.323301 0.0244249 0.368994 0.0975672 9.9982E-05 9.9982E-05
9.9955E-05 0.189557 9.9955E-05 0.255762 0.182861 0.229489 0.141832 9.9955E-05 9.9955E-05 9.9955E-05
9.99279E-05 9.99279E-05 0.0137883 9.99279E-05 9.99279E-05 9.99279E-05 9.99279E-05 0.985412 9.99279E-05 9.99279E-05
0.00272483 0.226039 0.102723 9.9964E-05 0.0362658 9.9964E-05 0.616995 9.9964E-05 9.9964E-05 0.0148524
0.0569832 9.9964E-05 9.9964E-05 0.20017 0.492066 0.0692266 9.9964E-05 9.9964E-05 0.0739133 0.107241
0.0440751 0.0445043 9.9982E-05 9.9982E-05 0.000556067 0.151586 0.546367 0.0383677 0.0984982 0.0758453
0.00789225 9.9964E-05 0.0412023 0.311293 0.419492 9.9964E-05 9.9964E-05 9.9964E-05 0.163194 0.0565271
0.0121558 9.9982E-05 0.011188 0.209168 0.0284561 0.0747881 9.9982E-05 0.0782849 0.354478 0.23128
9.9973E-05 0.414651 0.104879 0.377592 9.9973E-05 0.0118639 0.0616886 0.0167785 0.0122473 9.9973E-05
9.99201E-05 9.99201E-05 9.99201E-05 9.99201E-05 0.999101 9.99201E-05 9.99201E-05 9.99201E-05 9.99201E-05 9.99201E-05
0.10966 0.143916 9.9982E-05 0.0672128 0.0131566 9.9982E-05 0.221732 0.384125 0.0570886 0.0029096
9.99549E-05 0.13986 9.99549E-05 0.194014 9.99549E-05 9.99549E-05 0.365984 0.274335 9.99549E-05 0.0253069
9.99639E-05 0.151703 9.99639E-05 0.206498 9.99639E-05 9.99639E-05 0.220191 0.152057 0.205118 0.0640334
9.99201E-05 9.99201E-05 9.99201E-05 9.99201E-05 9.99201E-05 9.99201E-05 9.99201E-05 0.999101 9.99201E-05 9.99201E-05
0.034314 0.225714 0.0600978 9.9964E-05 9.9964E-05 9.9964E-05 0.302404 9.9964E-05 0.202604 0.174467
0.0145426 9.99369E-05 0.969265 9.99369E-05 9.99369E-05 9.99369E-05 9.99369E-05 0.0154929 9.99369E-05 9.99369E-05
0.0047789 0.00668997 0.0696006 0.21006 9.9991E-05 0.277797 0.105422 0.0523769 0.120094 0.15308
9.996E-05 0.18413 9.996E-05 0.155445 9.996E-05 0.265179 0.102783 9.996E-05 0.047572 0.244491
9.9991E-05 0.0364791 0.0340491 0.10942 0.128847 0.238871 0.250123 0.0310378 0.146517 0.0245563
0.00260956 9.9982E-05 0.110123 0.0863628 0.265656 9.9982E-05 0.1749 0.0564863 0.2061 0.0975626
9.9964E-05 9.9964E-05 0.0928934 9.9964E-05 0.173466 0.191433 0.229211 0.20526 9.9964E-05 0.107336
0.0272823 0.103609 0.0117246 0.265905 9.9982E-05 9.9982E-05 0.182903 0.0208207 0.352277 0.0352782
0.059381 0.149174 0.101709 9.9973E-05 0.122217 0.00815513 0.175602 9.9973E-05 0.383462 9.9973E-05
0.0334035 0.352884 0.0285348 9.9982E-05 0.28827 9.9982E-05 0.0295885 0.128363 0.0587213 0.0800342
9.9982E-05 0.152756 0.0342189 9.9982E-05 0.140049 0.183942 0.0103985 0.0335794 0.277633 0.167223
0.0556242 0.0182583 0.00370968 9.99639E-05 0.214379 9.99639E-05 0.329745 0.377884 9.99639E-05 9.99639E-05
0.0192315 0.0301508 9.9982E-05 0.217154 0.101275 0.112398 0.089873 9.9982E-05 0.360463 0.0692541
0.00114056 0.0213391 9.9937E-05 9.9937E-05 9.9937E-05 9.9937E-05 9.9937E-05 0.976821 9.9937E-05 9.9937E-05
9.9973E-05 0.0760402 0.134374 0.0543257 9.9973E-05 0.0752959 0.275227 9.9973E-05 0.316088 0.0683499
0.0990626 9.9964E-05 9.9964E-05 0.47375 0.256277 0.0314776 9.9964E-05 9.9964E-05 0.0597477 0.0792852
0.0381035 0.170806 9.9973E-05 9.9973E-05 0.305956 0.0194983 9.9973E-05 0.0848589 0.309617 0.0708608
0.0893036 0.0548251 9.9964E-05 0.262051 9.9964E-05 0.13457 9.9964E-05 0.103175 9.9964E-05 0.355676
0.0874234 9.9964E-05 9.9964E-05 0.0612258 0.728721 0.00325496 9.9964E-05 0.013788 0.105187 9.9964E-05
0.0548204 0.0764817 9.9973E-05 0.0585904 0.032184 9.9973E-05 0.265698 0.377649 0.134276 9.9973E-05
0.0542995 0.0906722 9.9964E-05 0.0323 0.607693 9.9964E-05 0.100156 0.114479 9.9964E-05 9.9964E-05
0.00463532 0.0222111 0.0146606 0.00127927 0.133648 0.0508684 0.00992671 9.9991E-05 0.000375052 0.762296
0.0405698 0.317725 9.9964E-05 9.9964E-05 0.116959 0.122591 0.277987 0.123768 9.9964E-05 9.9964E-05
9.99461E-05 9.99461E-05 9.99461E-05 9.99461E-05 9.99461E-05 0.0271384 0.236798 9.99461E-05 0.115731 0.619733
0.0330269 0.318801 9.998E-05 0.0838171 0.146927 0.167201 0.165754 9.998E-05 0.00471592 0.0795572
0.0331092 0.252495 9.9982E-05 0.00156962 0.423798 0.0592382 0.00717179 0.10527 0.117148 9.9982E-05
0.00455011 0.135164 9.9973E-05 0.00177839 0.257097 0.163491 9.9973E-05 9.9973E-05 0.0614157 0.376204
0.0361814 0.20643 0.0276067 0.312134 9.9982E-05 0.10111 0.105592 0.0912989 9.9982E-05 0.119446
0.0239853 9.99459E-05 9.99459E-05 0.601591 0.246323 9.99459E-05 0.127502 9.99459E-05 9.99459E-05 9.99459E-05
0.0616586 9.9982E-05 0.00925145 0.120671 0.258672 0.00180295 0.0377048 9.9982E-05 0.252564 0.257475
9.99461E-05 9.99461E-05 9.99461E-05 9.99461E-05 0.00645311 9.99461E-05 9.99461E-05 0.275344 0.244723 0.47288
0.039562 9.9964E-05 9.9964E-05 9.9964E-05 0.128636 0.192826 0.290536 0.128579 0.219461 9.9964E-05
9.9964E-05 0.2616 0.00462769 0.228496 0.374451 9.9964E-05 9.9964E-05 9.9964E-05 0.0110556 0.11937
0.0693175 0.362817 0.03335 9.997E-05 0.277451 9.997E-05 0.0181609 0.0235181 9.997E-05 0.215086
9.99279E-05 9.99279E-05 9.99279E-05 9.99279E-05 9.99279E-05 0.755744 9.99279E-05 9.99279E-05 9.99279E-05 0.243457
9.99201E-05 9.99201E-05 9.99201E-05 9.99201E-05 9.99201E-05 0.999101 9.99201E-05 9.99201E-05 9.99201E-05 9.99201E-05
0.0953018 0.0480107 0.00296748 0.203409 0.255705 0.0836435 9.9991E-05 0.13069 0.0516029 0.12857
0.00125221 0.00202751 0.0414166 0.070746 0.201824 0.0138224 0.248335 9.9982E-05 0.420377 9.9982E-05
0.0456528 9.9982E-05 0.0840768 0.0920726 0.289004 9.9982E-05 0.00218712 0.0199729 0.0343564 0.432477
0.0258453 0.177537 0.00447332 9.9973E-05 9.9973E-05 0.106302 0.191237 9.9973E-05 0.124908 0.369397
0.0129759 0.405473 0.0152849 9.9982E-05 0.327096 9.9982E-05 0.0089264 0.0741693 0.019251 0.136624
0.00127697 0.291459 0.00113875 0.162328 0.441367 0.0519722 0.0501576 9.9973E-05 9.9973E-05 9.9973E-05
0.0432645 9.9964E-05 0.038082 9.9964E-05 0.655822 0.0679868 0.189154 0.0052903 9.9964E-05 9.9964E-05
0.0299832 9.99639E-05 9.99639E-05 0.108023 0.115506 9.99639E-05 0.229016 0.365562 0.151509 9.99639E-05
9.9964E-05 9.9964E-05 0.106866 0.309294 9.9964E-05 0.018162 0.283669 9.9964E-05 0.0836725 0.197938
0.999101 9.99201E-05 9.99201E-05 9.99201E-05 9.99201E-05 9.99201E-05 9.99201E-05 9.99201E-05 9.99201E-05 9.99201E-05
0.0601204 9.9955E-05 0.0466384 0.505017 9.9955E-05 0.08086 9.9955E-05 9.9955E-05 0.306865 9.9955E-05
0.0260127 9.9964E-05 0.217178 0.228427 9.9964E-05 0.10765 9.9964E-05 9.9964E-05 0.285501 0.134832
0.0177391 0.257909 0.0290789 9.996E-05 0.0847747 9.996E-05 9.996E-05 0.0290801 9.996E-05 0.581018
0.0693631 9.9973E-05 0.134228 0.198642 9.9973E-05 0.0056356 0.166867 9.9973E-05 0.1514 0.273565
0.0989959 9.9964E-05 9.9964E-05 0.0758185 9.9964E-05 0.128444 9.9964E-05 0.133522 0.0415836 0.521236
0.00592105 0.0116164 0.0198928 0.00178643 0.271455 0.210679 0.421121 0.0573286 9.9982E-05 9.9982E-05
0.0506736 0.000849618 9.9964E-05 0.0701791 9.9964E-05 9.9964E-05 0.0829143 0.0305403 9.9964E-05 0.764443
0.091103 9.998E-05 0.0461489 0.28432 9.998E-05 0.115795 0.119963 0.067644 0.170332 0.104495
0.0812204 0.381342 9.99549E-05 0.0247659 0.301835 9.99549E-05 9.99549E-05 9.99549E-05 0.210337 9.99549E-05
0.0539217 0.200685 0.00829171 0.10186 9.9982E-05 0.0246973 9.9982E-05 0.0730406 0.153368 0.383935
9.9955E-05 0.0181699 9.9955E-05 0.758707 9.9955E-05 0.0529832 9.9955E-05 0.106805 0.062836 9.9955E-05
0.0146315 0.0402537 9.99729E-05 0.146443 0.345213 9.99729E-05 0.132149 0.100411 9.99729E-05 0.220599
0.0484211 9.9955E-05 9.9955E-05 0.16118 9.9955E-05 9.9955E-05 0.472512 9.9955E-05 0.167561 0.149825
0.999101 9.99201E-05 9.99201E-05 9.99201E-05 9.99201E-05 9.99201E-05 9.99201E-05 9.99201E-05 9.99201E-05 9.99201E-05
0.348963 9.9964E-05 9.9964E-05 0.0516861 0.044641 0.0962949 0.155179 9.9964E-05 9.9964E-05 0.302836
9.9964E-05 0.0314368 0.0490036 0.0395645 9.9964E-05 0.352491 0.0607227 9.9964E-05 0.466382 9.9964E-05
0.0655793 0.333253 9.9973E-05 0.130455 9.9973E-05 0.0367631 9.9973E-05 0.039725 0.2734 0.120525
0.0586492 0.0362929 0.0336424 0.719374 9.9964E-05 9.9964E-05 9.9964E-05 0.10141 0.0502319 9.9964E-05
0.0392605 0.107329 0.0203685 0.281521 0.32804 0.058594 0.122652 9.998E-05 0.0420352 9.998E-05
0.0613529 0.0124597 0.13474 9.9964E-05 0.197168 0.0195301 9.9964E-05 9.9964E-05 9.9964E-05 0.574349
9.99201E-05 9.99201E-05 9.99201E-05 9.99201E-05 9.99201E-05 0.999101 9.99201E-05 9.99201E-05 9.99201E-05 9.99201E-05
0.0878559 9.9964E-05 9.9964E-05 0.0833425 9.9964E-05 9.9964E-05 0.32223 0.0867861 0.30485 0.114536
9.99639E-05 0.248571 9.99639E-05 9.99639E-05 0.0288232 0.202208 9.99639E-05 0.0738855 0.151583 0.29453
0.11234 0.209 0.110351 9.9982E-05 0.352568 0.15639 0.0360516 9.9982E-05 0.00619676 0.0169026
0.0453597 0.0815659 9.9973E-05 0.168444 0.250333 0.0492004 9.9973E-05 0.254585 0.150212 9.9973E-05
0.014335 0.353236 0.0535598 9.9955E-05 9.9955E-05 0.394612 9.9955E-05 9.9955E-05 9.9955E-05 0.183757
0.08229 9.99639E-05 0.00323267 0.244383 0.483029 0.120231 9.99639E-05 9.99639E-05 9.99639E-05 0.0664344
9.9973E-05 9.9973E-05 0.101693 9.9973E-05 0.39453 0.0306986 0.0954119 0.0231975 0.0560003 0.298169
0.0207406 0.0542309 0.00404607 0.0920021 9.9973E-05 9.9973E-05 0.27944 9.9973E-05 0.0322194 0.517021
9.9955E-05 9.9955E-05 0.0822596 0.106466 9.9955E-05 0.18614 9.9955E-05 0.0207967 9.9955E-05 0.603839
9.9928E-05 0.0338872 0.965313 9.9928E-05 9.9928E-05 9.9928E-05 9.9928E-05 9.9928E-05 9.9928E-05 9.9928E-05
9.9973E-05 0.20163 0.0480668 0.194287 0.171828 0.0792439 0.253045 0.0515995 9.9973E-05 9.9973E-05
9.99201E-05 9.99201E-05 9.99201E-05 9.99201E-05 9.99201E-05 9.99201E-05 0.999101 9.99201E-05 9.99201E-05 9.99201E-05
0.0583736 0.124605 9.9982E-05 0.140724 9.9982E-05 0.0110948 0.448568 0.0847609 0.0878748 0.0437984
0.0196626 0.250896 0.00708833 0.191355 0.0226508 0.175801 9.9973E-05 9.9973E-05 0.332247 9.9973E-05
9.9964E-05 0.136239 9.9964E-05 0.4158 9.9964E-05 0.0127387 9.9964E-05 0.1258 0.149666 0.159356
9.9964E-05 9.9964E-05 9.9964E-05 0.337311 9.9964E-05 0.0720323 0.0842652 0.0510773 0.00690515 0.448009
9.99201E-05 9.99201E-05 0.999101 9.99201E-05 9.99201E-05 9.99201E-05 9.99201E-05 9.99201E-05 9.99201E-05 9.99201E-05
0.0583172 0.0625449 9.9982E-05 0.101272 0.221579 9.9982E-05 0.0719381 0.0387493 0.0812812 0.364118
0.0216815 9.9964E-05 0.180431 0.273527 9.9964E-05 9.9964E-05 0.0305866 0.0421457 9.9964E-05 0.451228
9.99549E-05 0.0006623 0.017598 0.297532 9.99549E-05 9.99549E-05 0.251673 9.99549E-05 0.432035 9.99549E-05
9.9964E-05 0.130964 9.9964E-05 0.175226 9.9964E-05 0.433355 0.150209 0.0110286 9.9964E-05 0.0988175
