9.99639E-05 0.0995989 0.0344955 0.0128996 9.99639E-05 0.0649291 0.678976 0.108701 9.99639E-05 9.99639E-05
0.0464034 0.0154288 0.112747 9.9982E-05 0.0431093 0.12849 0.126577 0.382778 9.9982E-05 0.144267
9.99719E-05 0.319287 0.0816831 9.99719E-05 9.99719E-05 0.0226383 0.0201293 0.472869 9.99719E-05 0.0829934
0.0838379 9.9973E-05 0.0546681 0.0129443 9.9973E-05 9.9973E-05 0.143773 0.327236 0.0328052 0.344435
0.112343 0.0527669 9.9973E-05 0.0734808 0.0953657 9.9973E-05 9.9973E-05 0.0963541 0.0869309 0.482459
9.9937E-05 9.9937E-05 9.9937E-05 0.0223028 0.0249178 9.9937E-05 9.9937E-05 9.9937E-05 9.9937E-05 0.95208
0.0335137 0.164502 0.0111085 9.99729E-05 0.173016 9.99729E-05 0.299675 9.99729E-05 0.0388019 0.279083
0.0510591 0.134581 0.154409 9.99729E-05 0.220848 9.99729E-05 0.10254 0.28372 0.052543 9.99729E-05
9.9973E-05 0.371911 9.9973E-05 0.0323958 0.15125 0.204023 0.094428 0.0551999 9.9973E-05 0.0904916
0.195098 0.11913 9.99729E-05 0.125097 0.0400685 0.256171 0.192936 9.99729E-05 0.0712002 9.99729E-05
9.99639E-05 0.154302 0.0931294 0.0990403 0.218198 0.432233 9.99639E-05 9.99639E-05 0.00269735 9.99639E-05
9.99549E-05 0.0769598 9.99549E-05 9.99549E-05 0.214744 0.53686 9.99549E-05 9.99549E-05 0.0623304 0.108607
0.0835955 0.0569242 9.9991E-05 0.0347333 0.00259817 0.170739 0.111589 0.0436114 0.131293 0.364816
0.0595943 9.9991E-05 0.0378731 0.10239 0.320374 0.00363435 0.305859 0.0114043 0.0236222 0.135148
9.99279E-05 9.99279E-05 0.0151303 9.99279E-05 0.98407 9.99279E-05 9.99279E-05 9.99279E-05 9.99279E-05 9.99279E-05
0.196356 9.9973E-05 0.297711 0.0159529 9.9973E-05 9.9973E-05 0.148573 0.139641 0.122563 0.0789037
9.9937E-05 9.9937E-05 0.0151127 0.0912503 0.892937 9.9937E-05 9.9937E-05 9.9937E-05 9.9937E-05 9.9937E-05
0.117554 0.135851 0.049372 0.0440414 0.0144928 9.9982E-05 0.0408205 0.423355 0.174313 9.9982E-05
0.00325025 9.99729E-05 9.99729E-05 9.99729E-05 0.173776 0.325162 0.175897 0.0631213 0.0607941 0.1977
0.000806879 0.495143 9.9964E-05 9.9964E-05 9.9964E-05 9.9964E-05 0.0139805 0.182407 0.106882 0.200381
9.99819E-05 0.254026 0.0368318 0.0491373 0.169034 9.99819E-05 0.269554 0.118941 0.092945 0.00933094
9.9973E-05 0.0368198 9.9973E-05 0.00381271 0.283238 0.480081 0.168625 9.9973E-05 0.00448878 0.0226352
0.0535876 0.0316885 0.0743756 0.000801455 9.9982E-05 0.180027 0.12485 9.9982E-05 0.156251 0.378219
0.206978 0.0153951 0.0920224 9.9973E-05 9.9973E-05 9.9973E-05 0.148575 0.0653232 0.00913811 0.462269
9.9946E-05 9.9946E-05 9.9946E-05 0.158216 0.163407 0.673262 9.9946E-05 9.9946E-05 0.00451627 9.9946E-05
0.0855627 9.9964E-05 0.106466 0.0442139 0.341155 9.9964E-05 0.342086 9.9964E-05 9.9964E-05 0.0801172
0.0703862 0.111131 0.131096 0.0839531 0.154119 0.250761 9.9982E-05 0.0987482 0.0996064 9.9982E-05
0.108179 0.320648 0.0456585 0.0286366 0.191689 0.0821451 0.175126 9.9991E-05 0.040272 0.00754665
0.146659 0.263122 9.9964E-05 0.0122988 0.192419 9.9964E-05 9.9964E-05 0.267382 9.9964E-05 0.117719
0.499858 0.0540198 0.0975469 9.9964E-05 9.9964E-05 0.0608623 0.179706 9.9964E-05 9.9964E-05 0.107607
0.134756 0.0179601 9.9982E-05 0.0462109 0.173336 0.220082 9.9982E-05 0.086322 0.0137979 0.307335
9.9964E-05 0.650692 0.00273295 9.9964E-05 9.9964E-05 0.264216 0.0198168 0.0210117 0.0411312 9.9964E-05
0.0860652 0.0137405 9.9973E-05 9.9973E-05 0.318962 9.9973E-05 0.24584 0.00108853 0.0394872 0.294517
9.99729E-05 0.281781 0.0197171 0.0380342 0.292231 9.99729E-05 9.99729E-05 0.136137 0.0614596 0.17034
9.9964E-05 9.9964E-05 9.9964E-05 0.153459 0.127461 0.218148 0.162188 9.9964E-05 0.058533 0.279811
9.99201E-05 9.99201E-05 9.99201E-05 9.99201E-05 9.99201E-05 9.99201E-05 0.999101 9.99201E-05 9.99201E-05 9.99201E-05
9.9946E-05 0.11253 9.9946E-05 0.136541 9.9946E-05 9.9946E-05 0.13873 9.9946E-05 9.9946E-05 0.611599
0.00498129 9.9946E-05 9.9946E-05 0.0600429 9.9946E-05 0.609435 0.324941 9.9946E-05 9.9946E-05 9.9946E-05
0.0557245 0.0378412 9.9973E-05 0.0764467 0.383031 9.9973E-05 9.9973E-05 0.074584 0.028483 0.34359
9.9973E-05 0.27529 0.246826 9.9973E-05 0.102532 9.9973E-05 0.115189 0.0561001 0.0910544 0.112708
9.9964E-05 9.9964E-05 0.163265 0.0490892 0.140934 0.401461 9.9964E-05 0.156427 0.0884233 9.9964E-05
0.00184022 0.589132 0.124045 0.0706685 0.0305722 9.9973E-05 0.143224 9.9973E-05 0.0402176 9.9973E-05
0.0275093 0.491967 0.0761132 0.0634762 0.0557705 9.9982E-05 0.0781963 9.9982E-05 0.0329677 0.173799
0.0519594 0.100517 9.9964E-05 9.9964E-05 9.9964E-05 0.478011 0.173406 0.00217032 9.9964E-05 0.193536
9.9946E-05 0.627934 9.9946E-05 9.9946E-05 9.9946E-05 0.16456 0.134006 9.9946E-05 0.0728994 9.9946E-05
9.9973E-05 0.394404 9.9973E-05 0.180544 0.192291 0.011967 0.0320933 0.00565812 9.9973E-05 0.182743
0.14657 0.146835 0.0038843 9.9964E-05 9.9964E-05 0.111155 0.142701 9.9964E-05 9.9964E-05 0.448455
0.036431 0.206397 0.0394892 9.9973E-05 0.135196 9.9973E-05 9.9973E-05 0.360271 0.00412379 0.217791
0.108365 0.201006 0.080891 9.9973E-05 0.119518 0.200258 9.9973E-05 0.237253 0.0524089 9.9973E-05
0.0963843 9.9982E-05 0.176262 9.9982E-05 0.274015 0.190402 0.151035 0.0614874 0.0297441 0.0204708
0.0541865 9.9964E-05 9.9964E-05 0.0270654 0.504466 0.110254 0.17392 9.9964E-05 0.129708 9.9964E-05
0.034334 0.193778 0.086118 9.9973E-05 9.9973E-05 0.0459555 0.172737 0.388283 0.078494 9.9973E-05
0.0245125 0.125939 0.505849 0.0410745 0.0653562 9.9982E-05 9.9982E-05 0.00804344 0.0666506 0.162375
0.127734 0.204584 0.145415 0.132856 9.9973E-05 9.9973E-05 9.9973E-05 0.254595 0.0408964 0.0936206
0.068936 9.9946E-05 0.0805802 9.9946E-05 9.9946E-05 0.503404 9.9946E-05 0.34648 9.9946E-05 9.9946E-05
9.9964E-05 0.362557 9.9964E-05 0.0407231 0.195162 9.9964E-05 0.147434 9.9964E-05 0.109511 0.144214
9.99371E-05 9.99371E-05 0.0323363 9.99371E-05 9.99371E-05 0.677601 9.99371E-05 0.289363 9.99371E-05 9.99371E-05
9.99549E-05 9.99549E-05 9.99549E-05 0.0404989 9.99549E-05 0.568129 9.99549E-05 0.181313 0.0344837 0.175076
0.00901842 0.474081 0.0828458 0.0749316 9.99896E-05 0.0318195 0.0636081 9.99896E-05 0.000446824 0.263049
9.9982E-05 0.358424 9.9982E-05 0.106484 0.100614 0.155486 0.0681467 0.0536004 0.0272948 0.12975
0.0412108 9.9955E-05 9.9955E-05 9.9955E-05 0.0488337 9.9955E-05 9.9955E-05 0.164828 0.0703643 0.674263
0.032746 9.9982E-05 0.0647666 0.0840753 0.4356 0.106287 0.0369714 0.168141 0.0712122 9.9982E-05
9.9955E-05 0.134892 9.9955E-05 9.9955E-05 0.382285 9.9955E-05 9.9955E-05 0.299713 0.0248136 0.157796
0.847088 0.0799987 9.9946E-05 9.9946E-05 0.0136109 9.9946E-05 9.9946E-05 9.9946E-05 0.0587024 9.9946E-05
9.9973E-05 0.0709001 0.0690969 0.15018 9.9973E-05 0.00758637 0.367252 0.229965 9.9973E-05 0.10472
9.9946E-05 9.9946E-05 9.9946E-05 0.0239669 9.9946E-05 9.9946E-05 0.915686 0.0503693 0.00937818 9.9946E-05
9.9973E-05 0.144134 9.9973E-05 0.10598 0.0648344 9.9973E-05 0.296466 0.228474 0.096349 0.063463
0.0366723 0.0976144 0.0218082 9.9973E-05 0.174548 0.129509 9.9973E-05 9.9973E-05 0.010945 0.528603
0.0939419 9.9955E-05 9.9955E-05 9.9955E-05 0.373676 0.0302726 0.21178 9.9955E-05 9.9955E-05 0.289829
0.204027 0.335983 0.130217 0.0169838 0.0453404 9.9982E-05 0.0253883 9.9982E-05 0.122313 0.119548
0.0812719 0.326355 9.9964E-05 0.0798482 0.0951817 0.0219907 9.9964E-05 0.394953 9.9964E-05 9.9964E-05
0.00725702 9.9973E-05 0.0509005 9.9973E-05 0.552237 0.0250232 0.176409 0.117202 0.0706712 9.9973E-05
0.0884143 0.0793947 0.0331919 0.0467339 0.341336 0.073061 9.9991E-05 0.187846 0.140783 0.00913878
0.0277223 0.367363 0.0183714 9.9973E-05 0.317186 0.0990893 9.9973E-05 0.150355 0.0196137 9.9973E-05
0.187446 0.187737 9.9973E-05 0.112714 0.392469 0.0664679 9.9973E-05 0.0183869 9.9973E-05 0.0344787
0.0503671 0.735956 0.151981 0.0182823 0.0222828 9.9964E-05 9.9964E-05 9.9964E-05 0.0207307 9.9964E-05
9.9955E-05 0.403037 9.9955E-05 0.00459345 9.9955E-05 0.0611709 9.9955E-05 9.9955E-05 0.130651 0.400049
9.99671E-05 9.99671E-05 0.015972 0.0303041 0.123568 9.99671E-05 9.99671E-05 0.140379 0.0603323 0.629045
9.99459E-05 9.99459E-05 9.99459E-05 0.00216579 0.269228 9.99459E-05 9.99459E-05 0.339832 9.99459E-05 0.388175
0.0675658 0.200262 9.9973E-05 0.0167181 0.209723 9.9973E-05 9.9973E-05 0.112238 0.092388 0.300806
9.9982E-05 9.9982E-05 0.051207 0.0315335 0.128888 0.0927222 0.0602359 0.503401 0.1196 0.012213
0.0393021 9.9973E-05 9.9973E-05 0.0299506 9.9973E-05 0.0172268 0.0250096 0.782104 0.0236209 0.0824866
0.169662 0.680304 0.0363414 0.025239 9.9964E-05 0.0725191 0.0155343 9.9964E-05 9.9964E-05 9.9964E-05
0.101865 0.107903 0.214048 0.0653042 0.300715 9.9982E-05 9.9982E-05 0.132627 0.0505005 0.0268365
0.0328718 0.0466721 9.9982E-05 0.00848835 0.412315 9.9982E-05 0.00516905 0.454079 0.0221468 0.0180581
9.9982E-05 0.0183835 0.138997 0.059144 9.9982E-05 0.479334 0.0681863 0.144471 0.0026094 0.0886751
9.99549E-05 9.99549E-05 9.99549E-05 9.99549E-05 0.0837672 0.148707 0.735086 0.00336253 9.99549E-05 0.0285769
9.99641E-05 0.0871134 9.99641E-05 0.0750777 9.99641E-05 0.318556 9.99641E-05 0.0912231 0.053751 0.373879
0.0990141 9.9973E-05 0.0775182 0.0311422 0.297584 9.9973E-05 0.185426 0.257781 0.051234 9.9973E-05
9.9964E-05 0.303769 0.0260878 9.9964E-05 9.9964E-05 0.551008 0.0100435 0.0856655 0.0230264 9.9964E-05
0.907978 9.99369E-05 9.99369E-05 0.0666395 9.99369E-05 9.99369E-05 0.0246828 9.99369E-05 9.99369E-05 9.99369E-05
9.9937E-05 0.492755 9.9937E-05 9.9937E-05 0.312465 0.19408 9.9937E-05 9.9937E-05 9.9937E-05 9.9937E-05
9.9955E-05 9.9955E-05 0.0392691 9.9955E-05 9.9955E-05 9.9955E-05 0.0986439 0.272881 0.0741839 0.514523
0.0796071 0.0465112 0.184006 9.9964E-05 0.489876 0.149794 9.9964E-05 9.9964E-05 0.0498052 9.9964E-05
9.9955E-05 9.9955E-05 9.9955E-05 0.000219371 0.120986 9.9955E-05 0.099587 0.728057 0.0506515 9.9955E-05
0.0395856 0.156793 0.00800845 0.00549711 0.199374 9.9982E-05 0.189735 0.104594 9.9982E-05 0.296213
0.0224733 0.456616 0.0290793 0.0850624 9.9964E-05 0.225987 0.180382 9.9964E-05 9.9964E-05 9.9964E-05
9.99371E-05 0.0188888 9.99371E-05 9.99371E-05 9.99371E-05 9.99371E-05 9.99371E-05 0.956526 0.0238861 9.99371E-05
0.408401 9.9964E-05 9.9964E-05 9.9964E-05 9.9964E-05 0.209242 0.125164 0.00653236 0.111519 0.138741
0.308311 0.0177141 9.99729E-05 9.99729E-05 0.188918 0.13615 0.0701676 0.160954 9.99729E-05 0.117485
0.125566 0.0323348 9.9991E-05 0.000739571 0.231807 0.202218 0.152989 0.153759 0.0368779 0.0636082
0.999101 9.99201E-05 9.99201E-05 9.99201E-05 9.99201E-05 9.99201E-05 9.99201E-05 9.99201E-05 9.99201E-05 9.99201E-05
0.0422907 9.9973E-05 0.0900609 0.137489 0.370802 0.184166 9.9973E-05 9.9973E-05 0.0362786 0.138612
0.0227232 0.0203186 9.99549E-05 0.916699 9.99549E-05 9.99549E-05 0.0231031 9.99549E-05 0.0166565 9.99549E-05
0.0134323 9.9973E-05 0.165972 0.118416 0.136178 0.375115 0.127696 9.9973E-05 0.0628908 9.9973E-05
9.99639E-05 0.00985791 0.140964 9.99639E-05 0.34636 0.306011 0.155464 9.99639E-05 9.99639E-05 0.0409439
9.9964E-05 0.132183 0.169112 9.9964E-05 0.381952 9.9964E-05 0.133802 0.0545559 9.9964E-05 0.127995
9.9964E-05 0.570068 9.9964E-05 0.0278378 9.9964E-05 9.9964E-05 0.0332914 0.112837 0.0980282 0.157538
0.0749285 0.18011 9.99571E-05 0.00422479 0.665417 9.99571E-05 9.99571E-05 0.0748202 9.99571E-05 9.99571E-05
9.9973E-05 0.0865599 9.9973E-05 9.9973E-05 0.267759 0.102925 0.130549 0.312876 0.0369966 0.062035
9.9973E-05 9.9973E-05 0.0210699 0.121114 0.174311 0.0284355 9.9973E-05 0.0457812 0.0172316 0.591757
0.0816354 0.376276 9.9955E-05 9.9955E-05 9.9955E-05 0.350405 9.9955E-05 9.9955E-05 0.114306 0.0768779
0.0131064 0.0896947 0.201526 0.0115379 9.9991E-05 0.0866891 0.0354332 0.0548349 0.0313617 0.475716
0.382164 0.0826897 9.9973E-05 9.9973E-05 0.0577957 0.135052 9.9973E-05 0.107466 0.0339575 0.200575
0.116808 0.257327 0.00208166 9.9973E-05 0.157406 9.9973E-05 0.123581 0.154881 9.9973E-05 0.187616
0.999101 9.99201E-05 9.99201E-05 9.99201E-05 9.99201E-05 9.99201E-05 9.99201E-05 9.99201E-05 9.99201E-05 9.99201E-05
9.9973E-05 0.0552388 0.124523 0.18074 0.0132544 0.221133 9.9973E-05 0.312926 9.9973E-05 0.0918844
9.9946E-05 0.288514 9.9946E-05 9.9946E-05 9.9946E-05 9.9946E-05 0.411845 0.212915 0.0861262 9.9946E-05
0.0909002 0.230309 0.00104407 9.9964E-05 9.9964E-05 0.101261 9.9964E-05 0.0679935 9.9964E-05 0.508093
0.0427821 0.128044 9.9973E-05 0.063562 0.295634 0.280055 0.140553 9.9973E-05 0.0490691 9.9973E-05
9.9973E-05 0.196354 9.9973E-05 0.00661987 0.242221 9.9973E-05 0.259699 0.169598 0.0583541 0.0668548
0.38134 9.9955E-05 9.9955E-05 9.9955E-05 0.0880033 9.9955E-05 0.188925 9.9955E-05 0.0976182 0.243613
0.153964 0.267145 0.0380841 0.078438 0.0159102 9.9991E-05 0.0138015 0.140926 0.0359412 0.25569
9.9955E-05 9.9955E-05 0.226194 0.0321544 9.9955E-05 0.0981358 9.9955E-05 0.0412559 9.9955E-05 0.60176
0.139276 0.199578 9.9955E-05 9.9955E-05 9.9955E-05 0.191686 9.9955E-05 0.41222 0.0567397 9.9955E-05
9.99371E-05 9.99371E-05 9.99371E-05 9.99371E-05 0.306196 9.99371E-05 9.99371E-05 9.99371E-05 0.00440715 0.688697
9.9964E-05 0.16781 0.053719 9.9964E-05 0.221847 0.528177 9.9964E-05 9.9964E-05 0.013174 0.0148722
0.0713152 9.9964E-05 9.9964E-05 9.9964E-05 0.101862 0.15626 9.9964E-05 0.61083 0.0162154 0.0431175
9.9937E-05 9.9937E-05 0.116061 9.9937E-05 9.9937E-05 0.432762 9.9937E-05 9.9937E-05 9.9937E-05 0.450478
0.111161 0.055102 0.00742701 0.00302551 9.9982E-05 0.459132 0.324847 9.9982E-05 0.000278165 0.0388275
9.9955E-05 0.0587525 9.9955E-05 9.9955E-05 0.108581 9.9955E-05 0.694306 0.0597025 9.9955E-05 0.0781585
9.9955E-05 9.9955E-05 0.043884 0.0389356 9.9955E-05 9.9955E-05 9.9955E-05 0.0455081 0.123423 0.747749
0.26807 0.127942 9.99641E-05 9.99641E-05 0.20529 9.99641E-05 0.00171178 0.115451 9.99641E-05 0.281136
0.0496516 0.346348 0.0353862 0.0211825 0.461922 9.9973E-05 9.9973E-05 9.9973E-05 0.0845441 0.000665772
0.0232154 9.9964E-05 9.9964E-05 0.0696974 9.9964E-05 0.197399 0.185444 0.229599 9.9964E-05 0.294245
0.0253471 0.119928 9.9982E-05 0.0364258 9.9982E-05 0.381351 0.0827038 0.242298 0.0880712 0.0236755
9.99279E-05 9.99279E-05 0.936897 9.99279E-05 9.99279E-05 9.99279E-05 9.99279E-05 9.99279E-05 9.99279E-05 0.0623036
9.99201E-05 9.99201E-05 0.999101 9.99201E-05 9.99201E-05 9.99201E-05 9.99201E-05 9.99201E-05 9.99201E-05 9.99201E-05
0.0638355 0.411034 0.0203722 9.9964E-05 9.9964E-05 0.126372 9.9964E-05 0.366372 0.0116147 9.9964E-05
0.064264 9.9964E-05 9.9964E-05 0.0999507 0.111493 9.9964E-05 9.9964E-05 0.474113 0.121318 0.128461
9.9964E-05 0.27777 9.9964E-05 0.078072 9.9964E-05 0.101007 9.9964E-05 0.116006 0.140033 0.286712
9.9946E-05 9.9946E-05 9.9946E-05 0.0257433 0.731068 0.23859 9.9946E-05 9.9946E-05 9.9946E-05 0.00399959
0.115915 9.9955E-05 9.9955E-05 0.0427939 9.9955E-05 0.424701 9.9955E-05 0.0958612 9.9955E-05 0.320229
0.0324545 0.140159 9.9973E-05 9.9973E-05 0.200116 0.386908 0.109918 0.0927272 0.0374185 9.9973E-05
9.9964E-05 9.9964E-05 0.0317238 0.0168263 0.0894902 9.9964E-05 9.9964E-05 0.755734 0.072509 0.0333167
0.317402 0.089797 0.00611582 9.9982E-05 0.236716 0.0161938 0.0616897 9.9982E-05 0.148339 0.123548
0.0180413 0.180651 9.9973E-05 0.0149042 0.199757 0.131103 0.148629 9.9973E-05 9.9973E-05 0.306614
9.99201E-05 9.99201E-05 9.99201E-05 9.99201E-05 9.99201E-05 9.99201E-05 9.99201E-05 9.99201E-05 0.999101 9.99201E-05
9.9955E-05 0.114069 9.9955E-05 0.0709123 9.9955E-05 9.9955E-05 0.501422 9.9955E-05 0.0841855 0.228911
9.9973E-05 0.419483 0.15165 0.176325 9.9973E-05 9.9973E-05 0.0515748 0.0409524 0.0623899 0.0973252
9.9946E-05 9.9946E-05 9.9946E-05 0.0387902 9.9946E-05 0.699621 9.9946E-05 9.9946E-05 0.0619741 0.199015
9.9973E-05 0.119896 9.9973E-05 0.135609 0.0993365 9.9973E-05 0.068362 0.505623 0.0290835 0.0417891
0.0780057 0.271484 0.0392899 0.0793677 9.9973E-05 0.232789 9.9973E-05 0.116718 0.182045 9.9973E-05
0.0862159 0.202266 0.166794 0.00549422 0.198705 0.0896101 9.9991E-05 0.115053 0.0106955 0.125067
0.0617651 9.9964E-05 9.9964E-05 9.9964E-05 0.142399 0.184347 0.0262011 9.9964E-05 0.0783021 0.506585
0.192912 0.23482 0.0762446 0.0356211 0.0281431 9.9982E-05 0.113808 9.9982E-05 0.122812 0.19544
9.99639E-05 0.229538 9.99639E-05 9.99639E-05 9.99639E-05 0.220568 0.0413729 0.32988 0.0705199 0.107722
0.090479 0.0856021 0.0201442 0.00313053 9.9982E-05 0.185218 0.0934038 9.9982E-05 0.054099 0.467723
0.0509054 9.9946E-05 0.0757757 9.9946E-05 9.9946E-05 9.9946E-05 0.742072 9.9946E-05 9.9946E-05 0.130647
0.0307208 0.431266 0.0433612 0.0413895 0.179918 9.9982E-05 0.0424544 0.12569 0.105 9.9982E-05
0.0272242 0.229725 9.9991E-05 0.046269 0.219962 0.00130418 0.162771 0.128579 0.0618068 0.122257
9.99201E-05 9.99201E-05 9.99201E-05 9.99201E-05 9.99201E-05 9.99201E-05 9.99201E-05 9.99201E-05 0.999101 9.99201E-05
9.9973E-05 0.135656 0.0679441 0.0186343 0.107728 9.9973E-05 0.0554959 9.9973E-05 0.455541 0.158701
0.0147519 0.281098 0.144636 0.0309903 9.99679E-05 9.99679E-05 9.99679E-05 0.383355 9.99679E-05 0.144769
0.0896943 0.0700414 9.9982E-05 0.0326974 0.0175572 0.261082 0.0568338 0.418275 0.0536187 9.9982E-05
9.9946E-05 9.9946E-05 9.9946E-05 0.125311 9.9946E-05 0.179793 0.609869 9.9946E-05 0.084427 9.9946E-05
9.9991E-05 0.0222948 0.0336441 0.0148949 0.181842 0.145791 0.0786204 0.0964221 0.0359178 0.390473
9.9946E-05 0.64859 9.9946E-05 0.0640507 0.265397 9.9946E-05 9.9946E-05 9.9946E-05 0.021363 9.9946E-05
9.99369E-05 9.99369E-05 0.940305 9.99369E-05 0.0573168 9.99369E-05 0.00167842 9.99369E-05 9.99369E-05 9.99369E-05
0.0380679 0.00241985 9.9973E-05 0.00795667 0.439921 9.9973E-05 0.204824 9.9973E-05 0.102817 0.203693
0.0685564 0.319279 0.0978371 9.99729E-05 0.0784298 0.15905 0.0554159 9.99729E-05 9.99729E-05 0.221132
0.0796109 0.051312 0.132062 0.0404646 0.176091 0.179328 9.9991E-05 0.295326 0.0438137 0.00189187
0.0997961 0.0472923 0.0374628 9.9982E-05 0.0239508 9.9982E-05 0.280265 0.225212 0.13227 0.153551
9.9973E-05 0.0416586 0.243382 0.0413487 0.132656 0.139685 0.171893 0.229077 9.9973E-05 9.9973E-05
9.99639E-05 0.136143 9.99639E-05 9.99639E-05 0.298216 9.99639E-05 0.296622 0.15599 0.0869362 0.025693
9.9955E-05 0.220063 9.9955E-05 0.147128 0.214673 9.9955E-05 9.9955E-05 0.314589 9.9955E-05 0.103047
9.9973E-05 0.286773 9.9973E-05 9.9973E-05 0.358397 0.0202375 0.0129008 0.107594 0.101353 0.112445
0.0132181 0.375237 0.119475 0.00284606 9.9973E-05 0.0288659 0.155166 9.9973E-05 9.9973E-05 0.304893
9.99201E-05 9.99201E-05 9.99201E-05 0.999101 9.99201E-05 9.99201E-05 9.99201E-05 9.99201E-05 9.99201E-05 9.99201E-05
0.133707 0.678728 0.00412311 9.9964E-05 9.9964E-05 0.11964 9.9964E-05 0.0542219 0.00918045 9.9964E-05
0.0258966 9.9928E-05 9.9928E-05 9.9928E-05 0.973304 9.9928E-05 9.9928E-05 9.9928E-05 9.9928E-05 9.9928E-05
0.0621939 9.9982E-05 0.0653253 0.0308332 9.9982E-05 0.541093 0.0640011 0.0726975 0.15148 0.0121763
0.0126244 9.9982E-05 0.195788 0.045214 9.9982E-05 0.155154 0.12352 0.394174 0.0635321 0.00979401
0.158569 0.248402 9.9973E-05 9.9973E-05 9.9973E-05 0.0379125 0.272084 0.0430969 0.00599651 0.233638
0.0263018 9.9955E-05 0.200902 0.0437777 9.9955E-05 9.9955E-05 0.405882 9.9955E-05 9.9955E-05 0.322636
9.99201E-05 9.99201E-05 9.99201E-05 0.999101 9.99201E-05 9.99201E-05 9.99201E-05 9.99201E-05 9.99201E-05 9.99201E-05
0.0142914 0.0034499 9.9982E-05 9.9982E-05 0.191035 0.0378343 0.109609 0.358728 0.0473547 0.237498
0.0687277 0.164266 9.9964E-05 0.194286 0.331225 9.9964E-05 0.211869 9.9964E-05 0.0292268 9.9964E-05
9.9973E-05 9.9973E-05 0.0935631 9.9973E-05 0.143682 0.0592561 0.0851936 0.293269 0.0402169 0.28452
0.103402 0.378098 0.122471 9.9955E-05 0.188921 9.9955E-05 0.206608 9.9955E-05 9.9955E-05 9.9955E-05
