9.99552E-05 9.99552E-05 0.188512 0.092983 9.99552E-05 9.99552E-05 0.702573 9.99552E-05 0.015432
9.99641E-05 9.99641E-05 0.572955 0.131831 9.99641E-05 0.0114711 9.99641E-05 0.171734 0.111609
0.104565 9.99821E-05 0.0493193 9.99821E-05 0.197229 0.314516 0.069362 0.208313 0.0564941
0.354923 9.99641E-05 9.99641E-05 9.99641E-05 0.264412 0.180824 0.165177 0.0342641 9.99641E-05
0.19042 9.99641E-05 9.99641E-05 9.99641E-05 9.99641E-05 0.123429 0.216644 0.26968 0.199428
0.0946023 0.0305809 0.0109659 9.9982E-05 0.0473852 0.0222219 0.58719 0.206853 9.9982E-05
9.99642E-05 9.99642E-05 9.99642E-05 0.24886 9.99642E-05 0.034594 0.404571 0.0812713 0.230304
9.996E-05 9.996E-05 9.996E-05 0.0565362 9.996E-05 0.0401569 0.635949 0.236148 0.0308108
0.532077 9.99464E-05 0.153769 0.313554 9.99464E-05 9.99464E-05 9.99464E-05 9.99464E-05 9.99464E-05
0.0658236 0.669194 0.111684 9.99731E-05 0.0873809 0.0521553 0.013462 9.99731E-05 9.99731E-05
0.119221 0.190367 9.9973E-05 0.0420772 0.397547 0.204565 9.9973E-05 9.9973E-05 0.0459227
0.507972 9.99642E-05 9.99642E-05 0.145608 9.99642E-05 9.99642E-05 0.0641209 0.153621 0.128279
0.0525209 9.99731E-05 9.99731E-05 0.27281 0.0750656 0.135502 0.159095 0.304706 9.99731E-05
9.99641E-05 0.102906 9.99641E-05 9.99641E-05 9.99641E-05 0.105298 0.196462 0.467096 0.127838
0.808484 9.99642E-05 0.0357851 0.0388646 9.99642E-05 9.99642E-05 0.10526 0.0112058 9.99642E-05
0.368208 9.99731E-05 9.99731E-05 9.99731E-05 0.0490825 0.20083 0.140515 0.0211363 0.219928
0.353637 9.99731E-05 0.315799 9.99731E-05 0.0251222 0.130568 0.0981329 0.0764407 9.99731E-05
0.00679085 0.328522 0.0510898 9.99821E-05 0.0582342 0.0260627 0.239603 9.99821E-05 0.289498
0.0448002 9.99552E-05 0.255644 0.567418 9.99552E-05 9.99552E-05 0.131637 9.99552E-05 9.99552E-05
9.99641E-05 0.283682 9.99641E-05 9.99641E-05 0.0402259 9.99641E-05 0.106132 0.48368 0.0858806
9.99463E-05 0.77713 9.99463E-05 9.99463E-05 0.191167 0.031103 9.99463E-05 9.99463E-05 9.99463E-05
0.254225 0.175972 9.9973E-05 0.134047 0.215021 0.180229 0.0402065 9.9973E-05 9.9973E-05
0.386786 9.99641E-05 0.168947 9.99641E-05 9.99641E-05 0.171782 0.172263 0.0998223 9.99641E-05
0.0786817 9.9973E-05 0.0882816 9.9973E-05 0.182413 0.513134 0.119051 9.9973E-05 0.0181388
9.99641E-05 9.99641E-05 9.99641E-05 0.11759 0.206983 0.504417 0.108256 9.99641E-05 0.0623547
0.085708 9.99731E-05 9.99731E-05 0.0430097 0.119759 0.202234 0.434692 9.99731E-05 0.114297
9.9964E-05 0.411496 0.046651 0.171935 9.9964E-05 0.0990496 9.9964E-05 9.9964E-05 0.270469
0.0859728 0.0223305 0.263427 9.99821E-05 0.188769 9.99821E-05 0.216135 0.0956488 0.127518
9.9955E-05 9.9955E-05 0.268716 0.351278 0.228298 9.9955E-05 9.9955E-05 0.151208 9.9955E-05
9.99374E-05 9.99374E-05 9.99374E-05 9.99374E-05 0.121368 0.877933 9.99374E-05 9.99374E-05 9.99374E-05
9.99642E-05 0.248704 0.0638177 9.99642E-05 0.152821 9.99642E-05 0.173846 9.99642E-05 0.360412
9.99552E-05 0.0867863 9.99552E-05 0.41346 9.99552E-05 0.0842146 9.99552E-05 0.415039 9.99552E-05
9.99641E-05 0.504693 0.305248 0.0602752 0.120507 0.00887607 9.99641E-05 9.99641E-05 9.99641E-05
0.0600631 9.99731E-05 9.99731E-05 0.234616 0.157434 0.122528 0.0743668 0.350692 9.99731E-05
0.155556 9.99551E-05 9.99551E-05 9.99551E-05 9.99551E-05 0.160114 0.574776 9.99551E-05 0.109054
9.99552E-05 0.323588 0.277882 9.99552E-05 9.99552E-05 9.99552E-05 0.292927 0.105104 9.99552E-05
0.0344822 9.99552E-05 0.335965 9.99552E-05 9.99552E-05 9.99552E-05 0.203427 9.99552E-05 0.425626
9.99372E-05 9.99372E-05 0.993025 9.99372E-05 9.99372E-05 0.00627592 9.99372E-05 9.99372E-05 9.99372E-05
0.111531 9.9991E-05 0.184939 0.180674 0.11318 0.184622 0.0729794 0.0188232 0.133152
9.99642E-05 9.99642E-05 0.384159 0.133342 0.0811707 0.0206803 0.380248 9.99642E-05 9.99642E-05
9.99732E-05 0.203529 0.140228 0.236218 0.0153286 0.290564 9.99732E-05 9.99732E-05 0.113833
0.121143 0.647749 9.99552E-05 0.0896963 9.99552E-05 0.140912 9.99552E-05 9.99552E-05 9.99552E-05
9.9964E-05 0.30593 0.0849009 9.9964E-05 9.9964E-05 0.103431 0.211068 0.29427 9.9964E-05
0.427422 9.99552E-05 9.99552E-05 9.99552E-05 0.277317 9.99552E-05 0.286759 9.99552E-05 0.008002
9.99641E-05 9.99641E-05 0.0839939 0.462304 9.99641E-05 0.158904 9.99641E-05 0.199884 0.0945146
0.0633235 0.0332362 0.103466 0.314098 9.99821E-05 0.0799613 0.389103 0.0166117 9.99821E-05
0.339472 0.202775 9.99821E-05 0.392184 9.99821E-05 0.00859803 0.0481399 0.00606054 0.00257027
0.142923 0.372948 9.9973E-05 0.282963 0.00199078 9.9973E-05 9.9973E-05 0.192233 0.00664257
0.0639219 0.307405 9.99642E-05 0.455901 9.99642E-05 0.0692454 0.103128 9.99642E-05 9.99642E-05
9.99461E-05 9.99461E-05 9.99461E-05 0.107588 9.99461E-05 9.99461E-05 0.714248 9.99461E-05 0.177565
0.00563322 9.99551E-05 9.99551E-05 9.99551E-05 0.097834 0.18014 0.715893 9.99551E-05 9.99551E-05
0.0404768 9.99641E-05 0.469533 9.99641E-05 0.0424818 9.99641E-05 9.99641E-05 0.369497 0.0776118
0.381308 9.9955E-05 0.138583 9.9955E-05 9.9955E-05 0.210355 0.269254 9.9955E-05 9.9955E-05
9.99552E-05 9.99552E-05 9.99552E-05 0.261634 0.18911 0.0782969 0.47046 9.99552E-05 9.99552E-05
9.99432E-05 9.99432E-05 9.99432E-05 9.99432E-05 9.99432E-05 9.99432E-05 9.99432E-05 0.771811 0.227489
0.20296 0.162642 0.0556153 0.0768633 0.00762469 9.99821E-05 0.311012 9.99821E-05 0.183083
9.9973E-05 9.9973E-05 0.0500387 9.9973E-05 0.282403 0.273564 0.337136 0.0309267 0.0256318
0.323597 9.99375E-05 9.99375E-05 9.99375E-05 9.99375E-05 9.99375E-05 9.99375E-05 0.675704 9.99375E-05
0.150002 9.9973E-05 9.9973E-05 0.00632405 0.193416 9.9973E-05 0.11497 0.226954 0.308034
9.99461E-05 0.390768 0.276535 9.99461E-05 9.99461E-05 9.99461E-05 0.332098 9.99461E-05 9.99461E-05
0.102068 0.0254475 9.99642E-05 9.99642E-05 0.664665 9.99642E-05 0.159839 9.99642E-05 0.0475816
0.38789 0.131999 0.131055 9.9964E-05 9.9964E-05 0.0702008 9.9964E-05 9.9964E-05 0.278456
0.401059 0.183293 0.0505094 0.274945 0.0897935 9.99641E-05 9.99641E-05 9.99641E-05 9.99641E-05
9.99551E-05 9.99551E-05 9.99551E-05 0.136275 0.0549475 0.580529 9.99551E-05 9.99551E-05 0.227749
9.99642E-05 0.326814 9.99642E-05 9.99642E-05 0.00472102 0.0424251 0.611868 0.0137724 9.99642E-05
9.99551E-05 0.00770851 9.99551E-05 0.775503 0.00170072 0.214588 9.99551E-05 9.99551E-05 9.99551E-05
9.99461E-05 0.1329 9.99461E-05 9.99461E-05 9.99461E-05 0.0872004 0.7793 9.99461E-05 9.99461E-05
0.471473 9.99641E-05 0.0654814 0.139731 9.99641E-05 9.99641E-05 0.151489 9.99641E-05 0.171426
9.99462E-05 9.99462E-05 9.99462E-05 0.330739 9.99462E-05 9.99462E-05 0.613747 9.99462E-05 0.0549137
9.99642E-05 0.450195 0.197975 9.99642E-05 0.249675 0.0151607 0.0865945 9.99642E-05 9.99642E-05
0.18978 0.212259 9.9982E-05 0.150083 0.0668362 9.9982E-05 0.0446647 0.250405 0.0857726
0.0164449 0.107013 9.99629E-05 0.678886 9.99629E-05 0.197156 9.99629E-05 9.99629E-05 9.99629E-05
9.99464E-05 9.99464E-05 0.0256381 9.99464E-05 9.99464E-05 9.99464E-05 9.99464E-05 0.651324 0.322438
0.03169 0.0375413 9.99642E-05 0.433592 9.99642E-05 9.99642E-05 0.396589 9.99642E-05 0.100188
0.00133784 9.99554E-05 9.99554E-05 9.99554E-05 9.99554E-05 0.117852 0.544065 0.336245 9.99554E-05
0.0427728 9.99641E-05 9.99641E-05 0.427062 9.99641E-05 9.99641E-05 0.101298 0.318277 0.11019
0.817287 9.99553E-05 9.99553E-05 9.99553E-05 0.0045546 0.0858063 0.0918522 9.99553E-05 9.99553E-05
0.00101058 0.185319 9.9982E-05 0.118609 0.314011 0.140098 9.9982E-05 0.0306587 0.210093
9.99641E-05 9.99641E-05 9.99641E-05 0.290483 0.546333 0.000904537 0.152484 0.00939533 9.99641E-05
0.0665476 9.9964E-05 9.9964E-05 0.0365789 0.267604 9.9964E-05 9.9964E-05 0.588851 0.0400183
9.99642E-05 9.99642E-05 0.0353484 0.175131 9.99642E-05 9.99642E-05 0.35592 0.179508 0.253693
9.99732E-05 0.131795 0.0655434 9.99732E-05 0.381085 0.0407937 0.0512061 0.329277 9.99732E-05
9.99464E-05 0.34681 0.362417 9.99464E-05 9.99464E-05 9.99464E-05 0.290173 9.99464E-05 9.99464E-05
9.99641E-05 9.99641E-05 9.99641E-05 0.378568 0.230605 0.201782 0.0663466 0.122299 9.99641E-05
0.303542 0.301818 9.99641E-05 9.99641E-05 9.99641E-05 0.178846 0.0899207 0.125473 9.99641E-05
0.25864 0.216538 0.178502 0.129011 0.0272706 0.0185037 0.138642 9.9991E-05 0.0327921
9.99642E-05 0.0812448 0.552351 0.0905302 9.99642E-05 9.99642E-05 9.99642E-05 0.257497 0.0179763
0.141512 9.99462E-05 9.99462E-05 9.99462E-05 9.99462E-05 0.571429 9.99462E-05 0.28646 9.99462E-05
0.116644 9.99732E-05 0.126883 0.145932 0.27575 0.0629624 0.271529 9.99732E-05 9.99732E-05
9.99551E-05 0.0560076 0.193991 0.581811 0.167691 9.99551E-05 9.99551E-05 9.99551E-05 9.99551E-05
0.0477335 9.99464E-05 9.99464E-05 9.99464E-05 9.99464E-05 0.883492 0.0681752 9.99464E-05 9.99464E-05
9.99642E-05 0.511379 9.99642E-05 9.99642E-05 9.99642E-05 0.0757891 0.121458 0.242233 0.0487412
9.99463E-05 0.569982 9.99463E-05 0.375167 9.99463E-05 9.99463E-05 9.99463E-05 0.054251 9.99463E-05
0.248139 0.0470663 0.408316 9.99731E-05 0.132293 0.0385517 9.99731E-05 0.125335 9.99731E-05
0.186698 0.225751 0.119765 0.317341 9.9982E-05 0.044627 9.9982E-05 0.0132816 0.0923363
0.311995 9.9964E-05 0.00352024 0.0509515 0.116372 9.9964E-05 9.9964E-05 0.516761 9.9964E-05
0.39586 0.304399 0.25285 9.99551E-05 9.99551E-05 0.0463912 9.99551E-05 9.99551E-05 9.99551E-05
0.47261 0.446271 9.9955E-05 0.04937 9.9955E-05 9.9955E-05 9.9955E-05 0.031249 9.9955E-05
9.99731E-05 0.0800068 9.99731E-05 9.99731E-05 0.137111 0.288452 0.409094 0.0339099 0.0511266
0.125865 0.153146 0.384878 9.99551E-05 9.99551E-05 0.335612 9.99551E-05 9.99551E-05 9.99551E-05
0.415455 0.265266 0.107351 9.99553E-05 9.99553E-05 9.99553E-05 9.99553E-05 9.99553E-05 0.211429
9.99463E-05 9.99463E-05 0.0121137 9.99463E-05 9.99463E-05 0.855258 9.99463E-05 9.99463E-05 0.132028
0.208005 9.99464E-05 0.756292 9.99464E-05 0.035103 9.99464E-05 9.99464E-05 9.99464E-05 9.99464E-05
9.99373E-05 9.99373E-05 0.235725 9.99373E-05 0.763575 9.99373E-05 9.99373E-05 9.99373E-05 9.99373E-05
9.99641E-05 9.99641E-05 0.20227 0.0245925 0.0980996 9.99641E-05 0.466943 0.207695 9.99641E-05
0.463726 9.99731E-05 0.0915233 0.171978 9.99731E-05 0.0858323 0.179285 0.00735634 9.99731E-05
9.99551E-05 0.0661924 9.99551E-05 0.269877 9.99551E-05 9.99551E-05 0.189023 0.474408 9.99551E-05
9.99551E-05 0.151968 0.330908 9.99551E-05 0.168113 9.99551E-05 0.348511 9.99551E-05 9.99551E-05
0.0143573 0.0494543 0.0279735 0.0476329 9.99731E-05 9.99731E-05 0.735261 9.99731E-05 0.125021
9.99731E-05 9.99731E-05 0.247943 0.137965 0.393946 0.087078 0.0781856 9.99731E-05 0.0545826
9.99821E-05 0.268361 0.116899 0.0419401 9.99821E-05 0.37619 0.083576 0.105019 0.00781586
9.99642E-05 9.99642E-05 9.99642E-05 0.0570722 9.99642E-05 0.106152 0.548924 0.107194 0.180258
9.99553E-05 9.99553E-05 0.153325 9.99553E-05 0.00111732 0.483468 9.99553E-05 0.36159 9.99553E-05
9.99642E-05 9.99642E-05 9.99642E-05 0.190232 0.0967387 0.0508053 0.310872 0.350952 9.99642E-05
9.99372E-05 9.99372E-05 0.0757811 9.99372E-05 9.99372E-05 0.923519 9.99372E-05 9.99372E-05 9.99372E-05
0.43192 9.99462E-05 9.99462E-05 9.99462E-05 0.482316 9.99462E-05 9.99462E-05 0.0851642 9.99462E-05
0.305977 9.9982E-05 0.0567072 0.223915 0.0859833 0.0519652 0.274219 9.9982E-05 0.0010326
9.99641E-05 0.0585625 0.0253619 0.578617 9.99641E-05 0.133011 9.99641E-05 0.204048 9.99641E-05
9.9955E-05 9.9955E-05 9.9955E-05 0.34244 0.27629 0.201453 9.9955E-05 9.9955E-05 0.179317
9.9955E-05 9.9955E-05 0.513209 9.9955E-05 9.9955E-05 0.0173442 0.133255 0.335692 9.9955E-05
0.345932 9.99731E-05 9.99731E-05 0.00213808 0.0244413 0.499826 0.0769322 9.99731E-05 0.0504298
9.99552E-05 9.99552E-05 0.37114 9.99552E-05 9.99552E-05 0.0750158 0.0759787 0.477366 9.99552E-05
9.99551E-05 9.99551E-05 9.99551E-05 9.99551E-05 0.162632 0.00659675 0.532362 0.297909 9.99551E-05
9.99463E-05 0.491951 9.99463E-05 9.99463E-05 9.99463E-05 9.99463E-05 0.243886 0.263563 9.99463E-05
0.45545 9.99641E-05 9.99641E-05 9.99641E-05 0.139395 0.219826 0.0650527 0.119876 9.99641E-05
0.361151 0.139413 0.0405118 9.9973E-05 0.0447494 9.9973E-05 0.3226 0.0912761 9.9973E-05
9.99552E-05 0.357963 9.99552E-05 0.371476 9.99552E-05 0.235982 9.99552E-05 0.0340788 9.99552E-05
0.17499 9.9973E-05 0.0577012 0.122323 0.299421 9.9973E-05 0.188732 9.9973E-05 0.156534
9.99642E-05 9.99642E-05 0.599615 9.99642E-05 0.197812 0.151347 0.0506239 0.000202502 9.99642E-05
9.99642E-05 0.175403 0.387035 9.99642E-05 9.99642E-05 0.0371716 0.0819132 0.318077 9.99642E-05
0.763302 0.204748 9.99463E-05 9.99463E-05 9.99463E-05 9.99463E-05 9.99463E-05 9.99463E-05 0.0313507
0.0613247 0.191742 0.0913578 9.9982E-05 9.9982E-05 0.0327205 0.368771 0.243408 0.0104763
0.129488 0.156463 9.9982E-05 0.484678 0.145391 9.9982E-05 0.0315141 0.0521652 9.9982E-05
0.0521052 9.99641E-05 0.34199 0.186031 0.37178 9.99641E-05 9.99641E-05 9.99641E-05 0.047693
9.99731E-05 0.478293 0.17477 0.0630871 0.130834 9.99731E-05 0.0335879 9.99731E-05 0.119129
9.99464E-05 0.074944 0.0727713 9.99464E-05 9.99464E-05 9.99464E-05 0.851685 9.99464E-05 9.99464E-05
9.99553E-05 0.0103447 9.99553E-05 0.155148 0.270311 9.99553E-05 0.563697 9.99553E-05 9.99553E-05
9.99554E-05 0.0662286 9.99554E-05 9.99554E-05 0.251619 0.0353539 0.646299 9.99554E-05 9.99554E-05
9.99373E-05 9.99373E-05 0.271665 0.727636 9.99373E-05 9.99373E-05 9.99373E-05 9.99373E-05 9.99373E-05
0.172807 9.99552E-05 9.99552E-05 0.0929639 9.99552E-05 9.99552E-05 0.716439 0.01729 9.99552E-05
0.111759 9.99821E-05 0.016222 9.99821E-05 0.354147 0.0865357 0.0623199 0.0247021 0.344114
0.15323 9.99552E-05 0.715939 9.99552E-05 9.99552E-05 0.0804541 9.99552E-05 0.0498765 9.99552E-05
0.123202 0.468847 9.99731E-05 0.0565314 0.0661244 9.99731E-05 0.11198 0.173015 9.99731E-05
0.100427 0.598431 0.00576642 9.99642E-05 0.261088 0.0338886 9.99642E-05 9.99642E-05 9.99642E-05
0.224261 0.024631 0.0418913 9.9982E-05 0.249838 0.420649 0.0149677 0.0235616 9.9982E-05
0.0295303 9.997E-05 0.118174 0.175309 0.0994381 9.997E-05 0.295161 0.282088 9.997E-05
9.993E-05 9.993E-05 9.993E-05 9.993E-05 9.993E-05 9.993E-05 9.993E-05 9.993E-05 0.999201
9.99731E-05 0.034139 0.0850971 9.99731E-05 0.241628 0.132128 0.287339 0.219369 9.99731E-05
9.99552E-05 0.184182 9.99552E-05 9.99552E-05 9.99552E-05 0.25642 0.26843 0.290467 9.99552E-05
0.407633 9.99552E-05 9.99552E-05 9.99552E-05 0.124084 9.99552E-05 9.99552E-05 0.0607133 0.407071
9.99643E-05 9.99643E-05 9.99643E-05 0.184685 0.329032 9.99643E-05 0.253088 0.167125 0.0656703
0.433728 9.99641E-05 0.0505063 0.383751 0.0176364 9.99641E-05 9.99641E-05 9.99641E-05 0.113979
9.99641E-05 0.218654 9.99641E-05 9.99641E-05 0.182968 9.99641E-05 0.433721 0.107468 0.0567896
0.0871758 0.121065 0.1121 9.99911E-05 0.0934854 0.00194121 0.296429 0.204822 0.0828815
9.99642E-05 0.0304559 9.99642E-05 9.99642E-05 9.99642E-05 0.422707 0.341144 0.0402181 0.165075
0.296694 0.311743 9.99641E-05 9.99641E-05 0.231535 9.99641E-05 0.107966 9.99641E-05 0.0516626
9.99551E-05 9.99551E-05 0.248029 9.99551E-05 0.230704 0.0013125 9.99551E-05 0.519455 9.99551E-05
9.99732E-05 0.270581 9.99732E-05 0.0820458 0.230709 0.0478519 0.167851 9.99732E-05 0.200661
9.99463E-05 9.99463E-05 9.99463E-05 9.99463E-05 0.0791872 9.99463E-05 0.833414 9.99463E-05 0.0867994
9.99641E-05 9.99641E-05 0.399315 0.332172 0.100341 0.0830235 0.084749 9.99641E-05 9.99641E-05
9.993E-05 9.993E-05 9.993E-05 9.993E-05 9.993E-05 9.993E-05 9.993E-05 9.993E-05 0.999201
9.99551E-05 0.0673553 9.99551E-05 0.472067 9.99551E-05 9.99551E-05 0.358753 9.99551E-05 0.101325
9.99641E-05 0.0972826 9.99641E-05 0.158899 9.99641E-05 0.0209891 0.0619294 0.6605 9.99641E-05
0.508067 9.99641E-05 9.99641E-05 0.245735 0.0813889 9.99641E-05 9.99641E-05 0.0330307 0.131378
0.17423 0.0976346 9.99553E-05 0.720485 9.99553E-05 9.99553E-05 9.99553E-05 9.99553E-05 0.00715093
0.154675 0.059242 0.351412 9.99731E-05 9.99731E-05 0.0342113 0.398205 0.0019546 9.99731E-05
0.0751734 0.355267 9.99642E-05 9.99642E-05 0.15548 9.99642E-05 0.333902 9.99642E-05 0.0797768
9.99553E-05 9.99553E-05 9.99553E-05 0.307613 0.434319 9.99553E-05 0.190443 0.0671254 9.99553E-05
9.99554E-05 0.021025 0.0262192 9.99554E-05 9.99554E-05 9.99554E-05 9.99554E-05 0.81396 0.138296
0.149054 0.00639536 0.348875 0.0136617 9.9982E-05 0.0814867 0.14712 0.253206 9.9982E-05
0.0489984 9.99732E-05 0.175713 0.242039 0.0721845 9.99732E-05 0.421233 9.99732E-05 0.039532
9.99731E-05 9.99731E-05 0.058163 0.299077 0.15117 9.99731E-05 0.15329 0.308823 0.0291775
0.443375 9.99552E-05 0.131022 9.99552E-05 0.086305 9.99552E-05 9.99552E-05 0.338798 9.99552E-05
0.036562 0.131867 0.137571 9.99641E-05 9.99641E-05 0.227051 0.466549 9.99641E-05 9.99641E-05
0.399069 9.99552E-05 0.0152252 9.99552E-05 0.0191157 9.99552E-05 0.56609 9.99552E-05 9.99552E-05
9.99552E-05 9.99552E-05 9.99552E-05 0.392154 0.059042 9.99552E-05 0.29956 0.248745 9.99552E-05
0.113767 0.0185195 0.253111 0.092711 9.99821E-05 0.218591 0.0841037 0.218997 9.99821E-05
9.99552E-05 0.119789 9.99552E-05 9.99552E-05 0.812673 9.99552E-05 0.00427493 9.99552E-05 0.0627626
9.99552E-05 0.0215473 0.576655 0.147453 9.99552E-05 9.99552E-05 0.253845 9.99552E-05 9.99552E-05
0.213263 0.251344 0.200732 0.147349 0.186913 9.99642E-05 9.99642E-05 9.99642E-05 9.99642E-05
9.99553E-05 0.795433 9.99553E-05 0.167021 9.99553E-05 9.99553E-05 0.0180832 9.99553E-05 0.0189631
9.99641E-05 0.469698 9.99641E-05 0.133151 0.169818 9.99641E-05 0.160139 9.99641E-05 0.0667946
0.239562 0.145885 9.99641E-05 0.1763 9.99641E-05 0.0210518 0.416801 9.99641E-05 9.99641E-05
9.99642E-05 0.0393562 9.99642E-05 9.99642E-05 0.134126 0.0651745 0.404423 0.356521 9.99642E-05
9.993E-05 9.993E-05 9.993E-05 9.993E-05 0.999201 9.993E-05 9.993E-05 9.993E-05 9.993E-05
0.180621 9.99553E-05 9.99553E-05 0.594008 9.99553E-05 9.99553E-05 0.0833525 0.141519 9.99553E-05
9.99552E-05 9.99552E-05 0.191278 0.126887 9.99552E-05 9.99552E-05 0.326827 0.354509 9.99552E-05
9.99641E-05 9.99641E-05 0.494744 9.99641E-05 0.149161 0.0387928 0.172167 9.99641E-05 0.144736
9.99641E-05 9.99641E-05 0.322296 9.99641E-05 0.0160323 0.0510728 0.196089 0.41411 9.99641E-05
