0.0703888 0.0278949 0.039652 9.9991E-05 0.712187 0.107548 0.0422284
0.00116803 0.0141678 0.185013 0.147922 0.105065 0.178803 0.367861
0.0133412 0.107129 9.9991E-05 0.151317 0.358 0.289344 0.080769
0.00177265 0.0838697 9.9982E-05 0.165727 0.0589815 0.689449 9.9982E-05
0.14395 0.0799471 0.247019 0.110757 0.0098136 0.408414 9.9991E-05
0.0706725 0.0622774 0.126479 9.9982E-05 9.9982E-05 0.659214 0.0811568
9.999E-05 0.0516055 0.0389208 0.162997 0.509225 0.141307 0.0958449
0.0250047 0.115793 0.179576 9.9991E-05 0.239599 0.297401 0.142526
0.133485 0.0510588 0.0758513 0.14341 0.113156 0.141935 0.341104
0.263316 0.0523279 0.0941151 0.239391 0.185429 0.0201045 0.145317
0.368383 0.0277932 0.0682359 0.0515574 0.245135 0.0362191 0.202676
9.9973E-05 0.0576538 9.9973E-05 0.0484312 0.0409439 9.9973E-05 0.852671
0.148992 0.127053 0.0176739 0.0948501 0.404324 0.108424 0.0986825
0.0851516 0.106216 0.138422 0.140476 0.357346 9.9991E-05 0.17229
0.193749 0.0367517 0.747561 9.9973E-05 0.0216379 9.9973E-05 9.9973E-05
0.062626 0.107244 0.358029 0.131848 0.191115 0.101873 0.0472636
0.177434 9.9964E-05 0.717017 0.105149 9.9964E-05 9.9964E-05 9.9964E-05
0.0147461 0.150291 0.124264 0.136852 0.236909 0.213797 0.12314
9.9982E-05 0.134548 9.9982E-05 0.0137861 0.374245 0.148584 0.328637
0.134399 0.00796928 0.175271 0.0388581 0.131221 0.272595 0.239687
0.163319 0.12163 0.0888781 0.0741561 0.428155 0.123762 9.9991E-05
0.0387198 0.0956922 0.146935 9.9991E-05 0.380008 0.0345278 0.304017
9.999E-05 0.203205 0.0825546 0.052992 0.0865174 0.563728 0.0109028
0.0267295 0.00360402 0.0415727 0.231913 0.151187 0.544893 9.9991E-05
0.496068 0.116182 9.9973E-05 9.9973E-05 0.129847 9.9973E-05 0.257603
0.076665 9.9982E-05 0.243548 0.113855 0.467582 0.0981494 9.9982E-05
0.0951636 0.195094 9.9991E-05 0.0539736 0.0479591 0.215434 0.392276
0.0548866 0.048867 0.161347 0.182043 0.439289 9.9991E-05 0.113467
0.143154 9.9982E-05 0.283565 0.243912 0.112235 0.216934 9.9982E-05
0.0590812 9.9982E-05 0.179569 0.714531 0.0379432 9.9982E-05 0.00867553
0.120548 0.0480638 0.246573 0.0748643 9.9991E-05 0.152571 0.35728
0.127523 0.0419322 0.000599591 0.160979 0.00202274 9.9991E-05 0.666843
9.9982E-05 0.0610587 0.289519 0.115291 0.2205 0.313432 9.9982E-05
0.127101 0.0584198 0.348046 9.9991E-05 0.0212048 0.316985 0.128143
0.19214 0.127034 0.215722 9.9991E-05 0.29158 0.0365091 0.136915
9.9955E-05 0.0547932 9.9955E-05 9.9955E-05 0.944707 9.9955E-05 9.9955E-05
0.15224 0.00271889 9.9982E-05 0.0251816 0.280814 0.538845 9.9982E-05
0.311312 0.0479099 0.0104024 0.149887 0.383771 9.9991E-05 0.0966178
0.168174 0.0073418 0.410013 0.0480753 9.9982E-05 0.366196 9.9982E-05
0.0976319 0.151886 0.232282 0.0836058 0.033208 0.292859 0.108527
0.108645 0.0683027 0.1503 0.0488826 0.174009 0.124199 0.325662
0.132374 0.116722 0.0447856 0.0328606 0.0959009 0.577256 9.9991E-05
0.0416953 0.0621399 0.187981 0.0393533 0.295998 0.326069 0.0467636
9.9973E-05 9.9973E-05 9.9973E-05 0.088893 0.483406 0.00708796 0.420313
0.0389423 0.176133 9.9982E-05 0.0285744 0.0369055 9.9982E-05 0.719245
0.211308 0.12759 9.9991E-05 0.0486404 0.0724649 0.167719 0.372179
9.999E-05 0.0835648 0.195202 0.163671 0.0108982 0.453279 0.0932845
9.9982E-05 0.0563308 0.00668901 0.0517671 9.9982E-05 0.714056 0.170957
9.9991E-05 0.109318 0.100326 0.0469034 0.141006 0.0545816 0.547764
9.9991E-05 0.0558247 0.580777 0.0985721 0.151777 0.112675 0.000273443
0.117958 0.158622 0.0665763 0.0218955 0.367781 9.9991E-05 0.267067
0.0464798 0.102745 0.365329 0.0782614 0.0439063 0.238529 0.12475
9.9982E-05 0.0102036 0.486627 0.00365384 9.9982E-05 0.350845 0.14847
0.171956 0.0488371 0.359869 0.199853 0.0237777 0.195608 9.9991E-05
9.9982E-05 9.9982E-05 0.127085 0.0109003 0.0157944 0.135837 0.710183
0.0359163 0.0765111 0.135692 0.0953678 0.231058 0.4143 0.0111557
0.0161573 0.0290307 9.9982E-05 0.00345013 9.9982E-05 0.113633 0.837529
0.0107553 0.085763 9.9991E-05 0.0822876 0.173037 0.300866 0.347191
0.127401 0.0321322 0.376715 0.00822963 0.198317 0.0697003 0.187505
0.116186 0.0766502 0.0183533 0.0213994 0.291729 9.9991E-05 0.475582
9.9973E-05 0.0242089 0.0744082 0.0790123 9.9973E-05 0.822071 9.9973E-05
0.0833161 0.165455 0.196875 9.9991E-05 0.086909 0.386911 0.0804346
9.9982E-05 0.0759179 0.196966 0.0496843 0.204571 0.472661 9.9982E-05
9.9964E-05 0.044463 9.9964E-05 0.933828 9.9964E-05 0.0213095 9.9964E-05
0.109513 9.9982E-05 0.203691 0.0407162 0.485817 0.160062 9.9982E-05
0.000143952 0.00380829 9.9964E-05 9.9964E-05 0.995648 9.9964E-05 9.9964E-05
9.9973E-05 0.181285 9.9973E-05 9.9973E-05 0.268981 0.371676 0.177759
0.0300292 0.0623035 0.295473 0.0664325 0.28569 0.115169 0.144903
9.9982E-05 0.0511854 0.15818 0.0447777 0.570978 0.174679 9.9982E-05
0.0440334 0.0706985 0.19736 0.187556 0.227851 0.257522 0.0149794
0.135091 0.0354412 9.9991E-05 0.123283 0.00243359 0.213605 0.490046
0.0753484 0.11613 0.359051 0.0364529 0.314147 0.0589848 0.039886
0.0626007 0.157737 0.202597 0.0905507 0.15589 0.145118 0.185506
0.115984 0.0154359 0.328993 0.0808995 9.9991E-05 0.20405 0.254537
0.302727 9.9982E-05 0.279092 0.0799973 0.189068 9.9982E-05 0.148916
0.0616652 0.0880674 0.395634 9.9973E-05 9.9973E-05 9.9973E-05 0.454334
0.128382 0.181843 0.114426 0.0996654 9.9991E-05 0.396056 0.0795281
0.0553117 0.0456881 0.0773812 0.0776709 9.9982E-05 0.743748 9.9982E-05
0.00253404 9.9973E-05 0.13575 9.9973E-05 0.111981 0.749435 9.9973E-05
0.0276379 0.0975101 0.101246 0.172469 0.0534524 0.517255 0.0304303
0.133405 0.084477 0.0760249 0.0732073 0.0837264 0.534302 0.0148578
0.132301 0.0483085 0.0891706 0.0276388 0.0680227 0.634459 9.9991E-05
0.0910775 0.0259687 9.9991E-05 0.225568 0.0685284 0.26537 0.323387
0.125897 0.0612769 0.499997 0.160735 9.9982E-05 0.151893 9.9982E-05
0.00315852 0.0957832 0.00333834 0.0411938 0.0381114 0.607841 0.210574
0.131253 0.0400291 9.9982E-05 9.9982E-05 0.094368 0.220562 0.513588
9.9973E-05 0.049932 0.00490779 9.9973E-05 0.847579 0.0972814 9.9973E-05
0.094342 0.164661 0.0333368 9.99731E-05 9.99731E-05 9.99731E-05 0.70736
0.167429 0.0726896 0.208662 0.157654 0.236543 0.0480001 0.109022
9.9973E-05 0.143834 9.9973E-05 9.9973E-05 0.288965 0.157554 0.409347
0.0214875 9.9955E-05 9.9955E-05 0.978013 9.9955E-05 9.9955E-05 9.9955E-05
0.145448 0.0996658 0.207363 9.9991E-05 0.107184 0.0811832 0.359056
0.0548126 0.152324 9.9973E-05 9.9973E-05 0.0462786 0.746285 9.9973E-05
9.9991E-05 0.0645616 0.392786 0.0277314 0.127497 0.023751 0.363573
0.0825072 0.0575477 9.9964E-05 9.9964E-05 9.9964E-05 0.859545 9.9964E-05
0.0876366 0.00453323 0.0287469 0.171278 0.406445 0.301261 9.9991E-05
9.9973E-05 9.9973E-05 0.0251023 9.9973E-05 0.447504 0.0966246 0.43047
0.117109 0.0159608 9.99821E-05 0.143668 9.99821E-05 0.545643 0.17742
9.99731E-05 0.196089 9.99731E-05 0.565367 0.00148634 0.236758 9.99731E-05
0.0116594 0.0158869 0.0244751 0.304618 0.224829 0.243377 0.175155
9.9991E-05 0.10116 0.0691196 0.24283 0.271427 0.0112793 0.304083
9.995E-05 9.995E-05 9.995E-05 0.9994 9.995E-05 9.995E-05 9.995E-05
0.210678 0.0511067 0.393794 0.0438023 0.0792651 0.148477 0.0728765
0.9994 9.995E-05 9.995E-05 9.995E-05 9.995E-05 9.995E-05 9.995E-05
0.158954 0.0547491 0.324408 0.0278052 0.180039 0.0360815 0.217963
0.0653771 9.9982E-05 0.289395 9.9982E-05 0.25815 0.177415 0.209462
9.9982E-05 9.9982E-05 0.280871 0.0175954 0.279168 0.254916 0.16725
0.198701 0.0911392 9.9991E-05 0.037416 0.231284 0.386752 0.0546069
0.0825854 0.0692131 0.259554 0.0926698 0.0438347 0.0281442 0.423998
0.0426269 0.101481 9.9991E-05 0.0342609 0.552063 0.0862029 0.183265
0.0978045 0.0649754 0.216254 9.9982E-05 0.280535 0.340231 9.9982E-05
0.0234256 0.162591 9.9991E-05 0.0698548 0.06358 0.183994 0.496454
0.0817715 0.0344391 0.311588 0.0385844 0.0529667 0.450562 0.0300879
0.0458187 0.0617465 9.9973E-05 0.503622 9.9973E-05 0.388513 9.9973E-05
0.00508659 0.042804 0.0940489 0.155281 0.134679 0.564631 0.00347013
9.995E-05 9.995E-05 9.995E-05 0.9994 9.995E-05 9.995E-05 9.995E-05
0.394451 9.9982E-05 0.169132 0.0960711 0.255002 9.9982E-05 0.0851444
0.0104216 0.126705 0.0656791 0.0128816 0.561988 0.133025 0.089299
0.0102064 0.0271529 0.0173996 0.0866161 9.9991E-05 0.530645 0.327881
0.1395 0.152849 0.0447143 0.193997 0.195744 9.9991E-05 0.273096
9.9982E-05 0.116419 0.315567 0.110062 0.0881602 0.369592 9.9982E-05
0.0567736 0.181392 0.0928485 0.376712 0.0396601 0.252513 9.9991E-05
0.04124 0.0906762 0.335174 0.200961 0.0747137 0.141011 0.116224
0.13955 0.00183822 0.369147 9.9982E-05 9.9982E-05 0.38506 0.104205
0.0812173 0.0671673 9.9982E-05 0.203396 9.9982E-05 0.189806 0.458213
9.9973E-05 0.0622804 0.368109 9.9973E-05 9.9973E-05 0.368184 0.201126
0.105146 0.0703273 0.288425 0.0560105 0.200281 9.9991E-05 0.27971
0.0782892 0.0792736 0.0241876 0.212336 9.9991E-05 0.474948 0.130866
9.9982E-05 0.062169 0.0776011 9.9982E-05 0.0631183 0.201092 0.59582
0.151137 0.05768 0.0773773 0.209397 0.256931 9.9991E-05 0.247377
0.0134152 0.0291924 9.9982E-05 0.112274 0.732574 0.112344 9.9982E-05
0.0290087 0.133923 0.109845 0.0754838 0.15444 0.4972 9.9991E-05
0.0419409 9.9982E-05 0.117504 0.372765 9.9982E-05 0.461671 0.00591964
0.0296249 0.139243 0.375651 0.166662 0.050771 0.18072 0.0573276
0.0631478 9.9982E-05 0.052564 9.9982E-05 0.364585 0.471645 0.047859
0.0977524 0.148225 0.121144 0.167728 0.0792386 0.106364 0.279548
9.9955E-05 9.9955E-05 0.960488 9.9955E-05 9.9955E-05 0.0390118 9.9955E-05
9.995E-05 9.995E-05 0.9994 9.995E-05 9.995E-05 9.995E-05 9.995E-05
0.0359997 0.126127 9.9991E-05 0.187042 0.0980765 0.1795 0.373156
0.142194 0.0748755 0.0528528 0.0434983 9.9991E-05 0.625097 0.0613822
0.156903 0.0879473 9.9991E-05 0.0482699 0.0441909 0.371933 0.290655
0.175656 0.0616363 0.470472 0.0381726 9.9991E-05 0.0316704 0.222293
0.0757302 0.0424112 9.9991E-05 0.118648 0.0298567 0.252284 0.48097
0.0997669 0.0777039 9.9991E-05 0.0419493 0.284743 0.0506483 0.445089
0.0923872 0.0690048 0.185399 0.0337751 0.0164832 0.566009 0.0369411
0.0032654 0.151866 9.9982E-05 0.403532 0.309825 0.131311 9.9982E-05
0.0995172 0.0399957 9.9982E-05 9.9982E-05 0.378577 0.134192 0.347518
9.995E-05 0.9994 9.995E-05 9.995E-05 9.995E-05 9.995E-05 9.995E-05
0.124824 0.133396 9.9973E-05 9.9973E-05 0.500513 0.240968 9.9973E-05
0.205058 0.0621226 0.102411 9.9982E-05 0.149792 0.480416 9.9982E-05
9.9973E-05 0.0989742 0.0428706 9.9973E-05 0.084044 9.9973E-05 0.773811
0.255182 0.110294 0.134818 9.9973E-05 9.9973E-05 0.499407 9.9973E-05
0.0593503 0.212618 0.0841472 0.152493 0.211091 0.0088898 0.27141
0.00628752 0.0951273 0.149214 9.9991E-05 0.0636031 0.170794 0.514874
9.9973E-05 0.0934979 0.18781 9.9973E-05 9.9973E-05 0.177509 0.540883
0.0729617 0.10256 0.317499 0.197273 0.223986 0.0856206 9.9991E-05
9.9973E-05 0.111965 9.9973E-05 9.9973E-05 0.192566 0.458822 0.236346
0.0119565 0.0580826 0.0809682 0.0658817 0.405647 0.199813 0.17765
9.9955E-05 9.9955E-05 9.9955E-05 0.108587 0.890914 9.9955E-05 9.9955E-05
0.0293435 0.0886806 0.213564 0.130584 0.169511 0.188505 0.179811
0.145768 0.0568726 0.0220307 0.0553961 0.388938 0.330895 9.9991E-05
9.995E-05 0.9994 9.995E-05 9.995E-05 9.995E-05 9.995E-05 9.995E-05
0.0356509 0.488638 0.128363 9.9991E-05 0.104273 0.150584 0.0923905
0.125995 9.9991E-05 0.232413 0.0233239 0.0186479 0.481406 0.118114
0.146521 0.0375628 0.121748 0.049156 0.218803 0.0954875 0.330721
0.0917086 0.093799 9.9973E-05 9.9973E-05 0.779626 0.034566 9.9973E-05
0.0560154 0.00323177 0.285372 9.9991E-05 0.24837 0.239335 0.167576
0.0880829 0.0657408 0.177037 9.9991E-05 0.11744 0.121592 0.430008
9.9955E-05 9.9955E-05 0.889126 9.9955E-05 0.110374 9.9955E-05 9.9955E-05
0.00456099 0.150678 0.257983 0.0399251 0.30495 0.0862524 0.15565
9.9982E-05 9.9982E-05 0.0935637 0.12075 0.208932 0.0767633 0.499792
0.141477 0.0443916 0.328457 0.200114 9.9991E-05 0.0458836 0.239577
9.9991E-05 0.164197 0.128789 0.132563 0.149188 0.407006 0.0181571
0.0514437 9.9973E-05 0.275677 9.9973E-05 0.320792 9.9973E-05 0.351787
9.9973E-05 0.132112 0.136557 9.9973E-05 0.343372 0.387659 9.9973E-05
0.151945 9.9991E-05 0.0402829 0.00325791 0.0465585 0.425033 0.332823
0.0769875 0.0804611 0.197135 9.9991E-05 0.0266034 0.428921 0.189792
0.203811 0.00973551 0.383067 0.0694804 0.0826642 0.217767 0.0334747
0.9994 9.995E-05 9.995E-05 9.995E-05 9.995E-05 9.995E-05 9.995E-05
0.0498405 9.9991E-05 0.0604444 0.0900561 0.101364 0.119491 0.578705
0.223571 0.0447773 0.609275 0.107337 0.0148401 9.9982E-05 9.9982E-05
0.100075 0.149088 0.231083 0.115076 0.353675 0.0333407 0.017663
0.0496307 0.0363045 0.136871 9.9991E-05 0.349195 0.0851172 0.342782
9.9973E-05 9.9973E-05 0.0514849 0.248949 0.37358 0.325686 9.9973E-05
0.0766257 0.0301403 0.393898 0.0156029 0.326222 0.157411 9.9991E-05
0.9994 9.995E-05 9.995E-05 9.995E-05 9.995E-05 9.995E-05 9.995E-05
9.9991E-05 0.123426 0.0235807 0.0426717 0.014435 0.523092 0.272695
0.1557 0.0428778 0.246087 9.9982E-05 0.436053 9.9982E-05 0.119082
9.9973E-05 0.0128359 9.9973E-05 9.9973E-05 0.252737 0.680244 0.0538832
9.9982E-05 0.0280031 0.300847 0.0565157 0.245762 9.9982E-05 0.368672
