9.9991E-05 0.986496 0.0134037
0.278742 0.63975 0.0815085
0.243968 0.563311 0.192721
0.0574014 0.784451 0.158148
0.274339 0.489536 0.236126
0.465677 0.466113 0.0682102
0.119082 0.585572 0.295346
0.262474 0.551398 0.186128
0.405206 0.380687 0.214106
0.521178 0.20043 0.278392
0.761843 0.192552 0.0456054
0.599683 0.0497376 0.35058
0.185875 0.548916 0.265209
0.380256 0.408495 0.211249
0.510269 0.319203 0.170528
0.151664 0.543734 0.304602
0.468587 0.233396 0.298018
0.0588619 0.441279 0.499859
0.430331 0.450507 0.119162
0.145908 0.646061 0.208032
0.312096 0.570897 0.117007
0.440023 0.536493 0.023483
0.162131 0.656698 0.181171
0.112044 0.565705 0.322252
0.952048 9.9991E-05 0.0478523
0.014329 0.831144 0.154527
0.353465 0.400726 0.245809
0.377321 0.394607 0.228072
0.383574 0.349692 0.266734
0.0238224 0.356092 0.620085
0.600441 0.157892 0.241667
0.831549 0.000276627 0.168174
0.0272739 0.734536 0.23819
0.358369 0.519294 0.122336
0.328922 0.336371 0.334707
9.9991E-05 0.953885 0.0460154
0.167583 0.696166 0.136251
0.486447 0.332405 0.181148
0.537702 0.0876892 0.374609
0.270611 0.506839 0.22255
0.417436 0.426605 0.155959
0.328651 0.468957 0.202393
0.40672 0.566144 0.0271361
0.490742 0.509158 9.9991E-05
0.480503 0.343313 0.176183
0.684045 0.257336 0.0586184
0.145099 0.706814 0.148088
0.250932 0.471158 0.27791
0.467095 0.320917 0.211988
0.344232 0.492151 0.163617
0.472533 0.343828 0.183639
0.240013 0.551249 0.208738
0.270955 0.506502 0.222543
0.207758 0.425515 0.366728
0.462404 0.469959 0.0676375
0.31137 0.427562 0.261069
0.867147 0.082936 0.0499175
0.31467 0.539687 0.145643
0.543464 0.350165 0.106371
0.632702 0.277914 0.0893847
9.9991E-05 0.768289 0.231611
0.324028 0.40182 0.274152
0.316183 0.431826 0.251991
9.9991E-05 0.00187654 0.998023
0.285734 0.677287 0.0369789
9.999E-05 0.9998 9.999E-05
0.224337 0.758863 0.0167994
0.448445 0.312483 0.239072
0.0735844 0.775596 0.15082
0.187226 0.49026 0.322514
0.712523 0.203573 0.0839037
0.254902 0.485186 0.259912
0.291196 0.2467 0.462104
0.592584 0.176266 0.23115
0.505558 0.232931 0.261511
0.745049 0.212479 0.0424724
0.240231 0.416795 0.342974
0.199456 0.502185 0.29836
0.20404 0.694911 0.10105
0.186194 0.424301 0.389505
0.234641 0.589162 0.176197
0.117452 0.739563 0.142985
0.464972 0.321586 0.213442
0.458851 0.30331 0.237838
0.124184 0.620898 0.254919
0.376367 0.546659 0.0769735
9.9991E-05 0.936378 0.0635218
0.714484 0.22529 0.0602259
0.050792 0.583673 0.365535
0.363251 0.591583 0.0451658
9.999E-05 9.999E-05 0.9998
0.66199 0.242074 0.0959358
0.114719 0.775315 0.109966
0.392347 0.39464 0.213013
0.128971 0.861145 0.00988406
0.268128 0.596782 0.135091
0.322015 0.677885 9.9991E-05
0.431438 0.459682 0.108881
0.0937442 0.105671 0.800584
0.202535 0.457592 0.339873
0.208036 0.508411 0.283552
9.999E-05 9.999E-05 0.9998
0.565526 0.279527 0.154947
0.876799 0.0326373 0.0905635
0.362325 0.438006 0.199669
0.589735 0.410165 9.9991E-05
0.245595 0.73001 0.0243947
0.194832 0.53571 0.269457
0.573134 0.209181 0.217685
0.226935 0.626308 0.146757
0.380414 0.519022 0.100564
0.534029 9.9991E-05 0.465871
0.550804 0.40334 0.0458559
0.0953271 0.217809 0.686863
0.19423 0.605012 0.200759
9.999E-05 9.999E-05 0.9998
0.502837 0.368867 0.128296
0.100904 0.824652 0.0744441
0.382157 0.407669 0.210174
0.500916 0.188338 0.310746
9.9991E-05 0.712214 0.287686
0.0153784 0.239777 0.744845
0.207069 0.352024 0.440907
0.585289 0.414611 9.9991E-05
0.329701 0.297436 0.372863
0.38016 0.436012 0.183828
0.731274 0.220006 0.04872
0.351898 0.358665 0.289437
0.445877 0.554023 9.9991E-05
0.432556 0.351225 0.216219
9.9991E-05 0.747638 0.252262
0.0488354 0.614942 0.336223
0.309212 0.19814 0.492648
0.388185 0.285738 0.326077
0.362146 0.496036 0.141818
0.638276 0.199712 0.162012
0.332447 0.667453 9.9991E-05
0.264218 0.674501 0.0612802
0.29868 0.572952 0.128368
0.208101 0.525684 0.266215
0.405605 0.473837 0.120558
0.896611 9.9991E-05 0.103289
0.559549 0.265322 0.175129
0.53626 0.278672 0.185068
0.0163747 0.72434 0.259286
0.052828 0.331881 0.615291
0.478692 0.396401 0.124906
9.999E-05 9.999E-05 0.9998
0.0254525 0.837223 0.137324
0.352105 0.647795 9.9991E-05
0.779596 0.116793 0.103612
0.198203 0.718364 0.0834337
0.251944 0.311471 0.436585
0.343905 0.453551 0.202544
0.484224 0.334322 0.181454
0.181106 0.432341 0.386553
0.205818 0.641555 0.152627
0.276241 0.584452 0.139307
9.999E-05 0.9998 9.999E-05
0.249218 0.396787 0.353995
0.364474 0.504418 0.131108
9.999E-05 9.999E-05 0.9998
0.125468 0.329466 0.545067
0.267715 0.732185 9.9991E-05
0.505196 0.427193 0.0676106
9.9991E-05 0.776574 0.223326
0.301252 0.698648 9.9991E-05
0.602379 0.35543 0.0421908
0.23727 0.722133 0.0405966
0.166913 0.513436 0.31965
0.57379 0.342676 0.0835339
0.480894 0.388867 0.130238
9.9991E-05 0.605551 0.394349
0.589914 0.409986 9.9991E-05
0.147951 0.624143 0.227906
0.433059 0.308472 0.258469
0.475187 0.495376 0.0294377
0.699503 0.300397 9.9991E-05
0.9998 9.999E-05 9.999E-05
0.572646 0.223402 0.203952
0.548044 0.122561 0.329395
0.3073 0.270016 0.422683
0.195427 0.748346 0.056227
0.0788 0.736816 0.184384
0.333633 0.558566 0.1078
0.9998 9.999E-05 9.999E-05
0.176961 0.576598 0.246441
0.472462 0.395376 0.132162
9.9991E-05 0.828433 0.171467
0.189231 0.611438 0.199331
