0.0178861 9.9973E-05 9.9973E-05 9.9973E-05 0.850582 0.107245 0.0239869
0.0738818 0.188408 0.35403 0.0324594 0.265413 0.0857077 9.9991E-05
0.0772195 0.172982 0.20477 0.0229257 0.29811 0.160045 0.0639473
0.0107291 0.443266 0.0538035 0.0305246 0.227527 0.153301 0.0808483
0.105858 0.348691 0.121907 0.0223194 0.151155 0.0462471 0.203822
0.0845419 0.632615 0.0811214 0.0234059 9.9991E-05 0.0905827 0.0876333
9.999E-05 0.245938 0.0377738 0.0228356 0.424354 0.139204 0.129794
0.114426 0.0104942 0.40984 9.9991E-05 0.330331 0.0823064 0.0525022
0.0761821 0.0990703 0.00219029 0.0646775 0.279261 0.420452 0.0581666
0.145939 9.9982E-05 9.9982E-05 0.205776 0.160046 0.391539 0.0964995
0.152944 0.00388179 0.187227 0.0657633 0.173361 0.311033 0.10579
0.0138618 0.295567 9.9991E-05 0.0818176 0.113594 0.483507 0.0115523
0.112072 0.402976 0.0946339 0.017544 0.0763382 0.124467 0.171969
0.140564 0.181858 0.183927 0.130591 0.278874 9.9991E-05 0.0840855
0.108899 9.9973E-05 0.76005 9.9973E-05 0.0496746 9.9973E-05 0.081077
0.0317437 9.9991E-05 0.509853 0.162577 0.135188 0.0665393 0.0939985
0.168337 9.9973E-05 0.707862 0.0765897 9.9973E-05 9.9973E-05 0.0469112
0.0259509 0.167612 9.9982E-05 0.234654 0.355599 9.9982E-05 0.215984
9.999E-05 0.266754 0.0794003 0.00857933 0.213181 0.332303 0.099683
0.0888952 0.420914 0.0277333 0.110546 0.226228 0.0245881 0.101096
0.0811621 0.149547 0.0457477 9.9991E-05 0.358269 0.177793 0.187381
0.137776 0.0258561 0.371773 9.9991E-05 0.315315 0.111779 0.0374005
0.0382023 0.342303 0.0344857 0.00849713 0.12455 0.215089 0.236872
9.9982E-05 0.581137 0.104283 0.11438 0.189195 0.0108057 9.9982E-05
0.250338 9.9982E-05 0.135577 9.9982E-05 0.0750971 0.405281 0.133508
0.0467749 0.230939 0.101947 0.175654 0.389776 0.0486783 0.00623198
0.199373 0.136296 0.269426 0.111501 0.244248 9.9991E-05 0.0390569
0.104889 0.170358 0.143977 0.123992 0.406968 9.9991E-05 0.0497169
0.10084 0.200866 0.157561 0.212986 0.257099 0.0544626 0.0161855
0.0232229 0.112937 0.0877986 0.601749 0.119321 9.9991E-05 0.0548712
9.9982E-05 0.314919 0.144047 0.0656852 9.9982E-05 0.393574 0.0815752
0.0310636 0.0474024 9.9982E-05 9.9982E-05 0.2097 0.692088 0.0195468
9.9982E-05 0.42825 0.171257 0.0708773 0.19903 9.9982E-05 0.130386
0.0968158 0.576622 0.167553 9.9973E-05 9.9973E-05 9.9973E-05 0.158709
0.136846 0.384202 0.0114342 0.0164687 0.181432 0.12685 0.142767
9.995E-05 9.995E-05 9.995E-05 9.995E-05 0.9994 9.995E-05 9.995E-05
0.206628 0.536822 0.00132431 9.9982E-05 0.205848 9.9982E-05 0.0491769
0.104457 9.9991E-05 0.0351601 0.0201398 0.531497 0.279099 0.0295468
0.161794 0.354657 0.222078 0.142402 9.9991E-05 0.0441445 0.0748247
0.0550021 0.308422 0.255367 0.0130757 0.0712217 0.177707 0.119204
0.114937 0.489141 0.270233 0.020425 0.0772594 9.9991E-05 0.0279043
0.0844774 0.41124 0.25029 0.0680194 0.0835936 9.9991E-05 0.10228
0.104176 0.28021 0.219048 0.0420793 0.273868 9.9991E-05 0.0805198
9.9973E-05 0.350747 9.9973E-05 0.0997305 0.283881 0.265341 9.9973E-05
0.0126808 9.9991E-05 0.0662737 0.0375345 0.185858 0.602315 0.095239
0.154724 0.345806 0.051651 9.9991E-05 0.209841 0.188027 0.0498514
0.00289658 0.350037 0.30982 0.0198639 0.143502 0.0553133 0.118568
9.9982E-05 0.466289 0.152432 0.114655 9.9982E-05 0.196067 0.070357
0.0451617 0.149268 0.33899 0.0967491 0.141039 0.197465 0.0313285
9.9982E-05 9.9982E-05 0.449783 0.0693368 0.113877 0.318998 0.0478055
0.0258374 9.9991E-05 0.227071 0.0319968 0.359567 0.195539 0.15989
0.0165669 0.0743398 0.0143421 0.111245 0.127233 0.483076 0.173197
0.00438796 0.290121 0.51303 0.154246 9.9982E-05 0.0380147 9.9982E-05
0.274851 0.0761698 0.329674 0.14376 0.151964 9.9991E-05 0.023482
9.9973E-05 0.116186 0.052418 0.131291 9.9973E-05 0.699805 9.9973E-05
0.0162708 0.317641 0.143269 0.0156159 0.293502 0.102276 0.111425
9.99641E-05 9.99641E-05 0.0446771 9.99641E-05 9.99641E-05 0.939609 0.0153144
0.0699389 0.22699 9.9991E-05 0.15948 0.111301 0.431591 0.000597612
0.102097 0.158464 0.280794 0.0681105 9.9991E-05 0.302756 0.0876773
0.137713 0.120251 0.0174577 9.9991E-05 0.126301 0.504016 0.0941611
9.9955E-05 0.967368 9.9955E-05 9.9955E-05 9.9955E-05 9.9955E-05 0.0321324
0.0684441 0.48972 0.167506 0.0253361 0.00163694 0.0577221 0.189635
9.9991E-05 0.232056 0.245367 0.0387496 0.389614 0.001475 0.0926385
9.9964E-05 9.9964E-05 9.9964E-05 0.883041 0.060741 9.9964E-05 0.0558184
0.13722 0.0365367 0.18536 9.9973E-05 0.640583 9.9973E-05 9.9973E-05
9.9964E-05 9.9964E-05 0.0494938 9.9964E-05 0.905882 9.9964E-05 0.0442246
0.0485191 0.400159 9.9982E-05 9.9982E-05 0.369904 0.0997414 0.0814764
9.9991E-05 0.342169 0.222652 0.091081 0.0992787 0.136468 0.108251
9.9973E-05 0.357571 0.0863515 0.0716094 0.484168 9.9973E-05 9.9973E-05
0.109071 0.10957 0.287036 0.0984464 0.28687 0.0187283 0.090278
0.130062 0.14446 9.9982E-05 0.0731063 9.9982E-05 0.560703 0.0914693
0.0751362 9.9982E-05 0.441094 0.0531035 0.372177 9.9982E-05 0.058289
0.042657 0.259903 0.242757 0.173743 0.116472 0.000225208 0.164243
0.0441345 0.210466 0.474868 0.117389 9.9982E-05 0.152942 9.9982E-05
0.265766 0.0266706 0.296775 0.167504 0.232692 9.9991E-05 0.0104919
0.105901 0.0717703 0.27134 9.9982E-05 9.9982E-05 0.447371 0.103417
0.0821195 0.479399 9.9991E-05 0.129139 0.06682 0.0972692 0.145154
0.107104 0.774453 0.0141912 9.9973E-05 9.9973E-05 9.9973E-05 0.103952
0.0157752 0.983124 0.000701412 9.9964E-05 9.9964E-05 9.9964E-05 9.9964E-05
0.0355213 0.733684 9.9982E-05 0.0906035 0.0213881 9.9982E-05 0.118603
0.0366873 0.361255 0.10865 0.0255921 0.181025 0.167147 0.119644
0.0702944 0.41252 9.9991E-05 0.0611813 0.224025 0.127592 0.104287
0.0684657 0.33554 0.0346476 0.163468 0.0365035 0.341023 0.0203515
0.0445353 0.199625 0.35618 0.0953394 9.9991E-05 0.249688 0.0545329
0.0189467 0.619123 9.9991E-05 0.0522323 0.121637 0.103033 0.0849283
0.0609072 0.272509 9.9982E-05 9.9982E-05 0.241925 0.40584 0.0186184
9.9991E-05 0.103342 0.0243352 0.0139048 0.783453 0.022896 0.051969
0.0956925 0.0207841 0.0537779 9.9982E-05 9.9982E-05 0.656436 0.17311
0.103082 9.9982E-05 0.212622 0.176438 0.414274 9.9982E-05 0.0933841
9.9973E-05 9.9973E-05 0.00787365 9.9973E-05 0.456547 0.460148 0.075131
9.995E-05 9.995E-05 9.995E-05 0.9994 9.995E-05 9.995E-05 9.995E-05
0.14567 0.0358708 0.194527 0.0320067 0.103214 0.400733 0.0879786
9.9982E-05 0.650685 0.117163 9.9982E-05 0.0553661 0.0330269 0.143559
9.9991E-05 0.036627 0.658342 0.136537 0.0558338 0.0301709 0.0823888
0.0111676 0.748879 0.068765 9.9982E-05 0.0869131 9.9982E-05 0.0840752
0.0187085 0.563471 0.104749 0.142187 0.170683 9.9982E-05 9.9982E-05
0.0360852 0.0719907 0.152865 9.9982E-05 0.457199 0.28166 9.9982E-05
0.114807 0.443505 9.9982E-05 9.9982E-05 0.0966013 0.267182 0.0777046
9.9982E-05 0.162957 0.0153747 0.472273 0.192291 9.9982E-05 0.156905
9.9982E-05 0.285551 0.221778 0.335257 0.109662 0.0475517 9.9982E-05
9.9991E-05 0.23343 0.113194 0.224844 0.247508 0.131309 0.049615
9.995E-05 9.995E-05 9.995E-05 0.9994 9.995E-05 9.995E-05 9.995E-05
0.155181 0.203134 0.372299 0.0353873 0.0667947 0.0934737 0.0737299
0.9994 9.995E-05 9.995E-05 9.995E-05 9.995E-05 9.995E-05 9.995E-05
0.0998242 0.0410023 0.29433 0.0404022 0.108225 0.347447 0.0687699
0.0434359 0.00368956 0.494602 9.9991E-05 0.132695 0.305027 0.0204506
0.0111677 0.0335817 0.314107 0.079366 0.192634 0.302765 0.066378
0.0155071 0.178175 0.316417 9.9991E-05 0.156102 0.303933 0.029767
0.0817014 0.295957 0.291172 0.139581 9.9991E-05 0.106075 0.0854139
9.9991E-05 0.142497 0.119473 0.00463114 0.446049 0.223697 0.0635533
0.136533 0.399899 0.178673 9.9982E-05 0.168693 9.9982E-05 0.116002
0.00761065 0.234098 9.9982E-05 0.223312 9.9982E-05 0.362464 0.172315
0.0523374 0.36718 0.179458 0.0387374 9.9991E-05 0.290263 0.0719241
0.0434202 0.344968 0.0177822 0.505548 0.0337799 9.9991E-05 0.0544023
0.0226719 0.367464 0.247488 0.088155 0.27058 9.9991E-05 0.00354126
9.9955E-05 9.9955E-05 9.9955E-05 0.986587 9.9955E-05 0.0129128 9.9955E-05
0.235588 0.0928522 0.235032 0.0179729 0.209963 0.208492 9.9991E-05
0.0379133 0.158652 0.0609544 9.9991E-05 0.595345 0.0273189 0.119716
9.9973E-05 0.471696 9.9973E-05 0.17326 9.9973E-05 0.280272 0.0744728
0.0922461 9.9982E-05 9.9982E-05 0.184262 0.226572 0.310368 0.186351
0.0275137 0.513664 0.0651882 0.0936572 0.158618 9.9991E-05 0.141259
0.0397487 0.298708 9.9982E-05 0.455416 0.0304424 9.9982E-05 0.175485
0.0500259 0.432798 9.9991E-05 0.217197 0.0763696 0.119176 0.104333
0.0866681 0.310575 0.35779 9.9982E-05 9.9982E-05 0.197206 0.0475611
0.024603 0.307097 9.9982E-05 0.155046 9.9982E-05 0.379787 0.133267
9.9991E-05 0.332869 0.423225 0.0766125 0.0127853 0.0892535 0.0651553
0.0108113 9.9982E-05 0.433318 9.9982E-05 0.152709 0.333984 0.0689774
0.0605567 0.308152 9.9991E-05 0.14974 0.188832 0.267046 0.0255728
0.0136879 0.354465 9.9973E-05 9.9973E-05 9.9973E-05 0.575643 0.0559048
0.0629801 9.9991E-05 0.0282736 0.13572 0.355655 0.35697 0.0603009
0.0379495 0.0182377 9.9982E-05 0.0495608 0.780308 9.9982E-05 0.113744
0.0752068 0.587622 0.104153 0.0797819 0.0670408 9.9991E-05 0.0860964
9.9991E-05 0.241933 0.0457033 0.328317 0.0761023 0.251037 0.0568075
0.0364814 0.24976 0.433472 0.150351 9.9982E-05 9.9982E-05 0.129736
0.0695429 0.337769 9.9982E-05 0.0363429 0.424355 0.13179 9.9982E-05
0.0566823 0.216929 9.9982E-05 9.9982E-05 0.0659882 0.478861 0.181339
9.9955E-05 9.9955E-05 0.98637 9.9955E-05 9.9955E-05 0.01313 9.9955E-05
9.995E-05 9.995E-05 0.9994 9.995E-05 9.995E-05 9.995E-05 9.995E-05
0.0359474 0.0712102 0.0535459 0.0652799 0.318056 0.299048 0.156913
0.144543 0.595694 9.9982E-05 0.0279114 0.17248 9.9982E-05 0.0591717
0.183185 0.349996 0.0181122 0.0587363 0.121668 0.149771 0.118532
0.0775053 0.0749832 0.418757 9.9982E-05 9.9982E-05 0.25328 0.175275
0.0621438 0.525313 9.9982E-05 0.049609 9.9982E-05 0.292658 0.0700763
0.0347303 9.9982E-05 9.9982E-05 0.0379919 0.415876 0.439403 0.071799
0.085983 0.428917 0.0931559 0.0924756 0.15599 9.9991E-05 0.143378
0.0265827 0.169357 0.128748 0.388033 0.152374 9.9991E-05 0.134805
0.0941059 0.18114 0.349006 9.9991E-05 0.294475 0.0510074 0.0301654
9.995E-05 9.995E-05 9.995E-05 9.995E-05 9.995E-05 9.995E-05 0.9994
0.120949 0.289597 9.9973E-05 9.9973E-05 0.507384 9.9973E-05 0.0817699
0.237158 0.454117 0.147318 9.9991E-05 0.122871 0.0146071 0.0238293
0.0187399 0.351557 9.9982E-05 0.0323471 9.9982E-05 0.542348 0.054809
0.223703 0.367763 0.0575837 9.9991E-05 0.0568688 0.187645 0.106337
0.181419 0.0934863 0.046184 0.0940405 0.16637 0.214444 0.204056
0.0586028 0.50316 0.220718 0.115658 0.0242708 0.00693879 0.0706509
9.9991E-05 0.197061 0.145719 0.049181 0.124578 0.397258 0.0861019
0.0546252 0.0121852 0.341809 0.222422 0.264531 9.9991E-05 0.104327
9.9973E-05 0.40996 9.9973E-05 9.9973E-05 0.210899 0.280939 0.0979019
0.0992457 0.292263 0.0656658 0.137817 0.284752 0.00364469 0.116611
9.9964E-05 0.0178326 9.9964E-05 0.129013 0.852755 9.9964E-05 9.9964E-05
9.9991E-05 0.271778 0.226925 0.127004 0.307216 0.013753 0.053225
0.0960493 0.170924 0.133056 9.9991E-05 0.433719 0.0209452 0.145206
9.995E-05 9.995E-05 9.995E-05 9.995E-05 9.995E-05 9.995E-05 0.9994
0.0109605 0.11869 0.308549 9.9982E-05 0.0292629 9.9982E-05 0.532338
0.0902703 0.285937 0.438385 0.0260819 0.159126 9.99883E-05 9.99883E-05
0.0635034 0.0737327 0.0743763 0.0775434 0.147715 0.467564 0.0955653
0.0850933 0.121912 9.9982E-05 0.0161388 0.709314 9.9982E-05 0.0673421
0.0308504 0.288307 0.176 9.9991E-05 0.299909 0.123156 0.0816774
0.0366151 0.251271 0.263655 9.9991E-05 0.036624 0.21402 0.197714
9.9955E-05 9.9955E-05 0.994414 9.9955E-05 0.00508663 9.9955E-05 9.9955E-05
0.00106138 0.234655 0.192153 0.114546 0.279165 9.9991E-05 0.178319
9.9991E-05 0.353935 0.169134 0.0845223 0.0548385 0.328413 0.00905744
0.119711 9.9991E-05 0.253515 0.106296 0.0866618 0.37918 0.0545367
0.0224559 0.465166 9.9982E-05 0.211784 0.202486 9.9982E-05 0.0979087
0.0429928 9.9973E-05 0.434481 9.9973E-05 0.122313 0.399913 9.9973E-05
9.9982E-05 0.570059 0.132217 9.9982E-05 0.0848331 0.0547949 0.157896
0.0986375 0.514722 0.174796 0.0197696 9.9991E-05 0.184256 0.00771929
9.9982E-05 0.281392 0.127815 9.9982E-05 0.0546718 0.319377 0.216545
0.07287 9.9991E-05 0.115043 0.0779367 0.0562803 0.630298 0.0474727
0.991213 9.9955E-05 9.9955E-05 0.0082877 9.9955E-05 9.9955E-05 9.9955E-05
0.0881185 0.231253 0.196297 0.127605 0.0858176 0.270808 9.9991E-05
0.0890666 9.9973E-05 0.733628 0.155249 9.9973E-05 9.9973E-05 0.0217571
0.0769846 9.9991E-05 0.0848269 0.0647889 0.336929 0.22222 0.21415
0.0925819 0.175949 0.24638 9.9982E-05 0.427279 0.0576105 9.9982E-05
9.9982E-05 0.234733 0.0773555 0.155444 0.342443 0.189825 9.9982E-05
9.9982E-05 0.202853 0.22604 9.9982E-05 0.18778 0.308369 0.0747571
0.9994 9.995E-05 9.995E-05 9.995E-05 9.995E-05 9.995E-05 9.995E-05
9.9991E-05 0.305787 0.110023 0.0492411 0.077486 0.239444 0.217918
0.213537 9.9982E-05 0.232127 0.050394 0.384233 9.9982E-05 0.119509
9.9982E-05 0.517399 0.188798 0.00550131 0.255278 9.9982E-05 0.0328231
9.9991E-05 0.00602188 0.325751 0.0752873 0.373734 0.20959 0.00951577
