0.065549 0.934351 9.9991E-05
0.288525 0.605192 0.106283
0.0773256 0.734851 0.187823
0.242945 0.673014 0.0840408
0.346291 0.454454 0.199255
0.346951 0.58806 0.0649895
0.174176 0.696452 0.129372
0.328031 0.565132 0.106837
0.553275 0.24594 0.200785
0.595873 0.0928548 0.311272
0.801989 0.138152 0.0598595
0.5737 0.222131 0.204169
0.357657 0.460829 0.181515
0.253367 0.42776 0.318874
0.575342 0.126075 0.298582
0.315695 0.389488 0.294817
0.535558 0.1264 0.338042
0.20247 0.387862 0.409668
0.422552 0.396497 0.180951
0.156924 0.618885 0.224191
0.395191 0.55473 0.0500792
0.415123 0.404744 0.180133
0.222172 0.657852 0.119976
0.0539458 0.690758 0.255296
0.938232 9.9991E-05 0.0616684
0.268078 0.580255 0.151667
0.395541 0.198278 0.40618
0.261643 0.509579 0.228778
0.350423 0.559112 0.0904652
0.077131 0.258324 0.664545
0.723678 0.139253 0.137069
0.521371 0.376292 0.102337
0.167804 0.518767 0.313429
0.275589 0.64521 0.0792018
0.538381 0.326786 0.134833
9.9991E-05 0.894014 0.105886
0.219226 0.780674 9.9991E-05
0.62815 0.167634 0.204216
0.327487 0.438871 0.233642
0.414294 0.445924 0.139781
0.438683 0.373823 0.187494
0.199439 0.686993 0.113568
0.302189 0.672822 0.0249893
0.243147 0.755735 0.00111886
0.50144 0.18732 0.31124
0.619491 0.276209 0.1043
0.460624 0.41242 0.126955
0.34438 0.518873 0.136747
0.459804 0.343319 0.196877
0.329966 0.509315 0.160719
0.519387 0.10941 0.371204
0.266245 0.430332 0.303424
0.218824 0.539625 0.241551
0.440095 0.351701 0.208204
0.548362 0.191665 0.259973
0.347537 0.535915 0.116548
0.872676 0.102617 0.0247072
0.589243 0.360106 0.0506511
0.651963 0.347937 9.9991E-05
0.80901 0.179798 0.0111927
0.172422 0.719063 0.108515
0.354212 0.390128 0.25566
0.162344 0.677214 0.160442
9.999E-05 9.999E-05 0.9998
0.286778 0.713122 9.9991E-05
9.9991E-05 0.986384 0.0135165
0.248814 0.751086 9.9991E-05
0.478257 0.426526 0.0952177
0.0376102 0.84164 0.12075
0.360325 0.294376 0.345299
0.604759 0.247433 0.147808
0.313875 0.380446 0.305678
0.357026 0.3365 0.306474
0.514038 0.373193 0.112769
0.554021 0.202034 0.243945
0.623907 0.0915711 0.284522
0.314548 0.570406 0.115046
0.301315 0.637234 0.0614502
0.218503 0.781397 9.9991E-05
0.216586 0.485594 0.29782
0.296873 0.490965 0.212162
0.429011 0.440382 0.130607
0.352845 0.371869 0.275286
0.426468 0.279877 0.293655
0.0944613 0.692839 0.2127
0.585952 0.406547 0.00750094
9.9991E-05 0.852241 0.147659
0.803813 9.9991E-05 0.196087
0.260279 0.350447 0.389274
0.535241 0.464659 9.9991E-05
0.00686035 9.9991E-05 0.99304
0.642031 0.275996 0.0819727
0.259881 0.654722 0.0853974
0.194433 0.427843 0.377723
0.17648 0.82342 9.9991E-05
0.277337 0.661074 0.0615889
0.438048 0.460333 0.101619
0.459089 0.540811 9.9991E-05
0.287904 0.0982361 0.613859
0.169876 0.377368 0.452756
0.362892 0.370957 0.266151
9.999E-05 9.999E-05 0.9998
0.530919 0.228995 0.240086
0.968045 9.9991E-05 0.0318554
0.623307 0.209081 0.167612
0.532892 0.405878 0.0612294
0.298476 0.665495 0.0360289
0.442603 0.428793 0.128605
0.448818 0.21977 0.331412
0.375148 0.402633 0.22222
0.513586 0.440823 0.0455913
0.421893 0.275026 0.30308
0.366506 0.530607 0.102887
0.306711 0.258196 0.435092
0.319045 0.626875 0.0540805
9.9991E-05 0.0016376 0.998262
0.772679 0.213068 0.0142537
0.121055 0.806894 0.072051
0.390924 0.503371 0.105705
0.488172 0.140797 0.371031
0.196771 0.572362 0.230866
0.110799 0.301295 0.587906
0.163541 0.557647 0.278812
0.613864 0.386036 9.9991E-05
0.528218 0.173566 0.298216
0.501199 0.310094 0.188707
0.609114 0.248325 0.142561
0.324235 0.456227 0.219537
0.626796 0.372804 0.000400137
0.539491 0.196368 0.264141
9.9991E-05 0.962742 0.0371577
0.288229 0.615391 0.0963808
0.368034 0.364424 0.267542
0.251033 0.473731 0.275236
0.409868 0.572707 0.0174242
0.755575 0.0467823 0.197643
0.580928 0.366192 0.0528798
0.26698 0.442559 0.290461
0.409129 0.392788 0.198083
0.402057 0.528531 0.0694116
0.551057 0.314889 0.134054
0.744673 0.0593166 0.19601
0.450654 0.355075 0.19427
0.400193 0.459865 0.139941
0.144629 0.611467 0.243904
9.9991E-05 0.388034 0.611866
0.500234 0.457169 0.0425971
9.999E-05 9.999E-05 0.9998
0.188739 0.768151 0.0431094
0.250735 0.749165 9.9991E-05
0.689447 0.123349 0.187203
0.487292 0.361293 0.151415
0.377218 0.409055 0.213727
0.41166 0.396421 0.191919
0.555183 0.210786 0.234031
0.276267 0.366678 0.357055
0.364289 0.635611 9.9991E-05
0.373103 0.380368 0.24653
9.999E-05 0.9998 9.999E-05
0.350162 0.415398 0.23444
0.368355 0.587678 0.0439673
9.999E-05 9.999E-05 0.9998
0.512339 0.0796666 0.407994
0.341157 0.64493 0.0139127
0.401984 0.442457 0.15556
9.9991E-05 0.823774 0.176126
0.279602 0.677396 0.0430018
0.510183 0.397766 0.0920505
0.276026 0.542467 0.181507
0.163624 0.513958 0.322418
0.504206 0.333608 0.162186
0.403325 0.348559 0.248116
0.127604 0.44263 0.429766
0.58066 0.39486 0.0244797
0.109966 0.704509 0.185524
0.446706 0.553194 9.9991E-05
0.736511 0.237176 0.0263129
0.548296 0.334641 0.117062
0.9998 9.999E-05 9.999E-05
0.521251 0.381358 0.0973907
0.487746 9.9991E-05 0.512154
0.349453 0.294433 0.356114
0.351763 0.598829 0.0494082
0.157889 0.671166 0.170945
0.310897 0.594138 0.0949651
0.9998 9.999E-05 9.999E-05
0.361674 0.38242 0.255905
0.425314 0.381282 0.193404
0.170933 0.739184 0.0898828
0.249709 0.363147 0.387144
