0.209788 0.511794 9.9991E-05 0.278317
0.248478 0.584003 0.167419 9.9991E-05
0.231207 0.594477 0.0120535 0.162262
0.0785305 0.861668 0.0597012 9.9991E-05
0.03237 0.551697 0.0939174 0.322015
0.121628 0.548802 9.9991E-05 0.32947
0.103736 0.424895 0.0516022 0.419767
0.261685 0.437174 0.0223436 0.278797
0.255196 0.239025 0.177084 0.328695
0.530428 0.0652966 0.102786 0.301489
0.763993 0.0841118 0.0497415 0.102153
0.200786 0.0260386 0.272808 0.500368
0.0221103 0.377283 0.131667 0.46894
0.198358 0.095979 0.123739 0.581924
0.217802 9.9982E-05 9.9982E-05 0.781998
0.230349 0.268641 0.129368 0.371643
0.361523 9.9991E-05 0.023851 0.614527
0.186659 0.323795 0.127514 0.362033
0.102023 0.445481 0.00151267 0.450982
0.296049 0.636472 0.0644163 0.00306309
0.300823 0.397652 9.9991E-05 0.301426
0.24596 0.386708 9.9991E-05 0.367232
0.0606372 0.440221 0.0698713 0.429271
9.9991E-05 0.485148 0.235802 0.27895
0.669255 9.9982E-05 9.9982E-05 0.330545
0.131663 0.478289 0.0194219 0.370626
0.431754 0.0562685 0.214799 0.297178
0.283789 0.275388 0.157417 0.283406
0.23852 0.526837 0.150064 0.0845794
0.00431964 0.258479 0.642435 0.0947658
0.408167 0.220181 0.188186 0.183467
0.598532 0.277045 0.124322 9.9991E-05
9.9991E-05 0.463899 0.16179 0.374211
0.212423 0.529653 0.0196043 0.238319
0.211479 0.178624 9.9991E-05 0.609797
9.9991E-05 0.319282 0.0084865 0.672132
0.161934 0.761279 9.9991E-05 0.0766869
0.578221 9.9991E-05 0.0336253 0.388054
0.111975 0.301301 0.182104 0.40462
0.331784 0.345339 0.100851 0.222026
0.320493 0.330846 0.172129 0.176532
0.120578 0.617832 0.0367289 0.224861
0.155605 0.741207 0.0835925 0.0195957
0.0731775 0.726381 0.200342 9.9991E-05
0.475294 0.0398969 0.186118 0.298691
0.421811 0.369455 0.0631335 0.145601
0.177307 0.419053 0.245502 0.158138
0.0525723 0.784547 0.0739765 0.0889039
0.393799 0.245639 0.181255 0.179307
0.130366 0.50031 0.173016 0.196308
0.392336 9.9991E-05 0.0778843 0.529679
0.224666 0.329448 0.183521 0.262365
0.35796 0.337097 0.164936 0.140008
0.292911 0.304729 0.069542 0.332819
0.460574 0.130458 0.408868 9.9991E-05
0.0882104 0.629044 9.9991E-05 0.282645
0.564336 0.282822 0.152742 9.9991E-05
0.230344 0.410695 0.194563 0.164398
0.421719 0.195913 0.232177 0.150191
0.624294 0.111491 0.031061 0.233155
9.9991E-05 0.852259 0.043768 0.103873
0.229563 0.257048 9.9991E-05 0.513289
9.9982E-05 0.588162 9.9982E-05 0.411638
9.9982E-05 9.9982E-05 0.968707 0.0310926
0.334229 0.503064 0.0288138 0.133893
9.9982E-05 0.675197 9.9982E-05 0.324603
0.0506395 0.632363 0.0640455 0.252952
0.176845 0.408692 0.030091 0.384373
9.9982E-05 0.558525 9.9982E-05 0.441275
0.270102 0.402836 0.0876739 0.239388
0.589343 0.134324 0.219537 0.056796
0.1127 0.29243 0.0485835 0.546287
0.14144 0.275836 0.117713 0.465012
0.275324 0.472729 0.170315 0.0816317
0.59448 9.9991E-05 0.110792 0.294628
0.716731 9.9991E-05 0.22612 0.0570489
0.0326289 0.616989 0.00256936 0.347812
0.0913785 0.88936 0.0191617 9.9991E-05
0.077771 0.864148 9.9991E-05 0.0579809
0.0729656 0.533337 0.144743 0.248954
0.217152 0.51639 0.0348812 0.231576
0.0762105 0.615693 9.9991E-05 0.307997
0.224334 0.340216 0.314805 0.120645
0.310221 0.236195 0.208757 0.244827
0.0399882 0.496036 0.0914646 0.372511
0.508858 0.465369 0.0256737 9.9991E-05
9.9982E-05 0.499284 9.9982E-05 0.500516
0.409062 0.201512 0.0772081 0.312218
0.266265 0.0921298 0.153242 0.488363
0.355766 0.318412 9.9991E-05 0.325722
9.9982E-05 9.9982E-05 0.993243 0.00655728
0.365232 0.109604 0.0506578 0.474507
9.9982E-05 0.728884 9.9982E-05 0.270916
0.0961903 0.207658 0.15222 0.543931
0.00612336 0.92162 9.9991E-05 0.0721568
0.0312015 0.856254 0.0932255 0.0193194
0.373063 0.40753 0.121736 0.0976707
0.352469 0.637114 9.9991E-05 0.010317
9.9991E-05 0.115066 0.345548 0.539286
0.00703361 0.324849 0.351326 0.316791
0.165991 0.325604 0.12946 0.378944
9.998E-05 9.998E-05 0.9997 9.998E-05
0.234321 0.259686 0.104301 0.401692
0.9997 9.998E-05 9.998E-05 9.998E-05
0.34401 0.193931 0.136569 0.325491
0.281949 0.613941 0.0510924 0.0530178
0.243516 0.405505 0.00943982 0.341539
0.0839245 0.543685 0.151406 0.220985
0.328128 0.109352 0.250765 0.311755
0.280157 0.339232 0.0342801 0.34633
0.287232 0.487671 9.9991E-05 0.224997
0.211347 0.197052 0.290217 0.301384
0.291285 0.560199 0.148416 9.9991E-05
0.0586707 0.150076 0.288385 0.502868
0.102181 0.716675 0.06327 0.117875
9.998E-05 9.998E-05 0.9997 9.998E-05
0.472239 0.355545 9.9991E-05 0.172116
0.24297 0.473563 0.00776411 0.275703
0.138504 0.669403 9.9991E-05 0.191993
0.323515 0.114987 9.9991E-05 0.561397
0.150527 0.510128 9.9991E-05 0.339245
9.9991E-05 0.0804976 0.251679 0.667724
0.182833 0.337642 0.285837 0.193688
0.357033 0.545075 9.9991E-05 0.0977926
0.0503293 0.35284 0.251877 0.344954
0.127049 0.270478 0.0904581 0.512014
0.379782 0.486668 0.0208125 0.112738
0.274238 0.512901 0.156564 0.0562965
0.378496 0.369789 0.0747016 0.177013
0.369453 0.0916481 0.150254 0.388645
9.9982E-05 0.592036 9.9982E-05 0.407764
9.9991E-05 0.83691 0.0186538 0.144336
0.124917 0.372762 0.371594 0.130727
0.20332 0.405424 0.132325 0.258931
0.230563 0.557089 0.0902709 0.122077
0.461048 0.190082 0.0802071 0.268663
0.541159 0.414169 0.0445721 9.9991E-05
0.597804 0.241996 0.1601 9.9991E-05
0.193318 0.521287 0.144431 0.140964
0.203041 0.522041 0.0329352 0.241982
0.1769 0.509886 0.129549 0.183665
0.503911 0.143559 9.9991E-05 0.35243
0.289751 0.48518 0.179012 0.046057
0.401746 0.200027 0.126349 0.271878
0.0644408 0.59031 0.0476975 0.297551
9.9991E-05 0.239025 0.277705 0.483171
0.196055 0.429226 9.9991E-05 0.374619
9.998E-05 9.998E-05 9.998E-05 0.9997
0.230788 0.389575 9.9991E-05 0.379537
0.132535 0.833608 9.9991E-05 0.0337576
0.400056 0.00959825 0.281194 0.309151
0.296491 0.473812 9.9991E-05 0.229598
0.301744 0.217576 0.211785 0.268894
0.285211 0.292233 0.122575 0.299981
0.240979 0.201315 0.139406 0.418301
0.107835 0.344415 0.187623 0.360128
0.205671 0.657158 0.0264489 0.110722
0.119732 0.421992 0.108584 0.349692
9.9982E-05 0.883148 0.116652 9.9982E-05
0.191594 0.39027 0.17685 0.241287
0.175907 0.358503 9.9991E-05 0.46549
9.998E-05 9.998E-05 9.998E-05 0.9997
0.0903056 9.9982E-05 9.9982E-05 0.909494
0.211269 0.666165 0.122466 9.9991E-05
0.28316 0.526999 0.0440057 0.145835
9.9991E-05 0.57502 0.0250824 0.399798
0.296716 0.502201 0.00575689 0.195326
0.377018 0.37182 0.00355922 0.247602
0.713616 0.11346 9.9991E-05 0.172824
9.9991E-05 0.292817 0.00713504 0.699948
0.382591 0.212228 0.290187 0.114994
0.492817 0.264619 0.142593 0.099971
9.9991E-05 0.402329 0.194721 0.40285
0.837054 0.0217686 0.102308 0.0388687
0.162065 0.504754 9.9991E-05 0.333081
0.250738 0.468146 0.118978 0.162137
0.251594 0.337864 9.9991E-05 0.410442
0.467012 0.384902 0.0710656 0.0770206
0.9997 9.998E-05 9.998E-05 9.998E-05
0.328517 0.516562 0.154822 9.9991E-05
0.184285 9.9991E-05 0.0349517 0.780663
0.0835295 0.150806 0.0730852 0.692579
0.475994 0.276078 0.102067 0.145861
9.9991E-05 0.728432 0.18673 0.0847384
0.208469 0.415608 0.0255133 0.350409
0.9997 9.998E-05 9.998E-05 9.998E-05
0.0618062 0.58759 0.0357896 0.314815
0.312163 0.166365 0.111064 0.410407
9.9991E-05 0.712727 0.0195844 0.267589
0.264505 0.173971 0.191734 0.36979
