0.712809 0.0602074 0.0786257 0.0390558 0.0210439 0.0882583
0.204391 0.462113 0.038512 0.143805 0.0867547 0.0644237
0.355321 0.185453 9.9991E-05 0.292149 0.0623134 0.104664
0.53005 0.110417 0.10929 9.9991E-05 0.132324 0.117819
0.259887 0.177839 0.102127 0.0961448 0.0418358 0.322166
0.128213 0.288218 0.110909 0.230272 9.9991E-05 0.242287
0.371239 0.0116035 0.0133863 0.266732 0.088669 0.24837
0.491513 0.302686 0.0300443 9.9991E-05 0.0230426 0.152614
0.103555 0.108951 0.0343175 0.518088 9.9991E-05 0.234989
0.181733 0.0251846 0.288736 0.197414 0.182394 0.124538
0.0538308 0.0212884 0.256042 0.40058 9.9991E-05 0.268158
9.9973E-05 9.9973E-05 9.9973E-05 0.776016 0.0949385 0.128746
0.114386 9.9991E-05 0.0599086 0.284175 0.152371 0.38906
0.207281 0.0603331 0.0949874 0.231048 0.124501 0.281849
0.0988046 0.555509 0.0659323 0.0595645 9.9991E-05 0.22009
0.167785 0.44087 0.0145705 9.9991E-05 0.106524 0.27015
0.0293313 0.497367 0.267021 9.9991E-05 0.0734896 0.132691
0.281939 0.0783748 0.0212939 0.066166 0.182063 0.370163
0.332335 0.0233842 0.00540418 0.336323 0.0251949 0.277359
0.229919 0.208438 0.0747643 0.0923978 0.157739 0.236742
0.331413 0.0211601 0.0737725 0.181515 0.0213032 0.370836
0.41366 0.141173 0.0463326 0.249049 9.9991E-05 0.149686
0.0570485 0.320593 0.0374447 0.264716 0.0449696 0.275227
0.209566 0.231822 0.00540379 0.146333 0.232225 0.17465
0.023377 9.9991E-05 0.273274 0.382532 0.0161548 0.304562
0.540103 0.122259 0.119914 9.9991E-05 0.121969 0.0956548
0.134668 0.318753 0.0970245 0.152434 0.167048 0.130073
0.307841 0.0849567 0.0901286 0.173372 0.265806 0.077896
0.303297 0.238761 0.113375 0.136583 0.106695 0.101289
9.9982E-05 0.111454 0.0159396 9.9982E-05 0.683531 0.188875
9.999E-05 0.109142 0.104139 0.392157 0.0191348 0.375328
0.118644 9.9991E-05 0.0709177 0.696473 0.101726 0.0121389
0.245411 0.271232 9.9991E-05 0.0464762 0.191961 0.244821
0.190245 0.28418 0.0592559 0.145075 0.0307755 0.290469
0.236766 0.0125824 0.138653 0.154614 0.125098 0.332286
0.805652 9.9964E-05 9.9964E-05 9.9964E-05 9.9964E-05 0.193948
0.416507 0.2168 0.215955 9.9991E-05 0.0528484 0.0977885
0.320684 9.9991E-05 0.195705 0.187093 0.242776 0.0536424
0.133177 0.28496 0.222577 0.0634183 0.0843055 0.211563
0.262711 0.237739 0.108409 0.155448 9.9991E-05 0.235593
0.0810815 0.275044 0.103319 0.380307 0.117816 0.0424317
0.257726 0.433831 0.233772 9.9991E-05 0.00654449 0.0680265
0.361129 0.289807 0.152808 0.00827539 0.0921223 0.0958591
0.536834 9.9973E-05 9.9973E-05 0.31628 0.146586 9.9973E-05
0.0195609 0.122624 0.0037778 0.566146 0.171096 0.116795
0.182562 9.9982E-05 0.237948 0.393419 9.9982E-05 0.185871
0.198237 0.0827459 9.9982E-05 0.480316 9.9982E-05 0.238501
0.202578 0.388537 0.0606887 0.243498 0.0438198 0.0608774
0.0370102 0.132657 9.9991E-05 0.4818 0.239561 0.108872
0.448373 0.326354 9.9982E-05 9.9982E-05 0.11031 0.114764
0.214144 9.9991E-05 0.103218 0.209825 0.168312 0.304401
0.162055 0.171496 0.0428733 0.234586 0.0197566 0.369233
0.0413164 0.808946 0.0725943 0.0256337 0.0514094 9.9991E-05
0.180393 0.282286 0.188292 0.0121725 0.0527843 0.284072
9.9982E-05 0.118928 9.9982E-05 0.67593 0.182395 0.0225467
0.422469 0.150763 0.105737 9.9982E-05 9.9982E-05 0.320831
0.0401638 0.156395 0.0675472 0.735694 9.99821E-05 9.99821E-05
0.197329 9.9982E-05 9.9982E-05 0.548045 0.120938 0.133489
9.9991E-05 0.214432 0.0668264 0.353436 0.0779671 0.287238
0.228461 0.0607865 0.103543 0.439989 0.0195146 0.147706
0.301192 0.303194 0.0370595 0.0574697 0.0745024 0.226583
0.132356 0.209502 0.125666 0.0582607 0.0661556 0.40806
0.290659 0.297032 9.9991E-05 0.197685 0.00398485 0.210539
9.9964E-05 9.9964E-05 9.9964E-05 9.9964E-05 0.886466 0.113134
0.676026 0.140495 0.183179 9.9973E-05 9.9973E-05 9.9973E-05
0.800432 0.0943306 0.000138723 9.9982E-05 9.9982E-05 0.104899
0.460158 0.04776 0.144773 0.267708 0.0348563 0.0447454
0.176268 0.0899202 0.0370463 0.337815 0.0811761 0.277774
0.475251 9.9982E-05 9.9982E-05 0.0419658 0.117311 0.365273
0.183366 0.360584 0.0494802 9.9991E-05 0.0986102 0.30786
9.9982E-05 9.9982E-05 0.180981 0.462054 0.139608 0.217157
0.451839 0.361017 0.0388935 9.9991E-05 0.0647841 0.0833665
0.260788 0.159825 0.0384596 0.205552 0.0640294 0.271346
9.9991E-05 0.420794 0.0707836 0.39363 0.0585909 0.0561011
0.1508 0.257291 0.199529 0.192321 0.199959 9.9991E-05
9.9991E-05 0.446886 0.130993 0.363852 0.040913 0.0172557
0.0991321 0.314596 0.0117334 0.31487 9.9991E-05 0.259568
0.212953 0.222735 0.126979 0.140774 0.0504097 0.246149
0.443371 0.245956 0.119156 0.00159324 0.0342834 0.15564
0.0912287 0.250661 0.0424458 0.207218 0.14628 0.262167
0.260132 0.173301 0.0851589 0.206346 0.0747411 0.200321
0.360904 0.0153365 0.0847276 0.223488 9.9991E-05 0.315443
9.9991E-05 0.0727714 0.065952 0.49122 0.263746 0.10621
0.00978573 0.34577 0.187824 0.0380176 0.0806912 0.337911
0.354746 0.109651 0.00910054 0.250616 0.0804911 0.195395
0.165376 0.130096 0.079358 0.584363 9.9991E-05 0.0407078
0.826665 0.00175245 9.9973E-05 9.9973E-05 9.9973E-05 0.171282
9.9982E-05 0.0482478 0.00901822 0.595391 9.9982E-05 0.347143
0.286307 0.305343 0.087181 9.9991E-05 0.146573 0.174496
0.289814 9.9973E-05 9.9973E-05 0.585465 9.9973E-05 0.124422
9.9964E-05 9.9964E-05 0.0170692 9.9964E-05 0.982531 9.9964E-05
0.0136165 0.123477 0.128911 0.465567 0.104095 0.164333
0.324503 0.157928 0.0781947 0.0432134 9.9991E-05 0.396061
0.045051 0.5249 9.9991E-05 0.264469 0.0753777 0.090102
0.446664 0.19258 0.137113 9.9982E-05 9.9982E-05 0.223444
0.504597 0.161142 0.0964378 9.9991E-05 0.0866192 0.151104
0.208777 0.165737 0.0667439 0.47027 0.0883723 9.9991E-05
0.460621 9.9982E-05 0.0846519 0.330856 9.9982E-05 0.123671
0.200844 9.9982E-05 9.9982E-05 0.146605 0.330205 0.322145
0.157013 0.152562 9.9991E-05 0.308832 0.288744 0.0927488
0.262408 9.9991E-05 0.0023539 0.292145 0.183192 0.2598
9.996E-05 9.996E-05 9.996E-05 9.996E-05 0.9995 9.996E-05
0.145222 0.184543 0.156322 0.213356 0.056631 0.243926
9.996E-05 9.996E-05 0.9995 9.996E-05 9.996E-05 9.996E-05
0.210594 0.310804 0.128679 0.194917 0.0610683 0.0939386
0.302415 0.362186 0.0280409 0.307158 9.9982E-05 9.9982E-05
0.176004 0.238247 0.0389413 0.282992 0.104341 0.159475
0.412204 0.0769147 0.0420214 0.130104 0.0364018 0.302354
0.0793059 0.294484 0.162034 0.0969421 0.194966 0.172268
0.308073 9.9991E-05 0.0140778 0.231831 0.112845 0.333074
0.365028 0.153912 0.130546 0.0406185 0.00731201 0.302584
9.9982E-05 9.9982E-05 0.0207668 0.53916 0.101093 0.338779
0.127205 0.394481 0.110373 0.179055 0.136851 0.052034
0.224577 0.128184 0.062417 9.9991E-05 0.342912 0.24181
0.475391 0.189884 0.0717356 0.13528 0.0431508 0.0845584
9.9964E-05 9.9964E-05 9.9964E-05 0.0518327 0.947767 9.9964E-05
0.219951 0.188815 0.191078 0.202562 9.9991E-05 0.197494
0.547155 0.193412 0.0356798 0.0184322 0.140827 0.0644938
0.234137 0.26377 0.0284675 0.253747 0.0837 0.136179
0.320816 9.9991E-05 0.149935 0.227717 0.0475275 0.253905
0.412223 0.383291 0.0345917 9.9991E-05 0.00960348 0.160191
0.0647961 0.140339 9.9982E-05 9.9982E-05 0.407338 0.387327
0.18037 0.147518 0.201308 0.10627 0.198679 0.165855
0.0460065 0.429633 0.0395574 0.357747 9.9991E-05 0.126956
9.9982E-05 0.0703368 9.9982E-05 0.588577 0.171827 0.169059
9.99731E-05 0.445169 9.99731E-05 0.241198 9.99731E-05 0.313333
0.220198 0.0377305 0.00925199 0.514269 0.033484 0.185067
0.31086 0.0570855 0.11813 0.313172 0.130437 0.0703148
0.112432 0.156576 0.0409966 0.527475 9.9991E-05 0.162421
0.133513 9.9991E-05 0.117272 0.32666 0.302104 0.120351
0.915394 9.9964E-05 9.9964E-05 9.9964E-05 9.9964E-05 0.0842058
0.353501 0.147811 0.0513257 0.0802371 0.0251729 0.341953
0.186889 9.9991E-05 0.0200808 0.303826 0.299525 0.189579
9.9991E-05 0.340546 0.0903646 0.0982491 0.293092 0.177648
0.629143 9.9982E-05 0.0571936 0.124913 9.9982E-05 0.18855
0.0805883 9.9982E-05 0.10947 0.376178 9.9982E-05 0.433564
9.996E-05 0.9995 9.996E-05 9.996E-05 9.996E-05 9.996E-05
9.996E-05 0.9995 9.996E-05 9.996E-05 9.996E-05 9.996E-05
0.0966728 0.0939039 0.0154272 0.571862 0.0741749 0.147959
0.274357 0.135759 0.291026 0.0960237 0.0608294 0.142005
0.154353 0.167958 0.0335533 0.384488 0.00318597 0.256462
9.9982E-05 0.212803 0.18143 0.222974 9.9982E-05 0.382592
0.173586 0.00290123 0.0810248 0.459042 0.206404 0.0770422
0.126915 9.9991E-05 0.00477197 0.565768 0.133143 0.169303
0.29821 0.333826 0.0822415 9.9991E-05 0.0638008 0.221821
0.199927 0.0320514 0.0232089 0.00959383 0.428746 0.306472
0.188081 0.197644 0.035835 0.301359 0.00350191 0.273579
9.996E-05 9.996E-05 9.996E-05 9.996E-05 9.996E-05 0.9995
0.535586 0.144468 0.102972 9.9982E-05 9.9982E-05 0.216774
0.399738 0.188725 0.326978 9.9982E-05 9.9982E-05 0.08436
9.9991E-05 0.0487455 0.0629866 0.685493 0.00716484 0.19551
0.0870292 0.118685 0.210622 0.27178 9.9991E-05 0.311784
0.0765379 0.0989421 0.056517 0.4293 0.0312375 0.307465
9.9982E-05 0.34336 9.9982E-05 0.382287 0.0824812 0.191671
0.127387 0.123603 9.9991E-05 0.482894 0.0363806 0.229635
0.301292 0.364992 0.0717497 9.9991E-05 0.0966246 0.165242
0.266692 0.0288018 0.0443571 0.516103 0.0125437 0.131502
0.273683 0.0968322 0.0905668 0.251322 0.0383695 0.249227
0.858278 9.9964E-05 9.9964E-05 9.9964E-05 0.141322 9.9964E-05
0.252635 0.2013 0.0689728 0.201751 0.0486519 0.226689
0.299289 9.9991E-05 0.0869215 0.156661 0.0753699 0.381658
9.996E-05 9.996E-05 9.996E-05 9.996E-05 9.996E-05 0.9995
9.9973E-05 0.28738 9.9973E-05 0.00408882 9.9973E-05 0.708232
0.23961 0.571107 0.132272 0.0124751 0.0444364 9.9991E-05
0.279662 0.0213771 0.0382392 0.447841 0.0188482 0.194032
0.810318 9.9982E-05 0.0854647 0.0863727 9.9982E-05 0.0176442
0.360436 0.151261 0.00599154 0.372753 9.9991E-05 0.109459
0.0110699 0.230072 0.249235 0.313281 9.9991E-05 0.196242
9.996E-05 0.9995 9.996E-05 9.996E-05 9.996E-05 9.996E-05
0.266172 0.265939 9.9991E-05 0.137874 0.0353504 0.294565
9.9991E-05 0.15851 0.0389697 0.65642 0.0675803 0.0784202
0.13109 0.268627 0.209375 0.0978991 0.106242 0.186768
0.317497 0.198993 9.9991E-05 0.0168 0.115943 0.350666
0.124252 0.409541 0.0455686 0.375665 9.9991E-05 0.0448725
0.384533 0.357938 9.9982E-05 0.0162603 9.9982E-05 0.241069
0.0680117 0.234294 0.165661 0.456025 9.9991E-05 0.0759074
9.9982E-05 0.16077 0.0407666 0.287281 9.9982E-05 0.510983
0.130875 0.370976 0.129158 0.332412 0.0364795 9.9991E-05
9.996E-05 9.996E-05 0.9995 9.996E-05 9.996E-05 9.996E-05
0.0207065 0.201327 0.0940098 0.536936 0.144698 0.00232173
0.0571487 0.382992 0.121403 9.9991E-05 0.241024 0.197333
0.234379 9.9982E-05 9.9982E-05 0.297067 0.106059 0.362295
0.285227 0.24889 0.0410923 0.243131 9.9991E-05 0.18156
0.520057 0.0406834 0.0178027 0.233197 0.142818 0.045441
0.355666 0.246574 0.107854 0.133731 9.9991E-05 0.156075
9.996E-05 9.996E-05 0.9995 9.996E-05 9.996E-05 9.996E-05
0.226736 0.0850857 0.0217206 0.261633 0.0853592 0.319465
0.230182 0.0527066 0.238015 0.12339 0.0946011 0.261105
0.438964 0.337052 9.9982E-05 0.0799094 9.9982E-05 0.143875
0.0442709 0.390848 9.9991E-05 0.417881 0.104849 0.0420509
