9.99374E-05 9.99374E-05 9.99374E-05 9.99374E-05 9.99374E-05 9.99374E-05 0.00322293 0.996078 9.99374E-05
9.99641E-05 9.99641E-05 9.99641E-05 0.0889846 0.19505 0.126329 0.35878 0.230457 9.99641E-05
0.123716 0.0157499 9.99732E-05 0.0744398 0.108768 9.99732E-05 0.0850611 9.99732E-05 0.591965
9.99821E-05 0.210235 9.99821E-05 0.0398841 0.0857899 0.119788 0.0886554 0.426655 0.0287929
9.99551E-05 9.99551E-05 9.99551E-05 0.242361 0.239625 9.99551E-05 9.99551E-05 0.254436 0.263078
9.9964E-05 0.168166 9.9964E-05 9.9964E-05 0.00550368 9.9964E-05 0.243606 0.423303 0.159021
9.99731E-05 9.99731E-05 9.99731E-05 0.150951 0.0922442 0.193455 0.349629 0.157686 0.0557356
9.99462E-05 9.99462E-05 9.99462E-05 0.168148 9.99462E-05 9.99462E-05 9.99462E-05 0.175621 0.655631
9.99553E-05 9.99553E-05 0.18965 9.99553E-05 0.0157345 0.435522 0.358593 9.99553E-05 9.99553E-05
0.230916 0.195885 0.465892 0.106806 9.99551E-05 9.99551E-05 9.99551E-05 9.99551E-05 9.99551E-05
9.9964E-05 0.45129 0.210329 9.9964E-05 0.0787288 9.9964E-05 9.9964E-05 0.2588 0.000452416
9.99552E-05 9.99552E-05 9.99552E-05 0.161644 0.0985115 0.620903 9.99552E-05 9.99552E-05 0.118442
9.99641E-05 0.0205371 9.99641E-05 9.99641E-05 0.0686465 0.579981 0.254738 0.075698 9.99641E-05
0.0473905 0.120844 9.99642E-05 0.146693 9.99642E-05 9.99642E-05 0.181482 0.503191 9.99642E-05
0.0724506 0.0137851 9.99553E-05 0.0684237 9.99553E-05 0.844841 9.99553E-05 9.99553E-05 9.99553E-05
0.0728271 9.99731E-05 9.99731E-05 0.121562 0.283546 0.0298555 9.99731E-05 0.343009 0.1489
9.99731E-05 0.0519032 9.99731E-05 9.99731E-05 0.149403 0.245892 0.288819 0.243423 0.0202592
0.453783 9.9964E-05 0.0787582 0.213758 9.9964E-05 9.9964E-05 0.239755 0.0135464 9.9964E-05
9.99551E-05 9.99551E-05 9.99551E-05 9.99551E-05 9.99551E-05 0.614625 0.237281 0.0200155 0.127579
0.111499 0.0892554 9.99552E-05 9.99552E-05 9.99552E-05 9.99552E-05 0.0693988 0.729347 9.99552E-05
0.114633 0.511712 0.0461865 0.112782 9.99642E-05 9.99642E-05 9.99642E-05 0.214287 9.99642E-05
9.9955E-05 9.9955E-05 0.501974 9.9955E-05 0.0694089 0.268088 9.9955E-05 9.9955E-05 0.160029
0.127144 0.0485975 9.99821E-05 0.0146033 0.107491 0.0304158 0.515771 0.155778 9.99821E-05
9.99462E-05 9.99462E-05 9.99462E-05 0.0586398 0.715606 9.99462E-05 9.99462E-05 0.225154 9.99462E-05
9.99552E-05 0.436141 9.99552E-05 9.99552E-05 0.250951 0.110549 9.99552E-05 0.201859 9.99552E-05
9.99641E-05 9.99641E-05 0.0719598 0.0312843 0.189572 0.124598 9.99641E-05 0.582187 9.99641E-05
9.99551E-05 9.99551E-05 0.378625 0.221221 0.0784694 9.99551E-05 9.99551E-05 0.321185 9.99551E-05
9.99552E-05 0.113847 0.30628 9.99552E-05 9.99552E-05 9.99552E-05 0.246459 9.99552E-05 0.332914
0.175252 0.0217175 9.9973E-05 9.9973E-05 9.9973E-05 0.210833 0.304451 0.0126235 0.274823
9.99462E-05 0.108498 0.131932 9.99462E-05 0.758971 9.99462E-05 9.99462E-05 9.99462E-05 9.99462E-05
9.99642E-05 0.115187 0.272558 0.245143 9.99642E-05 9.99642E-05 0.113122 0.25359 9.99642E-05
0.245095 9.99731E-05 9.99731E-05 0.0558304 0.0446506 0.119395 0.150985 9.99731E-05 0.383745
0.217626 9.99462E-05 0.562331 9.99462E-05 9.99462E-05 9.99462E-05 0.219443 9.99462E-05 9.99462E-05
9.99642E-05 0.0378067 9.99642E-05 9.99642E-05 0.0809209 0.292104 9.99642E-05 0.137852 0.450916
9.996E-05 9.996E-05 9.996E-05 0.0567494 0.144338 9.996E-05 0.0881919 0.652873 0.0574488
9.99465E-05 9.99465E-05 9.99465E-05 9.99465E-05 9.99465E-05 9.99465E-05 0.111173 0.854425 0.0338024
0.0430659 9.99821E-05 0.29894 0.203757 0.0201255 9.99821E-05 0.222304 0.110964 0.100643
0.158918 9.99731E-05 0.226355 9.99731E-05 0.133323 9.99731E-05 0.423645 0.0327894 0.024669
0.0765667 0.0479719 9.9991E-05 0.194293 0.0999261 0.352773 0.125012 0.0512039 0.0521542
0.148035 0.149704 9.9982E-05 0.0346342 9.9982E-05 0.00851887 0.18857 0.353448 0.11689
0.143441 9.99642E-05 0.125458 0.156439 0.34393 9.99642E-05 0.230332 9.99642E-05 9.99642E-05
0.0588304 0.173747 0.11118 0.308072 9.99732E-05 0.182333 9.99732E-05 0.165538 9.99732E-05
9.99731E-05 9.99731E-05 0.174907 9.99731E-05 0.0220309 0.074703 0.143278 0.552981 0.0318002
9.99553E-05 0.0749814 0.108542 9.99553E-05 9.99553E-05 0.0931329 9.99553E-05 0.722844 9.99553E-05
0.0769422 0.0281513 9.99821E-05 0.119703 0.0654282 0.398976 0.118271 9.99821E-05 0.192328
0.312183 0.0419642 9.9991E-05 0.111269 0.00130298 0.0640424 0.0505974 0.372012 0.0465287
0.660805 9.9955E-05 9.9955E-05 9.9955E-05 9.9955E-05 0.120247 0.0831528 0.135296 9.9955E-05
0.173482 0.113401 0.151269 0.146318 9.9991E-05 0.0989065 0.220922 0.0254143 0.0701867
0.557396 9.99552E-05 0.0467841 9.99552E-05 9.99552E-05 0.308523 9.99552E-05 0.0867969 9.99552E-05
9.99461E-05 9.99461E-05 9.99461E-05 0.0993637 9.99461E-05 9.99461E-05 9.99461E-05 0.779892 0.120145
9.99461E-05 9.99461E-05 9.99461E-05 9.99461E-05 0.0559718 9.99461E-05 9.99461E-05 0.731104 0.212325
9.99641E-05 0.341092 0.118976 0.17157 0.0130253 9.99641E-05 0.354937 9.99641E-05 9.99641E-05
9.99641E-05 9.99641E-05 0.189232 9.99641E-05 0.197992 0.0692635 0.100804 0.442309 9.99641E-05
9.99551E-05 0.364334 9.99551E-05 9.99551E-05 9.99551E-05 0.226521 9.99551E-05 0.13059 0.278055
0.169027 0.0757143 0.101693 9.99642E-05 9.99642E-05 0.0580815 0.595085 9.99642E-05 9.99642E-05
0.0411299 0.0715163 0.469284 9.99732E-05 9.99732E-05 0.335184 0.0522656 0.0303204 9.99732E-05
9.9964E-05 0.307536 9.9964E-05 9.9964E-05 0.334967 0.0225822 0.107498 0.227017 9.9964E-05
9.99553E-05 9.99553E-05 0.389306 9.99553E-05 9.99553E-05 0.120258 0.328848 9.99553E-05 0.161089
9.9982E-05 0.194959 0.136947 0.158665 9.9982E-05 0.0307728 0.2584 0.128724 0.0913325
9.99552E-05 9.99552E-05 0.0655525 0.0416084 9.99552E-05 9.99552E-05 0.0337718 0.858568 9.99552E-05
9.99642E-05 0.25155 0.0440749 9.99642E-05 9.99642E-05 9.99642E-05 0.0322196 0.455601 0.216155
0.0591979 9.9973E-05 0.00552763 0.454054 0.191587 9.9973E-05 0.06123 0.228103 9.9973E-05
9.9964E-05 9.9964E-05 0.477052 0.0511835 9.9964E-05 0.291824 0.0537349 0.125805 9.9964E-05
0.0126267 0.162042 9.99641E-05 0.161722 0.631292 9.99641E-05 9.99641E-05 0.0319175 9.99641E-05
0.0448079 9.99641E-05 0.424093 9.99641E-05 0.0575497 9.99641E-05 9.99641E-05 0.148316 0.324834
0.130091 0.130291 0.0249685 0.0647036 0.133489 0.454246 0.0150595 0.0470502 9.9991E-05
9.99552E-05 9.99552E-05 9.99552E-05 0.0346781 0.0470406 9.99552E-05 0.066975 0.850807 9.99552E-05
9.995E-05 9.995E-05 0.0260412 0.27064 9.995E-05 0.324625 9.995E-05 0.378194 9.995E-05
9.99641E-05 0.0453167 9.99641E-05 0.109275 9.99641E-05 0.455714 9.99641E-05 0.320463 0.0688318
9.99552E-05 0.1953 0.253662 9.99552E-05 0.064704 9.99552E-05 9.99552E-05 0.485834 9.99552E-05
0.102686 0.163959 0.133998 0.19682 9.9991E-05 0.125231 0.160912 0.0598227 0.0564707
9.99461E-05 9.99461E-05 9.99461E-05 0.154169 0.201709 0.643522 9.99461E-05 9.99461E-05 9.99461E-05
9.99374E-05 9.99374E-05 9.99374E-05 9.99374E-05 9.99374E-05 9.99374E-05 0.662057 9.99374E-05 0.337244
9.99641E-05 9.99641E-05 0.0531485 0.1602 9.99641E-05 0.496529 9.99641E-05 0.0824723 0.207251
9.99821E-05 0.0545501 9.99821E-05 0.0542412 0.136569 0.0406284 0.107015 0.0128304 0.593966
0.186768 9.99641E-05 9.99641E-05 0.210305 9.99641E-05 0.192946 0.207837 0.201743 9.99641E-05
9.99465E-05 0.121614 9.99465E-05 9.99465E-05 0.105961 0.771826 9.99465E-05 9.99465E-05 9.99465E-05
9.9982E-05 0.424216 0.254746 0.10799 0.124537 0.0129496 0.0248559 9.9982E-05 0.0505046
9.99552E-05 0.379107 9.99552E-05 9.99552E-05 0.0172307 0.269443 9.99552E-05 0.333719 9.99552E-05
9.99641E-05 0.152706 9.99641E-05 9.99641E-05 9.99641E-05 0.0823468 0.242327 0.136139 0.38608
9.99462E-05 9.99462E-05 9.99462E-05 0.35074 9.99462E-05 9.99462E-05 9.99462E-05 0.090251 0.558409
0.0114269 0.0341852 0.00422418 9.99821E-05 0.139721 0.312021 9.99821E-05 0.26718 0.231041
0.476979 0.0108877 9.99553E-05 9.99553E-05 9.99553E-05 9.99553E-05 0.29751 0.214124 9.99553E-05
0.139123 0.0793453 0.150342 9.9973E-05 0.139475 0.35789 9.9973E-05 9.9973E-05 0.133524
0.105244 9.99731E-05 9.99731E-05 0.189972 0.118896 0.152895 0.193456 0.239237 9.99731E-05
0.0411821 9.9973E-05 0.0206749 0.135326 9.9973E-05 0.165548 0.0365493 0.60042 9.9973E-05
9.99553E-05 9.99553E-05 0.0903176 0.0400571 9.99553E-05 9.99553E-05 0.660798 0.208327 9.99553E-05
9.99641E-05 9.99641E-05 9.99641E-05 9.99641E-05 0.640722 0.117093 0.14462 0.0229627 0.0742019
0.226155 0.2897 0.0577187 9.99821E-05 0.0386516 0.126365 0.000364631 0.260845 9.99821E-05
0.00380251 0.0469545 0.3483 9.99731E-05 9.99731E-05 0.312895 9.99731E-05 0.188642 0.0991063
0.302315 9.99464E-05 9.99464E-05 9.99464E-05 0.676154 9.99464E-05 9.99464E-05 0.0209309 9.99464E-05
0.0739122 0.108895 9.99732E-05 0.0792334 0.154624 9.99732E-05 0.0669834 0.516053 9.99732E-05
0.449128 9.99642E-05 0.145549 0.224948 0.0998623 0.0801128 9.99642E-05 9.99642E-05 9.99642E-05
9.99552E-05 0.0819249 0.0919108 9.99552E-05 9.99552E-05 9.99552E-05 0.469118 0.356546 9.99552E-05
9.9964E-05 9.9964E-05 0.284839 0.283304 0.101779 0.316771 0.0129071 9.9964E-05 9.9964E-05
9.99641E-05 9.99641E-05 9.99641E-05 9.99641E-05 0.0160696 0.0544633 0.579647 0.108809 0.240611
9.99372E-05 9.99372E-05 0.464892 9.99372E-05 9.99372E-05 9.99372E-05 9.99372E-05 0.534409 9.99372E-05
0.184378 9.9973E-05 0.133352 0.0458301 9.9973E-05 0.282051 0.234453 0.119637 9.9973E-05
0.085631 9.99731E-05 0.0275079 0.00636485 0.302086 9.99731E-05 9.99731E-05 0.43053 0.147581
9.9964E-05 9.9964E-05 0.100456 0.0140629 0.444088 9.9964E-05 0.296395 0.144598 9.9964E-05
9.99553E-05 9.99553E-05 0.555594 0.113644 9.99553E-05 9.99553E-05 0.127193 0.203069 9.99553E-05
9.99463E-05 9.99463E-05 0.133661 0.0132958 0.852444 9.99463E-05 9.99463E-05 9.99463E-05 9.99463E-05
9.99552E-05 0.0169633 0.619146 9.99552E-05 0.0229202 9.99552E-05 0.34047 9.99552E-05 9.99552E-05
9.99462E-05 0.81542 0.121012 9.99462E-05 9.99462E-05 9.99462E-05 0.0629681 9.99462E-05 9.99462E-05
0.0202755 0.0284869 9.99731E-05 9.99731E-05 9.99731E-05 0.190402 0.0686304 0.447334 0.244571
9.99551E-05 9.99551E-05 9.99551E-05 9.99551E-05 0.201976 0.563394 0.0356815 0.198448 9.99551E-05
0.275105 9.99551E-05 0.00773778 9.99551E-05 9.99551E-05 9.99551E-05 0.293935 9.99551E-05 0.422722
9.99641E-05 0.0366799 0.245236 9.99641E-05 0.00133509 9.99641E-05 9.99641E-05 0.167022 0.549327
0.0443782 0.0057954 0.00518536 9.99821E-05 0.048814 0.472149 9.99821E-05 0.360476 0.0630019
0.407381 0.38075 9.99731E-05 0.0241578 0.0777618 0.083552 9.99731E-05 0.0260979 9.99731E-05
0.060804 9.99732E-05 0.192099 0.232077 0.38694 9.99732E-05 0.00656912 0.121211 9.99732E-05
9.995E-05 9.995E-05 9.995E-05 9.995E-05 0.00568348 0.140524 9.995E-05 0.767344 0.0859493
0.0426942 9.99464E-05 9.99464E-05 9.99464E-05 0.530338 9.99464E-05 9.99464E-05 0.426368 9.99464E-05
0.100773 9.99552E-05 9.99552E-05 9.99552E-05 0.0139289 9.99552E-05 9.99552E-05 0.0631754 0.821623
9.99372E-05 9.99372E-05 9.99372E-05 9.99372E-05 0.919467 9.99372E-05 0.0798334 9.99372E-05 9.99372E-05
9.99642E-05 0.23357 0.0764704 9.99642E-05 9.99642E-05 0.238655 0.309869 0.141037 9.99642E-05
9.99374E-05 9.99374E-05 9.99374E-05 9.99374E-05 9.99374E-05 0.159051 9.99374E-05 0.840249 9.99374E-05
9.99551E-05 9.99551E-05 0.386453 0.0231788 9.99551E-05 0.236499 9.99551E-05 9.99551E-05 0.353369
0.11187 0.0486311 0.365285 9.99731E-05 0.0460963 0.0724368 9.99731E-05 9.99731E-05 0.35538
0.261993 9.9964E-05 9.9964E-05 9.9964E-05 0.0991329 9.9964E-05 0.380896 0.0816262 0.175952
9.99641E-05 9.99641E-05 0.219148 0.0358224 0.435993 0.0485913 9.99641E-05 0.260046 9.99641E-05
9.99462E-05 9.99462E-05 9.99462E-05 9.99462E-05 0.189316 9.99462E-05 0.672909 0.137175 9.99462E-05
0.102838 0.0670097 9.997E-05 9.997E-05 9.997E-05 0.0136052 0.0608172 0.382139 0.373292
0.259942 0.153891 0.0550081 0.147087 9.99731E-05 9.99731E-05 9.99731E-05 0.241417 0.142354
9.99821E-05 0.121396 0.000727394 9.99821E-05 0.0899414 0.172531 0.0586358 0.535842 0.0207259
9.9964E-05 9.9964E-05 0.184726 0.0351846 9.9964E-05 0.112065 9.9964E-05 0.41067 0.256955
0.692779 9.99731E-05 0.000264067 0.043413 0.141892 0.0514022 0.0699499 9.99731E-05 9.99731E-05
0.0955809 9.99731E-05 0.00175254 0.0943888 9.99731E-05 0.189948 0.14566 0.47237 9.99731E-05
0.248868 0.455127 9.99553E-05 9.99553E-05 0.0953457 9.99553E-05 9.99553E-05 0.20016 9.99553E-05
0.200974 9.99821E-05 0.0771967 0.0109691 0.160676 9.99821E-05 0.202439 0.259479 0.0880657
9.99642E-05 9.99642E-05 0.324065 0.0103419 9.99642E-05 0.231998 0.357078 0.0761172 9.99642E-05
9.9964E-05 9.9964E-05 9.9964E-05 0.0813412 0.00263944 9.9964E-05 0.230835 0.546368 0.138417
9.99821E-05 0.0471747 0.260771 0.0586616 9.99821E-05 0.059809 0.116585 0.149951 0.306849
9.9973E-05 0.271924 0.124651 0.039957 9.9973E-05 0.292786 0.183763 0.0866186 9.9973E-05
0.26572 0.156924 0.128066 0.218304 9.99731E-05 9.99731E-05 0.129887 0.1008 9.99731E-05
0.453532 0.0165536 9.99552E-05 9.99552E-05 9.99552E-05 0.123794 9.99552E-05 0.40562 9.99552E-05
0.566736 9.99462E-05 9.99462E-05 9.99462E-05 9.99462E-05 9.99462E-05 9.99462E-05 0.284102 0.148562
0.42181 0.00506623 9.99552E-05 9.99552E-05 9.99552E-05 9.99552E-05 9.99552E-05 0.083777 0.488847
9.99643E-05 0.0164293 9.99643E-05 0.0505792 9.99643E-05 0.494034 0.411198 0.0273589 9.99643E-05
0.141954 9.99462E-05 9.99462E-05 9.99462E-05 9.99462E-05 0.339734 9.99462E-05 0.517712 9.99462E-05
9.99643E-05 0.204821 0.269439 9.99643E-05 9.99643E-05 9.99643E-05 0.109457 0.407587 0.00829522
0.0112167 9.99553E-05 9.99553E-05 9.99553E-05 0.132111 9.99553E-05 0.701753 0.15442 9.99553E-05
0.034253 9.99731E-05 0.310726 0.0723464 9.99731E-05 0.173064 0.148002 0.261309 9.99731E-05
0.0372181 0.0150855 0.765869 9.99731E-05 0.127912 9.99731E-05 0.00706575 0.04655 9.99731E-05
9.99731E-05 0.137067 9.99731E-05 0.0970804 0.469132 0.180779 9.99731E-05 0.0967982 0.0188436
9.9973E-05 0.0447504 9.9973E-05 9.9973E-05 0.042727 0.450868 0.0458829 0.275059 0.140413
9.993E-05 9.993E-05 9.993E-05 0.999201 9.993E-05 9.993E-05 9.993E-05 9.993E-05 9.993E-05
0.040729 0.0913747 0.142606 9.99731E-05 0.0482547 9.99731E-05 9.99731E-05 0.517411 0.159324
9.99731E-05 0.0995796 9.99731E-05 0.00534786 0.229205 0.188122 0.424796 0.0526502 9.99731E-05
9.99732E-05 0.156822 0.0361448 0.412963 9.99732E-05 0.0923085 0.0783136 0.223148 9.99732E-05
9.99731E-05 0.0954538 0.0111352 0.18899 0.0739471 0.485755 9.99731E-05 9.99731E-05 0.14442
9.99642E-05 9.99642E-05 0.190588 0.158787 9.99642E-05 0.148135 0.115797 0.386294 9.99642E-05
0.0995924 9.99731E-05 0.292348 0.0593181 9.99731E-05 0.0537109 9.99731E-05 0.449442 0.0452888
9.99731E-05 9.99731E-05 0.219551 0.0284911 0.0679752 9.99731E-05 0.0920438 0.388628 0.203011
0.141727 0.0339766 9.99731E-05 0.285203 0.383374 9.99731E-05 0.0887865 9.99731E-05 0.0666324
0.221131 0.138727 0.120035 0.00692336 9.99731E-05 9.99731E-05 0.352046 0.160837 9.99731E-05
9.99731E-05 0.266284 0.013416 9.99731E-05 0.018578 9.99731E-05 0.460512 0.0695386 0.171372
9.99554E-05 0.120805 0.419418 0.0135585 9.99554E-05 9.99554E-05 9.99554E-05 0.445719 9.99554E-05
9.99463E-05 9.99463E-05 9.99463E-05 9.99463E-05 0.00382778 9.99463E-05 9.99463E-05 0.473933 0.521639
9.99821E-05 0.0654796 0.011928 9.99821E-05 0.164143 0.235772 0.0750825 0.364062 0.0833328
9.993E-05 9.993E-05 9.993E-05 0.999201 9.993E-05 9.993E-05 9.993E-05 9.993E-05 9.993E-05
9.99551E-05 9.99551E-05 9.99551E-05 0.25788 9.99551E-05 0.407453 9.99551E-05 0.170154 0.164013
9.99551E-05 9.99551E-05 0.060443 0.00724614 9.99551E-05 9.99551E-05 0.0914699 9.99551E-05 0.840341
9.99731E-05 0.0499542 0.17703 0.112915 9.99731E-05 0.190472 0.201155 0.268174 9.99731E-05
9.99553E-05 9.99553E-05 0.090282 0.360632 9.99553E-05 0.491965 9.99553E-05 9.99553E-05 0.0566215
9.99641E-05 9.99641E-05 0.0358811 9.99641E-05 0.0245934 0.191744 0.243836 0.503546 9.99641E-05
0.199196 0.000373571 0.217687 9.99642E-05 9.99642E-05 9.99642E-05 9.99642E-05 0.362969 0.219375
0.502937 0.101159 9.99463E-05 9.99463E-05 9.99463E-05 0.395304 9.99463E-05 9.99463E-05 9.99463E-05
9.99643E-05 9.99643E-05 0.0472197 0.0415032 0.0839191 9.99643E-05 0.680954 9.99643E-05 0.146004
9.9955E-05 9.9955E-05 9.9955E-05 9.9955E-05 0.0548708 0.105895 0.524289 0.314446 9.9955E-05
9.99553E-05 0.156991 9.99553E-05 9.99553E-05 0.0609415 0.438279 9.99553E-05 0.343288 9.99553E-05
0.304249 9.99461E-05 9.99461E-05 9.99461E-05 9.99461E-05 9.99461E-05 0.101418 9.99461E-05 0.593734
0.0269355 9.99642E-05 0.098389 9.99642E-05 9.99642E-05 0.160613 0.435665 0.277997 9.99642E-05
9.99642E-05 0.192599 0.0187184 9.99642E-05 0.130911 9.99642E-05 9.99642E-05 0.573837 0.0835342
9.99463E-05 9.99463E-05 9.99463E-05 9.99463E-05 9.99463E-05 0.15446 9.99463E-05 0.574478 0.270463
0.172947 9.99552E-05 9.99552E-05 0.0105233 9.99552E-05 0.422196 9.99552E-05 9.99552E-05 0.393834
0.0503133 9.99732E-05 0.0463015 0.0861411 0.395711 0.358595 0.0626384 9.99732E-05 9.99732E-05
9.99372E-05 0.919999 9.99372E-05 0.079301 9.99372E-05 9.99372E-05 9.99372E-05 9.99372E-05 9.99372E-05
0.0867161 0.0649075 9.99643E-05 9.99643E-05 9.99643E-05 0.0266225 0.252666 0.568688 9.99643E-05
9.99731E-05 0.0578183 0.575835 9.99731E-05 9.99731E-05 0.101483 0.213554 0.00073805 0.050272
0.275437 9.99731E-05 0.189582 0.245596 9.99731E-05 0.0142084 0.0452906 0.229586 9.99731E-05
0.345573 0.181697 0.166762 0.177972 9.9973E-05 0.0593139 9.9973E-05 0.0683824 9.9973E-05
9.99641E-05 9.99641E-05 0.0409588 0.127603 0.0452263 0.141602 9.99641E-05 0.64421 9.99641E-05
9.99553E-05 9.99553E-05 0.025669 9.99553E-05 0.0357627 9.99553E-05 9.99553E-05 0.259848 0.67822
9.993E-05 0.999201 9.993E-05 9.993E-05 9.993E-05 9.993E-05 9.993E-05 9.993E-05 9.993E-05
9.99553E-05 9.99553E-05 9.99553E-05 0.0612919 9.99553E-05 0.647668 9.99553E-05 0.160059 0.130482
9.99642E-05 9.99642E-05 0.012939 9.99642E-05 9.99642E-05 0.11763 0.595483 0.192577 0.0809708
9.99552E-05 9.99552E-05 9.99552E-05 9.99552E-05 0.21304 9.99552E-05 0.458091 0.28639 0.0419791
0.129437 0.114138 9.9964E-05 9.9964E-05 0.13086 9.9964E-05 0.470083 0.155082 9.9964E-05
