0.302175 0.603544 0.0942806
0.743504 0.146697 0.109799
0.160711 0.364471 0.474818
0.0199154 0.674514 0.305571
0.171475 0.828425 9.99911E-05
0.216546 0.485102 0.298352
0.564433 0.274516 0.161051
9.999E-05 0.9998 9.999E-05
0.626168 9.99911E-05 0.373732
0.405974 9.99911E-05 0.593926
0.155749 0.315989 0.528262
0.799581 0.200319 9.99911E-05
0.244052 0.659477 0.096471
0.350176 0.649724 9.99911E-05
0.561178 0.438722 9.99911E-05
0.144734 0.825509 0.0297567
0.5102 0.304679 0.185122
0.312799 0.211513 0.475687
0.681998 0.317902 9.9991E-05
0.0232382 0.822791 0.153971
0.0570569 0.178736 0.764207
0.398007 0.56242 0.0395728
0.100255 0.280576 0.619169
0.111865 0.356508 0.531626
9.9991E-05 0.382038 0.617862
0.147566 0.523553 0.328881
0.722714 9.9991E-05 0.277186
0.325334 0.671014 0.00365199
0.282293 0.715911 0.00179617
9.99911E-05 0.258218 0.741682
0.618433 0.35058 0.0309868
0.435848 0.534225 0.0299263
0.262503 9.99911E-05 0.737397
0.203475 0.796425 9.99911E-05
0.0286591 0.759343 0.211998
0.366627 0.457689 0.175684
0.578536 0.310772 0.110692
9.99911E-05 0.159619 0.840281
0.530268 0.349593 0.120139
0.114543 0.800771 0.0846862
0.478604 9.99911E-05 0.521296
0.555815 9.99911E-05 0.444085
0.231782 0.489154 0.279063
0.384472 0.574667 0.0408606
0.416192 0.54236 0.041448
0.177155 0.713446 0.109399
0.419598 0.171621 0.408781
0.706431 0.0355308 0.258038
0.17604 0.557286 0.266675
9.999E-05 0.9998 9.999E-05
9.9991E-05 0.896406 0.103494
0.519174 9.99911E-05 0.480726
0.397611 0.049786 0.552603
9.99911E-05 0.94994 0.04996
0.750285 0.249615 9.99911E-05
0.761088 0.238812 9.99911E-05
0.463154 0.350338 0.186507
0.9998 9.999E-05 9.999E-05
0.581889 0.418011 9.9991E-05
0.281095 0.415494 0.303411
0.20035 0.724832 0.0748182
0.623924 9.9991E-05 0.375976
0.9998 9.999E-05 9.999E-05
9.99911E-05 0.482124 0.517776
0.161066 0.750468 0.0884652
0.481747 0.243095 0.275157
9.9991E-05 0.638335 0.361565
0.567193 0.432707 9.99911E-05
0.407063 0.592837 9.9991E-05
0.233693 0.355584 0.410723
0.55624 0.402324 0.0414365
0.799044 9.99911E-05 0.200856
0.394442 0.605458 9.99911E-05
0.55315 0.44675 9.99911E-05
9.99911E-05 0.897837 0.102063
0.746947 0.252953 9.9991E-05
0.0145037 0.694392 0.291104
0.633236 9.9991E-05 0.366664
0.375479 0.540128 0.0843931
0.556797 0.443103 9.9991E-05
0.282496 0.717404 9.99911E-05
9.99911E-05 0.736309 0.263591
0.271326 0.428 0.300673
0.121212 0.399167 0.479621
0.433767 0.216471 0.349763
0.395407 0.316356 0.288238
0.793479 0.0272092 0.179311
0.0400835 0.356105 0.603811
9.99911E-05 0.58102 0.41888
0.219691 0.399331 0.380978
9.99911E-05 0.331427 0.668473
0.234596 0.599183 0.16622
0.423341 0.179023 0.397637
0.388918 0.00771595 0.603366
0.842823 9.9991E-05 0.157077
0.630862 0.369038 9.9991E-05
0.232688 0.240516 0.526796
0.715584 0.161298 0.123119
9.9991E-05 0.729786 0.270114
0.109203 0.126168 0.764629
0.751396 9.99911E-05 0.248504
9.999E-05 9.999E-05 0.9998
0.144814 9.99911E-05 0.855086
0.0431054 9.99911E-05 0.956795
0.24387 0.692406 0.0637233
0.447642 0.411733 0.140625
0.329575 0.646861 0.0235637
0.240285 0.51418 0.245534
0.300325 0.699575 9.99911E-05
9.99911E-05 0.541214 0.458686
0.304706 0.387738 0.307556
0.216106 0.783794 9.99911E-05
9.99911E-05 0.445215 0.554685
9.999E-05 0.9998 9.999E-05
9.999E-05 9.999E-05 0.9998
0.832471 0.118974 0.0485546
0.345941 0.653959 9.9991E-05
0.525299 0.434123 0.0405783
0.243547 0.692817 0.0636362
0.0621876 0.694649 0.243163
0.031498 0.509392 0.45911
0.354343 0.130778 0.514879
9.9991E-05 0.957358 0.0425416
0.0077539 0.593007 0.399239
0.412619 0.241544 0.345837
0.396013 0.326735 0.277253
0.538147 0.0563658 0.405487
0.449232 0.54533 0.00543817
9.99911E-05 0.414196 0.585704
0.0969419 0.360317 0.542741
0.894015 9.99911E-05 0.105885
0.346987 0.421893 0.231121
0.74496 0.25494 9.99911E-05
0.599996 0.240695 0.159309
0.467409 9.99911E-05 0.532491
9.99911E-05 0.80195 0.19795
9.999E-05 0.9998 9.999E-05
9.999E-05 0.9998 9.999E-05
0.872303 0.00203696 0.12566
9.999E-05 0.9998 9.999E-05
0.351029 0.64342 0.00555095
0.280189 0.00838919 0.711422
0.568681 0.101267 0.330052
0.397319 9.99911E-05 0.602581
0.060188 0.441298 0.498514
0.0691932 0.866233 0.0645739
0.940123 9.99911E-05 0.0597765
9.99911E-05 0.706487 0.293414
0.117816 0.457057 0.425127
0.923512 0.0763879 9.99911E-05
0.320272 0.641488 0.0382405
0.988579 0.0113206 9.99911E-05
0.123569 0.876331 9.9991E-05
0.529035 0.318883 0.152083
9.99911E-05 0.474414 0.525486
0.558907 0.250866 0.190227
0.406338 0.38735 0.206312
0.326688 0.433306 0.240006
9.999E-05 0.9998 9.999E-05
0.19598 0.408963 0.395056
0.994998 0.00490164 9.99911E-05
0.480816 0.479146 0.0400379
0.114989 0.836128 0.048883
0.973476 0.0264239 9.99911E-05
0.820503 0.179397 9.99911E-05
0.0733881 0.466625 0.459987
0.184054 0.748639 0.0673078
0.0871083 0.912792 9.99911E-05
0.570983 0.278502 0.150514
0.462859 0.282637 0.254504
0.0550764 0.827454 0.117469
0.193181 0.806719 9.9991E-05
0.753474 0.246426 9.99911E-05
0.0816032 0.394885 0.523512
0.119028 0.880872 9.9991E-05
9.999E-05 0.9998 9.999E-05
0.197979 0.49717 0.304851
0.155317 0.206142 0.638541
0.487096 0.0633825 0.449521
0.64762 0.160152 0.192228
0.763527 9.99911E-05 0.236373
0.473544 0.201701 0.324755
0.324067 0.358464 0.31747
0.0176914 0.982209 9.99911E-05
9.9991E-05 0.423187 0.576713
0.51107 0.48883 9.99911E-05
0.491522 0.508378 9.9991E-05
0.168092 0.47021 0.361698
9.9991E-05 0.542058 0.457842
