0.162153 0.785111 0.0524364 9.9973E-05 9.9973E-05 9.9973E-05
9.9982E-05 0.226639 0.442325 0.194473 0.136363 9.9982E-05
0.143677 0.27514 0.468737 0.0709984 9.9991E-05 0.0413476
0.386465 0.1625 0.330688 0.0169672 9.9991E-05 0.10328
0.240416 0.151226 0.131803 0.0432669 0.2867 0.146588
0.283575 0.0326616 0.331195 9.9991E-05 0.249814 0.102655
0.450159 0.459421 9.9991E-05 0.0414245 0.0329272 0.0159684
0.262669 0.245809 0.32387 0.0780648 0.0254114 0.0641753
0.0537925 0.588399 0.0288963 0.0517609 0.151076 0.126075
0.0985685 0.37267 9.9991E-05 0.207688 0.0858215 0.235153
9.999E-05 0.123367 0.2543 0.0258214 0.143018 0.453393
9.9982E-05 0.284653 0.0463858 0.0184326 0.650329 9.9982E-05
0.24628 0.273459 0.0422695 0.0933025 0.234723 0.109966
0.144594 0.221267 0.00146849 0.0627197 0.477117 0.0928336
0.0786589 0.0136155 9.9973E-05 9.9973E-05 0.907426 9.9973E-05
0.242953 0.0774869 0.360445 0.173467 0.0425682 0.10308
9.9964E-05 9.9964E-05 9.9964E-05 9.9964E-05 0.932809 0.0667914
0.300169 0.109956 0.280324 0.161146 0.0916101 0.0567953
0.149739 0.156286 0.247581 0.0507678 0.395526 9.9991E-05
0.104016 0.323384 0.397819 0.0551721 9.9991E-05 0.119509
0.33918 0.432021 0.0541825 0.0291036 0.0271072 0.118406
9.9991E-05 0.236072 0.241066 0.0151769 0.458794 0.048791
0.279561 0.176638 0.293384 9.9991E-05 0.111341 0.138976
0.0904081 0.325433 0.395294 0.113589 0.0751768 9.9991E-05
9.9973E-05 0.17336 9.9973E-05 9.9973E-05 0.37983 0.44651
9.999E-05 0.538137 0.197605 0.0530107 0.174212 0.0369351
0.192153 0.226546 0.250898 0.238007 0.0312008 0.0611947
0.201502 0.302411 9.9991E-05 0.193588 0.238301 0.0640982
0.0505057 0.16676 0.243751 0.188511 0.167448 0.183024
0.14812 0.145962 0.0146886 0.69103 9.9982E-05 9.9982E-05
0.19615 9.9991E-05 0.254784 0.142707 0.272631 0.133628
9.999E-05 0.345488 0.221108 0.145411 0.185643 0.102251
0.386294 0.192196 0.128832 0.0139817 0.278597 9.9991E-05
0.264973 0.0720849 0.274006 9.9991E-05 0.248877 0.13996
0.0940339 0.222921 0.0439178 0.0288092 0.462308 0.14801
0.186772 0.812829 9.9964E-05 9.9964E-05 9.9964E-05 9.9964E-05
0.306307 0.114543 0.285229 9.9991E-05 0.0820117 0.21181
9.9982E-05 0.651674 9.9982E-05 0.0483514 0.161224 0.138551
0.0971028 9.9991E-05 0.136739 0.116526 0.520685 0.128847
0.243146 0.200558 0.314382 9.9982E-05 0.241714 9.9982E-05
0.059993 0.0956896 0.704154 0.050021 9.9991E-05 0.0900421
0.17218 0.057757 0.41847 0.0634569 0.150737 0.137399
0.264455 0.164727 0.260221 0.140143 0.0958337 0.0746213
9.9982E-05 0.605815 0.0115238 0.114351 0.26811 9.9982E-05
0.0680171 0.53455 0.191715 0.0880831 0.0997203 0.0179146
0.116639 0.225564 9.9982E-05 9.9982E-05 0.424419 0.233179
0.158914 9.9991E-05 0.525275 0.0171983 0.277245 0.0212681
0.221707 9.9991E-05 0.517775 0.0756832 0.152661 0.0320729
0.0441396 0.150805 0.528448 0.157332 0.0924292 0.0268459
0.0839474 0.131206 0.356696 0.14281 0.28524 9.9991E-05
0.235579 0.412607 9.9991E-05 0.0162872 0.193251 0.142176
0.265201 9.9991E-05 0.311878 0.0592831 0.269724 0.0938146
0.0869413 9.9982E-05 0.739681 0.136687 0.0364908 9.9982E-05
0.0793025 0.216843 0.157104 0.202066 0.0592241 0.28546
9.9982E-05 0.0715232 0.762018 0.130377 9.9982E-05 0.0358815
0.353112 0.262258 0.0302655 0.0144851 0.320463 0.0194158
9.9982E-05 0.163764 0.62182 0.118598 9.9982E-05 0.0956185
0.0811293 0.18509 0.406779 0.0919005 0.0703627 0.164738
0.0939421 0.0787539 0.38718 0.0594529 0.129316 0.251355
0.145229 0.337378 0.229022 0.0138217 0.0348945 0.239654
0.160356 0.0873755 0.660196 0.0255837 0.0663887 9.9991E-05
0.287689 0.11614 0.101485 0.00577744 0.423208 0.0657011
0.161887 0.157043 0.00712359 0.00625508 0.667592 9.9991E-05
0.0290199 9.9982E-05 0.00376045 0.966554 9.9982E-05 0.000465161
0.0148492 0.430419 0.190017 0.0455334 0.127345 0.191836
0.251846 0.654122 0.039569 9.9982E-05 9.9982E-05 0.0542628
0.27356 0.391351 0.128735 9.9991E-05 0.125749 0.080505
0.300856 0.141707 0.0576648 0.126829 0.372843 9.9991E-05
0.276384 0.353628 0.148822 9.9982E-05 0.220965 9.9982E-05
0.281131 0.166365 0.227077 0.232547 0.00723444 0.0856464
0.15012 0.0857818 0.202321 0.227717 0.00187545 0.332184
9.9991E-05 0.312756 0.164728 0.02459 0.416412 0.0814141
0.239028 0.245114 0.115215 0.0485573 0.265705 0.08638
9.9982E-05 9.9982E-05 0.207996 0.146722 0.444546 0.200536
9.9991E-05 0.266237 0.0769397 0.179013 0.233446 0.244264
0.0345739 9.9991E-05 0.537661 0.152447 0.0822183 0.193
0.122455 0.239815 0.0726731 0.0505454 0.485228 0.0292847
0.243968 9.9982E-05 0.712007 0.00259838 9.9982E-05 0.0412262
0.0996332 0.0149322 0.750095 9.9991E-05 0.132346 0.0028931
0.0806183 0.0811514 0.52243 0.163703 0.151998 9.9991E-05
0.216814 0.312103 0.399138 0.0422371 9.9991E-05 0.0296079
0.176163 0.2076 0.152512 0.00657923 0.325902 0.131243
0.131246 0.195325 0.247444 0.235851 0.112222 0.0779118
0.343745 9.9982E-05 0.409931 0.155268 9.9982E-05 0.090856
0.299683 0.34727 0.167842 0.0280461 0.119987 0.0371721
9.9973E-05 0.249871 0.617876 9.9973E-05 9.9973E-05 0.131953
0.250202 0.598214 9.9982E-05 0.0155733 0.13581 9.9982E-05
0.13615 9.9982E-05 0.0255109 9.9982E-05 0.685035 0.153105
0.080645 0.196847 0.0548508 0.245851 0.234027 0.187779
0.0966523 0.649021 0.158392 9.9991E-05 0.040863 0.0549725
9.996E-05 9.996E-05 9.996E-05 0.9995 9.996E-05 9.996E-05
0.0434985 0.320555 0.0634817 0.0294494 0.287559 0.255456
0.727382 9.9964E-05 0.272218 9.9964E-05 9.9964E-05 9.9964E-05
0.220772 0.072094 0.236616 0.0943647 0.376053 9.9991E-05
0.474735 0.0789135 0.341797 9.9982E-05 9.9982E-05 0.104355
0.207077 0.307395 0.244186 0.0943437 0.115346 0.031653
9.9991E-05 0.824105 0.025923 0.0136618 0.0341077 0.102102
0.0987058 0.180721 0.17266 0.0526825 0.361566 0.133664
0.195938 0.230849 9.9982E-05 0.358334 0.214679 9.9982E-05
9.9982E-05 0.247336 0.172277 0.244279 0.335908 9.9982E-05
0.0676219 0.47362 0.0490477 0.141628 0.266894 0.00118783
9.996E-05 9.996E-05 9.996E-05 0.9995 9.996E-05 9.996E-05
0.0913113 9.9991E-05 0.270831 0.0487615 0.404404 0.184592
9.996E-05 9.996E-05 9.996E-05 9.996E-05 9.996E-05 0.9995
0.174931 0.357003 0.25839 0.0789176 0.0838067 0.0469513
9.9982E-05 0.16508 0.474253 0.0382776 0.322189 9.9982E-05
0.0728021 0.209642 0.393435 9.9991E-05 0.277538 0.0464828
0.41634 0.349005 0.132582 9.9991E-05 0.0561553 0.0458169
0.180085 9.9991E-05 0.109563 0.264171 0.296082 0.149999
0.357723 0.277684 0.233214 9.9991E-05 0.0126907 0.118588
0.199801 0.118405 0.286283 9.9991E-05 0.209833 0.185578
0.177594 0.0672138 0.0805688 0.105916 0.471083 0.0976243
0.203023 0.00157087 0.550774 0.155645 9.9991E-05 0.0888877
0.174856 0.0870981 9.9991E-05 0.556069 0.156114 0.025762
0.16837 0.397318 9.9991E-05 0.129755 0.267738 0.0367185
9.996E-05 9.996E-05 9.996E-05 0.9995 9.996E-05 9.996E-05
0.11404 0.294556 9.9982E-05 9.9982E-05 0.352356 0.238848
0.0508316 0.692008 0.205817 0.000697881 9.9991E-05 0.0505455
0.266417 0.0621879 0.355204 0.130814 0.16281 0.0225668
0.174317 0.43358 9.9991E-05 0.0174362 0.359448 0.0151199
0.0879465 0.314329 0.0975218 0.123879 0.295389 0.0809343
0.418363 0.114684 9.9991E-05 0.406373 0.0506851 0.00979465
0.0157836 0.246891 0.0814723 0.163988 0.347013 0.144852
0.0893643 0.045318 0.499772 9.9991E-05 0.24246 0.122986
0.124712 0.116004 0.217979 0.289668 0.148904 0.102733
0.150179 9.9964E-05 9.9964E-05 9.9964E-05 0.849422 9.9964E-05
0.145965 0.218271 0.158483 0.0616482 0.298179 0.117454
0.137151 0.143295 0.502755 0.125185 9.9991E-05 0.0915146
0.0895883 0.0659774 0.647384 9.9991E-05 0.171946 0.0250051
0.0789688 0.471433 0.140883 0.128146 0.0513194 0.12925
0.088948 0.719246 9.9973E-05 9.9973E-05 0.191507 9.9973E-05
0.253601 0.123231 0.328727 0.000253723 0.294086 9.9991E-05
0.190896 0.157461 0.025962 0.295685 0.326522 0.00347555
0.193161 9.9991E-05 0.238296 0.31635 0.228323 0.0237699
0.210816 0.415298 0.203922 9.9991E-05 0.0955445 0.07432
0.198843 0.202563 9.9991E-05 0.049904 0.366186 0.182404
9.9973E-05 9.9973E-05 0.932655 9.9973E-05 0.0586086 0.00843672
9.9964E-05 9.9964E-05 0.966408 0.0331924 9.9964E-05 9.9964E-05
0.101456 0.421126 0.140228 0.0651751 0.133696 0.138319
0.169411 0.155224 0.352892 9.9991E-05 0.129046 0.193326
0.209843 0.138214 0.0476305 0.040515 0.361821 0.201977
0.236723 9.9991E-05 0.145679 0.0811273 0.37005 0.16632
0.101299 0.0975224 0.271361 0.0458701 0.37386 0.110087
0.0128087 0.601769 9.9991E-05 0.123128 0.167953 0.0942415
0.254695 0.146202 0.326405 0.0710883 0.111685 0.0899256
0.274097 0.231873 9.9991E-05 0.424185 0.00245271 0.0672914
0.142128 0.210487 0.237189 9.9991E-05 0.215753 0.194344
0.9995 9.996E-05 9.996E-05 9.996E-05 9.996E-05 9.996E-05
0.316872 0.483092 0.0677754 9.9982E-05 9.9982E-05 0.13206
0.270883 0.117542 0.328493 9.9982E-05 9.9982E-05 0.282882
9.9991E-05 0.13718 0.241149 0.00682438 0.544728 0.0700192
0.263787 0.0920206 0.286972 9.9991E-05 0.0419927 0.315128
0.163543 0.211749 0.33037 0.166282 0.00829337 0.119761
0.0663508 0.0901763 0.498205 0.121764 0.192697 0.0308068
0.114199 0.14731 0.197757 9.9982E-05 0.540535 9.9982E-05
0.0220036 0.277301 0.203676 0.0872676 0.278675 0.131076
0.14916 0.319512 0.350232 9.9991E-05 0.144085 0.0369121
0.177934 0.205391 0.211281 0.169752 0.147979 0.0876635
9.9973E-05 0.768802 0.0815609 0.149337 9.9973E-05 9.9973E-05
0.0875086 0.176018 0.195472 0.152678 0.377698 0.0106257
0.26205 0.364477 0.0440645 9.9991E-05 0.164555 0.164754
0.9995 9.996E-05 9.996E-05 9.996E-05 9.996E-05 9.996E-05
0.650414 0.0342866 9.9982E-05 9.9982E-05 0.232388 0.0827113
0.0681618 0.0645059 0.612569 0.112197 9.9991E-05 0.142467
0.00699773 0.318055 0.311447 0.0813929 0.177577 0.10453
9.9982E-05 0.869678 0.0702302 0.039615 9.9982E-05 0.0202767
0.0781292 0.2187 0.497379 9.9991E-05 0.16413 0.0415614
0.380222 0.101813 0.00991587 9.9991E-05 0.256966 0.250984
0.0067629 9.9973E-05 0.990011 9.9973E-05 9.9973E-05 0.00292607
0.340466 0.28116 0.221707 0.0267317 0.129835 9.9991E-05
9.9991E-05 0.1156 0.511417 0.136244 0.129686 0.106953
0.0449107 0.131209 0.228931 0.11479 0.287198 0.192961
0.507528 0.0652933 0.0805934 0.255476 9.9991E-05 0.0910088
9.9982E-05 0.159245 0.650938 9.9982E-05 0.128908 0.0607089
0.460266 0.122993 0.303492 9.9991E-05 0.0968555 0.0162935
0.223574 9.9991E-05 0.202787 0.0528258 0.36237 0.158343
0.614993 0.0474039 0.045306 9.9991E-05 0.145716 0.146481
9.9991E-05 0.198317 0.214694 0.0800242 0.353739 0.153125
9.996E-05 9.996E-05 9.996E-05 9.996E-05 9.996E-05 0.9995
9.9991E-05 0.20119 0.231906 0.119597 0.297809 0.149398
0.0159652 9.9982E-05 9.9982E-05 0.036057 0.94482 0.00295772
0.195038 0.314495 0.115079 0.137717 0.203826 0.0338443
0.0451977 0.202561 0.60619 0.0187334 9.9991E-05 0.127219
0.057701 0.534426 0.192426 0.151993 0.0633528 9.9991E-05
0.408604 0.188096 0.204479 9.9991E-05 0.104104 0.0946177
9.996E-05 9.996E-05 9.996E-05 9.996E-05 9.996E-05 0.9995
0.153708 0.185117 0.107599 9.9991E-05 0.481667 0.0718084
0.149173 0.22176 9.9991E-05 0.0665737 0.291676 0.270717
0.285024 0.277494 0.437183 9.9973E-05 9.9973E-05 9.9973E-05
9.9982E-05 0.264435 0.365662 0.148736 0.220967 9.9982E-05
