0.386726 9.9991E-05 0.613048 0.000125842
0.184794 0.114596 0.24581 0.4548
0.211241 0.0792389 0.255736 0.453784
0.191293 0.0306313 0.510552 0.267524
0.12456 0.000599474 0.484829 0.390012
0.134062 9.9991E-05 0.36198 0.503858
0.228563 0.0334747 0.594981 0.142981
0.238286 0.0844455 0.404833 0.272435
0.45027 0.183938 0.365693 9.9991E-05
0.569052 0.225867 0.16791 0.03717
0.646481 0.0769702 0.184935 0.0916142
0.208703 0.278501 0.271604 0.241193
0.177622 0.142504 0.369455 0.31042
0.0953548 0.104861 0.541856 0.257928
0.0402084 0.0264645 0.350036 0.583291
0.0174673 0.151481 0.329362 0.501689
0.189567 0.0925845 0.30929 0.408559
0.180048 0.157318 0.568509 0.094125
9.9982E-05 9.9982E-05 0.516118 0.483682
0.293341 0.133626 0.222404 0.350629
0.30124 0.0672308 0.536588 0.0949416
0.231863 0.0765745 0.359748 0.331815
0.126298 9.9991E-05 0.461664 0.411939
9.9991E-05 0.184381 0.423857 0.391662
0.744823 0.0273301 0.227747 9.9991E-05
0.130697 0.195586 0.441382 0.232334
0.465972 0.208486 0.13958 0.185962
0.270333 0.192857 0.202918 0.333892
0.264349 0.238297 0.170033 0.327321
9.9991E-05 0.686148 0.110174 0.203578
0.1998 0.115894 0.105322 0.578983
0.636664 0.172301 0.13124 0.0597951
9.9991E-05 0.0719448 0.654876 0.273079
0.173318 0.0193569 0.293213 0.514112
0.241932 0.016407 0.466411 0.27525
0.0934921 9.9982E-05 0.906308 9.9982E-05
0.0281526 9.9991E-05 0.500358 0.47139
0.729888 0.192109 0.0779035 9.9991E-05
0.0628487 0.162779 0.339266 0.435106
0.144083 9.9991E-05 0.51234 0.343477
0.232391 0.17849 0.158663 0.430457
0.269676 0.0865726 0.390927 0.252824
0.130745 0.0737516 0.25117 0.544333
0.11893 0.205133 0.260912 0.415025
0.582943 0.132671 0.194518 0.0898688
0.340488 0.0305294 0.297329 0.331653
0.115498 9.9991E-05 0.397448 0.486953
0.0402447 0.0451345 0.436408 0.478213
0.109299 0.190712 0.103451 0.596538
0.00971453 0.172995 0.314264 0.503027
0.377146 0.118237 0.337473 0.167144
0.0450765 0.0964446 0.416073 0.442406
9.9991E-05 0.128807 0.0549992 0.816094
0.380126 0.1371 0.232729 0.250045
0.120045 0.15104 9.9991E-05 0.728814
9.9991E-05 0.0523731 0.547736 0.399791
0.402887 0.0603718 0.0291067 0.507634
0.208524 0.054938 0.366536 0.370002
0.220503 0.160377 0.0300483 0.589071
0.468622 0.0182913 0.285067 0.228019
9.9991E-05 0.0546831 0.347518 0.597699
0.155115 0.0429245 0.600964 0.200996
0.0632734 0.0321686 0.547623 0.356935
0.0369486 0.852404 0.110548 9.9991E-05
0.146716 0.0592069 0.507172 0.286905
0.0804938 9.9991E-05 0.874491 0.0449153
0.316093 9.9991E-05 0.593739 0.0900682
0.0215959 0.144628 0.443887 0.389889
0.0164894 0.0872804 0.668466 0.227764
0.315637 0.250406 0.160315 0.273642
0.414089 0.0727574 9.9991E-05 0.513054
0.20434 0.037372 0.451259 0.307029
0.0555403 0.187427 0.362029 0.395003
0.175868 0.144737 0.025725 0.65367
0.412573 0.152125 0.0659822 0.36932
0.268617 0.0972449 9.9991E-05 0.634038
0.155626 0.0664835 0.395121 0.38277
0.012946 0.0121189 0.226109 0.748826
9.9982E-05 9.9982E-05 0.298196 0.701604
0.0489041 0.143572 0.305731 0.501794
0.283978 0.0685106 0.449386 0.198126
0.129522 9.9991E-05 0.675754 0.194624
0.160315 0.267394 0.111479 0.460812
0.200997 0.148326 0.241484 0.409193
0.0686485 0.0331248 0.504925 0.393302
0.51183 9.9991E-05 0.141244 0.346825
0.0121003 0.0113341 0.78328 0.193286
0.302719 9.9991E-05 0.351671 0.34551
0.291839 0.229943 0.437277 0.0409413
0.416951 0.0810734 0.390409 0.111566
0.0491412 0.950659 9.9982E-05 9.9982E-05
0.595247 9.9991E-05 0.264847 0.139806
0.139744 9.9991E-05 0.649063 0.211092
9.9991E-05 0.116398 0.304049 0.579453
0.251039 9.9991E-05 0.539669 0.209192
0.134339 0.215444 0.393718 0.256499
0.416199 0.0644748 0.123966 0.395361
0.205957 9.9991E-05 0.361841 0.432102
0.12799 0.409115 0.462795 9.9991E-05
0.0418204 0.412356 0.240493 0.30533
0.155256 0.235168 0.268216 0.34136
9.998E-05 0.9997 9.998E-05 9.998E-05
0.2061 0.0766772 0.238992 0.47823
0.9997 9.998E-05 9.998E-05 9.998E-05
0.416428 0.145045 0.290406 0.148121
0.0844513 0.0453785 0.178854 0.691316
0.167741 9.9991E-05 0.396165 0.435994
0.0720758 0.190831 0.410237 0.326857
0.164833 0.143491 0.196956 0.49472
0.161847 0.177195 0.367663 0.293295
0.136938 9.9991E-05 0.505085 0.357876
0.245031 0.239465 0.314561 0.200943
0.21295 0.155719 0.145781 0.48555
0.158396 0.411653 0.345362 0.084589
0.209802 0.0467346 0.349124 0.394339
9.998E-05 0.9997 9.998E-05 9.998E-05
0.545388 0.0546301 0.14732 0.252662
0.247471 0.00950179 0.716833 0.0261944
0.181429 9.9991E-05 0.225741 0.59273
0.510675 0.169352 0.279021 0.040952
0.0980488 0.150536 0.592143 0.159272
0.0800415 0.352761 0.485419 0.0817783
0.161985 0.129279 0.408065 0.300671
0.149179 9.9991E-05 0.289108 0.561613
0.215974 0.221427 0.272342 0.290257
9.9982E-05 9.9982E-05 0.354107 0.645693
0.147783 0.169754 0.283797 0.398666
0.211382 0.230768 0.326913 0.230936
0.169657 9.9991E-05 0.316159 0.514084
0.454324 0.24988 0.212551 0.0832449
0.170576 0.0686557 0.760668 9.9991E-05
0.0478137 0.0197586 0.559001 0.373427
0.151676 0.23126 0.30041 0.316654
0.0588339 0.2287 0.210483 0.501983
0.222831 0.11883 0.535755 0.122584
0.398847 0.11564 0.418978 0.0665345
0.00136126 9.9982E-05 9.9982E-05 0.998439
9.998E-05 9.998E-05 9.998E-05 0.9997
0.382487 0.0751716 0.368851 0.17349
0.131068 9.9991E-05 0.623753 0.245079
0.229295 0.0730921 0.371831 0.325782
0.14576 0.124395 0.151848 0.577998
0.136617 0.10436 0.241454 0.517568
0.49576 0.111433 0.308056 0.0847506
0.204456 0.0212767 0.536505 0.237762
0.187769 0.38574 0.426391 9.9991E-05
0.253716 0.02337 0.269951 0.452963
9.998E-05 9.998E-05 0.9997 9.998E-05
0.299289 9.9991E-05 0.646056 0.0545541
0.33725 9.9991E-05 0.323674 0.338976
0.172187 0.131344 0.363868 0.332601
0.506024 9.9991E-05 0.23651 0.257366
0.360414 0.247682 0.313415 0.0784881
0.239849 0.0722086 0.187744 0.500198
9.9991E-05 0.0410367 0.545571 0.413292
0.0903878 0.223589 0.361774 0.32425
0.265599 9.9991E-05 0.527478 0.206823
0.233503 0.16334 0.425053 0.178104
9.9991E-05 0.220689 0.556672 0.222539
0.115408 0.1095 0.450289 0.324803
0.310796 0.0701469 0.618958 9.9991E-05
9.9982E-05 0.00387791 0.995922 9.9982E-05
0.149604 9.9991E-05 0.721159 0.129137
0.234935 9.9991E-05 0.0953891 0.669576
0.235443 0.121602 0.149141 0.493814
0.0765156 0.087245 0.836139 9.9991E-05
0.142495 9.9991E-05 0.423417 0.433988
0.313807 9.9991E-05 0.236145 0.449948
9.998E-05 9.998E-05 9.998E-05 0.9997
0.131863 0.106932 0.579866 0.181339
0.0337107 0.17041 0.0458276 0.750052
0.226765 0.177691 0.0900274 0.505517
9.9991E-05 0.0812958 0.747235 0.171369
0.195782 9.9982E-05 9.9982E-05 0.804018
9.9982E-05 9.9982E-05 0.531525 0.468275
0.126372 0.0155256 0.29939 0.558712
0.23897 9.9991E-05 0.507625 0.253305
0.317746 0.0845347 0.119223 0.478497
0.9997 9.998E-05 9.998E-05 9.998E-05
0.417015 0.0984827 0.0708767 0.413626
0.269069 0.197675 0.263989 0.269267
0.244761 0.145361 0.489592 0.120286
0.268126 0.146939 0.283697 0.301238
0.121562 0.232725 0.357727 0.287986
0.223788 0.0413784 0.469415 0.265419
0.9997 9.998E-05 9.998E-05 9.998E-05
0.0930178 0.0354454 0.585954 0.285583
0.27567 0.0813709 0.290005 0.352955
0.10283 9.9991E-05 0.559793 0.337276
0.109652 0.192369 0.234162 0.463818
