0.232442 0.0324492 9.9973E-05 0.00551281 0.729296 9.9973E-05 9.9973E-05
0.179244 9.9991E-05 0.129575 0.275584 0.152931 0.0234333 0.239134
0.191234 0.0342094 9.9982E-05 0.0330344 0.32675 9.9982E-05 0.414572
9.999E-05 0.109283 0.0711461 0.0683374 0.620483 0.0768159 0.0538343
0.00388085 0.105437 0.0704998 0.0388545 0.172819 0.104395 0.504115
9.9973E-05 0.052863 9.9973E-05 9.9973E-05 0.0240202 0.0573234 0.865493
0.0733215 0.200392 9.9991E-05 0.0166661 0.251301 0.00573052 0.452488
0.0705867 0.0821523 0.0296161 0.342757 0.199759 0.0220393 0.25309
0.363778 0.0649179 0.0594285 9.9991E-05 0.11468 0.0674362 0.329659
0.364511 0.121359 0.121926 0.00922926 0.181816 0.149106 0.0520518
0.422131 0.0868972 0.012984 9.9991E-05 0.130836 0.254559 0.0924921
0.421132 0.0802034 0.0774806 9.9973E-05 9.9973E-05 9.9973E-05 0.420884
0.0454272 0.121153 0.0189149 0.0355679 0.179311 0.101606 0.498019
0.0478406 0.0873988 0.057659 0.163849 0.126017 0.0825694 0.434666
9.9973E-05 0.114147 9.9973E-05 0.169777 9.9973E-05 0.0108366 0.70494
9.999E-05 0.20016 0.193879 0.299119 0.142096 0.0275933 0.137053
9.9991E-05 0.0534223 0.0169095 0.29483 0.0362194 0.18961 0.408909
0.239772 0.242656 0.196243 0.0484024 0.16991 0.07008 0.0329369
0.328323 0.200737 9.9973E-05 9.9973E-05 0.230031 9.9973E-05 0.24061
0.00941601 0.0530544 0.0593518 0.0776148 0.446774 0.0393962 0.314393
0.262929 0.160374 9.9982E-05 9.9982E-05 0.390685 0.0702882 0.115523
0.467202 0.110926 9.9982E-05 0.118797 0.0842818 9.9982E-05 0.218593
0.00741092 0.133806 0.0448067 0.0421681 0.447879 0.0759724 0.247956
9.9982E-05 0.0232602 0.119006 9.9982E-05 0.289486 0.0419824 0.526066
0.391031 0.136557 9.9973E-05 9.9973E-05 9.9973E-05 0.293519 0.178593
9.999E-05 0.00440549 0.105649 0.107394 0.437673 0.0432109 0.301568
0.241181 0.181781 0.153455 0.240473 0.0773832 0.105627 9.9991E-05
0.146616 0.0827023 0.0867984 0.0265609 9.9991E-05 0.12 0.537223
0.0266695 9.9991E-05 0.167007 0.0339908 0.0585773 0.0543566 0.659299
9.99819E-05 0.0404183 0.53422 0.0319188 0.160143 9.99819E-05 0.2331
0.148072 0.0695192 0.120268 0.0274138 9.9991E-05 0.139954 0.494673
0.699547 0.15619 0.00917705 9.9982E-05 9.9982E-05 0.118598 0.0162884
9.9991E-05 0.0937767 0.150185 0.00355183 0.33502 0.0303997 0.386966
9.9982E-05 0.129967 9.9982E-05 0.0894686 0.301004 0.138508 0.340852
0.156804 0.169314 9.9982E-05 9.9982E-05 0.270657 0.144814 0.258211
9.99551E-05 0.109128 9.99551E-05 9.99551E-05 0.890372 9.99551E-05 9.99551E-05
9.9973E-05 9.9973E-05 0.0431235 9.9973E-05 0.518238 0.191931 0.246407
0.482767 0.0236511 0.157706 9.9982E-05 0.229968 0.105707 9.9982E-05
9.9973E-05 0.0854804 0.0419803 9.9973E-05 9.9973E-05 0.0985866 0.773653
0.178562 0.157341 0.0138398 0.213405 0.358432 0.0783201 9.9991E-05
0.281752 0.0135722 0.0583217 0.188067 9.9991E-05 0.0962143 0.361973
0.0336996 0.0769915 0.00478891 0.245634 0.349025 0.18615 0.10371
0.0401195 0.0842197 0.0666273 0.206912 0.296914 0.133075 0.172133
0.446983 9.9973E-05 0.129677 9.9973E-05 0.334322 9.9973E-05 0.0887183
0.613364 0.105366 0.12664 0.0835792 0.0708503 9.9982E-05 9.9982E-05
0.125691 0.0333868 9.9982E-05 9.9982E-05 0.138759 0.238203 0.46376
0.231669 0.017582 0.0813035 0.00800241 0.187101 9.9991E-05 0.474242
0.134469 0.0347519 0.103816 0.173033 0.212009 9.9991E-05 0.341821
0.457101 0.105106 0.112819 0.104921 0.0285396 9.9991E-05 0.191414
0.211448 0.0611439 0.117234 0.158956 0.232392 9.9991E-05 0.218727
0.23693 0.201579 0.0655971 0.125197 0.143234 0.0476858 0.179777
0.304737 0.123486 0.0669434 0.180792 0.249199 0.0385474 0.036294
0.115076 0.0375584 0.0354495 0.586081 0.117118 0.0801064 0.0286106
0.0574556 0.102559 0.128296 0.165251 0.00253573 0.144163 0.399739
0.691028 9.9964E-05 0.0892115 0.219361 9.9964E-05 9.9964E-05 9.9964E-05
9.9982E-05 0.172475 0.0574287 9.9982E-05 0.319765 0.0785133 0.371618
0.888367 0.0449256 9.99641E-05 0.0663073 9.99641E-05 9.99641E-05 9.99641E-05
0.526284 0.0346864 0.0393096 9.9991E-05 0.261005 0.0574856 0.0811293
0.350696 0.0685104 0.0117061 0.191589 0.172859 0.0345947 0.170044
0.310033 0.0410821 0.0192825 0.0191857 0.0704436 0.1759 0.364073
0.0125332 0.0225365 0.065137 9.9991E-05 0.616378 0.0506406 0.232674
0.0620901 0.224953 0.045487 0.0891909 0.25555 0.0450247 0.277705
0.0507256 0.126436 9.9982E-05 0.0693999 0.198205 9.9982E-05 0.555033
9.9973E-05 0.0503398 0.895022 0.0356628 0.0186754 9.9973E-05 9.9973E-05
0.0241007 0.00789917 9.9991E-05 0.101077 0.43485 0.168177 0.263796
9.9955E-05 0.0790851 9.9955E-05 9.9955E-05 0.920415 9.9955E-05 9.9955E-05
0.231536 0.117467 9.9991E-05 0.0508806 0.434606 0.133179 0.0322308
0.0955382 0.0751333 0.0253964 9.9973E-05 9.9973E-05 9.9973E-05 0.803632
9.9973E-05 0.0125802 0.159119 9.9973E-05 0.513718 9.9973E-05 0.314283
0.0752675 0.17771 0.165181 0.211022 0.222609 0.0408779 0.107333
0.484846 0.0449735 0.105188 0.00463275 9.9991E-05 0.237343 0.122917
0.0549467 0.164736 0.0487453 0.215034 0.0695105 0.0265271 0.420501
9.9991E-05 0.123919 0.150031 0.139851 0.0881032 0.0429518 0.455043
0.118517 0.0446043 9.9982E-05 0.104182 9.9982E-05 0.125221 0.607276
0.27506 0.0107022 0.0862786 0.161445 9.9991E-05 0.077774 0.38864
0.222417 0.0459537 9.9982E-05 0.357882 9.9982E-05 0.131374 0.242173
0.181774 0.125762 0.0225957 0.00589028 0.0157522 0.0168581 0.631368
9.9982E-05 0.0313473 0.0612076 9.9982E-05 0.537949 0.0818967 0.287399
9.9973E-05 9.9973E-05 9.9973E-05 0.03355 0.524655 0.0552087 0.386286
9.9991E-05 0.103356 0.139477 0.0897379 0.218215 0.0589415 0.390173
0.235193 0.102568 0.0640278 0.164255 0.31804 0.0293327 0.0865826
0.0594612 0.0578329 0.0416804 9.9991E-05 0.403477 0.0981495 0.339299
0.38012 0.00695231 0.264581 9.9982E-05 0.293012 0.0551348 9.9982E-05
0.00295389 0.134106 0.194993 0.192475 0.0800338 0.171234 0.224205
0.16324 0.0758531 0.0340892 0.0271757 0.173809 0.00930684 0.516526
0.464005 0.0282095 9.9991E-05 0.126819 0.250071 0.109148 0.0216478
9.9973E-05 0.061659 0.0117721 9.9973E-05 0.706327 9.9973E-05 0.219942
0.509548 0.170321 9.9973E-05 9.9973E-05 9.9973E-05 0.0725907 0.24724
0.00472954 0.105192 0.201891 0.143689 0.0510487 0.08326 0.41019
0.589264 0.0619722 9.9982E-05 0.0487965 0.143375 9.9982E-05 0.156393
9.9955E-05 9.9955E-05 0.975046 9.9955E-05 9.9955E-05 0.0244541 9.9955E-05
0.402804 0.0894036 9.9982E-05 0.00988733 9.9982E-05 0.0620918 0.435613
9.9964E-05 0.118315 9.9964E-05 9.9964E-05 0.641659 9.9964E-05 0.239626
0.0536441 0.0714122 0.0611344 0.273142 0.115459 9.9991E-05 0.425108
9.9973E-05 0.0520164 9.9973E-05 0.0916635 0.753044 0.102976 9.9973E-05
9.9982E-05 9.9982E-05 0.104941 0.14824 0.405191 0.0543549 0.287074
0.356661 9.9982E-05 0.0189613 0.220766 0.356804 0.0466073 9.9982E-05
0.296084 0.037699 0.0307058 9.9991E-05 0.0272206 0.127709 0.480482
9.9973E-05 0.136305 0.334478 9.9973E-05 0.0369131 9.9973E-05 0.492004
9.9982E-05 9.9982E-05 0.340269 0.0033365 0.244791 0.0042673 0.407135
0.016125 0.103681 0.120804 9.9982E-05 0.117271 9.9982E-05 0.641919
9.995E-05 9.995E-05 0.9994 9.995E-05 9.995E-05 9.995E-05 9.995E-05
0.10482 0.0817987 0.073784 0.191418 0.0804553 0.173057 0.294667
9.99729E-05 0.032103 0.00292842 9.99729E-05 0.0108384 0.95383 9.99729E-05
0.191152 0.0942114 0.0151431 0.239917 0.293902 0.132009 0.0336657
0.225939 0.0548527 9.9982E-05 0.267454 0.116519 9.9982E-05 0.335035
0.263981 9.9982E-05 0.00489902 0.23246 0.271069 9.9982E-05 0.227391
9.9991E-05 0.153606 0.0451502 0.0810109 0.229999 0.156237 0.333897
0.136246 0.0964968 0.135048 0.162636 9.9991E-05 0.0233582 0.446115
0.137085 0.0914879 0.152266 0.0271664 0.27985 9.9991E-05 0.312044
9.9982E-05 0.108968 9.9982E-05 0.0481148 0.129631 0.0977415 0.615344
0.463662 0.138883 0.0774095 0.00709634 0.0510102 9.9991E-05 0.261839
0.0643089 0.0192334 0.0131372 0.25715 0.370091 0.0908256 0.185254
9.9973E-05 0.115811 0.371076 9.9973E-05 9.9973E-05 0.00949503 0.503318
0.0231605 0.00719296 9.9991E-05 0.0572289 0.35537 0.049065 0.507882
9.995E-05 9.995E-05 0.9994 9.995E-05 9.995E-05 9.995E-05 9.995E-05
0.13121 0.00882436 9.9982E-05 0.0808722 9.9982E-05 0.224753 0.55414
0.147787 0.120609 0.0605521 0.101337 0.563204 0.00641135 9.9991E-05
0.239703 0.0359412 0.0380513 0.0338496 0.0753875 9.9991E-05 0.576967
0.385297 0.162333 0.119564 9.9991E-05 0.00314109 0.0602259 0.269339
0.0181464 0.242875 0.0107102 0.106311 0.3615 0.165558 0.0948994
9.9973E-05 0.125594 0.370657 9.9973E-05 0.201394 9.9973E-05 0.302055
0.173387 0.173552 0.172252 0.024862 0.193579 0.13475 0.127619
0.179376 0.0294334 9.9991E-05 0.22227 0.0265711 0.0724891 0.469761
0.419876 0.104798 0.107819 9.9982E-05 9.9982E-05 0.0632504 0.304056
9.99641E-05 0.0608108 0.0284479 9.99641E-05 9.99641E-05 9.99641E-05 0.910341
0.304091 0.124183 9.9991E-05 0.12432 0.0809621 0.0194471 0.346896
0.38439 0.0849829 0.122058 9.9991E-05 0.263939 0.0130044 0.131526
0.495231 0.0334757 9.9982E-05 0.0944498 0.141314 9.9982E-05 0.235329
0.427082 0.116223 0.170826 0.0485591 0.193924 0.0432863 9.9991E-05
0.0321857 0.0691924 0.0156938 9.9982E-05 0.564952 9.9982E-05 0.317776
9.9973E-05 0.0991965 9.9973E-05 9.9973E-05 0.192469 0.0451965 0.662838
0.0531196 0.0270328 0.30085 0.0261702 0.14345 9.9991E-05 0.449278
0.124447 0.135133 0.15758 0.176187 0.0257323 0.0568827 0.324038
9.9982E-05 0.0841753 0.0302157 9.9982E-05 0.318337 0.077671 0.489401
0.390941 0.167458 0.0422469 9.9991E-05 0.0922642 0.113723 0.193267
9.995E-05 9.995E-05 9.995E-05 0.9994 9.995E-05 9.995E-05 9.995E-05
9.995E-05 9.995E-05 9.995E-05 0.9994 9.995E-05 9.995E-05 9.995E-05
0.472018 0.0701578 0.0612663 0.0638376 0.143675 0.0316241 0.157421
0.168105 0.0491932 0.0552316 9.9991E-05 0.336144 0.153978 0.237249
0.0778551 0.166876 0.0183131 9.9991E-05 0.157311 0.111067 0.468477
0.0368965 0.116686 0.00054914 0.169972 9.9991E-05 0.0925435 0.583253
0.413864 0.0259545 0.0496115 9.9991E-05 0.222546 0.07455 0.213374
0.591956 0.0695852 0.0733718 9.9991E-05 0.0303515 0.00516109 0.229474
9.9991E-05 0.10003 0.0746192 0.245156 0.147742 0.092941 0.339412
9.9982E-05 0.148934 0.385032 9.9982E-05 0.242877 0.0132328 0.209724
0.0754484 0.0739312 9.9991E-05 0.0758362 0.0900609 0.0291202 0.655503
9.995E-05 0.9994 9.995E-05 9.995E-05 9.995E-05 9.995E-05 9.995E-05
9.9982E-05 0.0792316 9.9982E-05 0.0685168 0.658176 0.0924138 0.101462
9.9982E-05 0.0109503 9.9982E-05 0.244044 0.432572 0.232121 0.0801132
0.461737 0.10481 0.0888647 9.9982E-05 9.9982E-05 0.0847254 0.259663
0.0349031 0.109122 9.9991E-05 0.102433 0.302885 0.24762 0.202937
0.328085 0.193291 0.154931 0.0659575 0.0370038 0.0921711 0.128561
0.284619 0.0577081 0.149324 0.249833 9.9982E-05 9.9982E-05 0.258317
0.189028 0.0824179 0.0558157 0.0706526 0.0895066 9.9991E-05 0.512479
9.9991E-05 0.146522 0.195519 0.194636 0.129611 0.0303588 0.303253
0.434427 0.106204 0.00564372 9.9982E-05 0.298143 9.9982E-05 0.155383
9.9991E-05 0.0643554 0.184657 0.0795195 0.115536 0.0887738 0.467058
9.9964E-05 9.9964E-05 0.0757845 0.114573 0.809242 9.9964E-05 9.9964E-05
0.174708 0.127878 0.134026 0.197146 0.00793489 0.0409748 0.317333
0.0326683 0.154449 0.0773919 9.9991E-05 0.416085 0.107731 0.211574
9.995E-05 0.9994 9.995E-05 9.995E-05 9.995E-05 9.995E-05 9.995E-05
9.9982E-05 0.491034 9.9982E-05 0.139325 0.0573261 0.00392426 0.308191
0.0888209 9.9991E-05 0.0217576 0.417729 0.204014 0.0637439 0.203834
0.557075 0.167252 0.0408802 0.141873 9.9991E-05 0.020211 0.0726089
0.0327295 0.111626 9.9973E-05 9.9973E-05 0.749002 0.106343 9.9973E-05
0.228251 0.0689986 9.9982E-05 0.0662621 0.340932 9.9982E-05 0.295357
0.144951 0.104915 9.9982E-05 0.0991737 9.9982E-05 0.162487 0.488273
9.995E-05 9.995E-05 9.995E-05 0.9994 9.995E-05 9.995E-05 9.995E-05
9.9982E-05 0.165553 0.126322 0.0584357 0.1883 9.9982E-05 0.461189
0.187576 9.9991E-05 0.0849415 0.102666 0.145952 0.0134554 0.465309
0.285541 0.0782673 0.0759195 0.185968 0.124711 0.0824807 0.167113
0.022691 0.134562 0.122546 0.0477538 0.62405 0.00111095 0.0472856
0.531375 9.9973E-05 9.9973E-05 0.353395 0.0157325 0.0991972 9.9973E-05
9.9982E-05 0.138641 9.9982E-05 0.0632339 0.281848 0.103873 0.412204
0.156846 9.9973E-05 9.9973E-05 9.9973E-05 0.108596 0.19163 0.542628
0.0649748 0.106391 9.9991E-05 0.1057 0.314054 0.0508765 0.357904
0.42868 0.0145502 0.0376406 0.201294 0.231372 0.0863641 9.9991E-05
9.995E-05 9.995E-05 9.995E-05 9.995E-05 9.995E-05 0.9994 9.995E-05
0.55539 0.0537691 0.0269719 0.139502 0.19149 0.0327778 9.9991E-05
9.9982E-05 0.075812 0.17319 0.128294 9.9982E-05 0.0491934 0.573312
0.27527 0.234509 0.0497531 9.9991E-05 0.0781359 0.0247092 0.337523
0.176639 0.0754695 0.00984754 0.388145 0.139331 9.9991E-05 0.210468
0.129338 9.9982E-05 0.0828477 0.0669211 0.49996 9.9982E-05 0.220733
0.013564 0.029239 0.0628636 0.188029 0.570072 0.0692718 0.0669611
9.995E-05 9.995E-05 9.995E-05 9.995E-05 9.995E-05 0.9994 9.995E-05
0.226065 0.162201 9.9982E-05 9.9982E-05 0.25089 0.00289621 0.357748
0.0995335 0.134738 0.0640378 0.126357 0.216497 0.230585 0.128252
9.9982E-05 0.0580111 0.0357859 0.100742 0.49742 9.9982E-05 0.307841
0.355184 0.0668411 0.13828 0.318624 9.9982E-05 9.9982E-05 0.120871
