0.019163 0.537296 0.283151 9.9991E-05 0.16029
0.312305 0.227277 0.0641921 0.152827 0.243399
0.14363 0.602511 0.213056 0.00465735 0.0361456
0.00926847 0.663571 0.142242 9.9991E-05 0.184818
0.154276 0.32225 0.350999 0.0996397 0.0728348
0.26496 0.579911 0.0580321 0.0402239 0.0568724
0.00131615 0.564648 0.346136 9.9991E-05 0.0878002
0.218808 0.323852 0.137104 0.0621987 0.258037
9.999E-05 0.0878361 0.383467 0.0280864 0.500511
0.142604 9.9991E-05 0.262652 0.168752 0.425892
0.374294 0.0262552 0.201975 0.0685827 0.328893
0.0590221 9.9991E-05 0.271734 0.0662118 0.602932
0.0209352 0.495841 0.373897 0.0846143 0.0247131
0.215787 0.344478 0.27145 0.159538 0.00874674
0.356684 0.143696 0.49942 9.9982E-05 9.9982E-05
0.252249 0.118947 0.229841 0.215233 0.18373
0.438201 0.133235 0.303332 0.125132 9.9991E-05
0.23199 0.242956 0.343869 0.181085 9.9991E-05
9.9991E-05 0.392954 0.188499 0.0557278 0.362719
0.0582301 0.44251 0.226557 0.17164 0.101064
0.0245137 0.281855 0.474655 9.9991E-05 0.218876
0.148426 0.519133 0.228809 9.9991E-05 0.103532
0.0891661 0.320479 0.329564 0.0270305 0.23376
0.178919 0.548757 0.0689568 0.203267 9.9991E-05
0.389925 9.9982E-05 0.240401 9.9982E-05 0.369474
0.0972578 0.415896 0.150179 0.144472 0.192196
0.119219 0.211381 0.208748 0.20572 0.254931
0.259344 0.389941 0.109745 0.10682 0.13415
0.2016 0.394762 0.0570259 0.225107 0.121506
0.0421591 0.0696862 0.119693 0.768362 9.9991E-05
0.284384 9.9991E-05 0.177774 0.0616781 0.476064
0.0767999 9.9991E-05 0.0803625 0.067789 0.774949
9.9982E-05 0.788333 0.141744 0.0697227 9.9982E-05
0.245926 0.397153 0.285434 0.0538225 0.0176635
0.274616 0.115019 0.416848 0.0187086 0.174809
9.9982E-05 0.393665 0.308506 9.9982E-05 0.297629
0.18758 0.747697 0.0645235 9.9982E-05 9.9982E-05
0.099973 0.0450884 0.166427 0.0695984 0.618913
0.283746 0.285987 0.254392 0.155767 0.0201077
0.217196 0.290298 0.150204 9.9991E-05 0.342201
0.0495161 0.32954 0.101944 0.226012 0.292988
0.332968 0.656588 0.0102438 9.9982E-05 9.9982E-05
0.2462 0.623181 0.118798 0.0117211 9.9991E-05
9.9982E-05 0.287335 9.9982E-05 0.184065 0.528399
9.9982E-05 9.9982E-05 0.270358 0.111181 0.618261
0.414754 0.156489 0.121458 0.0240194 0.28328
9.9991E-05 0.429606 0.21208 0.120782 0.237432
0.0967472 0.597826 9.9991E-05 0.0542499 0.251076
0.236764 0.189983 0.0429743 0.240632 0.289647
0.0940398 0.346045 0.183096 0.10329 0.273529
0.145067 9.9991E-05 0.48084 0.119536 0.254458
0.0961438 0.20968 0.35575 0.0262213 0.312204
0.148622 0.535611 0.000616635 0.120507 0.194644
0.289233 0.412453 0.198443 0.0997711 9.9991E-05
0.0488946 0.0386232 9.9991E-05 0.138012 0.77437
0.198375 0.486517 0.231664 9.9991E-05 0.0833436
9.9982E-05 9.9982E-05 0.0304547 0.0320695 0.937276
0.00663084 0.22181 9.9991E-05 0.068406 0.703053
0.213321 0.232679 0.112755 0.142785 0.298461
0.321783 0.116652 0.196451 9.9991E-05 0.365014
0.114241 0.782522 0.0280191 0.0751179 9.9991E-05
0.233199 0.359245 0.319602 0.0878542 9.9991E-05
9.9991E-05 0.334659 0.438274 0.0525038 0.174464
9.9973E-05 9.9973E-05 0.104723 0.894977 9.9973E-05
0.342862 0.471364 0.0800596 9.9991E-05 0.105614
9.9982E-05 0.777995 0.191087 9.9982E-05 0.0307182
0.158684 0.51987 0.193133 0.0808249 0.0474878
0.0959358 0.284926 0.297656 0.121335 0.200147
0.0718523 0.662631 0.129042 0.0921558 0.0443185
0.157515 0.379993 0.128456 0.299663 0.034373
0.580435 0.0518815 0.0258051 0.0934755 0.248403
0.120318 0.301177 0.400461 0.170664 0.00737913
0.132548 0.205211 0.343002 0.203476 0.115763
0.353974 0.265234 0.11473 0.171319 0.0947424
0.312819 0.0710951 0.198701 0.222869 0.194516
0.403784 9.9991E-05 0.165299 0.0743324 0.356484
0.122012 0.46523 0.304605 0.00941843 0.0987348
0.271148 0.452364 0.159148 0.11724 9.9991E-05
0.230549 0.73125 0.0380012 9.9982E-05 9.9982E-05
0.171741 0.414669 0.167831 0.215716 0.0300437
0.0899823 0.302831 0.300928 0.0789453 0.227314
0.0658709 0.417992 0.253209 0.0862784 0.176649
0.102725 0.155219 0.0929203 0.268285 0.380852
0.300557 0.154506 0.169579 0.237655 0.137703
0.15397 0.533453 0.252595 0.0598829 9.9991E-05
0.0237007 0.275196 0.0640475 9.9991E-05 0.636956
0.0845222 0.729126 0.178423 0.00782944 9.9991E-05
0.145563 9.9982E-05 0.485743 9.9982E-05 0.368494
0.148379 0.288149 0.229087 0.305919 0.0284659
9.9982E-05 0.25771 0.161379 9.9982E-05 0.580711
9.997E-05 9.997E-05 9.997E-05 0.9996 9.997E-05
0.161341 9.9991E-05 0.407652 0.0150998 0.415807
0.0269736 0.587526 0.251773 9.9991E-05 0.133628
0.0880987 0.135928 0.367556 0.130584 0.277833
0.231309 0.617557 0.150934 9.9982E-05 9.9982E-05
0.0985285 0.741078 0.0985784 0.0617151 9.9991E-05
0.0974521 0.366759 9.9991E-05 0.0870032 0.448686
0.416116 0.426494 0.0612333 9.9991E-05 0.0960569
9.9982E-05 0.218975 0.294626 0.486199 9.9982E-05
0.0558819 0.304203 0.0269005 0.461298 0.151716
0.107749 0.210603 0.167278 0.261193 0.253178
9.997E-05 9.997E-05 9.997E-05 0.9996 9.997E-05
0.303006 0.340125 0.208625 0.0568026 0.0914414
0.9996 9.997E-05 9.997E-05 9.997E-05 9.997E-05
0.136017 0.124988 0.223088 0.0935026 0.422404
0.085397 0.302753 0.174197 9.99969E-05 0.437553
0.140881 0.44764 0.189423 0.112385 0.109671
9.9982E-05 0.470365 0.119263 9.9982E-05 0.410172
0.357719 9.9991E-05 0.266362 0.26382 0.111999
0.0924678 0.425463 0.223655 0.0824614 0.175953
0.122878 0.628899 0.240149 9.9991E-05 0.00797458
0.00601017 0.0650233 0.242828 0.260542 0.425597
0.110893 0.262154 0.0989716 0.118027 0.409955
0.0509949 0.268332 0.249519 0.431055 9.9991E-05
0.102503 0.587092 0.228297 0.0519674 0.0301412
9.997E-05 9.997E-05 9.997E-05 0.9996 9.997E-05
0.405706 0.130704 0.0549624 0.0605318 0.348096
0.0168191 0.602994 0.258877 0.0066417 0.114669
9.9991E-05 0.475679 0.162801 0.0351928 0.326227
9.9991E-05 0.110234 0.346717 0.111901 0.431048
0.072746 0.652646 0.259953 0.0145543 9.9991E-05
0.0096041 0.12676 0.376245 0.487291 9.9991E-05
0.166261 0.482463 0.202525 0.148651 9.9991E-05
0.0713947 0.313176 0.245027 9.9991E-05 0.370302
0.125105 0.0577045 0.136052 0.181817 0.499321
0.328769 0.233854 0.228323 0.185671 0.0233834
0.0367683 0.113031 0.313863 0.00453078 0.531806
0.0928205 0.225937 0.1409 0.181391 0.358952
0.0505847 0.10058 0.0813432 9.9991E-05 0.767392
0.111224 9.9991E-05 0.177346 0.140079 0.571252
9.9982E-05 0.646256 0.33743 0.0161143 9.9982E-05
0.140611 0.689427 0.0926501 0.0195823 0.0577302
0.201317 0.215867 0.19944 0.240867 0.14251
0.166173 0.269988 0.34362 0.220118 9.9991E-05
0.0760392 0.65065 0.0437072 9.9991E-05 0.229503
0.0972816 9.9991E-05 0.288645 0.0801457 0.533828
0.123975 0.336426 0.012561 0.095275 0.431763
0.206866 0.437092 9.9991E-05 0.122455 0.233487
0.0391556 0.32086 0.240703 0.0894365 0.309844
0.190598 0.374072 0.113202 0.072476 0.249653
0.1157 0.302785 0.35316 0.0155809 0.212774
0.323623 9.9991E-05 0.351927 0.173357 0.150992
0.11948 0.266484 0.0810047 0.115466 0.417565
0.108513 0.191681 0.190112 0.0528529 0.456842
0.239279 0.410874 0.253226 0.0965211 9.9991E-05
0.038934 0.187408 0.341086 0.432472 9.9991E-05
0.272138 0.460011 0.152349 0.115403 9.9991E-05
9.997E-05 9.997E-05 0.9996 9.997E-05 9.997E-05
0.0699867 0.613251 0.209846 9.9991E-05 0.106816
0.310511 0.68179 9.9982E-05 9.9982E-05 0.00749844
0.0573371 9.9991E-05 0.184964 0.0175467 0.740053
0.343468 0.37665 0.279681 9.9982E-05 9.9982E-05
0.194711 0.11955 0.315996 0.174177 0.195565
0.195144 0.242171 0.216097 0.16021 0.186378
0.0289476 0.211252 0.22314 0.00522934 0.531431
0.161945 0.403012 0.247825 0.172916 0.0143027
9.9982E-05 0.468103 0.165663 9.9982E-05 0.366034
0.137219 0.397322 0.164642 0.145052 0.155765
9.9982E-05 0.872304 9.9982E-05 0.04801 0.0794858
0.118084 0.275709 0.269738 0.111854 0.224616
9.9991E-05 0.278873 0.424909 0.0765247 0.219593
9.997E-05 9.997E-05 0.9996 9.997E-05 9.997E-05
0.0582207 0.0461606 0.895419 9.9982E-05 9.9982E-05
0.238836 0.640755 9.9991E-05 0.0481125 0.0721959
0.170237 0.211826 0.195598 0.115769 0.306571
9.9982E-05 0.5048 0.174699 9.9982E-05 0.320301
0.0536466 0.304182 0.213597 9.9991E-05 0.428474
0.445538 0.275066 0.211368 9.9991E-05 0.0679277
0.371249 0.352336 0.0981364 0.137005 0.0412745
9.9982E-05 0.391033 0.498787 0.10998 9.9982E-05
0.137363 0.105385 0.0579187 0.169662 0.529671
0.293138 0.322535 0.0976864 0.132605 0.154036
0.104187 0.308015 0.319049 0.159774 0.108976
0.625835 0.200031 9.9991E-05 0.00360871 0.170425
0.211029 0.382599 0.257677 9.9991E-05 0.148594
0.44915 0.508122 0.0248703 0.0177575 9.9991E-05
0.0015852 0.0766429 0.581926 9.9991E-05 0.339746
0.104294 0.0741088 0.165969 0.0254458 0.630182
0.9996 9.997E-05 9.997E-05 9.997E-05 9.997E-05
0.137492 0.432255 9.9991E-05 0.0960322 0.33412
0.256408 0.0313586 0.411626 0.300507 9.9991E-05
9.9991E-05 0.14214 0.405839 0.198695 0.253226
0.200726 0.375787 0.12295 0.108263 0.192274
9.9991E-05 0.701503 0.0516934 0.172881 0.0738231
0.00561637 0.357286 0.292119 0.00157839 0.343401
0.9996 9.997E-05 9.997E-05 9.997E-05 9.997E-05
0.0810935 0.479367 0.3319 9.9991E-05 0.107539
0.499425 0.197578 0.173151 0.129746 9.9991E-05
0.00578147 0.766284 0.196924 9.9991E-05 0.0309104
0.0447947 0.277246 0.169887 0.172999 0.335074
