0.000846216 0.0182088 0.0498867 9.9973E-05 0.817598 0.11316 9.9973E-05 9.9973E-05
0.0703812 0.10727 0.19786 0.299441 0.0151933 9.9991E-05 0.0137991 0.295956
0.128183 0.0315725 0.124839 9.9982E-05 0.264267 0.181436 9.9982E-05 0.269502
0.0120365 0.0492691 0.0398413 9.9991E-05 0.340874 0.0459926 0.111274 0.400612
0.014824 0.0831417 9.9991E-05 0.221113 0.0780997 0.0582386 0.105744 0.438739
9.9982E-05 0.0531965 9.9982E-05 0.134987 0.0468937 0.10262 0.0458334 0.61627
9.9982E-05 0.027834 9.9982E-05 0.0146449 0.321563 0.0807572 0.0776255 0.477376
0.0301797 0.078478 0.417706 0.0846641 0.209043 0.0467297 0.0237765 0.109423
0.0818648 0.00939858 0.064805 9.9991E-05 0.127061 0.516575 0.0229985 0.177197
0.158853 0.182047 9.9991E-05 0.0452535 0.127092 0.380781 0.0417428 0.0641303
9.999E-05 0.198439 0.0968514 0.00107045 0.00209807 0.571763 0.11307 0.016609
0.0493016 9.9973E-05 9.9973E-05 0.349521 9.9973E-05 0.483835 0.0403973 0.0766452
0.0313865 0.0263215 0.0317492 0.0669509 0.0830526 0.207443 0.10884 0.444256
0.0872456 0.113884 0.0713751 0.38429 0.247211 9.9991E-05 0.0439566 0.0519373
9.99639E-05 0.00799718 0.0875605 0.856054 9.99639E-05 9.99639E-05 0.0479889 9.99639E-05
0.148785 0.0777 0.396038 0.161841 0.142216 9.9982E-05 0.0732202 9.9982E-05
9.99459E-05 0.0534663 9.99459E-05 0.945934 9.99459E-05 9.99459E-05 9.99459E-05 9.99459E-05
0.120087 0.0369638 0.151876 0.28777 0.0904503 0.015732 0.101809 0.195312
0.0696273 9.9991E-05 0.0546412 0.176644 0.168632 0.300046 0.0842683 0.146041
0.0773782 0.082364 0.105028 0.00469119 0.232323 0.151136 0.0623516 0.284728
9.999E-05 0.0715558 0.201505 0.00602022 0.2462 0.378352 0.0900138 0.0062539
9.9982E-05 0.059052 0.0621519 0.211676 0.192116 0.394519 0.0802857 9.9982E-05
0.0559041 0.0454429 0.123277 0.120498 0.0703781 0.134073 0.107499 0.342928
0.150116 0.02208 0.109929 0.0488092 0.21224 9.9991E-05 0.0179764 0.438749
9.9964E-05 0.171635 9.9964E-05 0.106971 9.9964E-05 0.608962 0.112033 9.9964E-05
0.0728889 9.9964E-05 0.0416035 0.489166 0.395942 9.9964E-05 9.9964E-05 9.9964E-05
0.0950127 0.0714263 0.297558 0.0645728 0.161037 0.213646 0.096648 9.9991E-05
0.118535 0.160834 0.155653 0.202657 0.21061 9.9991E-05 0.0772394 0.0743721
0.0256687 0.0574727 0.189597 0.360524 0.00161282 0.0652991 9.9991E-05 0.299726
0.55377 0.0119406 0.16844 0.0365819 0.0935769 9.9991E-05 0.0154072 0.120183
0.0804075 0.0991417 0.154229 9.9982E-05 9.9982E-05 0.413385 0.00353371 0.249103
0.0357713 0.00394132 9.9964E-05 9.9964E-05 9.9964E-05 0.733246 9.9964E-05 0.226641
0.13724 0.0137393 9.9982E-05 0.304496 0.12073 9.9982E-05 0.125166 0.298429
9.999E-05 0.0652147 0.18181 0.151512 0.0354539 0.0217673 0.0593249 0.484818
9.9982E-05 0.108323 9.9982E-05 0.601422 0.0736236 0.088717 0.063594 0.0641208
9.9946E-05 9.9946E-05 9.9946E-05 9.9946E-05 0.975001 9.9946E-05 0.0243992 9.9946E-05
9.9973E-05 0.120459 0.0475651 0.0593203 0.177182 9.9973E-05 9.9973E-05 0.595173
0.0225693 0.149004 9.9973E-05 0.0712181 0.178402 0.578507 9.9973E-05 9.9973E-05
0.109663 0.0392321 0.0341653 0.426024 9.9991E-05 0.0961693 0.0422088 0.252437
0.0036564 0.0599488 0.26105 0.0415544 0.157463 0.00332326 0.138125 0.334879
0.073816 0.069108 0.277298 9.9991E-05 0.106919 0.261855 0.0547463 0.156157
0.0356849 0.0772431 0.279637 9.9982E-05 0.184793 9.9982E-05 0.0805774 0.341865
0.000650877 0.130838 0.345574 0.00848538 0.121242 0.115611 0.0377204 0.239878
0.128711 0.00496124 0.0480289 0.0963071 0.217624 0.259042 9.9991E-05 0.245225
9.9955E-05 9.9955E-05 9.9955E-05 9.9955E-05 9.9955E-05 0.845344 0.0431269 0.111029
0.0553646 0.21413 0.0428166 0.0893874 0.0223636 0.105266 0.0028971 0.467775
9.9982E-05 9.9982E-05 0.0535625 0.220576 0.0914116 0.0661256 0.0298922 0.538232
0.0317197 0.00276895 0.214488 0.270096 9.9991E-05 0.0327463 0.0201368 0.427944
0.115603 9.9982E-05 0.247876 0.117714 9.9982E-05 0.168938 0.0443152 0.305353
0.0774031 9.9991E-05 0.198822 0.467375 0.0789322 0.0829377 0.0410837 0.0533456
0.114176 0.0521742 9.9982E-05 0.263191 0.266207 0.238907 0.0651449 9.9982E-05
0.0747697 9.9991E-05 0.165785 0.033871 0.0524236 0.180868 0.159432 0.332751
0.0681021 0.0740722 0.674403 9.9982E-05 0.0183409 9.9982E-05 0.0418503 0.123032
9.9982E-05 0.164763 0.284872 0.163141 9.9982E-05 0.0103374 0.0411274 0.33556
0.273126 0.0524407 0.193567 0.0589301 0.120337 0.291429 0.0100696 9.9991E-05
9.9964E-05 9.9964E-05 9.9964E-05 0.124769 9.9964E-05 0.142469 0.0758886 0.656474
9.99641E-05 0.0490079 0.0382387 0.0809497 9.99641E-05 0.831404 9.99641E-05 9.99641E-05
0.1334 0.068306 9.9982E-05 9.9982E-05 0.24258 0.463651 0.0405353 0.0513275
0.152046 0.0319748 0.327499 0.0366032 9.9991E-05 0.304471 0.00387337 0.143432
9.9982E-05 0.156449 9.9982E-05 0.0683974 0.102978 0.542531 0.029348 0.100096
0.00558389 9.99639E-05 9.99639E-05 9.99639E-05 0.145223 9.99639E-05 0.0504742 0.798319
9.9982E-05 0.0251528 9.9982E-05 0.258973 0.0336616 0.185315 0.134861 0.361837
9.9982E-05 9.9982E-05 0.122007 0.563439 0.0303711 0.100422 0.0164467 0.167114
0.872049 9.9955E-05 9.9955E-05 9.9955E-05 0.06477 9.9955E-05 0.0626813 9.9955E-05
9.9973E-05 0.134274 0.14907 0.199019 0.299697 9.9973E-05 9.9973E-05 0.21764
9.9946E-05 9.9946E-05 9.9946E-05 9.9946E-05 0.965719 9.9946E-05 0.0336809 9.9946E-05
0.0942769 0.129517 9.9991E-05 0.157688 0.225068 0.0281951 0.0690662 0.296088
0.0521338 0.0252745 0.0185811 0.259087 9.9991E-05 0.258579 0.0237741 0.36247
0.0642799 9.9964E-05 9.9964E-05 0.17403 0.362683 9.9964E-05 9.9964E-05 0.398608
0.152628 0.0883214 0.378608 0.0902984 0.106469 9.9991E-05 0.0912836 0.0922915
0.173168 0.207275 0.0282109 9.9973E-05 9.9973E-05 0.159729 9.9973E-05 0.431318
9.9982E-05 0.0493881 0.00440894 0.57938 0.164629 9.9982E-05 0.112672 0.0893229
0.126059 0.047166 0.0785705 0.312992 0.06542 0.120681 0.0696162 0.179495
0.13026 0.0694425 0.195262 0.336094 9.9982E-05 0.113786 9.9982E-05 0.154954
0.0318278 0.176022 0.135551 0.382115 0.110627 0.130168 9.9991E-05 0.0335892
0.0661404 0.166349 0.622805 9.9982E-05 9.9982E-05 0.0561712 0.0131777 0.0751566
9.9964E-05 9.9964E-05 9.9964E-05 0.194627 9.9964E-05 0.0948515 0.106247 0.603875
9.9973E-05 0.0857692 0.0809211 9.9973E-05 9.9973E-05 0.024478 0.0632021 0.74533
9.9964E-05 0.00291613 0.0559839 0.028088 9.9964E-05 9.9964E-05 9.9964E-05 0.912612
0.0675539 0.0130974 0.000701056 0.0734526 9.9982E-05 9.9982E-05 0.0733826 0.771613
0.0285742 0.0310356 0.19071 0.0345659 0.0927996 0.285549 0.0879371 0.248829
0.0386351 0.0264996 9.9991E-05 0.350103 0.242086 0.000861236 0.0295186 0.312196
0.242149 0.0577 0.106716 9.9973E-05 9.9973E-05 0.239148 9.9973E-05 0.353988
0.122205 0.0547042 0.377593 9.9973E-05 9.9973E-05 9.9973E-05 0.0757863 0.369411
0.0903809 0.0606269 9.9982E-05 0.341639 0.105534 9.9982E-05 0.046103 0.355516
9.9973E-05 0.050358 0.12378 9.9973E-05 0.224619 0.56065 9.9973E-05 0.0402934
9.9982E-05 0.00478902 0.0214546 0.0341666 0.783494 9.9982E-05 0.061814 0.0940822
9.9973E-05 0.0630079 9.9973E-05 0.139431 9.9973E-05 0.48424 0.104129 0.208893
0.144548 0.0653689 0.0426023 0.410164 0.291576 9.9982E-05 0.0455408 9.9982E-05
9.9964E-05 9.9964E-05 0.178181 9.9964E-05 0.203584 0.573087 0.0447475 9.9964E-05
0.972563 0.0268373 9.9946E-05 9.9946E-05 9.9946E-05 9.9946E-05 9.9946E-05 9.9946E-05
0.00811347 0.0926059 9.9973E-05 0.40399 9.9973E-05 0.459391 0.0356 9.9973E-05
9.9982E-05 0.020911 0.117408 9.9982E-05 0.36376 0.0393949 0.107139 0.351187
0.0652534 9.9991E-05 0.383114 0.305526 0.0800296 0.0664305 0.0843628 0.015184
9.9973E-05 0.0821853 0.0380504 9.9973E-05 0.363381 9.9973E-05 0.0488125 0.467271
0.000306803 0.0287918 0.130659 0.0488991 0.199931 0.148721 9.9991E-05 0.442592
0.0633028 0.0811473 0.145987 9.9982E-05 0.358787 0.26469 9.9982E-05 0.0858857
0.0319185 0.0840705 9.99641E-05 0.173923 9.99641E-05 9.99641E-05 9.99641E-05 0.709688
0.30465 9.9973E-05 9.9973E-05 0.289361 0.043736 0.255669 0.106284 9.9973E-05
0.271832 9.9982E-05 0.0494934 0.244093 0.130945 0.23229 9.9982E-05 0.071146
0.159945 0.0345472 9.9991E-05 0.26763 0.207657 0.201331 0.0405639 0.0882264
0.9993 9.994E-05 9.994E-05 9.994E-05 9.994E-05 9.994E-05 9.994E-05 9.994E-05
0.110219 0.158622 0.0348965 0.371874 9.9991E-05 0.145648 0.0590441 0.119596
0.00216757 0.97689 9.99549E-05 9.99549E-05 9.99549E-05 9.99549E-05 0.0204428 9.99549E-05
0.104897 0.0479768 0.308659 0.0727639 0.392456 0.0685214 0.00462587 9.9991E-05
0.00438251 9.9973E-05 0.436717 9.9973E-05 0.140755 0.310926 9.9973E-05 0.10692
9.9991E-05 0.00984588 0.195301 0.344025 0.181142 0.151709 0.00586792 0.112008
9.9973E-05 9.9973E-05 0.121763 9.9973E-05 0.258537 0.243069 0.0294242 0.346907
0.154352 0.078582 0.167949 0.170631 9.9991E-05 0.107866 0.0242073 0.296313
0.106065 0.0181737 9.9991E-05 0.0783182 0.360739 0.0917568 0.0553572 0.28949
9.9991E-05 0.112726 0.0985241 0.139075 0.201237 0.14813 0.0147143 0.285495
0.148474 9.99641E-05 9.99641E-05 9.99641E-05 9.99641E-05 0.55243 0.0915178 0.207178
0.145138 0.0114012 0.348329 0.00351138 0.157476 0.0381141 9.9991E-05 0.295931
0.291597 0.0175851 0.0218338 0.2384 0.106226 0.13095 0.0572467 0.136161
0.0521776 0.128888 0.0845855 0.00266884 0.163971 0.301807 9.9991E-05 0.265802
0.9993 9.994E-05 9.994E-05 9.994E-05 9.994E-05 9.994E-05 9.994E-05 9.994E-05
0.0028131 0.215182 0.0692256 0.292937 0.074037 0.218185 9.9991E-05 0.12752
9.9982E-05 9.9982E-05 0.116692 0.0714779 0.424226 0.0699903 0.0808567 0.236558
9.9955E-05 9.9955E-05 0.130188 9.9955E-05 9.9955E-05 0.231675 9.9955E-05 0.637637
0.0544972 9.9982E-05 0.00602141 0.264055 0.16519 0.449221 0.0608149 9.9982E-05
0.0282042 0.0195406 0.151746 0.159952 0.191321 9.9991E-05 0.0648866 0.384249
0.331845 9.9982E-05 9.9982E-05 0.165318 0.239146 0.0124298 0.0532933 0.197767
0.137996 0.0327533 0.0488959 0.202597 9.9991E-05 0.102988 0.101019 0.373652
9.9982E-05 0.0409556 0.346624 0.105242 9.9982E-05 0.243065 0.00556301 0.25835
0.142758 0.0434426 0.012264 9.9982E-05 9.9982E-05 0.585434 0.0465192 0.169383
9.99551E-05 9.99551E-05 0.0568177 0.668561 9.99551E-05 9.99551E-05 9.99551E-05 0.274122
0.0592859 9.9991E-05 0.144318 0.0290952 0.0542008 0.488337 0.0842501 0.140414
0.175067 0.0757089 9.9991E-05 0.0678662 0.0470777 0.285341 0.0319306 0.316908
9.9991E-05 0.0298265 0.226358 0.1161 0.135562 0.429709 0.0534413 0.00890346
0.159492 0.010473 0.0587888 9.9982E-05 0.0772403 0.651943 0.0418637 9.9982E-05
9.9964E-05 9.9964E-05 9.9964E-05 0.218028 0.537154 0.238053 9.9964E-05 0.00636516
9.9964E-05 9.9964E-05 9.9964E-05 0.0648105 0.100252 9.9964E-05 0.0815789 0.752959
0.218823 9.99731E-05 0.103208 0.148357 9.99731E-05 0.166772 9.99731E-05 0.36254
0.0973454 0.0234293 0.387691 0.0474164 9.9982E-05 9.9982E-05 0.128245 0.315673
0.0751164 0.0482589 0.0329987 0.0308696 0.302663 0.195738 0.0223454 0.29201
0.0345563 0.0310728 9.9982E-05 0.186447 9.9982E-05 0.371378 0.102116 0.27423
9.9946E-05 9.9946E-05 0.982029 9.9946E-05 9.9946E-05 0.0173716 9.9946E-05 9.9946E-05
9.994E-05 9.994E-05 0.9993 9.994E-05 9.994E-05 9.994E-05 9.994E-05 9.994E-05
0.0364911 0.0161969 0.148068 0.0145249 0.00912142 0.472969 0.0790163 0.223613
9.9982E-05 0.0497206 9.9982E-05 0.245296 0.0481514 0.0378303 0.0324177 0.586384
9.9982E-05 0.131922 9.9982E-05 0.16548 0.00922989 0.211656 0.0688856 0.412627
9.9982E-05 0.128909 0.145299 0.192738 9.9982E-05 0.313172 0.0606178 0.159065
0.115751 0.0801298 9.9991E-05 0.0832301 0.0346246 0.382937 0.00872118 0.294506
0.106327 0.0178233 0.000319821 0.0552913 0.30656 0.353858 0.0245288 0.135291
0.0170901 0.0941158 0.0668746 0.280503 0.102716 9.9991E-05 0.0513953 0.387205
0.358004 0.0396511 9.9973E-05 0.0787625 0.385463 9.9973E-05 0.137819 9.9973E-05
9.9991E-05 0.135127 0.165657 0.150678 0.240608 0.101988 0.0608763 0.144965
9.994E-05 9.994E-05 9.994E-05 9.994E-05 9.994E-05 9.994E-05 0.9993 9.994E-05
9.9973E-05 0.0705355 9.9973E-05 9.9973E-05 0.641116 0.032298 0.0592022 0.196548
9.9982E-05 0.204243 0.194334 9.9982E-05 0.201566 0.0334405 0.0615868 0.30463
0.0392937 0.0801066 9.9982E-05 0.178068 0.0420111 0.596169 0.064151 9.9982E-05
9.9991E-05 0.234676 0.123046 0.0202522 0.165443 0.218437 0.0741726 0.163874
0.101123 0.0800837 0.202052 9.9991E-05 0.00783099 0.302792 0.129358 0.176661
9.9982E-05 9.9982E-05 0.343739 0.242389 0.031458 0.19222 0.0374322 0.152561
0.0151256 9.9982E-05 9.9982E-05 0.371435 0.15196 0.280087 0.0541385 0.127054
0.12833 0.0691477 0.150582 0.366918 0.126109 0.0499047 0.106058 0.00295158
0.00113226 9.9973E-05 9.9973E-05 9.9973E-05 0.116378 0.333188 0.0653086 0.483693
0.159554 0.0398585 0.0128014 0.0884571 0.039383 0.37262 0.0572797 0.230047
0.0980922 9.9955E-05 0.117229 9.9955E-05 0.784179 9.9955E-05 9.9955E-05 9.9955E-05
0.11219 0.0077706 0.122727 0.190266 0.129771 0.164164 0.0329159 0.240195
9.9973E-05 9.9973E-05 9.9973E-05 0.157522 0.133095 0.301944 0.06065 0.346489
9.994E-05 9.994E-05 9.994E-05 9.994E-05 9.994E-05 9.994E-05 0.9993 9.994E-05
9.99729E-05 9.99729E-05 0.0801856 0.32143 0.138031 0.0770594 0.382994 9.99729E-05
9.9964E-05 0.101682 0.399592 9.9964E-05 0.0442873 9.9964E-05 9.9964E-05 0.454039
0.0731636 0.0850327 0.139454 0.116429 0.036494 0.241432 0.0899347 0.21806
9.9964E-05 0.00704827 9.9964E-05 9.9964E-05 0.922793 0.0448367 0.0249224 9.9964E-05
9.9991E-05 0.0369517 0.0866738 0.305539 0.139955 0.347221 0.0466038 0.0369554
9.9982E-05 0.181793 0.272555 0.165458 9.9982E-05 0.0831239 0.0189094 0.27796
9.994E-05 9.994E-05 0.9993 9.994E-05 9.994E-05 9.994E-05 9.994E-05 9.994E-05
0.138251 9.9991E-05 0.0644708 0.35947 0.204909 0.115872 0.0640623 0.0528636
0.192396 0.00476815 0.337744 9.9973E-05 9.9973E-05 0.270149 9.9973E-05 0.194644
0.159251 0.174949 0.222154 0.315288 9.9982E-05 0.0460887 0.0820694 9.9982E-05
0.140318 0.00103064 0.0423853 0.149472 0.341785 9.9991E-05 0.0578223 0.267087
9.9973E-05 0.127973 0.466131 0.168348 9.9973E-05 0.113773 9.9973E-05 0.123476
0.00858093 9.9982E-05 0.173144 0.158927 0.293579 9.9982E-05 0.0907395 0.274829
9.9982E-05 0.171901 0.0256901 0.161429 0.0100132 0.089157 9.9982E-05 0.54161
9.9982E-05 9.9982E-05 0.0499301 0.224217 0.0247509 0.446337 0.0686607 0.185904
0.0586611 0.081068 0.13882 0.348383 0.129807 0.243062 9.9982E-05 9.9982E-05
0.0366379 0.942005 9.99549E-05 0.0208576 9.99549E-05 9.99549E-05 9.99549E-05 9.99549E-05
0.0748594 0.0726849 0.0953013 0.0342416 0.0143727 0.537496 9.9991E-05 0.170944
9.99459E-05 0.00815977 9.99459E-05 0.991241 9.99459E-05 9.99459E-05 9.99459E-05 9.99459E-05
0.212689 9.9982E-05 0.00818154 0.223843 0.103192 0.375785 0.0761106 9.9982E-05
0.0153086 0.0736267 0.400182 0.0222548 0.428613 0.0313625 0.0285521 9.9991E-05
0.199996 9.9982E-05 0.120823 0.0027105 0.294618 0.243612 9.9982E-05 0.138041
0.0427824 0.0133557 0.141557 0.0629217 0.334755 0.236458 0.0537774 0.114393
9.994E-05 0.9993 9.994E-05 9.994E-05 9.994E-05 9.994E-05 9.994E-05 9.994E-05
0.0023958 9.9982E-05 9.9982E-05 0.0497617 0.224137 0.204311 0.0932264 0.425967
0.0402793 0.219562 0.0461762 0.430206 0.185521 9.9982E-05 0.0780552 9.9982E-05
9.9982E-05 9.9982E-05 0.135917 0.0347101 0.395506 0.0929703 0.0325148 0.308182
0.0175421 9.9991E-05 0.290372 0.193152 0.0162254 0.347331 0.0192505 0.116027
