0.467196 0.194594 0.17514 9.99731E-05 0.0899873 0.0727828 9.99731E-05 9.99731E-05
0.721063 9.99552E-05 0.24993 9.99552E-05 0.0285069 9.99552E-05 9.99552E-05 9.99552E-05
0.0309436 0.265975 0.134357 9.99821E-05 0.19154 9.99821E-05 0.012313 0.364672
0.185152 0.337136 0.0732814 0.217299 9.9991E-05 0.122059 0.0188449 0.0461262
0.0209848 0.332867 0.487137 9.99731E-05 9.99731E-05 0.145604 0.0131075 9.99731E-05
0.0668032 0.217609 0.268916 0.0880816 0.0130766 0.0838101 9.9991E-05 0.261604
0.0594237 0.139551 0.241261 0.187987 0.186683 0.0625924 0.122402 9.9991E-05
0.0752339 0.00777864 0.804272 0.0616128 9.99732E-05 0.0508028 9.99732E-05 9.99732E-05
9.99642E-05 0.0200174 9.99642E-05 0.429337 9.99642E-05 9.99642E-05 0.368119 0.182126
0.0397879 9.99731E-05 9.99731E-05 9.99731E-05 0.433834 0.125522 0.0944119 0.306145
0.231501 0.0936107 9.9982E-05 9.9982E-05 0.0345757 0.0762321 0.501363 0.0625176
9.99642E-05 0.110042 0.471643 0.230874 9.99642E-05 0.187041 9.99642E-05 9.99642E-05
0.0795711 0.0341735 0.36871 0.506825 0.0104206 9.99731E-05 9.99731E-05 9.99731E-05
0.136297 0.0740017 0.455693 9.99731E-05 0.250956 0.0827521 9.99731E-05 9.99731E-05
0.141394 9.99731E-05 0.117334 0.520677 9.99731E-05 0.0992328 0.121062 9.99731E-05
9.99642E-05 0.355016 0.31505 9.99642E-05 9.99642E-05 0.219689 0.109846 9.99642E-05
0.208153 0.156409 0.236782 9.99732E-05 9.99732E-05 9.99732E-05 0.231128 0.167229
0.0498265 0.0795903 0.0123509 9.9991E-05 0.361276 0.246518 0.00226695 0.248072
0.39001 9.99642E-05 0.0580281 0.385781 9.99642E-05 9.99642E-05 9.99642E-05 0.165781
0.119419 9.9964E-05 0.337185 9.9964E-05 0.434727 9.9964E-05 9.9964E-05 0.108269
0.0246076 9.99552E-05 9.99552E-05 9.99552E-05 0.759359 9.99552E-05 9.99552E-05 0.215533
0.175786 0.0700646 0.0661304 0.189143 9.9973E-05 9.9973E-05 0.498577 9.9973E-05
0.151488 0.271612 0.137358 0.0526521 0.120406 0.0302375 0.0236677 0.212579
0.0870657 0.716929 0.0293572 9.99642E-05 0.166248 9.99642E-05 9.99642E-05 9.99642E-05
9.99821E-05 0.382074 9.99821E-05 0.056342 0.10583 0.0149211 0.228736 0.211897
0.19147 0.278063 0.117561 0.0659506 0.0786771 0.16666 0.0292963 0.0723224
0.351366 9.99641E-05 9.99641E-05 0.00681523 0.222307 0.419112 9.99641E-05 9.99641E-05
0.631664 9.99464E-05 9.99464E-05 9.99464E-05 9.99464E-05 9.99464E-05 0.367736 9.99464E-05
0.188922 9.99641E-05 0.311469 0.121332 9.99641E-05 9.99641E-05 9.99641E-05 0.377877
0.0493645 0.884938 9.99642E-05 0.00651193 9.99642E-05 9.99642E-05 0.0587861 9.99642E-05
0.0863298 9.9991E-05 0.000506531 0.0465423 0.215006 0.253328 0.317998 0.0801899
9.99553E-05 9.99553E-05 0.569203 0.177011 0.253287 9.99553E-05 9.99553E-05 9.99553E-05
9.99821E-05 0.134242 0.128884 9.99821E-05 0.153646 0.0189073 0.0327978 0.531322
0.115346 0.138702 0.39152 0.296164 0.0302089 9.99821E-05 0.0278592 9.99821E-05
0.238956 0.421274 0.0951161 9.9973E-05 9.9973E-05 0.194644 9.9973E-05 0.0497099
0.386359 9.99642E-05 0.188245 9.99642E-05 0.366553 9.99642E-05 9.99642E-05 0.0584427
0.10097 9.997E-05 0.191768 9.997E-05 9.997E-05 0.185988 0.43451 0.0864641
9.99462E-05 0.225942 9.99462E-05 9.99462E-05 9.99462E-05 9.99462E-05 9.99462E-05 0.773458
9.99731E-05 0.232023 0.0792875 0.358462 9.99731E-05 0.263157 9.99731E-05 0.0667706
0.0750044 0.115277 0.261511 0.218821 9.9991E-05 0.0134303 0.00327274 0.312583
0.800163 0.0742652 9.99642E-05 9.99642E-05 0.00560643 9.99642E-05 0.119565 9.99642E-05
9.99641E-05 9.99641E-05 9.99641E-05 0.016644 0.67932 0.0151061 0.28853 9.99641E-05
0.120188 0.00342178 0.456571 9.9982E-05 0.229109 9.9982E-05 0.0759562 0.114555
0.465534 0.0546106 0.0741965 9.99821E-05 9.99821E-05 0.0354668 0.283483 0.0865092
0.0379611 0.0301804 0.28184 0.316027 9.99821E-05 0.196105 9.99821E-05 0.137686
9.99821E-05 0.0849313 0.350473 0.139031 0.271209 0.0975166 9.99821E-05 0.0566391
0.0816703 0.0460228 0.10659 0.122213 0.583085 9.9982E-05 0.0602191 9.9982E-05
0.0743563 9.9982E-05 0.093461 9.9982E-05 0.18354 0.189535 0.345324 0.113583
0.230929 9.99642E-05 9.99642E-05 0.273064 0.376706 0.118901 9.99642E-05 9.99642E-05
0.286885 0.0657096 0.209226 9.9973E-05 0.206661 0.231219 9.9973E-05 9.9973E-05
0.257765 0.453372 0.183006 9.9964E-05 9.9964E-05 9.9964E-05 0.105457 9.9964E-05
9.99731E-05 0.00511735 0.299842 9.99731E-05 0.0781864 0.101129 9.99731E-05 0.515425
0.228224 0.372201 9.9973E-05 9.9973E-05 9.9973E-05 0.0190701 0.364508 0.0156978
9.99731E-05 0.236853 0.217603 0.502135 9.99731E-05 0.00225041 9.99731E-05 0.0408593
9.99821E-05 9.99821E-05 0.57572 0.0529413 0.0282054 0.15781 0.0667729 0.11835
0.141674 9.99821E-05 0.126381 0.10538 9.99821E-05 0.17157 0.443619 0.0111764
0.390555 0.178583 9.99551E-05 9.99551E-05 9.99551E-05 9.99551E-05 0.430362 9.99551E-05
9.99464E-05 9.99464E-05 0.382448 9.99464E-05 9.99464E-05 9.99464E-05 0.616952 9.99464E-05
9.9973E-05 9.9973E-05 0.44021 0.053146 9.9973E-05 0.218338 0.280861 0.00714545
0.193263 9.9964E-05 9.9964E-05 9.9964E-05 0.442614 0.14669 9.9964E-05 0.217032
0.929915 0.029505 9.99553E-05 9.99553E-05 9.99553E-05 9.99553E-05 9.99553E-05 0.0400804
0.309324 0.126964 9.9973E-05 9.9973E-05 0.214505 0.246398 0.10251 9.9973E-05
0.259359 9.9973E-05 9.9973E-05 0.0621315 9.9973E-05 0.0767337 0.584575 0.0169005
0.274971 0.640317 9.99551E-05 9.99551E-05 9.99551E-05 0.0842116 9.99551E-05 9.99551E-05
9.99642E-05 0.0045995 0.330029 9.99642E-05 0.0644303 9.99642E-05 0.600542 9.99642E-05
0.620176 0.0442263 9.99821E-05 0.274874 0.00779638 0.0371822 9.99821E-05 0.0155451
0.171957 0.275812 0.100438 0.0216109 0.370005 0.00129884 0.0201445 0.0387335
9.99641E-05 0.0391537 9.99641E-05 0.29323 9.99641E-05 0.279881 0.387336 9.99641E-05
0.116087 9.99731E-05 0.147652 0.583531 0.0561493 0.0962801 9.99731E-05 9.99731E-05
0.626723 9.99642E-05 9.99642E-05 0.057127 0.292389 9.99642E-05 0.0233618 9.99642E-05
9.9991E-05 0.025291 0.171974 0.377857 0.0868487 0.207758 0.0741544 0.0560165
0.0674172 0.054904 9.9982E-05 0.409227 0.0599755 0.164221 0.244055 9.9982E-05
9.99554E-05 9.99554E-05 0.773571 9.99554E-05 9.99554E-05 0.141162 9.99554E-05 0.0847668
0.0979494 9.99642E-05 9.99642E-05 0.56506 9.99642E-05 0.216929 0.119662 9.99642E-05
9.99555E-05 0.363254 0.635317 0.000929416 9.99555E-05 9.99555E-05 9.99555E-05 9.99555E-05
0.00725823 0.00598824 0.460051 0.275228 9.99821E-05 0.146673 0.104601 9.99821E-05
0.122459 0.156618 9.99643E-05 0.647849 9.99643E-05 0.0726746 9.99643E-05 9.99643E-05
0.496635 9.99821E-05 0.147723 9.99821E-05 0.0516332 0.0677305 0.186493 0.049586
0.787315 0.0236169 0.000211825 0.147371 9.99731E-05 9.99731E-05 9.99731E-05 0.0411852
0.329111 9.99462E-05 0.67029 9.99462E-05 9.99462E-05 9.99462E-05 9.99462E-05 9.99462E-05
0.158248 0.0516316 0.600722 9.99732E-05 9.99732E-05 0.153102 0.0359969 9.99732E-05
9.99821E-05 0.343968 0.1595 0.190354 0.00335868 9.99821E-05 0.122694 0.179926
9.99642E-05 9.99642E-05 0.0256803 9.99642E-05 0.773642 9.99642E-05 0.0623849 0.137893
9.99641E-05 0.137902 9.99641E-05 0.547782 0.150209 9.99641E-05 9.99641E-05 0.163707
9.9982E-05 0.169798 0.158892 0.110901 0.301329 0.129239 0.129641 9.9982E-05
0.621099 9.9964E-05 9.9964E-05 0.0665842 0.126637 0.18528 9.9964E-05 9.9964E-05
0.0897514 9.99731E-05 0.385237 9.99731E-05 0.0230936 0.0697015 9.99731E-05 0.431917
0.122582 0.668898 0.144593 9.99641E-05 9.99641E-05 9.99641E-05 0.0635267 9.99641E-05
9.99552E-05 0.252596 9.99552E-05 0.377385 9.99552E-05 9.99552E-05 9.99552E-05 0.369519
0.117369 0.0638624 0.0616434 0.322256 9.99821E-05 9.99821E-05 0.0552874 0.379382
9.99465E-05 0.918952 9.99465E-05 9.99465E-05 0.0804479 9.99465E-05 9.99465E-05 9.99465E-05
9.99642E-05 0.128745 0.0887005 9.99642E-05 0.743748 0.0384071 9.99642E-05 9.99642E-05
9.99642E-05 0.195894 9.99642E-05 9.99642E-05 0.433102 0.133082 0.237522 9.99642E-05
0.318376 0.106076 0.00510479 9.99731E-05 9.99731E-05 0.0962616 9.99731E-05 0.473881
0.0629703 0.0278437 0.203431 0.0585853 0.177008 0.163996 0.306065 9.9991E-05
0.0109387 0.0253151 0.628845 0.0370638 9.99821E-05 0.0522146 9.99821E-05 0.245423
0.155325 0.064686 9.99821E-05 9.99821E-05 0.261998 0.0605739 0.336611 0.120606
0.0793298 9.99731E-05 9.99731E-05 0.401828 0.305171 0.161583 9.99731E-05 0.0517891
0.0626241 0.516005 0.361996 9.99731E-05 0.0569756 9.99731E-05 0.00209898 9.99731E-05
9.9982E-05 0.462283 0.133361 9.9982E-05 0.212448 0.0670788 0.0743557 0.0502736
9.99732E-05 0.155016 0.303131 9.99732E-05 0.0291286 0.0102564 0.502168 9.99732E-05
9.99553E-05 0.896486 9.99553E-05 9.99553E-05 9.99553E-05 0.0865816 9.99553E-05 0.0164324
0.00732304 0.0215176 9.99642E-05 9.99642E-05 9.99642E-05 9.99642E-05 0.293667 0.677092
9.994E-05 9.994E-05 9.994E-05 9.994E-05 9.994E-05 9.994E-05 9.994E-05 0.9993
0.190622 0.0156178 0.387044 0.270137 9.9982E-05 9.9982E-05 0.0238111 0.112568
9.996E-05 0.0644455 0.0522006 0.405074 9.996E-05 9.996E-05 0.47788 9.996E-05
9.99551E-05 9.99551E-05 0.665772 9.99551E-05 0.324624 9.99551E-05 9.99551E-05 0.00910409
0.206841 0.0110913 0.196897 9.99732E-05 9.99732E-05 9.99732E-05 0.357216 0.227655
0.0444999 0.104972 0.037363 0.586 0.0517661 0.0928587 0.0824403 9.9991E-05
9.99731E-05 0.0931599 9.99731E-05 0.316848 0.0396871 0.0519544 9.99731E-05 0.49805
9.99911E-05 0.487587 0.0381958 0.0410358 0.239158 0.143279 0.0486771 0.00196712
0.283011 0.102691 0.401854 0.148536 9.99821E-05 0.0592858 0.00442134 9.99821E-05
0.125781 0.505858 0.165489 0.00703025 0.0574019 9.99821E-05 9.99821E-05 0.138239
0.238838 9.99552E-05 0.628873 9.99552E-05 9.99552E-05 9.99552E-05 9.99552E-05 0.13179
9.994E-05 0.9993 9.994E-05 9.994E-05 9.994E-05 9.994E-05 9.994E-05 9.994E-05
0.0534407 9.99732E-05 0.037877 0.26408 9.99732E-05 9.99732E-05 0.568211 0.076092
0.827505 9.99552E-05 0.0597224 0.112273 9.99552E-05 9.99552E-05 9.99552E-05 9.99552E-05
0.0555291 0.0786712 0.436468 0.0947913 9.99821E-05 0.110429 0.223911 9.99821E-05
9.9973E-05 0.197653 0.274446 0.13005 9.9973E-05 0.11572 9.9973E-05 0.281831
0.461347 9.9964E-05 0.333106 9.9964E-05 0.0668545 9.9964E-05 9.9964E-05 0.138292
9.9973E-05 0.602766 9.9973E-05 0.124079 0.000716407 0.106455 0.165685 9.9973E-05
9.99642E-05 0.270434 0.390763 9.99642E-05 0.0281983 9.99642E-05 9.99642E-05 0.310204
9.99821E-05 0.206959 0.419635 0.261726 0.00789748 9.99821E-05 0.0308494 0.0727331
9.99641E-05 9.99641E-05 0.210652 0.097807 0.675078 9.99641E-05 9.99641E-05 0.0160624
0.394342 0.0601841 0.00718864 0.200075 0.00177466 9.99911E-05 0.255658 0.0806769
9.9964E-05 9.9964E-05 0.171511 0.0910568 0.121243 9.9964E-05 0.615789 9.9964E-05
0.0570431 0.06453 0.215051 9.99732E-05 0.646143 0.0169334 9.99732E-05 9.99732E-05
0.269781 0.0207475 9.9982E-05 0.301916 9.9982E-05 0.169071 0.218028 0.0202564
0.473307 0.0897464 9.99642E-05 9.99642E-05 0.211132 9.99642E-05 9.99642E-05 0.225415
9.9991E-05 0.0866391 0.174125 0.096099 0.252213 0.0769067 0.0607954 0.253122
9.99732E-05 9.99732E-05 9.99732E-05 0.192572 0.0582805 0.256919 0.342201 0.149726
0.0818973 9.9973E-05 0.363756 9.9973E-05 0.305438 9.9973E-05 0.195626 0.0529824
9.99731E-05 9.99731E-05 0.213156 0.169213 9.99731E-05 0.0386818 0.53943 0.0392194
9.99731E-05 9.99731E-05 0.0853827 0.237318 9.99731E-05 0.164199 0.00170056 0.511101
0.536724 9.99642E-05 9.99642E-05 9.99642E-05 0.166992 0.138799 9.99642E-05 0.157085
9.99642E-05 9.99642E-05 0.2238 0.15553 0.397777 9.99642E-05 9.99642E-05 0.222493
0.114588 9.99731E-05 0.429398 0.0444908 0.165011 9.99731E-05 9.99731E-05 0.246212
9.99643E-05 0.0551212 0.338689 9.99643E-05 0.326373 9.99643E-05 9.99643E-05 0.279416
9.99732E-05 9.99732E-05 9.99732E-05 0.518029 0.0677803 0.134283 0.102814 0.176794
0.402345 0.030996 0.0932349 0.46993 0.00319435 9.99731E-05 9.99731E-05 9.99731E-05
0.117462 0.02813 0.0784146 9.99821E-05 9.99821E-05 0.309027 0.0489222 0.417843
9.99821E-05 0.086178 0.0422588 0.00527335 0.103167 0.103775 9.99821E-05 0.659147
0.23395 9.99821E-05 0.131608 0.0910478 0.233123 9.99821E-05 0.260372 0.0496984
9.99552E-05 9.99552E-05 9.99552E-05 9.99552E-05 0.122711 9.99552E-05 0.682078 0.194711
0.036606 0.615964 0.0990896 0.188913 9.99731E-05 0.0591275 9.99731E-05 9.99731E-05
0.122328 0.0441202 0.361917 0.429821 0.0390271 9.9982E-05 9.9982E-05 0.00258611
9.994E-05 9.994E-05 9.994E-05 9.994E-05 9.994E-05 0.9993 9.994E-05 9.994E-05
0.373305 0.101305 0.18121 9.99731E-05 0.0258555 9.99731E-05 9.99731E-05 0.318024
9.99642E-05 0.166542 0.352696 9.99642E-05 0.477994 0.00236802 9.99642E-05 9.99642E-05
0.244784 0.0657266 0.0492046 0.0596901 9.9991E-05 0.351046 0.0893535 0.140095
0.040022 0.0296248 0.150006 0.474003 9.99821E-05 0.0990479 9.99821E-05 0.207097
0.410701 9.99731E-05 0.071511 0.0978845 9.99731E-05 0.214085 0.205519 9.99731E-05
0.167025 9.9982E-05 0.14278 0.265051 0.210579 0.032166 0.182199 9.9982E-05
0.137768 0.0303064 0.559597 9.99821E-05 9.99821E-05 0.014957 0.159971 0.0972008
0.102295 0.324361 0.162059 9.99732E-05 0.391819 0.0191668 9.99732E-05 9.99732E-05
0.170525 9.99911E-05 0.0382232 0.0441722 0.201209 0.158894 0.0261316 0.360745
9.99641E-05 0.0328429 0.416093 9.99641E-05 0.07773 9.99641E-05 9.99641E-05 0.472934
0.28387 9.99643E-05 9.99643E-05 9.99643E-05 0.19884 0.278126 0.238764 9.99643E-05
0.141494 0.179762 0.566432 9.99731E-05 9.99731E-05 0.0663962 0.0456162 9.99731E-05
0.255257 0.23818 9.9982E-05 0.353349 0.00114294 9.9982E-05 0.020661 0.13121
9.994E-05 9.994E-05 9.994E-05 9.994E-05 9.994E-05 0.9993 9.994E-05 9.994E-05
9.996E-05 0.0867391 0.142308 0.424416 9.996E-05 0.346137 9.996E-05 9.996E-05
0.0160455 0.0905136 0.783794 0.0831676 0.00504676 9.99821E-05 9.99821E-05 0.0212325
0.413634 9.99731E-05 0.0196714 0.0622113 9.99731E-05 0.14757 0.356613 9.99731E-05
0.0571886 9.99732E-05 0.40062 0.0392069 9.99732E-05 0.328519 0.174166 9.99732E-05
0.0281144 0.243196 0.380667 0.108753 0.0641706 0.000607039 0.174392 9.9991E-05
0.12497 0.0168989 0.231861 9.99731E-05 0.229675 9.99731E-05 0.396296 9.99731E-05
9.99554E-05 9.99554E-05 0.10333 0.650056 9.99554E-05 9.99554E-05 9.99554E-05 0.246114
0.0112638 9.99733E-05 0.675155 9.99733E-05 0.19254 0.0750041 0.0457371 9.99733E-05
9.998E-05 0.0585854 0.267613 0.0756072 9.998E-05 0.0590953 0.295752 0.243147
0.230038 0.175486 9.99821E-05 0.412404 9.99821E-05 0.00245293 0.084938 0.0944812
9.99731E-05 9.99731E-05 0.736701 0.0984074 0.0834586 9.99731E-05 0.000755799 0.0803775
9.99731E-05 9.99731E-05 0.29726 0.315968 9.99731E-05 0.0217116 0.0247599 0.34
0.11283 0.249281 0.0820364 9.9982E-05 0.291151 0.0828743 0.181627 9.9982E-05
0.300794 0.169403 0.271851 0.0382093 9.9982E-05 9.9982E-05 0.126525 0.093018
9.99553E-05 9.99553E-05 0.498595 0.234426 9.99553E-05 9.99553E-05 0.26648 9.99553E-05
9.99911E-05 0.261132 0.320684 0.0927465 0.0968945 0.072097 0.0832529 0.0730931
9.99732E-05 9.99732E-05 9.99732E-05 0.00692983 0.229222 0.000299525 0.075475 0.687774
0.2004 0.00449723 9.99821E-05 0.00167724 0.411602 9.99821E-05 0.151703 0.229921
0.415822 9.99732E-05 9.99732E-05 9.99732E-05 0.0282784 0.10143 0.345789 0.108382
9.99553E-05 9.99553E-05 9.99553E-05 9.99553E-05 0.68048 0.22396 0.0950595 9.99553E-05
9.9973E-05 0.0396567 9.9973E-05 0.359961 0.290761 0.166653 9.9973E-05 0.142669
0.165635 0.222219 9.998E-05 0.14721 0.244803 0.110166 0.109768 9.998E-05
0.132616 0.0121058 0.811196 9.99732E-05 9.99732E-05 0.0109854 0.032797 9.99732E-05
9.994E-05 9.994E-05 9.994E-05 9.994E-05 9.994E-05 9.994E-05 9.994E-05 0.9993
0.399245 9.99553E-05 0.174173 0.426083 9.99553E-05 9.99553E-05 9.99553E-05 9.99553E-05
0.205743 9.99552E-05 0.640661 9.99552E-05 9.99552E-05 9.99552E-05 9.99552E-05 0.153097
0.677967 0.0707757 0.0845115 9.99731E-05 9.99731E-05 0.0147679 9.99731E-05 0.151677
9.9964E-05 0.174724 0.315385 9.9964E-05 0.263034 9.9964E-05 9.9964E-05 0.246457
