0.289437 0.0587038 9.9973E-05 0.033953 9.9973E-05 9.9973E-05 0.602793 0.0107358 0.00407726
0.102245 0.215607 0.148627 0.0665974 0.0282376 0.130675 0.20704 9.9991E-05 0.10087
0.330367 0.154707 0.418593 9.99729E-05 0.059349 9.99729E-05 0.0238728 0.0128109 9.99729E-05
0.597323 0.0188734 9.9982E-05 0.107675 0.0232208 0.0461483 0.134705 0.0718546 9.9982E-05
0.256687 0.0173213 0.0936839 0.0825493 9.9991E-05 0.110877 0.142281 0.0675587 0.228941
0.178976 9.9955E-05 0.728253 0.0492736 9.9955E-05 9.9955E-05 9.9955E-05 9.9955E-05 0.042998
0.130951 0.155635 0.365056 0.0369305 9.9982E-05 0.0410717 0.163254 0.106901 9.9982E-05
9.9973E-05 9.9973E-05 0.380361 9.9973E-05 0.191463 0.0528499 0.157646 0.0625762 0.154804
0.376845 0.21588 0.129868 0.0481916 9.9964E-05 9.9964E-05 9.9964E-05 9.9964E-05 0.228815
9.9973E-05 0.317411 9.9973E-05 0.262756 9.9973E-05 0.144478 0.192047 0.0814553 0.00155365
0.20033 0.224929 9.9973E-05 0.109879 0.11229 9.9973E-05 9.9973E-05 0.0610712 0.291201
9.99639E-05 0.454744 9.99639E-05 9.99639E-05 9.99639E-05 0.0686452 0.136054 0.00133939 0.338817
0.325127 0.106733 0.233915 0.0673308 9.9982E-05 0.0780532 0.0774193 0.111222 9.9982E-05
9.9982E-05 0.11396 0.251347 0.0580525 9.9982E-05 0.0457049 0.123118 0.0888126 0.318805
9.99549E-05 9.99549E-05 0.211615 9.99549E-05 0.0443729 9.99549E-05 0.0128056 9.99549E-05 0.730707
0.10134 0.144029 9.9982E-05 0.0555595 0.391806 0.0716958 0.125323 0.110046 9.9982E-05
0.0140242 9.99459E-05 9.99459E-05 0.0417076 9.99459E-05 9.99459E-05 9.99459E-05 9.99459E-05 0.943669
0.0886028 0.169819 0.226575 9.9982E-05 0.107452 0.0984153 0.160147 0.148789 9.9982E-05
0.270457 0.303963 0.0313648 9.9982E-05 0.013225 9.9982E-05 0.192218 0.0474391 0.141133
0.228624 0.249135 0.190301 0.073738 0.205026 9.9982E-05 0.0030978 0.0498793 9.9982E-05
0.257622 0.197297 0.1776 0.0675058 0.00881036 9.9991E-05 0.0973022 0.114787 0.0789755
0.0117451 0.130441 0.313029 0.094029 0.113582 9.9991E-05 0.200742 0.0100163 0.126315
0.560898 0.100974 0.134475 0.0176268 0.0771672 9.9973E-05 9.9973E-05 0.108559 9.9973E-05
0.329636 0.0981866 0.0830575 9.9991E-05 0.0627338 0.25593 0.0740825 0.0144919 0.0817815
0.0057159 0.387329 9.9964E-05 0.217312 9.9964E-05 9.9964E-05 9.9964E-05 0.0665218 0.322721
0.0569813 9.9973E-05 9.9973E-05 0.0290229 0.0253256 0.121821 0.335751 9.9973E-05 0.430799
9.999E-05 0.118075 0.393941 0.0315223 0.135889 0.117286 0.0861698 0.0661845 0.0508324
0.00436028 0.268061 0.206791 0.0526243 9.9991E-05 0.0959359 0.166196 0.0150841 0.190848
0.185629 9.9973E-05 0.486088 0.0050595 9.9973E-05 0.0586706 0.113042 9.9973E-05 0.151211
0.0658312 9.99729E-05 0.0281767 9.99729E-05 0.190155 0.561255 9.99729E-05 0.015258 0.139025
0.335569 0.314638 9.9982E-05 0.0758246 0.0415317 0.0353074 9.9982E-05 0.0554842 0.141445
9.9964E-05 0.860628 0.0648435 0.0271823 9.9964E-05 0.0219616 9.9964E-05 0.0249849 9.9964E-05
0.210943 9.9964E-05 0.452834 9.9964E-05 9.9964E-05 0.145192 0.148501 0.0421296 9.9964E-05
0.0531117 0.00723783 0.664291 9.9973E-05 0.0154218 9.9973E-05 9.9973E-05 0.00347034 0.256167
0.106585 0.0473604 0.0754793 0.0514925 9.9982E-05 9.9982E-05 0.111601 0.0516099 0.555671
9.9937E-05 9.9937E-05 9.9937E-05 9.9937E-05 9.9937E-05 9.9937E-05 0.974593 0.0247076 9.9937E-05
0.333673 9.9964E-05 0.362252 0.194636 0.00621715 9.9964E-05 0.102823 9.9964E-05 9.9964E-05
9.9964E-05 0.0842269 9.9964E-05 0.113819 9.9964E-05 0.140979 0.331923 9.9964E-05 0.328653
0.0562181 0.042075 0.419882 0.0789182 0.136826 0.0772884 9.9991E-05 0.0505494 0.138143
0.138552 0.257477 0.279616 0.0126018 0.0301828 9.9991E-05 0.0893526 0.112568 0.0795491
0.296636 0.245567 0.146148 0.0246801 0.128915 0.122582 9.9982E-05 0.0352713 9.9982E-05
0.166805 9.9964E-05 0.623713 0.107255 0.0709902 9.9964E-05 9.9964E-05 0.0308366 9.9964E-05
0.174087 9.9991E-05 0.333038 0.0715049 0.111274 0.000760867 0.226134 0.0353568 0.0477443
9.9955E-05 0.347005 0.0903896 9.9955E-05 9.9955E-05 0.11825 0.443856 9.9955E-05 9.9955E-05
9.9973E-05 0.446723 0.387905 9.9973E-05 9.9973E-05 0.00990433 0.0149539 0.0719013 0.0683132
0.0941717 0.354208 0.264517 0.169302 9.9982E-05 9.9982E-05 0.0506431 0.0353467 0.0316116
0.514171 0.199564 9.9955E-05 0.0179533 9.9955E-05 9.9955E-05 9.9955E-05 9.9955E-05 0.267812
0.182083 0.203215 0.397982 9.9973E-05 0.181759 0.0212763 9.9973E-05 0.0133854 9.9973E-05
9.9973E-05 0.556357 0.101205 9.9973E-05 0.125462 0.0643991 0.121936 0.0303411 9.9973E-05
0.138311 0.154206 9.9982E-05 9.9982E-05 0.193337 0.0126821 0.300493 0.0481816 0.152589
9.9973E-05 0.0223794 9.9973E-05 0.0758991 9.9973E-05 0.114664 0.288893 0.100556 0.397308
0.408441 0.282666 9.9991E-05 0.0220587 0.0690198 0.0138097 0.0593474 0.137453 0.00710371
9.9973E-05 0.0518657 0.258722 0.0224507 0.547482 0.0873458 9.9973E-05 0.0318342 9.9973E-05
9.999E-05 0.00819388 0.550792 0.0855703 0.205348 0.00592104 0.0584753 0.0195636 0.0660357
9.9955E-05 0.840352 9.9955E-05 9.9955E-05 0.0667371 0.0796766 9.9955E-05 0.0127347 9.9955E-05
0.415229 0.00980546 0.279797 9.9973E-05 9.9973E-05 9.9973E-05 0.125536 0.074043 0.09529
0.002816 0.822642 9.99731E-05 0.0443361 0.0975428 9.99731E-05 0.0113853 0.0209783 9.99731E-05
0.258489 0.452609 0.0554616 0.0526455 9.9982E-05 0.0406494 0.124514 0.0154319 9.9982E-05
0.315656 0.256405 0.0632646 0.0404145 0.109231 0.0971079 0.0955443 0.0222767 9.9991E-05
9.9982E-05 0.318929 0.186913 0.119726 0.0232153 9.9982E-05 0.222819 0.0323738 0.0958231
0.706433 9.9955E-05 0.203957 9.9955E-05 9.9955E-05 0.0417419 9.9955E-05 0.0473684 9.9955E-05
0.372011 9.9973E-05 0.116949 0.14077 9.9973E-05 0.0426292 9.9973E-05 0.115925 0.211415
0.285581 0.164774 0.221025 9.9982E-05 9.9982E-05 0.0157817 0.101952 0.00914402 0.201542
0.0314605 9.9946E-05 9.9946E-05 9.9946E-05 9.9946E-05 0.884516 9.9946E-05 0.0834236 9.9946E-05
0.0227843 0.0462781 0.0738541 0.165244 0.174235 9.9973E-05 0.517304 9.9973E-05 9.9973E-05
0.152086 9.9964E-05 0.0133648 0.0196912 0.0304583 9.9964E-05 0.784 9.9964E-05 9.9964E-05
0.175877 0.194155 0.268843 0.0911797 9.9973E-05 9.9973E-05 0.22016 0.0494861 9.9973E-05
0.241404 0.0741613 0.456563 9.9973E-05 9.9973E-05 0.139905 0.0400684 9.9973E-05 0.0475981
0.465597 9.9955E-05 9.9955E-05 9.9955E-05 9.9955E-05 0.116818 0.365671 9.9955E-05 0.0514143
0.142267 0.0113768 0.277861 9.9982E-05 0.271393 0.104435 0.0804742 0.111993 9.9982E-05
9.9964E-05 0.470102 0.363775 0.0889618 9.9964E-05 0.0606163 9.9964E-05 0.0161452 9.9964E-05
9.9982E-05 0.0164435 0.179615 0.00133252 0.0803928 9.9982E-05 0.411147 0.0801829 0.230687
0.141842 0.0907828 0.151984 0.0443702 0.1005 0.0567048 0.127607 0.128151 0.158059
9.9973E-05 0.283432 0.341603 0.0709434 0.154529 0.0297518 9.9973E-05 9.9973E-05 0.11944
9.9973E-05 0.146542 0.249008 0.129302 0.0121465 0.133188 9.9973E-05 9.9973E-05 0.329513
9.9973E-05 0.313115 0.246978 0.066738 0.286122 9.9973E-05 9.9973E-05 0.0334217 0.0533255
9.99461E-05 0.0647449 0.879237 9.99461E-05 9.99461E-05 9.99461E-05 9.99461E-05 0.0554184 9.99461E-05
0.723757 9.9964E-05 9.9964E-05 0.0380057 9.9964E-05 0.090916 9.9964E-05 0.0396655 0.107256
0.74656 9.9973E-05 0.0991752 0.0366656 0.032727 9.9973E-05 0.0746972 9.9973E-05 0.00987491
0.139352 0.115049 0.378242 9.9991E-05 0.0215659 0.130636 0.00782426 0.0480486 0.159182
0.344288 0.0898165 0.235761 0.0137699 0.0339702 0.00768611 0.115136 0.110493 0.0490787
0.559696 0.210972 9.9964E-05 9.9964E-05 9.9964E-05 9.9964E-05 0.0390933 0.0765154 0.113323
0.397932 0.345648 9.9964E-05 0.0984804 0.0223821 0.135157 9.9964E-05 9.9964E-05 9.9964E-05
0.35036 0.00967524 9.9982E-05 0.0846698 0.336745 0.0646709 9.9982E-05 0.0939579 0.0597209
0.260269 0.106957 0.465725 9.9973E-05 9.9973E-05 0.000923213 0.107501 0.0583249 9.9973E-05
0.357487 0.286538 9.9973E-05 0.0715654 0.1203 9.9973E-05 0.127444 9.9973E-05 0.0363643
9.99729E-05 9.99729E-05 0.140105 9.99729E-05 0.00567813 0.0222352 0.723191 0.0432004 0.0652907
0.161057 0.307264 0.0209278 0.0522838 9.99731E-05 9.99731E-05 9.99731E-05 0.0873453 0.370822
9.99729E-05 9.99729E-05 0.294655 0.106447 9.99729E-05 0.111538 0.233842 0.052011 0.201207
0.116108 0.541328 0.0153016 9.9973E-05 0.0320054 9.9973E-05 0.203026 0.0919311 9.9973E-05
9.99369E-05 9.99369E-05 9.99369E-05 0.026013 9.99369E-05 0.973287 9.99369E-05 9.99369E-05 9.99369E-05
0.151908 0.337972 0.0408507 0.0614021 9.9973E-05 9.9973E-05 0.0257122 9.9973E-05 0.381855
0.963925 9.9946E-05 9.9946E-05 0.0016666 9.9946E-05 9.9946E-05 9.9946E-05 0.0338088 9.9946E-05
9.9982E-05 0.0203221 0.108138 9.9982E-05 0.256035 0.0323803 0.127472 0.025209 0.430244
0.924298 9.9946E-05 9.9946E-05 0.0572749 9.9946E-05 9.9946E-05 0.0178278 9.9946E-05 9.9946E-05
0.279181 9.9973E-05 0.400707 0.0379653 0.0651323 0.0619116 0.154803 9.9973E-05 9.9973E-05
9.9973E-05 0.30624 9.9973E-05 0.0633739 0.0413605 0.0345742 0.428185 9.9973E-05 0.125967
0.181029 0.36942 0.314212 0.0982432 9.9964E-05 9.9964E-05 0.0366963 9.9964E-05 9.9964E-05
0.177723 0.0854002 0.023604 9.9973E-05 9.9973E-05 0.433171 0.134164 0.145637 9.9973E-05
0.236265 0.0862356 0.0405303 9.9982E-05 0.0992252 0.298263 0.172803 9.9982E-05 0.0664784
0.0797799 0.311706 0.0691706 9.9982E-05 9.9982E-05 0.170411 0.294439 0.0177494 0.0565435
9.993E-05 9.993E-05 9.993E-05 9.993E-05 9.993E-05 0.999201 9.993E-05 9.993E-05 9.993E-05
0.0601487 0.1846 9.9991E-05 0.167468 0.085917 0.0569036 0.190264 0.0368242 0.217775
9.993E-05 9.993E-05 9.993E-05 0.999201 9.993E-05 9.993E-05 9.993E-05 9.993E-05 9.993E-05
0.311577 0.115488 9.9991E-05 0.0994732 0.211793 0.0761531 0.0555934 0.0192225 0.110599
0.176567 0.299103 0.0198346 9.9973E-05 0.323976 9.9973E-05 0.119235 9.9973E-05 0.0609853
0.21753 0.0840401 0.169941 0.0103189 0.0280445 0.020083 0.0371962 9.9991E-05 0.432747
0.190901 0.248011 0.0612249 0.150779 9.9973E-05 0.132622 0.216161 9.9973E-05 9.9973E-05
9.9982E-05 0.215504 0.263372 0.06041 0.0342693 0.148739 9.9982E-05 0.0511789 0.226327
0.10835 0.141253 0.15177 0.0128511 9.9991E-05 0.0308844 0.403993 0.0479628 0.102836
0.284271 9.9991E-05 0.484496 0.0455723 0.0343227 0.00702355 0.0879737 0.0306264 0.025614
0.140073 0.599244 9.9964E-05 0.074255 9.9964E-05 0.0434821 9.9964E-05 0.142546 9.9964E-05
0.414381 0.121169 9.9973E-05 0.0785374 0.296368 0.0725046 9.9973E-05 9.9973E-05 0.0167405
0.111901 9.99549E-05 0.429765 9.99549E-05 9.99549E-05 0.396873 9.99549E-05 0.060962 9.99549E-05
0.172045 9.9982E-05 0.527746 0.0538263 0.0251301 0.0533298 0.128019 0.0397037 9.9982E-05
0.0181373 9.9937E-05 9.9937E-05 9.9937E-05 9.9937E-05 0.981163 9.9937E-05 9.9937E-05 9.9937E-05
0.093744 0.189836 0.134163 0.161808 0.121949 9.9982E-05 0.0661075 9.9982E-05 0.232192
0.156354 9.9973E-05 0.0748093 9.9973E-05 9.9973E-05 0.00474471 0.563872 0.0874918 0.112429
0.195178 0.0946307 0.620321 9.9955E-05 9.9955E-05 0.0893711 9.9955E-05 9.9955E-05 9.9955E-05
9.9973E-05 0.218861 9.9973E-05 0.119606 9.9973E-05 0.0424109 0.233652 0.109979 0.27519
9.9964E-05 9.9964E-05 0.73101 0.0320229 9.9964E-05 9.9964E-05 0.0293547 0.0725491 0.134664
0.0805328 9.9982E-05 0.333847 0.0152211 9.9982E-05 0.340791 0.0821913 0.110286 0.0369314
9.9991E-05 0.143985 0.532393 0.026062 0.0410344 0.0842755 0.0109047 0.139213 0.0220326
0.263706 0.101911 0.00841493 0.0277729 0.270843 9.9982E-05 9.9982E-05 0.00443535 0.322717
0.0960514 0.370262 0.166624 9.9982E-05 9.9982E-05 0.219389 0.0594472 0.0605388 0.0274867
9.99371E-05 9.99371E-05 0.442917 9.99371E-05 9.99371E-05 9.99371E-05 9.99371E-05 9.99371E-05 0.556384
0.101477 0.540234 0.00188802 9.9973E-05 0.146202 9.9973E-05 0.116428 0.0934722 9.9973E-05
0.302255 0.327209 0.0752817 0.0752309 9.9973E-05 0.126076 0.0936473 9.9973E-05 9.9973E-05
0.311709 0.445685 0.0461173 0.00430277 0.111406 9.9982E-05 9.9982E-05 0.00873097 0.0718489
9.9964E-05 0.187798 9.9964E-05 0.0588011 9.9964E-05 0.118415 0.187239 9.9964E-05 0.447346
9.9955E-05 9.9955E-05 0.312337 9.9955E-05 9.9955E-05 9.9955E-05 0.597116 0.026901 0.0631469
0.327107 9.9955E-05 0.553026 0.0300362 9.9955E-05 9.9955E-05 9.9955E-05 0.0893311 9.9955E-05
0.285913 0.116223 0.0591504 9.9964E-05 9.9964E-05 0.259134 9.9964E-05 9.9964E-05 0.27918
0.176265 0.107014 0.319739 9.9982E-05 0.123875 0.073609 9.9982E-05 0.0726176 0.12668
0.256429 0.306031 0.122903 0.0221134 9.9973E-05 9.9973E-05 0.290595 0.00162946 9.9973E-05
0.231467 0.555139 0.0800036 0.0521783 9.9973E-05 9.9973E-05 9.9973E-05 0.0510045 0.0299079
9.99369E-05 9.99369E-05 9.99369E-05 9.99369E-05 0.943805 9.99369E-05 9.99369E-05 9.99369E-05 0.0554956
9.993E-05 9.993E-05 9.993E-05 9.993E-05 0.999201 9.993E-05 9.993E-05 9.993E-05 9.993E-05
0.202034 0.279191 0.197156 9.9982E-05 0.0264234 9.9982E-05 0.0927299 0.063505 0.138761
0.500553 0.182776 9.9982E-05 0.0946694 0.00986191 9.9982E-05 0.0752695 0.0325318 0.104139
9.9982E-05 0.0604085 0.565562 0.0952212 9.9982E-05 0.0328228 0.0991072 0.0520905 0.0945877
0.0590863 0.351377 0.144336 0.0796048 0.118312 9.9982E-05 9.9982E-05 0.0689237 0.17816
0.197576 0.411997 0.115047 0.0597717 9.9973E-05 0.147867 9.9973E-05 9.9973E-05 0.067441
9.9964E-05 0.667232 9.9964E-05 0.00222799 9.9964E-05 0.0757384 0.237901 0.0165001 9.9964E-05
0.341009 9.9982E-05 0.252586 0.0407881 0.0517948 0.176214 0.0873886 0.0500198 9.9982E-05
0.193368 9.99549E-05 0.320556 9.99549E-05 9.99549E-05 0.367828 9.99549E-05 0.117748 9.99549E-05
9.9982E-05 0.0671318 0.423364 0.0379215 0.0742634 9.9982E-05 0.206312 0.0386521 0.152155
9.993E-05 9.993E-05 9.993E-05 9.993E-05 9.993E-05 9.993E-05 9.993E-05 0.999201 9.993E-05
0.0246615 9.9973E-05 0.383978 0.165148 0.00908836 9.9973E-05 0.359524 0.0572998 9.9973E-05
0.455265 9.9964E-05 9.9964E-05 0.242458 0.133143 9.9964E-05 0.123289 0.0454462 9.9964E-05
0.133649 0.522777 9.9982E-05 0.0719353 0.033216 0.0511103 9.9982E-05 0.030836 0.156276
0.45831 0.00950266 0.108239 0.174128 0.0132165 9.9982E-05 9.9982E-05 0.0814105 0.154994
9.9982E-05 0.224743 0.456229 9.9982E-05 0.0634515 0.0502524 0.0303741 0.136363 0.0383863
9.9973E-05 0.206311 0.28962 9.9973E-05 0.128667 0.103937 9.9973E-05 0.0170954 0.254069
9.9973E-05 0.183307 0.127708 9.9973E-05 9.9973E-05 0.0602197 0.19028 0.057041 0.381145
9.9982E-05 9.9982E-05 0.0427851 0.111768 0.245605 0.185838 0.298263 0.0705744 0.0449669
0.203567 0.348625 0.348683 9.99639E-05 9.99639E-05 9.99639E-05 0.0795456 0.0191797 9.99639E-05
0.131882 0.0810407 0.171394 0.0714616 0.116678 0.0642935 0.193815 0.0414302 0.128005
9.9955E-05 9.9955E-05 0.0498729 9.9955E-05 0.0193759 0.0462093 0.884042 9.9955E-05 9.9955E-05
0.196541 0.246552 0.135459 0.0122852 0.0704306 0.0827354 0.0454699 0.0380473 0.17248
0.467761 9.9955E-05 9.9955E-05 9.9955E-05 9.9955E-05 9.9955E-05 0.0779594 0.0376327 0.416147
9.993E-05 9.993E-05 9.993E-05 9.993E-05 9.993E-05 9.993E-05 9.993E-05 0.999201 9.993E-05
9.99549E-05 9.99549E-05 0.153367 9.99549E-05 0.131359 9.99549E-05 9.99549E-05 0.400628 0.314146
0.0200899 9.9955E-05 0.589212 0.0801736 0.310025 9.9955E-05 9.9955E-05 9.9955E-05 9.9955E-05
0.0719536 0.370303 0.0140472 0.0314742 9.9991E-05 0.0728838 0.221574 0.103848 0.113816
9.9955E-05 9.9955E-05 0.0802722 0.0480901 9.9955E-05 9.9955E-05 0.802058 0.0690804 9.9955E-05
0.237708 0.223996 0.0790835 9.9982E-05 0.00944348 9.9982E-05 0.277206 0.0554365 0.116926
9.9982E-05 0.167936 0.336361 0.163453 0.0245069 9.9982E-05 0.0723253 0.0819116 0.153306
9.993E-05 9.993E-05 9.993E-05 9.993E-05 0.999201 9.993E-05 9.993E-05 9.993E-05 9.993E-05
0.169784 9.9982E-05 0.183588 9.9982E-05 0.0137572 0.0902283 0.192909 0.0663935 0.283139
0.132703 0.421782 0.0843075 0.0219652 0.138439 0.118961 9.9982E-05 9.9982E-05 0.0816413
0.0422918 0.298057 0.140098 0.111395 0.198073 0.0465934 9.9991E-05 0.0488807 0.114511
0.374418 0.0962414 0.0440287 0.0479929 0.149688 0.0411043 0.164527 0.0818999 9.9991E-05
9.9964E-05 0.455976 0.1369 9.9964E-05 0.221436 9.9964E-05 0.0413007 9.9964E-05 0.143988
0.270532 9.9973E-05 0.275422 9.9973E-05 0.0663554 9.9973E-05 0.175644 0.116143 0.0956044
0.244972 0.0518485 0.464576 0.148553 9.9964E-05 9.9964E-05 9.9964E-05 9.9964E-05 0.0896508
0.457941 9.9955E-05 9.9955E-05 9.9955E-05 0.00321052 9.9955E-05 9.9955E-05 0.0876576 0.450691
0.287286 0.255062 9.9982E-05 0.0479725 0.162467 0.0251051 9.9982E-05 0.00880916 0.213099
9.9937E-05 9.9937E-05 9.9937E-05 0.970279 9.9937E-05 0.029021 9.9937E-05 9.9937E-05 9.9937E-05
0.00212802 0.573485 0.111536 0.0506333 0.149908 0.0693363 0.00708814 0.0252655 0.0106203
9.99369E-05 9.99369E-05 9.99369E-05 9.99369E-05 9.99369E-05 0.0030323 9.99369E-05 9.99369E-05 0.996268
0.376506 0.0616704 9.9973E-05 9.9973E-05 9.9973E-05 0.1196 0.160952 0.0838681 0.197104
0.070268 0.214215 0.102421 0.0176121 0.193717 0.00477304 0.367901 0.0289919 9.9991E-05
0.259916 0.134441 0.0785026 9.9973E-05 0.0633643 0.143627 0.319849 9.9973E-05 9.9973E-05
0.403706 9.9973E-05 9.9973E-05 0.0584071 0.14969 9.9973E-05 0.162162 0.0362562 0.189478
9.993E-05 9.993E-05 9.993E-05 0.999201 9.993E-05 9.993E-05 9.993E-05 9.993E-05 9.993E-05
0.332131 0.168406 0.22674 9.9982E-05 9.9982E-05 0.0302031 0.0400406 0.0625392 0.139739
9.9973E-05 0.0139006 9.9973E-05 0.229746 0.00316908 9.9973E-05 0.387763 0.0475648 0.317556
0.580349 9.9973E-05 0.15579 9.9973E-05 0.0974084 0.0421356 0.122104 9.9973E-05 0.00191283
9.9982E-05 0.194651 0.244464 9.9982E-05 0.0847486 0.038725 0.201839 0.00878098 0.226591
