9.9973E-05 0.00812614 9.9973E-05 0.0103229 0.251525 0.0794897 9.9973E-05 0.650236
9.9982E-05 9.9982E-05 0.020177 0.0688585 0.247785 0.099793 0.329325 0.233862
0.243575 0.0564144 0.0160593 9.9991E-05 0.25995 0.252309 0.125467 0.0461252
0.176685 0.118034 0.100361 0.144709 9.9982E-05 0.164712 9.9982E-05 0.295298
0.208289 0.046583 0.0949139 0.0913685 9.9982E-05 9.9982E-05 0.387994 0.170651
0.16259 0.0100434 0.131182 9.9982E-05 9.9982E-05 0.085752 0.399342 0.21089
0.14134 0.106437 0.0413632 0.0378618 9.9982E-05 9.9982E-05 0.243866 0.428932
0.10482 0.0458797 0.0102404 0.075382 0.0798033 0.253464 0.372651 0.0577584
0.0537074 9.9982E-05 0.0804206 0.0258745 0.340962 9.9982E-05 0.438633 0.0602023
0.0421143 0.0177208 0.126009 0.147252 0.420322 9.9991E-05 0.246076 0.000405744
9.9973E-05 0.0532462 0.134756 9.9973E-05 0.621176 0.0689699 0.121552 9.9973E-05
0.202487 0.0328242 9.9982E-05 0.0785865 0.322766 9.9982E-05 0.358166 0.00497066
0.0151422 0.157064 0.0422173 9.9991E-05 0.322648 0.0496882 0.350845 0.0622944
0.000266336 0.0345015 0.0848484 0.0727351 9.9991E-05 0.102099 0.35373 0.35172
9.9964E-05 0.0684048 0.0233908 0.0167428 9.9964E-05 9.9964E-05 0.891062 9.9964E-05
0.146168 0.135277 9.9982E-05 0.206112 9.9982E-05 0.308553 0.135453 0.0682381
9.9955E-05 9.9955E-05 0.0951839 9.9955E-05 9.9955E-05 0.0761871 0.828129 9.9955E-05
0.153076 0.155187 0.034325 0.250342 0.0193332 9.9991E-05 0.11189 0.275747
0.313632 0.0855057 9.9973E-05 9.9973E-05 0.0733252 9.9973E-05 0.288607 0.23863
0.279174 0.0929287 0.0360656 0.0404507 0.112235 0.203441 9.9991E-05 0.235605
0.0953677 0.11611 0.0948875 9.9991E-05 0.279069 0.0678253 0.203382 0.143259
0.0670819 0.0365399 9.9982E-05 9.9982E-05 0.426479 0.0900783 0.367912 0.011709
0.130187 0.130952 0.0164775 9.9991E-05 0.0975577 0.211546 0.17252 0.24066
0.141598 0.0390612 9.9991E-05 0.108023 0.0274411 0.0948448 0.218422 0.37051
9.9964E-05 0.0634168 0.19425 9.9964E-05 0.58463 9.9964E-05 0.157303 9.9964E-05
9.9982E-05 9.9982E-05 0.0322435 0.0328319 0.118668 0.228124 0.413132 0.174801
0.157706 0.104806 0.077013 0.0961357 0.396812 0.152613 0.0148143 9.9991E-05
9.9991E-05 0.0217102 0.0928844 0.0565877 0.291581 0.12178 0.105657 0.309699
0.0905564 9.9991E-05 0.0536049 0.196654 0.0923487 0.122227 0.42775 0.016759
0.0687506 0.0203606 9.99819E-05 0.456672 9.99819E-05 0.164349 0.126895 0.162773
0.0206594 0.0284538 9.9973E-05 9.9973E-05 0.288203 0.0785675 0.583817 9.9973E-05
0.487757 0.0250037 0.0531442 0.0371987 0.396596 9.9973E-05 9.9973E-05 9.9973E-05
9.999E-05 0.113077 0.0592062 0.11576 0.0337663 0.0522057 0.420832 0.205053
0.249462 0.106485 0.0821425 9.9982E-05 9.9982E-05 0.151316 0.20356 0.206835
0.0429878 0.0760198 0.0760855 9.9982E-05 0.34461 9.9982E-05 0.313951 0.146146
9.994E-05 9.994E-05 9.994E-05 9.994E-05 9.994E-05 9.994E-05 9.994E-05 0.9993
0.00557654 9.9973E-05 0.181017 9.9973E-05 9.9973E-05 0.0897924 0.189385 0.533929
9.9946E-05 9.9946E-05 0.0317107 9.9946E-05 0.96769 9.9946E-05 9.9946E-05 9.9946E-05
0.250133 9.9964E-05 0.0855468 0.0868236 9.9964E-05 9.9964E-05 0.577097 9.9964E-05
0.02471 0.081902 9.9982E-05 9.9982E-05 0.33589 0.387463 0.0408826 0.128953
9.9973E-05 0.0586894 0.0793398 9.9973E-05 0.349479 0.466092 0.0461006 9.9973E-05
0.152654 0.0350634 0.179806 0.00454642 0.033597 0.317859 9.9991E-05 0.276374
0.114981 0.0865533 0.100521 0.0741286 0.0183531 0.374103 0.113236 0.118125
0.0857989 9.9973E-05 9.9973E-05 0.0323305 0.542558 9.9973E-05 0.103062 0.235951
0.319412 0.0336547 9.9973E-05 0.00878087 0.61697 0.0208825 9.9973E-05 9.9973E-05
0.381721 0.00168504 0.195114 9.9973E-05 9.9973E-05 9.9973E-05 0.274859 0.14632
0.148542 0.00699579 9.9982E-05 9.9982E-05 0.0751051 0.132765 0.233572 0.40282
0.568336 0.030077 9.9982E-05 0.0559667 9.9982E-05 0.185386 0.0720154 0.0880184
0.200684 0.0572419 9.9973E-05 0.0808653 0.47727 0.183639 9.9973E-05 9.9973E-05
0.0293534 0.0328087 9.9991E-05 0.142555 0.155284 0.128771 0.483981 0.0271467
9.9982E-05 0.103937 0.0129959 0.0856353 0.235982 9.9982E-05 0.412012 0.149238
0.310268 0.151032 0.00534368 0.0464653 0.213045 0.042657 0.122051 0.109138
0.0538638 0.0579555 0.0380465 0.053486 9.9973E-05 0.796348 9.9973E-05 9.9973E-05
0.147611 0.0296574 0.164793 0.168696 0.0730309 0.143067 0.220271 0.0528749
0.729062 9.9955E-05 9.9955E-05 0.0671685 0.203269 9.9955E-05 9.9955E-05 9.9955E-05
0.270634 0.121429 0.0878871 9.9982E-05 0.0384912 9.9982E-05 0.326169 0.15519
0.781353 9.99641E-05 9.99641E-05 0.000717496 0.13544 0.0820892 9.99641E-05 9.99641E-05
0.565372 0.0290858 0.00930133 9.9973E-05 0.185075 9.9973E-05 9.9973E-05 0.210866
0.207395 0.044486 0.07303 0.0316628 0.242559 0.0964267 0.197435 0.107006
0.337962 0.0222592 0.146218 0.03595 0.254337 0.000128956 0.203044 9.9991E-05
0.0375398 0.0581014 0.0557233 0.0890649 0.0148127 0.333445 0.23268 0.178633
9.9982E-05 0.148276 0.0771333 9.9982E-05 0.354481 0.151732 0.259367 0.00881024
0.254837 0.0690617 9.9964E-05 9.9964E-05 9.9964E-05 9.9964E-05 0.492501 0.183201
9.9973E-05 0.107201 0.00426085 0.839127 9.9973E-05 0.0325082 9.9973E-05 0.0166032
0.000723729 9.9982E-05 0.198619 9.9982E-05 0.109106 0.0586645 0.255853 0.376833
9.9964E-05 0.0196994 0.0179832 9.9964E-05 9.9964E-05 9.9964E-05 0.0491854 0.912732
0.233118 0.091563 0.106157 9.9973E-05 0.173461 9.9973E-05 9.9973E-05 0.395401
0.126818 0.0622191 9.9991E-05 0.0756854 0.22978 0.0104851 0.438854 0.0560589
9.9964E-05 9.9964E-05 9.9964E-05 0.100837 0.232938 9.9964E-05 0.270188 0.395638
9.9991E-05 0.115924 0.037779 0.198974 0.179278 0.333158 0.0770917 0.057695
0.798811 9.9955E-05 0.128982 0.0717075 9.9955E-05 9.9955E-05 9.9955E-05 9.9955E-05
9.9991E-05 0.0778844 0.00772171 0.0443247 0.164939 0.106 0.382461 0.216569
0.0325972 0.133241 0.0214235 0.0871043 0.0513283 0.088038 0.434379 0.151888
0.310725 0.0505682 0.0528403 0.0417748 0.0310352 0.00106252 0.507081 0.00491334
0.124531 9.9991E-05 0.109887 0.191032 0.151492 0.115637 0.282949 0.0243727
0.502666 0.0179226 0.0791427 0.0184294 9.9982E-05 0.294273 0.0873665 9.9982E-05
0.432966 0.130846 0.0603063 0.133002 0.0397861 0.139387 9.9991E-05 0.0636068
9.9991E-05 0.0634165 0.118814 0.0114184 0.006474 0.417304 0.282325 0.100148
9.9964E-05 9.9964E-05 0.106847 9.9964E-05 9.9964E-05 0.271426 0.436847 0.18448
0.100027 0.0891576 0.0538982 0.0881263 9.9991E-05 0.162157 0.418541 0.0879921
0.0636748 0.171422 9.9991E-05 0.0694597 0.225437 0.359593 0.00212629 0.108187
0.270846 0.0338766 0.0811523 0.0894397 9.9991E-05 0.0485991 0.283576 0.192411
0.379574 9.9982E-05 0.024548 0.159527 0.199662 0.123462 9.9982E-05 0.113027
9.99731E-05 0.0927333 0.0682436 0.154808 9.99731E-05 0.257195 0.42672 9.99731E-05
0.411038 0.112935 9.9982E-05 0.0415106 9.9982E-05 0.0574303 0.126497 0.250388
0.0182555 9.9973E-05 0.0274982 9.9973E-05 0.595109 0.355135 9.9973E-05 0.0037023
9.99549E-05 0.0386592 9.99549E-05 9.99549E-05 9.99549E-05 9.99549E-05 0.216813 0.744028
0.335007 0.0963908 0.0485302 9.9973E-05 0.0850961 9.9973E-05 0.434676 9.9973E-05
0.164599 0.0501971 0.0914233 0.207669 9.9991E-05 0.00601743 0.169961 0.310032
0.173144 0.0482909 9.9982E-05 9.9982E-05 0.549756 0.0288165 0.133563 0.0662288
9.99459E-05 9.99459E-05 0.0427959 0.956604 9.99459E-05 9.99459E-05 9.99459E-05 9.99459E-05
0.0872166 0.00534839 0.0064766 9.9973E-05 0.438108 9.9973E-05 0.462551 9.9973E-05
0.307454 0.0807227 9.9973E-05 9.9973E-05 9.9973E-05 0.266238 0.0521786 0.293106
9.9982E-05 0.0555624 9.9982E-05 0.0556523 0.147119 0.22367 0.50777 0.0100267
0.0855971 0.066436 0.0571059 9.9991E-05 0.0875513 0.385341 0.00212819 0.31574
9.9991E-05 0.0105603 0.0777315 0.0789625 0.0833037 0.204857 0.348857 0.195629
0.0549303 9.9982E-05 0.00385106 0.00824999 0.670294 0.210847 9.9982E-05 0.0516275
0.895319 0.028153 0.0194025 9.9964E-05 9.9964E-05 9.9964E-05 9.9964E-05 0.0567253
9.9973E-05 0.0730553 9.9973E-05 0.443257 0.143024 9.9973E-05 0.199367 0.140997
0.0432875 9.9973E-05 9.9973E-05 0.292853 0.106229 9.9973E-05 0.440186 0.117145
0.186486 0.0596035 9.9982E-05 0.0960018 0.117327 9.9982E-05 0.346003 0.194379
9.994E-05 9.994E-05 9.994E-05 0.9993 9.994E-05 9.994E-05 9.994E-05 9.994E-05
9.9991E-05 0.0382475 0.138767 0.092835 0.207185 0.0317135 0.411741 0.0794104
9.99549E-05 0.0439462 0.936069 9.99549E-05 0.0194848 9.99549E-05 9.99549E-05 9.99549E-05
9.9982E-05 0.0603811 0.088473 0.0353866 0.251945 0.223697 0.339917 9.9982E-05
0.149981 9.9973E-05 9.9973E-05 9.9973E-05 0.059167 0.0628589 0.610916 0.116778
0.224569 9.9973E-05 9.9973E-05 9.9973E-05 0.0357168 0.22208 0.293633 0.223701
9.9991E-05 0.106401 0.0174276 0.0767889 0.408997 0.146451 0.227472 0.0163623
0.22682 0.0180104 9.9991E-05 0.1884 0.00148194 0.0828511 0.47393 0.00840611
0.131266 0.0585119 0.0487051 9.9982E-05 0.228476 9.9982E-05 0.180764 0.352076
0.121067 0.0118076 0.0800794 9.9982E-05 9.9982E-05 0.0353906 0.483257 0.268198
0.304062 0.094106 9.9973E-05 0.0924018 0.269248 9.9973E-05 0.239883 9.9973E-05
0.144126 0.0410565 0.0775012 0.0561606 0.0354974 0.385275 0.0936899 0.166694
0.0940699 0.0704458 0.0427881 0.355883 0.0603056 0.197991 0.0971765 0.0813397
0.357102 0.00581668 0.0198751 9.9991E-05 0.172628 0.152716 0.0572629 0.234499
0.0198865 9.9946E-05 9.9946E-05 0.979514 9.9946E-05 9.9946E-05 9.9946E-05 9.9946E-05
9.9964E-05 9.9964E-05 0.165545 9.9964E-05 0.324853 0.162602 0.3466 9.9964E-05
0.154487 0.0855511 0.00526466 0.0100099 0.215153 0.0832594 9.9991E-05 0.446175
0.400474 9.9982E-05 9.9982E-05 0.0621002 0.094826 0.187951 0.238743 0.015706
0.175944 0.124852 0.0459858 0.0710019 0.307387 9.9982E-05 0.274631 9.9982E-05
0.196066 0.11564 0.104002 0.0269266 9.9991E-05 0.175391 0.029218 0.352656
9.9982E-05 0.0944058 9.9982E-05 0.38173 0.0303377 0.0246823 0.197413 0.271232
0.241104 0.0564622 0.0231883 0.199256 0.189336 0.142744 0.0598695 0.0880392
0.199246 0.0265361 0.0232844 9.9991E-05 0.032246 0.284151 0.388746 0.0456908
0.535637 0.126104 0.0104333 0.100909 0.226388 9.9982E-05 9.9982E-05 0.000329366
0.120147 0.004798 9.9982E-05 0.0129033 9.9982E-05 0.00515726 0.817695 0.0390995
9.9964E-05 0.017286 9.9964E-05 9.9964E-05 0.585797 0.0109767 0.38554 9.9964E-05
0.265669 0.0845779 0.0247283 0.0562365 0.326578 0.0929561 9.9991E-05 0.149154
0.225171 9.9973E-05 9.9973E-05 9.9973E-05 0.126672 0.250249 0.348057 0.0495507
9.9973E-05 0.0320853 9.9973E-05 0.0307422 0.864363 0.0211992 0.0513099 9.9973E-05
9.9973E-05 0.0721275 9.9973E-05 0.00161683 0.0575739 9.9973E-05 0.249564 0.618818
0.439774 0.0907678 0.0260579 9.9982E-05 9.9982E-05 0.171795 0.135819 0.135587
0.244748 9.99551E-05 9.99551E-05 0.323765 9.99551E-05 9.99551E-05 0.430987 9.99551E-05
0.0158533 0.0827245 0.0738769 0.12972 0.0704997 0.245025 0.324595 0.0577053
0.166094 0.000656876 0.0658827 0.124657 9.9982E-05 9.9982E-05 0.298566 0.343944
0.243833 0.086818 0.0372121 9.9973E-05 0.398693 9.9973E-05 0.233145 9.9973E-05
9.9946E-05 9.9946E-05 9.9946E-05 9.9946E-05 9.9946E-05 0.95271 0.0466905 9.9946E-05
9.994E-05 9.994E-05 9.994E-05 9.994E-05 9.994E-05 0.9993 9.994E-05 9.994E-05
0.419059 0.0922557 0.0126971 0.0346848 0.350681 0.064147 0.0263753 9.9991E-05
0.322313 0.0440239 0.130021 0.069547 0.0624228 0.0702086 0.157818 0.143646
0.294127 0.106018 0.162266 0.000194488 0.0819655 9.9991E-05 0.224669 0.130659
9.9955E-05 0.0754367 0.0638274 9.9955E-05 9.9955E-05 9.9955E-05 0.860236 9.9955E-05
0.241598 0.00458448 0.0492323 0.152602 0.443721 0.00998234 0.0981806 9.9991E-05
0.22456 0.0263138 9.9973E-05 0.075367 0.534858 9.9973E-05 9.9973E-05 0.138601
0.205743 0.11258 0.0850598 0.0535626 9.9991E-05 0.127916 0.144675 0.270364
9.9973E-05 0.0603 9.9973E-05 0.440775 9.9973E-05 0.145427 0.0183676 0.33483
0.181111 0.00628401 0.0806137 0.0232358 0.00897109 0.0218273 0.364489 0.313468
9.994E-05 0.9993 9.994E-05 9.994E-05 9.994E-05 9.994E-05 9.994E-05 9.994E-05
0.054821 0.0390513 0.133926 0.0355279 9.9973E-05 9.9973E-05 9.9973E-05 0.736374
0.0524675 0.0435944 0.272896 9.9973E-05 9.9973E-05 0.36609 9.9973E-05 0.264652
0.145524 0.0123185 0.0868763 9.9973E-05 0.26729 9.9973E-05 0.487692 9.9973E-05
0.233981 0.0486984 0.257593 9.9982E-05 9.9982E-05 0.27019 0.106519 0.0828184
0.0478666 0.113836 0.0630964 0.135469 0.360259 0.162263 0.0686731 0.0485377
0.292677 0.0592075 9.9982E-05 0.0551173 0.252398 0.309524 0.0308759 9.9982E-05
0.307902 0.0571193 9.9982E-05 0.0256689 0.0172146 9.9982E-05 0.470673 0.121222
9.9991E-05 0.105355 0.0254001 0.206712 0.080458 0.197907 0.295862 0.0882059
0.361334 0.0537208 9.99639E-05 9.99639E-05 0.320169 9.99639E-05 9.99639E-05 0.264377
9.9991E-05 0.075237 0.047863 0.145882 0.126332 0.136845 0.388549 0.0791914
9.9955E-05 9.9955E-05 9.9955E-05 0.143008 9.9955E-05 0.057877 9.9955E-05 0.798615
0.18744 0.0856335 0.0494562 0.0240811 0.250987 0.156614 0.209066 0.0367215
9.9982E-05 0.102605 0.074086 0.0333922 0.210699 9.9982E-05 0.241687 0.337331
9.994E-05 0.9993 9.994E-05 9.994E-05 9.994E-05 9.994E-05 9.994E-05 9.994E-05
0.121146 0.379166 9.9982E-05 9.9982E-05 0.000225922 0.139812 0.260866 0.0985839
0.230695 9.9982E-05 0.0660255 0.115594 9.9982E-05 0.439046 0.0200024 0.128438
0.197365 0.0926599 0.0242685 0.0233174 0.345036 0.102441 0.203116 0.0117954
9.99641E-05 0.0410279 0.106851 9.99641E-05 0.0138278 9.99641E-05 9.99641E-05 0.837894
0.160374 0.0769875 9.9982E-05 9.9982E-05 0.2588 0.1661 0.124021 0.213518
0.230836 0.0856103 0.128391 9.9982E-05 0.105606 0.139196 0.310161 9.9982E-05
9.99459E-05 0.0276502 9.99459E-05 9.99459E-05 9.99459E-05 0.97175 9.99459E-05 9.99459E-05
9.9964E-05 0.101337 9.9964E-05 0.0627233 9.9964E-05 9.9964E-05 0.586917 0.248623
0.251504 9.9991E-05 0.017103 0.10834 0.218046 0.104606 0.231827 0.068474
0.217992 0.0577975 0.0571666 0.100761 0.150743 0.0410703 0.374369 9.9991E-05
0.142687 0.118965 0.0411362 0.0338754 0.00347294 0.193931 0.0607934 0.405139
0.493048 0.00580261 0.0232615 9.9982E-05 0.172901 0.234469 9.9982E-05 0.0703186
0.294407 0.118291 9.9973E-05 9.9973E-05 9.9973E-05 0.0575479 0.276222 0.253232
0.524147 9.9973E-05 0.159582 9.9973E-05 9.9973E-05 0.111962 0.135749 0.0682599
0.359247 0.074405 0.0393853 9.9982E-05 9.9982E-05 0.0805564 0.405421 0.0407855
0.318309 9.9991E-05 0.0585833 0.0398628 0.163167 0.240095 0.0959446 0.0839388
9.994E-05 9.994E-05 0.9993 9.994E-05 9.994E-05 9.994E-05 9.994E-05 9.994E-05
0.377102 0.0203113 0.00295054 0.0806974 0.428478 0.0728937 9.9991E-05 0.0174668
9.9955E-05 0.0304801 9.9955E-05 0.125221 9.9955E-05 9.9955E-05 0.843799 9.9955E-05
9.9973E-05 0.145012 9.9973E-05 0.116806 0.509468 9.9973E-05 0.169385 0.0590294
9.9982E-05 0.0677172 9.9982E-05 0.0368971 0.283348 0.323579 0.0625386 0.22572
0.0285651 9.9982E-05 9.9982E-05 0.168324 0.188007 0.0821464 0.336106 0.196652
0.0535668 9.9982E-05 0.0610013 9.9982E-05 0.0284777 0.204288 0.266405 0.386061
9.994E-05 9.994E-05 0.9993 9.994E-05 9.994E-05 9.994E-05 9.994E-05 9.994E-05
0.421438 0.0717683 9.9973E-05 0.031965 9.9973E-05 9.9973E-05 0.310337 0.164191
9.9982E-05 0.0371188 0.211881 0.0616373 0.238204 9.9982E-05 0.290308 0.16065
0.0127021 0.0552983 0.0342048 0.0114601 0.044654 0.28073 0.276933 0.284018
0.221604 0.0299399 9.9991E-05 0.0717646 0.354 0.0689252 0.0745927 0.179074
