0.022057 9.99731E-05 0.0862629 9.99731E-05 9.99731E-05 0.305903 0.174316 0.411161
0.254127 0.18571 0.157405 9.9982E-05 9.9982E-05 0.113664 0.0924487 0.196446
9.99731E-05 9.99731E-05 0.17783 0.218848 0.173081 9.99731E-05 0.245337 0.184605
9.99731E-05 0.230165 0.0548954 0.130552 0.0354945 9.99731E-05 9.99731E-05 0.548593
0.178078 0.0163363 9.99821E-05 9.99821E-05 0.211759 0.00404658 0.0145535 0.575027
9.99641E-05 0.114988 9.99641E-05 0.131524 9.99641E-05 9.99641E-05 0.00642599 0.746662
0.229308 9.99821E-05 0.156539 9.99821E-05 0.0688049 0.0312071 0.0241411 0.4898
0.0155105 9.99552E-05 9.99552E-05 9.99552E-05 0.333637 9.99552E-05 9.99552E-05 0.650353
9.99731E-05 0.564961 0.112678 0.0650484 0.121693 9.99731E-05 0.13532 9.99731E-05
9.99642E-05 9.99642E-05 9.99642E-05 0.154788 9.99642E-05 0.0340742 0.669875 0.140863
0.0589526 9.9991E-05 0.137895 0.195443 0.262556 0.0254399 0.260203 0.0594104
0.248148 0.496694 9.99731E-05 9.99731E-05 0.106133 0.00176751 9.99731E-05 0.146958
9.99642E-05 0.0681724 0.0185881 9.99642E-05 0.524061 9.99642E-05 9.99642E-05 0.388779
0.225512 0.177569 9.99641E-05 9.99641E-05 9.99641E-05 0.0992231 9.99641E-05 0.497295
9.99463E-05 0.979559 9.99463E-05 9.99463E-05 9.99463E-05 9.99463E-05 9.99463E-05 0.0198418
0.178064 9.99732E-05 0.115678 9.99732E-05 0.165404 0.071234 9.99732E-05 0.46932
9.99731E-05 0.333121 0.110846 0.0449374 9.99731E-05 9.99731E-05 0.0701145 0.44068
0.292563 9.99731E-05 0.00780423 0.164172 9.99731E-05 0.195033 0.340128 9.99731E-05
9.99552E-05 0.357255 9.99552E-05 9.99552E-05 0.568328 9.99552E-05 9.99552E-05 0.0739172
0.0714027 0.323745 9.99642E-05 0.0384897 9.99642E-05 9.99642E-05 9.99642E-05 0.565963
9.99731E-05 9.99731E-05 0.0066856 0.0988714 9.99731E-05 0.076558 0.62522 0.192365
9.9973E-05 0.0204489 0.129109 9.9973E-05 0.802163 0.0190416 0.0289371 9.9973E-05
0.041152 0.27676 0.254234 0.156778 9.99731E-05 9.99731E-05 9.99731E-05 0.270775
0.107761 0.15126 0.412477 9.9973E-05 9.9973E-05 0.151538 9.9973E-05 0.176665
0.092306 9.9982E-05 0.313255 0.211086 0.245809 0.11725 9.9982E-05 0.0200934
0.101885 0.0152423 0.0986058 9.9991E-05 0.0780373 0.360556 0.0145468 0.331027
0.218633 0.0521726 0.00382703 9.9982E-05 0.10368 0.106089 0.515398 9.9982E-05
9.99732E-05 0.315144 9.99732E-05 9.99732E-05 0.133273 0.370127 0.175713 0.00544278
0.10073 9.9973E-05 9.9973E-05 0.352886 0.48185 0.0330653 9.9973E-05 0.0311691
9.99462E-05 9.99462E-05 0.716794 9.99462E-05 0.282607 9.99462E-05 9.99462E-05 9.99462E-05
0.0755083 0.160554 9.9964E-05 9.9964E-05 9.9964E-05 0.643375 0.120163 9.9964E-05
0.23988 9.99642E-05 0.0235859 9.99642E-05 0.440474 9.99642E-05 9.99642E-05 0.29566
9.99642E-05 9.99642E-05 0.0250463 0.192208 0.206235 9.99642E-05 0.576111 9.99642E-05
9.99553E-05 9.99553E-05 9.99553E-05 9.99553E-05 0.559817 0.00848644 9.99553E-05 0.431197
0.0581956 9.99641E-05 0.086621 9.99641E-05 9.99641E-05 0.217761 9.99641E-05 0.637022
9.99463E-05 9.99463E-05 9.99463E-05 9.99463E-05 9.99463E-05 9.99463E-05 0.460395 0.539006
0.368111 0.0650706 0.0410348 9.99731E-05 0.134744 0.39074 9.99731E-05 9.99731E-05
9.99641E-05 9.99641E-05 0.183571 0.613618 0.106006 9.99641E-05 0.0964055 9.99641E-05
0.228721 0.0284311 0.0417399 9.9991E-05 0.155264 0.313127 0.00612338 0.226493
0.0878829 0.0390609 9.9982E-05 0.329628 0.180076 0.063932 9.9982E-05 0.29922
0.017444 0.156616 0.331785 9.99731E-05 0.00679399 9.99731E-05 0.487061 9.99731E-05
0.0935212 9.99732E-05 0.0217325 9.99732E-05 9.99732E-05 0.0766238 0.672981 0.134842
9.99551E-05 9.99551E-05 9.99551E-05 9.99551E-05 0.238603 9.99551E-05 0.29184 0.469057
0.090116 0.406438 9.99731E-05 0.111294 9.99731E-05 0.321975 9.99731E-05 0.0698772
0.271975 0.0808178 0.053644 0.0765532 0.478172 9.99821E-05 9.99821E-05 0.0386382
0.101936 0.146175 9.99821E-05 0.0689528 0.00605355 9.99821E-05 0.109733 0.56695
9.99552E-05 0.105916 9.99552E-05 9.99552E-05 9.99552E-05 9.99552E-05 0.466609 0.426975
0.178125 0.133231 9.9982E-05 0.0542072 0.121807 9.9982E-05 0.369506 0.142924
9.998E-05 0.221811 0.0452126 9.998E-05 0.363168 0.136579 0.0604037 0.172626
0.0922934 9.99641E-05 9.99641E-05 9.99641E-05 9.99641E-05 0.245248 0.0184949 0.643564
9.9973E-05 9.9973E-05 0.135335 0.0822473 0.0839685 0.141683 9.9973E-05 0.556466
0.14298 0.185316 0.046579 0.385673 9.99821E-05 9.99821E-05 0.138613 0.100639
9.9982E-05 0.0601734 0.220807 9.9982E-05 0.0752116 0.00404756 0.437483 0.202078
9.99642E-05 9.99642E-05 0.0049057 0.218358 0.273385 9.99642E-05 9.99642E-05 0.502951
0.166041 0.478787 9.99821E-05 0.00940553 0.00814785 0.00847986 9.99821E-05 0.328938
0.0706611 0.396184 9.99641E-05 9.99641E-05 0.136854 0.395901 9.99641E-05 9.99641E-05
0.0392972 0.218546 0.354558 9.9973E-05 9.9973E-05 0.269444 9.9973E-05 0.117856
0.120598 0.350826 9.99822E-05 9.99822E-05 0.284018 0.0178633 0.14691 0.0795849
0.335694 0.242817 9.9982E-05 0.0062147 0.183121 0.110933 9.9982E-05 0.121021
0.104539 9.9973E-05 9.9973E-05 0.0953984 9.9973E-05 0.230757 0.241743 0.327263
9.99731E-05 0.200518 9.99731E-05 0.170154 0.164243 0.324724 9.99731E-05 0.140062
0.378848 0.215569 0.120841 9.9973E-05 9.9973E-05 9.9973E-05 0.246814 0.0376288
9.99551E-05 0.224242 9.99551E-05 9.99551E-05 0.47266 9.99551E-05 0.302598 9.99551E-05
0.0977535 9.99552E-05 0.602902 9.99552E-05 9.99552E-05 0.298845 9.99552E-05 9.99552E-05
9.99732E-05 9.99732E-05 0.0411398 9.99732E-05 0.231609 0.197289 0.184584 0.345078
9.99641E-05 0.156533 0.202891 9.99641E-05 0.457542 9.99641E-05 0.182634 9.99641E-05
9.9973E-05 9.9973E-05 0.0209021 0.00815967 9.9973E-05 0.372344 0.111488 0.486807
0.236006 0.332783 9.99731E-05 9.99731E-05 0.181255 0.180582 9.99731E-05 0.0690744
0.02059 0.0267304 9.9973E-05 9.9973E-05 0.445751 0.412983 9.9973E-05 0.0936457
9.99552E-05 9.99552E-05 9.99552E-05 9.99552E-05 0.228303 0.306332 0.464865 9.99552E-05
0.107122 0.217461 9.99731E-05 0.0909741 9.99731E-05 9.99731E-05 0.149412 0.434731
0.233207 0.00511618 0.218846 9.99731E-05 0.37627 9.99731E-05 0.166261 9.99731E-05
0.482936 9.99554E-05 9.99554E-05 0.0229589 9.99554E-05 9.99554E-05 9.99554E-05 0.493605
0.149345 0.0556022 0.011156 9.99821E-05 0.47778 0.199463 9.99821E-05 0.106454
9.99465E-05 9.99465E-05 9.99465E-05 9.99465E-05 9.99465E-05 0.132979 9.99465E-05 0.866421
0.284982 0.186415 9.99731E-05 9.99731E-05 0.3346 0.0436769 9.99731E-05 0.150026
9.99553E-05 0.770613 0.184918 9.99553E-05 9.99553E-05 0.0439692 9.99553E-05 9.99553E-05
0.184723 0.243287 0.15845 0.106493 0.104481 0.023367 0.179099 9.9991E-05
9.99641E-05 0.249838 9.99641E-05 0.0901102 0.254817 0.404835 9.99641E-05 9.99641E-05
0.100973 0.434125 9.99731E-05 9.99731E-05 0.0852971 0.030478 9.99731E-05 0.348827
0.365913 9.99642E-05 9.99642E-05 0.0546881 0.124967 9.99642E-05 9.99642E-05 0.454032
9.99821E-05 9.99821E-05 0.0728704 0.105835 0.300683 0.00782372 0.0500256 0.462562
9.99553E-05 9.99553E-05 9.99553E-05 9.99553E-05 9.99553E-05 0.347772 0.502653 0.149076
9.99731E-05 0.0739656 0.219012 0.0117888 0.541278 9.99731E-05 0.153656 9.99731E-05
0.0563608 0.123952 0.146775 9.99731E-05 9.99731E-05 9.99731E-05 0.235131 0.437482
0.0951038 0.180294 9.9973E-05 9.9973E-05 0.0112623 9.9973E-05 0.252888 0.460151
0.241581 0.124884 9.99732E-05 0.09765 0.194783 9.99732E-05 0.340801 9.99732E-05
0.163705 0.0107434 0.473526 9.99731E-05 0.0777378 9.99731E-05 9.99731E-05 0.273988
9.99821E-05 9.99821E-05 0.0698993 0.288723 0.185048 0.148162 0.126357 0.18161
9.99641E-05 9.99641E-05 0.0405343 0.0697481 0.680575 9.99641E-05 0.208743 9.99641E-05
9.99553E-05 9.99553E-05 0.76671 9.99553E-05 9.99553E-05 0.186048 9.99553E-05 0.0467422
0.230856 9.99732E-05 0.0106273 9.99732E-05 9.99732E-05 0.0421991 0.232027 0.483991
0.263721 9.99642E-05 9.99642E-05 9.99642E-05 0.163721 9.99642E-05 0.430456 0.141702
0.0990293 0.301686 0.0447873 0.312141 9.99821E-05 9.99821E-05 0.149768 0.0923883
0.218654 0.118881 9.9964E-05 9.9964E-05 0.280569 9.9964E-05 0.381496 9.9964E-05
0.110057 0.381392 9.9964E-05 0.0999405 9.9964E-05 9.9964E-05 9.9964E-05 0.408211
9.99551E-05 9.99551E-05 9.99551E-05 9.99551E-05 9.99551E-05 0.125972 0.531307 0.342222
9.99551E-05 0.558822 9.99551E-05 9.99551E-05 9.99551E-05 9.99551E-05 0.376908 0.0637699
0.0591449 9.9973E-05 0.282828 9.9973E-05 0.175073 0.180158 9.9973E-05 0.302496
0.0996988 0.067597 0.443372 0.0197487 0.0142633 9.9991E-05 0.153595 0.201625
0.00990076 0.126358 9.99642E-05 9.99642E-05 9.99642E-05 0.488047 0.375295 9.99642E-05
0.0911883 9.99642E-05 0.839486 0.0660451 9.99642E-05 0.00288073 9.99642E-05 9.99642E-05
9.99732E-05 0.0778477 0.253631 0.234195 0.113073 9.99732E-05 0.320954 9.99732E-05
9.99462E-05 9.99462E-05 0.0152007 0.9842 9.99462E-05 9.99462E-05 9.99462E-05 9.99462E-05
9.99641E-05 0.0483734 9.99641E-05 0.0729046 0.308275 9.99641E-05 9.99641E-05 0.570047
9.99641E-05 0.251207 0.115695 9.99641E-05 0.336806 9.99641E-05 9.99641E-05 0.295892
0.0354345 9.99642E-05 9.99642E-05 9.99642E-05 0.232369 9.99642E-05 0.203238 0.528559
9.99731E-05 9.99731E-05 9.99731E-05 0.0894816 0.35924 0.139045 0.126619 0.285314
9.99642E-05 0.0184708 9.99642E-05 9.99642E-05 0.517252 0.43877 9.99642E-05 0.0251079
0.0229436 9.99642E-05 9.99642E-05 0.521413 0.373296 0.0819473 9.99642E-05 9.99642E-05
0.0769985 9.99732E-05 0.296292 9.99732E-05 0.102765 9.99732E-05 0.308848 0.214798
0.182596 0.0832257 0.0695022 9.99731E-05 9.99731E-05 0.229923 9.99731E-05 0.434453
9.99641E-05 9.99641E-05 0.513031 0.011964 0.177889 0.296717 9.99641E-05 9.99641E-05
0.0336219 9.99553E-05 9.99553E-05 9.99553E-05 0.543997 9.99553E-05 9.99553E-05 0.421881
9.994E-05 9.994E-05 0.9993 9.994E-05 9.994E-05 9.994E-05 9.994E-05 9.994E-05
9.99732E-05 0.441 9.99732E-05 0.19623 0.110216 9.99732E-05 0.143846 0.108408
9.99641E-05 0.392938 0.0371207 9.99641E-05 0.0794449 9.99641E-05 9.99641E-05 0.490096
0.118187 9.99462E-05 9.99462E-05 9.99462E-05 0.881213 9.99462E-05 9.99462E-05 9.99462E-05
0.0723238 9.99641E-05 0.160751 9.99641E-05 0.68275 0.0837753 9.99641E-05 9.99641E-05
9.99731E-05 0.171164 0.156762 0.104126 0.0159707 9.99731E-05 9.99731E-05 0.551678
9.99821E-05 0.0948759 0.357556 9.99821E-05 0.191972 0.105054 0.0338876 0.216456
0.140472 0.125699 0.332825 0.0421797 9.99732E-05 9.99732E-05 9.99732E-05 0.358525
9.99462E-05 9.99462E-05 9.99462E-05 0.100426 9.99462E-05 9.99462E-05 9.99462E-05 0.898975
9.99553E-05 9.99553E-05 9.99553E-05 9.99553E-05 9.99553E-05 0.0859628 0.395611 0.517927
9.99821E-05 0.398614 0.250119 0.0203343 0.0619271 9.99821E-05 0.0979559 0.17085
9.99731E-05 0.0438303 0.0430804 9.99731E-05 0.207601 9.99731E-05 0.373073 0.332116
0.142434 9.99643E-05 0.154737 9.99643E-05 9.99643E-05 9.99643E-05 0.59859 0.103839
0.250132 0.184865 9.9964E-05 9.9964E-05 0.058584 0.506019 9.9964E-05 9.9964E-05
9.99643E-05 9.99643E-05 0.193571 0.536059 9.99643E-05 0.230604 9.99643E-05 0.039366
0.111032 9.99821E-05 0.0369254 0.317982 0.0932952 9.99821E-05 0.137139 0.303427
9.99464E-05 0.787036 9.99464E-05 9.99464E-05 9.99464E-05 9.99464E-05 0.212364 9.99464E-05
0.0284808 0.0494378 9.9982E-05 9.9982E-05 0.0245489 0.105059 0.301909 0.490365
0.0896141 0.09883 9.99821E-05 0.0339068 0.311361 9.99821E-05 0.277458 0.188629
0.107293 0.101053 9.9982E-05 0.359082 0.381999 0.00303723 0.0473352 9.9982E-05
0.00151356 0.0816193 9.99821E-05 0.141014 0.0391839 9.99821E-05 0.577649 0.15882
9.99642E-05 9.99642E-05 9.99642E-05 0.00415782 9.99642E-05 0.270299 0.0907032 0.63444
9.99641E-05 9.99641E-05 9.99641E-05 9.99641E-05 0.152522 0.661407 0.0386902 0.146981
9.99643E-05 9.99643E-05 9.99643E-05 0.148586 0.0599175 0.4477 9.99643E-05 0.343397
0.169176 0.170335 9.99732E-05 9.99732E-05 0.155444 0.280317 0.224428 9.99732E-05
9.99552E-05 0.265099 9.99552E-05 9.99552E-05 9.99552E-05 0.285331 9.99552E-05 0.44907
0.0602814 0.16569 9.99821E-05 0.148473 0.0882111 0.480571 9.99821E-05 0.0565724
0.0511532 9.99821E-05 0.167834 0.482541 0.0401508 9.99821E-05 0.101881 0.15624
0.0141439 0.125195 9.9991E-05 0.0559383 0.199882 0.0111426 0.507208 0.0863905
9.99732E-05 0.000737348 0.0647036 0.0110689 0.210288 9.99732E-05 0.712903 9.99732E-05
0.161086 0.0281963 0.582575 0.00404365 0.0156371 9.9991E-05 0.00581707 0.202546
9.99641E-05 0.135011 9.99641E-05 9.99641E-05 0.358415 0.0194232 9.99641E-05 0.486752
0.9993 9.994E-05 9.994E-05 9.994E-05 9.994E-05 9.994E-05 9.994E-05 9.994E-05
9.99821E-05 0.156146 0.161674 0.0864929 0.0478794 9.99821E-05 0.0182178 0.52939
0.136108 9.99642E-05 0.280956 9.99642E-05 9.99642E-05 0.216667 9.99642E-05 0.365869
0.352543 0.392241 9.99641E-05 0.0810943 9.99641E-05 0.173722 9.99641E-05 9.99641E-05
0.123016 9.99642E-05 9.99642E-05 0.170341 0.600594 9.99642E-05 9.99642E-05 0.105649
0.0982746 0.490963 9.99731E-05 9.99731E-05 0.213759 9.99731E-05 0.168192 0.0285121
9.99641E-05 9.99641E-05 9.99641E-05 9.99641E-05 0.382985 0.371985 0.0619818 0.182648
0.0466024 0.133115 0.0659857 9.9991E-05 0.140877 0.271707 0.176413 0.165199
0.281382 9.99642E-05 0.316969 9.99642E-05 9.99642E-05 0.257037 9.99642E-05 0.144212
0.0245344 0.384918 9.99821E-05 0.294714 9.99821E-05 0.014655 0.11115 0.169828
0.0560372 0.286438 0.169015 0.317251 0.0208748 9.9991E-05 0.0365695 0.113715
0.134794 9.99821E-05 0.0225994 9.99821E-05 0.0675684 0.483372 0.28138 0.0100861
9.99731E-05 0.0596872 0.0536092 9.99731E-05 0.137809 0.388834 9.99731E-05 0.35976
9.9991E-05 0.0452945 0.151878 0.0714757 0.178981 0.0579876 0.193755 0.300529
0.9993 9.994E-05 9.994E-05 9.994E-05 9.994E-05 9.994E-05 9.994E-05 9.994E-05
0.190581 9.99641E-05 9.99641E-05 9.99641E-05 0.559927 9.99641E-05 0.0994529 0.149639
0.0395779 9.99552E-05 9.99552E-05 9.99552E-05 0.424862 9.99552E-05 9.99552E-05 0.53506
0.157392 0.581783 9.99641E-05 9.99641E-05 9.99641E-05 0.0785196 0.181905 9.99641E-05
0.30568 0.0871538 9.99732E-05 9.99732E-05 0.358233 9.99732E-05 0.129844 0.11879
9.99641E-05 9.99641E-05 0.180435 9.99641E-05 0.0316376 9.99641E-05 0.210193 0.577334
9.99642E-05 9.99642E-05 9.99642E-05 9.99642E-05 0.000686709 0.539124 0.138856 0.320934
9.99642E-05 0.132485 9.99642E-05 0.0277075 0.463449 0.375959 9.99642E-05 9.99642E-05
0.419595 0.212414 9.99693E-05 0.00932774 9.99693E-05 9.99693E-05 9.99693E-05 0.358263
0.102457 0.158555 0.110986 0.0565629 0.1014 0.0347548 0.0709965 0.364288
9.99731E-05 0.0483022 9.99731E-05 0.347889 0.08875 0.394798 9.99731E-05 0.119961
0.0740656 9.99642E-05 9.99642E-05 0.0839865 0.355422 9.99642E-05 9.99642E-05 0.486126
9.99641E-05 0.653984 9.99641E-05 0.294501 0.0103079 9.99641E-05 9.99641E-05 0.0408079
9.99821E-05 9.99821E-05 0.1476 0.025418 0.00860641 0.132558 0.172191 0.513427
9.99641E-05 0.184701 9.99641E-05 9.99641E-05 0.356016 0.14941 9.99641E-05 0.309473
9.99553E-05 9.99553E-05 9.99553E-05 9.99553E-05 0.298252 0.0419455 9.99553E-05 0.659303
0.187898 9.99732E-05 0.121253 9.99732E-05 0.339824 9.99732E-05 0.136429 0.214296
0.00940945 9.99552E-05 9.99552E-05 0.881551 9.99552E-05 0.10854 9.99552E-05 9.99552E-05
9.99641E-05 0.0723645 0.100275 9.99641E-05 9.99641E-05 0.424704 0.402257 9.99641E-05
9.99642E-05 0.431706 0.0150906 9.99642E-05 0.344451 9.99642E-05 0.208353 9.99642E-05
0.157115 0.107284 9.99641E-05 9.99641E-05 9.99641E-05 0.131788 0.603412 9.99641E-05
0.147776 0.0140152 9.9991E-05 0.115841 0.190782 0.00777631 0.382224 0.141485
0.0189257 9.99641E-05 9.99641E-05 9.99641E-05 9.99641E-05 0.349828 0.287903 0.342944
0.00226565 9.99643E-05 9.99643E-05 9.99643E-05 0.479878 0.00386081 9.99643E-05 0.513596
9.99461E-05 9.99461E-05 9.99461E-05 0.995599 0.00380126 9.99461E-05 9.99461E-05 9.99461E-05
0.0776493 0.183485 9.99822E-05 9.99822E-05 0.380551 0.0407692 0.0980201 0.219325
0.0450003 0.341936 9.9982E-05 0.081544 0.14816 0.000252767 9.9982E-05 0.382907
0.0480383 9.99821E-05 0.207641 0.229047 0.226321 0.176816 9.99821E-05 0.111937
9.99641E-05 9.99641E-05 0.111683 0.152593 9.99641E-05 9.99641E-05 0.0407893 0.694535
