0.645509 0.136307 0.218184
0.763037 9.9991E-05 0.236863
0.453292 0.284211 0.262497
0.73219 0.223589 0.0442214
0.726867 0.0389184 0.234214
0.864215 0.135685 9.9991E-05
0.75144 9.99911E-05 0.24846
0.932971 9.99911E-05 0.0669294
9.99911E-05 0.153081 0.846819
9.99911E-05 0.554342 0.445558
0.262433 0.596917 0.14065
0.212497 9.99911E-05 0.787403
0.50376 9.99911E-05 0.49614
0.494504 0.0830525 0.422444
0.512492 9.99911E-05 0.487408
0.682661 0.185744 0.131596
0.435163 0.126014 0.438823
0.410542 0.265136 0.324322
0.312904 9.99911E-05 0.686996
0.491284 0.0588079 0.449908
0.211019 0.548613 0.240368
0.211418 0.282339 0.506243
0.48347 0.319322 0.197208
0.367848 0.632052 9.99911E-05
0.483343 0.516557 9.9991E-05
0.384513 0.263309 0.352178
9.9991E-05 0.376118 0.623782
0.868629 0.0922395 0.0391316
0.55505 0.0165886 0.428362
0.10458 0.767454 0.127965
0.689763 0.129121 0.181116
0.473217 9.99911E-05 0.526683
9.99911E-05 0.45982 0.54008
0.768754 0.00074164 0.230504
0.957631 0.0422694 9.9991E-05
0.678945 9.99911E-05 0.320955
0.806513 0.00943746 0.18405
0.0844598 0.829223 0.0863176
0.649214 0.102783 0.248003
0.9998 9.999E-05 9.999E-05
9.99911E-05 0.369469 0.630431
9.99911E-05 0.266985 0.732915
0.59379 0.135063 0.271147
0.710184 0.0860103 0.203806
0.431874 0.229646 0.33848
0.777853 9.99911E-05 0.222047
0.290346 9.99911E-05 0.709554
0.0336362 0.0435808 0.922783
0.262599 9.99911E-05 0.737301
0.9998 9.999E-05 9.999E-05
0.823652 0.176248 9.9991E-05
9.9991E-05 0.497948 0.501952
0.26782 0.204252 0.527927
0.710183 0.289717 9.99911E-05
0.279968 0.056569 0.663463
0.298943 9.99911E-05 0.700957
0.590094 0.409806 9.9991E-05
0.191948 9.99911E-05 0.807952
0.425934 9.9991E-05 0.573966
0.473157 0.141129 0.385714
0.736701 0.175416 0.0878826
0.208308 0.059263 0.732429
0.198969 9.9991E-05 0.800931
0.232615 0.767285 9.9991E-05
0.814426 0.0289704 0.156603
0.15929 0.248935 0.591775
0.891649 0.0889407 0.0194099
0.484067 9.9991E-05 0.515833
0.642826 9.9991E-05 0.357074
0.261097 0.469657 0.269246
0.265664 0.0883839 0.645952
0.178042 0.102005 0.719953
0.755886 9.99911E-05 0.244014
0.838918 9.99911E-05 0.160982
0.9998 9.999E-05 9.999E-05
0.277407 9.9991E-05 0.722493
0.424546 0.0380291 0.537425
0.089047 0.504439 0.406514
0.682354 0.224993 0.0926526
0.672791 9.99911E-05 0.327109
0.852762 9.99911E-05 0.147138
0.468201 0.230632 0.301168
0.530068 9.99911E-05 0.469833
0.475508 0.255393 0.269099
0.616242 0.135898 0.24786
0.395341 0.0556199 0.549039
9.99911E-05 0.337652 0.662248
0.6092 0.3907 9.9991E-05
0.564467 0.435433 9.99911E-05
0.262913 0.266723 0.470365
0.227091 0.772809 9.99911E-05
0.454011 0.192678 0.353312
0.0641321 0.0986457 0.837222
0.0525643 0.454867 0.492569
0.0368456 0.126086 0.837069
0.387189 0.0703397 0.542472
0.0704734 0.469545 0.459982
0.0815062 9.9991E-05 0.918394
0.546131 0.453769 9.9991E-05
0.168702 0.499244 0.332054
0.280667 0.343613 0.37572
9.999E-05 0.9998 9.999E-05
9.99911E-05 0.509038 0.490862
9.99911E-05 0.843288 0.156612
0.779648 9.9991E-05 0.220252
0.531932 9.9991E-05 0.467968
0.475712 9.9991E-05 0.524188
0.77747 0.151636 0.0708941
0.9998 9.999E-05 9.999E-05
0.395089 0.604811 9.99911E-05
0.164394 0.339767 0.495838
0.903912 0.0610957 0.0349925
0.33405 0.66585 9.99911E-05
0.836774 0.163126 9.99911E-05
9.999E-05 0.9998 9.999E-05
9.99911E-05 0.362569 0.637331
0.552224 9.99911E-05 0.447676
0.333671 0.150335 0.515993
0.198474 0.550071 0.251455
0.827842 0.132433 0.0397257
0.259309 0.516693 0.223998
0.871552 0.0991482 0.0292993
0.9998 9.999E-05 9.999E-05
0.698524 9.99911E-05 0.301377
0.280787 0.227106 0.492107
0.476321 0.0728996 0.450779
0.00646313 0.116328 0.877209
0.857315 9.99911E-05 0.142585
0.245255 0.754645 9.99911E-05
0.259012 0.346178 0.39481
9.99911E-05 0.0796561 0.920244
0.578903 0.250901 0.170195
0.184285 0.00326568 0.812449
0.266212 0.151574 0.582214
0.0747769 0.327812 0.597411
0.9998 9.999E-05 9.999E-05
0.9998 9.999E-05 9.999E-05
0.938151 0.0617489 9.99911E-05
0.305775 0.101949 0.592276
0.9998 9.999E-05 9.999E-05
0.576114 0.34507 0.0788157
0.318816 0.472124 0.20906
0.109734 0.259141 0.631125
9.99911E-05 0.559224 0.440676
0.365544 0.506727 0.127728
0.676208 0.233688 0.0901037
0.246828 0.0200077 0.733164
0.632581 0.328331 0.0390883
0.80521 0.1242 0.0705904
0.150899 0.173421 0.67568
0.498 0.204485 0.297515
9.999E-05 9.999E-05 0.9998
0.933707 9.9991E-05 0.0661926
0.510724 0.0879098 0.401366
0.765186 0.234714 9.99911E-05
0.433037 9.99911E-05 0.566863
0.404971 0.226359 0.36867
0.358769 0.347541 0.29369
0.9998 9.999E-05 9.999E-05
0.14847 0.499684 0.351846
0.0839555 0.0397765 0.876268
0.46671 9.99911E-05 0.53319
0.667563 0.0825437 0.249894
9.9991E-05 0.160983 0.838917
9.999E-05 9.999E-05 0.9998
0.605177 0.132227 0.262596
0.751663 0.0763978 0.171939
0.8263 9.99911E-05 0.1736
0.519831 9.99911E-05 0.480069
0.478036 0.196638 0.325326
0.929597 0.0070528 0.0633498
0.825554 9.99911E-05 0.174346
0.437221 9.99911E-05 0.562679
0.379994 0.369162 0.250843
0.81363 0.18627 9.9991E-05
0.735667 9.99911E-05 0.264233
0.489645 0.238232 0.272122
0.0683017 0.843671 0.0880278
0.462516 0.363662 0.173822
9.99911E-05 0.259922 0.739978
0.162801 9.99911E-05 0.837099
0.205527 0.219302 0.575172
0.536613 0.110106 0.353281
0.954908 9.99911E-05 0.0449923
0.210784 0.789116 9.99911E-05
0.423117 9.99911E-05 0.576783
0.598745 9.9991E-05 0.401155
0.636611 0.355064 0.00832488
0.546745 0.367546 0.085709
