0.924046 9.9982E-05 9.9982E-05 0.0757542
0.203644 0.0819773 0.207739 0.50664
0.441395 0.0759875 0.0794402 0.403177
0.362693 0.521909 0.0700456 0.0453526
0.37218 0.30112 0.181657 0.145043
0.375713 0.161732 0.292157 0.170398
0.496609 0.146283 0.187924 0.169184
0.3473 0.1255 0.161135 0.366066
0.375494 0.276984 0.310231 0.0372907
0.375813 0.187429 0.295717 0.14104
0.158346 9.9991E-05 0.445229 0.396325
0.00891135 0.42322 0.513871 0.0539983
0.497514 0.181617 0.320769 9.9991E-05
0.155425 0.311499 0.393138 0.139939
9.9982E-05 9.9982E-05 0.449742 0.550058
0.0989365 0.132968 0.174402 0.593693
0.0163304 9.9991E-05 0.456746 0.526824
0.343019 0.293778 0.317124 0.0460788
0.370649 0.359721 0.0829481 0.186682
0.304784 0.285122 0.121196 0.288898
0.663264 0.0189949 0.109283 0.208458
0.470369 9.9991E-05 0.126535 0.402996
0.387406 0.18063 0.251426 0.180538
0.431926 0.333927 0.00179992 0.232347
0.0623736 0.0953814 0.667948 0.174297
0.70599 0.0259252 9.9991E-05 0.267985
0.267013 0.15401 0.361792 0.217185
0.284655 0.244441 0.303789 0.167115
0.495895 0.194512 0.129226 0.180367
0.0447911 0.826934 0.118495 0.00978026
0.156907 0.293559 0.244408 0.305127
0.288298 0.440872 0.270731 9.9991E-05
0.499823 0.146312 0.0970107 0.256854
0.649931 0.067204 0.214866 0.0679994
0.517875 0.0813761 0.400649 9.9991E-05
0.746067 0.0554692 0.00897985 0.189484
0.241031 0.204131 0.490261 0.0645768
0.712608 0.0761096 0.0670397 0.144243
9.9991E-05 0.332336 0.445146 0.222417
0.398566 0.0925066 0.240545 0.268382
0.574584 0.0444877 0.0464836 0.334445
0.355555 0.065384 0.351247 0.227814
0.316305 0.170573 0.206119 0.307004
0.339305 0.513816 0.0594653 0.0874138
0.273415 0.341334 0.242007 0.143244
0.127058 0.298315 0.545279 0.0293474
0.514275 0.193574 0.117996 0.174155
0.33259 0.399469 0.127575 0.140366
0.320763 0.329374 0.0791905 0.270673
0.241767 0.273905 9.9991E-05 0.484229
0.216451 0.186746 0.269067 0.327736
0.146267 0.446369 0.264577 0.142787
0.0722849 0.240678 0.11127 0.575767
0.260462 0.114207 0.364585 0.260746
0.0152143 0.682399 9.9991E-05 0.302286
0.244103 0.26971 0.308538 0.177649
9.9991E-05 0.696674 0.0666817 0.236545
0.346807 0.58152 0.0706322 0.001041
0.353629 0.181188 0.195103 0.27008
0.183031 0.196244 0.461112 0.159614
0.644575 0.194296 0.0525047 0.108624
0.480893 9.9991E-05 0.42432 0.0946878
0.293669 0.0670442 0.251109 0.388177
9.9991E-05 0.92024 0.0709437 0.00871592
0.350854 0.176793 0.224525 0.247828
0.915481 9.9982E-05 9.9982E-05 0.0843193
0.503146 0.160065 0.241746 0.0950431
0.532534 0.268257 0.0660021 0.133207
0.823701 0.0749271 9.9991E-05 0.101272
0.357166 0.118885 0.113654 0.410294
9.9991E-05 0.442505 0.452983 0.104412
0.355321 0.0589549 0.248566 0.337159
0.314882 0.277998 0.293681 0.113439
0.0604348 0.158493 0.262491 0.518581
0.342762 0.161106 0.220291 0.275841
9.9991E-05 0.285129 0.333485 0.381286
0.338071 0.268012 0.393817 9.9991E-05
0.595703 0.048543 0.12059 0.235164
0.61621 0.0327652 0.0809334 0.270092
0.473324 0.181764 0.225037 0.119875
0.659005 0.167557 0.0119671 0.161472
0.636035 0.17917 0.146204 0.0385911
0.226001 0.582019 0.163183 0.0287974
0.176028 0.169948 0.181099 0.472925
0.499541 0.203562 0.26873 0.0281673
0.537789 0.225175 9.9991E-05 0.236937
0.748742 0.0224595 9.9991E-05 0.228698
9.9991E-05 0.259805 0.656234 0.0838615
0.191559 0.223275 0.325325 0.259842
0.703604 0.189289 0.0259239 0.0811835
9.9982E-05 0.914559 0.0852414 9.9982E-05
0.357968 0.0498884 0.249707 0.342436
0.641027 0.206213 0.0349909 0.117768
0.141643 0.0551036 0.164362 0.638892
0.736859 0.0848503 0.00725482 0.171036
0.556983 0.203267 0.0801408 0.159609
0.22008 0.290932 9.9991E-05 0.488888
0.371348 0.288002 0.34055 9.9991E-05
0.293126 0.505153 0.201621 9.9991E-05
0.323558 0.32712 0.00629368 0.343028
0.431136 0.354874 0.123962 0.0900271
9.998E-05 0.9997 9.998E-05 9.998E-05
9.9991E-05 0.142127 0.396611 0.461162
0.0455072 9.9982E-05 0.954293 9.9982E-05
0.242388 0.158111 0.232658 0.366842
0.20344 0.224285 0.0475751 0.5247
0.298946 0.249387 0.112434 0.339233
0.188518 0.488617 0.126483 0.196382
0.0868737 0.322825 0.289584 0.300717
0.564625 0.188651 0.0727978 0.173926
0.386533 0.0709777 0.299647 0.242842
0.0570991 0.594938 0.324801 0.0231621
0.20092 0.257731 0.0662357 0.475113
0.325651 0.395098 0.162929 0.116323
0.212096 0.341261 0.0363512 0.410292
9.998E-05 0.9997 9.998E-05 9.998E-05
0.47255 0.0660019 0.191058 0.270389
0.593711 9.9991E-05 0.192159 0.21403
0.262551 0.302949 0.149669 0.284831
0.385489 0.191057 0.423354 9.9991E-05
0.460949 0.228393 0.246118 0.0645402
0.20533 0.512326 0.27369 0.00865383
0.257418 0.315956 0.326486 0.100139
0.142338 0.17247 0.330965 0.354227
0.152611 0.547181 0.16703 0.133177
9.9991E-05 0.201833 0.302054 0.496013
0.178958 0.282851 0.240166 0.298026
0.570152 0.341314 0.0408325 0.0477009
0.293201 0.337357 0.134499 0.234943
0.63043 0.248212 9.9991E-05 0.121258
0.891635 9.9982E-05 0.108165 9.9982E-05
0.53178 0.222061 0.246059 9.9991E-05
0.244527 0.478583 0.16879 0.1081
0.0756761 0.196788 0.252996 0.474541
0.510636 0.363784 0.125261 0.000318725
0.32175 0.290421 0.387729 9.9991E-05
9.998E-05 9.998E-05 9.998E-05 0.9997
9.998E-05 9.998E-05 9.998E-05 0.9997
0.367309 0.279138 0.078348 0.275205
0.581277 0.106763 0.25949 0.0524693
0.0992282 0.417541 0.439578 0.0436534
9.9982E-05 9.9982E-05 0.503216 0.496584
0.409344 0.417175 0.173381 9.9991E-05
0.370989 0.332355 0.248222 0.048434
0.321366 0.0764312 0.395163 0.20704
0.299878 0.401235 0.252894 0.0459932
0.293026 0.0975828 0.246147 0.363244
9.998E-05 9.998E-05 0.9997 9.998E-05
0.751623 0.0001787 0.223788 0.0244105
0.360713 0.133968 0.324785 0.180534
9.9991E-05 0.4159 0.424139 0.159861
0.544925 0.00760114 0.249828 0.197646
0.38473 0.190584 0.424586 9.9991E-05
0.116406 0.137004 0.325246 0.421344
0.0194073 0.433834 0.314046 0.232713
0.225415 0.255205 0.203952 0.315428
0.464263 0.302724 0.207673 0.0253395
0.214581 0.248634 0.294697 0.242088
0.602648 0.302403 9.9991E-05 0.0948489
0.183056 0.304256 0.200709 0.311979
0.664474 0.0108915 0.317388 0.00724705
9.998E-05 9.998E-05 0.9997 9.998E-05
0.0931256 9.9991E-05 0.635247 0.271528
0.0911467 0.245575 9.9991E-05 0.663178
0.268455 0.233458 0.164463 0.333625
0.88947 0.0526198 0.0578102 9.9991E-05
0.494134 0.0803552 0.0905315 0.334979
9.9991E-05 0.12797 0.419745 0.452185
9.998E-05 9.998E-05 9.998E-05 0.9997
0.442609 0.0818005 0.152878 0.322712
0.0719185 0.529977 0.22072 0.177385
0.0961494 0.229671 0.308725 0.365455
0.37271 0.389047 0.0627289 0.175515
9.9991E-05 0.193973 0.296088 0.509839
0.627308 9.9991E-05 0.121935 0.250657
0.152849 0.321618 0.364948 0.160585
0.137565 0.250223 0.283924 0.328288
0.183198 0.370546 0.207884 0.238372
9.9982E-05 0.120663 0.879137 9.9982E-05
0.146753 0.361777 0.249517 0.241953
0.0435181 0.0587464 0.366877 0.530859
0.654268 0.154396 0.139208 0.0521276
0.387136 0.135647 0.145059 0.332158
0.425695 0.346017 9.9991E-05 0.228188
0.19923 0.323589 0.139904 0.337278
9.998E-05 9.998E-05 0.9997 9.998E-05
0.405373 0.326246 0.136343 0.132038
0.146982 0.135261 0.498675 0.219083
0.531224 0.189127 0.039916 0.239733
9.9991E-05 0.454378 0.0903559 0.455167
