0.60783 9.9982E-05 0.0190226 9.9982E-05 0.372947
0.396614 0.378604 9.9991E-05 0.0579368 0.166745
0.555179 0.190842 0.117293 0.06671 0.0699757
0.534829 0.0573378 0.178991 0.228742 9.9991E-05
0.529102 0.134991 0.0951058 0.240701 9.9991E-05
0.568476 0.0853744 0.176103 0.0603627 0.109684
0.627982 0.0723593 0.0516058 0.0876067 0.160446
0.392449 0.387854 0.0334988 0.130819 0.0553795
0.193098 0.216951 0.0430211 0.0825036 0.464427
9.999E-05 0.0151665 0.273773 0.231066 0.479895
0.097312 0.043404 0.407795 9.9991E-05 0.45139
0.075134 9.9982E-05 9.9982E-05 0.180898 0.743768
0.396583 0.14127 0.0635691 0.182563 0.216015
0.190069 0.38856 0.118785 0.22194 0.080646
9.999E-05 0.580955 0.200581 0.0653049 0.153059
9.9982E-05 0.647892 0.0226809 0.329227 9.9982E-05
0.120822 0.434612 0.27671 0.167755 9.9991E-05
0.470749 0.0319752 0.102405 0.387161 0.00770962
0.308119 0.12857 9.9991E-05 0.069211 0.493999
0.53731 0.183891 0.133663 0.0923407 0.0527963
0.533047 9.9991E-05 0.238652 0.0917728 0.136428
0.0938456 0.272624 9.9991E-05 0.155796 0.477635
0.640494 0.0640956 0.0337514 0.186722 0.074937
0.588891 0.0961159 0.0398147 0.275078 9.9991E-05
9.99837E-05 9.99837E-05 0.458311 0.0233328 0.518156
0.393983 0.218074 0.0796233 0.152039 0.15628
0.118734 0.179312 0.207873 0.227595 0.266486
0.256261 0.123471 0.250859 0.100505 0.268904
0.567402 0.215936 0.146272 0.0447914 0.0255978
0.126897 0.282361 9.9982E-05 0.590542 9.9982E-05
0.0273911 0.470516 0.230689 0.0363624 0.235042
9.9991E-05 0.08457 0.220169 0.0597632 0.635398
0.616637 0.143614 0.0487042 0.158955 0.0320902
0.601102 0.178626 0.147353 0.0728193 9.9991E-05
0.133875 0.158439 0.163965 0.123658 0.420064
0.317939 9.9982E-05 9.9982E-05 0.0290403 0.652821
0.676996 9.9982E-05 0.260287 9.9982E-05 0.0625165
9.9982E-05 9.9982E-05 0.192638 0.0743196 0.732842
0.254134 0.317083 0.263131 0.165552 9.9991E-05
0.251001 0.267441 0.264579 0.0652905 0.151689
0.122779 0.262832 0.0268165 0.027297 0.560276
0.536202 0.012258 0.379309 0.0721313 9.9991E-05
0.446762 0.15809 0.158676 0.111528 0.124944
0.308811 9.9973E-05 9.9973E-05 9.9973E-05 0.69089
9.9991E-05 0.0801076 0.0497602 0.199411 0.670621
0.179407 0.124416 0.354524 0.0538302 0.287824
0.653711 0.312616 9.9982E-05 0.0334726 9.9982E-05
0.533839 0.261617 0.0666487 0.0749198 0.0629747
0.0891596 0.173322 0.0684579 0.160187 0.508873
0.290837 0.53439 9.9991E-05 0.128421 0.046252
9.9991E-05 0.0695854 0.0674277 0.24878 0.614107
0.33588 0.467337 0.0156339 0.181049 9.9991E-05
0.152823 0.690228 0.0918245 0.0650249 9.9991E-05
0.268001 0.260699 0.243734 0.179517 0.0480485
0.03668 0.30982 0.028561 0.112939 0.512
0.53151 9.9991E-05 0.197479 0.19081 0.0801018
9.9982E-05 0.273177 0.0750882 9.9982E-05 0.651535
0.108048 0.109259 0.0948518 0.0588142 0.629026
0.238358 0.407097 0.232765 0.0427596 0.0790202
0.0793344 0.0728583 0.282469 0.0813985 0.483939
0.813021 0.0665474 0.0585438 0.0617882 9.9991E-05
0.436958 0.0560499 0.22053 0.24422 0.0422418
0.677113 0.138724 9.9982E-05 0.183962 9.9982E-05
9.9973E-05 9.9973E-05 0.0577353 0.941965 9.9973E-05
0.547965 0.264486 0.187349 9.9982E-05 9.9982E-05
0.543959 0.126025 0.0140578 9.9991E-05 0.315858
0.580948 9.9991E-05 0.128729 0.0947025 0.195521
0.552425 0.162353 0.0526693 0.064615 0.167937
0.587738 9.9982E-05 9.9982E-05 0.069369 0.342693
0.28319 0.190141 0.117266 0.294287 0.115116
0.263505 0.025547 0.523218 0.152669 0.0350604
0.132092 0.292554 0.0691882 0.150186 0.355979
0.192908 0.234267 0.0836107 0.12069 0.368524
0.191973 0.416653 0.216671 0.0700264 0.104676
0.0098708 0.169819 0.229451 0.173474 0.417384
9.9991E-05 0.672175 0.217687 0.108819 0.0012191
0.358908 9.9991E-05 0.172867 0.125176 0.342949
0.835539 0.0199371 0.144324 9.9982E-05 9.9982E-05
0.763452 0.154655 0.0816934 9.9982E-05 9.9982E-05
0.58678 9.9982E-05 0.16459 0.248431 9.9982E-05
0.341723 0.0919157 0.0278331 0.222929 0.315599
0.443061 0.101377 0.16396 0.0586947 0.232908
0.138003 0.163058 0.0899086 0.0986618 0.510369
0.201198 0.42692 0.163463 0.208319 9.9991E-05
0.729436 9.9991E-05 0.0891854 0.0264293 0.154849
0.0269768 0.258819 0.0729921 9.9991E-05 0.641112
0.647959 0.0657703 9.9991E-05 0.0862268 0.199944
9.9991E-05 0.390636 0.153066 0.126693 0.329506
0.156122 0.247897 0.0983971 0.324486 0.173098
0.0717682 0.0914911 0.0256686 9.9991E-05 0.810972
9.9982E-05 0.0308291 0.0471949 0.921776 9.9982E-05
0.0853967 0.240564 0.115539 0.0600205 0.498479
0.629279 0.0613806 0.129354 0.179886 9.9991E-05
0.0154793 0.508378 9.9991E-05 0.0986381 0.377405
0.776886 9.9973E-05 0.222814 9.9973E-05 9.9973E-05
0.774393 0.014625 0.125797 0.0850848 9.9991E-05
0.188399 0.177321 0.124056 9.9991E-05 0.510125
0.611939 9.99731E-05 0.387761 9.99731E-05 9.99731E-05
0.221668 9.9982E-05 9.9982E-05 0.549372 0.228759
0.164618 0.27254 9.9991E-05 0.288009 0.274732
0.293997 0.156373 0.0644465 0.249232 0.235951
9.997E-05 9.997E-05 9.997E-05 0.9996 9.997E-05
0.261364 0.319475 0.299932 0.078304 0.0409255
9.997E-05 9.997E-05 0.9996 9.997E-05 9.997E-05
9.9991E-05 0.481523 0.13144 0.0823073 0.30463
0.0622546 0.518906 0.0190283 9.9991E-05 0.399711
0.545607 0.338283 0.0805701 0.0354405 9.9991E-05
0.360816 0.123961 0.102952 0.0409298 0.371341
0.125943 0.303608 0.179142 0.284084 0.107223
0.32486 9.9982E-05 9.9982E-05 0.0740516 0.600888
0.602886 0.091244 0.260359 0.0454114 9.9991E-05
9.9991E-05 0.156708 0.0864116 0.256754 0.500026
0.334693 0.406159 0.186502 9.9991E-05 0.0725454
0.418156 9.9982E-05 0.0622677 0.519377 9.9982E-05
0.631284 0.0893935 0.104129 0.0329707 0.142223
9.9973E-05 0.176347 9.9973E-05 0.823353 9.9973E-05
0.243038 0.108307 0.245331 0.0240245 0.379299
0.61825 9.9991E-05 0.0411671 0.0958667 0.244616
0.49857 9.9991E-05 0.217453 0.0658038 0.218073
9.9982E-05 9.9982E-05 0.199181 0.307668 0.492952
0.669423 0.00385646 0.237825 0.0887959 9.9991E-05
0.109594 0.117221 0.0346577 0.598935 0.139593
0.458228 0.0889956 0.215215 0.193274 0.044288
0.339854 0.531665 0.128282 9.9982E-05 9.9982E-05
0.115328 9.9991E-05 0.0146911 0.204623 0.665258
0.43616 0.449639 0.00153067 0.112571 9.9991E-05
0.0359536 0.25941 0.13481 0.0022001 0.567626
0.359383 9.9991E-05 0.141808 0.234148 0.264561
0.100608 0.421527 0.0334758 9.9991E-05 0.444289
9.9991E-05 0.161386 0.116417 0.143283 0.578814
0.597265 9.9982E-05 9.9982E-05 0.135949 0.266586
0.572013 0.0482392 0.0859346 0.253999 0.0398151
0.376669 0.125076 0.0857541 0.412402 9.9991E-05
0.240393 0.285735 0.109909 0.190952 0.173011
0.556008 0.0332216 0.189847 0.0140138 0.20691
0.345358 0.0683318 0.286342 0.16329 0.136678
0.0435901 0.953106 9.9982E-05 9.9982E-05 0.0031044
9.9973E-05 0.991296 9.9973E-05 0.00840414 9.9973E-05
0.1281 0.137971 0.00077059 0.140129 0.593029
0.425847 9.9991E-05 0.259107 0.108393 0.206553
0.231572 0.0345515 0.161207 0.198357 0.374312
9.9991E-05 0.52826 0.336785 0.0891645 0.0456906
0.459509 0.0875497 0.12864 0.115576 0.208725
9.9982E-05 9.9982E-05 0.0669627 0.100818 0.832019
0.681601 0.00546407 0.115583 0.197252 9.9991E-05
0.310772 9.9991E-05 0.0277452 0.546786 0.114597
0.501556 0.0792886 0.110339 0.0978764 0.21094
9.997E-05 9.997E-05 9.997E-05 0.9996 9.997E-05
0.490775 9.9991E-05 0.168143 0.0325727 0.30841
0.587227 0.113392 0.299181 9.9982E-05 9.9982E-05
9.9991E-05 0.221136 0.0067933 0.027854 0.744116
0.338662 0.185048 0.204662 0.0759401 0.195687
0.171863 0.249483 0.0280906 0.333955 0.216608
0.25361 0.314691 9.9991E-05 0.0615751 0.370024
0.0933837 0.373685 9.9991E-05 0.181618 0.351214
0.207523 0.369752 0.073428 0.261694 0.087602
0.532615 0.0383904 0.00716445 0.0984222 0.323408
0.473862 0.186149 0.0324758 0.229082 0.078431
0.626972 0.0293851 0.00949052 0.049955 0.284197
0.372444 0.231228 0.0800843 0.238346 0.0778973
0.5734 9.9982E-05 0.225214 0.201186 9.9982E-05
9.997E-05 9.997E-05 9.997E-05 0.9996 9.997E-05
0.0966872 0.381451 0.0121801 0.419603 0.0900786
0.344815 0.331651 0.177791 9.9991E-05 0.145643
0.210045 0.223924 0.0941452 0.151504 0.320381
0.170645 9.9973E-05 9.9973E-05 9.9973E-05 0.829055
0.355464 0.277736 0.00972267 9.9991E-05 0.356977
0.265598 0.424819 0.239396 0.0700875 9.9991E-05
9.997E-05 0.9996 9.997E-05 9.997E-05 9.997E-05
0.324536 0.160765 9.9991E-05 0.309415 0.205183
0.166248 0.521382 0.124851 9.9991E-05 0.187418
0.23634 0.353973 0.27708 0.122376 0.0102312
0.559536 0.108015 0.0422744 0.290074 9.9991E-05
9.9982E-05 0.6095 0.309967 9.9982E-05 0.0803328
0.6391 0.231 0.0772617 0.0525384 9.9991E-05
0.471404 0.230711 0.219319 0.00802052 0.0705462
0.487019 0.214708 0.133546 0.0828563 0.081871
9.9982E-05 0.537415 0.224275 9.9982E-05 0.238109
9.997E-05 9.997E-05 0.9996 9.997E-05 9.997E-05
0.04363 0.100785 0.207682 0.0632776 0.584626
0.0868039 0.354377 0.15811 0.400608 9.9991E-05
0.0640962 0.08602 9.9991E-05 0.320702 0.529082
0.315386 0.330627 0.0961205 0.0461103 0.211756
0.573243 0.128672 9.9991E-05 0.139433 0.158552
0.400263 0.461175 0.0848899 0.0276424 0.0260296
9.997E-05 9.997E-05 0.9996 9.997E-05 9.997E-05
0.474303 0.043131 0.142514 0.173073 0.166979
0.297484 0.402907 0.184866 0.114643 9.9991E-05
0.497196 0.15064 9.9991E-05 0.0141583 0.337906
9.9982E-05 0.511205 9.9982E-05 0.213139 0.275456
