0.0180134 0.727783 0.127655 0.03807 9.99729E-05 0.0687036 9.99729E-05 0.0194748 9.99729E-05
0.00753781 0.00839908 0.153851 0.19601 0.196073 0.182065 0.00586147 0.0128093 0.237394
0.0897365 0.0213284 0.279825 0.230404 0.230913 0.0830256 0.0645671 9.9982E-05 9.9982E-05
0.0921931 0.0878267 9.9982E-05 0.47049 0.0983752 0.152643 0.046555 0.0517162 9.9982E-05
0.070473 0.0152785 9.9982E-05 0.625603 9.9982E-05 0.0681475 0.104451 0.105021 0.0108259
9.9964E-05 9.9964E-05 9.9964E-05 0.409075 0.375893 0.0300938 9.9964E-05 0.0217828 0.162756
0.0707014 0.21063 0.205744 0.112397 0.249709 9.9982E-05 9.9982E-05 0.0262766 0.124342
0.0472755 0.16658 0.0803345 0.0677773 0.299027 0.250539 0.0864669 0.00190014 9.9991E-05
0.0442162 9.9982E-05 0.300548 0.301809 0.113854 0.0621778 9.9982E-05 0.0593126 0.117882
0.0263822 0.146676 0.381151 9.99729E-05 9.99729E-05 9.99729E-05 0.0993496 0.141662 0.20448
9.9964E-05 9.9964E-05 0.145885 0.117009 9.9964E-05 0.0052317 9.9964E-05 0.112296 0.619178
0.029295 9.9973E-05 0.463377 0.112875 0.0849324 9.9973E-05 0.00515197 9.9973E-05 0.304069
0.0668447 0.0400536 0.0575217 0.250309 0.152383 9.9991E-05 0.0486199 0.0261604 0.358007
0.0138903 0.185378 0.00352591 0.0212426 0.175677 0.132058 0.106114 0.0743263 0.287788
9.99369E-05 9.99369E-05 9.99369E-05 9.99369E-05 0.145035 9.99369E-05 9.99369E-05 9.99369E-05 0.854265
0.0882318 0.124916 0.0217845 9.9982E-05 0.0849791 0.554251 0.091439 0.0341986 9.9982E-05
9.9946E-05 9.9946E-05 9.9946E-05 0.0485776 9.9946E-05 9.9946E-05 9.9946E-05 0.0648003 0.886022
0.102851 0.142771 0.312057 9.9982E-05 9.9982E-05 0.073579 0.124494 0.106939 0.13711
0.0553855 0.00707578 0.233631 0.212584 0.15208 0.140028 0.0252854 9.9991E-05 0.17383
9.9964E-05 0.0308104 9.9964E-05 0.434053 0.272579 0.0825042 0.179653 9.9964E-05 9.9964E-05
0.0541951 0.152378 0.208434 0.181879 0.132146 0.202742 9.9982E-05 0.0680258 9.9982E-05
0.0240089 0.131892 0.152736 0.253925 0.121496 9.9982E-05 9.9982E-05 0.00108723 0.314655
0.159709 9.9982E-05 0.0713503 0.253591 0.254535 0.227031 0.00528391 0.0282994 9.9982E-05
0.0396968 0.227601 9.9982E-05 0.248218 0.177062 0.0479365 0.175696 9.9982E-05 0.0835886
0.031563 9.9955E-05 0.0950357 9.9955E-05 9.9955E-05 9.9955E-05 9.9955E-05 0.144954 0.727948
9.9973E-05 0.398004 9.9973E-05 9.9973E-05 0.0157092 0.204047 0.0650469 0.0188343 0.298058
0.0509001 0.0677636 0.278784 9.9991E-05 0.162639 0.0890183 0.104617 0.0635606 0.182617
0.0722797 0.226387 9.9973E-05 9.9973E-05 0.239505 9.9973E-05 0.123119 0.0298344 0.308575
9.9982E-05 0.0470771 0.0747958 9.9982E-05 0.40955 0.0171871 0.0649861 0.0264862 0.359717
0.0381366 0.0356683 9.9982E-05 9.9982E-05 0.0807906 0.202238 0.596621 0.0248613 0.0214838
9.9982E-05 9.9982E-05 0.0449545 0.260542 0.0292744 0.130511 0.0784524 0.0701945 0.385872
9.993E-05 9.993E-05 0.999201 9.993E-05 9.993E-05 9.993E-05 9.993E-05 9.993E-05 9.993E-05
0.116511 0.111395 9.9991E-05 0.171725 0.292119 0.0445669 0.00395384 0.0428327 0.216796
0.0624256 9.9982E-05 0.021946 0.0527102 0.453055 0.151366 9.9982E-05 0.0571802 0.201118
0.0344886 0.228892 0.192564 0.0627947 9.9973E-05 9.9973E-05 9.9973E-05 0.103803 0.377158
0.00029455 0.999006 9.9937E-05 9.9937E-05 9.9937E-05 9.9937E-05 9.9937E-05 9.9937E-05 9.9937E-05
0.00188913 0.135376 9.9973E-05 0.0662895 0.655706 0.00461114 9.9973E-05 0.135828 9.9973E-05
0.00647067 0.329647 0.331073 9.9964E-05 9.9964E-05 9.9964E-05 9.9964E-05 0.0833604 0.249049
9.9973E-05 9.9973E-05 9.9973E-05 0.165077 0.310135 0.199193 0.0842229 0.0279015 0.213171
0.132943 0.0992013 0.1225 0.0477374 0.22833 0.349807 9.9982E-05 0.0192811 9.9982E-05
0.02276 9.9991E-05 0.304533 0.141068 0.298672 0.0724201 0.0527128 0.0444872 0.0632467
0.0688466 0.17566 0.113265 0.0659788 0.343105 0.144103 9.9982E-05 0.088841 9.9982E-05
0.0127704 0.199634 0.0472385 0.241458 0.254189 0.0908585 0.0766624 0.0770899 9.9991E-05
9.99551E-05 0.206322 0.23527 9.99551E-05 0.465755 9.99551E-05 0.0921535 9.99551E-05 9.99551E-05
0.0507177 0.00744261 0.898244 9.9955E-05 9.9955E-05 0.0430958 9.9955E-05 9.9955E-05 9.9955E-05
0.00399995 0.0666104 0.208274 0.090872 0.343909 0.0781267 9.9991E-05 0.19671 0.0113982
9.9973E-05 0.0538238 0.148427 0.372403 0.0090484 0.14219 9.9973E-05 9.9973E-05 0.273807
0.0521779 9.9973E-05 0.143977 0.385717 0.215432 0.161903 0.0404931 9.9973E-05 9.9973E-05
0.0368514 9.9973E-05 0.526665 9.9973E-05 0.190369 0.0300648 0.0114557 9.9973E-05 0.204294
0.036079 0.0353339 9.9973E-05 0.152631 9.9973E-05 0.276768 0.0750353 9.9973E-05 0.423853
0.050379 0.182499 0.12372 9.9982E-05 9.9982E-05 0.0770738 0.0866795 0.0499608 0.429488
0.118328 0.0101722 0.101563 0.420811 9.9973E-05 0.347091 0.00173505 9.9973E-05 9.9973E-05
0.0606038 9.9964E-05 9.9964E-05 9.9964E-05 0.252934 0.531798 0.0635811 0.090683 9.9964E-05
0.0473497 0.0364635 0.17312 9.9991E-05 0.27257 0.229679 0.0294546 0.0860239 0.12524
9.9955E-05 9.9955E-05 0.417427 0.217034 9.9955E-05 0.198731 0.166308 9.9955E-05 9.9955E-05
0.0554934 0.190424 0.247819 0.136911 0.356385 9.9973E-05 9.9973E-05 0.012668 9.9973E-05
9.99461E-05 9.99461E-05 0.5861 0.312792 9.99461E-05 0.100508 9.99461E-05 9.99461E-05 9.99461E-05
0.0699697 0.0584998 0.30671 0.486996 9.9973E-05 9.9973E-05 0.0332145 0.04431 9.9973E-05
0.0682985 9.99729E-05 0.247341 9.99729E-05 0.0257592 0.499281 9.99729E-05 0.0575899 0.10143
0.0100602 0.17271 0.446906 9.9982E-05 0.0327132 0.0375533 9.9982E-05 0.0972775 0.20258
0.0198472 9.99459E-05 9.99459E-05 0.0516536 0.927899 9.99459E-05 9.99459E-05 9.99459E-05 9.99459E-05
0.0352014 0.0872516 0.0208685 0.273573 0.0344561 9.9991E-05 0.0274218 0.0896519 0.431476
0.0709449 9.99729E-05 0.212247 0.307398 0.0597803 0.0974324 9.99729E-05 9.99729E-05 0.251897
0.0858304 0.0353736 9.9946E-05 9.9946E-05 9.9946E-05 9.9946E-05 0.878196 9.9946E-05 9.9946E-05
0.00165478 0.253507 9.9982E-05 0.0355396 0.45274 0.133844 9.9982E-05 0.120673 0.00184109
9.9946E-05 0.831648 9.9946E-05 0.0991998 9.9946E-05 0.0685527 9.9946E-05 9.9946E-05 9.9946E-05
0.0393812 0.200495 0.173001 0.063429 0.432055 9.9982E-05 9.9982E-05 0.0176386 0.0738009
0.00366085 9.9991E-05 0.229549 0.245996 0.17237 0.0616579 0.0311583 0.0211957 0.234312
0.0101104 0.250268 0.0777296 9.9973E-05 0.274636 9.9973E-05 0.0112382 9.9973E-05 0.375719
0.044792 9.9982E-05 9.9982E-05 0.0717533 0.284528 0.205142 0.0820627 0.0476022 0.26392
9.9973E-05 9.9973E-05 0.404681 0.0345394 0.282651 0.00398115 0.115677 0.15817 9.9973E-05
0.107847 0.199806 0.12323 9.9973E-05 0.229427 0.0770052 9.9973E-05 9.9973E-05 0.262385
0.121613 0.0542271 0.0237514 9.9982E-05 0.36322 9.9982E-05 0.0260364 0.0163976 0.394555
0.0102348 9.9991E-05 0.149093 0.0341046 0.183432 0.183073 0.0921637 0.024947 0.322852
9.9973E-05 0.0399347 0.255968 9.9973E-05 0.135101 9.9973E-05 0.149933 0.145399 0.273365
0.0301052 9.9973E-05 0.17972 9.9973E-05 0.207131 0.469517 0.0430772 0.0701496 9.9973E-05
0.111914 9.9946E-05 0.307498 9.9946E-05 0.579988 9.9946E-05 9.9946E-05 9.9946E-05 9.9946E-05
0.067208 9.99549E-05 9.99549E-05 9.99549E-05 0.891114 0.035815 9.99549E-05 0.00536365 9.99549E-05
9.99369E-05 9.99369E-05 9.99369E-05 0.0277965 0.971504 9.99369E-05 9.99369E-05 9.99369E-05 9.99369E-05
0.0790009 9.9955E-05 9.9955E-05 9.9955E-05 0.810418 9.9955E-05 0.0579953 9.9955E-05 0.0520865
0.0571014 0.0608324 0.135107 0.154453 0.310046 0.136362 0.0406616 0.0163276 0.0891084
0.0139379 0.0417493 9.9982E-05 0.706453 0.095903 9.9982E-05 0.0351286 0.0231445 0.0834836
0.0125597 9.9973E-05 0.396118 9.9973E-05 0.20303 0.156767 0.139315 0.0919107 9.9973E-05
0.0185581 9.9982E-05 0.0210269 9.9982E-05 0.133342 0.518106 0.100895 0.0611315 0.146741
0.078807 0.0297596 0.160643 0.10458 0.534527 9.9982E-05 0.0635348 9.9982E-05 0.0279482
9.9964E-05 0.1565 0.433435 0.251233 9.9964E-05 0.120939 9.9964E-05 0.0374925 9.9964E-05
9.99549E-05 0.746031 9.99549E-05 0.15353 0.0709179 9.99549E-05 9.99549E-05 9.99549E-05 0.0290215
0.0331219 9.9982E-05 0.299549 0.352332 0.00378538 0.0312958 9.9982E-05 0.0434395 0.236276
0.0276518 0.245707 9.9982E-05 9.9982E-05 0.0796775 0.0658718 0.1059 0.0879647 0.387027
0.0525673 0.0949094 0.435873 0.164102 0.0355215 0.076478 9.9991E-05 0.0302144 0.110234
9.99369E-05 9.99369E-05 9.99369E-05 9.99369E-05 9.99369E-05 9.99369E-05 0.940542 0.0587585 9.99369E-05
0.0234741 0.00361005 0.265351 0.0673498 9.9973E-05 9.9973E-05 9.9973E-05 0.0653179 0.574598
0.0518865 0.0695319 9.9955E-05 0.86427 9.9955E-05 9.9955E-05 9.9955E-05 0.0138122 9.9955E-05
0.0323711 0.101397 0.017904 0.0449997 0.144647 0.13442 0.0580698 9.9991E-05 0.466092
0.02989 0.111968 9.9964E-05 0.763906 0.027273 9.9964E-05 9.9964E-05 0.0665626 9.9964E-05
9.9982E-05 0.106648 0.0213818 0.0914457 0.584558 0.133038 0.0582896 9.9982E-05 0.00443941
9.9982E-05 0.149638 0.375545 9.9982E-05 0.314914 0.0412181 0.0182656 0.0217393 0.0784806
9.99551E-05 9.99551E-05 0.205735 0.476206 0.207909 9.99551E-05 9.99551E-05 0.109651 9.99551E-05
0.0387551 0.0692195 0.0882659 0.0121956 9.9973E-05 9.9973E-05 0.282124 9.9973E-05 0.50914
9.9973E-05 0.0433666 0.064923 0.246504 0.00875905 9.9973E-05 0.263644 9.9973E-05 0.372504
0.0136461 0.12529 0.167153 0.111721 0.14396 9.9991E-05 0.099997 0.0478712 0.290262
9.993E-05 9.993E-05 9.993E-05 9.993E-05 9.993E-05 9.993E-05 0.999201 9.993E-05 9.993E-05
0.0221065 9.9991E-05 0.00986072 0.126489 0.0678851 0.0862976 0.00554434 0.112236 0.569481
0.0014255 0.0213195 9.99459E-05 9.99459E-05 9.99459E-05 9.99459E-05 9.99459E-05 0.976655 9.99459E-05
0.00048553 0.239416 9.9973E-05 9.9973E-05 9.9973E-05 0.546677 0.057209 0.0881975 0.067715
9.9973E-05 0.147098 0.053928 0.23146 0.157943 0.375188 9.9973E-05 9.9973E-05 0.0340833
9.9991E-05 0.0892244 0.205109 0.137202 0.00759584 0.235754 0.0111775 0.0115057 0.302331
0.0447481 9.9973E-05 0.037636 0.732566 0.0263125 9.9973E-05 0.139121 0.0193165 9.9973E-05
0.00972814 0.0250127 0.035739 9.9991E-05 0.301416 0.0237519 0.178417 0.0468285 0.379006
0.0223135 0.199869 0.228191 9.9973E-05 0.100059 9.9973E-05 0.0340493 9.9973E-05 0.415219
0.00293581 9.9982E-05 9.9982E-05 0.368128 0.267699 0.166342 0.00173981 0.0804418 0.112514
0.0467725 9.9982E-05 0.336264 0.194973 0.00943255 9.9982E-05 0.109385 0.0194618 0.283511
9.9982E-05 0.0203326 0.13101 0.0677566 0.133683 0.540234 0.0882448 0.0185389 9.9982E-05
0.0520173 9.9973E-05 0.0126278 0.150884 9.9973E-05 0.0796553 0.31149 9.9973E-05 0.393026
9.9973E-05 0.0574227 0.0872629 0.375607 0.353944 9.9973E-05 9.9973E-05 0.0450552 0.0804082
9.993E-05 9.993E-05 9.993E-05 9.993E-05 9.993E-05 9.993E-05 0.999201 9.993E-05 9.993E-05
9.9964E-05 9.9964E-05 0.112576 0.434878 9.9964E-05 0.0199729 9.9964E-05 0.172331 0.259842
0.0385165 0.382127 0.266362 9.99639E-05 0.2092 0.103394 9.99639E-05 9.99639E-05 9.99639E-05
9.9955E-05 9.9955E-05 0.292809 0.257398 0.417779 9.9955E-05 0.0315133 9.9955E-05 9.9955E-05
0.0589491 0.393156 0.41206 0.0105667 9.9982E-05 9.9982E-05 0.0273277 0.00491706 0.0928229
0.0380402 0.188856 9.9991E-05 0.0296429 0.475151 0.11822 0.0118941 0.0310416 0.107055
0.0545391 0.164282 9.9973E-05 0.0272469 0.162546 9.9973E-05 0.288125 9.9973E-05 0.302962
0.0624454 0.0680476 0.221114 9.9991E-05 0.308165 0.074128 0.112253 0.0077497 0.145997
9.9964E-05 9.9964E-05 0.0169996 0.370824 9.9964E-05 0.48666 9.9964E-05 0.0427579 0.0823586
0.0634876 9.9964E-05 0.55957 0.0507269 9.9964E-05 9.9964E-05 0.143545 9.9964E-05 0.18227
0.00683993 9.99641E-05 9.99641E-05 0.180225 0.312373 0.0518121 9.99641E-05 9.99641E-05 0.44835
0.0675915 0.00174296 0.270962 0.00206763 0.204691 0.124661 9.9982E-05 9.9982E-05 0.328084
0.00336159 0.0648937 0.395126 0.229491 0.0621365 9.9991E-05 0.118984 0.0286828 0.0972249
9.9964E-05 9.9964E-05 0.270035 0.380664 0.00818042 0.337033 9.9964E-05 0.00368748 9.9964E-05
0.0123677 0.270681 0.316427 9.9982E-05 9.9982E-05 0.131804 0.077125 0.0390527 0.152343
0.020329 0.578349 0.0570174 0.186042 9.9964E-05 9.9964E-05 9.9964E-05 9.9964E-05 0.157862
0.0880813 0.0103393 9.9955E-05 0.313507 0.587573 9.9955E-05 9.9955E-05 9.9955E-05 9.9955E-05
9.9973E-05 0.106653 0.0583159 0.454227 0.081978 0.0042899 0.294237 9.9973E-05 9.9973E-05
0.0954576 9.9973E-05 0.0114697 9.9973E-05 0.280788 0.222648 0.101936 9.9973E-05 0.287401
0.0198441 0.138748 0.0483106 0.23027 0.365333 0.0592524 0.0548646 0.0832764 9.9991E-05
0.0560988 9.9973E-05 0.318285 0.279817 9.9973E-05 9.9973E-05 0.0020035 0.0452479 0.298247
9.9937E-05 9.9937E-05 9.9937E-05 0.0109787 9.9937E-05 0.988322 9.9937E-05 9.9937E-05 9.9937E-05
9.993E-05 9.993E-05 9.993E-05 9.993E-05 9.993E-05 0.999201 9.993E-05 9.993E-05 9.993E-05
0.0560359 0.0570262 0.423571 0.212227 0.0767996 0.0850367 0.0645186 0.0241951 0.000590566
0.0321036 9.9982E-05 0.155814 0.352152 0.376433 9.9982E-05 0.00459796 0.0755645 0.00313501
0.0667203 9.9964E-05 0.359702 0.0166366 0.495882 9.9964E-05 9.9964E-05 0.0606593 9.9964E-05
0.0419496 9.9964E-05 9.9964E-05 9.9964E-05 0.233747 0.135497 9.9964E-05 0.00438393 0.584023
0.0231724 9.9973E-05 0.175979 0.554675 9.9973E-05 9.9973E-05 0.093712 0.0592842 0.0928769
0.0345205 0.141082 0.501129 0.0434142 0.0720246 9.9991E-05 0.0473692 0.0234287 0.136931
0.0457094 9.9973E-05 9.9973E-05 0.300043 0.497873 9.9973E-05 0.0518924 0.0552184 0.0489641
0.0575042 0.176773 0.0666682 9.9973E-05 0.0748699 9.9973E-05 0.441951 9.9973E-05 0.181934
0.0440442 0.0675182 0.0883615 0.119568 0.339964 0.0234739 9.9991E-05 0.0366231 0.280347
0.999201 9.993E-05 9.993E-05 9.993E-05 9.993E-05 9.993E-05 9.993E-05 9.993E-05 9.993E-05
0.036065 0.570863 0.0283245 9.9964E-05 0.313569 9.9964E-05 9.9964E-05 0.0507784 9.9964E-05
0.0417904 0.0847979 0.0215308 0.205558 0.203674 0.309282 9.9982E-05 0.133167 9.9982E-05
0.0207715 9.9982E-05 0.323214 0.234799 9.9982E-05 0.107341 0.0195448 0.0151697 0.27896
9.9973E-05 0.0318445 0.203056 0.477197 9.9973E-05 0.112785 9.9973E-05 0.144225 0.0305932
0.16381 0.0199888 0.323588 9.9982E-05 0.339374 0.0933402 0.0287606 0.0309382 9.9982E-05
0.0686402 9.9973E-05 0.394495 9.9973E-05 0.166226 0.00896214 9.9973E-05 0.000905687 0.360471
0.0245997 0.0689269 0.092231 0.327067 0.174936 9.9982E-05 0.0350054 9.9982E-05 0.277033
0.0752567 0.189978 9.9982E-05 9.9982E-05 0.232685 0.211168 0.14805 0.0257279 0.116935
0.0843707 0.0391237 0.265574 0.288713 0.230348 9.9973E-05 9.9973E-05 9.9973E-05 0.0915714
0.0442508 0.12232 0.0817448 9.9991E-05 0.18721 0.116369 0.0687328 0.00258496 0.376687
9.9955E-05 0.778778 9.9955E-05 9.9955E-05 0.031458 0.0915811 0.0976831 9.9955E-05 9.9955E-05
0.0250545 0.114506 0.211458 0.354825 0.00258824 0.0410059 0.11008 0.015053 0.12543
0.00930954 0.0879753 0.105791 0.327039 0.0821151 9.9982E-05 9.9982E-05 0.0322208 0.35535
0.999201 9.993E-05 9.993E-05 9.993E-05 9.993E-05 9.993E-05 9.993E-05 9.993E-05 9.993E-05
0.373326 0.0345317 9.9973E-05 0.180501 9.9973E-05 0.16048 9.9973E-05 0.0132656 0.237595
9.99641E-05 0.00641263 9.99641E-05 0.0890548 0.589527 0.309639 9.99641E-05 0.00496739 9.99641E-05
0.0589463 0.0870026 0.293378 0.078342 0.182488 0.194015 0.0313045 0.0592016 0.0153217
9.9964E-05 0.920607 0.0149172 9.9964E-05 0.0367495 9.9964E-05 0.0230622 0.0042646 9.9964E-05
0.0481677 0.106897 0.264581 0.0928382 0.0383208 0.159268 9.9991E-05 0.0332389 0.256588
0.0498653 9.9982E-05 0.0255606 0.116877 0.214134 0.25032 9.9982E-05 0.125224 0.217819
9.99369E-05 9.99369E-05 9.99369E-05 9.99369E-05 9.99369E-05 0.977788 9.99369E-05 9.99369E-05 0.0215125
0.0490027 0.246431 0.0612036 9.9982E-05 0.252851 0.0491247 0.0937346 9.9982E-05 0.247453
9.9982E-05 9.9982E-05 0.178365 0.113684 0.256061 0.300468 0.0303239 0.0400611 0.0808374
0.0216122 9.9991E-05 0.0544681 0.104054 0.0386947 0.369108 0.10575 0.16142 0.144792
0.0608443 0.127514 9.9982E-05 0.391042 0.0296918 0.0882623 0.212932 9.9982E-05 0.0895135
9.9973E-05 0.0257121 0.284921 9.9973E-05 0.0769814 0.334621 9.9973E-05 0.0806497 0.196815
0.0739102 0.202146 0.146841 0.134672 0.151195 0.290937 9.9973E-05 9.9973E-05 9.9973E-05
9.9964E-05 9.9964E-05 0.177903 0.515214 0.166629 9.9964E-05 0.0524016 0.0874529 9.9964E-05
0.0496906 9.9964E-05 0.0504864 0.528894 9.9964E-05 0.0850673 9.9964E-05 9.9964E-05 0.285462
0.00764983 0.000847714 0.181053 0.336715 9.9973E-05 0.419936 9.9973E-05 0.0534986 9.9973E-05
9.9955E-05 9.9955E-05 9.9955E-05 9.9955E-05 9.9955E-05 0.0278255 0.0137227 0.952332 0.00561969
9.9973E-05 9.9973E-05 0.511937 0.309201 0.0260521 9.9973E-05 0.0413914 0.0357324 0.0753864
9.993E-05 9.993E-05 9.993E-05 9.993E-05 9.993E-05 9.993E-05 9.993E-05 9.993E-05 0.999201
0.0495027 0.105575 0.186052 0.095342 0.0246116 0.030591 0.0674319 9.9991E-05 0.440794
0.0227667 0.334104 0.0940683 9.9982E-05 0.23123 0.206767 9.9982E-05 0.00220671 0.108656
9.9973E-05 0.136321 0.130724 0.334443 0.111013 0.179203 0.107996 9.9973E-05 9.9973E-05
0.0144602 0.18864 0.027121 0.37508 9.9973E-05 0.386111 0.00828891 9.9973E-05 9.9973E-05
9.993E-05 9.993E-05 9.993E-05 9.993E-05 9.993E-05 9.993E-05 9.993E-05 0.999201 9.993E-05
0.0575402 0.032729 0.00798704 0.771406 0.0762228 9.9982E-05 0.0147833 9.9982E-05 0.0391321
0.0541162 0.22443 9.9982E-05 9.9982E-05 0.0829844 0.0217948 0.0677543 0.239562 0.309158
9.99639E-05 0.117099 9.99639E-05 0.58791 0.213844 9.99639E-05 0.00689108 9.99639E-05 0.0738556
9.9982E-05 0.171929 0.393619 0.0154239 0.114206 0.153299 0.0906059 9.9982E-05 0.0607164
