0.681512 0.150257 0.168231
0.670937 0.328963 9.9991E-05
0.566819 0.218342 0.214838
0.802541 0.0288986 0.16856
0.522835 0.209401 0.267764
0.712871 0.282858 0.00427068
0.666845 0.068344 0.264811
0.621251 0.194888 0.183862
0.262264 0.569594 0.168143
0.151809 0.475374 0.372817
0.0678128 0.866196 0.0659912
0.27821 0.514898 0.206893
0.404212 0.435098 0.160691
0.529798 0.183575 0.286627
0.349848 0.505342 0.14481
0.5193 0.0844845 0.396215
0.276654 0.43343 0.289916
0.0944852 0.339355 0.56616
0.745159 0.151374 0.103467
0.324209 0.457502 0.218289
0.480501 0.395213 0.124286
0.552691 0.349285 0.0980236
0.655058 0.152965 0.191978
0.784338 0.0941853 0.121477
9.9991E-05 0.859278 0.140622
0.363439 0.288739 0.347822
0.369351 0.362285 0.268364
0.365779 0.342026 0.292195
0.417698 0.486416 0.0958865
0.141763 9.9991E-05 0.858137
0.225295 0.554288 0.220417
0.273578 0.58035 0.146072
0.709552 0.0240103 0.266438
0.569811 0.342097 0.0880922
0.320407 0.342073 0.337521
0.695597 9.9991E-05 0.304303
0.619428 0.250725 0.129847
0.160896 0.562437 0.276667
0.561771 0.199323 0.238906
0.343938 0.486055 0.170007
0.371032 0.543826 0.0851419
0.696243 0.132754 0.171003
0.743408 0.231833 0.0247589
0.499158 0.479449 0.0213932
0.24722 0.510528 0.242253
0.261143 0.610286 0.128572
0.479262 0.225996 0.294742
0.537816 0.324345 0.137839
0.154216 0.622856 0.222928
0.599966 0.172716 0.227318
0.283508 0.492982 0.22351
0.604758 0.214642 0.1806
0.704615 0.144792 0.150593
0.355019 0.330989 0.313992
0.61478 0.38512 9.9991E-05
0.585687 0.269338 0.144975
0.349626 0.608725 0.0416495
0.477407 0.405377 0.117215
0.379565 0.471565 0.14887
0.279198 0.599467 0.121335
0.780603 0.0795573 0.139839
0.206252 0.568397 0.225351
0.53388 0.231389 0.234731
0.0357278 9.9991E-05 0.964172
0.588186 0.387318 0.0244965
0.9998 9.999E-05 9.999E-05
0.498548 0.355908 0.145545
0.58269 0.241046 0.176264
0.654175 0.145305 0.200521
0.610098 0.139215 0.250686
0.416386 0.540718 0.0428959
0.367466 0.320887 0.311647
0.254443 0.403457 0.3421
0.406103 0.41418 0.179717
0.329442 0.522538 0.14802
0.441936 0.550215 0.00784915
0.421349 0.354343 0.224308
0.668141 0.221982 0.109877
0.777455 0.222445 9.9991E-05
0.434759 0.252696 0.312544
0.435621 0.331798 0.232581
0.380645 0.357906 0.261449
0.307716 0.384756 0.307529
0.385242 0.454524 0.160234
0.675443 0.250865 0.0736921
0.482965 0.516935 9.9991E-05
0.84389 9.9991E-05 0.15601
0.395757 0.533405 0.0708374
0.137815 0.375189 0.486996
0.502609 0.479038 0.0183525
9.9991E-05 0.0275697 0.97233
0.207692 0.702015 0.0902933
0.766405 0.0778486 0.155746
0.544183 0.299579 0.156238
0.834745 0.165155 9.9991E-05
0.740691 0.126372 0.132938
0.679714 0.320186 9.9991E-05
0.330429 0.584903 0.0846679
9.9991E-05 0.0779359 0.921964
0.426868 0.179905 0.393227
0.500109 0.225461 0.27443
9.999E-05 9.999E-05 0.9998
0.475037 0.396665 0.128298
9.999E-05 0.9998 9.999E-05
0.493777 0.379155 0.127068
0.696664 0.303236 9.9991E-05
0.797519 0.202381 9.9991E-05
0.209987 0.558041 0.231972
0.365761 0.450613 0.183626
0.559314 0.266705 0.173981
0.699016 0.300884 9.9991E-05
0.241766 0.428157 0.330077
0.584756 0.355728 0.0595168
0.0144146 0.24246 0.743125
0.816683 0.0388322 0.144485
0.00595961 9.9991E-05 0.99394
0.323185 0.658928 0.0178867
0.674872 0.155944 0.169183
0.564095 0.378226 0.0576787
0.160498 0.465448 0.374054
0.51035 0.275598 0.214051
0.202241 0.0636566 0.734102
0.324124 0.426452 0.249424
0.474144 0.525756 9.9991E-05
0.207526 0.45208 0.340394
0.668052 0.273383 0.0585645
0.344694 0.548473 0.106833
0.31224 0.432028 0.255733
0.528542 0.471358 9.9991E-05
0.145278 0.47243 0.382292
0.672476 0.0595648 0.267959
0.624729 0.138213 0.237058
0.299936 0.301783 0.398281
0.396175 0.285372 0.318453
0.616976 0.276441 0.106584
0.198588 0.548334 0.253078
0.757132 0.242768 9.9991E-05
0.712703 0.141257 0.14604
0.484949 0.415618 0.0994332
0.293111 0.451994 0.254894
0.524316 0.29686 0.178824
0.192762 0.608559 0.198679
0.407452 0.425909 0.166639
0.333966 0.47296 0.193074
0.57375 0.288231 0.138019
0.436181 0.0289165 0.534902
0.736354 0.224522 0.0391242
9.999E-05 9.999E-05 0.9998
0.682834 0.121179 0.195987
0.772805 0.218962 0.00823293
0.195309 0.58739 0.2173
0.62582 0.37408 9.9991E-05
0.298953 0.449589 0.251458
0.425482 0.370109 0.204409
0.570747 0.289913 0.13934
0.414271 0.227174 0.358554
0.536116 0.404709 0.0591751
0.481403 0.273437 0.24516
0.822365 9.9991E-05 0.177535
0.357107 0.467133 0.17576
0.282132 0.47832 0.239548
9.999E-05 9.999E-05 0.9998
0.491304 0.185223 0.323473
0.757075 0.168483 0.0744423
0.534533 0.387284 0.0781832
0.606051 0.116164 0.277784
0.638079 0.358954 0.00296636
0.564053 0.435847 9.9991E-05
0.837576 0.0642357 0.0981885
0.470113 0.158019 0.371868
0.592245 0.297968 0.109787
0.439345 0.435785 0.12487
0.61448 0.0582342 0.327286
0.516414 0.483487 9.9991E-05
0.532359 0.304708 0.162932
0.497878 0.465839 0.0362828
0.55739 0.357822 0.0847879
0.621364 0.378536 9.9991E-05
9.999E-05 0.9998 9.999E-05
0.534629 0.411691 0.0536799
0.179771 0.394379 0.425849
0.223233 0.32955 0.447217
0.592231 0.270235 0.137534
0.797988 0.010294 0.191718
0.571656 0.17932 0.249024
9.999E-05 0.9998 9.999E-05
0.763164 0.117818 0.119017
0.392272 0.448279 0.159449
0.959329 0.040571 9.9991E-05
0.633737 0.074999 0.291264
