0.322963 9.99821E-05 0.620863 0.055974 9.99821E-05
9.9982E-05 0.232388 0.0745595 9.9982E-05 0.692853
0.113148 0.686887 9.99911E-05 0.174168 0.0256974
0.436347 9.99821E-05 0.409562 9.99821E-05 0.153891
0.434748 9.99821E-05 0.137247 9.99821E-05 0.427805
0.502729 0.32451 9.9982E-05 9.9982E-05 0.172561
0.32848 9.99732E-05 9.99732E-05 9.99732E-05 0.671221
0.0634347 0.337708 0.518973 9.9991E-05 0.0797843
9.99821E-05 9.99821E-05 0.535607 0.223063 0.24113
0.10851 0.357397 9.99821E-05 0.533894 9.99821E-05
0.193029 0.104565 0.130858 0.151366 0.420182
9.99731E-05 9.99731E-05 0.547287 9.99731E-05 0.452413
0.0502776 0.0275095 0.822774 0.0374154 0.0620234
0.419742 0.131797 9.99821E-05 9.99821E-05 0.448261
9.99821E-05 0.0657898 0.760248 9.99821E-05 0.173762
0.585842 0.090985 0.255595 9.99911E-05 0.067478
0.134059 0.174482 0.278494 0.0525883 0.360377
0.282316 0.166474 9.9991E-05 0.265325 0.285785
9.99821E-05 9.99821E-05 0.748792 0.178732 0.0722756
0.215372 0.535687 0.122851 0.125991 9.9991E-05
0.408723 9.99732E-05 9.99732E-05 0.590977 9.99732E-05
9.99731E-05 9.99731E-05 0.738248 0.261452 9.99731E-05
0.418516 0.113502 0.0317197 9.9991E-05 0.436162
0.856325 9.99731E-05 9.99731E-05 9.99731E-05 0.143375
0.601401 0.235742 9.99821E-05 9.99821E-05 0.162657
0.524825 9.9991E-05 0.25788 0.12503 0.092165
0.0702945 9.9991E-05 0.215307 0.532916 0.181383
9.99911E-05 0.259952 0.248733 0.137746 0.353469
9.99821E-05 0.528646 0.384248 9.99821E-05 0.0869063
0.757525 9.99821E-05 0.151624 0.0906515 9.99821E-05
0.0252755 0.177893 9.9991E-05 0.0183199 0.778412
0.0440878 0.248982 0.121371 9.9991E-05 0.58546
9.99731E-05 0.332152 9.99731E-05 0.667549 9.99731E-05
0.101678 0.188547 0.490866 9.9991E-05 0.218808
0.596698 0.0136575 0.191669 9.9991E-05 0.197876
0.146137 9.99911E-05 0.00853821 0.552523 0.292702
9.99732E-05 0.245298 9.99732E-05 9.99732E-05 0.754402
0.0861806 0.528782 9.99821E-05 0.384838 9.99821E-05
0.103134 0.319626 0.0378135 0.0376174 0.501809
0.239359 0.337946 0.184856 9.9991E-05 0.237738
0.145573 9.99911E-05 0.125387 0.359034 0.369905
0.192434 9.99821E-05 9.99821E-05 0.271826 0.53554
0.339733 0.132561 0.179674 0.0991048 0.248927
0.33226 0.144078 0.240915 9.99911E-05 0.282647
0.000103667 0.427094 0.147883 9.99911E-05 0.42482
0.131457 0.289906 0.372172 0.0559769 0.150488
0.22423 9.9991E-05 0.461611 0.298615 0.015444
9.9991E-05 0.0452359 0.167827 0.340314 0.446524
9.99822E-05 0.226156 0.64781 0.125834 9.99822E-05
0.411464 0.0221355 0.372753 9.9991E-05 0.193548
0.651463 9.9973E-05 0.348237 9.9973E-05 9.9973E-05
9.9982E-05 0.327615 9.9982E-05 0.303305 0.36888
0.243701 9.9982E-05 0.471214 0.284885 9.9982E-05
0.279974 0.342867 0.376959 9.99821E-05 9.99821E-05
9.99821E-05 0.505083 0.0552526 9.99821E-05 0.439465
9.99911E-05 0.0939502 0.367123 0.207999 0.330828
0.253368 9.99821E-05 0.308398 9.99821E-05 0.438034
9.99822E-05 9.99822E-05 0.278258 0.0181656 0.703377
0.00961617 0.269265 0.156207 0.0253971 0.539515
0.200418 0.0801401 9.9991E-05 0.339429 0.379913
0.253446 0.183037 0.489743 0.073674 9.9991E-05
0.262089 9.99821E-05 9.99821E-05 0.117783 0.619928
9.9982E-05 9.9982E-05 0.457896 0.181279 0.360626
0.869655 0.0875104 0.00243237 0.0403019 9.99911E-05
0.356167 0.166268 0.329948 9.99911E-05 0.147517
0.0836879 9.9991E-05 0.583033 0.325446 0.0077331
0.636812 0.142637 0.0205414 9.9991E-05 0.19991
0.0101466 0.0445824 0.446396 0.0504452 0.448429
9.9991E-05 0.173908 0.625223 0.136701 0.0640679
0.166991 0.155545 0.21109 0.466274 9.99911E-05
9.9991E-05 0.363297 0.0251536 0.10761 0.50384
9.99821E-05 9.99821E-05 0.378702 0.145946 0.475152
9.99733E-05 0.228016 9.99733E-05 9.99733E-05 0.771684
0.0190427 0.0620201 0.309952 9.99911E-05 0.608885
0.50702 0.24404 9.99821E-05 9.99821E-05 0.24874
9.99821E-05 0.0779383 0.302791 9.99821E-05 0.619071
0.175153 9.99733E-05 0.824547 9.99733E-05 9.99733E-05
0.173438 9.9991E-05 0.128119 0.0804891 0.617853
0.206803 0.0792587 0.555264 9.9991E-05 0.158575
0.0606708 0.270644 0.273374 9.99911E-05 0.395212
0.00177367 0.306847 0.240156 9.9991E-05 0.451123
0.171461 0.288419 0.366061 0.171753 0.00230561
0.058681 0.161138 9.99911E-05 0.46242 0.317661
0.067493 0.493247 0.43906 9.99821E-05 9.99821E-05
0.362029 9.99821E-05 9.99821E-05 0.0658798 0.571891
0.136092 9.9991E-05 0.451468 0.217368 0.194972
9.99821E-05 0.141499 9.99821E-05 0.617783 0.240518
0.669577 9.99821E-05 0.183788 9.99821E-05 0.146435
0.145194 0.249726 0.421303 0.183677 9.9991E-05
9.99821E-05 0.0524072 0.576293 0.3711 9.99821E-05
0.921883 0.0778175 9.99733E-05 9.99733E-05 9.99733E-05
0.437697 9.99821E-05 9.99821E-05 0.404155 0.157948
0.0133993 9.9991E-05 0.288672 0.612133 0.0856957
0.21687 0.372089 9.99821E-05 0.410841 9.99821E-05
9.9982E-05 9.9982E-05 0.471628 0.423206 0.104965
0.0844899 0.293641 9.99821E-05 9.99821E-05 0.621669
0.367035 9.9991E-05 0.153294 0.476952 0.00261904
9.9991E-05 0.0305776 0.525133 0.316529 0.12766
0.825519 0.123301 0.0509798 9.99821E-05 9.99821E-05
0.526097 9.9991E-05 0.0342683 0.181658 0.257877
0.169723 9.99821E-05 9.99821E-05 0.200825 0.629253
0.801304 9.99732E-05 9.99732E-05 0.198396 9.99732E-05
9.99821E-05 0.171948 9.99821E-05 0.613039 0.214813
0.0213751 0.707868 9.99821E-05 0.270557 9.99821E-05
0.0351613 0.398098 0.482803 9.9991E-05 0.0838381
0.0755472 0.11388 0.380401 9.9991E-05 0.430072
0.12808 0.324085 0.192985 0.0172103 0.33764
9.9991E-05 0.501199 0.0610808 0.278989 0.158632
0.073969 0.330737 0.550227 0.0449672 9.99911E-05
0.188665 0.553067 9.99821E-05 0.258068 9.99821E-05
0.375626 9.99911E-05 0.0180698 0.263989 0.342215
0.454162 0.0236559 0.521983 9.99821E-05 9.99821E-05
0.737601 0.132638 9.99822E-05 0.129562 9.99822E-05
0.115863 0.652777 0.118955 9.9991E-05 0.112305
0.9996 9.997E-05 9.997E-05 9.997E-05 9.997E-05
9.99911E-05 0.185839 0.306954 0.255345 0.251761
0.183421 9.99821E-05 0.739465 9.99821E-05 0.0769139
9.99821E-05 9.99821E-05 0.816046 0.0748458 0.108909
0.235359 0.239884 0.443448 9.9991E-05 0.0812091
0.132246 0.445922 0.138466 9.9991E-05 0.283265
0.609014 9.99911E-05 0.258815 0.128035 0.00403602
0.364005 0.0223833 9.99821E-05 9.99821E-05 0.613412
0.258675 0.571375 0.16975 9.9982E-05 9.9982E-05
0.0478518 0.476711 9.99911E-05 0.086817 0.38852
0.110576 0.159653 0.404053 0.0911007 0.234618
0.0126306 9.9991E-05 0.272759 0.18974 0.52477
0.192535 9.99911E-05 0.0136442 0.663207 0.130514
0.096858 0.44713 0.194155 9.9991E-05 0.261756
0.347679 0.511546 9.99821E-05 0.140575 9.99821E-05
0.25553 0.387977 9.99821E-05 0.356293 9.99821E-05
9.99821E-05 9.99821E-05 0.190767 0.626106 0.182927
0.187312 0.322412 9.9991E-05 0.0637715 0.426404
9.99911E-05 0.184172 0.306694 0.0126073 0.496427
9.9991E-05 0.554114 0.0731245 0.0436925 0.328969
9.9991E-05 0.0546268 0.215486 0.616764 0.113023
0.240345 0.723048 0.0364073 9.99821E-05 9.99821E-05
0.0555055 0.839918 9.99821E-05 9.99821E-05 0.104376
0.176814 0.822886 9.99732E-05 9.99732E-05 9.99732E-05
9.99822E-05 0.161717 0.240398 9.99822E-05 0.597685
0.305115 0.282941 0.411744 9.99821E-05 9.99821E-05
0.17063 0.358432 9.99822E-05 9.99822E-05 0.470738
9.99821E-05 0.421354 9.99821E-05 0.342498 0.235948
0.041109 9.9991E-05 0.26893 0.567302 0.122559
9.99821E-05 0.0191045 0.252382 0.728313 9.99821E-05
0.804555 9.99732E-05 9.99732E-05 9.99732E-05 0.195145
0.206731 0.245618 0.407845 9.9991E-05 0.139705
9.997E-05 9.997E-05 9.997E-05 9.997E-05 0.9996
0.432591 0.303686 0.263523 9.99821E-05 9.99821E-05
0.649637 9.99821E-05 0.0100813 9.99821E-05 0.340081
0.0268193 0.0678222 0.115624 9.99911E-05 0.789634
0.100919 0.280563 0.549916 9.99911E-05 0.0685019
9.99821E-05 9.99821E-05 0.599461 0.0985529 0.301787
0.114089 0.352943 0.430107 9.9991E-05 0.102761
0.171594 0.119215 0.407763 9.99911E-05 0.301328
0.519462 9.99732E-05 9.99732E-05 9.99732E-05 0.480239
9.99821E-05 0.588325 9.99821E-05 0.0826064 0.328868
0.169637 0.439974 9.99821E-05 9.99821E-05 0.390188
0.42149 0.0854063 0.371018 0.121985 9.99911E-05
0.201525 0.222118 0.523548 9.99911E-05 0.0527097
0.117742 0.139261 0.148515 0.38397 0.210512
9.997E-05 9.997E-05 9.997E-05 9.997E-05 0.9996
0.000166812 9.9991E-05 0.673151 0.248352 0.0782299
0.140361 0.308878 0.187537 9.9991E-05 0.363124
9.99911E-05 0.0240294 0.189281 0.246048 0.540542
9.99822E-05 9.99822E-05 0.61144 0.0267768 0.361583
0.299051 9.9991E-05 0.415227 0.0562715 0.22935
0.34303 0.253027 0.2241 0.0483446 0.131499
9.997E-05 0.9996 9.997E-05 9.997E-05 9.997E-05
0.0621398 0.0303851 9.99822E-05 9.99822E-05 0.907275
0.323509 0.13187 0.0799592 0.0771609 0.387501
0.191723 0.346919 0.461158 9.99821E-05 9.99821E-05
9.9991E-05 0.482364 0.224637 0.00399877 0.288901
9.99821E-05 0.529062 0.111133 9.99821E-05 0.359605
0.528901 0.0735989 0.152547 0.0797643 0.165188
0.189466 0.355144 0.277132 0.0993937 0.0788649
0.0887428 0.115959 0.795099 9.99821E-05 9.99821E-05
0.382534 9.99911E-05 0.417352 0.138841 0.061173
0.215018 0.677964 9.99911E-05 0.0987371 0.0081814
0.22081 0.0949711 0.0460307 0.258617 0.379571
9.99821E-05 9.99821E-05 0.593186 0.340494 0.0661202
0.0499984 9.9991E-05 0.120074 0.501524 0.328304
0.0330327 0.247863 0.349474 0.359903 0.00972774
0.45737 9.9982E-05 0.487178 9.9982E-05 0.0552523
0.21571 0.0971881 0.642424 9.99911E-05 0.0445778
9.997E-05 0.9996 9.997E-05 9.997E-05 9.997E-05
9.99821E-05 0.0989521 0.80697 9.99821E-05 0.0938779
9.9991E-05 0.484025 0.271644 0.0105105 0.23372
0.174535 0.301507 0.256281 9.9991E-05 0.267577
0.324862 0.383678 9.9982E-05 9.9982E-05 0.29126
