9.99551E-05 0.396259 9.99551E-05 0.515478 9.99551E-05 9.99551E-05 0.0877633 9.99551E-05
0.354112 0.193554 0.00715179 0.33251 9.9982E-05 9.9982E-05 0.0678187 0.0446529
0.10426 0.0974673 9.99821E-05 0.310031 0.151465 0.158358 0.178219 9.99821E-05
0.100025 0.0251055 9.9991E-05 0.356979 0.0470656 0.0634795 0.242865 0.16438
0.314518 0.128239 0.223689 0.135332 9.99731E-05 9.99731E-05 0.197922 9.99731E-05
0.233189 0.3784 0.00670042 9.9982E-05 0.034818 0.166512 0.180181 9.9982E-05
0.0648512 0.35776 0.10444 9.99731E-05 0.419869 9.99731E-05 0.0527806 9.99731E-05
0.214541 0.550696 9.99642E-05 0.0743862 9.99642E-05 9.99642E-05 9.99642E-05 0.159977
9.99731E-05 9.99731E-05 0.133794 9.99731E-05 0.245719 0.13278 0.144661 0.342745
9.99641E-05 9.99641E-05 0.122283 0.30224 0.326205 0.248872 9.99641E-05 9.99641E-05
9.999E-05 0.0302439 0.196549 0.35539 0.0138573 0.233308 0.14557 0.0249816
0.30825 9.99642E-05 9.99642E-05 9.99642E-05 0.0680851 9.99642E-05 0.0897372 0.533527
0.0523921 9.99731E-05 9.99731E-05 0.063779 0.0114376 9.99731E-05 0.0760792 0.796012
0.582862 0.185613 9.99731E-05 0.107676 0.00209454 9.99731E-05 0.121455 9.99731E-05
9.99643E-05 0.324198 9.99643E-05 0.0772341 0.520403 9.99643E-05 9.99643E-05 0.0777647
0.0484776 0.308939 0.0839919 0.0052153 0.0574616 9.99821E-05 0.495715 9.99821E-05
9.99731E-05 0.0885582 9.99731E-05 0.272295 0.239881 0.228743 0.170222 9.99731E-05
0.091477 0.259578 0.0208191 9.99821E-05 0.428664 0.127449 0.0718126 9.99821E-05
9.99552E-05 9.99552E-05 0.0763874 0.28908 9.99552E-05 9.99552E-05 9.99552E-05 0.634033
0.384192 0.0280023 9.9982E-05 0.247318 0.101214 0.188224 0.0508504 9.9982E-05
9.99731E-05 9.99731E-05 0.201492 0.065001 0.280835 0.375786 0.076587 9.99731E-05
9.9964E-05 9.9964E-05 0.28705 9.9964E-05 9.9964E-05 0.0142802 0.057383 0.640887
0.397675 9.99641E-05 9.99641E-05 9.99641E-05 0.124031 0.142765 0.33513 9.99641E-05
0.148158 9.99731E-05 0.157562 9.99731E-05 0.0187802 9.99731E-05 0.653188 0.0220122
9.99731E-05 9.99731E-05 0.0434964 0.0262996 9.99731E-05 0.270934 0.521523 0.137447
9.9973E-05 0.0877263 9.9973E-05 0.0749522 9.9973E-05 0.110605 0.36758 0.358836
0.0515982 0.117837 0.191824 0.361097 0.0218612 9.9982E-05 9.9982E-05 0.255583
9.99552E-05 0.285035 0.4967 0.217765 9.99552E-05 9.99552E-05 9.99552E-05 9.99552E-05
0.208922 0.173761 9.99731E-05 0.26044 9.99731E-05 0.30725 9.99731E-05 0.0493271
9.99463E-05 9.99463E-05 9.99463E-05 0.25377 9.99463E-05 9.99463E-05 0.745631 9.99463E-05
9.99731E-05 0.0673663 0.737559 0.0168932 0.110797 0.0670842 9.99731E-05 9.99731E-05
0.370611 0.291898 9.99642E-05 9.99642E-05 0.158173 9.99642E-05 9.99642E-05 0.178918
9.99642E-05 0.0279791 0.154027 9.99642E-05 0.548625 0.268969 9.99642E-05 9.99642E-05
0.0507297 0.393781 0.134985 0.182695 0.0297546 9.9991E-05 0.0581648 0.14979
0.160768 0.289511 0.0106371 0.14714 9.9973E-05 9.9973E-05 0.391644 9.9973E-05
0.270211 0.202824 9.99641E-05 0.341216 0.185349 9.99641E-05 9.99641E-05 9.99641E-05
0.191943 0.242294 0.565263 9.99553E-05 9.99553E-05 9.99553E-05 9.99553E-05 9.99553E-05
0.0721802 0.00527676 0.191901 9.99821E-05 9.99821E-05 0.517401 0.211355 0.00168697
0.216079 0.33126 0.0139481 9.99821E-05 0.000112288 9.99821E-05 0.239819 0.198583
0.187476 0.371839 9.99731E-05 0.1297 9.99731E-05 0.117038 0.193647 9.99731E-05
9.99643E-05 9.99643E-05 0.0716902 0.642689 0.184494 9.99643E-05 0.100727 9.99643E-05
9.99464E-05 9.99464E-05 0.134687 9.99464E-05 0.864714 9.99464E-05 9.99464E-05 9.99464E-05
0.224909 0.354902 9.9982E-05 0.142421 0.011983 9.9982E-05 0.185108 0.0804764
9.9982E-05 0.296077 0.0428311 0.245952 9.9982E-05 0.109407 0.165366 0.140167
0.424776 0.236939 9.99821E-05 0.103913 0.00847943 9.99821E-05 0.0503446 0.175349
0.210486 0.321159 9.99821E-05 0.0538019 0.276804 0.0761523 0.0613965 9.99821E-05
9.9973E-05 0.0976384 9.9973E-05 0.0522724 0.682636 9.9973E-05 0.116052 0.051101
0.196925 0.0589366 0.0244566 0.103496 0.498119 0.117867 9.9982E-05 9.9982E-05
9.99643E-05 0.247978 9.99643E-05 0.200402 0.403906 9.99643E-05 9.99643E-05 0.147314
0.1272 0.473565 9.9964E-05 0.301298 9.9964E-05 9.9964E-05 0.0975375 9.9964E-05
9.99641E-05 0.450338 9.99641E-05 0.127258 9.99641E-05 0.0218096 0.400194 9.99641E-05
0.604401 9.99642E-05 0.0567013 9.99642E-05 9.99642E-05 0.305585 0.0329129 9.99642E-05
9.9982E-05 9.9982E-05 0.0264581 0.42795 0.122378 0.00920264 0.202661 0.211151
9.99731E-05 0.556018 9.99731E-05 0.156361 9.99731E-05 0.0515907 0.113927 0.121802
0.623314 0.128514 0.160974 9.99731E-05 9.99731E-05 0.0425722 0.0443256 9.99731E-05
9.99731E-05 0.226969 0.412378 0.0693501 0.06288 9.99731E-05 9.99731E-05 0.228123
0.0230017 0.195022 0.113041 0.139589 9.9982E-05 0.00701703 0.52213 9.9982E-05
0.254349 9.99554E-05 0.370874 9.99554E-05 9.99554E-05 9.99554E-05 9.99554E-05 0.374278
0.204074 0.174289 0.223475 9.9982E-05 0.0571278 0.0201188 9.9982E-05 0.320715
0.233749 0.238128 9.99731E-05 0.234592 0.162004 0.131226 9.99731E-05 9.99731E-05
9.99553E-05 0.235877 9.99553E-05 0.71535 9.99553E-05 0.0482736 9.99553E-05 9.99553E-05
0.270266 9.99641E-05 9.99641E-05 0.208896 0.413621 9.99641E-05 0.106817 9.99641E-05
9.99641E-05 9.99641E-05 0.436111 0.261154 0.014199 9.99641E-05 9.99641E-05 0.288136
9.99553E-05 0.100299 9.99553E-05 0.259124 9.99553E-05 9.99553E-05 0.640078 9.99553E-05
9.99641E-05 0.455762 0.286522 9.99641E-05 9.99641E-05 9.99641E-05 0.121146 0.13617
9.99552E-05 9.99552E-05 9.99552E-05 0.836734 0.101462 9.99552E-05 0.0613044 9.99552E-05
0.133674 0.414948 9.99731E-05 9.99731E-05 0.092738 0.133253 0.225087 9.99731E-05
0.0987 0.174198 0.0815214 9.998E-05 0.0824982 9.998E-05 0.0447909 0.518091
9.99642E-05 0.487062 0.00969613 0.0384736 9.99642E-05 9.99642E-05 9.99642E-05 0.464368
9.99731E-05 0.169245 0.0942098 0.586645 0.0464519 0.103148 9.99731E-05 9.99731E-05
0.436721 0.0118945 0.104068 9.99731E-05 0.423254 0.0237628 9.99731E-05 9.99731E-05
9.99551E-05 9.99551E-05 9.99551E-05 9.99551E-05 0.384835 9.99551E-05 0.0488684 0.565797
0.849893 0.130524 0.0190835 9.99554E-05 9.99554E-05 9.99554E-05 9.99554E-05 9.99554E-05
0.0243624 0.536063 0.0100636 9.99731E-05 0.0317126 9.99731E-05 9.99731E-05 0.397499
0.263048 0.47153 9.99732E-05 9.99732E-05 0.0213005 9.99732E-05 0.234419 0.00940307
0.208464 0.0301002 9.99731E-05 0.120121 0.252616 9.99731E-05 9.99731E-05 0.388398
9.99643E-05 0.0462763 9.99643E-05 9.99643E-05 0.470241 9.99643E-05 0.357872 0.125211
0.0261645 9.99731E-05 0.233959 0.609985 0.0744138 0.0551768 9.99731E-05 9.99731E-05
9.99641E-05 9.99641E-05 0.00513416 0.492452 9.99641E-05 0.182993 9.99641E-05 0.319021
0.459184 0.118544 9.99641E-05 0.342938 9.99641E-05 0.0789336 9.99641E-05 9.99641E-05
0.52207 0.373004 9.996E-05 0.0650533 9.996E-05 9.996E-05 9.996E-05 0.039473
0.114008 0.166609 9.99821E-05 9.99821E-05 0.0535264 0.209468 0.214924 0.241265
0.13848 0.261108 0.260114 0.147025 0.102981 0.0900929 9.99821E-05 9.99821E-05
9.99821E-05 0.056781 9.99821E-05 0.0474704 0.0789101 0.199336 0.3622 0.255102
0.177507 0.0328004 0.0467199 0.0533394 0.503948 9.9982E-05 0.185485 9.9982E-05
0.063566 0.0340312 9.9982E-05 0.584603 0.164423 0.0109133 9.9982E-05 0.142264
0.456527 9.99731E-05 0.134394 0.147994 9.99731E-05 0.153113 9.99731E-05 0.107672
0.156272 9.99641E-05 9.99641E-05 0.0756374 9.99641E-05 9.99641E-05 0.551377 0.216313
9.99731E-05 0.17739 9.99731E-05 9.99731E-05 0.136599 0.381593 0.144805 0.159313
9.99642E-05 0.161428 9.99642E-05 0.0994604 9.99642E-05 0.232962 9.99642E-05 0.50575
9.99465E-05 9.99465E-05 9.99465E-05 9.99465E-05 0.00306053 9.99465E-05 0.99634 9.99465E-05
0.425553 9.99732E-05 0.0300514 9.99732E-05 0.27894 9.99732E-05 0.167189 0.0979659
0.115127 9.99553E-05 9.99553E-05 9.99553E-05 0.818388 9.99553E-05 9.99553E-05 0.0659846
0.183271 9.99731E-05 9.99731E-05 0.314251 0.179071 0.322826 0.000279925 9.99731E-05
0.0357702 9.9973E-05 0.0762353 0.0015719 0.528769 9.9973E-05 9.9973E-05 0.357354
0.410888 9.9973E-05 9.9973E-05 9.9973E-05 0.13857 0.187744 0.010356 0.252142
9.9982E-05 0.0582029 0.379079 0.139563 0.295996 0.0581229 0.0688362 9.9982E-05
9.99641E-05 0.119597 9.99641E-05 0.026528 0.819147 0.0343279 9.99641E-05 9.99641E-05
9.9973E-05 0.297289 0.0824639 0.012205 9.9973E-05 9.9973E-05 0.477663 0.130079
0.085583 9.9982E-05 0.00221754 9.9982E-05 0.273769 0.0638736 0.501309 0.0730474
9.99461E-05 9.99461E-05 0.945271 9.99461E-05 9.99461E-05 9.99461E-05 0.0541288 9.99461E-05
9.99643E-05 9.99643E-05 0.0237854 0.0782075 9.99643E-05 0.0396013 0.858006 9.99643E-05
9.99642E-05 9.99642E-05 0.423602 9.99642E-05 0.139452 0.373852 0.0626936 9.99642E-05
9.994E-05 9.994E-05 9.994E-05 9.994E-05 9.994E-05 0.9993 9.994E-05 9.994E-05
0.124087 0.467053 9.9964E-05 0.132529 9.9964E-05 9.9964E-05 9.9964E-05 0.275931
9.99641E-05 0.18262 9.99641E-05 9.99641E-05 0.247168 9.99641E-05 0.207283 0.362529
0.356657 0.144555 0.118718 9.99641E-05 0.379669 9.99641E-05 9.99641E-05 9.99641E-05
9.99552E-05 0.573384 0.313386 9.99552E-05 9.99552E-05 0.112729 9.99552E-05 9.99552E-05
9.99464E-05 0.746483 9.99464E-05 9.99464E-05 9.99464E-05 9.99464E-05 9.99464E-05 0.252917
9.99731E-05 0.466057 9.99731E-05 9.99731E-05 0.00438628 0.411352 0.0778052 0.0401
9.99642E-05 0.254336 0.319575 9.99642E-05 0.175902 9.99642E-05 0.249787 9.99642E-05
9.99641E-05 0.365743 9.99641E-05 0.345704 9.99641E-05 9.99641E-05 0.0772009 0.210952
9.99464E-05 0.311778 9.99464E-05 9.99464E-05 9.99464E-05 9.99464E-05 0.687622 9.99464E-05
0.19986 0.525165 9.99642E-05 9.99642E-05 9.99642E-05 0.0857235 9.99642E-05 0.188851
9.994E-05 9.994E-05 9.994E-05 9.994E-05 9.994E-05 9.994E-05 0.9993 9.994E-05
9.99643E-05 9.99643E-05 0.00557435 9.99643E-05 0.166822 0.388499 9.99643E-05 0.438705
9.99731E-05 0.0223507 9.99731E-05 0.765023 0.0343421 9.99731E-05 0.0500833 0.127901
0.0461167 0.218093 0.113103 0.0564086 9.99821E-05 9.99821E-05 0.00989795 0.556181
9.9982E-05 0.265891 0.175897 0.0122929 9.9982E-05 0.209596 0.245701 0.0904222
0.297329 0.32264 9.99731E-05 0.0724261 0.207827 0.0994775 9.99731E-05 9.99731E-05
9.99641E-05 9.99641E-05 0.0682252 9.99641E-05 0.0180779 9.99641E-05 0.613422 0.299875
0.47094 9.99642E-05 9.99642E-05 9.99642E-05 0.126399 0.00926815 0.392993 9.99642E-05
0.0113445 0.777679 9.99641E-05 9.99641E-05 0.052097 0.15848 9.99641E-05 9.99641E-05
0.291442 0.38984 9.99553E-05 9.99553E-05 0.318219 9.99553E-05 9.99553E-05 9.99553E-05
0.0208625 0.153668 9.99821E-05 0.356192 0.167122 0.221669 0.0802873 9.99821E-05
9.9982E-05 0.210109 0.234272 0.00337607 0.110673 9.9982E-05 0.058416 0.382953
9.99643E-05 0.111245 9.99643E-05 9.99643E-05 0.745003 9.99643E-05 0.0947199 0.0486319
0.0124831 0.442022 0.0936122 9.9982E-05 9.9982E-05 0.0731714 0.0624165 0.316094
0.0983041 0.160447 9.99732E-05 0.433269 9.99732E-05 0.171376 0.136304 9.99732E-05
0.188954 0.135283 9.99821E-05 9.99821E-05 0.220976 0.259403 0.0992414 0.0959429
9.99642E-05 9.99642E-05 0.10603 9.99642E-05 0.695587 0.154177 9.99642E-05 0.043806
0.303212 0.29157 0.115968 0.0155045 0.0948392 0.0924572 0.0863493 9.9991E-05
9.99821E-05 0.148604 0.188136 0.303832 0.278791 0.0384321 9.99821E-05 0.0420053
0.0494329 0.0519335 0.0849786 0.0832322 9.99821E-05 0.326927 9.99821E-05 0.403296
9.99552E-05 9.99552E-05 9.99552E-05 0.670366 0.208548 0.120586 9.99552E-05 9.99552E-05
9.99464E-05 0.781456 9.99464E-05 9.99464E-05 0.217945 9.99464E-05 9.99464E-05 9.99464E-05
9.99552E-05 0.852721 0.0818909 9.99552E-05 9.99552E-05 0.0648885 9.99552E-05 9.99552E-05
9.99554E-05 0.911337 9.99554E-05 9.99554E-05 9.99554E-05 0.0815959 0.00656722 9.99554E-05
0.0897044 9.99732E-05 0.114767 9.99732E-05 0.178987 0.0841001 9.99732E-05 0.532141
9.99552E-05 0.809899 9.99552E-05 0.134913 0.0546888 9.99552E-05 9.99552E-05 9.99552E-05
9.99552E-05 9.99552E-05 0.480304 0.368529 9.99552E-05 0.150667 9.99552E-05 9.99552E-05
0.128196 0.00728145 0.0490675 9.99821E-05 9.99821E-05 0.429682 0.179506 0.206068
0.0358971 9.99821E-05 0.0260404 0.168408 0.442642 0.0767458 9.99821E-05 0.250067
9.99732E-05 9.99732E-05 0.306415 9.99732E-05 0.204529 0.17057 0.098967 0.219219
9.99641E-05 9.99641E-05 9.99641E-05 0.130762 9.99641E-05 0.0916336 0.520106 0.257098
0.0360041 0.343481 9.9973E-05 9.9973E-05 9.9973E-05 0.0465473 0.0600345 0.513633
0.9993 9.994E-05 9.994E-05 9.994E-05 9.994E-05 9.994E-05 9.994E-05 9.994E-05
0.136439 0.0906238 9.99731E-05 0.638299 9.99731E-05 0.0955288 0.0388097 9.99731E-05
0.288238 0.103799 9.99731E-05 9.99731E-05 0.0831029 9.99731E-05 0.46704 0.0575199
0.332019 9.99732E-05 0.295151 0.188478 9.99732E-05 0.100069 9.99732E-05 0.0839824
9.99464E-05 9.99464E-05 9.99464E-05 9.99464E-05 9.99464E-05 0.111917 9.99464E-05 0.887483
0.0948874 9.99642E-05 0.0950112 0.684394 9.99642E-05 9.99642E-05 9.99642E-05 0.125307
9.99641E-05 0.577088 0.3029 0.0359267 9.99641E-05 9.99641E-05 9.99641E-05 0.0836847
0.0658113 0.13072 0.277824 0.196593 9.99731E-05 9.99731E-05 9.99731E-05 0.328751
0.188362 0.00385702 0.243196 9.99732E-05 0.163196 9.99732E-05 0.401089 9.99732E-05
0.309873 0.221269 9.99731E-05 0.022312 0.159006 0.28724 9.99731E-05 9.99731E-05
0.481344 0.0616914 9.99731E-05 0.0159271 9.99731E-05 0.379996 0.0607418 9.99731E-05
9.99911E-05 0.22309 0.169164 0.529863 0.00518368 0.00488124 0.0298403 0.0378775
9.99731E-05 0.611324 0.0874839 0.160115 9.99731E-05 9.99731E-05 0.0870528 0.0537247
9.9982E-05 0.231333 9.9982E-05 0.104166 0.162725 0.119018 0.130863 0.251694
0.995795 9.99462E-05 0.00360582 9.99462E-05 9.99462E-05 9.99462E-05 9.99462E-05 9.99462E-05
9.99641E-05 0.220571 9.99641E-05 9.99641E-05 0.216023 9.99641E-05 0.00118768 0.561819
0.40033 0.222855 9.99731E-05 0.045603 9.99731E-05 9.99731E-05 0.0388254 0.292087
0.134541 9.99731E-05 0.140039 0.254785 0.389624 0.0807127 9.99731E-05 9.99731E-05
0.0745377 9.99643E-05 9.99643E-05 0.0781835 0.0491317 9.99643E-05 9.99643E-05 0.797747
9.9982E-05 0.285232 0.063068 0.118432 0.248014 9.9982E-05 0.223252 0.0618026
9.998E-05 0.485866 0.156369 0.0168089 0.177341 0.0985081 0.0649061 9.998E-05
9.99554E-05 0.755168 9.99554E-05 9.99554E-05 9.99554E-05 0.0424606 9.99554E-05 0.201872
0.837287 9.99554E-05 0.150983 9.99554E-05 0.0112295 9.99554E-05 9.99554E-05 9.99554E-05
0.198149 0.00801305 9.9982E-05 9.9982E-05 0.184278 0.111203 0.153055 0.345103
9.99732E-05 0.531775 9.99732E-05 0.224486 9.99732E-05 0.123441 0.0392948 0.0807037
0.262819 0.493663 0.00349452 9.99641E-05 9.99641E-05 9.99641E-05 9.99641E-05 0.239624
0.289941 0.0783524 0.120834 9.9982E-05 0.0365541 0.306601 9.9982E-05 0.167518
9.99641E-05 0.172725 9.99641E-05 0.239914 0.244196 9.99641E-05 0.342764 9.99641E-05
9.99642E-05 0.46598 9.99642E-05 0.156973 9.99642E-05 9.99642E-05 0.196728 0.179919
9.995E-05 0.611401 9.995E-05 9.995E-05 0.0434731 9.995E-05 9.995E-05 0.344626
0.03147 0.0165064 9.99732E-05 9.99732E-05 0.0662632 9.99732E-05 0.316847 0.568613
0.0249587 9.99641E-05 9.99641E-05 9.99641E-05 0.0784376 0.833154 0.0630502 9.99641E-05
9.99821E-05 0.287992 0.0815379 0.416673 0.110421 0.0703373 0.0328386 9.99821E-05
9.997E-05 9.997E-05 0.00482271 0.455307 0.481941 0.0260627 9.997E-05 0.0315665
0.015108 9.99731E-05 0.132881 0.127362 0.580823 9.99731E-05 9.99731E-05 0.143527
9.99821E-05 0.0636528 0.0398131 0.194647 0.315913 0.0498865 9.99821E-05 0.335888
9.9982E-05 0.375109 0.107526 0.155133 0.216444 9.9982E-05 0.0500951 0.095493
0.246813 0.276631 9.99553E-05 9.99553E-05 9.99553E-05 9.99553E-05 9.99553E-05 0.476056
9.994E-05 9.994E-05 9.994E-05 9.994E-05 9.994E-05 0.9993 9.994E-05 9.994E-05
0.0958261 0.0619574 9.99642E-05 0.193655 9.99642E-05 9.99642E-05 9.99642E-05 0.648161
0.407957 0.229248 9.99731E-05 9.99731E-05 0.00201703 0.0843299 9.99731E-05 0.276148
0.0559136 9.99731E-05 0.245228 0.507308 9.99731E-05 0.00842482 0.182825 9.99731E-05
0.299611 0.150547 9.99731E-05 9.99731E-05 0.155841 0.182926 0.210776 9.99731E-05
