9.9991E-05 0.801005 0.198895
0.0943212 0.619234 0.286445
0.216417 0.55535 0.228233
0.130373 0.619518 0.25011
0.262976 0.575452 0.161572
0.118469 0.572532 0.308999
0.220601 0.779299 9.9991E-05
0.131041 0.559416 0.309543
0.198279 0.466016 0.335705
0.430717 0.0604602 0.508823
0.163652 9.9991E-05 0.836248
0.355089 0.109167 0.535744
0.314523 0.490455 0.195022
0.260705 0.493874 0.24542
0.364846 0.303185 0.331969
0.39482 0.435038 0.170142
0.363128 0.227967 0.408905
0.538789 0.325942 0.13527
0.149889 0.342921 0.50719
0.128481 0.702499 0.16902
0.138454 0.415399 0.446147
0.188984 0.382474 0.428542
0.134061 0.643086 0.222853
0.329661 0.670239 9.9991E-05
0.195994 9.9991E-05 0.803906
0.258137 0.400566 0.341298
0.305451 0.191509 0.50304
0.323644 0.459946 0.21641
0.265517 0.394998 0.339485
0.781336 0.188444 0.0302202
0.288013 0.0334285 0.678559
0.156109 0.0275623 0.816329
0.320557 0.653103 0.0263398
0.110422 0.430035 0.459543
0.279098 0.174279 0.546623
0.106662 0.893238 9.9991E-05
0.0175955 0.857655 0.12475
0.259825 0.195505 0.544669
0.268655 0.323464 0.407881
0.250617 0.401062 0.348321
0.217278 0.402612 0.380111
0.112968 0.557702 0.32933
0.102335 0.587791 0.309874
0.0882313 0.592638 0.319131
0.303026 0.0763528 0.620621
0.0957652 0.207387 0.696848
0.0434616 0.807236 0.149302
0.139757 0.599274 0.260969
0.462044 0.024048 0.513908
0.248178 0.522441 0.22938
0.364012 0.0646433 0.571344
0.249676 0.419269 0.331056
0.23649 0.547512 0.215998
0.341206 0.448566 0.210228
0.322665 0.161017 0.516318
0.21176 0.640164 0.148077
0.00555813 0.153539 0.840903
0.122152 0.459184 0.418664
0.236353 0.244543 0.519104
0.121965 0.243244 0.634791
0.0826474 0.825821 0.0915319
0.402985 0.184696 0.412319
0.189535 0.348672 0.461794
0.9998 9.999E-05 9.999E-05
9.9991E-05 0.853457 0.146443
9.9991E-05 0.881586 0.118314
0.0922664 0.583246 0.324488
0.273976 0.473409 0.252615
0.299168 0.641096 0.0597354
0.384924 0.398196 0.21688
0.174041 0.0796208 0.746338
0.343321 0.298839 0.35784
0.49408 0.319571 0.186349
0.27083 0.200655 0.528515
0.278132 0.195771 0.526098
0.162368 0.201007 0.636625
0.249545 0.484183 0.266272
0.102884 0.636414 0.260702
0.0553041 0.896604 0.048092
0.373876 0.563919 0.0622048
0.223437 0.503291 0.273272
0.0899234 0.652315 0.257761
0.160597 0.261932 0.577471
0.350983 0.384429 0.264588
0.205381 0.580388 0.214231
9.9991E-05 0.45572 0.54418
0.0661649 0.933735 9.9991E-05
0.0745881 0.221419 0.703993
0.499844 0.30209 0.198065
0.0237796 0.428463 0.547758
0.9998 9.999E-05 9.999E-05
0.219887 0.178036 0.602077
0.0186563 0.499863 0.48148
0.409347 0.293014 0.297639
0.0357841 0.538847 0.425369
0.244431 0.504301 0.251268
0.126813 0.49249 0.380696
9.9991E-05 0.515165 0.484735
0.781198 0.218702 9.9991E-05
0.482309 0.323211 0.194479
0.440377 0.243572 0.316051
0.9998 9.999E-05 9.999E-05
0.270485 0.317709 0.411807
9.999E-05 9.999E-05 0.9998
0.165828 0.325376 0.508795
0.0821414 0.49147 0.426389
0.0532865 0.630337 0.316376
0.148943 0.663589 0.187467
0.413623 0.00213294 0.584244
0.244492 0.401895 0.353613
0.147803 0.536001 0.316197
0.450749 0.184424 0.364827
0.0967393 0.388267 0.514994
0.613138 0.300404 0.0864573
0.116219 0.761805 0.121975
0.9998 9.999E-05 9.999E-05
0.0282078 0.33026 0.641532
9.9991E-05 0.941646 0.0582542
0.125652 0.557646 0.316701
0.266049 0.0698715 0.66408
0.228777 0.771123 9.9991E-05
0.798516 0.15263 0.0488541
0.414214 0.343878 0.241909
0.0132827 0.594356 0.392361
0.410704 0.326215 0.263081
0.27036 0.534388 0.195252
0.257905 0.302281 0.439814
0.2443 0.282299 0.473401
9.9991E-05 0.455036 0.544864
0.38194 0.0427842 0.575276
0.0815739 0.822231 0.0961955
0.21641 0.754033 0.0295565
0.33154 0.551945 0.116515
0.446226 0.269305 0.284468
0.0548839 0.653666 0.29145
0.231841 0.203716 0.564443
9.9991E-05 0.83328 0.16662
0.232584 0.657006 0.11041
0.207928 0.496636 0.295435
0.0442915 0.6372 0.318508
0.201436 0.509259 0.289305
0.320895 9.9991E-05 0.679005
0.182512 0.270555 0.546933
0.275323 0.26412 0.460557
0.147358 0.693454 0.159188
0.681459 0.257627 0.0609143
0.110666 0.659299 0.230035
0.9998 9.999E-05 9.999E-05
0.0985153 0.797447 0.104038
9.9991E-05 0.843314 0.156586
0.159754 0.313096 0.52715
9.9991E-05 0.602705 0.397195
0.377335 0.211709 0.410956
0.373209 0.156544 0.470247
0.246647 0.461101 0.292252
0.504812 0.495088 9.9991E-05
0.0422244 0.706034 0.251741
0.289313 0.435399 0.275288
0.0698114 0.930089 9.9991E-05
0.186153 0.615492 0.198355
0.0390639 0.591335 0.369602
0.9998 9.999E-05 9.999E-05
0.357351 0.301562 0.341086
0.176005 0.738038 0.0859576
0.136826 0.310384 0.552791
0.159332 0.840568 9.9991E-05
0.068724 0.495724 0.435552
0.241711 0.197276 0.561013
0.258649 0.627614 0.113738
0.35677 0.526341 0.11689
0.120539 0.231275 0.648186
0.292224 0.267356 0.44042
0.387586 0.589102 0.0233125
0.189257 0.175665 0.635079
0.211131 0.575466 0.213403
0.0685238 0.508223 0.423253
0.069182 0.519523 0.411295
9.9991E-05 0.449893 0.550007
0.0187881 9.9991E-05 0.981112
0.161117 0.426769 0.412114
0.555817 0.0378848 0.406298
0.367975 0.297642 0.334383
0.122121 0.617521 0.260358
0.197529 0.725528 0.0769436
0.162388 0.584867 0.252745
9.999E-05 9.999E-05 0.9998
0.16167 0.542529 0.295801
0.230355 0.188841 0.580804
9.9991E-05 0.977366 0.0225344
0.39331 0.496143 0.110547
