9.99821E-05 0.242969 0.0734838 9.99821E-05 0.58667 0.0966774
0.248954 0.115246 9.99821E-05 9.99821E-05 0.521431 0.114168
9.99821E-05 9.99821E-05 0.317217 0.0204031 0.380896 0.281284
9.999E-05 0.0968876 0.333364 0.0750284 0.0339826 0.460637
0.162018 0.112902 0.170643 9.9991E-05 0.335243 0.219094
0.386504 9.9982E-05 9.9982E-05 0.0800748 0.358248 0.174973
0.336652 0.0428441 0.147181 9.99821E-05 0.473123 9.99821E-05
9.99732E-05 0.095243 0.0894447 9.99732E-05 0.815012 9.99732E-05
0.234687 0.618961 9.99821E-05 0.103059 9.99821E-05 0.0430927
9.99821E-05 0.278942 0.457624 0.211501 9.99821E-05 0.0517335
9.999E-05 0.0371626 0.195756 0.19389 0.0293453 0.543746
9.99821E-05 0.527854 0.158473 9.99821E-05 0.296508 0.0169649
0.117817 0.546482 9.9991E-05 0.0434078 0.264597 0.0275964
0.13615 9.99821E-05 0.528439 9.99821E-05 0.32563 0.0095804
0.0490193 0.580331 0.0218279 9.99821E-05 0.348621 9.99821E-05
9.99821E-05 0.083218 0.23891 9.99821E-05 0.246751 0.430921
0.111427 0.484261 9.99821E-05 9.99821E-05 0.0880103 0.316102
0.202112 9.9991E-05 0.449675 0.120848 0.203005 0.0242593
9.99642E-05 0.750611 9.99642E-05 9.99642E-05 0.248989 9.99642E-05
0.0222119 9.9991E-05 0.483733 0.10472 0.208033 0.181202
9.99731E-05 9.99731E-05 0.531924 0.347724 9.99731E-05 0.120052
9.99731E-05 0.714698 9.99731E-05 9.99731E-05 0.071162 0.213841
0.449081 0.0657169 9.99821E-05 0.07211 9.99821E-05 0.412892
0.291926 9.99731E-05 9.99731E-05 0.0811298 9.99731E-05 0.626644
9.9982E-05 9.9982E-05 0.00791306 0.287546 0.116132 0.588209
9.999E-05 0.23312 0.104002 0.0446461 0.39909 0.219041
9.999E-05 0.160528 0.64695 0.0578976 0.00728696 0.127238
0.230875 0.241274 9.99732E-05 9.99732E-05 0.527551 9.99732E-05
0.1263 0.0090417 0.118899 0.25284 0.492819 9.9991E-05
9.99732E-05 0.181699 0.0510442 9.99732E-05 9.99732E-05 0.766957
0.587845 9.99821E-05 0.0546378 0.198728 0.15859 9.99821E-05
0.0352928 0.0202285 0.510344 9.99821E-05 0.433934 9.99821E-05
0.278454 0.235444 0.074664 0.409733 0.00160457 9.99911E-05
0.0189143 0.105218 0.133967 9.99911E-05 0.634196 0.107605
0.0498857 9.9973E-05 9.9973E-05 9.9973E-05 0.485913 0.463902
0.214075 9.99821E-05 0.410751 9.99821E-05 0.360718 0.0142564
0.449591 0.15518 9.99821E-05 0.0280969 0.366932 9.99821E-05
0.201111 0.160899 9.99821E-05 0.442213 9.99821E-05 0.195577
9.99821E-05 9.99821E-05 0.1332 0.190309 0.576407 0.0998842
0.0702723 9.9991E-05 0.0200764 0.07549 0.765039 0.0690225
0.347637 0.474171 9.99732E-05 9.99732E-05 9.99732E-05 0.177892
0.0937648 0.232593 0.464035 0.198223 9.99911E-05 0.0112838
0.0154134 0.12311 0.182058 0.0727434 0.472174 0.1345
9.99911E-05 0.284199 0.198714 0.0239056 0.461232 0.0318499
0.0401012 0.0764448 0.286394 0.0660969 0.484437 0.0465262
9.99732E-05 9.99732E-05 0.459977 0.108213 0.43151 9.99732E-05
0.00213935 0.345431 0.208133 9.9991E-05 0.432059 0.0121374
0.0832654 0.17939 0.508961 0.047457 0.172178 0.00874868
9.99822E-05 0.194098 0.33347 9.99822E-05 0.378537 0.0936946
9.9973E-05 9.9973E-05 0.274626 9.9973E-05 0.655786 0.0692881
9.9973E-05 9.9973E-05 9.9973E-05 0.00749241 0.632238 0.35997
0.428854 9.99731E-05 0.212594 0.358252 9.99731E-05 9.99731E-05
9.9964E-05 0.74896 9.9964E-05 9.9964E-05 9.9964E-05 0.25064
9.99821E-05 0.0899575 9.99821E-05 0.132529 0.577397 0.199916
0.563321 0.0439526 0.237763 9.99821E-05 0.154763 9.99821E-05
0.289552 0.31656 9.99821E-05 0.0288265 0.364862 9.99821E-05
0.184527 0.156989 9.9982E-05 9.9982E-05 0.355372 0.302912
0.719204 0.280396 9.99643E-05 9.99643E-05 9.99643E-05 9.99643E-05
9.99821E-05 0.0860714 0.248474 0.168031 0.497224 9.99821E-05
0.0690942 9.99821E-05 0.25546 0.205173 0.470073 9.99821E-05
9.99732E-05 0.326992 9.99732E-05 9.99732E-05 0.424953 0.247755
0.199299 0.17126 0.545627 9.9982E-05 9.9982E-05 0.083614
0.0199889 0.798256 0.0625458 0.0301243 0.0889855 9.9991E-05
9.99731E-05 9.99731E-05 0.262415 9.99731E-05 0.127553 0.609732
0.0845915 0.270994 9.99821E-05 9.99821E-05 0.616249 0.027965
9.99911E-05 0.315002 0.363857 0.00369028 0.117806 0.199545
0.179325 9.9991E-05 0.0993345 0.0443657 0.447298 0.229577
9.99821E-05 0.331831 0.525448 9.99821E-05 0.104996 0.0375252
0.0151653 0.403106 9.99821E-05 0.00656793 0.574961 9.99821E-05
9.99911E-05 0.0777212 0.249623 0.356342 0.215691 0.100523
0.0979657 0.224752 0.444246 0.11745 0.115485 9.9991E-05
9.99821E-05 0.596141 0.187389 9.99821E-05 0.0824366 0.133834
0.775349 9.99732E-05 0.0213733 9.99732E-05 0.202978 9.99732E-05
9.99732E-05 0.202873 0.144177 9.99732E-05 0.652651 9.99732E-05
0.103662 9.99732E-05 9.99732E-05 9.99732E-05 0.828017 0.0680211
9.99731E-05 0.321865 0.346195 9.99731E-05 0.33164 9.99731E-05
9.99733E-05 0.65504 9.99733E-05 9.99733E-05 0.136026 0.208634
0.0496459 0.326997 0.385844 0.138735 9.9991E-05 0.0986781
9.99821E-05 0.32843 9.99821E-05 0.111847 0.524396 0.0351267
0.234953 0.159397 9.99731E-05 9.99731E-05 0.60535 9.99731E-05
9.99732E-05 9.99732E-05 0.350285 9.99732E-05 0.632811 0.0166033
9.99911E-05 0.183594 0.0505441 0.191061 0.310743 0.263959
0.520635 9.99821E-05 0.036512 0.269239 0.173415 9.99821E-05
9.9982E-05 0.518526 9.9982E-05 0.133327 0.266432 0.0815148
0.0810883 0.00444299 0.553516 9.9991E-05 0.166899 0.193954
0.0340652 0.233355 0.333828 0.0112971 0.293627 0.0938285
0.30309 0.266304 0.0914618 0.175496 0.151885 0.011764
0.17826 9.99731E-05 9.99731E-05 9.99731E-05 0.0611131 0.760327
9.99821E-05 0.179197 9.99821E-05 0.39784 0.304316 0.118447
9.99821E-05 0.486637 9.99821E-05 0.330249 0.0891533 0.0937608
9.99643E-05 9.99643E-05 9.99643E-05 9.99643E-05 0.116998 0.882602
0.0154375 9.99911E-05 0.360126 0.029397 0.324208 0.270732
0.0869429 0.183075 0.726624 0.00315842 9.99821E-05 9.99821E-05
0.419179 0.0967922 0.0688288 0.282573 9.9991E-05 0.132527
9.99641E-05 0.518193 0.481408 9.99641E-05 9.99641E-05 9.99641E-05
0.242819 0.281979 0.182799 9.9991E-05 0.257885 0.034418
0.335707 0.165038 0.0752435 0.206612 0.0123966 0.205003
0.111787 0.272343 0.43089 9.99821E-05 0.18478 9.99821E-05
9.99731E-05 9.99731E-05 0.16431 9.99731E-05 0.338601 0.496789
0.369327 0.117997 0.0235649 9.9982E-05 9.9982E-05 0.488911
0.666917 0.130167 9.99821E-05 0.0632636 9.99821E-05 0.139453
9.99643E-05 9.99643E-05 9.99643E-05 0.0217599 9.99643E-05 0.97784
0.168528 0.455067 9.99731E-05 0.376105 9.99731E-05 9.99731E-05
9.99641E-05 9.99641E-05 9.99641E-05 0.927898 9.99641E-05 0.0717024
9.99821E-05 0.263375 0.140615 0.0206627 0.575148 9.99821E-05
0.0140406 0.428464 0.13584 9.9991E-05 0.165721 0.255834
0.541573 0.0533281 0.026559 9.99821E-05 0.37834 9.99821E-05
0.0191799 0.0710071 9.99821E-05 0.275597 0.634016 9.99821E-05
9.99732E-05 0.165031 9.99732E-05 0.121841 0.712828 9.99732E-05
9.99731E-05 9.99731E-05 0.282986 0.596732 0.119982 9.99731E-05
0.243771 9.99822E-05 0.199859 9.99822E-05 0.330229 0.225941
9.99821E-05 0.117998 0.177164 9.99821E-05 0.62194 0.0826984
9.99732E-05 9.99732E-05 9.99732E-05 0.0768326 0.350178 0.57269
9.99732E-05 0.0956567 9.99732E-05 9.99732E-05 0.857921 0.0461227
0.041425 9.99642E-05 9.99642E-05 9.99642E-05 9.99642E-05 0.958175
0.0613528 0.542428 0.125743 0.204304 9.99911E-05 0.0660715
9.99821E-05 0.164412 0.132644 9.99821E-05 0.650397 0.0523472
9.99732E-05 0.423008 0.174258 9.99732E-05 0.402435 9.99732E-05
9.9991E-05 0.45276 0.00127612 0.071642 0.298534 0.175688
0.270591 9.9982E-05 9.9982E-05 0.0113462 0.66241 0.0554529
9.99731E-05 0.383787 9.99731E-05 0.067897 9.99731E-05 0.548016
0.522193 9.99731E-05 9.99731E-05 9.99731E-05 0.298302 0.179206
0.0595382 9.99732E-05 9.99732E-05 0.0455304 0.894632 9.99732E-05
0.382013 9.99732E-05 0.189422 9.99732E-05 0.428265 9.99732E-05
0.127355 0.458907 9.99911E-05 0.0160803 0.18388 0.213677
0.22665 0.542788 0.18183 0.0259909 0.0164629 0.00627854
9.99643E-05 0.526506 0.473094 9.99643E-05 9.99643E-05 9.99643E-05
9.99821E-05 0.154344 0.123839 0.159417 0.5622 9.99821E-05
9.99821E-05 9.99821E-05 0.200482 0.406114 0.2444 0.148803
9.99821E-05 9.99821E-05 0.434827 0.17103 0.268909 0.125034
0.257062 0.61741 0.122502 0.00103184 9.99911E-05 0.00189417
0.33156 9.9991E-05 0.0477245 0.00386262 0.510874 0.10588
0.0963429 0.586401 0.1015 0.0707063 0.14495 9.9991E-05
9.9982E-05 0.330733 0.146642 0.429139 0.0932861 9.9982E-05
0.146019 0.18289 0.376438 0.294453 9.99821E-05 9.99821E-05
9.99642E-05 9.99642E-05 9.99642E-05 0.283499 0.716101 9.99642E-05
9.99642E-05 9.99642E-05 9.99642E-05 0.354566 0.645034 9.99642E-05
9.99643E-05 9.99643E-05 9.99643E-05 0.0903077 0.909292 9.99643E-05
0.190607 0.441637 0.0443468 0.137181 0.186129 9.99911E-05
9.996E-05 9.996E-05 9.996E-05 9.996E-05 0.9995 9.996E-05
0.283496 0.107213 9.99911E-05 0.314922 0.164142 0.130127
0.491163 0.177284 9.99821E-05 0.227713 9.99821E-05 0.103641
9.99821E-05 0.413745 0.256627 0.0734398 0.255989 9.99821E-05
9.99732E-05 0.544786 9.99732E-05 0.333144 9.99732E-05 0.12177
9.99732E-05 9.99732E-05 0.13629 9.99732E-05 0.164873 0.698538
0.125876 0.311569 9.9991E-05 0.0227635 0.454713 0.0849785
9.996E-05 9.996E-05 0.9995 9.996E-05 9.996E-05 9.996E-05
9.99821E-05 9.99821E-05 0.207276 0.060506 0.474774 0.257244
0.324022 9.99821E-05 0.0761659 9.99821E-05 0.251655 0.347957
0.183936 0.153917 0.46028 0.201666 9.99821E-05 9.99821E-05
0.186177 0.371203 0.118289 0.269005 0.0552263 9.99911E-05
0.0895723 0.741959 0.0857707 9.99821E-05 0.0824984 9.99821E-05
0.213438 9.99821E-05 0.196379 9.99821E-05 0.58407 0.00591322
0.0367059 0.400928 9.99821E-05 9.99821E-05 0.481018 0.0811481
0.855223 9.99642E-05 9.99642E-05 9.99642E-05 9.99642E-05 0.144377
9.99821E-05 0.0776797 0.239633 0.279433 0.403054 9.99821E-05
0.479306 9.99821E-05 9.99821E-05 0.235887 0.250744 0.0338637
9.99822E-05 9.99822E-05 0.447978 0.124976 0.362245 0.0646008
0.00142689 9.99822E-05 0.0446828 9.99822E-05 0.879458 0.074232
0.0242435 0.245173 0.161646 0.210861 0.237688 0.120389
9.996E-05 9.996E-05 0.9995 9.996E-05 9.996E-05 9.996E-05
9.99731E-05 0.233386 0.317393 9.99731E-05 0.448922 9.99731E-05
0.114406 0.0759993 0.0998193 9.9991E-05 0.634658 0.0750174
0.16406 0.362929 0.451129 0.0216832 9.99821E-05 9.99821E-05
0.0581041 0.712646 0.181653 9.99821E-05 0.0473968 9.99821E-05
0.254649 0.326579 0.0305524 0.0104759 0.362079 0.0156654
0.0100257 0.00536484 0.206962 0.0218149 0.755733 9.99911E-05
9.99732E-05 0.0857153 9.99732E-05 0.185617 0.728368 9.99732E-05
0.775128 9.99732E-05 0.127892 9.99732E-05 0.0966804 9.99732E-05
0.168253 0.10504 0.117004 0.117396 0.395778 0.0965287
9.99821E-05 0.171542 9.99821E-05 0.127259 0.481344 0.219655
0.0668527 0.148512 0.0500213 0.0558541 0.67866 9.9991E-05
0.236473 0.468001 0.22098 0.0743469 9.9982E-05 9.9982E-05
9.99821E-05 9.99821E-05 0.348089 0.00957164 0.34878 0.293359
9.99821E-05 0.300788 9.99821E-05 0.0253013 0.573015 0.100697
9.99733E-05 0.18969 0.0241197 9.99733E-05 0.785891 9.99733E-05
9.99821E-05 0.3368 0.173061 9.99821E-05 0.17691 0.313029
9.99642E-05 9.99642E-05 0.0998867 0.899713 9.99642E-05 9.99642E-05
0.220671 0.0869848 9.99821E-05 0.203165 0.488979 9.99821E-05
0.0692433 0.499132 0.243167 9.99821E-05 0.188258 9.99821E-05
0.169166 9.99732E-05 0.802417 0.0281178 9.99732E-05 9.99732E-05
9.99731E-05 0.264843 0.491451 0.243406 9.99731E-05 9.99731E-05
0.219172 0.203105 0.221799 0.0507356 0.266418 0.0387704
9.99821E-05 0.131281 0.0103632 9.99821E-05 0.68317 0.174986
9.996E-05 9.996E-05 9.996E-05 0.9995 9.996E-05 9.996E-05
9.99732E-05 0.68482 0.0991247 9.99732E-05 0.215756 9.99732E-05
0.215995 0.263208 9.99732E-05 9.99732E-05 0.520497 9.99732E-05
0.396803 0.0156529 9.9991E-05 0.114697 0.235844 0.236903
0.524554 9.9982E-05 9.9982E-05 0.0335774 0.303107 0.138562
