9.9982E-05 0.0424787 0.0420634 0.0806467 0.643127 0.126522 9.9982E-05 0.0649628
9.999E-05 0.135044 0.283976 0.0935496 0.199769 0.2327 0.0182115 0.0366493
9.9982E-05 0.172338 0.0959361 0.0703838 9.9982E-05 0.521854 0.128183 0.0111058
0.0284326 0.434743 0.0578212 0.0849556 0.19024 0.0169027 0.118893 0.0680114
0.073367 0.337688 0.0899668 9.9991E-05 0.102359 0.205487 0.0909945 0.100037
0.0388002 0.523555 0.311888 9.9982E-05 0.0233417 0.00870876 9.9982E-05 0.0935062
9.9973E-05 0.0404731 9.9973E-05 0.0154176 0.236107 0.542969 0.164733 9.9973E-05
9.999E-05 0.487826 0.0367802 0.131148 0.172972 0.0996263 0.0237798 0.0477666
0.253739 0.0927171 0.22453 9.9982E-05 0.10786 0.261245 9.9982E-05 0.059709
0.25902 9.9991E-05 0.181464 0.00237766 0.0799309 0.104494 0.243591 0.129022
9.9973E-05 9.9973E-05 0.648716 0.0160787 0.0123455 0.118649 9.9973E-05 0.203911
0.796709 9.99639E-05 0.121709 9.99639E-05 0.0369806 9.99639E-05 0.0442019 9.99639E-05
9.9973E-05 0.081918 0.189377 9.9973E-05 9.9973E-05 0.580307 0.119833 0.0282646
0.0409963 9.9991E-05 0.0981445 0.0248079 0.366606 0.305239 0.078812 0.0852944
9.994E-05 9.994E-05 0.9993 9.994E-05 9.994E-05 9.994E-05 9.994E-05 9.994E-05
0.00779382 0.247018 0.0228918 0.458407 0.0531999 9.9991E-05 0.165821 0.0447693
9.9964E-05 9.9964E-05 0.843156 9.9964E-05 0.0699937 9.9964E-05 0.0264284 0.0600219
9.9982E-05 0.234912 0.0701037 9.9982E-05 0.25131 0.0936928 0.290321 0.059461
0.239682 0.384271 0.0948208 9.9973E-05 0.258207 9.9973E-05 0.0227195 9.9973E-05
0.024876 0.180197 0.0738613 0.0392163 0.00902015 0.419286 0.153005 0.100538
9.999E-05 0.255315 0.0949381 0.0209408 0.230222 0.226761 0.0679564 0.103767
0.126357 0.160164 0.185346 0.115468 0.123495 0.227246 9.9991E-05 0.0618242
9.9982E-05 0.615269 9.9982E-05 0.118025 0.0776987 0.0884169 0.0579043 0.0424862
9.9973E-05 0.334337 9.9973E-05 0.150699 0.132569 0.0913506 0.290745 9.9973E-05
0.0602071 9.9955E-05 0.71097 9.9955E-05 9.9955E-05 9.9955E-05 9.9955E-05 0.228323
0.0258159 9.9991E-05 0.144988 0.14704 0.516466 0.0469653 0.078354 0.0402699
0.158312 0.242401 9.9991E-05 0.102809 0.0515013 0.147573 0.156784 0.14052
9.9982E-05 9.9982E-05 0.229225 0.0407342 0.283054 0.219768 0.081102 0.145917
9.9973E-05 0.365126 0.20162 9.9973E-05 9.9973E-05 0.3514 0.0560632 0.0254914
9.99639E-05 9.99639E-05 9.99639E-05 0.247841 0.020981 0.148786 0.581993 9.99639E-05
9.9973E-05 0.0975251 0.80647 0.0519951 9.9973E-05 9.9973E-05 0.0221169 0.0215925
0.427189 0.184994 0.00781723 0.0592632 0.0194039 0.28922 0.00765078 0.00446123
0.0454602 0.421947 0.170332 0.0246025 0.137376 0.111012 0.0891707 9.9991E-05
9.9982E-05 0.218412 0.253106 0.0128537 0.0631284 0.40728 9.9982E-05 0.0450191
0.174454 0.125013 0.23966 9.9991E-05 0.232203 0.0671975 0.0344505 0.126923
9.994E-05 9.994E-05 9.994E-05 9.994E-05 0.9993 9.994E-05 9.994E-05 9.994E-05
9.9973E-05 0.500557 0.1077 9.9973E-05 0.142724 0.134208 9.9973E-05 0.11451
0.134306 9.9964E-05 0.44408 9.9964E-05 0.340603 9.9964E-05 9.9964E-05 0.08061
0.101281 0.570553 0.116557 0.062917 9.9982E-05 9.9982E-05 0.0583637 0.0901281
0.0409922 0.204443 0.296519 0.151422 9.9991E-05 0.160529 0.0602279 0.0857668
0.186665 0.203214 0.00817355 0.135831 9.9982E-05 0.335988 9.9982E-05 0.129928
9.9973E-05 0.443451 9.9973E-05 0.149647 0.192365 9.9973E-05 0.0916864 0.122551
9.9982E-05 0.583915 9.9982E-05 0.118445 0.16845 0.0310885 0.0255064 0.0723954
0.110435 0.107652 0.0840048 0.0412615 0.289752 0.366696 9.9982E-05 9.9982E-05
0.367056 9.9973E-05 9.9973E-05 0.054489 0.0845254 0.491463 9.9973E-05 0.00216606
9.9973E-05 0.222484 0.145631 9.9973E-05 0.183486 0.251792 9.9973E-05 0.196306
9.9982E-05 0.0235375 0.268822 0.015459 0.117653 0.513598 0.06073 9.9982E-05
0.212247 0.690962 9.9955E-05 0.0962914 9.9955E-05 9.9955E-05 9.9955E-05 9.9955E-05
0.1651 0.119443 0.0884961 0.0833981 9.9982E-05 0.503265 0.040098 9.9982E-05
0.0882858 0.244444 0.377592 0.122444 0.107566 9.9982E-05 0.0594675 9.9982E-05
0.0718354 9.9991E-05 0.362474 0.0020737 0.25016 0.143145 0.106617 0.0635942
0.130997 0.372652 0.140847 0.121978 0.0724464 9.9982E-05 0.160881 9.9982E-05
0.0832733 0.24516 9.9991E-05 0.513047 0.0674943 0.0259176 0.0299545 0.0350535
9.9973E-05 0.144658 9.9973E-05 0.219646 9.9973E-05 0.352634 0.116751 0.166011
0.859408 9.9946E-05 9.9946E-05 0.139993 9.9946E-05 9.9946E-05 9.9946E-05 9.9946E-05
9.9973E-05 0.727337 9.9973E-05 9.9973E-05 0.0178518 0.133405 0.0818432 0.0392626
0.964377 9.99461E-05 9.99461E-05 0.0350236 9.99461E-05 9.99461E-05 9.99461E-05 9.99461E-05
0.557147 0.311975 9.9973E-05 9.9973E-05 0.0121591 9.9973E-05 0.0973263 0.021093
0.134918 0.223126 0.299247 0.0509213 9.9991E-05 0.157978 0.0788292 0.0548794
0.339318 0.279782 0.0918195 0.00939077 0.0134789 0.191059 0.0212764 0.0538758
0.0282639 0.390951 9.9973E-05 9.9973E-05 9.9973E-05 0.460486 0.081396 0.0386031
9.999E-05 0.0894544 0.422912 0.0366661 0.141896 0.0634378 0.132718 0.112816
9.9973E-05 0.66221 0.0713046 0.0822501 9.9973E-05 0.128974 0.0549621 9.9973E-05
0.162914 9.9946E-05 9.9946E-05 9.9946E-05 9.9946E-05 9.9946E-05 0.836486 9.9946E-05
9.9982E-05 0.271623 0.0982006 0.0571471 0.3883 0.0302969 9.9982E-05 0.154232
9.9955E-05 9.9955E-05 9.9955E-05 0.0504642 0.935938 9.9955E-05 9.9955E-05 0.0130978
0.0252382 0.277169 9.9973E-05 9.9973E-05 0.271618 0.263658 9.9973E-05 0.162017
0.032409 0.497608 0.33039 9.9973E-05 9.9973E-05 0.11605 0.0232425 9.9973E-05
0.0701647 0.221873 0.449166 9.9973E-05 0.224695 9.9973E-05 0.0338017 9.9973E-05
9.9991E-05 0.0242626 0.0472358 0.153631 0.0637286 0.440194 0.183413 0.0874348
0.27407 0.00192368 0.0155538 9.9973E-05 9.9973E-05 0.577242 9.9973E-05 0.130911
9.9964E-05 0.223789 0.314441 0.149558 0.311813 9.9964E-05 9.9964E-05 9.9964E-05
0.0348132 0.0562748 0.496598 9.9991E-05 0.206384 0.0584654 0.131386 0.0159793
0.156986 0.235246 0.542577 0.0382742 9.9973E-05 9.9973E-05 0.0266175 9.9973E-05
9.9973E-05 9.9973E-05 0.189863 0.0666464 9.9973E-05 0.497175 0.106911 0.139104
0.32417 9.9982E-05 0.176417 0.161073 9.9982E-05 0.187271 0.00242411 0.148445
9.9964E-05 0.560731 9.9964E-05 9.9964E-05 9.9964E-05 0.377477 0.0556878 0.00570509
9.9982E-05 0.438512 0.0595775 0.0483861 9.9982E-05 0.326983 0.0691987 0.0571424
9.9964E-05 0.31763 0.208621 9.9964E-05 9.9964E-05 0.398129 9.9964E-05 0.0752205
9.9982E-05 0.0944373 0.174137 0.0164955 9.9982E-05 0.619835 0.0901066 0.00478881
0.156026 0.214356 0.0873637 0.00225483 0.0997244 0.304646 0.102148 0.0334798
0.167722 0.505498 0.114823 9.9991E-05 0.132008 0.003493 0.0381053 0.0382514
0.160878 0.0824706 9.9982E-05 0.0820588 9.9982E-05 0.378412 0.198249 0.0977322
9.99731E-05 0.522842 0.200514 0.158037 9.99731E-05 9.99731E-05 0.00169475 0.116612
0.142045 0.515722 9.9982E-05 9.9982E-05 0.0142176 0.226304 0.0965764 0.00493427
0.312466 9.9973E-05 9.9973E-05 0.0901134 0.172355 0.352271 9.9973E-05 0.0724946
9.99459E-05 0.22858 9.99459E-05 9.99459E-05 0.770821 9.99459E-05 9.99459E-05 9.99459E-05
0.218935 9.99641E-05 0.18364 9.99641E-05 9.99641E-05 0.505017 9.99641E-05 0.0920091
0.060403 0.0910302 0.273387 0.0633045 0.170558 0.0849952 0.154246 0.102077
0.278742 9.9973E-05 9.9973E-05 0.0149716 0.246191 0.433105 0.0266899 9.9973E-05
9.9964E-05 9.9964E-05 9.9964E-05 0.100279 0.0427363 9.9964E-05 0.843787 0.0127975
0.0622666 9.9964E-05 0.258828 9.9964E-05 9.9964E-05 0.572008 9.9964E-05 0.106498
9.9982E-05 0.720727 0.0220774 0.0842033 0.0386937 9.9982E-05 0.0727022 0.0613963
9.9982E-05 0.0234499 0.638407 0.0940832 0.0609625 0.116974 0.0659237 9.9982E-05
9.9982E-05 0.598059 0.067983 0.0176809 0.127458 0.0408719 9.9982E-05 0.147747
9.9982E-05 0.566991 0.0179025 0.015644 0.156706 0.145188 9.9982E-05 0.097368
0.0552812 9.99641E-05 9.99641E-05 0.104164 0.108778 0.731377 9.99641E-05 9.99641E-05
9.99641E-05 0.498709 9.99641E-05 9.99641E-05 9.99641E-05 0.348748 0.0308049 0.121338
0.0908872 0.11832 0.0186464 0.00242094 0.0726717 0.0528423 0.644112 9.9991E-05
0.175388 0.313541 0.292788 0.0213342 0.0242201 9.9982E-05 0.172528 9.9982E-05
0.026661 9.9973E-05 0.264219 9.9973E-05 0.217866 0.369156 0.121798 9.9973E-05
0.0374407 9.9946E-05 9.9946E-05 9.9946E-05 9.9946E-05 9.9946E-05 0.96196 9.9946E-05
9.9973E-05 0.29926 0.49249 0.0660671 0.0160027 9.9973E-05 9.9973E-05 0.12588
9.99459E-05 9.99459E-05 9.99459E-05 9.99459E-05 9.99459E-05 9.99459E-05 0.0710497 0.928351
0.370986 9.9982E-05 0.113116 0.129494 0.250932 9.9982E-05 0.0818527 0.0534199
0.0576118 0.304182 0.309597 0.28289 0.045419 9.9973E-05 9.9973E-05 9.9973E-05
0.185861 0.0283725 0.175492 0.167924 0.108874 0.333277 9.9982E-05 9.9982E-05
0.127602 0.206038 0.0694546 0.278205 0.0532983 0.0251281 0.178026 0.062248
0.0822743 0.209198 0.450099 0.0764165 9.9991E-05 0.103513 0.0356607 0.0427393
0.301154 0.142057 0.25682 9.9982E-05 0.188118 9.9982E-05 0.0291807 0.0824702
0.0636701 0.655383 0.131034 0.0218521 0.00680155 9.9982E-05 9.9982E-05 0.121059
0.100456 9.9982E-05 0.290222 9.9982E-05 0.00971659 0.351631 0.196055 0.0517186
0.121823 0.262443 0.0916938 0.194749 0.0365815 0.28833 0.00164012 0.00273934
0.138161 0.359603 9.9964E-05 9.9964E-05 9.9964E-05 9.9964E-05 0.483024 0.0188117
9.99729E-05 0.454022 0.140117 9.99729E-05 0.180352 0.212553 9.99729E-05 0.0126565
0.049728 9.9955E-05 9.9955E-05 0.0376561 9.9955E-05 9.9955E-05 0.912116 9.9955E-05
0.00887713 0.000305524 0.40251 0.0408663 0.227954 0.170559 9.9991E-05 0.148828
0.00411779 0.0555505 9.9982E-05 0.0272125 0.480319 0.405823 0.0267779 9.9982E-05
0.102269 0.584276 9.9973E-05 0.0350909 9.9973E-05 0.260623 0.01744 9.9973E-05
0.281576 0.0240311 0.102868 0.00357297 0.298272 0.102547 0.100433 0.0866992
9.9982E-05 0.365097 0.00517292 9.9982E-05 0.208351 0.322411 0.0757268 0.0230417
9.9982E-05 0.0233324 0.235033 0.0474314 0.103575 9.9982E-05 0.578277 0.012151
9.9973E-05 0.100686 0.097271 9.9973E-05 0.0152031 0.64874 0.1378 9.9973E-05
0.0909294 0.41768 0.124736 0.263812 9.9982E-05 0.0321671 9.9982E-05 0.0704757
0.550929 0.175233 9.9964E-05 9.9964E-05 9.9964E-05 0.147542 0.125896 9.9964E-05
0.0257509 0.303701 0.514587 0.0724005 9.9982E-05 0.073844 0.00951669 9.9982E-05
0.0524428 0.229185 0.633755 0.0683127 0.0160047 9.9973E-05 9.9973E-05 9.9973E-05
0.159701 0.503055 0.00577965 0.0560802 0.0546212 9.9991E-05 0.119943 0.10072
0.630613 0.211081 9.99639E-05 0.10301 9.99639E-05 0.0548963 9.99639E-05 9.99639E-05
0.180935 9.9973E-05 0.578838 0.00483288 0.210287 9.9973E-05 9.9973E-05 0.0248071
9.9964E-05 0.201479 0.0513497 9.9964E-05 0.489755 0.257017 9.9964E-05 9.9964E-05
0.0811069 0.708595 9.9973E-05 9.9973E-05 0.0272029 0.114107 0.0686889 9.9973E-05
0.0814203 0.162725 0.00931047 0.0276419 9.9982E-05 0.444819 0.273884 9.9982E-05
9.9973E-05 0.221482 0.304271 0.136633 9.9973E-05 0.21272 0.124594 9.9973E-05
0.144335 0.666104 0.04313 9.9973E-05 0.127305 9.9973E-05 9.9973E-05 0.018825
0.26877 0.238228 0.134474 9.9991E-05 0.124396 0.0571765 0.132598 0.0442568
0.105405 0.0483318 9.99549E-05 0.845763 9.99549E-05 9.99549E-05 9.99549E-05 9.99549E-05
9.99439E-05 9.99439E-05 9.99439E-05 0.9993 9.99439E-05 9.99439E-05 9.99439E-05 9.99439E-05
0.0778796 9.9982E-05 9.9982E-05 0.0229569 0.111688 0.692597 0.0559358 0.0387431
0.249733 0.253515 0.017456 9.9991E-05 0.0727741 0.241335 0.0288432 0.136243
0.104766 0.279365 9.9973E-05 9.9973E-05 9.9973E-05 0.457518 0.09188 0.0661704
9.9964E-05 0.192011 0.670383 0.0216088 9.9964E-05 9.9964E-05 9.9964E-05 0.115597
0.243201 0.212604 0.381183 9.9991E-05 0.0717964 0.0118359 0.0117087 0.0675721
0.217758 9.9982E-05 0.144529 9.9982E-05 0.190376 0.368702 0.0687567 0.00967812
9.9973E-05 0.638394 9.9973E-05 0.157975 9.9973E-05 0.063034 0.0836425 0.0566552
0.0426192 9.9991E-05 0.138873 0.00144486 0.10669 0.232385 0.475016 0.0028709
0.013398 0.171226 0.138629 0.101552 0.12318 0.382195 0.00787938 0.0619401
9.99549E-05 9.99549E-05 9.99549E-05 9.99549E-05 0.0454345 9.99549E-05 0.952257 0.00180917
0.149135 0.024819 9.9973E-05 9.9973E-05 0.624371 0.118523 9.9973E-05 0.0828517
9.9964E-05 0.581948 9.9964E-05 0.176281 0.0556673 9.9964E-05 9.9964E-05 0.185704
0.901122 0.0201273 0.0114926 9.9964E-05 9.9964E-05 9.9964E-05 9.9964E-05 0.0668578
0.225101 0.11447 9.9991E-05 0.0520582 0.0953903 0.257895 0.0781734 0.176812
0.164324 9.9982E-05 9.9982E-05 0.132571 0.0570817 0.448868 0.146457 0.0504975
0.133523 9.9964E-05 9.9964E-05 0.212982 9.9964E-05 0.652128 0.00096688 9.9964E-05
0.617733 0.0205379 0.0474349 0.00114583 0.18401 0.0595645 0.0694742 9.9991E-05
9.9982E-05 0.111279 0.106741 0.197454 0.228684 9.9982E-05 0.26038 0.0952625
0.187021 0.212184 0.0207544 9.9973E-05 0.144221 0.43552 9.9973E-05 9.9973E-05
9.9982E-05 0.324403 9.9982E-05 0.15804 0.132574 0.310343 0.0493511 0.0250891
9.9964E-05 0.168102 9.9964E-05 0.00741637 0.785372 0.0387099 9.9964E-05 9.9964E-05
0.0186973 0.400644 0.208591 0.0346579 0.0916565 0.078111 0.117958 0.0496839
0.0044249 0.294808 0.374715 9.9991E-05 0.165552 0.098928 0.0392074 0.0222642
9.994E-05 9.994E-05 9.994E-05 9.994E-05 9.994E-05 9.994E-05 0.9993 9.994E-05
9.9982E-05 0.109178 0.362659 0.0100443 0.213719 9.9982E-05 0.245226 0.0589742
0.000838039 0.435786 9.9973E-05 0.205911 9.9973E-05 0.346104 9.9973E-05 0.011061
0.124999 0.17441 0.0590713 0.154516 0.0430388 0.29299 0.0492952 0.101679
0.125614 9.9955E-05 9.9955E-05 9.9955E-05 0.855353 9.9955E-05 0.0185333 9.9955E-05
0.191433 0.223916 0.202739 0.0254559 0.128399 0.224436 9.9991E-05 0.00352091
9.9964E-05 0.0547681 0.284057 9.9964E-05 9.9964E-05 0.540745 9.9964E-05 0.12003
9.994E-05 9.994E-05 9.994E-05 0.9993 9.994E-05 9.994E-05 9.994E-05 9.994E-05
9.9973E-05 0.0953398 0.0796273 9.9973E-05 0.149926 0.497729 0.177078 9.9973E-05
0.220044 0.0730034 0.453377 0.111259 0.093788 0.0483287 9.9982E-05 9.9982E-05
0.211227 0.0790187 0.258497 0.141906 9.9991E-05 0.0456649 0.134792 0.128794
9.9982E-05 0.429686 0.0936419 0.0367581 0.223543 0.0496971 0.166474 9.9982E-05
0.142495 9.9973E-05 0.000953307 0.437555 9.9973E-05 0.363721 9.9973E-05 0.054975
0.221308 0.600679 0.0460529 9.9964E-05 0.131561 9.9964E-05 9.9964E-05 9.9964E-05
0.314651 0.312208 0.0327773 9.9973E-05 9.9973E-05 0.254398 9.9973E-05 0.0856659
0.0316836 0.438278 0.512393 9.9964E-05 9.9964E-05 9.9964E-05 9.9964E-05 0.0172458
0.256307 0.190787 9.9973E-05 0.158115 0.245626 9.9973E-05 9.9973E-05 0.148864
0.0240856 9.99459E-05 9.99459E-05 9.99459E-05 9.99459E-05 9.99459E-05 9.99459E-05 0.975315
0.247051 9.9991E-05 0.100909 0.0830408 0.00420377 0.48491 0.0226801 0.0571056
9.9955E-05 9.9955E-05 0.826857 9.9955E-05 0.0570207 9.9955E-05 0.115623 9.9955E-05
0.0584245 0.053545 0.361621 9.9982E-05 0.26172 0.0375369 0.226953 9.9982E-05
0.140987 9.9982E-05 9.9982E-05 0.229937 0.283498 0.264685 0.00597752 0.0747152
9.9973E-05 0.23047 9.9973E-05 0.107886 0.24888 0.321861 0.0906022 9.9973E-05
0.0880907 0.0579995 0.233622 0.185169 0.311644 0.0257624 0.0461926 0.0515205
9.994E-05 9.994E-05 9.994E-05 9.994E-05 9.994E-05 9.994E-05 9.994E-05 0.9993
0.00779628 0.301234 0.2442 0.00910231 0.118497 0.266395 0.0526765 9.9991E-05
9.9982E-05 9.9982E-05 0.303876 0.117615 0.291984 0.00571806 0.104303 0.176304
0.0939365 0.405248 0.0630603 0.0292396 0.151712 0.229228 9.9991E-05 0.0274748
0.132104 9.9964E-05 9.9964E-05 0.138329 0.207481 0.521686 9.9964E-05 9.9964E-05
