0.108382 0.0392964 0.0242965 9.9982E-05 0.827825 9.9982E-05
0.0811679 9.9991E-05 0.317338 0.342445 0.120698 0.138251
0.0870855 0.133979 0.426464 0.132621 0.188127 0.0317244
0.0498507 9.9991E-05 0.602077 0.0334801 0.205636 0.108857
0.0464127 0.239476 0.436132 0.155994 0.0475018 0.0744839
0.0564505 0.10164 0.682264 0.159445 9.9982E-05 9.9982E-05
0.0224176 0.233403 0.378807 9.9991E-05 0.326784 0.0384891
0.0307603 0.146911 0.0258915 0.339571 0.381925 0.074941
0.15205 0.148578 0.206728 0.145701 0.34516 0.00178293
0.359936 0.142068 9.9991E-05 0.000702962 0.314943 0.182251
0.23312 0.513909 0.156725 0.095564 0.000582139 9.9991E-05
0.210483 0.0170169 0.158632 0.0190096 0.376083 0.218775
0.0970223 0.36491 0.407955 9.9991E-05 0.0895986 0.0404135
0.185185 0.0722754 0.0675643 0.0159454 0.478198 0.180832
0.110802 0.545718 0.0966564 0.246624 9.9982E-05 9.9982E-05
0.0475074 0.40038 9.9991E-05 0.440066 0.0652735 0.0466726
0.154664 0.466629 0.0645287 0.212467 9.9991E-05 0.101612
0.20147 0.309501 0.102537 0.163117 0.16972 0.0536545
9.9982E-05 0.276013 0.345865 0.162643 0.21528 9.9982E-05
0.0827699 0.0349993 0.248646 0.231827 0.349689 0.052069
0.103868 0.321298 0.150454 0.134371 0.289909 9.9991E-05
0.0692445 0.199661 0.413582 0.0390962 0.183301 0.095115
0.000368291 0.212899 0.539447 0.180537 0.0666479 9.9991E-05
0.0424142 0.183723 0.237508 0.148493 0.189896 0.197966
0.298893 0.700707 9.9964E-05 9.9964E-05 9.9964E-05 9.9964E-05
0.0474163 0.227491 0.126996 0.082332 0.465486 0.0502792
0.237039 0.035724 0.0484122 0.191256 0.304829 0.182739
0.136312 0.223695 0.000561388 0.110255 0.398426 0.130751
0.124483 0.160576 0.444566 0.118164 9.9991E-05 0.152111
9.999E-05 0.0266114 0.0990945 0.169604 0.0554177 0.649173
0.118713 0.35055 0.175559 0.20194 9.9991E-05 0.153138
0.230988 0.175084 9.9991E-05 0.345355 0.17768 0.0707935
9.999E-05 0.237729 0.451254 0.0417994 0.182603 0.0865139
0.131016 0.237284 0.338162 0.212649 0.0807889 9.9991E-05
0.252249 0.347926 0.133618 9.9982E-05 0.266006 9.9982E-05
9.996E-05 9.996E-05 9.996E-05 9.996E-05 0.9995 9.996E-05
0.192594 9.9982E-05 0.63513 9.9982E-05 0.0841862 0.0878903
0.130014 0.176793 9.9982E-05 9.9982E-05 0.620351 0.0726413
0.153339 0.0529897 0.399248 0.222214 9.9991E-05 0.172109
0.101413 0.267778 0.150983 0.286667 0.193058 9.9991E-05
0.103562 0.126871 0.29462 0.247711 0.176531 0.0507046
0.138459 0.0839479 0.297492 0.283728 0.196273 9.9991E-05
0.0836435 9.9991E-05 0.485721 0.130516 0.200885 0.0991345
0.0934739 9.9991E-05 0.163672 0.11112 0.461364 0.170271
0.124922 0.135776 9.9991E-05 0.22861 0.430492 0.0800995
0.26773 0.0368933 0.376785 0.037093 0.177242 0.104257
9.9982E-05 0.129104 0.605466 9.9982E-05 0.168405 0.0968244
0.0488066 9.9991E-05 0.607361 0.214125 0.0749859 0.0546217
0.203724 0.360547 0.0258759 0.337632 0.0376687 0.0345525
9.9991E-05 0.156891 0.285869 0.294004 0.106816 0.156319
0.106525 0.455679 9.9991E-05 0.015966 0.333836 0.087894
0.12887 0.0871856 0.192801 0.265093 0.21554 0.11051
0.0627356 9.9991E-05 0.116497 0.741136 0.0415364 0.0379942
0.34582 0.237286 0.223357 0.0607864 0.0324107 0.100341
0.0674592 9.9991E-05 0.00680624 0.572262 0.149851 0.203522
0.183629 0.145784 0.504699 0.0521717 0.113617 9.9991E-05
0.195381 9.9991E-05 0.154483 0.502381 0.0724907 0.0751637
0.0239953 0.0652031 0.419872 0.172103 0.163844 0.154984
0.13453 0.206704 0.138127 0.452837 0.0677027 9.9991E-05
0.379548 0.137858 0.13878 0.119405 0.176003 0.0484064
9.9973E-05 0.0713999 0.890671 9.9973E-05 9.9973E-05 0.0376287
0.190009 0.35469 0.195311 0.087573 0.141465 0.0309516
9.9982E-05 0.290146 0.493841 0.175565 0.0402475 9.9982E-05
9.9973E-05 0.0179137 9.9973E-05 9.9973E-05 0.0505279 0.931259
0.253458 9.9982E-05 0.311268 0.159385 0.275689 9.9982E-05
9.9964E-05 9.9964E-05 0.102099 9.9964E-05 0.897501 9.9964E-05
0.212635 0.0558704 0.196868 0.108876 0.362951 0.0627985
9.9982E-05 0.516063 0.438792 0.0427926 9.9982E-05 0.0021528
9.9982E-05 0.238213 0.349498 9.9982E-05 0.338497 0.0735922
0.162568 0.203376 0.244508 0.206212 0.0517297 0.131606
0.601557 9.9982E-05 0.122078 0.127997 9.9982E-05 0.148168
0.0725557 0.388426 0.0694752 0.200884 0.263443 0.00521629
0.0246661 0.3227 0.30434 0.0704723 0.102264 0.175557
0.123699 0.22542 0.11067 0.418839 9.9991E-05 0.121272
0.248173 0.181073 0.120598 0.0943834 0.17147 0.184302
0.242083 9.9982E-05 0.0275696 0.684173 9.9982E-05 0.0459738
0.192741 0.116991 0.689968 9.9973E-05 9.9973E-05 9.9973E-05
0.0354628 0.10057 0.79035 0.047967 9.9991E-05 0.025551
0.114032 9.9964E-05 0.885568 9.9964E-05 9.9964E-05 9.9964E-05
0.0555131 0.16228 0.623459 9.9982E-05 9.9982E-05 0.158549
0.0717992 0.258782 0.190518 0.15284 0.220331 0.105731
0.135517 0.282554 0.528875 9.9982E-05 0.0528543 9.9982E-05
0.181165 0.0782049 0.139245 0.197975 0.142399 0.26101
0.0573656 0.219264 0.238321 0.48485 9.9982E-05 9.9982E-05
0.0559506 0.154891 0.52888 9.9991E-05 0.205182 0.0549958
0.165043 0.0242648 0.157591 0.219592 0.433409 9.9991E-05
9.9982E-05 0.0726788 0.233953 9.9982E-05 0.691328 0.00184062
0.354107 0.228301 0.379763 9.9982E-05 0.0376294 9.9982E-05
0.0980066 0.397724 0.00825552 0.0920765 0.245261 0.158676
0.0391454 0.13402 0.21312 0.139133 0.474482 9.9991E-05
0.0190805 9.9964E-05 9.9964E-05 9.9964E-05 9.9964E-05 0.98052
0.219305 0.430425 0.0598317 0.0661283 0.224211 9.9991E-05
9.9991E-05 0.348199 0.517673 0.0308408 0.0722152 0.0309715
9.9991E-05 0.265868 0.13788 0.339053 0.159661 0.0974382
0.0669376 0.14488 0.634128 9.9982E-05 0.153854 9.9982E-05
0.0619466 0.0715261 0.623014 9.9991E-05 0.159427 0.0839863
0.231051 9.9982E-05 0.0389493 0.207874 0.521926 9.9982E-05
0.328334 0.0940519 0.577314 9.99731E-05 9.99731E-05 9.99731E-05
0.0415857 0.350136 0.127024 9.9991E-05 0.0858897 0.395265
9.9991E-05 0.190549 0.271821 0.119614 0.0943217 0.323594
0.0872812 0.277893 0.271609 0.0571372 0.221335 0.0847437
9.996E-05 9.996E-05 9.996E-05 9.996E-05 9.996E-05 0.9995
0.181473 0.245131 0.297266 0.177608 9.9991E-05 0.0984214
0.98525 9.99639E-05 9.99639E-05 9.99639E-05 0.0143498 9.99639E-05
0.0838634 0.0528055 9.9991E-05 0.430226 0.399054 0.0339513
9.9982E-05 9.9982E-05 0.285774 0.461212 0.181837 0.070977
0.0797606 0.174805 0.318671 0.168321 0.243471 0.0149715
0.0739651 0.11796 0.349227 9.9991E-05 0.295942 0.162806
0.150256 0.2425 0.117172 0.328721 9.9991E-05 0.161251
0.0199417 0.352113 0.0233051 0.247682 0.241382 0.115576
0.0720396 0.184752 0.617233 0.0884106 9.9991E-05 0.037465
0.158489 0.311091 0.209982 0.0885829 9.9991E-05 0.231755
0.0257399 0.10182 0.316633 0.489405 9.9991E-05 0.0663021
0.0672916 0.27474 0.242724 0.0383488 9.9991E-05 0.376796
0.20163 9.9991E-05 0.350871 0.0153812 0.338705 0.0933128
9.996E-05 9.996E-05 9.996E-05 9.996E-05 9.996E-05 0.9995
0.285814 0.16401 0.238299 0.14181 0.169966 9.9991E-05
0.10461 0.085939 0.0684014 0.0173227 0.719518 0.00420886
0.0827542 0.00339942 0.700622 0.124232 9.9991E-05 0.0888926
0.0787891 0.338556 9.9991E-05 0.0827443 0.425931 0.0738797
0.223129 0.270447 0.405627 9.9991E-05 0.0431288 0.0575689
9.9982E-05 0.572322 0.105981 9.9982E-05 0.0134731 0.308024
0.296853 0.0577039 0.429182 9.9982E-05 9.9982E-05 0.216061
0.086532 0.133125 0.337365 0.442778 9.9982E-05 9.9982E-05
0.191978 0.278541 0.11107 0.159588 0.133593 0.12523
0.0212301 0.182951 0.562773 0.21922 9.9991E-05 0.0137271
0.110041 0.519568 9.9991E-05 0.287801 0.0822749 0.000214716
0.118776 0.229836 0.405821 0.127979 0.00297243 0.114616
0.103764 9.9982E-05 0.419708 0.257835 0.218493 9.9982E-05
0.0578269 0.155843 9.9991E-05 0.118162 0.510962 0.157107
9.9973E-05 0.118955 0.271111 9.9973E-05 0.609634 9.9973E-05
0.0109248 0.189521 0.727413 9.9982E-05 9.9982E-05 0.0719404
0.0779606 0.169951 0.283875 9.9991E-05 0.101481 0.366632
9.9982E-05 0.419103 0.0484733 0.338756 9.9982E-05 0.193467
0.129126 0.0313588 0.573118 0.0186522 0.170777 0.0769681
0.2206 0.430145 0.139119 0.087719 0.122317 9.9991E-05
9.996E-05 9.996E-05 9.996E-05 0.9995 9.996E-05 9.996E-05
9.996E-05 9.996E-05 9.996E-05 0.9995 9.996E-05 9.996E-05
0.193241 9.9991E-05 0.263801 0.0400813 0.447511 0.0552656
0.140447 0.126277 0.619228 9.9991E-05 0.0729686 0.0409794
0.333296 0.0567598 0.37779 0.013955 0.127498 0.0907007
0.114 0.524159 0.0820015 0.278621 9.9991E-05 0.00111841
0.135538 0.0494543 0.409002 0.0472111 0.0926261 0.266169
0.167086 0.223767 0.00994741 9.9991E-05 0.497739 0.101361
0.120735 0.138415 0.674402 0.0231446 9.9991E-05 0.0432029
9.9982E-05 0.438213 0.0646274 9.9982E-05 0.186956 0.310003
0.185454 0.241531 0.245921 0.0963199 0.226205 0.00456843
9.996E-05 0.9995 9.996E-05 9.996E-05 9.996E-05 9.996E-05
0.117304 0.133198 0.242211 9.9982E-05 0.507087 9.9982E-05
0.167566 9.9982E-05 0.378774 0.265044 0.188416 9.9982E-05
0.132571 0.106647 0.135428 0.21139 0.241047 0.172917
0.332319 0.142212 0.288217 0.0429121 0.19424 9.9991E-05
0.211049 0.193628 0.102246 0.196843 0.197225 0.0990097
0.185963 0.240789 0.313143 0.0838551 0.108466 0.0677843
0.0308801 0.0429023 0.419398 0.0995467 0.191318 0.215956
0.0141012 0.270589 0.235515 0.182128 0.122902 0.174765
0.0575771 0.137412 0.47654 0.0545895 0.268492 0.00538899
0.0475936 0.147555 0.321439 0.226709 0.140252 0.116451
9.9982E-05 9.9982E-05 0.118664 0.0243317 0.764623 0.0921816
0.169626 0.247117 0.153393 0.022626 0.244281 0.162957
0.0113585 0.471913 0.313914 9.9991E-05 0.192831 0.00988343
9.996E-05 0.9995 9.996E-05 9.996E-05 9.996E-05 9.996E-05
0.0456563 0.596119 0.101056 0.116566 0.140503 9.9991E-05
0.079785 9.9982E-05 0.52562 0.333125 0.0612695 9.9982E-05
0.124601 0.116141 0.136277 0.291536 0.258647 0.0727974
9.9973E-05 9.9973E-05 0.135379 9.9973E-05 0.809046 0.0552745
9.9982E-05 0.199057 0.506319 0.172087 0.122337 9.9982E-05
0.36654 0.156503 0.165695 0.171337 0.120827 0.0190985
9.996E-05 9.996E-05 9.996E-05 0.9995 9.996E-05 9.996E-05
9.9991E-05 0.37502 0.212504 0.0288439 0.371953 0.0115784
0.0481199 0.118264 0.195189 0.458484 0.0257131 0.15423
0.222499 0.0621497 0.330102 0.318986 9.9991E-05 0.0661634
0.0149524 0.236082 0.4031 0.048562 0.162157 0.135147
0.355794 9.9973E-05 9.9973E-05 0.540349 0.103558 9.9973E-05
9.9982E-05 0.147716 0.523383 0.138617 0.190083 9.9982E-05
0.385439 9.9991E-05 0.350159 0.141694 0.0731592 0.0494476
0.0737673 0.38192 0.361413 0.110179 0.0726206 9.9991E-05
0.233388 9.9991E-05 0.0324231 0.542153 0.146033 0.0459028
0.9995 9.996E-05 9.996E-05 9.996E-05 9.996E-05 9.996E-05
0.279267 9.9991E-05 0.257613 0.0727756 0.194577 0.195667
0.00750053 0.746368 9.9982E-05 0.123406 9.9982E-05 0.122526
0.0531422 0.484088 0.0170193 0.110046 0.281752 0.0539529
0.0676101 0.211662 9.9991E-05 0.294694 0.42447 0.00146399
9.9973E-05 9.9973E-05 0.58524 9.9973E-05 0.311346 0.103114
0.0234886 0.209059 0.190937 0.366653 0.205166 0.00469587
0.9995 9.996E-05 9.996E-05 9.996E-05 9.996E-05 9.996E-05
0.0752734 0.112066 0.578704 9.9991E-05 0.134509 0.0993476
0.299518 0.228998 9.9991E-05 0.0865592 0.283451 0.101373
9.9973E-05 0.0856896 0.627387 9.9973E-05 0.286623 9.9973E-05
0.055645 0.0479729 0.0413289 0.359394 0.337613 0.158047
