0.676916 0.29203 0.0308538 9.9982E-05 9.9982E-05
9.999E-05 0.326022 0.162991 0.238507 0.27238
0.0905405 0.670371 0.0828897 0.0647617 0.0914367
0.105971 0.589452 0.187295 0.117183 9.9991E-05
0.128219 0.488192 0.143522 0.0917863 0.148281
9.9982E-05 0.800811 0.189262 9.9982E-05 0.00972744
0.32992 0.497673 0.04585 0.126457 9.9991E-05
0.185399 0.175135 0.0802511 0.0853878 0.473827
0.285161 0.155299 0.126146 0.0794729 0.35392
0.395827 0.0767961 0.267743 0.219923 0.0397098
0.231052 0.0859975 0.306432 0.0531718 0.323347
0.474668 0.116469 9.9991E-05 0.0725916 0.336171
0.168466 0.522467 0.129478 0.057143 0.122446
0.414062 0.0193824 0.112172 0.106282 0.348101
0.178371 9.9982E-05 0.0584021 9.9982E-05 0.763027
0.283644 0.15834 0.0233202 0.145652 0.389045
0.151367 9.9991E-05 0.139686 0.121553 0.587295
0.268211 0.380845 0.119108 0.150611 0.0812243
0.180345 0.557949 0.00174925 0.0136908 0.246266
0.230371 0.440881 0.20138 0.117894 0.00947264
0.314257 0.321447 0.187001 9.9991E-05 0.177195
0.307932 0.0953574 0.0905227 9.9991E-05 0.506088
0.203905 0.507311 0.165295 0.016422 0.107067
0.0619236 0.60891 9.9991E-05 0.112154 0.216912
0.311677 0.0594396 0.46762 9.9991E-05 0.161163
0.253586 0.207379 0.0839256 0.0852449 0.369864
0.342734 0.00544585 0.155044 0.152157 0.344619
0.106891 0.330623 0.180738 0.2872 0.0945485
0.00609757 0.509281 0.141526 0.144525 0.198571
0.0470439 0.113994 0.0267362 0.598807 0.213418
0.0411167 0.235231 0.182902 0.0996428 0.441108
0.351999 9.9991E-05 0.160201 0.136461 0.351239
0.0672408 0.835449 9.9982E-05 0.0971104 9.9982E-05
0.147476 0.502004 0.122276 0.0489351 0.179308
0.412772 0.130691 0.112228 0.109336 0.234973
0.9996 9.997E-05 9.997E-05 9.997E-05 9.997E-05
0.0285071 0.6946 0.273364 0.00342862 9.9991E-05
0.612006 9.9991E-05 0.175065 0.0759523 0.136877
9.9991E-05 0.439339 0.245734 0.12582 0.189007
0.237154 0.495458 0.109211 9.9991E-05 0.158077
0.144519 0.194508 0.131973 0.0883241 0.440676
0.203327 0.544624 0.132873 0.0533537 0.065823
0.128901 0.428236 0.21976 0.0321604 0.190942
0.359895 0.3587 0.0790065 0.151835 0.0505638
0.526438 9.9991E-05 0.105918 0.143374 0.224171
0.242743 0.362508 0.243019 0.0365094 0.11522
0.200973 0.67665 9.9991E-05 0.0959448 0.026333
9.9991E-05 0.664111 0.0279469 0.0488702 0.258972
0.192719 0.208935 0.0402747 0.171602 0.386469
0.0748377 0.393784 0.0253166 0.141161 0.364901
0.550153 9.9991E-05 0.119023 0.141692 0.189032
0.132466 0.55404 0.0597619 0.0879465 0.165786
9.9982E-05 0.264901 9.9982E-05 0.0445237 0.690375
0.146881 0.15126 0.224778 0.207773 0.269309
0.0261112 0.209493 0.0286998 0.213874 0.521822
0.185223 0.593517 0.12508 0.054159 0.0420202
0.0681978 9.9991E-05 0.352227 0.0222375 0.557238
0.0483456 0.490003 0.218837 0.210104 0.0327105
9.9982E-05 0.354188 0.10013 9.9982E-05 0.545482
0.345646 0.0730813 0.221834 0.0398562 0.319582
0.00178737 0.908656 0.00826012 0.0811964 9.9991E-05
0.31398 0.366147 0.121035 0.0470539 0.151784
0.086263 0.913437 9.9973E-05 9.9973E-05 9.9973E-05
0.090913 0.0468838 9.9982E-05 0.862003 9.9982E-05
0.192789 0.353734 0.316923 0.00955012 0.127004
0.786599 0.159862 0.0455577 9.9991E-05 0.00788078
0.357121 0.526161 0.116518 9.9982E-05 9.9982E-05
0.0186986 0.661097 0.00646976 0.142226 0.171509
0.268353 0.592511 9.9982E-05 0.138936 9.9982E-05
0.171453 0.245954 0.180251 0.151998 0.250345
9.9991E-05 0.218783 0.337908 0.234534 0.208675
0.556522 9.9982E-05 0.0131297 9.9982E-05 0.430148
0.273467 0.402767 0.0375881 0.0730196 0.213159
9.9991E-05 0.292858 0.146412 0.103527 0.457103
0.175059 9.9991E-05 0.293857 0.189668 0.341317
9.9982E-05 9.9982E-05 0.144762 0.0579628 0.797075
0.218829 0.544884 0.16673 0.069457 9.9991E-05
9.9991E-05 0.734416 0.112246 0.100283 0.0529547
9.9982E-05 0.866438 0.0807842 9.9982E-05 0.0525783
0.0512047 0.620164 0.0266157 0.198004 0.104012
0.284074 0.305621 0.0768823 0.123849 0.209574
0.390498 0.33403 0.106056 0.0398687 0.129548
0.0657724 0.402095 0.160583 0.241621 0.129928
9.9991E-05 0.407967 0.155269 0.069222 0.367442
0.172837 0.552145 9.9991E-05 0.0882528 0.186665
0.352711 0.178709 0.103054 9.9991E-05 0.365426
0.618043 0.267904 9.9982E-05 9.9982E-05 0.113853
0.258637 0.19302 0.190141 9.9991E-05 0.358102
0.350043 0.0967176 0.0839784 0.212225 0.257036
0.347597 0.158509 0.0492061 0.0304099 0.414279
9.9973E-05 9.9973E-05 0.0106588 0.989041 9.9973E-05
0.399985 9.9991E-05 0.154529 0.0366501 0.408736
0.20895 0.642867 0.147983 9.9982E-05 9.9982E-05
0.230854 0.1755 9.9991E-05 0.0936106 0.499936
0.0717314 0.782756 0.145313 9.9982E-05 9.9982E-05
9.9982E-05 0.805119 0.148111 0.0465699 9.9982E-05
0.318016 0.139021 0.152891 0.0698907 0.320182
9.99731E-05 0.802737 0.196963 9.99731E-05 9.99731E-05
0.42496 0.0974035 9.9982E-05 0.477436 9.9982E-05
0.0777126 0.421562 9.9991E-05 0.290968 0.209658
0.2461 0.42056 0.129552 0.0810547 0.122734
9.997E-05 9.997E-05 9.997E-05 0.9996 9.997E-05
0.0415448 0.274113 0.247541 0.0615559 0.375245
9.997E-05 9.997E-05 0.9996 9.997E-05 9.997E-05
0.409604 9.9991E-05 0.13555 0.12467 0.330076
9.9982E-05 0.483001 0.0264625 9.9982E-05 0.490336
0.138307 0.282302 0.0962929 0.0108551 0.472242
0.352446 0.239239 9.9991E-05 0.160092 0.248123
9.9991E-05 0.261378 0.126942 0.160209 0.451372
0.38052 0.274796 0.0484001 0.0357219 0.260561
9.9982E-05 0.604761 0.205596 9.9982E-05 0.189443
0.305092 0.302736 0.235943 0.060408 0.0958218
0.00788694 0.5536 0.117585 0.0424729 0.278455
0.260108 0.126137 0.00896457 0.526657 0.0781341
0.160855 0.566582 0.113154 0.139955 0.0194547
9.997E-05 9.997E-05 9.997E-05 0.9996 9.997E-05
0.175592 0.0671816 0.324487 0.019322 0.413417
0.557061 0.259814 0.0715313 9.9991E-05 0.111493
9.9991E-05 0.73956 0.12068 0.0983698 0.0412898
0.507081 9.9982E-05 0.259846 9.9982E-05 0.232873
0.240274 0.454658 0.103305 0.128815 0.0729479
0.38501 0.153309 0.0367285 0.424853 9.9991E-05
0.213789 0.314072 0.187803 0.206073 0.0782634
9.9982E-05 0.52999 0.0901303 9.9982E-05 0.379679
0.31973 0.0980489 0.0872559 0.21671 0.278255
0.0532776 0.498595 9.9991E-05 0.0917447 0.356283
0.233364 0.343087 0.171007 9.9991E-05 0.252442
0.0988154 0.564206 0.0936981 0.143681 0.0996
0.153217 0.254305 0.0758803 0.00187272 0.514725
0.323776 0.0823982 0.0936644 0.243051 0.257111
0.649721 0.349979 9.9973E-05 9.9973E-05 9.9973E-05
0.191352 0.63423 0.0840795 0.00862272 0.081716
0.0671268 0.446434 0.108121 0.378218 9.9991E-05
9.9991E-05 0.421088 0.0775558 0.135188 0.366068
0.174712 0.588553 0.19905 0.0090926 0.0285924
0.36008 0.36574 0.15496 0.11912 9.9991E-05
9.9973E-05 0.0666434 9.9973E-05 9.9973E-05 0.933057
9.997E-05 9.997E-05 9.997E-05 9.997E-05 0.9996
0.311613 0.143284 0.0915366 0.120208 0.333358
0.130712 0.516294 0.199591 0.13399 0.0194127
0.253652 0.372275 0.220451 0.139099 0.0145231
0.0212447 0.147879 0.287449 9.9991E-05 0.543328
0.0616097 0.571257 0.166386 0.200648 9.9991E-05
0.410573 0.261179 0.143199 0.0740448 0.111004
0.103582 0.457232 0.109583 0.0947446 0.234859
0.407609 0.126997 0.0414971 0.423797 9.9991E-05
0.208243 0.394381 0.100185 0.035027 0.262163
0.9996 9.997E-05 9.997E-05 9.997E-05 9.997E-05
0.567855 0.22433 0.207615 9.9982E-05 9.9982E-05
0.0413238 0.561644 0.362599 9.9991E-05 0.0343325
0.416269 0.0603664 0.0562906 0.0400925 0.426981
0.29512 0.320907 0.197454 9.9991E-05 0.186419
0.450893 0.126198 0.0955241 0.149509 0.177876
0.269521 0.158465 0.00369448 0.0628089 0.505511
0.378272 0.195761 0.00818591 0.0394715 0.37831
0.270579 0.223428 0.095605 0.169276 0.241112
0.273087 0.593794 0.100142 0.0195924 0.0133837
0.271495 0.417224 0.144038 0.0518211 0.115421
0.393233 0.424627 9.9991E-05 0.143605 0.0384347
0.20261 0.368189 0.11944 0.207103 0.102659
0.404093 0.457593 0.138114 9.9982E-05 9.9982E-05
0.9996 9.997E-05 9.997E-05 9.997E-05 9.997E-05
0.658919 9.9973E-05 9.9973E-05 9.9973E-05 0.340781
9.9991E-05 0.403828 0.158087 0.0283438 0.409641
0.157472 0.360745 0.139986 0.0426217 0.299174
0.897937 0.040614 0.0517972 0.00955219 9.9991E-05
0.145206 0.502657 0.0912002 9.9991E-05 0.260837
0.0544289 0.370306 0.199107 0.0115193 0.364639
9.997E-05 9.997E-05 9.997E-05 9.997E-05 0.9996
0.473679 0.164139 9.9991E-05 0.0586758 0.303406
0.0323316 0.366548 0.0614959 0.166292 0.373332
0.0566276 0.218844 0.162867 0.202567 0.359094
0.248246 0.488282 0.0769845 0.186387 9.9991E-05
0.0607153 9.9982E-05 0.185084 9.9982E-05 0.754001
0.281823 0.532094 0.0385347 9.9991E-05 0.147449
9.9991E-05 0.459385 0.235859 0.0914736 0.213182
0.215171 0.40112 0.108612 0.0105454 0.264552
9.9991E-05 0.238857 0.263711 0.086125 0.411207
9.997E-05 9.997E-05 0.9996 9.997E-05 9.997E-05
0.14938 0.30065 0.136751 0.164305 0.248915
0.188379 9.9991E-05 0.0591984 0.139705 0.612618
0.518557 0.115652 0.0678391 0.147197 0.150755
0.48763 9.9982E-05 0.100528 9.9982E-05 0.411642
0.143732 0.507562 0.0230069 0.160387 0.165312
0.300543 0.356113 0.139847 0.0256459 0.177851
9.997E-05 9.997E-05 0.9996 9.997E-05 9.997E-05
0.229323 0.590924 9.9982E-05 0.179553 9.9982E-05
0.367913 0.066765 0.187672 0.0344775 0.343173
0.20284 0.652212 0.0672638 9.9991E-05 0.0775843
0.250957 9.9982E-05 9.9982E-05 0.143078 0.605765
