0.117741 9.99549E-05 0.609103 9.99549E-05 9.99549E-05 0.0800096 9.99549E-05 9.99549E-05 0.192647
9.9982E-05 0.106635 0.143221 0.122868 9.9982E-05 0.187579 0.0452225 0.245609 0.148664
0.103758 9.9973E-05 0.0411878 9.9973E-05 0.0305738 0.480811 9.9973E-05 0.151087 0.192284
0.076623 0.16599 0.119826 9.9982E-05 0.0918479 0.199886 0.0848611 9.9982E-05 0.260765
9.9973E-05 0.0729186 9.9973E-05 9.9973E-05 0.0809886 0.402773 0.0848232 0.00765902 0.350538
0.0628231 0.276291 0.0103213 0.017746 0.0414234 0.497159 0.0940359 9.9982E-05 9.9982E-05
9.99729E-05 0.065766 0.372881 9.99729E-05 0.181233 9.99729E-05 0.0643687 0.0215625 0.293889
0.0437685 0.124399 0.243344 0.0219238 0.017203 0.136623 9.9982E-05 0.412538 9.9982E-05
0.179517 0.594291 0.0035152 0.0101696 0.000206406 0.144075 9.9982E-05 9.9982E-05 0.0680255
0.187745 0.0844733 0.176094 0.0894799 0.0711779 9.9982E-05 0.248705 9.9982E-05 0.142125
0.856479 9.9964E-05 0.0265884 0.0142335 0.0156166 9.9964E-05 0.0866827 9.9964E-05 9.9964E-05
0.0583493 0.728303 0.054117 0.107663 0.0511684 9.9964E-05 9.9964E-05 9.9964E-05 9.9964E-05
0.032053 9.9973E-05 9.9973E-05 0.0349225 0.149186 0.503633 0.0780324 9.9973E-05 0.201873
9.999E-05 0.202002 0.126869 0.0867052 0.0417429 0.218346 0.117777 0.130548 0.0759096
0.027406 0.133365 0.0359437 9.9982E-05 0.0812491 0.136892 0.115988 0.468956 9.9982E-05
9.999E-05 0.16148 0.137598 0.0542947 0.0908806 0.131473 0.0548902 0.312137 0.0571474
9.9973E-05 0.185131 9.9973E-05 0.107402 0.0251925 0.0319918 0.288022 0.361961 9.9973E-05
9.9982E-05 9.9982E-05 0.383676 0.130126 0.136701 0.0902534 0.0770603 0.108137 0.0738459
0.36949 0.0893562 0.0930328 0.0107337 0.0670821 0.370005 9.9973E-05 9.9973E-05 9.9973E-05
0.251023 9.9991E-05 0.0296466 0.13064 0.0650223 0.385974 0.0439169 0.0874634 0.00621381
0.156032 0.194077 0.221905 9.9982E-05 0.0967285 0.216218 0.0547678 0.0600718 9.9982E-05
0.0403838 9.9964E-05 9.9964E-05 9.9964E-05 0.0459052 0.507879 9.9964E-05 0.244742 0.160691
0.22516 9.9973E-05 9.9973E-05 0.000140806 0.0871742 0.311149 9.9973E-05 0.0617545 0.314322
9.9973E-05 9.9973E-05 0.0505721 0.150924 0.00592867 0.678139 0.0301932 0.0839433 9.9973E-05
0.908912 9.9946E-05 9.9946E-05 9.9946E-05 0.0176093 9.9946E-05 0.0728792 9.9946E-05 9.9946E-05
9.9964E-05 9.9964E-05 0.320729 0.0530294 9.9964E-05 0.475661 0.0638829 0.0862979 9.9964E-05
0.359552 9.9991E-05 0.11122 0.0591963 0.110637 0.0313767 0.0273118 0.157651 0.142955
0.0631527 0.00614518 0.345945 0.135711 9.9991E-05 0.0319539 0.0587895 0.217059 0.141144
0.145237 0.0454964 0.101938 0.131923 9.9991E-05 0.336072 0.0802206 0.123686 0.0353275
9.99639E-05 0.0675615 9.99639E-05 0.5202 9.99639E-05 0.221405 0.00700045 0.183434 9.99639E-05
0.476298 9.9973E-05 9.9973E-05 0.123632 0.0110246 0.214918 0.00534276 0.168485 9.9973E-05
0.627262 0.193383 0.1286 0.0502564 9.9955E-05 9.9955E-05 9.9955E-05 9.9955E-05 9.9955E-05
9.9964E-05 0.265022 9.9964E-05 0.0582206 0.0433256 0.554378 9.9964E-05 9.9964E-05 0.0786543
0.0150283 0.0740447 9.9973E-05 9.9973E-05 0.0664157 0.543767 0.118753 0.181692 9.9973E-05
0.0304316 0.186365 0.219876 9.9982E-05 0.0798692 0.365399 0.117613 9.9982E-05 0.000246672
9.993E-05 9.993E-05 0.999201 9.993E-05 9.993E-05 9.993E-05 9.993E-05 9.993E-05 9.993E-05
0.0115607 0.206581 0.115836 0.0213355 0.0191863 0.411142 0.214158 9.9982E-05 9.9982E-05
0.629056 9.9964E-05 0.255421 0.0445164 9.9964E-05 9.9964E-05 0.0352069 0.0354001 9.9964E-05
9.9964E-05 0.533843 9.9964E-05 0.065288 9.9964E-05 0.208593 0.131075 0.0608012 9.9964E-05
0.386482 0.0273101 0.0284107 9.9982E-05 0.0839696 0.11719 9.9982E-05 0.270924 0.0855139
0.0452148 9.9973E-05 9.9973E-05 9.9973E-05 0.00394785 0.580567 0.016157 0.186212 0.167601
9.999E-05 0.0458654 0.230714 0.0296738 0.0809933 0.150252 0.140727 0.175103 0.146572
9.9982E-05 0.249442 0.172923 9.9982E-05 0.0991882 0.084153 0.0503715 0.0749987 0.268724
0.268876 0.197241 0.339557 0.139871 9.9973E-05 0.00837306 9.9973E-05 9.9973E-05 0.0457812
0.27228 0.296285 0.204672 0.0150757 0.0500806 9.9973E-05 9.9973E-05 9.9973E-05 0.161307
0.450835 9.9973E-05 0.133207 9.9973E-05 0.00861091 0.223376 0.145174 0.0384972 9.9973E-05
0.069817 0.223214 0.0934724 0.0356756 0.0655489 0.313934 9.9991E-05 0.0752852 0.122954
9.9955E-05 0.538753 9.9955E-05 0.0045128 9.9955E-05 0.392736 9.9955E-05 9.9955E-05 0.0634985
0.31962 9.9964E-05 9.9964E-05 9.9964E-05 0.0215086 0.364882 9.9964E-05 0.111297 0.182293
0.159459 0.261887 9.9982E-05 0.131583 0.0409911 0.0349144 9.9982E-05 0.241556 0.12941
0.168333 0.0118617 0.0806849 0.0834048 0.124438 9.9991E-05 0.0639145 0.099322 0.367941
0.2075 0.148483 9.9982E-05 0.0364577 0.0782349 0.179022 9.9982E-05 0.158329 0.191774
9.9964E-05 0.322608 9.9964E-05 0.0497473 9.9964E-05 0.193922 0.00739944 0.425924 9.9964E-05
0.0139881 0.151763 0.13123 0.141717 9.9982E-05 0.154471 0.189667 0.216965 9.9982E-05
9.9937E-05 9.9937E-05 9.9937E-05 9.9937E-05 9.9937E-05 9.9937E-05 9.9937E-05 0.0630731 0.936227
0.366447 0.314379 0.121635 0.00786773 0.103723 0.0767835 0.0030993 0.00596471 9.9991E-05
9.99371E-05 0.0551648 9.99371E-05 9.99371E-05 9.99371E-05 9.99371E-05 9.99371E-05 9.99371E-05 0.944136
0.0307378 9.9964E-05 9.9964E-05 0.053473 0.0824123 0.163116 9.9964E-05 9.9964E-05 0.669861
0.353704 0.00207654 9.9991E-05 0.0343594 0.0311554 0.106097 0.0365361 0.259001 0.176971
0.213523 0.242257 0.183194 9.9982E-05 0.0311182 9.9982E-05 0.119124 0.0170191 0.193565
0.00687956 9.9964E-05 9.9964E-05 0.024764 0.0232691 0.914106 9.9964E-05 9.9964E-05 0.0305814
0.28957 9.9964E-05 9.9964E-05 9.9964E-05 0.110125 0.417295 0.134629 0.0479816 9.9964E-05
0.200713 0.32822 9.9964E-05 0.0326329 0.0633465 0.374687 9.9964E-05 9.9964E-05 9.9964E-05
9.9946E-05 9.9946E-05 9.9946E-05 0.856571 0.129048 9.9946E-05 9.9946E-05 9.9946E-05 0.0137813
0.0345537 0.0227253 0.444827 0.00232917 9.9982E-05 0.155966 0.148352 0.191048 9.9982E-05
9.9955E-05 9.9955E-05 0.819993 9.9955E-05 0.0468347 0.0635498 9.9955E-05 0.0691223 9.9955E-05
9.9973E-05 9.9973E-05 0.0913476 0.0253744 0.0999278 0.354778 0.138328 9.9973E-05 0.289944
0.198803 0.293026 9.9964E-05 0.095313 9.9964E-05 0.299322 9.9964E-05 0.113136 9.9964E-05
0.198768 9.9955E-05 0.236897 0.0791525 9.9955E-05 0.484683 9.9955E-05 9.9955E-05 9.9955E-05
0.0676097 0.0490399 0.0788826 0.114914 0.0783506 0.162654 0.0822718 0.167525 0.198753
9.9955E-05 9.9955E-05 9.9955E-05 0.0407446 0.0116271 9.9955E-05 0.159604 9.9955E-05 0.787524
9.9982E-05 9.9982E-05 0.131578 0.0123207 0.0869793 0.448068 0.0345774 0.281191 0.00508533
0.255596 0.0829994 0.00852547 0.145645 0.120966 0.228601 0.0284827 0.0638984 0.0652865
0.252631 0.178425 9.9982E-05 0.0513859 9.9982E-05 0.020309 0.0845847 0.308611 0.103854
0.00702843 0.0145982 0.0798476 0.20121 0.0183546 0.256827 0.161218 0.244859 0.0160572
9.9964E-05 0.246294 9.9964E-05 9.9964E-05 0.00858481 9.9964E-05 0.0838898 0.455893 0.204938
9.9973E-05 0.236293 9.9973E-05 0.0377902 0.170706 0.394737 0.00202636 9.9973E-05 0.158148
0.122966 9.9973E-05 9.9973E-05 0.020165 0.0459167 0.6385 0.0153175 0.156835 9.9973E-05
0.101699 0.0761173 9.9955E-05 9.9955E-05 9.9955E-05 0.795824 9.9955E-05 0.0258607 9.9955E-05
9.9964E-05 9.9964E-05 9.9964E-05 0.163628 0.0488581 0.69907 0.0392008 0.048843 9.9964E-05
0.116907 9.9991E-05 0.115833 0.0834621 0.0448964 0.439368 0.0242556 0.0619163 0.113261
9.9973E-05 0.140096 0.170579 9.9973E-05 0.0278537 0.514332 0.0833603 9.9973E-05 0.0634785
0.448437 0.00579536 9.9973E-05 0.157679 9.9973E-05 0.256034 0.00322463 9.9973E-05 0.12853
0.117435 0.474079 9.9982E-05 0.0411644 0.0131861 0.0230672 0.118534 0.212335 9.9982E-05
0.0612065 0.0441902 9.9982E-05 0.110539 0.0527965 0.697379 0.0238935 9.9982E-05 0.00979559
0.213409 0.00902988 0.0835365 9.9991E-05 0.00449527 0.267358 0.0423677 0.0424071 0.337297
0.00228534 0.00260518 0.791582 9.9973E-05 0.0229494 0.132006 9.9973E-05 0.0482722 9.9973E-05
0.339689 0.547922 9.99551E-05 9.99551E-05 0.0734713 9.99551E-05 0.0384174 9.99551E-05 9.99551E-05
9.9982E-05 9.9982E-05 0.133418 0.139878 0.0372512 0.335115 0.115396 0.193216 0.0455262
0.320677 0.167191 0.135634 9.9973E-05 0.00697624 0.129142 9.9973E-05 9.9973E-05 0.24008
9.99369E-05 9.99369E-05 9.99369E-05 0.978127 9.99369E-05 9.99369E-05 0.0211735 9.99369E-05 9.99369E-05
0.286617 0.0400248 9.9982E-05 9.9982E-05 0.0308437 0.0473551 0.0977215 0.0411743 0.456063
0.321728 9.9973E-05 0.0438105 9.9973E-05 0.0710528 0.529969 0.00226385 0.0308764 9.9973E-05
0.109133 0.0953824 0.0299514 0.0540606 0.106834 0.104367 9.9982E-05 0.500072 9.9982E-05
0.140265 9.9973E-05 0.030673 9.9973E-05 0.00559227 0.753672 0.0476255 9.9973E-05 0.0218724
0.081167 0.189567 0.100714 0.162137 9.9982E-05 0.365447 0.0592126 0.041555 9.9982E-05
0.0279352 9.9973E-05 0.0905621 9.9973E-05 9.9973E-05 0.102588 0.0899635 0.0103114 0.67834
0.221214 0.0195519 9.99731E-05 9.99731E-05 9.99731E-05 0.473809 0.100724 0.00451702 0.179885
0.0594222 9.9964E-05 0.328406 0.533973 0.0604562 9.9964E-05 0.0173429 9.9964E-05 9.9964E-05
0.0282232 0.00101295 0.00919618 0.288973 9.9991E-05 0.330005 0.000905181 0.207585 0.134
0.236775 9.9964E-05 9.9964E-05 0.120608 0.0336827 0.585534 9.9964E-05 0.0230013 9.9964E-05
9.993E-05 9.993E-05 9.993E-05 0.999201 9.993E-05 9.993E-05 9.993E-05 9.993E-05 9.993E-05
0.215336 9.9982E-05 9.9982E-05 0.0682742 0.0302245 0.192397 0.142158 0.164439 0.186972
9.993E-05 9.993E-05 9.993E-05 9.993E-05 9.993E-05 9.993E-05 0.999201 9.993E-05 9.993E-05
0.0677961 0.364177 0.136284 0.0448537 0.0365597 9.9991E-05 0.152363 0.186637 0.0112293
0.279853 0.253015 0.0964016 9.99639E-05 9.99639E-05 9.99639E-05 9.99639E-05 0.316259 0.0540719
0.0318545 0.295664 0.10894 0.0430414 0.0211531 0.238692 0.0334536 0.225769 0.00143321
0.0436076 9.9982E-05 9.9982E-05 0.172672 0.0588851 0.522467 0.0152733 0.0366904 0.150205
0.304889 9.9973E-05 9.9973E-05 0.164273 0.00623739 0.253042 0.0229941 0.248265 9.9973E-05
0.152559 0.0150555 0.118038 9.9973E-05 0.0225955 0.469859 9.9973E-05 9.9973E-05 0.221593
9.9991E-05 0.205737 0.0490214 0.0181966 0.0477174 0.261584 0.195179 0.178177 0.044288
0.448642 0.137381 0.00835928 0.0974335 0.108932 0.0957048 0.0484924 9.9991E-05 0.0549555
0.128865 0.0550554 9.9991E-05 0.0527997 0.0420223 0.281663 0.0704167 0.119881 0.249196
0.0479071 9.99549E-05 9.99549E-05 0.55861 0.0311304 0.361853 9.99549E-05 9.99549E-05 9.99549E-05
9.9973E-05 0.19149 0.0743858 0.0741714 9.9973E-05 0.090823 0.0741563 9.9973E-05 0.494674
9.993E-05 9.993E-05 9.993E-05 0.999201 9.993E-05 9.993E-05 9.993E-05 9.993E-05 9.993E-05
0.263791 9.9964E-05 9.9964E-05 9.9964E-05 9.9964E-05 0.266262 0.172068 0.121695 0.175785
9.9973E-05 9.9973E-05 0.494867 9.9973E-05 0.0612658 0.221161 0.032085 0.00751114 0.18281
9.9955E-05 0.498127 9.9955E-05 9.9955E-05 0.0147968 0.187641 9.9955E-05 9.9955E-05 0.298935
0.277063 0.195003 0.334828 0.034617 0.0904202 9.9982E-05 0.0348737 0.0329949 9.9982E-05
9.9982E-05 0.368051 0.0317789 0.0112409 0.0962341 0.388034 0.0777186 0.0267418 9.9982E-05
0.0658431 9.9964E-05 0.0436833 0.347512 0.0564657 0.486096 9.9964E-05 9.9964E-05 9.9964E-05
9.9982E-05 0.22665 0.0863629 0.164891 0.0740915 0.257577 0.106809 9.9982E-05 0.083418
0.0241659 0.650281 9.9964E-05 9.9964E-05 9.9964E-05 0.141897 0.0546334 0.128622 9.9964E-05
0.232758 9.9973E-05 0.0740096 0.119631 0.111718 0.0854959 9.9973E-05 9.9973E-05 0.376088
0.0455801 0.495679 9.9973E-05 0.0636676 0.0126551 0.24266 9.9973E-05 0.139459 9.9973E-05
0.889175 9.9946E-05 9.9946E-05 9.9946E-05 0.0106212 9.9946E-05 9.9946E-05 0.0996043 9.9946E-05
0.289672 9.9973E-05 0.0437006 0.0940216 9.9973E-05 0.313217 0.0365103 9.9973E-05 0.222579
9.9946E-05 0.845596 9.9946E-05 9.9946E-05 0.0151477 0.138656 9.9946E-05 9.9946E-05 9.9946E-05
0.560586 9.9964E-05 0.256884 0.0882871 9.9964E-05 9.9964E-05 9.9964E-05 0.0108643 0.0829791
9.99549E-05 0.252088 0.508656 9.99549E-05 0.0471829 0.191573 9.99549E-05 9.99549E-05 9.99549E-05
9.9973E-05 0.202808 9.9973E-05 0.0320874 0.0771857 0.604424 0.0700482 0.013147 9.9973E-05
0.0707398 0.411308 0.0658981 0.323425 0.0471342 9.9982E-05 9.9982E-05 0.0464147 0.0348807
0.280118 0.0387383 9.9982E-05 0.0823187 0.112863 0.181644 0.0442064 0.259913 9.9982E-05
0.20376 0.361072 0.284569 0.0963646 9.9973E-05 0.0412358 0.0126989 9.9973E-05 9.9973E-05
0.48558 0.125092 0.103965 0.0647897 0.08135 0.0636677 0.0753552 9.9982E-05 9.9982E-05
9.99369E-05 0.264422 9.99369E-05 9.99369E-05 9.99369E-05 9.99369E-05 9.99369E-05 0.734878 9.99369E-05
9.993E-05 9.993E-05 9.993E-05 9.993E-05 9.993E-05 9.993E-05 9.993E-05 0.999201 9.993E-05
0.0544594 0.181075 0.0908752 9.9991E-05 0.0762421 0.039161 0.044716 0.0881536 0.425218
9.9982E-05 0.107169 0.0366049 0.11122 0.0343124 0.570348 0.139034 9.9982E-05 0.0011127
9.9982E-05 0.413306 0.030635 0.0622441 0.11069 0.19079 0.0952309 9.9982E-05 0.0969036
0.569648 0.00627289 9.9964E-05 9.9964E-05 0.0404673 9.9964E-05 0.0496218 0.33359 9.9964E-05
0.330842 0.118213 9.9973E-05 0.0533501 9.9973E-05 0.337868 0.0543368 9.9973E-05 0.105091
0.417555 9.9973E-05 0.0852213 0.0530854 0.0291289 0.096471 9.9973E-05 9.9973E-05 0.318238
9.9982E-05 9.9982E-05 0.0177484 0.0634437 0.0571054 0.656357 0.0774744 0.115243 0.0124283
9.9982E-05 0.0185978 0.0581464 0.357905 0.0846467 0.369668 0.0666476 0.0441886 9.9982E-05
0.0167141 0.102566 0.101271 0.0134184 0.029547 0.316279 0.110842 0.118259 0.191103
9.993E-05 9.993E-05 9.993E-05 9.993E-05 0.999201 9.993E-05 9.993E-05 9.993E-05 9.993E-05
9.9964E-05 0.116971 0.524887 9.9964E-05 0.0795783 0.192947 0.0852171 9.9964E-05 9.9964E-05
9.9982E-05 0.261261 0.10704 9.9982E-05 0.0130859 0.180636 0.25539 0.139348 0.0430388
9.9946E-05 0.955041 9.9946E-05 0.0148982 0.0294615 9.9946E-05 9.9946E-05 9.9946E-05 9.9946E-05
9.9964E-05 9.9964E-05 0.00073534 9.9964E-05 0.0638531 0.308446 0.187145 9.9964E-05 0.439421
0.0706237 0.237351 0.110109 0.122077 0.0856501 0.200564 0.0295517 0.143973 9.9991E-05
0.0624188 9.9982E-05 9.9982E-05 0.0236593 0.0765299 0.493518 0.00826436 0.121623 0.213786
9.99639E-05 0.784576 0.0352592 0.0443379 0.0775512 9.99639E-05 9.99639E-05 9.99639E-05 0.0578763
9.9982E-05 0.00144063 0.167618 0.205487 0.0655883 0.196947 0.0906084 0.272111 9.9982E-05
0.388302 9.99639E-05 0.0218431 9.99639E-05 0.0693951 0.315107 9.99639E-05 9.99639E-05 0.204953
0.129897 0.29061 0.129753 0.0497209 0.074458 0.150429 0.0239599 0.151071 9.9991E-05
9.9946E-05 9.9946E-05 0.751354 0.0560942 9.9946E-05 9.9946E-05 9.9946E-05 9.9946E-05 0.191952
0.238316 0.082918 0.00398554 0.15434 0.0553077 0.312837 0.0627551 0.0894397 9.9991E-05
0.398541 0.0336044 0.200594 0.0600654 0.0960044 0.191245 0.0197464 9.9982E-05 9.9982E-05
9.993E-05 9.993E-05 9.993E-05 9.993E-05 0.999201 9.993E-05 9.993E-05 9.993E-05 9.993E-05
9.9973E-05 0.193801 0.0944122 9.9973E-05 0.364188 0.232522 0.00290913 0.111867 9.9973E-05
9.9955E-05 9.9955E-05 9.9955E-05 9.9955E-05 0.00126442 9.9955E-05 0.0879998 0.274429 0.635807
0.168316 0.169733 9.9982E-05 9.9982E-05 0.0428665 0.181853 0.020256 0.109368 0.307407
9.9946E-05 9.9946E-05 0.94243 9.9946E-05 0.0525397 9.9946E-05 0.00443093 9.9946E-05 9.9946E-05
0.187037 0.349948 0.0897411 9.99729E-05 0.0462872 0.279249 9.99729E-05 0.0474385 9.99729E-05
0.122902 0.191775 0.0293656 9.99864E-05 9.99864E-05 0.232613 0.167645 0.125094 0.130406
9.993E-05 9.993E-05 9.993E-05 9.993E-05 9.993E-05 9.993E-05 9.993E-05 0.999201 9.993E-05
9.9982E-05 0.131283 0.243936 0.0974093 0.0952977 0.224101 9.9982E-05 0.104729 0.103044
0.401603 0.060798 9.9973E-05 0.0600148 9.9973E-05 0.156124 9.9973E-05 0.15699 0.16417
9.9973E-05 0.252923 9.9973E-05 0.108783 0.0399897 9.9973E-05 0.133441 0.18449 0.280074
0.363317 9.9982E-05 0.152958 0.0496894 0.0751821 0.349021 0.00634552 0.00328633 9.9982E-05
9.9955E-05 9.9955E-05 0.0869821 9.9955E-05 9.9955E-05 9.9955E-05 0.0551569 0.45363 0.403732
0.0213454 0.212406 0.146225 9.9982E-05 0.0960053 0.38174 0.00443008 0.137649 9.9982E-05
9.9955E-05 0.294655 9.9955E-05 9.9955E-05 9.9955E-05 0.432279 0.0709531 9.9955E-05 0.201613
0.0759754 0.405047 0.0552417 9.9991E-05 0.0754787 0.136793 0.0694762 0.0182663 0.163622
0.0461198 0.614583 0.029622 9.9973E-05 9.9973E-05 9.9973E-05 0.0772857 0.0340959 0.197993
9.993E-05 9.993E-05 9.993E-05 9.993E-05 9.993E-05 9.993E-05 0.999201 9.993E-05 9.993E-05
0.135515 0.0612931 0.0522246 0.0453332 0.0324246 0.037361 9.9991E-05 0.0635085 0.57224
9.9964E-05 9.9964E-05 9.9964E-05 0.208728 0.0286421 0.193394 0.202491 0.366345 9.9964E-05
0.238014 9.9973E-05 0.111664 0.0666258 0.0970728 0.433525 9.9973E-05 0.0527985 9.9973E-05
9.9973E-05 9.9973E-05 0.154948 9.9973E-05 0.0223927 0.324852 0.00266847 0.22771 0.267129
9.9964E-05 0.289535 0.23684 0.183941 0.0183052 9.9964E-05 9.9964E-05 9.9964E-05 0.270979
9.9955E-05 0.492688 0.371967 9.9955E-05 9.9955E-05 9.9955E-05 0.0577199 0.0771256 9.9955E-05
9.993E-05 9.993E-05 9.993E-05 9.993E-05 9.993E-05 9.993E-05 0.999201 9.993E-05 9.993E-05
9.9973E-05 0.207119 9.9973E-05 0.0166247 0.145223 0.316733 9.9973E-05 0.0354403 0.27856
0.00533053 9.9991E-05 0.192215 0.0520678 0.0183391 0.281613 0.257472 0.122628 0.0702347
9.9973E-05 0.118052 0.000830128 9.9973E-05 0.034477 0.666599 9.9973E-05 0.0241502 0.155591
9.9982E-05 0.0964438 0.226166 0.0447249 0.0115281 0.0222762 9.9982E-05 0.335927 0.262734
