0.632534 0.0799935 0.156905 0.0933166 0.0372509
0.285641 0.0716426 0.337931 0.0218576 0.282928
0.345014 0.105104 0.10637 0.202944 0.240568
0.603632 0.203358 0.0178954 0.175014 9.9991E-05
0.280229 0.209028 0.197231 0.127776 0.185737
0.286584 0.0426778 0.248782 0.226217 0.19574
0.585317 0.263075 0.0122716 0.138251 0.00108623
0.441028 0.107152 0.00806289 0.0390643 0.404694
0.202911 0.0995738 0.458499 0.168296 0.0707201
0.0992692 0.367313 0.22771 0.305608 9.9991E-05
0.119023 0.0549768 0.232372 0.420559 0.173069
9.999E-05 0.217337 0.700026 0.0175399 0.0649968
0.439741 0.136344 0.190033 0.126361 0.107522
0.195619 0.146835 0.134526 0.141484 0.381536
9.9982E-05 0.010876 9.9982E-05 0.0750093 0.913915
9.999E-05 0.214941 0.148657 0.0451323 0.59117
9.9973E-05 9.9973E-05 9.9973E-05 0.0665456 0.933155
0.241911 0.346284 9.9991E-05 0.153106 0.258599
0.491691 0.087683 0.330722 9.9991E-05 0.0898042
0.370509 0.0755431 0.496606 0.0572423 9.9991E-05
0.418421 0.0657407 0.100559 0.218629 0.19665
0.373214 0.0508132 0.233229 0.0442849 0.298459
0.280836 0.109799 0.336944 0.0926676 0.179753
0.288795 0.327913 0.127959 0.00387107 0.251462
9.9991E-05 0.101783 0.291302 0.437742 0.169072
0.434022 0.175644 9.9991E-05 0.138554 0.251681
0.284673 0.198502 0.106931 0.161003 0.24889
0.295074 0.141735 0.0935785 0.173536 0.296077
0.288507 0.208146 0.142202 0.174248 0.186897
0.0963377 0.830095 0.0599932 0.0134739 9.9991E-05
9.9991E-05 0.115164 0.354617 0.181798 0.348321
0.0170466 0.181182 0.536506 0.265165 9.9991E-05
0.418554 0.324405 0.0522067 0.0743143 0.13052
0.355914 0.0420692 9.9991E-05 0.258428 0.343489
0.178561 0.182157 0.232629 0.180781 0.225872
0.700748 0.108893 0.190159 9.9982E-05 9.9982E-05
0.787718 9.9982E-05 9.9982E-05 0.203481 0.00860099
0.0518018 0.162833 0.37141 0.27425 0.139705
0.230051 0.213126 9.9991E-05 0.203466 0.353257
0.244892 0.0356405 0.163201 0.0989218 0.457345
0.271772 0.027949 0.276882 0.131949 0.291447
0.42111 0.00927506 9.9991E-05 0.20712 0.362395
0.572671 0.0820969 0.0915276 0.19463 0.0590745
0.4495 0.0262696 0.445382 0.0787484 9.9991E-05
9.9982E-05 0.25925 0.560361 0.180189 9.9982E-05
0.208955 0.0192636 0.281801 0.364485 0.125495
0.150821 0.0208463 0.4737 9.9991E-05 0.354533
0.47563 0.0936367 0.327354 0.0336273 0.069752
0.0776451 0.145088 0.42451 0.0675177 0.285239
0.0576207 0.166244 0.364014 9.9991E-05 0.412021
0.131744 0.188011 0.285492 0.0670645 0.327689
0.211487 0.24761 0.300893 0.102589 0.137422
0.260644 0.0579821 0.00408328 0.0873156 0.589975
0.122815 0.251899 9.9991E-05 0.310643 0.314543
9.9973E-05 0.0723533 0.927347 9.9973E-05 9.9973E-05
0.468838 0.22576 9.9991E-05 0.198739 0.106563
9.997E-05 9.997E-05 0.9996 9.997E-05 9.997E-05
0.248981 0.124266 0.601967 0.024686 9.9991E-05
0.254725 0.0992716 0.461415 0.117196 0.0673918
0.0859026 0.0855296 0.531089 0.204653 0.0928258
0.662247 0.0777204 0.0769866 9.9991E-05 0.182946
0.144761 0.236663 0.0256056 0.245905 0.347065
0.339138 0.0133414 0.19437 0.016954 0.436196
9.9973E-05 0.925707 0.0739926 9.9973E-05 9.9973E-05
0.403909 9.9991E-05 0.0534416 0.168937 0.373612
0.862694 9.9982E-05 9.9982E-05 0.0191764 0.11793
0.622692 0.100633 0.0416205 0.202639 0.0324149
0.303848 0.172299 0.304469 0.0284044 0.19098
0.584389 0.166171 9.9991E-05 0.0363461 0.212994
0.278232 0.252219 0.082802 0.0760977 0.31065
9.9982E-05 0.132421 0.66482 0.202559 9.9982E-05
0.321756 0.167556 0.00591932 0.0798394 0.424929
0.369678 0.304616 0.0316513 0.0536413 0.240413
9.9982E-05 9.9982E-05 0.260079 0.15213 0.587591
9.9991E-05 0.202644 0.21465 0.234686 0.347921
9.9982E-05 9.9982E-05 0.615966 0.0664035 0.317431
0.395762 0.244374 0.207836 0.151928 9.9991E-05
0.450016 0.0873352 0.0410241 0.0905782 0.331047
0.567281 9.9982E-05 9.9982E-05 0.0704742 0.362044
0.378462 0.226454 9.9991E-05 0.018058 0.376926
0.479236 0.133625 0.186596 0.0755883 0.124955
0.346878 0.138078 0.164779 0.153098 0.197167
0.119955 0.271122 0.473244 0.135579 9.9991E-05
0.0281743 0.204586 0.101526 0.138455 0.527259
0.640571 0.166052 0.148517 9.9991E-05 0.0447602
0.362084 9.9982E-05 0.433424 0.204292 9.9982E-05
0.799216 0.132244 9.9982E-05 9.9982E-05 0.0683392
9.9982E-05 0.0345437 0.852225 0.113032 9.9982E-05
0.246626 0.350252 9.9991E-05 0.0934362 0.309586
0.276924 0.00809785 0.468963 0.245915 9.9991E-05
9.9973E-05 0.961083 9.9973E-05 0.0386175 9.9973E-05
9.9991E-05 0.0296723 0.499066 0.173656 0.297506
0.581935 0.0691644 0.18397 9.9991E-05 0.164831
0.144435 0.0642624 0.118239 9.9991E-05 0.672963
0.806719 0.0144245 9.9991E-05 0.0553321 0.123425
0.628452 0.189697 9.9991E-05 0.126086 0.0556651
0.204105 9.9991E-05 0.46906 0.147622 0.179114
0.34303 0.0456239 0.367617 0.243629 9.9991E-05
0.119713 0.765117 0.082646 0.032424 9.9991E-05
0.187649 0.305745 0.1863 0.0070577 0.313248
0.17935 0.357596 0.227374 0.101966 0.133714
9.997E-05 0.9996 9.997E-05 9.997E-05 9.997E-05
0.126479 0.228345 0.132327 0.156654 0.356195
9.997E-05 9.997E-05 9.997E-05 0.9996 9.997E-05
0.130949 0.052789 0.319356 0.191304 0.305603
0.224696 9.9991E-05 0.195051 0.0679316 0.512222
0.252403 9.9991E-05 0.296543 0.00478627 0.446168
0.535645 0.128406 0.231789 9.9991E-05 0.10406
9.9991E-05 0.182877 0.246367 0.111812 0.458844
0.45436 0.159717 0.276385 0.0528832 0.056655
0.633142 9.9982E-05 9.9982E-05 0.182194 0.184464
9.9991E-05 0.432 0.459522 0.102501 0.00587679
0.160057 9.9991E-05 0.413607 0.108807 0.317429
0.112882 0.544113 9.9991E-05 0.0903049 0.2526
0.507714 0.100674 0.0780415 0.126038 0.187533
9.9973E-05 0.944072 0.0556281 9.9973E-05 9.9973E-05
0.104427 0.0148285 0.126309 0.482224 0.272211
0.600999 0.0314037 0.169807 0.0511177 0.146673
0.455663 0.165079 0.219372 0.0905105 0.0693764
0.246427 0.412884 0.168063 0.172527 9.9991E-05
0.487484 0.193007 9.9991E-05 0.155618 0.163792
0.132751 0.677065 9.9991E-05 0.0156353 0.174449
0.158245 0.393361 0.0657269 0.221117 0.161551
0.155038 9.9991E-05 0.27524 0.106079 0.463543
0.0398803 0.281754 0.540114 0.05812 0.0801316
0.013243 0.0264375 0.281006 0.00617808 0.673135
0.225872 0.101412 0.299609 0.143966 0.229141
0.384364 0.218562 0.319894 0.0770806 9.9991E-05
0.106968 9.9982E-05 0.771145 9.9982E-05 0.121687
9.9991E-05 0.177868 0.361469 0.175397 0.285165
0.822001 0.100263 9.9991E-05 0.0292055 0.0484306
0.461416 0.147906 0.244415 0.0172308 0.129032
0.121569 0.273767 0.273534 0.0852514 0.245878
0.184846 0.177194 0.158928 0.0524961 0.426535
0.527155 0.147932 0.13518 0.189634 9.9991E-05
9.9991E-05 0.214936 0.514341 0.194063 0.076559
9.9973E-05 9.9973E-05 0.0630836 9.9973E-05 0.936617
9.9973E-05 0.00511553 9.9973E-05 9.9973E-05 0.994585
0.252402 0.12266 0.493792 0.0607048 0.0704413
0.590054 0.0263689 9.9991E-05 0.183105 0.200372
0.315271 0.173539 0.339102 0.171988 9.9991E-05
9.9991E-05 0.114264 0.156136 0.207886 0.521614
0.262412 0.170669 0.43045 0.0773127 0.0591561
0.20357 0.15794 0.51391 0.12448 9.9991E-05
0.595008 0.120047 9.9991E-05 0.094746 0.190099
0.431706 0.431206 0.0252314 0.0427455 0.0691103
0.409875 9.9991E-05 0.12971 0.128929 0.331385
9.997E-05 0.9996 9.997E-05 9.997E-05 9.997E-05
0.683122 0.0561026 0.0597621 0.187046 0.0139674
0.496363 0.000996273 9.9991E-05 0.422087 0.0804534
9.9991E-05 0.0709816 0.71967 0.108884 0.100364
0.261491 0.00322482 0.216744 0.242485 0.276055
0.193191 0.279249 0.424547 0.0972302 0.00578312
0.289241 0.156458 0.203231 0.0555542 0.295516
0.0999005 0.133992 0.657147 9.9991E-05 0.108861
0.206629 0.394683 9.9991E-05 0.0278356 0.370752
0.457266 0.00792469 0.413595 0.0780861 0.0431277
0.254582 0.371644 0.0443884 0.173504 0.155882
0.917153 0.0825473 9.9973E-05 9.9973E-05 9.9973E-05
0.256292 0.169538 0.123691 0.139409 0.311071
0.53278 9.9991E-05 0.0231194 0.23945 0.20455
9.997E-05 0.9996 9.997E-05 9.997E-05 9.997E-05
0.102526 0.329393 0.119767 0.00273175 0.445582
0.520013 9.9991E-05 0.0390075 0.155955 0.284925
0.264243 0.155439 0.42298 0.148084 0.00925333
0.752194 0.138024 9.9982E-05 0.109582 9.9982E-05
0.328575 9.9991E-05 0.395559 0.0176296 0.258136
0.0411282 9.9991E-05 0.466171 0.151327 0.341274
9.997E-05 9.997E-05 9.997E-05 9.997E-05 0.9996
0.353524 0.293809 0.0551998 0.0243672 0.2731
0.0727572 0.0763516 0.666166 0.0208943 0.163831
9.9991E-05 0.15566 0.310038 0.204314 0.329888
0.394205 0.2094 0.0197272 0.166524 0.210144
0.0654115 9.9991E-05 0.485182 0.0734019 0.375905
0.407382 0.0195379 0.121195 9.9991E-05 0.451785
0.211386 9.9991E-05 0.360829 0.219224 0.208461
0.330968 9.9991E-05 0.314098 0.100275 0.254559
0.0556268 0.0246693 0.505484 0.135194 0.279026
9.997E-05 9.997E-05 9.997E-05 0.9996 9.997E-05
0.098753 0.094732 0.3923 0.131041 0.283174
9.9982E-05 0.0830478 9.9982E-05 0.0118648 0.904887
0.114488 0.261706 0.342073 0.130297 0.151436
0.339894 0.11709 0.295121 9.9991E-05 0.247795
0.463915 0.265819 0.22966 0.0130471 0.027559
0.309317 0.00322288 0.310443 0.0550534 0.321964
9.997E-05 9.997E-05 9.997E-05 0.9996 9.997E-05
0.44638 0.162428 0.276411 0.0155482 0.0992327
0.0462896 0.248425 0.103296 0.212416 0.389573
0.684724 0.0230913 0.0153785 0.042054 0.234752
0.0606723 0.207889 0.422916 9.9991E-05 0.308422
