0.0807821 0.271232 9.99731E-05 0.00274595 0.297082 9.99731E-05 0.064148 0.251444 9.99731E-05 0.0322653
0.0763144 0.300636 9.99641E-05 9.99641E-05 0.097184 0.199031 0.139775 9.99641E-05 0.18666 9.99641E-05
9.99641E-05 9.99641E-05 0.0879098 0.204677 0.296574 9.99641E-05 9.99641E-05 0.21475 0.0897374 0.105953
0.144181 9.99731E-05 0.102108 0.269322 0.0833342 0.234863 0.0584331 0.107459 9.99731E-05 9.99731E-05
0.191095 9.99641E-05 9.99641E-05 0.095135 0.531045 9.99641E-05 0.00653154 0.0337559 0.142037 9.99641E-05
0.0185307 9.99641E-05 0.140835 0.222151 0.424529 9.99641E-05 0.0371489 9.99641E-05 0.156405 9.99641E-05
0.0514224 0.109003 9.99731E-05 9.99731E-05 0.238276 0.0218368 0.195847 9.99731E-05 0.0184997 0.364815
9.99373E-05 9.99373E-05 9.99373E-05 9.99373E-05 0.524613 9.99373E-05 9.99373E-05 0.389182 0.0855056 9.99373E-05
9.99463E-05 9.99463E-05 9.99463E-05 9.99463E-05 9.99463E-05 0.00236696 0.815566 0.0192901 0.162177 9.99463E-05
0.0113123 9.99462E-05 0.320515 9.99462E-05 9.99462E-05 9.99462E-05 9.99462E-05 0.46431 9.99462E-05 0.203264
0.0281486 9.9964E-05 0.362565 0.104538 0.0951042 9.9964E-05 0.0811071 0.328137 9.9964E-05 9.9964E-05
0.124835 9.99641E-05 9.99641E-05 0.0371779 0.00661472 0.341686 0.324738 9.99641E-05 0.164549 9.99641E-05
0.0760318 0.0608385 9.99641E-05 0.017015 9.99641E-05 0.34644 9.99641E-05 0.314027 0.185248 9.99641E-05
0.236879 9.99551E-05 9.99551E-05 0.0651655 0.196686 9.99551E-05 9.99551E-05 9.99551E-05 0.334324 0.166446
9.99284E-05 9.99284E-05 9.99284E-05 9.99284E-05 0.2984 9.99284E-05 0.7008 9.99284E-05 9.99284E-05 9.99284E-05
0.184321 9.99463E-05 9.99463E-05 0.20266 0.469942 0.142477 9.99463E-05 9.99463E-05 9.99463E-05 9.99463E-05
0.00227094 9.99641E-05 0.166908 0.201389 9.99641E-05 0.111058 0.193896 9.99641E-05 0.324077 9.99641E-05
0.155932 9.99641E-05 0.0905399 0.0597756 0.229352 9.99641E-05 0.184493 9.99641E-05 9.99641E-05 0.279508
9.99462E-05 0.136288 9.99462E-05 9.99462E-05 9.99462E-05 0.290399 0.213547 0.359166 9.99462E-05 9.99462E-05
0.0553784 9.9973E-05 0.0240126 9.9973E-05 0.259088 0.118287 9.9973E-05 0.158263 0.347784 0.0368869
0.0415119 0.0200832 0.260624 9.99641E-05 9.99641E-05 9.99641E-05 0.0543102 0.00455158 9.99641E-05 0.61852
9.99641E-05 9.99641E-05 0.0278039 0.10275 9.99641E-05 0.217057 0.0946705 0.538762 9.99641E-05 0.0185572
0.256753 9.996E-05 9.996E-05 0.362086 0.0885345 0.0532816 0.209683 9.996E-05 0.0292616 9.996E-05
9.99372E-05 0.457935 9.99372E-05 0.463698 9.99372E-05 9.99372E-05 0.0776682 9.99372E-05 9.99372E-05 9.99372E-05
0.0360974 0.153443 0.258179 0.290386 9.99551E-05 0.261395 9.99551E-05 9.99551E-05 9.99551E-05 9.99551E-05
0.078266 0.0822931 9.9973E-05 0.187033 0.471173 0.0310295 0.0992692 0.0506363 9.9973E-05 9.9973E-05
0.226663 9.9964E-05 9.9964E-05 0.0387894 0.0250794 9.9964E-05 0.0206681 0.565391 9.9964E-05 0.123009
9.99642E-05 0.386624 0.010303 9.99642E-05 0.185925 9.99642E-05 0.24415 0.0439247 0.128674 9.99642E-05
9.99551E-05 9.99551E-05 0.0742391 9.99551E-05 0.0812238 0.195968 9.99551E-05 0.216629 0.43144 9.99551E-05
9.99552E-05 9.99552E-05 0.0452196 0.681798 0.0081545 9.99552E-05 9.99552E-05 0.15975 9.99552E-05 0.104578
0.104504 0.666877 0.0756285 9.99731E-05 9.99731E-05 0.0448456 0.0317894 9.99731E-05 0.0218895 0.0541655
0.179941 9.99641E-05 9.99641E-05 0.0048035 0.144857 0.311406 9.99641E-05 9.99641E-05 0.188956 0.169637
9.99552E-05 9.99552E-05 0.0168203 9.99552E-05 9.99552E-05 9.99552E-05 0.127807 0.131122 0.179016 0.544734
9.99552E-05 9.99552E-05 9.99552E-05 9.99552E-05 0.434282 0.295909 9.99552E-05 0.0942444 0.0970669 0.0779988
0.196856 9.99371E-05 9.99371E-05 0.219986 0.582458 9.99371E-05 9.99371E-05 9.99371E-05 9.99371E-05 9.99371E-05
0.0860067 9.99551E-05 9.99551E-05 9.99551E-05 0.213191 9.99551E-05 9.99551E-05 0.140686 0.2321 0.327517
0.195056 0.173736 9.99642E-05 9.99642E-05 0.0436086 0.216054 0.052566 9.99642E-05 0.318579 9.99642E-05
9.99731E-05 0.134939 0.294742 0.161388 9.99731E-05 0.0825568 0.17596 9.99731E-05 0.126329 0.0237864
0.179054 9.99731E-05 0.0264902 0.228491 0.103829 0.456403 9.99731E-05 0.00239947 0.00303367 9.99731E-05
0.0654415 0.0079187 0.130931 0.100117 9.9982E-05 0.437324 9.9982E-05 0.112309 0.117956 0.0278036
9.99552E-05 0.243417 9.99552E-05 0.130173 9.99552E-05 9.99552E-05 0.171189 0.361702 9.99552E-05 0.0930193
0.0787219 0.0605413 0.202361 9.99642E-05 9.99642E-05 0.0272389 0.0960611 9.99642E-05 9.99642E-05 0.534676
0.00359428 9.9973E-05 9.9973E-05 0.0268957 0.363973 0.071053 9.9973E-05 0.13779 0.226855 0.169539
0.0943759 0.0659007 0.0664758 0.0951256 0.124385 0.252591 0.300845 9.99731E-05 9.99731E-05 9.99731E-05
0.100082 9.99551E-05 9.99551E-05 9.99551E-05 9.99551E-05 0.324316 9.99551E-05 0.135212 0.274703 0.165187
0.11793 9.9991E-05 0.0760934 0.0364155 0.224166 0.166947 0.0634837 0.135361 0.0312838 0.14822
0.0163226 9.99731E-05 9.99731E-05 0.0266026 9.99731E-05 0.199184 0.198147 0.231599 0.0118342 0.316011
0.0779485 9.9973E-05 0.0180805 9.9973E-05 0.0777492 9.9973E-05 0.403041 0.0688289 0.129139 0.224913
9.99376E-05 9.99376E-05 9.99376E-05 9.99376E-05 0.0253261 0.252266 9.99376E-05 0.721709 9.99376E-05 9.99376E-05
0.185874 0.0655692 9.9946E-05 9.9946E-05 0.496278 9.9946E-05 9.9946E-05 0.251679 9.9946E-05 9.9946E-05
9.99551E-05 9.99551E-05 0.0693453 0.299164 0.560394 0.027517 0.0430793 9.99551E-05 9.99551E-05 9.99551E-05
0.0576578 0.120387 0.169452 0.0210874 9.99641E-05 9.99641E-05 0.0687984 9.99641E-05 0.562217 9.99641E-05
9.99551E-05 9.99551E-05 9.99551E-05 0.23738 0.236477 9.99551E-05 0.261987 0.201067 0.0625891 9.99551E-05
9.99552E-05 9.99552E-05 0.139864 0.0689277 0.383247 0.286725 9.99552E-05 0.120736 9.99552E-05 9.99552E-05
0.0842193 9.99462E-05 9.99462E-05 9.99462E-05 9.99462E-05 0.0546383 9.99462E-05 9.99462E-05 0.764321 0.0962222
0.0981636 0.0443958 9.99642E-05 9.99642E-05 0.124821 9.99642E-05 0.3517 0.30791 0.0726102 9.99642E-05
9.9946E-05 0.655253 9.9946E-05 0.271043 9.9946E-05 0.0473691 9.9946E-05 0.0257354 9.9946E-05 9.9946E-05
9.99376E-05 9.99376E-05 9.99376E-05 9.99376E-05 9.99376E-05 9.99376E-05 0.0354838 0.0469406 0.916876 9.99376E-05
0.173658 9.99641E-05 0.0111953 9.99641E-05 0.334089 0.182381 0.145459 9.99641E-05 0.152818 9.99641E-05
0.061004 0.0989233 0.0722005 9.9982E-05 0.171942 0.0975685 0.11403 0.186007 9.9982E-05 0.198125
9.99461E-05 0.264474 0.132678 9.99461E-05 0.236596 9.99461E-05 9.99461E-05 0.365651 9.99461E-05 9.99461E-05
0.34457 0.0118343 9.9973E-05 0.0824192 9.9973E-05 0.0481064 0.31763 0.0806552 9.9973E-05 0.114485
0.114552 9.9964E-05 9.9964E-05 0.010267 9.9964E-05 0.0677616 0.223224 0.512393 0.071402 9.9964E-05
0.0232754 0.224634 9.99642E-05 0.442198 0.0571095 9.99642E-05 9.99642E-05 0.148847 9.99642E-05 0.103537
9.99553E-05 9.99553E-05 9.99553E-05 0.104403 0.573827 0.201451 0.0705216 0.0492982 9.99553E-05 9.99553E-05
9.99462E-05 9.99462E-05 9.99462E-05 0.0640602 9.99462E-05 0.124844 9.99462E-05 0.729246 0.0812497 9.99462E-05
0.0353171 0.475134 0.0194864 0.0118195 0.368033 9.99641E-05 9.99641E-05 9.99641E-05 9.99641E-05 0.0898099
0.249114 0.0694677 9.99641E-05 9.99641E-05 0.00430956 0.276913 0.272335 0.127461 9.99641E-05 9.99641E-05
0.0307344 9.99551E-05 9.99551E-05 9.99551E-05 0.286753 0.491486 0.0253704 0.165156 9.99551E-05 9.99551E-05
9.99461E-05 0.139085 9.99461E-05 9.99461E-05 9.99461E-05 0.125539 9.99461E-05 0.334474 9.99461E-05 0.400302
0.184401 9.9973E-05 0.127485 9.9973E-05 0.0691788 0.00345111 0.378122 9.9973E-05 0.0875046 0.149557
0.104424 9.99552E-05 9.99552E-05 0.191787 9.99552E-05 0.304214 9.99552E-05 0.250946 9.99552E-05 0.14813
0.235325 9.99374E-05 9.99374E-05 9.99374E-05 0.0871564 9.99374E-05 9.99374E-05 9.99374E-05 0.676819 9.99374E-05
0.0978313 0.117235 9.99641E-05 0.0311486 0.254308 0.267368 9.99641E-05 0.231709 9.99641E-05 9.99641E-05
9.99464E-05 9.99464E-05 9.99464E-05 0.141131 0.463128 0.146802 9.99464E-05 9.99464E-05 0.248339 9.99464E-05
0.145569 9.99461E-05 9.99461E-05 9.99461E-05 9.99461E-05 0.353042 9.99461E-05 0.164355 0.336435 9.99461E-05
9.99554E-05 0.0828159 9.99554E-05 0.15104 0.223035 0.00758845 0.535021 9.99554E-05 9.99554E-05 9.99554E-05
0.108057 0.262729 0.176294 9.99552E-05 9.99552E-05 9.99552E-05 0.140092 0.312328 9.99552E-05 9.99552E-05
9.9946E-05 0.490925 0.112962 9.9946E-05 9.9946E-05 0.117637 9.9946E-05 0.277876 9.9946E-05 9.9946E-05
0.125788 9.99731E-05 0.0496342 9.99731E-05 0.341141 0.00317397 0.0348443 0.240634 0.204485 9.99731E-05
0.317832 9.99463E-05 9.99463E-05 9.99463E-05 0.393952 9.99463E-05 9.99463E-05 0.092977 0.194639 9.99463E-05
9.99731E-05 0.0325596 0.164911 0.125587 0.211689 0.0355978 9.99731E-05 0.213737 0.215619 9.99731E-05
9.99552E-05 0.520565 0.0238809 9.99552E-05 9.99552E-05 0.0234839 9.99552E-05 9.99552E-05 0.167892 0.263678
9.99641E-05 9.99641E-05 0.0708948 0.150112 0.229648 0.264461 9.99641E-05 0.159674 0.12481 9.99641E-05
0.119212 9.99641E-05 9.99641E-05 0.262157 9.99641E-05 0.267138 0.117399 9.99641E-05 0.156212 0.0774822
0.159293 9.9964E-05 0.156044 9.9964E-05 0.201616 9.9964E-05 0.238777 0.136901 9.9964E-05 0.106969
0.137419 9.99552E-05 9.99552E-05 9.99552E-05 9.99552E-05 0.00559499 9.99552E-05 0.359384 0.444227 0.0528743
9.99461E-05 9.99461E-05 9.99461E-05 0.654597 9.99461E-05 0.012439 9.99461E-05 0.19767 0.134695 9.99461E-05
9.99732E-05 0.347552 0.179236 0.022271 0.182016 0.0889045 0.0943454 9.99732E-05 9.99732E-05 0.085375
9.99551E-05 9.99551E-05 9.99551E-05 9.99551E-05 9.99551E-05 0.255064 0.169839 0.259705 0.0744705 0.240423
9.99465E-05 9.99465E-05 9.99465E-05 0.799405 0.140725 0.0565126 9.99465E-05 9.99465E-05 9.99465E-05 0.00275781
0.105941 0.0298914 9.99552E-05 0.0881864 9.99552E-05 9.99552E-05 9.99552E-05 9.99552E-05 0.121373 0.654108
0.153873 9.99642E-05 9.99642E-05 0.00115933 9.99642E-05 9.99642E-05 0.071667 0.137779 0.033882 0.60124
9.99551E-05 9.99551E-05 0.139021 9.99551E-05 9.99551E-05 9.99551E-05 0.282948 0.132514 0.341492 0.103526
0.0672776 9.9955E-05 9.9955E-05 9.9955E-05 9.9955E-05 9.9955E-05 0.241071 0.347251 0.0755031 0.268397
0.0105131 9.9982E-05 0.0236775 0.0417088 0.256101 0.0626976 0.350863 0.0515327 0.202707 9.9982E-05
0.0481596 9.99641E-05 0.0790253 9.99641E-05 0.189918 9.99641E-05 0.359344 0.116725 9.99641E-05 0.206429
9.99551E-05 9.99551E-05 9.99551E-05 9.99551E-05 0.0968477 0.0330092 0.686827 0.00378037 9.99551E-05 0.179036
0.0386984 9.99551E-05 9.99551E-05 0.422376 0.279671 0.0795165 9.99551E-05 9.99551E-05 9.99551E-05 0.179238
0.0903196 0.147192 9.9964E-05 0.40662 9.9964E-05 9.9964E-05 0.144923 9.9964E-05 0.0983137 0.112233
9.99462E-05 0.273361 9.99462E-05 0.102671 9.99462E-05 9.99462E-05 0.620084 9.99462E-05 9.99462E-05 0.00328552
0.000660293 9.99374E-05 0.11726 0.88138 9.99374E-05 9.99374E-05 9.99374E-05 9.99374E-05 9.99374E-05 9.99374E-05
9.99642E-05 0.0183551 0.158039 0.109322 9.99642E-05 9.99642E-05 0.536744 0.0146745 0.162466 9.99642E-05
9.99372E-05 0.0238328 0.924881 9.99372E-05 9.99372E-05 9.99372E-05 0.0505864 9.99372E-05 9.99372E-05 9.99372E-05
9.99461E-05 9.99461E-05 9.99461E-05 9.99461E-05 0.280684 0.375131 9.99461E-05 0.162505 0.181079 9.99461E-05
9.9937E-05 9.9937E-05 9.9937E-05 0.240843 9.9937E-05 0.596604 0.161853 9.9937E-05 9.9937E-05 9.9937E-05
9.99461E-05 0.0512652 9.99461E-05 9.99461E-05 0.232713 9.99461E-05 9.99461E-05 0.114284 0.601138 9.99461E-05
9.99642E-05 0.0507864 0.160537 9.99642E-05 0.416836 9.99642E-05 0.0335484 0.142904 0.194988 9.99642E-05
9.99462E-05 0.276562 9.99462E-05 9.99462E-05 0.195452 0.463988 9.99462E-05 9.99462E-05 9.99462E-05 0.0633981
9.99372E-05 9.99372E-05 0.283647 9.99372E-05 9.99372E-05 0.332813 9.99372E-05 9.99372E-05 9.99372E-05 0.382841
9.99552E-05 0.358044 9.99552E-05 0.13207 0.0520356 9.99552E-05 0.0473421 9.99552E-05 9.99552E-05 0.410009
9.99463E-05 0.16721 9.99463E-05 9.99463E-05 0.671312 0.0379204 0.122958 9.99463E-05 9.99463E-05 9.99463E-05
9.99372E-05 9.99372E-05 9.99372E-05 0.32498 9.99372E-05 0.215795 9.99372E-05 9.99372E-05 9.99372E-05 0.458526
0.0568373 9.99642E-05 0.0863807 0.0161284 0.591724 9.99642E-05 9.99642E-05 0.125808 0.122721 9.99642E-05
9.99283E-05 9.99283E-05 9.99283E-05 0.981545 9.99283E-05 9.99283E-05 9.99283E-05 9.99283E-05 0.0176552 9.99283E-05
9.99463E-05 9.99463E-05 0.30724 9.99463E-05 0.0760374 9.99463E-05 0.408607 9.99463E-05 0.207515 9.99463E-05
9.99552E-05 0.0319984 9.99552E-05 9.99552E-05 0.138275 0.0494092 0.128791 0.651026 9.99552E-05 9.99552E-05
9.99551E-05 9.99551E-05 9.99551E-05 0.0115545 0.0291554 0.0212721 9.99551E-05 0.736128 0.20139 9.99551E-05
0.091472 9.99641E-05 0.0372694 0.184213 0.275942 0.196016 9.99641E-05 0.214687 9.99641E-05 9.99641E-05
0.00988902 0.436138 0.0147531 0.0148734 0.201082 9.9991E-05 0.0397065 0.0441531 0.0715164 0.167789
0.0862477 9.99731E-05 0.0555283 0.417533 0.0171813 0.117996 0.0915022 0.213711 9.99731E-05 9.99731E-05
9.99551E-05 0.299472 9.99551E-05 0.150802 9.99551E-05 0.047177 9.99551E-05 9.99551E-05 0.337338 0.164711
9.99463E-05 9.99463E-05 0.0239533 9.99463E-05 0.917622 9.99463E-05 9.99463E-05 9.99463E-05 0.0199169 0.0379084
0.0842227 0.00232765 9.99642E-05 9.99642E-05 0.339541 0.0388805 0.0647405 9.99642E-05 9.99642E-05 0.469888
9.99552E-05 9.99552E-05 0.0602727 0.0963954 0.347533 0.0377414 0.457558 9.99552E-05 9.99552E-05 9.99552E-05
9.99462E-05 9.99462E-05 0.0339694 9.99462E-05 0.425056 0.16721 0.373164 9.99462E-05 9.99462E-05 9.99462E-05
0.0505885 9.99373E-05 9.99373E-05 9.99373E-05 9.99373E-05 9.99373E-05 9.99373E-05 0.170722 9.99373E-05 0.77799
0.264856 0.237422 9.99551E-05 0.062894 0.0407182 0.39361 9.99551E-05 9.99551E-05 9.99551E-05 9.99551E-05
9.99642E-05 0.187689 0.205681 9.99642E-05 0.104457 9.99642E-05 9.99642E-05 0.028502 0.0445301 0.428742
9.99551E-05 9.99551E-05 0.027324 0.00838014 0.328875 9.99551E-05 9.99551E-05 9.99551E-05 0.231672 0.40325
0.0216288 0.153947 0.0182064 9.99553E-05 9.99553E-05 9.99553E-05 0.75927 0.0464482 9.99553E-05 9.99553E-05
0.107757 9.9973E-05 0.0380068 9.9973E-05 0.541762 9.9973E-05 0.0689241 0.0381006 0.19614 0.00900967
0.0392709 9.99821E-05 0.133135 9.99821E-05 0.0784368 0.121318 0.23033 0.206709 0.188636 0.00196423
0.0821518 0.000761045 0.237145 9.99641E-05 9.99641E-05 0.439151 0.142194 0.0981969 9.99641E-05 9.99641E-05
0.0684832 0.0304956 0.192581 9.99552E-05 9.99552E-05 9.99552E-05 9.99552E-05 0.519883 9.99552E-05 0.188058
9.99463E-05 9.99463E-05 0.0493132 9.99463E-05 0.475853 0.237576 9.99463E-05 9.99463E-05 9.99463E-05 0.236659
9.99462E-05 9.99462E-05 0.0440389 9.99462E-05 0.458222 0.436019 9.99462E-05 9.99462E-05 9.99462E-05 0.0611198
9.99375E-05 9.99375E-05 0.235763 9.99375E-05 0.705837 9.99375E-05 9.99375E-05 9.99375E-05 9.99375E-05 0.0577007
0.041969 0.41468 9.99552E-05 9.99552E-05 9.99552E-05 0.338996 0.199106 9.99552E-05 0.0047492 9.99552E-05
9.99372E-05 9.99372E-05 9.99372E-05 9.99372E-05 0.569715 0.251421 0.178165 9.99372E-05 9.99372E-05 9.99372E-05
9.99731E-05 0.311521 0.140537 0.0501244 9.99731E-05 0.132806 0.0215223 0.256034 0.0871563 9.99731E-05
0.0272765 9.99552E-05 0.312929 0.167214 9.99552E-05 0.181011 9.99552E-05 9.99552E-05 0.31107 9.99552E-05
0.012938 0.0571083 9.99641E-05 9.99641E-05 0.261987 9.99641E-05 0.264661 0.0720471 9.99641E-05 0.330859
9.99552E-05 9.99552E-05 0.254612 0.0906868 9.99552E-05 9.99552E-05 0.390307 0.179309 9.99552E-05 0.084585
0.108123 9.99551E-05 0.0610268 0.553188 9.99551E-05 0.253307 9.99551E-05 0.0238556 9.99551E-05 9.99551E-05
9.9973E-05 0.135374 9.9973E-05 0.00254596 0.31453 0.273139 0.0403656 9.9973E-05 0.0862403 0.147506
0.999101 9.99201E-05 9.99201E-05 9.99201E-05 9.99201E-05 9.99201E-05 9.99201E-05 9.99201E-05 9.99201E-05 9.99201E-05
9.99552E-05 9.99552E-05 0.0272505 0.0625006 0.126788 9.99552E-05 9.99552E-05 0.708574 0.0743872 9.99552E-05
0.152974 0.261503 0.0432456 0.0618471 9.99731E-05 0.346685 9.99731E-05 9.99731E-05 0.00740313 0.126042
0.422452 9.99463E-05 9.99463E-05 9.99463E-05 9.99463E-05 0.24142 0.288535 9.99463E-05 9.99463E-05 0.0469931
9.99642E-05 0.440465 9.99642E-05 9.99642E-05 0.0399039 0.342157 9.99642E-05 0.174174 0.00110206 0.00179809
0.0348263 9.99372E-05 9.99372E-05 9.99372E-05 9.99372E-05 9.99372E-05 0.31121 0.653264 9.99372E-05 9.99372E-05
0.00445881 0.0205782 9.9973E-05 9.9973E-05 0.285641 0.354997 9.9973E-05 0.151562 0.0701403 0.112322
9.99552E-05 0.267355 9.99552E-05 9.99552E-05 0.409652 0.0126479 0.277958 9.99552E-05 0.0318877 9.99552E-05
0.127486 0.649058 9.99463E-05 0.215733 9.99463E-05 9.99463E-05 9.99463E-05 9.99463E-05 9.99463E-05 0.00712324
0.213635 9.99552E-05 0.204162 9.99552E-05 9.99552E-05 0.302526 0.23363 9.99552E-05 0.0455461 9.99552E-05
9.99641E-05 9.99641E-05 0.135376 0.014003 0.0234185 0.134113 9.99641E-05 9.99641E-05 0.682847 0.00984301
0.102724 9.99554E-05 0.00320726 9.99554E-05 0.166503 9.99554E-05 9.99554E-05 0.635604 9.99554E-05 0.0914612
9.99284E-05 0.307787 9.99284E-05 9.99284E-05 0.691413 9.99284E-05 9.99284E-05 9.99284E-05 9.99284E-05 9.99284E-05
9.99731E-05 0.280538 0.017506 0.149078 9.99731E-05 0.196059 0.124573 0.0495187 9.99731E-05 0.182428
0.999101 9.99201E-05 9.99201E-05 9.99201E-05 9.99201E-05 9.99201E-05 9.99201E-05 9.99201E-05 9.99201E-05 9.99201E-05
0.162354 9.99551E-05 9.99551E-05 9.99551E-05 0.314347 0.102898 9.99551E-05 0.248345 9.99551E-05 0.171556
9.99552E-05 0.0860324 9.99552E-05 9.99552E-05 0.394141 0.0324305 9.99552E-05 0.295656 0.19124 9.99552E-05
0.122641 0.00498683 9.99552E-05 9.99552E-05 9.99552E-05 9.99552E-05 0.668837 0.108667 0.0943682 9.99552E-05
0.357804 9.99375E-05 9.99375E-05 9.99375E-05 9.99375E-05 9.99375E-05 0.074697 0.566799 9.99375E-05 9.99375E-05
9.99731E-05 9.99731E-05 9.99731E-05 0.137348 0.482157 0.050642 0.178391 0.00171987 0.0497872 0.0996544
9.99552E-05 0.183176 9.99552E-05 9.99552E-05 0.52269 9.99552E-05 0.0252831 0.114496 9.99552E-05 0.153855
9.99201E-05 9.99201E-05 9.99201E-05 9.99201E-05 9.99201E-05 0.999101 9.99201E-05 9.99201E-05 9.99201E-05 9.99201E-05
0.0794256 9.99463E-05 9.99463E-05 9.99463E-05 9.99463E-05 9.99463E-05 0.0424791 9.99463E-05 0.799624 0.0778712
0.0354373 0.0875837 0.0228222 0.147613 0.182564 0.149345 0.187623 9.9982E-05 0.186811 9.9982E-05
9.99463E-05 9.99463E-05 0.0965142 0.142022 0.169181 0.591683 9.99463E-05 9.99463E-05 9.99463E-05 9.99463E-05
9.99552E-05 0.00899743 9.99552E-05 9.99552E-05 0.591733 0.0772142 9.99552E-05 9.99552E-05 0.221293 0.100262
9.99461E-05 9.99461E-05 0.00109948 9.99461E-05 9.99461E-05 0.485814 0.451085 9.99461E-05 0.0614022 9.99461E-05
0.0517367 0.0369724 9.99551E-05 0.207314 0.436035 9.99551E-05 9.99551E-05 0.267443 9.99551E-05 9.99551E-05
0.0070201 9.99552E-05 0.0373716 0.114545 0.681404 9.99552E-05 0.15916 9.99552E-05 9.99552E-05 9.99552E-05
9.99553E-05 0.0629765 0.0277053 9.99553E-05 0.567452 9.99553E-05 9.99553E-05 0.0962664 0.2451 9.99553E-05
0.121247 0.0032042 9.99821E-05 0.24814 0.0645679 0.364665 0.0494008 9.99821E-05 0.101078 0.0474972
9.99462E-05 0.0116399 0.839841 9.99462E-05 9.99462E-05 9.99462E-05 9.99462E-05 9.99462E-05 0.108352 0.0395672
0.0145347 0.651198 0.0332181 9.99552E-05 0.0563815 9.99552E-05 9.99552E-05 9.99552E-05 9.99552E-05 0.244167
9.99463E-05 9.99463E-05 0.054577 9.99463E-05 9.99463E-05 9.99463E-05 0.44363 0.486262 9.99463E-05 0.0149313
0.338516 0.0357065 0.0197777 9.99642E-05 9.99642E-05 9.99642E-05 9.99642E-05 0.354069 0.056895 0.194636
0.117311 9.99795E-05 0.0893119 0.0456614 0.0753757 0.160205 9.99795E-05 0.272001 9.99795E-05 0.239834
0.160666 0.209366 0.0233864 9.9973E-05 0.159055 9.9973E-05 0.233163 0.168477 9.9973E-05 0.0455856
0.0756062 9.99643E-05 9.99643E-05 0.0964442 0.435038 0.0560136 9.99643E-05 0.220069 0.116429 9.99643E-05
9.99201E-05 9.99201E-05 0.999101 9.99201E-05 9.99201E-05 9.99201E-05 9.99201E-05 9.99201E-05 9.99201E-05 9.99201E-05
0.0925659 0.0318059 9.99643E-05 9.99643E-05 0.285372 0.0545305 0.132576 0.40275 9.99643E-05 9.99643E-05
0.0915304 9.9982E-05 0.0253797 0.00312995 0.223927 0.198477 0.0608017 0.164912 0.231642 9.9982E-05
9.996E-05 0.455981 0.0433786 0.102596 0.0350471 9.996E-05 9.996E-05 0.192914 0.169683 9.996E-05
0.0395558 0.175328 0.206935 0.0631207 0.0689433 9.9982E-05 0.0415503 9.9982E-05 0.330897 0.07347
