0.101373 0.00475164 0.893676 9.99821E-05 9.99821E-05
9.9982E-05 0.415487 0.169529 0.414784 9.9982E-05
0.229859 0.366903 0.21646 9.99911E-05 0.186678
9.999E-05 0.239191 0.218356 0.249975 0.292378
9.99821E-05 0.102655 0.402331 0.494814 9.99821E-05
9.999E-05 0.135653 0.496823 0.159741 0.207683
0.0810377 0.189762 0.408209 0.320891 9.99911E-05
9.99821E-05 9.99821E-05 0.650784 0.263939 0.0850771
0.538601 0.117046 9.99911E-05 0.22471 0.119543
0.580797 0.143569 0.183204 9.9991E-05 0.0923308
0.411276 0.245427 0.093201 9.9991E-05 0.249995
9.99732E-05 9.99732E-05 0.247598 0.752102 9.99732E-05
9.9991E-05 0.0853564 0.16324 0.527775 0.223529
9.999E-05 0.000903852 0.324316 0.644278 0.0304024
0.493736 9.99821E-05 0.433618 9.99821E-05 0.0724455
9.99821E-05 0.181228 0.637904 0.180668 9.99821E-05
0.172811 0.279163 0.241175 0.0691069 0.237743
0.195999 0.157797 0.331154 0.253768 0.0612823
0.274595 9.9991E-05 0.0180927 0.545745 0.161467
9.99821E-05 9.99821E-05 0.277599 0.292294 0.429907
0.649281 0.183181 0.00138781 9.99911E-05 0.16605
0.423986 0.0805099 0.266478 9.9991E-05 0.228926
0.0200239 0.317523 0.20169 0.207347 0.253417
9.99731E-05 0.592484 9.99731E-05 0.407216 9.99731E-05
0.0547064 0.331465 0.331695 9.9991E-05 0.282034
0.0431515 0.1069 0.72869 0.121159 9.9991E-05
0.412582 0.200412 0.274267 0.112639 9.9991E-05
0.196596 0.161316 0.252164 0.2613 0.128625
9.9982E-05 9.9982E-05 0.150976 0.272332 0.576493
0.0187286 0.884502 0.0965694 9.99822E-05 9.99822E-05
0.324822 9.99911E-05 0.277596 0.291161 0.10632
9.99911E-05 0.0701071 0.157351 0.473197 0.299244
0.742593 0.139093 9.99821E-05 9.99821E-05 0.118113
0.183881 0.087433 0.315424 0.294441 0.118821
9.9982E-05 0.214878 0.707723 0.0771992 9.9982E-05
0.157447 9.99821E-05 0.661558 0.180796 9.99821E-05
0.11626 0.104268 0.187995 0.376125 0.215352
0.264224 0.40036 9.99821E-05 9.99821E-05 0.335216
9.9991E-05 0.0589962 0.279296 0.40479 0.256818
9.9991E-05 0.127624 0.325322 0.146077 0.400876
0.28699 0.696688 9.99821E-05 0.0161227 9.99821E-05
0.707407 0.217566 0.0748264 9.99821E-05 9.99821E-05
0.386299 9.9991E-05 0.28133 0.276187 0.0560838
9.9991E-05 0.0706646 0.140707 0.453626 0.334902
9.99821E-05 9.99821E-05 0.172339 0.360833 0.466627
9.99911E-05 0.0260122 0.599058 0.253826 0.121004
0.417358 0.0290432 0.553399 9.99821E-05 9.99821E-05
0.604443 0.0705287 0.146177 0.0912541 0.0875976
0.2367 9.99822E-05 0.336624 9.99822E-05 0.426476
9.9982E-05 9.9982E-05 0.961456 0.0127576 0.0255866
9.9982E-05 0.133942 0.737383 9.9982E-05 0.128476
0.224113 0.150428 9.9991E-05 0.258526 0.366832
0.25368 0.261647 0.484473 9.9982E-05 9.9982E-05
9.99821E-05 0.13076 0.477519 9.99821E-05 0.391521
0.210272 0.0575096 9.99911E-05 0.491046 0.241073
0.439998 9.99821E-05 0.488726 0.0710761 9.99821E-05
9.9991E-05 0.546804 0.3179 0.079377 0.0558188
0.506454 9.99822E-05 0.0294727 0.463874 9.99822E-05
0.0880972 9.9991E-05 0.136666 0.434845 0.340292
0.334885 9.9991E-05 0.378062 0.274827 0.0121263
0.113806 0.125073 0.303291 9.9991E-05 0.457729
0.36167 0.27891 0.227018 0.132301 9.9991E-05
0.635091 0.128181 0.100341 0.136288 9.9991E-05
9.99821E-05 0.777446 0.0771102 9.99821E-05 0.145244
0.103348 9.99821E-05 0.792462 9.99821E-05 0.103989
0.280818 0.225306 0.247453 9.99911E-05 0.246323
0.0654301 0.267826 0.584118 9.9991E-05 0.0825264
0.31692 9.9991E-05 0.260843 0.348965 0.0731723
0.114488 9.99821E-05 0.642552 9.99821E-05 0.24276
0.176722 0.163424 0.38734 9.99911E-05 0.272413
0.201644 9.9991E-05 0.0815597 0.431981 0.284715
0.500456 0.239182 0.147978 0.112285 9.9991E-05
9.99733E-05 9.99733E-05 9.99733E-05 0.987628 0.0120719
0.149882 0.119981 0.645982 0.0840546 9.99911E-05
9.99911E-05 0.0874098 0.624798 0.203261 0.0844313
0.109326 9.99821E-05 0.309402 0.581072 9.99821E-05
0.217227 0.215843 0.56673 9.99822E-05 9.99822E-05
0.235761 0.129568 9.9991E-05 0.460694 0.173877
9.9991E-05 0.139394 0.199051 0.209691 0.451764
9.99731E-05 9.99731E-05 9.99731E-05 0.598257 0.401443
9.99821E-05 9.99821E-05 0.489562 0.414157 0.0960812
0.281978 0.0909099 0.460083 0.0498897 0.117139
0.41493 0.0786255 0.402399 9.99911E-05 0.103946
0.052522 0.296785 0.151423 9.9991E-05 0.499171
0.253927 0.132208 0.357347 0.256419 9.9991E-05
0.19989 0.171571 0.487953 0.140485 9.9991E-05
0.261073 0.165766 9.9991E-05 0.481948 0.0911122
9.99821E-05 0.651023 0.0684495 0.280328 9.99821E-05
0.318695 9.99821E-05 0.306583 9.99821E-05 0.374522
0.408667 0.146317 0.146919 9.9991E-05 0.297996
9.99732E-05 0.684374 0.315326 9.99732E-05 9.99732E-05
0.255349 0.162044 0.283064 0.299444 9.99911E-05
0.639469 9.99822E-05 0.173858 0.186473 9.99822E-05
0.311296 0.177768 9.9991E-05 0.18686 0.323976
0.395522 0.126252 0.125611 0.352515 9.9991E-05
0.0424138 0.0860907 9.9991E-05 0.697272 0.174124
0.560202 0.171434 0.26006 9.9991E-05 0.00820382
0.668031 9.99821E-05 0.292189 9.99821E-05 0.0395795
9.9991E-05 0.337757 0.473166 0.0729658 0.116011
0.183432 0.597936 0.092037 0.0982495 0.0283455
0.577983 0.19816 9.99821E-05 0.223657 9.99821E-05
9.997E-05 0.9996 9.997E-05 9.997E-05 9.997E-05
0.61793 0.262039 9.9991E-05 0.047864 0.0720664
9.99731E-05 0.266108 9.99731E-05 9.99731E-05 0.733592
9.9982E-05 9.9982E-05 0.423346 0.221829 0.354625
0.320511 0.0855597 0.378656 0.115704 0.0995686
0.341652 9.9991E-05 0.47912 0.122502 0.0566262
0.174856 0.0904709 0.434177 9.9991E-05 0.300396
0.0706918 9.99821E-05 0.678777 9.99821E-05 0.250331
0.05251 0.0630369 0.298088 9.99911E-05 0.586265
0.15184 0.445619 0.309388 0.093053 9.99911E-05
9.99821E-05 9.99821E-05 0.795502 0.143089 0.0612082
9.99822E-05 0.496872 0.231722 9.99822E-05 0.271206
9.99821E-05 9.99821E-05 0.356383 0.273512 0.369905
9.997E-05 0.9996 9.997E-05 9.997E-05 9.997E-05
0.612279 9.99911E-05 0.155528 0.19638 0.0357123
9.9991E-05 0.00288379 0.605447 0.198423 0.193146
0.163618 0.0318317 0.227575 0.30032 0.276655
9.9991E-05 0.0582652 0.358086 0.103502 0.480047
9.9991E-05 0.489382 0.0774721 0.14796 0.285086
0.20478 0.441603 0.266161 0.0873556 9.9991E-05
9.9982E-05 0.534432 9.9982E-05 0.365175 0.100193
9.99731E-05 9.99731E-05 0.671042 9.99731E-05 0.328658
0.441222 9.99821E-05 0.325039 9.99821E-05 0.233539
0.136557 0.280599 0.184116 9.9991E-05 0.398628
0.468656 0.0390322 0.468943 0.0232691 9.9991E-05
0.338274 0.294969 0.179454 0.187203 9.99911E-05
0.0188347 0.0379619 0.565973 0.158895 0.218335
9.99732E-05 0.42251 9.99732E-05 9.99732E-05 0.57719
0.317209 0.176384 0.253013 0.0896683 0.163725
0.9996 9.997E-05 9.997E-05 9.997E-05 9.997E-05
0.252414 0.043492 0.35686 0.213868 0.133367
0.324523 9.9991E-05 0.278803 0.0720131 0.324561
0.202392 9.99821E-05 9.99821E-05 0.239419 0.557989
0.599067 0.100622 0.131645 0.0893245 0.0793421
0.0732197 9.99821E-05 0.641911 9.99821E-05 0.284669
9.99732E-05 9.99732E-05 0.558182 9.99732E-05 0.441518
9.99732E-05 9.99732E-05 0.610834 9.99732E-05 0.388867
0.261488 0.106843 9.99911E-05 0.397733 0.233836
9.99731E-05 9.99731E-05 0.879126 9.99731E-05 0.120574
9.99911E-05 0.0609142 0.091912 0.367519 0.479555
0.279158 0.396039 9.99911E-05 0.0943468 0.230356
0.476227 0.0122633 0.264938 0.18261 0.0639611
0.733316 0.259142 9.99821E-05 9.99821E-05 0.00734244
0.194668 0.263343 0.482532 9.9991E-05 0.0593564
9.9991E-05 0.0417514 0.482784 0.139531 0.335833
9.997E-05 9.997E-05 9.997E-05 0.9996 9.997E-05
9.9991E-05 0.193635 0.265766 0.259268 0.281232
9.9991E-05 0.273945 0.226783 0.365256 0.133916
0.158148 9.99911E-05 0.00522261 0.71485 0.121679
0.15526 0.024113 0.0505421 0.494829 0.275256
0.294678 9.99821E-05 0.264958 0.440163 9.99821E-05
0.204421 9.99821E-05 0.540126 9.99821E-05 0.255254
0.0705623 0.215393 0.14723 0.49136 0.0754544
9.99821E-05 0.481241 0.428316 0.090243 9.99821E-05
0.288089 9.99821E-05 9.99821E-05 0.30531 0.406401
0.0201494 0.133458 9.9991E-05 0.37688 0.469413
0.39157 9.99911E-05 0.462257 0.0322356 0.113837
9.997E-05 9.997E-05 0.9996 9.997E-05 9.997E-05
0.196061 0.282009 0.253862 9.9991E-05 0.267968
9.99731E-05 9.99731E-05 0.0209005 0.9788 9.99731E-05
0.261263 9.99821E-05 0.689213 0.0493242 9.99821E-05
9.9991E-05 0.0696269 0.165091 0.540374 0.224808
0.637162 0.0243942 0.251784 0.0865606 9.99911E-05
0.341479 9.99821E-05 0.247671 0.41065 9.99821E-05
0.235855 0.233563 0.386149 0.12652 0.0179137
0.280586 0.187712 0.491249 9.99911E-05 0.040353
9.99732E-05 9.99732E-05 0.0996621 9.99732E-05 0.900038
9.99822E-05 0.083825 9.99822E-05 0.906114 0.00986094
0.236896 0.182629 0.196082 0.277195 0.107199
9.99821E-05 0.0244831 0.601948 9.99821E-05 0.373369
9.99821E-05 9.99821E-05 0.642802 0.20833 0.148668
0.234785 9.9982E-05 9.9982E-05 0.288889 0.476127
0.036816 0.30263 0.632617 9.99911E-05 0.0278369
0.128424 0.100939 0.770437 9.99821E-05 9.99821E-05
0.155184 9.99911E-05 0.803827 0.0145562 0.0263327
0.191668 0.304474 0.131161 0.237833 0.134863
0.316936 9.99732E-05 9.99732E-05 9.99732E-05 0.682764
0.435536 0.165911 0.398353 9.99821E-05 9.99821E-05
0.536369 0.168555 0.0534053 0.16169 0.0799806
0.688139 9.99821E-05 0.18612 0.125541 9.99821E-05
0.52957 9.99911E-05 0.382291 0.0529538 0.0350853
0.266469 9.99731E-05 0.733232 9.99731E-05 9.99731E-05
9.99911E-05 0.0571471 0.411897 0.456611 0.0742449
9.997E-05 9.997E-05 9.997E-05 9.997E-05 0.9996
0.212952 9.99822E-05 0.572693 0.214155 9.99822E-05
9.99821E-05 9.99821E-05 0.0391187 0.564932 0.39575
9.9991E-05 0.459139 0.00423216 0.25452 0.282008
9.9991E-05 0.325692 0.0816529 0.302633 0.289922
