0.141306 0.215561 0.643133
0.173633 0.176484 0.649883
0.338446 0.110319 0.551235
0.434107 0.0570467 0.508846
0.00579334 0.172216 0.82199
0.257139 0.0370917 0.70577
9.999E-05 0.0985758 0.901324
9.999E-05 0.0201611 0.979739
0.369329 0.630571 9.99911E-05
0.401652 0.598248 9.99911E-05
0.515536 0.294458 0.190006
9.99911E-05 0.428012 0.571888
0.165795 0.343289 0.490915
0.135336 0.416815 0.447848
9.99911E-05 0.643395 0.356505
0.113084 0.195389 0.691527
0.222659 0.273187 0.504154
0.4426 0.384241 0.173158
9.99911E-05 0.607424 0.392476
0.392243 9.99911E-05 0.607657
0.502154 0.494161 0.00368499
0.26929 0.588161 0.142549
0.514991 0.0138849 0.471124
0.823401 0.112241 0.0643585
0.806936 9.99911E-05 0.192964
0.366682 0.266605 0.366714
0.169061 0.830839 9.9991E-05
0.121328 0.396184 0.482488
9.9991E-05 0.234996 0.764904
0.83257 0.12025 0.0471805
0.109635 0.496064 0.394301
9.99911E-05 0.405261 0.594639
0.469749 0.530151 9.99911E-05
0.0509971 0.173622 0.77538
0.266592 0.0169436 0.716465
0.101926 0.392476 0.505598
9.99911E-05 0.14013 0.85977
0.773367 0.0392548 0.187379
0.135719 0.166249 0.698032
0.108805 0.0684442 0.82275
0.439027 0.560873 9.99911E-05
0.199459 0.800441 9.99911E-05
0.329212 0.306077 0.364711
0.124369 0.374963 0.500668
0.0512168 0.320423 0.62836
0.0567314 0.17778 0.765489
0.240919 0.54764 0.211441
9.9991E-05 0.808215 0.191685
9.99911E-05 0.400756 0.599144
0.0166663 0.0802093 0.903124
0.312871 9.9991E-05 0.687029
0.453512 0.546388 9.99911E-05
0.359239 0.435898 0.204863
0.0848159 9.99911E-05 0.915084
0.0466942 0.753128 0.200177
9.99911E-05 0.879854 0.120046
0.62768 0.0842878 0.288033
9.999E-05 0.9998 9.999E-05
9.9991E-05 0.729491 0.270409
0.158833 0.465443 0.375725
0.173668 9.99911E-05 0.826232
0.250359 0.749541 9.9991E-05
0.00286855 0.967488 0.029643
0.71221 9.9991E-05 0.28769
0.0569117 0.272178 0.67091
0.200888 0.623026 0.176087
0.413877 9.9991E-05 0.586023
9.9991E-05 0.589778 0.410122
9.9991E-05 0.303038 0.696862
0.461624 0.351745 0.186631
0.100001 0.601198 0.2988
0.112673 0.887227 9.9991E-05
9.99911E-05 0.505031 0.494869
9.9991E-05 0.517688 0.482212
0.0811461 9.99911E-05 0.918754
9.9991E-05 0.429039 0.570861
0.312744 0.35521 0.332046
0.407773 0.592127 9.9991E-05
0.242031 0.278219 0.47975
9.9991E-05 0.284812 0.715088
9.99911E-05 0.162402 0.837498
0.474955 0.0684929 0.456552
0.35804 0.343143 0.298817
0.501401 0.0100828 0.488516
0.0841497 0.580987 0.334863
0.238512 0.449058 0.312429
0.237198 0.633643 0.129159
0.700221 0.238137 0.0616419
0.582956 0.0623949 0.354649
0.310563 0.370661 0.318776
0.749712 9.99911E-05 0.250188
0.37218 0.441045 0.186774
0.225403 0.616308 0.158289
0.519901 0.307616 0.172483
0.128626 0.871274 9.9991E-05
0.139272 0.404253 0.456476
0.531388 0.43788 0.0307319
0.0162374 0.709553 0.27421
0.584107 0.00146193 0.414431
0.906367 0.0935332 9.9991E-05
0.290253 0.709647 9.99911E-05
0.9998 9.999E-05 9.999E-05
0.66948 0.33042 9.99911E-05
0.896137 9.99911E-05 0.103763
9.9991E-05 0.236175 0.763725
0.117321 0.370305 0.512374
9.9991E-05 0.442394 0.557506
0.114607 0.0670099 0.818383
0.0671 9.99911E-05 0.9328
0.357677 0.00922388 0.6331
0.417362 0.381055 0.201583
9.999E-05 9.999E-05 0.9998
0.75812 9.99911E-05 0.24178
9.999E-05 9.999E-05 0.9998
0.9998 9.999E-05 9.999E-05
0.354891 0.606653 0.0384562
0.0323915 0.39601 0.571599
9.99911E-05 0.493577 0.506323
0.282024 0.0442785 0.673698
0.316322 9.9991E-05 0.683578
0.563865 0.283215 0.15292
0.468417 0.0795898 0.451993
9.999E-05 9.999E-05 0.9998
0.140857 0.542902 0.316242
0.350906 0.244531 0.404563
0.0687555 0.786942 0.144302
0.270055 0.618058 0.111887
0.112919 0.174312 0.712769
0.665043 9.99911E-05 0.334857
0.337787 0.378524 0.283688
0.211463 0.788437 9.99911E-05
0.171857 0.2657 0.562443
0.0116534 0.407458 0.580889
0.0735193 0.548178 0.378302
0.286882 0.690422 0.0226961
0.08433 9.99911E-05 0.91557
9.999E-05 9.999E-05 0.9998
0.0427977 9.99911E-05 0.957102
0.0702578 0.597092 0.33265
9.999E-05 9.999E-05 0.9998
0.202539 0.251101 0.54636
0.667733 0.0788705 0.253397
0.247715 0.704946 0.0473393
0.588252 0.411648 9.99911E-05
0.691415 0.0240357 0.284549
0.0888338 0.0647504 0.846416
9.999E-05 0.9998 9.999E-05
0.437083 0.0933199 0.469597
0.262549 0.266115 0.471336
0.0452782 0.893806 0.0609154
0.222749 0.607865 0.169386
9.99911E-05 0.844628 0.155272
9.9991E-05 0.225773 0.774127
0.219832 0.346425 0.433743
0.601871 0.130904 0.267225
0.0908707 0.200292 0.708837
0.371726 0.145386 0.482888
0.208612 0.568503 0.222885
9.999E-05 9.999E-05 0.9998
0.45148 0.129848 0.418672
9.999E-05 0.9998 9.999E-05
9.9991E-05 0.619304 0.380596
0.124845 0.207052 0.668103
0.168933 0.691877 0.13919
9.99911E-05 0.910615 0.0892852
0.228113 0.509756 0.262131
0.066948 0.273081 0.659971
9.99911E-05 0.14201 0.85789
0.117898 0.623691 0.258411
0.288056 0.332675 0.379269
0.135548 9.99911E-05 0.864352
9.9991E-05 0.113799 0.886101
9.9991E-05 0.606371 0.393529
0.396084 0.206696 0.39722
0.122749 0.15702 0.720231
9.99911E-05 0.0831564 0.916744
0.264193 0.353568 0.382239
0.626219 0.126001 0.24778
0.374318 0.269327 0.356355
0.218956 0.780944 9.99911E-05
0.0152657 0.984634 9.99911E-05
0.259404 0.740496 9.9991E-05
0.287369 0.323098 0.389533
0.00251276 0.254938 0.742549
0.710462 9.99911E-05 0.289438
9.99911E-05 0.640067 0.359833
0.0330965 0.27822 0.688684
0.447993 0.104947 0.44706
0.411727 0.16707 0.421203
