0.148549 0.131103 9.99731E-05 9.99731E-05 9.99731E-05 0.0367976 0.261141 0.422108
9.9973E-05 0.0969499 0.0964842 9.9973E-05 0.3777 0.177975 9.9973E-05 0.250591
9.99821E-05 9.99821E-05 0.160028 0.262515 0.00779845 0.234835 0.289836 0.0447877
0.0159775 0.0529335 0.0220542 0.0247792 0.269798 0.392259 0.222098 9.9991E-05
0.011832 0.172299 0.0869697 9.99821E-05 0.112533 9.99821E-05 0.282688 0.333478
9.99731E-05 0.0351144 9.99731E-05 0.0403196 0.369832 9.99731E-05 0.227655 0.326779
0.167548 0.142594 0.0154684 9.99821E-05 0.302638 9.99821E-05 0.0594527 0.312099
9.99552E-05 0.102381 9.99552E-05 0.0123213 9.99552E-05 9.99552E-05 9.99552E-05 0.884798
0.704861 9.99642E-05 0.000417424 9.99642E-05 0.23328 0.0610413 9.99642E-05 9.99642E-05
0.0264887 0.326033 9.99641E-05 0.611755 9.99641E-05 9.99641E-05 9.99641E-05 0.0353228
9.9964E-05 0.0327819 0.310305 0.425449 9.9964E-05 9.9964E-05 0.231064 9.9964E-05
0.29275 0.179627 9.99642E-05 9.99642E-05 9.99642E-05 0.142503 9.99642E-05 0.384721
0.612231 0.0377065 9.99642E-05 9.99642E-05 9.99642E-05 9.99642E-05 0.0776759 0.271987
9.99731E-05 0.326399 0.00513159 9.99731E-05 0.0535694 9.99731E-05 0.311312 0.303288
0.0606976 9.99552E-05 0.13685 9.99552E-05 9.99552E-05 0.801953 9.99552E-05 9.99552E-05
9.99642E-05 0.175962 0.281306 9.99642E-05 9.99642E-05 0.287465 0.254866 9.99642E-05
9.99641E-05 0.0080938 9.99641E-05 0.0203222 0.347536 0.623648 9.99641E-05 9.99641E-05
9.9973E-05 0.252628 9.9973E-05 0.186711 0.172358 0.28375 0.104253 9.9973E-05
0.42131 9.99641E-05 0.208885 9.99641E-05 0.100177 9.99641E-05 9.99641E-05 0.269229
9.9982E-05 0.0985672 0.19407 0.300925 0.00172043 9.9982E-05 0.291636 0.112882
9.99642E-05 0.28733 9.99642E-05 0.462688 0.126324 9.99642E-05 0.123258 9.99642E-05
0.433568 9.9964E-05 0.433984 9.9964E-05 9.9964E-05 9.9964E-05 0.0560652 0.0759833
9.996E-05 9.996E-05 9.996E-05 0.0423382 0.556837 0.364054 0.0363714 9.996E-05
9.99552E-05 9.99552E-05 0.000884815 9.99552E-05 0.713029 9.99552E-05 0.285586 9.99552E-05
9.99731E-05 0.101679 0.174189 0.295145 0.0725511 9.99731E-05 0.356136 9.99731E-05
0.064307 0.191551 0.0545229 9.9982E-05 9.9982E-05 0.16874 0.379168 0.141511
0.204937 0.27119 0.0857987 0.0634287 9.9982E-05 9.9982E-05 0.256343 0.118102
9.99641E-05 9.99641E-05 0.787716 0.0331262 0.0613341 9.99641E-05 9.99641E-05 0.117424
0.00974058 9.9973E-05 0.115404 0.229095 9.9973E-05 0.0991389 9.9973E-05 0.546321
0.0770384 9.99642E-05 9.99642E-05 0.0787465 9.99642E-05 0.0776753 0.76614 9.99642E-05
9.99552E-05 9.99552E-05 0.555205 0.00571841 0.438577 9.99552E-05 9.99552E-05 9.99552E-05
0.0987024 0.177487 9.99732E-05 9.99732E-05 0.00124211 0.0543467 9.99732E-05 0.667922
0.410329 9.99641E-05 0.111897 0.356225 9.99641E-05 9.99641E-05 0.12115 9.99641E-05
0.114389 9.99731E-05 0.161984 9.99731E-05 9.99731E-05 0.0116607 0.129963 0.581703
9.9973E-05 0.0927474 9.9973E-05 9.9973E-05 0.251781 0.0813681 0.369567 0.204237
0.0644786 0.314597 9.99731E-05 9.99731E-05 0.165132 9.99731E-05 0.0709415 0.384551
9.99552E-05 9.99552E-05 0.417807 9.99552E-05 0.347934 9.99552E-05 9.99552E-05 0.233759
0.153458 9.99553E-05 9.99553E-05 0.3568 0.489242 9.99553E-05 9.99553E-05 9.99553E-05
0.14862 0.169065 0.159987 9.9991E-05 0.0709194 0.00274991 0.244941 0.203618
9.99731E-05 9.99731E-05 0.0535295 9.99731E-05 0.100173 0.457192 0.119872 0.268933
0.140316 0.106389 9.99731E-05 9.99731E-05 0.374562 0.245036 0.133398 9.99731E-05
0.292268 0.0599293 9.99821E-05 0.222617 0.23877 0.164889 0.0213267 9.99821E-05
0.0606745 0.192344 9.99731E-05 0.042505 0.207093 9.99731E-05 9.99731E-05 0.497083
9.9991E-05 0.053538 0.346776 0.00975205 0.00360735 0.372317 0.186205 0.0277043
0.165287 0.15728 0.086463 0.0301017 9.9991E-05 0.0447093 0.0243374 0.491721
9.99821E-05 0.19102 9.99821E-05 0.0311751 0.018093 0.370538 0.0430406 0.345934
0.235123 0.0579385 9.99641E-05 9.99641E-05 9.99641E-05 0.654686 9.99641E-05 0.0518527
0.10773 0.245862 0.129076 0.0486385 0.111107 0.327524 9.9991E-05 0.029963
0.24768 0.0330268 0.0201329 9.99733E-05 9.99733E-05 0.327476 9.99733E-05 0.371384
9.99641E-05 0.20446 9.99641E-05 9.99641E-05 0.0799291 9.99641E-05 0.153427 0.561784
9.9964E-05 9.9964E-05 0.0125315 9.9964E-05 9.9964E-05 0.236517 0.385657 0.364894
0.071254 0.160154 9.99642E-05 0.375722 0.392471 9.99642E-05 9.99642E-05 9.99642E-05
0.337175 0.0473001 0.0442822 9.9982E-05 0.0710738 0.252259 0.247709 9.9982E-05
9.99552E-05 9.99552E-05 9.99552E-05 9.99552E-05 9.99552E-05 0.415774 0.263362 0.320364
9.99642E-05 0.0638512 0.548584 9.99642E-05 0.277814 9.99642E-05 9.99642E-05 0.10935
0.171329 0.0564832 0.543737 0.00273193 0.0917475 0.0584712 9.99911E-05 0.0754
9.9973E-05 9.9973E-05 0.145381 9.9973E-05 0.65031 0.0425366 0.111162 0.0503103
0.127649 9.99553E-05 0.363408 9.99553E-05 0.508443 9.99553E-05 9.99553E-05 9.99553E-05
0.010946 0.152245 0.478289 0.157362 9.9982E-05 0.0346724 9.9982E-05 0.166286
9.9973E-05 0.146707 9.9973E-05 0.0916997 0.571659 0.052278 9.9973E-05 0.137356
9.99641E-05 9.99641E-05 0.475359 9.99641E-05 9.99641E-05 0.0640643 0.291998 0.168179
9.9973E-05 0.339599 9.9973E-05 9.9973E-05 0.393547 0.234423 0.00623658 0.0258941
0.537811 9.9964E-05 0.368621 9.9964E-05 0.00939848 0.0837699 9.9964E-05 9.9964E-05
9.99551E-05 0.0461298 9.99551E-05 9.99551E-05 9.99551E-05 9.99551E-05 0.784809 0.168561
0.0903924 9.99731E-05 0.212807 0.0354618 9.99731E-05 9.99731E-05 0.0752311 0.585808
0.346765 0.0211052 0.0179857 9.998E-05 9.998E-05 0.175701 0.315862 0.122382
9.99731E-05 0.000239426 9.99731E-05 9.99731E-05 0.508536 0.113938 0.0858867 0.2911
0.17286 0.255913 0.253635 9.9991E-05 0.00456667 0.156446 0.148683 0.00779598
0.283717 0.0149243 0.0165194 9.99821E-05 0.0514344 0.104383 9.99821E-05 0.528823
0.188879 9.99731E-05 0.0371222 0.195798 9.99731E-05 9.99731E-05 0.290612 0.28729
0.252307 0.247899 0.0880957 0.224268 0.0490302 0.0621643 0.0161104 0.0601253
0.545154 0.120123 9.99821E-05 0.0586791 0.0360706 0.235085 0.00468781 9.99821E-05
9.99642E-05 0.264596 0.233018 9.99642E-05 0.253397 9.99642E-05 9.99642E-05 0.24859
0.0368252 0.125885 0.194915 9.9991E-05 0.000596626 0.125625 0.0434686 0.472584
9.99643E-05 9.99643E-05 0.0541607 9.99643E-05 0.0400594 9.99643E-05 0.0794094 0.825971
0.177487 0.143995 0.277604 9.99821E-05 9.99821E-05 0.0671869 0.00769666 0.325831
9.99553E-05 9.99553E-05 0.11763 9.99553E-05 0.0313816 0.850489 9.99553E-05 9.99553E-05
0.120575 0.167968 0.225249 0.228364 0.120464 9.9991E-05 0.0832383 0.0540406
0.197519 9.99731E-05 0.30542 0.0432168 9.99731E-05 9.99731E-05 0.114354 0.339191
9.99731E-05 0.0825922 0.410653 9.99731E-05 9.99731E-05 0.131332 0.0590541 0.316069
9.99642E-05 0.289993 0.0544076 9.99642E-05 9.99642E-05 0.255194 9.99642E-05 0.400006
0.236102 0.00795868 9.99821E-05 0.206139 0.0888994 9.99821E-05 0.113826 0.346874
0.123457 9.99642E-05 0.141599 0.0884475 0.646097 9.99642E-05 9.99642E-05 9.99642E-05
0.479256 9.997E-05 9.997E-05 0.0161833 9.997E-05 0.0435024 0.080739 0.380019
9.99731E-05 0.285367 9.99731E-05 9.99731E-05 0.227798 0.137431 0.125133 0.223972
0.0632296 0.265436 9.9991E-05 0.0158494 0.142345 0.277661 0.00387838 0.231502
0.300696 0.167629 9.99732E-05 9.99732E-05 0.290486 9.99732E-05 0.0390484 0.20184
0.140132 9.99551E-05 9.99551E-05 9.99551E-05 0.325154 9.99551E-05 0.534214 9.99551E-05
0.237184 9.99731E-05 0.167911 0.208293 9.99731E-05 0.203922 0.18239 9.99731E-05
0.472706 9.99641E-05 9.99641E-05 0.233237 9.99641E-05 0.0180464 9.99641E-05 0.275611
9.99464E-05 9.99464E-05 9.99464E-05 9.99464E-05 9.99464E-05 0.267724 0.731676 9.99464E-05
0.141983 0.308638 9.99821E-05 0.140718 0.107076 9.99821E-05 0.164621 0.136764
0.686935 0.0807107 9.99732E-05 0.0558003 9.99732E-05 0.125817 0.0504369 9.99732E-05
0.00532007 9.99821E-05 9.99821E-05 0.293446 0.425469 0.154461 0.117222 0.00388259
0.692497 0.144943 9.9982E-05 9.9982E-05 0.060184 0.056961 0.0407214 0.0044933
0.155596 0.146966 0.0381418 0.0879763 0.277129 0.152931 0.0268802 0.114379
0.151155 0.145531 0.0191892 0.137096 0.281381 0.00334117 0.262207 9.9991E-05
0.414524 0.0765327 9.9964E-05 0.0418856 9.9964E-05 0.466657 9.9964E-05 9.9964E-05
9.99731E-05 0.127277 0.0440506 9.99731E-05 0.064896 9.99731E-05 0.493045 0.270431
0.0103261 9.99641E-05 9.99641E-05 9.99641E-05 0.682221 0.153689 0.153364 9.99641E-05
9.99552E-05 9.99552E-05 0.483107 9.99552E-05 0.490854 9.99552E-05 0.0255387 9.99552E-05
9.99642E-05 0.0141528 9.99642E-05 0.0503126 0.113634 9.99642E-05 0.821501 9.99642E-05
0.0743082 9.99642E-05 0.150895 0.27786 0.496537 9.99642E-05 9.99642E-05 9.99642E-05
9.994E-05 9.994E-05 9.994E-05 0.9993 9.994E-05 9.994E-05 9.994E-05 9.994E-05
0.121684 0.111878 9.9973E-05 9.9973E-05 0.045478 0.0925809 9.9973E-05 0.628079
0.0735883 0.0079328 0.0474775 9.9991E-05 0.34457 0.262985 0.0854987 0.177848
0.289838 9.99641E-05 9.99641E-05 0.000534366 0.218652 9.99641E-05 9.99641E-05 0.490576
9.99732E-05 9.99732E-05 0.257248 0.18119 0.0991727 9.99732E-05 0.0161828 0.445906
0.225117 9.99732E-05 9.99732E-05 0.0278629 0.083313 0.0260893 9.99732E-05 0.637318
0.0374468 0.0302162 9.99821E-05 0.350506 9.99821E-05 0.0408755 0.238293 0.302463
0.324602 0.135931 9.997E-05 9.997E-05 0.0849399 9.997E-05 0.345805 0.108423
0.00139094 0.201159 9.99641E-05 9.99641E-05 9.99641E-05 9.99641E-05 0.15269 0.64436
9.99553E-05 9.99553E-05 0.0589876 9.99553E-05 9.99553E-05 9.99553E-05 0.696054 0.244459
9.99647E-05 0.0213354 0.16752 0.0456522 9.99647E-05 9.99647E-05 9.99647E-05 0.765092
9.99463E-05 9.99463E-05 9.99463E-05 9.99463E-05 0.319104 9.99463E-05 0.680297 9.99463E-05
0.134891 0.0125772 0.369129 0.254465 9.99821E-05 0.178466 0.0502718 9.99821E-05
9.99731E-05 0.0859934 9.99731E-05 9.99731E-05 0.05155 0.332778 0.117082 0.412298
0.548215 9.994E-05 9.994E-05 9.994E-05 9.994E-05 9.994E-05 9.994E-05 0.451186
0.0535471 0.139112 0.356193 0.0140417 9.9991E-05 0.0312009 0.237924 0.16788
9.99641E-05 9.99641E-05 0.00644625 9.99641E-05 0.467723 0.146118 9.99641E-05 0.379313
0.261511 9.99641E-05 9.99641E-05 9.99641E-05 0.205717 0.0358997 0.496473 9.99641E-05
9.99553E-05 9.99553E-05 9.99553E-05 9.99553E-05 0.427115 9.99553E-05 0.16733 0.405055
9.99641E-05 9.99641E-05 9.99641E-05 0.124636 9.99641E-05 0.168295 0.059731 0.646939
0.028293 9.99642E-05 9.99642E-05 0.143523 0.273507 9.99642E-05 9.99642E-05 0.554277
9.99552E-05 9.99552E-05 9.99552E-05 9.99552E-05 0.207151 0.569517 0.222832 9.99552E-05
0.167246 9.9973E-05 0.0737054 0.055806 0.303067 9.9973E-05 9.9973E-05 0.399876
0.149173 0.295399 9.997E-05 9.997E-05 9.997E-05 0.347361 0.192986 0.014782
9.9973E-05 0.189026 0.424448 9.9973E-05 9.9973E-05 0.12231 0.0823392 0.181577
9.99732E-05 0.0266336 9.99732E-05 0.424645 0.0207366 9.99732E-05 0.140118 0.387567
0.0748836 0.136417 9.99731E-05 0.118306 9.99731E-05 9.99731E-05 0.251316 0.418778
0.369357 9.99642E-05 0.0694466 9.99642E-05 0.399187 0.161609 9.99642E-05 9.99642E-05
9.9973E-05 0.082284 9.9973E-05 0.028562 0.30914 9.9973E-05 0.0390159 0.540698
0.4129 0.077045 0.110533 0.0947884 0.00549404 0.29904 9.9982E-05 9.9982E-05
0.0127418 0.0940093 0.379871 0.296529 9.9973E-05 9.9973E-05 9.9973E-05 0.216549
0.145022 0.191696 9.99821E-05 0.318578 0.179603 0.0842388 9.99821E-05 0.0806635
9.99642E-05 9.99642E-05 9.99642E-05 0.285328 0.0374351 0.0165403 9.99642E-05 0.660297
9.99553E-05 9.99553E-05 0.00233453 0.113225 9.99553E-05 9.99553E-05 9.99553E-05 0.88394
9.99554E-05 9.99554E-05 9.99554E-05 0.251977 9.99554E-05 9.99554E-05 0.0507327 0.696791
0.464244 9.99642E-05 0.16477 9.99642E-05 0.276775 9.99642E-05 9.99642E-05 0.0938117
9.99641E-05 9.99641E-05 0.0582816 9.99641E-05 9.99641E-05 0.442699 0.0179706 0.480649
9.99642E-05 9.99642E-05 0.641884 0.0648895 0.153219 9.99642E-05 0.139608 9.99642E-05
0.0550464 9.99553E-05 9.99553E-05 0.208662 0.735792 9.99553E-05 9.99553E-05 9.99553E-05
0.32596 0.0388513 0.114793 0.180401 9.9982E-05 9.9982E-05 0.216091 0.123703
0.441649 9.99552E-05 9.99552E-05 0.437621 0.12023 9.99552E-05 9.99552E-05 9.99552E-05
0.0133912 0.179206 0.217897 0.0303412 0.0636537 0.0455426 0.449868 9.9991E-05
0.238653 9.9982E-05 0.0945223 9.9982E-05 0.0529651 0.00246209 0.0766712 0.534526
9.994E-05 0.9993 9.994E-05 9.994E-05 9.994E-05 9.994E-05 9.994E-05 9.994E-05
9.99641E-05 0.0481156 9.99641E-05 0.181585 9.99641E-05 9.99641E-05 0.372381 0.397518
9.99642E-05 0.220168 9.99642E-05 9.99642E-05 0.402382 9.99642E-05 0.0890908 0.287959
9.99642E-05 0.394569 0.476684 9.99642E-05 9.99642E-05 0.0531943 0.0751535 9.99642E-05
0.567925 0.02639 0.193442 0.069917 9.99731E-05 9.99731E-05 9.99731E-05 0.142026
0.281713 0.181612 0.120706 9.99731E-05 9.99731E-05 0.201042 9.99731E-05 0.214627
9.99731E-05 9.99731E-05 0.462221 0.0138465 0.0602492 9.99731E-05 0.00658649 0.456797
0.0725633 0.0382589 0.403581 0.0555036 9.99731E-05 9.99731E-05 9.99731E-05 0.429793
0.00788727 0.0138166 0.0061045 9.99821E-05 0.782691 9.99821E-05 0.139297 0.0500034
0.0427531 0.0635182 0.225361 0.362899 9.99821E-05 0.149223 9.99821E-05 0.156046
9.99642E-05 9.99642E-05 0.328618 0.206165 0.272855 9.99642E-05 9.99642E-05 0.191962
0.0739923 0.155272 0.103122 0.18178 9.99821E-05 9.99821E-05 0.295488 0.190144
9.99642E-05 0.0177209 0.258849 9.99642E-05 9.99642E-05 9.99642E-05 0.0718893 0.651141
0.284272 9.99731E-05 9.99731E-05 0.0359549 0.278641 9.99731E-05 0.204631 0.196201
9.994E-05 0.9993 9.994E-05 9.994E-05 9.994E-05 9.994E-05 9.994E-05 9.994E-05
0.510389 0.237483 9.99551E-05 9.99551E-05 9.99551E-05 9.99551E-05 9.99551E-05 0.251628
0.131377 9.99552E-05 9.99552E-05 9.99552E-05 0.230914 9.99552E-05 9.99552E-05 0.63721
0.0525905 0.158463 0.342078 9.99821E-05 0.176365 0.247692 9.99821E-05 0.022612
0.536157 0.246064 9.99642E-05 9.99642E-05 9.99642E-05 0.200421 9.99642E-05 0.0169575
0.0672805 9.9964E-05 9.9964E-05 9.9964E-05 0.40367 0.277333 9.9964E-05 0.251317
9.99641E-05 9.99641E-05 0.464491 9.99641E-05 9.99641E-05 0.0975021 0.142168 0.295439
9.99553E-05 9.99553E-05 0.346049 9.99553E-05 9.99553E-05 0.0755571 9.99553E-05 0.577895
9.99643E-05 0.144795 0.19852 9.99643E-05 0.286969 9.99643E-05 9.99643E-05 0.369317
0.043818 0.0332046 0.0965905 0.0397245 0.417871 0.0238084 0.0923749 0.252608
9.99731E-05 9.99731E-05 0.116919 0.0396206 9.99731E-05 0.218308 0.263398 0.361456
0.0397806 9.9982E-05 0.330687 0.0178717 0.0367736 0.143107 9.9982E-05 0.43158
9.99731E-05 9.99731E-05 0.260756 0.122907 0.16691 0.303286 9.99731E-05 0.145841
9.99731E-05 0.00383064 9.99731E-05 9.99731E-05 0.278873 0.119215 0.339322 0.258459
0.0275651 9.99821E-05 0.0358849 9.99821E-05 0.114696 0.408985 0.174774 0.237894
0.289228 9.99552E-05 0.18463 9.99552E-05 9.99552E-05 9.99552E-05 9.99552E-05 0.525642
0.116768 0.195516 9.99911E-05 0.0167394 0.185175 0.0698435 0.116364 0.299495
9.99731E-05 9.99731E-05 0.0386969 0.823333 0.1257 9.99731E-05 0.000832992 0.0111369
0.0544855 9.99731E-05 9.99731E-05 0.109848 0.67383 0.101924 9.99731E-05 0.0596132
0.334519 9.99731E-05 0.0944653 0.190844 0.00525625 0.374615 9.99731E-05 9.99731E-05
0.106947 0.521346 9.99731E-05 0.11538 0.22049 0.0355375 9.99731E-05 9.99731E-05
0.361768 0.213263 9.997E-05 0.202692 9.997E-05 0.145621 0.0763562 9.997E-05
0.321241 0.0676741 0.0043498 9.9982E-05 0.152253 9.9982E-05 0.163362 0.29092
0.105835 0.0450238 9.99732E-05 9.99732E-05 0.00973479 9.99732E-05 0.107895 0.731211
9.9946E-05 9.9946E-05 9.9946E-05 0.925898 9.9946E-05 0.0735026 9.9946E-05 9.9946E-05
0.254538 0.088408 0.318502 9.99821E-05 9.99821E-05 0.214902 0.0252933 0.0981574
9.99731E-05 0.142752 0.0104163 0.0956459 0.0289684 9.99731E-05 9.99731E-05 0.721918
9.99731E-05 9.99731E-05 0.416231 0.00906164 0.273275 9.99731E-05 0.221814 0.0793187
9.99641E-05 9.99641E-05 9.99641E-05 0.111499 0.667725 0.10838 9.99641E-05 0.111996
