0.0474511 0.0166135 0.0284803 0.282521 0.0442572 0.580676
0.0727423 0.22642 0.195962 0.0894398 0.0240146 0.391422
0.0946206 0.125032 0.155961 0.094626 0.222537 0.307223
0.112418 9.9991E-05 0.213051 0.0980629 0.0988726 0.477495
0.0497311 0.130433 0.166634 0.309626 0.22158 0.121996
0.135022 0.203985 0.16237 0.191509 0.0246832 0.282431
0.0645677 9.9991E-05 0.011542 0.131514 0.215848 0.576429
9.9982E-05 9.9982E-05 0.3756 0.146439 0.150532 0.327229
0.0247636 0.224867 0.10688 0.413134 0.082562 0.147793
0.22837 0.184795 9.9982E-05 0.315847 0.270789 9.9982E-05
0.167135 0.721306 0.0277206 0.0836382 9.9982E-05 9.9982E-05
0.0357231 0.0800403 9.9982E-05 0.66695 0.217086 9.9982E-05
9.999E-05 0.214621 0.225547 0.139755 0.137726 0.282251
0.101372 9.9991E-05 0.201337 0.357001 0.126033 0.214157
0.03951 0.745209 0.214981 9.9973E-05 9.9973E-05 9.9973E-05
0.00891401 0.00440652 0.488505 0.214381 0.283693 9.9991E-05
0.0741026 0.690146 0.235451 9.9973E-05 9.9973E-05 9.9973E-05
0.073608 0.110479 0.10121 0.0373709 0.39123 0.286102
9.999E-05 0.142044 0.214508 0.347238 0.0535758 0.242534
0.0555521 0.216237 0.271767 9.9991E-05 0.0670043 0.38934
0.0601084 0.204688 0.19642 0.217911 0.0232759 0.297598
0.0210366 0.540237 0.0469963 0.100292 9.9991E-05 0.291337
0.0152223 0.0318337 0.318689 0.275545 0.186515 0.172195
9.9982E-05 0.142149 0.278872 9.9982E-05 0.309314 0.269465
0.186728 0.74848 9.9973E-05 0.0644919 9.9973E-05 9.9973E-05
0.0446394 0.290639 0.0992586 0.109069 0.173799 0.282594
0.155316 0.131558 0.206011 0.0622896 0.233696 0.21113
0.0828021 0.28388 0.146915 0.154401 0.155261 0.176742
0.115712 0.561581 9.9982E-05 9.9982E-05 0.102736 0.219771
9.9982E-05 0.000514082 0.161311 9.9982E-05 0.697017 0.140957
0.0441824 0.624659 0.0385923 0.253651 0.0388156 9.9991E-05
0.115669 0.182119 9.9991E-05 0.556022 0.00670098 0.13939
9.999E-05 0.056879 0.332816 0.043239 0.173696 0.393269
0.105401 0.228811 0.24892 9.9991E-05 0.0703099 0.346458
0.0958813 0.509906 9.9991E-05 0.160007 0.0902191 0.143886
9.9973E-05 9.9973E-05 9.9973E-05 0.459602 0.0711471 0.468951
0.192581 9.9982E-05 0.0337651 9.9982E-05 0.0448624 0.728591
0.112047 0.679243 9.9973E-05 0.20841 9.9973E-05 9.9973E-05
0.111894 0.228897 0.212897 0.0334436 0.115937 0.296932
0.0643673 0.113387 0.182952 0.278781 0.107291 0.253222
0.0166382 0.384426 0.276525 9.9982E-05 9.9982E-05 0.322211
0.138603 0.0410031 0.449797 9.9982E-05 9.9982E-05 0.370396
0.0838536 0.00279056 0.185909 0.0606882 0.161168 0.50559
9.99731E-05 0.139043 9.99731E-05 0.465278 9.99731E-05 0.395379
0.0474813 0.0842737 0.159838 0.638786 0.0695212 9.9991E-05
0.21275 0.163766 9.9991E-05 0.258829 0.0858471 0.278708
0.0189837 0.295335 0.0846387 0.151268 0.052674 0.3971
0.0533604 9.9991E-05 0.23737 0.227394 0.0408282 0.440947
0.0177824 0.540656 0.0783131 0.135139 0.0336003 0.194509
9.9991E-05 0.193483 0.163154 0.393669 0.132496 0.117098
0.0304896 0.515584 9.9982E-05 0.26847 0.185256 9.9982E-05
0.0310505 9.9991E-05 0.343686 0.487235 0.119134 0.0187942
0.0426107 9.9982E-05 0.736536 9.9982E-05 0.0700306 0.150623
0.214918 9.9982E-05 0.262206 9.9982E-05 0.295819 0.226857
9.9973E-05 9.9973E-05 0.232578 0.76701 0.000111606 9.9973E-05
0.1156 0.181509 9.9991E-05 0.162267 0.141918 0.398606
0.0452748 9.9964E-05 9.9964E-05 0.954325 9.9964E-05 9.9964E-05
9.9982E-05 0.256871 9.9982E-05 0.434773 0.0612136 0.246943
0.00612754 0.33778 0.263197 0.156861 0.00580004 0.230235
0.11758 0.185121 0.0630962 0.399942 0.079596 0.154666
9.9982E-05 0.231058 0.151238 9.9982E-05 0.0639665 0.553537
0.111139 0.533276 0.0540968 9.9991E-05 0.084663 0.216725
9.9991E-05 0.402732 0.0342248 0.19464 0.0384867 0.329817
0.0323465 9.9982E-05 0.0938143 0.00946895 0.86417 9.9982E-05
0.148278 0.200732 0.0859356 0.0597533 9.9991E-05 0.505201
0.0426816 9.9982E-05 0.115806 0.0282757 9.9982E-05 0.813036
0.146109 9.9991E-05 0.0901671 0.193848 0.01591 0.553866
9.9982E-05 0.428013 9.9982E-05 0.0707056 0.0235939 0.477487
9.9964E-05 0.457772 9.9964E-05 9.9964E-05 9.9964E-05 0.541828
0.0480763 0.111589 0.329257 0.0150225 0.305067 0.190988
0.162098 9.9973E-05 9.9973E-05 0.700145 0.137457 9.9973E-05
9.9982E-05 0.300942 0.263196 9.9982E-05 0.0794643 0.356198
0.0205405 0.425925 0.07707 9.9991E-05 0.215538 0.260827
0.114641 0.436307 0.310929 0.013253 0.050872 0.0739983
0.186918 0.467938 0.100827 0.0146195 0.0802317 0.149466
0.0387513 9.9973E-05 0.536137 0.424812 9.9973E-05 9.9973E-05
0.0468932 9.9991E-05 0.0162571 0.173065 0.250107 0.513577
9.9982E-05 0.413779 0.0981995 9.9982E-05 0.0437049 0.444116
9.9973E-05 0.474455 0.0694278 9.9973E-05 9.9973E-05 0.455817
0.0461808 0.27198 0.0660443 9.9991E-05 0.192493 0.423202
9.9991E-05 0.210044 0.214178 0.0732763 0.116486 0.385916
0.0563843 0.164472 0.00092606 0.331531 0.0773614 0.369325
0.067953 0.0668807 0.102083 0.575758 0.150498 0.0368267
0.0721237 0.183084 0.361791 0.119858 0.189083 0.0740598
9.9982E-05 0.0215456 9.9982E-05 0.0924274 0.275468 0.610359
0.0986377 0.160405 0.250797 0.288212 9.9991E-05 0.201848
0.0078679 0.0237656 9.9991E-05 0.246698 0.0643642 0.657205
0.0714913 9.9982E-05 0.00452445 0.75598 0.167804 9.9982E-05
0.0902488 0.235344 0.246657 9.9991E-05 0.230512 0.197139
0.00773767 0.134009 0.1162 0.489093 9.9991E-05 0.252861
0.0655899 9.9964E-05 9.9964E-05 9.9964E-05 0.93401 9.9964E-05
0.129477 0.60214 0.0349272 0.216991 0.0163641 9.9991E-05
0.00377746 0.179521 0.0989104 0.0994384 0.0792986 0.539054
9.9991E-05 0.40131 0.311031 0.0962071 0.101875 0.0894758
0.0582881 0.200483 9.9973E-05 9.9973E-05 9.9973E-05 0.740929
0.0259672 0.0786992 0.237517 9.9991E-05 0.121573 0.536144
0.0725657 0.0114977 0.373252 0.319478 9.9991E-05 0.223106
0.104223 9.9982E-05 9.9982E-05 0.350194 0.0450806 0.500303
9.9982E-05 0.163477 9.9982E-05 0.126471 0.667839 0.0420122
9.9991E-05 0.543968 0.163671 0.0617466 0.124478 0.106037
9.9991E-05 0.306811 0.0204758 0.263406 0.212175 0.197032
9.9964E-05 9.9964E-05 9.9964E-05 0.00235507 0.997245 9.9964E-05
0.145617 0.383776 0.213787 0.0522329 0.0624695 0.142117
0.99615 9.99639E-05 9.99639E-05 9.99639E-05 0.00345048 9.99639E-05
0.0862511 0.125958 0.502622 0.271444 0.0136242 9.9991E-05
9.9982E-05 0.262174 0.417371 0.178927 9.9982E-05 0.141328
9.9982E-05 0.105513 0.264193 0.283523 9.9982E-05 0.346571
0.0525684 0.0688503 0.371882 0.202965 0.0418778 0.261857
0.046902 0.447207 0.154409 0.142065 0.14965 0.0597672
9.9982E-05 0.322239 0.157204 0.116312 9.9982E-05 0.404044
0.121412 0.213969 0.166996 9.9991E-05 0.0308418 0.46668
0.0478005 0.327271 9.9982E-05 0.372676 0.252053 9.9982E-05
0.0728942 0.097075 0.454044 0.187044 0.00286318 0.18608
0.0587729 0.287798 0.147944 0.0077908 0.440141 0.0575528
0.0995624 0.0127524 0.243357 9.9991E-05 0.0235916 0.620637
9.99641E-05 9.99641E-05 9.99641E-05 0.119379 0.880221 9.99641E-05
0.21072 0.458021 0.255801 0.0187907 9.9991E-05 0.0565678
0.0852964 9.9991E-05 0.105673 0.214571 0.126802 0.467557
0.0182911 0.259442 0.0542705 0.15554 0.0527719 0.459685
0.0532813 0.25402 9.9991E-05 0.398625 0.229979 0.0639946
0.115005 0.0329878 0.18045 9.9991E-05 0.0633202 0.608137
9.9973E-05 0.251262 9.9973E-05 9.9973E-05 0.647947 0.100491
0.0751355 0.185886 9.9991E-05 0.127526 0.240737 0.370616
0.052231 0.217628 0.406261 0.275384 9.9991E-05 0.0483961
9.9982E-05 0.150865 0.0954945 0.495239 0.258202 9.9982E-05
9.9982E-05 0.207073 0.353669 0.293166 0.145893 9.9982E-05
9.9982E-05 0.540741 0.131647 0.100382 9.9982E-05 0.22703
0.0135697 0.323704 9.9991E-05 0.132297 0.140357 0.389972
9.9973E-05 9.9973E-05 0.114509 0.668634 9.9973E-05 0.216557
0.0610651 0.7767 9.9973E-05 0.161935 9.9973E-05 9.9973E-05
9.9982E-05 0.0942644 9.9982E-05 0.0657878 0.0925452 0.747203
0.0258743 0.0422413 0.0776693 0.0265098 0.171441 0.656264
9.9982E-05 0.343405 9.9982E-05 0.217501 0.359814 0.0790811
0.0474108 0.131946 0.353881 0.0816487 0.224474 0.16064
0.0716157 0.155172 9.9982E-05 0.167044 9.9982E-05 0.605968
0.0611742 0.410604 9.9982E-05 0.457065 0.070957 9.9982E-05
9.996E-05 9.996E-05 0.9995 9.996E-05 9.996E-05 9.996E-05
9.996E-05 9.996E-05 0.9995 9.996E-05 9.996E-05 9.996E-05
0.0530042 0.074506 0.199171 0.339237 0.0426485 0.291433
0.0585336 0.313925 9.9982E-05 9.9982E-05 0.042025 0.585316
0.103823 9.9991E-05 0.105558 0.306206 0.18757 0.296743
0.102703 0.679411 0.186305 0.0212528 0.0102273 9.9991E-05
0.0587025 0.323781 9.9982E-05 0.342154 9.9982E-05 0.275162
0.0459735 0.200537 9.9991E-05 0.376059 0.144721 0.23261
0.0392468 9.9982E-05 0.205336 9.9982E-05 0.112912 0.642305
9.9982E-05 0.153086 0.0537131 9.9982E-05 0.623282 0.169718
0.0844469 0.18424 0.348032 0.100146 0.024862 0.258273
9.996E-05 9.996E-05 9.996E-05 9.996E-05 0.9995 9.996E-05
0.185243 9.9991E-05 0.0781214 0.0436466 0.13388 0.559009
0.283024 9.9973E-05 0.274264 9.9973E-05 9.9973E-05 0.442412
0.104389 0.0884428 0.111639 0.643579 9.9991E-05 0.0518502
0.151937 0.11725 0.430873 0.173561 0.00964909 0.11673
0.0724261 0.0271387 0.209984 0.292308 0.33325 0.064893
0.0613693 0.188933 0.258666 0.121527 0.230292 0.139213
9.9982E-05 9.9982E-05 0.14924 0.607338 0.191077 0.0521453
9.9982E-05 0.324405 0.379868 9.9982E-05 0.226308 0.0692188
0.00188965 0.117811 0.144017 0.353295 0.0210294 0.361958
0.0304958 0.0980992 0.122676 0.315159 0.300597 0.132974
9.9982E-05 9.9982E-05 0.0733075 0.0343258 0.0672498 0.824917
0.0275879 0.319885 0.132055 0.0987439 0.0812823 0.340446
0.0627299 0.643904 9.9991E-05 0.0310408 0.0704588 0.191767
9.996E-05 9.996E-05 9.996E-05 9.996E-05 0.9995 9.996E-05
0.0260791 0.0250418 0.322399 0.206057 0.372195 0.0482273
0.0833688 9.9973E-05 0.590821 9.9973E-05 9.9973E-05 0.32551
0.062594 0.0776927 0.102102 0.37368 0.140163 0.243768
0.0404913 9.9982E-05 9.9982E-05 0.0201347 0.170044 0.76913
9.9982E-05 0.193208 0.10686 0.28288 9.9982E-05 0.416852
0.117859 0.0109081 0.450634 0.250692 0.0245112 0.145395
9.996E-05 9.996E-05 0.9995 9.996E-05 9.996E-05 9.996E-05
9.9991E-05 0.336713 0.037718 0.0628067 0.316312 0.24635
0.00369894 0.153534 0.19052 0.48422 0.167928 9.9991E-05
0.17629 9.9991E-05 0.343056 0.312471 0.106429 0.0616544
9.9982E-05 9.9982E-05 0.125139 0.249348 0.171355 0.453958
0.108752 0.0350005 0.265955 0.458253 9.9991E-05 0.13194
0.0120682 0.254214 0.0749268 0.114663 9.9991E-05 0.544028
0.179425 0.185262 0.0777636 0.230578 9.9991E-05 0.32687
9.9982E-05 0.170831 0.184911 0.470942 9.9982E-05 0.173115
0.106952 9.9982E-05 0.273032 0.60771 0.0121061 9.9982E-05
0.9995 9.996E-05 9.996E-05 9.996E-05 9.996E-05 9.996E-05
0.0638011 0.289742 0.319296 0.142679 0.027113 0.157369
9.9973E-05 0.807851 0.157721 9.9973E-05 0.0341289 9.9973E-05
9.9991E-05 0.488624 0.0104656 0.291695 0.193742 0.0153735
0.0236059 0.0195491 0.430651 0.186777 0.093071 0.246346
9.9991E-05 0.0285809 0.117413 0.26697 0.190128 0.396808
0.0239721 0.19761 0.18803 0.325294 0.0974172 0.167676
0.9995 9.996E-05 9.996E-05 9.996E-05 9.996E-05 9.996E-05
0.0412336 0.168063 0.0781543 0.257597 0.0741445 0.380808
0.173681 0.127794 0.168368 0.301065 0.200014 0.0290772
9.9973E-05 0.168243 0.237023 9.9973E-05 9.9973E-05 0.594434
9.9982E-05 0.0176789 0.400672 0.424953 0.156497 9.9982E-05
