9.9973E-05 0.792016 9.9973E-05 0.0412179 9.9973E-05 0.105584 0.0608826
0.231695 0.0937714 0.178073 0.0620906 0.306386 0.127883 9.9991E-05
9.999E-05 0.179289 0.143735 0.051116 0.271102 0.266857 0.0878014
0.133002 0.279831 9.9991E-05 0.0772725 0.0867649 0.316919 0.10611
0.0989641 0.0925263 9.9991E-05 0.126008 0.511481 0.0659564 0.104964
9.9982E-05 0.218768 0.136328 0.0984208 0.508175 9.9982E-05 0.0381081
0.0538011 0.482328 9.9991E-05 0.00411149 0.271448 0.0857344 0.102477
0.189941 0.233043 0.153573 9.9991E-05 0.0178862 0.336679 0.0687774
9.9982E-05 0.15107 0.332984 0.0552129 0.38009 9.9982E-05 0.0804437
0.174205 0.167209 0.0582742 0.295789 0.110354 0.0466554 0.147513
9.999E-05 0.0181376 0.682741 0.124537 0.0608489 0.0992583 0.0143772
0.10047 0.025111 0.441765 9.9982E-05 0.34312 9.9982E-05 0.0893347
0.268655 0.295649 0.0743396 0.0525705 0.166602 0.00939457 0.13279
0.304379 0.168606 0.146823 0.0946225 0.201626 9.9991E-05 0.0838431
9.9964E-05 9.9964E-05 0.867075 9.9964E-05 9.9964E-05 0.0577388 0.0747861
9.9982E-05 0.0172578 9.9982E-05 0.048507 0.23027 0.51524 0.188525
9.9964E-05 9.9964E-05 0.861608 0.0615869 9.9964E-05 0.0764057 9.9964E-05
0.126089 0.267322 0.000356063 0.100412 0.177323 0.12015 0.208348
9.9982E-05 0.261587 0.0725172 9.9982E-05 0.526147 0.062249 0.0773002
0.125322 0.380737 0.156583 0.0224433 0.136865 0.128747 0.049303
0.00691367 0.459863 0.272939 0.0788289 0.0666456 0.0303734 0.0844364
0.013093 0.213585 0.676243 0.0605906 0.0362886 9.9982E-05 9.9982E-05
0.0440038 0.142845 0.0749559 0.0922597 0.378433 0.114519 0.152983
0.315954 0.300534 0.276245 9.9991E-05 0.0337266 0.0524 0.0210408
9.9973E-05 9.9973E-05 0.751245 0.146466 0.0671458 9.9973E-05 0.0348436
0.109876 0.47278 0.200959 0.0532041 0.0123031 0.0827589 0.0681189
0.0221066 0.0566486 0.480716 0.057463 9.9991E-05 0.207798 0.175169
0.104392 0.32239 0.39199 0.110057 0.0687844 9.9991E-05 0.00228734
0.300241 0.31026 0.138129 0.0440966 0.0437188 0.107658 0.0558963
0.668275 0.0447415 0.0376852 9.9991E-05 0.0481261 0.0546771 0.146395
0.218524 9.9982E-05 0.318964 0.0798497 0.345324 9.9982E-05 0.0371386
0.0727679 0.0313242 0.345939 0.104145 0.182403 0.166053 0.0973688
0.275866 0.267393 9.9982E-05 9.9982E-05 0.282175 0.0344009 0.139965
0.227364 0.226074 0.17244 0.0965986 0.0724999 0.0501147 0.154909
0.108659 0.292532 0.353446 0.110833 0.0316225 9.9991E-05 0.102808
9.9955E-05 0.894458 9.9955E-05 9.9955E-05 9.9955E-05 9.9955E-05 0.105042
0.172832 0.298327 9.9991E-05 0.20498 0.240609 0.0316251 0.0515284
9.9964E-05 0.365504 0.540876 0.0932199 9.9964E-05 9.9964E-05 9.9964E-05
0.353879 9.9982E-05 0.112718 0.0492579 0.399105 9.9982E-05 0.0848404
0.16635 0.177571 0.0534448 0.121469 0.0446965 0.253556 0.182912
0.154543 0.120613 0.385441 0.0509332 0.0485763 0.172561 0.0673329
0.259421 0.183693 0.0120726 0.167604 9.9991E-05 0.257278 0.119832
0.292965 0.319241 0.0669196 0.0843261 9.9991E-05 0.16488 0.0715685
0.297677 0.385352 0.109903 9.9973E-05 0.206768 9.9973E-05 9.9973E-05
0.103899 9.9991E-05 0.468571 0.0353652 0.0406253 0.235441 0.115999
0.310259 0.212445 0.109433 0.157866 0.160188 9.9991E-05 0.0497098
0.243073 0.111598 0.0195911 9.9991E-05 0.520343 0.0965722 0.0087231
0.15341 0.107701 9.9991E-05 0.0314765 0.407264 0.246295 0.0537541
0.391113 0.138868 0.190338 0.0514458 9.9991E-05 0.130917 0.0972184
0.0847026 0.134688 0.0351319 9.9991E-05 0.423753 0.209267 0.112358
0.0714722 0.383536 0.176677 0.0708181 0.0527296 0.100104 0.144663
0.157913 9.9982E-05 9.9982E-05 0.0486686 0.404059 0.221306 0.167853
0.159996 9.9982E-05 9.9982E-05 0.0225586 0.169319 0.602679 0.0452481
0.124441 0.0608195 0.0613564 0.237046 0.149798 0.221007 0.145533
0.181717 9.9973E-05 9.9973E-05 0.0258462 0.630913 0.161224 9.9973E-05
0.229659 0.223814 0.142186 0.0937926 0.167541 9.9991E-05 0.142908
9.99641E-05 9.99641E-05 9.99641E-05 0.07138 0.803801 0.124419 9.99641E-05
9.9973E-05 0.319658 9.9973E-05 0.0841944 0.546805 9.9973E-05 0.0490425
9.9991E-05 0.188062 0.109147 0.12569 0.30388 0.181767 0.0913538
0.0728151 0.251091 0.0957854 0.209092 0.168502 0.070973 0.131742
0.564114 0.240692 9.9982E-05 0.0532988 0.105606 9.9982E-05 0.0360893
0.275765 0.137545 0.272984 0.0932151 0.0110135 0.0514764 0.158002
9.9973E-05 0.166993 0.180367 9.9973E-05 0.540782 9.9973E-05 0.111558
0.77566 9.9964E-05 9.9964E-05 9.9964E-05 9.9964E-05 0.0581568 0.165783
0.139098 0.414088 9.9982E-05 0.203547 0.113688 0.129379 9.9982E-05
9.9982E-05 0.786406 9.9982E-05 0.019462 0.00852219 0.11902 0.0663895
0.204398 0.516532 9.9982E-05 0.111578 0.121344 9.9982E-05 0.045948
0.215951 0.228651 0.150232 9.9982E-05 0.365888 9.9982E-05 0.0390778
0.169004 0.69438 0.124023 9.9973E-05 9.9973E-05 9.9973E-05 0.0122935
0.0603795 0.0160701 0.133563 0.167824 0.167706 0.343289 0.111169
0.633726 0.0406265 9.9982E-05 0.23217 0.0523076 9.9982E-05 0.0409695
0.0944022 0.246521 0.336012 9.9991E-05 0.0225301 0.140412 0.160023
0.197457 0.267222 0.199768 0.0513183 0.104385 0.0153855 0.164464
0.165827 9.9982E-05 0.379728 0.0999024 0.164575 0.189768 9.9982E-05
0.262577 0.19049 0.273028 0.167539 9.9991E-05 0.0630851 0.043181
0.271002 9.9982E-05 9.9982E-05 0.132788 0.242301 0.323316 0.0303924
0.272545 0.196158 0.0013283 0.0434513 0.343426 9.9991E-05 0.142992
0.727628 0.111143 9.9982E-05 0.0255612 9.9982E-05 0.0342058 0.101263
0.573306 0.236286 9.9982E-05 0.0247065 0.056449 0.109053 9.9982E-05
0.729617 0.0594003 0.065796 0.020508 9.9982E-05 9.9982E-05 0.124479
0.18384 0.384518 0.0561202 0.00253628 0.0996096 0.170507 0.10287
0.0522323 0.226632 0.00775577 0.157304 0.459281 9.9991E-05 0.0966952
0.492161 0.145543 9.9991E-05 0.0539593 0.208894 0.0372747 0.0620678
0.331597 9.9982E-05 9.9982E-05 0.0692547 0.0655487 0.47314 0.0602596
0.185229 0.607454 0.0933766 0.0229738 9.9982E-05 9.9982E-05 0.0907666
0.00557096 0.338505 0.0517101 0.110647 0.162747 0.33072 9.9991E-05
9.9973E-05 0.599577 0.205534 9.9973E-05 0.140141 9.9973E-05 0.0544474
9.9973E-05 9.9973E-05 0.233866 0.0349496 0.632073 9.9973E-05 0.0988117
0.0487538 0.165762 0.333378 0.149855 0.107328 0.0598223 0.135101
9.9982E-05 0.400226 0.145665 9.9982E-05 0.340156 0.0634786 0.0502743
0.855207 9.9973E-05 0.00853905 0.00128352 9.9973E-05 9.9973E-05 0.134671
9.9982E-05 0.193049 0.467325 0.15036 0.126625 9.9982E-05 0.0624404
0.0303682 0.192654 0.134925 9.9991E-05 0.397422 0.0829269 0.161604
0.137716 0.0444126 0.435549 9.9991E-05 0.0641329 0.2218 0.0962904
0.0430955 0.465122 0.000135755 0.128765 0.00407041 0.29164 0.0671716
0.336587 0.384432 0.0521759 9.9991E-05 0.0582433 0.120582 0.0478803
0.00782684 0.518286 9.9982E-05 0.193899 0.0497213 0.230068 9.9982E-05
0.313031 0.0781047 0.00423755 0.142817 0.461609 9.9982E-05 9.9982E-05
0.0674501 0.186717 0.158825 9.9982E-05 0.386425 9.9982E-05 0.200383
0.22517 0.0697319 0.457411 9.9982E-05 0.220378 0.0271099 9.9982E-05
0.15189 0.149978 0.207091 0.0437999 0.36141 9.9991E-05 0.0857306
0.910816 9.9955E-05 9.9955E-05 9.9955E-05 9.9955E-05 9.9955E-05 0.088684
0.0424811 0.0478704 0.304541 0.128035 0.2424 0.187668 0.0470044
9.99549E-05 9.99549E-05 9.99549E-05 0.976905 9.99549E-05 9.99549E-05 0.0225948
0.0150731 0.163607 0.15978 0.0534702 0.0201733 0.517202 0.0706946
0.0759189 0.109008 0.196175 9.9982E-05 0.308675 0.310024 9.9982E-05
9.9982E-05 0.120405 0.371812 0.0226725 0.198492 0.286418 9.9982E-05
9.9982E-05 0.422709 9.9982E-05 0.0491812 0.160417 0.248699 0.118794
0.501407 9.9973E-05 0.38189 0.0775835 9.9973E-05 9.9973E-05 0.0388196
0.0774139 0.566323 0.284144 9.9973E-05 9.9973E-05 9.9973E-05 0.0718195
9.9991E-05 0.346311 0.0923139 0.165189 0.214678 0.0807676 0.100641
0.072288 0.00207977 0.0588049 0.058853 0.628906 0.0358299 0.143238
0.22533 0.080106 9.9991E-05 0.0644079 0.183246 0.394211 0.052599
0.24295 0.0336242 0.496686 0.0164356 0.114131 9.9991E-05 0.0960724
0.270034 0.336164 0.230706 0.0956924 9.9982E-05 0.067204 9.9982E-05
0.715503 9.9964E-05 9.9964E-05 9.9964E-05 0.153582 9.9964E-05 0.130515
9.9991E-05 0.110083 0.417094 0.193056 0.149654 0.128105 0.00190893
0.0320884 0.66207 0.018938 0.0828913 9.9991E-05 0.117713 0.0861993
0.386659 0.237275 9.9982E-05 9.9982E-05 0.280533 0.0893019 0.00603223
0.0714773 0.29647 0.433296 0.0761332 9.9991E-05 0.0189259 0.103597
0.139035 0.227752 0.0725 0.169422 0.247741 0.0238215 0.119729
0.227733 0.12244 0.156267 0.0539671 0.194005 0.00255256 0.243035
0.231607 0.252188 9.9982E-05 0.178873 0.271421 9.9982E-05 0.0657109
9.9982E-05 9.9982E-05 0.128617 0.094542 0.448564 0.29093 0.0371461
0.0998918 0.134944 0.459765 0.0953915 0.159937 9.9991E-05 0.0499711
0.0267341 9.9982E-05 0.434307 9.9982E-05 0.486635 0.0208956 0.0312285
9.9991E-05 0.17037 0.233911 0.0288807 0.253609 0.246949 0.0661804
0.227175 0.261336 0.0473455 0.0674785 0.328201 0.0280718 0.0403927
0.00637814 0.0208506 0.0140032 0.00833552 0.682385 0.217246 0.0508013
0.0884891 0.218036 0.418899 0.0737113 9.9991E-05 0.138677 0.0620882
9.9973E-05 0.5715 0.273101 9.9973E-05 0.134037 9.9973E-05 0.0210615
0.445307 0.340147 9.9991E-05 0.00024799 0.105444 0.00051141 0.108243
0.557566 0.0995416 0.160657 9.9991E-05 0.0844005 0.0820837 0.015651
0.499449 0.0148575 0.208236 9.9982E-05 9.9982E-05 0.113431 0.163827
9.9973E-05 0.203253 9.9973E-05 0.0874506 0.682561 9.9973E-05 0.0264349
9.9982E-05 0.009326 0.158674 0.136272 0.602274 9.9982E-05 0.0932537
9.9955E-05 9.9955E-05 0.0142767 9.9955E-05 9.9955E-05 0.985224 9.9955E-05
9.995E-05 9.995E-05 9.995E-05 9.995E-05 9.995E-05 0.9994 9.995E-05
0.00578986 0.340796 0.275498 0.105016 0.0952073 0.115906 0.0617862
0.227986 0.36518 0.162755 0.143153 0.0156229 9.9991E-05 0.0852027
0.109453 0.0482821 0.19925 0.213419 0.309855 9.9991E-05 0.11964
0.29015 9.9991E-05 0.443378 0.0825815 0.0616229 0.0646805 0.0574877
0.138836 0.0463495 0.117676 0.0959153 0.544608 9.9991E-05 0.0565149
0.123276 0.378606 0.140725 0.0408894 0.248528 9.9991E-05 0.0678755
0.154727 0.296626 0.0797894 0.107475 0.130804 0.107312 0.123267
0.212276 0.341018 0.192972 0.0402113 9.9982E-05 9.9982E-05 0.213323
0.0197329 0.226568 0.495774 0.0926313 0.0410671 0.0533277 0.0708993
9.995E-05 9.995E-05 9.995E-05 9.995E-05 9.995E-05 9.995E-05 0.9994
0.0288423 0.571896 0.0979603 0.157258 9.9982E-05 9.9982E-05 0.143843
9.9973E-05 0.380514 9.9973E-05 0.217045 9.9973E-05 0.384576 0.0175651
9.9973E-05 9.9973E-05 0.311566 0.108054 0.555935 0.0241462 9.9973E-05
0.00352387 0.280292 0.25277 0.186547 0.113811 0.12755 0.0355053
0.244042 0.0818742 9.9991E-05 0.0868588 0.233154 0.109895 0.244077
0.197001 0.112929 0.43182 0.0478787 0.0898031 0.0586654 0.061903
0.0872903 0.199148 0.363418 9.9982E-05 0.330351 9.9982E-05 0.0195936
9.9991E-05 0.244165 0.178773 0.0528725 0.114991 0.324781 0.0843178
0.185252 0.344675 0.0895378 0.00699254 0.316711 9.9991E-05 0.0567313
0.138474 0.179953 0.199149 0.0735869 0.370039 9.9991E-05 0.0386976
0.00569266 0.931099 9.9964E-05 9.9964E-05 9.9964E-05 0.0628088 9.9964E-05
0.150003 0.167153 0.340534 0.0215355 0.104568 0.114768 0.10144
9.9973E-05 0.380442 0.499093 0.0207875 9.9973E-05 9.9973E-05 0.0993781
9.995E-05 9.995E-05 9.995E-05 9.995E-05 9.995E-05 9.995E-05 0.9994
9.9991E-05 0.0074541 0.140687 0.0243133 0.234564 0.125648 0.467234
0.241818 0.103526 9.9982E-05 0.108405 0.00186018 0.54419 9.9982E-05
0.255175 0.171022 0.0621361 0.0590243 0.336015 0.0780137 0.0386143
9.99551E-05 0.868813 9.99551E-05 9.99551E-05 9.99551E-05 9.99551E-05 0.130687
9.99819E-05 0.372207 0.150479 9.99819E-05 0.239509 0.190489 0.0471152
0.15011 0.0124745 0.0468137 0.183186 0.271549 0.19798 0.137887
9.995E-05 9.995E-05 9.995E-05 9.995E-05 9.995E-05 0.9994 9.995E-05
0.223747 0.33952 0.292884 0.000806573 0.0140118 9.9991E-05 0.128931
0.326669 9.99729E-05 0.0717952 9.99729E-05 0.514892 0.0863442 9.99729E-05
9.9982E-05 9.9982E-05 0.0730652 0.146863 0.231483 0.442502 0.105887
0.22307 0.147972 9.9991E-05 0.0943826 0.167795 0.196278 0.170403
0.305946 0.165803 0.137688 0.101357 0.00160909 0.263191 0.0244057
0.154237 0.308961 9.9991E-05 0.0600458 0.128124 0.194229 0.154303
0.325455 0.00924047 0.233735 0.243336 0.128497 0.0596368 9.9991E-05
0.0445132 0.0856355 0.292642 0.0490421 0.252645 0.139415 0.136107
0.0840764 0.00465013 0.207804 0.0708086 0.345322 0.285669 0.00166935
9.9955E-05 9.9955E-05 0.0274459 0.972054 9.9955E-05 9.9955E-05 9.9955E-05
0.0928109 0.22439 0.379323 0.0704589 0.0415038 0.191414 9.9991E-05
9.9955E-05 9.9955E-05 0.973934 9.9955E-05 9.9955E-05 9.9955E-05 0.0255658
0.0227041 0.336963 0.216441 0.0498035 0.259431 9.9991E-05 0.114557
0.0138806 0.341586 0.201321 0.0447249 0.01841 0.351042 0.0290361
0.112235 0.352195 9.9973E-05 9.9973E-05 0.333809 0.201461 9.9973E-05
9.9991E-05 0.168763 0.00125981 0.0813181 0.368984 0.256341 0.123234
9.995E-05 9.995E-05 9.995E-05 0.9994 9.995E-05 9.995E-05 9.995E-05
0.258531 0.18363 0.0600586 0.00212829 0.325416 0.0523532 0.117882
0.206666 0.245623 0.100996 0.161767 0.183091 9.9991E-05 0.101758
0.167545 0.361434 0.25032 9.9982E-05 0.0929067 0.127594 9.9982E-05
0.20116 0.110026 0.43651 9.9982E-05 0.12658 0.125524 9.9982E-05
