9.99641E-05 9.99641E-05 9.99641E-05 0.669969 0.0959539 9.99641E-05 0.233677
0.0840844 0.402242 0.0360944 0.169029 0.0189508 9.9991E-05 0.289499
0.467203 9.99731E-05 0.154994 0.268382 9.99731E-05 0.109122 9.99731E-05
9.99821E-05 0.0599155 9.99821E-05 0.217469 0.0814073 0.207516 0.433492
0.21251 0.509814 9.99731E-05 0.145946 0.131431 9.99731E-05 9.99731E-05
0.0356069 0.211623 9.9982E-05 0.54353 9.9982E-05 0.194814 0.0142267
0.052758 0.26866 0.266343 0.056867 0.24099 9.9991E-05 0.114282
0.0845595 0.315071 9.99821E-05 0.535361 0.0347245 0.030084 9.99821E-05
9.99554E-05 9.99554E-05 0.666502 9.99554E-05 0.332998 9.99554E-05 9.99554E-05
0.100917 9.99732E-05 0.541856 0.138318 9.99732E-05 0.218609 9.99732E-05
0.0902299 9.9973E-05 0.402381 9.9973E-05 9.9973E-05 0.267011 0.240078
9.99642E-05 0.468909 0.0119995 9.99642E-05 0.518692 9.99642E-05 9.99642E-05
9.99731E-05 0.247208 9.99731E-05 9.99731E-05 0.498588 0.0917471 0.162156
0.23402 0.615438 0.0234286 0.126813 9.99731E-05 9.99731E-05 9.99731E-05
9.998E-05 0.0157192 0.365584 0.0848222 0.39577 0.137905 9.998E-05
0.351939 0.309785 9.99643E-05 0.337876 9.99643E-05 9.99643E-05 9.99643E-05
9.99821E-05 0.0566085 0.450219 0.212515 0.0235232 9.99821E-05 0.256934
9.99821E-05 0.0316296 0.414093 0.374764 9.99821E-05 0.0855327 0.0937814
9.998E-05 9.998E-05 0.101819 0.069458 0.645447 0.0906964 0.0923796
0.00484603 0.527979 9.9982E-05 0.302553 9.9982E-05 0.162227 0.00219514
0.0649593 9.99732E-05 0.416522 9.99732E-05 9.99732E-05 0.134031 0.384188
0.0221179 9.99731E-05 0.169306 9.99731E-05 0.663558 0.144718 9.99731E-05
0.0614692 0.225868 0.0643819 9.99821E-05 9.99821E-05 0.0840208 0.56406
0.386167 0.131275 9.99731E-05 0.059381 9.99731E-05 9.99731E-05 0.422877
0.10572 9.99731E-05 9.99731E-05 9.99731E-05 0.0801861 0.280346 0.533448
0.0873007 9.9982E-05 0.0858802 0.590529 0.15902 9.9982E-05 0.0770702
0.224617 0.00169413 0.555537 0.0932273 0.124724 9.9982E-05 9.9982E-05
9.99821E-05 0.0612373 0.215697 0.431127 9.99821E-05 0.192614 0.0991247
9.99731E-05 0.438075 9.99731E-05 9.99731E-05 0.224439 0.328621 0.00856507
0.867872 9.99641E-05 0.0798402 0.0518876 9.99641E-05 9.99641E-05 9.99641E-05
9.998E-05 0.193433 0.400898 0.0468475 9.998E-05 0.113575 0.245046
0.119948 0.457345 9.9991E-05 0.111121 0.305998 0.00523214 0.000256009
0.199824 9.99821E-05 0.71537 9.99821E-05 0.0393228 0.027396 0.0178874
0.0960771 0.134312 9.9991E-05 0.155431 0.476957 0.0744365 0.0626867
0.0710834 0.00620684 9.9973E-05 0.3811 9.9973E-05 9.9973E-05 0.54131
9.99732E-05 0.241416 0.134785 0.460526 9.99732E-05 9.99732E-05 0.162973
9.99643E-05 0.383605 9.99643E-05 0.289358 9.99643E-05 9.99643E-05 0.326637
0.0415197 9.99731E-05 9.99731E-05 9.99731E-05 0.0360316 0.186338 0.735811
0.158893 0.182698 0.0581564 0.0674569 0.27809 0.0833025 0.171403
0.0044319 0.155755 9.9982E-05 9.9982E-05 0.258678 0.288911 0.292025
0.314632 9.99732E-05 0.604167 9.99732E-05 0.0376514 9.99732E-05 0.04325
0.043337 0.0123781 0.801778 9.99821E-05 0.0731721 9.99821E-05 0.069135
9.99731E-05 0.5751 0.169448 0.192883 9.99731E-05 9.99731E-05 0.0622696
9.99732E-05 9.99732E-05 0.168957 0.550305 9.99732E-05 0.190339 0.0900985
0.186218 0.37757 9.99821E-05 9.99821E-05 0.359438 0.0225871 0.053987
9.998E-05 0.0850587 0.0272211 0.642916 0.156844 0.0877602 9.998E-05
0.0243861 9.99821E-05 0.315791 0.554877 0.075665 9.99821E-05 0.0290811
9.9973E-05 0.25277 0.627127 0.0677866 0.0520159 9.9973E-05 9.9973E-05
0.0272206 9.998E-05 0.180846 0.314461 0.459899 9.998E-05 0.0173736
0.0333194 0.0951145 9.99731E-05 0.81052 9.99731E-05 9.99731E-05 0.0607457
0.0657198 9.99731E-05 9.99731E-05 0.808336 9.99731E-05 0.11889 0.00675458
0.169702 0.184117 0.210666 9.99821E-05 9.99821E-05 0.29846 0.136855
0.160902 9.99641E-05 0.438407 0.400291 9.99641E-05 9.99641E-05 9.99641E-05
0.170835 9.997E-05 9.997E-05 0.210713 0.349299 0.268852 9.997E-05
0.17132 0.775075 9.99643E-05 0.0532056 9.99643E-05 9.99643E-05 9.99643E-05
9.99821E-05 0.150343 0.356624 0.214795 0.256549 9.99821E-05 0.0214893
0.0828856 9.9982E-05 0.0606252 9.9982E-05 0.0666372 0.0431 0.746552
9.99733E-05 0.647721 0.250126 9.99733E-05 0.049239 9.99733E-05 0.0526146
9.9973E-05 0.366958 0.274675 0.12313 9.9973E-05 0.234937 9.9973E-05
9.99731E-05 0.102831 0.289421 0.202165 9.99731E-05 9.99731E-05 0.405284
9.99821E-05 0.0352135 0.118982 0.382405 0.078083 0.385117 9.99821E-05
0.0532886 0.0305632 0.573373 0.00791365 9.99821E-05 9.99821E-05 0.334662
9.9982E-05 0.0936205 0.566925 0.000464819 0.316385 9.9982E-05 0.0224048
0.733273 9.99731E-05 9.99731E-05 0.161397 0.00116206 0.103868 9.99731E-05
0.0396026 9.99732E-05 0.113951 0.823615 0.0225319 9.99732E-05 9.99732E-05
0.188865 9.99731E-05 0.286458 9.99731E-05 0.416698 0.10768 9.99731E-05
0.027393 9.9973E-05 9.9973E-05 0.520799 9.9973E-05 0.090438 0.36107
0.0575604 0.117346 0.295116 0.239166 0.26572 9.9991E-05 0.0249912
9.99731E-05 9.99731E-05 9.99731E-05 0.119418 0.686594 0.0175208 0.176168
0.108193 9.99821E-05 0.318535 0.141857 0.263727 0.167488 9.99821E-05
0.051344 0.454466 0.340736 9.99821E-05 0.0491738 0.10408 9.99821E-05
9.99641E-05 9.99641E-05 0.46179 9.99641E-05 0.401358 9.99641E-05 0.136452
9.99554E-05 0.963756 9.99554E-05 9.99554E-05 9.99554E-05 9.99554E-05 0.0357443
0.0408778 0.0631431 9.998E-05 0.274451 0.391002 9.998E-05 0.230327
0.0204316 0.293927 9.99733E-05 0.573529 9.99733E-05 0.111812 9.99733E-05
0.0345852 0.490698 0.124369 0.241386 0.108762 9.99821E-05 9.99821E-05
9.99644E-05 9.99644E-05 9.99644E-05 0.10721 0.554086 9.99644E-05 0.338304
9.99731E-05 0.208318 0.365047 9.99731E-05 0.119095 0.30724 9.99731E-05
0.00418482 0.0184615 0.108198 0.0533904 0.302649 0.513016 9.9991E-05
9.99551E-05 0.674794 9.99551E-05 9.99551E-05 9.99551E-05 0.324707 9.99551E-05
0.0595272 0.345876 9.99732E-05 0.510912 0.0833847 9.99732E-05 9.99732E-05
0.0603571 9.999E-05 0.020977 0.305695 0.258565 0.124096 0.23021
9.99553E-05 9.99553E-05 0.0967783 9.99553E-05 9.99553E-05 9.99553E-05 0.902722
0.212412 9.99731E-05 9.99731E-05 0.26956 0.390881 0.126846 9.99731E-05
0.126792 0.251703 0.26007 0.077005 9.998E-05 9.998E-05 0.28423
9.9982E-05 0.120444 0.305601 0.184015 0.0639109 9.9982E-05 0.325829
0.123515 0.537417 0.152673 9.999E-05 0.11166 0.0648199 0.00981515
0.503769 0.147393 9.99821E-05 9.99821E-05 0.100473 0.0659982 0.182167
0.125574 9.99821E-05 9.99821E-05 0.260062 0.194404 0.298508 0.121252
0.0962478 9.99731E-05 0.160036 9.99731E-05 0.631294 0.112122 9.99731E-05
0.874855 9.99643E-05 9.99643E-05 0.116304 9.99643E-05 0.00844181 9.99643E-05
0.0894093 0.375401 0.210626 0.0278342 9.99821E-05 9.99821E-05 0.296529
0.0548921 9.99821E-05 0.238377 0.107735 0.390881 9.99821E-05 0.207916
0.0433174 0.342765 0.377185 9.99731E-05 9.99731E-05 0.236432 9.99731E-05
9.99641E-05 0.177678 0.334496 9.99641E-05 0.487426 9.99641E-05 9.99641E-05
9.99641E-05 0.582044 0.216652 9.99641E-05 9.99641E-05 0.200904 9.99641E-05
0.119015 9.99731E-05 0.496951 0.330124 9.99731E-05 9.99731E-05 0.0536107
9.99642E-05 9.99642E-05 0.606129 0.385866 0.00760456 9.99642E-05 9.99642E-05
0.497395 0.0949183 9.99731E-05 0.33282 9.99731E-05 0.0745667 9.99731E-05
0.239018 0.0557442 0.137 0.00373672 9.9982E-05 9.9982E-05 0.564301
0.0508971 0.0168327 0.784261 9.99732E-05 9.99732E-05 9.99732E-05 0.147709
0.985551 9.99553E-05 9.99553E-05 9.99553E-05 9.99553E-05 9.99553E-05 0.0139489
0.0355638 9.99732E-05 0.552819 9.99732E-05 0.0416471 9.99732E-05 0.36967
9.99552E-05 9.99552E-05 0.0733023 9.99552E-05 9.99552E-05 0.926198 9.99552E-05
9.9973E-05 0.213153 9.9973E-05 0.528373 0.0753634 0.182811 9.9973E-05
0.0700408 9.99731E-05 0.164955 9.99731E-05 0.439966 9.99731E-05 0.324738
0.024394 0.334481 0.0535699 0.427391 0.0807855 9.9991E-05 0.0792788
9.99642E-05 9.99642E-05 0.280472 0.482621 9.99642E-05 0.236507 9.99642E-05
9.99731E-05 9.99731E-05 9.99731E-05 0.180278 0.403072 0.110909 0.305442
0.225425 0.0162708 9.99731E-05 9.99731E-05 0.268086 0.489918 9.99731E-05
0.408592 0.188974 0.196178 0.0862095 9.998E-05 9.998E-05 0.119847
9.9991E-05 0.0300587 0.0533971 0.584633 0.125006 0.106477 0.100328
0.465807 0.22359 9.99821E-05 9.99821E-05 0.021822 0.241211 0.0473694
9.99731E-05 0.258903 9.99731E-05 0.656274 0.0685757 0.0159468 9.99731E-05
0.78321 9.99551E-05 9.99551E-05 9.99551E-05 9.99551E-05 9.99551E-05 0.21629
9.99732E-05 0.0892247 0.633203 9.99732E-05 0.0828963 0.194376 9.99732E-05
9.9991E-05 0.267014 0.0533133 0.205939 0.248332 0.189716 0.0355862
0.273771 0.0654973 9.99642E-05 9.99642E-05 0.660332 9.99642E-05 9.99642E-05
0.421698 0.161645 9.99731E-05 9.99731E-05 0.319082 0.0972748 9.99731E-05
0.0318776 0.204794 9.9982E-05 0.23487 9.9982E-05 0.12433 0.403928
0.338199 9.99821E-05 0.215358 0.13519 0.0684824 9.99821E-05 0.24257
0.111954 0.295296 9.99731E-05 9.99731E-05 9.99731E-05 0.105024 0.487425
9.99731E-05 0.0681495 9.99731E-05 0.721604 0.0708673 0.139079 9.99731E-05
9.99732E-05 0.2596 0.199294 0.168316 9.99732E-05 9.99732E-05 0.37249
9.99732E-05 9.99732E-05 0.509904 0.160975 9.99732E-05 0.209811 0.11901
9.998E-05 0.137166 0.407106 0.150033 0.162941 9.998E-05 0.142553
0.277521 9.99642E-05 0.567185 9.99642E-05 0.154895 9.99642E-05 9.99642E-05
9.998E-05 0.0365887 9.998E-05 0.13218 0.099415 0.131878 0.599738
0.106399 9.99642E-05 9.99642E-05 9.99642E-05 9.99642E-05 0.60834 0.284861
0.159179 0.172218 0.146222 0.296973 0.0974528 0.0562948 0.0716595
9.99643E-05 9.99643E-05 0.803695 9.99643E-05 9.99643E-05 0.0166872 0.179218
9.9982E-05 0.300661 0.067689 0.397013 9.9982E-05 0.00575012 0.228686
9.998E-05 0.0102701 0.673902 0.0747136 0.222495 0.0184189 9.998E-05
9.99731E-05 0.434083 0.0928451 9.99731E-05 0.0582223 0.41455 9.99731E-05
9.99821E-05 0.167687 0.502153 0.13697 9.99821E-05 0.16961 0.0233803
9.99553E-05 9.99553E-05 9.99553E-05 0.92309 9.99553E-05 9.99553E-05 0.0764105
9.99643E-05 9.99643E-05 9.99643E-05 0.802402 0.0806799 0.116518 9.99643E-05
0.019821 9.99643E-05 9.99643E-05 0.783632 9.99643E-05 0.196147 9.99643E-05
9.99643E-05 9.99643E-05 0.0947857 9.99643E-05 0.528813 9.99643E-05 0.376002
9.99642E-05 9.99642E-05 9.99642E-05 0.766599 0.165372 9.99642E-05 0.0676285
0.0870659 0.272551 0.103852 0.322725 0.00788065 0.205825 9.99911E-05
9.99554E-05 0.0244219 9.99554E-05 9.99554E-05 9.99554E-05 9.99554E-05 0.975078
9.99731E-05 0.181176 0.53393 9.99731E-05 0.0608709 0.223723 9.99731E-05
9.99643E-05 9.99643E-05 0.71919 0.201219 9.99643E-05 0.0791911 9.99643E-05
0.456614 0.223869 0.00471727 9.9991E-05 0.125768 0.0854473 0.103484
0.0349934 0.240617 9.9982E-05 0.218327 0.385116 0.120746 9.9982E-05
9.99552E-05 0.981735 9.99552E-05 9.99552E-05 9.99552E-05 9.99552E-05 0.0177649
0.103391 0.148307 0.119725 0.306701 9.99821E-05 0.321676 9.99821E-05
0.133848 0.225498 9.99821E-05 9.99821E-05 0.104811 0.0144194 0.521224
9.997E-05 0.425603 0.253064 9.997E-05 0.222946 0.0980866 9.997E-05
0.0465926 0.153739 9.99732E-05 9.99732E-05 0.586917 0.212451 9.99732E-05
9.99641E-05 0.100067 0.541052 9.99641E-05 0.358482 9.99641E-05 9.99641E-05
9.9991E-05 0.212489 0.0284309 0.532879 0.110805 0.0722667 0.0430292
9.99821E-05 0.27059 0.189162 0.368925 0.107747 0.0633759 9.99821E-05
0.128453 0.0824707 9.997E-05 0.141714 9.997E-05 9.997E-05 0.647063
9.99642E-05 0.326882 0.310741 9.99642E-05 9.99642E-05 0.361977 9.99642E-05
9.99642E-05 0.450138 9.99642E-05 9.99642E-05 9.99642E-05 0.256308 0.293155
9.99644E-05 9.99644E-05 0.493214 0.438572 9.99644E-05 0.0678148 9.99644E-05
9.99643E-05 9.99643E-05 9.99643E-05 0.853023 0.124861 9.99643E-05 0.021716
0.143004 9.99821E-05 0.023214 9.99821E-05 0.424458 0.0850866 0.324037
9.99552E-05 0.997301 0.00219916 9.99552E-05 9.99552E-05 9.99552E-05 9.99552E-05
9.99731E-05 0.108493 0.0456814 0.31817 0.527356 9.99731E-05 9.99731E-05
0.182777 0.532363 9.998E-05 0.0546075 0.144456 0.0855965 9.998E-05
9.99732E-05 0.0972723 0.669786 0.124129 0.108513 9.99732E-05 9.99732E-05
9.99643E-05 0.137162 0.413927 9.99643E-05 0.448512 9.99643E-05 9.99643E-05
0.0534178 9.998E-05 0.100435 0.260039 0.16953 9.998E-05 0.416378
9.99553E-05 9.99553E-05 0.390101 0.609399 9.99553E-05 9.99553E-05 9.99553E-05
9.99643E-05 9.99643E-05 9.99643E-05 0.257784 0.496191 0.245625 9.99643E-05
9.995E-05 0.9994 9.995E-05 9.995E-05 9.995E-05 9.995E-05 9.995E-05
0.0295556 0.252584 0.276743 0.00670812 0.0480755 0.0644322 0.321902
9.99731E-05 9.99731E-05 9.99731E-05 0.175931 0.405383 0.280959 0.137427
9.99731E-05 0.22985 9.99731E-05 0.468185 0.172045 9.99731E-05 0.12962
9.99731E-05 0.44356 0.195403 0.167999 9.99731E-05 0.192739 9.99731E-05
0.0760431 9.99731E-05 0.273669 0.367666 9.99731E-05 9.99731E-05 0.282323
9.998E-05 0.0218314 0.123313 0.665542 0.159085 0.0300288 9.998E-05
9.99643E-05 0.00672535 9.99643E-05 0.63854 0.354335 9.99643E-05 9.99643E-05
0.176129 0.0116575 9.99732E-05 9.99732E-05 0.473321 9.99732E-05 0.338592
9.99553E-05 9.99553E-05 9.99553E-05 9.99553E-05 9.99553E-05 0.825481 0.174019
9.996E-05 9.996E-05 0.168641 0.0834195 9.996E-05 9.996E-05 0.747539
9.99732E-05 0.0379083 0.725707 0.0668663 9.99732E-05 0.169219 9.99732E-05
9.996E-05 0.248591 0.482636 9.996E-05 9.996E-05 9.996E-05 0.268373
0.0244796 0.0564059 0.362052 0.192613 0.25189 0.112459 9.999E-05
0.0111688 9.99821E-05 0.266575 0.484975 0.153517 9.99821E-05 0.0835642
0.0240553 0.403398 9.99821E-05 0.212375 0.216674 0.143298 9.99821E-05
9.995E-05 9.995E-05 9.995E-05 9.995E-05 9.995E-05 0.9994 9.995E-05
9.99643E-05 0.202189 0.063179 9.99643E-05 0.734232 9.99643E-05 9.99643E-05
9.99731E-05 0.40312 9.99731E-05 0.294041 0.159789 0.14275 9.99731E-05
0.0284772 0.3395 9.99821E-05 9.99821E-05 0.0992766 0.32219 0.210356
0.0199405 0.265276 9.9982E-05 0.149963 9.9982E-05 0.0453912 0.51923
