0.886601 9.9973E-05 0.113099 9.9973E-05 9.9973E-05
0.379268 0.135422 9.9991E-05 0.374802 0.110407
0.378996 0.138132 0.0693123 0.396102 0.0174581
0.385177 0.462211 0.0738744 9.9991E-05 0.0786377
0.018612 0.583429 0.0270373 0.213018 0.157904
0.209422 0.515681 0.124578 0.150218 9.9991E-05
0.549485 0.281328 0.0905273 9.9991E-05 0.0785598
0.313762 0.27449 0.168942 0.242706 9.9991E-05
0.0430285 0.614494 0.14065 0.0598095 0.142018
0.104695 0.255588 0.427377 0.00425109 0.208089
0.00752952 0.163777 0.647548 0.165652 0.0154932
0.0578372 0.598659 0.118511 0.0273733 0.19762
0.247508 0.351981 0.0980693 0.156504 0.145938
0.220253 0.189891 0.0343321 0.443357 0.112167
9.9973E-05 9.9973E-05 0.188228 0.811472 9.9973E-05
0.16286 0.255012 0.149398 0.317836 0.114893
9.9982E-05 9.9982E-05 0.11272 0.852042 0.0350389
0.378505 0.0131197 0.306173 0.086604 0.215598
0.244198 0.478312 0.0960772 0.160729 0.0206844
0.468723 0.237832 0.0850103 0.109576 0.0988589
0.342393 0.378377 0.209823 0.0693064 9.9991E-05
0.341367 0.189151 0.0664997 0.402882 9.9991E-05
0.285417 0.26944 0.0947112 0.302539 0.0478933
0.202977 0.234759 0.0337274 0.337512 0.191024
0.0881971 9.9982E-05 0.902809 0.00879386 9.9982E-05
0.410069 9.9991E-05 0.120413 0.337189 0.13223
0.3356 9.9991E-05 0.184261 0.327944 0.152094
0.260367 0.184307 0.100276 0.346854 0.108196
0.278515 0.19527 0.0901858 0.295996 0.140032
0.0239373 0.0976047 9.9991E-05 0.131858 0.7465
9.9991E-05 0.326029 0.179991 0.435548 0.0583321
0.389269 0.340461 0.195984 9.9991E-05 0.0741854
0.170116 0.46432 0.104401 0.196152 0.0650109
0.10022 0.317046 0.125725 0.439699 0.0173094
0.104485 0.223026 0.399593 0.233625 0.0392709
0.9996 9.997E-05 9.997E-05 9.997E-05 9.997E-05
0.3509 0.377931 0.150989 0.0519927 0.0681878
0.440128 9.9991E-05 0.34842 0.136704 0.074648
9.9991E-05 0.638524 0.12457 0.0893388 0.147468
0.163068 0.147597 0.267685 0.42155 9.9991E-05
0.138042 9.9991E-05 0.0478713 0.671873 0.142114
0.409912 0.280718 0.171333 0.039994 0.0980433
0.245162 0.444967 0.174123 0.0859696 0.0497789
0.545724 0.23979 9.9982E-05 9.9982E-05 0.214285
0.402661 0.182416 0.233637 9.9991E-05 0.181186
0.248983 0.543744 0.203377 9.9991E-05 0.00379661
0.0961043 0.558783 0.0188436 0.209364 0.116906
0.0896749 0.748622 9.9991E-05 0.0586975 0.102906
0.0566936 0.100481 0.190973 0.551741 0.100112
0.145699 0.403572 0.0128135 0.389617 0.0482982
0.223093 0.0721533 0.274071 0.298327 0.132356
0.0922408 0.604473 0.0984529 0.173227 0.0316066
0.0159174 0.239844 9.9991E-05 0.639859 0.10428
0.220047 0.210848 0.22529 0.224493 0.119321
0.0718331 0.437105 9.9991E-05 0.282461 0.208502
0.240296 0.577531 0.163574 0.0184992 9.9991E-05
0.129926 0.692469 0.118921 0.0585839 9.9991E-05
0.115164 0.542533 0.150583 9.9991E-05 0.19162
9.9991E-05 0.522038 0.134499 0.295152 0.0482107
0.216471 0.456835 0.316804 0.00979051 9.9991E-05
0.219258 0.365591 9.9991E-05 0.36797 0.0470808
0.0841114 0.30172 0.309488 0.27824 0.0264404
0.286689 0.443274 9.9982E-05 0.269837 9.9982E-05
0.0269979 9.9982E-05 9.9982E-05 0.0483838 0.924418
0.526276 0.0982604 0.101709 0.273655 9.9991E-05
0.967124 9.9973E-05 9.9973E-05 0.0325758 9.9973E-05
0.6647 0.152218 0.182883 9.9982E-05 9.9982E-05
0.0579963 0.43564 0.0785754 0.31183 0.115958
0.545957 0.101254 0.0867042 0.168499 0.097587
0.239788 0.111618 0.216839 0.318156 0.1136
0.0393762 0.650781 0.170005 9.9991E-05 0.139738
0.347357 9.9982E-05 0.12064 0.531803 9.9982E-05
0.226854 0.140492 0.237396 0.284823 0.110434
9.9991E-05 0.339374 0.109799 0.462632 0.0880949
0.125755 9.9991E-05 0.18232 0.46422 0.227606
9.9991E-05 0.480507 0.0301196 0.445296 0.043978
0.171823 0.48824 0.20796 0.0317511 0.100227
9.9991E-05 0.402228 0.144966 0.395496 0.0572095
0.214769 0.463859 9.99843E-05 0.321173 9.99843E-05
0.011375 0.353413 0.131596 0.323935 0.179682
0.179728 0.292478 0.189373 0.219472 0.11895
0.190142 0.346494 0.249895 0.141957 0.0715106
0.201564 0.451834 0.0234282 0.041156 0.282017
9.9991E-05 0.551084 0.182163 0.181807 0.0848469
0.40074 0.215335 0.0909616 0.202917 0.0900463
0.302587 0.328592 0.171931 0.196791 9.9991E-05
0.940293 9.99823E-05 9.99823E-05 0.0582618 0.00124478
9.99731E-05 0.669548 0.330152 9.99731E-05 9.99731E-05
0.298711 9.9991E-05 0.245299 0.25835 0.197541
0.329665 0.270677 0.299624 0.0999345 9.9991E-05
0.0239822 9.9973E-05 9.9973E-05 9.9973E-05 0.975718
0.246608 0.17885 0.344357 0.221997 0.0081884
0.301024 0.49596 0.163396 0.0395202 9.9991E-05
0.120841 9.9982E-05 9.9982E-05 0.802591 0.0763678
0.431667 0.530407 0.0377262 9.9982E-05 9.9982E-05
0.348706 0.505223 0.021049 9.9991E-05 0.124922
0.477701 0.179817 9.9991E-05 0.248203 0.0941785
0.172003 0.504934 0.200286 0.105549 0.017229
0.197589 9.9982E-05 0.254747 9.9982E-05 0.547464
0.17063 0.155242 9.9991E-05 0.30356 0.370468
0.260184 0.125105 0.108472 0.352886 0.153353
9.997E-05 9.997E-05 9.997E-05 9.997E-05 0.9996
0.132272 0.207562 0.262408 0.396098 0.00165913
0.0293241 9.9973E-05 0.970376 9.9973E-05 9.9973E-05
0.189405 0.194904 0.183446 0.334009 0.0982362
0.0695915 0.675946 9.9991E-05 0.227103 0.027259
0.445364 0.168786 9.9991E-05 0.325955 0.0597944
0.561392 0.167974 0.162965 0.0739567 0.0337126
0.0592578 0.182829 0.155445 0.417317 0.185151
0.337544 0.0952533 0.137194 0.324192 0.105816
0.183027 0.41263 0.248372 0.155872 9.9991E-05
0.06192 0.472833 0.215134 9.9991E-05 0.250013
0.314619 0.389017 0.0141302 0.137506 0.144728
0.132251 0.0899586 0.0892529 0.107898 0.58064
0.22255 0.689148 9.9982E-05 9.9982E-05 0.088102
9.997E-05 9.997E-05 9.997E-05 9.997E-05 0.9996
0.214588 0.196387 0.167261 0.421664 9.9991E-05
0.773615 9.9991E-05 0.0302448 0.171698 0.0243417
0.0131286 0.837386 0.0732793 0.00853278 0.0676731
0.439718 0.104546 0.357669 9.9991E-05 0.0979664
0.410047 0.182542 0.168735 0.218862 0.0198144
0.202447 9.9991E-05 0.258871 0.0862158 0.452366
0.172511 0.319012 0.245456 0.0503292 0.212692
9.9982E-05 0.664234 0.13642 0.199146 9.9982E-05
0.0842538 0.317949 0.21955 9.9991E-05 0.378148
9.9982E-05 0.5161 9.9982E-05 0.455634 0.0280656
0.261811 0.218778 0.329121 0.147997 0.0422928
0.334682 0.0916917 0.260295 0.134233 0.179098
9.9991E-05 0.770368 0.0944228 0.102975 0.0321343
0.184166 0.171354 0.250018 0.14757 0.246892
0.730303 0.140667 0.0453192 9.9991E-05 0.0836111
0.223134 0.565116 0.115505 0.00131698 0.0949284
9.9982E-05 0.619422 0.0161894 9.9982E-05 0.364189
0.0781422 0.399937 0.0470553 0.319789 0.155076
0.378743 0.407782 0.198313 9.9991E-05 0.015062
0.205498 0.335238 0.362118 0.0831839 0.0139629
9.9973E-05 0.275433 9.9973E-05 0.724267 9.9973E-05
9.99731E-05 9.99731E-05 9.99731E-05 0.97271 0.0269899
0.195712 0.490234 0.0562054 0.11907 0.138779
0.0847933 0.418999 0.212314 0.2822 0.00169295
0.00680507 0.598847 0.259896 9.9991E-05 0.134352
9.9982E-05 0.249973 0.222047 0.52778 9.9982E-05
0.123003 0.362375 0.181938 0.199416 0.133269
0.396847 0.208725 0.287262 0.0152811 0.0918849
0.44601 0.0981003 0.0998819 0.305651 0.0503562
0.385919 0.0337927 0.106139 0.105852 0.368297
0.27 0.492964 0.0757884 0.158754 0.00249425
9.997E-05 9.997E-05 0.9996 9.997E-05 9.997E-05
0.722546 0.00265607 0.227776 0.0272618 0.0197599
0.356839 0.439899 0.160053 0.0431088 9.9991E-05
9.9991E-05 0.669737 0.203938 0.000359449 0.125866
0.189871 0.569283 0.17082 0.0699261 9.9991E-05
0.10044 0.480087 0.263908 0.040564 0.115
0.235417 0.12788 0.0839668 0.402488 0.150247
0.111186 0.585378 0.140288 0.091582 0.071565
0.190561 0.0736659 0.103798 0.41624 0.215735
0.49283 0.259675 0.132284 0.0813858 0.0338252
0.301332 0.283031 0.309229 0.0933414 0.0130661
0.851479 9.9973E-05 9.9973E-05 9.9973E-05 0.148221
0.124969 0.417751 0.170126 0.184568 0.102586
0.375653 0.233689 0.253889 0.113668 0.0231007
9.9973E-05 9.9973E-05 0.939631 9.9973E-05 0.0600694
0.0830262 0.102898 0.437268 0.376708 9.9991E-05
0.0956238 0.668344 9.9982E-05 0.235832 9.9982E-05
0.17117 0.452352 0.157817 0.216762 0.00189921
0.762491 9.9982E-05 0.0574905 9.9982E-05 0.179818
0.316797 0.160389 0.121058 0.401657 9.9991E-05
0.165355 0.564282 0.137971 0.132293 9.9991E-05
9.997E-05 9.997E-05 9.997E-05 0.9996 9.997E-05
0.317841 0.151371 9.9991E-05 0.380613 0.150075
0.0695213 0.467674 0.0405596 0.25671 0.165534
0.15124 0.26462 0.134995 0.352903 0.0962418
0.454347 0.107856 0.160854 0.169607 0.107336
0.0437187 0.394898 9.9982E-05 0.561183 9.9982E-05
0.221497 0.410134 0.111234 0.257034 9.9991E-05
9.9991E-05 0.647712 0.0954996 0.227187 0.0295017
0.0152659 0.684589 0.255436 0.0446092 9.9991E-05
0.0280074 0.801952 0.0495176 9.9991E-05 0.120423
9.9982E-05 0.0597224 0.866561 0.0735165 9.9982E-05
0.154149 0.351195 0.0680968 0.279639 0.14692
9.9982E-05 9.9982E-05 0.181575 0.687092 0.131133
0.301512 9.9991E-05 0.321756 0.286193 0.0904385
0.348673 0.00900259 9.9982E-05 0.642125 9.9982E-05
0.454591 0.362154 9.9982E-05 9.9982E-05 0.183055
0.381687 0.311383 0.114066 0.0680838 0.12478
9.9973E-05 0.0186582 0.981042 9.9973E-05 9.9973E-05
0.207915 0.573778 0.14114 0.00795178 0.0692143
0.263361 0.196187 0.330909 0.166611 0.0429311
0.338417 0.336626 0.000113266 0.262177 0.0626667
0.230891 0.200587 9.9991E-05 0.482062 0.0863609
