9.9973E-05 0.0348403 0.0319902 9.9973E-05 9.9973E-05 0.0332976 0.899572
0.258318 0.137727 0.130726 9.9991E-05 0.359827 0.0436368 0.0696659
0.408538 0.0516122 0.0798706 0.0224317 0.122937 0.0553485 0.259261
0.421933 0.12064 9.9991E-05 0.0554321 0.0214717 0.0730516 0.307372
0.49591 0.101541 0.204001 0.103475 9.9991E-05 0.0449454 0.0500274
0.685276 0.204012 0.048581 0.061832 9.9973E-05 9.9973E-05 9.9973E-05
0.192711 0.103451 0.00256856 0.0944088 9.9991E-05 0.0719859 0.534775
0.0747492 0.00983523 9.9991E-05 0.0433807 0.394714 0.0299748 0.447246
0.362805 0.0687966 0.103588 0.0394843 0.0724435 0.146955 0.205928
9.9982E-05 0.323402 0.248751 0.134948 9.9982E-05 0.0944369 0.198262
0.0347847 0.316646 0.273011 0.0626516 0.194795 9.9991E-05 0.118012
0.152254 0.0283003 0.671235 0.065559 9.9991E-05 0.0608895 0.0216623
0.490567 0.101255 0.154539 0.150025 0.0209 0.082615 9.9991E-05
0.11326 0.0542067 9.9991E-05 0.0556298 0.315368 0.171901 0.289534
0.0401375 0.168687 0.0792633 0.0659838 0.645728 9.9982E-05 9.9982E-05
0.136946 0.0467115 0.0568372 0.0837152 0.416423 0.108682 0.150686
0.00700225 0.180141 9.9973E-05 9.9973E-05 0.709286 0.10327 9.9973E-05
9.999E-05 0.0672434 0.207317 0.1672 0.182227 0.0913291 0.284584
0.337864 9.9982E-05 0.378535 0.136909 0.00300782 9.9982E-05 0.143485
0.0152184 0.0680417 9.9991E-05 0.00313461 0.302402 0.150342 0.460762
0.316772 0.0903473 9.9982E-05 0.142067 0.105415 9.9982E-05 0.345198
0.222288 0.0793664 0.495388 0.161477 0.0412806 9.9982E-05 9.9982E-05
0.339877 9.9991E-05 0.213022 0.160166 0.167681 0.0628273 0.0563263
0.658057 9.9964E-05 9.9964E-05 0.0313325 9.9964E-05 0.310211 9.9964E-05
9.9973E-05 0.475529 0.299896 0.0548929 9.9973E-05 9.9973E-05 0.169382
0.153413 0.0877725 0.0119329 9.9991E-05 0.100723 0.186808 0.45925
9.999E-05 0.160027 0.186402 0.0935915 0.124653 0.154698 0.280528
0.0354297 0.0784836 0.203087 9.9991E-05 0.272498 0.102473 0.30793
0.359662 0.133422 0.132624 9.9991E-05 0.184284 0.15978 0.0301267
0.0332938 0.0289003 0.0708898 0.0310707 0.149978 0.628932 0.0569351
0.367355 0.156592 0.156218 0.0239663 0.224762 0.0710071 9.9991E-05
9.999E-05 0.118464 0.343708 0.011805 0.0849333 0.0361298 0.40486
0.444273 0.0299939 0.0889907 0.0982565 0.0734754 0.103544 0.161467
0.488183 0.129598 0.00838943 0.0537023 0.222915 0.0287217 0.0684906
0.266336 0.120938 0.218937 0.0586116 9.9991E-05 0.00163397 0.333443
9.9955E-05 9.9955E-05 9.9955E-05 0.0343135 9.9955E-05 9.9955E-05 0.965187
0.55211 0.21058 9.9982E-05 0.00839069 0.0266326 9.9982E-05 0.202087
9.9982E-05 0.180783 0.172112 0.018278 9.9982E-05 0.175648 0.452979
0.399094 0.16221 9.9982E-05 0.0957725 0.201407 0.141315 9.9982E-05
0.193565 0.0880151 9.9991E-05 0.0820017 0.273563 0.0164265 0.346328
0.130628 0.0491458 0.436079 0.0740685 0.23227 0.0540546 0.0237548
0.0977995 0.129307 0.0140619 0.0516859 0.239339 9.9991E-05 0.467706
0.323681 0.0772063 0.0631443 0.0395549 0.217921 0.031184 0.247308
0.0536357 9.9973E-05 0.503206 9.9973E-05 9.9973E-05 0.0286924 0.414166
9.9982E-05 0.0191389 0.653562 0.0698136 0.0173721 9.9982E-05 0.239914
0.487829 0.268801 9.9982E-05 0.020093 9.9982E-05 0.0565031 0.166574
0.554532 9.9991E-05 0.159699 0.0260633 0.049477 0.111813 0.0983164
0.464542 9.9982E-05 0.397574 0.0543134 9.9982E-05 0.0299432 0.0534275
9.9991E-05 0.0378516 0.491449 0.0581877 0.220583 0.0670597 0.124769
0.172843 0.0160016 0.100301 0.00394729 0.34621 0.144062 0.216635
9.9991E-05 0.153479 0.0692965 0.0924475 0.224533 0.142994 0.31715
0.302007 0.0674708 0.0734077 0.141993 0.200068 0.067687 0.147367
0.0177662 9.9991E-05 0.160195 0.0041633 0.528662 0.0657799 0.223333
0.394052 0.239286 9.9991E-05 0.0248912 0.159215 0.154455 0.0280005
9.9973E-05 9.9973E-05 0.939315 0.0261862 0.0334874 0.000710977 9.9973E-05
0.450596 0.142575 0.097826 0.118396 0.0596026 0.00428629 0.126717
9.99641E-05 9.99641E-05 0.956748 0.0229533 0.0198985 9.99641E-05 9.99641E-05
0.17377 0.0813247 0.650279 0.0943262 9.9973E-05 9.9973E-05 9.9973E-05
0.20651 0.162108 0.26105 0.0351191 0.319595 0.00333937 0.0122776
0.0798834 0.189644 0.457786 0.0454636 0.0296831 9.9991E-05 0.19744
0.916716 0.00205062 9.9973E-05 0.015266 9.9973E-05 0.0656679 9.9973E-05
0.189908 0.203766 0.0889817 0.149967 0.0639373 0.0473915 0.256049
0.539569 9.9982E-05 0.0398267 0.0889214 0.142674 9.9982E-05 0.188809
9.9964E-05 9.9964E-05 9.9964E-05 0.063807 0.00706803 0.928725 9.9964E-05
0.131451 0.229431 9.9973E-05 9.9973E-05 0.215457 9.9973E-05 0.423361
0.0472146 9.9973E-05 9.9973E-05 0.0375332 0.0820729 9.9973E-05 0.832879
0.358526 0.0757897 0.10825 0.0224692 9.9991E-05 0.00823563 0.426629
0.574079 0.0136262 0.116769 0.0677897 0.0978261 0.0722478 0.0576622
0.60404 9.9964E-05 9.9964E-05 9.9964E-05 9.9964E-05 0.104465 0.291095
0.215154 0.12661 0.0390751 0.0626241 0.295596 0.197115 0.0638253
0.251658 0.238758 0.386081 0.0376689 9.9982E-05 0.0856345 9.9982E-05
0.118597 0.116184 0.0914832 0.0603281 0.370691 0.054225 0.188492
0.226128 0.0896907 0.151749 0.132626 0.118861 0.166613 0.114332
0.124591 0.142023 0.216448 0.0213522 0.419814 0.0756726 9.9991E-05
0.0339656 0.237217 0.328602 9.9991E-05 0.250021 0.101426 0.0486688
9.9973E-05 0.0988928 0.302031 0.0641979 0.534579 9.9973E-05 9.9973E-05
0.539 0.0378113 0.187671 0.149988 9.9982E-05 0.0853299 9.9982E-05
0.876004 0.0743389 9.9973E-05 0.0268409 9.9973E-05 0.0225162 9.9973E-05
0.875792 0.0494301 9.9964E-05 9.9964E-05 9.9964E-05 9.9964E-05 0.0743777
0.607227 0.0461477 0.0306537 0.0384929 9.9991E-05 0.241773 0.0356058
0.342727 0.0590755 0.273559 0.0945954 9.9991E-05 0.00888282 0.22106
0.61794 0.1158 0.0761229 0.0490214 0.0455445 9.9991E-05 0.0954705
0.312439 0.0660031 0.244898 9.9982E-05 9.9982E-05 0.293759 0.0827006
0.462072 0.0768634 9.9991E-05 0.00522589 0.226511 0.152503 0.076724
0.471049 9.9973E-05 0.355395 0.0813206 9.9973E-05 9.9973E-05 0.0919362
0.240704 0.0584747 0.281999 9.9982E-05 0.0874035 9.9982E-05 0.331219
0.0801086 9.9973E-05 9.9973E-05 0.0577156 0.0584682 9.9973E-05 0.803408
0.386435 0.170738 0.298826 0.143701 9.99731E-05 9.99731E-05 9.99731E-05
9.9991E-05 0.191956 0.0765977 0.0694343 0.205946 0.205141 0.250825
9.9973E-05 0.0447265 0.423397 0.104225 9.9973E-05 9.9973E-05 0.427351
9.99549E-05 0.0418083 9.99549E-05 9.99549E-05 9.99549E-05 0.957692 9.99549E-05
0.0472127 0.132812 0.480955 9.9982E-05 0.143185 9.9982E-05 0.195635
0.630337 9.9964E-05 9.9964E-05 0.0719262 9.9964E-05 9.9964E-05 0.297337
0.0306831 9.9991E-05 0.16124 0.0866457 0.572161 0.0131085 0.136061
0.578566 0.0621743 0.00933069 0.0283122 0.00928085 9.9991E-05 0.312236
0.599931 0.0902083 9.9991E-05 0.0182698 0.0097417 0.086634 0.195115
9.9982E-05 0.116486 0.497981 9.9982E-05 0.114065 0.0348827 0.236386
0.600361 0.153856 0.122896 0.118849 9.9982E-05 0.00383867 9.9982E-05
9.9973E-05 0.0926373 9.9973E-05 0.113285 9.9973E-05 0.551082 0.242696
0.181928 0.0401808 0.217998 9.9991E-05 0.165257 0.290881 0.103656
0.241479 0.166854 0.145622 0.0147757 0.0437737 0.194789 0.192706
9.995E-05 9.995E-05 9.995E-05 9.995E-05 9.995E-05 0.9994 9.995E-05
0.232273 0.224561 0.114448 0.0277297 0.347202 0.0418 0.0119868
9.99549E-05 0.992585 9.99549E-05 0.00691526 9.99549E-05 9.99549E-05 9.99549E-05
9.9991E-05 0.176124 0.0941267 0.0318215 0.404678 0.0224645 0.270685
0.173646 0.0679076 0.272978 0.0128714 0.312554 9.9991E-05 0.159943
0.217897 0.0135252 0.287004 9.9982E-05 0.263917 9.9982E-05 0.217457
0.13403 0.144835 0.269584 0.0541964 0.0326942 0.040989 0.323671
0.126757 0.221509 0.142928 0.0244957 0.276146 0.208064 9.9991E-05
0.352385 0.0562028 0.275045 0.0683423 0.0339712 0.0627019 0.151352
0.521806 0.141993 9.9982E-05 0.0542858 0.16333 9.9982E-05 0.118387
0.154124 0.0237883 0.59221 0.142218 0.00704144 0.080518 9.9991E-05
0.386351 0.0776617 0.0741197 0.00758859 0.282408 0.0164783 0.155393
0.284655 0.0273251 9.9982E-05 0.09151 0.13875 0.45756 9.9982E-05
0.250553 0.122637 0.297938 0.0273534 0.116332 9.9991E-05 0.185087
9.995E-05 9.995E-05 9.995E-05 9.995E-05 9.995E-05 0.9994 9.995E-05
0.337429 0.246863 0.0596047 0.0359973 0.198925 0.0447407 0.0764412
0.00855895 0.0180613 0.157456 0.0536743 0.12725 0.0316538 0.603346
0.634636 9.9973E-05 0.317439 0.0240957 9.9973E-05 0.0235295 9.9973E-05
9.9982E-05 0.117945 0.2481 0.062727 9.9982E-05 0.0663135 0.504714
0.218293 0.102372 9.9991E-05 0.0743122 0.107259 0.156302 0.341361
0.304064 0.0162827 9.9982E-05 0.111289 9.9982E-05 0.456714 0.11145
0.246893 0.141086 0.179795 0.0862676 0.0864947 0.24024 0.0192233
0.437088 0.0713984 0.00559005 0.0206292 0.347283 9.9991E-05 0.117911
0.0869047 0.0561128 0.686 0.0950016 9.9982E-05 0.0757812 9.9982E-05
0.536894 0.052855 9.9982E-05 0.00419588 0.269452 0.136403 9.9982E-05
9.9982E-05 0.200368 0.339678 0.088649 0.171759 9.9982E-05 0.199347
0.122389 0.0695044 0.339977 0.0317725 0.0647337 0.171949 0.199674
0.308146 9.9982E-05 0.508996 0.0449591 0.0109542 9.9982E-05 0.126745
9.9991E-05 0.107504 0.18416 0.0156355 0.0456927 0.205412 0.441496
0.118144 9.9973E-05 9.9973E-05 0.0390998 9.9973E-05 0.0818825 0.760574
0.737628 0.0777791 0.0135998 0.138596 9.9982E-05 0.0321971 9.9982E-05
0.430028 0.0199285 0.0624959 0.0043769 9.9991E-05 0.427729 0.0553417
0.263715 0.00407339 0.0737262 0.114861 0.289543 0.253982 9.9991E-05
0.302526 0.216466 9.9973E-05 9.9973E-05 9.9973E-05 0.0473327 0.433376
0.152803 0.228684 0.219144 0.125162 0.0599573 0.0877061 0.126543
9.995E-05 9.995E-05 9.995E-05 9.995E-05 0.9994 9.995E-05 9.995E-05
9.9955E-05 9.9955E-05 9.9955E-05 0.00816688 0.991333 9.9955E-05 9.9955E-05
0.0965246 0.0281197 0.500273 0.100192 0.0803218 0.0370147 0.157554
0.644666 0.0779595 0.095064 0.0829636 0.0466856 0.0525617 9.9991E-05
0.363083 0.221753 0.302253 0.0912643 9.9982E-05 0.0214466 9.9982E-05
0.252053 0.227905 0.0140705 0.0726917 0.385743 0.0474369 9.9991E-05
0.198034 0.115265 0.430311 0.0327912 9.9991E-05 0.0559474 0.16755
9.9982E-05 0.0760755 0.509031 0.0191228 9.9982E-05 0.0796103 0.315961
0.535811 0.163647 9.9982E-05 0.102174 0.123518 0.0746497 9.9982E-05
0.267343 9.9982E-05 0.111525 0.127676 9.9982E-05 0.268073 0.225184
0.360617 0.0491863 0.322862 0.0648545 9.9982E-05 9.9982E-05 0.20228
9.995E-05 9.995E-05 9.995E-05 0.9994 9.995E-05 9.995E-05 9.995E-05
0.18507 0.123321 0.0396946 0.0809284 9.9982E-05 9.9982E-05 0.570786
0.328658 0.26353 9.9982E-05 0.0944247 0.11626 9.9982E-05 0.196927
0.163318 0.0454199 0.696714 0.0942474 9.9973E-05 9.9973E-05 9.9973E-05
0.531793 0.24585 0.00508436 0.0950577 0.0818468 9.9991E-05 0.040268
0.0904121 0.143406 0.223082 0.183773 0.0208212 0.132414 0.206091
0.236101 0.0151059 0.369771 0.0729661 0.0504299 0.0899678 0.165658
0.37943 0.0487164 0.378045 0.0783593 0.11525 9.9982E-05 9.9982E-05
0.114957 0.0750797 0.0745058 0.0621365 0.297619 0.24825 0.127452
0.305523 0.0449579 0.270863 0.0816059 9.9982E-05 9.9982E-05 0.29685
0.346179 0.147778 9.9991E-05 0.00965908 0.186965 0.101423 0.207896
9.9964E-05 9.9964E-05 9.9964E-05 9.9964E-05 0.0758591 0.0909363 0.832805
0.096211 0.0133624 0.0978314 0.0790926 0.298563 0.202587 0.212353
0.571724 0.081233 9.9991E-05 0.100101 0.00332383 0.0270728 0.216446
9.995E-05 9.995E-05 9.995E-05 0.9994 9.995E-05 9.995E-05 9.995E-05
0.0895705 0.0644049 9.9982E-05 0.380054 0.346488 9.9982E-05 0.119282
0.57457 0.0693049 0.145864 9.9973E-05 0.209961 9.9973E-05 9.9973E-05
0.18135 0.0606599 0.519119 0.086277 9.9982E-05 9.9982E-05 0.152394
9.9973E-05 0.0574093 0.0916651 0.115852 9.9973E-05 9.9973E-05 0.734773
0.15312 0.0169109 0.314267 0.0396554 0.188083 9.9991E-05 0.287864
0.232482 0.267781 0.124842 0.0576893 0.300265 0.0168418 9.9991E-05
9.995E-05 9.995E-05 9.995E-05 9.995E-05 0.9994 9.995E-05 9.995E-05
0.338785 9.9991E-05 0.03365 0.0914742 0.200808 0.113557 0.221626
0.145816 0.0497665 0.270182 9.9991E-05 0.31708 0.113052 0.104004
0.00452611 0.162268 0.268071 0.097944 0.347099 0.119991 9.9991E-05
0.526364 9.9991E-05 0.0391799 0.145002 0.0201326 0.0984143 0.170807
9.9973E-05 0.127157 0.340885 0.00979135 0.521866 9.9973E-05 9.9973E-05
0.382929 9.9982E-05 0.0779506 0.081916 0.138553 9.9982E-05 0.318451
0.348628 0.211195 0.192808 9.9982E-05 0.198485 0.048685 9.9982E-05
0.604059 0.0215581 0.191603 0.144282 0.010596 9.9991E-05 0.0278023
9.9973E-05 0.118729 0.370353 9.9973E-05 0.312399 9.9973E-05 0.198219
9.995E-05 0.9994 9.995E-05 9.995E-05 9.995E-05 9.995E-05 9.995E-05
0.154996 0.0496535 0.596974 0.027452 0.126078 0.0447455 9.9991E-05
9.9982E-05 0.0908694 9.9982E-05 0.0266265 0.590063 0.23111 0.0611316
0.141407 0.100933 0.214394 0.173902 0.0856494 0.172649 0.111065
0.163126 0.0191932 0.263437 0.0580766 0.26094 9.9991E-05 0.235126
0.408453 9.9982E-05 0.0561084 9.9982E-05 0.0849866 0.160927 0.289325
0.209871 0.0220169 9.9991E-05 0.0474819 0.226784 0.0202687 0.473477
9.995E-05 0.9994 9.995E-05 9.995E-05 9.995E-05 9.995E-05 9.995E-05
0.449444 0.0418592 0.275186 0.111439 9.9991E-05 0.00315662 0.118815
0.0677435 0.257843 0.0180004 0.0747543 0.202868 0.131082 0.247708
0.48602 0.00404514 0.197392 0.0438569 0.123784 0.0035414 0.141361
9.9982E-05 9.9982E-05 0.406353 0.0287938 0.213716 0.100617 0.250321
