0.145299 9.99551E-05 9.99551E-05 9.99551E-05 0.0173921 0.159484 0.11854 9.99551E-05 0.558785 9.99551E-05
0.617273 9.9955E-05 0.102388 9.9955E-05 0.0844507 0.155075 9.9955E-05 9.9955E-05 0.0403135 9.9955E-05
9.99641E-05 0.274389 0.136672 9.99641E-05 9.99641E-05 0.159456 0.118845 0.0947715 0.215468 9.99641E-05
9.99552E-05 0.0955408 0.132524 9.99552E-05 0.153228 9.99552E-05 0.0830168 9.99552E-05 0.535191 9.99552E-05
9.99461E-05 9.99461E-05 0.187544 9.99461E-05 9.99461E-05 9.99461E-05 9.99461E-05 0.223792 0.301097 0.286967
0.0230378 0.264479 9.99372E-05 9.99372E-05 9.99372E-05 9.99372E-05 9.99372E-05 9.99372E-05 0.711783 9.99372E-05
0.275314 9.99462E-05 9.99462E-05 0.501126 9.99462E-05 9.99462E-05 9.99462E-05 0.0607134 0.162247 9.99462E-05
0.00922818 9.99552E-05 0.146415 9.99552E-05 0.0980984 9.99552E-05 0.193158 9.99552E-05 0.5526 9.99552E-05
0.272482 0.0164597 9.99641E-05 0.533301 0.0158323 9.99641E-05 9.99641E-05 0.0834654 9.99641E-05 0.0780598
9.99731E-05 0.279605 0.00843342 0.125912 9.99731E-05 0.130374 0.283642 0.047431 0.124303 9.99731E-05
9.9973E-05 0.321029 0.24694 9.9973E-05 0.0997788 0.0673338 0.22755 0.0105822 0.0264859 9.9973E-05
9.99731E-05 9.99731E-05 0.33398 0.105798 0.29517 9.99731E-05 0.0886996 0.0614593 0.055945 0.0586482
0.0649063 9.99641E-05 0.0846326 9.99641E-05 0.489647 9.99641E-05 9.99641E-05 0.114034 0.150503 0.0958763
0.000601639 9.99552E-05 0.256986 9.99552E-05 9.99552E-05 9.99552E-05 9.99552E-05 0.0670383 0.540987 0.133888
0.0254836 9.99643E-05 9.99643E-05 0.0685863 0.443177 9.99643E-05 0.050597 9.99643E-05 0.324838 0.0869185
9.99642E-05 9.99642E-05 0.21867 9.99642E-05 0.0542107 9.99642E-05 0.0709094 0.121455 0.507717 0.0266374
0.143534 0.0627557 0.0393939 0.101874 0.0312755 9.99821E-05 0.173247 9.99821E-05 0.419957 0.0277619
0.0908464 0.0554938 0.248759 0.12792 9.99641E-05 0.172191 9.99641E-05 9.99641E-05 0.30439 9.99641E-05
0.190476 9.99552E-05 9.99552E-05 0.0762649 0.641003 9.99552E-05 0.0448195 9.99552E-05 9.99552E-05 0.0469367
9.99463E-05 0.0700935 0.269103 9.99463E-05 9.99463E-05 0.251326 9.99463E-05 9.99463E-05 0.408878 9.99463E-05
9.99553E-05 0.302067 0.000943275 0.520219 9.99553E-05 9.99553E-05 9.99553E-05 0.0194022 0.156868 9.99553E-05
9.99461E-05 9.99461E-05 9.99461E-05 9.99461E-05 0.599766 9.99461E-05 0.167032 0.0702218 9.99461E-05 0.162381
9.99642E-05 0.00111167 0.278067 9.99642E-05 0.0119736 0.260445 9.99642E-05 0.131922 0.316081 9.99642E-05
0.410488 9.99461E-05 9.99461E-05 9.99461E-05 9.99461E-05 9.99461E-05 0.0210611 0.536522 9.99461E-05 0.0313292
0.105272 0.239637 0.107504 9.99731E-05 0.230265 0.0118679 0.00162891 0.303526 9.99731E-05 9.99731E-05
9.9955E-05 0.049354 9.9955E-05 9.9955E-05 9.9955E-05 9.9955E-05 0.219802 0.0828891 0.608019 0.0394363
9.9964E-05 9.9964E-05 0.394921 0.115181 0.0468776 0.0993848 0.260971 0.0822647 9.9964E-05 9.9964E-05
0.731398 0.03116 9.99553E-05 9.99553E-05 0.0583876 9.99553E-05 9.99553E-05 9.99553E-05 0.150378 0.0281766
0.000367686 0.191912 0.161422 9.9964E-05 0.172815 0.332771 9.9964E-05 9.9964E-05 9.9964E-05 0.140313
9.99372E-05 9.99372E-05 9.99372E-05 9.99372E-05 9.99372E-05 9.99372E-05 0.261648 0.541253 0.196399 9.99372E-05
0.635598 0.065618 9.99642E-05 0.00289714 9.99642E-05 0.0932763 9.99642E-05 9.99642E-05 0.137226 0.0649848
9.99731E-05 9.99731E-05 0.346925 9.99731E-05 0.137827 0.144618 0.185886 0.0971213 0.0554379 0.0318858
0.136608 0.0315101 9.99641E-05 0.356739 9.99641E-05 0.290947 9.99641E-05 0.181887 9.99641E-05 0.00190804
0.0188129 9.99641E-05 9.99641E-05 0.027974 0.447396 9.99641E-05 0.174156 0.012635 0.318627 9.99641E-05
9.99461E-05 0.0157054 0.158931 9.99461E-05 9.99461E-05 9.99461E-05 9.99461E-05 0.0892071 0.735557 9.99461E-05
9.99373E-05 9.99373E-05 0.0246944 0.412456 9.99373E-05 9.99373E-05 9.99373E-05 9.99373E-05 0.56215 9.99373E-05
0.326292 9.99552E-05 0.205129 9.99552E-05 0.0734343 0.271713 0.122931 9.99552E-05 9.99552E-05 9.99552E-05
9.99461E-05 0.207075 0.00419708 9.99461E-05 9.99461E-05 0.5957 9.99461E-05 0.192428 9.99461E-05 9.99461E-05
0.32054 9.99551E-05 0.074813 9.99551E-05 0.248988 9.99551E-05 9.99551E-05 0.197321 0.157838 9.99551E-05
0.190084 0.20834 0.212179 9.9955E-05 0.376231 0.0126658 9.9955E-05 9.9955E-05 9.9955E-05 9.9955E-05
0.268394 9.99463E-05 9.99463E-05 9.99463E-05 0.0251927 9.99463E-05 0.589955 0.115859 9.99463E-05 9.99463E-05
0.0647436 0.125856 9.99552E-05 0.464431 0.0309155 9.99552E-05 0.313554 9.99552E-05 9.99552E-05 9.99552E-05
0.133621 9.9964E-05 0.138006 0.0866489 9.9964E-05 9.9964E-05 0.310137 0.00705127 0.324137 9.9964E-05
9.99552E-05 0.190259 0.316877 9.99552E-05 0.16203 9.99552E-05 0.00615786 9.99552E-05 0.324176 9.99552E-05
9.99551E-05 9.99551E-05 0.190373 9.99551E-05 0.367368 0.260996 0.0763481 0.104416 9.99551E-05 9.99551E-05
9.99463E-05 0.0317763 0.248824 0.242141 9.99463E-05 9.99463E-05 9.99463E-05 9.99463E-05 0.476659 9.99463E-05
9.99372E-05 9.99372E-05 9.99372E-05 0.223492 9.99372E-05 9.99372E-05 0.284032 9.99372E-05 0.491777 9.99372E-05
9.9964E-05 0.200151 0.0714955 0.464667 9.9964E-05 9.9964E-05 0.114544 9.9964E-05 0.0240199 0.124722
9.99463E-05 9.99463E-05 0.00359721 9.99463E-05 0.0548814 0.403373 0.537549 9.99463E-05 9.99463E-05 9.99463E-05
9.99372E-05 9.99372E-05 0.130528 9.99372E-05 9.99372E-05 0.0692113 9.99372E-05 9.99372E-05 0.799561 9.99372E-05
9.99641E-05 0.0573235 9.99641E-05 9.99641E-05 0.0873833 9.99641E-05 0.0365113 0.172224 0.640519 0.00563954
0.315855 0.132729 0.0571562 0.0635826 9.9991E-05 0.165927 0.0414099 0.0899419 0.0638196 0.069478
9.99461E-05 9.99461E-05 9.99461E-05 0.147862 9.99461E-05 9.99461E-05 0.29351 0.211126 0.346903 9.99461E-05
9.99462E-05 0.0718883 9.99462E-05 9.99462E-05 0.399488 9.99462E-05 9.99462E-05 0.0734807 0.454543 9.99462E-05
0.031813 9.99372E-05 9.99372E-05 9.99372E-05 9.99372E-05 0.0245896 9.99372E-05 9.99372E-05 9.99372E-05 0.942898
9.99552E-05 0.000203457 9.99552E-05 9.99552E-05 0.118472 9.99552E-05 0.237066 9.99552E-05 0.0223851 0.621374
0.296113 9.9946E-05 9.9946E-05 9.9946E-05 9.9946E-05 9.9946E-05 9.9946E-05 0.217053 0.231238 0.254996
9.99201E-05 9.99201E-05 9.99201E-05 9.99201E-05 9.99201E-05 9.99201E-05 9.99201E-05 9.99201E-05 9.99201E-05 0.999101
0.113817 0.136146 0.184099 0.019695 0.292418 9.9982E-05 0.0301032 9.9982E-05 0.111294 0.112229
0.115714 0.151964 0.152668 0.15684 9.9964E-05 9.9964E-05 0.0882785 9.9964E-05 0.334136 9.9964E-05
0.170997 0.241849 9.99641E-05 9.99641E-05 0.136801 9.99641E-05 9.99641E-05 0.0131701 0.292017 0.144765
9.99372E-05 9.99372E-05 0.196887 9.99372E-05 9.99372E-05 9.99372E-05 0.484965 9.99372E-05 0.317449 9.99372E-05
9.99371E-05 9.99371E-05 9.99371E-05 9.99371E-05 0.106995 9.99371E-05 0.743624 9.99371E-05 9.99371E-05 0.148681
0.245182 9.99552E-05 0.0137874 9.99552E-05 9.99552E-05 9.99552E-05 0.0782595 0.553459 0.108812 9.99552E-05
9.99731E-05 9.99731E-05 0.00105772 9.99731E-05 0.0559866 0.0436627 0.333704 0.132842 0.363221 0.0692249
0.0230618 0.0407988 9.9982E-05 0.152334 0.251068 9.9982E-05 0.229775 0.0923823 0.105567 0.104813
9.99462E-05 0.154194 9.99462E-05 0.0438659 9.99462E-05 0.156287 9.99462E-05 9.99462E-05 0.645053 9.99462E-05
9.99461E-05 9.99461E-05 0.200477 0.22058 0.382632 9.99461E-05 9.99461E-05 9.99461E-05 0.195711 9.99461E-05
9.99551E-05 9.99551E-05 9.99551E-05 9.99551E-05 0.549845 0.14994 0.0729292 9.99551E-05 0.199967 0.0268186
0.0605594 0.114754 9.99821E-05 0.127479 0.123502 0.282205 0.1886 0.0480006 0.0547003 9.99821E-05
0.00688286 0.139082 0.1984 0.215065 0.00308138 9.99731E-05 9.99731E-05 9.99731E-05 0.374924 0.0622643
9.99462E-05 9.99462E-05 0.0747163 0.0774857 0.262712 9.99462E-05 0.584487 9.99462E-05 9.99462E-05 9.99462E-05
0.151839 9.99552E-05 0.382678 9.99552E-05 9.99552E-05 0.169114 9.99552E-05 9.99552E-05 0.0755082 0.220361
9.99464E-05 9.99464E-05 0.137217 9.99464E-05 0.519012 9.99464E-05 0.117572 9.99464E-05 0.225599 9.99464E-05
0.22219 9.99466E-05 9.99466E-05 9.99466E-05 0.150711 9.99466E-05 9.99466E-05 0.0649429 0.561557 9.99466E-05
0.222415 9.99731E-05 0.0671847 0.10818 0.0543705 9.99731E-05 0.152963 9.99731E-05 0.244047 0.150539
9.99466E-05 9.99466E-05 9.99466E-05 0.110403 0.439655 9.99466E-05 0.0157926 9.99466E-05 0.43355 9.99466E-05
0.332035 0.164124 0.199222 9.99551E-05 9.99551E-05 9.99551E-05 0.27911 9.99551E-05 9.99551E-05 0.0250097
0.37955 0.225986 9.9955E-05 9.9955E-05 0.31102 9.9955E-05 0.0648167 9.9955E-05 0.0181285 9.9955E-05
0.330615 0.105656 0.139737 9.99731E-05 0.0477309 9.99731E-05 0.00521276 9.99731E-05 0.226683 0.144065
9.99374E-05 9.99374E-05 0.557023 9.99374E-05 9.99374E-05 0.108856 9.99374E-05 9.99374E-05 0.333421 9.99374E-05
9.99731E-05 0.179522 9.99731E-05 0.108138 0.0172827 0.0238022 9.99731E-05 0.115475 0.180232 0.375249
0.227065 9.99462E-05 9.99462E-05 0.330335 9.99462E-05 0.402162 9.99462E-05 9.99462E-05 0.0398382 9.99462E-05
9.996E-05 0.0487866 9.996E-05 9.996E-05 0.11403 0.143752 0.287461 0.203098 0.202473 9.996E-05
9.996E-05 9.996E-05 0.192611 0.168996 0.122175 9.996E-05 0.029269 0.12554 0.361009 9.996E-05
0.131758 9.9973E-05 0.10442 0.159193 0.0139773 0.068356 0.0227008 9.9973E-05 0.499295 9.9973E-05
0.553041 9.99462E-05 0.0697822 0.300058 9.99462E-05 9.99462E-05 9.99462E-05 9.99462E-05 9.99462E-05 0.0765191
0.207093 0.0325484 0.0334804 9.99551E-05 9.99551E-05 9.99551E-05 0.298503 0.427876 9.99551E-05 9.99551E-05
9.99464E-05 0.126002 9.99464E-05 9.99464E-05 0.605276 9.99464E-05 9.99464E-05 0.105301 0.162822 9.99464E-05
9.9955E-05 0.115997 9.9955E-05 0.151796 0.269018 0.06746 0.395229 9.9955E-05 9.9955E-05 9.9955E-05
9.99553E-05 0.000815687 0.0920856 9.99553E-05 0.106645 9.99553E-05 9.99553E-05 0.724666 0.0752877 9.99553E-05
0.104089 9.99643E-05 9.99643E-05 0.472253 9.99643E-05 0.0359984 9.99643E-05 0.0709116 0.247551 0.0687978
9.99373E-05 9.99373E-05 9.99373E-05 0.82563 9.99373E-05 9.99373E-05 9.99373E-05 0.0427228 9.99373E-05 0.130948
0.0865647 0.358303 9.99641E-05 0.0682996 9.99641E-05 0.0520216 0.155665 9.99641E-05 0.278747 9.99641E-05
9.9955E-05 9.9955E-05 0.0529047 0.584254 0.204032 9.9955E-05 0.157141 0.00116823 9.9955E-05 9.9955E-05
0.278837 0.168117 0.107494 0.26255 0.00294749 9.99641E-05 9.99641E-05 9.99641E-05 0.179654 9.99641E-05
0.0540459 9.99552E-05 9.99552E-05 0.189497 9.99552E-05 9.99552E-05 0.262641 0.15921 0.334105 9.99552E-05
9.99372E-05 9.99372E-05 9.99372E-05 0.521679 0.0689545 9.99372E-05 9.99372E-05 9.99372E-05 0.408667 9.99372E-05
9.99551E-05 9.99551E-05 0.0735819 9.99551E-05 0.0970745 0.030077 9.99551E-05 0.489231 0.309535 9.99551E-05
0.245869 0.00566245 0.0759214 0.0856933 9.9982E-05 0.0628454 0.171242 0.228027 0.12454 9.9982E-05
0.712006 9.99375E-05 9.99375E-05 0.216371 9.99375E-05 9.99375E-05 9.99375E-05 0.0709228 9.99375E-05 9.99375E-05
0.00983129 9.99373E-05 0.029142 9.99373E-05 9.99373E-05 9.99373E-05 9.99373E-05 0.960327 9.99373E-05 9.99373E-05
0.491185 0.157753 0.0296779 0.0021222 9.99643E-05 0.115733 0.203129 9.99643E-05 9.99643E-05 9.99643E-05
9.99201E-05 0.999101 9.99201E-05 9.99201E-05 9.99201E-05 9.99201E-05 9.99201E-05 9.99201E-05 9.99201E-05 9.99201E-05
9.99462E-05 9.99462E-05 0.0327824 9.99462E-05 0.266 9.99462E-05 0.0958611 9.99462E-05 0.604757 9.99462E-05
9.99641E-05 9.99641E-05 0.0104606 0.118385 0.455125 9.99641E-05 0.125708 0.125073 9.99641E-05 0.164848
0.113077 9.9964E-05 9.9964E-05 0.144825 9.9964E-05 0.293263 0.10756 9.9964E-05 0.190122 0.150752
0.0873585 0.16635 9.99641E-05 0.233844 0.0918617 0.0798903 9.99641E-05 9.99641E-05 0.340296 9.99641E-05
9.99551E-05 0.121257 9.99551E-05 0.0838736 0.455567 0.188972 9.99551E-05 9.99551E-05 0.14983 9.99551E-05
9.99552E-05 0.40122 9.99552E-05 0.0556554 0.464002 0.0641403 9.99552E-05 0.0144826 9.99552E-05 9.99552E-05
0.219552 9.99374E-05 9.99374E-05 0.518038 9.99374E-05 9.99374E-05 9.99374E-05 0.26171 9.99374E-05 9.99374E-05
0.0546422 9.99642E-05 0.0518111 9.99642E-05 0.177764 9.99642E-05 9.99642E-05 0.143403 0.547884 0.0240958
9.99283E-05 9.99283E-05 9.99283E-05 9.99283E-05 0.4269 9.99283E-05 9.99283E-05 0.572301 9.99283E-05 9.99283E-05
9.99641E-05 0.101685 0.0404725 9.99641E-05 9.99641E-05 0.502765 9.99641E-05 0.0342255 0.0859903 0.234462
9.99281E-05 9.99281E-05 9.99281E-05 9.99281E-05 9.99281E-05 9.99281E-05 0.194493 0.804708 9.99281E-05 9.99281E-05
9.99552E-05 0.367999 9.99552E-05 0.217264 0.132495 9.99552E-05 9.99552E-05 9.99552E-05 0.043011 0.238732
0.257171 9.99462E-05 9.99462E-05 9.99462E-05 0.157511 9.99462E-05 0.170161 9.99462E-05 0.414557 9.99462E-05
0.100682 9.99641E-05 9.99641E-05 9.99641E-05 0.116003 0.133599 0.575478 9.99641E-05 0.0454635 0.0283739
9.9964E-05 0.103485 0.284326 9.9964E-05 0.292019 0.0689581 9.9964E-05 0.234218 9.9964E-05 0.0165945
0.420347 9.99461E-05 9.99461E-05 0.0124362 9.99461E-05 0.175826 9.99461E-05 9.99461E-05 0.390791 9.99461E-05
9.99551E-05 9.99551E-05 0.14609 9.99551E-05 0.023602 9.99551E-05 0.198712 0.456635 0.174462 9.99551E-05
0.625635 9.99551E-05 9.99551E-05 0.00488996 9.99551E-05 9.99551E-05 9.99551E-05 0.156577 0.1761 0.036299
9.99398E-05 0.180924 9.99398E-05 9.99398E-05 9.99398E-05 9.99398E-05 9.99398E-05 9.99398E-05 0.722895 0.0954812
9.99551E-05 9.99551E-05 0.0224164 0.169922 9.99551E-05 0.50721 0.188209 9.99551E-05 0.111743 9.99551E-05
9.99732E-05 0.172406 9.99732E-05 0.072345 0.18561 0.0624514 0.165606 0.0738545 0.267427 9.99732E-05
0.0434398 0.071986 9.9964E-05 0.116832 0.267596 9.9964E-05 0.271666 9.9964E-05 0.228081 9.9964E-05
9.99464E-05 9.99464E-05 0.226808 0.655609 9.99464E-05 9.99464E-05 0.0878203 0.0291629 9.99464E-05 9.99464E-05
0.200664 0.0248426 0.0902587 9.99731E-05 0.404812 0.0176547 9.99731E-05 9.99731E-05 0.245937 0.0155309
0.0368117 0.350965 9.99552E-05 9.99552E-05 9.99552E-05 0.355121 9.99552E-05 0.180884 0.0757187 9.99552E-05
9.99641E-05 9.99641E-05 0.0633743 0.378945 0.0752072 0.316646 9.99641E-05 0.156277 0.00915146 9.99641E-05
9.99463E-05 0.00115963 9.99463E-05 0.813567 9.99463E-05 9.99463E-05 9.99463E-05 9.99463E-05 0.0632686 0.121406
0.120311 0.0433314 0.0481052 9.9973E-05 9.9973E-05 0.124596 0.133182 9.9973E-05 0.528212 0.00196319
9.99731E-05 0.152763 0.0958578 0.419586 0.0826899 0.149361 0.021829 9.99731E-05 0.0776132 9.99731E-05
0.279424 0.104027 0.076661 9.99731E-05 0.446598 0.0195547 0.0198564 9.99731E-05 0.053579 9.99731E-05
0.233638 0.146945 9.99551E-05 0.200302 9.99551E-05 9.99551E-05 0.347733 9.99551E-05 0.0708827 9.99551E-05
9.99375E-05 9.99375E-05 9.99375E-05 9.99375E-05 0.0198168 0.235541 9.99375E-05 9.99375E-05 0.743943 9.99375E-05
9.99461E-05 9.99461E-05 9.99461E-05 9.99461E-05 0.0418202 0.571717 0.107538 9.99461E-05 0.278325 9.99461E-05
9.99374E-05 0.0422727 9.99374E-05 9.99374E-05 9.99374E-05 0.760801 9.99374E-05 9.99374E-05 0.196227 9.99374E-05
0.449711 9.99552E-05 0.0733419 0.167491 0.188449 0.120507 9.99552E-05 9.99552E-05 9.99552E-05 9.99552E-05
9.99372E-05 9.99372E-05 9.99372E-05 9.99372E-05 0.345198 0.0177087 9.99372E-05 9.99372E-05 0.636394 9.99372E-05
0.371671 0.0996905 0.0815291 9.996E-05 9.996E-05 9.996E-05 0.0533123 9.996E-05 0.368339 0.0250585
9.99551E-05 0.100336 0.0656985 0.174648 9.99551E-05 0.514628 9.99551E-05 0.14419 9.99551E-05 9.99551E-05
0.0481132 0.0885483 9.9964E-05 0.536716 0.125787 9.9964E-05 0.0607739 9.9964E-05 0.139661 9.9964E-05
9.99373E-05 0.274889 9.99373E-05 0.315567 9.99373E-05 9.99373E-05 0.408845 9.99373E-05 9.99373E-05 9.99373E-05
9.99461E-05 9.99461E-05 0.0894382 9.99461E-05 0.246265 9.99461E-05 9.99461E-05 0.546828 0.116868 9.99461E-05
0.0308921 9.9964E-05 9.9964E-05 0.0605811 0.478391 0.101875 9.9964E-05 0.0877722 0.240088 9.9964E-05
9.99201E-05 9.99201E-05 0.999101 9.99201E-05 9.99201E-05 9.99201E-05 9.99201E-05 9.99201E-05 9.99201E-05 9.99201E-05
0.195642 0.0484819 9.99552E-05 9.99552E-05 9.99552E-05 9.99552E-05 0.128091 0.0191362 0.608149 9.99552E-05
9.99731E-05 0.128549 0.153717 0.201844 0.0756854 9.99731E-05 9.99731E-05 0.143097 0.22411 0.0726978
0.227688 9.99553E-05 0.315568 0.00977133 0.414313 9.99553E-05 9.99553E-05 9.99553E-05 9.99553E-05 0.0321601
0.220352 0.0614562 0.0480203 0.00205337 0.57503 9.99642E-05 0.0926886 9.99642E-05 9.99642E-05 9.99642E-05
9.99551E-05 0.0487604 0.179431 9.99551E-05 9.99551E-05 9.99551E-05 0.487317 9.99551E-05 0.160697 0.123296
9.9955E-05 9.9955E-05 9.9955E-05 9.9955E-05 0.364318 0.181091 0.0842606 9.9955E-05 0.260834 0.108997
0.607716 9.99372E-05 9.99372E-05 9.99372E-05 9.99372E-05 9.99372E-05 0.296272 9.99372E-05 0.0953128 9.99372E-05
0.501017 9.99553E-05 9.99553E-05 9.99553E-05 9.99553E-05 0.296658 0.028765 0.138468 0.0345914 9.99553E-05
9.99553E-05 0.150483 0.0977172 9.99553E-05 9.99553E-05 0.26815 0.205757 9.99553E-05 0.277393 9.99553E-05
0.430466 0.238554 0.073501 9.99641E-05 9.99641E-05 0.0234503 9.99641E-05 0.0432298 9.99641E-05 0.190399
9.99554E-05 0.213322 0.166648 9.99554E-05 9.99554E-05 9.99554E-05 0.349819 9.99554E-05 0.263626 0.00608611
0.080943 9.99642E-05 9.99642E-05 9.99642E-05 0.241069 0.0775129 9.99642E-05 0.0340701 0.553629 0.0123762
0.0650877 9.99641E-05 9.99641E-05 0.212796 0.292763 0.16207 9.99641E-05 0.237675 0.0292081 9.99641E-05
9.99201E-05 9.99201E-05 0.999101 9.99201E-05 9.99201E-05 9.99201E-05 9.99201E-05 9.99201E-05 9.99201E-05 9.99201E-05
9.99551E-05 9.99551E-05 0.16026 0.22736 0.260061 9.99551E-05 0.0946046 9.99551E-05 0.257215 9.99551E-05
0.582572 9.99731E-05 0.0693968 9.99731E-05 0.0124679 0.0274088 0.102813 0.00799411 0.197048 9.99731E-05
0.345915 0.0110147 0.0363566 0.379541 9.99642E-05 9.99642E-05 9.99642E-05 9.99642E-05 0.110947 0.115826
9.99464E-05 9.99464E-05 0.0875608 0.00340385 9.99464E-05 9.99464E-05 0.786747 9.99464E-05 9.99464E-05 0.121689
9.99372E-05 9.99372E-05 9.99372E-05 0.104865 9.99372E-05 9.99372E-05 0.48651 9.99372E-05 0.407926 9.99372E-05
9.99553E-05 0.168348 9.99553E-05 0.231012 9.99553E-05 9.99553E-05 0.0452709 9.99553E-05 0.424027 0.130843
9.99463E-05 9.99463E-05 9.99463E-05 9.99463E-05 0.626766 0.284039 0.000359182 9.99463E-05 9.99463E-05 0.0882361
0.642695 9.99464E-05 0.0506528 0.190124 9.99464E-05 9.99464E-05 9.99464E-05 9.99464E-05 9.99464E-05 0.115928
0.240159 0.082308 0.073613 0.181256 0.132725 9.9973E-05 9.9973E-05 0.0939595 0.19568 9.9973E-05
9.99552E-05 0.0920784 9.99552E-05 9.99552E-05 0.708263 0.0165307 9.99552E-05 0.0719419 0.110687 9.99552E-05
9.99551E-05 9.99551E-05 0.145431 9.99551E-05 0.0722536 0.261691 9.99551E-05 9.99551E-05 0.235059 0.285065
0.157188 0.142988 0.0103056 9.997E-05 0.429048 0.0207899 9.997E-05 9.997E-05 0.0763791 0.163002
0.10625 9.99641E-05 0.0829542 0.0930276 9.99641E-05 9.99641E-05 0.138701 0.0792928 0.499375 9.99641E-05
9.99463E-05 0.10648 9.99463E-05 9.99463E-05 0.12036 9.99463E-05 0.293349 9.99463E-05 0.479211 9.99463E-05
9.99373E-05 9.99373E-05 9.99373E-05 9.99373E-05 9.99373E-05 0.00892579 9.99373E-05 9.99373E-05 0.289649 0.700726
0.132455 9.99731E-05 0.0900357 0.0967817 0.114022 0.106456 0.198458 0.26149 9.99731E-05 9.99731E-05
9.99373E-05 0.825385 9.99373E-05 0.153239 9.99373E-05 9.99373E-05 9.99373E-05 9.99373E-05 0.0206759 9.99373E-05
0.46086 9.99551E-05 9.99551E-05 0.0337733 9.99551E-05 0.273826 0.173824 9.99551E-05 0.0572158 9.99551E-05
0.258623 0.120907 9.99552E-05 0.128738 9.99552E-05 9.99552E-05 0.43606 9.99552E-05 0.0551726 9.99552E-05
9.99552E-05 9.99552E-05 0.266579 0.502414 9.99552E-05 0.166653 0.0376587 9.99552E-05 9.99552E-05 0.0261963
9.99642E-05 0.042565 9.99642E-05 0.195062 0.35262 9.99642E-05 0.137011 0.0131105 0.259231 9.99642E-05
9.99551E-05 9.99551E-05 9.99551E-05 0.0613381 9.99551E-05 0.0572471 0.221745 0.0330718 0.626098 9.99551E-05
9.99642E-05 9.99642E-05 0.031937 9.99642E-05 0.259106 9.99642E-05 0.13705 0.12775 0.215376 0.22838
9.99201E-05 0.999101 9.99201E-05 9.99201E-05 9.99201E-05 9.99201E-05 9.99201E-05 9.99201E-05 9.99201E-05 9.99201E-05
9.99553E-05 9.99553E-05 0.111177 9.99553E-05 0.413268 9.99553E-05 0.156313 9.99553E-05 0.0507138 0.268028
0.141078 0.138519 0.141191 9.99731E-05 0.0697053 0.10176 9.99731E-05 9.99731E-05 0.218857 0.188589
0.81596 0.0471044 9.99462E-05 9.99462E-05 0.00614277 9.99462E-05 9.99462E-05 0.130193 9.99462E-05 9.99462E-05
0.0650968 0.0700907 0.0574172 0.0894251 9.9973E-05 0.272316 9.9973E-05 0.0988842 0.34647 9.9973E-05
