0.100591 0.0907922 0.808617
0.656623 0.186684 0.156693
0.619549 0.0997001 0.280751
0.452952 0.15977 0.387278
0.676493 0.255164 0.0683426
0.807803 0.0719088 0.120288
0.259315 0.26695 0.473736
0.535194 0.228374 0.236432
0.401621 0.178297 0.420082
9.9991E-05 0.303742 0.696158
0.463404 0.0108531 0.525743
0.315354 0.266633 0.418013
0.343363 0.361339 0.295298
0.324438 0.341154 0.334407
0.803535 0.196365 9.9991E-05
0.679958 0.317064 0.00297796
0.678851 0.296508 0.0246408
0.323359 0.447687 0.228954
0.60992 0.104217 0.285863
0.416361 0.159675 0.423965
0.428243 0.0679438 0.503813
0.582407 0.107805 0.309788
0.581725 0.195669 0.222605
0.553881 0.256915 0.189203
0.201994 0.0919426 0.706063
0.308455 0.233381 0.458164
0.120761 0.266054 0.613185
0.0900734 0.420853 0.489074
0.626088 0.21028 0.163632
0.223991 0.775909 9.9991E-05
0.718662 0.164375 0.116962
0.10098 0.166499 0.732521
0.657448 0.33275 0.00980216
0.620322 0.205344 0.174333
0.323522 0.306826 0.369651
9.9991E-05 0.25255 0.74735
0.556359 0.0682799 0.375361
9.9991E-05 0.205095 0.794805
0.84985 0.15005 9.9991E-05
0.300431 0.203492 0.496077
0.629463 0.0681007 0.302436
0.440542 0.176595 0.382863
0.495868 0.220974 0.283157
0.255399 0.198843 0.545758
9.9991E-05 0.264464 0.735436
0.401217 0.126339 0.472444
0.830308 0.169592 9.9991E-05
0.796145 0.124014 0.079841
0.419531 0.282233 0.298236
0.714821 0.285079 9.9991E-05
0.366539 0.266397 0.367064
0.661638 0.149962 0.188401
0.627742 0.173807 0.198451
0.480923 0.23431 0.284766
0.416308 0.122002 0.461689
0.589743 0.128136 0.282121
0.290534 0.108305 0.601161
0.518487 0.151469 0.330044
0.724961 0.164486 0.110553
0.266413 0.174409 0.559179
0.752753 0.164139 0.0831086
0.352992 0.319755 0.327253
0.762946 0.236954 9.9991E-05
9.999E-05 0.9998 9.999E-05
0.61839 0.0481386 0.333472
0.303204 0.0623201 0.634476
0.492057 0.080899 0.427044
0.763501 0.236399 9.9991E-05
0.637788 0.219468 0.142744
0.35434 0.271804 0.373856
0.186187 0.167645 0.646168
0.578081 0.255245 0.166674
0.569374 0.368695 0.0619312
0.683718 0.0850185 0.231264
0.337158 0.303168 0.359674
0.628138 0.0623541 0.309508
0.35425 0.376148 0.269602
0.814066 0.0851841 0.10075
0.911198 9.9991E-05 0.0887019
0.554041 0.326192 0.119767
0.548402 0.168222 0.283376
0.560583 0.174882 0.264535
0.302453 0.272758 0.424789
0.773401 0.217728 0.0088714
0.624067 0.246525 0.129407
0.356092 9.9991E-05 0.643808
0.436059 0.0993117 0.46463
0.560744 0.111957 0.327299
0.275295 0.420796 0.303909
0.328297 0.0954212 0.576282
9.999E-05 0.9998 9.999E-05
0.443285 0.0605195 0.496195
0.737097 0.0970587 0.165844
0.668794 0.309065 0.0221406
0.757115 9.9991E-05 0.242785
0.553179 0.184153 0.262668
0.221644 0.147449 0.630906
0.542344 0.128482 0.329175
0.0588276 0.786033 0.155139
0.549592 0.362804 0.0876037
0.372712 0.398644 0.228644
9.999E-05 0.9998 9.999E-05
0.703691 0.173028 0.123281
9.999E-05 9.999E-05 0.9998
0.377009 0.151952 0.471039
0.833639 9.9991E-05 0.166261
0.775035 0.0491187 0.175846
0.449348 0.246632 0.30402
0.495613 0.258055 0.246333
0.481455 0.136094 0.38245
0.619269 0.0436434 0.337088
0.27147 0.407718 0.320812
0.709008 0.0817926 0.2092
0.302548 0.647798 0.0496545
0.461154 0.116375 0.422471
0.0063279 0.993572 9.9991E-05
0.447404 0.0692415 0.483355
0.191162 0.215781 0.593057
0.62961 0.142281 0.228109
0.00962116 0.390116 0.600262
0.341494 0.385859 0.272646
0.20908 0.703948 0.0869724
0.254313 0.466279 0.279408
0.926756 9.9991E-05 0.0731443
0.31362 0.324478 0.361902
0.884957 0.114943 9.9991E-05
0.555849 0.152999 0.291152
0.520955 0.156779 0.322266
0.64562 0.025887 0.328493
0.072907 0.23365 0.693443
0.374787 0.245498 0.379715
0.648182 0.320561 0.0312569
0.569662 0.412334 0.0180037
0.625937 0.338193 0.0358696
0.530145 0.18412 0.285735
0.305994 0.265429 0.428577
0.9998 9.999E-05 9.999E-05
0.945266 0.0546337 9.9991E-05
0.329995 0.165793 0.504212
0.553789 0.139055 0.307155
0.379385 0.225104 0.395511
0.652563 0.21698 0.130457
0.369734 0.155742 0.474525
0.127862 0.296012 0.576126
0.806126 0.110578 0.0832962
0.291026 0.556868 0.152106
0.627498 0.0899931 0.282509
9.9991E-05 0.978337 0.0215629
0.214584 0.150468 0.634948
0.7437 9.9991E-05 0.2562
0.394471 0.200215 0.405314
0.713779 9.9991E-05 0.286121
0.361055 0.342372 0.296573
0.470987 0.187806 0.341207
0.411363 0.247678 0.340959
0.514274 0.339717 0.14601
0.505958 0.0450874 0.448955
0.469079 0.232339 0.298582
0.220152 0.272729 0.507119
0.450455 0.322558 0.226987
0.537718 0.155208 0.307074
9.999E-05 0.9998 9.999E-05
0.501089 0.32861 0.170301
0.795253 9.9991E-05 0.204647
0.482128 0.194179 0.323693
0.0577072 0.352976 0.589316
0.67848 0.0550124 0.266508
0.592849 9.9991E-05 0.407051
0.9998 9.999E-05 9.999E-05
0.589177 0.321483 0.0893404
0.593171 0.143082 0.263748
0.504507 0.139187 0.356306
0.509732 0.383037 0.107232
0.44888 9.9991E-05 0.55102
0.577227 0.102859 0.319913
0.622231 9.9991E-05 0.377669
0.705407 0.0973024 0.197291
0.462572 0.110892 0.426536
9.999E-05 9.999E-05 0.9998
0.29334 0.10657 0.600089
0.539532 0.460368 9.9991E-05
0.336646 0.384041 0.279313
0.46464 0.0985166 0.436844
0.500555 0.27279 0.226655
0.554334 0.19106 0.254607
9.999E-05 9.999E-05 0.9998
0.599033 0.276902 0.124065
0.326427 0.275129 0.398444
0.754855 0.0353294 0.209815
0.367042 0.294577 0.338381
