0.643777 0.255092 0.101131
0.511079 0.29141 0.197511
0.856228 0.0364683 0.107304
0.819101 0.0865552 0.0943442
0.573105 0.207057 0.219838
0.70891 0.0870653 0.204024
0.602263 0.0338281 0.363909
0.745552 0.0941523 0.160296
0.241932 0.4728 0.285268
0.0235418 0.606824 0.369634
0.123069 0.810177 0.0667535
9.9991E-05 0.598311 0.401589
0.605174 0.0564787 0.338347
0.512056 0.194746 0.293198
0.507372 0.202177 0.290451
0.579259 0.0251168 0.395624
0.720984 0.0291111 0.249905
0.396973 0.12553 0.477497
0.592736 0.250659 0.156604
0.437247 0.369899 0.192854
0.617819 0.240704 0.141477
0.306357 0.408327 0.285317
0.861375 0.0474104 0.0912147
0.692562 9.9991E-05 0.307338
9.9991E-05 0.854387 0.145513
0.436849 0.223554 0.339597
0.0918412 0.523449 0.38471
0.296801 0.374004 0.329195
0.783191 0.0218948 0.194914
0.234958 9.9991E-05 0.764942
0.536312 0.38212 0.0815672
9.9991E-05 0.753395 0.246505
0.726555 9.9991E-05 0.273345
0.782083 0.103403 0.114514
0.228935 0.434438 0.336627
0.292327 0.402735 0.304938
0.857637 0.112126 0.0302368
9.9991E-05 0.772978 0.226922
0.610929 0.0897304 0.29934
0.635826 0.205988 0.158187
0.379514 0.438161 0.182326
0.507743 0.290024 0.202233
0.667655 0.1565 0.175845
0.117956 0.741931 0.140113
9.9991E-05 0.74894 0.25096
0.480439 0.446772 0.0727894
0.815855 0.0884499 0.0956951
0.632064 0.162518 0.205418
0.146251 0.560992 0.292756
0.667777 0.0672142 0.265009
0.249927 0.370668 0.379405
0.648243 0.201731 0.150026
0.628251 0.171908 0.199841
0.475531 0.0981726 0.426296
0.351799 0.585366 0.0628348
0.634883 0.109944 0.255172
0.172347 0.827553 9.9991E-05
0.398266 0.532985 0.0687488
0.603243 0.286583 0.110174
0.149067 0.634067 0.216867
0.944476 9.9991E-05 0.055424
0.429222 0.315788 0.25499
0.610513 0.0398931 0.349594
9.999E-05 9.999E-05 0.9998
0.725257 0.274643 9.9991E-05
0.929674 9.9991E-05 0.0702262
0.438892 0.378891 0.182217
0.789757 9.9991E-05 0.210143
0.692705 0.0613533 0.245941
0.512161 0.135459 0.35238
0.387473 0.605651 0.00687662
0.326401 0.281178 0.392421
0.4933 0.141429 0.365271
0.573822 0.250571 0.175606
0.268705 0.370959 0.360336
0.402795 0.486207 0.110998
0.493242 0.171346 0.335411
0.895824 0.104076 9.9991E-05
0.9998 9.999E-05 9.999E-05
0.646486 0.00336854 0.350145
0.462593 0.328683 0.208724
0.562681 0.236616 0.200702
0.204519 0.542607 0.252873
0.758892 0.00495653 0.236151
0.665118 0.107529 0.227353
0.457873 0.542027 9.9991E-05
0.713753 0.102648 0.183599
0.226141 0.518505 0.255355
0.263328 0.346965 0.389707
0.149773 0.708853 0.141374
9.9991E-05 0.0369106 0.962989
0.250702 0.446312 0.302986
0.78847 9.9991E-05 0.21143
0.569063 0.0771625 0.353775
0.9998 9.999E-05 9.999E-05
0.735001 0.0895891 0.17541
0.366696 0.542027 0.0912768
0.611004 0.292397 0.0965991
0.0338272 9.9991E-05 0.966073
0.349496 0.230527 0.419977
0.388759 0.26527 0.345972
9.999E-05 9.999E-05 0.9998
0.654622 0.18805 0.157329
9.999E-05 0.9998 9.999E-05
0.463567 0.411326 0.125107
0.692713 0.231613 0.0756739
0.763803 0.10016 0.136037
0.60379 0.240333 0.155878
0.463287 0.262361 0.274352
0.526236 0.367046 0.106718
0.951593 0.00802429 0.0403827
0.201599 0.370015 0.428386
0.712275 0.237665 0.0500599
0.160197 0.0291833 0.810619
0.566843 0.433057 9.9991E-05
9.999E-05 9.999E-05 0.9998
0.51389 0.369018 0.117092
0.587345 0.238328 0.174327
0.653422 0.19875 0.147827
9.9991E-05 0.488058 0.511843
0.799067 9.9991E-05 0.200833
0.280879 9.9991E-05 0.719021
0.51401 0.0917508 0.394239
0.83229 0.10291 0.0647999
9.9991E-05 0.616795 0.383105
0.750103 9.9991E-05 0.249797
0.431996 0.386696 0.181308
0.351246 0.384939 0.263815
0.467225 0.475951 0.0568243
0.0307537 0.700323 0.268923
0.514333 9.9991E-05 0.485567
0.775056 9.9991E-05 0.224844
0.545454 9.9991E-05 0.454446
0.600169 0.113857 0.285974
0.686416 0.102346 0.211238
0.397368 0.371985 0.230647
0.914144 0.0570386 0.0288176
0.817972 0.0383467 0.143681
0.142051 0.597772 0.260177
0.551765 0.317593 0.130642
0.284318 0.38309 0.332593
0.446758 0.406672 0.14657
0.260847 0.559082 0.180072
0.151888 0.607931 0.24018
0.737767 0.0256738 0.23656
0.368916 0.00430923 0.626775
0.690117 0.142426 0.167457
9.999E-05 9.999E-05 0.9998
0.607506 0.288774 0.10372
0.847406 0.152494 9.9991E-05
0.160503 0.679489 0.160008
0.66045 0.337934 0.00161641
0.169878 0.404938 0.425184
0.249819 0.378738 0.371443
0.265923 0.418865 0.315211
0.492493 0.0900637 0.417443
0.489128 0.470087 0.0407856
0.451388 0.219951 0.328661
0.80933 0.0324825 0.158187
0.307659 0.339457 0.352884
0.638498 0.0628889 0.298613
9.999E-05 9.999E-05 0.9998
0.447186 0.0351519 0.517663
0.92455 0.0753497 9.9991E-05
0.51748 0.374697 0.107823
0.352219 0.300223 0.347558
0.589761 0.273021 0.137218
0.64705 0.311703 0.0412464
0.910175 9.9991E-05 0.089725
0.553054 9.9991E-05 0.446846
0.516738 0.390391 0.0928709
0.556845 0.311293 0.131862
0.451811 0.196167 0.352022
0.356823 0.643077 9.9991E-05
0.814925 0.0957569 0.0893182
0.667105 0.332795 9.9991E-05
0.655141 0.163369 0.18149
0.512995 0.443212 0.0437929
0.00995851 0.989942 9.9991E-05
0.297746 0.542427 0.159827
0.418113 9.9991E-05 0.581787
0.196234 0.23688 0.566886
0.675977 0.294382 0.0296411
0.67885 0.00602433 0.315125
0.735115 0.0679233 0.196962
9.999E-05 0.9998 9.999E-05
0.593697 0.167439 0.238864
0.452218 0.345817 0.201965
0.823681 0.0981518 0.0781671
0.212562 0.452724 0.334714
