0.0309289 0.844896 0.079015 0.0376892 0.00314217 9.9982E-05 0.0041286 9.9982E-05
0.142091 0.221214 0.110212 0.0557461 0.230302 0.0831887 0.00577756 0.151468
0.260476 0.190709 0.0927868 0.0260981 0.194286 0.116719 0.0940352 0.0248892
0.637839 0.160007 9.9991E-05 0.0356715 0.019687 0.0326916 0.0684313 0.0455724
0.412787 0.136927 0.0831025 0.101783 0.0491287 9.9991E-05 0.144862 0.0713095
0.539285 0.0181354 9.9982E-05 0.0766218 9.9982E-05 0.270141 0.0888916 0.00672485
0.235176 0.413789 9.99729E-05 0.0440501 9.99729E-05 0.0784884 0.228197 9.99729E-05
0.248416 0.270667 9.9991E-05 0.0936981 0.297841 0.0145325 0.0548158 0.0199306
0.0879984 0.129599 0.00568806 0.0628635 0.0182397 0.441328 0.186503 0.0677806
9.9982E-05 0.121607 0.225623 0.245833 9.9982E-05 0.163087 0.0840151 0.159635
0.140622 0.0122459 0.570344 0.0983978 9.9982E-05 0.152369 0.0258205 9.9982E-05
0.001281 0.00490878 0.25575 9.9982E-05 9.9982E-05 0.584705 0.0958798 0.0572751
0.174139 0.383444 0.0721802 0.101045 0.0927551 9.9982E-05 0.176238 9.9982E-05
9.999E-05 0.240354 0.115352 0.11399 0.116197 0.153739 0.185233 0.0750338
9.99643E-05 0.00146177 0.688192 9.99643E-05 0.180547 9.99643E-05 0.1294 9.99643E-05
9.9982E-05 0.0645168 0.0688395 0.0411068 0.596246 9.9982E-05 0.149763 0.0793278
9.99639E-05 9.99639E-05 0.950234 0.0167272 0.00870591 9.99639E-05 0.0239334 9.99639E-05
0.249034 0.0589736 0.130553 0.069479 0.0953221 9.9991E-05 0.249048 0.14749
0.251954 0.166802 9.9973E-05 9.9973E-05 0.0733219 0.355084 0.152538 9.9973E-05
0.392125 9.9991E-05 0.180046 0.0616954 0.145872 0.0145774 0.135354 0.0702302
0.0862664 0.387413 0.165337 0.082405 0.0610749 0.093819 0.10815 0.0155351
9.9982E-05 0.268743 0.20275 0.0740732 0.155947 0.258369 0.0399188 9.9982E-05
0.163377 0.18375 9.9973E-05 9.9973E-05 0.113092 0.251092 0.288389 9.9973E-05
0.299682 0.107114 9.9973E-05 9.9973E-05 0.315867 9.9973E-05 0.01627 0.260767
9.9964E-05 9.9964E-05 0.567275 0.16976 9.9964E-05 0.158169 0.104397 9.9964E-05
0.0535679 0.409368 0.42741 0.0206366 0.0109156 9.9982E-05 9.9982E-05 0.0779022
0.0043089 0.151231 0.175072 0.125909 0.214932 0.0462663 0.0950551 0.187225
0.0210707 0.371798 0.147338 0.135586 0.100508 0.0952649 0.0437301 0.0847039
0.23555 0.0775619 0.304824 0.0629931 0.231465 9.9991E-05 0.00255993 0.0849459
0.118405 9.9973E-05 9.9973E-05 9.9973E-05 0.101563 0.0767076 0.0837191 0.619305
0.338553 9.9991E-05 0.33782 0.0436952 0.047214 0.133831 0.0597724 0.039014
0.0368455 9.9982E-05 0.224002 0.0809661 9.9982E-05 0.584158 0.0509034 0.0229257
0.376842 0.310738 0.0696734 9.9973E-05 9.9973E-05 9.9973E-05 0.180384 0.0620622
0.493521 9.9973E-05 0.142393 0.111457 0.145729 9.9973E-05 0.1066 9.9973E-05
0.251632 0.0994467 0.424745 0.0454792 9.9982E-05 0.0760522 0.102445 9.9982E-05
9.9946E-05 0.918777 9.9946E-05 9.9946E-05 9.9946E-05 9.9946E-05 0.0806234 9.9946E-05
0.329319 0.32938 9.9982E-05 0.185434 0.0648437 9.9982E-05 0.011013 0.0798105
9.99461E-05 0.2104 0.789001 9.99461E-05 9.99461E-05 9.99461E-05 9.99461E-05 9.99461E-05
0.355536 9.9982E-05 9.9982E-05 0.138404 0.106942 0.173362 0.0885556 0.137001
0.351845 0.00171873 0.251123 0.00778822 0.157613 0.0468159 0.182997 9.9991E-05
0.2442 0.173465 0.0220628 0.0641817 0.35962 0.136271 9.9982E-05 9.9982E-05
0.448375 0.115444 9.9982E-05 0.137451 0.170488 9.9982E-05 0.0697088 0.0583329
0.2466 0.352566 9.9982E-05 0.0962058 0.216617 9.9982E-05 0.00570115 0.08211
9.9964E-05 0.313218 0.0014592 9.9964E-05 9.9964E-05 0.555802 9.9964E-05 0.129121
9.9964E-05 0.0542446 0.3246 9.9964E-05 9.9964E-05 0.523428 0.0973271 9.9964E-05
0.210546 0.0695355 0.0687526 0.205061 9.9982E-05 0.36948 0.0764247 9.9982E-05
0.623548 9.9973E-05 0.132911 9.9973E-05 0.142128 0.0996847 9.9973E-05 0.00142826
0.446064 0.0141926 9.9982E-05 9.9982E-05 0.161453 0.222502 0.0378735 0.117714
0.341928 9.9991E-05 0.112414 0.006265 0.148473 0.227209 0.0811313 0.08248
0.0725814 0.133531 0.259432 9.9982E-05 0.320504 0.12853 9.9982E-05 0.0852221
9.9982E-05 0.203211 0.395669 0.00640222 0.105276 0.0814617 0.20778 9.9982E-05
0.31633 0.148279 9.9991E-05 0.0249621 0.147105 0.0938091 0.173922 0.0954927
9.9982E-05 0.0946569 9.9982E-05 0.0201293 0.587557 0.219298 0.0134767 0.0646814
0.0483616 0.144034 9.9982E-05 0.238873 0.327361 9.9982E-05 0.172764 0.0684063
0.110414 9.9973E-05 9.9973E-05 9.9973E-05 0.12454 0.650994 0.0135714 0.100181
0.456753 0.229463 0.0943242 0.0443375 9.9991E-05 0.0417451 0.110286 0.0229911
9.99641E-05 9.99641E-05 9.99641E-05 0.0348018 0.110301 0.840524 9.99641E-05 0.0139734
0.152807 0.130536 9.9982E-05 0.0794665 9.9982E-05 0.46237 0.0857384 0.0888821
0.315662 9.9991E-05 0.166833 0.0505236 0.213557 0.190209 0.035569 0.0275459
0.0447988 0.163353 0.0426909 0.194439 0.0121689 0.416564 0.125885 9.9991E-05
0.744552 0.0463248 9.9982E-05 0.0416753 9.9982E-05 0.0271186 0.0944796 0.0456501
0.461224 9.9955E-05 0.451155 9.9955E-05 9.9955E-05 9.9955E-05 0.0871207 9.9955E-05
0.298159 0.0266576 0.329593 0.0235195 0.102676 0.0653485 0.153947 9.9991E-05
9.9964E-05 0.0854153 9.9964E-05 0.0178042 9.9964E-05 9.9964E-05 0.057921 0.83846
0.122357 0.456067 0.0822924 0.193846 0.137186 0.00805065 9.9982E-05 9.9982E-05
9.9955E-05 0.921838 9.9955E-05 9.9955E-05 0.017985 9.9955E-05 0.059677 9.9955E-05
0.217377 0.416052 0.048857 0.0928445 9.9991E-05 0.103536 0.0972556 0.0239778
0.383709 0.0830712 0.0806075 9.9991E-05 0.0991056 0.161486 0.119726 0.0721943
0.357337 0.40819 0.233974 9.9955E-05 9.9955E-05 9.9955E-05 9.9955E-05 9.9955E-05
0.0490165 0.209257 0.0111809 0.0766432 0.337179 9.9991E-05 0.111527 0.205097
0.190732 9.9982E-05 9.9982E-05 0.199725 0.0681336 0.357247 0.0686349 0.115327
9.9982E-05 0.237091 0.34595 0.0229426 0.172426 9.9982E-05 0.145521 0.0758686
0.197862 0.151411 0.190923 0.040514 0.0672708 0.10944 0.158377 0.0842024
0.0953504 9.9991E-05 0.0572321 0.0323703 0.354223 0.24286 0.0801431 0.137721
9.9991E-05 0.210052 0.258239 0.182021 0.166856 0.0775695 0.0425286 0.0626328
9.9964E-05 9.9964E-05 9.9964E-05 0.107205 0.484437 0.315201 0.0927566 9.9964E-05
0.177118 0.0704166 9.9982E-05 0.131485 9.9982E-05 0.349873 0.156184 0.114723
0.772743 9.9982E-05 0.0105583 0.0716573 0.110865 9.9982E-05 0.00421121 0.0297651
0.846801 9.99721E-05 0.000150359 0.0501583 0.102491 9.99721E-05 9.99721E-05 9.99721E-05
0.443952 0.0909616 9.9991E-05 0.0720714 0.0417456 0.0776381 0.0890648 0.184467
0.300043 0.093286 0.147436 0.0248581 0.128945 0.162967 0.142365 9.9991E-05
0.351186 0.165963 0.138009 0.048139 9.9991E-05 0.179415 0.106682 0.0105048
0.272083 0.0555941 9.9991E-05 0.0414246 0.0743424 0.401755 0.00366969 0.151031
0.347621 9.9982E-05 0.243803 0.0215996 0.331691 9.9982E-05 0.000166254 0.0549196
0.320694 0.213177 9.9991E-05 0.0330254 0.0571661 0.204579 0.142157 0.0291012
0.282729 0.281066 0.0392196 0.072643 0.0114478 0.296855 0.0159394 9.9991E-05
0.109306 0.724175 9.9973E-05 9.9973E-05 0.0689487 9.9973E-05 0.0724678 0.024802
0.0535091 9.9973E-05 0.172455 0.0157294 9.9973E-05 0.540956 0.217051 9.9973E-05
9.9991E-05 0.336719 0.193582 0.0722456 0.0947954 0.0244638 0.162678 0.115416
9.9964E-05 0.390537 9.9964E-05 9.9964E-05 0.0135552 0.503915 0.0915924 9.9964E-05
9.994E-05 9.994E-05 9.994E-05 9.994E-05 9.994E-05 9.994E-05 9.994E-05 0.9993
9.9991E-05 0.033727 0.276858 0.189616 0.088726 0.284597 0.115568 0.0108078
0.908995 9.9946E-05 9.9946E-05 9.9946E-05 9.9946E-05 9.9946E-05 0.0904058 9.9946E-05
9.9982E-05 0.160338 0.176971 9.9982E-05 0.431403 0.0512689 0.116676 0.0631437
0.935499 9.99551E-05 9.99551E-05 0.00839547 0.0556058 9.99551E-05 9.99551E-05 9.99551E-05
0.460645 0.313431 0.0568628 0.0254695 0.0685404 9.9982E-05 9.9982E-05 0.0748512
9.9982E-05 0.531645 0.0743959 0.0254603 0.0651978 0.283319 9.9982E-05 0.019782
0.498098 0.106265 0.00901394 0.100729 9.9982E-05 0.246322 0.0393712 9.9982E-05
9.99641E-05 0.132556 0.279719 9.99641E-05 9.99641E-05 9.99641E-05 0.213688 0.373637
0.239742 0.12876 0.20488 9.9982E-05 0.0928086 0.00149041 9.9982E-05 0.332119
0.00184752 0.235069 0.210004 0.0171113 0.121593 0.17817 0.101733 0.134472
9.994E-05 9.994E-05 9.994E-05 9.994E-05 9.994E-05 9.994E-05 9.994E-05 0.9993
0.128177 0.0952014 0.280872 0.129176 0.133674 0.0870792 0.0833456 0.062475
9.994E-05 9.994E-05 9.994E-05 0.9993 9.994E-05 9.994E-05 9.994E-05 9.994E-05
9.9982E-05 0.12122 0.184018 0.0504366 0.277081 0.191558 0.175487 9.9982E-05
9.99639E-05 0.175099 0.163176 9.99639E-05 0.336944 0.324381 9.99639E-05 9.99639E-05
0.181322 0.160975 0.299849 9.9991E-05 0.21199 0.0860491 0.0518496 0.00786542
0.37936 0.252314 9.9973E-05 0.171337 9.9973E-05 9.9973E-05 0.0315287 0.16516
0.185124 9.9991E-05 0.0498643 0.0892136 0.288415 0.189693 0.0911531 0.106437
0.149624 0.269859 0.175931 0.01109 0.0526147 0.220449 0.110805 0.00962753
0.346474 0.175795 0.0612837 0.153045 0.057924 0.078618 0.126761 9.9991E-05
0.0498118 9.9982E-05 9.9982E-05 0.0378954 0.0279718 0.556737 0.203092 0.124292
0.444266 9.9973E-05 0.111971 0.0277711 0.222807 0.192885 9.9973E-05 9.9973E-05
0.157943 9.9982E-05 0.269761 0.0157109 0.134677 9.9982E-05 0.0594339 0.362275
0.384953 0.341593 0.0185277 0.00689715 0.162842 0.00730245 9.9991E-05 0.0777848
9.994E-05 9.994E-05 9.994E-05 9.994E-05 9.994E-05 9.994E-05 9.994E-05 0.9993
0.0741118 0.204134 0.417386 0.176599 0.12747 9.9973E-05 9.9973E-05 9.9973E-05
0.12712 0.520811 0.199314 9.9973E-05 9.9973E-05 0.0204004 0.132055 9.9973E-05
0.398207 0.0714384 9.9991E-05 0.0347008 0.0982857 0.283313 0.0480248 0.06593
9.9964E-05 0.101747 0.667316 9.9964E-05 9.9964E-05 0.137865 0.0926722 9.9964E-05
0.223474 0.263529 0.0810344 0.0756928 0.109102 9.9991E-05 0.209098 0.0379698
0.0808563 0.115986 0.0546041 9.9991E-05 0.0843532 0.00422077 0.265819 0.39406
0.136595 0.106265 0.2874 0.0253774 9.9991E-05 0.188028 0.0987622 0.157472
0.328704 9.9982E-05 0.105407 0.054012 0.363248 0.11199 0.0364389 9.9982E-05
0.282383 0.0461857 0.0793007 9.9991E-05 0.0845044 0.258983 0.159086 0.0894565
0.238774 9.9982E-05 0.317912 9.9982E-05 0.196605 0.026637 0.146238 0.0736337
9.9973E-05 0.127501 0.299749 9.9973E-05 0.0977575 0.406625 0.0680682 9.9973E-05
0.488667 9.9991E-05 0.0962918 0.0854708 0.0532863 0.15168 0.0540622 0.0704412
0.0105855 9.9964E-05 9.9964E-05 9.9964E-05 0.125205 0.746905 0.116905 9.9964E-05
9.9973E-05 0.0384832 0.691454 9.9973E-05 0.066513 0.0950986 9.9973E-05 0.108151
0.122988 0.665915 0.119811 9.9973E-05 9.9973E-05 9.9973E-05 0.0569773 0.0340089
0.443015 0.138476 9.9973E-05 9.9973E-05 9.9973E-05 0.16828 0.217905 0.0320252
0.307183 9.9973E-05 0.271867 0.0245072 9.9973E-05 0.190465 9.9973E-05 0.205678
0.167976 0.0500366 0.146752 0.0437163 0.330003 0.0331221 0.109043 0.119351
0.19245 0.356057 9.9982E-05 0.0825889 9.9982E-05 0.268937 0.0824167 0.0173499
0.290859 9.9973E-05 0.28696 0.029769 9.9973E-05 0.222181 0.16993 9.9973E-05
9.9946E-05 9.9946E-05 9.9946E-05 9.9946E-05 0.983794 0.0156061 9.9946E-05 9.9946E-05
9.9946E-05 9.9946E-05 9.9946E-05 9.9946E-05 0.987088 9.9946E-05 9.9946E-05 0.012312
0.038781 0.226469 0.124782 9.9982E-05 9.9982E-05 0.407888 0.145276 0.0566034
0.606796 0.0223623 0.278878 0.0868256 9.9973E-05 0.00483745 9.9973E-05 9.9973E-05
0.102058 0.189212 9.9991E-05 0.106373 0.0208502 0.325178 0.146792 0.109437
0.022585 9.9982E-05 0.296979 0.106819 0.235813 0.135221 0.202382 9.9982E-05
0.508404 9.9973E-05 0.110875 0.0528907 9.9973E-05 0.186345 9.9973E-05 0.141185
9.9982E-05 0.327741 0.0308015 0.0239259 9.9982E-05 0.43353 0.0994231 0.0843785
0.261176 0.246844 9.9991E-05 0.156157 0.0783153 0.00813208 0.109372 0.139904
0.148699 0.164627 0.0367163 0.00121719 0.0036887 0.0835776 0.257771 0.303702
0.209618 0.313146 0.0286668 0.0514803 0.115933 0.161589 0.115826 0.00374216
9.994E-05 9.994E-05 9.994E-05 9.994E-05 9.994E-05 9.994E-05 0.9993 9.994E-05
0.308065 0.418626 9.9973E-05 0.133314 0.00391253 9.9973E-05 0.135783 9.9973E-05
0.402208 0.142048 9.9964E-05 0.259486 0.195858 9.9964E-05 9.9964E-05 9.9964E-05
9.99549E-05 9.99549E-05 9.99549E-05 0.0166663 9.99549E-05 0.896874 0.0859596 9.99549E-05
0.266009 0.11635 0.0434412 0.265474 0.094566 0.077578 0.136482 9.9991E-05
9.9991E-05 0.245169 0.0404943 0.0899683 0.161379 0.199535 0.204322 0.0590331
0.248125 0.12307 0.0887124 9.9991E-05 0.169605 0.129084 0.0982837 0.143019
0.0941443 0.0805402 0.125689 9.9991E-05 0.0391771 0.48639 0.172682 0.00127756
9.9982E-05 0.121705 0.361445 0.0251832 0.237552 9.9982E-05 0.0540892 0.199826
0.331688 0.161021 0.0162418 9.9982E-05 0.0594559 0.287227 0.144166 9.9982E-05
0.095604 0.186209 0.0199074 0.123376 0.169774 0.168862 0.127437 0.108831
0.0225921 0.829798 9.9955E-05 9.9955E-05 9.9955E-05 9.9955E-05 9.9955E-05 0.14711
0.379123 0.145281 0.319321 9.9991E-05 0.0195135 0.0100459 0.00873571 0.11788
0.287305 0.212704 0.457049 0.0309921 9.9973E-05 9.9973E-05 0.0116497 9.9973E-05
9.994E-05 9.994E-05 9.994E-05 9.994E-05 9.994E-05 9.994E-05 0.9993 9.994E-05
0.0115079 9.99639E-05 0.101394 9.99639E-05 0.258037 9.99639E-05 0.628661 9.99639E-05
0.153861 0.18831 9.9982E-05 0.0668517 0.397958 0.152041 9.9982E-05 0.0407775
0.0260632 0.166866 0.0138398 0.086894 0.165873 0.357386 0.0928519 0.0902264
9.9982E-05 0.760662 0.0111503 0.0822304 9.9982E-05 0.0299027 0.10772 0.00813445
0.283018 0.148944 0.253548 9.9982E-05 0.151447 0.126393 0.0364498 9.9982E-05
0.237715 9.9982E-05 0.270175 0.0430268 0.192774 0.104383 0.151727 9.9982E-05
9.994E-05 9.994E-05 9.994E-05 9.994E-05 0.9993 9.994E-05 9.994E-05 9.994E-05
0.074992 0.263523 0.0816243 9.9991E-05 0.181228 0.065174 0.276043 0.0573156
0.376168 0.00885891 0.052453 0.0173059 0.242945 0.241574 0.00933583 0.0513593
9.9982E-05 9.9982E-05 0.068448 0.128898 0.256229 0.299292 0.126573 0.120361
0.424021 0.105063 0.0411941 9.9982E-05 0.107255 9.9982E-05 0.13493 0.187338
9.9982E-05 0.0320397 0.112413 0.056634 0.457076 0.336366 0.00527258 9.9982E-05
0.562779 9.9964E-05 0.149635 9.9964E-05 0.179409 9.9964E-05 0.107777 9.9964E-05
0.614167 9.9982E-05 0.00879633 0.14602 0.0488208 0.165429 9.9982E-05 0.0165672
0.431494 9.9973E-05 0.244166 9.9973E-05 0.0200035 0.133375 0.170661 9.9973E-05
0.122154 9.9982E-05 0.172837 0.108552 0.150546 0.376466 9.9982E-05 0.0692452
9.9955E-05 9.9955E-05 0.0181479 0.951225 9.9955E-05 9.9955E-05 9.9955E-05 0.030127
0.0711906 0.111089 0.104127 0.0754721 0.0663056 0.346849 9.9991E-05 0.224868
9.9964E-05 9.9964E-05 0.901205 9.9964E-05 0.0451454 9.9964E-05 0.0253382 0.0279118
9.9991E-05 0.346025 0.157509 0.0206617 0.0488882 0.118117 0.307054 0.00164563
9.9982E-05 0.55962 0.0824723 0.0530802 0.222958 0.0575269 0.0241429 9.9982E-05
0.170153 0.47636 0.0399725 9.9982E-05 0.0974719 0.0633294 9.9982E-05 0.152513
0.244643 0.124099 0.324007 0.0172026 0.175668 0.0546441 0.0596362 9.9991E-05
9.994E-05 9.994E-05 9.994E-05 0.9993 9.994E-05 9.994E-05 9.994E-05 9.994E-05
0.241624 0.183001 0.0415791 9.9991E-05 0.061646 0.246963 0.152669 0.0724171
9.9982E-05 0.199782 0.25562 0.17586 0.16485 9.9982E-05 0.0839822 0.119706
0.426461 0.437507 0.00966726 9.9973E-05 0.0930659 9.9973E-05 0.0329988 9.9973E-05
9.9982E-05 0.306609 0.0768442 9.9982E-05 0.222434 0.273599 0.0576002 0.0627137
