9.99731E-05 9.99731E-05 0.1632 0.448684 9.99731E-05 0.189863 0.197953
0.00599301 0.109288 0.111477 0.143624 9.9991E-05 0.379108 0.25041
0.470834 9.99731E-05 0.230312 9.99731E-05 0.0796939 9.99731E-05 0.218859
0.214771 0.132344 0.289755 9.99821E-05 0.178081 9.99821E-05 0.184849
0.0210956 0.55208 9.99821E-05 0.150281 9.99821E-05 0.00725158 0.269092
9.9982E-05 0.157574 0.0869271 0.375359 0.294936 9.9982E-05 0.0850038
0.00955677 0.484074 9.99821E-05 0.222128 9.99821E-05 0.146408 0.137634
9.99821E-05 0.060942 9.99821E-05 0.765014 0.00227413 0.0484888 0.123081
0.314046 0.0864371 9.99821E-05 9.99821E-05 0.0394248 0.417417 0.142475
0.161534 9.99642E-05 0.638228 9.99642E-05 0.199838 9.99642E-05 9.99642E-05
0.414987 9.99821E-05 0.10312 9.99821E-05 0.136543 0.207158 0.137992
9.99643E-05 0.20557 9.99643E-05 0.18777 9.99643E-05 0.60626 9.99643E-05
0.243253 0.425515 0.0217636 9.99821E-05 9.99821E-05 0.106911 0.202357
9.9982E-05 0.469831 0.252691 0.0507297 9.9982E-05 0.0588194 0.167729
9.99732E-05 0.0519746 9.99732E-05 0.301435 0.213579 0.432712 9.99732E-05
0.0412274 0.218072 9.99821E-05 0.314511 9.99821E-05 0.0493516 0.376638
9.9991E-05 0.252382 0.0948543 0.0362114 0.18278 0.316365 0.117307
0.0436384 9.9991E-05 0.572229 0.100872 0.106961 0.0639939 0.112206
0.417417 9.99731E-05 9.99731E-05 0.28212 0.0217544 0.278408 9.99731E-05
9.9973E-05 0.28165 0.519732 0.0371272 0.161191 9.9973E-05 9.9973E-05
0.0409894 9.99643E-05 0.860219 9.99643E-05 0.0983919 9.99643E-05 9.99643E-05
0.684089 9.99731E-05 9.99731E-05 0.100453 9.99731E-05 0.134663 0.0804951
9.99821E-05 0.251115 0.042874 9.99821E-05 0.29443 0.0737231 0.337658
9.99642E-05 0.197349 9.99642E-05 9.99642E-05 0.18772 9.99642E-05 0.614531
0.239528 9.99731E-05 0.140198 9.99731E-05 0.209756 9.99731E-05 0.410218
9.9982E-05 9.9982E-05 0.0810338 0.358206 0.0502283 0.207492 0.30284
0.215733 9.9982E-05 0.198926 0.0776735 9.9982E-05 0.388679 0.118788
0.73843 0.169308 9.99642E-05 0.0918623 9.99642E-05 9.99642E-05 9.99642E-05
0.359882 0.254894 0.00628958 0.0971559 0.281579 9.9982E-05 9.9982E-05
9.99642E-05 9.99642E-05 9.99642E-05 9.99642E-05 0.0351082 0.172299 0.792193
0.223739 0.111649 0.0810541 0.128829 0.205247 0.249381 9.9991E-05
9.99731E-05 0.375884 0.236844 0.172075 9.99731E-05 0.214898 9.99731E-05
0.469305 9.99642E-05 0.511141 0.0191546 9.99642E-05 9.99642E-05 9.99642E-05
0.360547 0.376356 9.99821E-05 0.23805 0.00430102 9.99821E-05 0.0205463
9.9982E-05 9.9982E-05 0.0845805 0.415808 0.0582778 0.0708959 0.370238
9.99731E-05 0.190364 0.664779 0.100449 9.99731E-05 0.0441078 9.99731E-05
0.430319 0.0365344 9.99732E-05 0.247462 9.99732E-05 0.285384 9.99732E-05
0.574468 9.99642E-05 9.99642E-05 9.99642E-05 0.26742 9.99642E-05 0.157712
0.0775916 0.0787729 0.190758 0.357458 0.0461673 0.201565 0.0476869
0.0352333 0.0355622 0.029811 0.0456555 0.509573 0.26623 0.0779355
9.99643E-05 9.99643E-05 0.127351 9.99643E-05 9.99643E-05 0.503534 0.368716
9.99642E-05 9.99642E-05 0.455514 9.99642E-05 0.0426776 0.501409 9.99642E-05
0.112829 0.257872 0.326702 0.222818 0.00450166 0.0392561 0.0360216
0.208784 9.99821E-05 9.99821E-05 0.141841 0.235483 0.400761 0.0129303
9.999E-05 0.229397 0.0839664 0.103501 0.086534 0.366309 0.130192
9.99821E-05 9.99821E-05 0.27164 0.442009 0.125313 0.126983 0.0338545
9.99731E-05 9.99731E-05 0.55078 0.190578 9.99731E-05 0.206641 0.0517009
0.173616 9.99641E-05 0.404671 9.99641E-05 9.99641E-05 0.421313 9.99641E-05
0.12226 9.99822E-05 0.277346 0.448501 9.99822E-05 0.121555 0.0301386
9.9982E-05 0.157946 0.273164 0.435142 9.9982E-05 0.0772857 0.0562626
9.9982E-05 0.0200177 0.074498 0.62038 0.0761686 9.9982E-05 0.208736
9.99731E-05 0.152829 0.150767 9.99731E-05 0.56223 0.133874 9.99731E-05
0.192027 9.9982E-05 0.0810975 0.17001 9.9982E-05 0.247189 0.309476
9.99731E-05 0.145376 9.99731E-05 0.483837 0.152345 9.99731E-05 0.218143
0.00387334 0.769073 0.0614737 9.9991E-05 0.160033 0.000278291 0.00516925
0.228947 0.123983 9.99732E-05 0.384948 9.99732E-05 0.261822 9.99732E-05
9.9982E-05 0.257326 9.9982E-05 0.100401 0.236613 0.228613 0.176847
0.126858 0.762003 9.99732E-05 9.99732E-05 0.0485745 0.0622649 9.99732E-05
9.9973E-05 0.121454 9.9973E-05 9.9973E-05 0.16059 0.681456 0.0362009
9.9973E-05 9.9973E-05 0.399162 0.368629 0.115075 0.116833 9.9973E-05
0.24322 0.0635384 9.9991E-05 0.246518 0.240436 0.0781883 0.128
9.99641E-05 9.99641E-05 0.435996 9.99641E-05 9.99641E-05 0.518007 0.045597
0.489819 0.0188895 9.9964E-05 9.9964E-05 9.9964E-05 0.490892 9.9964E-05
9.99642E-05 9.99642E-05 9.99642E-05 0.138471 9.99642E-05 0.0441601 0.816969
0.237992 0.0712737 0.0394139 0.527017 9.99821E-05 9.99821E-05 0.124103
0.0279492 9.99731E-05 0.183869 9.99731E-05 9.99731E-05 0.598938 0.188943
9.9982E-05 0.0844757 0.303172 0.340335 0.095371 9.9982E-05 0.176446
0.315756 0.0148077 9.99731E-05 0.341224 9.99731E-05 0.327913 9.99731E-05
0.0335411 9.99641E-05 9.99641E-05 0.760524 9.99641E-05 0.205535 9.99641E-05
0.197174 9.9991E-05 0.252054 0.257909 0.0781759 0.152479 0.062108
0.0250996 0.309421 0.316558 0.0590379 0.022708 0.267076 9.9991E-05
9.99552E-05 9.99552E-05 9.99552E-05 9.99552E-05 9.99552E-05 0.878375 0.121125
0.131289 0.868211 9.99553E-05 9.99553E-05 9.99553E-05 9.99553E-05 9.99553E-05
9.99642E-05 9.99642E-05 9.99642E-05 0.664387 9.99642E-05 0.306272 0.0289414
9.99732E-05 0.505692 9.99732E-05 0.312621 0.0712677 9.99732E-05 0.110119
9.99731E-05 0.333862 9.99731E-05 0.00245041 9.99731E-05 0.653515 0.00987193
9.99733E-05 9.99733E-05 9.99733E-05 0.460494 0.0973847 0.275775 0.166046
0.143075 0.0618043 0.0361172 9.9991E-05 0.192341 0.366769 0.199793
0.120234 0.0309265 9.9991E-05 0.0557499 0.390471 0.202949 0.199569
0.0319265 0.346758 9.99731E-05 9.99731E-05 0.352387 0.268628 9.99731E-05
0.0876541 0.431086 0.134774 0.328166 9.99821E-05 0.0181193 9.99821E-05
0.280162 9.99821E-05 0.275114 0.23971 0.0835922 9.99821E-05 0.121221
9.99643E-05 0.152005 0.72439 0.123206 9.99643E-05 9.99643E-05 9.99643E-05
0.261416 9.99821E-05 9.99821E-05 0.157174 0.184481 0.0766842 0.320044
9.99731E-05 0.264359 0.422023 9.99731E-05 9.99731E-05 0.0302822 0.283036
0.0424429 9.9982E-05 0.606252 0.0426836 0.016549 0.291873 9.9982E-05
0.338598 0.0873366 0.161419 9.99821E-05 0.0555562 0.35689 9.99821E-05
9.99641E-05 0.24838 9.99641E-05 9.99641E-05 9.99641E-05 0.117363 0.633857
0.522124 9.99732E-05 0.106083 0.267785 9.99732E-05 9.99732E-05 0.103708
0.65009 9.99731E-05 9.99731E-05 0.201733 9.99731E-05 0.0420326 0.105844
9.995E-05 9.995E-05 9.995E-05 9.995E-05 9.995E-05 9.995E-05 0.9994
9.99642E-05 0.332323 0.646608 9.99642E-05 9.99642E-05 9.99642E-05 0.0206689
9.99732E-05 0.0955905 0.691407 0.161019 9.99732E-05 9.99732E-05 0.051683
0.156876 0.0452235 0.187293 9.9991E-05 0.458448 0.0243983 0.127661
0.209609 9.9982E-05 0.101368 0.0715533 9.9982E-05 0.533444 0.0838251
9.9991E-05 0.386164 0.086008 0.0499881 0.201669 0.261748 0.0143233
0.293326 0.189141 0.428791 9.99731E-05 9.99731E-05 9.99731E-05 0.0884416
0.00344629 9.99821E-05 0.591553 0.0330313 0.0494988 0.322271 9.99821E-05
0.000338222 0.117153 0.109808 0.189967 9.9982E-05 9.9982E-05 0.582534
0.22015 0.0719921 0.336296 9.9982E-05 0.0587373 9.9982E-05 0.312625
0.65283 0.228755 0.00650022 9.99732E-05 9.99732E-05 0.111615 9.99732E-05
9.99553E-05 9.99553E-05 9.99553E-05 9.99553E-05 0.0146017 9.99553E-05 0.984899
0.821601 9.99553E-05 0.177899 9.99553E-05 9.99553E-05 9.99553E-05 9.99553E-05
9.995E-05 9.995E-05 9.995E-05 9.995E-05 0.9994 9.995E-05 9.995E-05
0.090647 0.0625181 0.269402 0.452919 0.124314 9.9982E-05 9.9982E-05
9.99731E-05 9.99731E-05 0.032023 0.49716 9.99731E-05 0.388901 0.0816155
9.99731E-05 0.444388 0.296318 0.204566 9.99731E-05 0.0544269 9.99731E-05
0.308835 0.0078634 0.0750209 0.454593 0.113912 9.9991E-05 0.039676
9.99553E-05 9.99553E-05 9.99553E-05 0.847743 9.99553E-05 0.151757 9.99553E-05
0.179261 9.99821E-05 0.0376598 0.367718 0.261398 9.99821E-05 0.153763
0.0745163 0.220541 0.0850837 0.0656248 9.99911E-05 0.11078 0.443354
0.0947459 0.0713521 9.9991E-05 0.424835 0.0617754 0.0544694 0.292722
9.99642E-05 9.99642E-05 9.99642E-05 0.238718 0.135898 9.99642E-05 0.624985
0.268926 0.229768 9.99642E-05 0.500906 9.99642E-05 9.99642E-05 9.99642E-05
9.995E-05 9.995E-05 9.995E-05 9.995E-05 9.995E-05 9.995E-05 0.9994
0.0569506 0.301227 9.99732E-05 9.99732E-05 0.322402 0.31912 9.99732E-05
9.99821E-05 9.99821E-05 0.117693 0.123548 0.253393 0.379708 0.125458
0.579199 0.0626004 9.99731E-05 0.230955 9.99731E-05 0.126946 9.99731E-05
0.59314 9.9964E-05 9.9964E-05 9.9964E-05 9.9964E-05 0.191626 0.214835
9.9982E-05 0.249261 0.327567 0.087808 0.202821 9.9982E-05 0.132343
0.417569 9.99821E-05 0.0465668 0.0496382 9.99821E-05 0.0210934 0.464933
9.99731E-05 0.522923 0.0822066 9.99731E-05 0.209569 9.99731E-05 0.185001
9.9982E-05 0.23781 0.0591899 0.424696 0.258003 9.9982E-05 0.0201008
9.99821E-05 0.218695 0.52882 0.126917 0.0851999 0.0401681 9.99821E-05
9.99732E-05 9.99732E-05 9.99732E-05 0.016327 0.316147 0.471725 0.195501
0.113431 0.0124865 0.132061 0.310428 9.99821E-05 0.431393 9.99821E-05
9.99643E-05 9.99643E-05 0.498977 9.99643E-05 9.99643E-05 0.171189 0.329434
0.16536 0.070912 9.9982E-05 0.467437 0.109754 0.186337 9.9982E-05
9.99643E-05 9.99643E-05 0.272787 9.99643E-05 0.518236 9.99643E-05 0.208577
0.0844617 0.110673 0.357064 0.280186 9.99821E-05 9.99821E-05 0.167416
0.190618 9.99643E-05 0.388679 9.99643E-05 9.99643E-05 0.420303 9.99643E-05
0.0393319 0.29337 0.183502 0.378958 9.9991E-05 0.0423724 0.0623666
0.200485 0.0841598 9.99731E-05 9.99731E-05 0.121363 0.593692 9.99731E-05
0.30491 9.9982E-05 0.0892991 0.138213 0.392878 0.0745001 9.9982E-05
9.99641E-05 9.99641E-05 0.554333 9.99641E-05 0.173423 0.271845 9.99641E-05
9.99642E-05 9.99642E-05 0.318313 0.600198 0.0810887 9.99642E-05 9.99642E-05
9.99642E-05 9.99642E-05 0.087286 0.855622 0.0566922 9.99642E-05 9.99642E-05
9.99643E-05 9.99643E-05 9.99643E-05 0.781693 0.21679 9.99643E-05 0.00111713
0.0386169 9.99732E-05 9.99732E-05 0.20194 0.193435 0.565708 9.99732E-05
9.99552E-05 9.99552E-05 0.0828475 0.916653 9.99552E-05 9.99552E-05 9.99552E-05
0.646972 0.263723 9.99732E-05 9.99732E-05 0.0717749 9.99732E-05 0.0172305
0.294668 0.0644628 0.102334 0.251883 0.216618 9.99911E-05 0.0699339
0.24346 0.112281 0.456054 0.00562484 0.060054 0.0951696 0.0273565
0.708189 9.99732E-05 0.232383 9.99732E-05 0.051456 9.99732E-05 0.007672
0.100559 0.0560776 0.149731 9.99731E-05 9.99731E-05 9.99731E-05 0.693333
0.186184 0.285645 9.9973E-05 0.415254 9.9973E-05 9.9973E-05 0.112616
9.99731E-05 0.195818 0.00250477 9.99731E-05 9.99731E-05 0.768527 0.0328506
0.196304 9.99821E-05 0.265713 0.0487183 0.23571 9.99821E-05 0.253354
9.99731E-05 0.353822 0.271787 9.99731E-05 0.120617 9.99731E-05 0.253474
0.0748706 0.39562 9.99821E-05 9.99821E-05 0.250893 0.219075 0.059342
0.379238 0.274325 9.99821E-05 0.161443 9.99821E-05 0.158087 0.0267072
0.1154 9.99642E-05 9.99642E-05 0.0556212 9.99642E-05 0.828579 9.99642E-05
0.392496 0.222896 9.99641E-05 0.384208 9.99641E-05 9.99641E-05 9.99641E-05
0.276805 0.239313 0.0906471 0.216251 0.00527257 0.171611 9.9991E-05
9.99732E-05 0.375848 0.325885 0.0498567 9.99732E-05 9.99732E-05 0.24811
9.99821E-05 0.117156 0.250036 0.0543381 0.361013 0.217257 9.99821E-05
0.0957159 0.265509 0.105297 0.00737244 0.465539 9.9991E-05 0.0604674
0.164788 9.99911E-05 0.058556 0.0323522 0.0927092 0.444955 0.20654
9.99643E-05 9.99643E-05 9.99643E-05 0.877018 0.078753 9.99643E-05 0.0438289
0.212676 0.0448264 0.216708 0.302035 0.00382145 9.9991E-05 0.219833
9.99642E-05 0.230368 0.0611203 9.99642E-05 9.99642E-05 0.708112 9.99642E-05
0.0435238 9.99731E-05 0.0751628 0.432288 9.99731E-05 0.448726 9.99731E-05
0.341595 0.293585 0.032811 0.0889507 0.0703022 9.9991E-05 0.172656
0.256023 0.0476735 9.99731E-05 0.106932 9.99731E-05 0.589071 9.99731E-05
9.995E-05 9.995E-05 9.995E-05 9.995E-05 9.995E-05 0.9994 9.995E-05
0.0181364 0.0115236 0.342263 0.413966 9.9991E-05 0.0722803 0.141731
0.52194 0.0208742 0.18552 0.271366 9.99731E-05 9.99731E-05 9.99731E-05
0.157252 0.00548584 9.99822E-05 0.604664 0.208793 0.0236052 9.99822E-05
9.99553E-05 0.951541 0.0479594 9.99553E-05 9.99553E-05 9.99553E-05 9.99553E-05
0.0997853 0.132801 0.1213 0.0157193 0.263797 0.276254 0.0903431
9.99732E-05 9.99732E-05 9.99732E-05 0.58167 0.220255 0.0325713 0.165204
0.182452 0.428785 9.99641E-05 0.388363 9.99641E-05 9.99641E-05 9.99641E-05
0.148318 0.197815 9.99731E-05 9.99731E-05 0.361908 0.29166 9.99731E-05
0.0303884 9.99821E-05 0.414793 0.34568 0.010394 9.99821E-05 0.198545
0.0180215 9.99642E-05 9.99642E-05 0.963439 9.99642E-05 9.99642E-05 0.0181397
9.99553E-05 0.463408 9.99553E-05 0.536092 9.99553E-05 9.99553E-05 9.99553E-05
0.162597 0.216554 0.248033 0.176602 9.99821E-05 9.99821E-05 0.196015
9.995E-05 9.995E-05 9.995E-05 9.995E-05 0.9994 9.995E-05 9.995E-05
9.99821E-05 9.99821E-05 0.438196 0.259736 0.0425581 0.219262 0.0400481
0.388934 0.125156 0.146247 9.99821E-05 0.0583679 0.281095 9.99821E-05
9.99553E-05 9.99553E-05 0.836511 9.99553E-05 9.99553E-05 0.16299 9.99553E-05
0.0971324 9.99732E-05 0.576849 0.207206 9.99732E-05 0.118512 9.99732E-05
0.0359554 9.9982E-05 0.290727 0.370297 9.9982E-05 0.252938 0.0498828
0.0910967 0.399293 9.99821E-05 0.273018 0.139926 9.99821E-05 0.0964659
9.995E-05 9.995E-05 9.995E-05 9.995E-05 0.9994 9.995E-05 9.995E-05
0.0792979 0.120958 9.99732E-05 0.3911 9.99732E-05 0.408344 9.99732E-05
9.99821E-05 0.139255 0.00422661 0.38301 0.471984 0.00132354 9.99821E-05
0.223183 0.285189 9.99731E-05 9.99731E-05 0.300697 9.99731E-05 0.190631
9.9982E-05 0.429818 0.380271 0.00797693 0.159746 9.9982E-05 0.021989
