0.0644772 0.436024 0.00784408 0.191336 0.300319
0.231608 0.108451 0.265863 0.165788 0.22829
0.322894 0.408952 9.99821E-05 0.267954 9.99821E-05
0.125145 0.287786 9.99821E-05 9.99821E-05 0.586869
0.00565483 0.296547 0.533272 0.164426 9.9991E-05
0.0741942 0.234377 9.9982E-05 9.9982E-05 0.691229
0.122768 0.102446 0.501632 0.173257 0.0998968
9.999E-05 0.570757 0.224592 0.0922844 0.112267
0.877761 9.99822E-05 0.0336435 0.0883952 9.99822E-05
0.508896 9.99821E-05 9.99821E-05 0.0911114 0.399793
0.468298 0.155108 0.0642728 0.0603424 0.251978
0.544676 9.99821E-05 0.386757 0.0683676 9.99821E-05
0.0217929 0.531716 0.18142 0.0840232 0.181047
0.0153653 0.217995 0.3814 0.0425198 0.342719
0.748916 0.103891 9.99821E-05 9.99821E-05 0.146993
0.189871 0.316053 0.269419 0.206812 0.017845
0.503266 0.0483318 0.0948454 0.000911727 0.352645
0.383352 9.9991E-05 0.150263 0.0492574 0.417028
0.437623 0.562077 9.99731E-05 9.99731E-05 9.99731E-05
9.99821E-05 0.266116 0.227949 9.99821E-05 0.505735
0.00394438 9.99822E-05 9.99822E-05 0.0553968 0.940459
0.238384 0.480255 0.0907621 0.190499 9.9991E-05
0.107102 0.0159056 0.114808 9.99911E-05 0.762084
0.00534613 9.99911E-05 0.134591 0.237976 0.621987
0.108582 0.105581 9.99911E-05 0.125043 0.660694
0.0690177 0.42653 0.00198533 0.173357 0.32911
0.675968 0.0392627 0.0312773 0.210292 0.0432006
0.387854 0.449136 0.139348 0.0235619 9.99911E-05
0.0761983 0.733797 0.189805 9.99821E-05 9.99821E-05
0.185037 0.0297169 9.99821E-05 0.785046 9.99821E-05
0.249312 0.341426 0.195783 9.99911E-05 0.213379
0.149326 0.232906 0.326482 9.99911E-05 0.291187
0.610905 0.0830137 9.99821E-05 0.305881 9.99821E-05
9.99911E-05 0.654921 0.198918 0.0245023 0.121558
9.9991E-05 0.177567 0.0555935 0.059099 0.707641
9.99732E-05 9.99732E-05 0.0593973 9.99732E-05 0.940303
0.146333 0.295049 0.442256 0.0638071 0.0525545
0.201355 0.243489 0.00679742 0.323696 0.224662
0.0857222 0.453237 0.208482 9.9991E-05 0.252458
0.00335538 0.407965 9.99821E-05 9.99821E-05 0.58848
0.622296 9.99732E-05 9.99732E-05 0.377404 9.99732E-05
0.485844 9.99821E-05 9.99821E-05 0.0960418 0.417915
0.00445338 0.126635 0.170727 0.0448601 0.653324
0.403285 0.282861 9.99821E-05 9.99821E-05 0.313654
0.159381 0.47959 0.314413 9.99911E-05 0.0465159
0.322337 0.15778 0.0668085 9.99911E-05 0.452975
0.744023 9.99821E-05 9.99821E-05 0.0691356 0.186641
0.715245 0.0268584 0.140033 9.9991E-05 0.117764
0.466098 0.490113 9.99822E-05 9.99822E-05 0.0435887
9.9982E-05 0.37221 0.0986605 9.9982E-05 0.528929
9.9982E-05 0.631076 9.9982E-05 0.134325 0.234399
0.404059 9.99821E-05 0.133038 9.99821E-05 0.462703
0.639852 9.9973E-05 9.9973E-05 0.359848 9.9973E-05
0.0692204 0.78559 9.99911E-05 0.113387 0.0317027
0.395599 9.99821E-05 0.548563 9.99821E-05 0.0556387
0.561664 0.104097 0.294448 0.0396921 9.99911E-05
0.0145082 0.229143 0.0453073 0.205143 0.505899
0.355808 9.99821E-05 0.507916 9.99821E-05 0.136076
0.394697 0.313702 0.25269 9.9991E-05 0.0388116
0.0339417 0.109803 9.9982E-05 9.9982E-05 0.856055
0.20647 0.79323 9.99732E-05 9.99732E-05 9.99732E-05
0.495484 9.99821E-05 0.0544692 9.99821E-05 0.449847
0.72415 0.127843 0.147807 9.9982E-05 9.9982E-05
9.9991E-05 0.173699 0.0522881 0.602432 0.171481
0.141377 0.602586 0.102002 0.0497646 0.10427
0.566905 0.261799 9.99821E-05 0.171096 9.99821E-05
9.99731E-05 0.127259 9.99731E-05 9.99731E-05 0.872441
0.517931 0.320382 0.00240723 9.9991E-05 0.15918
0.205639 0.728065 9.99821E-05 9.99821E-05 0.0660962
0.169842 0.44643 9.99911E-05 0.187297 0.19633
0.61913 0.0980436 0.146427 9.9991E-05 0.136299
0.63392 9.99911E-05 0.0796484 0.0541296 0.232202
9.99732E-05 0.0335995 0.966101 9.99732E-05 9.99732E-05
0.285532 0.32335 0.161826 9.99911E-05 0.229192
9.99911E-05 0.429647 0.138407 0.0158536 0.415992
0.475705 0.14071 0.383386 9.99821E-05 9.99821E-05
0.308763 0.370146 9.99911E-05 0.102838 0.218154
0.578994 0.0956659 0.23586 0.0623524 0.0271282
0.18908 0.81062 9.99731E-05 9.99731E-05 9.99731E-05
9.99821E-05 0.654305 0.296345 9.99821E-05 0.0491501
9.9991E-05 0.320601 0.490578 0.00506283 0.183657
0.0493654 0.352764 0.0997693 0.185567 0.312535
9.99733E-05 0.126246 9.99733E-05 9.99733E-05 0.873454
0.170161 0.481546 9.9991E-05 0.270431 0.0777611
0.48082 9.99821E-05 9.99821E-05 0.0124755 0.506505
0.46296 9.9982E-05 0.0841243 9.9982E-05 0.452715
0.356068 9.99911E-05 0.386205 0.155033 0.102594
0.21625 9.9991E-05 0.166165 0.416478 0.201007
0.219382 0.450999 9.99911E-05 0.199496 0.130023
0.272308 0.619132 9.99821E-05 0.10836 9.99821E-05
9.997E-05 9.997E-05 9.997E-05 0.9996 9.997E-05
9.99822E-05 9.99822E-05 0.182393 0.0518409 0.765566
0.541924 0.0738512 0.0949012 9.99911E-05 0.289223
0.267363 0.152265 9.99911E-05 0.118665 0.461607
0.685581 9.9973E-05 0.314119 9.9973E-05 9.9973E-05
0.283945 0.288742 0.170757 9.9991E-05 0.256456
0.252126 9.9991E-05 0.0567458 0.121989 0.569039
0.900826 9.99731E-05 9.99731E-05 9.99731E-05 0.0988744
9.9991E-05 0.247697 0.0779126 0.362399 0.311891
9.99821E-05 9.99821E-05 0.0909593 0.200288 0.708553
0.465607 9.99911E-05 0.348752 0.158492 0.0270493
0.0290605 9.99732E-05 9.99732E-05 0.97064 9.99732E-05
0.648728 9.99911E-05 0.0384413 0.186519 0.126212
0.366962 0.208487 9.99911E-05 0.163044 0.261407
0.18055 0.424299 9.9982E-05 9.9982E-05 0.394951
0.535775 0.101031 0.00596519 9.9991E-05 0.357128
0.272657 0.179867 0.332812 9.9991E-05 0.214564
0.246977 0.536205 9.99821E-05 9.99821E-05 0.216618
0.0124776 0.84321 9.99821E-05 9.99821E-05 0.144113
9.99821E-05 0.674185 9.99821E-05 0.217677 0.107938
9.99821E-05 0.262562 0.299642 0.437596 9.99821E-05
9.9991E-05 0.398618 0.249873 0.194699 0.15671
9.99821E-05 0.125422 9.99821E-05 0.510428 0.36395
9.99821E-05 0.82334 0.162316 9.99821E-05 0.0141434
9.99731E-05 9.99731E-05 9.99731E-05 0.801867 0.197833
0.68029 0.246715 0.0509131 0.0219826 9.99911E-05
0.190982 0.306116 9.99821E-05 9.99821E-05 0.502701
0.292301 0.470889 0.193268 0.0434428 9.9991E-05
9.99821E-05 0.460348 0.175411 0.364041 9.99821E-05
9.99821E-05 0.371917 0.114324 9.99821E-05 0.513559
0.169477 0.109332 9.9991E-05 0.392365 0.328726
9.99821E-05 9.99821E-05 0.207751 0.0173849 0.774664
9.99821E-05 0.573236 0.0567206 9.99821E-05 0.369844
9.99821E-05 0.0853019 0.0648706 9.99821E-05 0.849628
0.264211 0.164922 9.99911E-05 0.12976 0.441007
0.59888 0.0155602 0.0741339 9.9991E-05 0.311326
0.497301 9.99821E-05 0.0798973 0.422602 9.99821E-05
0.0450127 0.623557 0.11751 9.9991E-05 0.21382
9.99822E-05 0.267179 9.99822E-05 0.056838 0.675783
0.297313 0.191767 0.0823343 0.166648 0.261937
0.994665 9.99732E-05 9.99732E-05 9.99732E-05 0.00503536
0.0613943 0.213748 0.129522 9.9991E-05 0.595236
0.495004 0.414778 0.0900181 9.99821E-05 9.99821E-05
0.435145 0.415531 0.0344877 9.9991E-05 0.114736
0.597924 0.0129689 0.0386823 9.99911E-05 0.350325
9.99732E-05 0.251817 9.99732E-05 9.99732E-05 0.747883
9.99732E-05 0.929813 9.99732E-05 0.0698872 9.99732E-05
9.99732E-05 0.919697 9.99732E-05 0.0800031 9.99732E-05
0.381581 0.425215 0.193004 9.99821E-05 9.99821E-05
9.99732E-05 0.605758 9.99732E-05 9.99732E-05 0.393942
0.105349 0.616578 0.23273 0.0108925 0.0344506
0.201831 9.99911E-05 0.0591281 0.10652 0.632421
0.531282 0.250941 0.0708775 0.1468 9.9991E-05
0.625767 0.00987637 9.99821E-05 0.364157 9.99821E-05
0.0494317 0.0743915 0.062199 0.233526 0.580452
9.9982E-05 0.644691 0.116821 9.9982E-05 0.238288
0.00858478 9.99731E-05 0.991115 9.99731E-05 9.99731E-05
0.0847721 0.317265 0.000578067 0.119372 0.478013
9.99732E-05 9.99732E-05 0.195781 9.99732E-05 0.803919
0.455889 0.0891865 0.454724 9.99821E-05 9.99821E-05
0.230923 0.486612 0.282265 9.99821E-05 9.99821E-05
0.62469 0.131801 0.184498 0.058911 9.9991E-05
0.00866339 0.682236 0.0315659 9.9991E-05 0.277435
0.220425 0.269171 0.383194 0.127109 9.9991E-05
9.99822E-05 9.99822E-05 0.224011 0.0614784 0.714311
0.6664 0.0951883 0.000963788 9.99911E-05 0.237348
9.99821E-05 0.373596 0.200619 9.99821E-05 0.425585
0.305432 0.389373 0.0685786 0.236517 9.99911E-05
9.99821E-05 0.788555 0.0530037 9.99821E-05 0.158241
0.183884 0.450998 9.99911E-05 0.123497 0.241521
0.0152055 9.99731E-05 0.984495 9.99731E-05 9.99731E-05
0.268588 0.491266 0.145885 9.9991E-05 0.0941613
9.99821E-05 0.455828 0.275189 9.99821E-05 0.268783
0.845989 0.0498533 0.103958 9.99821E-05 9.99821E-05
0.604963 0.0874563 0.307381 9.99822E-05 9.99822E-05
0.181993 0.0142526 9.9991E-05 0.103769 0.699886
0.232377 0.399353 9.99911E-05 0.318666 0.049505
9.997E-05 0.9996 9.997E-05 9.997E-05 9.997E-05
9.99821E-05 0.152535 0.816125 9.99821E-05 0.0311405
0.364572 0.0201577 0.0549954 0.0239488 0.536326
0.00581454 0.811371 9.99911E-05 0.065237 0.117478
9.99821E-05 0.527512 0.459895 9.99821E-05 0.0123929
0.733091 0.187431 0.0792781 9.99821E-05 9.99821E-05
0.214746 9.99731E-05 9.99731E-05 9.99731E-05 0.784954
0.166074 0.640773 9.99821E-05 0.192953 9.99821E-05
0.0301501 0.623964 0.345686 9.99822E-05 9.99822E-05
0.175744 0.12283 0.191652 0.157876 0.351899
0.169206 0.219238 9.99822E-05 9.99822E-05 0.611356
0.206008 0.120485 9.99821E-05 9.99821E-05 0.673307
0.877172 0.0885537 0.00730904 9.99911E-05 0.0268654
0.404301 9.99822E-05 0.0315639 9.99822E-05 0.563936
0.537046 0.168817 9.99911E-05 0.0367518 0.257285
0.272493 0.236831 9.99821E-05 9.99821E-05 0.490475
9.99911E-05 0.555394 0.317578 0.0379944 0.0889342
9.99821E-05 0.740324 9.99821E-05 0.0061092 0.253366
0.365414 0.307985 0.326401 9.99821E-05 9.99821E-05
0.192135 0.372433 0.158057 9.9991E-05 0.277276
9.9991E-05 0.446226 0.365335 0.131165 0.0571744
0.0747134 9.9991E-05 0.106546 0.0649935 0.753647
