0.0894004 0.525095 0.0874597 9.99821E-05 0.074701 9.99821E-05 0.0869404 0.0774058 0.058798
9.9973E-05 0.383319 0.0527445 0.102978 9.9973E-05 0.194945 0.0694437 9.9973E-05 0.19627
0.016411 0.169237 9.99731E-05 0.231411 0.262601 9.99731E-05 0.242858 0.0771815 9.99731E-05
0.187 0.211597 0.071436 9.99731E-05 0.136794 9.99731E-05 0.315514 0.0773593 9.99731E-05
0.0109092 9.9973E-05 0.131911 0.0677699 0.237983 0.343461 9.9973E-05 0.207666 9.9973E-05
9.9982E-05 0.13668 0.278842 0.110629 0.149363 0.0941243 0.226918 0.00324369 9.9982E-05
0.0963205 9.99641E-05 9.99641E-05 9.99641E-05 0.0666415 0.417169 9.99641E-05 0.0205962 0.398873
9.99551E-05 0.81982 0.0181041 9.99551E-05 0.0802676 9.99551E-05 9.99551E-05 0.0813085 9.99551E-05
9.99731E-05 0.107353 9.99731E-05 0.513144 0.131291 0.0366963 9.99731E-05 0.208514 0.00270201
0.576922 0.0640114 9.99552E-05 9.99552E-05 9.99552E-05 9.99552E-05 0.2561 9.99552E-05 0.102466
0.324805 9.9973E-05 0.261298 0.225738 0.00860717 9.9973E-05 0.0681228 9.9973E-05 0.111128
9.99553E-05 0.466197 9.99553E-05 0.0772571 0.0505722 9.99553E-05 9.99553E-05 0.405473 9.99553E-05
0.00842613 0.450895 9.99821E-05 0.104843 0.103452 0.0646414 9.99821E-05 0.0983429 0.169199
9.9982E-05 0.119603 0.132595 0.0183451 0.14631 0.382587 9.9982E-05 0.15048 0.0498795
0.220976 0.251561 0.0664472 0.105065 9.99911E-05 0.125871 0.0800207 0.11136 0.0385998
0.0409831 0.197231 0.0920543 9.99731E-05 0.508121 0.0165409 9.99731E-05 0.14477 9.99731E-05
9.9973E-05 9.9973E-05 9.9973E-05 0.328655 0.0842724 0.349228 0.0741096 0.00676726 0.156667
0.221942 9.99821E-05 0.233267 9.99821E-05 0.0191295 0.0108823 0.301525 0.0417648 0.171289
0.129828 0.72445 9.99552E-05 9.99552E-05 9.99552E-05 9.99552E-05 9.99552E-05 0.0358826 0.10934
9.99731E-05 0.139424 0.294776 0.0246767 9.99731E-05 0.0478899 0.482894 9.99731E-05 0.0100398
0.202098 9.99463E-05 9.99463E-05 9.99463E-05 9.99463E-05 9.99463E-05 0.424558 9.99463E-05 0.372744
0.378723 0.391195 0.126178 9.99641E-05 0.0890267 9.99641E-05 9.99641E-05 0.0144767 9.99641E-05
9.99641E-05 9.99641E-05 9.99641E-05 0.0114888 0.161997 9.99641E-05 0.788148 0.0124602 0.0255059
9.99641E-05 0.0859115 9.99641E-05 9.99641E-05 0.45807 0.0179013 0.344655 0.0930631 9.99641E-05
9.99641E-05 9.99641E-05 0.302844 0.118812 0.240452 9.99641E-05 0.0488046 9.99641E-05 0.288688
0.0935242 0.137599 0.258781 0.0775793 0.175756 9.9982E-05 9.9982E-05 0.172685 0.0838751
0.452443 0.0359088 0.0299968 9.9973E-05 0.0269302 9.9973E-05 0.139497 0.314924 9.9973E-05
0.467047 0.281528 0.119732 9.99552E-05 9.99552E-05 0.131193 9.99552E-05 9.99552E-05 9.99552E-05
0.0491852 0.172703 0.32401 0.216456 9.9982E-05 0.132267 0.0922709 0.0129074 9.9982E-05
0.217947 9.99552E-05 9.99552E-05 0.0261042 0.751198 0.0042504 9.99552E-05 9.99552E-05 9.99552E-05
0.203821 9.99731E-05 0.334303 0.0313141 9.99731E-05 0.184102 0.148424 0.0977352 9.99731E-05
9.99731E-05 0.359051 0.115645 9.99731E-05 0.0602214 0.204797 9.99731E-05 0.105748 0.154238
0.453673 0.0380239 9.99641E-05 9.99641E-05 0.0285206 9.99641E-05 0.358066 9.99641E-05 0.121317
0.0825577 0.23744 0.274175 9.99641E-05 0.0913908 0.314037 9.99641E-05 9.99641E-05 9.99641E-05
9.9973E-05 0.0749145 0.366656 9.9973E-05 0.227658 9.9973E-05 0.155747 0.0711305 0.103594
9.99641E-05 0.00647434 0.0114798 9.99641E-05 9.99641E-05 0.164709 0.100152 9.99641E-05 0.716785
0.0514317 9.99552E-05 0.598971 9.99552E-05 9.99552E-05 0.296595 9.99552E-05 0.0525026 9.99552E-05
0.169424 9.99463E-05 9.99463E-05 0.0207556 9.99463E-05 9.99463E-05 0.809221 9.99463E-05 9.99463E-05
9.99641E-05 0.211114 0.327629 9.99641E-05 0.142245 0.0382618 9.99641E-05 0.28035 9.99641E-05
9.99641E-05 0.0922609 0.372937 0.187684 9.99641E-05 9.99641E-05 0.256437 0.090281 9.99641E-05
0.322062 9.99552E-05 9.99552E-05 9.99552E-05 0.184919 0.0106637 9.99552E-05 9.99552E-05 0.481856
0.136452 9.99731E-05 0.137524 9.99731E-05 9.99731E-05 0.016498 0.115545 0.103458 0.490223
9.99641E-05 0.519414 9.99641E-05 9.99641E-05 0.0427597 0.0731879 0.15786 9.99641E-05 0.206378
0.163296 0.00927718 0.357976 0.400989 9.99641E-05 9.99641E-05 9.99641E-05 0.0680632 9.99641E-05
9.99821E-05 0.312217 0.0629755 9.99821E-05 0.0514894 0.0833246 0.213633 0.172021 0.104139
9.99821E-05 0.358968 0.21636 9.99821E-05 0.033712 0.0149192 0.129004 0.146997 0.0998398
0.046416 0.0579662 0.140512 9.9982E-05 0.168257 0.0551202 0.0325452 9.9982E-05 0.498984
0.15002 9.99731E-05 9.99731E-05 0.0620418 9.99731E-05 0.0731208 0.0456174 0.198931 0.469969
0.215423 0.137482 0.280568 9.99554E-05 9.99554E-05 9.99554E-05 9.99554E-05 9.99554E-05 0.366028
9.9973E-05 0.224174 0.56781 9.9973E-05 0.0193831 9.9973E-05 0.0066549 0.141026 0.0406521
9.9955E-05 0.250229 0.348506 0.040311 0.360455 9.9955E-05 9.9955E-05 9.9955E-05 9.9955E-05
9.99551E-05 9.99551E-05 9.99551E-05 0.13313 9.99551E-05 0.153932 0.542784 0.169654 9.99551E-05
0.390534 0.0938819 9.9973E-05 0.0518846 0.307137 9.9973E-05 9.9973E-05 0.0829718 0.073291
9.99642E-05 0.523213 0.139907 0.039504 0.237158 9.99642E-05 9.99642E-05 0.0598177 9.99642E-05
9.99551E-05 9.99551E-05 9.99551E-05 0.167151 9.99551E-05 0.60624 0.0898655 0.136243 9.99551E-05
0.476889 9.99642E-05 0.2678 9.99642E-05 9.99642E-05 0.153274 9.99642E-05 0.101282 0.000355227
0.104051 0.0883517 0.0239764 0.271376 0.223846 0.146735 0.141465 9.9982E-05 9.9982E-05
0.298363 9.99552E-05 9.99552E-05 0.0700405 9.99552E-05 0.518777 9.99552E-05 9.99552E-05 0.11232
9.9964E-05 0.235089 0.159717 0.144405 9.9964E-05 0.0592168 9.9964E-05 0.401172 9.9964E-05
0.0214292 0.0523749 0.372183 9.9973E-05 9.9973E-05 9.9973E-05 0.148301 0.042378 0.363034
0.355169 0.0654014 0.311404 0.267526 9.99552E-05 9.99552E-05 9.99552E-05 9.99552E-05 9.99552E-05
0.158076 9.99551E-05 9.99551E-05 9.99551E-05 9.99551E-05 9.99551E-05 0.372787 0.249159 0.219478
0.59095 9.9964E-05 0.0262523 0.123101 9.9964E-05 9.9964E-05 9.9964E-05 0.0992453 0.160051
0.0219439 0.075026 0.213878 9.99642E-05 0.661564 9.99642E-05 9.99642E-05 0.0271883 9.99642E-05
0.398551 0.30468 0.237608 9.99552E-05 0.0586614 9.99552E-05 9.99552E-05 9.99552E-05 9.99552E-05
0.103259 0.0249887 9.99731E-05 0.184779 0.214971 9.99731E-05 9.99731E-05 0.23426 0.237443
9.9964E-05 0.00167646 0.416776 9.9964E-05 9.9964E-05 0.0301445 0.379196 9.9964E-05 0.171808
0.0419033 0.154086 0.265529 0.0200149 9.99642E-05 9.99642E-05 9.99642E-05 0.518067 9.99642E-05
9.99551E-05 0.320177 0.429122 9.99551E-05 9.99551E-05 9.99551E-05 9.99551E-05 0.148066 0.102136
0.423119 9.99552E-05 0.390627 9.99552E-05 9.99552E-05 9.99552E-05 0.12297 9.99552E-05 0.0627848
9.9991E-05 0.202298 0.0265693 0.083595 0.0128797 0.227271 0.0897645 0.30474 0.0527832
0.00118082 0.080862 9.99731E-05 0.0619993 0.0075539 9.99731E-05 9.99731E-05 0.212638 0.635466
9.99374E-05 0.368857 9.99374E-05 9.99374E-05 9.99374E-05 0.630443 9.99374E-05 9.99374E-05 9.99374E-05
0.0184113 9.99731E-05 0.564034 9.99731E-05 0.0637214 0.00575806 9.99731E-05 0.0943051 0.25347
9.99553E-05 0.351241 0.150969 9.99553E-05 0.180723 0.316566 9.99553E-05 9.99553E-05 9.99553E-05
9.99552E-05 0.265942 9.99552E-05 9.99552E-05 9.99552E-05 0.19629 9.99552E-05 0.367653 0.169614
9.99733E-05 0.456161 0.0813475 0.146729 0.211018 9.99733E-05 9.99733E-05 0.0176667 0.0867772
0.445192 0.0754126 9.9982E-05 0.203484 9.9982E-05 0.0575169 0.0144258 0.132536 0.0712336
0.175164 0.180383 0.217094 0.426858 9.99551E-05 9.99551E-05 9.99551E-05 9.99551E-05 9.99551E-05
0.10383 0.300347 9.99551E-05 0.316991 9.99551E-05 0.278332 9.99551E-05 9.99551E-05 9.99551E-05
9.99731E-05 0.214828 0.35234 0.00616425 9.99731E-05 0.162706 9.99731E-05 0.136782 0.12688
9.99552E-05 0.350284 9.99552E-05 0.369658 0.0755298 9.99552E-05 9.99552E-05 9.99552E-05 0.204029
9.99552E-05 9.99552E-05 0.243901 9.99552E-05 9.99552E-05 0.216826 0.201269 9.99552E-05 0.337504
9.99641E-05 0.26311 0.0824827 0.340374 0.241087 9.99641E-05 9.99641E-05 9.99641E-05 0.0725463
9.9982E-05 0.0484534 0.0630342 9.9982E-05 0.233226 0.132072 0.0168121 0.154029 0.352173
0.129221 0.324872 9.9964E-05 9.9964E-05 9.9964E-05 9.9964E-05 0.207688 0.0708301 0.266989
0.0107894 0.281366 9.99821E-05 0.133057 9.99821E-05 0.180082 0.0946778 0.193662 0.106166
0.0800995 0.137564 9.99731E-05 0.012713 0.527111 0.155372 9.99731E-05 0.0868398 9.99731E-05
0.0503358 0.198459 0.502275 9.99732E-05 0.0745577 9.99732E-05 0.140878 0.0331946 9.99732E-05
0.383933 0.447919 9.99641E-05 0.142317 0.00386036 9.99641E-05 0.0215707 9.99641E-05 9.99641E-05
9.99463E-05 9.99463E-05 0.019708 9.99463E-05 0.869324 9.99463E-05 9.99463E-05 9.99463E-05 0.110369
9.99731E-05 9.99731E-05 0.0092915 9.99731E-05 0.0739267 0.359905 0.218202 0.0274483 0.310927
9.99552E-05 9.99552E-05 9.99552E-05 9.99552E-05 0.126124 9.99552E-05 0.0682043 0.428881 0.376291
0.0164859 9.99641E-05 9.99641E-05 0.313129 0.0760723 0.175289 0.418624 9.99641E-05 9.99641E-05
0.245359 0.189717 9.997E-05 9.997E-05 0.0381802 9.997E-05 0.0818861 0.426245 0.018313
9.9955E-05 0.457549 9.9955E-05 0.294606 9.9955E-05 0.159719 9.9955E-05 0.0876261 9.9955E-05
0.362975 9.99641E-05 0.0925821 9.99641E-05 0.112424 0.204396 0.227224 9.99641E-05 9.99641E-05
0.196258 0.163659 0.065312 0.0933082 9.9991E-05 0.0118853 0.036982 0.193814 0.238681
0.0668736 0.18807 0.0849648 9.99731E-05 0.4521 9.99731E-05 0.06518 0.142511 9.99731E-05
9.9973E-05 0.109339 9.9973E-05 9.9973E-05 0.162499 0.00471232 0.67636 0.0235694 0.0232197
0.533491 9.99552E-05 0.0366387 9.99552E-05 9.99552E-05 0.35504 0.0743306 9.99552E-05 9.99552E-05
9.99463E-05 9.99463E-05 9.99463E-05 9.99463E-05 0.772295 9.99463E-05 0.122493 0.104612 9.99463E-05
0.336454 9.99464E-05 9.99464E-05 0.0472791 9.99464E-05 9.99464E-05 0.615667 9.99464E-05 9.99464E-05
0.0944407 9.99461E-05 9.99461E-05 0.401917 9.99461E-05 9.99461E-05 0.503043 9.99461E-05 9.99461E-05
9.99462E-05 0.769711 0.197809 9.99462E-05 9.99462E-05 9.99462E-05 9.99462E-05 0.0318805 9.99462E-05
9.99731E-05 0.217926 0.16882 9.99731E-05 0.0660714 9.99731E-05 0.0401011 0.0897216 0.417059
9.99551E-05 0.0669966 0.198534 9.99551E-05 9.99551E-05 0.516065 9.99551E-05 9.99551E-05 0.217905
0.185887 0.190769 0.507986 9.99642E-05 9.99642E-05 0.0764668 0.0384913 9.99642E-05 9.99642E-05
9.99642E-05 0.0567571 0.693299 0.0851404 9.99642E-05 9.99642E-05 9.99642E-05 0.160734 0.00366895
9.99732E-05 0.0171872 0.414611 0.0682233 0.242223 9.99732E-05 0.14963 0.107825 9.99732E-05
9.99642E-05 0.0854542 9.99642E-05 9.99642E-05 0.357977 0.264808 9.99642E-05 0.290501 0.000859682
9.99552E-05 0.613461 0.167281 9.99552E-05 0.145967 9.99552E-05 9.99552E-05 0.0727904 9.99552E-05
9.99462E-05 9.99462E-05 0.204884 9.99462E-05 0.541112 9.99462E-05 0.253404 9.99462E-05 9.99462E-05
9.99553E-05 0.583706 0.124792 0.273514 9.99553E-05 0.017488 9.99553E-05 9.99553E-05 9.99553E-05
9.99372E-05 9.99372E-05 9.99372E-05 9.99372E-05 0.822863 9.99372E-05 0.176437 9.99372E-05 9.99372E-05
9.99461E-05 9.99461E-05 9.99461E-05 0.834498 9.99461E-05 0.0833056 9.99461E-05 0.0815971 9.99461E-05
9.99464E-05 0.937516 9.99464E-05 9.99464E-05 9.99464E-05 9.99464E-05 0.0402662 9.99464E-05 0.0216183
0.434151 0.348354 9.99641E-05 9.99641E-05 0.0726427 0.0271226 9.99641E-05 0.11733 9.99641E-05
0.152962 0.243555 0.323667 0.0316584 0.247758 9.996E-05 9.996E-05 9.996E-05 9.996E-05
9.99551E-05 0.353085 9.99551E-05 9.99551E-05 9.99551E-05 0.144387 0.496281 9.99551E-05 0.00574781
0.144486 0.169694 0.0175566 9.9973E-05 0.403526 9.9973E-05 0.140537 0.1239 9.9973E-05
9.99641E-05 0.0786882 9.99641E-05 9.99641E-05 0.20506 0.407402 0.269856 9.99641E-05 0.0385938
9.99641E-05 0.34394 0.266526 0.238747 0.148798 0.00159 9.99641E-05 9.99641E-05 9.99641E-05
9.99463E-05 0.180132 9.99463E-05 9.99463E-05 9.99463E-05 9.99463E-05 0.531338 9.99463E-05 0.287931
9.99731E-05 0.162786 0.0448967 0.320962 0.117309 9.99731E-05 0.109249 9.99731E-05 0.244498
0.215404 0.446855 0.016019 9.9964E-05 9.9964E-05 0.00242266 9.9964E-05 9.9964E-05 0.318899
9.99374E-05 9.99374E-05 9.99374E-05 9.99374E-05 0.0882235 9.99374E-05 9.99374E-05 9.99374E-05 0.911077
9.99641E-05 0.0947269 0.568819 0.162269 9.99641E-05 0.00335586 9.99641E-05 0.17043 9.99641E-05
9.99464E-05 9.99464E-05 0.128131 9.99464E-05 9.99464E-05 9.99464E-05 0.857486 9.99464E-05 0.0137833
9.99642E-05 0.190074 0.000283258 9.99642E-05 0.107611 9.99642E-05 0.378449 0.323184 9.99642E-05
0.010744 9.99642E-05 9.99642E-05 0.341603 9.99642E-05 9.99642E-05 0.19082 0.301666 0.154767
0.0690362 0.314035 0.0900579 0.0411623 0.048055 0.0584343 0.121052 0.0418575 0.21631
9.99551E-05 9.99551E-05 0.0977085 0.473092 9.99551E-05 9.99551E-05 9.99551E-05 0.310314 0.118386
0.0755297 0.355653 0.0250135 9.99641E-05 9.99641E-05 9.99641E-05 0.430425 0.112979 9.99641E-05
0.18558 0.208968 9.99641E-05 9.99641E-05 9.99641E-05 9.99641E-05 0.36598 0.048004 0.191068
9.99463E-05 0.129788 0.439374 9.99463E-05 9.99463E-05 9.99463E-05 0.430238 9.99463E-05 9.99463E-05
9.99463E-05 0.146757 0.784439 9.99463E-05 9.99463E-05 9.99463E-05 9.99463E-05 9.99463E-05 0.0682047
9.99554E-05 0.208296 0.773301 9.99554E-05 0.00204462 9.99554E-05 0.0158583 9.99554E-05 9.99554E-05
9.99552E-05 0.0699657 9.99552E-05 0.354873 9.99552E-05 9.99552E-05 9.99552E-05 0.153203 0.421459
9.99462E-05 0.372326 0.513397 9.99462E-05 9.99462E-05 9.99462E-05 9.99462E-05 9.99462E-05 0.113677
0.180032 9.99552E-05 0.410279 0.186731 9.99552E-05 0.222458 9.99552E-05 9.99552E-05 9.99552E-05
0.00253267 9.99821E-05 0.026146 0.16538 0.0892343 9.99821E-05 0.630491 0.042876 0.0431396
0.374118 0.231567 9.9973E-05 9.9973E-05 0.0188583 9.9973E-05 0.162166 0.00908909 0.203901
0.579494 9.99552E-05 9.99552E-05 0.134599 9.99552E-05 9.99552E-05 0.267441 9.99552E-05 0.0179658
9.99642E-05 0.15873 9.99642E-05 9.99642E-05 0.353027 9.99642E-05 0.302691 0.175006 0.0101456
0.00616332 0.67505 0.0953567 9.99731E-05 0.0883264 0.0381303 9.99731E-05 9.99731E-05 0.0966731
9.993E-05 9.993E-05 9.993E-05 9.993E-05 9.993E-05 9.993E-05 9.993E-05 0.999201 9.993E-05
0.211374 0.486907 9.99642E-05 0.0682545 0.120003 9.99642E-05 0.113061 9.99642E-05 9.99642E-05
9.99551E-05 9.99551E-05 0.170025 9.99551E-05 0.150757 0.225425 9.99551E-05 9.99551E-05 0.453294
0.153415 9.99731E-05 0.260504 0.0305559 9.99731E-05 0.222673 0.126889 0.205663 9.99731E-05
0.0180978 0.488783 9.99553E-05 0.136244 9.99553E-05 9.99553E-05 9.99553E-05 0.356375 9.99553E-05
0.229332 0.282102 9.99552E-05 0.179855 9.99552E-05 9.99552E-05 9.99552E-05 0.308212 9.99552E-05
0.2452 9.99461E-05 0.634704 9.99461E-05 9.99461E-05 0.119496 9.99461E-05 9.99461E-05 9.99461E-05
0.274106 0.535213 9.99551E-05 0.0981392 9.99551E-05 9.99551E-05 0.0920425 9.99551E-05 9.99551E-05
9.99642E-05 9.99642E-05 0.111181 9.99642E-05 0.201369 0.403316 0.15421 0.129525 9.99642E-05
0.279086 9.99731E-05 0.346987 0.110035 9.99731E-05 0.0407676 0.212983 0.00984061 9.99731E-05
9.9973E-05 0.0926642 0.00145621 0.425171 9.9973E-05 0.136601 0.220503 9.9973E-05 0.123304
0.593688 9.99553E-05 0.181995 0.20073 9.99553E-05 9.99553E-05 9.99553E-05 9.99553E-05 0.0230865
9.99373E-05 0.530285 0.469016 9.99373E-05 9.99373E-05 9.99373E-05 9.99373E-05 9.99373E-05 9.99373E-05
9.99642E-05 0.367364 9.99642E-05 0.0457886 0.148835 9.99642E-05 0.283382 9.99642E-05 0.15423
9.993E-05 9.993E-05 9.993E-05 9.993E-05 9.993E-05 9.993E-05 9.993E-05 0.999201 9.993E-05
9.99552E-05 0.221683 0.0825057 9.99552E-05 0.0185377 9.99552E-05 9.99552E-05 0.676774 9.99552E-05
9.99373E-05 0.969121 9.99373E-05 9.99373E-05 0.0301798 9.99373E-05 9.99373E-05 9.99373E-05 9.99373E-05
0.0448205 0.0203558 0.0186966 0.311088 9.9982E-05 0.262756 9.9982E-05 0.200198 0.141885
0.128909 0.286371 9.99642E-05 0.0049232 9.99642E-05 9.99642E-05 9.99642E-05 0.199251 0.380146
9.9982E-05 0.290381 0.0112244 9.9982E-05 0.200339 0.0277746 0.192454 0.0572346 0.220392
0.248123 9.99642E-05 0.525221 0.0974727 9.99642E-05 0.0476313 9.99642E-05 9.99642E-05 0.081152
9.99464E-05 0.353609 0.506627 0.139164 9.99464E-05 9.99464E-05 9.99464E-05 9.99464E-05 9.99464E-05
0.0165626 9.99372E-05 9.99372E-05 9.99372E-05 9.99372E-05 0.982738 9.99372E-05 9.99372E-05 9.99372E-05
9.9982E-05 0.314576 0.0209277 0.0288042 0.0359494 9.9982E-05 0.327955 0.153925 0.117663
9.99553E-05 0.167128 0.662209 0.131411 0.0387517 9.99553E-05 9.99553E-05 9.99553E-05 9.99553E-05
9.99731E-05 0.47826 0.150152 0.101736 9.99731E-05 0.169168 9.99731E-05 0.0997278 0.000656622
9.99641E-05 0.328215 9.99641E-05 0.222921 9.99641E-05 0.0570452 0.318158 0.0732611 9.99641E-05
9.99731E-05 0.103339 0.414342 9.99731E-05 0.0998593 9.99731E-05 0.0891421 0.0226736 0.270344
0.0522458 0.357037 0.250562 0.036227 0.160829 9.99731E-05 9.99731E-05 0.142799 9.99731E-05
0.185201 0.212671 0.292194 0.0274808 0.0441092 0.0826036 9.99821E-05 0.15554 9.99821E-05
0.0276342 0.318023 9.99732E-05 9.99732E-05 0.186005 0.00623288 0.265673 0.196132 9.99732E-05
9.99462E-05 9.99462E-05 0.146087 0.508527 9.99462E-05 9.99462E-05 0.344786 9.99462E-05 9.99462E-05
9.9949E-05 9.9949E-05 0.251556 9.9949E-05 9.9949E-05 9.9949E-05 0.238178 9.9949E-05 0.509667
0.731958 0.0297532 9.99642E-05 0.0704879 9.99642E-05 0.102313 0.0650882 9.99642E-05 9.99642E-05
0.00869439 9.99552E-05 9.99552E-05 9.99552E-05 9.99552E-05 9.99552E-05 0.0890251 0.225319 0.676462
0.0779208 0.370672 9.99731E-05 9.99731E-05 0.0128999 9.99731E-05 0.0940603 0.375692 0.0684555
0.197104 0.0774653 0.348545 9.9973E-05 0.0592973 9.9973E-05 0.00787683 0.309412 9.9973E-05
9.99464E-05 0.813335 9.99464E-05 9.99464E-05 0.0739504 9.99464E-05 0.112114 9.99464E-05 9.99464E-05
9.99461E-05 9.99461E-05 0.143326 0.653009 9.99461E-05 9.99461E-05 0.203066 9.99461E-05 9.99461E-05
0.0675126 0.548804 9.99643E-05 0.139798 9.99643E-05 9.99643E-05 9.99643E-05 0.163934 0.0795518
9.99731E-05 0.613748 0.00360115 0.162905 9.99731E-05 9.99731E-05 0.139892 0.00591497 0.0736395
9.99731E-05 0.194691 0.175987 0.0358544 0.0463855 0.300068 0.246715 9.99731E-05 9.99731E-05
9.9964E-05 0.0943127 9.9964E-05 0.043697 9.9964E-05 0.258854 0.537165 9.9964E-05 0.0655714
