9.9982E-05 0.0333531 0.00516427 0.0500046 0.432052 0.295959 9.9982E-05 0.0364542 0.146813
0.125582 0.113836 0.189208 0.192353 0.195859 0.130621 0.0523416 9.9982E-05 9.9982E-05
0.0724908 0.065298 0.043462 0.0385369 0.289801 9.9991E-05 0.0691442 0.0292108 0.391956
9.9982E-05 0.0726254 0.30763 0.0716821 0.360631 0.0327967 0.0729474 0.0814881 9.9982E-05
0.202204 0.0950299 0.168666 0.076617 0.257428 0.146308 0.0121955 0.0414528 9.9991E-05
0.561284 0.0870945 0.136635 9.99639E-05 0.155745 9.99639E-05 9.99639E-05 9.99639E-05 0.0588413
0.325817 0.0634687 9.9973E-05 9.9973E-05 0.48054 0.00251735 0.0695962 0.0577609 9.9973E-05
9.9973E-05 9.9973E-05 0.366287 0.149745 0.219882 0.0335988 9.9973E-05 0.082234 0.147954
0.179855 0.0286631 0.0156019 9.9991E-05 0.174529 0.325296 0.0316369 0.0115315 0.232787
9.9973E-05 0.163079 0.410388 9.9973E-05 9.9973E-05 0.166692 0.0495666 0.114761 0.0952145
9.99729E-05 0.129605 0.0428696 0.129446 0.143476 0.546097 9.99729E-05 9.99729E-05 0.00820576
0.279392 9.99639E-05 9.99639E-05 9.99639E-05 9.99639E-05 0.508078 0.0146993 0.0433557 0.154075
0.242976 0.0444707 0.126897 9.9982E-05 0.389423 9.9982E-05 0.0741721 0.0763978 0.045463
0.13774 0.0849377 9.9991E-05 0.0789354 0.302788 0.100192 0.0864513 0.114676 0.0941793
0.240501 9.99639E-05 9.99639E-05 0.256176 9.99639E-05 0.337265 9.99639E-05 0.0975105 0.0681481
0.424311 0.0128765 0.0168675 0.446737 9.9973E-05 9.9973E-05 0.0632356 0.0356723 9.9973E-05
9.99729E-05 0.0779237 9.99729E-05 0.14614 0.0207681 0.650641 0.0675903 0.0366374 9.99729E-05
9.9982E-05 0.00457494 9.9982E-05 0.172552 0.454784 0.0247454 0.0183494 0.130468 0.194326
0.125125 9.9982E-05 0.146509 9.9982E-05 0.11109 0.0945772 0.0170097 0.0496325 0.455857
9.999E-05 0.109071 0.205291 0.00584167 0.252621 0.120117 0.145201 0.0193432 0.142415
9.9982E-05 0.0399251 0.181548 0.0179185 0.296317 0.246721 9.9982E-05 0.0969017 0.120468
0.0561743 0.0490675 9.9973E-05 0.0295301 0.284487 0.102697 9.9973E-05 9.9973E-05 0.477744
0.151152 0.00186879 0.0999157 0.125122 0.317868 0.0824245 0.0213328 0.0908219 0.109495
0.245837 9.9964E-05 9.9964E-05 0.0939511 0.470338 9.9964E-05 0.161683 0.0277912 9.9964E-05
0.0563666 0.146226 9.9964E-05 9.9964E-05 9.9964E-05 0.552743 9.9964E-05 0.0858486 0.158416
9.9964E-05 9.9964E-05 0.0033676 0.0422246 0.405591 0.420957 0.12746 9.9964E-05 9.9964E-05
0.0808582 0.0783285 9.9991E-05 0.106217 0.120724 0.0162496 0.108519 0.0795783 0.409426
9.9973E-05 0.0774862 9.9973E-05 0.176314 0.156553 0.394896 0.154844 0.039607 9.9973E-05
0.138999 0.0521764 0.47954 9.9982E-05 0.0541584 0.0114149 0.114675 9.9982E-05 0.148837
0.00545756 9.99729E-05 0.160654 0.0903898 0.172059 9.99729E-05 0.545735 0.025404 9.99729E-05
0.0567094 0.0634585 0.0804867 0.16634 0.0155205 0.203956 9.9991E-05 0.0643172 0.349112
9.9964E-05 0.0537592 0.159754 9.9964E-05 9.9964E-05 0.198647 0.0212942 9.9964E-05 0.566146
0.247463 0.00875722 0.0970315 0.0744174 0.437333 9.9991E-05 0.095724 0.0298394 0.00933507
0.0292796 0.150735 9.99729E-05 0.164231 0.389798 9.99729E-05 9.99729E-05 0.0784783 0.187178
0.20649 0.0800676 9.9973E-05 9.9973E-05 0.15614 0.458984 9.9973E-05 0.0796104 0.0184079
9.99461E-05 9.99461E-05 9.99461E-05 9.99461E-05 0.413656 0.52002 9.99461E-05 0.065724 9.99461E-05
0.146356 0.133607 0.274636 0.0175234 0.381555 9.9973E-05 9.9973E-05 0.0460234 9.9973E-05
9.9937E-05 9.9937E-05 9.9937E-05 9.9937E-05 9.9937E-05 0.984312 0.0149886 9.9937E-05 9.9937E-05
0.0822211 0.0629795 0.304861 0.0135078 0.0318547 9.9991E-05 0.0703074 0.0622928 0.371876
9.9973E-05 0.0444879 0.301196 0.123236 0.179486 9.9973E-05 9.9973E-05 0.142286 0.20901
9.9955E-05 0.0619819 9.9955E-05 0.104807 0.0824131 9.9955E-05 9.9955E-05 9.9955E-05 0.750298
9.9982E-05 0.146975 0.194844 0.0714473 0.364787 9.9982E-05 0.0439975 0.0739858 0.103763
0.00600708 0.0597229 0.685782 0.134121 0.0142875 9.9982E-05 0.0191227 0.0807568 9.9982E-05
0.0334251 9.9982E-05 0.643294 0.00218258 0.0303606 0.257327 0.0272636 9.9982E-05 0.00594726
0.0460709 0.0165959 0.233834 0.0240449 0.0855884 0.338758 0.0529859 0.0150194 0.187103
0.11722 0.147874 0.0623972 9.9973E-05 0.0427723 9.9973E-05 9.9973E-05 0.0480113 0.581426
0.298662 9.9973E-05 0.282381 0.0167299 0.281707 0.0727391 0.0474806 9.9973E-05 9.9973E-05
0.232639 0.014167 0.517557 0.0229317 9.9973E-05 9.9973E-05 0.013076 9.9973E-05 0.19933
9.9964E-05 9.9964E-05 0.143182 0.166221 9.9964E-05 9.9964E-05 0.0525251 0.0589253 0.578747
0.15408 9.9964E-05 0.681714 0.0777775 9.9964E-05 9.9964E-05 0.0119803 0.074048 9.9964E-05
9.9991E-05 0.0220797 0.0239993 0.0262408 0.0343191 0.410939 0.052743 0.0818788 0.347701
9.9982E-05 0.0153927 0.189743 0.105726 0.170242 9.9982E-05 0.0771301 0.14368 0.297887
9.9973E-05 0.0606261 0.0378185 0.494111 0.371069 9.9973E-05 0.00723894 0.028836 9.9973E-05
0.367956 0.191243 0.0669929 0.180733 0.0813159 9.9982E-05 0.0531115 0.058447 9.9982E-05
9.99461E-05 9.99461E-05 9.99461E-05 0.0738443 9.99461E-05 9.99461E-05 0.109433 9.99461E-05 0.816123
0.0510497 9.9973E-05 0.5943 9.9973E-05 0.204687 0.0014221 9.9973E-05 0.0500344 0.0982071
0.149289 0.047447 0.286828 0.00964703 9.9982E-05 0.0416089 0.0539993 9.9982E-05 0.41098
0.0849272 0.0653289 0.149502 9.9982E-05 0.0180888 9.9982E-05 0.0804202 0.0702497 0.531283
0.0621537 0.0347534 0.190071 0.205257 9.99819E-05 0.0511707 9.99819E-05 0.0738141 0.38258
0.276567 0.0967606 0.206867 9.9973E-05 9.9973E-05 0.177731 9.9973E-05 0.0458666 0.195907
0.0810466 0.043787 9.9946E-05 9.9946E-05 0.874567 9.9946E-05 9.9946E-05 9.9946E-05 9.9946E-05
0.194206 0.0341062 0.0993034 0.0167952 0.378579 0.1256 0.0172644 0.134047 9.9991E-05
0.04092 9.9991E-05 0.0917858 0.0174476 0.306865 0.0879746 0.0367962 0.0885613 0.32955
9.9964E-05 9.9964E-05 9.9964E-05 9.9964E-05 0.000831834 0.0142241 0.896645 0.0837722 0.00412696
0.154742 0.124004 0.240431 0.0400275 0.353317 0.0807514 9.99831E-05 9.99831E-05 0.00652751
9.9955E-05 9.9955E-05 9.9955E-05 0.129021 0.655507 0.157065 9.9955E-05 0.0579066 9.9955E-05
9.9973E-05 0.123076 0.166619 9.9973E-05 0.395506 0.0239313 9.9973E-05 0.0425502 0.248018
0.304868 9.9973E-05 0.119653 9.9973E-05 9.9973E-05 0.0295416 0.0605413 0.0526187 0.432477
9.9964E-05 9.9964E-05 9.9964E-05 0.0393826 0.318691 0.298702 0.100459 9.9964E-05 0.242365
9.99729E-05 0.0714376 0.263234 0.133132 0.311139 9.99729E-05 0.135316 0.0854409 9.99729E-05
0.0732841 0.131221 0.140668 9.9973E-05 0.147974 9.9973E-05 0.0608785 9.9973E-05 0.445674
0.313173 9.9982E-05 0.0361628 0.193288 9.9982E-05 0.027455 0.0244619 0.0686763 0.336583
0.0991275 0.0171168 0.185198 0.063005 0.0914739 0.224794 0.0132529 0.122322 0.183709
9.999E-05 0.0683324 0.26218 0.111913 0.0547691 0.022864 0.114795 0.0160035 0.349043
9.9982E-05 0.201514 0.205252 0.0682688 9.9982E-05 0.159781 0.178318 0.0424093 0.144257
9.9955E-05 0.146386 9.9955E-05 0.260042 9.9955E-05 9.9955E-05 9.9955E-05 0.0379568 0.555115
0.623942 0.0510183 0.264512 9.9964E-05 9.9964E-05 9.9964E-05 0.0127783 0.04735 9.9964E-05
9.9955E-05 0.0928368 9.9955E-05 0.0635488 0.834908 9.9955E-05 0.00820619 9.9955E-05 9.9955E-05
9.9937E-05 0.0611078 9.9937E-05 9.9937E-05 0.938193 9.9937E-05 9.9937E-05 9.9937E-05 9.9937E-05
9.9955E-05 0.053913 9.9955E-05 9.9955E-05 0.808088 9.9955E-05 0.102637 0.0348622 9.9955E-05
9.9991E-05 0.03123 0.309766 0.042033 0.244557 0.0687299 0.0413095 0.0690616 0.193213
0.217579 0.0200581 0.101239 9.9982E-05 0.361498 0.243177 0.0139599 0.0422892 9.9982E-05
9.9982E-05 0.0714734 0.00604892 0.0325126 0.156178 0.0438444 0.190614 9.9982E-05 0.499128
9.9973E-05 0.0751496 0.692047 0.124669 9.9973E-05 0.024737 0.00155605 0.081541 9.9973E-05
0.318594 9.99551E-05 9.99551E-05 9.99551E-05 0.097969 9.99551E-05 9.99551E-05 0.0744801 0.508457
9.9973E-05 0.0719446 0.0635193 0.0498574 0.315579 0.236901 9.9973E-05 9.9973E-05 0.261898
0.0628342 9.9973E-05 0.0587991 9.9973E-05 0.640364 0.173254 0.0207958 0.0436532 9.9973E-05
0.816925 0.105805 9.99551E-05 9.99551E-05 9.99551E-05 0.0319754 9.99551E-05 0.0447942 9.99551E-05
0.175097 0.0916105 9.9991E-05 0.156676 0.113707 0.168396 0.0789148 0.0551672 0.160331
0.020474 9.9964E-05 0.30399 9.9964E-05 9.9964E-05 0.295775 9.9964E-05 0.060059 0.319303
9.99459E-05 0.0163442 0.0442175 9.99459E-05 9.99459E-05 9.99459E-05 0.938839 9.99459E-05 9.99459E-05
0.0406015 0.0563128 9.9982E-05 0.0327071 0.166981 0.317148 9.9982E-05 0.0290496 0.356999
9.9982E-05 0.0160819 9.9982E-05 0.0226215 0.446885 0.0227077 0.0728354 0.108743 0.309926
9.9973E-05 9.9973E-05 9.9973E-05 0.262468 0.164021 0.146868 0.0616831 0.104088 0.260571
9.9964E-05 0.130845 0.185831 9.9964E-05 0.413131 9.9964E-05 9.9964E-05 0.036511 0.233282
0.0985002 0.0242153 0.600228 9.9982E-05 0.0952407 0.0650846 0.0875868 9.9982E-05 0.028944
9.99551E-05 9.99551E-05 0.763809 9.99551E-05 0.0543785 0.149703 9.99551E-05 9.99551E-05 0.0316093
0.478467 0.0739877 0.0228421 9.9973E-05 0.0681234 9.9973E-05 0.00335404 9.9973E-05 0.352926
0.633468 9.9955E-05 9.9955E-05 9.9955E-05 9.9955E-05 0.0195064 0.265857 0.0806682 9.9955E-05
0.0401604 9.9982E-05 0.13589 0.0386714 0.136811 0.208826 0.258994 9.9982E-05 0.180448
0.0885586 9.99729E-05 9.99729E-05 9.99729E-05 0.24341 0.111163 0.077148 0.0361019 0.443319
9.993E-05 9.993E-05 9.993E-05 9.993E-05 9.993E-05 9.993E-05 0.999201 9.993E-05 9.993E-05
0.0559938 0.135417 0.383602 0.0820949 0.0135935 0.148623 0.0164572 0.034561 0.129657
9.99369E-05 0.957697 9.99369E-05 9.99369E-05 9.99369E-05 9.99369E-05 9.99369E-05 0.0416036 9.99369E-05
9.9973E-05 0.0525692 0.390822 0.110546 0.000777115 0.366729 9.9973E-05 0.0782566 9.9973E-05
9.9955E-05 9.9955E-05 0.533524 0.121075 9.9955E-05 0.057802 9.9955E-05 9.9955E-05 0.2871
0.0544963 0.0153182 0.0162438 0.220555 0.448266 0.140017 0.0198285 9.9991E-05 0.0851749
9.9982E-05 0.0678241 0.280024 0.00280454 0.210346 9.9982E-05 0.119469 0.0472437 0.272088
9.9973E-05 0.0219364 9.9973E-05 0.0483696 0.00820346 9.9973E-05 0.147585 0.0241576 0.749448
9.9982E-05 0.039723 9.9982E-05 0.0203087 0.194888 0.205397 0.00463677 0.0412677 0.493578
0.204652 0.0841248 0.307507 0.0529752 0.0916604 9.9982E-05 9.9982E-05 0.0232145 0.235666
9.9964E-05 0.0731895 0.444844 9.9964E-05 9.9964E-05 9.9964E-05 0.0957914 0.103239 0.282537
9.9982E-05 0.0695273 0.431614 0.141203 0.0850831 9.9982E-05 0.0401457 0.0183078 0.213918
0.446802 0.0567884 9.99639E-05 9.99639E-05 9.99639E-05 0.0475453 0.427853 0.0206119 9.99639E-05
9.99729E-05 0.0315039 0.706842 9.99729E-05 0.0834757 0.0619752 0.105499 0.0104039 9.99729E-05
9.9937E-05 0.00203589 9.9937E-05 9.9937E-05 9.9937E-05 9.9937E-05 0.997265 9.9937E-05 9.9937E-05
0.0213503 0.132647 0.0790576 0.0374902 0.0641978 0.514349 0.0190501 0.00820461 0.123654
9.9964E-05 9.9964E-05 0.129934 0.0601267 0.462387 0.236684 9.9964E-05 0.110469 9.9964E-05
0.185313 9.9973E-05 0.569296 9.9973E-05 0.0236404 9.9973E-05 0.0295438 0.0026742 0.189232
9.9982E-05 0.0539506 0.0740334 9.9982E-05 0.133192 0.426156 0.0345545 0.0599677 0.217946
9.9982E-05 0.0379651 0.112567 9.9982E-05 0.619581 0.041284 0.0386392 0.0844146 0.0653493
0.548268 0.00601004 9.9982E-05 0.0399196 0.000544161 0.0630803 0.266542 0.0754364 9.9982E-05
0.141021 0.0493802 0.323165 9.9982E-05 0.266051 9.9982E-05 0.100812 0.0990009 0.0203701
0.636049 0.0512672 0.0179625 0.289444 9.9964E-05 0.00487791 9.9964E-05 9.9964E-05 9.9964E-05
0.161988 9.9964E-05 9.9964E-05 9.9964E-05 9.9964E-05 0.200123 0.101303 0.0631009 0.473085
0.952991 9.9937E-05 9.9937E-05 0.0463097 9.9937E-05 9.9937E-05 9.9937E-05 9.9937E-05 9.9937E-05
9.9955E-05 9.9955E-05 0.534508 9.9955E-05 9.9955E-05 0.152981 9.9955E-05 0.101774 0.210237
9.9973E-05 0.0493384 0.345763 9.9973E-05 0.00383468 9.9973E-05 0.125392 0.0210861 0.454286
0.189981 9.9964E-05 0.174231 9.9964E-05 0.190951 0.21988 9.9964E-05 9.9964E-05 0.224556
9.9973E-05 0.00444253 0.0610879 0.0101325 9.9973E-05 0.764874 0.0181585 9.9973E-05 0.141005
0.349057 9.9955E-05 9.9955E-05 9.9955E-05 0.475845 0.139723 0.0348758 9.9955E-05 9.9955E-05
0.240411 9.99639E-05 0.503973 9.99639E-05 0.0477882 9.99639E-05 0.0709145 0.136513 9.99639E-05
9.99551E-05 9.99551E-05 0.121107 9.99551E-05 0.426684 0.24135 0.210359 9.99551E-05 9.99551E-05
9.9973E-05 0.0383005 0.495966 0.0927601 9.9973E-05 9.9973E-05 0.0603228 0.121235 0.191115
0.203052 9.9955E-05 0.399204 9.9955E-05 0.123086 9.9955E-05 9.9955E-05 9.9955E-05 0.274158
0.314518 0.0555665 0.055992 9.9982E-05 0.101478 0.226655 9.9982E-05 0.0343839 0.211207
0.0821077 9.99549E-05 0.0250844 0.822868 9.99549E-05 0.0694397 9.99549E-05 9.99549E-05 9.99549E-05
9.993E-05 9.993E-05 9.993E-05 0.999201 9.993E-05 9.993E-05 9.993E-05 9.993E-05 9.993E-05
9.9982E-05 0.0064203 0.348559 0.0172285 0.240586 0.178927 9.9982E-05 0.0536479 0.154431
0.0409965 0.140031 0.00331893 9.9982E-05 0.377859 0.358417 9.9982E-05 0.0110299 0.0681478
0.633155 0.0911138 0.232818 9.9964E-05 9.9964E-05 9.9964E-05 9.9964E-05 0.0335482 0.00896507
9.9973E-05 0.105573 0.179046 0.177947 9.9973E-05 0.0267497 9.9973E-05 0.0586406 0.451743
0.0571105 0.108967 9.9973E-05 9.9973E-05 0.136751 9.9973E-05 0.137743 0.0211486 0.53798
0.0640387 9.9973E-05 0.114452 9.9973E-05 9.9973E-05 0.212523 0.0306744 0.0436147 0.534397
0.568257 0.0755853 0.0234953 0.120484 0.180154 9.9973E-05 9.9973E-05 0.0317244 9.9973E-05
0.000767613 0.026865 9.9991E-05 0.0759796 0.282305 0.0851226 0.325168 0.0710754 0.132617
0.404337 0.0329491 0.0849631 0.0650987 0.144173 0.0565006 0.0509715 9.9991E-05 0.160908
9.993E-05 9.993E-05 9.993E-05 9.993E-05 9.993E-05 9.993E-05 9.993E-05 0.999201 9.993E-05
9.9973E-05 0.0844593 0.0488046 0.0299024 0.501063 0.239372 9.9973E-05 0.0960988 9.9973E-05
9.9973E-05 0.235168 0.452687 0.0875293 0.192737 9.9973E-05 0.00601037 0.0255687 9.9973E-05
0.0694382 0.0549035 0.0999413 9.9991E-05 0.0928303 0.568618 0.00873807 0.0456297 0.0598012
0.14016 0.211295 9.9964E-05 9.9964E-05 0.584701 9.9964E-05 9.9964E-05 0.0577223 0.00572197
0.267676 0.038741 0.00666243 0.109508 0.126628 0.044386 0.0638084 0.108903 0.233686
0.294615 0.0541659 9.9991E-05 0.0709528 0.324127 0.0278698 0.0547937 0.0128807 0.160495
0.144385 9.9982E-05 0.109301 9.9982E-05 0.207198 0.441895 0.0332296 0.0483185 0.0154725
0.382381 0.0246163 0.102561 0.223461 9.9982E-05 0.0870464 0.136959 0.0427757 9.9982E-05
0.0914655 9.9973E-05 0.156368 9.9973E-05 0.310005 0.112119 9.9973E-05 0.0714091 0.258333
0.0323174 0.0821572 0.315838 0.07525 0.208578 0.175303 0.0755824 0.0348735 9.9991E-05
9.99551E-05 9.99551E-05 0.469173 0.0688686 0.371474 9.99551E-05 0.0899849 9.99551E-05 9.99551E-05
9.9991E-05 0.0630847 0.0883686 0.0951267 0.262818 0.177607 0.0849356 0.0597721 0.168187
0.0685766 0.027914 9.9973E-05 9.9973E-05 0.247395 0.532751 9.9973E-05 0.0258809 0.0971826
9.993E-05 9.993E-05 9.993E-05 9.993E-05 9.993E-05 9.993E-05 9.993E-05 0.999201 9.993E-05
0.198294 9.99729E-05 9.99729E-05 0.220031 0.0543507 0.100033 9.99729E-05 0.392478 0.0345142
9.9955E-05 0.0685829 0.780415 0.0901853 0.0603166 9.9955E-05 9.9955E-05 9.9955E-05 9.9955E-05
0.0212172 0.0762155 0.453365 0.0341703 0.0313275 9.9982E-05 9.9982E-05 0.114578 0.268926
9.99551E-05 9.99551E-05 0.0955206 9.99551E-05 0.382904 0.403828 9.99551E-05 0.117247 9.99551E-05
0.06408 0.0277758 0.158099 0.051272 0.097182 0.133249 9.9991E-05 0.0574207 0.410822
0.151746 0.158134 0.239725 0.0850616 0.121446 9.9982E-05 9.9982E-05 0.0458442 0.197844
9.993E-05 9.993E-05 9.993E-05 0.999201 9.993E-05 9.993E-05 9.993E-05 9.993E-05 9.993E-05
0.165291 9.9982E-05 9.9982E-05 0.119209 0.415087 0.151159 0.0350206 0.0496145 0.0644184
9.99639E-05 9.99639E-05 9.99639E-05 0.251777 0.0315793 0.0400331 0.0595835 9.99639E-05 0.616627
0.159307 0.116111 0.291466 0.186383 0.046482 0.0140895 0.0513891 0.0903572 0.0444147
0.14686 9.9982E-05 9.9982E-05 0.0402471 0.436996 0.171436 0.103186 0.0831051 0.0179697
0.0674762 0.0475032 9.9964E-05 0.432697 0.148022 9.9964E-05 9.9964E-05 9.9964E-05 0.303902
9.9982E-05 0.0121594 0.202738 0.0230979 0.342206 0.096311 9.9982E-05 0.102234 0.221053
9.9964E-05 0.134566 0.0376062 0.0373669 0.393156 9.9964E-05 9.9964E-05 9.9964E-05 0.396905
0.315686 9.9973E-05 0.149163 0.0147593 0.189244 0.316502 9.9973E-05 0.0143452 9.9973E-05
0.0487876 0.0862268 0.494033 0.140566 9.9964E-05 0.229987 9.9964E-05 9.9964E-05 9.9964E-05
9.9937E-05 0.985737 9.9937E-05 9.9937E-05 9.9937E-05 9.9937E-05 0.0135633 9.9937E-05 9.9937E-05
9.9982E-05 0.091038 0.153367 0.0688339 0.155833 0.106674 0.131452 9.9982E-05 0.292602
0.0848285 0.0168369 9.9973E-05 0.0763705 9.9973E-05 0.59488 0.167444 0.0593392 9.9973E-05
9.9964E-05 9.9964E-05 9.9964E-05 0.0292555 0.177644 0.440382 9.9964E-05 0.137859 0.214459
0.0582119 0.0813471 9.9982E-05 0.256575 0.252808 0.00268298 9.9982E-05 0.0483589 0.299816
9.9955E-05 9.9955E-05 0.494225 9.9955E-05 0.354054 9.9955E-05 0.141348 9.9955E-05 0.00987386
9.9973E-05 9.9973E-05 0.0400362 0.143425 0.408442 0.325793 0.047983 0.0340205 9.9973E-05
9.993E-05 0.999201 9.993E-05 9.993E-05 9.993E-05 9.993E-05 9.993E-05 9.993E-05 9.993E-05
0.018224 9.9982E-05 0.229468 0.00642267 0.422559 9.9982E-05 0.0426835 0.0946681 0.185774
0.14213 0.188308 0.139 0.120416 0.066144 0.126674 0.0553275 0.0787658 0.0832351
0.0329685 9.9982E-05 0.0978174 0.0659328 0.711751 0.00670692 0.0062727 9.9982E-05 0.0783508
0.200106 9.9973E-05 9.9973E-05 0.256598 0.296965 0.159715 0.0224096 9.9973E-05 0.0639064
