0.109195 0.264312 0.201927 0.424566
0.397425 0.226497 0.0626216 0.313457
9.99821E-05 9.99821E-05 0.37566 0.62414
9.999E-05 0.254694 0.37716 0.368046
0.33824 9.9991E-05 0.355464 0.306196
0.263207 9.9991E-05 0.508146 0.228547
0.334558 0.437333 0.0750036 0.153105
0.0104912 0.0796385 0.23674 0.67313
0.0763692 0.923431 9.99822E-05 9.99822E-05
9.999E-05 0.287345 0.695637 0.016918
9.9991E-05 0.205236 0.628674 0.165991
0.21409 0.78571 9.99821E-05 9.99821E-05
0.0401698 0.58867 0.283954 0.0872066
0.539292 9.9991E-05 0.277103 0.183505
9.99821E-05 0.841297 9.99821E-05 0.158503
0.102736 0.0470854 0.301406 0.548773
0.252668 0.43932 0.101724 0.206288
0.516081 0.0373435 0.203477 0.243098
9.99821E-05 0.718775 9.99821E-05 0.281025
0.257227 9.9991E-05 0.508201 0.234472
0.316179 0.0253103 0.658411 9.99911E-05
9.9991E-05 0.551218 0.224946 0.223735
0.533883 0.174561 0.147437 0.144118
0.292554 9.9982E-05 0.707246 9.9982E-05
0.0488449 9.99911E-05 0.800408 0.150647
9.9991E-05 0.186112 0.520667 0.293121
0.219275 0.271628 0.348371 0.160726
0.228979 0.0709203 0.00261792 0.697483
0.12295 0.0908764 9.9991E-05 0.786073
9.99911E-05 0.0815952 0.901724 0.016581
0.68935 9.99821E-05 9.99821E-05 0.31045
0.263691 0.394066 0.0973343 0.244909
0.158872 0.459147 0.234242 0.14774
9.9991E-05 0.31279 0.107316 0.579793
0.310437 9.9991E-05 0.492957 0.196505
0.333025 0.235201 0.354893 0.0768807
0.602365 9.99821E-05 9.99821E-05 0.397435
0.209616 0.0953277 0.316468 0.378588
0.28324 0.129137 0.0980068 0.489616
0.37541 9.9991E-05 0.057185 0.567305
9.99822E-05 0.637123 0.362677 9.99822E-05
0.118034 0.713187 0.168679 9.99911E-05
0.269568 0.301525 0.419387 0.00951889
0.06749 0.340592 0.26606 0.325857
9.9991E-05 0.341035 0.273033 0.385832
0.0348313 0.486761 0.0831823 0.395226
9.99911E-05 0.85758 0.0282187 0.114102
0.283468 0.654839 0.0615927 9.9991E-05
9.99911E-05 0.564975 0.134893 0.300033
0.166438 9.9991E-05 0.247386 0.586076
9.9982E-05 9.9982E-05 0.555188 0.444612
0.648488 0.0661984 0.285213 9.9991E-05
9.9991E-05 0.581452 0.389155 0.0292925
9.99911E-05 0.153642 0.0906499 0.755608
0.837038 0.0129974 9.99911E-05 0.149864
0.381534 0.367754 9.99911E-05 0.250612
0.428652 0.0426059 0.397532 0.13121
0.571617 0.428183 9.99822E-05 9.99822E-05
0.438931 0.132964 0.0577579 0.370348
0.265871 0.204262 0.448273 0.0815938
9.99911E-05 0.1592 0.154961 0.685739
0.313634 0.43356 0.252706 9.9991E-05
0.106493 0.787771 9.9991E-05 0.105636
9.99821E-05 9.99821E-05 0.758775 0.241025
9.99911E-05 0.150536 0.219828 0.629536
9.99911E-05 0.501138 0.234387 0.264374
0.251212 9.9991E-05 0.36741 0.381278
0.167277 0.598474 0.0656163 0.168633
9.99821E-05 0.362726 9.99821E-05 0.637074
9.99911E-05 0.194389 0.426321 0.37919
0.363247 0.420246 0.0718941 0.144612
9.99821E-05 0.829854 0.169946 9.99821E-05
0.944127 9.99821E-05 9.99821E-05 0.0556731
0.00399954 0.464751 9.99911E-05 0.531149
0.196951 9.99911E-05 0.273559 0.52939
0.383111 0.336814 9.9991E-05 0.279976
9.99911E-05 0.709477 0.129768 0.160655
0.269758 0.310604 0.419538 9.9991E-05
9.9991E-05 0.277571 0.239859 0.482471
0.324261 0.00710981 0.125052 0.543577
0.381923 0.0026122 9.99911E-05 0.615365
9.99911E-05 0.225195 0.396016 0.37869
0.628435 9.99822E-05 9.99822E-05 0.371365
9.9991E-05 0.394394 0.214284 0.391222
0.228328 0.489578 0.281995 9.9991E-05
0.0593458 0.42756 0.35011 0.162984
0.440578 0.334846 9.99911E-05 0.224476
0.141649 0.0179244 0.840327 9.9991E-05
9.99822E-05 0.44658 9.99822E-05 0.55322
9.9991E-05 0.588102 0.0610316 0.350767
9.99822E-05 9.99822E-05 0.843749 0.156051
0.498743 9.99822E-05 0.501057 9.99822E-05
0.0708321 0.682714 0.1981 0.0483536
0.328049 0.266955 0.248239 0.156757
0.0496566 0.93493 0.0153135 9.9991E-05
0.466453 0.459328 0.0667872 0.00743223
0.315291 0.20854 0.476068 9.9991E-05
9.998E-05 0.9997 9.998E-05 9.998E-05
0.0303395 9.9991E-05 0.567627 0.401933
0.204707 0.265077 0.530115 9.9991E-05
0.736082 0.134809 0.129009 9.99911E-05
9.998E-05 9.998E-05 0.9997 9.998E-05
0.233062 0.407842 0.358996 9.99911E-05
0.0460309 0.111477 0.725695 0.116797
0.0184936 0.26266 0.0852517 0.633594
0.0551938 0.615601 0.297561 0.0316438
0.32265 0.321863 0.0889702 0.266517
0.104007 0.0300353 0.216965 0.648993
9.99911E-05 0.27332 0.0708231 0.655757
9.99821E-05 9.99821E-05 0.226701 0.773099
0.154562 0.415394 0.224924 0.20512
9.99911E-05 0.241819 0.404109 0.353973
9.99822E-05 9.99822E-05 0.700456 0.299344
9.99821E-05 9.99821E-05 0.10711 0.89269
9.998E-05 9.998E-05 0.9997 9.998E-05
0.234889 0.469632 0.0339592 0.26152
9.9991E-05 0.391733 0.293828 0.314339
0.00900839 0.497072 0.217923 0.275997
9.99821E-05 9.99821E-05 0.348704 0.651096
0.449198 9.9991E-05 0.0880048 0.462697
9.99821E-05 0.240931 0.758869 9.99821E-05
0.646632 9.99821E-05 0.353168 9.99821E-05
9.99821E-05 9.99821E-05 0.143471 0.856329
0.507461 0.0290212 0.222619 0.240899
9.9991E-05 0.488715 0.285295 0.225891
0.0625528 0.551095 0.287138 0.0992139
9.99822E-05 0.646376 0.353424 9.99822E-05
0.251115 0.0177492 9.9991E-05 0.731036
9.99822E-05 9.99822E-05 0.520917 0.478883
0.110854 0.296089 0.27098 0.322077
0.0600212 0.879557 0.060322 9.99911E-05
0.435511 9.9991E-05 0.340103 0.224286
0.16634 0.512721 9.9991E-05 0.320839
0.166311 0.304893 9.9991E-05 0.528695
0.269162 0.401787 0.252438 0.0766125
0.10136 9.99911E-05 0.0837102 0.814829
9.998E-05 9.998E-05 9.998E-05 0.9997
9.998E-05 9.998E-05 9.998E-05 0.9997
0.167938 0.644679 9.99911E-05 0.187283
9.9991E-05 0.0781888 0.182586 0.739125
0.395067 9.99911E-05 0.229537 0.375296
0.505223 0.173371 0.319706 0.00169973
0.147084 0.604382 0.181246 0.0672878
9.99911E-05 0.519121 0.448141 0.0326377
0.0280133 0.081149 0.869946 0.0208921
0.00569316 0.316052 0.103792 0.574463
0.9997 9.998E-05 9.998E-05 9.998E-05
0.0435666 0.107654 0.48841 0.36037
0.474155 9.99821E-05 0.525645 9.99821E-05
0.692841 0.290764 9.99911E-05 0.0162948
0.25613 0.304531 0.0897489 0.34959
0.127754 0.814111 0.0417353 0.0163999
0.13745 9.9991E-05 0.108125 0.754326
0.326939 0.19008 0.254459 0.228521
0.524638 9.99821E-05 0.475162 9.99821E-05
0.354266 0.18296 9.99911E-05 0.462674
0.442336 9.9991E-05 0.18915 0.368414
0.0879236 0.120377 0.426248 0.365452
9.99911E-05 0.0055833 0.105262 0.889055
9.9991E-05 0.386594 0.188891 0.424416
0.9997 9.998E-05 9.998E-05 9.998E-05
9.99821E-05 0.638284 9.99821E-05 0.361516
0.344077 0.144573 0.209855 0.301495
0.197165 0.658384 9.99911E-05 0.144351
0.0822557 0.917544 9.99822E-05 9.99822E-05
0.143462 0.420241 0.406068 0.0302293
0.0823363 0.22297 0.0252872 0.669407
9.998E-05 9.998E-05 9.998E-05 0.9997
0.9997 9.998E-05 9.998E-05 9.998E-05
0.234504 0.416216 0.267058 0.0822212
9.99911E-05 0.208849 0.0110261 0.780025
0.149298 0.131396 9.9991E-05 0.719206
0.380641 0.373199 9.9991E-05 0.24606
0.220565 0.0905279 0.505066 0.18384
9.9991E-05 0.186747 0.196401 0.616752
9.99911E-05 0.236486 0.0667085 0.696706
0.164388 0.310506 0.525006 9.99911E-05
0.291441 9.99911E-05 0.432934 0.275525
0.213371 0.0779278 0.146283 0.562418
9.99911E-05 0.738042 0.207982 0.0538767
0.45118 0.443616 0.105104 9.99911E-05
0.202056 0.465934 0.0542911 0.277719
9.9991E-05 0.507784 0.317542 0.174573
0.269611 9.99911E-05 0.302413 0.427876
9.99822E-05 9.99822E-05 0.356544 0.643256
9.99822E-05 0.682209 9.99822E-05 0.317591
0.378783 0.180183 0.0414701 0.399564
0.45511 9.9991E-05 0.185647 0.359142
0.544733 9.9991E-05 0.354154 0.101012
