9.9982E-05 0.101448 9.9982E-05 0.7452 0.0292281 0.0658287 0.0580955
0.305846 0.044971 0.226004 0.136261 9.9991E-05 0.257443 0.0293748
0.318797 0.0721641 0.0980021 0.189541 0.0172935 0.191011 0.113192
0.214147 9.9982E-05 0.0260179 0.595275 0.06715 9.9982E-05 0.0972103
0.459245 9.9991E-05 0.0853558 0.187065 0.119162 0.0501837 0.0988889
0.732232 0.00783774 9.9991E-05 0.0194502 0.0431805 0.100406 0.0967933
0.200591 0.199366 0.0211592 0.307435 0.163691 9.9991E-05 0.107658
0.0928334 0.314899 0.159557 0.221991 0.00665976 0.194228 0.00983208
9.9991E-05 0.670248 0.035716 0.173283 0.0260567 0.0868492 0.00774655
9.999E-05 0.421262 0.16171 0.0854991 0.10351 0.028986 0.198933
0.358147 0.162064 0.00405949 0.0220432 0.0761218 0.131283 0.246282
0.0605835 0.833237 0.0358558 9.9973E-05 0.0700235 9.9973E-05 9.9973E-05
0.390636 0.0645704 0.0121728 0.112034 0.210792 0.134707 0.0750884
0.0449719 0.214673 0.0755223 0.0990167 0.148891 0.365913 0.0510116
9.9973E-05 0.0167002 9.9973E-05 9.9973E-05 0.103219 0.794848 0.0849333
0.135108 0.00486371 0.194285 0.176864 0.0801544 0.359637 0.0490878
9.9982E-05 9.9982E-05 0.0194634 0.0509534 0.0700181 0.675927 0.183438
0.102892 0.050339 0.22497 0.260932 0.167648 0.0983703 0.0948488
0.642694 9.9973E-05 0.082944 0.119006 0.155057 9.9973E-05 9.9973E-05
0.162401 0.255756 0.0866936 0.389465 0.0523251 9.9991E-05 0.0532592
0.105575 0.310601 9.9991E-05 0.261332 0.202196 0.0558419 0.0643532
0.226016 0.116061 9.9991E-05 0.11544 0.177596 0.300574 0.0642127
0.44509 9.9982E-05 9.9982E-05 0.191552 0.231776 0.105633 0.0257491
0.163141 9.9973E-05 0.259297 0.480915 9.9973E-05 0.0963468 9.9973E-05
0.292756 0.0976226 9.9973E-05 9.9973E-05 0.148345 9.9973E-05 0.460976
9.9982E-05 0.224242 0.0792629 0.410141 0.0138244 0.27233 9.9982E-05
0.176288 0.359926 0.0965112 0.114416 0.0517545 0.106328 0.094777
0.371788 0.0747837 0.170606 0.0677823 0.0964184 0.116079 0.102543
0.589897 9.9991E-05 0.177639 0.00544587 0.00784479 0.0994352 0.119638
9.9982E-05 9.9982E-05 0.683085 0.126017 0.0125791 0.143575 0.034544
0.454833 0.136137 0.0354251 9.9991E-05 0.058965 0.195035 0.119505
9.9973E-05 0.940495 0.0136055 9.9973E-05 0.033124 9.9973E-05 0.0124757
0.225254 0.0061416 0.0166784 0.286405 0.162906 0.302516 9.9991E-05
0.302135 0.175284 9.9991E-05 0.0691273 0.116577 0.207101 0.129676
0.0539113 0.219157 9.9991E-05 0.214334 0.158724 0.146261 0.207513
9.99551E-05 9.99551E-05 9.99551E-05 0.946651 0.0528494 9.99551E-05 9.99551E-05
0.325369 9.9973E-05 9.9973E-05 0.477901 0.00501484 9.9973E-05 0.191415
9.9982E-05 0.421387 0.0520399 0.218768 0.0509803 9.9982E-05 0.256625
0.250085 0.0924567 0.201059 0.0326092 0.0259812 0.324071 0.0737384
0.257996 0.220216 9.9991E-05 0.22154 0.143161 0.132632 0.0243551
0.227634 0.2902 0.0489653 0.0741546 0.0584866 0.30046 9.9991E-05
0.14974 9.9982E-05 9.9982E-05 0.414563 0.0293103 0.23617 0.170016
0.155786 0.19232 9.9991E-05 0.364282 0.0265431 0.14568 0.115288
0.288943 0.507326 0.105544 0.0978874 9.9973E-05 9.9973E-05 9.9973E-05
9.9973E-05 0.895756 9.9973E-05 0.0221032 0.0685857 0.0132552 9.9973E-05
0.324261 0.422649 0.0118039 9.9982E-05 9.9982E-05 0.0880294 0.153057
0.536363 9.9973E-05 0.0744146 0.218296 0.170627 9.9973E-05 9.9973E-05
0.682963 0.0493308 0.0171157 0.208567 0.0156391 0.00446748 0.0219164
0.600433 0.174493 0.141236 9.9982E-05 0.0630649 0.0205732 9.9982E-05
0.221883 0.00433775 0.230404 0.157234 0.0276727 0.358369 9.9991E-05
9.9991E-05 0.0842845 0.0653708 0.282775 0.121654 0.338003 0.107812
0.25405 0.102975 0.0947339 0.243186 0.117325 0.187629 9.9991E-05
0.133163 0.175985 0.072164 0.132346 0.0222554 0.449135 0.014951
0.439274 0.0122567 0.0891839 0.0707427 0.09565 0.0471501 0.245742
0.748173 9.99641E-05 0.162483 9.99641E-05 9.99641E-05 0.0889439 9.99641E-05
0.229423 0.184232 0.0315186 0.341315 0.0855813 0.0845522 0.0433782
0.410142 0.428113 0.0998063 9.9982E-05 0.0506875 9.9982E-05 0.011051
0.655372 9.9982E-05 0.111864 0.195087 0.0342449 9.9982E-05 0.0032324
0.587413 0.0365141 0.0817117 9.9991E-05 0.140622 0.106883 0.0467565
0.366391 0.447911 9.9973E-05 9.9973E-05 0.050283 9.9973E-05 0.135115
0.396592 9.9982E-05 0.0785819 0.302739 0.0912665 0.130621 9.9982E-05
9.9982E-05 0.105406 9.9982E-05 0.413172 0.157369 0.223273 0.10058
0.286652 0.0585669 0.00403064 0.151927 0.198145 0.30058 9.9991E-05
0.00565581 9.9982E-05 0.850546 0.017308 0.0991446 9.9982E-05 0.0271451
0.243196 0.137594 9.9991E-05 0.295448 0.0258175 0.151634 0.14621
9.9955E-05 9.9955E-05 9.9955E-05 0.999333 9.9955E-05 9.9955E-05 0.000166886
9.9982E-05 0.0109333 9.9982E-05 0.659788 0.11534 0.102376 0.111362
0.632757 0.122049 0.0955445 9.9982E-05 0.119736 0.0297136 9.9982E-05
0.372214 9.9991E-05 0.0310907 0.445217 0.0491749 0.00899614 0.0932064
0.239386 0.165352 0.163798 0.144549 0.109944 0.13655 0.0404213
0.421418 0.269904 0.0667294 9.9982E-05 0.0387188 9.9982E-05 0.20303
9.9982E-05 0.11132 0.0394971 0.209343 0.0797987 0.559841 9.9982E-05
0.326626 0.0623489 0.203394 9.9991E-05 0.144261 0.22728 0.035991
0.499099 9.9973E-05 0.0538681 9.9973E-05 9.9973E-05 0.2902 0.156533
0.0629427 0.28504 0.0643309 9.9991E-05 0.0510019 0.332285 0.204299
0.344475 0.196146 0.083852 9.9991E-05 0.0377686 0.255633 0.0820255
0.408868 0.318249 9.9973E-05 9.9973E-05 0.210123 0.0624598 9.9973E-05
0.190076 0.0499692 0.0780184 0.128338 0.108531 0.294139 0.150928
0.303965 9.9973E-05 9.9973E-05 0.335253 9.9973E-05 0.296455 0.0640262
0.0721412 0.205296 0.228984 0.110703 0.0852549 0.263445 0.0341755
0.0699086 0.331966 0.0676439 0.250111 0.0861741 0.194097 9.9991E-05
0.326995 0.164682 0.0528341 0.305271 0.116237 9.9991E-05 0.0338813
0.0969235 0.596142 0.203044 0.0803967 9.9991E-05 0.00403526 0.0193587
9.9991E-05 0.164056 0.200185 0.0418339 0.0375298 0.456153 0.100142
0.513853 9.9982E-05 0.031018 0.303689 0.0990848 0.0521547 9.9982E-05
0.127467 0.46912 0.00713102 0.306806 9.9991E-05 0.0624144 0.0269621
0.0697546 9.9982E-05 0.0140671 0.725239 0.0835007 0.107239 9.9982E-05
0.1199 0.737236 9.9973E-05 9.9973E-05 0.102919 9.9973E-05 0.0396449
0.112705 9.9991E-05 0.167566 0.252598 0.0994248 0.265375 0.102231
0.283033 0.616942 9.9964E-05 9.9964E-05 0.0996245 9.9964E-05 9.9964E-05
9.995E-05 9.995E-05 0.9994 9.995E-05 9.995E-05 9.995E-05 9.995E-05
0.301538 0.297233 9.9982E-05 9.9982E-05 0.103547 0.179056 0.118426
0.313006 9.9973E-05 9.9973E-05 0.58845 0.0908756 9.9973E-05 0.007369
0.271803 9.9973E-05 0.0719219 9.9973E-05 0.100359 0.555616 9.9973E-05
0.237517 9.9973E-05 9.9973E-05 0.692696 0.0379732 0.0315132 9.9973E-05
0.178336 9.9982E-05 0.137792 0.499326 9.9982E-05 0.102291 0.0820559
0.268843 0.310331 9.9982E-05 0.161502 9.9982E-05 0.173854 0.0852694
0.853044 0.0310136 0.0128013 9.9982E-05 0.0603974 9.9982E-05 0.0425433
0.148883 0.193425 0.426422 9.9973E-05 0.23097 9.9973E-05 9.9973E-05
0.159187 0.104002 0.329782 0.254256 9.9991E-05 0.126157 0.0265163
0.470869 0.016012 0.160607 0.0701113 0.0811277 0.191472 0.00980087
9.995E-05 9.995E-05 0.9994 9.995E-05 9.995E-05 9.995E-05 9.995E-05
0.244206 9.9991E-05 0.0234548 0.045402 0.0854031 0.392442 0.208993
9.99549E-05 0.00150067 9.99549E-05 9.99549E-05 9.99549E-05 9.99549E-05 0.998
0.111564 0.184659 0.0734245 0.291406 0.0590492 0.230768 0.0491302
0.158952 0.244832 0.0505958 0.11942 9.9982E-05 0.425999 9.9982E-05
0.0819103 0.209567 0.0482687 0.19445 0.0381412 0.355437 0.0722256
0.126397 0.0654713 0.232012 0.490505 0.0854146 9.9982E-05 9.9982E-05
9.9982E-05 0.133501 0.252681 9.9982E-05 0.0431493 0.501525 0.0689446
0.326631 0.0378148 0.0352623 0.409623 0.0737298 0.0653361 0.0516036
0.58983 9.9982E-05 9.9982E-05 0.129379 0.105543 0.0531616 0.121885
0.220531 0.370873 0.182685 9.9982E-05 0.135702 9.9982E-05 0.0900093
0.406832 0.145846 0.0269594 0.228063 0.0180511 0.144534 0.0297142
0.343485 0.0496224 0.330622 0.0531682 0.222902 9.9982E-05 9.9982E-05
0.472661 9.9991E-05 0.124777 0.192098 0.0820297 0.0705466 0.0577885
9.995E-05 9.995E-05 0.9994 9.995E-05 9.995E-05 9.995E-05 9.995E-05
0.445333 0.149188 9.9982E-05 0.067856 9.9982E-05 0.15515 0.182273
9.9982E-05 0.228898 9.9982E-05 0.56253 0.0859629 0.11761 0.0047978
0.506139 0.306053 0.0494666 0.0153436 0.0624968 0.0604012 9.9991E-05
9.9982E-05 0.711134 0.0367459 0.123983 0.0775669 0.0503702 9.9982E-05
9.9982E-05 0.217384 9.9982E-05 0.443219 0.150434 0.114141 0.0746223
0.17029 9.9973E-05 0.371345 0.281613 0.176453 9.9973E-05 9.9973E-05
0.239328 0.105145 0.0847589 0.112527 0.112259 0.202657 0.143325
0.197054 0.351979 9.9982E-05 0.0464537 0.033462 0.370852 9.9982E-05
0.414935 0.312897 0.128959 9.9982E-05 0.10727 9.9982E-05 0.0357389
0.560075 9.9973E-05 0.0597174 9.9973E-05 0.0346751 0.345232 9.9973E-05
0.409893 0.261247 0.00264983 0.020149 0.0902234 0.139199 0.0766396
0.229485 0.207304 0.201794 0.279862 0.0407573 0.0180193 0.0227781
0.275614 0.587754 9.9982E-05 0.024287 0.0422704 0.0698738 9.9982E-05
9.9991E-05 0.390957 0.119407 0.214406 0.059934 0.0677307 0.147466
0.0329892 0.329455 9.9973E-05 0.574382 0.0628732 9.9973E-05 9.9973E-05
0.397462 9.9991E-05 0.0201764 0.381394 0.11435 0.0737445 0.0127736
0.159588 0.179265 0.29855 0.164294 0.0148615 0.142691 0.0407498
0.276694 9.9991E-05 0.103075 0.0153743 0.182241 0.302389 0.120126
0.478437 0.184925 0.0900275 0.226115 0.0202956 9.9982E-05 9.9982E-05
0.37055 0.362957 0.0428077 9.9982E-05 0.143418 9.9982E-05 0.0800665
0.111786 0.188719 9.9964E-05 9.9964E-05 9.9964E-05 0.699095 9.9964E-05
9.99551E-05 9.99551E-05 0.050025 9.99551E-05 9.99551E-05 0.949475 9.99551E-05
0.274392 0.330096 0.0799468 0.0736086 0.119413 0.110928 0.0116156
0.408683 0.104224 0.0381563 0.225167 0.074392 9.9991E-05 0.149279
0.115801 0.385713 0.0668849 0.164614 0.0616303 0.159974 0.0453828
0.119813 0.172227 0.0294934 9.9991E-05 0.0824058 0.477072 0.118888
0.518694 0.145188 0.192143 0.0409155 0.0139664 9.9991E-05 0.0889935
0.340977 0.424264 0.0345795 0.114266 0.0562018 9.9991E-05 0.0296116
0.289685 9.9991E-05 0.0532896 0.295297 0.0949639 0.172113 0.0945521
0.105234 0.00494146 0.276451 0.18041 0.222549 0.148251 0.0621639
0.245505 0.0305179 0.0401319 0.241097 0.0923368 0.200528 0.149884
9.995E-05 9.995E-05 9.995E-05 9.995E-05 0.9994 9.995E-05 9.995E-05
9.9973E-05 0.160912 9.9973E-05 0.624294 0.110142 9.9973E-05 0.104352
0.159219 9.9982E-05 9.9982E-05 0.525431 0.0157475 0.0759313 0.223471
0.108042 0.788536 9.9973E-05 9.9973E-05 0.0993108 9.9973E-05 0.00381167
9.9982E-05 0.141659 9.9982E-05 0.400593 0.135198 0.162453 0.159897
9.9991E-05 0.360934 0.223707 0.0982078 0.089682 0.117082 0.110287
0.275579 0.264027 0.0616254 9.9991E-05 0.0407443 0.299772 0.058153
0.14726 0.447956 0.0484492 0.082943 0.0886334 0.184658 9.9991E-05
9.9991E-05 0.00931886 0.177821 0.263338 0.151631 0.29106 0.106731
0.461358 0.188053 9.9982E-05 0.177768 0.151164 0.021457 9.9982E-05
0.283642 0.0726905 0.110014 0.10876 0.0963733 0.212216 0.116304
0.131251 9.9964E-05 0.17583 0.692519 9.9964E-05 9.9964E-05 9.9964E-05
0.246285 0.186232 0.129886 0.135119 0.136556 0.165822 9.9991E-05
0.170371 0.178203 0.0327212 0.339579 0.121059 0.0985332 0.0595337
9.995E-05 9.995E-05 9.995E-05 9.995E-05 0.9994 9.995E-05 9.995E-05
0.0547969 0.0405646 9.9982E-05 0.160336 0.491731 0.252371 9.9982E-05
0.267387 9.9973E-05 9.9973E-05 0.155222 9.9973E-05 0.435241 0.141851
0.133628 0.208068 0.165391 0.108661 0.0792171 0.203686 0.101349
9.9964E-05 0.301349 9.9964E-05 0.593739 0.104512 9.9964E-05 9.9964E-05
0.316332 0.268356 9.9982E-05 0.171727 0.0956588 0.147726 9.9982E-05
0.6565 9.9982E-05 9.9982E-05 0.0354494 0.0655509 0.0914035 0.150896
9.995E-05 9.995E-05 9.995E-05 9.995E-05 9.995E-05 0.9994 9.995E-05
0.015993 0.126608 0.0727774 0.201901 0.168302 0.414319 9.9991E-05
0.465574 0.262557 0.177008 9.9982E-05 0.00680187 0.0878589 9.9982E-05
0.582423 9.9991E-05 0.0594078 0.0925705 0.0764699 0.0666912 0.122337
0.334074 9.9973E-05 0.132887 0.351612 0.181128 9.9973E-05 9.9973E-05
9.9964E-05 0.292836 9.9964E-05 9.9964E-05 9.9964E-05 0.623653 0.0831117
0.199836 0.15981 9.9982E-05 0.432751 0.143879 0.0635243 9.9982E-05
0.410098 0.163103 9.9982E-05 0.163552 9.9982E-05 0.124907 0.13814
0.39941 0.102412 9.9991E-05 0.203042 0.182067 0.110002 0.00296699
9.9982E-05 0.629435 0.122621 0.140431 9.9982E-05 0.0540364 0.0532762
9.995E-05 9.995E-05 9.995E-05 9.995E-05 9.995E-05 9.995E-05 0.9994
0.549015 0.0172768 0.0495552 0.180746 9.9991E-05 0.118338 0.0849692
9.9973E-05 9.9973E-05 0.133902 9.9973E-05 0.121931 0.68493 0.0589374
0.060752 0.163736 0.156268 0.126748 0.180274 0.28063 0.0315939
0.330249 9.9991E-05 0.0127933 0.239382 0.115496 0.241034 0.0609461
0.302145 0.158129 0.199363 0.340063 9.9973E-05 9.9973E-05 9.9973E-05
9.9991E-05 0.243644 0.0380171 0.514368 0.0378196 0.165152 0.000899375
9.995E-05 9.995E-05 9.995E-05 9.995E-05 9.995E-05 9.995E-05 0.9994
0.21039 0.0725341 0.0170134 0.311825 0.11945 0.189816 0.0789715
9.9982E-05 9.9982E-05 0.129997 0.365105 0.087737 0.227765 0.189196
0.117063 9.9973E-05 9.9973E-05 0.634685 0.0426323 0.20532 9.9973E-05
9.9982E-05 0.382942 0.11018 0.0921465 0.0515222 0.36301 9.9982E-05
