9.99731E-05 0.139376 9.99731E-05 9.99731E-05 0.0216608 0.653771 0.143019 0.0418733
9.99641E-05 9.99641E-05 0.0283406 9.99641E-05 0.0696973 0.260562 9.99641E-05 0.641001
0.164008 0.0725746 0.143779 0.265407 0.0169253 0.337106 9.99821E-05 9.99821E-05
0.0861358 0.00847179 0.251135 9.99731E-05 9.99731E-05 0.627652 9.99731E-05 0.0263059
9.99641E-05 0.15392 9.99641E-05 0.118392 9.99641E-05 0.503573 9.99641E-05 0.223715
0.259939 9.99641E-05 0.0825289 9.99641E-05 9.99641E-05 0.562767 9.99641E-05 0.0943645
9.999E-05 0.159605 0.0795665 0.0824425 0.0154655 0.180517 0.00406251 0.478241
0.0164498 0.0786661 9.99642E-05 9.99642E-05 9.99642E-05 0.457699 0.446785 9.99642E-05
0.062093 0.00766763 0.464958 0.182399 9.99821E-05 9.99821E-05 0.182379 0.100302
0.201183 0.288231 0.00963941 0.169999 0.241127 0.0896201 9.99821E-05 9.99821E-05
0.274974 0.137913 0.0153391 0.15379 0.0822418 0.226671 0.108971 9.9991E-05
9.99731E-05 0.0167444 0.480721 9.99731E-05 9.99731E-05 0.181477 0.296557 0.0242001
9.99551E-05 9.99551E-05 9.99551E-05 9.99551E-05 9.99551E-05 0.368879 0.394861 0.235761
9.99552E-05 0.0930584 9.99552E-05 9.99552E-05 9.99552E-05 0.605942 9.99552E-05 0.3005
9.99554E-05 9.99554E-05 0.921381 9.99554E-05 0.0381615 9.99554E-05 0.0399575 9.99554E-05
9.99553E-05 9.99553E-05 9.99553E-05 0.192528 9.99553E-05 0.657437 0.149535 9.99553E-05
0.0774864 0.0407514 0.436121 9.99731E-05 9.99731E-05 0.239207 9.99731E-05 0.206135
0.101402 0.227974 0.188783 0.0160725 9.99821E-05 0.367214 9.99821E-05 0.0983547
9.99731E-05 9.99731E-05 0.0643605 9.99731E-05 0.331264 0.0234567 0.52601 0.0546093
9.996E-05 0.0466566 9.996E-05 0.0172719 9.996E-05 0.660127 9.996E-05 0.275544
0.26396 0.322975 9.99731E-05 0.21006 0.0684005 0.134305 9.99731E-05 9.99731E-05
9.9955E-05 9.9955E-05 9.9955E-05 0.162226 0.433933 9.9955E-05 0.403341 9.9955E-05
0.0588211 9.99642E-05 0.465324 9.99642E-05 9.99642E-05 0.250792 9.99642E-05 0.224663
9.99641E-05 0.127943 0.120086 0.394261 9.99641E-05 9.99641E-05 9.99641E-05 0.35731
0.198232 0.150881 9.99731E-05 0.368069 0.0914768 0.191041 9.99731E-05 9.99731E-05
9.99551E-05 0.153355 9.99551E-05 0.149424 9.99551E-05 0.696722 9.99551E-05 9.99551E-05
0.000871542 0.44559 0.138972 0.122253 0.0936486 0.129107 0.0694575 9.9991E-05
9.99642E-05 9.99642E-05 0.0790508 9.99642E-05 0.434704 0.087029 9.99642E-05 0.398816
0.373588 9.99641E-05 9.99641E-05 9.99641E-05 9.99641E-05 0.198155 0.340223 0.0876343
9.99641E-05 9.99641E-05 0.226831 0.729087 0.0413903 0.00229181 9.99641E-05 9.99641E-05
0.115305 0.401394 9.99731E-05 9.99731E-05 0.178854 0.0834289 9.99731E-05 0.220719
9.99821E-05 0.200162 0.0518584 9.99821E-05 0.198235 0.0367286 0.29802 0.214796
0.240473 9.99821E-05 0.178264 0.367786 0.0112706 9.99821E-05 0.140801 0.0612061
9.99821E-05 9.99821E-05 0.156818 0.017434 0.131941 0.218333 0.450304 0.0249714
9.995E-05 0.071294 9.995E-05 0.0646756 9.995E-05 0.863531 9.995E-05 9.995E-05
9.996E-05 0.226835 9.996E-05 0.11838 9.996E-05 0.577407 9.996E-05 0.0769785
9.99731E-05 0.145531 9.99731E-05 0.0343895 0.483357 0.114611 9.99731E-05 0.221812
0.345252 0.00543855 9.99821E-05 0.243431 0.133377 9.99821E-05 0.0976939 0.174608
9.99821E-05 0.282451 9.99821E-05 0.0641215 0.271747 0.295946 0.0419761 0.0435593
0.120271 0.0149331 0.055499 0.0183891 0.163414 0.584763 0.0426318 9.9991E-05
9.99821E-05 0.117269 0.292708 0.206212 0.202539 9.99821E-05 0.0305817 0.15049
9.99642E-05 0.446912 0.297513 0.0713747 0.183801 9.99642E-05 9.99642E-05 9.99642E-05
0.0426012 0.0815683 9.9982E-05 0.0180799 9.9982E-05 0.41044 0.168361 0.278749
0.122993 0.0123701 0.204238 9.99732E-05 0.0608234 0.599275 9.99732E-05 9.99732E-05
9.9982E-05 0.146651 0.0683651 0.146386 0.0605073 0.0587534 0.519137 9.9982E-05
0.0341863 0.105384 0.29793 0.0628298 9.99732E-05 0.49937 9.99732E-05 9.99732E-05
9.9982E-05 9.9982E-05 0.255721 0.0929264 0.0461674 0.316233 0.20846 0.0802924
0.134568 0.238901 0.354241 9.9982E-05 0.0503645 0.0877617 0.133965 9.9982E-05
9.99732E-05 0.00328468 0.185861 9.99732E-05 0.199078 0.294023 0.317453 9.99732E-05
9.99551E-05 0.146452 9.99551E-05 9.99551E-05 9.99551E-05 0.808501 0.0445472 9.99551E-05
9.99551E-05 9.99551E-05 9.99551E-05 0.103607 0.00358423 0.892309 9.99551E-05 9.99551E-05
0.398738 0.180536 0.0461686 0.0356894 9.99731E-05 9.99731E-05 9.99731E-05 0.338568
9.99731E-05 9.99731E-05 0.423916 0.233275 0.0411116 0.227944 0.0734534 9.99731E-05
0.30261 9.99552E-05 9.99552E-05 9.99552E-05 9.99552E-05 0.187883 0.509008 9.99552E-05
0.076085 0.0726808 9.99731E-05 9.99731E-05 9.99731E-05 0.0117116 0.0649221 0.774301
9.99731E-05 0.140821 0.205975 9.99731E-05 0.399781 9.99731E-05 0.0617587 0.191365
9.99552E-05 9.99552E-05 0.21358 9.99552E-05 9.99552E-05 0.263518 9.99552E-05 0.522401
9.99732E-05 0.0328588 0.0521551 9.99732E-05 0.0790406 9.99732E-05 0.200708 0.634938
0.184609 0.375584 0.102096 9.9991E-05 0.0202622 0.222805 0.0301752 0.0643681
0.0398458 0.179892 9.99642E-05 9.99642E-05 9.99642E-05 0.7679 9.99642E-05 0.0119625
0.126633 9.99553E-05 9.99553E-05 9.99553E-05 9.99553E-05 0.765217 0.107651 9.99553E-05
9.99551E-05 0.564271 0.345172 9.99551E-05 9.99551E-05 9.99551E-05 9.99551E-05 0.0900574
9.99641E-05 9.99641E-05 0.240343 9.99641E-05 0.19365 0.27556 0.290046 9.99641E-05
9.99552E-05 0.136456 9.99552E-05 0.563942 9.99552E-05 0.299102 9.99552E-05 9.99552E-05
9.99732E-05 9.99732E-05 0.0109045 0.149237 0.399527 0.362882 9.99732E-05 0.0771495
0.0794575 0.19171 0.167403 0.0394591 9.99821E-05 0.0469168 0.474853 9.99821E-05
0.00833041 0.0924457 9.99731E-05 0.0193292 9.99731E-05 0.854966 9.99731E-05 0.0246284
9.997E-05 0.364049 0.120422 9.997E-05 0.137281 0.251086 0.126863 9.997E-05
9.9973E-05 0.138366 0.108505 9.9973E-05 0.442384 0.123881 0.186564 9.9973E-05
0.00223989 9.99642E-05 9.99642E-05 0.145724 0.445962 0.405675 9.99642E-05 9.99642E-05
0.137527 0.192136 0.298736 0.0449505 0.0588403 0.164071 0.0441873 0.0595526
9.99641E-05 0.445051 0.363876 0.0405588 9.99641E-05 9.99641E-05 0.150115 9.99641E-05
9.99553E-05 0.106615 9.99553E-05 9.99553E-05 9.99553E-05 0.0492848 9.99553E-05 0.8436
9.99731E-05 0.229622 9.99731E-05 0.11113 0.456388 0.0593889 0.143171 9.99731E-05
9.99732E-05 9.99732E-05 9.99732E-05 0.104645 0.0637719 0.486913 0.16735 0.17702
9.9982E-05 0.338819 0.0976076 9.9982E-05 0.0450135 0.0283348 0.212851 0.277174
9.99554E-05 9.99554E-05 0.822599 9.99554E-05 9.99554E-05 0.00217169 0.17473 9.99554E-05
0.196824 0.300225 0.140671 9.9973E-05 9.9973E-05 9.9973E-05 0.222639 0.139341
0.219667 0.000655818 9.9982E-05 9.9982E-05 0.126311 0.267217 0.294951 0.0909972
0.162608 9.99641E-05 9.99641E-05 9.99641E-05 9.99641E-05 0.447825 0.136418 0.25275
9.99553E-05 0.278777 9.99553E-05 9.99553E-05 9.99553E-05 0.647865 0.0728575 9.99553E-05
0.162035 9.99732E-05 9.99732E-05 0.205428 9.99732E-05 0.460818 0.165007 0.00641259
9.99642E-05 0.106979 9.99642E-05 9.99642E-05 0.251779 0.134661 9.99642E-05 0.506182
0.233116 9.9964E-05 0.119464 0.157674 9.9964E-05 9.9964E-05 0.489345 9.9964E-05
9.99731E-05 0.187283 0.355333 0.130063 9.99731E-05 0.168561 9.99731E-05 0.15846
9.99641E-05 0.195394 0.249898 9.99641E-05 9.99641E-05 0.528513 0.025795 9.99641E-05
0.0881876 0.14789 9.99821E-05 0.0934766 9.99821E-05 0.000292188 0.190017 0.479936
9.99641E-05 9.99641E-05 9.99641E-05 0.435746 9.99641E-05 0.203532 0.121418 0.238904
0.216673 0.0951875 9.998E-05 0.253892 0.173118 0.130661 0.130268 9.998E-05
0.143656 9.9973E-05 0.088926 0.0851877 9.9973E-05 9.9973E-05 0.642426 0.0395039
9.995E-05 9.995E-05 9.995E-05 0.677366 0.126133 0.196001 9.995E-05 9.995E-05
9.996E-05 0.228223 9.996E-05 0.188842 9.996E-05 0.367002 9.996E-05 0.215533
9.99732E-05 0.342559 0.0727636 0.221876 9.99732E-05 0.0694053 0.293096 9.99732E-05
0.329691 0.0374282 0.212886 0.0578293 9.99821E-05 0.251577 9.99821E-05 0.110389
9.9964E-05 0.290462 0.310102 0.10949 9.9964E-05 9.9964E-05 0.289546 9.9964E-05
0.0472577 9.99731E-05 0.196501 9.99731E-05 9.99731E-05 0.458063 0.0395605 0.258318
0.0241106 0.0704928 0.0878845 0.252312 0.00797919 0.380849 9.9991E-05 0.176272
9.99461E-05 0.0944049 0.904995 9.99461E-05 9.99461E-05 9.99461E-05 9.99461E-05 9.99461E-05
9.99641E-05 0.107198 9.99641E-05 0.407787 0.0203468 0.464269 9.99641E-05 9.99641E-05
0.00508317 9.9973E-05 0.0705627 0.373587 9.9973E-05 0.253559 9.9973E-05 0.296909
9.99642E-05 0.0855441 9.99642E-05 0.088232 0.302853 9.99642E-05 9.99642E-05 0.522971
0.0593225 9.99462E-05 9.99462E-05 0.940078 9.99462E-05 9.99462E-05 9.99462E-05 9.99462E-05
0.356675 9.99731E-05 0.148582 0.0914308 9.99731E-05 9.99731E-05 0.0471277 0.355885
0.931115 9.99462E-05 9.99462E-05 0.068285 9.99462E-05 9.99462E-05 9.99462E-05 9.99462E-05
9.99731E-05 0.0108847 0.0713789 9.99731E-05 0.24096 0.652468 0.0240089 9.99731E-05
9.9982E-05 0.0514329 0.232791 0.0993509 0.270989 0.201144 0.144092 9.9982E-05
0.0072675 0.0473602 9.9982E-05 9.9982E-05 0.0740515 0.0695704 0.351059 0.450492
0.101134 9.99731E-05 0.00801404 0.0244982 0.576526 0.289528 9.99731E-05 9.99731E-05
0.0796741 0.0955839 9.99732E-05 9.99732E-05 0.216726 0.504242 0.103474 9.99732E-05
0.366759 0.136091 9.99731E-05 0.212203 0.056765 9.99731E-05 0.227881 9.99731E-05
9.99642E-05 0.172642 9.99642E-05 0.420803 9.99642E-05 9.99642E-05 0.139887 0.266269
9.99553E-05 9.99553E-05 9.99553E-05 0.0778745 9.99553E-05 0.673675 0.247951 9.99553E-05
9.99641E-05 9.99641E-05 9.99641E-05 0.581401 0.207782 0.0700993 9.99641E-05 0.140318
0.254134 9.99552E-05 9.99552E-05 9.99552E-05 9.99552E-05 0.406564 0.338802 9.99552E-05
9.99461E-05 9.99461E-05 9.99461E-05 0.858595 9.99461E-05 9.99461E-05 9.99461E-05 0.140805
0.250423 9.99642E-05 0.528174 9.99642E-05 9.99642E-05 0.0530266 9.99642E-05 0.167976
9.99553E-05 9.99553E-05 0.307462 9.99553E-05 9.99553E-05 0.680288 0.0117507 9.99553E-05
9.99551E-05 0.0405321 9.99551E-05 9.99551E-05 9.99551E-05 9.99551E-05 0.855308 0.103661
0.129298 9.9973E-05 9.9973E-05 0.151816 0.124768 0.199706 0.394113 9.9973E-05
0.0673071 9.99731E-05 0.0329438 9.99731E-05 0.0395672 0.446937 9.99731E-05 0.412945
9.997E-05 0.0494796 0.0976411 0.493107 9.997E-05 0.261678 0.0977944 9.997E-05
9.99551E-05 9.99551E-05 9.99551E-05 0.242066 9.99551E-05 0.0285681 9.99551E-05 0.728866
0.203004 9.99731E-05 0.0134363 9.99731E-05 9.99731E-05 0.680665 0.0215002 0.0810946
0.0805929 0.283703 0.0200693 9.99821E-05 0.321688 0.144338 9.99821E-05 0.149409
0.0350316 9.99642E-05 0.698277 0.0448584 9.99642E-05 0.221433 9.99642E-05 9.99642E-05
0.0262269 0.153743 0.257379 0.0129139 0.234739 0.234406 0.0804926 9.9991E-05
9.998E-05 0.0889066 0.354733 0.32341 9.998E-05 0.153112 0.0715767 0.00806182
9.99641E-05 0.152009 9.99641E-05 9.99641E-05 0.189531 0.578089 9.99641E-05 0.0799712
0.268507 0.0487834 9.997E-05 0.192738 0.236379 0.253293 9.997E-05 9.997E-05
9.99821E-05 0.181523 0.0566141 0.317144 0.142137 0.206525 9.99821E-05 0.095857
0.0283528 0.0912177 0.87993 9.99553E-05 9.99553E-05 9.99553E-05 9.99553E-05 9.99553E-05
0.112439 0.140473 0.0318516 9.998E-05 0.0347281 0.477729 9.998E-05 0.20258
0.102698 0.101738 0.354939 9.9982E-05 0.111449 0.0615823 0.267395 9.9982E-05
0.33801 0.261879 9.9982E-05 9.9982E-05 0.203805 0.0666533 0.0593159 0.0701371
0.301068 0.478193 9.99731E-05 9.99731E-05 0.00151127 0.132475 0.0864527 9.99731E-05
0.0359278 9.99643E-05 9.99643E-05 0.168356 0.230147 0.565169 9.99643E-05 9.99643E-05
9.99461E-05 9.99461E-05 9.99461E-05 9.99461E-05 0.675608 0.323792 9.99461E-05 9.99461E-05
0.0210401 9.99643E-05 9.99643E-05 0.0732502 0.554958 0.350352 9.99643E-05 9.99643E-05
0.218577 0.199939 0.110688 9.99732E-05 9.99732E-05 9.99732E-05 0.131273 0.339222
9.99551E-05 9.99551E-05 0.0390192 9.99551E-05 0.404283 0.556198 9.99551E-05 9.99551E-05
0.248889 9.99733E-05 9.99733E-05 9.99733E-05 0.0314994 0.58602 0.000212046 0.13308
0.209506 0.132356 0.0808454 0.120336 0.0384299 0.0912179 9.9991E-05 0.327208
9.9991E-05 0.0799231 0.28416 0.0874626 0.0540809 0.317376 0.106285 0.070612
0.228459 0.0222418 0.333569 0.309546 0.105885 9.99731E-05 9.99731E-05 9.99731E-05
9.99731E-05 0.109149 9.99731E-05 0.515209 0.204259 0.17007 0.00101334 9.99731E-05
9.997E-05 9.997E-05 9.997E-05 0.0678304 0.21437 0.332733 0.243702 0.141065
9.994E-05 0.9993 9.994E-05 9.994E-05 9.994E-05 9.994E-05 9.994E-05 9.994E-05
0.214581 9.99642E-05 9.99642E-05 0.0774987 9.99642E-05 0.688839 0.0186812 9.99642E-05
0.0398571 0.0920835 9.99731E-05 0.0721289 9.99731E-05 0.283802 9.99731E-05 0.511829
9.99642E-05 0.341288 0.109135 9.99642E-05 0.283356 9.99642E-05 9.99642E-05 0.265821
0.194643 0.111606 9.996E-05 9.996E-05 9.996E-05 9.996E-05 0.553707 0.139643
9.996E-05 0.096113 0.38383 9.996E-05 9.996E-05 0.159403 0.360254 9.996E-05
9.9973E-05 0.00266788 9.9973E-05 9.9973E-05 0.610473 0.285221 0.0589005 0.0424378
9.99821E-05 9.99821E-05 0.0268062 0.0671213 0.0862545 0.371633 0.140148 0.307837
9.99553E-05 0.409702 9.99553E-05 0.177514 9.99553E-05 9.99553E-05 9.99553E-05 0.412284
0.158545 0.069283 0.221457 9.99731E-05 0.214352 0.336064 9.99731E-05 9.99731E-05
0.286695 9.99731E-05 9.99731E-05 0.0478789 9.99731E-05 0.191956 0.123425 0.349745
0.116812 0.143494 0.0647008 9.99733E-05 9.99733E-05 0.557977 0.116716 9.99733E-05
9.99643E-05 9.99643E-05 9.99643E-05 9.99643E-05 0.145853 0.654452 0.115423 0.0838716
0.0792069 9.9991E-05 0.110747 0.18452 0.134514 0.194564 0.143414 0.152934
9.994E-05 0.9993 9.994E-05 9.994E-05 9.994E-05 9.994E-05 9.994E-05 9.994E-05
9.99551E-05 0.286241 9.99551E-05 9.99551E-05 9.99551E-05 0.340786 0.372473 9.99551E-05
0.0438418 9.99641E-05 9.99641E-05 9.99641E-05 9.99641E-05 0.467296 0.42309 0.0653719
9.99641E-05 0.198957 0.545183 9.99641E-05 0.0815274 9.99641E-05 9.99641E-05 0.173933
9.99553E-05 0.336872 0.0521879 9.99553E-05 9.99553E-05 9.99553E-05 0.61044 9.99553E-05
9.99731E-05 9.99731E-05 0.129879 0.0542207 9.99731E-05 0.459299 0.245798 0.110503
0.0829359 0.0365925 0.0288565 0.0591695 0.302025 0.425706 9.99911E-05 0.0646145
0.0974495 9.99463E-05 9.99463E-05 9.99463E-05 0.901951 9.99463E-05 9.99463E-05 9.99463E-05
9.99643E-05 0.0256196 0.0284563 9.99643E-05 9.99643E-05 9.99643E-05 0.0522865 0.893238
0.0935966 0.132155 0.0699455 0.0775618 9.999E-05 0.35417 0.046326 0.226145
9.99642E-05 9.99642E-05 9.99642E-05 0.0954489 0.385958 0.440901 0.0772928 9.99642E-05
0.128679 9.99732E-05 9.99732E-05 9.99732E-05 0.150086 0.399534 0.199343 0.122058
0.174091 9.9964E-05 0.30288 9.9964E-05 0.199296 9.9964E-05 9.9964E-05 0.323333
9.99732E-05 0.192152 0.0681285 0.0825104 0.00101962 0.655889 9.99732E-05 9.99732E-05
9.99731E-05 9.99731E-05 0.16568 0.0193582 0.0594638 0.744972 0.0102267 9.99731E-05
0.0739785 9.99553E-05 9.99553E-05 9.99553E-05 9.99553E-05 0.309743 0.615779 9.99553E-05
9.99642E-05 0.167591 9.99642E-05 0.305345 9.99642E-05 9.99642E-05 0.238617 0.288047
0.855687 0.143713 9.99462E-05 9.99462E-05 9.99462E-05 9.99462E-05 9.99462E-05 9.99462E-05
0.0937702 0.220674 9.9991E-05 0.0608959 0.127559 0.278387 0.0231144 0.1955
0.128399 9.99642E-05 0.714781 9.99642E-05 9.99642E-05 9.99642E-05 0.127092 0.0293282
0.0045034 0.64559 0.159897 9.99642E-05 0.18961 9.99642E-05 9.99642E-05 9.99642E-05
0.163545 0.534412 0.156692 0.0649064 0.0436787 9.99821E-05 0.0365661 9.99821E-05
9.99731E-05 0.228847 9.99731E-05 0.00571548 0.0305254 0.499822 0.23479 9.99731E-05
9.99553E-05 9.99553E-05 9.99553E-05 9.99553E-05 9.99553E-05 0.493665 0.365218 0.140617
0.9993 9.994E-05 9.994E-05 9.994E-05 9.994E-05 9.994E-05 9.994E-05 9.994E-05
9.99732E-05 0.119943 0.117094 9.99732E-05 0.0154407 0.348858 0.398364 9.99732E-05
0.144433 0.00552463 0.0954274 9.99821E-05 9.99821E-05 0.444849 0.00533846 0.304227
0.133034 9.99641E-05 9.99641E-05 0.0474018 9.99641E-05 0.445641 9.99641E-05 0.373523
0.223711 9.9964E-05 9.9964E-05 0.0480608 9.9964E-05 0.271705 9.9964E-05 0.456123
