9.99551E-05 9.99551E-05 9.99551E-05 0.348742 0.090077 9.99551E-05 0.260579 0.189241 9.99551E-05 0.110861
9.99461E-05 9.99461E-05 9.99461E-05 9.99461E-05 0.377444 9.99461E-05 0.451756 0.0407686 9.99461E-05 0.129432
9.99462E-05 9.99462E-05 0.232521 9.99462E-05 9.99462E-05 0.0537865 0.418659 0.294433 9.99462E-05 9.99462E-05
0.441332 9.99641E-05 0.0141721 0.154305 0.0896281 0.166225 9.99641E-05 0.133938 9.99641E-05 9.99641E-05
9.995E-05 9.995E-05 9.995E-05 9.995E-05 0.203 0.213758 9.995E-05 0.238935 0.254343 0.0894633
9.995E-05 9.995E-05 0.171429 0.205947 9.995E-05 0.065848 9.995E-05 0.465103 0.0911724 9.995E-05
9.99553E-05 9.99553E-05 9.99553E-05 0.00410487 9.99553E-05 9.99553E-05 0.0580733 0.360627 0.448227 0.128468
9.996E-05 0.0259301 9.996E-05 0.0636003 0.0504201 9.996E-05 0.080752 0.715816 9.996E-05 0.0630818
0.426275 9.99642E-05 0.120907 0.0145847 0.00337953 9.99642E-05 0.00837395 9.99642E-05 0.426079 9.99642E-05
9.99553E-05 9.99553E-05 0.206356 0.340718 9.99553E-05 0.00366378 0.284829 9.99553E-05 9.99553E-05 0.163933
0.109754 9.9964E-05 0.300911 9.9964E-05 0.00370127 0.162624 9.9964E-05 0.308586 9.9964E-05 0.114024
0.384941 9.99552E-05 9.99552E-05 9.99552E-05 0.302989 0.00366907 9.99552E-05 9.99552E-05 0.0438205 0.264081
0.123007 9.99551E-05 9.99551E-05 0.398567 0.330313 9.99551E-05 0.089548 9.99551E-05 9.99551E-05 0.0580648
9.99641E-05 9.99641E-05 9.99641E-05 0.326986 0.341384 0.121573 9.99641E-05 0.073445 0.0716069 0.0646052
0.714975 9.99284E-05 9.99284E-05 9.99284E-05 0.284226 9.99284E-05 9.99284E-05 9.99284E-05 9.99284E-05 9.99284E-05
0.0742296 0.025676 9.99731E-05 0.0192687 0.208621 0.40594 9.99731E-05 0.116054 9.99731E-05 0.149911
0.537077 0.0936939 9.99462E-05 9.99462E-05 9.99462E-05 9.99462E-05 0.193356 0.175273 9.99462E-05 9.99462E-05
9.998E-05 0.131523 0.0551265 0.15252 9.998E-05 0.164957 0.141209 0.160312 0.176248 0.0179046
9.99552E-05 0.0315991 9.99552E-05 9.99552E-05 0.0638047 9.99552E-05 0.409867 0.294966 9.99552E-05 0.199263
9.99552E-05 9.99552E-05 0.0198854 0.39302 0.379489 9.99552E-05 9.99552E-05 0.154219 9.99552E-05 0.0528863
9.99286E-05 9.99286E-05 0.156815 0.842385 9.99286E-05 9.99286E-05 9.99286E-05 9.99286E-05 9.99286E-05 9.99286E-05
0.189784 0.0758458 9.99731E-05 9.99731E-05 0.373192 0.0222121 0.200926 9.99731E-05 0.136121 0.00161954
0.472857 9.99731E-05 0.0284129 0.113345 9.99731E-05 0.0824982 0.159566 0.0955053 0.0475154 9.99731E-05
9.9946E-05 9.9946E-05 0.115487 9.9946E-05 0.0829808 0.376067 9.9946E-05 9.9946E-05 0.424865 9.9946E-05
9.996E-05 0.0509283 0.282247 0.137903 9.996E-05 0.430508 9.996E-05 9.996E-05 0.0082814 0.0897329
0.107533 0.115593 0.0235821 0.218464 9.9973E-05 0.189142 9.9973E-05 0.112644 9.9973E-05 0.232743
9.99551E-05 9.99551E-05 9.99551E-05 0.00482457 9.99551E-05 0.140821 0.29313 0.103742 9.99551E-05 0.456982
9.995E-05 9.995E-05 0.0784226 9.995E-05 0.301286 9.995E-05 0.240378 0.272928 0.106486 9.995E-05
9.99731E-05 0.0725794 0.092974 9.99731E-05 0.205968 9.99731E-05 0.279299 0.240399 0.0378566 0.0706244
0.133942 9.99462E-05 9.99462E-05 9.99462E-05 9.99462E-05 0.713591 0.119348 9.99462E-05 0.032519 9.99462E-05
9.99641E-05 0.0899649 0.0973947 0.112204 9.99641E-05 9.99641E-05 9.99641E-05 0.00105224 0.628263 0.0707208
0.0531788 0.284087 9.99821E-05 0.0305316 0.166285 0.0158717 0.0582718 0.220353 9.99821E-05 0.171221
9.99642E-05 0.0488064 9.99642E-05 0.0362876 0.0383451 0.076078 0.718496 9.99642E-05 0.0815867 9.99642E-05
0.115228 0.0312216 9.99641E-05 9.99641E-05 0.396893 9.99641E-05 0.0322773 0.385538 9.99641E-05 0.0384421
9.99461E-05 9.99461E-05 9.99461E-05 0.197947 9.99461E-05 0.314962 9.99461E-05 0.316405 9.99461E-05 0.170086
9.994E-05 9.994E-05 9.994E-05 0.79032 9.994E-05 9.994E-05 0.0340029 0.0223925 9.994E-05 0.152685
9.99372E-05 0.457091 9.99372E-05 9.99372E-05 9.99372E-05 9.99372E-05 9.99372E-05 9.99372E-05 0.412368 0.129842
9.99373E-05 9.99373E-05 0.204866 9.99373E-05 9.99373E-05 0.00118583 0.793248 9.99373E-05 9.99373E-05 9.99373E-05
9.997E-05 0.267178 9.997E-05 0.183013 0.0977976 0.219586 0.00547153 0.025894 9.997E-05 0.20076
9.9964E-05 0.296145 0.0666025 0.226575 0.244737 0.0719512 9.9964E-05 9.9964E-05 9.9964E-05 0.0935896
0.260256 9.99731E-05 9.99731E-05 0.00614163 0.0601963 0.0646904 0.507076 9.99731E-05 0.0788717 0.0224684
0.55275 0.163522 9.99552E-05 0.0628595 9.99552E-05 9.99552E-05 9.99552E-05 9.99552E-05 0.0999416 0.120427
9.9973E-05 0.111088 0.0301338 0.448741 0.0777018 9.9973E-05 0.112922 0.0701983 9.9973E-05 0.148916
0.234927 9.9973E-05 0.0759048 0.0501302 0.287838 0.035846 9.9973E-05 0.170299 9.9973E-05 0.144755
0.0281303 0.166225 9.997E-05 9.997E-05 0.229009 0.058588 0.233175 0.0747851 9.997E-05 0.209788
0.111202 0.228338 0.00658852 0.479892 9.99642E-05 9.99642E-05 9.99642E-05 0.0811869 9.99642E-05 0.0923925
0.418281 9.99281E-05 9.99281E-05 0.58092 9.99281E-05 9.99281E-05 9.99281E-05 9.99281E-05 9.99281E-05 9.99281E-05
0.274159 9.99641E-05 9.99641E-05 0.239881 9.99641E-05 9.99641E-05 0.137085 0.0755092 0.0742484 0.198717
0.160286 0.519372 9.99553E-05 0.173831 0.101427 9.99553E-05 9.99553E-05 9.99553E-05 9.99553E-05 0.0445845
9.99461E-05 9.99461E-05 9.99461E-05 0.243449 9.99461E-05 0.0525168 9.99461E-05 0.57865 9.99461E-05 0.124784
9.99371E-05 9.99371E-05 9.99371E-05 9.99371E-05 0.0795287 0.216886 9.99371E-05 0.702886 9.99371E-05 9.99371E-05
9.99552E-05 9.99552E-05 0.214342 0.176369 9.99552E-05 9.99552E-05 0.326245 9.99552E-05 0.028199 0.254346
0.288686 9.9955E-05 9.9955E-05 9.9955E-05 9.9955E-05 0.0938687 0.331937 0.250426 9.9955E-05 0.0345823
0.00107222 9.99553E-05 0.227907 9.99553E-05 0.0213177 0.0440743 9.99553E-05 0.705129 9.99553E-05 9.99553E-05
9.999E-05 0.0497391 0.0749813 0.0106335 0.081863 0.0445334 0.0313525 0.0571193 0.521318 0.12836
9.99552E-05 0.177538 0.0936681 9.99552E-05 9.99552E-05 9.99552E-05 0.0553127 9.99552E-05 0.472626 0.200355
0.0412446 9.99641E-05 0.0363953 9.99641E-05 0.0659026 0.433831 9.99641E-05 0.222581 0.199646 9.99641E-05
0.0343457 9.99374E-05 9.99374E-05 9.99374E-05 9.99374E-05 9.99374E-05 9.99374E-05 0.0693005 0.895654 9.99374E-05
0.00372294 9.9973E-05 0.23813 0.0618348 0.243602 9.9973E-05 9.9973E-05 0.138707 0.00644386 0.307259
9.99462E-05 9.99462E-05 9.99462E-05 0.72928 0.0804883 9.99462E-05 9.99462E-05 0.0534813 9.99462E-05 0.136151
9.99552E-05 0.0659282 0.0619314 9.99552E-05 0.703784 0.0823027 9.99552E-05 0.0855538 9.99552E-05 9.99552E-05
0.263908 9.99641E-05 0.00184654 0.229039 0.0549752 9.99641E-05 0.112639 9.99641E-05 9.99641E-05 0.337193
0.216565 9.99461E-05 9.99461E-05 9.99461E-05 0.0964865 9.99461E-05 0.412033 9.99461E-05 9.99461E-05 0.274316
9.995E-05 9.995E-05 9.995E-05 0.0811714 0.182611 0.574995 0.119594 9.995E-05 9.995E-05 0.0411294
0.0589769 0.26161 9.99732E-05 0.0184288 0.0479066 0.0821724 9.99732E-05 0.444822 0.0857831 9.99732E-05
0.183853 0.0676086 9.99641E-05 0.115924 9.99641E-05 0.111484 0.36247 9.99641E-05 9.99641E-05 0.158261
9.99371E-05 9.99371E-05 9.99371E-05 0.54849 9.99371E-05 0.0091376 9.99371E-05 0.441672 9.99371E-05 9.99371E-05
0.206347 0.056255 9.99552E-05 0.0224668 9.99552E-05 9.99552E-05 9.99552E-05 0.23396 9.99552E-05 0.480471
9.99551E-05 0.167512 9.99551E-05 9.99551E-05 9.99551E-05 9.99551E-05 0.0305208 0.525652 0.0382403 0.237575
9.997E-05 0.39592 9.997E-05 0.316066 0.0397233 0.06901 0.144777 9.997E-05 0.00309605 0.0311081
0.25793 0.0469022 0.193147 0.14666 0.0298994 9.9982E-05 9.9982E-05 0.10708 0.157331 0.0608493
0.445711 0.0596738 9.99552E-05 9.99552E-05 9.99552E-05 0.150509 9.99552E-05 0.0173196 9.99552E-05 0.326287
9.99463E-05 9.99463E-05 9.99463E-05 9.99463E-05 9.99463E-05 9.99463E-05 0.0921198 0.464198 0.314384 0.128699
9.99553E-05 0.183638 9.99553E-05 9.99553E-05 9.99553E-05 9.99553E-05 0.00475961 0.50992 0.0156638 0.285518
9.99554E-05 9.99554E-05 0.0535409 9.99554E-05 0.224559 0.120305 9.99554E-05 0.565489 0.0356061 9.99554E-05
0.110892 0.138975 9.99641E-05 0.179376 0.210674 9.99641E-05 9.99641E-05 9.99641E-05 0.0387846 0.320898
0.913397 9.99285E-05 9.99285E-05 9.99285E-05 9.99285E-05 9.99285E-05 9.99285E-05 0.0858036 9.99285E-05 9.99285E-05
9.99551E-05 9.99551E-05 0.233184 9.99551E-05 0.056078 9.99551E-05 0.234885 9.99551E-05 0.22211 0.253244
0.00224277 0.0973687 0.258221 0.025336 0.616332 9.9955E-05 9.9955E-05 9.9955E-05 9.9955E-05 9.9955E-05
9.99283E-05 9.99283E-05 0.000220215 9.99283E-05 0.99898 9.99283E-05 9.99283E-05 9.99283E-05 9.99283E-05 9.99283E-05
9.99284E-05 9.99284E-05 9.99284E-05 9.99284E-05 9.99284E-05 9.99284E-05 9.99284E-05 0.654633 9.99284E-05 0.344567
0.0562393 9.99642E-05 0.198721 0.267074 9.99642E-05 0.113595 0.115244 0.248726 9.99642E-05 9.99642E-05
9.995E-05 0.00726813 9.995E-05 0.741174 9.995E-05 9.995E-05 0.0634515 0.170629 0.0169781 9.995E-05
0.133767 0.360969 0.00353924 0.0528691 0.00496406 0.0536981 0.389893 9.99731E-05 9.99731E-05 9.99731E-05
0.250238 0.0153667 9.99731E-05 0.213089 9.99731E-05 0.0712929 9.99731E-05 0.0700159 0.141789 0.237909
0.219601 9.9964E-05 9.9964E-05 0.362218 0.203151 9.9964E-05 0.0389278 0.0889398 9.9964E-05 0.0867625
9.99463E-05 9.99463E-05 9.99463E-05 0.275278 0.138975 9.99463E-05 0.466528 9.99463E-05 9.99463E-05 0.118619
0.0220467 9.99551E-05 9.99551E-05 0.0834958 0.165667 0.628876 9.99551E-05 9.99551E-05 0.0994145 9.99551E-05
0.0752088 9.997E-05 0.176154 0.212355 0.0797052 0.0494612 0.0690166 0.3378 9.997E-05 9.997E-05
0.107691 0.234338 9.99551E-05 0.0154096 9.99551E-05 9.99551E-05 0.613701 0.0283612 9.99551E-05 9.99551E-05
0.0489703 0.0590767 9.99375E-05 9.99375E-05 9.99375E-05 0.891253 9.99375E-05 9.99375E-05 9.99375E-05 9.99375E-05
9.99465E-05 9.99465E-05 9.99465E-05 0.735552 9.99465E-05 0.0431824 9.99465E-05 9.99465E-05 0.192002 0.0286635
0.17878 9.99642E-05 9.99642E-05 0.374196 9.99642E-05 0.00608521 9.99642E-05 0.0841493 0.163531 0.192859
0.0346535 9.99641E-05 0.233993 0.273376 0.0834072 9.99641E-05 0.321016 9.99641E-05 0.0531545 9.99641E-05
0.17982 9.9955E-05 9.9955E-05 9.9955E-05 0.060554 9.9955E-05 0.255614 9.9955E-05 0.120318 0.383195
0.237146 9.99462E-05 9.99462E-05 0.0742799 0.51076 9.99462E-05 9.99462E-05 0.177214 9.99462E-05 9.99462E-05
0.12324 9.99642E-05 0.0152649 0.589606 0.119564 9.99642E-05 0.110378 9.99642E-05 0.0415467 9.99642E-05
0.59026 9.99461E-05 9.99461E-05 0.342075 9.99461E-05 9.99461E-05 0.00131451 0.0657506 9.99461E-05 9.99461E-05
9.9946E-05 9.9946E-05 9.9946E-05 0.281857 0.180675 0.323156 9.9946E-05 0.213712 9.9946E-05 9.9946E-05
0.0971175 9.996E-05 9.996E-05 0.320742 9.996E-05 0.207987 0.26728 9.996E-05 0.0994124 0.00706102
0.0393769 9.99462E-05 9.99462E-05 9.99462E-05 0.0798405 0.0728366 9.99462E-05 9.99462E-05 0.807346 9.99462E-05
9.99285E-05 9.99285E-05 0.00697857 9.99285E-05 9.99285E-05 0.992222 9.99285E-05 9.99285E-05 9.99285E-05 9.99285E-05
9.99283E-05 9.99283E-05 0.102455 9.99283E-05 9.99283E-05 9.99283E-05 0.896745 9.99283E-05 9.99283E-05 9.99283E-05
9.99282E-05 9.99282E-05 0.982607 0.0165941 9.99282E-05 9.99282E-05 9.99282E-05 9.99282E-05 9.99282E-05 9.99282E-05
9.9955E-05 0.277682 9.9955E-05 0.373059 0.131703 9.9955E-05 9.9955E-05 0.201444 9.9955E-05 0.0156117
0.315688 0.219134 0.00505741 0.0514279 9.99731E-05 0.224037 9.99731E-05 9.99731E-05 0.024531 0.159825
9.99461E-05 9.99461E-05 9.99461E-05 0.239595 9.99461E-05 9.99461E-05 0.0263251 0.165913 0.567568 9.99461E-05
9.99552E-05 0.203548 0.0466147 9.99552E-05 9.99552E-05 9.99552E-05 0.128986 0.580297 0.0400543 9.99552E-05
0.0457601 0.400934 9.99731E-05 0.0878126 9.99731E-05 0.0030005 9.99731E-05 0.26234 0.0636152 0.136238
9.99642E-05 0.202657 0.176486 9.99642E-05 9.99642E-05 0.230041 0.217989 0.111463 9.99642E-05 0.0609639
0.019803 0.00474221 9.99732E-05 0.161416 0.367459 0.15147 0.125143 9.99732E-05 9.99732E-05 0.169667
9.99552E-05 9.99552E-05 9.99552E-05 0.243573 0.261309 0.0850841 9.99552E-05 0.387049 9.99552E-05 0.0224851
9.99463E-05 0.148622 9.99463E-05 0.00355399 0.323199 0.524025 9.99463E-05 9.99463E-05 9.99463E-05 9.99463E-05
9.99552E-05 0.0540409 0.117743 9.99552E-05 0.0685112 9.99552E-05 0.15413 0.605075 9.99552E-05 9.99552E-05
9.99282E-05 9.99282E-05 9.99282E-05 9.99282E-05 9.99282E-05 0.672466 0.326735 9.99282E-05 9.99282E-05 9.99282E-05
0.387844 9.99464E-05 0.357161 9.99464E-05 9.99464E-05 9.99464E-05 9.99464E-05 0.241671 0.0127243 9.99464E-05
0.429139 9.99551E-05 9.99551E-05 0.155111 0.269177 0.080883 9.99551E-05 9.99551E-05 9.99551E-05 0.0651912
9.99551E-05 0.0199508 9.99551E-05 9.99551E-05 0.106178 9.99551E-05 0.588348 0.129929 9.99551E-05 0.155094
9.996E-05 0.0886617 0.0503963 9.996E-05 9.996E-05 0.424835 0.0679373 0.0937577 9.996E-05 0.274013
9.99551E-05 0.0535664 9.99551E-05 0.310109 0.311103 9.99551E-05 0.178793 0.145929 9.99551E-05 9.99551E-05
0.204183 0.0856567 9.99551E-05 0.068993 9.99551E-05 0.551845 9.99551E-05 9.99551E-05 0.0888223 9.99551E-05
9.99552E-05 9.99552E-05 9.99552E-05 0.458625 0.240742 0.0631883 0.138303 9.99552E-05 0.0986423 9.99552E-05
9.99462E-05 9.99462E-05 0.164163 0.0892117 0.18777 9.99462E-05 9.99462E-05 0.558255 9.99462E-05 9.99462E-05
0.12423 0.119467 9.996E-05 0.484944 9.996E-05 9.996E-05 0.0575006 0.115223 0.098235 9.996E-05
0.575802 9.99552E-05 9.99552E-05 9.99552E-05 0.0865855 0.0309512 0.127948 0.178214 9.99552E-05 9.99552E-05
0.250695 9.994E-05 9.994E-05 0.0650355 9.994E-05 9.994E-05 9.994E-05 0.522921 0.160749 9.994E-05
0.258078 0.0747482 9.997E-05 0.0287045 9.997E-05 0.13745 0.356414 0.04881 9.997E-05 0.095496
9.99731E-05 0.290834 0.0276481 9.99731E-05 0.0457469 0.004496 9.99731E-05 0.406826 0.0175754 0.206574
9.99643E-05 0.0369473 0.169651 0.203246 0.127536 0.0665461 0.395675 9.99643E-05 9.99643E-05 9.99643E-05
9.995E-05 9.995E-05 0.142685 0.347056 9.995E-05 9.995E-05 0.037723 0.323391 9.995E-05 0.148645
0.590645 9.99463E-05 0.121368 0.255519 9.99463E-05 9.99463E-05 9.99463E-05 9.99463E-05 9.99463E-05 0.0318684
9.9964E-05 9.9964E-05 0.0976381 0.31006 9.9964E-05 0.028863 0.0396534 0.437968 0.0854184 9.9964E-05
0.177629 0.128428 0.1726 9.997E-05 0.0636641 9.997E-05 0.0786391 0.263626 9.997E-05 0.115113
9.9955E-05 0.440541 0.178956 0.0614676 9.9955E-05 9.9955E-05 0.182672 9.9955E-05 9.9955E-05 0.135864
9.99374E-05 9.99374E-05 9.99374E-05 0.515598 9.99374E-05 9.99374E-05 0.328137 9.99374E-05 9.99374E-05 0.155566
9.99372E-05 0.545749 0.0313864 0.422165 9.99372E-05 9.99372E-05 9.99372E-05 9.99372E-05 9.99372E-05 9.99372E-05
9.99201E-05 0.999101 9.99201E-05 9.99201E-05 9.99201E-05 9.99201E-05 9.99201E-05 9.99201E-05 9.99201E-05 9.99201E-05
9.99375E-05 0.478705 0.00434715 9.99375E-05 9.99375E-05 9.99375E-05 9.99375E-05 0.516248 9.99375E-05 9.99375E-05
9.99642E-05 9.99642E-05 0.183731 0.162297 0.125213 9.99642E-05 0.0969924 9.99642E-05 0.251007 0.180359
0.00572336 0.16437 9.99463E-05 0.0903939 9.99463E-05 9.99463E-05 9.99463E-05 0.738913 9.99463E-05 9.99463E-05
9.999E-05 0.110226 0.197186 0.0029208 0.159501 0.0707388 0.0319237 0.120394 0.163852 0.143158
9.99552E-05 9.99552E-05 0.104552 0.34901 9.99552E-05 9.99552E-05 0.352229 0.189053 9.99552E-05 0.00465649
0.172382 9.99641E-05 9.99641E-05 0.328811 0.216636 9.99641E-05 0.147904 9.99641E-05 0.132815 0.00105169
0.316267 0.0521948 0.0867057 9.99553E-05 9.99553E-05 9.99553E-05 0.535738 9.99553E-05 0.00859482 9.99553E-05
0.0475828 9.99551E-05 9.99551E-05 0.207098 0.19306 0.525966 9.99551E-05 9.99551E-05 9.99551E-05 0.0257943
0.0747604 0.08643 9.9964E-05 0.162371 0.415184 9.9964E-05 9.9964E-05 0.20652 0.0543353 9.9964E-05
9.99201E-05 9.99201E-05 9.99201E-05 9.99201E-05 9.99201E-05 9.99201E-05 9.99201E-05 9.99201E-05 9.99201E-05 0.999101
9.99642E-05 9.99642E-05 0.160036 0.320614 0.253623 0.032702 0.172888 0.0597375 9.99642E-05 9.99642E-05
9.99373E-05 9.99373E-05 9.99373E-05 0.487624 9.99373E-05 0.211739 9.99373E-05 9.99373E-05 0.299938 9.99373E-05
9.99463E-05 9.99463E-05 0.0379469 9.99463E-05 0.248764 9.99463E-05 9.99463E-05 9.99463E-05 0.272408 0.440281
9.996E-05 9.996E-05 0.133908 0.142383 0.258542 9.996E-05 0.114071 9.996E-05 0.165378 0.185319
0.415418 9.99462E-05 9.99462E-05 9.99462E-05 9.99462E-05 9.99462E-05 0.255185 0.0858256 9.99462E-05 0.242972
9.9955E-05 0.580792 9.9955E-05 0.0490683 0.0577398 9.9955E-05 9.9955E-05 0.112134 0.199767 9.9955E-05
9.996E-05 0.0232081 9.996E-05 0.0462806 0.644251 9.996E-05 0.137186 9.996E-05 0.0397784 0.108896
9.99372E-05 9.99372E-05 9.99372E-05 0.133627 9.99372E-05 0.16477 9.99372E-05 9.99372E-05 0.700903 9.99372E-05
0.111162 0.560405 9.99552E-05 0.122848 0.197088 9.99552E-05 9.99552E-05 9.99552E-05 9.99552E-05 0.00799645
9.99552E-05 9.99552E-05 0.242594 0.0691394 0.472494 9.99552E-05 0.156871 9.99552E-05 0.0584023 9.99552E-05
9.99821E-05 0.0375132 0.203343 0.0344875 0.0797351 0.15597 0.078777 0.102763 9.99821E-05 0.307211
9.99464E-05 9.99464E-05 9.99464E-05 9.99464E-05 0.169244 9.99464E-05 9.99464E-05 0.73596 0.0103108 0.0838859
9.99642E-05 9.99642E-05 0.0161121 0.186504 9.99642E-05 0.0763897 0.402667 0.299179 0.0187489 9.99642E-05
9.99201E-05 9.99201E-05 9.99201E-05 9.99201E-05 9.99201E-05 9.99201E-05 9.99201E-05 9.99201E-05 9.99201E-05 0.999101
0.051051 9.99463E-05 9.99463E-05 0.0829754 9.99463E-05 9.99463E-05 9.99463E-05 0.47568 9.99463E-05 0.389694
9.99641E-05 9.99641E-05 9.99641E-05 0.0906486 0.505366 0.0418305 0.218616 0.0939704 9.99641E-05 0.0491685
0.394356 9.99642E-05 0.028668 9.99642E-05 0.0873754 9.99642E-05 0.0828244 9.99642E-05 0.213664 0.192712
0.391433 0.00217459 9.99463E-05 9.99463E-05 0.117603 9.99463E-05 9.99463E-05 9.99463E-05 9.99463E-05 0.48819
0.241294 9.9964E-05 9.9964E-05 0.498994 9.9964E-05 9.9964E-05 0.0334363 0.125755 0.0716787 0.028442
9.99552E-05 0.00436976 0.208012 9.99552E-05 9.99552E-05 9.99552E-05 0.0540547 0.540267 0.192797 9.99552E-05
9.99201E-05 0.999101 9.99201E-05 9.99201E-05 9.99201E-05 9.99201E-05 9.99201E-05 9.99201E-05 9.99201E-05 9.99201E-05
9.99284E-05 9.99284E-05 9.99284E-05 9.99284E-05 0.488045 9.99284E-05 9.99284E-05 9.99284E-05 0.511156 9.99284E-05
0.0839116 9.998E-05 0.126671 0.359532 0.264368 0.0412525 0.00160838 0.0432089 9.998E-05 0.0792476
9.99553E-05 0.28581 0.0469808 9.99553E-05 0.125461 0.182197 9.99553E-05 0.359051 9.99553E-05 9.99553E-05
9.99552E-05 9.99552E-05 9.99552E-05 0.00198474 0.0998492 9.99552E-05 0.0442279 0.740819 0.11262 9.99552E-05
0.358062 0.150456 0.139678 9.9964E-05 0.117827 9.9964E-05 0.192467 9.9964E-05 0.0411093 9.9964E-05
0.0825354 9.996E-05 9.996E-05 0.327546 9.996E-05 0.0906101 9.996E-05 0.279138 0.0164277 0.203343
0.293449 9.99372E-05 9.99372E-05 9.99372E-05 9.99372E-05 9.99372E-05 0.0989697 0.606882 9.99372E-05 9.99372E-05
9.99553E-05 0.0318911 0.0191883 9.99553E-05 9.99553E-05 0.0357822 9.99553E-05 0.705804 0.206835 9.99553E-05
9.996E-05 0.0729623 9.996E-05 0.337918 0.222961 0.0747653 0.0593379 9.996E-05 9.996E-05 0.231656
9.99282E-05 9.99282E-05 0.856221 9.99282E-05 9.99282E-05 9.99282E-05 9.99282E-05 9.99282E-05 0.14298 9.99282E-05
9.996E-05 9.996E-05 0.109578 0.428978 9.996E-05 9.996E-05 0.158407 0.210835 0.0143023 0.0774995
0.510136 9.99372E-05 9.99372E-05 9.99372E-05 0.221795 9.99372E-05 0.267369 9.99372E-05 9.99372E-05 9.99372E-05
0.0428982 9.99464E-05 9.99464E-05 0.670242 9.99464E-05 9.99464E-05 9.99464E-05 9.99464E-05 0.0227878 0.263473
0.227983 9.99463E-05 0.105317 0.429763 9.99463E-05 9.99463E-05 9.99463E-05 9.99463E-05 0.236338 9.99463E-05
0.098718 9.99641E-05 9.99641E-05 0.466414 9.99641E-05 0.0200044 9.99641E-05 0.16548 0.215573 0.0334113
9.99463E-05 9.99463E-05 9.99463E-05 9.99463E-05 0.269192 0.0609184 9.99463E-05 0.482504 9.99463E-05 0.186786
9.9928E-05 0.0537258 0.945475 9.9928E-05 9.9928E-05 9.9928E-05 9.9928E-05 9.9928E-05 9.9928E-05 9.9928E-05
0.192521 9.99465E-05 9.99465E-05 9.99465E-05 0.51236 9.99465E-05 9.99465E-05 0.101006 9.99465E-05 0.193514
9.995E-05 9.995E-05 9.995E-05 0.139538 0.387887 9.995E-05 0.126176 0.181968 9.995E-05 0.163932
9.99463E-05 9.99463E-05 9.99463E-05 9.99463E-05 0.689105 0.0628157 0.144157 9.99463E-05 0.103323 9.99463E-05
0.0548442 9.99641E-05 0.0930543 0.564036 0.00766393 9.99641E-05 0.0340117 0.24599 9.99641E-05 9.99641E-05
