0.169269 0.475891 0.35484
0.132517 0.298133 0.569349
0.577129 0.268976 0.153895
0.636187 0.200118 0.163696
0.375875 0.352402 0.271723
0.649973 0.00404096 0.345986
0.0212137 0.314242 0.664545
9.999E-05 0.0764405 0.923459
0.368762 0.602675 0.0285633
0.458356 0.541544 9.99911E-05
0.549818 0.369098 0.0810842
0.0616334 0.673289 0.265077
0.139797 0.315516 0.544687
0.263993 0.375767 0.36024
9.99911E-05 0.638816 0.361084
0.0476143 0.181569 0.770817
0.177015 0.452235 0.37075
0.27541 0.47488 0.24971
9.9991E-05 0.486652 0.513248
0.178738 0.118325 0.702938
0.640626 0.359274 9.99911E-05
0.241815 0.266947 0.491238
0.743709 0.0847294 0.171562
0.9998 9.999E-05 9.999E-05
0.854335 0.0322416 0.113423
0.479838 0.275537 0.244626
0.151095 0.830776 0.0181289
0.220702 0.314662 0.464636
9.9991E-05 0.228175 0.771725
0.986505 0.0133947 9.99911E-05
0.1854 0.700001 0.114599
9.99911E-05 0.150637 0.849263
0.375543 0.523621 0.100835
0.00641817 0.23327 0.760312
0.525115 9.9991E-05 0.474785
0.207613 0.570209 0.222178
0.257819 0.230979 0.511201
0.972322 0.0275782 9.99911E-05
0.240659 0.161089 0.598252
0.397443 0.0658884 0.536669
0.350398 0.649502 9.99911E-05
0.254607 0.745293 9.99911E-05
0.332431 0.224718 0.442851
0.492498 0.322355 0.185147
0.0295177 0.253033 0.717449
0.185793 0.297687 0.51652
0.15889 0.394511 0.4466
0.142753 0.741273 0.115974
9.99911E-05 0.358408 0.641492
0.189224 0.0613295 0.749446
0.43437 9.9991E-05 0.56553
0.482766 0.446181 0.0710525
0.347068 0.499263 0.15367
0.202532 9.9991E-05 0.797368
9.99911E-05 0.482884 0.517016
9.99911E-05 0.651076 0.348824
0.711675 0.26527 0.0230552
9.99911E-05 0.755873 0.244027
0.0573551 0.391114 0.551531
0.506747 0.262966 0.230287
0.151669 0.299131 0.5492
0.284909 0.714991 9.9991E-05
9.9991E-05 0.751965 0.247936
0.551887 9.99911E-05 0.448013
0.31225 9.9991E-05 0.68765
0.2111 0.654016 0.134884
0.662353 0.0176453 0.320002
0.110819 0.558667 0.330513
9.9991E-05 0.265981 0.733919
0.276532 0.376919 0.346549
0.21703 0.637734 0.145237
0.0536623 0.946238 9.9991E-05
9.99911E-05 0.324436 0.675464
9.99911E-05 0.328515 0.671385
0.265377 9.99911E-05 0.734523
9.9991E-05 0.597907 0.401993
0.328442 0.429408 0.24215
0.348403 0.651497 9.9991E-05
0.209993 0.332819 0.457188
0.0852395 0.358255 0.556505
9.99911E-05 0.296513 0.703387
0.438811 0.118035 0.443154
0.175403 0.3271 0.497497
0.37252 0.131845 0.495634
0.423194 0.517305 0.0595013
0.340658 0.615847 0.043495
0.14059 0.653198 0.206212
0.840842 9.99911E-05 0.159058
0.447292 9.99911E-05 0.552608
0.118968 0.214419 0.666613
0.924398 9.99911E-05 0.075502
0.112767 0.701375 0.185858
0.0810747 0.556967 0.361958
0.620922 0.220675 0.158403
0.0861053 0.913795 9.9991E-05
0.288178 0.44708 0.264742
0.473211 0.454972 0.0718168
9.9991E-05 0.819046 0.180854
0.515902 9.9991E-05 0.483998
0.732452 0.267448 9.9991E-05
0.542602 0.457298 9.99911E-05
0.9998 9.999E-05 9.999E-05
0.593452 0.406448 9.99911E-05
0.945881 0.0540191 9.99911E-05
9.9991E-05 0.215848 0.784052
0.403169 0.296854 0.299976
0.117509 0.428987 0.453504
0.174592 0.187603 0.637805
0.204428 0.032553 0.763019
0.331496 9.99911E-05 0.668404
0.219995 0.316991 0.463015
0.319815 0.0246976 0.655487
0.656437 9.99911E-05 0.343463
0.142864 9.99911E-05 0.857036
0.9998 9.999E-05 9.999E-05
0.136147 0.682255 0.181598
0.207855 0.451373 0.340772
9.99911E-05 0.406253 0.593647
0.270436 9.9991E-05 0.729464
0.382167 0.0874057 0.530428
0.859522 0.11497 0.0255088
0.647208 0.264122 0.0886699
0.172574 9.9991E-05 0.827326
0.170687 0.294027 0.535286
0.602058 0.22083 0.177111
0.374212 0.27917 0.346618
9.99911E-05 0.761292 0.238608
9.99911E-05 0.348569 0.651331
0.546344 9.99911E-05 0.453556
0.34523 0.255042 0.399728
0.180389 0.819511 9.99911E-05
0.349691 0.249981 0.400327
0.0121482 0.735368 0.252484
0.0453082 0.512527 0.442164
0.188728 0.767341 0.0439311
0.225332 9.99911E-05 0.774568
9.999E-05 9.999E-05 0.9998
9.999E-05 9.999E-05 0.9998
0.124188 0.445866 0.429946
0.0824972 9.99911E-05 0.917403
0.297152 0.275632 0.427216
0.758985 0.207506 0.033509
0.230066 0.580648 0.189286
0.515556 0.484344 9.99911E-05
0.93644 0.06346 9.9991E-05
0.157231 9.9991E-05 0.842669
0.0468626 0.953037 9.99911E-05
0.469554 0.273364 0.257082
0.739132 9.99911E-05 0.260768
0.0133944 0.727802 0.258804
0.133168 0.278396 0.588435
9.99911E-05 0.946064 0.053836
0.0453105 0.183078 0.771611
0.150136 0.394083 0.455781
0.669955 0.110641 0.219404
0.0207554 0.521352 0.457893
0.481106 0.210544 0.30835
0.26479 0.540417 0.194793
0.0122266 9.99911E-05 0.987673
0.347562 0.209696 0.442742
9.999E-05 0.9998 9.999E-05
0.0222547 0.622573 0.355172
0.182748 0.156054 0.661198
9.99911E-05 0.889102 0.110798
9.99911E-05 0.807181 0.192719
0.696792 0.0442725 0.258935
9.99911E-05 0.255567 0.744333
9.999E-05 9.999E-05 0.9998
9.99911E-05 0.350494 0.649406
0.473733 0.395167 0.1311
0.178857 9.99911E-05 0.821043
9.99911E-05 0.10918 0.89072
0.0863902 0.535459 0.378151
0.496862 0.290456 0.212682
0.270607 0.00600979 0.723383
9.99911E-05 0.0808418 0.919058
0.492496 0.265066 0.242439
0.761856 0.0940447 0.144099
0.40322 0.347386 0.249393
0.0392721 0.855845 0.104883
0.0794622 0.920438 9.99911E-05
0.177315 0.637366 0.185319
0.365265 0.256564 0.37817
0.0673134 0.0788462 0.85384
0.587466 9.99911E-05 0.412434
9.99911E-05 0.541753 0.458147
0.166678 0.251749 0.581573
0.459904 0.15385 0.386247
0.629039 0.187716 0.183246
