0.154822 0.828427 0.0167512
0.486956 0.512944 9.9991E-05
0.242976 0.665714 0.0913097
0.133167 0.709919 0.156914
0.204426 0.59807 0.197505
0.384131 0.57239 0.0434796
0.290922 0.543926 0.165152
0.264754 0.532312 0.202934
0.39747 0.445008 0.157523
0.494471 0.19351 0.312019
0.747626 0.134892 0.117482
0.446804 0.367496 0.1857
0.285396 0.408272 0.306331
0.414103 0.411829 0.174068
0.711467 0.0982588 0.190274
0.20259 0.424688 0.372721
0.560876 0.139877 0.299247
0.181982 0.447394 0.370624
0.268863 0.643157 0.0879801
0.204313 0.640818 0.154869
0.381915 0.58226 0.0358245
0.368048 0.475135 0.156817
0.146763 0.806875 0.0463629
9.9991E-05 0.664035 0.335865
0.874319 9.9991E-05 0.125581
0.164597 0.605815 0.229588
0.427062 0.236141 0.336796
0.310382 0.551131 0.138487
0.444376 0.469787 0.0858369
0.103773 0.24917 0.647057
0.628322 0.203283 0.168395
0.657997 0.223295 0.118708
0.116531 0.641655 0.241814
0.273452 0.652989 0.0735586
0.412449 0.402655 0.184897
9.9991E-05 0.690298 0.309602
0.293752 0.644567 0.0616808
0.501416 0.35533 0.143255
0.429489 0.317179 0.253332
0.261836 0.602269 0.135895
0.279458 0.586801 0.133741
0.271743 0.526898 0.201359
0.258378 0.688062 0.0535604
0.2873 0.630268 0.0824317
0.66363 0.0682623 0.268107
0.652053 0.347847 9.9991E-05
0.181453 0.715058 0.103489
0.130794 0.715827 0.153379
0.412594 0.362156 0.22525
0.231883 0.586141 0.181976
0.400085 0.254357 0.345558
0.271418 0.565525 0.163058
0.303722 0.552013 0.144265
0.52965 0.246457 0.223893
0.292294 0.604498 0.103209
0.328751 0.576267 0.0949815
0.271314 0.513371 0.215315
0.119261 0.741143 0.139597
0.448662 0.551238 9.9991E-05
0.664516 0.188902 0.146582
0.0828 0.767561 0.149639
0.296766 0.463351 0.239883
0.152225 0.646158 0.201618
0.0135373 9.9991E-05 0.986363
0.328629 0.671271 9.9991E-05
0.0369558 0.940327 0.0227169
0.363809 0.552188 0.0840031
0.267638 0.669329 0.0630337
0.0144424 0.868501 0.117057
0.268436 0.392637 0.338927
0.729235 0.180364 0.0904008
0.332004 0.332648 0.335348
0.28946 0.377523 0.333017
0.43976 0.32802 0.23222
0.596609 0.262176 0.141215
0.708723 0.291177 9.9991E-05
0.287035 0.567056 0.145908
0.269197 0.696274 0.034529
0.17622 0.819958 0.00382202
0.259929 0.425317 0.314754
0.225015 0.595562 0.179423
0.247736 0.597651 0.154613
0.420078 0.390201 0.18972
0.409826 0.422072 0.168102
0.0929094 0.742838 0.164252
0.327375 0.672525 9.9991E-05
9.9991E-05 0.867308 0.132592
0.681499 0.318401 9.9991E-05
0.403133 0.185748 0.411119
0.280898 0.71441 0.00469146
0.0202246 9.9991E-05 0.979675
0.775831 0.17488 0.0492899
0.134787 0.778122 0.087091
0.285705 0.469315 0.244979
0.151593 0.793252 0.0551557
0.332285 0.612745 0.0549697
0.434927 0.542105 0.0229679
0.269296 0.672767 0.0579373
0.0268691 0.133587 0.839544
0.126309 0.498109 0.375581
0.196136 0.548284 0.25558
9.999E-05 9.999E-05 0.9998
0.57311 0.253625 0.173266
0.973898 9.9991E-05 0.0260017
0.36537 0.459911 0.174719
0.40181 0.59809 9.9991E-05
0.414262 0.5206 0.0651382
0.0985535 0.723575 0.177872
0.630157 0.285301 0.0845423
0.405134 0.311301 0.283565
0.469073 0.520631 0.0102964
0.547599 0.125422 0.326979
0.328948 0.631993 0.0390588
0.13958 0.1454 0.71502
0.328386 0.590481 0.0811326
9.9991E-05 0.0478421 0.952058
0.685309 0.314591 9.9991E-05
0.163705 0.700779 0.135516
0.229765 0.684472 0.0857628
0.419507 0.363928 0.216565
9.9991E-05 0.724025 0.275875
0.0834021 0.133299 0.783299
0.290924 0.263301 0.445775
0.403781 0.596119 9.9991E-05
0.234109 0.539299 0.226592
0.487328 0.430611 0.0820613
0.577652 0.300421 0.121927
0.231116 0.553696 0.215187
0.370843 0.629057 9.9991E-05
0.35721 0.429307 0.213483
0.0473886 0.855631 0.0969806
0.0837602 0.760998 0.155242
0.170092 0.560979 0.268928
0.484999 0.290149 0.224852
0.22833 0.77157 9.9991E-05
0.544103 0.296741 0.159157
0.291777 0.68214 0.0260835
0.191226 0.550514 0.25826
0.395125 0.532456 0.072419
0.097816 0.716968 0.185216
0.446575 0.383776 0.169649
0.713317 0.0713608 0.215322
0.136724 0.783321 0.0799552
0.487955 0.350979 0.161066
0.132038 0.586563 0.281398
0.220965 0.0919096 0.687126
0.515432 0.484468 9.9991E-05
9.999E-05 9.999E-05 0.9998
0.295661 0.488688 0.215651
0.321757 0.678143 9.9991E-05
0.498495 0.333687 0.167818
0.437585 0.477338 0.0850775
0.419642 0.323492 0.256866
0.405877 0.382823 0.2113
0.471894 0.38199 0.146116
0.249953 0.391744 0.358303
0.215028 0.775811 0.00916077
0.490101 0.343163 0.166737
9.9991E-05 0.909461 0.090439
0.352493 0.504683 0.142824
0.216383 0.655943 0.127675
9.999E-05 9.999E-05 0.9998
0.313372 0.348286 0.338342
0.38743 0.541196 0.0713744
0.396473 0.439669 0.163857
0.0433658 0.7457 0.210934
0.258785 0.741115 9.9991E-05
0.705386 0.294514 9.9991E-05
0.415721 0.419529 0.16475
0.245175 0.494912 0.259914
0.401026 0.581998 0.0169758
0.37636 0.339569 0.284071
0.0200241 0.524449 0.455527
0.710968 0.288932 9.9991E-05
0.06781 0.908259 0.023931
0.365145 0.634171 0.000683825
0.486045 0.49697 0.0169847
0.584089 0.415811 9.9991E-05
0.9998 9.999E-05 9.999E-05
0.531467 0.263688 0.204845
0.581907 9.9991E-05 0.417993
0.186783 0.399578 0.413638
0.45175 0.430466 0.117784
0.11686 0.775487 0.107653
0.314768 0.668386 0.016846
0.9998 9.999E-05 9.999E-05
0.127981 0.658456 0.213564
0.599069 0.188206 0.212725
0.063104 0.844663 0.0922326
0.492959 0.311867 0.195174
