0.0368164 9.9973E-05 0.716941 0.00508452 0.0362055 9.9973E-05 0.166234 9.9973E-05 0.0384187
0.244871 9.9982E-05 0.170359 0.087678 0.12545 9.9982E-05 0.186273 0.0354365 0.149733
0.136963 0.0368936 0.0820309 0.0249742 9.9991E-05 0.117423 0.405632 0.0319997 0.163984
9.9982E-05 9.9982E-05 0.227967 0.0288383 0.164109 0.0520289 0.028226 0.0648325 0.433799
0.143923 0.0168834 0.0319523 0.0524275 0.00498838 0.0719543 0.142409 0.0328425 0.50262
0.337933 9.9964E-05 9.9964E-05 0.0427741 9.9964E-05 0.00426861 0.307193 9.9964E-05 0.307432
0.124282 0.0976289 0.390432 9.9982E-05 0.0766033 0.0900905 0.209917 9.9982E-05 0.010846
0.26833 9.9991E-05 0.230951 0.0339609 0.168715 0.0261659 0.105197 0.0286488 0.137931
0.0534927 0.586327 9.9982E-05 0.0456535 9.9982E-05 0.000399755 0.0428647 0.0481456 0.222917
9.9973E-05 0.207626 0.1834 0.156056 9.9973E-05 0.0322158 0.257313 0.16309 9.9973E-05
9.99639E-05 9.99639E-05 9.99639E-05 0.160167 0.0857358 0.0838131 0.65351 9.99639E-05 0.0163743
9.99369E-05 0.963688 9.99369E-05 9.99369E-05 9.99369E-05 9.99369E-05 9.99369E-05 0.0356125 9.99369E-05
0.114565 0.104962 0.0515084 0.0123438 9.9991E-05 0.0969612 0.183321 0.0532388 0.382999
0.616555 0.0171258 0.171702 0.0420976 9.9973E-05 0.0188534 9.9973E-05 0.133366 9.9973E-05
0.658957 9.9955E-05 9.9955E-05 0.0675334 0.211638 0.0613719 9.9955E-05 9.9955E-05 9.9955E-05
0.181648 9.9973E-05 0.0569053 0.0572897 0.495193 0.115662 9.9973E-05 0.0930018 9.9973E-05
0.555604 9.99729E-05 9.99729E-05 0.18218 0.137519 0.0175578 9.99729E-05 0.0923744 0.0144646
0.379727 0.0144021 0.229464 0.0199155 0.0150518 0.0966708 9.9991E-05 0.14367 0.101
9.9964E-05 9.9964E-05 0.153347 9.9964E-05 9.9964E-05 0.0976674 0.480399 0.0228774 0.245309
9.9982E-05 0.015812 0.267722 0.0118607 0.145054 0.0659262 0.240455 9.9982E-05 0.25297
9.9982E-05 0.0145315 0.220175 0.0433324 0.00121615 0.176852 0.27993 9.9982E-05 0.263763
0.0933113 9.9991E-05 0.0816241 0.0738353 0.0177768 0.105214 0.416956 0.0109075 0.200275
9.9982E-05 0.0971048 0.0805621 9.9982E-05 0.0238304 0.158796 0.160937 0.0667804 0.411789
0.166131 9.9973E-05 0.315109 9.9973E-05 9.9973E-05 0.0505067 0.0936076 0.144462 0.229885
9.9946E-05 9.9946E-05 9.9946E-05 0.266938 9.9946E-05 0.104004 0.628458 9.9946E-05 9.9946E-05
0.110736 9.9973E-05 0.46309 0.0744558 0.0831351 9.9973E-05 9.9973E-05 0.0871684 0.181115
0.0400098 0.239781 0.134836 0.155214 0.141251 0.0838698 0.0874544 0.0956513 0.021933
0.315747 0.0517346 0.393729 0.114081 9.9973E-05 0.0131534 0.111255 9.9973E-05 9.9973E-05
0.248306 9.9982E-05 0.0889657 0.077611 0.137805 9.9982E-05 0.0451268 0.127183 0.274803
9.99729E-05 9.99729E-05 0.0810046 9.99729E-05 0.00743928 0.0254457 0.088318 0.649469 0.148024
0.0557074 0.0216454 9.9991E-05 0.0438218 0.0510872 0.0680818 0.507348 0.0628387 0.18937
9.9946E-05 0.562001 9.9946E-05 9.9946E-05 0.0743026 9.9946E-05 0.363096 9.9946E-05 9.9946E-05
0.365494 9.9964E-05 0.140075 9.9964E-05 9.9964E-05 0.108865 9.9964E-05 0.0484739 0.336693
0.536085 9.99549E-05 9.99549E-05 9.99549E-05 9.99549E-05 0.0491121 0.0572719 9.99549E-05 0.357031
0.292492 0.248192 0.0799282 0.105048 9.9973E-05 0.0719756 9.9973E-05 9.9973E-05 0.202064
9.9937E-05 9.9937E-05 0.988462 9.9937E-05 9.9937E-05 0.0108382 9.9937E-05 9.9937E-05 9.9937E-05
9.9955E-05 0.221877 9.9955E-05 0.147059 0.0360346 9.9955E-05 9.9955E-05 9.9955E-05 0.594529
9.9964E-05 0.20347 0.391879 0.180122 9.9964E-05 9.9964E-05 0.146579 0.07755 9.9964E-05
0.316092 0.163205 9.9982E-05 0.0960073 0.0582323 0.000362135 9.9982E-05 0.181049 0.184852
0.451669 0.112868 0.106002 0.018375 0.0438233 0.110669 0.156394 9.9982E-05 9.9982E-05
9.9973E-05 9.9973E-05 9.9973E-05 0.0655062 0.0396311 0.0938423 0.579234 0.00285634 0.218631
0.172235 9.9991E-05 0.230874 0.0811256 0.174622 0.0824572 0.0984294 0.0393423 0.120814
0.0990751 0.00594404 0.255015 0.0728717 0.234604 0.0399639 9.9991E-05 0.0307708 0.261655
0.0443008 0.349862 0.360422 9.9964E-05 9.9964E-05 9.9964E-05 0.23617 0.00884574 9.9964E-05
9.9955E-05 0.789092 0.0280382 9.9955E-05 0.136407 0.0459627 9.9955E-05 9.9955E-05 9.9955E-05
0.348241 0.340696 0.0384515 0.150144 9.9973E-05 0.00144298 9.9973E-05 9.9973E-05 0.120725
0.115225 0.147213 0.00567927 9.9991E-05 0.197679 0.0211477 0.074324 0.13086 0.307772
0.180578 0.157387 9.9973E-05 9.9973E-05 0.146574 0.0210313 9.9973E-05 0.141189 0.352941
0.332353 9.9964E-05 0.0157803 9.9964E-05 0.12162 0.063914 0.465933 9.9964E-05 9.9964E-05
0.232816 9.9973E-05 0.168791 9.9973E-05 0.247986 9.9973E-05 0.167181 0.143281 0.0396456
0.127131 9.9982E-05 0.19963 0.0831554 9.9982E-05 0.114893 0.157144 0.0836314 0.234215
0.248242 0.0438739 0.000604727 0.00337019 0.209475 0.0556508 0.0872328 0.0774752 0.274075
0.294248 0.117169 9.9964E-05 0.0162934 0.531263 9.9964E-05 9.9964E-05 0.0406261 9.9964E-05
0.0404326 0.177753 0.0108385 0.189142 0.291452 0.0809344 9.9991E-05 0.0554987 0.153848
0.128223 9.9955E-05 9.9955E-05 9.9955E-05 0.113142 9.9955E-05 0.665417 0.0927181 9.9955E-05
0.330104 0.207269 0.06057 0.0317735 9.9982E-05 0.0722437 0.000230569 9.9982E-05 0.297609
9.99461E-05 9.99461E-05 9.99461E-05 9.99461E-05 0.123657 9.99461E-05 0.816092 0.0596518 9.99461E-05
9.9964E-05 9.9964E-05 9.9964E-05 0.00165245 9.9964E-05 0.0616978 0.558294 0.0910911 0.286865
0.0784544 9.9991E-05 0.0369537 0.124747 0.18449 0.151487 0.17847 0.0610073 0.18429
0.107629 0.31653 0.12049 0.119146 0.0479643 0.114842 0.173199 9.9982E-05 9.9982E-05
9.9946E-05 9.9946E-05 9.9946E-05 9.9946E-05 9.9946E-05 0.039695 9.9946E-05 0.000457887 0.959247
0.650815 9.9973E-05 0.0915894 0.0617277 0.0643525 0.0837237 9.9973E-05 9.9973E-05 0.047492
0.225965 0.0682791 0.035644 9.9982E-05 9.9982E-05 0.131233 0.217608 0.0105985 0.310473
9.9946E-05 9.9946E-05 9.9946E-05 9.9946E-05 9.9946E-05 0.0617736 9.9946E-05 0.913773 0.0238532
0.108209 9.9973E-05 0.424507 0.236708 0.0728027 9.9973E-05 0.0462748 9.9973E-05 0.111199
0.0332104 9.9964E-05 0.890221 0.00060652 9.9964E-05 0.000191614 9.9964E-05 9.9964E-05 0.0753711
0.0535369 9.9982E-05 0.604511 0.0645773 9.9982E-05 0.00893624 0.06917 0.000934118 0.198134
0.169389 9.9964E-05 9.9964E-05 9.9964E-05 9.9964E-05 0.0792481 0.30511 0.0319852 0.413867
9.9946E-05 9.9946E-05 0.338804 9.9946E-05 9.9946E-05 9.9946E-05 9.9946E-05 0.0377303 0.622866
9.9982E-05 9.9982E-05 0.134422 0.12134 0.319253 0.082177 0.193209 0.0449176 0.104482
0.77472 9.9955E-05 9.9955E-05 0.0438603 9.9955E-05 9.9955E-05 0.135852 0.0450678 9.9955E-05
0.292301 0.0544112 0.226582 0.026139 0.130689 0.157031 0.0192313 0.0311033 0.0625126
0.21734 0.0434688 0.0214754 0.0376708 0.0256393 0.122969 0.112881 0.090991 0.327564
0.319752 9.9982E-05 9.9982E-05 0.0257436 0.0184379 0.0766688 0.453102 0.0576657 0.0484301
0.092952 0.330145 9.9982E-05 0.172877 0.205194 0.00520029 0.0432617 0.15017 9.9982E-05
0.130176 0.15097 9.9973E-05 0.0907323 0.36079 0.0889703 0.178062 9.9973E-05 9.9973E-05
0.105203 0.432996 9.9973E-05 0.0228147 0.0677841 0.129666 9.9973E-05 9.9973E-05 0.241237
9.9946E-05 9.9946E-05 9.9946E-05 0.0466985 9.9946E-05 0.0238849 9.9946E-05 9.9946E-05 0.928817
0.0950987 0.0380428 0.013295 0.012363 9.9964E-05 9.9964E-05 9.9964E-05 9.9964E-05 0.840801
0.160752 0.134072 9.9973E-05 0.00342619 9.9973E-05 0.0751363 9.9973E-05 0.075247 0.551067
0.0533497 0.00317876 0.0851663 9.9991E-05 0.0886954 0.0614397 0.169781 0.10179 0.436499
0.133637 0.102117 0.133647 0.0435564 9.9991E-05 0.00967319 0.117344 0.0467266 0.413199
0.0985717 0.448772 9.9973E-05 9.9973E-05 0.0876106 9.9973E-05 0.0811632 0.187242 0.0963407
0.100706 0.0074378 9.9982E-05 0.0719667 0.34971 0.0621348 9.9982E-05 0.00787303 0.399972
0.413607 9.9973E-05 0.113902 9.9973E-05 9.9973E-05 0.0341512 0.0690471 0.000168139 0.368825
9.9973E-05 0.0820544 0.117865 0.0353492 0.0536418 9.9973E-05 0.428679 9.9973E-05 0.28211
0.205944 9.99549E-05 0.748894 9.99549E-05 9.99549E-05 0.0293474 9.99549E-05 0.0153147 9.99549E-05
0.000807009 0.687429 9.9973E-05 0.0960826 0.0534854 0.0859687 9.9973E-05 9.9973E-05 0.0759277
0.378897 9.9991E-05 0.180262 0.0884325 0.124472 0.0351226 0.00444008 0.14863 0.0396439
9.9964E-05 0.0639977 0.331206 9.9964E-05 0.00884687 0.0827645 0.512785 9.9964E-05 9.9964E-05
9.9937E-05 9.9937E-05 9.9937E-05 0.0479434 9.9937E-05 9.9937E-05 9.9937E-05 0.951357 9.9937E-05
0.0875682 0.245967 0.0155706 0.127353 0.000132748 0.0746345 0.448574 9.9982E-05 9.9982E-05
9.9955E-05 9.9955E-05 0.12702 9.9955E-05 9.9955E-05 0.133861 0.253233 9.9955E-05 0.485385
0.452036 9.99756E-05 0.0579724 9.99756E-05 0.122674 0.0644223 0.263519 0.0390758 9.99756E-05
0.0606118 9.9973E-05 0.2365 0.0034212 9.9973E-05 0.0656459 0.126621 9.9973E-05 0.506901
9.9982E-05 0.00281344 0.183144 0.0945053 0.155452 0.00319753 9.9982E-05 0.112714 0.447974
9.9973E-05 0.0286909 0.463117 0.0711368 0.112604 9.9973E-05 0.312149 9.9973E-05 0.0120014
0.723141 9.99641E-05 0.010534 0.0378298 9.99641E-05 0.000117643 0.227978 9.99641E-05 9.99641E-05
9.9982E-05 0.118272 0.118993 0.00974303 9.9982E-05 0.111948 0.0761869 0.505336 0.059321
0.216724 9.99729E-05 0.094506 9.99729E-05 0.0224072 9.99729E-05 0.199319 0.302331 0.164412
0.410848 9.9982E-05 0.142934 0.0270946 9.9982E-05 0.0295605 0.195103 0.107915 0.0863452
9.993E-05 9.993E-05 9.993E-05 9.993E-05 9.993E-05 9.993E-05 9.993E-05 0.999201 9.993E-05
0.0223168 0.0781938 9.9991E-05 0.102095 0.0749324 0.0271514 0.119817 0.15345 0.421944
9.99459E-05 9.99459E-05 0.0324181 0.924909 9.99459E-05 0.0420737 9.99459E-05 9.99459E-05 9.99459E-05
9.9982E-05 0.278848 0.233032 0.132447 0.218356 0.0210889 9.9982E-05 0.0679606 0.0480666
9.9973E-05 0.0716584 0.078112 9.9973E-05 0.320305 0.00593561 0.392174 9.9973E-05 0.131516
0.226698 0.123985 0.106828 0.00714545 0.200486 9.9982E-05 9.9982E-05 0.050922 0.283736
9.9982E-05 0.0432907 0.21963 0.128916 9.9982E-05 0.0817445 0.209203 0.00637169 0.310644
0.436618 9.9973E-05 9.9973E-05 0.047032 9.9973E-05 0.00922904 0.218618 0.164675 0.123528
0.103258 0.277758 0.256638 9.9982E-05 9.9982E-05 0.0846901 0.068509 0.0212687 0.187678
9.9973E-05 9.9973E-05 0.00484525 0.162464 0.113388 0.0547181 0.0774155 9.9973E-05 0.586869
0.0757764 0.365614 9.9964E-05 9.9964E-05 9.9964E-05 0.0715717 0.335963 0.150674 9.9964E-05
9.9991E-05 0.0677866 0.0262651 0.00973792 0.260688 0.0297068 0.218964 0.0377822 0.34897
0.19405 9.9973E-05 9.9973E-05 0.1054 9.9973E-05 0.148708 0.0952686 0.385591 0.0706823
0.179417 0.19711 0.077476 9.9982E-05 0.173853 9.9982E-05 0.129676 0.0152511 0.227017
9.9937E-05 0.0238357 9.9937E-05 9.9937E-05 9.9937E-05 9.9937E-05 9.9937E-05 0.975465 9.9937E-05
0.13763 9.9973E-05 0.18513 0.262059 9.9973E-05 0.029522 0.293216 9.9973E-05 0.0921432
0.148981 0.0328571 0.613089 9.99894E-05 0.0106899 0.0875309 9.99894E-05 0.0737011 0.0329513
9.9964E-05 0.20184 9.9964E-05 9.9964E-05 0.0425781 9.9964E-05 0.0586303 0.0729729 0.623578
0.0681869 0.427226 0.215878 0.122358 0.0535289 0.112523 9.9973E-05 9.9973E-05 9.9973E-05
0.72627 9.9964E-05 0.101558 9.9964E-05 9.9964E-05 0.0823383 9.9964E-05 0.048987 0.0404461
0.092544 9.9973E-05 0.130821 0.0192301 9.9973E-05 0.166156 9.9973E-05 0.459002 0.131947
0.694848 9.9964E-05 9.9964E-05 0.0135111 9.9964E-05 0.0565102 0.0577701 0.176961 9.9964E-05
0.105113 0.110255 9.9982E-05 0.0206226 0.324712 0.0295014 0.182129 9.9982E-05 0.227467
0.147218 0.15184 9.9964E-05 9.9964E-05 9.9964E-05 0.0446389 0.53685 0.119053 9.9964E-05
0.529027 0.029935 9.9973E-05 9.9973E-05 0.219307 0.0107415 0.022347 9.9973E-05 0.188342
9.9973E-05 0.105396 0.0691569 9.9973E-05 0.0662388 0.128014 0.626609 0.00428533 9.9973E-05
0.00737679 9.9973E-05 0.0825531 9.9973E-05 9.9973E-05 0.0838387 0.470414 0.124371 0.231146
9.9955E-05 0.546463 9.9955E-05 9.9955E-05 0.138047 9.9955E-05 0.0714863 9.9955E-05 0.243504
0.0837007 0.12975 0.21284 0.0705448 0.0610174 9.9982E-05 0.325237 0.11671 9.9982E-05
0.173931 0.247742 0.489187 9.9964E-05 9.9964E-05 0.0296673 9.9964E-05 9.9964E-05 0.059073
0.380484 9.9955E-05 9.9955E-05 0.0452591 9.9955E-05 0.0563448 9.9955E-05 9.9955E-05 0.517412
0.298953 0.160762 9.99551E-05 9.99551E-05 9.99551E-05 9.99551E-05 9.99551E-05 0.22866 0.311125
0.18691 9.9982E-05 9.9982E-05 0.0124347 0.239487 0.111492 0.0864131 0.0968603 0.266203
0.337447 9.9964E-05 0.231963 0.0144874 9.9964E-05 9.9964E-05 0.298399 9.9964E-05 0.117304
0.120767 0.237575 9.9973E-05 0.0643851 9.9973E-05 0.103836 0.366983 9.9973E-05 0.106154
9.99369E-05 9.99369E-05 9.99369E-05 9.99369E-05 0.911314 9.99369E-05 9.99369E-05 9.99369E-05 0.0879865
9.993E-05 9.993E-05 9.993E-05 9.993E-05 0.999201 9.993E-05 9.993E-05 9.993E-05 9.993E-05
0.149137 0.386549 0.0922063 9.9982E-05 0.117195 0.0452913 0.193693 9.9982E-05 0.015729
0.0141298 0.133055 9.9964E-05 0.113687 9.9964E-05 9.9964E-05 9.9964E-05 0.00865016 0.730078
0.190385 0.454346 9.9964E-05 0.0601707 9.9964E-05 0.0542331 9.9964E-05 9.9964E-05 0.240465
0.318509 9.9982E-05 9.9982E-05 0.102105 0.0559467 0.116029 0.308109 0.0267782 0.0723234
0.234094 9.9964E-05 9.9964E-05 0.0152586 9.9964E-05 9.9964E-05 0.505989 0.0952805 0.148978
0.119747 0.217752 0.162993 0.0200509 9.9973E-05 0.0314868 0.44767 9.9973E-05 9.9973E-05
0.132799 9.9982E-05 0.087348 0.0826731 0.0454132 0.0973663 9.9982E-05 0.0651655 0.489035
0.1244 0.0789182 0.0169465 0.0484751 9.9982E-05 0.109014 9.9982E-05 0.327347 0.294699
9.9982E-05 0.049324 0.175914 0.112099 0.221818 0.0395112 0.246267 9.9982E-05 0.154867
9.993E-05 9.993E-05 9.993E-05 9.993E-05 9.993E-05 0.999201 9.993E-05 9.993E-05 9.993E-05
9.9973E-05 0.0831406 0.47569 0.113512 0.040312 0.110241 9.9973E-05 9.9973E-05 0.176803
9.9964E-05 9.9964E-05 0.166264 0.1804 0.118973 0.0249285 9.9964E-05 9.9964E-05 0.509034
9.9937E-05 0.993125 9.9937E-05 9.9937E-05 9.9937E-05 0.00617511 9.9937E-05 9.9937E-05 9.9937E-05
0.181942 9.9982E-05 0.147741 0.0956312 0.0361063 0.126683 0.112515 9.9982E-05 0.299182
0.0349792 0.223768 9.9982E-05 9.9982E-05 0.151076 0.148029 0.27585 0.107624 0.0584742
0.0248103 0.252696 9.9991E-05 0.030682 0.163281 0.0327251 0.172438 0.110963 0.212305
9.99639E-05 0.672581 0.027619 9.99639E-05 0.0621392 0.0127747 9.99639E-05 9.99639E-05 0.224486
9.9973E-05 9.9973E-05 0.0960616 0.148779 0.324684 0.064808 9.9973E-05 0.152958 0.212409
0.0639103 0.087274 0.105198 9.9973E-05 9.9973E-05 0.0778199 0.385376 9.9973E-05 0.280122
0.0268784 0.125907 0.055151 9.9991E-05 0.0859768 0.136566 0.251413 0.071146 0.246861
9.9955E-05 9.9955E-05 0.727248 9.9955E-05 0.111981 9.9955E-05 9.9955E-05 0.128645 0.0316261
0.332172 0.072467 0.0917369 0.0585819 0.136863 0.0321216 0.122381 0.0544415 0.0992346
9.9982E-05 0.084514 0.0584236 0.103366 9.9982E-05 0.0489555 0.0128413 0.036466 0.655234
9.993E-05 9.993E-05 9.993E-05 9.993E-05 9.993E-05 0.999201 9.993E-05 9.993E-05 9.993E-05
0.300711 0.135679 0.0512745 9.99639E-05 0.0724836 0.439452 9.99639E-05 9.99639E-05 9.99639E-05
9.9964E-05 0.031226 0.0572811 0.0661979 0.447161 9.9964E-05 9.9964E-05 9.9964E-05 0.397734
9.9982E-05 9.9982E-05 0.177768 0.0485463 0.0722852 0.100529 0.48262 0.0626936 0.0553574
9.9964E-05 0.211418 0.705768 0.00672616 9.9964E-05 0.0633521 9.9964E-05 0.0123356 9.9964E-05
9.99729E-05 0.0277733 0.129732 9.99729E-05 0.123681 0.0698161 0.34369 9.99729E-05 0.305007
0.592363 0.0446994 0.0327208 0.080946 0.182981 0.026619 0.0394711 9.9982E-05 9.9982E-05
9.99369E-05 9.99369E-05 9.99369E-05 9.99369E-05 0.979155 0.0201458 9.99369E-05 9.99369E-05 9.99369E-05
0.00716984 0.289662 0.15787 0.0116019 0.0201818 0.105909 9.9991E-05 0.00432674 0.403178
0.340783 0.0181233 9.9955E-05 9.9955E-05 9.9955E-05 9.9955E-05 0.59546 0.045134 9.9955E-05
0.256003 0.16702 0.0799252 0.0999653 0.279684 0.0452656 0.0448136 0.0272232 9.9991E-05
0.302834 9.9982E-05 0.173018 9.9982E-05 0.0043804 0.103668 0.147761 0.171557 0.0965815
0.694413 9.9946E-05 0.00808603 9.9946E-05 0.296901 9.9946E-05 9.9946E-05 9.9946E-05 9.9946E-05
0.388291 9.9973E-05 0.219099 0.0142326 0.0175668 0.079938 9.9973E-05 9.9973E-05 0.280573
0.611204 0.156278 9.9955E-05 0.0234681 9.9955E-05 9.9955E-05 9.9955E-05 9.9955E-05 0.208551
9.9973E-05 0.259714 9.9973E-05 0.0131173 0.176701 0.0736144 0.0358504 9.9973E-05 0.440703
9.9973E-05 0.409907 0.0850369 0.0803839 0.332491 0.000458053 9.9973E-05 0.0914228 9.9973E-05
9.993E-05 9.993E-05 9.993E-05 0.999201 9.993E-05 9.993E-05 9.993E-05 9.993E-05 9.993E-05
9.9964E-05 0.302996 9.9964E-05 0.0673615 0.194952 9.9964E-05 0.410615 9.9964E-05 0.0236755
0.447544 9.9982E-05 0.00513203 0.151669 0.092866 0.0970977 9.9982E-05 0.151255 0.0542371
9.9973E-05 9.9973E-05 0.135705 0.0128413 9.9973E-05 0.143163 0.521223 0.0290527 0.157715
9.9982E-05 9.9982E-05 0.234554 0.0273746 0.138627 0.0362114 0.34481 0.0165717 0.201651
9.99639E-05 9.99639E-05 0.376274 9.99639E-05 0.124412 9.99639E-05 0.134458 0.145827 0.21863
9.9973E-05 0.206256 0.306307 9.9973E-05 0.182676 0.0264138 9.9973E-05 0.0609655 0.217082
9.993E-05 9.993E-05 9.993E-05 0.999201 9.993E-05 9.993E-05 9.993E-05 9.993E-05 9.993E-05
0.520849 9.9964E-05 0.081169 9.9964E-05 9.9964E-05 0.0244602 0.0724467 9.9964E-05 0.300675
0.238968 9.9982E-05 0.311203 0.19925 0.00167244 0.0831037 0.0679298 0.0976734 9.9982E-05
0.0400939 0.0319659 0.259247 9.9973E-05 0.0553567 9.9973E-05 0.0517324 9.9973E-05 0.561304
0.156038 0.348484 0.156896 9.9964E-05 0.31907 9.9964E-05 9.9964E-05 0.0191123 9.9964E-05
