0.156343 0.00125214 9.99639E-05 9.99639E-05 9.99639E-05 0.706079 0.135925 9.99639E-05
0.465267 0.0519733 0.0605631 0.00830915 0.106026 0.151856 9.9991E-05 0.155905
0.299217 9.99729E-05 9.99729E-05 9.99729E-05 0.147014 0.0909005 0.19869 0.263879
9.9982E-05 0.0345885 9.9982E-05 0.0459511 0.0904819 0.0923043 0.15484 0.581634
0.435638 0.0477864 0.0636287 0.0747576 0.0190859 0.0770723 0.083888 0.198143
0.109027 0.0224557 0.100601 0.120919 9.9991E-05 0.0418198 0.00767122 0.597406
0.120747 0.0816927 9.9991E-05 0.0144661 0.117759 0.318891 0.0683674 0.277977
9.9982E-05 0.0186779 0.426087 9.9982E-05 0.0442539 0.224678 0.0557865 0.230317
0.0636553 9.9982E-05 0.00584235 9.9982E-05 0.209844 0.0930263 0.406635 0.220797
9.9982E-05 0.101225 0.0615771 0.258217 0.0942325 0.163709 0.32084 9.9982E-05
9.9973E-05 0.00892983 0.216694 0.127829 9.9973E-05 9.9973E-05 0.582311 0.0639367
0.0328507 0.000363815 9.9982E-05 9.9982E-05 0.093756 0.06575 0.766187 0.0408921
0.234792 0.117693 0.0558113 0.0133765 0.0819837 0.0562978 0.162667 0.277379
0.27362 0.0526864 0.176899 0.0826496 0.0870661 0.27861 9.9991E-05 0.0483692
9.99639E-05 0.0832408 0.802026 9.99639E-05 9.99639E-05 0.0678221 0.0465113 9.99639E-05
0.0751134 0.106334 0.370689 0.037374 0.0822416 0.187477 9.9991E-05 0.140671
9.9964E-05 9.9964E-05 0.837712 0.118772 0.0425252 9.9964E-05 9.9964E-05 0.000590525
0.316561 0.119533 0.10516 0.0643605 0.126365 0.267821 9.9982E-05 9.9982E-05
0.0614994 0.0771975 0.153149 9.9982E-05 9.9982E-05 0.162515 0.12353 0.421909
9.9982E-05 0.00035424 9.9982E-05 0.0388826 0.0820323 0.048967 0.5065 0.323064
0.104222 0.0984724 0.0816439 0.0423747 9.9991E-05 0.173125 0.226678 0.273384
0.099177 0.0600629 0.377243 0.00969748 9.9991E-05 0.243014 0.112373 0.0983328
0.145804 0.137421 0.0758953 0.0340011 9.9998E-05 0.0192598 0.229478 0.358041
0.0657988 9.9973E-05 0.0614297 9.9973E-05 0.26239 0.151243 9.9973E-05 0.458839
9.9964E-05 0.048351 0.117172 0.172697 9.9964E-05 9.9964E-05 0.661381 9.9964E-05
9.9982E-05 9.9982E-05 0.292723 0.031563 0.0787643 0.485421 0.0525269 0.0588017
0.0710535 0.0818671 0.135567 0.0935132 0.148329 0.318341 0.151229 9.9991E-05
0.246023 0.0296064 0.261298 0.106431 0.0925409 0.159899 0.0996663 0.00453573
0.100938 9.9991E-05 0.184231 0.0606959 0.054907 0.112342 0.117731 0.369056
9.99729E-05 9.99729E-05 0.0329415 0.0156064 0.545829 0.0311038 9.99729E-05 0.374219
0.0661103 0.0109186 0.21529 0.0981633 0.0538944 9.9991E-05 0.200249 0.355274
0.117566 0.00408836 9.9964E-05 9.9964E-05 0.0535773 9.9964E-05 0.824368 9.9964E-05
0.333969 0.0859431 9.9982E-05 0.00176175 0.00271255 0.149718 9.9982E-05 0.425696
0.24914 0.0674169 0.207334 0.0484117 9.9982E-05 9.9982E-05 0.0784452 0.349052
0.213594 0.050334 0.143275 0.0734333 9.9991E-05 0.328485 0.0953034 0.0954758
9.9946E-05 0.0034117 9.9946E-05 9.9946E-05 9.9946E-05 0.995989 9.9946E-05 9.9946E-05
0.00356325 0.0136975 9.9982E-05 0.175834 0.0601997 0.186327 9.9982E-05 0.560178
9.9973E-05 9.9973E-05 0.00353065 0.0942217 0.0618228 0.28515 0.554975 9.9973E-05
9.9982E-05 9.9982E-05 0.256968 0.102807 0.0331639 0.0287016 0.0938545 0.484305
0.281163 0.0735897 0.142418 0.0640456 9.9991E-05 0.169336 0.121173 0.148175
0.2148 0.0422914 0.197074 0.0736887 0.0735305 9.9991E-05 0.0764645 0.322052
0.29238 0.0690856 0.0966823 0.123613 0.00354505 0.259562 9.9991E-05 0.155031
0.277194 0.0735724 0.15089 0.00144845 9.9982E-05 0.315959 9.9982E-05 0.180736
0.201886 9.9964E-05 9.9964E-05 9.9964E-05 0.0248571 0.440038 0.332819 9.9964E-05
0.00990795 9.9973E-05 0.0219328 9.9973E-05 0.106897 0.0209244 0.840038 9.9973E-05
9.9991E-05 0.00597466 0.0164903 0.163562 0.0399698 0.0358749 0.279367 0.458661
0.0487516 0.0461257 0.258813 9.9982E-05 0.0324537 9.9982E-05 0.31517 0.298486
0.169485 9.9973E-05 9.9973E-05 9.9973E-05 0.0817174 0.0400678 0.0742011 0.634229
0.638274 0.0300205 0.145822 0.000603176 9.9982E-05 0.0484969 0.136583 9.9982E-05
0.283897 0.0815175 0.259485 9.9982E-05 0.113181 0.119653 0.142067 9.9982E-05
0.0465003 0.0999858 0.20147 0.105156 0.0579054 0.165415 0.212858 0.11071
0.376969 0.0857815 0.073767 0.0138527 0.0488296 9.9991E-05 0.077932 0.322768
0.189711 0.00435486 0.377976 0.0432718 0.0992578 0.0475499 0.00267656 0.235203
0.176577 0.0126203 0.239519 0.149932 0.136903 0.224 0.0423436 0.0181042
0.992437 9.9946E-05 9.9946E-05 9.9946E-05 0.00696377 9.9946E-05 9.9946E-05 9.9946E-05
0.188656 0.0993527 9.9991E-05 0.0173738 0.0384617 0.20157 0.197931 0.256554
0.768762 9.99551E-05 9.99551E-05 0.0181765 9.99551E-05 9.99551E-05 0.212562 9.99551E-05
0.59954 0.0430956 9.9982E-05 0.0119901 0.0797659 9.9982E-05 0.00951039 0.255898
0.319529 0.017824 0.1848 0.147755 0.052173 9.9991E-05 0.179105 0.0987133
0.14431 0.0581481 0.0731116 0.113503 9.9982E-05 0.180273 0.430455 9.9982E-05
9.9955E-05 0.0469133 9.9955E-05 9.9955E-05 0.0750805 9.9955E-05 9.9955E-05 0.877506
0.13 0.11618 0.175962 0.0953683 9.9991E-05 0.147553 0.070927 0.26391
0.0944879 0.0952856 0.216478 9.9982E-05 0.104679 9.9982E-05 0.0513329 0.437536
9.9946E-05 0.0957607 9.9946E-05 9.9946E-05 0.90364 9.9946E-05 9.9946E-05 9.9946E-05
0.059353 0.0124463 0.189371 0.130451 0.0127628 0.479659 9.9991E-05 0.115857
9.9964E-05 0.00527659 0.00405564 9.9964E-05 9.9964E-05 0.893322 9.9964E-05 0.0969462
0.0374442 0.0318964 9.9982E-05 0.13242 0.0693336 0.333934 9.9982E-05 0.394772
0.125314 0.0368045 0.181857 9.9982E-05 0.0903686 9.9982E-05 0.13173 0.433726
0.0392793 9.9982E-05 0.0513128 9.9982E-05 0.101203 0.422259 0.115654 0.270091
0.17728 0.0964018 0.243791 0.0978247 0.077337 0.237524 0.012047 0.0577944
0.866974 9.9946E-05 9.9946E-05 0.132426 9.9946E-05 9.9946E-05 9.9946E-05 9.9946E-05
0.0077486 0.0538753 0.503486 9.9973E-05 0.0513383 0.383252 9.9973E-05 9.9973E-05
9.9991E-05 0.0799127 0.187803 0.0270226 0.158005 0.0752424 0.194262 0.277653
0.204146 0.0378568 0.44511 0.0679274 0.0677269 9.9991E-05 0.0554507 0.121682
9.9982E-05 0.00492695 0.30806 0.144525 0.114571 0.140612 0.287104 9.9982E-05
0.371007 0.0394745 0.34913 0.102957 0.0421711 9.9982E-05 0.0950606 9.9982E-05
0.262528 0.170307 9.9991E-05 0.0130528 0.030292 0.0966866 0.221256 0.205778
9.9973E-05 0.0362091 0.0209906 0.13023 0.0231571 9.9973E-05 9.9973E-05 0.789114
9.9955E-05 9.9955E-05 9.9955E-05 0.0792613 9.9955E-05 0.00930058 9.9955E-05 0.910938
9.9991E-05 0.0453805 0.0737208 0.00296025 0.212816 0.0448489 0.0185757 0.601598
0.048879 0.0611718 0.195703 9.9991E-05 0.0510805 0.10254 0.208026 0.3325
0.0171432 0.00234395 0.14954 0.0563934 0.0295162 0.231652 0.0935936 0.419818
0.11425 9.9973E-05 9.9973E-05 0.0575075 0.179847 9.9973E-05 0.414653 0.233443
9.9982E-05 0.0246834 0.379518 0.0471235 0.0211322 9.9982E-05 0.281742 0.245601
0.155712 0.0540993 9.9991E-05 0.0143315 0.0558972 0.145754 0.0234686 0.550637
0.187959 9.9973E-05 9.9973E-05 0.0937266 9.9973E-05 0.0755242 0.303725 0.338765
9.9964E-05 0.032152 0.0481637 9.9964E-05 9.9964E-05 0.841119 9.9964E-05 0.0781656
0.0690088 0.122662 9.9973E-05 0.0833418 9.9973E-05 9.9973E-05 0.520477 0.204211
0.141257 0.0367285 0.27428 0.0981376 0.117844 0.331553 9.9982E-05 9.9982E-05
0.291696 0.00716124 9.9964E-05 9.9964E-05 9.9964E-05 0.124148 0.576594 9.9964E-05
9.9955E-05 9.9955E-05 9.9955E-05 0.0146525 0.959282 0.0255653 9.9955E-05 9.9955E-05
0.154257 9.9973E-05 0.271506 0.0690902 9.9973E-05 9.9973E-05 0.483508 0.0213388
9.9973E-05 0.111626 0.0628174 0.0501591 9.9973E-05 9.9973E-05 0.0873205 0.687777
0.0688421 0.0636245 0.581671 9.9982E-05 0.044004 0.177627 9.9982E-05 0.0640319
0.168984 0.0353295 0.0248101 0.0184111 9.9991E-05 0.00460229 0.0369835 0.710779
9.9973E-05 9.9973E-05 0.0934572 0.0687783 0.0480988 0.263416 9.9973E-05 0.52595
0.416203 9.99641E-05 9.99641E-05 0.0773372 9.99641E-05 0.426715 0.0793452 9.99641E-05
0.583894 9.99641E-05 9.99641E-05 0.0964528 9.99641E-05 9.99641E-05 0.0810365 0.238217
9.9973E-05 0.0352977 0.0704855 9.9973E-05 0.440327 0.20014 0.253451 9.9973E-05
0.101614 9.9982E-05 0.152422 9.9982E-05 0.306689 0.0978647 0.0640117 0.277199
0.158097 0.054944 0.0841688 0.0291035 0.130619 0.140969 0.0380507 0.364048
9.994E-05 9.994E-05 9.994E-05 9.994E-05 0.9993 9.994E-05 9.994E-05 9.994E-05
0.117958 0.0901979 0.2336 0.125066 0.0405303 9.9991E-05 0.11658 0.275968
9.99549E-05 0.0138154 9.99549E-05 0.9797 9.99549E-05 0.00598462 9.99549E-05 9.99549E-05
9.9973E-05 9.9973E-05 0.326875 0.0975382 9.9973E-05 0.152433 0.332966 0.0898877
9.9973E-05 0.01059 0.423819 9.9973E-05 9.9973E-05 0.018398 0.216098 0.330795
0.123605 9.9991E-05 0.248141 0.0334751 0.0124706 0.140086 0.247863 0.194259
0.368062 0.0569598 0.0600458 0.0684739 0.205913 0.0419951 0.0863506 0.1122
0.113677 0.0121402 0.4562 0.0614677 0.0302206 9.9991E-05 0.00322061 0.322974
0.308455 0.0327974 0.0343373 9.9991E-05 0.0320794 0.182857 0.254071 0.155303
0.0541604 0.0434239 0.187348 0.164678 9.9982E-05 0.0771393 9.9982E-05 0.47305
0.00415202 0.054382 9.9982E-05 0.103325 0.11367 9.9982E-05 0.579773 0.144498
0.126757 0.0472322 0.141406 0.102211 0.050874 9.9991E-05 0.0837995 0.44762
9.9991E-05 0.038604 0.211925 0.0191447 0.459832 0.0165759 0.072552 0.181267
0.350077 9.9973E-05 9.9973E-05 0.0561033 9.9973E-05 0.266361 0.0934114 0.233748
9.994E-05 9.994E-05 9.994E-05 9.994E-05 0.9993 9.994E-05 9.994E-05 9.994E-05
0.140919 9.9982E-05 0.3153 0.167629 9.9982E-05 0.112099 0.150116 0.113738
0.197234 0.0839317 0.0555355 0.0295072 0.039697 0.573143 0.0208511 9.9991E-05
0.294809 9.9973E-05 9.9973E-05 0.0173601 0.0384314 9.9973E-05 0.0776148 0.571484
9.9964E-05 0.0705608 0.122617 9.9964E-05 9.9964E-05 0.224275 0.582148 9.9964E-05
0.212705 0.110591 9.9973E-05 9.9973E-05 0.0967168 0.195144 9.9973E-05 0.384543
9.9973E-05 0.0799782 0.0211124 9.9973E-05 0.354589 0.102589 9.9973E-05 0.441431
0.379632 0.120109 9.9982E-05 0.066144 0.151064 0.109707 9.9982E-05 0.173143
0.0407402 0.0148653 0.274374 0.0763602 9.9982E-05 9.9982E-05 0.18732 0.40614
0.432149 0.0272189 9.9973E-05 0.10205 0.114313 9.9973E-05 0.323969 9.9973E-05
0.106655 0.0277438 0.327792 9.9982E-05 9.9982E-05 0.0277643 0.0250139 0.484831
9.9973E-05 0.0730146 0.227403 9.9973E-05 9.9973E-05 0.0522067 0.531924 0.115152
0.348984 9.9982E-05 9.9982E-05 0.0489306 0.154838 0.0271735 0.20745 0.212424
0.0264752 0.039179 9.9964E-05 9.9964E-05 9.9964E-05 9.9964E-05 0.483932 0.450014
0.0521228 0.0168449 0.106165 0.0127836 0.139478 0.196744 0.475761 9.9991E-05
9.9982E-05 0.0272643 9.9982E-05 0.00069427 0.0511561 0.611702 0.167157 0.141826
0.0304548 0.136912 9.9973E-05 9.9973E-05 0.0986049 0.162507 9.9973E-05 0.571221
0.0792747 0.0490854 0.00382764 9.9982E-05 0.257542 9.9982E-05 0.204026 0.406043
0.0510753 0.0925915 0.417883 0.0168834 0.102656 9.9982E-05 9.9982E-05 0.318711
0.0495533 0.01964 9.9991E-05 0.0338383 0.0943022 0.208027 0.217576 0.376964
0.305221 0.0929563 9.9982E-05 0.086925 9.9982E-05 0.0113925 0.422187 0.0811184
9.9946E-05 9.9946E-05 0.928686 9.9946E-05 9.9946E-05 9.9946E-05 0.0707139 9.9946E-05
9.99551E-05 0.00449971 0.990868 9.99551E-05 0.00413222 9.99551E-05 9.99551E-05 9.99551E-05
0.313343 0.0291392 0.0882215 9.9991E-05 0.0409549 0.0328468 0.455467 0.0399277
0.160886 0.0299099 0.00713985 0.104846 0.0836475 9.9991E-05 0.152739 0.460731
0.0190294 0.112614 9.9991E-05 0.0808348 0.101642 0.17006 0.241014 0.274706
9.9973E-05 0.0204002 0.44304 0.0881188 9.9973E-05 9.9973E-05 0.209739 0.238402
0.24731 9.9973E-05 9.9973E-05 0.0501374 0.14048 9.9973E-05 0.115548 0.446225
0.276682 0.027731 9.9982E-05 9.9982E-05 0.027828 0.177211 0.462593 0.027755
0.112229 0.0611607 0.167932 0.0867734 0.0220938 0.213984 9.9991E-05 0.335727
9.9991E-05 0.115544 0.0802372 0.00404747 0.358705 0.239856 0.00288622 0.198624
0.103011 0.0299587 0.207504 0.0368452 9.9991E-05 0.129254 0.161388 0.331939
9.994E-05 0.9993 9.994E-05 9.994E-05 9.994E-05 9.994E-05 9.994E-05 9.994E-05
9.9973E-05 0.07055 9.9973E-05 0.107708 9.9973E-05 0.559501 0.096896 0.165046
0.0283911 0.0526694 0.0346602 0.240075 9.9982E-05 0.182004 9.9982E-05 0.462
9.9982E-05 0.0359799 0.0132782 0.0350248 0.0348783 9.9982E-05 0.722563 0.158075
0.0905834 0.0853763 0.0849749 0.240175 9.9982E-05 9.9982E-05 0.17433 0.32436
0.190951 0.168667 9.9991E-05 0.010102 0.0851818 0.136795 0.272676 0.135526
0.307084 0.073214 0.0654804 0.0188377 0.0864799 0.0784107 0.0827603 0.287733
9.9973E-05 0.0203867 9.9973E-05 9.9973E-05 0.0551538 0.0177539 0.582948 0.323458
9.9991E-05 0.00960388 0.228708 0.0861028 0.196526 0.251879 0.0914567 0.135624
0.329319 0.083376 9.9973E-05 9.9973E-05 9.9973E-05 0.0597526 0.25837 0.268883
0.176689 0.0917063 9.9991E-05 0.041197 0.0967213 0.254923 0.160245 0.178419
0.164195 9.9964E-05 9.9964E-05 9.9964E-05 0.105273 0.679239 9.9964E-05 0.0508925
0.161549 0.0843062 0.0450558 0.0671123 0.0946909 9.9991E-05 0.208218 0.338967
9.9982E-05 0.0662286 0.0427922 9.9982E-05 0.0831396 0.0662888 0.388337 0.353013
9.994E-05 0.9993 9.994E-05 9.994E-05 9.994E-05 9.994E-05 9.994E-05 9.994E-05
0.0245268 0.366162 0.280017 0.0276142 9.9991E-05 0.135491 0.107863 0.0582257
0.317546 9.9982E-05 0.195256 0.0522716 0.0333838 0.255311 9.9982E-05 0.146032
0.443711 0.0692382 0.0607983 0.0204063 9.9991E-05 0.198271 0.0705885 0.136886
9.9964E-05 0.0554307 9.9964E-05 0.028868 9.9964E-05 0.897134 0.0181677 9.9964E-05
0.113617 0.0912945 0.0993625 9.9982E-05 9.9982E-05 0.106814 0.282057 0.306656
0.321976 0.0704097 0.0849815 0.152035 9.9991E-05 0.052558 0.0454791 0.27246
0.0866791 9.9946E-05 0.912721 9.9946E-05 9.9946E-05 9.9946E-05 9.9946E-05 9.9946E-05
9.9982E-05 0.0812873 0.283294 9.9982E-05 0.0925064 0.222341 0.131943 0.188428
0.337201 9.9973E-05 0.168367 9.9973E-05 0.05134 9.9973E-05 0.219681 0.223111
0.366786 0.0504576 0.256307 0.0978667 0.0450418 9.9982E-05 0.183341 9.9982E-05
0.0348187 0.0856579 9.9982E-05 0.0297948 0.189116 0.249346 9.9982E-05 0.411066
0.723288 0.00518114 0.271032 9.9955E-05 9.9955E-05 9.9955E-05 9.9955E-05 9.9955E-05
0.118135 0.103091 0.030873 0.01875 9.9991E-05 0.190593 0.0436349 0.494823
0.458214 9.9964E-05 0.0813938 0.0947404 9.9964E-05 9.9964E-05 9.9964E-05 0.365252
9.9964E-05 0.0572483 0.231775 9.9964E-05 9.9964E-05 9.9964E-05 0.388639 0.321937
0.302959 9.9973E-05 0.155526 0.0237158 9.9973E-05 9.9973E-05 0.409004 0.108496
9.99459E-05 9.99459E-05 9.99459E-05 0.970125 0.0292753 9.99459E-05 9.99459E-05 9.99459E-05
0.324296 9.9973E-05 9.9973E-05 0.0161306 0.101534 9.9973E-05 0.402334 0.155405
9.9964E-05 9.9964E-05 0.847919 9.9964E-05 0.0979005 0.0449526 0.00882833 9.9964E-05
9.9991E-05 0.0884179 0.283722 0.00585053 0.104572 0.182675 0.248846 0.0858156
0.326015 9.9982E-05 0.137385 0.0407242 0.0293486 0.3989 9.9982E-05 0.0674269
0.0958005 9.9973E-05 9.9973E-05 9.9973E-05 0.186744 0.261833 0.205687 0.249636
9.9982E-05 0.00560808 0.108362 9.9982E-05 0.0233264 0.137357 0.324527 0.400619
9.994E-05 9.994E-05 9.994E-05 0.9993 9.994E-05 9.994E-05 9.994E-05 9.994E-05
0.093639 0.123264 0.0713161 9.9991E-05 0.0290101 0.126125 0.0219102 0.534636
0.162477 0.0112937 0.228587 0.203545 0.000496499 0.3934 9.9982E-05 9.9982E-05
9.9973E-05 0.0314521 9.9973E-05 0.03047 0.0272461 0.118284 9.9973E-05 0.792248
0.375298 0.0498119 0.149251 9.9982E-05 0.131174 0.1281 0.166165 9.9982E-05
