0.31404 9.9991E-05 0.187701 0.498159
0.18575 0.148714 0.364497 0.301039
0.290133 0.503312 0.206455 9.99911E-05
0.643341 0.185934 0.169923 0.000802124
0.379571 9.9991E-05 0.230353 0.389976
0.55048 0.233842 0.00480972 0.210869
0.362445 9.99911E-05 0.237973 0.399482
0.178567 9.99821E-05 9.99821E-05 0.821233
0.2339 0.100675 0.613131 0.0522941
0.0570964 0.505703 0.437101 9.99911E-05
0.1476 0.51847 0.100317 0.233613
9.99821E-05 9.99821E-05 0.700452 0.299348
0.252557 0.144594 0.123253 0.479596
0.491298 9.9991E-05 0.453139 0.0554623
0.0254641 0.114825 0.493684 0.366027
0.569986 9.99911E-05 0.280951 0.148963
0.160027 0.198322 0.455574 0.186077
0.411738 0.187901 0.400261 9.9991E-05
9.99821E-05 9.99821E-05 0.30609 0.69371
0.22738 0.253503 0.133946 0.385171
0.271608 0.503877 0.224415 9.99911E-05
0.0749623 0.177555 0.328475 0.419008
0.475896 0.470369 0.0536347 9.9991E-05
0.9997 9.998E-05 9.998E-05 9.998E-05
0.549219 0.450581 9.99821E-05 9.99821E-05
0.702467 9.9991E-05 0.21789 0.0795423
9.9991E-05 0.191371 0.799271 0.00925868
9.99911E-05 0.349237 0.317673 0.33299
9.9991E-05 0.3765 0.00892328 0.614477
0.9997 9.998E-05 9.998E-05 9.998E-05
9.99911E-05 0.254265 0.41419 0.331446
0.222935 0.130001 0.122755 0.524309
9.99821E-05 0.657 0.3428 9.99821E-05
0.209574 9.99911E-05 0.127687 0.662639
0.78478 9.9991E-05 0.0838344 0.131285
0.270569 0.0377857 0.518252 0.173393
0.137596 0.028487 0.271531 0.562386
0.0779789 0.898065 9.99911E-05 0.0238559
0.211319 0.186588 0.317363 0.284729
0.159395 0.377746 9.9991E-05 0.46276
0.279397 9.99822E-05 0.720403 9.99822E-05
0.0925823 0.242078 0.665239 9.99911E-05
0.269535 0.0960031 0.28974 0.344723
0.142488 0.233524 0.320621 0.303367
0.177141 0.145851 0.100624 0.576384
0.255521 0.13888 0.290319 0.315281
0.47692 9.99911E-05 0.460796 0.0621843
0.0461836 0.216308 0.737408 9.9991E-05
9.99911E-05 0.0331511 0.4239 0.542849
0.377072 9.9991E-05 0.118361 0.504467
0.691001 9.9982E-05 9.9982E-05 0.308799
0.19863 0.474096 0.327174 9.9991E-05
0.476538 9.99821E-05 0.523263 9.99821E-05
0.292648 0.244137 9.99911E-05 0.463115
0.0398617 0.145172 0.456813 0.358153
9.99911E-05 0.00660572 0.610143 0.383152
0.705461 9.99821E-05 9.99821E-05 0.294339
9.99822E-05 9.99822E-05 0.639788 0.360012
9.9991E-05 0.173571 0.33297 0.49336
0.267099 0.256631 0.35618 0.120091
0.229842 0.206488 0.0975044 0.466165
0.215406 9.99821E-05 0.784394 9.99821E-05
9.9991E-05 0.0730151 0.815451 0.111434
0.914011 0.0826431 9.99911E-05 0.0032463
0.297564 9.99911E-05 0.0812707 0.621065
0.116728 0.00685506 0.620667 0.25575
0.605236 0.178313 0.0103785 0.206072
0.21997 0.0415367 0.491386 0.247107
9.9991E-05 0.0272118 0.264073 0.708615
0.108481 0.338224 0.273681 0.279614
0.16732 0.341747 0.490834 9.9991E-05
0.201431 9.9991E-05 0.739761 0.0587074
0.0694632 9.99911E-05 0.24401 0.686427
0.104574 9.99911E-05 0.203903 0.691423
0.488241 9.99822E-05 9.99822E-05 0.511559
0.0196905 9.9991E-05 0.600852 0.379358
0.447337 9.99911E-05 0.503259 0.0493041
0.0870949 0.224556 0.498955 0.189394
9.9991E-05 0.120657 0.160691 0.718552
9.99911E-05 0.0454889 0.276992 0.677419
0.0894637 0.012735 0.286667 0.611134
0.442285 0.14729 0.115316 0.295109
0.0994936 0.4703 0.230632 0.199574
0.40686 0.135485 9.9991E-05 0.457555
0.519978 9.9991E-05 0.476387 0.00353441
0.233889 0.195321 0.566967 0.00382343
9.99911E-05 0.245224 0.637312 0.117364
0.792305 9.9991E-05 0.18477 0.0228259
0.264886 0.511934 9.99911E-05 0.22308
0.0213905 0.36846 0.191093 0.419057
0.9997 9.998E-05 9.998E-05 9.998E-05
0.465503 0.200479 0.321329 0.0126901
0.280293 0.168896 0.550712 9.99911E-05
0.292385 0.351815 0.3557 9.9991E-05
9.9991E-05 0.00367054 0.866238 0.129991
0.220349 0.190433 0.528571 0.0606466
0.518916 0.187237 0.293748 9.9991E-05
0.0340264 0.145694 0.820179 9.9991E-05
0.608726 0.17248 9.9991E-05 0.218694
0.810466 0.140011 0.0494228 9.9991E-05
0.24409 0.183687 0.572122 9.99911E-05
0.876242 0.123558 9.99822E-05 9.99822E-05
0.155992 0.672579 0.171329 9.99911E-05
9.998E-05 0.9997 9.998E-05 9.998E-05
0.240495 0.032012 0.17775 0.549743
0.37153 9.9991E-05 0.314137 0.314233
0.0825675 9.9991E-05 0.275676 0.641656
0.0599607 0.337737 0.138777 0.463525
0.00858874 0.0224412 0.0404573 0.928513
0.113122 0.708319 9.99911E-05 0.17846
0.674834 9.99911E-05 0.124008 0.201058
0.556995 9.99821E-05 9.99821E-05 0.442805
0.680246 0.122515 9.99911E-05 0.197139
0.036134 0.0533528 9.99911E-05 0.910413
0.9997 9.998E-05 9.998E-05 9.998E-05
0.0567797 0.369825 0.481672 0.091723
0.311645 9.9991E-05 0.523401 0.164855
0.0279182 9.99911E-05 0.365781 0.606201
0.305369 0.116541 9.9991E-05 0.57799
0.286288 0.252747 0.0727194 0.388246
0.931812 9.99821E-05 0.0679876 9.99821E-05
0.540221 0.213939 0.100389 0.145451
0.431838 0.0450421 9.9991E-05 0.52302
0.100256 0.391348 0.337172 0.171224
0.431012 0.251476 0.317412 9.99911E-05
0.308314 0.0342123 0.458932 0.198542
0.265429 0.0151035 0.719368 9.99911E-05
0.175265 0.198209 0.184045 0.442482
0.101631 0.898169 9.99821E-05 9.99821E-05
0.0989582 0.407826 0.26266 0.230556
0.0950663 0.0424483 0.862385 9.99911E-05
0.545177 0.212506 0.0946739 0.147643
9.9991E-05 0.227705 0.514482 0.257713
9.9991E-05 0.564012 0.217343 0.218545
9.99821E-05 0.360276 0.639524 9.99821E-05
0.266698 0.243216 9.99911E-05 0.489986
9.99821E-05 0.160486 9.99821E-05 0.839314
0.0187075 0.409735 9.99911E-05 0.571457
9.99911E-05 0.14232 0.344768 0.512812
0.479464 9.99821E-05 9.99821E-05 0.520336
0.341009 0.280862 0.17675 0.201379
0.301537 0.533544 0.164818 9.99911E-05
0.0880941 0.295106 0.605641 0.0111585
0.00414428 0.573322 0.422434 9.9991E-05
0.950816 0.0201585 0.0289254 9.99911E-05
0.330563 9.9991E-05 0.0281696 0.641167
0.029655 9.99821E-05 0.970145 9.99821E-05
0.432714 0.281915 0.0517841 0.233587
0.673008 0.0244465 0.02042 0.282125
0.0288594 0.278079 0.692962 9.99911E-05
9.99911E-05 0.0629518 0.29005 0.646898
0.0870204 9.99911E-05 0.85108 0.0617994
0.13265 0.0386457 0.184848 0.643856
0.00356056 0.124855 0.290147 0.581437
0.833046 9.99822E-05 9.99822E-05 0.166754
9.99911E-05 0.398063 0.495938 0.105899
0.183285 0.604016 9.99911E-05 0.2126
0.122538 0.113026 0.548455 0.215981
0.139002 9.99821E-05 9.99821E-05 0.860798
0.439346 0.0928552 0.164166 0.303632
9.998E-05 9.998E-05 0.9997 9.998E-05
0.0656101 9.9991E-05 0.486746 0.447544
0.33399 9.9991E-05 0.0744648 0.591445
0.102964 9.99821E-05 0.896836 9.99821E-05
9.99822E-05 9.99822E-05 0.72526 0.27454
0.560143 9.9991E-05 0.214632 0.225125
0.175805 0.104224 0.278535 0.441436
9.998E-05 9.998E-05 9.998E-05 0.9997
0.130198 0.0253364 0.537198 0.307268
0.303299 0.269166 0.226689 0.200846
0.16116 0.328721 9.99911E-05 0.510018
9.9991E-05 0.179863 0.0895363 0.730501
9.9991E-05 0.328902 0.437245 0.233753
0.479752 0.291262 0.228886 9.9991E-05
0.332509 0.140327 0.0200769 0.507087
0.027157 9.99822E-05 9.99822E-05 0.972643
0.306292 0.0108261 0.278505 0.404378
9.99821E-05 0.99637 0.00343022 9.99821E-05
0.189896 0.295121 0.349208 0.165775
9.99821E-05 0.311012 0.688788 9.99821E-05
9.99821E-05 0.12671 0.87309 9.99821E-05
0.188967 0.238436 0.555915 0.016681
0.486747 0.00518283 0.275105 0.232965
0.144209 9.99822E-05 9.99822E-05 0.855591
9.998E-05 0.9997 9.998E-05 9.998E-05
9.99822E-05 9.99822E-05 0.386575 0.613225
0.027732 0.0909852 0.21542 0.665863
0.264817 0.138047 0.0890093 0.508126
0.390671 0.421933 0.0554444 0.131952
