0.102872 0.330169 0.566959
0.282941 0.482112 0.234946
9.999E-05 0.311622 0.688278
0.155475 0.170632 0.673893
0.431475 0.044984 0.523541
0.295775 0.204422 0.499802
0.551046 9.99911E-05 0.448854
0.0239019 9.99911E-05 0.975998
0.148665 0.851235 9.99911E-05
0.0807953 0.919105 9.99911E-05
0.112695 0.444656 0.442649
9.99911E-05 0.450407 0.549493
0.238905 0.0173694 0.743726
0.628003 9.9991E-05 0.371897
9.99911E-05 0.553904 0.445996
0.300693 9.99911E-05 0.699207
0.135286 0.654416 0.210298
0.412045 0.3149 0.273055
9.99911E-05 0.491728 0.508172
0.174506 0.0995715 0.725923
0.643646 0.352843 0.00351158
9.9991E-05 0.462773 0.537127
0.471124 0.0967857 0.432091
0.790223 9.9991E-05 0.209677
0.504488 0.00156149 0.493951
0.251964 0.213976 0.53406
0.195497 0.747122 0.0573811
9.99911E-05 0.793263 0.206637
9.9991E-05 0.00665072 0.993249
0.093103 0.43007 0.476827
0.622871 0.210287 0.166842
0.431487 0.0529604 0.515553
0.159439 0.740861 0.0996996
0.178034 0.0399716 0.781994
0.362565 9.9991E-05 0.637335
0.404177 0.363738 0.232085
0.335666 0.349772 0.314562
0.230079 0.416211 0.353711
0.501425 9.99911E-05 0.498475
0.209256 9.9991E-05 0.790644
0.138552 0.861348 9.99911E-05
0.681701 0.284665 0.033635
0.429059 0.235287 0.335654
0.0240189 0.350089 0.625892
0.342373 0.0555513 0.602075
0.145266 0.231962 0.622772
0.00787308 0.85696 0.135167
0.161014 0.810822 0.0281645
9.99911E-05 0.471425 0.528475
0.236545 9.9991E-05 0.763355
9.999E-05 9.999E-05 0.9998
0.475881 0.524019 9.9991E-05
9.9991E-05 0.825909 0.173991
9.999E-05 9.999E-05 0.9998
0.442006 0.301599 0.256396
0.0822216 0.734549 0.183229
0.382773 0.0123887 0.604838
0.298223 0.692601 0.00917581
0.583553 0.153722 0.262725
0.436126 0.284179 0.279695
9.9991E-05 0.222753 0.777147
0.527138 0.472762 9.9991E-05
9.9991E-05 0.933697 0.0662028
0.556597 9.99911E-05 0.443303
0.159986 0.188721 0.651293
9.99911E-05 0.724889 0.275011
0.421515 9.9991E-05 0.578385
0.248059 0.402991 0.34895
9.9991E-05 0.215018 0.784882
0.0469913 0.622683 0.330326
0.445223 0.38459 0.170188
0.465385 0.534515 9.99911E-05
0.651896 9.99911E-05 0.348004
0.174424 0.174225 0.651352
0.32151 9.99911E-05 0.67839
0.474271 0.237388 0.288342
9.99911E-05 0.571032 0.428868
0.171286 0.672724 0.155991
0.0931877 0.0890968 0.817716
9.9991E-05 0.098024 0.901876
0.185393 9.99911E-05 0.814507
0.259737 0.104507 0.635756
0.68613 0.0761901 0.23768
9.99911E-05 0.290044 0.709856
0.579671 0.271419 0.14891
0.135412 0.630955 0.233633
0.419196 0.481803 0.0990011
0.487452 0.23772 0.274829
0.0481582 0.143854 0.807988
9.9991E-05 0.535675 0.464225
0.302418 9.99911E-05 0.697482
0.819084 9.99911E-05 0.180816
0.459546 0.381307 0.159147
0.0814047 0.699709 0.218887
0.155226 0.844674 9.9991E-05
0.229962 0.352341 0.417697
0.352477 0.508524 0.138999
9.9991E-05 0.809457 0.190443
0.488315 9.9991E-05 0.511585
0.593453 0.406447 9.9991E-05
0.483604 0.516296 9.99911E-05
0.407574 0.322313 0.270112
0.102494 0.897406 9.99911E-05
0.0140822 0.60005 0.385868
0.00376299 0.218592 0.777645
0.127699 0.484126 0.388175
0.33391 0.273728 0.392361
9.9991E-05 0.273574 0.726326
9.99911E-05 0.0646461 0.935254
0.255536 9.99911E-05 0.744364
0.847487 0.00774763 0.144765
0.0454974 9.99911E-05 0.954403
0.313253 9.99911E-05 0.686647
9.999E-05 9.999E-05 0.9998
0.815459 0.184441 9.99911E-05
0.0309391 0.457704 0.511356
9.9991E-05 0.388932 0.610968
9.99911E-05 0.540249 0.459651
0.0273755 0.224947 0.747677
0.362291 0.0856069 0.552102
0.417904 0.255617 0.326479
0.836466 9.9991E-05 0.163434
9.999E-05 9.999E-05 0.9998
0.696292 0.0882075 0.2155
9.99911E-05 0.589762 0.410138
0.208045 0.605066 0.186889
0.209299 0.628432 0.162269
0.299293 9.99911E-05 0.700607
0.397333 9.99911E-05 0.602567
0.353536 0.10527 0.541194
0.11184 0.88806 9.99911E-05
0.355064 0.255949 0.388987
0.0896967 0.589601 0.320703
0.0556106 0.560065 0.384325
0.163938 0.835962 9.99911E-05
0.104975 0.136428 0.758597
9.999E-05 9.999E-05 0.9998
9.999E-05 9.999E-05 0.9998
0.463217 0.243449 0.293334
9.9991E-05 0.0167215 0.983179
0.290718 0.0818509 0.627431
0.410981 0.356525 0.232495
0.148405 0.623262 0.228333
9.999E-05 0.9998 9.999E-05
0.489698 0.0554357 0.454866
0.261959 9.9991E-05 0.737941
0.9998 9.999E-05 9.999E-05
0.0907525 0.291293 0.617954
0.871156 9.9991E-05 0.128744
0.498285 0.338198 0.163517
0.261416 0.125759 0.612824
9.9991E-05 0.818234 0.181666
0.104523 0.176416 0.719062
0.176536 0.312385 0.511079
0.9998 9.999E-05 9.999E-05
0.0865064 0.499493 0.414
0.387243 9.99911E-05 0.612657
9.99911E-05 0.387607 0.612293
9.99911E-05 0.0334963 0.966404
0.49409 0.0178952 0.488015
0.996572 0.00332773 9.99911E-05
0.153302 0.309545 0.537154
0.420846 0.0309943 0.548159
0.201995 0.797905 9.9991E-05
0.0408833 0.830154 0.128963
0.369451 0.233271 0.397278
0.0484977 0.277192 0.67431
9.999E-05 9.999E-05 0.9998
0.963738 0.00448996 0.0317723
0.394108 0.302139 0.303753
9.999E-05 9.999E-05 0.9998
0.170909 0.00859276 0.820498
9.99911E-05 0.644314 0.355586
0.394163 0.276077 0.329759
0.00553658 0.114413 0.880051
0.0528403 0.00688811 0.940272
0.408302 0.207792 0.383906
0.385032 0.163111 0.451857
0.465945 0.208118 0.325938
9.999E-05 0.9998 9.999E-05
0.506631 0.493269 9.99911E-05
0.268244 0.426741 0.305015
0.364937 0.297741 0.337321
0.0210704 0.0858047 0.893125
9.99911E-05 0.101112 0.898788
9.99911E-05 0.338357 0.661543
0.221459 0.177312 0.601229
0.329958 9.99911E-05 0.669942
0.686198 0.110975 0.202827
