0.075617 0.0388214 0.309086 0.576475
0.208995 0.234134 0.23813 0.318741
0.23799 0.0366253 0.12124 0.604145
0.0608184 9.9991E-05 0.129805 0.809277
0.0646882 0.213293 0.224785 0.497234
9.9991E-05 0.138584 0.227853 0.633463
0.130651 0.0532905 0.201058 0.615001
0.082038 0.367046 0.184415 0.366501
9.999E-05 0.480264 0.168861 0.350775
0.110835 0.270113 0.51915 0.0999017
0.0101047 0.404195 0.5856 9.9991E-05
0.0260457 0.791493 0.182361 9.9991E-05
0.0740899 0.200489 0.283461 0.44196
0.122364 0.228646 0.233497 0.415494
0.0465887 0.28853 0.405285 0.259596
0.257143 0.281727 0.146147 0.314983
0.316693 9.9991E-05 0.274336 0.408871
0.186684 0.172691 0.371047 0.269578
0.155517 0.413018 0.0342407 0.397225
0.143242 0.174988 0.161814 0.519956
9.9991E-05 0.103795 0.40846 0.487645
0.132792 0.334994 0.184428 0.347786
0.0905696 0.213157 0.187457 0.508817
0.276982 0.0973003 0.0736588 0.552059
9.9982E-05 0.297485 0.702315 9.9982E-05
0.281026 9.9991E-05 0.0701728 0.648701
0.198711 0.418615 0.3125 0.070175
0.293724 0.128421 0.209038 0.368817
0.157908 0.311137 0.118439 0.412516
0.759445 0.0752545 9.9991E-05 0.165201
0.0529819 0.634337 0.262639 0.0500422
9.9991E-05 0.62598 0.318506 0.0554136
0.0970972 0.232311 0.0744884 0.596104
9.9991E-05 0.250743 0.32506 0.424096
0.0382627 0.153166 0.409852 0.39872
0.131204 9.9991E-05 0.294978 0.573718
9.9982E-05 9.9982E-05 0.270888 0.728912
0.338382 0.0405999 0.620919 9.9991E-05
0.0774484 0.430382 0.12263 0.369539
9.9991E-05 0.423725 0.301988 0.274188
0.245469 0.443171 0.141674 0.169686
0.0702841 0.148963 0.245522 0.535231
0.0243499 0.188048 0.188601 0.599
0.218393 0.45393 9.9991E-05 0.327577
0.104908 0.600672 0.293611 0.000808599
0.0107289 0.277883 0.287799 0.423589
0.0370495 0.324546 0.223452 0.414953
0.0672674 0.394786 0.0318886 0.506058
0.252391 0.563149 0.170999 0.0134614
0.179303 0.356357 0.0358351 0.428504
0.161787 0.305459 0.385459 0.147295
0.0542671 0.3379 0.223547 0.384286
0.176791 0.441711 9.9991E-05 0.381398
0.127036 0.203209 0.456074 0.213681
0.192471 0.80733 9.9982E-05 9.9982E-05
9.9991E-05 0.236127 0.257263 0.506509
0.0930375 0.844255 0.0626074 9.9991E-05
0.136612 0.516504 0.154027 0.192856
9.9991E-05 0.469163 0.326201 0.204537
9.9991E-05 0.54343 0.429119 0.0273502
0.138538 0.041336 0.0142605 0.805865
9.9991E-05 0.200725 0.375624 0.423551
0.0572285 0.285551 0.01466 0.64256
0.907266 9.9982E-05 0.0925344 9.9982E-05
0.126159 9.9991E-05 0.248418 0.625323
9.9982E-05 9.9982E-05 0.223807 0.775993
0.0404623 0.0520351 0.196166 0.711337
0.104894 0.313407 0.139844 0.441855
0.216623 9.9991E-05 0.132696 0.650581
0.310995 0.216335 0.337711 0.134959
0.0114677 0.628183 0.316959 0.0433904
0.155848 0.235374 0.279223 0.329555
0.18546 0.31767 0.30692 0.18995
0.132069 0.587452 0.177719 0.10276
0.127466 0.461604 0.355335 0.0555953
0.0574787 0.73074 0.189677 0.022105
0.0496384 0.0700959 0.272508 0.607758
0.109125 0.132801 0.0970415 0.661032
9.9991E-05 0.160527 0.0432314 0.796142
0.244849 0.145832 0.00116423 0.608155
0.139075 0.242093 0.190617 0.428216
0.0699446 0.0863352 0.309039 0.534682
0.219155 0.457169 0.15613 0.167546
0.208514 0.31147 0.129646 0.35037
0.0728164 0.296314 0.0697521 0.561117
9.9991E-05 0.563957 0.177129 0.258814
0.0872932 9.9991E-05 0.128052 0.784555
9.9991E-05 0.501171 0.274271 0.224457
0.328978 0.00384911 0.3803 0.286873
9.9991E-05 0.547876 0.282735 0.169289
0.9997 9.998E-05 9.998E-05 9.998E-05
9.9991E-05 0.43282 0.355162 0.211917
9.9991E-05 0.098285 0.208348 0.693267
0.206802 0.417931 0.162069 0.213198
9.9991E-05 0.0785678 0.18833 0.733002
0.0773623 0.0434266 0.114737 0.764474
0.111614 0.49405 0.251483 0.142852
9.9991E-05 0.261381 0.232363 0.506155
0.614465 9.9991E-05 0.242466 0.142969
0.510551 0.207398 0.0757699 0.206281
0.33671 0.0975384 0.13984 0.425912
0.9997 9.998E-05 9.998E-05 9.998E-05
0.0539266 0.34885 0.32338 0.273843
9.998E-05 9.998E-05 0.9997 9.998E-05
0.0269429 0.62668 0.343845 0.00253153
0.0481685 0.720712 9.9991E-05 0.231019
0.0315576 0.38086 0.0618828 0.525699
0.118257 9.9991E-05 0.293614 0.588029
0.182807 0.516306 0.131506 0.16938
0.185397 0.286808 0.315371 0.212424
9.9991E-05 0.229273 0.17899 0.591637
0.123955 0.570153 0.305792 9.9991E-05
0.0878517 0.3778 0.15017 0.384178
0.543695 9.9991E-05 0.232306 0.2239
0.0420442 0.216057 0.330402 0.411497
0.9997 9.998E-05 9.998E-05 9.998E-05
0.0613585 0.298444 0.400696 0.239501
0.109757 0.0880914 0.207671 0.594481
9.9982E-05 0.554651 9.9982E-05 0.445149
0.225544 0.348656 0.384254 0.0415455
0.107441 0.0228223 0.18328 0.686457
0.491761 9.9991E-05 0.260092 0.248047
0.152471 0.128857 0.289283 0.42939
9.9991E-05 0.403432 0.0591138 0.537355
0.243084 0.509637 0.247179 9.9991E-05
0.137272 0.224956 0.171262 0.46651
9.9991E-05 0.691141 0.202787 0.105972
0.18343 0.26417 0.110522 0.441878
9.9982E-05 0.667619 9.9982E-05 0.332181
0.253991 0.223178 0.338339 0.184491
0.0903454 9.9991E-05 0.115063 0.794491
9.9991E-05 0.0506737 0.0724844 0.876742
0.307447 0.30627 0.0637827 0.3225
0.164245 0.387202 0.109593 0.33896
9.9991E-05 0.203493 0.134149 0.662257
0.0325697 0.450377 0.495643 0.021411
0.0037147 0.783263 9.9991E-05 0.212923
0.268063 0.557332 0.00750882 0.167096
0.063822 0.495934 0.224755 0.215489
0.0512221 0.102863 0.384748 0.461167
0.0463137 0.226257 0.379731 0.347698
0.150973 0.577796 0.271132 9.9991E-05
0.181518 0.430364 0.127044 0.261074
0.109957 0.4324 0.31705 0.140593
0.15679 9.9991E-05 0.243818 0.599291
0.456717 9.9991E-05 0.228632 0.314551
0.0513247 0.303515 0.230081 0.415079
9.998E-05 9.998E-05 0.9997 9.998E-05
0.0299662 0.0463169 0.407615 0.516102
9.9991E-05 0.0431044 0.389331 0.567464
9.9982E-05 0.872059 0.127741 9.9982E-05
9.9991E-05 0.214419 0.339528 0.445953
0.0791308 0.431699 0.329328 0.159842
0.116967 0.500523 0.231074 0.151437
9.9991E-05 0.611472 0.0891178 0.29931
0.267839 0.123728 0.271314 0.337119
9.9991E-05 0.364462 0.109906 0.525532
0.21713 0.0565723 0.262319 0.463979
0.230513 9.9982E-05 9.9982E-05 0.769287
0.193743 0.305739 0.148457 0.352062
0.0421138 0.0201274 0.427148 0.51061
0.00479018 9.9982E-05 0.99501 9.9982E-05
9.9991E-05 0.0157237 0.592092 0.392085
9.9991E-05 0.349377 0.153004 0.497519
0.0627146 0.483709 0.168507 0.285069
0.0541234 0.0673727 0.337004 0.5415
0.0622374 0.289858 0.129535 0.51837
9.9991E-05 0.474554 0.406794 0.118552
0.183103 0.538685 0.0901956 0.188016
0.190029 0.10641 0.120637 0.582924
0.0857079 0.684419 9.9991E-05 0.229773
0.164415 0.342427 0.274542 0.218617
0.180399 0.232873 0.195273 0.391455
0.0208895 0.661852 0.199236 0.118022
9.9991E-05 0.191214 0.226569 0.582117
9.9991E-05 0.561996 0.205775 0.232129
9.9991E-05 0.302207 0.344951 0.352742
0.0648281 0.572572 0.122316 0.240284
9.998E-05 9.998E-05 0.9997 9.998E-05
0.0788994 0.543654 0.324454 0.0529922
0.498546 9.9991E-05 0.210969 0.290385
0.27745 0.217486 0.373193 0.131871
0.109716 0.375539 0.214108 0.300636
0.246035 0.13318 9.9991E-05 0.620686
0.111348 0.0369988 0.209186 0.642468
9.998E-05 9.998E-05 0.9997 9.998E-05
9.9991E-05 0.293161 0.168897 0.537842
0.143892 0.222612 0.382977 0.250519
0.148993 0.148126 0.0437245 0.659157
0.30836 0.388844 9.9991E-05 0.302696
