0.666605 9.997E-05 9.997E-05 0.0733191 9.997E-05 0.0135513 0.0681101 0.178115
0.478988 0.00890091 9.9973E-05 9.9973E-05 0.237928 0.0145771 9.9973E-05 0.259306
0.345043 0.266961 0.167629 9.99731E-05 9.99731E-05 0.175897 0.0441695 9.99731E-05
0.797656 9.99643E-05 0.0413227 0.0867314 9.99643E-05 9.99643E-05 0.0738901 9.99643E-05
0.129393 0.147766 9.9982E-05 9.9982E-05 0.214415 0.127303 0.187367 0.193557
0.712266 9.99641E-05 0.200988 9.99641E-05 0.0713327 9.99641E-05 0.0150135 9.99641E-05
0.0432191 0.363136 9.99821E-05 9.99821E-05 0.301011 0.0675729 0.153886 0.070976
0.548036 0.317025 9.99641E-05 0.1204 0.0141403 9.99641E-05 9.99641E-05 9.99641E-05
0.0343939 9.99731E-05 0.165936 0.564914 9.99731E-05 0.187331 9.99731E-05 0.0471258
0.288003 0.0834904 0.447531 9.997E-05 9.997E-05 0.108258 0.0724179 9.997E-05
0.322463 0.0648174 0.372067 0.067291 9.9991E-05 0.0365923 0.115673 0.0209956
0.133578 0.00244212 9.99732E-05 0.688691 0.135467 9.99732E-05 0.0395216 9.99732E-05
0.536266 9.99552E-05 9.99552E-05 0.435807 9.99552E-05 0.0274274 9.99552E-05 9.99552E-05
0.73428 9.99552E-05 9.99552E-05 9.99552E-05 0.226427 9.99552E-05 9.99552E-05 0.0387933
0.159222 9.99552E-05 9.99552E-05 0.0823273 9.99552E-05 9.99552E-05 9.99552E-05 0.757951
0.488051 0.154556 9.99732E-05 0.0752603 9.99732E-05 0.164551 0.117282 9.99732E-05
0.38744 9.99641E-05 0.0676674 9.99641E-05 0.238208 9.99641E-05 9.99641E-05 0.306285
0.234695 0.106736 0.22463 9.99731E-05 9.99731E-05 9.99731E-05 0.346336 0.0873038
0.366749 9.99552E-05 9.99552E-05 0.357943 9.99552E-05 9.99552E-05 9.99552E-05 0.274808
0.74823 0.11902 9.99553E-05 9.99553E-05 0.132251 9.99553E-05 9.99553E-05 9.99553E-05
0.487213 9.99642E-05 0.347319 9.99642E-05 9.99642E-05 0.0437509 0.121317 9.99642E-05
0.00425483 0.0925742 9.9973E-05 0.37023 9.9973E-05 0.250457 9.9973E-05 0.282184
0.573252 9.99642E-05 0.149417 9.99642E-05 0.067135 9.99642E-05 0.209796 9.99642E-05
0.33857 9.99551E-05 9.99551E-05 9.99551E-05 9.99551E-05 0.387599 0.27333 9.99551E-05
0.30235 9.99641E-05 0.40433 9.99641E-05 9.99641E-05 0.15305 0.13987 9.99641E-05
0.592073 9.9973E-05 9.9973E-05 0.0430482 9.9973E-05 0.107542 0.0544622 0.202575
0.153996 0.00350347 0.0369908 0.0697703 9.9991E-05 0.173462 0.364756 0.197421
0.156421 9.99642E-05 0.091246 9.99642E-05 0.180351 9.99642E-05 9.99642E-05 0.571583
0.0239365 0.633996 0.215404 0.0294554 0.0177916 9.9991E-05 0.037204 0.0421126
9.99552E-05 9.99552E-05 9.99552E-05 0.0281778 9.99552E-05 0.915968 9.99552E-05 0.0553548
0.00733243 0.0759238 0.0329211 9.99731E-05 9.99731E-05 9.99731E-05 0.266057 0.617466
0.0833022 0.392122 9.99821E-05 0.165249 0.247526 0.0564424 0.0551588 9.99821E-05
9.99821E-05 0.302791 0.294814 0.0813636 0.0280087 0.224116 9.99821E-05 0.0687071
0.237688 0.414085 9.99731E-05 0.147525 0.103701 0.0967017 9.99731E-05 9.99731E-05
0.765876 9.99641E-05 9.99641E-05 9.99641E-05 0.0481322 0.0237259 0.161866 9.99641E-05
0.785927 9.99465E-05 9.99465E-05 9.99465E-05 0.213474 9.99465E-05 9.99465E-05 9.99465E-05
9.99731E-05 0.244196 0.0135544 9.99731E-05 0.160723 9.99731E-05 0.306283 0.274944
9.998E-05 0.378858 0.32856 0.0253367 0.0354957 0.140581 0.0909688 9.998E-05
0.359271 0.413002 9.99641E-05 0.0819338 9.99641E-05 9.99641E-05 0.145394 9.99641E-05
0.205411 0.556299 0.196493 9.99641E-05 9.99641E-05 9.99641E-05 0.0413977 9.99641E-05
9.99642E-05 9.99642E-05 9.99642E-05 9.99642E-05 0.0584842 0.385246 0.114782 0.441088
9.99821E-05 0.239487 0.125243 0.118267 9.99821E-05 0.292082 0.192454 0.0322664
0.681643 9.99641E-05 0.0309683 9.99641E-05 0.250558 0.0364309 9.99641E-05 9.99641E-05
0.566986 9.99732E-05 0.134399 0.197915 9.99732E-05 9.99732E-05 0.0271952 0.0732051
0.151969 0.341947 9.99821E-05 0.307361 0.0166166 0.120837 0.0610692 9.99821E-05
0.631005 0.117962 0.0129654 0.181956 9.99732E-05 9.99732E-05 0.0558113 9.99732E-05
0.671591 0.155755 9.99642E-05 0.148306 9.99642E-05 0.0239479 9.99642E-05 9.99642E-05
0.298586 0.126881 0.175643 0.199522 9.9982E-05 9.9982E-05 0.179642 0.0195263
0.231359 0.308266 9.99643E-05 0.420628 9.99643E-05 9.99643E-05 9.99643E-05 0.039347
0.798588 0.0798794 9.99551E-05 9.99551E-05 9.99551E-05 9.99551E-05 0.121033 9.99551E-05
0.698809 0.0654421 0.153156 9.99642E-05 9.99642E-05 0.0821928 9.99642E-05 9.99642E-05
0.163675 9.99641E-05 0.402316 9.99641E-05 0.313178 9.99641E-05 0.12043 9.99641E-05
0.352599 9.9964E-05 9.9964E-05 0.197537 9.9964E-05 0.22891 9.9964E-05 0.220554
0.384858 0.382245 0.140389 0.0474062 9.99731E-05 9.99731E-05 9.99731E-05 0.0448017
9.99461E-05 9.99461E-05 9.99461E-05 9.99461E-05 0.595614 9.99461E-05 9.99461E-05 0.403786
9.99552E-05 9.99552E-05 9.99552E-05 9.99552E-05 0.153452 9.99552E-05 0.135953 0.710095
0.134854 9.99641E-05 9.99641E-05 9.99641E-05 0.112787 0.331187 9.99641E-05 0.420772
9.99552E-05 9.99552E-05 9.99552E-05 0.286333 0.597045 9.99552E-05 9.99552E-05 0.116123
0.139139 0.184754 0.136231 0.303075 0.0877615 9.9991E-05 0.112011 0.0369281
0.710499 0.0486296 0.0469085 9.99641E-05 9.99641E-05 9.99641E-05 0.193563 9.99641E-05
0.387168 0.0189804 0.0815709 9.99642E-05 9.99642E-05 9.99642E-05 9.99642E-05 0.511881
0.395604 9.99731E-05 9.99731E-05 0.0687194 9.99731E-05 0.0783848 0.338831 0.118161
0.0967687 9.9973E-05 9.9973E-05 0.419718 9.9973E-05 0.0550593 0.0598393 0.368315
0.295446 0.0356972 9.99642E-05 9.99642E-05 9.99642E-05 0.635585 0.0328719 9.99642E-05
0.356174 0.0986415 0.0974417 0.388241 0.0592019 9.99731E-05 9.99731E-05 9.99731E-05
0.264334 9.99821E-05 0.0108078 0.197878 9.99821E-05 0.154774 0.00135809 0.370648
0.686148 0.11944 9.99642E-05 9.99642E-05 0.141709 9.99642E-05 0.0523035 9.99642E-05
0.483879 0.0254293 9.99642E-05 0.369687 9.99642E-05 9.99642E-05 0.120604 9.99642E-05
0.123906 0.420358 9.997E-05 0.176639 9.997E-05 9.997E-05 0.0496075 0.22919
0.100819 0.369925 0.0403023 9.99821E-05 9.99821E-05 0.252109 0.0179447 0.218701
0.279461 9.9973E-05 0.213947 0.281065 0.0977694 9.9973E-05 0.127458 9.9973E-05
0.14096 9.99641E-05 9.99641E-05 0.459798 9.99641E-05 0.191715 0.207128 9.99641E-05
9.99552E-05 0.0088575 9.99552E-05 9.99552E-05 0.856892 9.99552E-05 0.13375 9.99552E-05
0.0497286 0.369147 9.99731E-05 9.99731E-05 9.99731E-05 0.0296056 0.302888 0.24833
0.575586 0.15325 9.99554E-05 9.99554E-05 0.270664 9.99554E-05 9.99554E-05 9.99554E-05
0.301637 0.0939654 9.997E-05 0.278089 0.172231 9.997E-05 9.997E-05 0.153777
0.201501 9.99554E-05 9.99554E-05 9.99554E-05 9.99554E-05 0.0766899 9.99554E-05 0.721309
9.9973E-05 9.9973E-05 0.160473 0.0928832 9.9973E-05 0.0212947 0.232611 0.492438
0.169125 0.0642916 0.126444 0.101079 9.997E-05 9.997E-05 9.997E-05 0.53876
0.275913 9.9973E-05 0.0716897 0.016901 0.25537 9.9973E-05 9.9973E-05 0.379827
0.243119 0.408967 9.99642E-05 9.99642E-05 0.0150024 9.99642E-05 0.332511 9.99642E-05
0.433337 0.155328 0.0659808 0.177258 0.0545108 0.074517 9.99911E-05 0.0389677
0.376789 0.287964 0.0343742 9.99732E-05 0.278073 9.99732E-05 9.99732E-05 0.0224997
0.135626 0.078667 0.159497 0.170279 9.9982E-05 0.298878 9.9982E-05 0.156853
0.750937 9.99642E-05 9.99642E-05 9.99642E-05 9.99642E-05 0.0690453 0.126209 0.0534096
0.571912 9.99551E-05 9.99551E-05 9.99551E-05 9.99551E-05 9.99551E-05 0.251443 0.176145
0.285974 9.9991E-05 0.0415871 0.173019 0.396294 0.0657095 0.0193498 0.0179667
0.192377 9.99641E-05 9.99641E-05 0.366676 0.105401 0.335146 9.99641E-05 9.99641E-05
0.399552 0.161095 0.215185 0.0519809 9.998E-05 0.0860066 9.998E-05 0.0859802
0.135452 0.289068 0.0791399 0.302583 9.998E-05 0.102566 9.998E-05 0.0909918
0.0385324 0.11904 9.99553E-05 9.99553E-05 9.99553E-05 0.841928 9.99553E-05 9.99553E-05
0.570174 9.99643E-05 9.99643E-05 9.99643E-05 0.345137 0.0791723 0.00511676 9.99643E-05
0.00973266 0.450761 9.99821E-05 0.217076 0.0296816 0.0754159 0.217133 9.99821E-05
0.300807 9.99731E-05 0.422561 9.99731E-05 0.227332 0.0449163 9.99731E-05 0.00408364
9.9973E-05 0.0781136 9.9973E-05 0.533856 0.0846964 0.106922 0.196112 9.9973E-05
0.409883 9.99641E-05 0.0914843 0.270879 0.227354 9.99641E-05 9.99641E-05 9.99641E-05
0.559723 9.99731E-05 0.0758772 9.99731E-05 0.101358 0.21717 0.0455717 9.99731E-05
0.231424 0.139824 0.0244833 0.44173 9.99731E-05 9.99731E-05 9.99731E-05 0.162238
0.498263 0.183855 9.99641E-05 9.99641E-05 9.99641E-05 0.262134 0.0553481 9.99641E-05
0.380423 9.9964E-05 9.9964E-05 9.9964E-05 0.202742 0.31397 0.102464 9.9964E-05
9.99821E-05 9.99821E-05 0.184867 0.101703 0.257527 0.0884566 0.203226 0.164021
9.99552E-05 9.99552E-05 0.0137109 9.99552E-05 9.99552E-05 0.84137 0.14442 9.99552E-05
9.99731E-05 9.99731E-05 0.385306 9.99731E-05 0.155771 0.250453 0.0730405 0.135129
9.994E-05 9.994E-05 0.9993 9.994E-05 9.994E-05 9.994E-05 9.994E-05 9.994E-05
0.674244 0.116115 9.99641E-05 0.207066 9.99641E-05 9.99641E-05 0.00217585 9.99641E-05
0.451816 9.99731E-05 9.99731E-05 0.484931 9.99731E-05 0.0415616 0.00107233 0.0203183
0.196365 0.197376 0.0423351 0.0428342 0.383193 0.0189166 9.999E-05 0.11888
0.302098 0.462171 0.121026 9.99821E-05 0.00208166 9.99821E-05 0.0248611 0.0875619
0.153155 0.501525 0.00172608 0.125994 9.99731E-05 9.99731E-05 9.99731E-05 0.2173
9.99642E-05 0.547271 0.344257 9.99642E-05 9.99642E-05 0.104722 0.0033503 9.99642E-05
9.99642E-05 0.372917 9.99642E-05 9.99642E-05 0.209447 0.368068 0.0491695 9.99642E-05
0.77028 0.0357278 9.99643E-05 9.99643E-05 9.99643E-05 0.00980282 9.99643E-05 0.183789
0.415375 9.99642E-05 9.99642E-05 9.99642E-05 0.114629 0.454792 9.99642E-05 0.0148045
0.339615 0.394094 9.99731E-05 0.0657221 0.180306 9.99731E-05 9.99731E-05 0.0199626
9.99461E-05 9.99461E-05 9.99461E-05 9.99461E-05 0.117339 0.882061 9.99461E-05 9.99461E-05
0.0953672 9.99731E-05 0.399067 0.321911 0.0722196 9.99731E-05 9.99731E-05 0.111135
0.714549 9.99463E-05 9.99463E-05 9.99463E-05 9.99463E-05 9.99463E-05 9.99463E-05 0.284851
0.117512 0.150495 9.9982E-05 0.505373 0.0577443 0.117398 9.9982E-05 0.0512783
9.9973E-05 0.299174 0.117705 9.9973E-05 9.9973E-05 0.210935 0.157766 0.214121
0.511679 0.165485 0.0115458 9.9973E-05 0.198883 9.9973E-05 9.9973E-05 0.112107
0.467596 9.996E-05 0.00709298 0.203058 9.996E-05 0.321853 9.996E-05 9.996E-05
0.448779 9.99551E-05 9.99551E-05 9.99551E-05 0.458049 0.0926723 9.99551E-05 9.99551E-05
0.394602 0.418886 0.0407257 9.99641E-05 0.145387 9.99641E-05 9.99641E-05 9.99641E-05
0.274534 0.43393 9.99642E-05 9.99642E-05 0.261507 9.99642E-05 0.0296286 9.99642E-05
0.454918 0.0499023 0.156442 9.99731E-05 9.99731E-05 0.17201 9.99731E-05 0.166427
0.33367 9.99731E-05 0.136964 0.48244 9.99731E-05 0.0402018 0.00642405 9.99731E-05
9.99732E-05 0.355752 9.99732E-05 0.0514243 0.00842395 0.383814 9.99732E-05 0.200285
0.526441 0.191031 9.99709E-05 9.99709E-05 9.99709E-05 9.99709E-05 0.0959592 0.186169
0.371723 0.328967 0.25454 9.99643E-05 9.99643E-05 0.04437 9.99643E-05 9.99643E-05
0.398067 0.299208 0.0284968 0.029723 9.99821E-05 0.0478377 0.196468 9.99821E-05
0.103023 9.99732E-05 0.0546342 0.308932 9.99732E-05 9.99732E-05 0.0932287 0.439882
0.638476 0.0247094 0.102793 9.9973E-05 0.207868 9.9973E-05 0.0258543 9.9973E-05
0.0480528 0.302607 0.244619 0.223622 9.99731E-05 9.99731E-05 0.180799 9.99731E-05
0.258581 9.99731E-05 0.347417 0.123856 9.99731E-05 9.99731E-05 0.170456 0.0993904
0.180242 9.99821E-05 0.243578 0.0886528 9.99821E-05 0.0159179 0.185625 0.285784
0.726262 0.273138 9.99464E-05 9.99464E-05 9.99464E-05 9.99464E-05 9.99464E-05 9.99464E-05
0.0706207 0.760617 9.99552E-05 9.99552E-05 9.99552E-05 9.99552E-05 9.99552E-05 0.168262
0.0314273 0.915591 9.99553E-05 9.99553E-05 9.99553E-05 0.052482 9.99553E-05 9.99553E-05
9.99642E-05 0.239108 0.148286 0.526028 9.99642E-05 9.99642E-05 0.0861784 9.99642E-05
0.447265 0.161446 9.99552E-05 9.99552E-05 9.99552E-05 9.99552E-05 9.99552E-05 0.390789
0.264111 9.99732E-05 0.277322 9.99732E-05 0.116951 9.99732E-05 0.10621 0.235107
0.109317 9.99821E-05 0.324011 0.144548 0.297183 0.0271338 0.0976072 9.99821E-05
0.20787 0.210416 0.060392 0.207473 9.9991E-05 0.007548 0.034177 0.272023
0.0523578 9.99642E-05 0.281433 0.376854 9.99642E-05 0.288955 9.99642E-05 9.99642E-05
0.452279 9.99641E-05 0.00470597 9.99641E-05 9.99641E-05 0.385509 0.157106 9.99641E-05
0.385178 0.262784 9.9973E-05 0.12856 9.9973E-05 0.0837958 9.9973E-05 0.139383
9.994E-05 9.994E-05 9.994E-05 9.994E-05 9.994E-05 9.994E-05 0.9993 9.994E-05
0.715537 9.99643E-05 0.0773528 0.126453 9.99643E-05 0.0802571 9.99643E-05 9.99643E-05
0.428756 9.99642E-05 0.107824 9.99642E-05 0.444274 0.0187464 9.99642E-05 9.99642E-05
0.0991952 0.04999 0.0566521 0.0134927 0.0629752 9.9991E-05 0.422898 0.294697
0.218567 0.0291124 0.147606 0.549716 0.0546991 9.99732E-05 9.99732E-05 9.99732E-05
0.378282 9.99642E-05 9.99642E-05 0.277681 9.99642E-05 9.99642E-05 0.132909 0.210728
0.20381 0.410105 9.9964E-05 9.9964E-05 0.152466 9.9964E-05 9.9964E-05 0.233219
0.232402 0.117703 9.9991E-05 0.312906 0.014526 0.127039 0.0266738 0.168651
0.181931 9.99731E-05 9.99731E-05 9.99731E-05 0.289963 0.203047 0.14612 0.17864
0.323868 0.0791315 0.295185 0.0589913 9.99821E-05 9.99821E-05 0.221867 0.0207575
0.200845 0.147818 0.291685 0.0518701 0.307483 9.99731E-05 9.99731E-05 9.99731E-05
0.221105 0.23942 0.0210116 0.203993 9.99911E-05 0.119378 0.0749145 0.120079
0.52015 0.187361 9.99553E-05 9.99553E-05 9.99553E-05 9.99553E-05 9.99553E-05 0.291989
0.217548 0.347173 0.0796276 9.99731E-05 9.99731E-05 0.241485 0.113867 9.99731E-05
9.994E-05 9.994E-05 9.994E-05 9.994E-05 9.994E-05 9.994E-05 0.9993 9.994E-05
0.180788 0.325603 9.996E-05 0.291213 9.996E-05 9.996E-05 0.201996 9.996E-05
0.421803 0.0814024 9.997E-05 0.283772 0.194297 0.0184259 9.997E-05 9.997E-05
0.187413 9.99641E-05 9.99641E-05 9.99641E-05 0.0675892 9.99641E-05 0.0958329 0.648766
9.99553E-05 0.0826286 9.99553E-05 0.873677 9.99553E-05 9.99553E-05 0.0431944 9.99553E-05
0.75156 9.99731E-05 0.000260218 0.125723 0.113428 0.0087284 9.99731E-05 9.99731E-05
0.265426 0.294633 9.99642E-05 9.99642E-05 9.99642E-05 0.0589832 9.99642E-05 0.380558
9.99643E-05 0.69474 0.0189098 0.0695556 9.99643E-05 9.99643E-05 9.99643E-05 0.216395
9.99462E-05 9.99462E-05 9.99462E-05 0.0387669 0.960633 9.99462E-05 9.99462E-05 9.99462E-05
0.637677 9.9982E-05 0.0830407 0.15911 0.02866 9.9982E-05 0.052166 0.0391457
0.153098 0.483702 0.0731961 0.0819932 9.99821E-05 0.0253703 9.99821E-05 0.182441
0.0980225 0.505015 0.0593395 0.135039 0.202284 9.997E-05 9.997E-05 9.997E-05
0.117226 9.99731E-05 0.245814 0.390642 0.134888 9.99731E-05 9.99731E-05 0.11113
0.832972 9.99642E-05 9.99642E-05 0.00623345 9.99642E-05 0.05148 0.108915 9.99642E-05
0.486753 0.186833 9.99731E-05 0.11554 9.99731E-05 0.0317843 9.99731E-05 0.178789
9.99642E-05 0.648362 9.99642E-05 0.167166 0.00805366 9.99642E-05 9.99642E-05 0.176018
0.284717 0.135194 9.99732E-05 0.363499 0.0213605 0.194929 9.99732E-05 9.99732E-05
9.99551E-05 0.0589834 0.852972 9.99551E-05 0.0875452 9.99551E-05 9.99551E-05 9.99551E-05
0.461385 0.0712199 0.0878859 0.154406 9.99821E-05 9.99821E-05 0.0186831 0.20622
0.111115 9.99641E-05 0.188188 0.294646 9.99641E-05 9.99641E-05 9.99641E-05 0.405651
0.463355 9.99643E-05 9.99643E-05 0.0700865 9.99643E-05 9.99643E-05 0.403982 0.0621768
0.246537 9.99821E-05 0.208475 0.21831 9.99821E-05 0.0280769 0.150715 0.147686
0.405512 0.181675 9.99731E-05 0.260951 9.99731E-05 0.00251166 0.14905 9.99731E-05
0.491257 0.0977132 9.99732E-05 0.207601 0.169198 0.033932 9.99732E-05 9.99732E-05
9.994E-05 9.994E-05 0.9993 9.994E-05 9.994E-05 9.994E-05 9.994E-05 9.994E-05
0.179133 0.291745 9.99821E-05 0.429365 0.0123457 9.99821E-05 0.0386368 0.0485755
0.52914 9.99641E-05 0.103124 0.242006 0.12533 9.99641E-05 9.99641E-05 9.99641E-05
0.188677 9.99821E-05 0.101882 9.99821E-05 0.13146 0.207372 0.11117 0.25924
0.475697 9.99641E-05 0.168724 9.99641E-05 0.340609 0.0145698 9.99641E-05 9.99641E-05
