0.791044 0.0174624 0.160917 0.0305759
0.19676 0.113195 0.218593 0.471452
0.388007 9.9991E-05 0.137355 0.474538
0.389363 0.162972 0.170472 0.277193
0.287466 0.0762561 0.13535 0.500928
0.144882 0.0488777 0.195796 0.610444
0.601824 0.0443109 0.222012 0.131853
0.361113 0.0701145 0.155531 0.413242
0.223218 0.116637 0.443024 0.217121
0.350866 0.109829 0.539205 9.9991E-05
0.243274 9.9991E-05 0.630198 0.126428
0.125519 0.12929 0.463072 0.282119
0.504441 0.0658522 0.194785 0.234922
0.290608 0.217744 0.220534 0.271114
0.239472 9.9991E-05 0.129785 0.630643
0.40092 0.150281 0.0157235 0.433076
0.108487 0.134106 0.115452 0.641955
0.368005 0.254367 0.261146 0.116482
0.341813 9.9991E-05 0.215212 0.442874
0.391245 0.0537928 0.161589 0.393372
0.430933 0.0147222 0.250278 0.304067
0.383871 0.0687341 0.19869 0.348705
0.324565 0.0904297 0.137113 0.447892
0.302791 0.252336 9.9991E-05 0.444773
0.230089 9.9982E-05 0.769711 9.9982E-05
0.38215 0.189467 0.16093 0.267453
0.25505 0.141642 0.387695 0.215612
0.391004 0.182356 0.181401 0.245238
0.085404 0.153026 0.22608 0.53549
0.0428781 0.691927 9.9991E-05 0.265095
0.0840689 0.0635409 0.325911 0.526479
0.199511 0.0847623 0.70345 0.0122766
0.441639 0.130301 9.9991E-05 0.42796
0.244018 0.00523937 0.225823 0.524919
0.381305 0.0749421 0.364528 0.179225
0.9997 9.998E-05 9.998E-05 9.998E-05
0.388797 9.9991E-05 0.25051 0.360594
0.191726 0.224883 0.583291 9.9991E-05
0.0875788 0.0663845 0.205838 0.640199
0.346967 0.0375019 0.273714 0.341817
0.318292 0.0375116 0.280217 0.363979
0.424422 0.0268539 0.27647 0.272255
0.296571 0.110478 0.239705 0.353247
0.125375 0.271274 0.324999 0.278352
0.290404 0.153137 0.556359 9.9991E-05
0.122259 0.0666358 0.591718 0.219387
0.546642 0.00627504 0.144958 0.302125
0.317304 0.0248395 0.122766 0.535091
0.117069 0.133112 0.410768 0.339052
0.309194 0.162556 9.9991E-05 0.52815
0.361819 0.0894172 0.368875 0.179888
0.410576 0.11833 0.197972 0.273122
0.133923 0.0652688 0.0360105 0.764798
0.230292 0.164031 0.205998 0.399679
9.9991E-05 0.108286 0.142526 0.749088
0.54911 0.00923904 0.227027 0.214623
9.9991E-05 0.197277 0.589401 0.213221
0.142866 0.12581 0.327053 0.404271
0.0428549 0.0130156 0.202384 0.741745
0.154728 0.07024 0.657845 0.117186
0.171818 0.131969 0.0355289 0.660684
0.46873 0.1109 0.304554 0.115816
0.42747 0.0179634 9.9991E-05 0.554467
0.00330343 0.996497 9.9982E-05 9.9982E-05
0.342947 9.9991E-05 0.255279 0.401674
0.935516 9.9982E-05 9.9982E-05 0.0642845
0.50869 0.00688335 0.188427 0.296
0.198832 0.0869644 0.179006 0.535198
0.472071 0.0515948 0.0637 0.412635
0.259159 0.289457 0.204515 0.246868
9.9991E-05 0.154253 0.591817 0.25383
0.435685 0.0394756 0.0662303 0.458609
0.338603 0.0994574 0.147608 0.414332
9.9991E-05 0.084661 0.261058 0.654181
0.0326704 0.164479 0.471844 0.331007
9.9991E-05 0.0195471 0.391043 0.58931
0.137746 0.152802 0.290328 0.419123
0.0935996 0.0825839 0.178433 0.645384
0.1957 9.9991E-05 0.160057 0.644143
0.285929 0.17576 0.0924917 0.445819
0.287203 0.0705083 0.206186 0.436103
0.33649 0.11733 0.230946 0.315234
9.9991E-05 0.357054 0.403802 0.239043
0.0892866 0.18878 0.257193 0.464741
0.302575 0.0279669 0.061448 0.60801
0.208585 9.9991E-05 0.502664 0.288651
0.963718 9.9982E-05 9.9982E-05 0.0360822
0.24443 9.9991E-05 0.508092 0.247378
0.512813 0.233779 0.0745493 0.178859
0.311446 9.9991E-05 0.498913 0.189541
9.998E-05 0.9997 9.998E-05 9.998E-05
0.113488 0.0309924 0.514005 0.341514
0.6349 0.00454484 0.141346 0.219209
0.263334 0.104739 9.9991E-05 0.631827
0.502121 9.9991E-05 0.126304 0.371475
0.247529 0.15868 0.18816 0.405631
0.0757033 0.17998 0.418458 0.325859
0.518852 9.9991E-05 0.277219 0.203829
0.314977 0.621044 0.063879 9.9991E-05
0.207348 0.321953 0.0940619 0.376637
0.402851 0.19622 0.191378 0.209551
9.998E-05 0.9997 9.998E-05 9.998E-05
0.112202 0.014609 0.302536 0.570653
9.998E-05 9.998E-05 0.9997 9.998E-05
0.207913 0.0995167 0.296674 0.395897
0.147125 9.9991E-05 0.137777 0.714998
0.337235 0.035747 0.122284 0.504733
0.59504 0.00453787 0.170027 0.230396
0.0518269 0.209631 0.135296 0.603245
0.386495 0.0386952 0.32007 0.25474
0.16664 9.9991E-05 0.172189 0.661072
0.283931 0.270823 0.379897 0.0653488
0.0612412 0.190382 0.213035 0.535343
0.371575 0.507515 0.0420526 0.0788569
0.344563 0.0474644 0.206002 0.40197
9.9982E-05 0.977305 9.9982E-05 0.0224948
0.260365 9.9991E-05 0.538757 0.200778
0.644557 0.0790602 0.153065 0.123318
0.146403 0.0759122 0.275613 0.502072
0.397007 0.0284192 0.574474 9.9991E-05
0.299669 0.158598 9.9991E-05 0.541633
0.427666 0.511132 0.0400365 0.0211658
0.1985 0.312619 0.136373 0.352507
0.127876 9.9991E-05 0.307017 0.565008
0.208368 0.178708 0.34863 0.264294
0.157779 0.011543 0.0288018 0.801876
0.107357 0.00437636 0.355434 0.532832
0.207792 0.213583 0.324802 0.253823
0.141196 0.00715104 0.301994 0.549659
0.283339 0.256038 0.460522 9.9991E-05
0.977217 0.0212431 0.0014395 9.9991E-05
0.331022 0.056372 9.9991E-05 0.612506
0.197778 0.3291 0.2014 0.271722
0.136591 0.206594 0.111015 0.545801
0.490273 0.0533827 0.230525 0.22582
0.30452 0.173069 0.432077 0.090335
9.998E-05 9.998E-05 9.998E-05 0.9997
9.9982E-05 0.00793399 9.9982E-05 0.991866
0.247932 0.0995221 0.410218 0.242328
0.120737 0.0767354 0.315905 0.486624
0.305468 0.140224 0.452173 0.102135
9.9991E-05 0.0520015 0.377013 0.570886
0.142316 0.110699 0.393084 0.353901
0.280809 0.163771 0.471745 0.0836746
0.396428 0.0533049 0.0514291 0.498838
0.336601 0.533679 0.069749 0.0599713
0.384962 9.9991E-05 0.108973 0.505965
0.9997 9.998E-05 9.998E-05 9.998E-05
0.649224 9.9991E-05 0.205976 0.1447
0.24444 9.9991E-05 0.163227 0.592233
0.0626839 0.0210479 0.54096 0.375308
0.373096 9.9991E-05 0.303352 0.323452
0.353146 0.194024 0.232524 0.220306
0.209938 0.147591 0.314378 0.328093
0.149899 0.0700911 0.3332 0.44681
0.337197 0.180936 0.0851766 0.39669
0.373991 0.034643 0.287991 0.303375
0.350798 0.17393 0.36386 0.111412
0.538764 0.160859 9.9991E-05 0.300277
0.311411 0.120029 0.2886 0.279959
0.302722 0.0622249 0.345149 0.289904
0.967488 0.0323116 9.9982E-05 9.9982E-05
0.758637 9.9991E-05 0.0648921 0.176371
0.180383 9.9991E-05 0.202683 0.616834
0.114452 0.131155 0.295212 0.459181
0.710245 0.0533039 0.135735 0.100716
0.276039 9.9991E-05 0.215187 0.508675
0.13948 9.9991E-05 0.486759 0.373661
9.998E-05 9.998E-05 9.998E-05 0.9997
0.41351 0.150255 0.0288904 0.407344
0.0841707 0.139202 0.219922 0.556706
0.210641 0.145328 0.27605 0.36798
0.480272 0.217502 0.0960591 0.206167
0.002719 9.9991E-05 0.368761 0.62842
0.553295 9.9991E-05 0.0438033 0.402801
0.18014 0.0312049 0.314958 0.473697
0.302473 9.9991E-05 0.281689 0.415738
9.9991E-05 0.087525 0.407647 0.504728
9.9982E-05 9.9982E-05 0.999466 0.000334263
0.167565 0.159736 0.452287 0.220411
0.143417 0.276779 0.149784 0.43002
0.36278 0.294952 0.304585 0.0376817
0.289384 9.9991E-05 0.179232 0.531285
0.479832 0.185422 0.00625359 0.328492
0.283282 0.13636 0.136815 0.443542
9.998E-05 9.998E-05 0.9997 9.998E-05
0.556287 0.0539548 0.055903 0.333855
0.248145 0.159989 0.370289 0.221577
0.506986 0.00571402 9.9991E-05 0.4872
0.318325 0.14772 0.130743 0.403211
