9.9982E-05 9.9982E-05 0.0964491 0.804509 0.0537277 0.0451139
0.448701 9.9982E-05 0.250089 9.9982E-05 0.153802 0.147209
0.116664 0.0454475 0.369811 0.234319 9.9991E-05 0.233658
9.999E-05 0.100934 0.396159 0.383862 0.0326785 0.0862654
9.999E-05 0.167995 0.553799 0.132609 0.0549645 0.0905328
0.00689496 9.9982E-05 0.64752 9.9982E-05 0.101979 0.243405
0.0998362 0.119196 0.112157 0.390539 0.0225482 0.255723
0.300869 0.202558 0.249935 0.208565 0.00487017 0.0332035
9.999E-05 0.142529 0.178953 0.303941 0.0738677 0.30061
9.9982E-05 0.079765 9.9982E-05 0.205547 0.324791 0.389698
0.115473 9.9991E-05 0.135695 0.0784827 0.352698 0.317551
9.999E-05 0.0634477 0.235944 0.0366425 0.0363499 0.627516
0.0767133 0.201626 0.414107 0.0807777 0.0703989 0.156377
0.400465 0.178935 0.00696767 0.291368 0.0371564 0.0851073
0.791493 0.0475204 9.9982E-05 0.0621051 0.0986816 9.9982E-05
0.441455 0.21736 0.103043 0.122381 0.0179599 0.0978012
0.714887 0.107383 0.011032 0.0221125 0.144486 9.9991E-05
0.345677 0.355955 0.114023 0.0905353 0.0937096 9.9991E-05
0.0355743 0.0727772 0.402146 0.112383 9.9991E-05 0.377019
0.0748566 0.0609844 0.440591 0.138446 0.124531 0.16059
9.999E-05 0.0783815 0.313303 0.452047 0.0865687 0.0695993
0.261627 0.0942724 0.110098 0.141447 0.155383 0.237172
0.146732 0.140661 0.420492 0.106784 0.0151949 0.170136
0.0708436 0.202999 0.391354 0.190885 0.00130964 0.142608
9.9982E-05 0.0553862 9.9982E-05 0.0930032 0.440427 0.410984
0.264293 0.0149505 0.0465739 0.545018 0.129065 9.9991E-05
0.329316 0.153514 9.9991E-05 0.0786147 0.247075 0.191381
0.265525 0.17399 0.0813499 0.256942 0.181051 0.041142
0.212546 0.0335994 0.386257 0.0746723 0.214494 0.0784319
0.161636 0.353401 0.206654 0.278109 9.9982E-05 9.9982E-05
0.00849576 9.9982E-05 0.571099 9.9982E-05 0.119745 0.30046
9.9982E-05 0.0210955 9.9982E-05 0.19784 0.109909 0.670955
0.156018 0.227373 0.452791 0.0420889 9.9991E-05 0.121629
0.293952 0.093846 0.438177 0.0726875 0.101238 9.9991E-05
0.115646 0.0567086 0.178001 0.360609 0.153172 0.135863
9.996E-05 9.996E-05 9.996E-05 0.9995 9.996E-05 9.996E-05
0.00442439 0.00604603 0.581796 0.254667 0.152966 9.9991E-05
0.0404316 9.9982E-05 9.9982E-05 0.377755 0.277418 0.304196
0.171904 0.107243 0.585801 9.9991E-05 0.125138 0.00981515
0.150765 0.172049 0.487684 0.0294266 0.0493581 0.110717
0.360417 0.0917897 0.108897 0.0585613 0.179994 0.200341
0.262365 0.121697 0.303949 0.117795 0.194093 9.9991E-05
0.182666 0.0385614 0.355747 0.240085 0.163042 0.0198995
9.9973E-05 9.9973E-05 0.0538326 0.434998 9.9973E-05 0.51087
0.0889891 0.0873795 9.9991E-05 0.170127 0.0993354 0.554069
0.0837958 9.9991E-05 0.308925 0.185939 0.256815 0.164425
0.0247105 9.9982E-05 0.531375 0.0836448 9.9982E-05 0.36007
0.176655 0.0028519 0.489605 0.0182329 9.9991E-05 0.312555
0.225985 0.0946363 0.120763 0.0298724 0.0838565 0.444886
0.239164 0.0449926 0.24397 0.164618 9.9991E-05 0.307155
0.105019 0.167426 0.10685 0.203929 0.185671 0.231105
0.00169816 0.103959 0.555258 0.184449 9.9991E-05 0.154536
0.712855 0.101273 0.0987123 9.9991E-05 0.0333468 0.0537126
0.25182 0.220731 0.2781 0.0282075 0.20219 0.0189512
0.122835 9.9964E-05 9.9964E-05 9.9964E-05 9.9964E-05 0.876765
9.9991E-05 0.0642948 0.687077 0.173364 0.00609505 0.0690689
9.99641E-05 9.99641E-05 9.99641E-05 9.99641E-05 0.00168832 0.997912
9.9991E-05 0.0178658 0.0542935 0.079553 0.0733549 0.774833
0.166388 0.0441191 0.359929 0.0236427 0.110752 0.295169
0.109322 0.0328635 0.0125435 0.225893 0.163176 0.456202
0.0230763 0.0434468 0.933177 9.9973E-05 9.9973E-05 9.9973E-05
0.132359 0.0591605 0.449309 0.169826 0.189245 9.9991E-05
0.200938 0.0686828 0.397141 0.0284614 9.9991E-05 0.304677
9.9982E-05 0.804732 9.9982E-05 0.154207 0.0211006 0.0197598
0.202792 9.9982E-05 0.211004 0.40148 0.184524 9.9982E-05
0.0932121 9.9964E-05 9.9964E-05 0.906388 9.9964E-05 9.9964E-05
9.9991E-05 0.0163159 0.376052 0.351759 0.0976595 0.158114
0.031452 0.135097 0.602346 9.9991E-05 0.0103545 0.220651
9.9973E-05 0.0254152 0.767827 0.206458 9.9973E-05 9.9973E-05
0.174718 0.188456 0.230115 0.163529 0.195057 0.0481251
0.0975339 0.0047617 0.224376 9.9991E-05 0.15487 0.518358
0.476355 0.16068 9.9982E-05 0.337783 0.0249819 9.9982E-05
0.178378 0.255815 0.336794 0.0786948 0.0224404 0.127877
0.292845 0.086585 0.279535 9.9991E-05 0.0565913 0.284344
0.373673 0.0895999 9.9991E-05 0.12302 0.265302 0.148305
0.44677 0.0514952 0.116568 9.9991E-05 0.129464 0.255603
9.9982E-05 0.282168 0.475697 9.9982E-05 0.0679555 0.173979
9.9964E-05 9.9964E-05 0.868065 9.9964E-05 0.131535 9.9964E-05
0.00766071 9.9973E-05 0.957008 9.9973E-05 0.0350311 9.9973E-05
0.109489 0.173487 0.625129 0.0500176 0.0417769 9.9991E-05
0.0195291 0.191982 0.418997 0.203687 0.0452081 0.120598
9.9973E-05 9.9973E-05 0.594437 0.301631 0.103632 9.9973E-05
0.0188977 0.0948032 0.412559 0.0573025 0.0770338 0.339403
0.115557 0.13133 0.648596 9.9991E-05 0.102439 0.00197902
0.124814 0.137687 0.486221 0.0352352 9.9991E-05 0.215943
9.9982E-05 9.9982E-05 0.131695 0.304529 0.103843 0.459733
0.108121 9.9973E-05 0.0768236 0.814756 9.9973E-05 9.9973E-05
9.9982E-05 0.00510917 0.375421 9.9982E-05 0.132552 0.486717
0.323219 0.297723 9.9991E-05 0.212723 0.131034 0.0352005
0.10793 0.0133269 0.011347 0.467724 0.0603141 0.339358
9.9982E-05 0.762735 9.9982E-05 0.141952 0.051404 0.0437093
0.232812 0.0882723 0.0582059 9.9991E-05 0.215024 0.405585
9.9982E-05 0.0347588 0.846541 0.0271126 0.0913875 9.9982E-05
0.516252 0.133385 0.146911 9.9991E-05 0.0358591 0.167493
9.9982E-05 0.0401819 0.701071 0.103543 0.155004 9.9982E-05
9.9991E-05 0.0463931 0.601134 0.259684 0.0539639 0.0387251
0.0464294 9.9982E-05 9.9982E-05 0.425333 0.124599 0.403439
9.9991E-05 0.0197129 0.394669 0.178296 0.0963511 0.310871
9.9982E-05 0.611443 0.0406182 0.208452 9.9982E-05 0.139287
0.235163 0.125881 0.203644 0.123607 9.9991E-05 0.311605
0.0293936 0.1288 0.186408 0.371036 9.9991E-05 0.284263
9.9964E-05 0.911043 9.9964E-05 9.9964E-05 9.9964E-05 0.0885573
0.187673 0.163659 0.315977 9.9991E-05 0.241051 0.0915397
9.996E-05 9.996E-05 9.996E-05 9.996E-05 0.9995 9.996E-05
0.268908 0.0583308 0.140834 0.261375 0.20539 0.0651618
0.25977 9.9991E-05 0.158667 0.211061 0.0339366 0.336466
0.496934 9.9991E-05 0.0496193 0.183817 0.0669376 0.202592
0.0771387 0.0738296 0.420238 0.243444 0.0627682 0.122581
0.499797 0.0431113 0.214885 0.00415133 0.130866 0.107189
9.9991E-05 0.0687803 0.431048 0.203717 0.0637898 0.232565
0.1955 0.0540183 0.507824 9.9982E-05 0.242458 9.9982E-05
9.9982E-05 0.282669 0.218807 9.9982E-05 0.0835856 0.414739
0.115079 0.026722 0.470698 0.0978148 0.0697098 0.219976
0.168382 0.514435 0.0794118 9.9991E-05 0.121564 0.116108
0.149521 9.9991E-05 0.34608 0.339641 0.0923691 0.0722889
9.9964E-05 0.740412 9.9964E-05 9.9964E-05 9.9964E-05 0.259188
0.145737 9.9991E-05 0.193397 0.242473 0.299743 0.11855
0.129145 0.12027 0.0633135 0.573175 9.9991E-05 0.113997
9.9991E-05 0.0560854 0.550943 0.0696913 0.0641478 0.259033
0.0468899 0.076381 0.0404722 0.460209 0.179051 0.196997
0.297422 0.197921 0.344802 0.132386 0.0273698 9.9991E-05
0.0321606 0.603353 0.225783 0.0947022 0.0439008 9.9991E-05
0.142148 0.22792 0.251049 0.0699823 0.0387253 0.270176
0.122734 9.9982E-05 0.464642 9.9982E-05 0.0401046 0.37232
9.9991E-05 0.136426 0.210587 0.0486732 0.0382831 0.565931
0.533851 9.9982E-05 0.448219 9.9982E-05 0.0139597 0.00377042
0.00738852 9.9991E-05 0.169089 0.233883 0.115901 0.473638
0.00711725 0.152794 0.283457 0.0128577 0.0781543 0.46562
0.104833 9.9991E-05 0.292733 0.0908911 0.00830046 0.503142
0.0155349 0.0590134 9.9991E-05 0.338436 0.120553 0.466362
9.9973E-05 0.0392654 0.114909 0.845526 9.9973E-05 9.9973E-05
0.0415099 0.241368 0.672414 9.9982E-05 9.9982E-05 0.0445082
9.9991E-05 0.22775 0.382681 0.13707 0.0267746 0.225624
0.303466 0.231964 0.239098 9.9991E-05 0.126249 0.0991229
9.9991E-05 0.0051761 0.544039 0.354611 0.051531 0.0445429
9.9982E-05 0.0819024 0.319949 9.9982E-05 0.140984 0.456965
0.922934 9.9973E-05 0.0701189 9.9973E-05 9.9973E-05 0.0066472
0.944947 0.054653 9.9964E-05 9.9964E-05 9.9964E-05 9.9964E-05
0.107634 0.13006 0.142484 0.226132 0.0653244 0.328366
0.0336875 0.0949162 0.571184 0.12575 0.114868 0.0595947
9.9991E-05 0.184437 0.311574 0.182768 0.119434 0.201687
0.275638 9.9982E-05 0.379243 9.9982E-05 0.1969 0.148019
9.9973E-05 9.9973E-05 0.359375 9.9973E-05 0.129394 0.510931
9.9991E-05 0.194242 0.00773172 0.201124 0.0803541 0.516448
0.209996 0.209959 0.484833 0.0188598 0.0762518 9.9991E-05
0.105925 0.70941 0.0565254 0.0716022 0.0564379 9.9991E-05
0.221402 0.0151164 0.276888 0.180293 0.138853 0.167447
9.996E-05 0.9995 9.996E-05 9.996E-05 9.996E-05 9.996E-05
0.0657838 0.0438683 0.280097 0.488775 0.121375 9.9991E-05
0.100206 0.0296811 0.452825 0.180352 0.204866 0.0320698
0.0310552 0.0123718 0.264167 9.9991E-05 0.087608 0.604698
9.9982E-05 9.9982E-05 0.409636 0.130444 0.19037 0.26935
9.9991E-05 0.231347 0.360572 0.128142 0.0854881 0.194351
0.347658 0.127941 0.142631 0.0234714 0.0837401 0.274558
0.128432 0.0117277 0.28249 0.102312 0.00761749 0.467421
0.180812 0.285782 0.135639 0.254183 0.112539 0.0310454
9.9982E-05 0.0953238 0.362551 0.076028 9.9982E-05 0.465897
0.119542 0.155358 0.44741 0.0444013 0.150318 0.0829712
0.0619385 0.01953 9.9982E-05 0.905443 9.9982E-05 0.0128883
0.192143 0.117881 0.259144 0.208881 0.0978338 0.124118
9.9982E-05 0.0915411 0.523667 0.291328 0.0932638 9.9982E-05
9.996E-05 0.9995 9.996E-05 9.996E-05 9.996E-05 9.996E-05
0.357344 0.268096 0.171712 0.160618 9.9991E-05 0.0421311
0.199549 0.0275851 0.401913 0.170626 0.0974871 0.10284
9.9991E-05 0.132904 0.0655206 0.183917 0.0672929 0.550265
9.9973E-05 0.125214 9.9973E-05 0.867342 9.9973E-05 0.00714412
0.139969 9.9991E-05 0.313561 0.178423 0.0493139 0.318633
0.365612 9.9982E-05 0.238366 9.9982E-05 0.223095 0.172728
0.9995 9.996E-05 9.996E-05 9.996E-05 9.996E-05 9.996E-05
0.218625 0.211235 0.265252 0.297308 0.00747944 9.9991E-05
0.240984 9.9991E-05 0.291056 0.031017 0.0179809 0.418863
0.320306 0.148459 0.0973071 0.0166668 0.123145 0.294116
0.0380516 0.20177 0.579764 0.173982 9.9991E-05 0.00633323
0.598568 9.9982E-05 9.9982E-05 0.0887621 0.0762285 0.236241
0.227624 0.00371366 0.492357 0.225913 9.9991E-05 0.0502932
0.241085 9.9982E-05 0.427506 9.9982E-05 0.152692 0.178517
0.0647392 0.00799916 0.730092 0.0475717 0.058934 0.0906635
0.158513 9.9991E-05 0.22897 0.148691 0.102044 0.361681
9.996E-05 9.996E-05 9.996E-05 9.996E-05 0.9995 9.996E-05
0.224615 0.134962 9.9982E-05 9.9982E-05 0.0903081 0.549915
0.645166 0.174342 9.9973E-05 9.9973E-05 0.180192 9.9973E-05
0.145325 0.307744 0.166983 0.157329 0.0826326 0.139987
0.295539 0.198424 0.0730085 0.260593 0.0349207 0.137515
9.9982E-05 0.0326137 0.30545 0.434314 9.9982E-05 0.227422
0.0891889 0.0523586 0.551931 0.241948 9.9991E-05 0.0644732
9.996E-05 9.996E-05 9.996E-05 9.996E-05 0.9995 9.996E-05
0.114876 0.10696 0.468174 0.0165302 9.9991E-05 0.29336
0.132436 0.116206 0.0729587 0.24432 0.293099 0.14098
0.186261 0.0461682 0.458973 0.20128 9.9991E-05 0.107218
0.477832 0.00525262 9.9982E-05 0.218279 9.9982E-05 0.298436
