0.180139 0.0624193 0.01302 0.335467 9.9991E-05 0.245854 0.163001
9.99642E-05 9.99642E-05 9.99642E-05 0.180883 0.363082 0.455634 9.99642E-05
9.99821E-05 9.99821E-05 0.316667 0.0126083 0.170733 0.257706 0.242086
0.126588 9.99731E-05 0.176936 0.658759 9.99731E-05 9.99731E-05 0.037417
0.385127 9.99731E-05 9.99731E-05 0.140553 0.0959472 9.99731E-05 0.378073
9.99552E-05 9.99552E-05 0.136963 0.862537 9.99552E-05 9.99552E-05 9.99552E-05
0.200181 0.139067 9.9991E-05 0.363473 0.157813 0.00244498 0.136921
9.99642E-05 9.99642E-05 9.99642E-05 0.579397 0.0304008 0.389802 9.99642E-05
0.465066 0.148061 9.99731E-05 9.99731E-05 9.99731E-05 0.253929 0.132644
9.99731E-05 0.823835 0.0811014 0.0265873 9.99731E-05 9.99731E-05 0.0681761
0.210045 0.339797 0.295665 9.9982E-05 0.0733778 9.9982E-05 0.0809157
0.566758 9.99821E-05 9.99821E-05 0.0457426 0.141343 0.183554 0.0624017
9.99553E-05 9.99553E-05 9.99553E-05 0.446082 9.99553E-05 0.553418 9.99553E-05
0.21881 9.99731E-05 9.99731E-05 0.662465 0.117155 9.99731E-05 0.00127071
0.746779 0.0254919 9.99642E-05 0.22733 9.99642E-05 9.99642E-05 9.99642E-05
0.36418 9.99553E-05 9.99553E-05 9.99553E-05 9.99553E-05 9.99553E-05 0.63532
0.179782 0.0881313 9.9991E-05 0.319269 0.100592 0.278932 0.0331934
0.0545368 0.158016 0.125752 0.180203 0.390604 9.9991E-05 0.0907871
0.0188855 0.0630874 9.99821E-05 0.250878 0.00287519 0.664074 9.99821E-05
9.99731E-05 0.151027 0.0635543 0.72539 9.99731E-05 0.0597283 9.99731E-05
9.99642E-05 0.682418 0.0115848 0.305597 9.99642E-05 9.99642E-05 9.99642E-05
0.0284765 0.0746881 9.9973E-05 9.9973E-05 9.9973E-05 0.756469 0.140066
9.99642E-05 9.99642E-05 0.141183 0.59631 0.262107 9.99642E-05 9.99642E-05
9.99641E-05 9.99641E-05 0.136991 0.28447 9.99641E-05 9.99641E-05 0.578139
0.0584554 0.173181 0.363627 0.0906402 0.033379 0.0946928 0.186024
0.192635 0.0595557 0.00733909 0.0381434 0.0565351 0.310083 0.335709
9.9982E-05 0.490658 0.0261383 9.9982E-05 0.226848 0.185478 0.0706781
0.0782598 0.283197 0.186214 0.164347 0.120438 0.167444 9.99911E-05
0.187408 9.9973E-05 0.392004 9.9973E-05 0.0361715 0.384116 9.9973E-05
9.99553E-05 0.0257468 9.99553E-05 9.99553E-05 9.99553E-05 9.99553E-05 0.973753
0.335239 0.206052 0.285304 0.0885944 0.0846105 9.99821E-05 9.99821E-05
9.99642E-05 9.99642E-05 9.99642E-05 0.216856 0.329121 0.453623 9.99642E-05
9.99731E-05 0.772524 0.0420437 9.99731E-05 9.99731E-05 0.0971422 0.0879905
9.999E-05 0.00128219 0.0587735 0.288949 0.0307858 0.549741 0.0703683
0.191768 9.9982E-05 0.0579917 0.43032 0.0489607 9.9982E-05 0.27076
9.99642E-05 0.0966401 9.99642E-05 0.786299 0.116661 9.99642E-05 9.99642E-05
0.0290666 9.99821E-05 0.142975 9.99821E-05 0.283732 0.537518 0.0065081
9.99732E-05 0.253908 0.579799 9.99732E-05 0.0755388 0.0904549 9.99732E-05
0.116419 0.10447 0.107737 0.071022 0.185849 0.284455 0.130047
9.99731E-05 9.99731E-05 0.414238 0.293528 0.114248 0.177687 9.99731E-05
9.99642E-05 0.516594 9.99642E-05 9.99642E-05 0.154356 9.99642E-05 0.32865
0.0563507 0.491954 0.0437914 9.9991E-05 0.209145 0.0375984 0.161061
9.99731E-05 0.163814 9.99731E-05 0.544628 0.0508327 0.240426 9.99731E-05
0.422326 9.99821E-05 0.306378 0.183977 0.0204424 9.99821E-05 0.0666769
9.99731E-05 9.99731E-05 0.133979 0.159094 0.193077 0.513551 9.99731E-05
0.109359 9.99821E-05 0.0945926 0.376301 0.251002 0.168546 9.99821E-05
9.99552E-05 0.474934 9.99552E-05 0.524566 9.99552E-05 9.99552E-05 9.99552E-05
0.302372 0.428746 0.0435734 0.13222 0.092889 9.9982E-05 9.9982E-05
0.121788 0.220298 9.99733E-05 0.215503 9.99733E-05 0.442111 9.99733E-05
9.9982E-05 9.9982E-05 0.0104432 0.604113 0.114858 0.254775 0.0156101
9.9973E-05 9.9973E-05 0.121409 0.460119 9.9973E-05 0.162947 0.255225
9.99821E-05 0.260481 0.319858 0.113571 0.218239 0.0876501 9.99821E-05
0.388872 0.215876 9.9964E-05 9.9964E-05 9.9964E-05 9.9964E-05 0.394853
9.99731E-05 9.99731E-05 0.369114 0.315498 9.99731E-05 0.159326 0.155763
0.630579 9.99732E-05 0.18087 0.0300788 0.158173 9.99732E-05 9.99732E-05
0.676408 0.142259 9.99732E-05 9.99732E-05 0.110188 0.0708454 9.99732E-05
0.45702 9.9973E-05 0.28345 0.113016 9.9973E-05 9.9973E-05 0.146214
0.9994 9.995E-05 9.995E-05 9.995E-05 9.995E-05 9.995E-05 9.995E-05
0.392392 9.99729E-05 0.247214 9.99729E-05 0.209037 0.151056 9.99729E-05
0.0476478 0.254477 0.169562 0.474595 0.0535184 9.9982E-05 9.9982E-05
0.0944274 0.0121381 0.312485 0.161581 9.9991E-05 0.319951 0.0993174
0.0651814 0.294229 9.99821E-05 0.165587 0.393158 9.99821E-05 0.0816446
0.153571 0.221942 9.9973E-05 9.9973E-05 0.112494 0.511693 9.9973E-05
9.99821E-05 0.0128986 0.0105147 9.99821E-05 0.185675 0.0496898 0.741022
0.250216 0.304993 9.9991E-05 0.0777829 0.0238023 0.2712 0.0719046
0.137872 0.0360841 9.9991E-05 0.0573269 0.113511 0.486728 0.168379
0.0326532 9.99821E-05 0.202443 0.579504 0.108687 9.99821E-05 0.0765136
0.296581 9.99821E-05 0.0921387 0.183316 0.200233 0.227531 9.99821E-05
0.397619 9.9982E-05 0.112087 0.00636506 0.067778 0.415951 9.9982E-05
9.99641E-05 0.480124 9.99641E-05 9.99641E-05 9.99641E-05 0.300859 0.218617
0.189514 0.199637 0.118823 0.449602 0.0422245 9.99821E-05 9.99821E-05
0.15194 9.99731E-05 9.99731E-05 9.99731E-05 0.374431 0.377558 0.0957711
9.99555E-05 9.99555E-05 9.99555E-05 0.576857 0.422643 9.99555E-05 9.99555E-05
9.99642E-05 9.99642E-05 9.99642E-05 9.99642E-05 0.438195 0.532935 0.0284707
9.99733E-05 9.99733E-05 0.0748914 0.753614 9.99733E-05 0.111801 0.0593938
0.384627 9.99641E-05 9.99641E-05 9.99641E-05 0.160893 0.45408 9.99641E-05
0.666315 9.99644E-05 9.99644E-05 0.204565 9.99644E-05 9.99644E-05 0.12872
9.9982E-05 0.408943 0.20711 0.00563975 0.222575 0.155532 9.9982E-05
0.11334 0.0394839 0.23284 0.0553695 0.0737979 0.485068 9.9991E-05
0.274696 9.9991E-05 0.137912 0.37117 0.0685016 0.139958 0.00766242
0.0105701 9.9991E-05 0.161772 0.192897 0.589729 0.0177258 0.0272066
0.285535 9.99821E-05 0.113474 0.295505 9.99821E-05 0.177326 0.127961
9.99732E-05 0.19417 0.13361 0.513208 9.99732E-05 0.158712 9.99732E-05
9.99731E-05 0.0275067 9.99731E-05 0.0560395 9.99731E-05 0.76531 0.150844
9.99642E-05 0.261646 9.99642E-05 0.668773 0.0691811 9.99642E-05 9.99642E-05
9.9973E-05 0.295706 9.9973E-05 0.490622 0.178951 0.0344219 9.9973E-05
9.99821E-05 0.215068 9.99821E-05 0.177121 0.170826 0.411526 0.0252591
0.122065 9.99641E-05 9.99641E-05 0.369171 9.99641E-05 9.99641E-05 0.508365
9.99821E-05 0.0808336 0.349079 0.0630647 9.99821E-05 0.334106 0.172716
9.99642E-05 0.292708 9.99642E-05 9.99642E-05 9.99642E-05 0.700399 0.00649257
0.0669434 9.99554E-05 9.99554E-05 9.99554E-05 9.99554E-05 9.99554E-05 0.932557
9.99732E-05 0.205186 9.99732E-05 0.634139 0.049991 9.99732E-05 0.110384
0.164578 0.188033 9.99821E-05 0.160769 0.275893 9.99821E-05 0.210527
9.99731E-05 0.112539 0.249496 0.581728 9.99731E-05 9.99731E-05 0.0559373
0.063018 0.238947 9.9982E-05 9.9982E-05 0.202233 0.300139 0.195463
0.153437 0.0416791 0.0981963 0.645449 0.0610392 9.99821E-05 9.99821E-05
9.99641E-05 0.616648 9.99641E-05 0.224897 9.99641E-05 9.99641E-05 0.158054
0.444622 0.330433 9.99641E-05 0.224545 9.99641E-05 9.99641E-05 9.99641E-05
9.9982E-05 9.9982E-05 0.0356227 0.162992 0.0403733 0.136947 0.623865
9.9982E-05 0.127493 9.9982E-05 0.413382 0.187547 0.0177366 0.253642
0.19265 0.53358 9.99643E-05 9.99643E-05 9.99643E-05 9.99643E-05 0.273371
9.99553E-05 9.99553E-05 9.99553E-05 9.99553E-05 0.0038798 9.99553E-05 0.99562
9.99643E-05 0.706978 0.0770159 9.99643E-05 9.99643E-05 0.215606 9.99643E-05
9.99552E-05 0.255034 0.744466 9.99552E-05 9.99552E-05 9.99552E-05 9.99552E-05
9.99551E-05 9.99551E-05 9.99551E-05 0.470755 9.99551E-05 0.528746 9.99551E-05
0.373466 9.99731E-05 9.99731E-05 0.349518 9.99731E-05 0.242053 0.0346627
0.0368044 0.177442 9.99821E-05 0.473266 0.0575451 0.254743 9.99821E-05
9.9991E-05 0.267277 0.100162 0.205867 0.0375029 0.241015 0.148076
0.210806 9.99821E-05 0.0367259 0.145315 9.99821E-05 0.601726 0.00522687
9.99732E-05 9.99732E-05 0.548417 9.99732E-05 0.0171468 0.223269 0.210867
0.135131 0.0896235 9.99732E-05 9.99732E-05 0.173179 9.99732E-05 0.601767
0.236309 9.99821E-05 9.99821E-05 0.36115 0.0283861 0.210481 0.163474
9.99732E-05 9.99732E-05 0.184629 0.0165743 9.99732E-05 0.0911083 0.707388
0.112823 9.99821E-05 0.128959 0.541587 0.074836 0.141595 9.99821E-05
9.995E-05 9.995E-05 9.995E-05 9.995E-05 9.995E-05 9.995E-05 0.9994
0.738312 0.0374387 0.21679 9.99732E-05 9.99732E-05 9.99732E-05 0.00715964
0.252651 9.99731E-05 0.0112758 0.397422 9.99731E-05 0.338351 9.99731E-05
9.99642E-05 0.17695 9.99642E-05 9.99642E-05 0.0879669 0.734683 9.99642E-05
0.0456537 9.99821E-05 0.0393745 9.99821E-05 0.200152 0.580945 0.133675
9.99731E-05 9.99731E-05 0.148447 0.576035 0.242899 0.0323185 9.99731E-05
0.00701913 0.0972224 9.99821E-05 0.102613 9.99821E-05 0.238077 0.554869
9.99732E-05 9.99732E-05 0.0752668 0.656083 0.234624 9.99732E-05 0.0337258
0.159176 9.99731E-05 0.294084 0.478595 9.99731E-05 9.99731E-05 0.0678446
9.99731E-05 0.289069 0.131244 0.410747 0.16864 9.99731E-05 9.99731E-05
0.140338 0.235845 0.206853 0.312817 9.9991E-05 0.0101662 0.0938803
0.352308 0.441812 9.9973E-05 0.185815 9.9973E-05 9.9973E-05 0.0197647
9.99732E-05 0.31037 9.99732E-05 9.99732E-05 0.317702 0.109916 0.261713
0.252135 9.9982E-05 0.0576429 0.182551 0.224848 0.282623 9.9982E-05
9.99732E-05 9.99732E-05 0.601497 9.99732E-05 0.154639 0.0686731 0.174891
9.99911E-05 0.277869 0.187458 0.173639 0.0563364 0.108995 0.195603
0.70096 0.298541 9.99553E-05 9.99553E-05 9.99553E-05 9.99553E-05 9.99553E-05
0.0922311 0.132801 0.192953 0.581715 9.9973E-05 9.9973E-05 9.9973E-05
0.480551 0.231364 0.179381 9.99731E-05 9.99731E-05 0.108404 9.99731E-05
9.99731E-05 0.104795 0.250815 9.99731E-05 0.0731982 0.570892 9.99731E-05
9.99821E-05 0.454012 0.145049 0.168903 0.177311 0.0545257 9.99821E-05
9.99732E-05 9.99732E-05 0.102672 0.562167 9.99732E-05 0.328761 0.00609985
9.99642E-05 0.0433963 0.119734 9.99642E-05 9.99642E-05 0.83647 9.99642E-05
9.99821E-05 9.99821E-05 0.483906 0.057071 0.050167 0.269269 0.139387
0.220007 0.0370558 0.25442 9.99821E-05 0.279858 0.208459 9.99821E-05
0.376168 9.99821E-05 0.0349425 0.556321 9.99821E-05 0.0143424 0.0180261
0.167532 9.99911E-05 0.318505 0.162575 0.107667 0.178651 0.0649701
9.99732E-05 0.16154 0.323957 0.469254 9.99732E-05 9.99732E-05 0.0449489
0.176374 0.430142 0.018214 0.0276933 0.0304281 0.178432 0.138717
9.99642E-05 0.671945 0.0172743 9.99642E-05 9.99642E-05 0.310381 9.99642E-05
0.0568624 9.99821E-05 0.0541411 0.40806 9.99821E-05 0.0653059 0.415431
0.0888099 9.9973E-05 9.9973E-05 0.41019 9.9973E-05 0.452361 0.0483392
9.995E-05 9.995E-05 9.995E-05 9.995E-05 0.9994 9.995E-05 9.995E-05
9.99821E-05 0.157069 0.194679 0.406413 9.99821E-05 0.148485 0.0931539
9.99732E-05 9.99732E-05 0.00343822 0.829038 0.0803832 9.99732E-05 0.086841
0.363955 0.155778 0.194618 9.99731E-05 0.285349 9.99731E-05 9.99731E-05
9.99732E-05 9.99732E-05 0.0164833 0.228955 0.272946 0.481315 9.99732E-05
0.707728 0.124673 9.99821E-05 9.99821E-05 0.0407092 0.100898 0.0257923
0.197565 0.00933417 0.059206 0.329987 0.010205 0.393603 9.9991E-05
0.151753 0.240856 9.99821E-05 9.99821E-05 0.0746663 0.389617 0.142907
9.99643E-05 9.99643E-05 9.99643E-05 0.487029 0.320398 9.99643E-05 0.192173
9.99821E-05 0.203729 0.179456 0.349118 0.0318758 0.235621 9.99821E-05
0.0714478 0.10765 0.587949 0.182266 0.0504871 9.99821E-05 9.99821E-05
0.230752 0.255912 0.39334 9.99911E-05 0.0705836 0.0143497 0.0349619
0.199853 9.99732E-05 9.99732E-05 0.303925 9.99732E-05 0.433468 0.0624542
0.0241615 9.9991E-05 0.22581 0.134606 0.0738514 0.376547 0.164924
9.995E-05 9.995E-05 9.995E-05 9.995E-05 0.9994 9.995E-05 9.995E-05
0.106331 9.99821E-05 9.99821E-05 0.164003 0.186149 0.416302 0.127015
9.99732E-05 0.00421972 9.99732E-05 0.653717 0.0538903 0.287873 9.99732E-05
0.774028 0.11878 9.99641E-05 9.99641E-05 0.106793 9.99641E-05 9.99641E-05
0.23321 0.186241 9.99732E-05 9.99732E-05 0.284738 0.295511 9.99732E-05
0.0187931 0.105209 9.99641E-05 0.875598 9.99641E-05 9.99641E-05 9.99641E-05
0.372966 0.0461643 0.222797 0.0549943 0.164513 0.113581 0.0249851
9.995E-05 9.995E-05 9.995E-05 9.995E-05 9.995E-05 0.9994 9.995E-05
9.99643E-05 0.0262914 9.99643E-05 0.737024 0.236285 9.99643E-05 9.99643E-05
0.0689995 0.0341842 0.193977 0.428788 0.109899 0.0756663 0.0884852
0.236221 9.99731E-05 0.353988 9.99731E-05 9.99731E-05 0.303319 0.106173
0.373669 9.99731E-05 0.123334 0.351656 9.99731E-05 0.151041 9.99731E-05
0.466348 9.99821E-05 0.135375 0.13905 0.0229541 0.236073 9.99821E-05
9.99732E-05 9.99732E-05 0.0866801 0.466461 0.157424 9.99732E-05 0.289135
0.449557 9.99731E-05 0.103608 0.242251 9.99731E-05 9.99731E-05 0.204284
0.712027 9.99731E-05 0.122563 0.163684 9.99731E-05 0.00142676 9.99731E-05
9.99821E-05 0.265478 9.99821E-05 0.310371 0.0853506 0.151576 0.187024
9.99642E-05 0.0504501 0.940806 9.99642E-05 0.00834387 9.99642E-05 9.99642E-05
0.119051 0.164781 0.405983 0.0979099 0.176906 9.9991E-05 0.0352685
0.181145 0.600056 0.040908 9.99821E-05 0.117034 0.0606576 9.99821E-05
9.99642E-05 0.356931 9.99642E-05 0.401959 0.24071 9.99642E-05 9.99642E-05
0.161197 0.211872 0.1201 0.0810257 0.0949169 0.24879 0.0820982
0.36783 0.0880619 0.0516465 0.390513 9.99821E-05 9.99821E-05 0.101749
9.99554E-05 9.99554E-05 9.99554E-05 0.655444 9.99554E-05 0.344057 9.99554E-05
9.995E-05 9.995E-05 0.9994 9.995E-05 9.995E-05 9.995E-05 9.995E-05
0.79119 9.99732E-05 9.99732E-05 0.155848 0.0335894 9.99732E-05 0.0190729
0.0259161 9.99821E-05 0.00654975 0.59151 0.0373823 0.338442 9.99821E-05
9.99821E-05 9.99821E-05 0.180872 0.126975 0.135419 0.263595 0.29294
9.9982E-05 0.0248125 0.175342 0.683242 0.0750134 9.9982E-05 0.04139
