0.297774 0.0964826 0.605744
9.999E-05 0.414169 0.585731
0.443295 9.9991E-05 0.556605
0.277018 9.9991E-05 0.722882
9.9991E-05 0.483283 0.516617
0.0231242 0.0684752 0.908401
9.999E-05 0.69179 0.30811
9.999E-05 0.151833 0.848067
0.548411 0.451489 9.99911E-05
0.9998 9.999E-05 9.999E-05
0.642291 9.9991E-05 0.357609
9.99911E-05 0.701135 0.298765
9.99911E-05 0.307858 0.692042
0.0420544 0.567424 0.390522
0.27038 0.413526 0.316094
0.0812225 0.0546259 0.864152
0.505133 0.36675 0.128117
0.592608 0.0211117 0.386281
0.404111 0.28962 0.306269
0.30897 9.99911E-05 0.69093
0.84406 9.99911E-05 0.15584
0.30114 0.22787 0.47099
0.227112 9.99911E-05 0.772788
9.99911E-05 0.607604 0.392296
0.342418 9.99911E-05 0.657482
0.18633 0.302766 0.510904
0.650326 0.258247 0.0914265
0.05468 0.610792 0.334528
0.0946085 0.2155 0.689891
0.176749 9.99911E-05 0.823151
0.181706 0.815694 0.00259996
0.00481051 0.632556 0.362633
0.960904 9.99911E-05 0.0389958
0.0379607 0.459617 0.502423
0.0133334 0.0679337 0.918733
0.636721 0.363179 9.99911E-05
9.99911E-05 0.669689 0.330211
0.74389 9.99911E-05 0.25601
0.0890127 0.584804 0.326183
9.9991E-05 0.0650928 0.934807
0.573417 0.385778 0.040805
0.614758 0.385142 9.99911E-05
0.463633 0.0706145 0.465753
0.186645 0.29756 0.515795
0.160492 0.366535 0.472973
0.271614 0.142374 0.586012
0.526155 9.9991E-05 0.473745
0.549021 0.357293 0.0936853
0.6866 9.99911E-05 0.3133
0.054807 0.0247687 0.920424
9.999E-05 9.999E-05 0.9998
0.526283 0.403418 0.0702992
0.515533 9.9991E-05 0.484367
9.99911E-05 0.0458928 0.954007
0.0807035 0.901784 0.0175124
0.277175 0.705261 0.0175645
9.99911E-05 0.414335 0.585565
0.0603887 0.939511 9.99911E-05
0.03787 0.669593 0.292537
0.486472 0.181103 0.332425
0.151283 0.196873 0.651844
0.650801 0.153091 0.196108
0.603797 0.396103 9.9991E-05
9.999E-05 9.999E-05 0.9998
0.176858 0.126911 0.696231
0.558986 0.0614876 0.379526
0.0883906 0.108298 0.803311
0.336716 0.566022 0.0972619
0.103594 0.425462 0.470944
0.648636 0.142128 0.209236
0.255282 0.567862 0.176856
0.508069 0.491831 9.99911E-05
9.99911E-05 0.939121 0.0607788
9.99911E-05 0.51719 0.48271
9.99911E-05 0.399734 0.600166
0.0672889 0.886324 0.0463867
0.308997 9.99911E-05 0.690903
0.388346 0.611554 9.9991E-05
9.9991E-05 0.511286 0.488614
9.9991E-05 0.45504 0.54486
9.99911E-05 0.302027 0.697873
0.434605 0.0047991 0.560595
0.56403 0.311178 0.124792
0.358475 9.99911E-05 0.641425
0.376606 0.308 0.315394
0.704831 0.0577217 0.237447
0.470127 0.40343 0.126443
9.99911E-05 0.157755 0.842145
0.473592 9.99911E-05 0.526308
0.633733 9.9991E-05 0.366167
9.999E-05 9.999E-05 0.9998
0.319067 0.495409 0.185524
0.621063 9.99911E-05 0.378837
0.539426 0.0121196 0.448454
0.581141 0.418759 9.9991E-05
0.267712 0.452801 0.279487
0.719094 0.0942766 0.186629
0.672819 0.327081 9.9991E-05
9.999E-05 9.999E-05 0.9998
0.564442 9.9991E-05 0.435458
0.209698 0.790202 9.99911E-05
0.187835 9.99911E-05 0.812065
0.9998 9.999E-05 9.999E-05
0.700166 9.99911E-05 0.299734
0.40551 9.9991E-05 0.59439
0.358876 0.331399 0.309724
0.0653308 0.581371 0.353298
0.155498 0.190498 0.654005
9.99911E-05 0.352001 0.647899
0.343894 9.99911E-05 0.656006
0.171877 0.369258 0.458864
9.99911E-05 0.0562395 0.94366
9.999E-05 9.999E-05 0.9998
0.0440165 0.184052 0.771931
0.318131 9.99911E-05 0.681769
0.359213 0.640687 9.99911E-05
0.271463 0.0115406 0.716997
0.359412 0.285261 0.355327
9.9991E-05 0.144754 0.855146
0.185392 0.0491328 0.765475
0.380019 9.99911E-05 0.619881
0.0977757 0.316876 0.585348
9.999E-05 9.999E-05 0.9998
0.407748 0.314107 0.278145
0.432014 9.99911E-05 0.567886
0.448514 0.418155 0.133331
0.670407 9.99911E-05 0.329493
0.049444 0.454614 0.495942
0.318512 9.99911E-05 0.681388
0.442968 9.99911E-05 0.556932
0.76279 0.23711 9.99911E-05
0.218224 0.219712 0.562064
0.431364 0.554579 0.014057
0.602876 0.331994 0.0651303
0.788873 0.118795 0.0923322
0.199828 0.0385521 0.76162
0.279957 9.99911E-05 0.719943
9.999E-05 9.999E-05 0.9998
0.218944 0.701629 0.0794273
9.9991E-05 0.00979451 0.990105
0.216758 0.369445 0.413796
0.811274 9.99911E-05 0.188626
0.464169 0.273355 0.262476
0.983549 9.99911E-05 0.0163514
0.176581 9.99911E-05 0.823319
9.9991E-05 0.231644 0.768256
9.99911E-05 0.9607 0.0391998
0.354392 9.99911E-05 0.645508
9.99911E-05 0.463615 0.536285
9.999E-05 0.9998 9.999E-05
0.116881 0.513423 0.369696
0.566636 0.433264 9.9991E-05
0.163314 0.437565 0.399121
0.0961087 0.4725 0.431391
9.99911E-05 0.435751 0.564149
0.547669 0.352981 0.0993492
0.173863 0.232758 0.59338
0.37881 0.132527 0.488664
9.999E-05 9.999E-05 0.9998
0.412779 0.0564385 0.530783
9.999E-05 0.9998 9.999E-05
0.251986 0.202765 0.545249
9.9991E-05 0.390707 0.609193
0.496531 0.503369 9.99911E-05
0.48327 0.51663 9.99911E-05
0.412689 9.9991E-05 0.587211
0.330566 0.171599 0.497835
9.99911E-05 0.468441 0.531459
9.99911E-05 0.946783 0.0531174
0.352395 0.245247 0.402358
9.99911E-05 0.263264 0.736636
9.9991E-05 0.468683 0.531217
0.335957 0.663943 9.9991E-05
0.441647 9.99911E-05 0.558253
0.00183194 9.99911E-05 0.998068
9.99911E-05 0.416374 0.583526
0.322252 0.172444 0.505304
0.365968 0.26685 0.367182
0.40871 0.181059 0.410232
0.691825 0.220891 0.0872841
0.633961 0.365939 9.99911E-05
0.688832 0.24813 0.063038
0.359578 0.13318 0.507242
9.99911E-05 0.216109 0.783791
0.50409 9.99911E-05 0.49581
0.23167 0.53781 0.230521
0.0982947 0.325296 0.576409
9.99911E-05 0.341813 0.658087
0.457299 0.125854 0.416846
