0.111567 0.704192 0.18424
0.146735 0.422328 0.430937
0.215799 0.476437 0.307764
0.121982 0.543232 0.334786
0.157712 0.475578 0.366711
0.0139784 0.320965 0.665057
0.119129 0.737937 0.142934
0.0560808 0.648251 0.295668
0.274891 0.2328 0.492309
0.273043 0.205513 0.521444
0.149577 0.0323628 0.81806
0.289537 0.12519 0.585273
0.294584 0.227954 0.477462
0.219866 0.574573 0.205561
0.154893 0.537005 0.308102
0.244432 0.568023 0.187545
0.348582 0.526025 0.125393
0.356138 0.581413 0.0624482
0.0618135 0.56189 0.376297
0.146912 0.458044 0.395044
0.0797339 0.490432 0.429835
0.157428 0.387445 0.455127
0.166204 0.468886 0.36491
0.200913 0.469888 0.329199
0.160036 9.9991E-05 0.839864
0.206231 0.518454 0.275315
0.178725 0.405508 0.415766
0.191687 0.506024 0.302289
0.220137 0.396769 0.383094
0.750689 0.164389 0.0849219
0.138406 0.145664 0.71593
0.283693 9.9991E-05 0.716207
0.208493 0.549314 0.242194
0.02214 0.58173 0.39613
0.233922 0.455885 0.310193
9.999E-05 0.9998 9.999E-05
0.0491708 0.587049 0.36378
0.453251 0.114843 0.431907
0.168546 0.371341 0.460113
0.0651945 0.565045 0.36976
0.173318 0.183347 0.643335
0.11292 0.563116 0.323964
0.109126 0.472795 0.418079
0.199057 0.232671 0.568272
0.322112 0.0796801 0.598208
0.0758784 0.283087 0.641034
0.229803 0.426037 0.344161
0.0817791 0.497663 0.420558
0.200603 0.143541 0.655856
0.267506 0.475055 0.257439
0.253883 0.41857 0.327546
0.17588 0.4503 0.37382
0.0953679 0.553812 0.350821
0.278848 0.388672 0.332481
0.283613 0.184851 0.531536
0.178625 0.503034 0.31834
0.338892 9.9991E-05 0.661008
0.196228 0.233902 0.56987
0.191185 0.247394 0.561421
0.105194 0.178942 0.715864
0.0432058 0.522644 0.434151
0.0961487 0.479548 0.424304
0.202796 0.708344 0.0888605
0.958012 0.0418877 9.9991E-05
0.159161 0.483713 0.357126
9.999E-05 0.9998 9.999E-05
0.105592 0.646041 0.248367
0.247952 0.429323 0.322725
0.0751794 0.536862 0.387958
0.19583 0.478543 0.325627
0.0598374 0.265447 0.674715
0.13084 0.662418 0.206742
0.234762 0.439638 0.3256
0.210588 0.1384 0.651012
0.271594 0.232116 0.49629
0.12061 0.285817 0.593573
0.160085 0.359588 0.480327
0.0995545 0.414779 0.485666
9.9991E-05 0.466226 0.533674
0.228362 0.507883 0.263755
0.124965 0.551334 0.323701
0.170072 0.487644 0.342284
0.359206 0.0414318 0.599362
0.215957 0.361857 0.422186
0.0296384 0.732738 0.237624
0.0459484 0.262716 0.691336
9.9991E-05 0.984866 0.015034
0.0998743 0.135456 0.764669
0.334489 0.530391 0.13512
9.9991E-05 0.307192 0.692708
0.9998 9.999E-05 9.999E-05
0.256498 0.117302 0.626199
9.9991E-05 0.709503 0.290397
0.139122 0.557165 0.303712
9.9991E-05 0.66914 0.33076
0.218974 0.460489 0.320537
0.169965 0.207813 0.622222
9.9991E-05 0.333288 0.666612
0.685852 0.285183 0.0289653
0.489048 0.211582 0.29937
0.276644 0.228652 0.494703
0.9998 9.999E-05 9.999E-05
0.195538 0.271433 0.533029
0.050306 9.9991E-05 0.949594
0.0213752 0.427683 0.550941
0.0700571 0.398068 0.531875
0.180882 0.570767 0.24835
0.266366 0.342033 0.391602
0.264121 0.276523 0.459356
0.161061 0.455472 0.383466
0.000171086 0.566426 0.433403
0.373313 0.0779741 0.548713
0.0329031 0.289078 0.678019
0.668921 0.280285 0.0507944
0.12679 0.54187 0.33134
0.9998 9.999E-05 9.999E-05
0.128239 0.212884 0.658877
0.192417 0.697443 0.11014
0.124683 0.244888 0.63043
0.332173 0.220103 0.447724
0.166631 0.675972 0.157397
0.568875 0.431025 9.9991E-05
0.343372 0.429933 0.226695
0.125872 0.336713 0.537415
0.510239 0.131093 0.358668
0.117346 0.574063 0.308591
0.170398 0.191694 0.637908
0.29145 0.268143 0.440407
9.9991E-05 0.340625 0.659275
0.396216 0.188565 0.415218
0.17187 0.710176 0.117954
0.013317 0.68117 0.305514
0.462915 0.257941 0.279144
0.213927 0.399733 0.38634
0.167554 0.41931 0.413136
0.220993 0.224372 0.554636
0.068303 0.499206 0.432491
0.151343 0.594196 0.254461
0.287564 0.364437 0.347998
0.106774 0.402445 0.490781
0.123783 0.37771 0.498507
0.195814 0.154221 0.649964
0.251862 0.112256 0.635882
0.263947 0.190545 0.545508
0.0401057 0.702406 0.257488
0.543205 0.390566 0.0662282
0.0486819 0.561721 0.389598
0.0149949 0.984905 9.9991E-05
0.0383666 0.714301 0.247332
0.00973141 0.436837 0.553432
0.111455 0.241841 0.646704
9.9991E-05 0.529265 0.470635
0.226895 0.304753 0.468353
0.187016 0.435886 0.377098
0.205975 0.374077 0.419949
0.414901 0.433958 0.151141
0.184235 0.348896 0.466868
0.334458 0.30748 0.358062
0.220893 0.779007 9.9991E-05
0.276593 0.368276 0.355131
0.203952 0.336704 0.459344
9.999E-05 0.9998 9.999E-05
9.9991E-05 0.902131 0.0977692
0.0931518 0.524126 0.382723
0.244833 0.236619 0.518547
0.13067 0.6185 0.25083
0.0610043 0.431224 0.507772
9.9991E-05 0.460933 0.538968
0.0385794 0.718959 0.242461
0.314735 0.571143 0.114122
0.248219 0.318105 0.433676
0.182579 0.419047 0.398373
0.167245 0.542066 0.290688
9.9991E-05 0.527111 0.472789
0.038764 0.68301 0.278226
0.131478 0.230351 0.638171
0.0679661 0.489485 0.442549
0.17184 0.331528 0.496633
0.0248093 9.9991E-05 0.975091
0.301739 0.0587227 0.639539
0.408364 0.54676 0.0448759
0.34809 0.216152 0.435758
0.125093 0.56576 0.309147
0.314419 0.388922 0.296658
0.179175 0.518465 0.302359
9.999E-05 9.999E-05 0.9998
0.0954813 0.629993 0.274526
0.185722 0.509899 0.304379
0.0337801 0.52584 0.44038
0.502474 0.385941 0.111585
