0.828352 0.171249 9.9964E-05 9.9964E-05 9.9964E-05 9.9964E-05
0.000597614 9.9991E-05 0.54627 0.188151 0.131835 0.133047
0.117662 0.331503 0.256692 0.164857 0.0579308 0.0713563
0.273346 0.16549 0.261894 0.149958 0.0694355 0.0798769
0.078858 0.0879234 0.422792 0.185444 0.10612 0.118863
9.9982E-05 0.11802 0.732262 9.9982E-05 0.0282471 0.121271
0.361722 0.117328 0.276556 0.0602879 0.0998224 0.084283
0.20376 0.147742 0.243803 0.285197 0.119398 9.9991E-05
0.136174 0.293758 0.410913 9.9991E-05 0.0831878 0.0758675
0.090329 0.461842 0.0560199 9.9991E-05 0.170604 0.221105
0.0521219 0.358403 0.0693018 0.134002 0.0799768 0.306194
9.9973E-05 0.40648 0.392399 9.9973E-05 0.20082 9.9973E-05
0.111243 0.247541 0.222714 0.185507 0.0563197 0.176675
0.320402 0.00453229 0.249824 0.0703374 0.185361 0.169544
9.9973E-05 9.9973E-05 0.521982 0.362796 9.9973E-05 0.114923
0.174163 0.111304 0.141664 0.503861 0.0689093 9.9991E-05
9.9982E-05 9.9982E-05 0.456459 0.154115 0.185712 0.203514
0.272237 0.0682542 0.0664956 0.297723 0.169346 0.125945
0.126638 0.419897 0.324557 0.0624157 0.0663925 9.9991E-05
0.344112 0.152515 9.9991E-05 0.202321 0.161246 0.139706
0.383261 0.139618 0.198881 0.151256 0.0192027 0.107781
0.254141 0.0712601 0.279949 0.210744 0.0188171 0.165089
0.0949728 0.280397 0.224893 0.231639 0.0869488 0.0811501
0.205231 9.9991E-05 0.414168 0.0564425 0.259138 0.0649203
9.999E-05 0.454975 0.112337 0.0606308 0.0273522 0.344605
0.436799 0.0262312 0.315078 0.015638 0.144002 0.0622515
0.023095 0.372096 0.116947 0.290941 0.0764517 0.120468
0.344604 9.9991E-05 0.243708 0.0665484 0.167122 0.177917
0.0410565 0.0994301 0.391518 0.0873525 0.278918 0.101725
0.095882 9.9991E-05 0.117336 0.056683 0.714236 0.0157622
9.999E-05 0.15535 0.534621 0.0662818 0.0824952 0.161152
0.0484795 0.85293 9.9982E-05 9.9982E-05 0.00304309 0.0953471
0.202218 0.0148017 0.571493 0.0912965 0.120091 9.9991E-05
0.210929 0.0446239 0.399743 0.226401 9.9991E-05 0.118204
0.28687 0.109448 0.309442 9.9991E-05 0.14802 0.14612
0.9995 9.996E-05 9.996E-05 9.996E-05 9.996E-05 9.996E-05
0.134271 9.9982E-05 0.564513 0.045951 9.9982E-05 0.255065
0.354277 0.264564 9.9991E-05 0.00209778 0.129841 0.249121
9.9982E-05 9.9982E-05 0.593406 0.146447 0.113244 0.146703
0.124722 0.316035 0.130735 0.247296 0.0597846 0.121427
0.0891485 0.320869 0.0608821 0.341332 0.0596491 0.12812
0.348699 9.9991E-05 0.271592 0.207586 0.0436091 0.128414
0.259842 0.101389 0.202449 0.221415 0.0975025 0.117403
0.301989 0.277119 0.237573 9.9982E-05 0.183119 9.9982E-05
0.0751963 0.78162 9.9982E-05 0.0679348 0.0750492 9.9982E-05
0.0998541 0.326076 0.307644 0.017382 9.9991E-05 0.248944
0.0989786 0.309197 0.367286 0.11117 0.0657487 0.0476199
0.0350116 0.183224 0.640792 0.0135805 0.12137 0.00602187
9.9991E-05 0.406407 0.119974 0.300031 0.137494 0.0359944
0.120825 0.245077 0.283141 0.268656 0.082202 9.9991E-05
0.273668 0.233281 0.176302 0.117071 0.123646 0.0760322
0.0418432 0.30947 0.240824 0.274686 0.133077 9.9991E-05
0.13037 0.0957231 0.235142 0.538564 9.9982E-05 9.9982E-05
0.044559 0.0382567 0.300802 0.243297 0.118626 0.254459
9.9982E-05 0.771257 0.0133378 0.0706744 0.144531 9.9982E-05
0.211018 0.0126606 0.520266 0.126134 0.0533137 0.0766086
9.99641E-05 0.868621 9.99641E-05 0.130979 9.99641E-05 9.99641E-05
9.9991E-05 0.615309 0.171484 0.0385186 0.0769914 0.0975964
9.9982E-05 0.29265 0.328028 0.277223 9.9982E-05 0.101899
0.0971215 0.454579 0.232794 0.0232091 9.9991E-05 0.192196
0.126192 9.9991E-05 0.779348 0.0638977 0.00561846 0.0248438
0.0759424 0.0595509 0.403323 0.204705 0.119141 0.137338
0.260985 0.0489019 0.66144 0.0284733 9.9982E-05 9.9982E-05
0.017701 9.9982E-05 9.9982E-05 0.0611476 0.903532 0.0174196
0.369637 9.9982E-05 0.380232 0.034325 9.9982E-05 0.215606
0.985055 9.9964E-05 9.9964E-05 9.9964E-05 9.9964E-05 0.014545
0.577155 0.265974 0.120285 9.9982E-05 9.9982E-05 0.0363863
0.131659 0.21941 0.443625 0.0689463 0.072975 0.0633842
0.389718 9.9982E-05 0.44449 0.0157635 0.149829 9.9982E-05
0.105068 0.0374151 0.169036 0.374386 0.253887 0.0602084
9.9982E-05 0.548124 0.213147 9.9982E-05 0.0588338 0.179696
0.198262 0.164248 0.224034 0.323846 0.0543032 0.0353072
0.0281454 0.0820907 0.441086 0.284821 0.0811994 0.082657
9.9991E-05 0.031756 0.483831 0.179066 0.171558 0.133689
9.9991E-05 0.232875 0.204538 0.150774 0.212164 0.199549
9.9991E-05 0.325074 0.204635 0.379221 0.0149038 0.0760662
9.9982E-05 0.233663 0.460251 0.240762 9.9982E-05 0.0651236
9.9982E-05 9.9982E-05 0.765049 0.0914163 0.0883433 0.0549919
9.9982E-05 0.0240282 0.903179 0.0287107 9.9982E-05 0.0438825
9.9982E-05 9.9982E-05 0.674159 0.16104 0.108878 0.0557233
0.241646 0.120855 0.190905 0.341298 0.0732969 0.0319999
0.158611 0.0909053 0.472194 0.0825177 0.0678868 0.127885
0.119932 0.326717 0.123006 0.0809766 0.253543 0.0958247
9.9982E-05 9.9982E-05 0.303209 0.500071 0.101733 0.0947881
0.00843229 0.246838 0.65135 9.9991E-05 0.0831202 0.0101595
0.17594 0.595329 0.0425202 0.0742037 9.9991E-05 0.111907
0.736878 9.9982E-05 0.24362 0.00806517 0.0112368 9.9982E-05
9.9982E-05 0.508488 0.335829 0.072025 9.9982E-05 0.0834581
0.35245 9.9991E-05 0.179555 0.142222 0.190713 0.13496
0.235245 0.582924 0.0472282 0.134402 9.9982E-05 9.9982E-05
9.9964E-05 9.9964E-05 9.9964E-05 9.9964E-05 0.978441 0.021159
0.0300608 0.498295 0.276943 9.9991E-05 0.0706217 0.123979
0.390468 9.9982E-05 0.413847 0.155131 9.9982E-05 0.0403536
9.9982E-05 0.0885219 0.406518 0.413111 0.091649 9.9982E-05
0.179387 0.0354945 0.562937 0.102785 9.9991E-05 0.119295
0.224706 9.9991E-05 0.423327 0.180489 0.0996541 0.0717237
0.240656 0.478848 9.9991E-05 0.0603176 0.0830052 0.137073
0.149687 0.302154 0.376806 9.9982E-05 9.9982E-05 0.171153
0.227121 0.0991447 0.0294675 0.0898363 0.55433 9.9991E-05
9.9982E-05 0.0600793 0.44796 0.108327 0.383433 9.9982E-05
0.138476 0.304438 0.285331 0.0104585 0.159661 0.101637
9.996E-05 9.996E-05 9.996E-05 9.996E-05 0.9995 9.996E-05
0.0799382 0.119301 0.381601 0.154821 0.0422262 0.222113
9.996E-05 9.996E-05 9.996E-05 9.996E-05 9.996E-05 0.9995
0.192581 0.282234 0.010945 0.309356 0.0811132 0.12377
0.0011569 0.398734 0.35875 0.229962 0.0112975 9.9991E-05
0.192666 0.233819 0.423184 0.101626 0.0350402 0.0136658
0.332589 0.0153099 0.511431 0.0994766 0.0227514 0.0184424
9.9991E-05 0.145664 0.291342 0.266908 0.200989 0.0949965
0.404952 0.093645 0.217281 0.14745 0.080616 0.0560561
0.120687 0.11118 0.416264 0.235375 9.9991E-05 0.116394
9.9991E-05 0.521852 0.13806 0.047534 0.192471 0.0999835
9.9991E-05 0.365916 0.272188 0.190851 0.0910748 0.0798698
0.153639 9.9991E-05 0.121355 0.100467 0.528623 0.0958163
0.126195 0.102355 0.684881 0.00137712 0.0441418 0.0410503
9.9964E-05 0.0182219 9.9964E-05 9.9964E-05 0.981378 9.9964E-05
0.200991 0.139161 0.278587 0.0311317 0.018834 0.331296
0.641792 0.148708 9.9991E-05 0.106312 0.0586146 0.0444733
9.9982E-05 0.176177 0.661159 0.0386196 0.123844 9.9982E-05
0.260306 0.374979 9.9991E-05 0.153607 0.138754 0.0722534
0.421682 9.9982E-05 0.299762 0.240118 9.9982E-05 0.0382376
0.200478 9.9991E-05 0.304872 0.102797 0.382707 0.00904647
0.0187451 0.0933599 0.325794 0.211837 0.182731 0.167534
9.9982E-05 0.208151 0.508419 0.163587 9.9982E-05 0.119643
0.0174531 0.524961 0.0689427 0.0616184 0.258623 0.0684019
9.9982E-05 0.053414 0.780883 0.0275471 0.137956 9.9982E-05
0.00286104 0.516678 0.123983 0.262366 0.0107804 0.0833312
0.162216 0.365325 0.25638 0.0891016 0.0800253 0.0469517
0.0162502 0.444047 0.447224 0.0663104 9.9991E-05 0.0260686
0.253056 0.43319 9.9982E-05 9.9982E-05 0.175449 0.138105
0.728119 9.9982E-05 0.173448 9.9982E-05 0.0864857 0.011748
0.119186 0.0136636 0.567087 0.176725 0.090544 0.0327949
9.9982E-05 0.126953 0.51753 9.9982E-05 0.341295 0.0140225
9.9991E-05 0.0248109 0.368036 0.349559 0.201089 0.0564046
0.237806 0.411557 0.288079 9.9982E-05 9.9982E-05 0.0623573
0.150611 0.455797 0.176295 0.0116387 0.042437 0.163222
9.9973E-05 0.123096 0.221288 0.655316 9.9973E-05 9.9973E-05
9.996E-05 9.996E-05 9.996E-05 0.9995 9.996E-05 9.996E-05
0.120856 0.389938 0.158207 0.180579 0.060742 0.0896781
0.0424265 9.9991E-05 0.686474 0.0359779 0.00440031 0.230621
9.9991E-05 0.26838 0.438571 0.0135068 0.131347 0.148095
9.9982E-05 0.123154 0.353825 0.336511 9.9982E-05 0.18631
0.0294849 0.399953 0.323087 9.9991E-05 0.169139 0.0782365
0.157476 0.492878 0.14672 9.9991E-05 0.144742 0.0580846
0.119457 9.9982E-05 0.529654 0.25073 9.9982E-05 0.0999588
0.155315 9.9991E-05 0.186874 0.225601 0.404719 0.0273916
0.110304 0.122002 0.502448 0.0993866 0.0792162 0.0866431
9.996E-05 9.996E-05 9.996E-05 0.9995 9.996E-05 9.996E-05
0.687622 9.9991E-05 0.135688 0.0127307 0.0142637 0.149596
0.293715 0.0378472 0.199743 0.187637 9.9991E-05 0.280958
9.9982E-05 0.333987 0.480886 9.9982E-05 0.0782928 0.106634
0.0539112 0.110902 0.378514 0.210216 9.9991E-05 0.246357
0.0200897 0.324616 0.073153 0.289047 0.170604 0.12249
0.0816047 0.171425 0.377751 0.178673 0.16133 0.0292164
0.0314866 0.124933 0.741642 9.9982E-05 0.101738 9.9982E-05
0.186587 9.9991E-05 0.217165 0.252183 0.276008 0.0679571
0.257097 0.363793 0.190599 0.103252 9.9991E-05 0.085159
0.234173 9.9991E-05 0.324207 0.207268 0.192145 0.0421062
0.945938 9.9964E-05 9.9964E-05 9.9964E-05 0.053662 9.9964E-05
0.200253 0.0527634 0.417806 0.0873751 0.154595 0.0872084
0.199898 0.0996327 0.427756 0.129544 0.0260132 0.117155
9.996E-05 9.996E-05 9.996E-05 0.9995 9.996E-05 9.996E-05
0.142126 0.0766138 0.248817 0.450976 9.9991E-05 0.0813664
9.9982E-05 0.0592678 0.431308 0.376564 9.9982E-05 0.13266
0.118025 0.363632 0.212997 0.175465 0.0586224 0.0712574
0.78258 0.103394 9.9991E-05 0.0386115 0.0156828 0.0596321
0.115398 0.356247 0.35295 0.136613 9.9991E-05 0.038692
0.0776111 0.0989458 0.408556 0.16799 9.9991E-05 0.246797
9.996E-05 9.996E-05 9.996E-05 0.9995 9.996E-05 9.996E-05
0.257536 0.0771973 0.374505 0.0745893 0.188573 0.0275998
0.135029 0.431687 0.30024 9.9991E-05 0.111516 0.0214279
9.9991E-05 0.218319 0.325668 0.247306 0.0406146 0.167992
0.2391 0.0367551 0.317218 0.20313 0.203697 9.9991E-05
0.0871114 0.486093 0.0235496 0.242406 9.9991E-05 0.16074
0.364559 9.9982E-05 0.454476 0.137671 9.9982E-05 0.0430935
0.0523058 0.0389995 0.648244 0.00157792 0.07486 0.184013
0.0113383 0.197274 0.650001 0.136217 0.00124654 0.00392297
0.143654 0.429705 0.145106 0.128268 0.103933 0.0493348
9.996E-05 9.996E-05 9.996E-05 9.996E-05 9.996E-05 0.9995
0.0159823 0.530214 0.240963 0.0165789 0.0412936 0.154968
9.9982E-05 9.9982E-05 0.424051 0.110826 0.325981 0.138942
0.286208 0.219207 9.9991E-05 0.171965 0.235125 0.0873954
0.432596 0.245168 0.00130934 0.273625 0.0472013 9.9991E-05
0.276714 0.211488 0.239205 0.0814778 0.191016 9.9991E-05
0.453441 0.0819608 0.138936 0.199223 0.0887172 0.037722
9.996E-05 9.996E-05 9.996E-05 9.996E-05 9.996E-05 0.9995
0.0865592 0.331836 0.373898 0.136365 0.071242 9.9991E-05
0.282844 9.9991E-05 0.173026 0.11958 0.196602 0.227848
0.286731 9.9991E-05 0.490038 0.141088 0.0425989 0.0394437
0.343419 0.252768 0.0649401 0.185534 0.153239 9.9991E-05
