9.9982E-05 0.288116 0.58376 0.0830329 9.9982E-05 0.0448911
0.149793 0.00292495 0.178759 0.423269 0.245154 9.9991E-05
0.210119 0.212045 0.283852 0.209889 0.0427448 0.0413504
0.0819683 0.109203 0.588048 0.0489075 0.072509 0.0993644
0.163234 0.123495 0.347449 0.102239 0.135989 0.127594
0.252506 0.0114271 0.429149 0.268784 9.9991E-05 0.0380337
0.0737696 0.167503 0.439621 9.9991E-05 0.0454838 0.273522
0.123538 9.9991E-05 0.339539 0.364191 0.0374175 0.135215
0.11116 0.330218 0.415778 0.0390516 0.0468293 0.0569627
0.207427 0.4099 0.0643613 9.9991E-05 0.124829 0.193383
0.361147 0.321019 0.131485 0.126878 9.9991E-05 0.059371
9.999E-05 0.390736 0.14904 0.146941 0.148326 0.164857
0.348701 0.154771 0.268689 9.9991E-05 0.0743615 0.153377
0.198043 9.9991E-05 0.217094 0.362104 0.118366 0.104293
0.155669 0.0186429 0.0973926 0.447093 0.044266 0.236937
0.0233789 0.0939597 0.101398 0.351208 0.180337 0.249718
0.216436 9.9982E-05 9.9982E-05 0.574161 0.112304 0.0968996
0.0858626 9.9991E-05 0.327837 0.130568 0.17932 0.276312
0.0221645 0.195808 0.459883 0.131848 0.0332465 0.157049
0.080801 0.0238188 0.530118 0.181812 9.9991E-05 0.18335
0.124444 0.298414 0.320802 0.0983621 9.9991E-05 0.157878
0.125613 0.339465 0.218793 0.0577411 0.0413919 0.216996
0.0883101 0.0528186 0.263337 0.259337 0.0434962 0.292701
0.0442945 9.9991E-05 0.496703 0.237741 0.121441 0.0997208
0.397401 0.467887 9.9973E-05 9.9973E-05 9.9973E-05 0.134412
0.0577266 0.020112 0.418126 0.236305 0.215093 0.0526377
0.170965 0.232939 0.198103 0.110556 0.0562275 0.231211
0.190952 0.00440669 0.421926 0.154042 0.155225 0.0734491
0.163439 0.167866 0.168586 0.249635 0.211855 0.0386199
9.9982E-05 9.9982E-05 0.136287 0.261682 0.598908 0.00292208
0.179596 0.233824 9.9991E-05 0.36912 0.20619 0.0111694
0.135291 0.71048 0.0307521 9.9991E-05 0.016744 0.106633
0.113682 9.9991E-05 0.30706 0.143723 0.276821 0.158614
0.184107 9.9982E-05 0.375765 0.292068 9.9982E-05 0.14786
0.152363 0.129545 0.34788 0.183097 0.0174382 0.169678
9.99641E-05 9.99641E-05 0.809135 9.99641E-05 9.99641E-05 0.190465
0.242927 9.9991E-05 0.577208 0.168934 0.00653871 0.00429292
0.182338 0.416583 0.197094 9.9991E-05 0.120592 0.0832929
0.300403 9.9991E-05 0.228095 0.241503 0.11467 0.115229
0.0210211 0.132922 0.25552 0.430035 9.9991E-05 0.160402
0.180694 0.298897 0.132524 0.210987 0.102715 0.0741828
0.249585 9.9991E-05 0.303025 0.243104 0.0861628 0.118023
0.16476 0.0890279 0.265108 0.350246 0.0785686 0.0522904
9.9973E-05 0.404702 0.453625 9.9973E-05 0.141373 9.9973E-05
0.00276993 0.661959 9.9982E-05 9.9982E-05 0.0643368 0.270734
0.358996 0.159972 0.376343 0.0597786 0.0179011 0.0270091
9.9991E-05 0.11491 0.427669 0.34196 0.027926 0.0874345
0.0283679 0.104686 0.405853 0.362164 0.0882955 0.0106334
0.034921 0.38148 0.101358 0.180875 0.184196 0.117169
9.9991E-05 0.208139 0.239582 0.332331 0.16359 0.0562584
0.0624929 0.282775 0.141103 0.20323 0.0726808 0.237718
0.0550825 0.173376 0.164478 0.285805 0.070053 0.251206
0.100431 9.9991E-05 0.0703638 0.641714 0.17234 0.0150504
0.283846 0.0869354 0.226944 0.202451 0.0896447 0.110178
9.9973E-05 0.65643 9.9973E-05 0.115721 0.22755 9.9973E-05
0.17237 0.0380594 0.376614 0.18645 0.0674895 0.159017
9.996E-05 0.9995 9.996E-05 9.996E-05 9.996E-05 9.996E-05
0.0641255 0.510853 0.339425 9.9991E-05 0.0409867 0.0445097
0.189068 0.286572 0.15482 0.268324 0.00225175 0.0989634
0.197429 0.428508 0.0735154 0.227124 0.0164363 0.0569867
0.159839 9.9982E-05 0.624782 0.0934492 0.12173 9.9982E-05
0.156984 0.185958 0.200922 0.194087 9.9991E-05 0.261949
9.9982E-05 9.9982E-05 0.418141 0.347149 0.0277065 0.206804
0.0195332 9.9973E-05 9.9973E-05 9.9973E-05 0.904878 0.0752893
0.194203 0.00783825 0.577908 0.197983 0.021968 9.9991E-05
0.00367517 9.9982E-05 0.85651 0.0559367 9.9982E-05 0.0836781
0.117451 0.0856434 0.606651 0.030667 0.147612 0.0119749
0.114793 0.148712 0.429836 0.16668 0.092281 0.047698
9.9982E-05 9.9982E-05 0.642345 0.0589 0.264244 0.0343109
0.0855328 0.0746292 0.280546 0.28705 0.149964 0.122278
0.20408 0.479533 9.9982E-05 0.194943 0.121244 9.9982E-05
0.139818 0.0951215 0.282076 0.196053 0.0912666 0.195665
0.146536 9.9991E-05 0.25554 0.21144 0.184893 0.201491
0.237439 0.269087 9.9991E-05 0.310836 0.144044 0.0384952
0.171707 0.254463 0.030006 0.37397 0.127127 0.0427259
0.157908 0.200146 9.9991E-05 0.526194 0.0594928 0.0561603
0.0417872 0.286242 0.438219 9.9991E-05 0.0107831 0.222868
0.234102 9.9991E-05 0.383966 0.230513 0.143665 0.00765423
0.297256 9.9982E-05 0.472206 0.221688 0.00864959 9.9982E-05
0.291187 0.00864207 0.154771 0.2575 0.240549 0.0473509
0.0672082 0.278664 0.29767 0.231574 9.9991E-05 0.124784
0.157179 0.0810214 0.606999 0.154601 9.9982E-05 9.9982E-05
0.0787364 0.406379 0.157872 0.0464887 0.257645 0.0528792
0.239698 9.9982E-05 9.9982E-05 0.484846 0.195881 0.0793755
0.0730356 0.13284 0.469994 0.116883 0.0805201 0.126727
0.120183 0.563233 0.15599 0.124327 9.9991E-05 0.0361668
9.9982E-05 9.9982E-05 0.759884 0.0837673 0.0350851 0.121063
0.102088 0.434277 9.9982E-05 0.0858229 9.9982E-05 0.377611
0.147366 9.9991E-05 0.350786 0.0370683 0.258066 0.206614
9.9973E-05 0.686064 0.247559 9.9973E-05 9.9973E-05 0.0660768
0.0293 9.9973E-05 9.9973E-05 9.9973E-05 0.948211 0.0221891
0.114925 0.601285 9.9982E-05 0.124265 9.9982E-05 0.159326
0.0777178 9.9982E-05 0.648927 0.16559 9.9982E-05 0.107566
0.0947519 9.9991E-05 0.0808659 0.580918 0.142094 0.10127
0.176205 9.9982E-05 0.638781 0.156533 9.9982E-05 0.0282807
0.182969 9.9991E-05 0.578561 0.116222 0.0876344 0.0345135
0.0127372 0.567935 0.185487 0.174161 0.0595805 9.9991E-05
0.140645 0.368076 0.370864 9.9982E-05 9.9982E-05 0.120216
0.016357 0.106357 0.221086 9.9991E-05 0.462049 0.194051
0.0300605 0.16857 0.171195 0.163982 0.466093 9.9991E-05
0.053579 0.315123 0.313895 0.00437462 0.201727 0.111303
9.996E-05 9.996E-05 9.996E-05 9.996E-05 0.9995 9.996E-05
0.249575 0.0839474 0.138044 0.272324 0.129259 0.12685
0.988343 9.99639E-05 9.99639E-05 9.99639E-05 9.99639E-05 0.0112576
0.132242 0.198505 0.114658 0.407768 0.0113772 0.135451
0.141208 0.214567 0.234 0.382448 0.00559895 0.0221778
9.9991E-05 0.238941 0.17444 0.501032 0.0225882 0.0628992
0.0558971 0.147089 0.590626 9.9991E-05 0.107891 0.0983978
0.215697 0.177279 0.029134 0.268627 0.225666 0.0835979
0.0209943 0.323096 0.43824 9.9991E-05 0.072934 0.144635
0.234931 9.9982E-05 0.422948 0.272986 9.9982E-05 0.0689353
0.0887927 0.596789 9.9991E-05 0.0298151 0.0400849 0.244418
0.0799974 0.175188 0.217119 0.443325 0.0206442 0.0637265
0.155949 0.0177715 0.236255 0.0686619 0.408569 0.112794
0.10193 0.172551 0.482998 0.183833 0.0156206 0.0430687
9.996E-05 9.996E-05 9.996E-05 9.996E-05 0.9995 9.996E-05
0.278814 0.289456 0.205679 0.178279 9.9991E-05 0.0476723
9.9991E-05 0.171151 0.538605 0.0960415 0.000259569 0.193842
0.039201 0.291106 0.286942 0.236248 0.120465 0.0260387
0.13649 0.384523 0.194578 9.9991E-05 0.0319271 0.252382
0.193926 0.0885979 0.385305 0.122218 0.0521538 0.157799
0.0371396 0.0252948 0.366427 9.9991E-05 0.350163 0.220876
0.15594 0.294713 0.158714 0.0514098 0.248828 0.0903952
0.0542418 0.214446 0.187137 0.497735 9.9991E-05 0.0463412
0.0871157 0.500831 0.112884 9.9991E-05 0.204963 0.0941054
9.9991E-05 0.0450832 0.079171 0.622024 0.125252 0.128369
0.119244 0.494395 0.114665 0.0786843 0.0290414 0.16397
0.119621 0.247847 0.386226 0.0259079 0.210163 0.0102357
9.9973E-05 0.451167 0.081662 0.466871 9.9973E-05 9.9973E-05
0.0948459 0.467284 9.9991E-05 0.151488 0.182724 0.103558
9.9973E-05 0.0716937 0.779654 9.9973E-05 9.9973E-05 0.148353
0.111415 9.9991E-05 0.500374 0.110512 0.0903043 0.187294
0.0322263 0.10721 0.243469 0.219346 0.309396 0.0883532
0.193682 9.9991E-05 0.119488 0.384014 0.179987 0.122728
0.10612 0.188527 0.544274 9.9991E-05 0.103491 0.0574871
0.145857 0.411328 0.18355 9.9991E-05 0.00808955 0.251075
9.996E-05 9.996E-05 9.996E-05 0.9995 9.996E-05 9.996E-05
9.9964E-05 9.9964E-05 9.9964E-05 0.971523 9.9964E-05 0.0280774
9.9991E-05 0.540213 0.116061 0.15684 0.0606438 0.126142
0.28008 9.9991E-05 0.54849 0.0296043 0.0420451 0.0996804
0.161575 0.26424 0.283798 9.9991E-05 0.0356535 0.254634
0.463811 0.0337201 9.9991E-05 0.300026 0.112796 0.0895465
0.178429 0.304049 0.242358 0.0447519 0.186463 0.0439476
0.0405421 0.524811 0.231107 9.9991E-05 0.0972893 0.10615
0.147132 9.9991E-05 0.406397 0.220605 0.0632391 0.162527
0.107614 9.9991E-05 0.468636 0.012643 0.262011 0.148996
0.0690993 0.302722 0.330047 0.156262 0.0221662 0.119704
9.996E-05 9.996E-05 9.996E-05 9.996E-05 9.996E-05 0.9995
0.102051 9.9973E-05 0.746108 9.9973E-05 9.9973E-05 0.151542
0.319566 9.9982E-05 0.472251 0.202555 9.9982E-05 0.00542846
0.119163 0.445832 0.0281427 0.184835 0.137121 0.084907
0.33797 0.140037 0.27022 0.183235 9.9991E-05 0.0684377
0.110886 0.388979 0.125509 0.0425171 0.0862947 0.245814
0.0424252 0.347381 0.0440184 0.289434 0.110031 0.16671
0.00517994 0.151897 0.200828 0.390707 0.150209 0.101179
0.080562 9.9991E-05 0.216429 0.269156 0.159018 0.274735
0.0373416 0.44715 0.419872 9.9982E-05 9.9982E-05 0.0954363
0.164849 0.0180375 0.267936 0.166209 0.262779 0.120189
9.9964E-05 9.9964E-05 0.869286 9.9964E-05 0.130314 9.9964E-05
0.143231 0.168632 0.151679 0.149854 0.158304 0.2283
0.244985 0.0705821 0.485043 0.0415022 9.9991E-05 0.157788
9.996E-05 9.996E-05 9.996E-05 9.996E-05 9.996E-05 0.9995
9.99662E-05 9.99662E-05 9.99662E-05 0.412542 9.99662E-05 0.587058
0.144921 0.188741 0.371125 0.295013 9.9982E-05 9.9982E-05
0.0459585 0.470057 0.167053 0.11023 0.107003 0.0996978
0.10727 0.0363528 0.727544 9.9982E-05 9.9982E-05 0.128633
0.0239057 0.280859 0.331256 0.200898 9.9991E-05 0.162982
0.185932 0.14091 0.073967 0.447301 9.9991E-05 0.15179
9.996E-05 9.996E-05 9.996E-05 0.9995 9.996E-05 9.996E-05
0.0474169 0.0717596 0.322354 0.2401 0.0655721 0.252797
0.0736858 0.329397 0.111539 0.303365 0.181832 0.000181039
0.0872401 0.308357 9.9991E-05 0.314701 0.139044 0.150558
0.0449641 9.9991E-05 0.319498 0.286222 0.150393 0.198822
0.0654893 0.383637 9.9982E-05 0.479434 9.9982E-05 0.0712401
0.0968245 0.0318229 0.25958 0.384275 0.057418 0.17008
0.323944 0.160955 0.251315 0.260113 9.9991E-05 0.00357364
0.0831175 0.165905 0.210275 0.384446 9.9991E-05 0.156157
0.0637498 0.345396 0.226672 0.305792 0.0193884 0.0390025
0.9995 9.996E-05 9.996E-05 9.996E-05 9.996E-05 9.996E-05
0.0968488 0.548686 0.113752 0.0986247 0.0921301 0.049958
0.147722 9.9991E-05 0.00622556 0.372624 0.27753 0.195799
0.101694 0.307063 0.180601 0.0396534 0.0787918 0.292197
0.0258197 0.185105 0.268807 0.359024 0.0153681 0.145875
9.9982E-05 0.337694 0.301482 0.187584 0.173039 9.9982E-05
0.0662218 0.154246 0.359666 0.359964 9.9991E-05 0.0598025
0.9995 9.996E-05 9.996E-05 9.996E-05 9.996E-05 9.996E-05
9.9991E-05 0.25255 0.332156 0.215255 0.0296959 0.170242
0.237018 0.0781066 0.169691 0.270101 0.118754 0.126328
0.131053 0.0202218 0.683945 0.101502 0.00282447 0.0604533
9.9991E-05 0.26862 0.133729 0.295562 0.164255 0.137733
