9.99372E-05 9.99372E-05 9.99372E-05 9.99372E-05 9.99372E-05 0.19785 9.99372E-05 9.99372E-05 0.801451
9.9973E-05 0.155022 9.9973E-05 0.100032 0.545241 9.9973E-05 0.0200763 0.169201 0.0101279
0.0301949 0.498769 0.0302213 0.0066108 9.99821E-05 0.189314 9.99821E-05 0.194013 0.0506772
0.226796 0.253486 0.0565153 9.99731E-05 0.00419327 9.99731E-05 9.99731E-05 0.217581 0.241128
9.9982E-05 0.234945 9.9982E-05 0.106946 0.128404 0.00478707 0.118243 0.218129 0.188346
9.9973E-05 0.151659 0.235665 0.14968 9.9973E-05 0.0116858 9.9973E-05 0.0391082 0.411901
9.99553E-05 9.99553E-05 9.99553E-05 0.271689 0.260446 9.99553E-05 0.166225 9.99553E-05 0.30114
9.99463E-05 0.299612 9.99463E-05 9.99463E-05 9.99463E-05 0.0423997 9.99463E-05 9.99463E-05 0.657389
0.533415 0.0392715 0.241433 0.0850127 9.99642E-05 9.99642E-05 0.100467 9.99642E-05 9.99642E-05
0.029058 9.99642E-05 0.177361 9.99642E-05 0.0935364 0.660607 0.0390379 9.99642E-05 9.99642E-05
9.9964E-05 9.9964E-05 0.415316 9.9964E-05 0.337782 9.9964E-05 0.049282 0.046992 0.150228
0.17022 0.577032 9.99553E-05 9.99553E-05 9.99553E-05 9.99553E-05 0.127431 0.124818 9.99553E-05
0.459212 0.260309 9.99731E-05 0.122043 9.99731E-05 0.101341 9.99731E-05 0.0466882 0.0101069
9.99731E-05 0.250771 9.99731E-05 0.291309 9.99731E-05 0.319487 0.011475 0.111625 0.0150328
0.057562 0.138731 0.0143815 9.99552E-05 0.788826 9.99552E-05 9.99552E-05 9.99552E-05 9.99552E-05
9.99553E-05 0.303866 9.99553E-05 9.99553E-05 9.99553E-05 9.99553E-05 0.222662 0.287939 0.185033
9.99462E-05 0.152892 9.99462E-05 0.0766961 0.769813 9.99462E-05 9.99462E-05 9.99462E-05 9.99462E-05
9.99731E-05 0.0351149 0.0662987 9.99731E-05 0.246799 0.301802 0.277795 0.0718898 9.99731E-05
0.545553 0.263013 9.99641E-05 9.99641E-05 0.0049349 0.0238927 9.99641E-05 9.99641E-05 0.162206
9.99821E-05 0.239288 0.0734756 0.0715736 0.0266027 0.452753 9.99821E-05 0.0279476 0.108159
9.99463E-05 9.99463E-05 0.229939 9.99463E-05 9.99463E-05 0.73767 0.0317921 9.99463E-05 9.99463E-05
0.735712 9.99462E-05 9.99462E-05 9.99462E-05 0.141177 9.99462E-05 9.99462E-05 0.122512 9.99462E-05
9.99731E-05 0.273896 0.105996 9.99731E-05 0.0872439 9.99731E-05 0.0245242 0.418719 0.0893204
0.103021 9.99641E-05 9.99641E-05 0.186238 9.99641E-05 0.0236543 9.99641E-05 0.651799 0.034887
9.99462E-05 9.99462E-05 0.516881 9.99462E-05 9.99462E-05 9.99462E-05 0.0534181 0.429101 9.99462E-05
0.238172 9.9964E-05 9.9964E-05 9.9964E-05 9.9964E-05 0.08689 0.0629529 0.203971 0.407614
0.063068 9.9964E-05 9.9964E-05 9.9964E-05 0.311319 0.345698 0.226604 9.9964E-05 0.0529104
9.99463E-05 9.99463E-05 9.99463E-05 0.206119 0.472723 9.99463E-05 9.99463E-05 9.99463E-05 0.320558
0.113313 0.248259 0.178345 0.0397888 0.0352599 0.0445746 9.9982E-05 9.9982E-05 0.340258
0.39275 9.99373E-05 9.99373E-05 9.99373E-05 9.99373E-05 9.99373E-05 9.99373E-05 0.60655 9.99373E-05
9.99731E-05 9.99731E-05 0.0748754 0.455168 0.138273 0.169749 0.120261 9.99731E-05 0.0413732
0.020151 0.885248 9.99552E-05 9.99552E-05 9.99552E-05 9.99552E-05 0.0659296 0.0281716 9.99552E-05
0.452649 9.99553E-05 0.115175 0.130624 9.99553E-05 0.301052 9.99553E-05 9.99553E-05 9.99553E-05
0.0856082 0.481436 9.99821E-05 0.024929 0.122913 0.000480087 9.99821E-05 0.0487121 0.235721
9.99551E-05 9.99551E-05 9.99551E-05 9.99551E-05 9.99551E-05 0.0976036 0.12717 0.248215 0.526513
9.99463E-05 9.99463E-05 9.99463E-05 0.0584952 9.99463E-05 0.715355 9.99463E-05 9.99463E-05 0.22555
0.00159467 0.415893 9.99642E-05 0.152572 9.99642E-05 9.99642E-05 0.190756 9.99642E-05 0.238785
0.331205 9.99552E-05 0.41134 9.99552E-05 9.99552E-05 9.99552E-05 0.0277531 0.229203 9.99552E-05
9.99731E-05 0.239474 9.99731E-05 0.0568657 9.99731E-05 0.0465272 0.207668 0.151285 0.29788
9.99641E-05 0.493073 0.125697 9.99641E-05 9.99641E-05 9.99641E-05 0.0987591 0.112409 0.169661
0.064798 9.99552E-05 9.99552E-05 9.99552E-05 0.643439 0.138495 9.99552E-05 0.152768 9.99552E-05
0.141429 0.205015 0.0514996 9.99821E-05 0.0666214 0.283369 0.21703 0.0348349 9.99821E-05
0.317522 0.0719326 0.0473496 0.22557 9.9982E-05 0.203484 0.0703836 9.9982E-05 0.0635585
0.0640475 0.0476006 0.178667 9.99821E-05 0.181152 9.99821E-05 0.102207 0.0852048 0.340921
9.99731E-05 0.385236 0.0799498 9.99731E-05 0.167708 9.99731E-05 0.186162 0.0778676 0.102777
9.99821E-05 0.320052 0.0571806 9.99821E-05 0.0454501 0.0649769 0.0928177 0.0848325 0.33449
0.14028 0.346562 9.99641E-05 9.99641E-05 9.99641E-05 0.424038 9.99641E-05 0.0755551 0.0131643
0.221254 0.27073 0.0990025 0.068647 0.0109098 0.0931756 0.186036 9.9991E-05 0.0501448
9.99465E-05 0.41417 9.99465E-05 9.99465E-05 0.225205 0.360025 9.99465E-05 9.99465E-05 9.99465E-05
9.99461E-05 9.99461E-05 9.99461E-05 9.99461E-05 9.99461E-05 0.257632 0.0531018 9.99461E-05 0.688667
0.0810988 9.99461E-05 9.99461E-05 9.99461E-05 9.99461E-05 9.99461E-05 9.99461E-05 0.180038 0.738263
9.99641E-05 0.317774 0.264447 0.187803 9.99641E-05 0.175898 0.0536782 9.99641E-05 9.99641E-05
0.672928 9.99551E-05 9.99551E-05 9.99551E-05 0.0589258 9.99551E-05 9.99551E-05 0.0687765 0.19887
9.99642E-05 0.176211 0.157123 9.99642E-05 0.0753967 9.99642E-05 9.99642E-05 0.0771362 0.513733
9.99551E-05 0.180846 0.0114524 0.725833 0.0813687 9.99551E-05 9.99551E-05 9.99551E-05 9.99551E-05
0.269725 9.99641E-05 9.99641E-05 0.252355 0.146558 9.99641E-05 0.0921575 9.99641E-05 0.238805
0.00318683 9.9964E-05 9.9964E-05 0.22904 0.221175 9.9964E-05 9.9964E-05 0.508575 0.0376238
0.299332 9.99374E-05 9.99374E-05 0.699968 9.99374E-05 9.99374E-05 9.99374E-05 9.99374E-05 9.99374E-05
9.9964E-05 0.282973 0.151022 0.107267 9.9964E-05 9.9964E-05 0.306073 9.9964E-05 0.152264
9.99551E-05 9.99551E-05 0.0667684 9.99551E-05 9.99551E-05 0.374078 0.106262 9.99551E-05 0.452392
9.99552E-05 9.99552E-05 0.0860623 9.99552E-05 0.297958 9.99552E-05 9.99552E-05 0.0174053 0.598075
9.99731E-05 9.99731E-05 9.99731E-05 0.0178091 0.226402 0.266875 0.289238 0.135417 0.0639586
0.768161 0.0244174 9.99551E-05 9.99551E-05 0.0660956 9.99551E-05 0.140826 9.99551E-05 9.99551E-05
9.99642E-05 0.00890089 9.99642E-05 9.99642E-05 0.09614 0.197061 0.0748341 0.622664 9.99642E-05
0.195837 0.383398 9.99642E-05 9.99642E-05 9.99642E-05 9.99642E-05 0.0357137 0.146907 0.237745
0.199445 9.99552E-05 9.99552E-05 9.99552E-05 0.410805 0.367792 0.0214582 9.99552E-05 9.99552E-05
9.99552E-05 9.99552E-05 0.000177077 9.99552E-05 9.99552E-05 0.353971 9.99552E-05 0.257044 0.388309
0.195402 0.164306 9.99552E-05 9.99552E-05 9.99552E-05 9.99552E-05 0.387479 9.99552E-05 0.252313
0.139983 0.0220009 9.99731E-05 9.99731E-05 0.0694267 0.0213528 0.0448965 9.99731E-05 0.70204
0.0996474 9.99553E-05 9.99553E-05 9.99553E-05 0.000795306 0.668848 9.99553E-05 9.99553E-05 0.23021
0.103739 0.298145 0.103548 0.152032 9.9982E-05 0.266647 0.0635953 9.9982E-05 0.0120942
0.349098 9.99551E-05 9.99551E-05 9.99551E-05 0.268614 9.99551E-05 0.259363 0.122425 9.99551E-05
0.027376 0.045124 9.99642E-05 0.844254 9.99642E-05 9.99642E-05 0.00626476 9.99642E-05 0.0765817
0.0396515 0.00789057 9.99642E-05 9.99642E-05 0.500451 9.99642E-05 0.187469 9.99642E-05 0.264139
9.99553E-05 0.385839 9.99553E-05 0.184745 9.99553E-05 9.99553E-05 9.99553E-05 0.126598 0.302318
0.0411936 0.52456 9.99641E-05 0.127045 9.99641E-05 9.99641E-05 0.270442 9.99641E-05 0.0363589
0.152963 9.99465E-05 9.99465E-05 9.99465E-05 0.567789 9.99465E-05 9.99465E-05 0.278649 9.99465E-05
0.114647 9.99731E-05 0.189995 0.0931492 0.405584 0.0910785 0.105246 9.99731E-05 9.99731E-05
0.0630804 0.105353 0.210918 9.9982E-05 0.28778 9.9982E-05 0.0199439 0.0183177 0.294406
9.99641E-05 0.3789 0.0486706 0.0583394 0.406879 9.99641E-05 9.99641E-05 9.99641E-05 0.106811
9.99552E-05 0.195597 9.99552E-05 9.99552E-05 0.204084 9.99552E-05 0.254453 9.99552E-05 0.345366
0.286588 0.170536 0.0921264 9.99732E-05 9.99732E-05 0.0566259 9.99732E-05 0.304624 0.0892002
9.99552E-05 9.99552E-05 0.0329219 0.359997 9.99552E-05 0.511803 9.99552E-05 9.99552E-05 0.0947784
0.375473 0.338918 0.0674882 9.99641E-05 0.0320115 9.99641E-05 9.99641E-05 0.185709 9.99641E-05
9.9982E-05 0.190797 9.9982E-05 0.0653174 0.250857 0.309813 0.0740124 0.0970131 0.0119897
9.9955E-05 9.9955E-05 9.9955E-05 9.9955E-05 0.46375 0.460089 0.0431052 9.9955E-05 0.0325565
0.201021 0.222215 9.99642E-05 0.168931 9.99642E-05 0.298449 0.108984 9.99642E-05 9.99642E-05
0.283588 9.99552E-05 0.0124062 0.149984 9.99552E-05 9.99552E-05 9.99552E-05 0.553521 9.99552E-05
0.270173 9.99553E-05 0.328889 9.99553E-05 9.99553E-05 9.99553E-05 9.99553E-05 0.0547739 0.345665
0.619953 0.0583536 0.116257 9.99731E-05 9.99731E-05 0.0584095 9.99731E-05 0.0180004 0.128727
9.993E-05 9.993E-05 9.993E-05 9.993E-05 9.993E-05 9.993E-05 9.993E-05 0.999201 9.993E-05
9.99552E-05 9.99552E-05 9.99552E-05 0.316362 9.99552E-05 0.52151 9.99552E-05 0.128783 0.0328451
0.292788 9.99554E-05 9.99554E-05 9.99554E-05 9.99554E-05 0.251978 0.332338 9.99554E-05 0.122396
0.195906 0.113077 0.227377 0.0376178 9.99731E-05 0.361865 9.99731E-05 0.0638566 9.99731E-05
0.36704 0.186239 9.9973E-05 9.9973E-05 0.0925681 0.178374 0.16744 0.00803875 9.9973E-05
0.121471 0.459807 0.0859729 0.135609 0.0192823 0.0261228 0.0815334 0.0701011 9.9991E-05
0.238945 9.99642E-05 0.0164244 0.0314646 9.99642E-05 0.592084 9.99642E-05 0.120682 9.99642E-05
0.19394 0.212638 9.99641E-05 9.99641E-05 0.157055 0.35733 9.99641E-05 9.99641E-05 0.0786362
9.99641E-05 0.0304505 9.99641E-05 9.99641E-05 9.99641E-05 0.134728 0.000593767 0.545664 0.288164
0.0750626 9.99641E-05 9.99641E-05 0.193035 0.062242 0.133267 9.99641E-05 0.535994 9.99641E-05
0.275639 9.99642E-05 9.99642E-05 0.5247 9.99642E-05 0.0264564 9.99642E-05 0.0866372 0.0861684
9.994E-05 9.994E-05 0.172831 9.994E-05 9.994E-05 0.0329187 9.994E-05 0.793651 9.994E-05
0.637124 9.99553E-05 0.325023 0.0279361 9.99553E-05 0.00941685 9.99553E-05 9.99553E-05 9.99553E-05
9.993E-05 9.993E-05 0.999201 9.993E-05 9.993E-05 9.993E-05 9.993E-05 9.993E-05 9.993E-05
0.102451 0.659883 9.9964E-05 9.9964E-05 9.9964E-05 0.140066 0.00500822 9.9964E-05 0.0921917
0.347118 0.354176 9.99641E-05 9.99641E-05 9.99641E-05 9.99641E-05 0.0404226 0.0956449 0.162238
0.131514 0.203157 9.99641E-05 0.323862 9.99641E-05 0.157696 9.99641E-05 9.99641E-05 0.183371
9.99642E-05 0.152566 0.124969 0.0649158 0.163178 9.99642E-05 9.99642E-05 9.99642E-05 0.493972
0.0785247 0.174188 0.0850348 9.99643E-05 9.99643E-05 9.99643E-05 0.0494812 9.99643E-05 0.612372
9.99731E-05 0.154019 0.365732 9.99731E-05 9.99731E-05 0.0677348 0.10753 0.130745 0.173939
0.0991004 0.316238 9.99732E-05 0.0885725 9.99732E-05 0.120483 0.122901 0.252405 9.99732E-05
0.0028619 0.137029 9.99642E-05 9.99642E-05 9.99642E-05 0.0406212 0.129606 9.99642E-05 0.689483
9.99374E-05 0.247217 9.99374E-05 9.99374E-05 9.99374E-05 9.99374E-05 9.99374E-05 0.752083 9.99374E-05
0.0158909 0.225423 9.99731E-05 0.102264 0.0760899 9.99731E-05 9.99731E-05 0.0454662 0.534567
0.0238331 9.99372E-05 9.99372E-05 9.99372E-05 9.99372E-05 9.99372E-05 9.99372E-05 0.975467 9.99372E-05
0.252706 9.99552E-05 0.330314 0.14328 0.2732 9.99552E-05 9.99552E-05 9.99552E-05 9.99552E-05
0.201654 0.242115 9.99641E-05 9.99641E-05 0.144117 0.225211 9.99641E-05 9.99641E-05 0.186504
0.438524 0.426461 9.99552E-05 9.99552E-05 9.99552E-05 0.0855338 0.0489814 9.99552E-05 9.99552E-05
0.207442 0.0200256 0.0701367 9.99731E-05 9.99731E-05 9.99731E-05 0.23631 0.166658 0.299127
9.9973E-05 0.340284 9.9973E-05 0.127931 0.187475 0.153675 9.9973E-05 0.106805 0.0835302
0.538615 0.00305401 9.99641E-05 9.99641E-05 9.99641E-05 0.0601965 0.00807185 0.389662 9.99641E-05
9.99641E-05 0.25931 0.0610969 0.345813 0.0273981 9.99641E-05 9.99641E-05 0.305982 9.99641E-05
9.99462E-05 0.486458 0.0886811 9.99462E-05 9.99462E-05 9.99462E-05 9.99462E-05 9.99462E-05 0.424262
9.99463E-05 0.313909 9.99463E-05 0.0213156 9.99463E-05 0.664176 9.99463E-05 9.99463E-05 9.99463E-05
0.236684 0.125606 0.0977488 9.99731E-05 0.441507 9.99731E-05 9.99731E-05 0.0587869 0.0393672
0.525137 9.99461E-05 9.99461E-05 9.99461E-05 9.99461E-05 0.176722 9.99461E-05 9.99461E-05 0.297541
0.140697 0.0234973 9.99732E-05 9.99732E-05 0.205935 0.190191 0.180403 0.258976 9.99732E-05
9.99552E-05 9.99552E-05 0.0583708 0.0983958 9.99552E-05 9.99552E-05 0.157646 9.99552E-05 0.685088
9.99553E-05 9.99553E-05 0.274895 9.99553E-05 9.99553E-05 0.45047 9.99553E-05 0.126615 0.147521
9.99732E-05 0.120242 0.0736364 9.99732E-05 9.99732E-05 0.473281 0.0337433 0.0640902 0.234707
0.491564 9.99463E-05 0.154629 9.99463E-05 9.99463E-05 9.99463E-05 0.353208 9.99463E-05 9.99463E-05
0.0901561 0.155488 0.0827958 0.139268 9.9991E-05 0.164017 0.0172544 0.0147009 0.33622
0.293434 0.152364 0.155164 0.0955625 9.99731E-05 9.99731E-05 0.125739 9.99731E-05 0.177437
0.270822 0.335727 0.2514 0.0218121 9.9964E-05 9.9964E-05 0.119839 9.9964E-05 9.9964E-05
0.222262 9.99462E-05 9.99462E-05 9.99462E-05 9.99462E-05 0.738475 0.0386636 9.99462E-05 9.99462E-05
9.99464E-05 0.477398 9.99464E-05 9.99464E-05 9.99464E-05 0.18417 9.99464E-05 9.99464E-05 0.337833
9.99374E-05 0.433429 9.99374E-05 9.99374E-05 9.99374E-05 9.99374E-05 9.99374E-05 9.99374E-05 0.565872
9.99465E-05 0.1824 0.111813 9.99465E-05 9.99465E-05 9.99465E-05 9.99465E-05 9.99465E-05 0.705187
0.209065 0.223219 0.201297 9.99642E-05 9.99642E-05 9.99642E-05 0.324194 9.99642E-05 0.0418258
9.99552E-05 0.120384 9.99552E-05 9.99552E-05 0.171521 0.0242339 9.99552E-05 9.99552E-05 0.683362
0.0878732 9.99642E-05 0.141154 0.400185 9.99642E-05 9.99642E-05 0.0653662 9.99642E-05 0.305022
0.114527 9.99731E-05 0.233635 0.316248 9.99731E-05 0.122665 9.99731E-05 0.151769 0.0608566
0.250495 9.99641E-05 9.99641E-05 0.0747356 0.13893 0.420655 9.99641E-05 9.99641E-05 0.114785
0.651783 9.99553E-05 0.184125 9.99553E-05 9.99553E-05 0.0261291 9.99553E-05 0.137464 9.99553E-05
0.162904 9.99641E-05 0.035895 9.99641E-05 9.99641E-05 0.0873741 0.102708 0.610719 9.99641E-05
0.176671 0.219951 9.9973E-05 0.139309 9.9973E-05 0.000823971 9.9973E-05 0.107352 0.355593
9.993E-05 9.993E-05 9.993E-05 9.993E-05 9.993E-05 9.993E-05 0.999201 9.993E-05 9.993E-05
0.0714982 0.315767 0.0189673 9.99731E-05 9.99731E-05 0.413209 9.99731E-05 0.0868995 0.0933585
9.99461E-05 9.99461E-05 9.99461E-05 0.453021 9.99461E-05 0.260347 9.99461E-05 0.286033 9.99461E-05
0.140493 0.0191352 0.0227776 0.18189 9.99821E-05 0.0585103 0.404079 9.99821E-05 0.172914
0.525205 0.0646547 0.0357645 0.171196 9.99732E-05 9.99732E-05 0.0969653 9.99732E-05 0.105914
0.330253 0.207631 9.99731E-05 9.99731E-05 0.289546 0.0955231 0.0670241 9.99731E-05 0.00972348
9.99641E-05 0.319583 9.99641E-05 0.0848949 0.118676 0.089302 9.99641E-05 9.99641E-05 0.387145
0.284646 0.279651 9.99642E-05 0.0467177 9.99642E-05 9.99642E-05 0.0989781 9.99642E-05 0.289607
9.99642E-05 9.99642E-05 9.99642E-05 0.366098 9.99642E-05 0.101802 0.0885887 0.332833 0.110279
9.99552E-05 0.500333 0.208539 9.99552E-05 0.151314 0.139314 9.99552E-05 9.99552E-05 9.99552E-05
9.99641E-05 0.537563 0.258482 0.123224 9.99641E-05 9.99641E-05 0.0360382 0.0442927 9.99641E-05
0.0982325 9.99732E-05 0.034209 9.99732E-05 0.0346851 0.283384 0.204155 9.99732E-05 0.345035
9.993E-05 9.993E-05 9.993E-05 9.993E-05 9.993E-05 9.993E-05 9.993E-05 9.993E-05 0.999201
0.269022 9.99731E-05 0.0664524 9.99731E-05 0.0109354 0.239583 9.99731E-05 0.126666 0.287042
9.993E-05 9.993E-05 9.993E-05 9.993E-05 9.993E-05 9.993E-05 0.999201 9.993E-05 9.993E-05
0.239911 9.99551E-05 9.99551E-05 9.99551E-05 9.99551E-05 0.0523112 0.365991 9.99551E-05 0.341287
0.271954 0.595379 9.99731E-05 0.0250193 9.99731E-05 0.00666877 9.99731E-05 0.0159557 0.0847233
9.99731E-05 0.0609525 0.0108161 0.17917 0.512006 0.0883271 0.148428 9.99731E-05 9.99731E-05
0.609689 0.137381 9.99553E-05 9.99553E-05 9.99553E-05 0.0175489 0.234881 9.99553E-05 9.99553E-05
0.373931 0.177067 9.99731E-05 0.102887 9.99731E-05 0.116576 9.99731E-05 0.143515 0.0857232
0.0455674 9.99552E-05 9.99552E-05 0.223992 0.129385 9.99552E-05 9.99552E-05 9.99552E-05 0.600555
9.99377E-05 0.990037 0.00926305 9.99377E-05 9.99377E-05 9.99377E-05 9.99377E-05 9.99377E-05 9.99377E-05
9.99373E-05 0.225932 9.99373E-05 0.773369 9.99373E-05 9.99373E-05 9.99373E-05 9.99373E-05 9.99373E-05
0.109309 0.190298 0.100071 0.159382 9.9991E-05 0.158892 0.103406 0.0875333 0.0910086
9.99553E-05 9.99553E-05 0.17282 9.99553E-05 0.0122082 9.99553E-05 9.99553E-05 0.064304 0.750168
0.115301 0.13684 9.99552E-05 0.287383 9.99552E-05 9.99552E-05 9.99552E-05 9.99552E-05 0.459977
0.102251 0.755147 0.0925527 0.0495488 9.99551E-05 9.99551E-05 9.99551E-05 9.99551E-05 9.99551E-05
0.107204 9.99731E-05 0.025516 9.99731E-05 9.99731E-05 0.322625 0.019243 0.155308 0.369804
0.108124 9.99462E-05 9.99462E-05 9.99462E-05 9.99462E-05 9.99462E-05 9.99462E-05 0.00876539 0.882511
9.99464E-05 9.99464E-05 9.99464E-05 0.233648 0.258558 9.99464E-05 9.99464E-05 9.99464E-05 0.507195
0.185202 0.330053 9.99642E-05 9.99642E-05 9.99642E-05 0.0051247 0.135894 0.343326 9.99642E-05
9.99552E-05 9.99552E-05 0.892875 0.0263813 9.99552E-05 9.99552E-05 0.0614827 9.99552E-05 0.0187612
0.00669911 9.99642E-05 0.0327371 9.99642E-05 9.99642E-05 0.373911 0.11989 9.99642E-05 0.466362
0.157559 0.0276165 9.99552E-05 9.99552E-05 0.739896 0.0744287 9.99552E-05 9.99552E-05 9.99552E-05
9.99552E-05 0.0564671 9.99552E-05 9.99552E-05 0.00127912 0.791164 0.15059 9.99552E-05 9.99552E-05
0.154873 0.0823523 0.0875219 9.99641E-05 9.99641E-05 0.500538 0.174315 9.99641E-05 9.99641E-05
0.15681 9.9991E-05 0.00728067 0.011413 0.0711556 0.226068 0.123728 0.0530245 0.350421
0.332281 0.238446 9.99642E-05 0.0418741 9.99642E-05 9.99642E-05 9.99642E-05 0.00558243 0.381416
9.993E-05 9.993E-05 0.999201 9.993E-05 9.993E-05 9.993E-05 9.993E-05 9.993E-05 9.993E-05
0.192697 9.99643E-05 0.00870014 9.99643E-05 0.398942 9.99643E-05 0.0601512 9.99643E-05 0.33911
0.141398 0.548105 0.0506198 9.99641E-05 9.99641E-05 9.99641E-05 0.0595783 9.99641E-05 0.199899
9.99641E-05 9.99641E-05 0.173107 0.220864 0.142049 9.99641E-05 9.99641E-05 0.0576104 0.405969
9.9964E-05 0.124395 0.0271849 0.432073 9.9964E-05 0.194534 9.9964E-05 0.221413 9.9964E-05
