9.9973E-05 9.9973E-05 0.794872 0.0491089 0.134466 9.9973E-05 0.0212538
0.275738 9.9982E-05 9.9982E-05 0.0732383 0.24793 0.108381 0.294513
0.229968 9.9982E-05 0.243723 9.9982E-05 0.250278 0.0192442 0.256587
0.248238 0.0426893 0.312202 0.0885891 0.0427272 0.102434 0.16312
0.558774 0.0520018 0.112936 0.0917473 9.9991E-05 0.030502 0.153939
0.48521 9.9982E-05 0.0456195 0.11194 0.12694 9.9982E-05 0.230091
9.999E-05 0.0758126 0.518814 0.0713496 0.16207 0.0539995 0.117853
0.0781933 0.0528183 0.203814 0.0126901 0.20518 0.0881227 0.359181
0.351885 0.0242967 0.0849344 0.0333855 0.351181 0.0572459 0.097072
0.0152607 0.10719 0.170974 0.156533 0.39056 0.159383 9.9991E-05
9.9973E-05 0.11514 9.9973E-05 0.169596 0.609323 9.9973E-05 0.10564
0.4963 0.0860407 9.9973E-05 9.9973E-05 0.368545 0.0488151 9.9973E-05
9.999E-05 0.104654 0.0539615 0.0322305 0.398272 0.0926401 0.318142
0.429815 0.0452351 0.23329 0.113933 9.9982E-05 9.9982E-05 0.177527
0.602958 0.088614 0.0376959 9.9982E-05 0.125201 9.9982E-05 0.145331
0.0974384 0.0939454 0.196029 0.0541404 0.01855 0.157779 0.382118
0.864237 0.0134696 9.9973E-05 0.080565 9.9973E-05 0.0414287 9.9973E-05
0.129233 0.14578 0.415884 0.0642587 9.9991E-05 0.205104 0.039641
0.164826 0.0708515 0.227096 9.9982E-05 0.39845 9.9982E-05 0.138576
0.0230901 0.0149741 0.187709 0.0466282 0.236923 0.0696282 0.421048
0.0373906 0.0962356 0.306415 0.0449473 0.281598 9.9991E-05 0.233313
0.125635 0.0260878 0.104582 0.0717681 0.249251 9.9991E-05 0.422576
0.0920811 0.0570864 0.0804687 0.122895 0.36666 0.0444367 0.236373
0.0647674 9.9982E-05 0.260689 0.0364225 9.9982E-05 0.187391 0.45053
9.9964E-05 0.097601 9.9964E-05 0.203148 0.698852 9.9964E-05 9.9964E-05
0.227942 0.00155125 0.502065 0.0652938 9.9991E-05 0.104286 0.0987619
0.107328 0.0446701 0.134542 0.0989396 0.264291 0.168823 0.181406
0.0163086 0.0270976 0.363986 0.0896701 0.110712 0.221934 0.170291
0.158649 9.9991E-05 0.0715553 0.145691 0.238799 0.180305 0.2049
9.9982E-05 0.0460311 0.116737 0.0379779 9.9982E-05 0.554869 0.244185
9.9982E-05 0.0668811 9.9982E-05 0.0487288 0.518391 0.0176993 0.3481
9.9982E-05 0.024178 0.258121 0.0367491 0.62818 0.0525719 9.9982E-05
0.382169 0.118573 0.134947 9.9991E-05 0.0472135 0.0816086 0.235389
0.184814 0.0285546 0.119834 0.110764 0.124026 9.9991E-05 0.431907
0.485291 0.107396 0.236173 0.0783764 0.0925635 9.9982E-05 9.9982E-05
9.9955E-05 0.0409695 0.958531 9.9955E-05 9.9955E-05 9.9955E-05 9.9955E-05
0.0793161 9.9973E-05 0.348537 0.190255 9.9973E-05 9.9973E-05 0.381592
9.9982E-05 0.0523214 0.342605 0.0993369 0.436073 0.0694642 9.9982E-05
0.528137 0.0607406 0.0491574 0.111763 9.9991E-05 0.0430063 0.207096
0.119898 0.0797341 0.236929 9.9991E-05 0.335152 0.0134415 0.214746
9.9982E-05 0.0308459 9.9982E-05 0.0467117 0.275437 0.011097 0.635709
0.0695094 0.0645787 0.246068 0.155087 0.136207 0.0290335 0.299517
0.405268 0.0330903 0.230055 0.0598016 9.9991E-05 0.0415754 0.230109
9.9982E-05 9.9982E-05 0.390233 0.00897014 0.428202 0.0892055 0.0831887
0.035819 0.0893625 0.253828 9.9991E-05 0.509308 0.102805 0.00877742
0.147887 0.0232163 0.283083 0.184113 0.361501 9.9982E-05 9.9982E-05
0.23075 0.0430103 0.338391 0.015438 0.0258665 0.0423171 0.304227
0.486364 9.9991E-05 0.0849042 0.00444974 0.0669053 0.0704302 0.286847
9.9991E-05 0.123678 0.0580854 0.0318552 0.482066 0.048024 0.256192
0.490775 0.0577377 0.038158 9.9991E-05 0.210431 0.0784868 0.124311
0.1231 0.164421 0.112425 0.13396 0.276017 0.0347189 0.155359
0.30234 0.131189 0.101502 0.0340684 0.296288 0.0591 0.0755137
0.180082 0.000375586 9.9982E-05 0.0247216 9.9982E-05 0.160096 0.634525
0.251253 0.0292972 0.253813 0.113677 0.0718745 0.0932516 0.186834
0.163546 9.9964E-05 9.9964E-05 9.9964E-05 0.697768 0.138286 9.9964E-05
0.391472 0.131368 0.345133 0.0381481 9.9982E-05 9.9982E-05 0.0936785
0.435214 0.0065963 9.99731E-05 0.0266381 0.531252 9.99731E-05 9.99731E-05
0.0875301 0.0301791 0.101708 0.0314217 0.625753 0.0706106 0.0527981
0.21371 0.0851202 9.9982E-05 0.0396531 0.403917 9.9982E-05 0.2574
0.196296 0.101181 0.189671 0.132562 0.38009 9.9982E-05 9.9982E-05
0.00322248 0.00361082 0.0924167 0.0558691 9.9991E-05 0.074736 0.770045
0.27222 0.164433 0.115973 0.131644 0.134354 0.0214601 0.159916
0.278968 0.0817376 0.274596 9.9982E-05 0.111862 9.9982E-05 0.252637
9.9973E-05 0.0802559 0.0738212 9.9973E-05 9.9973E-05 0.80596 0.0396631
0.113665 9.9991E-05 0.530086 0.185255 0.00144177 0.0134124 0.15604
9.9955E-05 0.00892095 0.990579 9.9955E-05 9.9955E-05 9.9955E-05 9.9955E-05
9.9991E-05 0.00765429 0.41771 0.196033 0.305009 0.00599408 0.0674994
0.255464 0.0543456 0.142935 9.9991E-05 0.280126 0.11321 0.15382
9.9982E-05 0.0355136 0.432956 9.9982E-05 0.177792 0.0281305 0.325408
0.18223 0.0877399 0.00228849 0.0375038 0.0170815 0.246065 0.427091
0.366465 9.9973E-05 9.9973E-05 0.157219 0.351427 0.124588 9.9973E-05
0.202347 0.0728301 0.359179 9.9982E-05 0.105876 9.9982E-05 0.259568
0.0959288 0.132056 0.0115905 0.0392299 0.249609 0.116326 0.35526
0.452233 0.0411731 9.9982E-05 9.9982E-05 0.247191 0.0491027 0.2101
0.108503 9.9991E-05 0.15264 0.189415 0.200757 0.131806 0.21678
0.39534 0.0464016 9.9991E-05 0.0602646 0.248299 0.00837046 0.241224
0.211936 0.124893 0.224879 0.0385544 0.228719 9.9991E-05 0.170918
9.9973E-05 0.0326025 9.9973E-05 0.0886207 9.9973E-05 0.0158687 0.862608
0.00240845 0.0115477 0.11406 0.0606063 9.9982E-05 9.9982E-05 0.811177
9.9982E-05 0.0621245 0.150655 0.0314456 9.9982E-05 0.138006 0.617568
0.00732099 0.0622685 0.195964 0.0796182 0.227867 0.0703546 0.356607
0.465604 0.062455 0.336307 0.0270458 0.0675463 0.00705696 0.0339848
9.9982E-05 9.9982E-05 0.137329 0.109836 0.412906 0.169697 0.170033
0.314817 0.0694074 9.9982E-05 0.120332 9.9982E-05 0.0846326 0.410611
0.480906 0.0313468 0.186967 0.0218088 0.164272 0.072501 0.0421979
9.9982E-05 0.0192231 0.106548 0.0910269 0.417693 9.9982E-05 0.365309
0.201554 0.0579378 0.708141 9.9973E-05 9.9973E-05 9.9973E-05 0.0320677
0.597211 0.0881693 9.9982E-05 0.106139 0.189719 9.9982E-05 0.0185613
0.165139 0.0592783 0.290097 0.0939883 0.0501698 0.228643 0.112684
9.9973E-05 0.063958 0.228671 9.9973E-05 0.630717 9.9973E-05 0.0763538
9.9955E-05 9.9955E-05 9.9955E-05 0.025618 9.9955E-05 0.973882 9.9955E-05
0.093179 0.0525173 9.9991E-05 0.0879202 0.54091 0.0217185 0.203655
0.155799 0.106891 0.402483 0.0694208 9.9982E-05 9.9982E-05 0.265206
0.301677 0.0660948 9.9991E-05 0.0136577 0.246521 0.0834485 0.288501
0.222137 0.0332229 0.26066 0.0751051 0.00636701 9.9991E-05 0.402408
0.0236073 0.0178919 0.17381 0.145569 9.9991E-05 0.139509 0.499513
9.9982E-05 9.9982E-05 0.158788 0.0450759 0.622255 0.0556074 0.118073
0.409162 9.9982E-05 0.32842 0.0978528 0.125788 0.0385778 9.9982E-05
0.173965 0.106913 0.128793 9.9973E-05 9.9973E-05 0.590029 9.9973E-05
0.104203 9.9982E-05 0.089797 9.9982E-05 0.249116 0.358613 0.198071
0.153207 0.0201407 0.195669 0.0381558 0.387282 0.205445 9.9991E-05
9.995E-05 9.995E-05 9.995E-05 9.995E-05 9.995E-05 0.9994 9.995E-05
0.134082 0.0762414 9.9991E-05 0.150256 0.279687 0.0382356 0.321398
9.99549E-05 9.99549E-05 9.99549E-05 0.996294 9.99549E-05 0.00320619 9.99549E-05
0.247234 0.0826412 0.0372299 0.0469265 0.30479 0.0638066 0.217372
0.146881 9.9973E-05 0.128584 9.9973E-05 0.219325 9.9973E-05 0.504911
0.378292 0.018674 0.224033 9.9991E-05 0.0916809 0.0350288 0.252191
0.0705052 0.122833 0.238848 0.0285298 0.230732 0.17215 0.136402
0.123977 0.0433418 9.9991E-05 0.0636412 0.345414 0.145557 0.277969
9.9982E-05 0.0946365 0.309458 0.0632136 0.343397 9.9982E-05 0.189095
0.242085 0.0274087 0.197637 0.133496 0.0515782 9.9991E-05 0.347696
9.9982E-05 0.120567 9.9982E-05 0.0736201 0.549564 0.203924 0.0521253
0.090228 0.0264773 0.00507734 0.0748512 0.359114 0.103656 0.340597
0.191354 0.0586422 0.0498555 0.0143119 0.0369325 0.393489 0.255415
0.258092 0.033214 0.324241 0.0590529 9.9991E-05 0.0793697 0.245931
9.995E-05 9.995E-05 9.995E-05 9.995E-05 9.995E-05 0.9994 9.995E-05
0.294513 9.9982E-05 0.0960332 0.233024 0.26854 9.9982E-05 0.10769
0.125644 0.0556838 0.628993 0.0421805 0.137984 9.9991E-05 0.00941413
0.277539 9.9982E-05 0.0373991 9.9982E-05 0.0992026 0.0862017 0.499458
0.0647499 0.197748 0.391248 0.0752075 0.270847 9.9982E-05 9.9982E-05
0.271819 0.0288618 0.438435 9.9982E-05 9.9982E-05 0.0735455 0.187138
0.103559 0.112168 0.118214 9.9991E-05 0.0868758 0.427312 0.151771
0.204202 0.0658163 0.234667 0.0552166 0.204119 0.136715 0.0992649
0.612784 9.9973E-05 0.0581153 0.105035 9.9973E-05 9.9973E-05 0.223766
0.108103 0.106656 0.145828 0.00232882 0.464631 0.172353 9.9991E-05
0.984245 9.99641E-05 0.000280482 9.99641E-05 9.99641E-05 0.0150747 9.99641E-05
9.9973E-05 0.132819 0.0405775 9.9973E-05 0.729448 9.9973E-05 0.0968558
0.191864 0.0330948 0.134721 0.0512693 0.388974 0.125157 0.074921
0.378845 0.0271901 0.0884856 9.9982E-05 0.370984 9.9982E-05 0.134295
9.9973E-05 0.0490853 0.289522 9.9973E-05 0.558089 0.103004 9.9973E-05
0.184895 9.9964E-05 0.758261 9.9964E-05 9.9964E-05 0.0564448 9.9964E-05
0.347974 0.0715167 0.226316 0.0656062 9.9991E-05 0.0865079 0.201979
0.450394 0.0245089 0.150534 0.0457473 0.00309969 0.267792 0.0579242
9.9982E-05 0.121007 9.9982E-05 0.00828601 0.224257 0.0900864 0.556163
0.195874 0.00864187 0.41803 0.0490077 0.328246 9.99868E-05 9.99868E-05
0.117116 0.0658299 0.159292 0.0753374 0.582224 9.9982E-05 9.9982E-05
0.133483 9.9964E-05 9.9964E-05 9.9964E-05 0.066474 9.9964E-05 0.799643
9.99551E-05 9.99551E-05 9.99551E-05 9.99551E-05 9.99551E-05 0.00762165 0.991879
0.296687 0.0493258 0.159696 9.9991E-05 0.385274 0.0845534 0.0243647
0.179417 0.0303658 0.274841 0.122854 0.0437066 0.0197146 0.329101
0.660096 0.0384629 0.130445 0.0366348 0.134162 9.9982E-05 9.9982E-05
0.00354116 0.0790421 9.9982E-05 0.061972 0.36307 9.9982E-05 0.492175
0.108862 0.00914762 0.0673341 0.122757 0.475099 0.194869 0.0219308
9.9973E-05 0.05209 0.355826 9.9973E-05 0.582922 0.00886218 9.9973E-05
0.370575 0.015604 0.149314 0.0956311 9.9991E-05 0.0836681 0.285108
0.0376858 0.103244 0.146885 0.0333936 0.0533891 0.392726 0.232676
0.114902 0.0283844 0.214114 0.126668 0.0531619 0.0193282 0.443441
9.995E-05 0.9994 9.995E-05 9.995E-05 9.995E-05 9.995E-05 9.995E-05
9.9973E-05 0.0195478 0.606892 0.0669051 9.9973E-05 9.9973E-05 0.306355
0.193098 0.0170473 0.157185 0.236092 0.0131815 9.9991E-05 0.383297
0.431372 0.0701459 9.9982E-05 0.0355049 0.393865 9.9982E-05 0.0689118
0.361596 0.0697165 9.9982E-05 0.167545 0.168174 9.9982E-05 0.232769
0.130987 0.1601 0.0611155 0.0539801 0.396343 0.0954895 0.101985
0.0346696 0.109309 9.9991E-05 0.0785963 0.351212 0.151693 0.27442
0.668458 0.0742792 0.106991 9.9991E-05 0.0435045 0.00432016 0.102346
0.0960907 0.0903129 0.131378 0.0552642 9.9991E-05 0.201868 0.424986
0.0892719 0.0593385 0.156537 0.000916218 0.505384 9.9991E-05 0.188452
0.154703 0.0533501 0.2206 0.0436315 0.121855 0.0379614 0.367899
9.9964E-05 9.9964E-05 0.897737 9.9964E-05 9.9964E-05 0.0740197 0.0278439
0.0585813 0.0248753 0.293225 0.0719106 0.104803 0.140512 0.306093
0.170711 0.0689236 0.305727 0.0883182 0.0914864 9.9991E-05 0.274734
9.995E-05 0.9994 9.995E-05 9.995E-05 9.995E-05 9.995E-05 9.995E-05
0.403272 0.393531 0.0981966 9.9973E-05 9.9973E-05 9.9973E-05 0.104701
0.217725 0.000978424 9.9991E-05 0.00725552 0.138164 0.0160168 0.61976
0.274585 0.0400763 0.0198637 0.0790911 0.509958 9.9991E-05 0.0763267
9.9964E-05 0.110056 0.823329 9.9964E-05 9.9964E-05 9.9964E-05 0.0662151
0.296622 0.0605447 0.256405 0.000707704 0.273444 9.9991E-05 0.112177
0.265442 0.0753122 0.034512 0.146499 0.323015 9.9991E-05 0.155119
9.9955E-05 0.00588118 9.9955E-05 9.9955E-05 9.9955E-05 9.9955E-05 0.993619
0.173436 0.0883871 0.278825 9.9991E-05 0.0364041 0.0652809 0.357567
0.168957 9.9982E-05 0.0998038 9.9982E-05 0.549025 0.0977863 0.0842278
0.597298 0.0406312 0.00845089 0.0703207 0.251339 0.0318595 9.9991E-05
0.249002 0.0617512 0.291414 0.0617601 9.9991E-05 0.165461 0.170512
0.178178 0.0189237 0.0712459 0.0815656 0.369537 9.9991E-05 0.28045
0.190634 0.0757963 0.316513 0.0519133 0.0501888 9.9991E-05 0.314854
0.639994 9.9982E-05 9.9982E-05 0.129925 0.0991443 0.000978042 0.129759
0.44071 0.0825922 0.0174033 9.9982E-05 0.241783 9.9982E-05 0.217311
0.526834 9.9982E-05 0.13682 0.059173 0.268034 0.00893915 9.9982E-05
9.9955E-05 9.9955E-05 9.9955E-05 0.995681 9.9955E-05 9.9955E-05 0.00381939
0.070616 9.9991E-05 0.0633632 0.0317491 0.547566 0.107506 0.179099
0.755276 0.0431721 9.9973E-05 0.0658953 9.9973E-05 0.135356 9.9973E-05
0.0965107 0.138054 0.13025 0.0844166 0.262724 0.121239 0.166807
0.00568053 0.0302568 0.251085 0.0302914 0.302374 0.00595678 0.374356
0.135822 9.9982E-05 0.292058 9.9982E-05 0.299086 0.198434 0.0744
0.372054 0.0388381 0.37514 9.9982E-05 9.9982E-05 0.0476149 0.166154
9.995E-05 9.995E-05 9.995E-05 0.9994 9.995E-05 9.995E-05 9.995E-05
0.44252 0.0683693 0.134005 9.9982E-05 0.262 9.9982E-05 0.0929054
0.135441 0.0752196 0.206439 0.278956 0.105031 0.0147848 0.184128
0.170854 0.00218881 0.208746 0.00651762 0.0674779 9.9991E-05 0.544115
0.200942 0.0111268 0.182559 9.9991E-05 0.193039 0.102293 0.30994
