9.99731E-05 9.99731E-05 9.99731E-05 0.575702 0.219588 0.0599246 0.144485
0.323866 9.9982E-05 9.9982E-05 0.0465056 0.149433 0.0663101 0.413686
9.99731E-05 0.280016 9.99731E-05 9.99731E-05 0.185272 0.10909 0.425321
9.99731E-05 9.99731E-05 0.354859 0.288609 9.99731E-05 0.181188 0.175044
0.276008 9.99731E-05 9.99731E-05 0.40464 0.137135 0.181917 9.99731E-05
0.312298 0.0763889 0.00409256 0.606921 9.99731E-05 9.99731E-05 9.99731E-05
0.312791 9.99821E-05 9.99821E-05 0.277568 0.234573 0.145709 0.0291585
9.99642E-05 9.99642E-05 9.99642E-05 0.678713 0.222257 9.99642E-05 0.0986303
0.0809153 9.99731E-05 0.773119 9.99731E-05 9.99731E-05 0.100502 0.045164
9.99731E-05 0.62155 0.0202035 0.0283721 0.329575 9.99731E-05 9.99731E-05
9.999E-05 0.338692 0.122661 0.169731 0.0925769 0.161889 0.114351
0.0931104 9.99821E-05 0.407728 0.345437 0.109143 0.0443816 9.99821E-05
9.99731E-05 9.99731E-05 0.256309 0.103711 9.99731E-05 0.0884117 0.551268
0.440586 9.9973E-05 9.9973E-05 0.284937 0.228195 0.0459822 9.9973E-05
0.00159564 9.99732E-05 0.57421 0.225938 9.99732E-05 9.99732E-05 0.197956
9.99732E-05 9.99732E-05 0.0962455 0.501872 9.99732E-05 0.360116 0.0414658
0.307915 9.9982E-05 0.375566 0.136493 9.9982E-05 0.0960252 0.0838003
0.0902511 0.173782 9.99731E-05 0.415486 0.320181 9.99731E-05 9.99731E-05
9.99552E-05 9.99552E-05 0.303144 9.99552E-05 9.99552E-05 9.99552E-05 0.696357
0.092807 0.0657632 9.9991E-05 0.194555 0.212393 0.0330729 0.401309
0.0552888 0.610373 9.9991E-05 0.00615224 0.272034 0.0502209 0.00583104
9.99731E-05 9.99731E-05 0.288818 9.99731E-05 0.0620963 0.189923 0.458863
0.156595 0.0135909 0.290412 0.19843 9.9991E-05 0.247712 0.0931595
0.31742 9.99641E-05 9.99641E-05 0.157444 9.99641E-05 0.524736 9.99641E-05
0.10398 0.351956 9.99821E-05 0.190594 9.99821E-05 0.353079 0.000190519
9.9973E-05 9.9973E-05 0.0380458 0.599378 0.13768 0.224596 9.9973E-05
9.9982E-05 0.0695293 0.0608907 9.9982E-05 0.547333 0.0880523 0.233994
0.184522 9.99643E-05 0.0908373 9.99643E-05 9.99643E-05 9.99643E-05 0.72424
0.05222 0.122062 9.9982E-05 0.0536548 0.03805 9.9982E-05 0.733813
9.99642E-05 0.0236275 9.99642E-05 9.99642E-05 0.10002 0.875953 9.99642E-05
0.440638 0.187916 9.99732E-05 0.187613 0.183533 9.99732E-05 9.99732E-05
0.0313874 9.99821E-05 9.99821E-05 0.254287 0.302707 0.207729 0.20369
9.99731E-05 0.519199 0.147107 9.99731E-05 9.99731E-05 0.0668393 0.266555
0.00712869 9.99821E-05 9.99821E-05 0.33706 0.218371 0.078923 0.358318
9.99731E-05 9.99731E-05 0.0208395 0.514362 0.141812 0.322686 9.99731E-05
0.245097 9.99641E-05 9.99641E-05 0.425906 0.328597 9.99641E-05 9.99641E-05
0.356136 0.00740275 0.0864183 0.44284 9.99821E-05 9.99821E-05 0.107003
9.99731E-05 0.390855 0.00858781 9.99731E-05 9.99731E-05 0.206577 0.393681
9.99821E-05 0.0553438 9.99821E-05 0.337773 0.43949 0.0419604 0.125233
0.00354315 0.0130392 9.9991E-05 0.384867 0.179419 0.0833172 0.335715
0.243929 9.99821E-05 0.0306984 9.99821E-05 0.233659 0.280277 0.211237
9.99731E-05 0.26033 0.210712 9.99731E-05 0.481485 0.0471731 9.99731E-05
0.392198 0.0475252 9.9982E-05 0.344419 0.20707 0.00858801 9.9982E-05
9.99642E-05 9.99642E-05 0.524828 0.223177 9.99642E-05 9.99642E-05 0.251595
9.99731E-05 9.99731E-05 9.99731E-05 0.0380558 0.33913 0.161304 0.461211
9.99821E-05 9.99821E-05 0.0401531 0.433533 0.315489 0.0578198 0.152806
0.0221396 0.0380426 0.285833 0.557666 0.0809109 0.0153084 9.9991E-05
0.0481914 0.241102 0.266227 0.0849163 0.359363 9.9982E-05 9.9982E-05
9.99733E-05 0.105611 0.211404 0.600005 0.0826805 9.99733E-05 9.99733E-05
9.99551E-05 9.99551E-05 9.99551E-05 0.778262 0.221239 9.99551E-05 9.99551E-05
9.99641E-05 9.99641E-05 0.047338 0.737061 9.99641E-05 0.215201 9.99641E-05
0.362088 0.208458 0.0678473 0.0989125 0.219811 0.0427834 9.9991E-05
9.9964E-05 9.9964E-05 0.578644 0.172197 9.9964E-05 0.248759 9.9964E-05
9.99911E-05 0.00264525 0.0222294 0.368601 0.0116305 0.19682 0.397974
0.783405 9.99552E-05 9.99552E-05 9.99552E-05 9.99552E-05 9.99552E-05 0.216095
0.264599 9.99732E-05 0.326528 0.36943 9.99732E-05 9.99732E-05 0.039143
0.519914 9.99731E-05 0.0582382 9.99731E-05 9.99731E-05 0.26481 0.156737
0.818445 9.99553E-05 0.181055 9.99553E-05 9.99553E-05 9.99553E-05 9.99553E-05
0.137798 9.9973E-05 0.306475 9.9973E-05 0.345377 9.9973E-05 0.21005
0.0449194 0.23915 0.0690393 0.381756 0.264936 9.9982E-05 9.9982E-05
9.99732E-05 0.105214 0.125473 0.320205 9.99732E-05 9.99732E-05 0.448809
0.0426464 9.99821E-05 0.290638 0.0133221 0.602019 0.0511752 9.99821E-05
9.99731E-05 9.99731E-05 0.567757 9.99731E-05 0.175157 0.085757 0.171029
9.99821E-05 0.0632357 9.99821E-05 0.0125387 0.166955 0.618317 0.138754
9.99643E-05 9.99643E-05 0.149569 0.802839 9.99643E-05 0.0471924 9.99643E-05
9.99732E-05 9.99732E-05 0.120771 9.99732E-05 0.371105 0.156606 0.351219
0.175481 0.100627 9.9982E-05 0.630206 9.9982E-05 0.0462483 0.0472377
9.99731E-05 9.99731E-05 0.434919 0.181956 0.300039 9.99731E-05 0.0827868
9.99731E-05 9.99731E-05 0.0526729 0.45659 0.296368 9.99731E-05 0.194069
9.99731E-05 0.264094 9.99731E-05 0.124969 0.332 9.99731E-05 0.278637
0.106252 0.147156 0.217837 0.249365 0.27919 9.9982E-05 9.9982E-05
0.00855998 9.99731E-05 0.321304 9.99731E-05 0.520226 0.14961 9.99731E-05
0.641765 9.99643E-05 9.99643E-05 9.99643E-05 0.0858251 9.99643E-05 0.27201
9.99732E-05 9.99732E-05 9.99732E-05 0.322844 0.357534 0.00631759 0.313004
0.220319 9.99643E-05 9.99643E-05 0.721606 9.99643E-05 0.0576751 9.99643E-05
0.180694 9.99821E-05 0.125957 0.0212851 0.461707 9.99821E-05 0.210157
9.99733E-05 9.99733E-05 0.488611 0.228046 9.99733E-05 0.150216 0.132828
0.138159 0.196383 0.0926441 9.9991E-05 0.330566 0.0455929 0.196555
0.00876141 9.99821E-05 0.0903003 0.173446 9.99821E-05 0.0855113 0.641781
0.136292 9.99731E-05 9.99731E-05 0.311534 9.99731E-05 0.0384773 0.513397
9.99642E-05 9.99642E-05 9.99642E-05 0.256246 0.280897 9.99642E-05 0.462457
0.107332 0.171053 9.99911E-05 0.421227 0.099269 0.0791485 0.121871
0.330088 0.246713 9.99821E-05 0.101623 0.043162 9.99821E-05 0.278215
9.99731E-05 9.99731E-05 0.13648 0.324084 9.99731E-05 0.286803 0.252333
0.0557564 9.99821E-05 0.166888 0.36987 0.271169 0.136117 9.99821E-05
9.9991E-05 0.0328332 0.105938 0.265632 0.417647 0.0400246 0.137824
0.0972755 9.99732E-05 9.99732E-05 9.99732E-05 0.355649 0.0183287 0.528447
0.312906 9.99731E-05 0.0764575 0.13291 9.99731E-05 0.477427 9.99731E-05
9.99821E-05 0.107792 0.170242 0.100679 9.99821E-05 0.111012 0.510076
9.9982E-05 0.369363 0.213325 0.0971663 9.9982E-05 0.00057738 0.319368
9.99554E-05 9.99554E-05 9.99554E-05 0.163827 9.99554E-05 0.835674 9.99554E-05
0.386899 0.145898 0.0383658 0.249128 0.0848578 0.0947515 9.99911E-05
0.149201 0.0902961 0.127496 9.99911E-05 0.472142 0.0531672 0.107598
0.356572 0.355621 0.151554 0.00793948 0.00081643 0.127397 9.9991E-05
9.99731E-05 9.99731E-05 0.204137 9.99731E-05 0.627008 0.0834901 0.0850655
0.214334 0.0234581 0.521538 0.0197422 9.9991E-05 0.0141725 0.206655
0.261101 0.21488 0.223042 0.159956 0.0257615 0.115159 9.9991E-05
9.9964E-05 9.9964E-05 0.616448 0.18495 0.198202 9.9964E-05 9.9964E-05
9.9973E-05 9.9973E-05 9.9973E-05 0.0353549 0.117349 0.467353 0.379643
0.307818 0.0553037 0.184608 0.0441258 9.9991E-05 0.39491 0.0131346
0.463273 0.125076 0.397806 9.99732E-05 9.99732E-05 0.0135447 9.99732E-05
9.99642E-05 0.00212177 9.99642E-05 9.99642E-05 0.0258324 0.971646 9.99642E-05
0.00807605 0.486526 0.190963 9.99821E-05 9.99821E-05 0.0737598 0.240476
9.99641E-05 0.855131 0.112744 9.99641E-05 9.99641E-05 9.99641E-05 0.0317243
9.9973E-05 9.9973E-05 0.204746 0.544293 0.0694918 9.9973E-05 0.181169
9.99641E-05 9.99641E-05 0.572346 0.334393 9.99641E-05 0.0928607 9.99641E-05
0.494258 9.99642E-05 9.99642E-05 0.402573 0.102769 9.99642E-05 9.99642E-05
0.0850254 0.230315 9.99821E-05 0.496251 0.0564406 9.99821E-05 0.131768
9.99732E-05 9.99732E-05 0.226825 0.71835 0.00572708 9.99732E-05 0.0487978
9.99642E-05 0.44567 9.99642E-05 9.99642E-05 0.162624 9.99642E-05 0.391306
0.104319 9.99732E-05 9.99732E-05 9.99732E-05 0.262833 0.490262 0.142286
9.99821E-05 9.99821E-05 0.0657637 0.66653 0.118055 0.0335113 0.11594
9.99552E-05 9.99552E-05 9.99552E-05 9.99552E-05 9.99552E-05 0.596094 0.403406
0.115878 0.100085 9.99731E-05 0.435599 9.99731E-05 9.99731E-05 0.348138
9.995E-05 9.995E-05 9.995E-05 9.995E-05 9.995E-05 0.9994 9.995E-05
0.149484 0.174451 0.499704 9.99732E-05 9.99732E-05 9.99732E-05 0.17606
9.99821E-05 9.99821E-05 0.139326 0.416951 0.117776 0.0586061 0.26714
0.0703664 0.107761 9.99821E-05 0.285752 0.359564 9.99821E-05 0.176357
9.9973E-05 9.9973E-05 9.9973E-05 0.11178 0.106697 0.337123 0.4441
0.232639 9.9973E-05 9.9973E-05 0.301368 9.9973E-05 0.0358652 0.429828
9.99641E-05 9.99641E-05 0.252039 0.275718 9.99641E-05 0.471843 9.99641E-05
0.696745 9.99704E-05 9.99704E-05 9.99704E-05 9.99704E-05 0.147724 0.155132
0.0981132 0.0286089 9.99731E-05 0.82407 9.99731E-05 9.99731E-05 0.0489082
0.13715 0.198288 9.99732E-05 0.37151 0.292752 9.99732E-05 9.99732E-05
9.99821E-05 0.21415 0.300067 0.152447 0.0958667 0.237269 9.99821E-05
0.00146978 9.9973E-05 0.630444 0.274055 0.0937312 9.9973E-05 9.9973E-05
9.99821E-05 0.172462 0.0184567 9.99821E-05 0.4739 0.21013 0.124851
0.14305 0.171488 0.0200979 0.325301 0.0586656 9.9991E-05 0.281299
9.99732E-05 0.309274 9.99732E-05 9.99732E-05 0.0820159 0.0830833 0.525327
9.9991E-05 0.111519 0.168545 0.107209 0.163851 0.117254 0.331522
9.99553E-05 9.99553E-05 0.960419 9.99553E-05 0.0390811 9.99553E-05 9.99553E-05
0.258524 0.0238668 9.99731E-05 0.537095 9.99731E-05 0.180214 9.99731E-05
9.99821E-05 0.206829 0.427295 0.0344663 0.243924 9.99821E-05 0.0872857
9.99731E-05 0.229073 0.208941 9.99731E-05 0.114711 9.99731E-05 0.446975
0.00643041 0.302351 9.99731E-05 9.99731E-05 0.477872 9.99731E-05 0.213046
9.99553E-05 0.167703 9.99553E-05 0.831797 9.99553E-05 9.99553E-05 9.99553E-05
9.99553E-05 0.188329 9.99553E-05 0.811171 9.99553E-05 9.99553E-05 9.99553E-05
9.99643E-05 0.107574 9.99643E-05 0.606548 9.99643E-05 9.99643E-05 0.285478
0.154044 9.99732E-05 0.153752 9.99732E-05 0.294277 9.99732E-05 0.397627
9.99553E-05 9.99553E-05 9.99553E-05 0.75622 9.99553E-05 9.99553E-05 0.243281
0.269075 0.0413502 0.275626 0.0783528 9.99911E-05 0.0459296 0.289567
0.172425 0.411171 0.180141 0.0274512 0.0467582 0.113544 0.04851
9.99821E-05 0.186637 0.170633 0.0249233 0.329299 9.99821E-05 0.288308
9.99731E-05 0.396778 0.470629 0.112472 9.99731E-05 0.019821 9.99731E-05
9.9982E-05 9.9982E-05 0.182648 0.0737629 0.0727472 0.526345 0.144298
9.99731E-05 9.99731E-05 0.146759 0.197189 9.99731E-05 0.086366 0.569386
9.995E-05 9.995E-05 9.995E-05 9.995E-05 0.9994 9.995E-05 9.995E-05
9.99821E-05 0.135552 0.0593302 0.556366 9.99821E-05 0.053058 0.195493
0.592814 0.0261532 9.99821E-05 0.210379 0.00503402 0.16542 9.99821E-05
0.0521396 9.99731E-05 0.386281 9.99731E-05 0.13385 9.99731E-05 0.427429
0.0409518 9.99732E-05 0.233976 9.99732E-05 0.108465 9.99732E-05 0.616307
9.99642E-05 9.99642E-05 0.401582 9.99642E-05 0.467526 0.130492 9.99642E-05
0.216626 0.0374581 9.99731E-05 0.520605 9.99731E-05 9.99731E-05 0.225011
0.0707811 9.99911E-05 0.0939571 0.433665 0.00339946 0.0814871 0.31661
0.520562 9.99643E-05 9.99643E-05 0.254064 9.99643E-05 0.224974 9.99643E-05
9.99642E-05 0.260655 0.426287 0.312659 9.99642E-05 9.99642E-05 9.99642E-05
0.270026 0.287075 9.99731E-05 9.99731E-05 9.99731E-05 0.0218752 0.420724
9.99644E-05 0.285558 9.99644E-05 0.338904 0.375138 9.99644E-05 9.99644E-05
9.99554E-05 9.99554E-05 9.99554E-05 0.757942 9.99554E-05 9.99554E-05 0.241559
9.99821E-05 0.0962271 9.99821E-05 0.05392 0.213726 0.18532 0.450607
9.995E-05 9.995E-05 9.995E-05 9.995E-05 0.9994 9.995E-05 9.995E-05
9.99641E-05 9.99641E-05 9.99641E-05 0.282012 0.559852 9.99641E-05 0.157736
0.167954 9.99821E-05 9.99821E-05 0.381106 0.192487 0.039725 0.218528
0.134211 9.9991E-05 0.523854 0.0570767 0.216023 0.0408166 0.0279187
9.99733E-05 9.99733E-05 0.59575 0.0949999 0.276408 9.99733E-05 0.0325424
9.9982E-05 0.0911156 0.0555317 0.53574 0.0869233 0.23049 9.9982E-05
0.0278669 0.0975851 0.0196317 0.630463 9.99821E-05 9.99821E-05 0.224253
9.99643E-05 0.0564369 9.99643E-05 0.345917 9.99643E-05 9.99643E-05 0.597246
0.9994 9.995E-05 9.995E-05 9.995E-05 9.995E-05 9.995E-05 9.995E-05
0.0748922 9.9991E-05 0.246884 0.112304 0.142261 0.180343 0.243215
9.99821E-05 0.176078 0.0413619 0.397825 9.99821E-05 0.0366277 0.347907
0.113768 9.99641E-05 9.99641E-05 0.334561 9.99641E-05 9.99641E-05 0.551271
0.265314 9.99641E-05 0.567254 9.99641E-05 9.99641E-05 9.99641E-05 0.167032
9.99731E-05 0.0946451 9.99731E-05 0.466196 0.159091 0.279768 9.99731E-05
9.99731E-05 9.99731E-05 0.190149 0.672699 9.99731E-05 0.0420825 0.0947689
0.0475967 9.99732E-05 9.99732E-05 0.678064 0.109466 9.99732E-05 0.164573
0.0753143 9.99911E-05 0.294852 0.116065 0.127779 0.210533 0.175356
0.229695 0.769805 9.99552E-05 9.99552E-05 9.99552E-05 9.99552E-05 9.99552E-05
9.99911E-05 0.2238 0.190239 0.0815596 0.161632 0.0310581 0.311611
0.0263244 0.119862 0.501472 9.99821E-05 0.175061 9.99821E-05 0.17708
0.171184 0.202425 0.0699453 9.99821E-05 0.541621 9.99821E-05 0.0146246
9.99731E-05 0.169696 9.99731E-05 0.151528 0.46296 9.99731E-05 0.215516
9.99731E-05 0.0173013 0.0699781 0.655278 0.257143 9.99731E-05 9.99731E-05
0.0653285 9.99732E-05 9.99732E-05 0.456209 9.99732E-05 0.103121 0.375043
9.99551E-05 0.851351 9.99551E-05 9.99551E-05 9.99551E-05 9.99551E-05 0.14815
9.99643E-05 9.99643E-05 9.99643E-05 0.00988322 0.382754 9.99643E-05 0.606963
0.239818 9.99821E-05 0.153854 0.292429 0.0468379 9.99821E-05 0.266861
0.241098 9.99641E-05 9.99641E-05 9.99641E-05 9.99641E-05 0.120866 0.637637
0.410776 0.118138 0.0608305 0.164743 9.9991E-05 0.00920834 0.236203
