0.134034 9.9982E-05 9.9982E-05 0.865766
0.166344 0.0520804 0.5366 0.244976
0.000985065 0.0620578 0.353563 0.583394
0.0816584 0.146285 0.134068 0.637989
0.144647 0.154838 0.448273 0.252242
0.360404 0.0230018 0.536979 0.0796148
0.236727 0.0145534 0.053191 0.695529
0.0516706 0.170509 0.381296 0.396524
0.234749 0.0615225 0.474452 0.229276
0.408407 0.21821 0.122959 0.250424
0.562867 9.9991E-05 0.240836 0.196197
0.186208 0.197022 0.539223 0.0775466
0.335059 0.307143 0.107886 0.249912
0.209614 0.224381 0.342439 0.223566
0.379223 0.0307616 0.589915 9.9991E-05
0.0381201 0.235608 0.486538 0.239734
0.405429 0.137629 0.456842 9.9991E-05
0.175996 0.4766 0.0782317 0.269173
0.0772266 0.0549103 0.646075 0.221789
0.19027 0.0967214 0.210376 0.502632
0.298433 0.0236461 0.147339 0.530581
0.298913 0.05263 0.206243 0.442214
0.0523907 0.169911 0.404352 0.373346
0.120273 0.232158 0.233939 0.413631
0.868859 0.130941 9.9982E-05 9.9982E-05
0.125518 0.105401 0.228478 0.540604
0.177091 0.269494 0.246445 0.306969
0.215434 0.146863 0.234749 0.402954
0.321564 0.080029 0.297429 0.300978
9.9991E-05 0.530287 0.240946 0.228667
0.359768 0.0153849 0.599921 0.0249263
0.360349 0.0311405 0.077779 0.530731
0.0446842 0.217996 0.427464 0.309856
0.25684 0.0190914 0.430197 0.293871
0.434214 0.170773 0.110821 0.284191
9.9982E-05 0.039315 9.9982E-05 0.960485
0.332813 9.9991E-05 0.122431 0.544656
0.568544 0.0487824 9.9991E-05 0.382574
0.206166 0.197931 0.56639 0.029513
0.18032 0.0726071 0.562621 0.184452
0.114979 0.142405 0.249495 0.493121
0.118661 0.226227 0.035786 0.619326
0.181147 0.0890739 0.182463 0.547316
0.239502 0.0318178 0.132558 0.596122
0.273468 0.186496 0.0338114 0.506224
0.486753 0.0556783 0.117085 0.340484
0.167291 0.0966278 0.369933 0.366148
9.9991E-05 0.0578208 0.667834 0.274245
0.16797 0.189401 0.355828 0.2868
0.0257583 0.145584 0.727977 0.100681
0.33934 0.267513 0.181129 0.212018
0.0159943 0.170703 0.591444 0.221858
9.9991E-05 0.166447 0.702273 0.13118
0.25329 0.23008 0.382728 0.133902
0.0958795 0.213983 0.690038 9.9991E-05
0.1585 0.113829 0.23126 0.49641
0.113546 9.99821E-05 0.886255 9.99821E-05
0.315734 0.0740872 0.307804 0.302375
0.213063 0.0817376 0.705099 9.9991E-05
0.387678 0.0551164 0.220753 0.336453
0.069393 0.0621127 0.366396 0.502099
0.307751 0.229744 0.224731 0.237774
9.9991E-05 0.22437 0.387396 0.388134
9.9982E-05 0.942119 9.9982E-05 0.0576812
0.268628 9.9991E-05 0.277347 0.453925
0.0190108 9.9982E-05 9.9982E-05 0.980789
0.275416 0.0866695 9.9991E-05 0.637815
0.269241 0.133196 0.284377 0.313186
0.101259 0.0387259 0.14238 0.717635
0.0324711 0.192272 0.466552 0.308705
0.422284 0.0550357 0.437885 0.084795
0.23661 0.214743 0.338589 0.210058
0.259111 0.210756 0.320002 0.210131
0.203723 0.152324 0.554288 0.0896645
0.416675 0.0778837 0.263217 0.242225
0.145506 9.9982E-05 0.854294 9.9982E-05
0.256006 0.211909 0.280893 0.251192
0.252138 0.0659038 0.378788 0.303171
0.030582 9.9991E-05 0.568296 0.401022
0.170856 0.197099 0.316271 0.315774
0.105178 0.159248 0.337273 0.3983
0.166738 0.1307 0.368387 0.334176
0.274925 0.189304 0.233324 0.302447
0.0196765 0.216762 0.677338 0.0862232
0.0771612 0.171897 0.253082 0.49786
0.13658 9.9991E-05 0.349189 0.514131
9.9991E-05 0.0379102 0.0908037 0.871186
0.304639 9.9991E-05 0.610482 0.0847787
0.147552 0.413748 0.10017 0.33853
0.21322 0.0195445 0.227089 0.540146
0.0620899 0.93771 9.9982E-05 9.9982E-05
0.521705 0.139339 0.229281 0.109675
0.0252442 0.0163388 0.276642 0.681775
9.9991E-05 0.155733 0.671411 0.172756
0.0593856 9.9991E-05 0.266734 0.67378
0.155758 0.0854797 0.228616 0.530146
0.209625 0.000455353 0.113202 0.676718
0.277014 9.9991E-05 0.367872 0.355015
0.186531 0.65376 9.9991E-05 0.15961
0.0512451 0.220272 0.346983 0.3815
0.301362 0.161749 0.203577 0.333312
9.998E-05 0.9997 9.998E-05 9.998E-05
0.380695 0.144818 0.302256 0.172231
0.9997 9.998E-05 9.998E-05 9.998E-05
0.103145 0.0818785 0.473267 0.34171
0.0356209 9.9991E-05 0.498697 0.465582
0.227567 0.0174145 0.394103 0.360916
9.9991E-05 0.250987 0.129964 0.61895
0.21647 0.245661 0.449948 0.0879208
0.222665 0.198589 0.150234 0.428511
0.311931 9.9991E-05 0.448354 0.239615
0.252653 0.359879 0.177552 0.209915
0.130262 0.107032 0.501341 0.261364
0.174082 0.687399 0.0728602 0.0656585
0.089751 0.0225016 0.274796 0.612951
9.9982E-05 0.973151 0.0266491 9.9982E-05
0.423362 9.9991E-05 0.348921 0.227617
0.0489775 0.059192 0.125517 0.766313
0.116221 0.0495912 0.250373 0.583815
0.221249 0.203913 0.0567122 0.518125
0.199387 0.291287 0.134272 0.375055
0.162214 0.465872 0.150336 0.221579
0.317085 0.487929 9.9991E-05 0.194886
0.207742 9.9991E-05 0.692409 0.0997491
0.258846 0.293429 0.344783 0.102941
0.228426 9.9982E-05 0.771375 9.9982E-05
0.367795 0.151586 0.229612 0.251006
0.201309 0.266633 0.244665 0.287392
0.0345855 9.9991E-05 0.663303 0.302012
0.533561 0.181843 9.9991E-05 0.284496
0.10778 0.0434856 9.9991E-05 0.848634
0.0626905 0.117359 0.296784 0.523166
0.100891 0.341637 0.170262 0.387211
0.101559 0.189014 0.589047 0.12038
0.194935 0.0647472 0.251806 0.488512
0.330707 0.174713 0.394991 0.0995898
9.998E-05 9.998E-05 0.9997 9.998E-05
9.9982E-05 0.0988809 0.900919 9.9982E-05
0.259039 0.0562281 0.200054 0.484679
0.282993 0.0756618 0.103448 0.537896
0.33521 0.141872 0.169545 0.353373
0.408288 0.0330082 0.558603 9.9991E-05
0.236949 0.0878164 0.399419 0.275816
0.319755 0.0255623 0.213144 0.441538
0.126569 0.113159 0.42761 0.332662
0.151707 0.589971 9.9991E-05 0.258222
0.198965 9.9991E-05 0.412434 0.388502
9.998E-05 0.9997 9.998E-05 9.998E-05
0.28394 9.9991E-05 0.00821507 0.707745
0.261238 0.0224703 0.111817 0.604475
0.192771 0.146144 0.544219 0.116866
0.176804 0.00710598 0.403742 0.412348
0.154714 0.324673 0.2481 0.272513
0.186952 0.107308 0.445698 0.260042
0.0947723 0.11498 0.647275 0.142973
0.140335 0.375478 0.234942 0.249245
0.115082 0.100869 0.313929 0.470121
0.200755 0.340101 0.163616 0.295527
9.9982E-05 0.0380802 9.9982E-05 0.96172
0.143496 0.280827 0.190121 0.385557
0.383908 0.0555359 0.0251063 0.535449
9.998E-05 0.9997 9.998E-05 9.998E-05
0.135504 0.304079 0.560318 9.9991E-05
0.157797 9.9991E-05 0.470167 0.371936
0.123737 0.214172 0.399462 0.262629
0.0520366 0.069245 9.9991E-05 0.878618
0.242177 0.0289793 0.281182 0.447662
0.298184 9.9991E-05 0.459401 0.242315
9.9991E-05 0.0608948 0.910217 0.0287884
0.0456316 0.325691 0.227066 0.401611
0.182022 0.0207697 0.797108 9.9991E-05
0.22029 0.146172 0.549605 0.0839325
0.0273506 0.298327 0.391721 0.282601
0.332988 9.9982E-05 0.666812 9.9982E-05
9.9991E-05 0.0043255 0.470705 0.524869
0.26457 0.00829273 0.34842 0.378718
0.204688 9.9991E-05 0.550036 0.245176
0.193705 9.9991E-05 0.604607 0.201588
0.9997 9.998E-05 9.998E-05 9.998E-05
0.330839 0.0690248 0.210312 0.389824
0.419416 0.238357 0.342126 9.9991E-05
0.200415 0.318696 0.302242 0.178647
0.12256 0.0843732 0.419735 0.373332
9.9991E-05 0.118321 0.25419 0.627389
0.0613868 0.0996421 0.454869 0.384102
0.9997 9.998E-05 9.998E-05 9.998E-05
0.0348434 0.142634 0.381682 0.44084
0.45246 0.188774 0.348995 0.00977138
9.9991E-05 0.0707192 0.256197 0.672984
9.9991E-05 0.118025 0.420095 0.46178
