0.234788 0.0292772 0.194812 0.541123
0.397423 0.024004 0.228452 0.350121
0.175724 0.227182 0.224877 0.372217
0.0339612 0.523163 0.192782 0.250094
0.0779884 0.23992 0.24023 0.441862
9.9991E-05 0.888946 0.0985384 0.0124154
0.160651 0.275564 0.0743598 0.489426
9.99821E-05 0.300144 9.99821E-05 0.699656
0.807776 0.189325 0.0027987 9.99911E-05
0.511324 0.3042 0.184376 9.9991E-05
0.16311 0.327748 0.220985 0.288156
0.38956 0.128364 9.99911E-05 0.481976
0.360658 9.9991E-05 0.136606 0.502636
9.999E-05 0.786924 0.014157 0.198819
0.409091 0.065044 9.99911E-05 0.525765
0.0198732 0.15806 0.273793 0.548274
0.386564 0.292002 0.0444939 0.27694
0.0991868 0.84101 0.059703 9.99911E-05
0.471008 9.99821E-05 9.99821E-05 0.528792
9.9991E-05 0.625129 0.0017227 0.373048
9.99821E-05 0.837545 0.162255 9.99821E-05
0.33797 9.9991E-05 0.251526 0.410404
0.202407 0.706793 0.070226 0.020574
0.0312938 0.498126 0.47048 9.9991E-05
9.9991E-05 0.418552 0.462015 0.119333
0.176466 0.185114 0.308726 0.329694
0.617303 0.145527 0.126702 0.110468
0.0720464 0.252044 9.99911E-05 0.67581
0.136079 0.295556 9.9991E-05 0.568265
0.0414091 9.99821E-05 0.958391 9.99821E-05
9.99821E-05 0.682164 9.99821E-05 0.317636
0.157184 0.338312 0.0666682 0.437836
0.467583 0.172572 0.359745 9.99911E-05
0.134654 0.205082 0.0183947 0.641869
9.9991E-05 0.354144 0.220477 0.425279
0.139428 0.651412 0.0673977 0.141762
0.172456 0.488738 9.99911E-05 0.338706
0.418663 0.125045 0.456192 9.9991E-05
0.227598 0.299042 0.0442791 0.42908
0.0419446 0.470607 0.0897625 0.397686
0.483939 0.0196155 0.385008 0.111438
0.442667 0.557133 9.99821E-05 9.99821E-05
0.3416 0.291788 0.108858 0.257754
0.182077 0.186133 0.105839 0.525951
0.129171 0.163285 0.244231 0.463313
0.191307 0.52773 9.9991E-05 0.280864
0.473347 0.473786 0.0527671 9.9991E-05
0.663169 0.336631 9.99821E-05 9.99821E-05
0.330456 0.203733 9.99911E-05 0.465711
9.9982E-05 0.553795 9.9982E-05 0.446005
9.9991E-05 0.12759 0.218783 0.653527
0.268061 0.731739 9.99821E-05 9.99821E-05
0.648236 9.9991E-05 0.34046 0.0112042
9.99911E-05 0.0932902 0.328463 0.578147
0.231221 0.594776 9.99911E-05 0.173904
0.653813 0.0373176 0.0416924 0.267177
9.9991E-05 0.325204 0.139387 0.535309
0.58787 0.317331 9.99911E-05 0.094699
0.292998 0.264345 9.9991E-05 0.442557
0.261515 0.688058 0.0503267 9.9991E-05
0.0709993 0.0730207 0.0723874 0.783593
0.50118 0.494826 0.00389347 9.9991E-05
0.885558 9.99821E-05 9.99821E-05 0.114242
9.99821E-05 9.99821E-05 0.701199 0.298601
9.9991E-05 0.336692 0.094371 0.568837
0.353689 9.9991E-05 0.225014 0.421197
9.9982E-05 0.906687 9.9982E-05 0.0931132
0.522348 0.0789604 9.9991E-05 0.398591
0.262211 0.153084 9.9991E-05 0.584605
0.250208 0.0614973 0.274073 0.414222
0.286274 0.713526 9.99821E-05 9.99821E-05
0.745005 9.9991E-05 0.115401 0.139494
0.135033 0.610706 9.99911E-05 0.254162
0.131024 0.0274567 0.0160724 0.825447
9.99822E-05 0.402296 9.99822E-05 0.597504
0.55102 9.99821E-05 9.99821E-05 0.44878
0.218351 9.99911E-05 0.115904 0.665645
0.44412 0.180428 0.154575 0.220877
0.0786721 9.9991E-05 0.175795 0.745433
0.111778 0.0262654 9.99911E-05 0.861856
9.99821E-05 0.463932 9.99821E-05 0.535868
0.121861 0.23101 0.221504 0.425624
0.00394054 0.901172 9.99911E-05 0.0947879
0.129315 0.0158962 0.289187 0.565602
0.119763 0.747445 0.132692 9.99911E-05
0.357502 0.418787 0.0762442 0.147467
0.549939 0.0935113 0.237048 0.119501
0.148929 0.238383 0.481179 0.131509
0.0871081 0.226986 0.467089 0.218817
0.47717 9.9991E-05 0.189224 0.333506
9.99821E-05 9.99821E-05 0.861813 0.137987
0.096777 0.704692 0.198431 9.99911E-05
0.550563 0.222007 0.22733 9.99911E-05
0.321517 0.549049 0.129335 9.9991E-05
0.910897 9.9991E-05 0.030396 0.0586067
0.279537 0.567542 0.0318074 0.121114
0.324665 0.454043 0.221193 9.99911E-05
0.680848 0.291271 9.9991E-05 0.0277813
9.9991E-05 0.166971 0.52702 0.305909
0.210412 0.337783 0.451705 9.9991E-05
0.43554 0.406486 0.157873 9.99911E-05
9.998E-05 9.998E-05 0.9997 9.998E-05
0.602851 0.0692893 0.32776 9.99911E-05
0.20384 0.45341 0.342651 9.99911E-05
0.188154 0.424104 9.9991E-05 0.387642
0.503341 0.166321 0.125737 0.204601
0.0693968 0.748605 9.99911E-05 0.181898
9.99911E-05 0.390519 0.0321519 0.577229
9.99821E-05 0.337193 9.99821E-05 0.662607
9.99911E-05 0.184476 0.437408 0.378016
0.264583 9.99911E-05 0.459129 0.276188
9.9991E-05 0.142304 0.22938 0.628216
9.99821E-05 9.99821E-05 0.699204 0.300596
9.9991E-05 0.0484847 0.052143 0.899272
9.99821E-05 0.0412196 0.95858 9.99821E-05
0.527845 0.150289 9.99911E-05 0.321766
0.322726 0.182317 9.9991E-05 0.494857
0.454697 9.99911E-05 0.0318346 0.513368
9.99821E-05 9.99821E-05 0.538559 0.461241
9.9982E-05 0.537355 9.9982E-05 0.462445
0.359562 0.14636 0.468422 0.0256564
9.99911E-05 0.783927 0.180213 0.0357593
9.9991E-05 0.390915 0.0334734 0.575512
0.079039 0.772912 9.99911E-05 0.147949
0.421201 0.225974 0.164907 0.187918
0.467753 0.353405 9.9991E-05 0.178743
0.66452 9.99911E-05 0.271902 0.0634785
0.0455131 0.393439 9.9991E-05 0.560948
9.99911E-05 0.449534 0.289052 0.261315
0.219402 0.468113 0.257136 0.0553494
0.948133 0.0516667 9.99822E-05 9.99822E-05
0.175225 0.541504 0.0862946 0.196976
0.587744 0.294995 9.99911E-05 0.117161
0.49189 0.214724 9.9991E-05 0.293286
0.469216 0.378022 0.0651856 0.0875764
9.99822E-05 0.88958 9.99822E-05 0.11022
9.99821E-05 0.225197 9.99821E-05 0.774603
9.99911E-05 0.378165 0.161931 0.459803
0.524374 0.0903761 9.99911E-05 0.38515
9.9991E-05 0.0952743 0.109558 0.795067
0.0114826 0.55463 0.0901585 0.343728
0.350028 0.421087 0.228785 9.99911E-05
0.69625 0.0371819 0.148778 0.117791
0.641366 0.191913 0.166622 9.99911E-05
0.102689 0.151954 0.745256 9.9991E-05
0.0361414 0.0620915 0.242761 0.659006
0.395807 0.603993 9.99821E-05 9.99821E-05
0.115632 0.398953 0.17459 0.310825
9.99911E-05 0.711068 0.0277984 0.261034
0.570833 0.175598 9.99911E-05 0.253469
0.31515 0.0991282 0.0494875 0.536234
0.689827 0.0404525 9.99911E-05 0.26962
9.99821E-05 0.203411 9.99821E-05 0.796389
0.531976 0.012669 0.0487769 0.406578
9.99821E-05 0.973403 0.0263968 9.99821E-05
0.312988 0.658016 9.99911E-05 0.0288959
9.99911E-05 0.580878 0.220712 0.198309
0.256329 0.264196 0.136181 0.343295
9.998E-05 9.998E-05 9.998E-05 0.9997
0.279761 0.168386 0.328909 0.222944
0.302819 0.689311 9.99911E-05 0.00777023
0.409027 0.00832685 0.0184761 0.56417
0.0938413 0.409316 9.99911E-05 0.496743
0.674377 0.0821414 9.99911E-05 0.243382
0.868889 9.99822E-05 9.99822E-05 0.130911
0.37874 0.394809 0.15922 0.0672306
0.139893 0.292873 9.9991E-05 0.567134
9.998E-05 9.998E-05 9.998E-05 0.9997
0.0504542 0.810956 9.99911E-05 0.13849
0.235924 0.3812 0.20358 0.179297
9.99821E-05 9.99821E-05 0.207261 0.792539
0.0254147 0.199187 9.9991E-05 0.775298
0.523915 0.203435 9.9991E-05 0.272551
0.0805418 0.601374 0.0961095 0.221975
0.25639 9.99911E-05 0.110427 0.633084
0.0541344 0.0213245 9.99911E-05 0.924441
0.364199 9.99911E-05 0.339053 0.296648
9.998E-05 0.9997 9.998E-05 9.998E-05
0.235468 0.402316 0.103286 0.258929
0.852982 9.99911E-05 0.0103191 0.136599
0.286393 0.713407 9.99821E-05 9.99821E-05
0.411543 0.563438 0.0249195 9.99911E-05
0.112703 0.680413 0.0641495 0.142735
0.0263774 0.154464 0.144728 0.674431
9.99911E-05 0.632472 0.159854 0.207574
0.345779 9.99822E-05 9.99822E-05 0.654021
0.27432 0.337269 9.9991E-05 0.388311
0.019438 0.279083 0.174893 0.526585
9.9982E-05 0.848695 0.151105 9.9982E-05
