0.796901 0.0337407 0.0970457 0.0142064 9.9982E-05 9.9982E-05 0.0579058
0.124521 0.0632226 0.14794 0.523873 9.9982E-05 0.140242 9.9982E-05
0.146065 0.0229532 0.110487 0.275763 0.070188 0.137825 0.236719
0.203857 0.137134 0.00670789 0.4657 0.105586 0.0809144 9.9991E-05
9.9982E-05 0.0938412 0.173664 0.570271 0.0613486 0.100675 9.9982E-05
9.999E-05 0.0855635 0.143013 0.5315 0.017271 0.00208164 0.220471
0.355152 0.0342137 9.9991E-05 0.361831 0.0915934 0.0293229 0.127787
0.445393 9.9991E-05 0.163567 0.218887 0.0637915 0.0613944 0.046867
0.129903 9.9982E-05 0.0330793 0.246202 9.9982E-05 0.0627799 0.527836
0.227106 0.181249 9.9982E-05 9.9982E-05 0.129016 0.0883732 0.374056
0.022361 0.0714934 0.0565135 0.0877845 0.0807892 9.9991E-05 0.680958
0.0964222 9.9982E-05 9.9982E-05 0.0586477 0.179021 0.0135277 0.652181
9.9973E-05 0.0109611 9.9973E-05 0.615574 0.178731 0.194434 9.9973E-05
0.337635 0.125117 0.169197 0.172016 0.0797501 0.116184 9.9991E-05
0.0239223 0.0363034 0.715487 0.0403541 0.0883255 9.9991E-05 0.0955075
0.123513 0.0611799 0.426217 0.000699297 0.194902 0.0873217 0.106168
9.99639E-05 0.149831 0.788134 9.99639E-05 9.99639E-05 0.0616351 9.99639E-05
0.275232 0.0554772 0.12564 0.103671 0.221635 0.168125 0.0502188
0.177101 9.9982E-05 0.0404339 0.384689 0.105638 9.9982E-05 0.291938
0.12946 0.0185681 9.9991E-05 0.378073 0.0948783 0.158886 0.220034
0.253097 0.0632594 0.031972 0.35772 0.0826212 9.9991E-05 0.211231
0.209994 0.00340868 0.11879 0.376344 0.100902 0.0190654 0.171496
0.030854 0.0585646 0.123444 0.294478 0.192549 0.0272183 0.272892
0.13286 0.00396679 0.16013 0.481193 9.9982E-05 0.22165 9.9982E-05
9.9964E-05 0.152982 9.9964E-05 9.9964E-05 0.0769132 9.9964E-05 0.769705
0.415036 0.112241 0.313109 0.0685908 0.00947086 0.081453 9.9991E-05
0.13908 0.10164 0.176973 0.0488754 0.115682 0.12024 0.29751
0.231319 0.0926013 0.113556 0.324099 0.00970405 0.186504 0.0422166
0.095298 0.0996065 0.0512199 0.348352 0.0309076 0.180066 0.19455
9.99729E-05 9.99729E-05 0.157752 0.242887 0.0363849 0.562676 9.99729E-05
9.999E-05 0.120315 0.135087 0.221452 0.0159766 0.0370387 0.470031
0.182941 0.0277029 9.9982E-05 9.9982E-05 0.0437051 0.0227664 0.722684
0.035986 9.9982E-05 0.221032 0.550093 0.137637 0.055052 9.9982E-05
0.0811207 0.0450401 0.186509 0.5633 0.0894738 9.9991E-05 0.0344566
0.137815 0.187204 0.191515 0.287531 0.140394 0.0554411 9.9991E-05
0.903154 9.9955E-05 9.9955E-05 9.9955E-05 0.0963464 9.9955E-05 9.9955E-05
0.224033 0.131424 9.9973E-05 0.637524 0.00671788 9.9973E-05 9.9973E-05
0.381069 0.175853 9.9982E-05 9.9982E-05 0.0106662 0.15165 0.280561
9.999E-05 0.152001 0.0799072 0.411945 0.110128 0.0942388 0.15168
0.120117 0.0761973 0.215822 0.232562 0.106733 9.9991E-05 0.248469
9.9991E-05 0.0527368 0.0588559 0.508967 0.0712776 0.0897069 0.218356
0.14523 0.175202 0.192815 0.35846 0.0639835 0.0642092 9.9991E-05
0.248056 0.150809 0.115655 0.328613 0.0634325 0.0787886 0.0146455
0.362372 9.9973E-05 9.9973E-05 0.196758 9.9973E-05 0.172401 0.268169
0.24241 9.9973E-05 9.9973E-05 9.9973E-05 0.114161 0.0325845 0.610545
0.255991 0.158388 9.9982E-05 0.238254 0.0894453 9.9982E-05 0.257721
0.0585482 9.9991E-05 0.0159231 0.454543 0.127915 0.17153 0.171441
9.999E-05 0.0306974 0.0661089 0.545448 0.0687769 0.0243384 0.264531
9.9991E-05 0.0299798 0.0884584 0.277424 0.102435 0.0638285 0.437774
0.142239 9.9991E-05 0.293954 0.0509529 0.0834204 0.178131 0.251202
0.219155 0.0456212 0.166678 0.0345628 0.166922 0.170091 0.196969
0.189278 0.108119 0.194129 0.191752 0.0938744 0.0462191 0.176628
0.122988 0.0755701 0.592967 0.0982826 0.0760323 9.9991E-05 0.03406
0.117971 0.169735 0.153549 0.175045 0.0908776 0.0962428 0.19658
9.9973E-05 9.9973E-05 0.132372 0.180789 9.9973E-05 0.125864 0.560676
0.140543 0.0929207 0.0255177 0.456408 0.140084 0.0776086 0.0669177
0.0194529 0.0810242 0.020165 9.9982E-05 9.9982E-05 0.1876 0.691557
0.0493453 0.0484476 9.9991E-05 0.310264 0.0688236 0.132591 0.390429
9.9991E-05 0.0698102 0.244907 0.153014 0.00476814 0.0014175 0.525982
0.255933 0.0887772 0.0963189 0.00997535 0.0863322 0.00362989 0.459033
9.9964E-05 9.9964E-05 9.9964E-05 0.873315 0.0625854 0.0636994 9.9964E-05
0.119618 0.162478 0.144816 0.299829 0.193457 0.0580488 0.0217528
0.0189789 0.00938038 0.298835 0.31548 0.0932387 0.0506281 0.213459
0.0418816 0.0135718 9.9973E-05 9.9973E-05 0.10533 0.838916 9.9973E-05
0.436391 0.169163 0.205925 0.140269 9.9991E-05 0.014421 0.0337314
0.964172 0.0244898 0.010938 9.9964E-05 9.9964E-05 9.9964E-05 9.9964E-05
0.393025 0.0934028 9.9982E-05 0.357322 0.118918 9.9982E-05 0.0371326
9.9982E-05 9.9982E-05 0.0500097 0.545383 0.0964724 0.121918 0.186017
0.299678 9.9982E-05 9.9982E-05 0.52531 0.0558266 0.0976976 0.0212877
0.0470247 0.0314317 0.295656 0.128511 0.100587 0.246719 0.15007
9.9982E-05 0.148874 9.9982E-05 0.357239 0.00148018 0.101859 0.390349
0.434824 9.9973E-05 0.389147 9.9973E-05 0.152094 9.9973E-05 0.0236348
0.126414 9.9991E-05 0.0539886 0.303478 0.234292 0.084255 0.197473
9.9973E-05 0.0540592 0.313548 0.186963 9.9973E-05 9.9973E-05 0.44513
0.194789 0.124688 0.289328 0.0758733 9.9991E-05 0.157714 0.157507
9.9982E-05 0.047083 0.380266 9.9982E-05 0.0461598 0.0422284 0.484062
0.125083 0.0206371 9.9982E-05 0.467335 0.184362 9.9982E-05 0.202382
9.9973E-05 0.0478692 9.9973E-05 0.796197 0.104158 0.0514761 9.9973E-05
9.9964E-05 9.9964E-05 9.9964E-05 0.92625 0.00943967 9.9964E-05 0.063911
9.9973E-05 9.9973E-05 0.0660454 0.765442 0.104496 0.0637166 9.9973E-05
0.234268 0.019889 0.124764 0.429699 0.112268 0.0310611 0.0480514
0.0583507 0.0591113 0.0924041 0.443833 0.104447 0.0483124 0.193542
0.0615677 0.112336 0.00612915 0.233886 0.0213365 0.198862 0.365884
9.9991E-05 0.109606 0.389639 0.120492 0.126275 0.0683135 0.185575
0.166278 9.9991E-05 0.0320014 0.651204 0.087213 0.010671 0.0525334
0.365034 0.0618589 9.9982E-05 0.214752 0.0529699 9.9982E-05 0.305185
0.738506 9.9982E-05 0.0724581 0.108456 0.0678527 0.0125272 9.9982E-05
9.9982E-05 0.0893874 0.0153605 0.20299 0.202365 9.9982E-05 0.489696
0.293118 0.0869871 0.225759 0.0846789 0.107717 0.158824 0.0429167
0.213543 9.9973E-05 9.9973E-05 0.0690633 0.0538084 9.9973E-05 0.663286
9.9955E-05 0.00960688 9.9955E-05 9.9955E-05 9.9955E-05 0.989893 9.9955E-05
9.9991E-05 0.123013 0.111633 0.289118 0.0674624 0.00117387 0.4075
9.9991E-05 0.0333306 0.0561034 0.647093 0.160875 0.0136213 0.0888768
0.144237 9.9991E-05 0.439319 0.145367 0.0739168 0.0598788 0.137182
0.0577045 0.113846 0.000234592 0.783283 0.044732 9.9982E-05 9.9982E-05
0.210927 0.0565735 0.0212012 0.402417 0.0340969 0.164646 0.110138
0.321313 0.0819103 0.171188 0.108875 9.9991E-05 0.0475589 0.269054
0.0140784 0.121009 9.9982E-05 0.467319 0.0375481 9.9982E-05 0.359846
0.0483459 9.9982E-05 9.9982E-05 0.00779589 0.169369 0.513799 0.26049
9.9973E-05 9.9973E-05 0.143642 0.205019 9.9973E-05 0.362749 0.28829
0.0827652 0.0409773 9.9991E-05 0.267835 0.150956 0.101699 0.355667
9.995E-05 9.995E-05 9.995E-05 9.995E-05 9.995E-05 0.9994 9.995E-05
9.9991E-05 0.129191 0.219136 0.31611 0.0692123 0.0843056 0.181945
9.995E-05 0.9994 9.995E-05 9.995E-05 9.995E-05 9.995E-05 9.995E-05
0.224895 0.127506 0.379138 9.9982E-05 0.0390021 9.9982E-05 0.229259
0.259714 0.0297454 0.407408 0.0786424 0.0285196 9.9991E-05 0.195871
0.186588 9.9982E-05 0.291457 0.382892 9.9982E-05 0.0218753 0.116987
0.151569 0.102336 0.0565836 0.315464 0.074444 0.0274562 0.272148
0.0419655 0.0628744 0.242263 0.321102 0.109216 0.0590012 0.163578
0.166925 9.9982E-05 9.9982E-05 0.394909 0.101311 0.0707826 0.265873
0.0484763 0.143648 0.107992 0.523202 0.0348586 0.0220202 0.119802
9.9982E-05 0.0644227 9.9982E-05 0.0741891 0.209364 0.153063 0.498762
0.0116324 0.110898 0.282797 0.296785 0.0646768 0.00462646 0.228585
9.9982E-05 0.0485502 9.9982E-05 0.269141 0.0586627 0.49315 0.130296
0.159823 9.9991E-05 0.12483 0.487533 0.00831547 0.0630125 0.156386
9.995E-05 9.995E-05 9.995E-05 9.995E-05 9.995E-05 0.9994 9.995E-05
0.210046 0.261155 0.187882 0.0745982 9.9982E-05 9.9982E-05 0.266119
0.601734 0.00646822 0.118889 0.153984 0.113946 0.00487755 9.9991E-05
9.9982E-05 0.022041 9.9982E-05 0.746939 0.0036899 0.0822622 0.144868
0.316636 0.145554 9.9982E-05 9.9982E-05 0.197313 0.0145038 0.325794
0.242464 0.107056 0.108039 0.441065 0.101176 9.9982E-05 9.9982E-05
9.9973E-05 0.0319554 9.9973E-05 0.348104 0.152149 0.467491 9.9973E-05
0.0348895 0.0237321 0.0111892 0.464758 0.0775426 0.219327 0.168561
9.9982E-05 0.11996 0.490794 0.211751 0.0100451 9.9982E-05 0.16725
0.0122299 9.9982E-05 9.9982E-05 0.23104 0.157771 0.126675 0.472084
9.99731E-05 9.99731E-05 0.597493 0.271421 0.0483831 9.99731E-05 0.0824033
0.0441345 9.9973E-05 0.13625 9.9973E-05 0.113015 9.9973E-05 0.7063
9.9982E-05 0.0476382 9.9982E-05 0.389154 0.1085 0.165944 0.288564
0.0769787 9.9982E-05 0.0174258 0.435735 0.0807096 9.9982E-05 0.388951
0.327318 0.137915 0.0452813 9.9991E-05 0.0312271 0.12708 0.331079
0.739175 9.9973E-05 9.9973E-05 0.188954 0.0438317 0.0277392 9.9973E-05
0.0193839 0.0592193 9.9991E-05 0.65687 0.152 0.0724195 0.0400073
0.0427137 0.0307125 0.0902851 0.48115 0.0276559 0.264428 0.0630548
9.9982E-05 9.9982E-05 0.256684 0.313562 0.135806 0.131891 0.161858
0.210633 0.0782863 9.9982E-05 0.297346 0.00952841 9.9982E-05 0.404007
0.0097652 0.101189 9.9991E-05 0.158042 0.153673 0.00514222 0.572088
9.9955E-05 9.9955E-05 0.994362 9.9955E-05 9.9955E-05 9.9955E-05 0.0051383
9.9955E-05 9.9955E-05 0.973625 9.9955E-05 0.0258756 9.9955E-05 9.9955E-05
0.272836 9.9991E-05 0.104898 0.155702 0.0767974 0.0233845 0.366282
0.0594327 0.118234 9.9991E-05 0.693839 0.0498973 0.0673118 0.0111852
0.19046 0.0620541 9.9991E-05 0.469495 0.139529 0.027773 0.110589
9.9982E-05 0.114941 0.167115 0.123593 0.105667 9.9982E-05 0.488483
9.9973E-05 0.121345 9.9973E-05 0.447389 9.9973E-05 0.196404 0.234562
0.301386 0.00718033 9.9991E-05 0.115027 0.0725313 0.0234673 0.480308
9.9982E-05 0.0576935 0.16582 0.722033 0.0457164 0.00853682 9.9982E-05
0.184402 0.00185081 9.9982E-05 0.336134 0.0785297 0.398883 9.9982E-05
0.0606922 0.0454735 0.121819 0.560525 0.0473694 9.9991E-05 0.164022
9.995E-05 9.995E-05 9.995E-05 9.995E-05 0.9994 9.995E-05 9.995E-05
0.612406 0.112334 9.9973E-05 0.234493 0.0404671 9.9973E-05 9.9973E-05
0.224953 0.298877 9.9973E-05 0.418937 0.0569321 9.9973E-05 9.9973E-05
0.0408187 0.0221628 0.0184213 0.268075 0.12042 9.9991E-05 0.530002
9.9982E-05 0.140842 0.14045 0.463547 0.125101 9.9982E-05 0.129859
0.197922 0.0170493 9.9991E-05 0.141137 0.231342 0.165719 0.246731
0.0315889 9.9991E-05 0.232233 0.262483 0.0991689 0.124612 0.249814
0.125294 9.9991E-05 0.0885386 0.225818 0.117145 0.0323825 0.410722
0.148367 0.0779264 0.359054 0.0341404 0.117759 0.262652 9.9991E-05
0.158415 9.9973E-05 9.9973E-05 0.389463 0.111942 9.9973E-05 0.33988
0.198163 0.0291529 0.0951562 0.266658 0.152886 0.111386 0.146598
0.816881 9.9964E-05 9.9964E-05 0.0271723 9.9964E-05 0.155547 9.9964E-05
0.210141 0.00889427 0.17018 0.327587 0.0265813 0.0990291 0.157587
0.233124 0.0975456 9.9991E-05 0.412815 0.0571992 0.0176915 0.181524
9.995E-05 9.995E-05 9.995E-05 9.995E-05 0.9994 9.995E-05 9.995E-05
0.0415223 0.0551931 0.269217 0.198344 0.435523 9.9982E-05 9.9982E-05
0.101264 0.118298 0.242822 0.440691 0.0206965 0.018599 0.0576305
0.195289 0.0347729 0.0241734 0.242963 0.0658545 0.0621302 0.374818
0.871097 0.00724955 9.9973E-05 9.9973E-05 0.0996855 0.0216675 9.9973E-05
0.18583 9.9982E-05 0.160766 0.349716 0.0683727 9.9982E-05 0.235115
0.0811258 0.142882 0.135949 0.370425 0.0591894 9.9991E-05 0.210329
9.9955E-05 9.9955E-05 0.985712 9.9955E-05 0.0137885 9.9955E-05 9.9955E-05
0.266962 9.9982E-05 0.116115 0.306497 0.150529 0.159697 9.9982E-05
0.000207758 9.9982E-05 0.0946786 0.201006 9.9982E-05 0.186315 0.517593
9.9991E-05 0.175109 0.233418 0.227003 0.048172 0.0679451 0.248254
0.264718 0.111228 0.104576 0.255562 0.132609 0.0361509 0.0951562
0.0427071 0.0501576 0.416068 0.110928 0.0468338 9.9991E-05 0.333206
0.321106 9.9982E-05 0.0964272 0.274771 0.126554 9.9982E-05 0.180941
9.9973E-05 0.149659 0.0648641 0.555948 9.9973E-05 9.9973E-05 0.22923
0.0499889 9.9982E-05 0.119218 0.43847 0.124857 9.9982E-05 0.267266
0.261117 0.145697 0.35538 9.9973E-05 9.9973E-05 9.9973E-05 0.237506
9.99549E-05 0.964825 9.99549E-05 9.99549E-05 9.99549E-05 0.034675 9.99549E-05
9.9982E-05 0.0331976 0.119888 0.254117 9.9982E-05 0.135413 0.457184
9.9973E-05 0.0570314 0.729638 9.9973E-05 0.068841 0.14419 9.9973E-05
0.223536 0.020786 0.145411 0.137235 0.122699 0.134537 0.215795
0.295227 9.9991E-05 0.143312 0.20669 0.0698459 0.0144689 0.270356
0.328561 9.9982E-05 9.9982E-05 0.18881 0.0204307 0.25778 0.204219
0.31325 0.0851043 0.138473 0.205889 0.0631832 0.126838 0.0672633
9.995E-05 0.9994 9.995E-05 9.995E-05 9.995E-05 9.995E-05 9.995E-05
9.9982E-05 9.9982E-05 0.0968616 0.633826 0.138157 0.0578237 0.0731324
0.348071 0.221309 0.199127 9.9991E-05 0.105181 0.0907765 0.0354351
0.0740017 0.0139219 0.0946483 0.702672 0.0666683 0.0479876 9.9991E-05
0.289313 9.9982E-05 0.304032 9.9982E-05 0.0248116 0.161088 0.220555
