0.844012 0.0133175 9.9973E-05 9.9973E-05 0.00553022 9.9973E-05 0.13684
0.159713 0.15298 9.9982E-05 0.157464 9.9982E-05 0.249412 0.280231
0.136322 0.115107 0.0812992 0.120719 9.9991E-05 0.185859 0.360593
0.190044 0.0219357 0.0681573 0.0630097 0.0993427 0.557411 9.9991E-05
0.149093 9.9991E-05 0.0758209 0.121213 0.0435843 0.588926 0.0212633
9.9982E-05 0.0847209 0.0310035 9.9982E-05 0.155338 0.666294 0.0624439
0.278742 0.0273647 0.14898 9.9991E-05 0.0354008 0.179541 0.329872
0.253737 0.322931 0.0677196 0.00728435 0.0898109 0.0834263 0.175091
0.0419445 9.9991E-05 0.062935 0.0552539 0.10126 0.25633 0.482177
0.0741631 9.9982E-05 0.0981745 0.144866 0.158703 9.9982E-05 0.523894
9.9982E-05 0.227669 0.156328 9.9982E-05 0.224009 0.0173978 0.374396
0.0477742 9.9982E-05 0.0652789 0.110431 9.9982E-05 0.000824755 0.775492
0.170011 0.0642195 0.140345 0.0804363 0.0552911 0.168691 0.321006
0.284927 0.113466 0.0728869 0.0990767 0.15008 0.143398 0.136165
0.0477148 0.446381 0.178617 9.9991E-05 0.0631967 0.123922 0.140069
0.119347 0.402051 0.156751 0.0865599 0.0804827 0.154708 9.9991E-05
0.0425492 0.126709 0.0778902 0.091301 0.146522 0.514929 9.9991E-05
0.330517 0.210751 0.186384 0.170429 0.0162787 0.0489577 0.0366823
0.0922036 0.0794572 0.141526 0.0127714 9.9991E-05 0.416104 0.257838
0.148461 0.0766667 0.129181 0.114878 0.00910846 0.154524 0.367181
0.330349 0.021542 0.126528 9.9991E-05 0.0954541 0.280061 0.145967
0.337716 0.14546 0.0654174 9.9991E-05 0.129125 0.116846 0.205335
0.14008 0.170312 0.190671 9.9982E-05 9.9982E-05 0.304672 0.194065
0.144855 9.9973E-05 0.00297769 0.158702 9.9973E-05 0.693165 9.9973E-05
0.0223928 9.9973E-05 0.181216 9.9973E-05 0.266524 9.9973E-05 0.529567
0.472403 0.00534939 0.0302924 0.0512772 0.0244936 0.410016 0.0061682
0.142043 0.356454 0.0920823 0.07998 0.132619 0.0100052 0.186816
0.382163 0.239077 0.0828007 0.113176 0.0656443 0.0208582 0.0962806
0.14875 0.103996 0.0445209 0.12086 0.0344587 0.315059 0.232355
9.9982E-05 0.133242 0.0273662 0.481037 0.0188984 0.339257 9.9982E-05
9.999E-05 0.152181 0.0729318 0.063769 0.0863844 0.237905 0.386729
9.9955E-05 9.9955E-05 0.0372587 9.9955E-05 9.9955E-05 9.9955E-05 0.962242
0.101828 0.0692031 0.150888 0.121006 9.9982E-05 0.556874 9.9982E-05
0.0145528 0.241328 0.156458 9.9991E-05 0.124448 0.271738 0.191376
0.259756 9.9982E-05 0.125913 9.9982E-05 0.189572 0.302149 0.12241
0.922556 9.9955E-05 0.0769447 9.9955E-05 9.9955E-05 9.9955E-05 9.9955E-05
0.247242 9.9964E-05 9.9964E-05 9.9964E-05 0.237603 0.514755 9.9964E-05
0.438367 0.0751926 9.9982E-05 0.0849904 0.218725 9.9982E-05 0.182525
9.999E-05 0.0485975 0.103855 0.115267 0.0684626 0.539218 0.1245
9.999E-05 0.298986 0.136612 0.0407476 0.0720296 0.283163 0.168361
0.184252 0.267916 0.0446816 0.0975438 0.105175 0.0437059 0.256725
0.197355 0.0949816 0.0882269 0.0526751 0.0475916 0.395435 0.123736
0.318741 0.251796 0.0124727 0.0124936 0.136954 0.175501 0.0920419
0.405207 0.0650386 9.9991E-05 0.0550599 0.0311151 0.0553866 0.388093
0.210108 0.0715519 0.106169 9.9973E-05 9.9973E-05 9.9973E-05 0.611871
0.0326891 9.9982E-05 0.0675531 9.9982E-05 0.257336 0.23869 0.403532
0.201554 9.9982E-05 0.106713 0.0184412 9.9982E-05 0.548997 0.124095
9.9982E-05 0.132917 0.0355543 0.0416783 9.9982E-05 0.66773 0.12192
0.000520489 0.36239 0.153305 0.154256 0.0198703 9.9991E-05 0.309559
0.0362116 0.24289 0.0662968 0.175705 9.9991E-05 0.368103 0.110695
0.23086 0.0558679 0.155713 0.111103 0.154959 0.122831 0.168667
0.00199574 0.210939 0.143529 0.0839954 9.9991E-05 0.411318 0.148123
9.9991E-05 0.574666 0.0346608 0.0677948 0.0468094 0.158245 0.117724
0.042219 0.320165 0.0484499 0.0858067 0.156201 0.220747 0.126411
9.9964E-05 0.380543 9.9964E-05 0.256342 9.9964E-05 9.9964E-05 0.362715
0.136897 0.0399442 0.105341 9.9991E-05 0.00596419 0.389374 0.322379
0.0939897 0.121047 9.9991E-05 0.0963485 0.00878221 0.148443 0.53129
0.308997 9.9991E-05 0.0263171 0.147701 0.0854567 0.183124 0.248304
0.0789781 0.255203 0.108413 0.0404986 0.122711 0.333664 0.0605327
0.194738 0.0716289 0.101828 9.9991E-05 0.145193 0.0674936 0.419018
0.0508411 9.9973E-05 9.9973E-05 0.00997912 0.0673249 0.871555 9.9973E-05
0.128275 0.0532464 0.213207 0.0294338 0.0575804 0.482145 0.0361124
0.0631067 0.0168469 0.118586 0.0309763 9.9991E-05 0.453821 0.316563
0.00679206 9.9964E-05 0.13513 0.857678 9.9964E-05 9.9964E-05 9.9964E-05
0.257626 0.058885 9.9973E-05 9.9973E-05 0.147752 0.535436 9.9973E-05
0.904102 9.9955E-05 9.9955E-05 9.9955E-05 9.9955E-05 0.0953979 9.9955E-05
0.352271 0.0533791 0.0985055 9.9991E-05 0.155486 0.133468 0.20679
9.9991E-05 0.110775 0.105444 0.0987542 0.032743 0.263567 0.388616
0.442811 9.9982E-05 0.0281788 0.117554 9.9982E-05 0.36733 0.043927
0.0631028 0.249893 0.110293 0.126128 0.0867229 0.363761 9.9991E-05
9.9991E-05 0.0661579 0.0191744 0.1262 0.162133 0.171222 0.455013
0.243045 0.247563 0.177973 0.0639241 0.0775317 0.164439 0.025525
0.199239 0.162184 0.169325 0.124454 0.0625088 0.105841 0.176449
9.9991E-05 0.268966 0.0652708 0.0852249 0.050353 0.332905 0.19718
0.114914 0.175948 0.0392005 0.104587 0.163876 9.9991E-05 0.401374
9.9982E-05 0.389326 0.0408314 9.9982E-05 0.135172 0.145203 0.289267
0.0146805 0.024342 0.187016 0.0473832 0.0316643 0.374262 0.320652
9.9973E-05 0.0852379 0.0588134 9.9973E-05 0.109967 0.745682 9.9973E-05
9.9964E-05 0.00395013 9.9964E-05 9.9964E-05 0.0161975 0.979453 9.9964E-05
0.0114295 0.02398 0.0853118 0.0675993 0.0557288 0.713244 0.0427062
0.177096 0.18174 0.0909387 9.9991E-05 0.0745218 0.28829 0.187314
0.123099 9.9991E-05 0.094279 0.052606 0.0635309 0.562092 0.104294
0.0508508 0.0549944 0.037099 0.193063 0.0799212 0.129732 0.45434
9.9991E-05 0.20475 0.0940223 0.0418627 0.03741 0.553015 0.0688399
0.107248 9.9991E-05 0.124413 0.0768922 0.0724844 0.477768 0.141095
0.251445 0.167292 0.025696 9.9982E-05 0.134717 9.9982E-05 0.42065
0.684197 9.9964E-05 0.0452704 9.9964E-05 9.9964E-05 0.270133 9.9964E-05
9.99731E-05 9.99731E-05 0.113861 9.99731E-05 0.133999 0.20383 0.54801
0.368503 0.207383 0.0967174 0.195436 0.112305 0.0195557 9.9991E-05
0.235588 0.0214786 0.189858 9.9982E-05 0.000477315 9.9982E-05 0.552398
9.9955E-05 9.9955E-05 9.9955E-05 0.985422 0.0140781 9.9955E-05 9.9955E-05
0.136754 0.0517675 0.102899 0.0623191 0.107599 0.0365319 0.502129
0.193456 9.9991E-05 0.151072 0.0016794 0.0751156 0.522893 0.0556837
0.177095 0.374105 0.0834294 0.0699123 9.9991E-05 0.10455 0.190809
0.154813 9.9973E-05 0.0643507 9.9973E-05 0.190335 0.590201 9.9973E-05
0.158199 0.0348554 9.9991E-05 0.0421995 0.0685833 0.619284 0.0767791
0.230496 0.183918 9.9991E-05 0.053444 0.0760534 0.100515 0.355474
9.9991E-05 0.0266477 0.0706453 0.004895 0.0714985 0.378362 0.447852
0.203209 9.9982E-05 0.172893 0.319245 9.9982E-05 0.169853 0.1346
0.124712 0.133679 9.9973E-05 0.341932 9.9973E-05 0.399378 9.9973E-05
0.243164 9.9991E-05 0.111387 0.156174 0.0528878 0.192214 0.244073
9.995E-05 9.995E-05 9.995E-05 0.9994 9.995E-05 9.995E-05 9.995E-05
0.0195399 0.175783 0.0836107 0.0737462 0.230611 0.322304 0.0944053
0.000173597 9.99549E-05 9.99549E-05 9.99549E-05 0.999327 9.99549E-05 9.99549E-05
0.342775 0.377419 0.0462104 0.0341618 0.0705646 0.0699469 0.0589225
0.0975176 0.319074 9.9973E-05 9.9973E-05 9.9973E-05 0.208371 0.374737
0.118871 0.236903 0.0314902 0.0470573 0.0134427 0.172821 0.379415
0.262787 0.0515373 0.0388712 0.120569 0.107884 0.353379 0.0649724
9.9991E-05 0.270095 0.0380699 0.172615 0.0413728 0.131649 0.346099
0.354123 0.153786 0.0387715 0.094825 9.9991E-05 0.150236 0.208158
0.208172 0.0424491 0.0369712 0.000660871 0.125205 0.446349 0.140194
9.9973E-05 9.9973E-05 0.166981 0.124958 9.9973E-05 0.0723906 0.635371
9.99987E-05 0.22283 0.0281287 0.103068 0.109738 0.410649 0.125486
0.0773234 9.9991E-05 0.139991 0.440005 0.0155713 0.298305 0.0287039
0.342653 0.0866912 0.0441955 9.9982E-05 0.136914 0.389346 9.9982E-05
9.995E-05 9.995E-05 9.995E-05 0.9994 9.995E-05 9.995E-05 9.995E-05
0.20218 0.112771 9.9982E-05 9.9982E-05 0.251466 0.17195 0.261433
0.571101 0.137567 0.0923623 9.9982E-05 9.9982E-05 0.182768 0.0160025
9.9973E-05 9.9973E-05 0.0437208 0.0699459 9.9973E-05 0.497769 0.388265
0.273373 9.9982E-05 0.0824833 0.003738 0.0309048 9.9982E-05 0.609301
0.283865 0.013306 0.0990293 0.0275527 0.078401 0.372304 0.125542
0.186669 9.9982E-05 0.105172 0.308992 0.0415225 0.357444 9.9982E-05
9.9991E-05 0.00626203 0.142913 0.115519 0.0475384 0.361943 0.325725
9.9982E-05 0.2076 0.0519427 9.9982E-05 0.0636149 0.478057 0.198585
9.9982E-05 0.0386712 0.112639 0.228942 9.9982E-05 0.114064 0.505484
9.99641E-05 0.0521206 0.035875 9.99641E-05 9.99641E-05 0.911605 9.99641E-05
0.068217 0.153845 0.162456 9.9982E-05 9.9982E-05 0.0155382 0.599744
0.000594473 0.0541617 0.0769537 0.242004 0.0401952 0.231406 0.354685
0.0425054 0.0303775 0.0499536 9.9991E-05 0.0235097 0.311574 0.54198
0.323941 0.157722 0.0492108 0.174091 0.0907965 9.9991E-05 0.204139
0.583166 9.9973E-05 0.0940081 9.9973E-05 9.9973E-05 0.109762 0.212764
0.0979106 9.9973E-05 0.182949 9.9973E-05 0.0461452 0.672696 9.9973E-05
0.0306517 9.9973E-05 9.9973E-05 0.257178 9.9973E-05 0.460424 0.251447
9.9991E-05 0.287922 0.14692 0.12445 0.0264383 0.233381 0.180789
0.166494 9.9982E-05 0.0219784 9.9982E-05 0.101179 0.349905 0.360245
9.9991E-05 0.0375788 0.179203 0.0592484 0.0691299 0.204642 0.450098
9.995E-05 0.9994 9.995E-05 9.995E-05 9.995E-05 9.995E-05 9.995E-05
9.995E-05 0.9994 9.995E-05 9.995E-05 9.995E-05 9.995E-05 9.995E-05
0.18498 0.157005 0.0881951 0.0442397 9.9991E-05 0.0369567 0.488524
0.0340833 9.9991E-05 0.0817988 0.0619229 0.115949 0.679344 0.0268015
9.9982E-05 9.9982E-05 0.102958 0.074069 0.153439 0.296551 0.372783
9.9991E-05 0.25617 0.0783261 0.013674 0.113344 0.180923 0.357462
9.9982E-05 9.9982E-05 0.0179151 0.18473 0.0695719 0.41535 0.312233
0.175491 0.0538371 0.0634722 0.0788184 0.0543358 9.9991E-05 0.573945
0.0265923 0.185644 0.1095 0.0616971 0.0943633 0.522104 9.9991E-05
0.210047 9.9982E-05 0.250643 0.285148 0.0390244 0.214938 9.9982E-05
0.134343 0.161775 0.119634 0.00414297 0.108194 0.26633 0.20558
9.995E-05 9.995E-05 0.9994 9.995E-05 9.995E-05 9.995E-05 9.995E-05
0.601683 0.0783189 0.0663342 9.9991E-05 0.142565 0.0505647 0.0604343
0.254203 0.0351757 0.0460338 9.9982E-05 0.204256 0.460132 9.9982E-05
9.9982E-05 9.9982E-05 0.0644066 0.0760926 0.0643422 0.242241 0.552718
0.0406207 0.0670354 0.0601985 0.027656 0.180125 0.604108 0.0202558
0.0690242 0.091868 0.163114 0.108242 0.10079 0.178709 0.288253
9.9982E-05 0.398238 0.117713 0.0174534 0.102552 9.9982E-05 0.363843
0.0445988 0.038967 0.0676409 0.113473 9.9991E-05 0.285471 0.449749
0.136892 0.135892 0.0851819 0.209846 0.0821364 0.349952 9.9991E-05
0.199676 0.0297643 0.0816887 0.0215373 9.9991E-05 0.358194 0.30904
0.137241 0.157583 0.0485739 0.181286 0.0571384 0.342533 0.0756438
0.847346 0.0842728 9.9964E-05 0.067981 9.9964E-05 9.9964E-05 9.9964E-05
0.16102 0.144824 0.149476 0.0987531 9.9991E-05 0.221945 0.223881
0.261782 9.9991E-05 0.11596 0.0421017 0.111099 0.373599 0.0953583
9.995E-05 9.995E-05 0.9994 9.995E-05 9.995E-05 9.995E-05 9.995E-05
0.0936606 0.136472 0.520619 9.9991E-05 0.0239987 0.212418 0.0127317
0.187925 0.368451 9.9973E-05 9.9973E-05 0.100572 0.342752 9.9973E-05
0.10994 0.105619 0.0918669 0.0651869 0.117104 0.0951064 0.415177
0.989705 9.9955E-05 9.9955E-05 9.9955E-05 9.9955E-05 9.9955E-05 0.00979497
0.181124 0.121984 0.116378 9.9991E-05 0.0459654 0.352385 0.182064
9.9982E-05 0.248031 0.100653 9.9982E-05 0.192446 0.330213 0.128456
9.99549E-05 0.993199 0.00630092 9.99549E-05 9.99549E-05 9.99549E-05 9.99549E-05
0.305612 0.105048 0.126257 0.144882 9.9991E-05 0.183878 0.134224
9.9982E-05 0.155198 9.9982E-05 0.114601 0.0129466 0.275007 0.442047
9.9991E-05 0.27737 0.0600638 0.13402 0.153647 0.252878 0.121921
0.10845 0.18015 0.109496 0.176071 9.9982E-05 0.425633 9.9982E-05
9.9973E-05 0.576177 0.0414312 9.9973E-05 0.144183 9.9973E-05 0.237909
0.198519 0.140552 0.176273 9.9982E-05 9.9982E-05 0.474969 0.00948665
0.010122 9.9982E-05 9.9982E-05 0.0408339 0.110608 0.548035 0.290201
9.9982E-05 0.103693 0.143884 9.9982E-05 0.0260342 0.40577 0.320419
0.102323 0.07594 0.00953033 0.0321924 0.0893449 0.297207 0.393463
9.995E-05 9.995E-05 9.995E-05 9.995E-05 0.9994 9.995E-05 9.995E-05
0.0412749 0.116344 0.00310588 0.118027 0.0960504 0.143039 0.482158
0.254887 0.134146 0.125067 0.101979 0.0989643 0.284856 9.9991E-05
0.332305 0.141124 0.146626 0.156276 0.0195084 9.9991E-05 0.204062
0.378065 0.391144 0.0120977 0.0495999 0.104392 0.0576435 0.00705788
0.259114 9.9973E-05 9.9973E-05 0.126064 9.9973E-05 0.310313 0.304209
0.337579 0.0321029 0.0393337 0.00588788 9.9991E-05 0.433783 0.151214
9.995E-05 9.995E-05 9.995E-05 9.995E-05 0.9994 9.995E-05 9.995E-05
0.113539 9.9973E-05 0.081019 9.9973E-05 9.9973E-05 0.446907 0.358235
0.161626 0.169186 0.133364 0.0402551 0.274667 0.220802 9.9991E-05
0.365343 0.0776928 9.9982E-05 0.0362752 9.9982E-05 0.470074 0.050415
0.266136 0.445996 0.00586717 0.0442245 9.9991E-05 0.0112417 0.226435
