9.9973E-05 0.215896 9.9973E-05 0.783804 9.9973E-05
0.142343 0.416813 0.0493199 0.307818 0.0837064
0.0580037 0.366772 0.000841931 0.448929 0.125454
0.0625524 0.729279 0.0845407 9.9991E-05 0.123527
0.310213 0.47935 0.181981 9.9991E-05 0.0283561
0.384675 0.452886 0.162239 9.9982E-05 9.9982E-05
0.357154 0.176049 9.9982E-05 0.466597 9.9982E-05
0.283482 0.387209 9.9991E-05 0.221465 0.107744
0.243138 0.175273 0.0458573 0.519962 0.0157689
0.220767 9.9991E-05 0.239388 0.403684 0.136061
0.308583 0.244822 0.243849 0.181878 0.0208684
0.423418 9.9982E-05 9.9982E-05 0.483248 0.0931338
0.427233 0.211264 0.10953 0.251873 9.9991E-05
0.411443 0.25631 0.149881 0.123254 0.059112
0.794788 0.097176 0.0291099 0.0788262 9.9991E-05
0.309911 0.140919 0.068646 0.262931 0.217593
0.635373 0.127454 0.170579 9.9991E-05 0.0664939
0.258277 0.20199 0.0798603 0.203739 0.256133
0.391405 0.300799 0.0170769 0.237891 0.052828
0.131488 0.524064 0.0376018 0.209628 0.097218
0.258175 0.281894 0.0773965 0.382434 9.9991E-05
0.155342 0.221215 0.0557328 0.56761 9.9991E-05
0.166746 0.410071 0.075506 0.311573 0.0361036
9.999E-05 0.61585 0.00405153 0.256438 0.123561
0.429488 9.9982E-05 0.246061 0.324251 9.9982E-05
0.0231722 0.272271 0.096042 0.559108 0.0494075
0.18193 9.9991E-05 0.114577 0.481516 0.221877
0.254824 0.31595 0.0897294 0.198311 0.141185
0.139783 0.281638 0.0816062 0.26978 0.227193
0.212579 0.135401 9.99819E-05 9.99819E-05 0.65182
0.55715 0.331328 0.0890186 9.9991E-05 0.0224034
9.9991E-05 0.0291032 0.109517 0.675395 0.185885
0.328241 0.587975 9.9982E-05 9.9982E-05 0.0835846
0.276481 0.586683 0.0740135 0.0172864 0.0455368
0.378788 0.0142304 0.162857 0.444025 9.9991E-05
0.2126 9.9973E-05 9.9973E-05 0.7871 9.9973E-05
0.287262 0.513242 0.191845 9.9991E-05 0.00755141
0.0222711 9.9991E-05 0.12136 0.726562 0.129707
0.453623 0.309208 0.0866592 9.9991E-05 0.15041
0.460173 0.351342 0.0435835 0.0984402 0.0464617
0.0405453 0.307175 0.0660381 0.532556 0.0536855
0.00663894 0.614241 0.0710797 0.166966 0.141074
0.198553 0.394779 0.121661 0.198013 0.0869937
9.9991E-05 0.248326 0.0501525 0.559773 0.141649
0.0237532 0.0518153 9.9991E-05 0.688892 0.235439
0.240627 0.121709 0.234644 0.341064 0.0619565
0.362488 0.344126 9.9982E-05 0.293185 9.9982E-05
0.150523 0.573414 0.0223787 0.12662 0.127066
0.20447 0.0702133 0.0540346 0.515099 0.156183
0.286406 0.418617 9.9991E-05 0.108434 0.186444
0.426759 0.0689146 0.124768 0.352947 0.0266115
0.217257 0.534969 0.0576538 9.9991E-05 0.19002
9.9982E-05 0.79303 9.9982E-05 0.0351472 0.171623
0.331265 9.9991E-05 0.231577 0.264509 0.172549
9.9991E-05 0.434443 0.13553 0.300437 0.12949
0.391062 0.227035 0.0962446 0.285559 9.9991E-05
0.0371859 0.398625 0.190846 0.224087 0.149256
0.118763 0.339204 0.189403 0.23224 0.12039
0.176973 0.472544 0.162629 0.0748442 0.113009
0.173893 9.9982E-05 0.232875 0.593032 9.9982E-05
0.057276 0.899883 0.0426408 9.9982E-05 9.9982E-05
0.381625 0.3841 0.0534704 0.16254 0.0182635
0.437086 0.42974 9.9982E-05 0.132974 9.9982E-05
9.9982E-05 0.0319238 0.016291 9.9982E-05 0.951585
0.031416 0.372492 0.223143 0.318364 0.0545849
0.127001 0.264869 9.9982E-05 0.60793 9.9982E-05
0.182708 0.412665 0.122729 0.281799 9.9991E-05
0.489468 0.378387 9.9991E-05 0.0987625 0.033283
0.31408 0.389594 9.9991E-05 0.266934 0.0292918
0.323556 0.352966 0.108621 0.035946 0.178911
0.255234 0.0132266 0.356728 0.180115 0.194696
0.270573 0.0488996 0.0331749 0.563394 0.0839578
0.491454 0.0920477 0.0832842 0.266012 0.0672016
0.166434 0.523684 0.145593 0.0101091 0.15418
0.224399 9.9991E-05 0.260103 0.39398 0.121418
0.0644201 0.535574 0.165777 9.9991E-05 0.234129
0.348804 0.221836 0.0131796 0.310206 0.105974
0.100853 0.786734 0.0945676 9.9991E-05 0.0177452
0.0628627 0.878268 0.0586697 9.9982E-05 9.9982E-05
0.207044 0.467647 0.0568616 0.131205 0.137243
0.281392 0.390857 0.0216142 0.255441 0.0506963
0.276378 0.239397 0.0877809 0.338247 0.0581975
9.9991E-05 0.399666 0.0923071 0.220867 0.28706
0.310487 0.538558 0.0745642 9.9991E-05 0.0762908
0.216579 0.30837 0.0524783 0.385312 0.0372601
9.9982E-05 0.599586 0.0893433 0.31087 9.9982E-05
0.185984 0.142706 9.9991E-05 0.622591 0.0486195
0.60675 0.248706 0.144344 9.99821E-05 9.99821E-05
0.312212 9.9991E-05 0.0953615 0.352481 0.239845
0.126854 0.101468 9.9982E-05 0.771478 9.9982E-05
9.997E-05 9.997E-05 9.997E-05 9.997E-05 0.9996
0.0962788 0.134686 0.193726 0.57521 9.9991E-05
0.346631 0.653069 9.9973E-05 9.9973E-05 9.9973E-05
0.463191 0.365615 9.9991E-05 0.0963743 0.07472
0.20033 0.660718 0.0605033 0.0783484 9.9991E-05
0.214953 0.523203 0.0289649 0.0784956 0.154383
9.9982E-05 0.323404 0.158885 0.517511 9.9982E-05
0.229905 0.134189 0.165657 0.426496 0.0437533
0.384641 9.9982E-05 9.9982E-05 0.327819 0.28734
0.164545 0.198585 9.9991E-05 0.235794 0.400976
0.250932 9.9991E-05 0.0457104 0.603217 0.100041
9.997E-05 9.997E-05 9.997E-05 9.997E-05 0.9996
0.467215 0.355134 0.160842 9.9991E-05 0.0167088
9.997E-05 9.997E-05 0.9996 9.997E-05 9.997E-05
0.247223 0.562306 0.079666 0.0280641 0.0827413
0.158189 0.697187 9.9991E-05 0.121511 0.0230141
0.293459 0.45845 0.0562551 0.191736 9.9991E-05
0.000953142 0.525607 0.0687179 0.176862 0.227859
0.212771 0.169428 0.194389 0.197869 0.225544
0.344927 0.160329 9.9991E-05 0.460637 0.034007
0.422627 0.403451 0.162443 0.0113782 9.9991E-05
0.311472 0.19208 0.0208295 0.270315 0.205305
0.0957841 0.738076 0.0373903 9.9991E-05 0.12865
0.191515 0.0802511 9.9991E-05 0.273979 0.454155
0.178223 0.435402 0.0163388 0.250128 0.119908
9.997E-05 9.997E-05 9.997E-05 9.997E-05 0.9996
0.230645 0.267033 0.199808 0.286863 0.0156512
0.0339764 0.243799 0.0434812 0.587641 0.0911023
0.238997 0.548523 0.019063 0.0140371 0.179381
0.361393 9.9982E-05 0.0201598 0.618247 9.9982E-05
0.121865 0.270951 0.100501 0.370019 0.136665
0.403903 0.000614944 0.00897277 0.179834 0.406675
0.137285 0.179753 0.150768 0.276182 0.256012
0.217166 0.666152 0.0814683 0.0351132 9.9991E-05
0.278781 0.0237097 0.0373161 0.423797 0.236396
0.649293 0.33398 9.9982E-05 9.9982E-05 0.0165274
0.348528 0.326938 0.0203042 0.270894 0.0333362
0.0271933 0.258273 0.0921214 0.4674 0.155012
0.190377 0.626451 0.0241038 0.158968 9.9991E-05
0.0210139 0.141309 0.0843372 0.596287 0.157053
0.13957 0.0837291 9.9991E-05 0.773128 0.00347327
0.36854 0.545177 0.0758539 0.00573646 0.00469291
0.326239 0.243237 0.0210013 0.107766 0.301756
0.433784 0.288553 0.00990771 9.9991E-05 0.267655
0.274887 0.219664 0.0703572 0.41669 0.0184015
0.544376 0.119842 0.11157 0.205004 0.019208
9.9973E-05 0.868723 9.9973E-05 9.9973E-05 0.130977
9.9973E-05 0.800133 9.9973E-05 9.9973E-05 0.199567
0.104275 0.263891 0.0676392 0.506772 0.0574228
0.282398 0.321035 0.154554 0.241914 9.9991E-05
0.289555 0.168389 0.200471 0.263528 0.0780579
0.625171 0.275902 0.0987269 9.9982E-05 9.9982E-05
0.21428 0.405636 0.124835 0.118252 0.136997
0.203959 9.9991E-05 0.0610088 0.698902 0.0360304
0.310383 0.382254 0.0685999 0.15883 0.0799339
0.272147 0.161056 9.9991E-05 0.192893 0.373804
0.318975 0.298324 0.0620034 0.320597 9.9991E-05
0.9996 9.997E-05 9.997E-05 9.997E-05 9.997E-05
0.254495 0.195906 0.118338 0.431161 9.9991E-05
9.9973E-05 0.727148 0.272552 9.9973E-05 9.9973E-05
0.358106 0.29664 0.0699926 0.255425 0.0198367
0.270328 0.579816 0.149655 9.9982E-05 9.9982E-05
0.340773 0.0127581 0.0771142 0.418959 0.150395
0.248542 0.136483 0.0389136 0.396445 0.179617
0.393 0.363354 9.9991E-05 0.205952 0.0375944
0.174549 0.259896 0.0722891 0.260066 0.2332
0.0589835 0.4417 0.0381793 0.44551 0.0156274
0.276445 0.384663 0.0341309 0.1724 0.13236
9.9982E-05 0.345032 9.9982E-05 0.518898 0.13587
0.212518 0.370326 0.0097437 0.119414 0.287998
0.35291 0.20454 0.0107519 0.431697 9.9991E-05
0.9996 9.997E-05 9.997E-05 9.997E-05 9.997E-05
0.810591 0.119918 9.9982E-05 0.0692911 9.9982E-05
0.0445509 0.669483 0.115875 9.9991E-05 0.169991
0.0814378 0.290154 0.120061 0.380093 0.128254
9.9991E-05 0.018558 0.0179806 0.946905 0.0164562
0.157986 0.441679 0.0193318 0.380903 9.9991E-05
0.463089 0.444015 0.0926966 9.9982E-05 9.9982E-05
0.181116 0.53236 9.9991E-05 0.205421 0.0810033
0.343827 0.232303 0.0159324 0.368836 0.0391007
0.0679009 0.504396 0.0498935 0.181955 0.195854
0.205534 0.330518 0.208322 0.0678335 0.187794
0.193055 0.351025 0.0286936 0.256314 0.170913
0.217581 0.0616751 0.166948 0.553696 9.9991E-05
0.245754 0.401596 0.0454379 0.307112 9.9991E-05
0.198134 0.522919 0.233181 0.00465354 0.0411132
0.632098 0.349024 0.0186784 9.9982E-05 9.9982E-05
0.0586876 0.547552 0.137175 0.0499025 0.206683
9.997E-05 9.997E-05 0.9996 9.997E-05 9.997E-05
9.9991E-05 0.252643 0.117612 0.419826 0.209819
0.720555 9.9991E-05 0.0607389 0.0113494 0.207257
0.272728 0.209543 0.0263029 0.428439 0.0629865
0.118193 0.316108 0.0555131 0.482681 0.0275045
9.9982E-05 0.521273 9.9982E-05 0.276648 0.201879
0.272772 0.634434 0.0140279 0.0348026 0.0439639
9.997E-05 9.997E-05 0.9996 9.997E-05 9.997E-05
0.398192 0.385906 0.0032082 0.110233 0.102461
0.30251 0.0425217 0.262651 0.27869 0.113628
0.124293 0.773059 9.9982E-05 0.102449 9.9982E-05
0.26933 0.190032 9.9991E-05 0.380234 0.160305
