0.423907 0.451777 9.99821E-05 9.99821E-05 0.112412 0.0117042
0.277357 0.139881 0.0526297 0.441826 0.0882058 9.9991E-05
0.336362 0.0706671 0.345102 0.0311995 0.148911 0.067758
0.443938 0.203993 0.121912 9.9991E-05 0.16087 0.0691872
0.406345 9.9973E-05 9.9973E-05 0.346877 0.246478 9.9973E-05
0.189726 0.166325 0.253151 0.196876 0.193821 9.9991E-05
0.135164 9.99732E-05 9.99732E-05 0.706925 0.157612 9.99732E-05
0.631902 9.99821E-05 9.99821E-05 0.344035 0.00946232 0.0144008
9.99732E-05 9.99732E-05 0.191324 9.99732E-05 0.156227 0.652149
9.99821E-05 0.630362 0.114572 9.99821E-05 0.179496 0.0753701
0.153393 0.214825 0.146665 0.0507163 0.31788 0.116521
0.275781 9.99732E-05 9.99732E-05 0.0809294 9.99732E-05 0.64299
0.478938 0.0251965 9.9991E-05 0.0150076 0.0638075 0.41695
0.41757 0.365858 9.99732E-05 0.216272 9.99732E-05 9.99732E-05
0.218729 0.183482 0.0533118 9.99821E-05 9.99821E-05 0.544277
0.596928 9.99732E-05 9.99732E-05 0.0763497 0.326423 9.99732E-05
0.210166 0.263586 0.0306349 0.1528 0.0812073 0.261606
0.191216 0.411871 0.161074 0.235639 9.99821E-05 9.99821E-05
0.129127 9.99731E-05 0.115823 9.99731E-05 9.99731E-05 0.754751
0.581836 0.34614 0.0344669 9.99821E-05 9.99821E-05 0.0373569
9.99732E-05 0.789113 0.128848 9.99732E-05 0.0817389 9.99732E-05
0.264849 9.99821E-05 0.0396403 9.99821E-05 0.160373 0.534938
0.181543 0.196393 0.355647 0.194776 0.0685442 0.00309646
0.106135 9.9982E-05 0.0518144 0.31792 0.523931 9.9982E-05
0.144834 0.221197 0.189255 0.0612011 0.383412 9.9991E-05
0.454275 0.315837 0.0607942 9.9991E-05 0.15643 0.0125631
0.015754 0.308617 0.0304567 0.169893 0.229188 0.246091
0.483976 9.99822E-05 9.99822E-05 0.493579 0.0143266 0.00791817
0.388 9.99821E-05 0.410749 0.0324705 9.99821E-05 0.168581
0.241104 9.99643E-05 9.99643E-05 9.99643E-05 0.758496 9.99643E-05
0.03244 0.450838 0.0263357 0.490186 9.99821E-05 9.99821E-05
0.200863 0.0509535 9.99821E-05 0.155774 9.99821E-05 0.592209
9.99821E-05 0.0960284 0.444265 9.99821E-05 0.224822 0.234685
0.370765 0.0825715 9.9991E-05 0.214859 0.0355247 0.29618
0.522627 0.368503 9.99731E-05 9.99731E-05 0.10857 9.99731E-05
0.115691 0.883909 9.99642E-05 9.99642E-05 9.99642E-05 9.99642E-05
9.99732E-05 9.99732E-05 0.197714 0.755738 0.0462478 9.99732E-05
0.0549186 0.0117429 0.613411 9.9991E-05 0.319277 0.000549912
0.24417 0.166514 0.128657 0.391773 0.0410373 0.0278487
0.463607 0.110256 0.368104 9.9991E-05 0.00984552 0.0480875
9.99821E-05 0.286393 9.99821E-05 0.26506 0.271925 0.176422
9.99822E-05 0.643182 9.99822E-05 0.166802 0.0990595 0.0907567
0.140321 0.590921 0.0511612 0.0725058 0.0862903 0.0588011
0.314133 0.173752 0.210054 9.9991E-05 0.0160713 0.28589
0.210819 0.00648834 0.117748 0.121876 0.0919625 0.451106
0.306043 0.264867 0.127749 9.99821E-05 9.99821E-05 0.301141
0.481727 0.345115 9.99821E-05 9.99821E-05 0.048755 0.124203
0.0357699 0.317713 0.189693 9.99821E-05 9.99821E-05 0.456624
0.353907 0.189848 9.99733E-05 9.99733E-05 9.99733E-05 0.455946
0.474647 0.454875 9.9973E-05 0.0701784 9.9973E-05 9.9973E-05
0.756613 9.9964E-05 9.9964E-05 9.9964E-05 0.242987 9.9964E-05
9.99821E-05 0.0620456 0.507018 0.182467 9.99821E-05 0.248269
0.385536 0.0408272 9.9982E-05 9.9982E-05 0.366498 0.206938
0.709355 9.99642E-05 0.290245 9.99642E-05 9.99642E-05 9.99642E-05
0.363851 0.00493214 0.0853043 0.398112 9.99911E-05 0.1477
0.170607 0.291409 9.99821E-05 0.277876 9.99821E-05 0.259908
0.303809 0.339035 9.99821E-05 0.202201 0.154755 9.99821E-05
9.99733E-05 0.209324 9.99733E-05 0.284814 9.99733E-05 0.505562
0.0841661 0.313077 0.1039 0.177982 9.9991E-05 0.320775
0.0967259 0.818996 0.0839787 9.9973E-05 9.9973E-05 9.9973E-05
0.732233 9.99821E-05 0.0518607 0.0136097 9.99821E-05 0.202097
9.9982E-05 0.662093 9.9982E-05 0.168479 0.0768057 0.0924228
0.0981687 0.197855 9.9991E-05 0.0746885 0.0544681 0.57472
0.268275 9.99732E-05 9.99732E-05 0.242492 0.488933 9.99732E-05
0.588861 9.99821E-05 9.99821E-05 0.0164031 0.164832 0.229704
9.99821E-05 0.288874 0.0995567 9.99821E-05 0.139253 0.472116
0.298457 0.633452 0.0677914 9.99732E-05 9.99732E-05 9.99732E-05
0.250754 0.114171 9.99821E-05 0.267927 9.99821E-05 0.366948
0.537929 0.199107 9.99731E-05 9.99731E-05 9.99731E-05 0.262664
0.310399 0.614502 0.00420733 9.99821E-05 0.0706922 9.99821E-05
0.124408 0.0411805 0.202322 0.37027 0.0482851 0.213534
9.99731E-05 0.601964 9.99731E-05 9.99731E-05 0.0949819 0.302754
0.107932 9.99732E-05 0.0834121 0.808356 9.99732E-05 9.99732E-05
0.149179 0.37911 9.9991E-05 0.217543 0.0781679 0.1759
0.636885 9.99732E-05 9.99732E-05 0.234725 0.12809 9.99732E-05
0.211046 0.149967 9.99821E-05 0.251445 9.99821E-05 0.387342
0.323692 0.236553 9.99733E-05 9.99733E-05 9.99733E-05 0.439455
9.9982E-05 9.9982E-05 0.069152 0.523511 0.115873 0.291265
0.35324 0.0800963 0.125586 0.140358 9.9991E-05 0.300619
0.569261 9.99821E-05 0.0841436 0.17671 9.99821E-05 0.169686
0.578027 9.99642E-05 9.99642E-05 0.421573 9.99642E-05 9.99642E-05
0.343362 0.0307032 0.198994 9.9991E-05 0.222581 0.204261
9.99643E-05 0.912887 0.0867129 9.99643E-05 9.99643E-05 9.99643E-05
0.0905698 9.9982E-05 0.295878 9.9982E-05 0.220608 0.392745
0.132125 0.318798 9.9991E-05 0.207093 0.129603 0.212281
0.161464 0.71026 0.0109928 9.9982E-05 9.9982E-05 0.117084
9.9991E-05 0.0462422 0.375278 0.234139 0.115648 0.228593
0.0823759 0.0573983 9.9991E-05 0.194072 0.608472 0.0575815
0.323972 0.165266 0.40265 9.99821E-05 0.107912 9.99821E-05
0.0101725 9.9982E-05 0.311696 9.9982E-05 0.277568 0.400364
0.471877 9.99643E-05 9.99643E-05 9.99643E-05 0.527723 9.99643E-05
0.063744 0.876521 9.99821E-05 0.0575005 0.00203456 9.99821E-05
9.99732E-05 0.459013 9.99732E-05 9.99732E-05 0.0951357 0.445551
9.99821E-05 0.238002 0.58849 0.0743605 0.0989475 9.99821E-05
0.00797537 9.9982E-05 9.9982E-05 0.148568 0.167762 0.675495
0.321673 0.0147421 0.157012 0.0815169 9.9991E-05 0.424956
9.99821E-05 0.606144 0.0877374 9.99821E-05 0.21654 0.0893794
0.107999 0.327821 9.99731E-05 9.99731E-05 9.99731E-05 0.56388
0.493014 0.167307 9.99731E-05 9.99731E-05 0.33938 9.99731E-05
0.17982 0.299792 0.10529 0.00439261 0.410605 9.9991E-05
9.99821E-05 0.0633689 9.99821E-05 0.610536 0.279192 0.0467032
9.996E-05 9.996E-05 9.996E-05 9.996E-05 0.9995 9.996E-05
9.99732E-05 9.99732E-05 0.638318 9.99732E-05 0.290247 0.071135
9.99642E-05 9.99642E-05 0.954103 9.99642E-05 0.0454975 9.99642E-05
0.315471 0.11684 0.108126 0.082972 0.011661 0.364931
0.135529 0.304005 9.99821E-05 9.99821E-05 0.245854 0.314412
0.175842 0.182256 0.124709 0.160844 0.0883377 0.268011
0.446623 9.99821E-05 0.197608 0.322615 0.0329549 9.99821E-05
0.599782 0.296124 0.0254556 9.99822E-05 9.99822E-05 0.0784391
0.207267 9.99821E-05 0.631722 0.135753 0.0250585 9.99821E-05
0.0174137 0.011227 9.99911E-05 0.340156 0.461556 0.169547
0.588001 0.0478804 9.9991E-05 0.0989216 0.14319 0.121908
0.628751 9.99643E-05 9.99643E-05 9.99643E-05 0.370849 9.99643E-05
0.743971 9.99731E-05 9.99731E-05 9.99731E-05 0.0915295 0.164199
9.996E-05 9.996E-05 9.996E-05 9.996E-05 0.9995 9.996E-05
0.348109 0.0323739 0.189616 9.99822E-05 9.99822E-05 0.429702
0.457563 0.267945 9.99731E-05 9.99731E-05 9.99731E-05 0.274192
9.99731E-05 9.99731E-05 9.99731E-05 0.072158 0.25269 0.674852
0.399327 9.9982E-05 0.21712 9.9982E-05 0.13024 0.253114
0.381677 0.124038 0.167589 0.326495 9.9982E-05 9.9982E-05
0.111319 0.0931923 9.99821E-05 9.99821E-05 0.566848 0.22844
0.248484 0.0890955 0.0960987 0.453632 0.112591 9.9991E-05
0.834425 9.99731E-05 0.143391 9.99731E-05 0.0218845 9.99731E-05
0.0498338 0.641539 0.143188 0.0769229 9.99911E-05 0.0884162
0.415409 0.179952 0.0279935 9.99911E-05 0.12006 0.256484
0.151805 0.498657 0.0274508 0.0350092 0.089134 0.197944
0.155098 0.260537 9.99821E-05 9.99821E-05 0.208365 0.3758
0.456494 0.309549 0.125369 0.108388 9.99821E-05 9.99821E-05
0.174114 0.349503 0.412437 9.99821E-05 0.0637448 9.99821E-05
0.427016 0.164449 0.213458 9.99821E-05 0.194876 9.99821E-05
9.99732E-05 0.30579 0.0522974 9.99732E-05 9.99732E-05 0.641613
0.239629 0.407224 0.0299826 0.287571 0.0354931 9.9991E-05
0.261523 0.0576026 0.149721 9.99821E-05 9.99821E-05 0.530953
0.01197 0.274259 0.528218 9.9982E-05 9.9982E-05 0.185354
9.99732E-05 0.942525 0.0499902 9.99732E-05 9.99732E-05 0.00718485
0.381504 0.474615 0.143581 9.99732E-05 9.99732E-05 9.99732E-05
0.712986 0.102127 0.184587 9.99732E-05 9.99732E-05 9.99732E-05
0.856905 9.99733E-05 0.0752664 0.067529 9.99733E-05 9.99733E-05
9.99732E-05 9.99732E-05 0.281827 0.278031 9.99732E-05 0.439842
0.88475 0.11485 9.99642E-05 9.99642E-05 9.99642E-05 9.99642E-05
0.028021 9.99732E-05 0.360583 0.611096 9.99732E-05 9.99732E-05
9.99821E-05 0.285824 0.477813 9.99821E-05 0.209497 0.0266653
0.235501 0.312606 0.141349 9.9982E-05 9.9982E-05 0.310344
9.99821E-05 0.126034 0.29497 9.99821E-05 0.298201 0.280595
0.391357 0.277063 9.99731E-05 9.99731E-05 0.33128 9.99731E-05
0.610144 0.100768 0.00316283 0.15227 0.0700749 0.0635812
9.99641E-05 0.0247448 9.99641E-05 0.974855 9.99641E-05 9.99641E-05
0.393012 0.061757 0.209882 9.9991E-05 0.239228 0.0960212
0.176105 0.505698 9.99821E-05 0.191581 0.126416 9.99821E-05
0.00460056 0.0415315 0.192316 0.480328 9.99911E-05 0.281124
0.208688 9.99821E-05 0.365817 0.354796 9.99821E-05 0.0704987
9.99821E-05 0.0379042 0.025702 9.99821E-05 0.0809479 0.855246
0.520329 0.279538 9.99821E-05 0.187959 9.99821E-05 0.011973
0.348135 0.0219059 0.0431471 0.179979 0.147257 0.259576
9.99732E-05 0.501322 9.99732E-05 0.448157 0.0502208 9.99732E-05
0.0694359 0.212725 0.260067 0.252347 9.9991E-05 0.205325
0.285774 9.9991E-05 0.528008 0.122636 0.0121723 0.0513099
0.492779 0.216976 0.0836195 9.99911E-05 0.112291 0.0942351
0.982008 9.99732E-05 9.99732E-05 0.0117302 0.00596177 9.99732E-05
0.139607 0.328976 0.199478 0.0491126 0.183521 0.0993054
9.99641E-05 9.99641E-05 9.99641E-05 0.936991 9.99641E-05 0.0626093
0.45433 0.302472 9.99821E-05 0.0266309 9.99821E-05 0.216367
0.325006 9.9991E-05 0.10566 0.240818 0.0947661 0.233649
9.99731E-05 0.140255 9.99731E-05 0.326338 9.99731E-05 0.533107
9.99643E-05 0.050648 9.99643E-05 9.99643E-05 9.99643E-05 0.948952
0.234751 0.510737 0.0770483 9.9991E-05 0.147589 0.0297748
0.562599 0.219555 0.0337801 0.152781 0.0311849 9.99911E-05
0.467709 9.99732E-05 0.406536 9.99732E-05 9.99732E-05 0.125455
0.0824106 9.99643E-05 9.99643E-05 0.91719 9.99643E-05 9.99643E-05
0.172523 0.348435 0.215196 0.0220317 0.104373 0.137441
0.621712 9.99911E-05 0.15537 0.00940667 0.0759164 0.137495
0.64778 9.99821E-05 0.142866 0.0456733 9.99821E-05 0.163481
9.9973E-05 9.9973E-05 0.47029 0.0445856 9.9973E-05 0.484824
0.378505 0.504346 9.99731E-05 9.99731E-05 0.116849 9.99731E-05
0.622619 0.0197361 0.0561544 0.135806 0.118326 0.0473586
0.837526 9.99643E-05 9.99643E-05 9.99643E-05 9.99643E-05 0.162074
0.219171 0.161932 9.99821E-05 9.99821E-05 0.396728 0.221969
9.99643E-05 0.23348 0.76612 9.99643E-05 9.99643E-05 9.99643E-05
0.0748222 0.861017 0.0611844 9.99821E-05 0.00277624 9.99821E-05
9.99821E-05 9.99821E-05 0.0669996 0.132004 0.108494 0.692303
9.99643E-05 0.82276 9.99643E-05 9.99643E-05 9.99643E-05 0.17684
9.99821E-05 0.717593 0.0654064 0.106758 9.99821E-05 0.110043
0.0693615 0.53724 9.99821E-05 9.99821E-05 0.151012 0.242187
0.720544 9.99821E-05 9.99821E-05 0.0576635 0.0436631 0.17793
9.996E-05 9.996E-05 0.9995 9.996E-05 9.996E-05 9.996E-05
0.415675 9.99642E-05 9.99642E-05 9.99642E-05 9.99642E-05 0.583925
0.303857 9.99821E-05 0.246446 0.0620931 9.99821E-05 0.387404
0.243977 9.99821E-05 0.200229 0.410024 0.14557 9.99821E-05
0.153443 0.206952 0.363985 0.202592 0.0729278 9.9991E-05
