0.191553 0.808247 9.99821E-05 9.99821E-05
0.378631 0.168403 0.393324 0.0596411
0.390541 0.258449 0.0319634 0.319046
0.480915 0.502812 0.0161728 9.9991E-05
0.283423 0.0128877 0.703589 9.9991E-05
0.369704 0.121644 0.29402 0.214632
0.197429 0.12122 0.655441 0.0259098
9.99821E-05 0.530383 0.469417 9.99821E-05
0.0758492 0.371624 0.158674 0.393853
0.218354 0.364463 9.99911E-05 0.417084
0.303762 0.241579 0.126915 0.327744
9.99821E-05 0.42207 0.57773 9.99821E-05
0.202087 0.371585 0.426227 9.99911E-05
0.395512 0.0687759 0.535612 9.9991E-05
9.999E-05 0.848095 0.139105 0.0126991
0.359611 0.577689 0.0626001 9.99911E-05
0.227372 0.220103 0.245832 0.306693
0.194619 0.231199 0.271219 0.302963
9.99911E-05 0.694757 0.0719799 0.233163
0.0806167 0.171178 0.453783 0.294423
0.388586 0.0368149 9.99911E-05 0.5745
0.243799 0.521912 9.9991E-05 0.234189
0.430993 9.9991E-05 0.233106 0.335802
0.928056 9.99911E-05 0.0173223 0.0545217
0.503758 0.0777372 0.0115367 0.406968
0.48816 0.51164 9.99821E-05 9.99821E-05
0.180337 0.676199 0.0675962 0.0758679
9.99911E-05 0.453236 0.300287 0.246376
9.9991E-05 0.526077 0.19641 0.277414
0.837414 0.162386 9.99821E-05 9.99821E-05
0.13265 0.157325 0.381222 0.328802
9.99911E-05 0.16905 0.765543 0.0653067
0.113312 0.186491 0.00777877 0.692418
0.0833081 0.527451 0.363233 0.0260082
0.644736 0.149208 0.205956 9.9991E-05
0.3238 0.324429 0.285243 0.0665285
0.0123532 0.198826 0.57352 0.215301
0.194275 9.99821E-05 9.99821E-05 0.805525
0.153084 0.570033 0.204289 0.0725939
0.134591 0.455763 0.12884 0.280807
0.477705 0.356578 0.159106 0.00661141
0.384032 0.299357 9.99911E-05 0.316511
0.147372 0.136275 0.382412 0.333941
0.191866 0.475203 0.149991 0.18294
0.0432614 0.364308 0.403031 0.189399
0.201935 0.631276 0.150539 0.0162502
0.172365 0.815872 9.99911E-05 0.0116635
9.9991E-05 0.521959 0.237176 0.240765
9.998E-05 0.9997 9.998E-05 9.998E-05
0.216613 0.655616 0.127671 9.9991E-05
0.515218 0.484582 9.9982E-05 9.9982E-05
0.0763657 9.9991E-05 0.269977 0.653557
0.348614 0.631749 9.9991E-05 0.0195369
0.219116 0.735106 9.99911E-05 0.0456774
9.99821E-05 9.99821E-05 0.611891 0.387909
0.0176764 0.559014 0.331704 0.0916049
0.367268 0.0270222 0.532044 0.0736659
9.99822E-05 9.99822E-05 0.763657 0.236143
9.9991E-05 0.180145 0.610494 0.209261
0.366355 0.477891 9.9991E-05 0.155655
0.233857 0.648864 9.99911E-05 0.117179
0.373068 0.325496 0.237565 0.0638717
9.9982E-05 0.676673 9.9982E-05 0.323127
0.812955 0.186845 9.99821E-05 9.99821E-05
0.125856 0.369057 0.386687 0.1184
0.210311 0.728973 9.99911E-05 0.0606164
0.661367 0.338433 9.99821E-05 9.99821E-05
0.0424136 0.664527 0.21695 0.0761093
9.9991E-05 0.942156 0.028681 0.0290628
0.271536 0.604595 9.99911E-05 0.123768
0.0418306 0.29819 0.466436 0.193543
0.144471 0.517841 0.308821 0.0288667
9.998E-05 9.998E-05 0.9997 9.998E-05
9.99821E-05 0.711138 0.288662 9.99821E-05
0.29177 0.246303 0.461828 9.99911E-05
0.00509134 0.476721 0.518088 9.9991E-05
0.133145 0.866655 9.99822E-05 9.99822E-05
0.0962688 0.0572709 0.598934 0.247526
0.105898 0.567328 0.284503 0.0422705
9.9991E-05 0.0770135 0.771955 0.150931
9.99821E-05 0.380625 0.619175 9.99821E-05
0.261399 0.273536 0.230636 0.234429
0.204365 0.24126 0.0783095 0.476066
0.168314 0.443389 9.9991E-05 0.388197
0.339971 0.301344 0.358585 9.9991E-05
0.249186 0.667503 0.0832109 9.9991E-05
0.136169 9.9991E-05 0.377522 0.486208
0.735421 9.99821E-05 0.264379 9.99821E-05
0.157343 0.370263 9.99911E-05 0.472294
0.00576377 0.55778 9.9991E-05 0.436356
0.909275 0.090525 9.99822E-05 9.99822E-05
0.570573 9.99822E-05 0.429227 9.99822E-05
0.48163 0.355798 0.0703694 0.0922024
0.457232 0.14651 9.9991E-05 0.396158
0.111238 0.533802 0.275084 0.0798752
0.0861575 0.0496176 0.631157 0.233068
0.415443 0.34901 9.9991E-05 0.235447
0.0159601 0.789006 0.000216077 0.194818
0.775557 0.224096 0.000246867 9.9991E-05
0.765418 9.9991E-05 0.074306 0.160176
0.278395 9.99911E-05 0.408938 0.312567
0.9997 9.998E-05 9.998E-05 9.998E-05
0.168617 9.99911E-05 0.0325371 0.798746
0.111849 9.99821E-05 9.99821E-05 0.887951
0.054632 0.70018 0.104657 0.140531
0.189504 0.415402 0.247049 0.148046
9.9991E-05 0.0729049 0.666583 0.260412
0.158357 0.423061 0.0338561 0.384726
0.174979 0.762262 9.99911E-05 0.0626598
0.187289 0.279691 9.99911E-05 0.53292
0.501143 0.232943 0.111007 0.154907
0.308428 0.539338 0.152134 9.9991E-05
0.804138 0.0609759 0.044769 0.0901167
0.0289757 0.372512 0.535353 0.0631593
0.9997 9.998E-05 9.998E-05 9.998E-05
9.99911E-05 0.163114 0.377061 0.459725
0.181462 0.818338 9.99821E-05 9.99821E-05
0.0398413 0.673759 0.271983 0.0144164
0.125401 0.53637 0.192552 0.145677
0.275538 0.257289 0.251599 0.215574
0.759009 0.174246 0.0105497 0.0561954
0.287284 9.99911E-05 0.384276 0.32834
0.0982937 0.299052 0.362889 0.239765
9.99911E-05 0.2795 0.308148 0.412252
0.35111 0.385065 9.99911E-05 0.263725
0.169891 0.296045 0.280214 0.25385
0.37131 0.364512 0.264078 9.99911E-05
0.0472132 0.770277 0.0858151 0.0966944
0.527609 0.0988203 9.99911E-05 0.373471
0.26342 0.284662 0.033995 0.417922
0.162354 0.453866 9.99911E-05 0.38368
0.238392 0.0612753 0.403665 0.296668
9.99911E-05 0.587758 0.115779 0.296363
9.9991E-05 0.332244 0.0561052 0.611551
0.169452 0.327334 0.101682 0.401531
0.12368 0.582761 9.99911E-05 0.29346
9.99821E-05 0.751164 9.99821E-05 0.248636
0.0886301 0.572142 9.99911E-05 0.339128
9.99911E-05 0.227718 0.310594 0.461588
0.152597 0.846699 9.9991E-05 0.000603849
0.11297 0.374409 0.18425 0.328371
0.295438 9.99911E-05 0.014345 0.690117
0.0985929 0.32032 0.283534 0.297553
0.191855 0.265481 9.99911E-05 0.542564
0.737007 0.213779 0.0491143 9.9991E-05
0.181227 0.498139 0.194156 0.126478
9.998E-05 9.998E-05 0.9997 9.998E-05
0.380183 0.349626 0.0842085 0.185983
0.470835 9.99821E-05 0.528965 9.99821E-05
0.109368 0.175033 0.545873 0.169726
0.137951 0.234986 0.382411 0.244652
9.99911E-05 0.741481 0.242168 0.0162506
0.04472 0.648675 0.177508 0.129098
0.169513 0.25271 0.379363 0.198413
0.633745 9.99822E-05 0.366055 9.99822E-05
9.99911E-05 0.409742 0.193738 0.39642
0.0723341 9.9991E-05 0.378124 0.549441
0.173678 0.479018 0.142966 0.204338
0.0532346 0.776273 0.170393 9.99911E-05
0.358161 0.382688 9.9991E-05 0.259051
9.998E-05 9.998E-05 0.9997 9.998E-05
0.121104 0.878696 9.99821E-05 9.99821E-05
0.0807038 0.147503 0.685064 0.0867296
9.99911E-05 0.48277 0.400248 0.116882
9.99822E-05 0.536547 0.463253 9.99822E-05
0.484817 0.322299 0.0833877 0.109496
0.199081 0.579855 0.0871203 0.133944
9.99822E-05 0.570144 9.99822E-05 0.429656
9.998E-05 9.998E-05 0.9997 9.998E-05
0.294461 0.185173 0.278867 0.241499
0.0612263 0.865835 0.0378037 0.0351346
9.9991E-05 0.431732 0.354186 0.213982
9.9991E-05 0.214786 0.309408 0.475705
0.542076 0.434297 9.9991E-05 0.0235269
0.228858 0.754291 9.9991E-05 0.0167514
9.99822E-05 0.663681 0.336119 9.99822E-05
0.313218 0.278009 0.339334 0.0694395
0.0329391 9.99911E-05 0.0508741 0.916087
0.395022 0.305013 9.9991E-05 0.299865
0.155253 0.44989 0.228978 0.165879
0.28101 0.263918 0.292638 0.162434
0.0301376 0.571562 0.0359898 0.362311
0.387727 0.612073 9.99821E-05 9.99821E-05
0.0658689 0.345258 0.588773 9.99911E-05
9.998E-05 9.998E-05 9.998E-05 0.9997
9.99822E-05 0.846266 0.153534 9.99822E-05
9.9991E-05 0.225491 0.591029 0.18338
0.376395 0.159775 0.255838 0.207991
0.395919 9.9991E-05 0.353972 0.25001
