0.585997 9.9973E-05 9.9973E-05 9.9973E-05 0.0264577 0.047721 0.055449 0.0769743 0.207102
0.0488899 0.00880949 0.0366171 0.000150673 9.9991E-05 0.0507964 0.18897 0.435306 0.23036
0.163112 0.0371231 0.01699 0.120169 0.0579584 0.0377735 0.206882 0.248392 0.1116
0.479971 9.9982E-05 0.0968303 0.0308646 0.0880902 0.0622258 0.153438 0.0883806 9.9982E-05
0.270791 0.275534 0.0507869 9.9973E-05 0.0831149 0.054603 0.26487 9.9973E-05 9.9973E-05
0.170563 0.215536 9.9991E-05 0.108788 0.0572872 0.0822695 0.23553 0.06974 0.0601855
0.614989 9.9982E-05 0.00305008 0.158631 0.10828 0.0674485 0.0167322 0.0306698 9.9982E-05
0.183628 0.144475 0.0225046 0.326144 9.9991E-05 0.0274705 0.0172686 0.218148 0.060261
0.202717 0.0441076 0.045365 0.423008 0.016283 9.9973E-05 9.9973E-05 9.9973E-05 0.268219
9.9982E-05 0.0350804 0.202077 0.229557 0.0862991 0.159201 9.9982E-05 0.0707937 0.216791
9.99549E-05 9.99549E-05 9.99549E-05 9.99549E-05 9.99549E-05 0.00424328 0.1024 0.00968575 0.883171
0.0248133 0.174333 0.0509976 0.521876 9.9964E-05 9.9964E-05 9.9964E-05 9.9964E-05 0.22758
0.214658 0.0829822 0.036335 9.9982E-05 0.121726 0.102377 0.343287 9.9982E-05 0.0984355
0.149389 0.349031 0.151493 0.0909557 0.0470265 0.0678542 0.14405 9.9982E-05 9.9982E-05
9.99549E-05 0.897139 9.99549E-05 9.99549E-05 0.00326329 9.99549E-05 9.99549E-05 0.00107772 0.0980203
0.271277 0.160358 0.11317 0.00860741 0.0569001 0.0321534 9.9982E-05 0.357333 9.9982E-05
9.99369E-05 0.98187 9.99369E-05 9.99369E-05 9.99369E-05 0.0174306 9.99369E-05 9.99369E-05 9.99369E-05
0.239628 0.195424 0.168385 0.0339374 0.12049 9.9973E-05 0.241836 9.9973E-05 9.9973E-05
0.12881 0.0897126 0.0206659 0.274892 0.0767643 9.9991E-05 0.228739 0.0148277 0.165488
0.472352 0.0604964 9.9982E-05 0.113379 0.0656465 0.0661554 9.9982E-05 0.139443 0.0823287
0.411412 0.11545 0.0185408 0.162759 0.0697202 0.0802366 9.9991E-05 0.0718496 0.0699326
9.999E-05 0.0799429 0.0300559 0.143694 0.0924908 0.0371805 0.234739 0.156413 0.225384
0.277407 9.9982E-05 0.134828 0.0717168 0.149664 0.0779445 0.0455334 0.242706 9.9982E-05
0.417541 9.9964E-05 0.188264 0.173232 9.9964E-05 9.9964E-05 0.148852 0.0717111 9.9964E-05
9.9937E-05 9.9937E-05 9.9937E-05 9.9937E-05 9.9937E-05 0.0628727 9.9937E-05 9.9937E-05 0.936428
0.492107 0.235995 0.191486 9.9982E-05 0.0129474 0.0367299 0.0279383 9.9982E-05 0.00259743
0.000428606 0.0760942 0.081196 0.565672 0.043078 0.0747372 0.00833041 0.150363 9.9991E-05
0.0747292 0.0683035 0.110764 0.0486673 0.0325497 0.0357419 0.332338 0.124011 0.172895
0.209704 0.162413 0.12538 9.9982E-05 9.9982E-05 0.0567587 0.175586 0.1782 0.0917573
0.0472067 0.106409 0.653754 9.99729E-05 9.99729E-05 0.0451116 0.00958435 0.137635 9.99729E-05
0.0718648 0.290872 0.0150582 0.0987498 9.9982E-05 0.0202455 0.0968821 9.9982E-05 0.406128
9.9946E-05 9.9946E-05 0.0429852 0.919711 9.9946E-05 0.0367041 9.9946E-05 9.9946E-05 9.9946E-05
0.281835 0.293965 0.0868817 9.9973E-05 0.0910553 9.9973E-05 0.211236 0.0347277 9.9973E-05
0.181012 0.220641 9.9982E-05 0.0230571 0.0590849 0.0921998 0.396915 0.0268899 9.9982E-05
0.117729 0.269829 9.9973E-05 9.9973E-05 0.0622819 0.0866936 0.274036 9.9973E-05 0.189131
0.634295 9.99461E-05 9.99461E-05 9.99461E-05 0.0526238 9.99461E-05 9.99461E-05 9.99461E-05 0.312481
0.564754 9.9973E-05 9.9973E-05 0.0554839 0.0342722 0.13915 0.155916 0.050124 9.9973E-05
9.9964E-05 9.9964E-05 0.0572747 0.00771098 9.9964E-05 0.036536 9.9964E-05 0.037591 0.860487
0.0620376 0.478682 0.0670436 0.285097 0.011711 0.0800495 9.9982E-05 0.0151793 9.9982E-05
0.187263 0.0271893 9.9991E-05 0.157047 0.0638495 0.0104962 0.177398 0.159367 0.217289
0.029202 9.9991E-05 0.0514355 0.111311 0.0610041 0.0892124 0.209954 0.239064 0.208717
0.258094 0.109557 0.00330486 0.122659 0.0491006 0.156422 0.104171 0.196592 9.9991E-05
0.00571303 9.9991E-05 0.0940261 0.149808 0.0624018 0.0932027 0.201833 0.314972 0.0779436
0.150424 9.9964E-05 0.0805362 0.12643 9.9964E-05 9.9964E-05 0.351601 9.9964E-05 0.290609
9.9955E-05 9.9955E-05 0.000953482 0.867178 0.0615295 9.9955E-05 9.9955E-05 0.0698397 9.9955E-05
0.183468 0.102293 0.0125955 0.553859 0.00774449 0.124286 0.0155541 9.9982E-05 9.9982E-05
0.190039 0.203119 0.0452182 0.211073 0.00810254 9.9982E-05 9.9982E-05 0.141976 0.200272
0.23162 9.9973E-05 0.0332526 0.482256 0.00705186 9.9973E-05 0.191964 0.0535551 9.9973E-05
9.9982E-05 0.0667737 0.061574 0.0908904 0.0873031 9.9982E-05 0.589618 0.0409302 0.0627107
9.9973E-05 0.159354 0.0815643 9.9973E-05 0.0677795 9.9973E-05 0.0993954 0.242959 0.348648
0.178066 0.303577 0.0815366 9.9991E-05 0.110695 0.0233507 0.115681 0.0218879 0.165106
0.0910844 0.0389155 0.0161256 0.235377 0.14924 0.0463636 0.283564 0.139229 9.9991E-05
0.0684634 0.0413467 0.0596156 0.125995 0.0197504 0.0320383 0.131871 0.52082 9.9991E-05
9.9973E-05 0.169627 0.105717 0.289251 0.0351174 0.128255 9.9973E-05 0.271732 9.9973E-05
9.9946E-05 9.9946E-05 9.9946E-05 9.9946E-05 0.010512 9.9946E-05 0.979129 0.00975902 9.9946E-05
0.0971088 0.194047 0.0526421 0.421516 0.0872703 0.0421804 0.105036 9.9982E-05 9.9982E-05
9.9973E-05 9.9973E-05 0.0197744 0.224003 0.0320562 0.00921632 0.66656 0.0480899 9.9973E-05
0.0706471 9.9964E-05 0.0641854 9.9964E-05 0.0584069 9.9964E-05 0.591515 9.9964E-05 0.214845
0.0499171 0.0331698 0.0565023 0.249956 0.0674542 0.00972651 9.9991E-05 0.244138 0.289036
0.0278042 0.042187 0.0717683 0.429859 0.0114718 0.0813955 0.124594 0.0800771 0.130842
0.728948 0.0106344 0.00874449 9.9964E-05 0.0489877 9.9964E-05 0.202285 9.9964E-05 9.9964E-05
0.231991 0.229673 9.9982E-05 0.0379113 0.0863653 0.0967119 0.167475 9.9982E-05 0.149673
0.204387 0.410493 9.9964E-05 0.0262402 0.0936896 9.9964E-05 0.26479 9.9964E-05 9.9964E-05
0.0102574 9.9946E-05 0.916897 9.9946E-05 0.0722462 9.9946E-05 9.9946E-05 9.9946E-05 9.9946E-05
0.519165 0.0622924 0.0485587 9.9973E-05 9.9973E-05 0.104683 9.9973E-05 0.168231 0.0967695
0.831439 0.0222261 9.9973E-05 9.9973E-05 0.0462311 0.00794527 0.0401729 0.0516853 9.9973E-05
0.495225 9.9973E-05 9.9973E-05 0.286575 0.0594024 0.0683243 0.0418911 0.0482825 9.9973E-05
0.168919 0.193813 0.089726 0.09695 0.0322616 0.00509497 0.213457 0.0489904 0.150788
0.3578 0.0667634 0.0264776 9.9973E-05 0.0559979 9.9973E-05 0.143925 9.9973E-05 0.348737
9.999E-05 0.0415775 0.136041 0.107096 0.0989765 0.0762852 0.140605 0.328654 0.0706651
9.9955E-05 0.00788213 9.9955E-05 0.0416771 9.9955E-05 0.0661298 0.883811 9.9955E-05 9.9955E-05
0.175204 0.422927 0.0442355 0.109707 0.0658291 9.9973E-05 9.9973E-05 0.181797 9.9973E-05
0.158755 0.161959 0.0147453 0.00319614 0.126182 0.00143995 0.112333 0.0545362 0.366854
9.9982E-05 0.312242 9.9982E-05 0.349502 0.0152238 0.0539641 0.0490176 0.14622 0.0736302
9.9973E-05 0.424655 0.0580294 0.0581954 9.9973E-05 0.173772 0.192746 0.0923025 9.9973E-05
9.9973E-05 0.0412876 9.9973E-05 0.573861 0.0151455 0.0292016 0.0761492 0.264056 9.9973E-05
0.0537912 0.0595819 9.9982E-05 0.532556 0.129872 0.0999383 0.0933808 0.0306799 9.9982E-05
0.64751 9.9955E-05 0.0906809 9.9955E-05 9.9955E-05 0.097158 9.9955E-05 0.164151 9.9955E-05
0.781131 0.00837391 9.9955E-05 9.9955E-05 9.9955E-05 0.040467 0.169528 9.9955E-05 9.9955E-05
0.538078 0.213613 0.136987 9.9982E-05 0.0467984 0.033055 0.0257974 0.00547113 9.9982E-05
0.286554 0.0591221 0.0617643 0.0018653 0.0623582 0.0678746 0.185166 0.177479 0.0978157
0.506093 0.213269 9.9964E-05 0.158242 9.9964E-05 0.0789176 0.0430786 9.9964E-05 9.9964E-05
0.0129606 9.9973E-05 0.160554 0.65274 9.9973E-05 0.0621878 9.9973E-05 0.0738917 0.0373652
0.00756288 0.170267 0.105352 0.0103729 0.0189294 0.113856 9.9991E-05 0.354902 0.218658
0.341831 0.187859 0.0021342 0.137506 0.0517411 9.9973E-05 0.278629 9.9973E-05 9.9973E-05
0.120501 9.9973E-05 9.9973E-05 0.272932 9.9973E-05 0.0588726 0.25868 0.13473 0.153986
0.634042 0.053813 0.0310232 0.0164795 0.043995 9.9982E-05 9.9982E-05 0.0077573 0.21269
9.99641E-05 0.118552 9.99641E-05 0.646405 0.0437257 0.0186879 9.99641E-05 9.99641E-05 0.172229
0.0918679 0.300395 0.169112 9.9991E-05 0.0721672 0.0245062 0.155119 0.0159525 0.17078
9.9964E-05 9.9964E-05 9.9964E-05 0.297591 0.0546563 9.9964E-05 0.183064 0.0946301 0.369659
9.99369E-05 9.99369E-05 0.973664 9.99369E-05 9.99369E-05 0.0256367 9.99369E-05 9.99369E-05 9.99369E-05
9.9973E-05 0.318129 9.9973E-05 0.303905 0.00350584 0.0386767 9.9973E-05 0.0285336 0.30695
0.445399 0.109219 0.00994386 0.319615 0.0692033 0.0452948 9.9982E-05 0.00112492 9.9982E-05
9.9964E-05 0.347386 9.9964E-05 9.9964E-05 0.0809335 9.9964E-05 0.336121 0.115896 0.119263
0.588324 9.9973E-05 9.9973E-05 9.9973E-05 0.00494161 0.0765772 0.169501 0.09737 0.0629857
0.419891 0.0708159 0.0812174 0.127459 9.9982E-05 0.0811598 9.9982E-05 0.21482 0.0044371
0.00673799 9.9973E-05 0.0189088 9.9973E-05 9.9973E-05 0.0184188 0.564784 0.379486 0.011365
9.99461E-05 9.99461E-05 9.99461E-05 0.291565 9.99461E-05 0.0455703 0.662265 9.99461E-05 9.99461E-05
9.9955E-05 9.9955E-05 0.528947 0.0491161 0.0610288 9.9955E-05 9.9955E-05 9.9955E-05 0.360409
0.173792 0.349238 0.269637 9.9964E-05 9.9964E-05 9.9964E-05 0.0844668 9.9964E-05 0.122467
0.209432 0.120795 0.210093 0.0593935 0.0522072 9.9982E-05 0.221895 9.9982E-05 0.125984
9.993E-05 9.993E-05 0.999201 9.993E-05 9.993E-05 9.993E-05 9.993E-05 9.993E-05 9.993E-05
9.99819E-05 0.287869 0.0620531 9.99819E-05 0.0502604 0.0912689 0.216159 0.105674 0.186516
9.99459E-05 9.99459E-05 0.0136588 9.99459E-05 0.00635256 0.979389 9.99459E-05 9.99459E-05 9.99459E-05
0.240469 0.093517 0.0912209 0.0755558 0.0223591 0.100422 9.9991E-05 0.284088 0.092269
0.0856581 0.245605 0.0378695 0.239047 9.9991E-05 0.0111747 0.0169478 0.285359 0.078239
0.34907 0.217685 0.0567346 0.100875 9.9973E-05 9.9973E-05 0.0948067 0.180529 9.9973E-05
0.414205 0.0778272 9.9982E-05 0.124338 0.0727149 0.15624 9.9982E-05 0.108545 0.0459303
0.0176783 0.363218 0.101271 0.251105 0.0104221 0.084678 0.0844783 0.049653 0.0374963
0.17475 9.9964E-05 9.9964E-05 9.9964E-05 0.0399084 9.9964E-05 0.422213 0.0161124 0.346617
0.359988 0.220716 9.9982E-05 9.9982E-05 0.00362623 0.13836 0.128448 0.148321 0.000340528
0.012171 0.0289898 0.215856 0.48183 0.0749917 9.9982E-05 0.073361 9.9982E-05 0.1126
0.284239 9.9982E-05 0.110821 0.121746 9.9982E-05 0.0816028 0.0880012 0.31029 0.00310075
0.207806 0.0814125 0.49915 9.9973E-05 0.042946 9.9973E-05 9.9973E-05 0.0314051 0.136981
0.112663 0.116759 0.0830116 0.0638761 0.0526253 0.0423566 0.172145 0.280106 0.076458
9.993E-05 9.993E-05 0.999201 9.993E-05 9.993E-05 9.993E-05 9.993E-05 9.993E-05 9.993E-05
0.024757 0.212264 0.0412636 9.9982E-05 9.9982E-05 0.240949 0.165527 0.0181931 0.296847
0.561687 9.9973E-05 0.0320626 0.0648745 0.112537 9.9973E-05 0.152149 0.07639 9.9973E-05
0.0856054 0.114362 0.159798 0.213067 0.0286865 0.0231417 0.37514 9.9982E-05 9.9982E-05
0.0224301 0.223923 0.0487182 0.473303 0.0456555 0.0790884 9.9982E-05 9.9982E-05 0.106682
0.275356 0.146155 0.0443546 0.0382361 0.097519 0.0693151 0.328864 9.9982E-05 9.9982E-05
0.278166 0.159874 0.401613 9.9964E-05 0.0767982 9.9964E-05 9.9964E-05 9.9964E-05 0.0831493
0.001684 0.0539759 0.100821 9.9982E-05 0.127095 0.00119253 0.682181 9.9982E-05 0.0328505
0.146637 0.032806 9.9973E-05 0.263808 9.9973E-05 0.0880928 9.9973E-05 0.391523 0.0768341
9.9982E-05 0.0929552 0.138218 0.311199 0.0268008 0.0782505 0.28381 9.9982E-05 0.0685669
0.0693439 0.630125 9.99551E-05 0.170663 9.99551E-05 9.99551E-05 9.99551E-05 0.129369 9.99551E-05
9.9955E-05 9.9955E-05 9.9955E-05 0.0933138 0.0442282 9.9955E-05 9.9955E-05 0.130947 0.731012
0.159248 0.0999996 0.158614 9.9991E-05 0.0589087 0.0579161 0.220437 0.0238505 0.220926
0.208849 9.9973E-05 9.9973E-05 0.603344 0.0170744 9.9973E-05 0.0501814 0.102685 0.0175668
0.0129193 9.9982E-05 0.115807 0.00374772 0.021586 0.0329265 9.9982E-05 0.115447 0.697367
0.570892 0.0663754 0.0318281 0.165835 9.9964E-05 9.9964E-05 9.9964E-05 9.9964E-05 0.16467
0.326781 0.139527 0.0791896 0.110032 0.0884455 9.9982E-05 0.219002 0.0368223 9.9982E-05
0.379401 0.179637 0.304432 0.0384353 9.9973E-05 0.0206038 0.0771911 9.9973E-05 9.9973E-05
9.9991E-05 0.203071 0.126514 0.244132 0.103737 0.00298758 0.0261483 0.217593 0.0757166
0.346722 9.9973E-05 0.0393607 0.269505 9.9973E-05 0.0427948 0.104427 9.9973E-05 0.19689
0.153737 0.101015 0.0624207 0.341609 0.0651108 0.00641767 0.127121 9.9991E-05 0.142468
9.993E-05 9.993E-05 9.993E-05 9.993E-05 9.993E-05 9.993E-05 9.993E-05 0.999201 9.993E-05
9.99369E-05 9.99369E-05 9.99369E-05 9.99369E-05 0.00887915 9.99369E-05 9.99369E-05 0.990421 9.99369E-05
0.0270659 9.9991E-05 0.0791398 0.342709 0.0547067 0.0418436 0.169767 0.17385 0.110817
0.447283 0.160883 9.9991E-05 0.0682241 0.0328139 0.101555 0.159179 0.0123959 0.0175661
0.0912118 0.0636444 0.0622326 0.48606 0.102303 0.130463 0.0638847 9.9982E-05 9.9982E-05
9.9973E-05 0.34796 9.9973E-05 0.002622 0.0390265 0.0611327 9.9973E-05 0.221632 0.327327
0.0565888 0.0994073 0.0193987 0.0932346 9.9982E-05 0.0314091 0.476793 9.9982E-05 0.222968
9.9973E-05 9.9973E-05 0.013762 0.340868 0.0403527 0.0231802 0.346863 9.9973E-05 0.234674
0.498689 0.0920567 9.9964E-05 9.9964E-05 0.0571805 0.0847098 9.9964E-05 0.266965 9.9964E-05
0.363181 0.0873964 0.334562 0.0121274 0.0847183 0.0252434 9.9982E-05 9.9982E-05 0.0925708
0.249882 0.101666 9.9982E-05 0.220115 0.00640512 0.0362514 0.235829 0.149652 9.9982E-05
9.993E-05 9.993E-05 9.993E-05 9.993E-05 0.999201 9.993E-05 9.993E-05 9.993E-05 9.993E-05
0.676043 9.9973E-05 9.9973E-05 0.124328 0.058003 0.0722443 9.9973E-05 0.0391445 0.0299377
0.316056 9.9964E-05 9.9964E-05 0.0564463 0.0466856 0.235589 9.9964E-05 0.344823 9.9964E-05
0.0562859 0.0336589 0.0203546 0.403472 0.0700914 9.9982E-05 9.9982E-05 0.00819249 0.407745
0.241673 0.137787 9.9973E-05 0.134439 0.0813435 0.196856 9.9973E-05 0.207602 9.9973E-05
0.254215 9.9991E-05 0.0460133 0.231091 0.10721 0.0420718 0.0909937 0.086025 0.14228
9.9982E-05 0.0334822 9.9982E-05 0.276227 0.0924294 0.0517003 0.28716 0.241311 0.0174903
0.216343 0.243176 0.00108624 0.332518 0.0890265 9.9982E-05 0.0458063 9.9982E-05 0.0718435
0.187932 0.0716884 0.23817 9.9982E-05 0.0531237 0.0537832 9.9982E-05 0.344165 0.0509369
0.371386 9.9973E-05 9.9973E-05 0.186384 0.0839022 9.9973E-05 0.19143 0.0109879 0.15561
0.116506 0.136444 0.0954112 9.9991E-05 0.0948938 0.11012 0.0496364 0.158348 0.238541
0.475301 9.9955E-05 0.193529 9.9955E-05 9.9955E-05 9.9955E-05 0.218807 0.111863 9.9955E-05
0.285421 0.0773361 0.143723 0.27035 0.0702731 9.9982E-05 9.9982E-05 0.0959555 0.0567422
0.423671 0.112983 9.9955E-05 9.9955E-05 0.0416564 9.9955E-05 9.9955E-05 9.9955E-05 0.421189
9.993E-05 9.993E-05 9.993E-05 9.993E-05 0.999201 9.993E-05 9.993E-05 9.993E-05 9.993E-05
0.163691 0.296372 9.99549E-05 0.187164 0.352274 9.99549E-05 9.99549E-05 9.99549E-05 9.99549E-05
0.108395 9.9964E-05 9.9964E-05 0.0429749 9.9964E-05 0.0947579 0.246157 0.507316 9.9964E-05
0.0437975 9.9973E-05 9.9973E-05 9.9973E-05 0.0839713 0.0572271 0.536558 0.118886 0.15926
0.723001 9.9973E-05 0.0779909 0.00160686 0.0491584 0.0899391 9.9973E-05 9.9973E-05 0.0580037
0.333998 0.0929496 9.9982E-05 0.0210972 0.0599451 9.9982E-05 0.370708 0.0676508 0.0534506
0.0624825 0.195826 9.9991E-05 0.292303 0.0547809 0.0360558 0.167284 0.142965 0.048203
9.993E-05 9.993E-05 9.993E-05 9.993E-05 9.993E-05 9.993E-05 9.993E-05 0.999201 9.993E-05
0.33563 0.380178 0.105289 0.0896904 0.0888133 9.9964E-05 9.9964E-05 9.9964E-05 9.9964E-05
0.114469 0.0799524 0.132917 0.249095 9.9982E-05 9.9982E-05 0.234699 0.0621053 0.126563
9.9982E-05 0.116234 0.118168 0.133963 0.0300803 0.0508977 0.442201 0.108256 9.9982E-05
0.240558 9.9991E-05 0.159867 0.111562 0.0921288 0.0223746 0.17552 0.0268581 0.171031
9.9955E-05 0.103982 9.9955E-05 0.026192 9.9955E-05 9.9955E-05 0.693972 0.175354 9.9955E-05
0.512441 0.257632 9.9964E-05 0.086609 0.13566 0.00725776 9.9964E-05 9.9964E-05 9.9964E-05
0.137368 0.174036 9.9964E-05 0.233048 9.9964E-05 0.133254 0.321894 9.9964E-05 9.9964E-05
0.127771 0.163462 9.9973E-05 0.384029 0.0178219 9.9973E-05 9.9973E-05 0.104098 0.202518
0.0741924 0.175165 0.0297592 0.471798 9.9973E-05 0.0695128 9.9973E-05 0.179273 9.9973E-05
9.9937E-05 9.9937E-05 9.9937E-05 9.9937E-05 9.9937E-05 0.988673 0.0106276 9.9937E-05 9.9937E-05
0.00407779 9.9982E-05 9.9982E-05 0.297545 0.00700453 0.00942535 0.331828 0.144153 0.205767
9.993E-05 0.999201 9.993E-05 9.993E-05 9.993E-05 9.993E-05 9.993E-05 9.993E-05 9.993E-05
9.9973E-05 0.117932 0.152352 9.9973E-05 0.11647 0.0415335 0.191111 9.9973E-05 0.380301
0.214511 9.9973E-05 9.9973E-05 9.9973E-05 0.0321853 0.0403146 0.415711 0.217382 0.0795953
0.313425 9.9964E-05 0.262246 0.184428 9.9964E-05 9.9964E-05 0.0920782 0.147423 9.9964E-05
0.46218 0.11819 9.9964E-05 0.183749 9.9964E-05 9.9964E-05 9.9964E-05 0.120962 0.11452
9.993E-05 9.993E-05 9.993E-05 9.993E-05 9.993E-05 0.999201 9.993E-05 9.993E-05 9.993E-05
0.282742 0.204416 9.9973E-05 0.0513809 0.0830862 9.9973E-05 0.365836 0.0122389 9.9973E-05
0.218822 0.231669 0.0133059 9.9991E-05 0.0599782 0.0864027 0.149815 0.185554 0.0543536
0.532221 0.0657674 9.9973E-05 0.110692 9.9973E-05 0.00059032 0.180525 0.109905 9.9973E-05
0.0199411 0.128694 0.0416239 0.430949 0.00406936 9.9982E-05 0.0779499 0.296573 9.9982E-05
