0.0306555 0.103597 0.0116888 0.03035 0.823609 9.9991E-05
0.0222536 0.096437 0.053377 0.284293 0.365308 0.178332
0.0926228 0.367961 0.077331 0.183416 0.113723 0.164946
0.00531067 0.537155 0.0579284 0.00251287 0.326616 0.0704779
0.198678 0.494488 0.16028 9.9991E-05 0.100366 0.0460871
0.204987 0.516885 0.0903091 0.18171 9.9991E-05 0.00600871
0.119427 0.410795 9.9982E-05 9.9982E-05 0.345737 0.123841
0.0936228 0.371293 0.100619 0.02129 0.335162 0.0780141
0.0199105 0.485701 0.0857509 0.304395 0.0318909 0.072352
0.128097 9.9991E-05 0.273043 0.312613 0.121474 0.164673
0.210258 0.0149275 0.197334 0.456486 0.0173109 0.103684
0.132937 0.118735 9.9982E-05 0.652484 9.9982E-05 0.0956443
0.282478 0.289833 0.114074 0.117431 0.196084 9.9991E-05
0.368575 0.107908 0.0911156 0.00101313 0.32405 0.107339
0.774072 9.9973E-05 0.0509789 0.174649 9.9973E-05 9.9973E-05
0.220599 0.390329 0.0109623 9.9991E-05 0.234928 0.143081
0.702686 0.0256356 0.219023 9.9982E-05 9.9982E-05 0.0524559
0.346816 0.0141457 0.100604 0.0611674 0.239547 0.23772
0.0575683 0.521676 9.9991E-05 0.234752 0.152404 0.033499
0.0160781 0.383318 0.123944 0.173099 0.136996 0.166565
0.176899 0.297513 0.0812962 0.0461927 0.397999 9.9991E-05
0.208158 9.9982E-05 0.078226 0.450245 0.26317 9.9982E-05
0.168487 0.59317 9.9982E-05 0.158704 0.0794384 9.9982E-05
9.9973E-05 0.609527 9.9973E-05 9.9973E-05 0.282385 0.107788
0.235117 9.9973E-05 0.292929 0.471653 9.9973E-05 9.9973E-05
0.137201 0.25094 0.0628147 9.9991E-05 0.47307 0.0758743
0.105761 0.17203 0.187579 0.208192 0.063109 0.263328
0.162193 0.0422185 0.0760685 0.347632 0.240943 0.130945
0.151409 0.215747 0.108834 0.121343 0.204432 0.198235
0.0290995 0.224641 0.0154077 9.9991E-05 0.129577 0.601174
0.218662 0.267651 0.0995217 0.326101 9.9991E-05 0.0879643
0.0212821 0.0488784 0.0867775 0.552774 0.0272586 0.263029
0.187159 0.510901 9.9991E-05 0.0632102 0.224309 0.014321
0.204509 0.470276 0.147222 9.9991E-05 0.159351 0.018543
0.291584 0.0660246 0.163839 0.126572 0.35188 9.9991E-05
9.996E-05 9.996E-05 9.996E-05 9.996E-05 0.9995 9.996E-05
0.0241629 0.383801 0.183511 0.0547369 0.27902 0.074768
9.9982E-05 9.9982E-05 0.171847 0.209188 0.549912 0.0688533
0.253779 0.533026 0.136482 0.00048203 9.9991E-05 0.0761304
0.357315 0.319469 0.0905157 0.0646545 0.167946 9.9991E-05
0.234973 0.195498 0.069061 0.329272 0.132537 0.0386588
0.144327 0.420669 0.148682 9.9991E-05 0.170196 0.116026
0.127855 0.233228 0.093666 0.0841025 0.404024 0.0571254
9.9973E-05 9.9973E-05 9.9973E-05 0.697005 0.243142 0.059553
0.0807089 9.9982E-05 9.9982E-05 0.698691 0.10085 0.119551
0.0813981 0.466864 0.26184 0.169719 0.0200792 9.9991E-05
0.0185931 0.730971 0.0196645 9.9991E-05 0.198176 0.0324953
0.0258937 0.63651 9.9991E-05 0.199133 0.043432 0.0949313
0.275659 0.0464591 9.9991E-05 0.434371 0.0956273 0.147783
0.265263 0.026444 9.9991E-05 0.302336 0.299577 0.10628
0.369005 9.9982E-05 0.0788915 0.172587 0.379317 9.9982E-05
0.0130572 0.649559 0.0439471 0.0673085 0.112472 0.113657
0.156838 0.569261 0.00673469 0.0750608 0.0558839 0.136222
0.151321 0.331168 0.242866 9.9991E-05 0.0692066 0.205339
9.9982E-05 0.124591 9.9982E-05 0.740309 0.073259 0.0616411
0.241203 0.296944 0.073764 0.071738 0.254161 0.0621889
0.0281247 0.0340225 0.0497907 0.887862 9.9982E-05 9.9982E-05
0.0305773 9.9982E-05 0.0737073 0.686795 0.20872 9.9982E-05
0.234267 0.221209 0.100727 0.214236 0.20139 0.0281721
0.122827 9.9982E-05 0.219832 0.471123 0.186018 9.9982E-05
0.0515749 0.815641 0.0200129 9.9991E-05 0.0269499 0.0857212
0.315496 0.419749 0.0705656 0.10729 0.0859977 0.00090236
0.273774 0.47045 9.9991E-05 0.080913 0.0839932 0.0907689
9.9964E-05 9.9964E-05 9.9964E-05 9.9964E-05 0.0875627 0.912037
9.9991E-05 0.152277 0.211183 0.0240304 0.592401 0.0200087
9.996E-05 9.996E-05 9.996E-05 9.996E-05 0.9995 9.996E-05
0.0742234 0.436677 0.0690775 0.232876 0.187046 9.9991E-05
0.224671 0.507347 0.0312474 0.119357 9.9991E-05 0.117278
0.0580049 0.150669 9.9991E-05 0.102695 0.674686 0.0138459
0.150097 0.266275 0.123005 0.0624168 0.145095 0.253112
0.0634026 0.223568 0.234777 0.392548 9.9991E-05 0.0856042
0.442925 0.0993043 0.0253935 0.0406434 0.391633 9.9991E-05
0.405877 0.174242 0.00867931 0.236793 0.135575 0.0388338
0.254586 0.0841839 0.18386 0.398378 9.9991E-05 0.0788914
0.338832 9.9991E-05 0.205394 0.120975 0.152601 0.182099
0.166791 0.382713 0.189756 0.260541 9.9982E-05 9.9982E-05
0.181253 0.443164 0.0319478 0.255011 9.9991E-05 0.088524
0.141614 0.66771 0.0739931 9.9982E-05 9.9982E-05 0.116483
9.9973E-05 0.837373 0.0468949 9.9973E-05 0.115433 9.9973E-05
0.212195 0.56512 0.0372984 9.9991E-05 0.0451673 0.14012
0.117097 0.50173 0.00147459 0.158923 0.138032 0.0827433
0.066325 0.523543 0.0955595 0.0776468 0.208737 0.0281887
0.0316457 0.36745 0.106497 0.286911 0.0238445 0.183651
0.207409 0.58346 0.0660325 0.0107769 9.9991E-05 0.132222
0.208921 0.502267 9.9991E-05 0.176595 0.0601033 0.0520144
9.9982E-05 0.326551 0.102466 0.348588 0.222195 9.9982E-05
0.0205105 0.279997 9.9982E-05 9.9982E-05 0.675161 0.0241316
0.18071 0.399338 0.100071 0.31968 9.9982E-05 9.9982E-05
0.317076 0.055421 0.111525 0.0225414 0.383727 0.10971
0.0501305 0.112389 9.9982E-05 0.466694 0.370587 9.9982E-05
9.9973E-05 9.9973E-05 0.00835233 9.9973E-05 0.0346207 0.956727
0.2733 9.9991E-05 0.20513 0.467254 0.0213525 0.0328638
0.125355 0.732231 0.0303776 9.9982E-05 0.111837 9.9982E-05
0.508177 0.0409572 9.9991E-05 0.294744 0.0831844 0.0728377
0.0425532 0.667179 0.0116094 9.9982E-05 0.278458 9.9982E-05
9.9982E-05 0.579177 0.0334372 9.9982E-05 0.269123 0.118063
9.9973E-05 9.9973E-05 0.0391959 0.430776 0.529729 9.9973E-05
9.99731E-05 0.674827 0.170026 0.154847 9.99731E-05 9.99731E-05
0.268366 0.0942573 0.0215989 9.9991E-05 0.059586 0.556092
0.137853 0.113347 9.9991E-05 0.189905 0.226329 0.332465
0.295943 0.209123 0.0502336 0.155226 0.208272 0.0812026
9.996E-05 9.996E-05 9.996E-05 9.996E-05 9.996E-05 0.9995
0.326578 0.0172635 0.190881 0.308982 0.107165 0.0491314
9.996E-05 9.996E-05 0.9995 9.996E-05 9.996E-05 9.996E-05
0.271907 0.0672751 0.0654043 0.396913 0.146838 0.0516633
0.157044 0.515451 0.0142504 0.2586 0.0478601 0.00679379
0.211219 0.251471 0.0642938 0.125185 0.26139 0.0864413
9.9991E-05 0.111041 0.18415 0.191998 0.394636 0.118074
0.315887 0.269601 0.0964281 0.233952 0.0214989 0.0626338
0.0904191 9.9973E-05 9.9973E-05 0.405502 0.503779 9.9973E-05
0.172624 0.454279 0.138808 0.114232 0.119957 9.9991E-05
0.254102 9.9973E-05 9.9973E-05 0.531992 9.9973E-05 0.213606
0.0265553 0.46078 0.110074 0.206608 0.0302623 0.16572
0.269344 0.273915 0.0368143 9.9982E-05 9.9982E-05 0.419727
0.126335 0.365684 0.0941155 0.0584112 0.355355 9.9991E-05
9.996E-05 9.996E-05 9.996E-05 9.996E-05 9.996E-05 0.9995
0.0647879 0.207155 0.324368 0.123532 0.232658 0.0475001
0.0681409 0.184697 0.0359067 0.0305535 0.623776 0.0569255
0.0935905 0.542182 9.9982E-05 0.290476 9.9982E-05 0.0735522
0.274632 9.9991E-05 0.107595 0.400648 0.0545425 0.162482
0.352343 0.155703 0.11877 9.9991E-05 0.317617 0.0554661
0.244622 0.163459 9.9982E-05 9.9982E-05 0.20152 0.390199
0.320924 9.9991E-05 0.0899815 0.163396 0.20557 0.220029
0.0688175 0.751214 0.112092 0.0676757 9.9982E-05 9.9982E-05
0.0935154 0.155626 0.0650664 0.497434 0.0352335 0.153124
0.361713 0.574849 9.9982E-05 0.0537145 0.00952321 9.9982E-05
0.246759 9.9982E-05 0.0164352 0.6227 0.113905 9.9982E-05
9.9991E-05 0.419356 0.0649977 0.281383 0.127966 0.106198
0.0965778 0.340948 9.9973E-05 0.562174 9.9973E-05 9.9973E-05
9.9991E-05 0.0784106 0.0891835 0.306034 0.389284 0.136987
0.15911 0.198462 0.017266 9.9991E-05 0.517264 0.107798
0.210634 0.670178 9.9982E-05 9.9982E-05 0.106194 0.0127939
0.0548855 0.522432 0.0590291 0.0751264 9.9991E-05 0.288427
0.371592 0.265685 0.0229111 0.203316 9.9991E-05 0.136396
0.00193905 0.431504 0.141323 0.0819527 0.25524 0.0880406
0.149049 0.258645 0.139118 0.362914 9.9991E-05 0.0901744
0.0233542 0.679499 0.023108 0.195848 9.9991E-05 0.0780912
0.208756 0.557539 0.00562023 9.9991E-05 0.144396 0.0835882
0.181374 0.00577936 0.022133 0.494343 0.274601 0.0217699
0.0191994 0.548073 0.109173 0.0566162 0.184641 0.082298
0.199328 0.426992 0.161505 0.165347 0.0139861 0.0328426
0.452879 0.0298634 0.133427 0.37746 9.9991E-05 0.00627014
9.9982E-05 0.4984 0.138592 0.159476 9.9982E-05 0.203332
0.110524 9.9991E-05 0.0517364 0.583792 0.212355 0.0414937
9.9982E-05 0.708686 0.0423149 9.9982E-05 0.178361 0.0704375
0.287953 0.0409048 0.045411 0.0734436 0.192527 0.359762
0.118417 0.462245 0.061352 0.111862 0.201434 0.0446906
0.9995 9.996E-05 9.996E-05 9.996E-05 9.996E-05 9.996E-05
0.188995 0.146636 0.120985 9.9982E-05 0.543185 9.9982E-05
9.9982E-05 0.408429 0.260664 0.00149685 0.32921 9.9982E-05
0.0656071 0.143531 0.0288369 0.761825 9.9982E-05 9.9982E-05
0.0373497 0.559383 0.237896 0.0618277 0.103444 9.9991E-05
0.19511 0.284168 0.0933068 0.168156 0.132927 0.126332
0.197606 0.427479 0.0247235 0.140728 0.00457957 0.204885
0.152799 0.241308 9.9982E-05 0.521636 0.0840579 9.9982E-05
0.225747 0.26641 0.0945465 9.9991E-05 0.187099 0.226098
0.0299081 0.354878 9.9991E-05 0.412197 0.16605 0.0368673
0.198989 0.191942 0.0971743 0.141771 0.258808 0.111316
9.9964E-05 9.9964E-05 9.9964E-05 9.9964E-05 0.961252 0.0383478
0.294035 0.180056 9.9991E-05 0.217513 0.173992 0.134304
0.0709387 0.468206 0.151831 9.9991E-05 0.278355 0.0305693
0.9995 9.996E-05 9.996E-05 9.996E-05 9.996E-05 9.996E-05
0.929667 0.069933 9.9964E-05 9.9964E-05 9.9964E-05 9.9964E-05
0.00323664 0.351715 0.076571 0.15916 0.409217 9.9991E-05
0.0578211 0.265619 0.0191325 0.398051 0.159503 0.0998744
0.132851 9.9982E-05 0.00957617 0.0410638 0.816309 9.9982E-05
0.27447 0.227058 9.9982E-05 0.239461 0.25881 9.9982E-05
0.221241 0.291272 0.195061 0.228857 0.0634691 9.9991E-05
0.292778 0.307847 9.9982E-05 0.010283 0.388892 9.9982E-05
0.449583 0.230184 9.9991E-05 0.0431606 0.201098 0.0758743
0.214619 0.186997 0.0503293 0.369719 0.0577606 0.120575
0.234824 0.108998 0.131049 0.40826 0.0268614 0.0900076
0.223827 0.263948 0.0163718 9.9991E-05 0.384551 0.111203
0.244394 9.9982E-05 0.132092 0.308908 0.314406 9.9982E-05
0.303633 0.448635 0.0601614 9.9991E-05 0.186683 0.000786972
0.122681 0.332598 0.179235 0.336218 9.9991E-05 0.0291672
0.186166 0.631207 0.027163 0.155264 9.9982E-05 9.9982E-05
0.00500298 0.397433 0.0910181 0.393595 0.0281696 0.0847813
9.996E-05 9.996E-05 0.9995 9.996E-05 9.996E-05 9.996E-05
9.9991E-05 0.215369 0.163703 0.438251 0.0674202 0.115157
0.71354 9.9982E-05 0.131403 0.0305882 9.9982E-05 0.124269
0.390771 0.000637238 0.0678514 0.309106 0.138325 0.0933096
0.12612 0.0883674 0.100228 0.208485 0.455543 0.0212561
9.9991E-05 0.382526 0.00838981 0.101692 0.291208 0.216085
0.20276 0.377013 0.0356479 0.0145912 0.338304 0.0316837
9.996E-05 9.996E-05 0.9995 9.996E-05 9.996E-05 9.996E-05
0.308851 0.386435 9.9991E-05 0.151895 0.116354 0.0363649
0.178649 0.0535394 0.242743 0.0760181 0.429239 0.0198109
0.0532008 0.750596 9.9973E-05 9.9973E-05 0.195904 9.9973E-05
0.148934 9.9982E-05 9.9982E-05 0.344132 0.42498 0.0817535
