9.99821E-05 0.702563 0.117012 9.99821E-05 0.0857729 0.0525989 0.0418527
0.179748 0.174937 0.376626 9.9991E-05 0.0272043 0.145381 0.0960036
0.0640137 9.99731E-05 9.99731E-05 0.243929 0.534893 0.156865 9.99731E-05
9.997E-05 0.581784 0.191386 0.0978076 9.997E-05 0.128723 9.997E-05
0.254275 0.223725 0.378763 9.99821E-05 9.99821E-05 0.0710156 0.0720209
0.00434034 0.654499 9.99731E-05 0.206894 9.99731E-05 9.99731E-05 0.133967
0.163499 0.377002 9.99731E-05 9.99731E-05 9.99731E-05 0.251522 0.207677
0.369865 0.467361 0.162375 9.99641E-05 9.99641E-05 9.99641E-05 9.99641E-05
9.99821E-05 0.202742 0.0852263 0.0834264 0.140205 9.99821E-05 0.488201
9.99642E-05 0.259378 9.99642E-05 0.166673 0.57355 9.99642E-05 9.99642E-05
0.200483 9.9991E-05 0.200129 0.200128 0.178578 0.167239 0.0533431
0.229132 0.0531145 0.656255 9.99732E-05 9.99732E-05 9.99732E-05 0.061199
0.148626 0.370954 0.36399 0.0436458 9.99821E-05 0.0725838 9.99821E-05
9.99731E-05 0.574034 0.229879 9.99731E-05 9.99731E-05 0.0527844 0.143003
0.116825 0.292388 0.23727 0.105767 9.99911E-05 0.0211055 0.226545
0.251595 0.288726 0.265676 9.99731E-05 9.99731E-05 0.193702 9.99731E-05
0.0642115 0.30754 0.357784 0.0629293 0.0886456 0.11879 9.999E-05
9.99821E-05 0.439494 0.0527793 0.0771437 0.261767 9.99821E-05 0.168615
0.303008 0.247736 0.255059 0.0826485 0.055146 9.9991E-05 0.0563016
0.0764743 0.879135 9.99642E-05 0.043991 9.99642E-05 9.99642E-05 9.99642E-05
9.99732E-05 0.528595 9.99732E-05 0.0844057 0.155004 9.99732E-05 0.231695
0.539079 9.9973E-05 0.225386 9.9973E-05 0.174193 0.061042 9.9973E-05
9.998E-05 0.324113 0.160686 0.226052 9.998E-05 0.257484 0.0314645
9.9973E-05 0.00228769 0.157549 9.9973E-05 9.9973E-05 0.468018 0.371845
0.237967 0.114048 9.998E-05 0.173194 9.998E-05 0.346336 0.128255
0.150035 0.47602 0.0212107 9.9991E-05 0.307025 0.0394839 0.00612572
9.9973E-05 0.0407733 0.479356 9.9973E-05 0.392065 0.0875057 9.9973E-05
0.231065 0.145438 9.99821E-05 0.0846525 0.0359024 9.99821E-05 0.502742
0.536341 9.99731E-05 0.162322 0.283933 0.0171039 9.99731E-05 9.99731E-05
9.995E-05 9.995E-05 9.995E-05 9.995E-05 0.179558 0.819942 9.995E-05
9.99641E-05 0.125732 0.0740582 9.99641E-05 9.99641E-05 9.99641E-05 0.79981
0.466483 9.99642E-05 0.390181 9.99642E-05 9.99642E-05 0.142936 9.99642E-05
9.99642E-05 9.99642E-05 9.99642E-05 0.183034 0.815089 0.00147721 9.99642E-05
0.46941 0.122163 0.176599 9.99821E-05 9.99821E-05 0.196786 0.0348422
9.99641E-05 0.687609 0.0809106 9.99641E-05 9.99641E-05 0.23108 9.99641E-05
9.995E-05 0.9994 9.995E-05 9.995E-05 9.995E-05 9.995E-05 9.995E-05
0.299428 9.99731E-05 0.222284 9.99731E-05 0.0418958 9.99731E-05 0.436092
9.99641E-05 9.99641E-05 9.99641E-05 0.520383 0.287576 0.191642 9.99641E-05
0.04373 0.170469 0.38207 0.125348 9.9991E-05 0.156526 0.121759
0.0583266 0.0723789 0.505644 0.363351 9.99731E-05 9.99731E-05 9.99731E-05
9.99731E-05 9.99731E-05 0.135621 9.99731E-05 0.396838 0.322156 0.145086
9.998E-05 0.0785023 0.323045 9.998E-05 0.392182 0.142493 0.0635781
0.143014 0.762183 9.99641E-05 9.99641E-05 0.0944032 9.99641E-05 9.99641E-05
0.0175451 0.481828 0.279462 0.166514 9.99821E-05 9.99821E-05 0.0544503
0.417711 0.047345 0.303917 0.0374775 9.99821E-05 0.193349 9.99821E-05
0.00912159 0.711431 0.170349 0.108799 9.99732E-05 9.99732E-05 9.99732E-05
9.996E-05 0.500184 0.072007 9.996E-05 0.427409 9.996E-05 9.996E-05
0.0474824 0.0115603 0.246258 9.9982E-05 0.531056 9.9982E-05 0.163443
0.477007 0.16861 9.99732E-05 9.99732E-05 0.344093 0.00998994 9.99732E-05
0.0784064 0.921094 9.995E-05 9.995E-05 9.995E-05 9.995E-05 9.995E-05
0.289108 0.564692 9.99641E-05 9.99641E-05 9.99641E-05 0.1458 9.99641E-05
9.999E-05 0.0116922 0.348447 0.400912 0.121038 0.110083 0.00772804
9.9982E-05 0.17181 0.145411 9.9982E-05 0.488622 0.175542 0.0184145
0.11099 0.256209 0.0943611 0.324436 9.998E-05 0.213804 9.998E-05
0.351316 0.000219877 0.21789 0.0143121 9.998E-05 9.998E-05 0.416061
0.422356 9.997E-05 9.997E-05 0.0156796 0.0139586 9.997E-05 0.547705
0.0854918 0.222356 0.048317 9.998E-05 9.998E-05 0.211012 0.432623
0.341399 0.0148784 9.99643E-05 9.99643E-05 9.99643E-05 9.99643E-05 0.643323
0.109717 9.997E-05 0.46955 0.234789 9.997E-05 9.997E-05 0.185644
9.99731E-05 0.698296 0.0239455 0.135686 0.141773 9.99731E-05 9.99731E-05
0.25623 0.139408 0.0222865 0.238581 0.0935822 0.0751971 0.174714
9.998E-05 0.0334103 0.4376 9.998E-05 0.287236 0.073861 0.167693
0.254152 9.9964E-05 0.328196 9.9964E-05 0.417252 9.9964E-05 9.9964E-05
0.0461029 0.25563 9.99731E-05 0.0258598 9.99731E-05 0.672107 9.99731E-05
0.434416 0.295712 9.99642E-05 9.99642E-05 0.269472 9.99642E-05 9.99642E-05
0.1389 0.233768 0.185503 9.99821E-05 0.204197 0.237431 9.99821E-05
9.99821E-05 0.764936 9.99821E-05 0.0757514 0.0140796 0.123551 0.0214814
9.99821E-05 0.271908 0.349548 0.00119285 0.0537622 9.99821E-05 0.323389
0.442621 0.0852403 0.19447 0.0131098 0.118911 9.9991E-05 0.145547
0.155966 0.277626 9.998E-05 0.0976048 0.415131 0.0534715 9.998E-05
9.998E-05 0.234026 0.291599 0.0806178 0.090324 9.998E-05 0.303233
9.996E-05 9.996E-05 0.628798 9.996E-05 0.166762 0.20404 9.996E-05
0.342852 0.140612 0.321682 9.997E-05 9.997E-05 9.997E-05 0.194554
0.473367 0.017079 0.429444 9.99911E-05 0.0425683 0.0198973 0.0175443
0.0897962 0.542317 0.0613785 0.10607 9.999E-05 0.134566 0.0657723
0.265718 0.0345966 0.543273 9.99821E-05 9.99821E-05 0.0149838 0.141229
0.240813 0.283012 9.99733E-05 9.99733E-05 9.99733E-05 0.19814 0.277736
9.998E-05 9.998E-05 0.229354 0.138613 0.0947673 0.0789003 0.458165
0.253742 0.196441 9.9973E-05 0.265721 9.9973E-05 9.9973E-05 0.283796
0.390132 0.182732 0.283373 0.133774 9.998E-05 9.998E-05 0.0097889
0.155807 0.238405 0.605388 9.99642E-05 9.99642E-05 9.99642E-05 9.99642E-05
0.3485 0.383584 9.99821E-05 0.0294732 0.204792 0.0334517 9.99821E-05
9.997E-05 0.52977 9.997E-05 0.104317 0.0681715 9.997E-05 0.297442
0.438516 0.0170041 9.9982E-05 0.0866277 0.19989 0.257762 9.9982E-05
9.99821E-05 0.381225 0.104989 9.99821E-05 0.0882224 0.166863 0.258501
9.997E-05 0.699453 0.193259 0.0866493 0.020339 9.997E-05 9.997E-05
0.0287498 0.281053 0.373691 0.114549 0.153849 9.999E-05 0.0480082
0.0151696 0.114792 0.294931 9.998E-05 9.998E-05 0.529361 0.0455472
0.222045 0.337363 9.998E-05 0.314704 0.111081 0.0146054 9.998E-05
0.412032 0.0878419 9.99731E-05 0.0533248 0.446501 9.99731E-05 9.99731E-05
0.0892519 9.99643E-05 9.99643E-05 0.0188279 9.99643E-05 0.89152 9.99643E-05
9.996E-05 0.740872 9.996E-05 9.996E-05 9.996E-05 0.0683227 0.190406
0.0626989 9.99732E-05 0.175256 9.99732E-05 0.720312 0.041433 9.99732E-05
9.99731E-05 0.181004 9.99731E-05 0.343279 0.297774 9.99731E-05 0.177643
9.9964E-05 9.9964E-05 0.487076 9.9964E-05 0.494155 0.0183684 9.9964E-05
9.997E-05 0.365426 0.472309 0.14078 9.997E-05 0.0211856 9.997E-05
9.997E-05 0.620112 9.997E-05 9.997E-05 0.346355 0.0104372 0.0227959
9.99641E-05 0.376367 9.99641E-05 9.99641E-05 0.40732 9.99641E-05 0.215914
9.99731E-05 0.421117 0.137579 0.0426651 9.99731E-05 0.398339 9.99731E-05
9.9982E-05 0.191306 0.0959096 9.9982E-05 0.259795 0.388845 0.0639453
9.99642E-05 9.99642E-05 9.99642E-05 9.99642E-05 0.107995 0.032973 0.858632
9.99553E-05 9.99553E-05 9.99553E-05 0.100473 9.99553E-05 0.899027 9.99553E-05
9.997E-05 9.997E-05 9.997E-05 0.284018 0.35306 0.0706616 0.291961
9.99552E-05 9.99552E-05 9.99552E-05 0.994593 0.00490697 9.99552E-05 9.99552E-05
0.0591769 0.733339 0.180141 0.0119683 0.0151744 9.99821E-05 9.99821E-05
0.193045 0.270925 0.292186 9.9991E-05 0.0261748 0.0940893 0.12348
0.310223 0.347727 0.0561228 9.99821E-05 0.185832 9.99821E-05 0.0998954
0.453299 0.133488 9.998E-05 0.158129 0.24685 9.998E-05 0.00803442
0.557292 0.187099 0.081082 9.99821E-05 0.0838917 9.99821E-05 0.0904358
0.234298 9.99732E-05 9.99732E-05 0.617648 0.102377 0.045377 9.99732E-05
9.99822E-05 0.126163 0.150576 9.99822E-05 0.347838 0.321715 0.0535083
0.16575 0.729114 9.99642E-05 9.99642E-05 9.99642E-05 9.99642E-05 0.104736
0.294982 0.032892 9.997E-05 0.0996365 9.997E-05 0.572189 9.997E-05
0.669165 0.13447 0.115685 0.0537697 0.0267108 9.998E-05 9.998E-05
9.995E-05 9.995E-05 9.995E-05 9.995E-05 9.995E-05 0.9994 9.995E-05
0.0802895 9.998E-05 0.172126 0.239724 0.181481 9.998E-05 0.326179
0.00403234 0.746231 0.249337 9.99642E-05 9.99642E-05 9.99642E-05 9.99642E-05
0.402606 9.997E-05 0.23399 9.997E-05 0.307523 0.0555821 9.997E-05
0.679933 9.9973E-05 0.0985448 0.0218333 9.9973E-05 0.199389 9.9973E-05
0.0962571 0.54663 0.0947714 0.159762 9.9991E-05 0.0900542 0.0124248
0.0347215 0.394121 0.132876 9.998E-05 0.0410821 0.397 9.998E-05
9.998E-05 0.403764 0.106212 0.0358613 9.998E-05 0.18435 0.269613
0.22197 0.557884 9.99641E-05 0.219747 9.99641E-05 9.99641E-05 9.99641E-05
0.142835 0.488737 0.129334 0.0815691 0.0699504 9.999E-05 0.0874741
0.164812 0.10698 0.237471 9.99821E-05 0.249725 0.240811 9.99821E-05
0.0859731 0.37907 0.119599 9.998E-05 0.118608 9.998E-05 0.29655
9.99642E-05 9.99642E-05 0.155356 9.99642E-05 0.679825 0.164419 9.99642E-05
0.284059 0.289379 0.129564 0.0548257 9.998E-05 9.998E-05 0.241973
9.996E-05 0.236037 9.996E-05 0.570832 9.996E-05 0.19273 9.996E-05
0.120994 0.352895 9.99821E-05 0.145673 0.26719 0.113048 9.99821E-05
9.99642E-05 9.99642E-05 0.0472212 9.99642E-05 0.453595 9.99642E-05 0.498784
0.143187 0.542111 0.0949491 9.999E-05 0.0427058 0.0115328 0.165415
0.0988945 9.99731E-05 0.399638 0.0050034 0.496164 9.99731E-05 9.99731E-05
0.0508593 0.141649 0.285312 0.404967 0.0546446 9.9991E-05 0.0624674
9.997E-05 0.269259 0.303521 0.211994 0.214927 9.997E-05 9.997E-05
0.0549689 0.911429 9.996E-05 0.0332022 9.996E-05 9.996E-05 9.996E-05
0.7947 0.202001 9.99642E-05 9.99642E-05 0.00289982 9.99642E-05 9.99642E-05
0.505259 0.204698 9.99732E-05 0.195425 0.0943171 9.99732E-05 9.99732E-05
0.0886725 0.0804774 0.225282 0.0110181 0.128652 9.999E-05 0.465798
0.274333 0.631354 9.99642E-05 9.99642E-05 9.99642E-05 9.99642E-05 0.0939126
0.0687235 0.198124 0.0973083 0.18088 9.99911E-05 0.000638492 0.454226
9.999E-05 0.0835705 0.296968 0.407338 0.0240949 0.145633 0.0422947
0.0617082 0.187072 0.0757345 0.0589336 0.506201 9.999E-05 0.110251
0.127546 9.99731E-05 9.99731E-05 0.0464543 0.801058 0.0246414 9.99731E-05
9.997E-05 0.221934 0.189504 0.162985 9.997E-05 0.425277 9.997E-05
0.363094 0.623963 0.00702057 9.997E-05 9.997E-05 9.997E-05 0.00562213
9.995E-05 9.995E-05 0.9994 9.995E-05 9.995E-05 9.995E-05 9.995E-05
9.99732E-05 0.76126 9.99732E-05 0.0897523 0.0199189 0.128769 9.99732E-05
0.075008 0.46612 9.99731E-05 9.99731E-05 9.99731E-05 0.249743 0.208829
9.996E-05 9.996E-05 0.358833 0.0991556 9.996E-05 9.996E-05 0.541611
0.0721745 0.183383 0.459839 0.194272 9.99821E-05 9.99821E-05 0.0901317
0.0910947 9.99642E-05 0.674108 9.99642E-05 0.234397 9.99642E-05 9.99642E-05
0.587129 0.238105 9.9973E-05 9.9973E-05 0.0624409 9.9973E-05 0.112025
0.353137 0.221711 0.163558 9.999E-05 0.0761788 0.0420307 0.143285
9.99642E-05 0.194579 9.99642E-05 9.99642E-05 9.99642E-05 0.293985 0.511036
9.99732E-05 0.296113 0.255186 0.348343 0.100058 9.99732E-05 9.99732E-05
0.180916 0.0223618 0.0635257 0.323426 0.132534 0.123503 0.153734
0.242575 0.328436 0.00991996 9.99733E-05 0.418769 9.99733E-05 9.99733E-05
0.43266 0.40412 9.997E-05 9.997E-05 9.997E-05 0.0356303 0.12729
0.0657678 0.300446 9.999E-05 0.116353 0.0536567 0.259682 0.203995
9.995E-05 9.995E-05 0.9994 9.995E-05 9.995E-05 9.995E-05 9.995E-05
0.162114 0.322125 0.359708 9.9973E-05 0.155753 9.9973E-05 9.9973E-05
0.282638 0.35022 0.324105 9.99731E-05 9.99731E-05 0.0427363 9.99731E-05
0.0569786 9.997E-05 0.215528 9.997E-05 0.291079 9.997E-05 0.436115
9.99643E-05 0.0690691 0.922136 9.99643E-05 0.00839533 9.99643E-05 9.99643E-05
9.99731E-05 0.667014 0.12506 9.99731E-05 0.144575 0.0630506 9.99731E-05
0.409433 0.00574109 9.9991E-05 0.0717378 0.29296 0.0215031 0.198525
0.941163 9.99553E-05 9.99553E-05 0.0583375 9.99553E-05 9.99553E-05 9.99553E-05
0.23379 0.171738 0.120064 9.99822E-05 9.99822E-05 0.00735587 0.466853
9.999E-05 0.365382 0.34021 0.0972352 0.0484426 0.0772312 0.0713998
0.407548 0.0995324 0.0340352 0.219634 9.9991E-05 0.126745 0.112405
0.558151 0.0946385 0.232823 0.0861213 9.99821E-05 9.99821E-05 0.0280672
0.0554316 9.9982E-05 0.320775 0.264277 0.079686 9.9982E-05 0.27963
9.99731E-05 0.529277 0.185871 9.99731E-05 0.0207683 0.263784 9.99731E-05
0.320473 0.345451 0.110889 9.9991E-05 0.0485031 0.109092 0.0654921
0.624275 0.256938 9.996E-05 9.996E-05 9.996E-05 9.996E-05 0.118388
0.0534481 0.300898 0.284141 9.998E-05 0.144626 0.216687 9.998E-05
9.99552E-05 9.99552E-05 9.99552E-05 0.793929 9.99552E-05 9.99552E-05 0.205572
9.99821E-05 0.369399 9.99821E-05 0.0939735 0.202721 0.0453348 0.288372
0.0440072 0.241046 0.0739226 0.096521 0.511951 9.9991E-05 0.0324516
9.99732E-05 0.330235 0.1788 9.99732E-05 0.449665 9.99732E-05 0.0410006
9.99821E-05 0.394879 0.200372 0.119173 0.267072 9.99821E-05 0.018304
9.99641E-05 0.617799 9.99641E-05 9.99641E-05 0.192522 9.99641E-05 0.18928
0.518069 0.200345 0.234555 9.99731E-05 9.99731E-05 0.0467306 9.99731E-05
9.995E-05 9.995E-05 9.995E-05 0.9994 9.995E-05 9.995E-05 9.995E-05
0.254916 0.40243 0.313762 9.997E-05 9.997E-05 9.997E-05 0.028592
0.136955 0.471728 0.341313 0.0497047 9.99731E-05 9.99731E-05 9.99731E-05
0.0694378 0.0678176 0.216193 0.22193 9.9991E-05 0.210999 0.213523
9.9982E-05 0.608689 0.0205093 0.157785 9.9982E-05 0.103651 0.109167
