0.00622936 0.299535 0.254496 9.9982E-05 0.392847 0.0466934 9.9982E-05
0.0295048 0.243111 0.201582 9.9991E-05 0.216403 0.235009 0.07429
9.998E-05 0.15673 0.10498 0.268992 9.998E-05 0.2149 0.254199
0.139688 9.9991E-05 0.0134008 0.301052 0.0358348 0.185835 0.32409
0.0564545 0.0612943 0.227023 9.9991E-05 0.130795 0.263982 0.260351
0.101377 0.258063 9.9991E-05 0.208226 0.219814 0.0872958 0.125125
0.241569 0.0524708 0.0906691 9.99911E-05 0.438948 0.144729 0.0315139
0.110717 9.99821E-05 9.99821E-05 0.0111043 0.224029 0.00590809 0.648041
9.99553E-05 9.99553E-05 0.888841 9.99553E-05 9.99553E-05 0.11066 9.99553E-05
0.0445853 0.545295 0.0876102 0.32221 9.99731E-05 9.99731E-05 9.99731E-05
0.210257 9.9982E-05 0.117285 0.495823 9.9982E-05 0.124608 0.051827
0.106382 9.99732E-05 0.46889 9.99732E-05 0.0807918 9.99732E-05 0.343636
9.99642E-05 9.99642E-05 0.202719 9.99642E-05 9.99642E-05 0.0286663 0.768215
0.122837 0.448503 9.9982E-05 9.9982E-05 0.0526266 0.104611 0.271223
0.0826522 9.99642E-05 0.477771 9.99642E-05 0.439177 9.99642E-05 9.99642E-05
0.119642 9.99732E-05 9.99732E-05 9.99732E-05 0.0996819 0.344612 0.435765
0.0593936 0.0198033 0.339696 0.0951666 0.107149 0.229544 0.149247
0.268559 0.281527 0.0703385 0.243209 9.99821E-05 0.136167 9.99821E-05
9.996E-05 9.996E-05 0.60012 9.996E-05 0.254776 9.996E-05 0.144704
9.99731E-05 0.622856 9.99731E-05 0.0790108 9.99731E-05 0.0428078 0.255025
9.99552E-05 0.861239 9.99552E-05 0.138261 9.99552E-05 9.99552E-05 9.99552E-05
9.99731E-05 9.99731E-05 0.328665 9.99731E-05 0.191807 0.184394 0.294834
0.382041 0.0389761 0.0089001 0.1618 0.0864827 0.307592 0.0142078
0.170233 0.156898 9.9973E-05 9.9973E-05 9.9973E-05 0.647207 0.0253619
0.273436 9.997E-05 9.997E-05 0.216475 0.168587 0.341201 9.997E-05
0.03962 0.152146 0.125151 9.9982E-05 0.405175 0.277708 9.9982E-05
0.196189 0.235933 0.379474 9.9982E-05 0.111026 0.0771773 9.9982E-05
0.0181399 0.129607 0.27647 0.260834 0.314749 9.99821E-05 9.99821E-05
0.00951748 9.9973E-05 9.9973E-05 0.467828 0.129723 9.9973E-05 0.392631
9.99731E-05 9.99731E-05 0.132276 0.0492446 0.0913998 0.72678 9.99731E-05
0.207355 0.10076 0.137554 0.135318 0.418812 9.99821E-05 9.99821E-05
0.139416 9.99552E-05 9.99552E-05 9.99552E-05 9.99552E-05 9.99552E-05 0.860084
9.99821E-05 0.382802 0.22909 0.253343 9.99821E-05 0.0468171 0.087748
0.0121143 9.9991E-05 0.0657373 0.0107116 0.389897 0.0748158 0.446624
0.309934 0.0645607 0.0295766 0.11098 0.189988 0.250099 0.0448625
9.99554E-05 0.912619 9.99554E-05 9.99554E-05 0.0868815 9.99554E-05 9.99554E-05
0.450956 9.99642E-05 9.99642E-05 9.99642E-05 0.447484 0.10116 9.99642E-05
0.0141421 0.0766931 0.194476 0.440519 0.0169399 0.232843 0.0243864
0.183662 0.0360852 9.9991E-05 0.0678156 0.434654 0.083488 0.194195
0.114528 9.99731E-05 9.99731E-05 0.299081 0.367444 9.99731E-05 0.218647
9.99642E-05 9.99642E-05 0.510593 0.104949 9.99642E-05 0.384058 9.99642E-05
0.11374 0.405599 0.38762 9.99732E-05 9.99732E-05 0.09274 9.99732E-05
0.0214635 0.582655 0.0180493 9.9991E-05 0.0914889 0.0909723 0.195271
0.123424 9.99821E-05 0.401108 0.0886217 0.368433 0.0182123 9.99821E-05
0.20581 9.99821E-05 9.99821E-05 0.000337656 0.0783909 0.0663031 0.648959
0.183406 0.204864 0.118618 0.00992182 0.228287 9.9991E-05 0.254803
9.99731E-05 0.369201 0.29043 9.99731E-05 0.138586 9.99731E-05 0.201483
0.327374 0.182203 0.240637 0.0285612 9.9982E-05 9.9982E-05 0.221025
9.99732E-05 0.13246 0.121364 9.99732E-05 0.3944 9.99732E-05 0.351476
0.18992 0.286538 9.9973E-05 9.9973E-05 0.299396 9.9973E-05 0.223845
9.9973E-05 9.9973E-05 9.9973E-05 0.230679 0.453979 0.301174 0.0138676
0.214034 0.253911 0.0923514 0.328066 9.99911E-05 0.0582469 0.0532895
9.9964E-05 9.9964E-05 0.554506 9.9964E-05 0.186653 0.258441 9.9964E-05
9.99641E-05 9.99641E-05 9.99641E-05 0.343294 0.318393 9.99641E-05 0.337913
9.99643E-05 0.312594 0.387433 9.99643E-05 9.99643E-05 9.99643E-05 0.299573
0.10834 9.99642E-05 0.530183 9.99642E-05 0.361077 9.99642E-05 9.99642E-05
9.9982E-05 0.0605568 0.177888 0.0903771 0.180855 0.490123 9.9982E-05
9.99643E-05 0.164866 0.407579 9.99643E-05 9.99643E-05 9.99643E-05 0.427155
0.264669 9.998E-05 0.259161 0.0143699 0.219772 9.998E-05 0.241829
0.250879 0.598733 9.9973E-05 0.00146367 0.148624 9.9973E-05 9.9973E-05
9.9991E-05 0.0397443 0.1358 0.38574 0.298415 0.0224468 0.117754
0.380955 0.220018 0.27199 9.99731E-05 9.99731E-05 0.126737 9.99731E-05
9.99551E-05 9.99551E-05 0.73006 9.99551E-05 9.99551E-05 9.99551E-05 0.269441
9.99821E-05 0.142108 9.99821E-05 0.0393512 0.121904 0.68227 0.0141668
0.0715801 9.99821E-05 0.0676521 9.99821E-05 0.472883 0.00167326 0.386012
9.99821E-05 9.99821E-05 0.533385 0.0792483 0.088148 0.196557 0.102461
9.99653E-05 0.557097 9.99653E-05 9.99653E-05 0.277158 0.165344 9.99653E-05
0.249831 9.99642E-05 0.306321 9.99642E-05 0.443447 9.99642E-05 9.99642E-05
0.113073 9.99731E-05 0.0687948 9.99731E-05 0.795393 9.99731E-05 0.0224393
9.99642E-05 0.651533 9.99642E-05 0.0124648 0.335602 9.99642E-05 9.99642E-05
0.257124 0.0388168 0.324439 0.111136 9.9982E-05 9.9982E-05 0.268284
0.25754 0.00279784 0.376255 9.99821E-05 9.99821E-05 0.111993 0.251214
0.421176 9.99554E-05 9.99554E-05 9.99554E-05 9.99554E-05 9.99554E-05 0.578324
0.289243 9.99731E-05 9.99731E-05 9.99731E-05 0.655446 0.0458419 0.00916928
0.0423851 0.117999 9.99911E-05 0.0368127 0.241515 0.0826004 0.478587
0.231162 0.0668266 0.229025 9.99821E-05 0.219661 9.99821E-05 0.253125
9.996E-05 9.996E-05 0.389591 9.996E-05 0.351455 0.258554 9.996E-05
0.286914 9.9973E-05 0.35696 0.288895 9.9973E-05 0.0669306 9.9973E-05
9.997E-05 9.997E-05 0.28112 0.327506 0.213192 9.997E-05 0.177881
0.00751041 0.0627515 0.152249 0.332988 0.0837394 9.9991E-05 0.360662
0.374786 9.99731E-05 9.99731E-05 0.0856594 0.0575558 9.99731E-05 0.481699
9.99822E-05 0.263775 0.180757 9.99822E-05 0.0367174 0.205954 0.312596
9.99732E-05 0.84425 9.99732E-05 0.00746805 0.0185142 9.99732E-05 0.129468
9.99731E-05 9.99731E-05 0.215541 9.99731E-05 0.118729 0.237992 0.427439
0.284306 0.366793 0.0172809 9.9991E-05 0.130172 0.146078 0.05527
0.196578 0.409481 0.260891 9.9982E-05 0.0994309 9.9982E-05 0.033419
0.0537917 0.462313 0.3787 9.99821E-05 9.99821E-05 0.047299 0.0576961
9.99731E-05 9.99731E-05 0.097245 0.0234027 9.99731E-05 0.587003 0.292049
9.99911E-05 0.0438146 0.26083 0.238525 0.372044 0.0196094 0.0650764
9.99821E-05 9.99821E-05 0.241345 0.122089 0.201786 0.0144422 0.420137
9.995E-05 9.995E-05 9.995E-05 9.995E-05 0.107764 0.891736 9.995E-05
9.99643E-05 0.841256 9.99643E-05 9.99643E-05 9.99643E-05 0.0662151 0.092129
0.105816 0.41063 0.147889 9.99821E-05 9.99821E-05 0.0343446 0.301121
9.99731E-05 0.258669 0.381678 0.310382 9.99731E-05 0.0489711 9.99731E-05
0.125868 0.133301 0.496841 9.997E-05 9.997E-05 9.997E-05 0.24369
0.0378549 0.106464 0.359281 0.0380523 9.9982E-05 9.9982E-05 0.458148
9.99821E-05 0.724529 0.0942262 0.0908562 9.99821E-05 0.0294876 0.0607008
9.99731E-05 0.222915 0.648184 9.99731E-05 0.111172 9.99731E-05 0.0174291
9.99731E-05 0.226639 9.99731E-05 9.99731E-05 0.10022 0.401758 0.271083
0.143324 0.341856 9.9973E-05 9.9973E-05 9.9973E-05 0.468607 0.0459127
0.148415 0.1355 0.464234 9.99821E-05 0.196552 0.0550989 9.99821E-05
0.0253155 9.99642E-05 9.99642E-05 0.0359053 9.99642E-05 0.938379 9.99642E-05
0.0586427 0.153449 0.324262 0.307518 9.998E-05 0.155927 9.998E-05
0.0427376 9.99641E-05 9.99641E-05 0.914791 9.99641E-05 0.0420718 9.99641E-05
0.108081 0.188253 9.997E-05 9.997E-05 0.178097 9.997E-05 0.525269
0.271011 9.998E-05 0.270764 9.998E-05 0.335743 0.0524903 0.0697914
9.99641E-05 0.293887 0.10783 9.99641E-05 9.99641E-05 9.99641E-05 0.597883
0.103175 0.0482858 9.99821E-05 0.2755 0.51115 9.99821E-05 0.061689
9.99553E-05 9.99553E-05 9.99553E-05 0.00859153 0.990909 9.99553E-05 9.99553E-05
9.99821E-05 0.13184 9.99821E-05 0.428514 0.349879 0.0473397 0.0422271
0.0150513 0.282584 0.0218257 9.99911E-05 0.17053 0.338871 0.171039
0.126342 0.125303 9.998E-05 9.998E-05 0.462175 0.22078 0.0652002
9.99642E-05 0.164746 9.99642E-05 9.99642E-05 0.411955 0.422899 9.99642E-05
9.99641E-05 9.99641E-05 9.99641E-05 0.206995 0.078954 9.99641E-05 0.713651
9.995E-05 9.995E-05 9.995E-05 9.995E-05 9.995E-05 0.9994 9.995E-05
9.996E-05 9.996E-05 0.601552 0.274467 9.996E-05 9.996E-05 0.123581
9.9991E-05 0.201609 0.308991 0.0477173 0.31172 0.0951218 0.0347413
9.99642E-05 9.99642E-05 0.148857 9.99642E-05 9.99642E-05 0.00861862 0.842125
0.233096 9.9982E-05 0.0709716 0.189948 9.9982E-05 0.257021 0.248764
0.0659725 0.360156 9.9991E-05 0.151084 0.170251 0.119707 0.132729
0.0435737 9.99731E-05 0.288038 9.99731E-05 9.99731E-05 0.508446 0.159642
9.99731E-05 0.320093 9.99731E-05 0.0707222 9.99731E-05 0.326729 0.282155
9.99731E-05 0.183536 9.99731E-05 0.0980874 0.277295 9.99731E-05 0.440781
0.0214242 0.657344 9.99642E-05 9.99642E-05 9.99642E-05 9.99642E-05 0.320832
9.99821E-05 0.00423661 0.243221 0.307537 0.277811 0.166994 9.99821E-05
0.184545 0.106056 0.333911 9.9991E-05 0.297165 0.00325143 0.0749707
9.99732E-05 0.351878 0.347064 9.99732E-05 9.99732E-05 0.223273 0.0774851
0.153284 0.0242407 9.9991E-05 0.00527302 0.716884 0.0568927 0.0433264
9.99642E-05 0.318907 9.99642E-05 0.548804 9.99642E-05 0.131889 9.99642E-05
0.0871515 0.575351 9.999E-05 0.054308 0.120099 0.109715 0.0532763
9.99553E-05 0.0561861 0.943314 9.99553E-05 9.99553E-05 9.99553E-05 9.99553E-05
0.0497651 0.475786 0.100031 0.000257239 0.073827 0.0931713 0.207163
0.163713 0.0156559 0.140903 0.147211 0.0951087 9.999E-05 0.437308
0.18384 9.99821E-05 0.239165 0.356047 0.198232 9.99821E-05 0.0225155
9.99642E-05 0.368537 0.424745 0.206318 9.99642E-05 9.99642E-05 9.99642E-05
9.99553E-05 0.402973 9.99553E-05 9.99553E-05 0.596527 9.99553E-05 9.99553E-05
0.0378212 9.99642E-05 9.99642E-05 0.00887484 0.952904 9.99642E-05 9.99642E-05
9.99732E-05 0.15049 9.99732E-05 0.149069 0.525228 9.99732E-05 0.174913
0.137555 0.0434795 0.499976 0.0495625 0.256316 9.99911E-05 0.0130102
0.0196459 9.99552E-05 9.99552E-05 9.99552E-05 0.979854 9.99552E-05 9.99552E-05
0.14964 9.99911E-05 0.134543 0.361741 0.0607335 0.0922796 0.200963
0.0199313 0.285174 0.0534182 0.247651 9.99911E-05 0.206018 0.187707
0.02737 0.364915 0.383273 0.0483105 0.0325055 9.9991E-05 0.143525
9.99732E-05 0.036419 0.685856 0.129572 9.99732E-05 0.147854 9.99732E-05
0.348674 0.0191895 9.9991E-05 0.0305565 0.0850289 0.442983 0.0734684
9.998E-05 0.104819 0.0733047 9.998E-05 0.445798 0.120928 0.25495
0.9994 9.995E-05 9.995E-05 9.995E-05 9.995E-05 9.995E-05 9.995E-05
9.99821E-05 0.316983 0.0199498 0.289097 9.99821E-05 0.117013 0.256757
0.062309 0.430115 9.99731E-05 9.99731E-05 9.99731E-05 0.150413 0.356862
0.427051 9.99642E-05 0.274928 9.99642E-05 0.297621 9.99642E-05 9.99642E-05
9.99643E-05 9.99643E-05 0.382334 0.0033421 9.99643E-05 9.99643E-05 0.613924
0.076503 9.99641E-05 0.603052 9.99641E-05 9.99641E-05 9.99641E-05 0.320045
9.99641E-05 0.273758 9.99641E-05 9.99641E-05 0.516918 9.99641E-05 0.208925
9.9991E-05 0.0358575 0.280326 0.0181875 0.263272 0.115955 0.286302
0.168819 0.222613 9.99821E-05 9.99821E-05 0.0968619 0.410799 0.100707
0.128611 0.266216 0.164751 0.222818 0.0710792 9.9991E-05 0.146424
9.99641E-05 0.15626 9.99641E-05 0.352857 9.99641E-05 9.99641E-05 0.490483
9.99911E-05 0.254052 0.249141 0.316166 0.106152 0.0632144 0.0111742
0.0532297 9.99821E-05 0.00984088 9.99821E-05 0.900206 0.0222341 0.0142896
0.0426533 0.245724 9.99821E-05 0.192108 0.294724 0.22459 9.99821E-05
0.9994 9.995E-05 9.995E-05 9.995E-05 9.995E-05 9.995E-05 9.995E-05
0.103006 0.0182751 0.25765 9.998E-05 0.423551 9.998E-05 0.197318
0.0564959 0.0365241 0.0957057 9.99821E-05 9.99821E-05 0.00724464 0.80383
0.163298 0.0416203 0.713557 0.00241919 0.0789054 9.99821E-05 9.99821E-05
0.173591 9.99643E-05 0.384015 9.99643E-05 9.99643E-05 9.99643E-05 0.441995
9.99731E-05 0.174497 0.177339 9.99731E-05 9.99731E-05 0.144332 0.503533
9.99821E-05 0.229745 0.197144 0.0557648 0.440074 0.0770731 9.99821E-05
9.99643E-05 9.99643E-05 9.99643E-05 0.095387 0.657946 9.99643E-05 0.246267
0.109755 0.314168 9.99643E-05 9.99643E-05 9.99643E-05 9.99643E-05 0.575676
0.151372 0.215082 0.242086 0.0723297 0.0943401 0.098687 0.126103
0.0308205 9.99731E-05 9.99731E-05 0.18524 0.739358 0.0442812 9.99731E-05
0.00717604 9.99731E-05 9.99731E-05 0.104659 0.267254 9.99731E-05 0.620612
0.0435508 9.99821E-05 0.644873 0.122741 0.03642 9.99821E-05 0.152215
0.161566 0.432079 0.028059 9.9991E-05 0.0322255 0.199912 0.146058
9.99641E-05 9.99641E-05 0.269841 9.99641E-05 0.529563 0.200196 9.99641E-05
9.99732E-05 0.0537931 0.0376427 9.99732E-05 0.376885 9.99732E-05 0.53138
0.0430622 0.238911 0.0338337 9.99821E-05 9.99821E-05 0.24351 0.440483
9.99642E-05 0.133328 9.99642E-05 0.763724 0.102548 9.99642E-05 9.99642E-05
0.0335839 0.495418 0.211515 0.169895 0.089388 9.998E-05 9.998E-05
9.997E-05 0.0267582 0.449085 0.408276 9.997E-05 9.997E-05 0.115581
0.308645 0.623497 0.0674581 9.99642E-05 9.99642E-05 9.99642E-05 9.99642E-05
0.037946 0.412746 0.303499 9.998E-05 0.154584 9.998E-05 0.0910248
0.0306203 0.29578 0.149538 9.999E-05 0.310464 0.0641279 0.14937
0.0290418 9.99732E-05 9.99732E-05 9.99732E-05 0.318294 0.106719 0.545645
9.995E-05 9.995E-05 9.995E-05 0.9994 9.995E-05 9.995E-05 9.995E-05
9.99822E-05 0.127341 0.243603 0.0526001 0.150521 9.99822E-05 0.425734
0.0366926 0.0562941 0.132179 0.0690607 0.267565 9.9991E-05 0.438108
0.107565 9.99731E-05 9.99731E-05 0.33462 0.272184 0.285331 9.99731E-05
0.0751486 0.351315 9.9982E-05 0.114543 9.9982E-05 0.148925 0.309869
