9.9973E-05 0.0552811 0.00320515 0.0165901 0.0928046 9.9973E-05 0.272276 0.541317 9.9973E-05 0.018226
0.0817937 0.275185 9.9964E-05 9.9964E-05 0.414615 0.158545 0.00807499 9.9964E-05 0.0613869 9.9964E-05
0.0936441 9.99819E-05 0.11883 0.0417765 0.318785 0.0425213 0.135108 0.132045 0.117091 9.99819E-05
9.997E-05 9.997E-05 0.166352 0.0932766 0.291147 9.997E-05 0.28875 0.0437025 0.0977208 0.0187505
0.0584304 0.0248987 0.254464 0.087454 0.425016 0.145654 0.00378329 9.9973E-05 9.9973E-05 9.9973E-05
0.0761628 9.9964E-05 9.9964E-05 0.0574547 0.309585 0.226212 0.303777 9.9964E-05 9.9964E-05 0.0264085
0.0265493 0.0758924 0.372384 0.0575271 0.233811 9.9982E-05 0.130343 0.00509548 9.9982E-05 0.0981974
0.000565891 0.153981 0.0769311 0.0445321 9.9991E-05 0.157552 0.33336 0.106244 0.0916733 0.0350606
0.518676 9.9955E-05 9.9955E-05 0.074643 0.0500238 0.0931836 9.9955E-05 0.262974 9.9955E-05 9.9955E-05
0.274501 9.9973E-05 0.137763 0.220679 9.9973E-05 0.126521 0.00371032 0.162489 9.9973E-05 0.0740376
0.264955 9.99729E-05 9.99729E-05 0.127139 0.0297374 0.0791435 9.99729E-05 0.373668 0.0909305 0.0341259
0.58459 9.99459E-05 9.99459E-05 9.99459E-05 9.99459E-05 0.180604 9.99459E-05 0.180546 9.99459E-05 0.0536596
0.00665204 9.9982E-05 0.33784 0.0701378 0.425014 0.0264834 0.0159357 0.0186002 9.9982E-05 0.0991371
9.99714E-05 0.185703 0.133732 0.0793169 0.175381 0.218455 9.99714E-05 0.158529 9.99714E-05 0.0485825
9.99639E-05 0.115538 9.99639E-05 0.072411 0.0530038 0.671788 9.99639E-05 9.99639E-05 0.0331133 0.0537465
0.00843222 0.114265 0.195022 0.00835826 9.9982E-05 0.104574 9.9982E-05 0.169409 0.280373 0.119368
9.9937E-05 9.9937E-05 9.9937E-05 0.14005 9.9937E-05 0.851667 9.9937E-05 9.9937E-05 0.00758338 9.9937E-05
9.9982E-05 0.0727665 0.243617 0.0142334 0.00619278 0.0101814 0.294578 0.278892 9.9982E-05 0.0793403
0.321913 9.9973E-05 9.9973E-05 9.9973E-05 0.26286 0.175736 0.0675002 0.0890956 0.0229024 0.0596928
0.0132667 9.9982E-05 0.0773378 0.118203 0.0815684 9.9982E-05 0.421361 0.104417 0.158431 0.0252148
0.00678058 9.9991E-05 0.0424515 0.112586 0.187315 0.0138407 0.205069 0.269865 0.0760759 0.0859166
0.0817024 0.0941905 9.9964E-05 9.9964E-05 0.332646 0.361779 0.0473431 0.0819389 9.9964E-05 9.9964E-05
0.215895 0.0936217 0.0888422 0.0749171 0.26378 9.998E-05 9.998E-05 0.0933627 0.0824007 0.0869801
9.997E-05 9.997E-05 0.0708635 9.997E-05 0.293978 0.437956 0.0692908 0.0682172 0.0465208 0.0128737
0.132987 9.9946E-05 9.9946E-05 0.179704 9.9946E-05 9.9946E-05 9.9946E-05 0.646943 9.9946E-05 0.039767
9.994E-05 9.994E-05 9.994E-05 9.994E-05 0.271065 0.220694 9.994E-05 0.506133 0.00150812 9.994E-05
0.108841 0.130859 0.0385944 0.0668778 9.9991E-05 0.15412 0.175457 0.12317 0.114623 0.0873572
9.998E-05 0.478293 9.998E-05 0.033412 0.114818 0.104071 0.0344311 0.162804 0.021266 0.0507052
9.9955E-05 0.21003 0.032572 0.0467344 9.9955E-05 0.354936 0.355228 9.9955E-05 9.9955E-05 9.9955E-05
0.0131127 9.99639E-05 0.467341 0.0365006 9.99639E-05 0.417517 0.0511773 9.99639E-05 0.0139516 9.99639E-05
0.282883 9.9964E-05 9.9964E-05 0.118838 0.308942 0.143353 9.9964E-05 9.9964E-05 0.0670433 0.0785407
0.490718 9.9955E-05 0.0451529 0.0149218 9.9955E-05 9.9955E-05 0.114301 0.334406 9.9955E-05 9.9955E-05
0.0237689 9.9964E-05 0.153485 9.9964E-05 0.327831 0.210946 0.217034 9.9964E-05 9.9964E-05 0.0665357
0.0032828 0.120804 9.998E-05 0.114792 0.334454 0.16606 0.1654 9.998E-05 0.0430292 0.0519786
9.996E-05 0.126267 9.996E-05 0.0581883 0.093365 0.318275 9.996E-05 0.336937 9.996E-05 0.0665673
9.994E-05 0.0509257 9.994E-05 9.994E-05 0.112727 9.994E-05 9.994E-05 0.714784 9.994E-05 0.120964
9.998E-05 0.112024 0.034807 0.195964 0.549655 9.998E-05 0.0355431 0.0255329 0.0182691 0.0280052
9.9937E-05 9.9937E-05 9.9937E-05 0.0122856 9.9937E-05 0.017819 9.9937E-05 0.969196 9.9937E-05 9.9937E-05
0.177744 9.9964E-05 9.9964E-05 0.108131 0.0413097 0.31607 0.348712 9.9964E-05 9.9964E-05 0.0076339
0.0560379 0.0332511 9.9982E-05 0.0335926 0.0974785 9.9982E-05 0.345441 0.184123 0.199334 0.050542
0.0210413 9.9982E-05 9.9982E-05 0.0496194 0.221343 0.373823 0.10039 0.155159 0.0349711 0.0434524
9.99588E-05 9.99588E-05 9.99588E-05 0.0495586 9.99588E-05 0.00200817 0.881653 9.99588E-05 0.0571753 0.00910528
9.9946E-05 9.9946E-05 9.9946E-05 9.9946E-05 9.9946E-05 0.000557301 0.894613 9.9946E-05 0.074474 0.0297557
9.9973E-05 0.385422 0.0422643 9.9973E-05 0.0829405 0.0209822 0.140329 0.32373 0.00403165 9.9973E-05
0.504693 9.99549E-05 0.150103 9.99549E-05 9.99549E-05 9.99549E-05 9.99549E-05 0.281634 0.0311348 0.0319354
0.130862 0.134562 9.9982E-05 0.163195 0.0386303 0.091366 0.246484 0.135729 9.9982E-05 0.058972
0.202366 9.9964E-05 0.148311 9.9964E-05 0.487467 0.0888086 9.9964E-05 9.9964E-05 0.0150556 0.0575923
0.231948 0.00646252 0.0965131 0.00548722 0.0353991 9.9982E-05 0.539701 0.00975801 0.0745318 9.9982E-05
9.9982E-05 0.295387 0.0241279 9.9982E-05 0.0281615 0.317799 0.167711 0.145418 0.00141314 0.0197821
0.272734 9.9964E-05 0.063133 9.9964E-05 9.9964E-05 0.258494 0.371729 9.9964E-05 0.0311137 0.00239647
9.998E-05 0.176745 0.133108 0.0807112 0.129805 0.12738 9.998E-05 0.25642 0.00364722 0.0919847
0.265374 0.0176059 0.244564 0.0346429 0.348118 9.9982E-05 0.000328399 9.9982E-05 0.0236243 0.0655418
0.150181 0.0230572 9.9982E-05 0.0384427 0.159953 0.106959 0.0941405 9.9982E-05 0.394569 0.0324964
0.0724067 9.9964E-05 0.222016 0.173943 9.9964E-05 0.14058 0.24695 9.9964E-05 0.143704 9.9964E-05
0.0322151 0.714612 0.216157 9.9946E-05 9.9946E-05 9.9946E-05 9.9946E-05 9.9946E-05 0.036416 9.9946E-05
0.0802835 9.9955E-05 0.136737 9.9955E-05 0.0946643 9.9955E-05 0.648483 9.9955E-05 9.9955E-05 0.0393328
0.414833 0.469595 0.0686677 9.99551E-05 9.99551E-05 9.99551E-05 9.99551E-05 0.0399801 0.00642443 9.99551E-05
0.0970348 0.319891 0.116387 0.0349725 0.229311 9.9973E-05 9.9973E-05 0.150592 9.9973E-05 0.0515114
0.394973 9.99639E-05 9.99639E-05 0.0821333 0.15073 0.146141 9.99639E-05 0.0676296 0.157993 9.99639E-05
0.305337 0.2685 9.9982E-05 0.0765577 9.9982E-05 0.0223866 0.0412146 0.207243 0.0239924 0.0545692
9.99201E-05 9.99201E-05 9.99201E-05 9.99201E-05 0.999101 9.99201E-05 9.99201E-05 9.99201E-05 9.99201E-05 9.99201E-05
0.0202507 9.9982E-05 9.9982E-05 0.0806475 0.303999 0.283231 0.141103 0.0896897 0.0136154 0.0672638
0.200796 9.9964E-05 0.0239576 9.9964E-05 0.347128 0.311769 9.9964E-05 0.0417928 9.9964E-05 0.0741573
9.994E-05 9.994E-05 0.814973 0.0338998 9.994E-05 0.120264 9.994E-05 9.994E-05 9.994E-05 0.0302637
0.0245583 0.0708449 0.00166939 0.125278 0.121911 0.0644616 0.345529 0.224607 0.0210404 9.9991E-05
9.9955E-05 0.00783174 0.0193299 9.9955E-05 0.416336 9.9955E-05 0.115798 0.440205 9.9955E-05 9.9955E-05
9.9973E-05 0.140307 9.9973E-05 0.0668255 0.316761 0.110325 0.206069 0.087102 9.9973E-05 0.0723099
0.0923859 9.9964E-05 0.00121082 9.9964E-05 0.404664 0.345226 0.150738 9.9964E-05 9.9964E-05 0.00537448
9.9964E-05 9.9964E-05 0.0600898 9.9964E-05 0.634225 9.9964E-05 0.0225662 0.249845 0.00435842 0.0285156
0.0855577 0.0837057 0.132873 0.0947048 0.180307 0.0074871 0.13826 0.122623 0.112006 0.042475
9.99549E-05 0.9283 0.0173873 0.0305895 9.99549E-05 9.99549E-05 0.00152932 9.99549E-05 9.99549E-05 0.0216946
9.9955E-05 0.0662213 9.9955E-05 9.9955E-05 9.9955E-05 0.701395 0.0734897 0.12735 9.9955E-05 0.0310449
0.0809358 9.9982E-05 0.162155 0.0858224 0.131559 0.247574 9.9982E-05 0.166991 0.0371244 0.0876397
0.168082 9.99459E-05 9.99459E-05 0.0246014 9.99459E-05 0.466191 0.340526 9.99459E-05 9.99459E-05 9.99459E-05
9.9964E-05 0.149479 0.00110069 0.194078 9.9964E-05 0.529012 9.9964E-05 0.106894 0.0190363 9.9964E-05
0.466546 0.284917 9.9973E-05 0.0981946 9.9973E-05 0.0261265 0.0100647 9.9973E-05 0.0874769 0.0263743
0.182752 0.142822 9.9964E-05 0.000595469 9.9964E-05 0.0386741 0.555567 9.9964E-05 9.9964E-05 0.0791892
9.9937E-05 9.9937E-05 9.9937E-05 0.0867708 0.896246 9.9937E-05 9.9937E-05 9.9937E-05 9.9937E-05 0.0162833
9.99369E-05 0.0405844 9.99369E-05 0.0688357 0.88988 9.99369E-05 9.99369E-05 9.99369E-05 9.99369E-05 9.99369E-05
0.00287218 0.0430908 0.0733989 0.127726 0.569795 0.103496 9.9982E-05 9.9982E-05 0.0550126 0.0244093
9.998E-05 0.117149 0.126722 0.0894922 0.250209 0.2603 0.0104928 0.0739402 9.998E-05 0.0714946
0.0493624 9.9964E-05 0.282314 0.133158 0.454543 9.9964E-05 9.9964E-05 0.0524747 9.9964E-05 0.027748
0.209946 0.11497 0.218069 0.0343114 0.107045 0.117378 0.0670833 0.105608 0.0254886 9.9991E-05
0.0910221 9.9982E-05 0.273598 0.116483 0.081623 0.0970216 0.14565 9.9982E-05 0.186206 0.00819478
9.9955E-05 0.213451 9.9955E-05 9.9955E-05 0.184262 0.321269 0.23578 9.9955E-05 9.9955E-05 0.0447379
0.186078 9.9955E-05 9.9955E-05 0.0249281 0.308546 9.9955E-05 9.9955E-05 0.396931 0.0830174 9.9955E-05
9.99459E-05 9.99459E-05 9.99459E-05 9.99459E-05 0.320226 9.99459E-05 0.2072 0.448878 9.99459E-05 0.023096
0.790132 0.00835527 9.9955E-05 0.0697866 0.0621432 9.9955E-05 9.9955E-05 9.9955E-05 9.9955E-05 0.0690832
9.99639E-05 0.183472 0.0746951 0.0505708 9.99639E-05 0.41832 9.99639E-05 0.224792 9.99639E-05 0.0477506
0.344967 9.9964E-05 0.0172792 9.9964E-05 0.0134613 9.9964E-05 0.211522 0.383212 9.9964E-05 0.029159
9.99279E-05 9.99279E-05 0.681876 9.99279E-05 9.99279E-05 0.317324 9.99279E-05 9.99279E-05 9.99279E-05 9.99279E-05
0.127068 0.0891553 9.9973E-05 0.0842147 0.0179576 0.544251 9.9973E-05 0.136024 0.00102993 9.9973E-05
0.0323027 9.9982E-05 0.00291368 0.0046027 0.504883 9.9982E-05 0.256494 0.0841322 0.0157126 0.0987587
0.0952511 0.0851374 9.9973E-05 9.9973E-05 0.253621 0.325994 9.9973E-05 0.0491463 0.162799 0.0277515
9.994E-05 9.994E-05 9.994E-05 9.994E-05 0.436847 9.994E-05 0.461779 9.994E-05 0.0621876 0.038586
9.997E-05 9.997E-05 0.113501 0.0105079 0.125691 0.0196142 0.6303 0.046315 0.053771 9.997E-05
9.9964E-05 0.4664 0.248434 9.9964E-05 0.0617385 9.9964E-05 0.0240203 0.16216 0.036847 9.9964E-05
9.99461E-05 0.345478 9.99461E-05 0.0667001 0.019275 9.99461E-05 0.567947 9.99461E-05 9.99461E-05 9.99461E-05
0.00292367 9.9964E-05 0.538481 9.9964E-05 9.9964E-05 0.279001 0.0028255 0.0694822 9.9964E-05 0.106887
0.0440496 9.99549E-05 0.329173 9.99549E-05 0.308664 0.103882 9.99549E-05 0.213732 9.99549E-05 9.99549E-05
9.99729E-05 0.0850555 0.0534492 9.99729E-05 0.170226 0.237589 0.0269607 0.370441 9.99729E-05 0.0559783
9.99279E-05 9.99279E-05 0.72654 9.99279E-05 9.99279E-05 0.272661 9.99279E-05 9.99279E-05 9.99279E-05 9.99279E-05
0.097375 0.171834 9.997E-05 0.115221 0.304504 0.174599 9.997E-05 9.997E-05 0.0991872 0.0369798
9.99369E-05 9.99369E-05 9.99369E-05 0.94421 9.99369E-05 9.99369E-05 9.99369E-05 0.0364981 9.99369E-05 0.0185921
0.375486 9.996E-05 0.101912 0.110795 9.996E-05 0.132809 9.996E-05 0.165265 0.113334 9.996E-05
0.251477 9.996E-05 0.0403597 9.996E-05 0.178043 0.17107 0.197353 9.996E-05 0.161298 9.996E-05
0.0380576 0.163729 0.151506 0.0165235 0.380713 0.131627 9.9982E-05 0.00569945 0.111945 9.9982E-05
9.9982E-05 0.0754695 0.168674 0.0871587 0.271382 0.0728769 0.185095 0.0658594 9.9982E-05 0.0732845
0.0234108 0.201879 9.9955E-05 9.9955E-05 0.134334 0.630225 0.00965196 9.9955E-05 9.9955E-05 9.9955E-05
9.99549E-05 0.359687 9.99549E-05 9.99549E-05 0.223085 0.0797909 9.99549E-05 0.30641 9.99549E-05 0.0305268
0.173031 0.0412524 0.0570137 0.0892127 0.188186 0.0547164 0.275387 9.999E-05 0.105748 0.0153535
0.39335 9.9964E-05 0.282138 0.0847652 0.086623 0.100798 9.9964E-05 9.9964E-05 9.9964E-05 0.0519262
0.161025 0.0702663 0.00737372 0.0814579 0.280471 9.999E-05 0.139824 0.0445284 0.18771 0.0272436
9.9964E-05 9.9964E-05 0.242089 0.0135623 9.9964E-05 0.60351 0.0559277 0.0572854 9.9964E-05 0.0272252
0.0537372 9.99639E-05 0.138592 0.0510712 0.197975 0.0634477 0.494778 9.99639E-05 9.99639E-05 9.99639E-05
9.99201E-05 9.99201E-05 0.999101 9.99201E-05 9.99201E-05 9.99201E-05 9.99201E-05 9.99201E-05 9.99201E-05 9.99201E-05
0.114732 9.9973E-05 9.9973E-05 0.144938 0.0289852 0.117084 0.125588 0.381344 0.08703 9.9973E-05
9.99639E-05 0.377191 0.0552816 9.99639E-05 0.0939566 9.99639E-05 0.0987139 0.300556 9.99639E-05 0.0739006
0.216358 0.0321499 0.153027 9.99549E-05 0.273676 9.99549E-05 0.324289 9.99549E-05 9.99549E-05 9.99549E-05
0.261171 9.996E-05 9.996E-05 0.035599 9.996E-05 0.134731 0.0172307 0.539001 9.996E-05 0.0118671
9.9982E-05 0.112925 0.172221 0.0215756 0.188863 0.00189002 0.352947 9.9982E-05 0.0809101 0.0684672
9.996E-05 9.996E-05 0.184364 9.996E-05 0.0752646 0.417997 0.0281974 0.195974 9.996E-05 0.097803
9.9973E-05 0.351605 0.266501 0.108928 0.0585891 0.155881 0.0397486 9.9973E-05 9.9973E-05 0.0184479
0.222482 9.998E-05 9.998E-05 0.0563837 0.126771 0.0765548 0.237212 0.0477287 0.228823 0.00384434
0.256047 0.0685441 0.319076 9.9982E-05 0.0865719 0.0167691 9.9982E-05 0.225109 0.0156191 0.0120635
0.241572 9.99461E-05 9.99461E-05 9.99461E-05 0.0247445 0.559246 0.173838 9.99461E-05 9.99461E-05 9.99461E-05
0.0833825 0.0061028 9.9973E-05 9.9973E-05 9.9973E-05 0.155944 0.242025 0.315751 0.109372 0.0871226
9.9982E-05 0.0816028 0.0147621 0.0454415 0.124354 0.23366 0.308479 0.147876 9.9982E-05 0.0436244
0.669139 0.0604212 9.9964E-05 0.00150407 0.1604 9.9964E-05 9.9964E-05 9.9964E-05 0.0958144 0.0123217
9.9937E-05 9.9937E-05 0.138589 9.9937E-05 9.9937E-05 9.9937E-05 9.9937E-05 0.848304 0.012407 9.9937E-05
9.9964E-05 9.9964E-05 0.110657 9.9964E-05 0.15498 0.000350036 0.48527 0.240883 9.9964E-05 0.00746
9.996E-05 0.0753285 0.150255 0.100033 0.410909 9.996E-05 0.201082 9.996E-05 9.996E-05 0.0619924
0.00356881 0.0390795 0.637468 0.0344016 0.284983 9.99551E-05 9.99551E-05 9.99551E-05 9.99551E-05 9.99551E-05
0.140291 9.9973E-05 0.00574111 9.9973E-05 0.0261028 0.445048 0.242997 9.9973E-05 0.0576124 0.0819078
0.105751 0.0896565 0.143787 0.0103578 9.9973E-05 9.9973E-05 0.593158 0.056841 9.9973E-05 0.000149186
0.383352 9.997E-05 0.265118 0.0493552 0.0663856 9.997E-05 0.136264 0.0318285 9.997E-05 0.067397
0.0466506 9.99279E-05 9.99279E-05 9.99279E-05 9.99279E-05 9.99279E-05 9.99279E-05 9.99279E-05 0.95255 9.99279E-05
9.99201E-05 9.99201E-05 9.99201E-05 9.99201E-05 9.99201E-05 9.99201E-05 9.99201E-05 9.99201E-05 0.999101 9.99201E-05
0.136088 0.102691 0.219105 0.0371337 0.137888 9.999E-05 0.089655 0.203256 0.0470554 0.0270285
0.178956 9.999E-05 0.112657 0.158989 0.465883 0.00161678 0.00671889 0.0515728 0.0078224 0.0156842
0.180764 0.22003 0.0907261 0.150088 0.0813667 0.00907908 0.218717 9.998E-05 9.998E-05 0.0490291
0.14186 9.9964E-05 9.9964E-05 0.102458 0.169971 0.461787 9.9964E-05 9.9964E-05 0.0809467 0.0425766
0.297029 9.9973E-05 0.0375825 0.0178751 0.415488 0.0471224 9.9973E-05 0.135002 9.9973E-05 0.0496011
0.034899 0.444437 0.0190313 0.0109014 9.9982E-05 0.0855579 0.0720314 0.298632 9.9982E-05 0.0343099
9.9964E-05 0.374051 9.9964E-05 0.0308535 0.323674 0.130496 9.9964E-05 9.9964E-05 0.0765259 0.0640001
9.998E-05 0.0463251 0.377805 0.0489344 0.139041 0.21829 0.0253782 0.0876976 9.998E-05 0.0563291
0.1093 0.332716 9.997E-05 0.0472608 0.00979635 0.344974 0.119763 9.997E-05 9.997E-05 0.0358903
9.99201E-05 9.99201E-05 9.99201E-05 9.99201E-05 9.99201E-05 9.99201E-05 9.99201E-05 9.99201E-05 9.99201E-05 0.999101
0.00464928 0.10612 9.9982E-05 0.110923 0.280824 0.0101712 0.156103 0.272401 9.9982E-05 0.0586074
0.0237302 9.997E-05 9.997E-05 0.21523 0.257507 9.997E-05 0.303049 0.0422401 0.104202 0.0537409
0.893285 9.9955E-05 9.9955E-05 0.0350569 0.00019496 9.9955E-05 9.9955E-05 0.0457138 9.9955E-05 0.02525
0.14641 9.9964E-05 9.9964E-05 0.159996 0.458017 0.104333 9.9964E-05 0.0489429 9.9964E-05 0.0819019
0.255157 9.9982E-05 0.138232 0.145683 0.0198589 9.9982E-05 0.217017 0.117234 0.0315683 0.0750504
0.0932103 0.0924661 0.0145527 0.0469107 0.169483 0.325043 0.0172168 0.00906379 0.190594 0.0414597
0.561904 0.0521627 9.99549E-05 9.99549E-05 0.201302 0.114539 9.99549E-05 9.99549E-05 9.99549E-05 0.0695922
0.0382805 9.999E-05 0.146954 0.0842119 0.115017 0.235606 0.0461602 0.163737 0.139999 0.0299354
0.121336 0.145644 0.00340071 9.99729E-05 0.297548 9.99729E-05 0.158247 0.18761 9.99729E-05 0.0859134
0.0320724 9.999E-05 0.188767 0.0133654 0.212298 0.076819 0.153945 0.251267 0.0578088 0.013557
9.9946E-05 0.10345 0.160117 9.9946E-05 9.9946E-05 9.9946E-05 0.491057 0.244777 9.9946E-05 9.9946E-05
0.189484 9.998E-05 0.142367 0.0232035 0.00607409 0.28263 0.316782 9.998E-05 0.0188148 0.0204455
0.0333457 9.9973E-05 0.115585 0.0451104 0.394104 9.9973E-05 0.0167893 0.329598 9.9973E-05 0.0651676
9.99201E-05 9.99201E-05 9.99201E-05 9.99201E-05 9.99201E-05 9.99201E-05 9.99201E-05 9.99201E-05 9.99201E-05 0.999101
0.280012 9.9973E-05 9.9973E-05 0.00951535 9.9973E-05 0.186344 0.0681914 0.0632883 0.0188762 0.373473
9.996E-05 0.292743 0.0808162 0.0161007 0.110522 9.996E-05 0.285996 9.996E-05 0.213422 9.996E-05
0.0273934 0.381035 9.997E-05 9.997E-05 0.176806 0.157922 0.0799289 0.112717 9.997E-05 0.0638969
9.9955E-05 9.9955E-05 9.9955E-05 0.00760824 0.0727064 9.9955E-05 0.138937 0.696385 9.9955E-05 0.0838635
0.198519 0.149058 9.998E-05 9.998E-05 0.305465 0.151606 0.0298646 0.0874355 0.0184802 0.0593718
0.138954 0.354574 9.9973E-05 0.0888818 9.9973E-05 0.0664731 0.282063 9.9973E-05 0.0474307 0.0213232
9.99201E-05 9.99201E-05 9.99201E-05 9.99201E-05 9.99201E-05 9.99201E-05 9.99201E-05 9.99201E-05 0.999101 9.99201E-05
0.0671483 9.9991E-05 0.176855 0.0226696 0.255479 0.358734 0.00865048 0.0249201 0.0462658 0.0391777
0.382597 0.0508146 9.9973E-05 9.9973E-05 0.226835 0.158157 0.0932467 0.0795882 0.00846134 9.9973E-05
0.214607 0.461795 0.0289593 0.0757234 9.9982E-05 0.000144575 0.0773941 9.9982E-05 0.0927806 0.0483953
9.996E-05 9.996E-05 0.250406 9.996E-05 0.329336 9.996E-05 0.209815 0.121539 0.0404983 0.0480054
9.99369E-05 0.862113 9.99369E-05 0.0211711 9.99369E-05 9.99369E-05 9.99369E-05 9.99369E-05 0.116016 9.99369E-05
0.000773928 9.9973E-05 9.9973E-05 0.0343099 0.215231 0.0978611 0.46584 0.104532 9.9973E-05 0.0811526
0.163265 0.0707838 0.0157521 0.140303 0.348041 0.0809178 0.180638 9.997E-05 9.997E-05 9.997E-05
0.311673 9.996E-05 0.253866 0.0513872 0.209174 9.996E-05 9.996E-05 9.996E-05 0.0716694 0.101831
0.670668 9.996E-05 0.0338186 0.0621213 9.996E-05 9.996E-05 0.166729 0.00784512 0.0584188 9.996E-05
9.99201E-05 9.99201E-05 9.99201E-05 0.999101 9.99201E-05 9.99201E-05 9.99201E-05 9.99201E-05 9.99201E-05 9.99201E-05
0.188821 0.164597 0.0754621 0.0437054 0.200069 9.998E-05 0.135945 0.0876817 0.103518 9.998E-05
9.99201E-05 9.99201E-05 9.99201E-05 9.99201E-05 9.99201E-05 0.999101 9.99201E-05 9.99201E-05 9.99201E-05 9.99201E-05
9.9964E-05 9.9964E-05 0.100994 0.042188 0.27761 0.236427 9.9964E-05 0.298696 9.9964E-05 0.0436846
9.9964E-05 0.3384 9.9964E-05 0.0134153 0.198677 9.9964E-05 9.9964E-05 0.147735 0.25242 0.0489526
0.180502 9.997E-05 0.347642 9.997E-05 0.0942433 0.053633 0.196867 0.112638 0.0141746 9.997E-05
0.129441 9.997E-05 0.195951 0.104452 0.301961 9.997E-05 9.997E-05 0.040195 0.199519 0.0281817
9.99201E-05 9.99201E-05 9.99201E-05 0.999101 9.99201E-05 9.99201E-05 9.99201E-05 9.99201E-05 9.99201E-05 9.99201E-05
0.183667 0.0547326 0.287636 9.9964E-05 0.414935 9.9964E-05 0.0099904 9.9964E-05 9.9964E-05 0.0486397
9.9982E-05 0.165102 0.0207323 0.157163 0.0430307 0.328761 9.9982E-05 0.20437 0.0138742 0.0667674
9.99549E-05 9.99549E-05 0.0941389 0.0512319 0.725673 9.99549E-05 9.99549E-05 0.0512443 0.0772124 9.99549E-05
0.272799 0.215471 0.26297 9.9964E-05 0.14234 9.9964E-05 9.9964E-05 0.000819888 0.1052 9.9964E-05
