0.0130309 0.576496 0.225739 9.9964E-05 9.9964E-05 0.0537396 9.9964E-05 0.0409943 9.9964E-05 0.0896008
0.203972 9.99731E-05 9.99731E-05 0.42935 0.109254 0.0323433 0.0896356 0.0749935 9.99731E-05 0.0601518
0.141343 0.194808 0.0380773 9.99731E-05 9.99731E-05 0.273458 0.0109186 0.222155 0.11894 9.99731E-05
0.0590351 9.99462E-05 9.99462E-05 9.99462E-05 0.117259 9.99462E-05 9.99462E-05 0.715504 0.107602 9.99462E-05
0.158346 0.290163 9.99551E-05 0.226936 9.99551E-05 0.186128 9.99551E-05 0.137927 9.99551E-05 9.99551E-05
9.99372E-05 0.238901 9.99372E-05 9.99372E-05 9.99372E-05 9.99372E-05 9.99372E-05 0.67522 0.0851796 9.99372E-05
0.145703 0.138419 9.99731E-05 0.287417 0.109734 0.177929 0.0134292 0.127069 9.99731E-05 9.99731E-05
0.0558219 0.589512 9.99641E-05 0.0431047 0.0990096 9.99641E-05 9.99641E-05 0.207637 0.00451465 9.99641E-05
9.99552E-05 9.99552E-05 9.99552E-05 0.096136 0.238493 9.99552E-05 0.249184 0.0849762 9.99552E-05 0.330711
0.00843865 9.99462E-05 0.607027 9.99462E-05 9.99462E-05 9.99462E-05 0.28535 9.99462E-05 0.0985845 9.99462E-05
0.0943594 9.9955E-05 9.9955E-05 9.9955E-05 9.9955E-05 9.9955E-05 0.242289 0.128828 0.41807 0.115953
0.196366 9.99552E-05 9.99552E-05 0.043703 0.470867 9.99552E-05 0.00693321 0.281631 9.99552E-05 9.99552E-05
9.99551E-05 9.99551E-05 9.99551E-05 0.330535 0.377824 9.99551E-05 0.0456118 0.158652 9.99551E-05 0.0868777
0.118163 9.99461E-05 0.115212 0.555041 9.99461E-05 0.210984 9.99461E-05 9.99461E-05 9.99461E-05 9.99461E-05
9.99463E-05 9.99463E-05 9.99463E-05 0.181306 0.611162 9.99463E-05 0.158323 0.048609 9.99463E-05 9.99463E-05
0.2778 0.277569 9.99552E-05 9.99552E-05 0.219298 0.216572 0.00826049 9.99552E-05 9.99552E-05 9.99552E-05
0.0928471 0.30456 9.99731E-05 0.193592 0.0839536 0.028905 9.99731E-05 0.160055 0.135786 9.99731E-05
0.277303 0.0141195 0.258878 9.99641E-05 9.99641E-05 0.200285 0.177927 9.99641E-05 0.0710876 9.99641E-05
9.99641E-05 0.0773405 9.99641E-05 0.0253271 0.402648 9.99641E-05 0.232559 0.148191 9.99641E-05 0.113534
9.99551E-05 0.0292372 0.385804 0.331581 9.99551E-05 0.0630926 9.99551E-05 9.99551E-05 0.189786 9.99551E-05
0.109022 9.99643E-05 0.63714 9.99643E-05 9.99643E-05 0.0259431 9.99643E-05 0.0480927 0.156451 0.0229519
9.9973E-05 0.206662 9.9973E-05 0.0177169 0.237193 0.0405632 0.440159 0.0266191 9.9973E-05 0.0307865
0.198154 9.99643E-05 9.99643E-05 9.99643E-05 0.000189041 0.0298022 0.00488469 0.73434 0.0322306 9.99643E-05
0.0408381 9.99461E-05 9.99461E-05 9.99461E-05 9.99461E-05 0.128802 9.99461E-05 0.472002 9.99461E-05 0.357759
0.052418 0.055707 0.0208566 9.99731E-05 9.99731E-05 0.0621821 9.99731E-05 0.381099 0.235642 0.191796
0.0786646 0.346397 0.0474577 9.9973E-05 9.9973E-05 0.267301 0.0949979 0.00724876 9.9973E-05 0.157634
0.218718 0.0551094 0.282772 9.9964E-05 0.0983008 0.136491 0.208209 9.9964E-05 9.9964E-05 9.9964E-05
9.99373E-05 0.214418 9.99373E-05 0.374032 9.99373E-05 9.99373E-05 0.410851 9.99373E-05 9.99373E-05 9.99373E-05
0.0338405 9.9964E-05 0.0164672 0.161797 0.36184 9.9964E-05 9.9964E-05 9.9964E-05 0.304006 0.12165
9.99463E-05 9.99463E-05 9.99463E-05 0.0151467 0.0791268 0.846333 0.0587939 9.99463E-05 9.99463E-05 9.99463E-05
0.129549 0.0183121 0.0628452 0.0631265 9.9982E-05 9.9982E-05 0.116749 0.0891423 0.00598492 0.514091
0.168877 0.0364314 0.0233811 0.22092 0.220827 0.108205 9.99731E-05 0.221059 9.99731E-05 9.99731E-05
9.99552E-05 9.99552E-05 0.263006 9.99552E-05 0.0317091 0.200575 0.458784 9.99552E-05 0.0454257 9.99552E-05
0.0289388 0.274651 9.99552E-05 0.182397 0.204069 9.99552E-05 9.99552E-05 0.309444 9.99552E-05 9.99552E-05
0.133889 0.297871 9.9964E-05 9.9964E-05 9.9964E-05 0.0380194 9.9964E-05 0.477618 0.0219288 0.030274
0.000279421 0.194822 0.600204 0.19191 9.99641E-05 0.00256075 9.99641E-05 0.00982477 9.99641E-05 9.99641E-05
0.153351 0.255195 9.99552E-05 0.104373 9.99552E-05 9.99552E-05 0.247747 9.99552E-05 9.99552E-05 0.238834
9.99462E-05 9.99462E-05 9.99462E-05 9.99462E-05 9.99462E-05 0.101644 0.343989 0.194106 0.359661 9.99462E-05
0.263646 9.99642E-05 9.99642E-05 9.99642E-05 0.0714822 0.038861 9.99642E-05 0.340609 0.140161 0.144841
0.0751464 0.000218964 0.0275539 0.0097038 0.172834 9.9982E-05 9.9982E-05 0.415651 0.292078 0.00661335
0.167637 9.99731E-05 0.110478 0.0733162 0.158989 0.348908 0.0427679 0.0976046 9.99731E-05 9.99731E-05
0.178175 9.99642E-05 0.281277 9.99642E-05 9.99642E-05 0.149851 0.0308446 0.195014 0.164439 9.99642E-05
9.9973E-05 0.156612 0.316645 0.0477718 9.9973E-05 0.106358 0.0228637 0.326785 9.9973E-05 0.022664
0.0959933 0.0666903 9.99821E-05 0.0969913 0.0863257 9.99821E-05 0.03736 0.362895 0.111843 0.141702
0.239227 9.9955E-05 9.9955E-05 0.0922315 0.479684 0.0739337 9.9955E-05 9.9955E-05 0.114424 9.9955E-05
0.161311 0.271801 0.145841 0.0231755 0.0657692 0.0365267 9.99821E-05 0.100135 0.19524 9.99821E-05
9.99642E-05 0.0325949 0.456205 0.00259124 0.351707 9.99642E-05 0.0324088 0.124094 9.99642E-05 9.99642E-05
0.214469 9.99731E-05 0.199799 0.0467008 0.206469 9.99731E-05 0.0522325 0.276739 0.00329085 9.99731E-05
9.99286E-05 9.99286E-05 0.372018 9.99286E-05 0.627183 9.99286E-05 9.99286E-05 9.99286E-05 9.99286E-05 9.99286E-05
0.122624 0.490019 0.273751 9.9946E-05 9.9946E-05 9.9946E-05 9.9946E-05 0.113006 9.9946E-05 9.9946E-05
9.99371E-05 0.510311 9.99371E-05 9.99371E-05 9.99371E-05 0.184236 9.99371E-05 0.304754 9.99371E-05 9.99371E-05
0.240832 9.99552E-05 9.99552E-05 0.193727 9.99552E-05 9.99552E-05 0.07714 0.313259 0.174542 9.99552E-05
0.00769279 0.155494 9.9973E-05 0.0349539 0.0293717 0.248709 0.410242 0.113237 9.9973E-05 9.9973E-05
9.99551E-05 0.149378 9.99551E-05 9.99551E-05 0.29173 0.137386 9.99551E-05 0.12932 0.291687 9.99551E-05
0.0213217 9.99552E-05 9.99552E-05 0.761068 9.99552E-05 9.99552E-05 0.0234752 9.99552E-05 0.0137082 0.179927
0.114937 0.231649 9.99731E-05 0.0471732 0.113925 9.99731E-05 0.373458 9.99731E-05 0.0176295 0.100928
9.9964E-05 0.0349309 9.9964E-05 0.234854 9.9964E-05 0.0705102 0.0133754 0.369109 9.9964E-05 0.276821
9.99374E-05 9.99374E-05 9.99374E-05 0.439848 9.99374E-05 9.99374E-05 0.487498 9.99374E-05 9.99374E-05 0.0719549
0.200564 0.189576 9.9964E-05 0.226342 9.9964E-05 9.9964E-05 0.0793504 9.9964E-05 0.0124846 0.291283
9.99461E-05 9.99461E-05 0.324184 9.99461E-05 9.99461E-05 9.99461E-05 9.99461E-05 0.585878 0.0231428 0.0661962
9.99642E-05 0.5912 0.011599 9.99642E-05 0.0303881 9.99642E-05 0.0890304 9.99642E-05 0.200376 0.0770067
0.424651 9.99461E-05 0.22761 9.99461E-05 9.99461E-05 0.0213046 9.99461E-05 0.325835 9.99461E-05 9.99461E-05
0.132453 9.9955E-05 9.9955E-05 9.9955E-05 0.271966 9.9955E-05 0.565773 0.00339713 9.9955E-05 0.0259116
0.0268677 0.0991871 0.00846322 9.99641E-05 0.0932896 0.694667 9.99641E-05 9.99641E-05 9.99641E-05 0.0771254
9.99461E-05 0.455789 9.99461E-05 9.99461E-05 9.99461E-05 9.99461E-05 0.350836 0.0146738 9.99461E-05 0.178101
9.99461E-05 9.99461E-05 0.272433 9.99461E-05 0.449249 0.122947 9.99461E-05 9.99461E-05 9.99461E-05 0.154772
0.00575386 0.122756 0.33073 9.9973E-05 9.9973E-05 0.11669 9.9973E-05 0.353374 0.0519322 0.0184642
0.355833 0.112115 9.99551E-05 9.99551E-05 0.144413 9.99551E-05 0.162923 0.224217 9.99551E-05 9.99551E-05
0.106766 0.385703 9.99551E-05 9.99551E-05 0.317909 9.99551E-05 9.99551E-05 9.99551E-05 0.0124175 0.176705
9.99731E-05 0.150829 0.622141 0.00843704 0.0835703 0.0583043 0.00798436 9.99731E-05 9.99731E-05 0.068434
0.216745 0.00606775 0.0294401 0.112077 0.0924298 0.0251407 0.220981 0.205713 0.0913053 9.9991E-05
0.239699 9.99551E-05 9.99551E-05 9.99551E-05 0.446674 0.184557 0.0591817 0.0693879 9.99551E-05 9.99551E-05
0.188774 0.0840062 9.99463E-05 0.68422 9.99463E-05 9.99463E-05 9.99463E-05 0.0423994 9.99463E-05 9.99463E-05
0.212853 0.10867 9.99463E-05 9.99463E-05 0.182859 9.99463E-05 9.99463E-05 0.495018 9.99463E-05 9.99463E-05
9.99287E-05 0.630851 9.99287E-05 9.99287E-05 9.99287E-05 9.99287E-05 9.99287E-05 0.368349 9.99287E-05 9.99287E-05
0.173715 0.125179 0.0282987 0.332091 0.163291 9.99641E-05 9.99641E-05 9.99641E-05 9.99641E-05 0.177024
0.0138659 9.99465E-05 9.99465E-05 9.99465E-05 0.660389 0.0804274 9.99465E-05 0.244718 9.99465E-05 9.99465E-05
0.213214 9.99731E-05 0.0915622 9.99731E-05 0.0112384 9.99731E-05 0.155293 0.122392 0.266838 0.139163
9.996E-05 0.150762 9.996E-05 0.0748502 0.166728 0.000403255 9.996E-05 9.996E-05 0.201932 0.404924
9.99551E-05 0.00545383 9.99551E-05 0.69549 0.120413 9.99551E-05 9.99551E-05 0.105861 0.0722822 9.99551E-05
0.361343 0.369881 9.99641E-05 0.0245853 0.117983 9.99641E-05 9.99641E-05 0.0812916 0.0445165 9.99641E-05
9.99821E-05 0.169607 0.143182 9.99821E-05 0.125617 0.144647 0.0415571 0.175926 0.156991 0.042274
9.99642E-05 9.99642E-05 0.426114 0.200782 9.99642E-05 9.99642E-05 0.0665384 0.152482 0.0167328 0.136952
9.9973E-05 0.0217843 9.9973E-05 0.0166528 0.385708 0.236058 0.244046 9.9973E-05 0.0146571 0.080794
0.223684 9.99552E-05 0.156397 9.99552E-05 0.0150558 0.0741358 9.99552E-05 0.530227 9.99552E-05 9.99552E-05
0.138577 9.9955E-05 0.435559 0.0111076 0.223896 9.9955E-05 9.9955E-05 0.190361 9.9955E-05 9.9955E-05
9.99462E-05 9.99462E-05 0.0516375 0.488638 9.99462E-05 0.0229255 0.436199 9.99462E-05 9.99462E-05 9.99462E-05
9.99462E-05 9.99462E-05 9.99462E-05 0.0106922 9.99462E-05 0.26083 9.99462E-05 0.574175 9.99462E-05 0.153703
9.99731E-05 0.156302 0.0349917 9.99731E-05 0.00307589 0.120814 0.166602 9.99731E-05 0.280736 0.237179
9.9955E-05 0.0568581 9.9955E-05 9.9955E-05 0.421214 0.110879 0.285665 9.9955E-05 0.124884 9.9955E-05
9.99375E-05 0.0286475 9.99375E-05 9.99375E-05 9.99375E-05 0.903134 9.99375E-05 0.0675194 9.99375E-05 9.99375E-05
9.99463E-05 9.99463E-05 0.570231 0.234238 9.99463E-05 0.07695 9.99463E-05 9.99463E-05 9.99463E-05 0.117981
0.144723 0.0184656 0.203638 9.99731E-05 0.134399 0.1913 0.153379 9.99731E-05 9.99731E-05 0.153795
9.99552E-05 9.99552E-05 0.106389 0.103213 9.99552E-05 9.99552E-05 0.106741 0.42582 0.257337 9.99552E-05
0.257905 9.9955E-05 0.0714149 9.9955E-05 0.221575 0.114676 0.33393 9.9955E-05 9.9955E-05 9.9955E-05
0.0465845 9.99551E-05 9.99551E-05 0.321253 9.99551E-05 9.99551E-05 0.0491041 0.545049 0.03751 9.99551E-05
9.99552E-05 9.99552E-05 0.405436 0.23027 9.99552E-05 0.001698 0.327875 0.034221 9.99552E-05 9.99552E-05
9.99551E-05 0.0238967 0.265642 0.116406 0.25778 9.99551E-05 0.335776 9.99551E-05 9.99551E-05 9.99551E-05
0.102096 0.0588927 0.117692 9.9973E-05 9.9973E-05 0.417684 9.9973E-05 0.00461966 0.015277 0.283439
0.0623249 9.9964E-05 0.101502 0.00732454 9.9964E-05 0.32287 0.129576 0.376003 9.9964E-05 9.9964E-05
9.99462E-05 9.99462E-05 9.99462E-05 0.157135 9.99462E-05 9.99462E-05 0.434107 0.0316998 9.99462E-05 0.376458
9.99462E-05 9.99462E-05 9.99462E-05 9.99462E-05 9.99462E-05 0.754562 0.0506832 9.99462E-05 0.0643217 0.129834
9.99374E-05 9.99374E-05 9.99374E-05 9.99374E-05 9.99374E-05 9.99374E-05 0.661114 0.309663 0.0285236 9.99374E-05
9.99372E-05 9.99372E-05 9.99372E-05 9.99372E-05 9.99372E-05 0.00968166 0.0439462 9.99372E-05 0.945673 9.99372E-05
9.99551E-05 0.400598 0.195411 0.0554289 0.061207 9.99551E-05 9.99551E-05 0.286855 9.99551E-05 9.99551E-05
0.099635 9.99463E-05 9.99463E-05 9.99463E-05 0.210781 9.99463E-05 0.000123132 0.688861 9.99463E-05 9.99463E-05
9.99641E-05 0.116396 0.201009 0.272309 0.124484 9.99641E-05 9.99641E-05 0.0536302 9.99641E-05 0.231771
0.0186955 0.608811 0.00797098 9.99642E-05 9.99642E-05 9.99642E-05 0.187446 0.0636471 0.113029 9.99642E-05
9.99551E-05 0.475656 9.99551E-05 9.99551E-05 0.138275 9.99551E-05 9.99551E-05 0.0446113 0.0773102 0.263648
0.0987672 0.0379636 9.99641E-05 9.99641E-05 0.19462 0.214492 9.99641E-05 9.99641E-05 0.452683 0.00107464
0.033052 9.99553E-05 0.0526939 0.309402 9.99553E-05 0.462369 0.141983 9.99553E-05 9.99553E-05 9.99553E-05
9.99641E-05 0.37273 0.103647 9.99641E-05 0.192221 0.119122 9.99641E-05 0.0977175 9.99641E-05 0.114163
9.99462E-05 0.0568257 9.99462E-05 0.304857 0.00337475 0.634343 9.99462E-05 9.99462E-05 9.99462E-05 9.99462E-05
9.99374E-05 0.893661 9.99374E-05 0.0149384 9.99374E-05 9.99374E-05 9.99374E-05 0.0907009 9.99374E-05 9.99374E-05
9.99373E-05 9.99373E-05 9.99373E-05 9.99373E-05 9.99373E-05 0.759823 0.0144684 0.225009 9.99373E-05 9.99373E-05
0.0953135 9.99553E-05 9.99553E-05 0.377073 0.0744286 9.99553E-05 0.119612 9.99553E-05 0.333074 9.99553E-05
9.99462E-05 0.0635502 0.366956 9.99462E-05 0.428639 9.99462E-05 9.99462E-05 0.140255 9.99462E-05 9.99462E-05
9.99462E-05 0.183763 9.99462E-05 9.99462E-05 0.279165 9.99462E-05 0.512953 9.99462E-05 9.99462E-05 0.0235196
0.176561 0.116498 9.9973E-05 9.9973E-05 0.354983 0.207927 0.0471895 9.9973E-05 0.0953356 0.00120484
9.9964E-05 0.171792 0.195101 0.221395 0.0102557 9.9964E-05 9.9964E-05 0.373898 0.0271579 9.9964E-05
9.99461E-05 9.99461E-05 9.99461E-05 9.99461E-05 0.0740575 0.454072 0.26638 0.20489 9.99461E-05 9.99461E-05
9.99463E-05 9.99463E-05 9.99463E-05 0.385819 9.99463E-05 0.00169778 9.99463E-05 0.462563 9.99463E-05 0.149321
9.99731E-05 0.319087 0.00553767 0.109404 0.17433 0.00180168 9.99731E-05 0.266994 0.122546 9.99731E-05
9.99553E-05 9.99553E-05 0.382146 0.00401183 0.214137 9.99553E-05 9.99553E-05 0.382529 0.0166759 9.99553E-05
9.99463E-05 9.99463E-05 9.99463E-05 9.99463E-05 0.191314 9.99463E-05 0.0698846 0.643046 0.0951553 9.99463E-05
9.99551E-05 0.00662721 0.100752 9.99551E-05 0.0452581 9.99551E-05 0.162235 0.684628 9.99551E-05 9.99551E-05
0.138136 9.99552E-05 0.154117 0.00837185 0.274504 0.424371 9.99552E-05 9.99552E-05 9.99552E-05 9.99552E-05
0.226068 0.430412 9.99731E-05 0.0595225 0.106014 9.99731E-05 9.99731E-05 0.0831523 0.032212 0.0623196
9.99553E-05 0.0132952 0.484365 0.0668896 9.99553E-05 0.0961471 9.99553E-05 9.99553E-05 0.338804 9.99553E-05
0.000693924 0.320828 0.201093 0.211193 9.99642E-05 0.229736 9.99642E-05 9.99642E-05 0.0360566 9.99642E-05
0.101979 9.99463E-05 0.0706015 9.99463E-05 9.99463E-05 9.99463E-05 0.542004 0.284815 9.99463E-05 9.99463E-05
0.0613608 0.249992 9.9946E-05 0.104955 9.9946E-05 9.9946E-05 9.9946E-05 0.583093 9.9946E-05 9.9946E-05
0.198934 0.26369 9.99552E-05 9.99552E-05 0.11789 9.99552E-05 0.267173 9.99552E-05 0.151813 9.99552E-05
0.138069 0.236068 0.0143454 9.9964E-05 9.9964E-05 9.9964E-05 0.327913 0.0404405 0.242763 9.9964E-05
0.029383 9.99463E-05 0.873361 9.99463E-05 9.99463E-05 9.99463E-05 9.99463E-05 9.99463E-05 0.0120994 0.0845572
9.99284E-05 0.57057 0.42863 9.99284E-05 9.99284E-05 9.99284E-05 9.99284E-05 9.99284E-05 9.99284E-05 9.99284E-05
9.99373E-05 0.90479 0.0758738 9.99373E-05 0.0186364 9.99373E-05 9.99373E-05 9.99373E-05 9.99373E-05 9.99373E-05
9.99376E-05 0.795655 9.99376E-05 9.99376E-05 9.99376E-05 0.0524185 9.99376E-05 9.99376E-05 0.151227 9.99376E-05
0.135169 9.99642E-05 9.99642E-05 0.0191506 0.190301 9.99642E-05 0.0675755 9.99642E-05 0.0706549 0.51675
9.99373E-05 0.366945 9.99373E-05 9.99373E-05 0.414729 9.99373E-05 9.99373E-05 0.217627 9.99373E-05 9.99373E-05
9.99463E-05 0.00829005 9.99463E-05 0.0932503 9.99463E-05 9.99463E-05 9.99463E-05 9.99463E-05 0.282881 0.614979
0.0914278 9.99553E-05 0.0414023 9.99553E-05 9.99553E-05 9.99553E-05 0.187084 0.472167 0.207419 9.99553E-05
0.0124692 9.9964E-05 0.208475 0.210538 0.12429 0.202322 0.241505 9.9964E-05 9.9964E-05 9.9964E-05
9.99553E-05 0.0347378 9.99553E-05 9.99553E-05 9.99553E-05 0.0959885 0.742859 0.0360168 0.0898982 9.99553E-05
0.230296 9.99731E-05 0.214624 0.166393 9.99731E-05 0.313126 0.00211472 0.0117067 0.0614407 9.99731E-05
9.996E-05 0.0220794 9.996E-05 0.262887 0.353572 0.140072 9.996E-05 0.0849404 9.996E-05 0.13605
0.999101 9.99201E-05 9.99201E-05 9.99201E-05 9.99201E-05 9.99201E-05 9.99201E-05 9.99201E-05 9.99201E-05 9.99201E-05
9.99642E-05 0.212732 0.283638 0.20235 9.99642E-05 0.00929527 9.99642E-05 0.190648 0.100937 9.99642E-05
9.99552E-05 9.99552E-05 0.019461 0.351485 9.99552E-05 0.102157 9.99552E-05 0.456439 9.99552E-05 0.0699584
0.47281 9.99553E-05 9.99553E-05 0.314625 0.0438604 9.99553E-05 0.128647 9.99553E-05 0.0395576 9.99553E-05
0.0218292 9.99462E-05 9.99462E-05 9.99462E-05 0.306355 9.99462E-05 9.99462E-05 9.99462E-05 0.0431406 0.628076
0.0898471 9.99551E-05 0.0864385 9.99551E-05 0.391564 9.99551E-05 0.344606 0.0870456 9.99551E-05 9.99551E-05
9.9973E-05 0.374691 0.0477315 0.091743 0.171868 9.9973E-05 0.0907065 9.9973E-05 0.0176064 0.205353
0.0232634 0.33884 9.99551E-05 0.227672 9.99551E-05 9.99551E-05 0.173661 9.99551E-05 9.99551E-05 0.236062
0.0071837 9.99463E-05 0.103815 9.99463E-05 9.99463E-05 9.99463E-05 9.99463E-05 0.21055 9.99463E-05 0.677852
0.0831585 0.0802074 0.227712 0.142003 0.159584 9.99641E-05 9.99641E-05 9.99641E-05 0.306935 9.99641E-05
9.99462E-05 9.99462E-05 9.99462E-05 0.301879 9.99462E-05 9.99462E-05 9.99462E-05 0.254969 0.215458 0.227094
0.0612311 0.197716 0.106592 9.99642E-05 9.99642E-05 0.118823 0.260945 9.99642E-05 9.99642E-05 0.254292
0.0533866 0.736111 0.0471058 0.00707754 9.99642E-05 9.99642E-05 0.0460551 9.99642E-05 9.99642E-05 0.109864
9.99641E-05 0.0383472 0.123933 9.99641E-05 0.183163 0.248046 9.99641E-05 9.99641E-05 0.146039 0.260071
0.999101 9.99201E-05 9.99201E-05 9.99201E-05 9.99201E-05 9.99201E-05 9.99201E-05 9.99201E-05 9.99201E-05 9.99201E-05
0.317374 0.254896 0.106841 9.99641E-05 0.224786 0.0335042 0.0621987 9.99641E-05 9.99641E-05 9.99641E-05
9.99463E-05 0.210197 9.99463E-05 0.0655301 9.99463E-05 9.99463E-05 9.99463E-05 0.722114 9.99463E-05 0.00155991
0.22644 9.99731E-05 0.0436001 0.202005 0.204171 9.99731E-05 0.247621 9.99731E-05 0.0353435 0.0405196
0.318299 9.99463E-05 0.00581081 9.99463E-05 0.458472 9.99463E-05 0.216819 9.99463E-05 9.99463E-05 9.99463E-05
9.99462E-05 9.99462E-05 0.129869 9.99462E-05 0.190641 9.99462E-05 0.0614239 0.617467 9.99462E-05 9.99462E-05
0.0165182 0.433394 0.0661136 0.0372964 9.99821E-05 0.086901 0.199094 9.99821E-05 0.0697215 0.0907613
9.99375E-05 0.491657 9.99375E-05 0.119391 0.388252 9.99375E-05 9.99375E-05 9.99375E-05 9.99375E-05 9.99375E-05
0.110414 9.99374E-05 9.99374E-05 0.825919 9.99374E-05 9.99374E-05 9.99374E-05 9.99374E-05 9.99374E-05 0.0629675
9.9964E-05 9.9964E-05 0.166433 0.119663 9.9964E-05 0.0142475 0.0623903 0.584689 9.9964E-05 0.0521773
0.0345724 0.304384 9.99641E-05 9.99641E-05 0.392176 0.0231605 9.99641E-05 0.0828955 0.162412 9.99641E-05
0.0604695 0.575965 9.99731E-05 0.217466 0.0276062 9.99731E-05 0.0628826 9.99731E-05 0.0270125 0.0282979
9.99551E-05 9.99551E-05 9.99551E-05 0.272947 0.173396 9.99551E-05 0.179371 0.313047 0.0607389 9.99551E-05
0.00333599 0.178246 0.363909 9.99552E-05 9.99552E-05 0.0313836 9.99552E-05 0.422626 9.99552E-05 9.99552E-05
9.99463E-05 0.537252 9.99463E-05 9.99463E-05 9.99463E-05 0.0249482 0.114911 0.322289 9.99463E-05 9.99463E-05
9.99551E-05 0.285892 9.99551E-05 0.139263 0.373405 9.99551E-05 9.99551E-05 9.99551E-05 0.0626175 0.138322
0.0514459 9.99732E-05 0.0126199 0.0880225 0.0747315 9.99732E-05 0.0942036 0.501639 9.99732E-05 0.177037
0.0202407 9.99462E-05 9.99462E-05 0.00742212 9.99462E-05 9.99462E-05 9.99462E-05 9.99462E-05 0.839226 0.132512
9.99462E-05 9.99462E-05 0.291247 9.99462E-05 9.99462E-05 9.99462E-05 9.99462E-05 0.195846 0.0147864 0.497521
9.99642E-05 9.99642E-05 0.174982 0.0934691 0.119875 0.0930495 0.490239 9.99642E-05 0.0279843 9.99642E-05
0.245558 9.99373E-05 0.616717 9.99373E-05 9.99373E-05 9.99373E-05 0.137025 9.99373E-05 9.99373E-05 9.99373E-05
0.0904167 9.99462E-05 0.497253 9.99462E-05 0.151043 9.99462E-05 9.99462E-05 9.99462E-05 9.99462E-05 0.260687
0.0660031 0.126155 0.21337 9.9973E-05 0.0652277 9.9973E-05 0.125019 0.116035 9.9973E-05 0.287889
9.99375E-05 0.486701 9.99375E-05 9.99375E-05 9.99375E-05 9.99375E-05 9.99375E-05 0.432962 9.99375E-05 0.079638
9.99201E-05 9.99201E-05 9.99201E-05 9.99201E-05 9.99201E-05 9.99201E-05 9.99201E-05 9.99201E-05 0.999101 9.99201E-05
0.175753 9.99464E-05 9.99464E-05 0.155735 0.541913 9.99464E-05 9.99464E-05 9.99464E-05 9.99464E-05 0.125999
9.99642E-05 0.26535 9.99642E-05 0.249088 0.113357 9.99642E-05 0.129568 0.235222 0.00701547 9.99642E-05
9.99552E-05 0.205657 9.99552E-05 0.324986 9.99552E-05 9.99552E-05 9.99552E-05 0.0985076 0.0883193 0.28203
9.99551E-05 9.99551E-05 0.178291 0.477224 9.99551E-05 0.0433545 9.99551E-05 0.259943 0.0406872 9.99551E-05
