0.00930593 9.9982E-05 9.9982E-05 0.149498 0.840996
0.530429 9.9991E-05 0.237116 0.11436 0.117995
0.462725 0.325505 9.9991E-05 0.036937 0.174734
0.201468 0.183459 0.0256462 0.0909071 0.49852
0.470067 0.272636 0.171525 0.0286598 0.0571117
0.438477 0.0815047 0.186045 0.156739 0.137234
0.331394 0.218148 9.9991E-05 0.129856 0.320502
0.135826 0.039036 0.455845 0.139505 0.229787
0.366971 0.114791 0.0368563 0.205975 0.275406
0.0942187 0.239282 0.0614072 0.387517 0.217576
0.177217 0.0646798 0.294197 0.434482 0.0294238
0.586899 0.114636 0.141149 0.157216 9.9991E-05
0.471702 0.0839384 0.205977 0.159685 0.0786969
0.157298 0.174936 0.340118 0.123421 0.204227
9.9973E-05 9.9973E-05 0.968597 0.0311034 9.9973E-05
0.0662814 0.199777 0.470421 0.0618035 0.201717
9.9973E-05 9.9973E-05 0.868962 0.130738 9.9973E-05
0.06368 0.410703 0.041916 0.159205 0.324496
0.411134 0.189368 0.0194856 0.164404 0.215608
0.314626 0.0983602 0.0938565 0.187453 0.305704
0.1706 0.0984009 0.173291 0.197071 0.360637
0.312948 0.0578936 0.336319 0.100549 0.19229
0.579486 0.279593 0.0401353 0.100685 9.9991E-05
0.304319 0.331157 0.149658 9.9991E-05 0.214765
9.9991E-05 0.078557 0.168966 0.646586 0.105791
9.9982E-05 9.9982E-05 0.256527 0.0931725 0.650101
0.150505 0.350414 0.0391551 0.333516 0.126409
0.181837 0.169634 0.268197 0.0914005 0.288932
0.394109 0.0655769 0.361894 0.117935 0.0604849
0.0827956 0.64711 0.269894 9.9982E-05 9.9982E-05
0.259448 0.0679822 0.392028 0.280443 9.9991E-05
0.263343 0.141922 9.9991E-05 0.385086 0.209548
0.329257 0.139218 0.186748 9.9991E-05 0.344677
0.388174 0.154293 0.26157 0.10075 0.0952138
0.214905 0.22854 0.137142 0.152104 0.267309
9.997E-05 9.997E-05 9.997E-05 9.997E-05 0.9996
0.285893 0.107265 0.100653 0.184843 0.321346
9.9991E-05 0.105203 0.13348 0.270821 0.490396
0.166865 0.28254 0.316152 0.234343 9.9991E-05
0.252172 0.115462 0.305477 0.0740644 0.252824
0.439758 0.0503877 0.262497 0.164247 0.0831099
0.146357 0.108559 0.211092 0.240282 0.29371
0.141896 0.104933 0.338038 0.100206 0.314927
0.527893 0.00914844 9.9991E-05 0.0699252 0.392933
0.425114 0.248922 9.9991E-05 0.263289 0.0625752
0.137351 0.168768 0.105147 0.422159 0.166575
0.535553 9.9991E-05 0.333426 0.00929442 0.121627
0.604865 0.162272 0.0583091 0.0445587 0.129995
0.366532 0.126306 0.314982 0.158042 0.0341377
0.115212 0.0296132 0.591961 9.9991E-05 0.263114
9.9991E-05 0.11234 0.410902 0.221942 0.254716
0.414427 0.173173 0.205965 0.108736 0.0976995
0.498059 0.104715 0.350286 0.00446775 0.0424731
0.169869 0.197188 0.263514 0.197895 0.171535
0.884418 0.110999 9.9982E-05 0.00438306 9.9982E-05
0.166356 0.126556 0.274669 0.116077 0.316342
0.821191 9.99731E-05 9.99731E-05 0.178509 9.99731E-05
0.734489 0.100835 9.9991E-05 0.0850238 0.0795528
0.275972 0.049387 0.428742 0.19767 0.0482288
0.302406 0.108255 0.0011584 0.387946 0.200234
0.633417 0.156237 0.0272121 9.9991E-05 0.183035
0.0346705 0.113505 0.466979 0.262316 0.12253
0.297511 0.068744 0.376739 0.0829332 0.174072
9.9982E-05 0.920543 0.010329 9.9982E-05 0.068928
0.0927083 9.9991E-05 0.206347 0.198379 0.502466
9.9973E-05 9.9973E-05 9.9973E-05 0.0236459 0.976054
0.260427 0.0727892 0.125271 0.21064 0.330872
0.333867 0.142451 0.359865 0.0491915 0.114625
0.0757648 0.0764373 0.163951 9.9991E-05 0.683747
0.196828 0.33376 0.24502 0.0589721 0.165419
0.650361 0.0775102 9.9982E-05 0.271929 9.9982E-05
0.0380127 9.9991E-05 0.432571 0.110663 0.418653
0.145623 0.189043 0.508144 0.0718383 0.0853512
0.195759 0.223135 0.41618 0.164826 9.9991E-05
0.0886542 0.163607 0.457469 0.276624 0.0136462
0.298187 0.111276 0.32301 0.267427 9.9991E-05
0.564079 0.244448 0.111608 0.0797647 9.9991E-05
0.577274 0.149958 0.135411 0.12562 0.0117365
0.586752 9.9982E-05 0.297277 9.9982E-05 0.115771
0.401989 0.315045 0.198903 0.0839638 9.9991E-05
0.409162 0.0896789 0.203593 0.0802346 0.217332
0.553541 0.0873881 9.9991E-05 0.0911562 0.267815
0.432751 0.185827 0.0549751 0.218182 0.108265
9.9982E-05 0.176251 0.639692 0.183858 9.9982E-05
0.423748 0.243655 0.150037 9.9991E-05 0.18246
0.414306 9.9991E-05 0.0511141 0.244224 0.290255
0.0970347 0.088092 0.043677 9.9991E-05 0.771096
0.51354 0.022333 0.0811044 0.382923 9.9991E-05
0.0977601 0.265856 0.207469 0.153708 0.275207
0.462422 9.9982E-05 9.9982E-05 0.12017 0.417209
9.9982E-05 0.956629 9.9982E-05 0.00177492 0.0413959
0.371221 9.9991E-05 0.356778 0.240851 0.0310492
0.137478 0.162552 0.0934362 0.1531 0.453434
0.146692 0.169629 0.683479 9.9982E-05 9.9982E-05
0.157614 9.9991E-05 0.174389 0.15057 0.517327
0.172044 0.099811 0.205823 0.202863 0.319459
0.452969 9.9991E-05 0.0937618 0.09639 0.356779
0.556686 9.9982E-05 9.9982E-05 0.308177 0.134937
0.0468363 0.639987 0.0610861 0.0513981 0.200692
0.318269 0.303279 0.3654 9.9991E-05 0.0129513
0.124633 0.22622 0.264985 0.0819501 0.302212
9.997E-05 0.9996 9.997E-05 9.997E-05 9.997E-05
0.0974335 0.0928822 0.51666 0.19273 0.100294
9.997E-05 9.997E-05 9.997E-05 0.9996 9.997E-05
0.189966 0.127161 0.407294 0.160619 0.11496
0.156563 9.9991E-05 0.523973 0.109605 0.209759
0.383924 9.9991E-05 0.395311 0.0848998 0.135765
0.29918 0.0902933 9.9991E-05 0.300294 0.310133
0.253697 0.202651 0.298046 0.245506 9.9991E-05
0.356025 0.122057 0.112924 0.0363933 0.3726
0.32591 0.0470111 0.238133 0.155543 0.233404
0.498635 0.266693 0.0793689 0.155203 9.9991E-05
0.265061 0.10782 0.331498 0.143501 0.15212
0.332614 0.466821 0.078392 9.9991E-05 0.122073
0.389884 9.9991E-05 0.315909 0.0554322 0.238675
0.180385 0.819315 9.9973E-05 9.9973E-05 9.9973E-05
0.269242 9.9991E-05 0.330572 0.237807 0.162279
0.0588446 0.128877 0.042735 0.160642 0.608901
0.520667 0.114847 0.231506 0.13288 9.9991E-05
9.9991E-05 0.214944 0.0998355 0.400341 0.28478
0.321951 0.203235 0.117184 0.0472002 0.31043
0.122073 0.577828 0.085139 0.0590814 0.155878
0.583509 0.171335 0.0471145 0.0803537 0.117688
0.353991 0.00274093 0.436254 0.16195 0.0450643
0.5327 0.389077 9.9982E-05 0.0780225 9.9982E-05
0.347676 0.0967726 0.544591 9.9991E-05 0.0108605
0.194976 0.0467836 0.361639 0.122571 0.274032
0.415797 0.276308 9.9991E-05 0.198529 0.109265
0.713862 0.0109416 0.0234446 0.118697 0.133055
9.9991E-05 0.20283 0.225041 0.272493 0.299537
9.9991E-05 0.0429656 0.0627995 0.0620333 0.832102
0.352836 0.253612 0.264754 9.9991E-05 0.128698
0.220676 0.201458 0.380923 0.0785277 0.118415
0.0537142 0.180065 0.617903 0.100245 0.0480715
0.185752 0.0694214 9.9991E-05 0.158291 0.586436
0.343442 0.122769 9.9991E-05 0.32257 0.211119
0.208713 9.9973E-05 0.790987 9.9973E-05 9.9973E-05
0.0894267 0.0486348 0.861738 9.9982E-05 9.9982E-05
0.55616 0.249622 0.0707167 0.0286947 0.0948076
0.496175 9.9991E-05 0.218753 0.129568 0.155404
0.499196 0.237678 9.9991E-05 0.14729 0.115736
0.0817079 0.0156519 0.610551 0.29199 9.9991E-05
0.563108 0.108539 9.9991E-05 0.282353 0.0459
0.292612 0.122524 9.9991E-05 0.217258 0.367506
0.372416 0.197084 0.138123 0.151044 0.141333
0.0545586 0.519887 0.218359 0.0259289 0.181267
0.324216 0.146846 0.168816 0.17573 0.184393
9.997E-05 0.9996 9.997E-05 9.997E-05 9.997E-05
0.215074 0.0439651 9.9991E-05 0.120341 0.62052
0.164306 0.03698 0.195652 0.257906 0.345156
0.656743 0.146577 0.00566758 0.113979 0.0770334
0.57731 0.0322985 0.0318269 0.233098 0.125466
0.352083 0.269622 0.0585439 0.251913 0.0678378
0.550629 0.204413 0.104034 0.140825 9.9991E-05
0.620373 0.172385 0.128256 0.0161065 0.0628791
9.9991E-05 0.228715 0.527882 0.00794346 0.23536
0.616037 0.106417 9.9991E-05 0.123616 0.15383
0.321366 0.247397 0.199476 0.141245 0.0905167
9.9973E-05 0.021467 9.9973E-05 9.9973E-05 0.978233
0.419331 0.0378299 0.339624 9.9991E-05 0.203115
0.0143258 0.0124456 0.393283 0.246097 0.333849
9.997E-05 0.9996 9.997E-05 9.997E-05 9.997E-05
0.0971505 0.438476 0.256028 0.145853 0.062492
0.398615 0.105394 0.40577 0.032296 0.0579248
0.555875 0.00969088 0.0725271 0.169991 0.191916
9.9973E-05 0.140608 9.9973E-05 9.9973E-05 0.859092
0.276462 0.0545639 0.280843 0.063934 0.324198
0.250614 0.0556073 0.340549 0.303399 0.0498316
9.9973E-05 9.9973E-05 0.995821 9.9973E-05 0.00387924
0.0762295 0.240285 0.431593 0.00196485 0.249927
0.571848 0.0918631 0.0524325 0.200131 0.0837253
0.378496 0.256775 0.144297 0.158373 0.0620586
0.206145 0.380802 0.0791312 0.10549 0.228432
0.380328 9.9991E-05 0.336411 0.237557 0.0456046
0.196234 0.0545054 0.406605 0.0625842 0.280072
0.662902 0.0357685 0.0924383 0.208791 9.9991E-05
0.33734 0.0434935 0.440691 0.178375 9.9991E-05
0.46203 9.9991E-05 0.249148 0.094619 0.194104
9.9973E-05 9.9973E-05 0.00375155 0.995949 9.9973E-05
0.618763 0.152216 0.0224768 0.185896 0.0206484
9.9982E-05 0.0469414 0.860357 0.0925019 9.9982E-05
0.217377 0.228871 0.166449 0.147344 0.239959
0.334166 0.11231 0.0932059 0.0937324 0.366585
0.285922 0.161457 0.0716218 0.0239142 0.457086
0.114251 0.0646089 0.281116 0.0986214 0.441403
9.997E-05 9.997E-05 9.997E-05 0.9996 9.997E-05
0.397331 0.136169 0.127998 0.084942 0.25356
0.0645698 0.0397819 0.328104 0.353633 0.213912
0.547966 9.9982E-05 0.119039 9.9982E-05 0.332795
0.388914 0.144466 0.410163 9.9991E-05 0.0563568
