9.9991E-05 0.520159 0.129709 0.350033
0.136194 0.088094 0.309637 0.466075
0.00435307 0.143163 0.413165 0.439319
0.0948926 0.222492 0.0397591 0.642857
0.108572 0.289003 9.9991E-05 0.602325
9.9991E-05 0.173815 0.218362 0.607724
0.148279 0.402885 9.9991E-05 0.448736
0.128701 0.105776 0.298965 0.466558
9.9982E-05 0.380827 0.618973 9.9982E-05
0.178528 0.301428 0.439856 0.0801884
9.9991E-05 0.353927 0.59478 0.0511927
0.0304621 0.170664 0.798774 9.9991E-05
0.00901548 0.461276 0.225399 0.30431
0.166459 0.346933 0.175133 0.311475
9.999E-05 0.790366 0.20755 0.00198458
0.21747 0.394973 0.370296 0.0172614
0.0789648 0.646913 0.0481126 0.226009
0.265782 0.546624 9.9991E-05 0.187494
0.130118 0.160048 0.377139 0.332695
0.142887 0.129224 0.18381 0.544079
9.9991E-05 0.45455 0.27017 0.27518
9.9991E-05 0.503785 0.225724 0.270391
0.0433453 0.180521 0.286259 0.489874
0.378985 9.9982E-05 9.9982E-05 0.620815
9.9982E-05 0.607875 0.391925 9.9982E-05
0.175041 0.383648 0.105233 0.336078
0.144554 0.173236 0.305549 0.376662
0.105387 0.232914 0.359505 0.302194
0.213507 0.0767939 0.345927 0.363773
0.710582 0.143007 9.9991E-05 0.146311
0.0396783 0.216434 0.743787 9.9991E-05
0.0838441 0.177725 0.738331 9.9991E-05
0.0803243 0.453298 0.0335488 0.432829
9.9991E-05 0.146323 0.194853 0.658724
9.9991E-05 0.584478 0.132084 0.283338
0.0371042 0.850426 0.0954646 0.0170055
9.9982E-05 0.142514 9.9982E-05 0.857286
0.117501 0.479944 0.381252 0.0213029
0.150767 0.169632 0.246781 0.43282
9.9991E-05 0.318623 0.577999 0.103278
0.164238 0.146111 0.387226 0.302424
0.099132 0.186799 9.9991E-05 0.713969
0.0748585 0.100201 0.136563 0.688378
0.162885 9.9991E-05 0.510409 0.326606
0.139713 0.300996 0.522486 0.036805
0.0268502 0.111281 0.515819 0.34605
0.11547 0.265503 0.316046 0.302981
0.102378 0.0619419 0.388815 0.446865
0.126512 0.263543 0.609845 9.9991E-05
0.194425 0.222305 0.58317 9.9991E-05
0.106976 0.65041 0.242514 9.9991E-05
0.0540503 0.250235 0.506157 0.189558
0.146683 9.9991E-05 0.421662 0.431555
0.120185 0.285809 0.126384 0.467622
0.28979 9.9982E-05 0.71001 9.9982E-05
0.0609165 0.352915 0.256267 0.329901
0.193278 9.9991E-05 0.776947 0.0296751
0.184671 0.0271222 0.447195 0.341011
0.135602 0.224076 0.564647 0.0756752
9.9991E-05 0.141625 0.654522 0.203753
0.0926408 0.0868631 9.9991E-05 0.820396
9.9982E-05 0.660306 9.9982E-05 0.339494
0.0351475 0.556869 0.407883 9.9991E-05
0.846827 0.152973 9.9982E-05 9.9982E-05
0.0811186 0.100928 0.305466 0.512488
0.0229735 0.437746 9.9991E-05 0.53918
0.133055 0.379573 0.000894936 0.486477
0.0409708 0.275529 0.494875 0.188625
0.0566488 0.37225 0.171397 0.399704
0.196805 0.250044 0.23891 0.314241
0.145564 9.9991E-05 0.572991 0.281345
0.0984179 0.592809 0.212525 0.0962478
0.143077 0.402363 0.35522 0.0993399
0.127117 0.171619 0.348091 0.353173
0.234858 0.158317 0.251206 0.355619
0.0812867 9.9991E-05 0.680028 0.238585
0.0532621 0.0961145 0.246927 0.603696
0.0726092 9.9991E-05 0.0465728 0.880718
9.9991E-05 0.0415021 0.0995537 0.858844
0.172566 0.177087 0.0284639 0.621883
0.0725358 0.260236 0.2994 0.367828
0.058364 0.394882 0.153231 0.393523
0.203463 0.0378972 0.492055 0.266585
0.15491 0.268286 0.299254 0.27755
0.16748 0.335695 9.9991E-05 0.496725
0.00229691 0.146651 0.593878 0.257175
0.00403324 0.578985 9.9991E-05 0.416882
9.9991E-05 0.271807 0.683189 0.0449049
0.218212 0.635049 0.0560026 0.0907361
9.9991E-05 0.24825 0.694962 0.0566883
0.99445 0.0053501 9.9982E-05 9.9982E-05
9.9982E-05 0.568322 0.431478 9.9982E-05
9.9991E-05 0.376839 0.0297063 0.593354
0.0769937 0.399407 0.523499 9.9991E-05
9.9982E-05 0.302502 9.9982E-05 0.697298
0.149088 0.111163 0.00968227 0.730066
0.122037 0.0686185 0.4252 0.384145
9.9991E-05 0.199126 0.41071 0.390064
0.487373 0.512427 9.99901E-05 9.99901E-05
0.419693 0.155593 0.163001 0.261713
0.233213 0.231285 0.428675 0.106827
0.9997 9.998E-05 9.998E-05 9.998E-05
0.0236481 0.29143 0.347878 0.337044
9.9982E-05 0.141871 9.9982E-05 0.857929
0.0566424 0.277816 0.416113 0.249429
0.0813738 0.0305377 0.56569 0.322399
0.0534018 0.3313 0.305103 0.310195
0.0412332 0.258437 0.346164 0.354166
0.256175 0.287785 0.376626 0.0794143
0.0149196 0.447676 0.342693 0.194711
9.9991E-05 0.160673 0.14991 0.689318
0.230933 0.416605 0.352361 9.9991E-05
0.130518 0.0121408 0.422004 0.435336
0.434564 0.384854 9.9991E-05 0.180481
0.0803983 0.0709467 0.217749 0.630906
0.9997 9.998E-05 9.998E-05 9.998E-05
9.9991E-05 0.238908 0.505511 0.255481
0.125814 0.282426 0.188779 0.40298
9.9991E-05 0.149723 0.401536 0.448641
0.127609 0.490874 0.381417 9.9991E-05
0.0485362 0.448766 9.9991E-05 0.502598
0.389469 0.587323 9.9991E-05 0.0231084
0.1706 0.311006 0.320925 0.197469
9.9991E-05 0.136641 0.492936 0.370323
0.232374 0.265052 0.502474 9.9991E-05
0.0839256 0.32074 0.250792 0.344542
9.9982E-05 0.387919 0.611881 9.9982E-05
0.167576 0.304166 0.378933 0.149325
9.9991E-05 0.13058 0.746654 0.122665
0.225612 0.285321 0.405099 0.0839678
0.0610188 0.504861 9.9991E-05 0.434021
0.0771627 0.219447 0.0873123 0.616078
0.288993 0.0568967 0.275468 0.378643
0.191668 0.391028 0.233765 0.183539
0.0988869 0.0405855 0.399119 0.461409
9.9991E-05 0.308328 0.670444 0.0211282
9.9991E-05 0.0466063 0.787263 0.166031
0.178261 0.0721265 0.544339 0.205273
0.173597 0.239451 0.391404 0.195548
0.0438186 0.224458 0.158245 0.573479
0.076194 0.136495 0.132516 0.654795
9.9982E-05 0.448521 0.55128 9.9982E-05
0.141223 0.0459447 0.533019 0.279814
0.0852726 0.251181 0.642499 0.0210475
0.103902 0.1592 9.9991E-05 0.736798
0.324326 0.569431 9.9991E-05 0.106143
0.113034 0.215634 0.207561 0.46377
9.998E-05 0.9997 9.998E-05 9.998E-05
0.082793 0.404025 0.03133 0.481852
0.0497685 9.9982E-05 9.9982E-05 0.950031
9.9982E-05 0.181614 0.818186 9.9982E-05
9.9991E-05 0.267848 0.0126621 0.71939
0.182954 0.293486 0.415123 0.108436
0.170323 0.360335 0.422052 0.0472902
0.0205611 0.27823 0.679398 0.0218104
0.193584 0.347137 0.0840089 0.37527
9.9991E-05 0.127692 0.429672 0.442535
0.15908 0.288877 0.244032 0.308011
0.320787 0.0478198 0.166309 0.465084
0.0765871 0.36694 0.444966 0.111507
9.9991E-05 0.511484 0.120464 0.367952
9.998E-05 0.9997 9.998E-05 9.998E-05
9.9991E-05 0.760126 0.170925 0.0688487
0.196571 0.0143766 0.0477345 0.741318
0.161514 0.162138 0.395575 0.280773
0.114543 0.338818 0.0873266 0.459312
9.9991E-05 0.329863 0.436108 0.233929
9.9991E-05 0.219108 0.494845 0.285947
0.135525 0.243556 0.615287 0.00563214
0.13235 0.590398 9.9991E-05 0.277152
0.136313 0.112949 0.706749 0.0439891
0.0358934 0.0910709 0.530578 0.342458
0.170983 0.551039 9.9991E-05 0.277877
0.0120662 0.130479 0.837317 0.0201384
0.00286998 0.344057 0.247177 0.405896
9.9991E-05 0.172301 0.314764 0.512835
9.9991E-05 0.31711 0.38195 0.300841
0.0501325 9.9991E-05 0.67783 0.271938
0.00887883 9.9982E-05 9.9982E-05 0.990921
0.146417 0.134982 0.377896 0.340705
0.177166 0.822634 9.9982E-05 9.9982E-05
0.11736 0.638781 0.243758 9.9991E-05
0.108468 0.216849 0.428633 0.246051
0.362225 0.0156666 0.239372 0.382736
0.0470008 0.43845 0.254355 0.260195
9.9982E-05 0.0241695 9.9982E-05 0.975631
9.9991E-05 0.333629 0.222433 0.443839
0.1095 0.422665 0.196421 0.271415
0.000656629 0.330291 9.9991E-05 0.668952
0.248291 0.269058 0.482551 9.9991E-05
