0.00169501 0.382999 0.509029 0.106276
0.12865 0.491972 0.114075 0.265303
0.085001 0.370874 0.349305 0.194821
0.0729505 0.789098 0.134528 0.00342396
0.0246131 0.573584 0.237211 0.164592
0.0263132 0.553177 0.143069 0.27744
0.0161444 0.241142 0.423617 0.319097
0.236121 0.335589 0.138183 0.290107
0.0424835 0.183614 0.178772 0.595131
0.235242 9.9991E-05 0.263766 0.500892
0.0110679 0.182367 0.164457 0.642108
0.14868 9.9991E-05 0.238526 0.612695
0.0546425 0.317586 0.301027 0.326745
0.235801 0.0801331 0.377826 0.306239
0.152324 9.9991E-05 0.527768 0.319808
0.342845 0.292379 0.364301 0.000474497
0.238587 0.147044 0.392127 0.222242
0.240641 0.306821 0.385262 0.0672762
0.0293433 0.507733 0.268716 0.194208
0.229734 0.41608 0.11075 0.243435
0.00468425 0.392437 0.402206 0.200673
0.101942 0.190098 0.351079 0.356881
0.016525 0.673192 0.310183 9.9991E-05
0.309547 0.45277 0.157212 0.0804714
9.9982E-05 9.9982E-05 0.246103 0.753697
0.247189 0.33695 0.41525 0.000610523
0.380547 0.0900131 0.11079 0.418649
0.196467 0.240062 0.272301 0.29117
0.172758 0.319669 0.265337 0.242236
0.808059 0.0183987 0.136017 0.0375252
0.126938 0.153552 0.230468 0.489042
0.223836 0.043119 0.0650375 0.668008
0.142052 0.639541 0.218306 9.9991E-05
0.138549 0.249868 0.309906 0.301677
9.9991E-05 0.150205 0.520317 0.329379
9.998E-05 9.998E-05 0.9997 9.998E-05
9.9991E-05 0.579777 0.252544 0.16758
0.247809 9.9991E-05 0.44175 0.310341
0.221779 0.283165 0.0750977 0.419958
0.123025 0.217749 0.295985 0.363241
0.235981 0.272591 0.120743 0.370685
0.149447 0.509418 0.168186 0.172948
0.123827 0.638404 0.0892758 0.148494
0.132968 0.52333 0.124913 0.218789
0.278628 9.9991E-05 0.211916 0.509356
9.9991E-05 0.0538021 0.311639 0.634459
0.105482 0.743035 0.0247384 0.126744
0.161716 0.752653 0.0855308 9.9991E-05
0.430005 0.0550984 0.00234898 0.512548
0.334781 0.440576 0.0374992 0.187143
0.164296 0.0542408 0.378746 0.402717
0.228827 0.461871 0.0586839 0.250618
0.402288 0.411338 9.9991E-05 0.186273
0.223653 0.199845 0.264322 0.31218
0.374998 0.301419 9.9991E-05 0.323484
0.0459359 0.577533 0.17786 0.198672
0.173065 0.442435 9.9991E-05 0.3844
0.114313 0.671528 0.0687371 0.145422
0.249333 0.277329 0.131224 0.342114
0.0805348 0.225293 0.153538 0.540634
0.0852308 0.722859 0.171122 0.0207882
0.0656295 0.471598 0.236364 0.226409
0.0732964 0.564631 0.274436 0.0876365
0.9997 9.998E-05 9.998E-05 9.998E-05
0.0934223 0.338853 0.237076 0.330649
9.9982E-05 0.347957 0.651843 9.9982E-05
9.9991E-05 0.418499 0.294635 0.286766
0.070942 0.354685 0.273889 0.300484
0.13217 0.445839 0.42189 9.9991E-05
0.207582 0.53354 0.171615 0.0872628
0.236046 0.157637 9.9991E-05 0.606217
0.249366 0.0417457 0.457041 0.251847
0.130438 0.345703 0.376942 0.146917
0.226857 0.259005 0.0500205 0.464118
0.316649 9.9991E-05 0.322524 0.360727
0.184453 0.0587352 9.9991E-05 0.756712
9.9991E-05 0.359923 0.417421 0.222556
0.138019 0.704904 0.012669 0.144408
0.106232 0.631311 0.0633969 0.19906
0.302449 0.319274 0.191798 0.186479
0.100934 0.549626 0.205606 0.143834
9.9991E-05 0.527454 0.379595 0.0928502
0.418126 0.132988 0.10505 0.343836
0.16473 0.597757 9.9991E-05 0.237413
0.0252615 0.501204 0.411125 0.0624104
0.0396371 0.506235 0.0342795 0.419849
0.0215148 0.389484 0.588902 9.9991E-05
9.9991E-05 0.163346 0.185811 0.650743
0.328048 9.9991E-05 0.514146 0.157706
9.9991E-05 0.311878 0.277199 0.410823
0.9997 9.998E-05 9.998E-05 9.998E-05
0.0843657 9.9991E-05 0.25474 0.660794
9.9991E-05 0.698794 0.256975 0.0441304
0.254564 0.278525 0.191909 0.275001
9.9982E-05 0.934794 0.0650063 9.9982E-05
0.0971628 0.635021 0.143547 0.124269
0.0419496 0.565619 0.127854 0.264577
9.9991E-05 0.46369 0.102836 0.433374
0.39645 0.129856 0.473593 9.9991E-05
0.434174 0.32694 0.128941 0.109945
0.14046 0.22263 0.405074 0.231836
0.9997 9.998E-05 9.998E-05 9.998E-05
0.203244 0.277945 0.103413 0.415397
9.9982E-05 9.9982E-05 0.164881 0.83492
0.145929 0.396703 0.17504 0.282328
0.124196 0.551438 9.9991E-05 0.324265
0.14919 0.32601 0.311162 0.213638
0.0130036 0.346229 0.404798 0.235968
0.397271 0.0136647 0.0884906 0.500573
0.177223 0.0841842 0.476076 0.262517
9.9991E-05 0.495133 0.229962 0.274806
0.0755082 0.2079 0.310146 0.406446
0.188626 0.658198 9.9991E-05 0.153076
0.556747 9.9991E-05 0.39923 0.043923
0.04892 0.562615 0.233199 0.155266
0.9997 9.998E-05 9.998E-05 9.998E-05
0.0194789 0.196763 0.220376 0.563382
0.0729574 0.371049 0.489517 0.0664767
0.139004 0.653872 9.9991E-05 0.207024
0.215032 0.195149 0.267687 0.322132
0.190728 0.285828 0.38921 0.134235
0.436516 9.9982E-05 0.563284 9.9982E-05
0.343144 0.0664774 0.347295 0.243084
0.0621823 0.654508 9.9991E-05 0.28321
0.326291 0.153298 0.264156 0.256255
0.0678741 0.403842 0.307239 0.221045
0.134972 0.216995 0.151742 0.496291
0.209182 0.402412 0.10045 0.287956
9.9991E-05 0.63243 0.0442524 0.323218
0.304908 0.0860784 0.256319 0.352694
9.9982E-05 0.347623 0.652177 9.9982E-05
0.0520286 0.613369 0.26482 0.0697827
0.277486 0.506884 0.117678 0.0979522
0.31713 0.346959 0.158772 0.177139
9.9991E-05 0.611428 0.12599 0.262482
9.9991E-05 0.280862 0.16807 0.550968
0.373927 0.539969 9.9991E-05 0.086004
0.596222 0.373425 9.9991E-05 0.0302529
0.0629632 0.351706 0.319343 0.265988
0.070758 0.528107 0.188155 0.212979
9.9991E-05 0.381924 0.253219 0.364757
0.193087 0.014315 0.192756 0.599842
0.0985218 0.564163 0.0304132 0.306902
0.101521 0.150617 0.301953 0.445909
0.0901496 0.643937 0.257039 0.00887453
0.459962 9.9991E-05 0.431759 0.108179
0.0374246 0.339436 0.286507 0.336632
9.998E-05 9.998E-05 0.9997 9.998E-05
9.9991E-05 0.166248 0.695789 0.137864
9.9991E-05 0.711226 0.0573353 0.231339
0.000142902 0.195584 0.206906 0.597367
9.9991E-05 0.444034 0.276787 0.279079
0.168322 0.0284691 0.305411 0.497797
0.212753 0.159043 0.325457 0.302748
0.083338 0.358965 0.185267 0.37243
0.301277 0.253306 0.384468 0.0609491
9.9991E-05 0.429357 0.295181 0.275362
0.16562 0.467382 0.131859 0.235138
0.291482 0.405981 0.302438 9.9991E-05
0.264716 0.36994 0.185552 0.179792
9.9991E-05 0.343904 0.428393 0.227602
9.998E-05 9.998E-05 0.9997 9.998E-05
9.9991E-05 0.105624 0.730639 0.163638
0.160477 0.635504 0.0943955 0.109624
0.171592 0.288393 0.152152 0.387863
0.000385832 0.281615 0.703048 0.0149507
9.9991E-05 0.471613 0.328483 0.199803
0.0683424 0.1692 0.207076 0.555382
0.703656 0.128102 0.150226 0.0180161
0.152844 0.170515 0.571257 0.105384
0.349463 0.245193 9.9991E-05 0.405244
0.209193 0.352511 0.139787 0.298509
0.293008 0.463492 0.2434 9.9991E-05
0.349635 0.0568865 0.228746 0.364732
0.0430556 0.533051 0.330332 0.0935611
0.108555 0.495912 9.9991E-05 0.395433
0.0131729 0.547478 0.188184 0.251165
0.201613 0.458823 0.000736744 0.338828
9.998E-05 9.998E-05 9.998E-05 0.9997
0.204017 0.202122 0.152495 0.441367
0.289657 9.9991E-05 0.582019 0.128224
0.0772414 0.196205 0.438756 0.287798
0.18009 0.216103 0.350256 0.253552
0.107526 0.696569 0.195805 9.9991E-05
0.0367266 0.552559 0.368928 0.0417864
9.998E-05 9.998E-05 9.998E-05 0.9997
9.9991E-05 0.623462 0.250382 0.126056
0.188607 0.0231873 0.413935 0.374271
0.0789828 0.712682 0.208235 9.9991E-05
0.460868 0.0490418 0.24422 0.24587
