0.23928 9.99821E-05 0.0113098 9.99821E-05 0.324687 0.424523
9.999E-05 0.214054 0.136623 0.284232 0.272547 0.0924444
9.99821E-05 0.350085 0.271908 0.0895046 0.288302 9.99821E-05
9.999E-05 0.292365 0.235835 0.00743145 0.309925 0.154344
0.0903299 9.99821E-05 0.180027 0.329483 0.39996 9.99821E-05
0.0230283 0.368729 0.0742561 9.99821E-05 0.533786 9.99821E-05
0.452501 9.9991E-05 0.010378 0.110321 0.272971 0.15373
9.99821E-05 0.0707769 0.00456489 0.163755 0.760703 9.99821E-05
0.0535774 0.149138 9.99731E-05 9.99731E-05 9.99731E-05 0.796985
0.450199 0.399742 0.135788 9.99821E-05 9.99821E-05 0.0140712
0.191117 0.273838 0.347612 9.9991E-05 0.183669 0.00366323
9.99821E-05 9.99821E-05 0.00402924 0.390956 0.119366 0.485448
9.99821E-05 9.99821E-05 0.120472 0.249169 0.320649 0.309511
0.273815 9.99821E-05 0.0814123 0.363677 0.280895 9.99821E-05
0.100207 9.99732E-05 9.99732E-05 9.99732E-05 0.256118 0.643374
9.99821E-05 9.99821E-05 0.503645 0.0686481 0.363432 0.0640749
0.0514537 0.150918 0.162678 0.136069 0.083467 0.415414
0.392064 0.289256 9.99821E-05 0.0693965 0.249084 9.99821E-05
9.99642E-05 0.274164 9.99642E-05 9.99642E-05 9.99642E-05 0.725436
9.999E-05 0.390647 0.00064458 0.160238 0.419027 0.0293432
0.798939 0.200661 9.99642E-05 9.99642E-05 9.99642E-05 9.99642E-05
0.125352 9.99821E-05 0.255616 9.99821E-05 0.107281 0.511551
0.00897036 0.341837 0.224962 0.123605 0.300526 9.9991E-05
0.289732 9.99731E-05 0.606431 0.103537 9.99731E-05 9.99731E-05
0.136278 0.188979 0.515117 9.99821E-05 0.159427 9.99821E-05
0.133923 0.028449 0.245343 0.0265834 0.411126 0.154575
0.324205 0.246881 0.0643561 0.230393 9.9991E-05 0.134066
0.322943 0.314472 9.99822E-05 0.00831955 0.354066 9.99822E-05
9.99821E-05 0.422581 9.99821E-05 0.116156 0.426135 0.0349284
9.99641E-05 9.99641E-05 0.833843 9.99641E-05 9.99641E-05 0.165757
0.856888 9.99732E-05 9.99732E-05 0.00136778 0.141445 9.99732E-05
9.99821E-05 9.99821E-05 0.0029226 0.397756 0.434637 0.164484
0.262259 0.604381 0.133061 9.99732E-05 9.99732E-05 9.99732E-05
9.99821E-05 9.99821E-05 0.0866206 0.111715 0.501632 0.299833
9.9973E-05 9.9973E-05 0.249231 0.18596 0.564509 9.9973E-05
0.420946 9.99732E-05 9.99732E-05 0.191996 0.386758 9.99732E-05
0.22452 0.121767 9.99821E-05 0.230315 0.423199 9.99821E-05
9.99642E-05 0.898855 0.100745 9.99642E-05 9.99642E-05 9.99642E-05
0.0980026 0.0681265 0.0714255 0.191539 0.497877 0.0730293
9.99731E-05 0.269457 9.99731E-05 9.99731E-05 0.696919 0.0333242
0.203726 0.029243 0.308587 9.99821E-05 9.99821E-05 0.458244
0.746075 9.99731E-05 0.00175915 9.99731E-05 9.99731E-05 0.251865
0.107005 0.213388 0.0717793 0.297666 0.220135 0.0900265
9.9991E-05 0.286414 0.0248484 0.0852925 0.378831 0.224514
9.9991E-05 0.14551 0.134837 0.330446 0.18601 0.203097
9.99821E-05 0.133789 9.99821E-05 0.180237 0.414532 0.271242
0.218339 9.99821E-05 0.0922136 9.99821E-05 0.252967 0.43628
0.19465 0.275992 0.00859316 0.151701 0.0631272 0.305937
9.99644E-05 9.99644E-05 9.99644E-05 9.99644E-05 0.375763 0.623837
0.0664553 9.99731E-05 9.99731E-05 0.123976 0.809269 9.99731E-05
9.99641E-05 9.99641E-05 0.189436 9.99641E-05 0.810164 9.99641E-05
0.193507 0.645533 9.99732E-05 0.16066 9.99732E-05 9.99732E-05
9.99746E-05 0.0849301 0.367499 9.99746E-05 9.99746E-05 0.547271
9.99821E-05 9.99821E-05 0.16575 0.020459 0.668743 0.144849
0.182073 0.174774 0.00264412 0.341445 0.0906996 0.208364
0.501765 9.99821E-05 9.99821E-05 0.00327387 0.0582586 0.436502
0.234466 0.18728 0.272971 0.0257728 0.170554 0.108956
0.396586 9.99822E-05 0.0760759 0.301829 9.99822E-05 0.225309
0.157177 0.146484 9.9991E-05 0.177454 0.232531 0.286254
0.264141 0.200632 9.9982E-05 0.16347 0.371557 9.9982E-05
0.0486245 0.219357 0.0236299 9.99911E-05 0.684146 0.0241421
0.421825 9.9982E-05 0.134714 0.139939 9.9982E-05 0.303322
0.101268 0.00184613 0.167626 0.130838 9.9991E-05 0.598322
9.99821E-05 0.0201604 0.698983 0.00144025 0.279216 9.99821E-05
0.184075 9.99821E-05 0.128522 9.99821E-05 0.661662 0.0255408
9.99821E-05 0.0105394 0.298914 0.016709 9.99821E-05 0.673637
0.264545 0.0117072 0.0493881 9.9982E-05 0.674159 9.9982E-05
0.122589 9.99821E-05 9.99821E-05 0.245988 0.0324662 0.598757
9.99641E-05 9.99641E-05 9.99641E-05 9.99641E-05 0.470789 0.528811
0.424251 0.211649 0.0209177 9.99821E-05 0.342982 9.99821E-05
0.253174 0.0858197 0.0288266 0.237672 0.0642543 0.330253
9.99731E-05 9.99731E-05 0.152406 0.250207 9.99731E-05 0.597087
9.99732E-05 0.229568 9.99732E-05 0.74499 0.0251417 9.99732E-05
9.99731E-05 9.99731E-05 9.99731E-05 0.216138 0.485081 0.298481
9.99733E-05 9.99733E-05 0.207673 0.0343167 0.75771 9.99733E-05
0.101715 9.9991E-05 0.0199396 0.294501 0.0415317 0.542213
9.99733E-05 9.99733E-05 0.21522 9.99733E-05 0.0777446 0.706736
0.219377 0.316201 0.0988205 0.275681 9.9991E-05 0.08982
0.137929 0.0256223 0.0841036 0.0242498 0.465552 0.262543
9.99821E-05 0.0936293 9.99821E-05 0.38056 0.407622 0.117989
9.99732E-05 0.0523222 9.99732E-05 0.550779 0.396599 9.99732E-05
0.053327 0.199277 0.232291 0.0622612 0.247535 0.205309
0.709474 9.99732E-05 9.99732E-05 9.99732E-05 0.177669 0.112557
9.99821E-05 0.0177365 0.209143 9.99821E-05 0.175384 0.597537
0.257378 9.9991E-05 0.16836 0.361327 0.105733 0.107102
0.281786 0.162206 9.9991E-05 0.0398985 0.257518 0.258491
0.125612 0.497212 9.99821E-05 0.24605 9.99821E-05 0.130926
9.99821E-05 9.99821E-05 0.647768 0.164738 0.0723055 0.114988
0.122074 0.180291 0.0740824 9.99911E-05 0.324967 0.298486
9.99821E-05 0.279945 0.103269 9.99821E-05 0.0201549 0.596431
9.99643E-05 9.99643E-05 0.89126 9.99643E-05 0.10834 9.99643E-05
0.635863 9.99732E-05 0.103924 0.259914 9.99732E-05 9.99732E-05
0.305866 0.00308484 0.20906 0.162677 9.99911E-05 0.319213
0.257366 0.474101 0.117153 9.9991E-05 0.0496173 0.101663
0.136396 0.0103796 0.0927313 0.137847 9.9991E-05 0.622547
9.9991E-05 0.360906 0.0144834 0.210297 0.174224 0.239988
0.656201 0.0671358 0.132725 9.9991E-05 0.0868209 0.0570172
0.26108 0.0279678 9.9982E-05 9.9982E-05 0.0877039 0.623049
0.12432 9.99821E-05 0.462581 0.0915198 0.321379 9.99821E-05
0.144803 0.309354 0.405771 0.0909384 0.00808828 0.0410448
0.925139 9.99731E-05 0.0726983 0.00186241 9.99731E-05 9.99731E-05
9.99643E-05 0.0355612 0.964039 9.99643E-05 9.99643E-05 9.99643E-05
0.175984 0.725871 0.00992227 9.99821E-05 9.99821E-05 0.0880235
9.996E-05 0.9995 9.996E-05 9.996E-05 9.996E-05 9.996E-05
9.99731E-05 0.268848 9.99731E-05 9.99731E-05 0.555835 0.175017
0.0361564 9.9991E-05 0.234745 0.00538017 0.188807 0.534811
0.175342 0.123918 9.9991E-05 0.222273 0.29653 0.181836
0.127 0.246037 9.99731E-05 9.99731E-05 0.626663 9.99731E-05
9.99642E-05 9.99642E-05 9.99642E-05 9.99642E-05 0.819434 0.180166
9.99732E-05 0.655816 0.112375 9.99732E-05 0.231509 9.99732E-05
0.536073 9.99732E-05 0.273645 9.99732E-05 0.189983 9.99732E-05
0.0790448 9.99821E-05 0.131185 0.126454 0.663116 9.99821E-05
9.99733E-05 0.00649018 0.509875 9.99733E-05 0.483335 9.99733E-05
9.99821E-05 0.206991 0.0307907 0.230742 0.531275 9.99821E-05
9.996E-05 9.996E-05 0.9995 9.996E-05 9.996E-05 9.996E-05
0.396732 0.0994594 9.99821E-05 0.0986303 9.99821E-05 0.404978
9.99731E-05 9.99731E-05 0.0279422 9.99731E-05 0.611295 0.360463
9.9991E-05 0.0687604 0.123937 0.262402 0.0613216 0.48348
9.9991E-05 0.0791454 0.216596 0.177466 0.52655 0.000143208
9.9982E-05 0.361224 0.00965954 0.00700429 0.621912 9.9982E-05
0.0224112 9.9991E-05 0.456962 0.103568 0.0550481 0.36191
9.99821E-05 0.273302 0.217304 0.133234 0.37596 9.99821E-05
9.99821E-05 0.014912 0.0681399 9.99821E-05 0.909096 0.00765219
0.63663 9.99731E-05 9.99731E-05 0.0972176 0.265852 9.99731E-05
0.0160222 0.143287 0.203389 9.99911E-05 0.216241 0.420961
0.425088 0.0572093 0.107223 9.9991E-05 0.197876 0.212503
9.99821E-05 0.0636152 0.246515 0.236074 9.99821E-05 0.453595
0.118083 0.0152437 0.0181451 0.190233 0.480931 0.177364
9.99732E-05 0.536339 0.164368 9.99732E-05 0.298993 9.99732E-05
0.133413 0.525145 9.99732E-05 9.99732E-05 0.341143 9.99732E-05
0.42178 9.99642E-05 9.99642E-05 9.99642E-05 9.99642E-05 0.57782
0.279569 0.129712 0.0101628 0.104949 0.475507 9.9991E-05
0.135077 0.316512 9.99821E-05 0.134564 9.99821E-05 0.413648
9.99731E-05 0.699196 9.99731E-05 0.00948349 9.99731E-05 0.29102
0.156362 0.435284 9.99821E-05 0.0635427 9.99821E-05 0.344611
0.102145 0.0564228 9.99732E-05 9.99732E-05 0.841132 9.99732E-05
0.0194466 9.99732E-05 9.99732E-05 9.99732E-05 0.949605 0.0306481
9.996E-05 9.996E-05 9.996E-05 9.996E-05 0.9995 9.996E-05
0.0435917 0.274464 9.99821E-05 0.140095 9.99821E-05 0.54165
9.99642E-05 9.99642E-05 9.99642E-05 9.99642E-05 0.871097 0.128503
0.226867 0.242735 0.0678326 0.166945 0.107764 0.187856
0.00352904 0.701445 0.164887 0.0199479 9.99911E-05 0.110091
0.318738 0.21272 9.9991E-05 0.070622 0.136116 0.261704
0.187822 0.543161 0.131275 9.99821E-05 9.99821E-05 0.137543
0.0859925 9.99821E-05 0.815397 0.02336 0.075051 9.99821E-05
0.041411 0.148021 0.0722683 9.9991E-05 0.466553 0.271646
9.996E-05 9.996E-05 9.996E-05 0.9995 9.996E-05 9.996E-05
9.99821E-05 0.31419 0.244944 0.0733852 0.367281 9.99821E-05
0.323344 9.99821E-05 0.152355 0.286112 0.237989 9.99821E-05
0.427092 9.99732E-05 9.99732E-05 0.357903 9.99732E-05 0.214705
0.160626 0.14336 0.0294181 0.227336 0.0569499 0.38231
0.0184863 0.0257327 0.0160869 0.158051 9.9991E-05 0.781543
0.28948 9.99641E-05 9.99641E-05 9.99641E-05 0.71012 9.99641E-05
0.143178 0.111164 0.0389811 0.0925163 0.487668 0.126493
0.676772 9.99642E-05 0.322828 9.99642E-05 9.99642E-05 9.99642E-05
0.044258 0.415872 9.99911E-05 0.0542336 0.398442 0.0870945
9.99821E-05 0.515666 0.052482 0.246929 0.184724 9.99821E-05
0.211418 0.0298702 0.110714 0.202146 0.434463 0.011389
0.0019984 9.99643E-05 9.99643E-05 9.99643E-05 0.997602 9.99643E-05
0.194359 0.37883 0.0449758 9.9991E-05 0.149617 0.232118
9.996E-05 9.996E-05 9.996E-05 0.9995 9.996E-05 9.996E-05
9.99731E-05 9.99731E-05 9.99731E-05 0.181742 0.380488 0.43747
9.99821E-05 0.186852 0.0706281 0.272933 0.469387 9.99821E-05
0.413126 9.99732E-05 9.99732E-05 0.0286674 9.99732E-05 0.557906
9.99643E-05 9.99643E-05 9.99643E-05 0.325811 9.99643E-05 0.673789
0.065181 0.0449987 0.209824 0.000640345 0.321988 0.357367
0.456901 9.99642E-05 9.99642E-05 9.99642E-05 0.542699 9.99642E-05
9.99643E-05 9.99643E-05 9.99643E-05 9.99643E-05 0.724013 0.275587
0.415431 9.99732E-05 9.99732E-05 0.399173 0.185096 9.99732E-05
9.9991E-05 0.337972 0.0425405 0.0816869 0.339012 0.198688
9.99732E-05 9.99732E-05 0.199341 9.99732E-05 0.490771 0.309588
9.99821E-05 0.132763 9.99821E-05 0.224189 0.515208 0.12764
9.99731E-05 0.437308 9.99731E-05 0.0973584 9.99731E-05 0.465034
0.281264 9.99821E-05 0.286661 9.99821E-05 0.380779 0.0510956
9.99821E-05 9.99821E-05 0.16876 0.0596717 0.565988 0.20538
0.0648063 9.99732E-05 9.99732E-05 9.99732E-05 0.721406 0.213488
0.0225454 9.99911E-05 0.357842 0.269004 0.0373821 0.313127
0.455395 0.544206 9.99642E-05 9.99642E-05 9.99642E-05 9.99642E-05
0.470535 0.282024 0.0290994 9.9991E-05 0.0430496 0.175193
0.162882 0.420375 9.99821E-05 9.99821E-05 0.111209 0.305334
0.500608 0.0871362 9.99821E-05 0.34244 9.99821E-05 0.0696161
0.372147 0.0695432 9.99911E-05 0.0448833 0.0273791 0.485947
0.29891 9.9982E-05 0.0854739 9.9982E-05 0.371999 0.243418
9.99732E-05 9.99732E-05 0.0111166 0.270416 0.718167 9.99732E-05
9.99642E-05 0.909868 9.99642E-05 9.99642E-05 0.089732 9.99642E-05
0.0328626 9.99822E-05 9.99822E-05 0.171963 0.173067 0.621907
9.99821E-05 0.424602 9.99821E-05 0.0722609 0.405497 0.0974402
0.010748 0.361508 0.195856 0.00134926 0.430438 9.99911E-05
0.145891 0.415847 0.147381 0.272986 0.0177953 9.9991E-05
