9.9964E-05 9.9964E-05 0.0368832 9.9964E-05 9.9964E-05 0.222044 0.740673
0.0282219 0.337202 0.0884829 0.107443 0.317758 9.9991E-05 0.120791
9.999E-05 0.189975 0.0305232 0.042437 0.103811 0.189718 0.443435
0.0590677 9.9982E-05 0.120761 0.115296 0.279124 9.9982E-05 0.425551
0.1045 0.0603614 0.102616 0.0910008 0.528736 9.9991E-05 0.112686
0.0399863 9.9982E-05 0.169867 9.9982E-05 0.510065 0.113272 0.16661
0.0334143 9.9973E-05 0.0526878 9.9973E-05 9.9973E-05 0.168162 0.745436
0.0912248 0.292038 0.0537814 0.00657577 0.148006 0.119986 0.288388
0.117644 0.0255627 0.00242692 0.000499332 0.220609 0.482175 0.151084
0.104277 9.9982E-05 0.258685 0.121729 9.9982E-05 0.318314 0.196795
0.0878966 0.297962 0.275869 9.9973E-05 9.9973E-05 0.337972 9.9973E-05
0.0914954 9.9973E-05 9.9973E-05 0.0244947 0.365411 0.518299 9.9973E-05
0.130085 0.0188843 0.0408632 9.9991E-05 0.232665 0.326075 0.251328
0.138795 0.128014 0.0531061 0.102943 0.0406869 0.195178 0.341277
0.122435 0.751474 0.0141481 9.9991E-05 0.015769 0.0942176 0.00185637
0.105935 0.438034 9.9982E-05 0.144397 0.188926 9.9982E-05 0.122508
0.0898605 0.682247 0.150652 0.0700102 0.0022277 9.9991E-05 0.00490193
0.221213 0.196437 0.0858832 0.12676 0.0364692 0.100422 0.232815
0.126973 9.9973E-05 9.9973E-05 9.9973E-05 0.487491 0.304971 0.0802653
0.0777707 0.085958 9.9991E-05 0.172515 0.126525 0.249281 0.28785
0.155957 0.0775325 0.0382038 9.9991E-05 0.0180784 0.243138 0.46699
0.131619 0.218178 0.00268312 9.9991E-05 0.282948 0.229131 0.135341
0.216821 9.9982E-05 0.0228012 0.0146587 0.67842 9.9982E-05 0.0670996
0.0451267 0.167852 0.0372423 0.267324 0.274953 0.0840922 0.12341
0.13688 0.107785 0.314786 9.9973E-05 9.9973E-05 0.440249 9.9973E-05
0.0620358 0.111316 0.0795217 0.0667873 0.100459 0.122606 0.457275
0.187735 0.0554447 0.130816 0.0799183 9.9991E-05 0.428554 0.117432
0.0763388 0.314828 0.117503 0.243369 9.9991E-05 0.0383086 0.209553
9.999E-05 0.102915 0.188643 0.159436 0.276497 0.165161 0.107248
0.0444592 0.180894 9.99819E-05 0.546781 0.183575 9.99819E-05 0.0440908
0.0520154 0.22946 0.142903 0.0980333 0.295313 0.182175 9.9991E-05
0.0647592 9.9964E-05 9.9964E-05 0.0132657 9.9964E-05 0.921575 9.9964E-05
0.169076 0.0205197 9.9982E-05 0.0709258 0.274467 9.9982E-05 0.464811
0.132947 0.307387 0.0521534 9.9991E-05 0.017672 0.294658 0.195084
0.177779 0.0929093 0.0947048 0.0882565 0.199888 0.321469 0.0249933
0.0701523 9.99551E-05 9.99551E-05 9.99551E-05 9.99551E-05 9.99551E-05 0.929348
0.0452129 0.0348606 0.180911 9.9982E-05 0.442403 9.9982E-05 0.296412
0.00214711 9.9982E-05 0.164635 0.0523812 9.9982E-05 0.457871 0.322765
0.155351 0.084774 0.0741803 0.039973 0.522631 0.122991 9.9991E-05
0.122841 0.263884 0.015685 0.0303509 0.00720741 0.42367 0.136363
0.0824365 0.314412 0.0652983 9.9982E-05 0.140527 0.397126 9.9982E-05
0.130017 0.143088 0.170959 0.0436095 0.0812235 0.272378 0.158725
0.0456481 0.106318 0.139982 0.0711813 0.274509 0.0610938 0.301268
9.9973E-05 9.9973E-05 9.9973E-05 0.148062 0.356069 0.406875 0.0886939
0.042389 9.9973E-05 9.9973E-05 0.000947207 9.9973E-05 0.791685 0.164679
0.0783501 9.9982E-05 0.131945 9.9982E-05 0.131459 0.557858 0.100188
0.039728 0.0520597 9.9991E-05 0.0586353 0.583442 0.0632826 0.202752
0.0863356 0.0532803 0.0311998 0.116055 0.665052 0.0271873 0.0208896
0.0656233 0.321435 9.9973E-05 0.114807 9.9973E-05 0.497835 9.9973E-05
0.144976 0.326188 9.9991E-05 0.113272 0.244089 0.0728894 0.0984849
0.110023 0.164038 0.10481 0.0747095 0.0843811 0.102182 0.359856
0.186405 0.05728 0.00204476 0.0745573 0.508374 9.9991E-05 0.171239
0.0689346 0.680427 0.0504089 0.0856947 9.9982E-05 0.114335 9.9982E-05
0.0885611 0.21733 0.213159 0.0958205 9.9991E-05 0.186825 0.198206
9.9982E-05 0.154678 0.0205672 0.18502 0.318999 0.320535 9.9982E-05
0.179028 9.9991E-05 0.0191838 0.0537555 0.420287 0.101777 0.225869
0.0470731 9.9982E-05 0.0491903 0.0942536 0.688487 0.120796 9.9982E-05
0.0723261 9.9991E-05 0.0844504 0.0902075 0.618899 0.0776166 0.0564005
0.0488464 0.398355 0.0561194 0.0688418 0.190641 0.237096 9.9991E-05
0.0869952 9.9982E-05 0.191549 9.9982E-05 0.239577 0.341575 0.140104
0.0676281 0.140946 0.039526 0.0408376 0.474785 9.9991E-05 0.236177
0.223835 0.222659 0.139083 0.0532421 0.021294 0.221016 0.118871
0.0941164 0.130008 9.9982E-05 9.9982E-05 0.448972 0.219273 0.10743
0.0100558 9.9964E-05 9.9964E-05 0.871963 9.9964E-05 9.9964E-05 0.117581
0.0103341 0.120432 0.195181 0.0153106 0.298735 9.9991E-05 0.359908
0.0349784 9.9955E-05 9.9955E-05 9.9955E-05 9.9955E-05 9.9955E-05 0.964522
0.103636 9.9991E-05 0.101798 0.0564133 0.00106701 0.234636 0.50235
0.0653349 0.101145 9.9991E-05 0.0267534 0.472449 0.240284 0.0939344
0.0789143 0.13711 9.9991E-05 0.0203432 0.0272997 0.0896749 0.646558
0.106841 0.318333 0.107283 0.215182 0.00955799 9.9991E-05 0.242703
9.9982E-05 0.136305 0.177369 0.0954063 0.17966 0.411061 9.9982E-05
0.123883 0.297981 9.9973E-05 9.9973E-05 9.9973E-05 0.330193 0.247644
0.238298 0.171789 0.0100132 0.0657696 0.253261 0.185919 0.0749507
0.0510951 0.39253 0.0860028 0.00604799 0.162377 0.301847 9.9991E-05
9.9973E-05 0.260119 0.220173 0.0643724 9.9973E-05 0.455036 9.9973E-05
0.0570337 0.406226 0.0905855 0.0398733 0.155962 0.250219 9.9991E-05
0.220198 0.0425916 9.9973E-05 9.9973E-05 0.311238 0.425672 9.9973E-05
0.069859 0.152373 0.119566 0.0455629 0.549441 9.9991E-05 0.0630978
0.0189277 0.244952 0.0778019 9.9982E-05 0.528859 9.9982E-05 0.129259
0.0694543 0.194776 0.057984 0.126737 0.240491 0.221761 0.088798
0.126303 0.103403 0.106677 0.0326885 0.23647 0.316368 0.0780892
0.102955 9.9982E-05 0.0261041 9.9982E-05 0.624877 0.106046 0.139818
0.0156244 9.9982E-05 9.9982E-05 0.187791 0.169704 0.605588 0.0210929
0.140428 0.254129 0.126209 0.0548306 0.326715 9.9991E-05 0.0975882
0.114467 0.0583276 0.0237105 0.0308045 0.192724 0.299647 0.280319
9.9982E-05 0.151583 0.0915845 9.9982E-05 0.163402 0.430406 0.162826
0.0873016 9.9973E-05 9.9973E-05 0.00117078 0.255829 9.9973E-05 0.655399
0.155166 9.9973E-05 0.0659734 9.9973E-05 0.559275 0.219285 9.9973E-05
0.0782848 0.281814 0.139555 0.12981 9.9991E-05 0.0706259 0.299811
0.142407 9.9964E-05 9.9964E-05 9.9964E-05 9.9964E-05 0.764034 0.0931587
9.9973E-05 0.0234141 0.0386723 0.922177 9.9973E-05 0.0154367 9.9973E-05
0.0605353 0.192855 0.140991 9.9982E-05 0.150797 0.454622 9.9982E-05
0.175473 9.9973E-05 0.0466506 9.9973E-05 0.560799 9.9973E-05 0.216778
0.130995 0.525119 0.00603772 0.0771749 9.9991E-05 0.124527 0.136046
0.1258 9.9982E-05 0.131725 0.0284871 0.441092 9.9982E-05 0.272696
0.0401878 9.9982E-05 0.107538 0.0799768 0.318469 9.9982E-05 0.453628
9.9991E-05 0.19546 0.164895 0.0702387 0.0268486 0.200223 0.342234
0.0284783 9.9973E-05 0.042321 9.9973E-05 0.349154 0.579747 9.9973E-05
0.210384 9.9991E-05 0.0187583 0.393497 0.236323 0.135892 0.00504543
0.0169229 0.285973 9.9991E-05 0.347316 0.18434 0.0743727 0.0909754
0.130277 0.0878831 0.0451225 0.14771 0.136904 0.236779 0.215325
9.995E-05 9.995E-05 9.995E-05 0.9994 9.995E-05 9.995E-05 9.995E-05
0.120277 0.394167 0.148927 0.0232659 0.228624 0.04162 0.0431191
9.995E-05 9.995E-05 0.9994 9.995E-05 9.995E-05 9.995E-05 9.995E-05
0.180228 0.190791 0.139114 0.142783 9.9991E-05 0.0915879 0.255396
9.9973E-05 0.343337 0.0314399 9.9973E-05 0.493985 0.130938 9.9973E-05
9.9982E-05 0.253396 0.0249018 9.9982E-05 0.234976 0.106995 0.379532
0.0461356 0.0368383 0.025402 0.0274643 0.0779263 0.441678 0.344556
0.118381 0.191095 0.0838185 0.115742 0.257478 0.233385 9.9991E-05
0.0152214 0.23337 9.9991E-05 0.0321075 0.00826766 0.353994 0.356939
0.0993247 0.0316757 0.22029 9.9982E-05 0.427132 9.9982E-05 0.221377
0.159873 9.9973E-05 9.9973E-05 0.121751 0.319531 0.398545 9.9973E-05
0.0317344 0.184848 0.0945181 0.138969 0.367081 0.0812802 0.101569
0.109418 9.9982E-05 0.0922065 0.413536 0.29598 0.0886599 9.9982E-05
0.0330884 0.172106 0.0400204 0.070896 0.297685 9.9991E-05 0.386105
9.995E-05 9.995E-05 9.995E-05 0.9994 9.995E-05 9.995E-05 9.995E-05
0.0179113 0.194575 0.236426 0.00849643 0.083731 0.261248 0.197612
0.115308 0.0566037 0.0214244 9.9982E-05 9.9982E-05 0.185839 0.620625
0.0361518 0.0353164 0.0270064 0.000977331 0.737475 0.117018 0.0460555
0.198282 9.9991E-05 0.092854 0.0221051 0.082376 0.473963 0.13032
0.159526 0.188409 0.102358 0.0602744 9.9991E-05 0.149181 0.340152
0.235525 0.0232829 0.0881814 0.417944 0.134334 9.9991E-05 0.100634
0.142745 0.117003 0.0697967 0.157198 0.00897839 0.371838 0.13244
0.058163 0.180854 0.0677629 9.9991E-05 0.64331 0.0476839 0.00212581
0.0589162 9.9973E-05 9.9973E-05 0.0899094 0.395026 0.455848 9.9973E-05
0.0788094 0.330625 9.9991E-05 0.0791316 0.464978 0.0134552 0.0329011
0.0827317 0.0884251 9.9973E-05 9.9973E-05 0.123767 0.704777 9.9973E-05
0.0743335 9.9991E-05 0.0625695 0.15604 0.328561 0.36249 0.0159061
0.0825244 0.0113829 9.9973E-05 9.9973E-05 0.574178 0.331615 9.9973E-05
0.0467401 0.00397656 0.0203007 0.226784 9.9991E-05 0.429444 0.272654
0.0908813 9.9982E-05 9.9982E-05 0.026968 0.0643831 0.141164 0.676404
0.1235 9.9982E-05 0.00704021 9.9982E-05 0.548881 0.0416381 0.27874
0.0109024 0.0306372 0.0505599 0.250134 0.53898 9.9991E-05 0.118686
0.141353 0.386321 0.0210672 0.141308 0.0254079 0.197123 0.0874196
0.093808 9.9991E-05 0.103935 0.0626152 0.235785 0.144207 0.359551
0.245587 9.9991E-05 0.0776762 0.0291887 0.231156 0.369147 0.0471447
9.9955E-05 0.726097 9.9955E-05 9.9955E-05 0.273403 9.9955E-05 9.9955E-05
9.995E-05 0.9994 9.995E-05 9.995E-05 9.995E-05 9.995E-05 9.995E-05
0.0428926 0.186019 9.9991E-05 0.102406 0.0729115 0.364894 0.230777
0.147867 0.127946 0.124375 0.018484 0.313412 0.0922185 0.175698
0.112205 9.9991E-05 0.0867131 0.0264559 0.472883 0.280034 0.0216092
0.135712 0.343979 0.0516322 9.9982E-05 0.255796 0.212681 9.9982E-05
0.057608 9.9982E-05 0.126645 0.154574 0.454597 0.206376 9.9982E-05
0.0970169 9.9964E-05 9.9964E-05 9.9964E-05 9.9964E-05 0.763862 0.138721
0.102898 0.0527683 0.0956479 0.00700237 0.65215 9.9991E-05 0.089434
0.136477 0.0592384 0.00888157 0.333385 0.0400924 0.0217422 0.400183
0.0272568 0.244682 0.0893693 0.0112874 0.201492 0.059309 0.366604
0.9994 9.995E-05 9.995E-05 9.995E-05 9.995E-05 9.995E-05 9.995E-05
0.0698405 0.0281841 0.174053 9.9973E-05 9.9973E-05 9.9973E-05 0.727622
0.011603 0.0979465 0.292282 9.9982E-05 0.260675 9.9982E-05 0.337293
0.094163 0.00292731 9.9982E-05 0.0362769 0.505723 0.36071 9.9982E-05
0.157929 0.160262 0.182155 9.9991E-05 0.342184 0.133716 0.0236542
0.167699 0.0869106 0.0104168 0.060754 0.00964744 0.589159 0.0754135
0.0574657 0.28541 0.0870951 0.0143421 0.175448 0.33975 0.0404897
0.0937407 9.9973E-05 9.9973E-05 0.0826576 0.619535 9.9973E-05 0.203767
0.132773 0.274482 0.0965374 0.171519 0.281024 9.9991E-05 0.0435641
0.123132 9.9973E-05 9.9973E-05 9.9973E-05 0.258488 0.410493 0.207587
0.0690738 0.0700414 0.0791498 0.161007 0.230714 0.120654 0.269359
9.9955E-05 9.9955E-05 9.9955E-05 0.147845 9.9955E-05 9.9955E-05 0.851655
0.0955825 0.160227 0.0150633 0.0420038 0.294366 0.247532 0.145225
0.184338 9.9991E-05 0.0524291 0.0140699 0.306008 0.082292 0.360763
0.9994 9.995E-05 9.995E-05 9.995E-05 9.995E-05 9.995E-05 9.995E-05
0.563299 0.285855 0.0262896 9.9982E-05 0.0378554 9.9982E-05 0.0865015
9.9973E-05 0.354597 0.136865 9.9973E-05 0.294921 9.9973E-05 0.213317
0.0430904 0.121643 0.0813061 9.9991E-05 0.277832 0.402395 0.073634
0.117075 9.9991E-05 0.0111512 0.020759 0.0404946 0.22822 0.5822
0.0856647 0.194964 0.0419694 9.9991E-05 0.215637 0.189815 0.271851
0.0952645 0.30357 0.154175 9.9991E-05 0.00574132 0.141856 0.299294
9.995E-05 0.9994 9.995E-05 9.995E-05 9.995E-05 9.995E-05 9.995E-05
0.131828 0.194775 0.0308076 0.0752057 0.227571 0.0404389 0.299374
9.9973E-05 0.201101 9.9973E-05 0.139038 0.264475 0.395086 9.9973E-05
0.150729 0.266994 0.083208 0.161042 0.183083 0.0179751 0.13697
0.176648 0.0269037 0.0491882 0.175459 0.243244 9.9991E-05 0.328457
9.9964E-05 0.667451 9.9964E-05 9.9964E-05 9.9964E-05 0.326394 0.00575505
0.119921 0.157003 9.9982E-05 9.9982E-05 0.414933 0.0216642 0.286279
0.00647962 0.191429 0.106081 0.0288335 0.285006 0.243855 0.138316
0.149264 0.061022 0.0604497 9.9982E-05 0.395706 9.9982E-05 0.333358
0.0423139 0.190357 0.13664 0.0711316 0.512972 0.0464863 9.9991E-05
9.995E-05 9.995E-05 0.9994 9.995E-05 9.995E-05 9.995E-05 9.995E-05
9.9991E-05 0.269992 0.0337913 0.14099 0.158605 0.306398 0.0901247
0.160997 0.537832 0.124526 0.113645 9.9982E-05 9.9982E-05 0.0628008
0.262977 0.0326255 0.0475628 0.08686 0.204367 0.288618 0.0769893
0.0321211 0.338741 0.0465909 0.0718094 0.0345016 0.147824 0.328412
0.0481739 0.00807631 9.9991E-05 0.106322 0.329981 0.0616799 0.445667
0.0961146 0.115739 0.0984295 9.9982E-05 0.369913 9.9982E-05 0.319603
9.995E-05 9.995E-05 0.9994 9.995E-05 9.995E-05 9.995E-05 9.995E-05
0.0904245 0.0997241 0.043285 0.00325947 0.41918 0.1377 0.206428
0.132696 0.135464 0.238479 0.134876 0.0364092 0.0424455 0.279631
0.0449351 0.162346 0.0303168 9.9982E-05 0.358247 9.9982E-05 0.403954
9.9982E-05 0.380016 9.9982E-05 0.196942 0.00116865 0.0730571 0.348616
