0.893999 9.9982E-05 9.9982E-05 0.00531704 0.100484
0.452407 0.275082 0.0224525 0.118845 0.131213
0.30598 9.9991E-05 0.307998 0.251516 0.134406
0.453678 0.135125 0.116208 0.10765 0.18734
0.243147 0.0373542 0.344652 0.31881 0.0560362
0.0331981 9.9991E-05 0.501755 0.28195 0.182998
0.447562 0.0117446 0.38247 0.0741944 0.0840291
0.261719 0.213899 0.246361 0.159667 0.118354
0.187002 0.0213512 0.592138 0.0946086 0.1049
0.215006 0.196011 0.176502 0.0146598 0.397821
0.0345098 9.9982E-05 9.9982E-05 0.24668 0.71861
9.9982E-05 0.0671589 0.753182 0.17946 9.9982E-05
0.138808 9.9991E-05 0.316358 0.234559 0.310175
0.269177 0.110971 0.140361 0.393859 0.0856321
9.9982E-05 9.9982E-05 0.0717245 0.788363 0.139713
0.0554986 0.359046 0.146063 0.433188 0.00620427
9.9982E-05 0.0445575 9.9982E-05 0.7689 0.186342
0.220242 0.199182 0.0156079 0.369337 0.195631
0.150096 0.0351902 0.576387 0.238226 9.9991E-05
0.502441 0.176291 0.0566093 0.0682748 0.196384
0.272097 9.9991E-05 0.246035 0.277043 0.204725
0.289198 9.9991E-05 0.146616 0.415567 0.148519
0.202432 9.9991E-05 0.349429 0.390196 0.0578431
0.434941 0.0179962 9.9991E-05 0.384659 0.162304
9.9982E-05 9.9982E-05 0.181911 0.270318 0.547571
0.376098 0.0669831 9.9991E-05 0.440505 0.116314
0.0859728 0.263828 0.336222 0.0971851 0.216792
0.175864 0.164751 0.112791 0.365875 0.180719
0.122553 0.121479 0.189278 0.314756 0.251934
0.0782757 0.699503 0.0999769 0.122145 9.9991E-05
0.0705483 0.0160005 0.269936 0.377212 0.266303
0.0720502 0.227142 0.353315 9.9991E-05 0.347393
0.296359 0.0877563 0.178828 0.436957 9.9991E-05
0.187659 0.00575429 0.158786 0.36037 0.28743
0.218149 9.9982E-05 9.9982E-05 0.520758 0.260894
0.90306 9.9973E-05 9.9973E-05 0.0966405 9.9973E-05
0.324873 9.9991E-05 0.328586 0.184488 0.161954
0.552602 0.0764412 9.9991E-05 0.115141 0.255716
9.9991E-05 0.0993792 0.500385 0.331052 0.0690837
0.23291 0.0892573 0.274664 0.258403 0.144766
0.217569 0.0928707 0.158001 0.334566 0.196993
0.538771 0.138906 9.9991E-05 0.0178314 0.304392
0.547538 0.159878 0.0380224 9.9991E-05 0.254462
0.373388 0.210427 0.415985 9.9982E-05 9.9982E-05
0.287221 0.203622 0.303197 9.9991E-05 0.20586
0.0282116 0.0827914 0.511642 0.148728 0.228627
0.16707 0.125425 0.501766 0.100626 0.105113
0.107887 0.152249 0.604771 0.134992 9.9991E-05
0.0242594 0.250164 0.0784596 0.335685 0.311432
0.344459 0.194888 0.222387 0.159513 0.078752
0.155934 0.145758 0.15072 0.377288 0.1703
0.159088 0.305525 0.301121 0.179419 0.0548473
0.346118 0.349949 0.0471255 0.178076 0.0787319
0.147026 0.110964 0.207446 0.210641 0.323923
9.9991E-05 0.457653 0.482255 0.0541069 0.00588448
0.258616 0.0328179 0.212092 0.305832 0.190643
9.99731E-05 0.311021 0.688679 9.99731E-05 9.99731E-05
0.18024 0.161526 0.569791 9.9991E-05 0.0883429
0.119983 0.107013 0.301982 0.202468 0.268554
0.106129 0.0162797 0.282332 0.220733 0.374527
0.234853 0.0273992 0.257547 0.35283 0.127371
0.251261 0.0155636 9.9991E-05 0.490665 0.24241
0.0869664 9.9982E-05 0.496627 0.416207 9.9982E-05
9.9973E-05 0.86382 9.9973E-05 0.13588 9.9973E-05
0.551687 0.00660147 0.187266 0.0139327 0.240514
0.98896 9.9973E-05 9.9973E-05 0.0107399 9.9973E-05
0.485043 0.0588152 0.157847 0.226793 0.071502
0.128605 0.0268993 0.370137 0.362872 0.111487
0.440491 9.9991E-05 0.119048 0.422817 0.0175434
0.255178 0.337252 0.0111794 0.192984 0.203406
9.9982E-05 0.201496 0.39701 9.9982E-05 0.401294
0.243458 0.0454824 0.118771 0.497852 0.0944363
0.100409 0.0638652 0.304679 0.460632 0.0704149
0.0586446 0.133022 0.204508 0.292523 0.311303
9.9991E-05 0.20876 0.0628116 0.338054 0.390275
9.9991E-05 0.418197 0.389466 0.0174216 0.174816
9.9982E-05 9.9982E-05 0.543391 0.35889 0.0975195
0.26176 0.0579625 0.0999939 0.274964 0.305319
0.230221 9.9991E-05 0.351011 0.260106 0.158561
0.0707997 0.0763664 0.13084 0.549671 0.172323
0.267805 0.0398931 0.169816 0.342904 0.179582
0.0282054 9.9991E-05 0.490314 0.388115 0.0932666
0.187018 0.282843 0.282124 0.0409827 0.207032
0.0834759 0.173084 0.199902 0.326325 0.217213
0.091423 9.9982E-05 0.491738 0.416639 9.9982E-05
0.446085 0.0657727 0.198054 9.9991E-05 0.289988
0.702316 9.9982E-05 0.0532084 0.244275 9.9982E-05
9.99731E-05 9.99731E-05 0.854453 9.99731E-05 0.145248
0.177813 0.147801 9.9991E-05 0.530535 0.14375
0.353571 9.9991E-05 0.487579 0.0390919 0.119658
9.9973E-05 0.97854 9.9973E-05 0.0211598 9.9973E-05
0.143093 9.9991E-05 0.193246 0.328019 0.335543
0.590837 9.9991E-05 0.216123 0.1869 0.00604036
0.188222 0.185002 0.11831 0.458646 0.0498206
0.60742 9.9982E-05 9.9982E-05 0.191002 0.201378
0.445862 0.111056 0.213348 0.0986042 0.131129
0.494103 0.207216 0.00972885 9.9991E-05 0.288853
9.9982E-05 9.9982E-05 0.603469 0.202543 0.193788
0.105774 0.328676 0.231529 0.284807 0.049214
0.166349 0.385784 0.218826 0.2135 0.0155414
0.00647947 0.0918675 0.404145 0.430517 0.0669911
9.997E-05 0.9996 9.997E-05 9.997E-05 9.997E-05
0.0914159 0.0791419 0.20075 0.344136 0.284556
9.997E-05 9.997E-05 9.997E-05 9.997E-05 0.9996
0.241657 0.214374 0.167128 0.160205 0.216636
0.303573 0.19859 0.435311 9.9991E-05 0.0624263
0.281759 0.0917708 0.305394 0.196235 0.124841
0.34682 0.0475727 0.217413 0.0542437 0.333951
0.0131643 0.209919 0.0712621 0.533286 0.172369
0.26369 0.034535 0.0923824 0.441021 0.168372
0.142037 9.9991E-05 0.46498 0.222903 0.169981
0.0732555 0.116668 0.279664 0.282065 0.248347
0.256186 0.218268 0.253768 0.0519874 0.219791
9.9991E-05 0.278567 0.173952 0.466184 0.0811974
0.385724 0.164478 0.295001 9.9991E-05 0.154696
9.9973E-05 0.985552 0.0141479 9.9973E-05 9.9973E-05
0.130062 9.9991E-05 0.236529 0.280088 0.353221
0.658993 0.0665711 0.0485655 0.176825 0.0490462
0.0546614 0.0835397 0.665208 0.0826077 0.113984
0.228694 0.0288723 0.279503 0.335999 0.126932
0.488422 0.0267549 9.9991E-05 0.443722 0.0410014
0.136929 0.18545 9.9982E-05 0.677421 9.9982E-05
0.147354 0.127496 0.150734 0.334786 0.23963
0.102269 0.0713331 0.495734 0.170664 0.16
9.9991E-05 0.175144 0.457597 0.226936 0.140223
9.99731E-05 9.99731E-05 0.525748 0.473952 9.99731E-05
0.215983 0.14777 0.266362 0.192608 0.177276
0.120587 0.0508235 0.239773 0.333854 0.254963
9.9973E-05 9.9973E-05 0.816639 0.183061 9.9973E-05
0.386756 0.330971 9.9991E-05 0.00464551 0.277527
0.840406 9.9982E-05 0.11057 0.048824 9.9982E-05
0.156972 0.0513962 0.440486 0.255724 0.0954224
0.0312516 0.351492 0.466703 0.0789225 0.071631
0.0602408 0.158778 0.0585197 0.578581 0.143881
0.219515 0.0883431 0.654811 9.9991E-05 0.03723
0.0764425 9.9991E-05 0.47676 0.16284 0.283857
0.2455 0.458438 0.155425 0.00729735 0.133339
0.341266 0.519164 9.9982E-05 9.9982E-05 0.139371
0.243856 0.221917 0.234822 0.0749902 0.224414
0.0100589 9.9991E-05 0.383783 0.378943 0.227115
0.0335175 0.14107 0.458051 0.175961 0.191399
9.9982E-05 9.9982E-05 0.136949 0.511389 0.351462
0.211655 0.101824 0.535964 0.110126 0.0404307
0.0788053 0.0677546 0.462424 0.256493 0.134524
0.207527 0.0492909 0.309211 0.408003 0.0259688
0.200414 0.285693 9.9991E-05 0.435796 0.0779971
0.209865 9.9991E-05 0.320284 0.34089 0.128861
9.997E-05 9.997E-05 9.997E-05 0.9996 9.997E-05
0.623092 9.9982E-05 9.9982E-05 0.227297 0.149411
0.584654 0.0021421 0.0385168 9.9991E-05 0.374587
9.9991E-05 0.103294 0.750347 0.100065 0.0461943
0.230552 9.9991E-05 0.253145 0.190113 0.32609
0.12088 0.195472 0.272392 0.25942 0.151836
0.0785814 0.0676165 0.391161 0.335356 0.127285
0.0339789 0.0983842 0.588779 0.278758 9.9991E-05
0.381821 0.331543 9.9991E-05 0.173012 0.113523
0.328084 9.9991E-05 0.430765 0.0670084 0.174043
0.256238 0.183287 0.226643 0.192531 0.141301
0.865517 0.134183 9.9973E-05 9.9973E-05 9.9973E-05
0.28028 0.106374 0.176639 0.373698 0.0630096
0.201221 9.9991E-05 0.406707 0.284979 0.106992
9.997E-05 9.997E-05 9.997E-05 0.9996 9.997E-05
0.109799 9.9991E-05 0.0615268 0.778489 0.0500851
0.193266 0.238842 0.193841 0.111035 0.263016
0.174065 0.180157 0.270547 0.211788 0.163443
0.782357 0.0159885 0.0116365 0.0857763 0.104241
0.262864 9.9991E-05 0.33882 0.261345 0.136871
0.0726066 0.000156971 0.37673 0.26576 0.284747
0.316397 0.391259 9.9991E-05 0.211083 0.0811616
0.234854 0.0580432 0.208908 0.433529 0.0646661
0.0835917 0.208309 0.504969 0.0812721 0.121858
9.9991E-05 0.226381 0.317339 0.239307 0.216873
0.325947 0.0474576 0.202234 0.359684 0.0646784
0.0718309 0.166018 0.260399 0.191709 0.310043
0.374251 0.0922511 0.180764 0.352634 9.9991E-05
0.132538 0.014064 0.434046 0.243994 0.175358
0.182118 9.9991E-05 0.367426 0.315871 0.134485
0.212151 0.245956 0.45481 9.9991E-05 0.0869831
9.997E-05 9.997E-05 9.997E-05 9.997E-05 0.9996
0.252595 0.235373 0.257673 0.0244659 0.229893
9.9982E-05 0.0658832 9.9982E-05 0.840187 0.0937294
0.248645 0.0362006 9.9991E-05 0.578052 0.137002
0.439252 0.147266 0.108362 0.163054 0.142067
0.524682 0.191427 0.283691 9.9982E-05 9.9982E-05
0.556391 0.00246398 0.219841 0.0909656 0.130338
9.997E-05 9.997E-05 9.997E-05 9.997E-05 0.9996
0.223182 0.100907 0.503142 0.172669 9.9991E-05
0.282747 0.122224 9.9991E-05 0.368082 0.226847
0.474192 9.9991E-05 0.242109 0.255171 0.0284283
0.412767 0.366118 0.1809 0.0401157 9.9991E-05
