0.71758 0.142735 0.0136661 0.126019
0.508506 9.9991E-05 0.122492 0.368902
0.530393 0.00997222 0.089527 0.370108
0.627973 0.245804 0.006619 0.119604
0.33328 0.456407 0.0407495 0.169563
0.420831 0.282816 9.9991E-05 0.296252
0.51947 0.219877 0.117735 0.142917
0.594898 0.234743 0.0362796 0.13408
0.25552 0.450431 0.0637094 0.23034
0.224957 0.242851 0.0931877 0.439004
0.128465 0.239948 9.9991E-05 0.631488
9.999E-05 0.705812 0.072479 0.221609
0.361117 0.451893 0.120589 0.0664014
0.26915 0.42715 0.17626 0.12744
0.150159 0.655005 0.0217395 0.173097
0.312934 0.322955 0.174705 0.189406
0.0512749 0.646601 0.200793 0.101331
0.303667 0.430439 0.1782 0.0876942
0.388081 0.345734 0.145724 0.120462
0.436833 0.125252 0.165872 0.272043
0.522377 0.25933 9.9991E-05 0.218192
0.530222 0.077143 0.116235 0.276399
0.315031 0.49 9.9991E-05 0.19487
0.382935 0.0575185 0.438127 0.121419
9.9991E-05 0.271714 0.0474545 0.680731
0.635106 0.0776583 0.115754 0.171481
0.363193 0.208565 0.2258 0.202442
0.408813 0.0866893 0.208086 0.296412
0.390676 0.18594 0.0770208 0.346363
0.159439 0.118047 0.722414 9.9991E-05
0.137401 0.2521 0.108224 0.502275
0.252796 0.126177 0.10316 0.517867
0.544268 0.370701 0.0849309 9.9991E-05
0.493724 0.317033 0.0162655 0.172977
0.210614 0.453664 0.0496938 0.286028
0.540567 0.459233 9.9982E-05 9.9982E-05
0.718164 0.0503917 9.9991E-05 0.231345
0.216568 0.179915 0.280822 0.322695
0.344025 0.278147 0.092889 0.284939
0.420862 0.340161 9.9991E-05 0.238878
0.324564 9.9991E-05 0.194037 0.481299
0.605804 0.0992105 0.124023 0.170963
0.609748 0.0580749 9.9991E-05 0.332077
0.518282 9.9991E-05 0.162128 0.31949
0.338371 0.22954 0.103033 0.329056
0.299691 0.280183 9.9991E-05 0.420026
0.372282 0.563241 9.9991E-05 0.0643769
0.483545 0.254963 0.0710752 0.190417
0.210254 0.177809 0.174614 0.437323
0.340301 0.484225 0.0616519 0.113822
0.121416 0.54257 0.102274 0.23374
0.226246 0.594682 0.0260764 0.152996
0.707611 0.0381913 0.0112515 0.242946
0.27417 0.264914 0.163256 0.29766
0.145641 9.9991E-05 0.264554 0.589705
0.460284 0.451684 9.9991E-05 0.0879321
0.0838736 0.205159 0.0891663 0.621801
0.308356 0.171317 0.145997 0.374329
0.174479 0.247787 0.100329 0.477405
0.176428 0.227934 0.0682824 0.527356
0.906296 9.9982E-05 0.0935043 9.9982E-05
0.142557 0.679681 9.9991E-05 0.177661
0.290967 0.551993 0.084633 0.0724071
9.9982E-05 0.0255408 0.974259 9.9982E-05
0.606158 0.0637164 9.9991E-05 0.330026
0.871925 0.127875 9.9982E-05 9.9982E-05
0.575159 0.277791 0.0120899 0.13496
0.339094 0.452739 0.15453 0.0536371
0.728312 0.139599 0.131989 9.9991E-05
0.502176 0.112679 0.208129 0.177017
0.0602462 0.237704 0.0482322 0.653817
0.36875 0.447683 0.158396 0.0251705
0.318429 0.357121 0.141688 0.182762
0.180561 0.315322 0.169004 0.335113
0.261627 0.0752507 0.202979 0.460143
0.150193 0.263429 9.9991E-05 0.586278
0.435471 0.278899 0.0856827 0.199947
0.73913 0.105265 0.0198715 0.135734
0.864479 0.0974768 9.9991E-05 0.0379445
0.673493 0.112837 0.162045 0.0516249
0.484035 0.285658 0.0780334 0.152275
0.328621 0.490219 0.0722135 0.108946
0.305611 0.122384 0.228068 0.343937
0.256991 0.351604 0.0451386 0.346267
0.466397 0.321241 0.132283 0.0800789
0.429144 0.135281 9.9991E-05 0.435475
0.631657 0.29789 0.0703529 9.9991E-05
9.9982E-05 0.798048 9.9982E-05 0.201752
0.188262 0.382377 0.296043 0.133319
0.455216 0.216831 9.9991E-05 0.327854
0.0105127 9.9982E-05 0.989287 9.9982E-05
9.9991E-05 0.49254 0.0691674 0.438193
0.552603 0.434973 9.9991E-05 0.012324
0.335482 0.413677 0.100754 0.150087
0.51693 0.432402 0.021963 0.0287044
0.63552 0.102446 0.138746 0.123288
0.593952 9.9991E-05 0.0620251 0.343923
0.0388203 0.462782 9.9991E-05 0.498298
0.0433544 0.432018 0.524528 9.9991E-05
0.146812 0.342878 0.374632 0.135677
0.322666 0.330715 0.146565 0.200054
9.998E-05 9.998E-05 0.9997 9.998E-05
0.270544 0.349912 0.0319084 0.347636
9.998E-05 9.998E-05 9.998E-05 0.9997
0.459328 0.269646 0.113076 0.15795
0.592244 0.0610433 0.016751 0.329962
0.643697 0.231987 9.9991E-05 0.124216
0.430967 0.161867 0.176781 0.230385
0.185884 0.168451 0.238072 0.407592
0.402368 0.418009 0.0499976 0.129625
0.619148 0.166715 9.9991E-05 0.214037
0.158431 0.384222 0.15927 0.298076
0.544961 0.0740027 0.0816135 0.299422
9.9982E-05 0.410982 0.588818 9.9982E-05
0.493795 0.261248 9.9991E-05 0.244858
9.9982E-05 0.0045583 0.995242 9.9982E-05
0.24293 0.272706 9.9991E-05 0.484264
0.632714 0.321931 9.9991E-05 0.0452555
0.421833 0.191896 9.9991E-05 0.38617
0.320648 0.296984 0.0935637 0.288804
0.68632 0.278691 0.0348892 9.9991E-05
0.183417 0.2544 0.550869 0.0113142
0.322525 0.306753 0.0602316 0.31049
0.374197 0.339651 9.9991E-05 0.286052
9.9991E-05 0.503005 0.26098 0.235916
0.296929 0.568571 9.9991E-05 0.1344
0.339223 0.228798 0.0377226 0.394256
0.220112 0.1932 0.185603 0.401085
0.311675 0.29301 9.9991E-05 0.395216
0.151074 0.304817 0.214611 0.329498
0.631913 0.298887 0.0691 9.9991E-05
0.628048 0.2579 0.113952 9.9991E-05
0.296666 0.400888 0.211034 0.0914124
0.373377 0.277985 0.207185 0.141453
0.510408 0.179808 0.0499575 0.259826
9.9982E-05 0.622455 9.9982E-05 0.377345
0.791965 0.038487 9.9991E-05 0.169448
0.722656 9.9991E-05 0.0782273 0.199017
0.359454 0.325364 0.0218737 0.293308
0.40715 0.308495 0.0633677 0.220987
0.34482 0.403737 9.9991E-05 0.251342
0.0691314 0.40891 0.0238716 0.498087
0.293256 0.0966715 0.195567 0.414505
0.397577 0.19458 0.063746 0.344097
0.4957 0.278906 0.160583 0.0648105
0.327193 0.233085 0.439623 9.9991E-05
0.492316 0.244264 0.0529194 0.2105
9.998E-05 0.9997 9.998E-05 9.998E-05
0.780084 0.14787 9.9991E-05 0.0719457
0.730194 9.9982E-05 9.9982E-05 0.269606
9.9991E-05 0.585304 0.0779032 0.336693
0.16269 0.583397 9.9991E-05 0.253812
0.199503 0.336668 0.187052 0.276777
0.32349 0.25657 0.166097 0.253844
0.227938 0.578318 9.9991E-05 0.193644
0.447134 0.288735 0.165833 0.0982984
0.444596 0.28358 0.0240551 0.247769
0.331218 0.284642 0.119887 0.264252
0.831712 9.9982E-05 0.168088 9.9982E-05
0.308421 0.404871 0.0447601 0.241948
0.379406 0.497477 0.0110158 0.112101
9.998E-05 0.9997 9.998E-05 9.998E-05
0.153202 0.838221 9.9991E-05 0.00847731
0.616982 9.9991E-05 0.0321825 0.350735
0.313833 0.234205 0.0643007 0.387661
0.83961 0.0309991 0.129291 9.9991E-05
0.52252 0.225251 9.9991E-05 0.252129
0.277775 0.305942 9.9991E-05 0.416184
0.70698 0.0570654 0.0760816 0.159873
0.270063 0.508326 0.202973 0.0186383
0.423322 0.154188 0.0403697 0.382119
0.306743 0.395715 0.0112346 0.286308
0.292908 0.569247 0.121411 0.0164349
0.302547 0.109948 9.9991E-05 0.587405
0.387069 0.507732 0.00536196 0.0998373
0.298933 0.331101 0.0371635 0.332803
0.218749 0.781051 9.9982E-05 9.9982E-05
0.355125 0.166086 9.9991E-05 0.478689
9.9982E-05 9.9982E-05 0.0341524 0.965648
0.470494 9.9991E-05 0.038491 0.490915
9.9991E-05 0.622514 0.32924 0.0481454
0.201807 0.436409 0.201056 0.160728
0.543331 0.0111982 0.112487 0.332984
0.654151 0.171654 0.119321 0.054873
0.517764 0.433944 0.015458 0.0328342
9.998E-05 9.998E-05 9.998E-05 0.9997
0.449393 0.442402 9.9991E-05 0.108106
0.231717 0.312266 0.0987121 0.357305
0.714316 0.219334 0.0427886 0.0235615
0.420213 0.305481 0.24751 0.0267964
