9.99642E-05 0.0105397 9.99642E-05 0.725072 0.046814 0.114131 0.0694232 9.99642E-05 0.0336205 9.99642E-05
0.261907 0.181882 0.129759 0.218102 9.9973E-05 9.9973E-05 0.147334 0.025485 0.0352313 9.9973E-05
9.99642E-05 0.307674 9.99642E-05 0.349811 0.0485193 9.99642E-05 0.0108165 0.1314 9.99642E-05 0.15138
9.99552E-05 0.00951726 9.99552E-05 0.564868 9.99552E-05 9.99552E-05 9.99552E-05 0.256614 0.10933 0.0591707
0.144525 0.118205 9.9964E-05 0.202888 9.9964E-05 0.111855 0.12597 9.9964E-05 0.296157 9.9964E-05
0.0331125 9.99462E-05 9.99462E-05 0.808615 9.99462E-05 9.99462E-05 9.99462E-05 0.0397319 9.99462E-05 0.117941
0.213109 0.138466 9.99552E-05 0.170539 9.99552E-05 0.301199 9.99552E-05 0.176188 9.99552E-05 9.99552E-05
0.123094 9.99642E-05 0.0110246 0.656386 0.0595722 9.99642E-05 0.0112532 9.99642E-05 0.13827 9.99642E-05
9.99462E-05 9.99462E-05 9.99462E-05 9.99462E-05 9.99462E-05 0.166353 9.99462E-05 0.506559 0.274256 0.0522321
9.99462E-05 9.99462E-05 9.99462E-05 0.225558 0.571072 9.99462E-05 0.180131 0.0226395 9.99462E-05 9.99462E-05
9.99461E-05 9.99461E-05 9.99461E-05 0.301402 0.531071 9.99461E-05 0.12639 9.99461E-05 9.99461E-05 0.0405372
0.040141 9.99552E-05 0.257987 9.99552E-05 9.99552E-05 9.99552E-05 0.0416384 0.35205 0.307684 9.99552E-05
0.302824 9.99371E-05 9.99371E-05 0.0541783 9.99371E-05 9.99371E-05 9.99371E-05 9.99371E-05 0.642298 9.99371E-05
0.327423 9.99372E-05 9.99372E-05 0.533019 9.99372E-05 9.99372E-05 0.138858 9.99372E-05 9.99372E-05 9.99372E-05
0.0686689 9.99552E-05 0.304166 9.99552E-05 9.99552E-05 9.99552E-05 9.99552E-05 0.618391 0.00216588 0.00610817
9.99462E-05 0.343944 9.99462E-05 0.201243 9.99462E-05 9.99462E-05 0.0824296 9.99462E-05 0.371784 9.99462E-05
0.13424 0.090517 0.0973772 0.00111562 0.0525979 9.9982E-05 9.9982E-05 0.469233 0.0564097 0.09831
9.99731E-05 0.0538787 0.0447168 0.186762 9.99731E-05 0.190545 0.083973 0.378372 9.99731E-05 0.0614518
9.996E-05 9.996E-05 0.359232 0.0671944 0.0934524 9.996E-05 0.10634 0.0241575 0.349224 9.996E-05
0.44869 0.0634205 9.99462E-05 0.410073 0.0772171 9.99462E-05 9.99462E-05 9.99462E-05 9.99462E-05 9.99462E-05
9.99463E-05 9.99463E-05 9.99463E-05 0.211736 0.585548 0.0287317 0.173385 9.99463E-05 9.99463E-05 9.99463E-05
9.9946E-05 0.0173182 0.108395 9.9946E-05 0.254237 9.9946E-05 9.9946E-05 9.9946E-05 0.61945 9.9946E-05
9.99551E-05 0.0365722 9.99551E-05 0.261283 9.99551E-05 9.99551E-05 0.0725903 0.467645 9.99551E-05 0.16141
9.99461E-05 0.296319 9.99461E-05 0.201517 9.99461E-05 0.360341 9.99461E-05 9.99461E-05 0.141223 9.99461E-05
9.996E-05 0.179606 0.102049 0.118001 0.367367 9.996E-05 0.0766686 9.996E-05 9.996E-05 0.155909
9.996E-05 0.0317227 9.996E-05 0.63774 0.109299 0.0292082 0.0792422 9.996E-05 0.112388 9.996E-05
9.99731E-05 0.0708249 0.00030681 0.157835 0.178362 9.99731E-05 0.315184 0.0564865 0.220701 9.99731E-05
0.0354103 9.99552E-05 0.252963 0.134831 0.434941 0.141356 9.99552E-05 9.99552E-05 9.99552E-05 9.99552E-05
0.19548 9.99551E-05 0.211066 0.148 9.99551E-05 9.99551E-05 9.99551E-05 9.99551E-05 0.159979 0.284976
9.99373E-05 0.799157 9.99373E-05 9.99373E-05 0.161017 9.99373E-05 9.99373E-05 9.99373E-05 0.0391261 9.99373E-05
9.99371E-05 9.99371E-05 9.99371E-05 0.136333 9.99371E-05 0.81031 9.99371E-05 9.99371E-05 9.99371E-05 0.0526575
0.409299 0.178578 0.225947 0.0179314 0.00393163 9.99641E-05 0.163912 9.99641E-05 9.99641E-05 9.99641E-05
0.192316 9.99642E-05 9.99642E-05 9.99642E-05 0.388679 0.0821759 9.99642E-05 0.115933 0.0749757 0.14552
0.137544 0.071471 0.134175 0.430394 0.0675999 9.99641E-05 9.99641E-05 9.99641E-05 0.158416 9.99641E-05
9.99374E-05 9.99374E-05 9.99374E-05 0.924967 9.99374E-05 9.99374E-05 0.0115889 9.99374E-05 0.0627445 9.99374E-05
0.306733 9.99374E-05 9.99374E-05 0.624836 9.99374E-05 9.99374E-05 0.0677319 9.99374E-05 9.99374E-05 9.99374E-05
9.99461E-05 9.99461E-05 0.415158 0.0315988 9.99461E-05 0.35904 0.193604 9.99461E-05 9.99461E-05 9.99461E-05
9.99462E-05 0.214723 0.106867 9.99462E-05 0.291465 9.99462E-05 9.99462E-05 9.99462E-05 9.99462E-05 0.386345
0.0077991 9.99821E-05 0.221944 0.288731 0.0972459 0.0493817 0.0757655 0.00969612 9.99821E-05 0.249237
0.0331991 9.99641E-05 0.401315 0.242879 9.99641E-05 9.99641E-05 0.0513129 0.00691588 9.99641E-05 0.263978
9.99464E-05 0.518295 9.99464E-05 9.99464E-05 0.0691108 9.99464E-05 0.175913 0.236081 9.99464E-05 9.99464E-05
9.997E-05 0.144044 9.997E-05 9.997E-05 0.26223 0.148901 0.149385 0.261209 0.016498 0.0174335
0.29467 9.9946E-05 9.9946E-05 0.458047 0.146008 9.9946E-05 0.100675 9.9946E-05 9.9946E-05 9.9946E-05
9.99553E-05 9.99553E-05 0.221517 0.528233 0.091712 9.99553E-05 0.00780393 0.150234 9.99553E-05 9.99553E-05
0.259466 0.166954 0.32248 9.99641E-05 0.0193618 9.99641E-05 0.2116 9.99641E-05 9.99641E-05 0.0197385
0.0159337 9.99642E-05 0.205055 0.35322 9.99642E-05 9.99642E-05 0.00357769 0.413286 9.99642E-05 0.00852788
9.99551E-05 0.0788032 0.14294 0.21309 0.0196316 9.99551E-05 9.99551E-05 0.545035 9.99551E-05 9.99551E-05
0.0858116 9.9964E-05 9.9964E-05 0.110252 0.167243 9.9964E-05 0.197726 0.406554 9.9964E-05 0.0320132
9.99463E-05 9.99463E-05 0.428227 0.126703 9.99463E-05 9.99463E-05 9.99463E-05 0.355914 0.0885564 9.99463E-05
9.99283E-05 9.99283E-05 9.99283E-05 0.931183 9.99283E-05 9.99283E-05 0.0680176 9.99283E-05 9.99283E-05 9.99283E-05
9.99282E-05 9.99282E-05 9.99282E-05 0.832525 9.99282E-05 9.99282E-05 9.99282E-05 9.99282E-05 0.166675 9.99282E-05
0.227564 9.99551E-05 9.99551E-05 9.99551E-05 0.0456901 9.99551E-05 0.0188951 0.193972 9.99551E-05 0.513379
9.995E-05 0.125579 9.995E-05 0.138567 0.144968 9.995E-05 9.995E-05 0.425675 0.164711 9.995E-05
9.99551E-05 0.116214 0.16914 0.362461 9.99551E-05 9.99551E-05 9.99551E-05 9.99551E-05 0.10175 0.249935
0.776731 9.99641E-05 0.0409842 9.99641E-05 9.99641E-05 0.0779227 0.0224604 9.99641E-05 0.00085064 0.080651
9.99641E-05 9.99641E-05 0.274813 9.99641E-05 0.0323949 0.371396 0.0620495 0.0628077 0.196139 9.99641E-05
0.0554962 0.108004 0.118381 0.37553 0.0459107 0.271764 9.99731E-05 9.99731E-05 0.024615 9.99731E-05
0.557837 9.99464E-05 9.99464E-05 9.99464E-05 9.99464E-05 0.197896 0.00485113 9.99464E-05 0.238816 9.99464E-05
0.232973 9.9973E-05 0.0602169 0.198327 0.00941887 0.124555 0.166038 9.9973E-05 9.9973E-05 0.208172
9.99552E-05 9.99552E-05 9.99552E-05 0.68824 9.99552E-05 0.0614353 0.0989063 0.00658551 9.99552E-05 0.144333
9.99462E-05 9.99462E-05 0.00498194 0.425193 9.99462E-05 9.99462E-05 9.99462E-05 9.99462E-05 0.478669 0.0905571
9.99641E-05 0.0921835 9.99641E-05 0.298737 0.0386843 0.0607288 0.221266 0.288 9.99641E-05 9.99641E-05
9.99371E-05 9.99371E-05 9.99371E-05 9.99371E-05 9.99371E-05 9.99371E-05 0.0240911 0.18504 0.790169 9.99371E-05
9.99552E-05 0.638803 9.99552E-05 0.233565 9.99552E-05 0.00771448 0.115897 9.99552E-05 9.99552E-05 0.00351984
9.99552E-05 0.0457146 0.129055 0.356068 0.315261 0.153402 9.99552E-05 9.99552E-05 9.99552E-05 9.99552E-05
9.99551E-05 0.184321 0.137151 9.99551E-05 9.99551E-05 9.99551E-05 0.0432474 0.315813 0.318968 9.99551E-05
9.99551E-05 0.00217105 9.99551E-05 0.799977 9.99551E-05 0.0642194 0.025306 9.99551E-05 9.99551E-05 0.107827
9.99641E-05 9.99641E-05 0.185069 0.24246 0.0136839 9.99641E-05 0.38449 0.0923419 0.0815547 9.99641E-05
9.995E-05 9.995E-05 0.556215 0.182998 9.995E-05 9.995E-05 0.0902668 9.995E-05 0.0853135 0.0847068
9.99641E-05 0.077008 0.340423 0.0357936 0.307609 0.0693017 9.99641E-05 9.99641E-05 0.169464 9.99641E-05
0.225269 9.99641E-05 9.99641E-05 0.0599958 0.0964625 9.99641E-05 0.142039 0.350603 9.99641E-05 0.12523
0.130013 9.99552E-05 9.99552E-05 9.99552E-05 0.0587045 9.99552E-05 0.21166 0.144852 0.45427 9.99552E-05
0.895753 9.99284E-05 9.99284E-05 9.99284E-05 9.99284E-05 9.99284E-05 0.103448 9.99284E-05 9.99284E-05 9.99284E-05
0.0534237 9.99552E-05 0.567491 0.1672 9.99552E-05 9.99552E-05 0.205648 0.00573788 9.99552E-05 9.99552E-05
0.28627 0.108313 0.0327562 0.510519 9.99554E-05 0.0616423 9.99554E-05 9.99554E-05 9.99554E-05 9.99554E-05
0.321658 9.9973E-05 0.0514446 0.034657 9.9973E-05 0.0527255 0.118571 0.176122 0.244522 9.9973E-05
9.99464E-05 0.124587 0.29268 9.99464E-05 9.99464E-05 9.99464E-05 9.99464E-05 0.486364 0.0957691 9.99464E-05
9.9964E-05 9.9964E-05 9.9964E-05 0.0791629 0.475511 0.0799008 0.135864 9.9964E-05 0.159193 0.0699686
9.99551E-05 9.99551E-05 0.0902719 0.36365 9.99551E-05 0.132897 9.99551E-05 9.99551E-05 0.233169 0.179512
0.325657 9.99552E-05 0.0923995 0.310345 0.158079 9.99552E-05 9.99552E-05 9.99552E-05 0.113019 9.99552E-05
0.169691 9.99552E-05 0.0814642 0.454352 9.99552E-05 9.99552E-05 0.237286 9.99552E-05 9.99552E-05 0.056707
0.198088 0.0614704 9.99732E-05 0.332848 0.0563833 9.99732E-05 0.00372852 9.99732E-05 0.29806 0.0491225
0.243138 9.99462E-05 9.99462E-05 0.24129 9.99462E-05 0.349124 9.99462E-05 9.99462E-05 9.99462E-05 0.165849
0.097905 0.244767 0.146842 0.010151 0.247485 9.9982E-05 9.9982E-05 0.0489565 0.180881 0.0228126
0.0784155 0.0394276 9.99641E-05 0.258691 0.192604 9.99641E-05 0.118068 0.312394 9.99641E-05 9.99641E-05
0.101866 9.99641E-05 0.0218775 0.43589 0.138756 9.99641E-05 0.11891 0.182302 9.99641E-05 9.99641E-05
0.381557 0.0977508 9.99731E-05 9.99731E-05 0.180433 0.0230976 0.0229997 9.99731E-05 0.0825124 0.21135
9.99371E-05 0.272098 9.99371E-05 0.343817 9.99371E-05 9.99371E-05 9.99371E-05 9.99371E-05 0.383386 9.99371E-05
9.99552E-05 0.101834 0.212304 0.268949 0.186889 9.99552E-05 9.99552E-05 9.99552E-05 9.99552E-05 0.229523
9.99551E-05 0.0121031 0.0992604 9.99551E-05 0.350165 9.99551E-05 9.99551E-05 9.99551E-05 0.446923 0.0910481
9.99284E-05 0.871092 0.128108 9.99284E-05 9.99284E-05 9.99284E-05 9.99284E-05 9.99284E-05 9.99284E-05 9.99284E-05
0.514949 0.0463008 9.99821E-05 0.0775339 0.0177173 0.098627 0.0685086 0.022796 0.153367 9.99821E-05
0.212417 0.129472 9.99642E-05 0.0776977 9.99642E-05 9.99642E-05 0.174946 0.284326 0.120741 9.99642E-05
9.99551E-05 0.0931734 9.99551E-05 0.217471 9.99551E-05 9.99551E-05 9.99551E-05 0.207781 0.123498 0.357577
0.103052 0.148117 0.0556302 9.9982E-05 0.0859841 0.0116721 0.136659 0.211376 0.24731 9.9982E-05
0.391614 9.99371E-05 9.99371E-05 0.416667 9.99371E-05 9.99371E-05 9.99371E-05 0.19102 9.99371E-05 9.99371E-05
9.99641E-05 9.99641E-05 9.99641E-05 0.420138 0.172089 0.170385 9.99641E-05 0.0326074 0.120597 0.0837838
0.086058 9.99462E-05 9.99462E-05 0.188796 9.99462E-05 9.99462E-05 9.99462E-05 0.715485 9.99462E-05 0.00906059
9.99461E-05 0.42164 9.99461E-05 0.45243 9.99461E-05 0.115283 9.99461E-05 9.99461E-05 0.0100475 9.99461E-05
0.0501736 0.34468 9.9964E-05 0.0446955 0.215791 0.124155 9.9964E-05 0.220105 9.9964E-05 9.9964E-05
9.99282E-05 9.99282E-05 9.99282E-05 9.99282E-05 0.0784112 0.920789 9.99282E-05 9.99282E-05 9.99282E-05 9.99282E-05
9.99552E-05 0.773315 9.99552E-05 9.99552E-05 0.119144 0.0730847 0.0134459 9.99552E-05 0.0205107 9.99552E-05
9.99201E-05 9.99201E-05 9.99201E-05 9.99201E-05 0.999101 9.99201E-05 9.99201E-05 9.99201E-05 9.99201E-05 9.99201E-05
9.99283E-05 9.99283E-05 9.99283E-05 9.99283E-05 0.121939 9.99283E-05 9.99283E-05 9.99283E-05 9.99283E-05 0.877261
0.143621 9.996E-05 0.262003 0.361081 9.996E-05 9.996E-05 0.0756046 0.0776464 9.996E-05 0.0796442
0.0233883 0.012061 0.371115 0.131982 0.145178 9.9973E-05 0.0909651 0.225011 9.9973E-05 9.9973E-05
0.627792 9.99461E-05 9.99461E-05 0.113853 9.99461E-05 0.226993 9.99461E-05 0.0307614 9.99461E-05 9.99461E-05
9.99732E-05 0.0144662 0.368604 0.360815 0.178846 0.00339565 0.00174281 0.0718301 9.99732E-05 9.99732E-05
9.996E-05 9.996E-05 0.340809 0.140072 9.996E-05 0.205073 9.996E-05 0.0169978 0.274461 0.0221871
9.99552E-05 0.136761 9.99552E-05 0.0202385 9.99552E-05 9.99552E-05 0.0502684 9.99552E-05 0.160508 0.631725
0.122276 0.28127 9.99552E-05 0.159372 9.99552E-05 0.384732 0.0518498 9.99552E-05 9.99552E-05 9.99552E-05
0.0580516 0.0691604 0.0144918 0.668559 9.99732E-05 0.0391123 0.120759 9.99732E-05 0.0295655 9.99732E-05
0.0445882 0.638482 0.316231 9.99373E-05 9.99373E-05 9.99373E-05 9.99373E-05 9.99373E-05 9.99373E-05 9.99373E-05
0.298879 9.99552E-05 0.129728 0.383791 0.118215 9.99552E-05 9.99552E-05 9.99552E-05 0.0688866 9.99552E-05
9.99372E-05 0.975184 9.99372E-05 9.99372E-05 9.99372E-05 0.018715 9.99372E-05 0.00540153 9.99372E-05 9.99372E-05
0.124598 9.99463E-05 9.99463E-05 9.99463E-05 9.99463E-05 9.99463E-05 9.99463E-05 0.0529949 0.545273 0.276535
9.99464E-05 9.99464E-05 0.106022 0.714246 9.99464E-05 9.99464E-05 9.99464E-05 0.149709 0.0294228 9.99464E-05
0.106225 9.99641E-05 0.00747523 0.116226 0.272211 9.99641E-05 0.102385 9.99641E-05 0.395077 9.99641E-05
9.99461E-05 0.196712 0.235634 9.99461E-05 0.303932 9.99461E-05 0.263122 9.99461E-05 9.99461E-05 9.99461E-05
0.237693 0.117273 0.122861 0.264032 9.9964E-05 9.9964E-05 9.9964E-05 0.16454 9.9964E-05 0.0932005
9.99551E-05 0.258313 9.99551E-05 0.233249 9.99551E-05 0.0459261 9.99551E-05 0.0796081 0.382404 9.99551E-05
0.545679 0.263261 9.99641E-05 0.0365552 9.99641E-05 0.0305836 9.99641E-05 0.0956144 9.99641E-05 0.0279078
0.326997 9.99373E-05 9.99373E-05 0.488757 9.99373E-05 9.99373E-05 9.99373E-05 9.99373E-05 9.99373E-05 0.183546
0.208555 9.998E-05 0.0526425 0.258592 0.0472719 0.244337 0.032872 0.0571895 9.998E-05 0.0983399
9.99642E-05 0.139004 0.0292241 0.212495 0.0697481 9.99642E-05 9.99642E-05 0.54196 9.99642E-05 0.00716813
0.016121 9.9982E-05 0.015722 0.330754 0.476273 0.0314609 0.0769049 0.0314918 0.0210723 9.9982E-05
0.39044 0.185653 9.99552E-05 9.99552E-05 0.0131807 9.99552E-05 0.106104 0.304123 9.99552E-05 9.99552E-05
9.99641E-05 9.99641E-05 0.333755 0.39575 9.99641E-05 0.0102751 0.150153 9.99641E-05 0.0706982 0.0389689
9.99464E-05 0.183373 0.196128 0.0760083 9.99464E-05 9.99464E-05 9.99464E-05 9.99464E-05 9.99464E-05 0.543891
0.199532 0.314803 0.0183733 0.165292 9.99731E-05 9.99731E-05 0.123992 9.99731E-05 0.0101375 0.16757
9.99552E-05 9.99552E-05 9.99552E-05 9.99552E-05 0.0126141 0.200524 0.032155 0.645648 0.108559 9.99552E-05
9.99551E-05 9.99551E-05 9.99551E-05 0.666903 0.183603 0.0570697 9.99551E-05 0.0657949 9.99551E-05 0.0261293
0.182607 9.99731E-05 0.0259799 0.117527 0.322181 9.99731E-05 0.0750093 0.211387 0.0650094 9.99731E-05
9.99551E-05 9.99551E-05 0.266396 9.99551E-05 0.186907 9.99551E-05 0.0713687 9.99551E-05 0.0840187 0.39081
9.99642E-05 9.99642E-05 9.99642E-05 0.232448 9.99642E-05 0.0593327 0.154778 0.0704356 0.177904 0.304702
9.99462E-05 9.99462E-05 0.377628 0.447415 9.99462E-05 9.99462E-05 9.99462E-05 0.151116 9.99462E-05 0.0232407
9.99372E-05 9.99372E-05 0.794015 0.148826 9.99372E-05 0.0564601 9.99372E-05 9.99372E-05 9.99372E-05 9.99372E-05
9.99465E-05 0.0141698 0.282622 0.572921 9.99465E-05 9.99465E-05 9.99465E-05 9.99465E-05 9.99465E-05 0.129688
0.33305 9.99642E-05 0.0121804 0.0514873 0.082527 0.36507 9.99642E-05 0.155286 9.99642E-05 9.99642E-05
9.993E-05 9.993E-05 0.529161 0.359403 9.993E-05 9.993E-05 9.993E-05 0.110737 9.993E-05 9.993E-05
9.99374E-05 9.99374E-05 9.99374E-05 0.453285 9.99374E-05 0.406993 9.99374E-05 9.99374E-05 9.99374E-05 0.139022
0.0529903 0.130348 9.99642E-05 0.0835773 9.99642E-05 9.99642E-05 9.99642E-05 0.114068 0.240481 0.378135
0.136144 9.99731E-05 9.99731E-05 0.206152 0.142185 9.99731E-05 0.0597423 0.191038 0.215751 0.0486878
9.99462E-05 9.99462E-05 9.99462E-05 9.99462E-05 0.507037 0.015478 9.99462E-05 0.15911 0.317776 9.99462E-05
0.0159131 0.354023 0.134059 0.207932 0.183142 9.99731E-05 0.10326 9.99731E-05 0.00137183 9.99731E-05
0.232343 9.9964E-05 0.188721 0.224459 9.9964E-05 0.102895 9.9964E-05 0.0865989 0.164582 9.9964E-05
9.99201E-05 9.99201E-05 9.99201E-05 9.99201E-05 9.99201E-05 9.99201E-05 0.999101 9.99201E-05 9.99201E-05 9.99201E-05
0.102616 9.99464E-05 9.99464E-05 0.665587 0.141613 9.99464E-05 9.99464E-05 9.99464E-05 9.99464E-05 0.0895846
0.494781 0.0556287 9.99641E-05 0.242287 9.99641E-05 0.111008 0.0758315 9.99641E-05 9.99641E-05 0.0200641
0.116387 9.996E-05 0.176591 9.996E-05 0.0840061 0.170752 0.309137 9.996E-05 9.996E-05 0.142727
0.138036 9.99642E-05 9.99642E-05 0.0110255 9.99642E-05 0.134147 0.0225315 9.99642E-05 0.486396 0.207465
9.99552E-05 9.99552E-05 9.99552E-05 0.271042 0.123586 9.99552E-05 0.168277 0.239975 0.196619 9.99552E-05
9.996E-05 9.996E-05 0.434991 0.177721 0.0434164 0.175805 0.019142 9.996E-05 0.148525 9.996E-05
0.119871 0.00622337 9.996E-05 0.267089 0.123991 0.248854 9.996E-05 9.996E-05 0.233572 9.996E-05
0.0845095 0.176722 9.99552E-05 0.124197 9.99552E-05 0.605497 0.00857543 9.99552E-05 9.99552E-05 9.99552E-05
9.997E-05 9.997E-05 0.266374 0.0788179 0.00474428 9.997E-05 0.0935146 0.451419 0.0958648 0.00896518
0.298719 0.0671642 9.99552E-05 0.169986 0.117207 9.99552E-05 9.99552E-05 9.99552E-05 9.99552E-05 0.346423
9.99644E-05 9.99644E-05 9.99644E-05 0.560767 0.182231 0.0905279 9.99644E-05 0.0064711 0.0561348 0.103469
9.99464E-05 9.99464E-05 0.181259 0.691456 0.010576 0.116109 9.99464E-05 9.99464E-05 9.99464E-05 9.99464E-05
0.0487786 0.136585 0.0295785 0.362958 0.106727 0.124919 9.99821E-05 9.99821E-05 0.074732 0.115521
9.99201E-05 9.99201E-05 9.99201E-05 9.99201E-05 9.99201E-05 9.99201E-05 0.999101 9.99201E-05 9.99201E-05 9.99201E-05
9.99373E-05 9.99373E-05 9.99373E-05 0.333781 9.99373E-05 9.99373E-05 0.266379 9.99373E-05 0.39914 9.99373E-05
0.363096 9.993E-05 9.993E-05 0.373515 0.26269 9.993E-05 9.993E-05 9.993E-05 9.993E-05 9.993E-05
0.111974 9.99731E-05 0.10265 0.00558011 0.332978 0.0449677 0.165866 0.235684 9.99731E-05 9.99731E-05
0.144413 9.99465E-05 9.99465E-05 9.99465E-05 9.99465E-05 9.99465E-05 0.276264 0.101407 0.477317 9.99465E-05
0.0302619 0.0552383 9.99731E-05 0.338857 9.99731E-05 0.0589703 0.0147629 0.40129 0.10032 9.99731E-05
0.0568037 9.99551E-05 0.0847768 0.286368 9.99551E-05 0.329616 9.99551E-05 9.99551E-05 0.241935 9.99551E-05
9.99201E-05 9.99201E-05 0.999101 9.99201E-05 9.99201E-05 9.99201E-05 9.99201E-05 9.99201E-05 9.99201E-05 9.99201E-05
0.752319 9.99284E-05 9.99284E-05 9.99284E-05 9.99284E-05 0.246882 9.99284E-05 9.99284E-05 9.99284E-05 9.99284E-05
0.30948 0.0409441 9.9982E-05 0.252704 9.9982E-05 0.011754 0.0026692 0.0926424 0.0314717 0.258135
9.99462E-05 9.99462E-05 0.478421 0.281898 9.99462E-05 9.99462E-05 9.99462E-05 9.99462E-05 0.0824959 0.156586
0.373442 9.99551E-05 0.143895 0.197741 9.99551E-05 9.99551E-05 9.99551E-05 9.99551E-05 0.212925 0.0714977
0.0808502 9.99641E-05 0.373181 9.99641E-05 0.13918 9.99641E-05 0.00271021 0.234559 9.99641E-05 0.16912
9.99552E-05 0.122849 9.99552E-05 0.530092 0.111351 9.99552E-05 9.99552E-05 0.127899 9.99552E-05 0.107308
9.99463E-05 9.99463E-05 0.00291861 0.666226 9.99463E-05 0.00786282 9.99463E-05 9.99463E-05 0.322393 9.99463E-05
0.404565 9.99553E-05 0.0695818 0.212348 9.99553E-05 0.0584727 9.99553E-05 9.99553E-05 0.254533 9.99553E-05
0.290248 0.12793 0.103303 0.0329045 0.331317 9.99731E-05 0.0626907 9.99731E-05 0.0513067 9.99731E-05
9.99282E-05 9.99282E-05 9.99282E-05 9.99282E-05 9.99282E-05 0.0586252 9.99282E-05 9.99282E-05 9.99282E-05 0.940575
9.99463E-05 9.99463E-05 9.99463E-05 0.47561 9.99463E-05 0.318948 9.99463E-05 0.0543439 9.99463E-05 0.150499
0.0630555 9.99463E-05 9.99463E-05 0.0540397 0.360769 9.99463E-05 9.99463E-05 0.521536 9.99463E-05 9.99463E-05
0.148574 9.99732E-05 9.99732E-05 0.189814 0.0829391 0.120549 0.314101 0.134502 9.99732E-05 0.00922112
9.997E-05 9.997E-05 0.028255 0.323126 0.0588373 0.103096 0.075572 0.107926 9.997E-05 0.302888
9.99461E-05 9.99461E-05 9.99461E-05 0.635202 9.99461E-05 0.147153 0.0521378 0.164908 9.99461E-05 9.99461E-05
0.149844 9.99464E-05 0.0399889 0.368767 9.99464E-05 9.99464E-05 9.99464E-05 9.99464E-05 0.4408 9.99464E-05
9.99201E-05 9.99201E-05 9.99201E-05 9.99201E-05 9.99201E-05 9.99201E-05 9.99201E-05 9.99201E-05 9.99201E-05 0.999101
0.224311 9.99643E-05 0.00787974 0.353659 9.99643E-05 9.99643E-05 0.0653833 0.0912977 0.25707 9.99643E-05
0.372205 9.996E-05 0.109639 0.420829 9.996E-05 9.996E-05 0.026819 0.0248923 9.996E-05 0.0452155
0.00581997 0.220722 9.996E-05 0.162931 9.996E-05 0.23118 9.996E-05 9.996E-05 0.160604 0.218344
0.322623 0.14402 9.996E-05 0.186518 9.996E-05 0.0626295 9.996E-05 0.151068 9.996E-05 0.132742
