9.9973E-05 0.0910556 0.685104 0.0798729 0.016428 9.9973E-05 9.9973E-05 0.127239
0.128357 0.262779 0.14627 0.00394112 9.9991E-05 0.0473559 0.174838 0.236359
0.0812146 0.307207 0.0131268 9.9982E-05 0.0895092 9.9982E-05 0.188602 0.32014
0.391944 0.178197 0.148858 0.0794414 0.118971 0.0823888 9.9982E-05 9.9982E-05
0.238828 0.338549 0.146651 0.0346808 0.0340963 0.0592723 0.138883 0.00903819
0.0327408 0.817564 0.0341452 0.0880125 0.00226201 0.0250754 9.9982E-05 9.9982E-05
0.0214773 0.512716 0.203088 0.044455 0.168374 0.0481731 9.9991E-05 0.00161714
0.0449697 0.27336 0.138529 9.9991E-05 0.0905674 0.00437229 0.213463 0.234639
0.417866 0.285974 0.100458 0.0419397 9.9982E-05 0.117683 9.9982E-05 0.0358789
0.133078 0.0291356 0.0656553 0.220306 0.142746 0.181985 9.9991E-05 0.226994
9.9973E-05 0.0359421 9.9973E-05 0.130967 0.166891 9.9973E-05 0.00290729 0.662993
0.318009 0.0667044 0.00785544 9.9991E-05 0.0581683 0.0522181 0.0464172 0.450528
0.00532034 0.510506 0.026592 0.0654662 0.107113 9.9991E-05 0.0920763 0.192826
0.174778 0.00912404 0.264237 0.0305054 9.9982E-05 0.0923707 0.428786 9.9982E-05
9.99549E-05 9.99549E-05 0.0434173 9.99549E-05 0.0949889 9.99549E-05 0.861094 9.99549E-05
0.24173 0.110131 0.0945804 0.0678632 0.185306 0.0796006 0.220688 9.9991E-05
9.99549E-05 9.99549E-05 9.99549E-05 0.0650266 9.99549E-05 0.021745 0.912729 9.99549E-05
9.999E-05 0.210162 0.186696 0.00664701 0.145798 0.0605496 0.139363 0.250684
0.401101 0.239595 0.139451 9.9982E-05 0.0922719 0.0121159 9.9982E-05 0.115265
0.21655 0.30005 0.0810894 0.0855532 9.9991E-05 0.138205 0.0854865 0.0929661
0.0714212 0.242346 0.157123 0.113411 0.133076 0.0213287 0.00337485 0.257919
0.0241966 0.246665 0.0992648 0.0201246 0.128007 9.9991E-05 0.218956 0.262686
0.320482 0.423581 0.0945344 9.9982E-05 0.0896355 0.0524902 9.9982E-05 0.0190768
9.9982E-05 0.664965 0.0159051 0.0118264 0.0326907 0.169023 9.9982E-05 0.10539
9.9964E-05 9.9964E-05 0.0327572 0.236435 0.200214 9.9964E-05 9.9964E-05 0.530193
0.0482079 0.186862 0.418287 9.9982E-05 9.9982E-05 0.105237 0.20903 0.0321759
9.9982E-05 9.9982E-05 0.00894892 0.0888776 0.102385 0.135453 0.175799 0.488336
9.9991E-05 0.141376 0.24688 0.00906746 0.0414446 0.0900863 0.3003 0.170746
9.9982E-05 0.515187 0.0970888 0.100235 9.9982E-05 0.0822666 0.163002 0.0420211
0.0683696 0.229124 0.0186805 0.017751 0.0276209 0.586191 0.0521628 9.9991E-05
0.213502 0.239148 9.9991E-05 0.129936 0.000985833 0.0810982 0.298654 0.0365759
0.0719224 9.9955E-05 9.9955E-05 9.9955E-05 0.0654459 9.9955E-05 9.9955E-05 0.862132
0.241658 0.447743 0.111903 9.9982E-05 0.0322709 0.0571834 0.109041 9.9982E-05
9.9973E-05 0.529725 0.0467031 9.9973E-05 0.0370703 9.9973E-05 0.222413 0.163789
9.9982E-05 0.214695 0.189436 0.0621392 0.112043 9.9982E-05 0.158091 0.263397
9.994E-05 9.994E-05 0.9993 9.994E-05 9.994E-05 9.994E-05 9.994E-05 9.994E-05
0.0593051 0.391782 0.347638 0.169689 9.9982E-05 0.0115042 0.0198813 9.9982E-05
9.9982E-05 9.9982E-05 0.230076 0.178329 0.00153757 0.0499475 0.0587766 0.481133
0.289138 0.408819 9.9982E-05 0.00589001 0.0845184 0.0658621 0.145572 9.9982E-05
0.0250933 0.383453 0.244936 0.00387611 0.0899322 9.9991E-05 0.106331 0.146279
9.9964E-05 0.229718 9.9964E-05 0.0221284 9.9964E-05 9.9964E-05 0.245838 0.501915
9.9973E-05 0.520047 0.0898383 0.0917854 0.0269941 9.9973E-05 9.9973E-05 0.271036
0.0934975 0.212901 0.183057 0.0760711 0.0946906 0.0374014 0.0681943 0.234188
9.9964E-05 0.0525507 0.346686 9.9964E-05 9.9964E-05 0.100764 9.9964E-05 0.499599
0.0250725 9.9964E-05 9.9964E-05 9.9964E-05 0.0983682 0.0169587 9.9964E-05 0.859201
0.138864 0.332985 0.140042 0.176929 0.0171461 9.9991E-05 0.0178504 0.176084
0.423185 0.406159 0.0438845 9.9982E-05 0.0278016 0.0507958 0.0479739 9.9982E-05
0.406583 0.47611 9.9982E-05 0.00245498 0.0669876 0.0257949 9.9982E-05 0.0218696
9.9955E-05 9.9955E-05 9.9955E-05 9.9955E-05 0.120219 9.9955E-05 0.212783 0.666499
0.368623 0.0765414 9.9973E-05 9.9973E-05 0.0979845 0.130634 0.325917 9.9973E-05
0.114376 0.0136619 0.169728 0.102477 0.114824 0.0554856 0.303119 0.126329
0.397028 0.264262 0.0328809 9.9982E-05 0.123329 0.0360691 0.14623 9.9982E-05
0.466729 0.0351639 9.9964E-05 9.9964E-05 9.9964E-05 0.0236354 0.474072 9.9964E-05
0.0286176 0.265665 0.0172973 0.181672 0.0733674 0.182425 0.123811 0.127146
0.452273 9.9955E-05 9.9955E-05 9.9955E-05 9.9955E-05 0.161755 9.9955E-05 0.385471
0.150827 0.609339 9.9973E-05 9.9973E-05 0.173638 0.0120824 0.053814 9.9973E-05
0.978266 9.99461E-05 9.99461E-05 9.99461E-05 9.99461E-05 9.99461E-05 9.99461E-05 0.0211344
0.324863 0.244319 0.0860053 0.060433 0.0297924 0.109976 9.9991E-05 0.144511
0.0734145 0.409727 9.9991E-05 0.000193544 0.058965 0.0632005 0.186723 0.207676
0.114022 0.203877 0.0534698 0.123198 0.101678 9.9982E-05 9.9982E-05 0.403555
0.0289037 0.90547 9.9964E-05 9.9964E-05 0.0513073 0.0139193 9.9964E-05 9.9964E-05
9.9973E-05 0.454488 9.9973E-05 0.0750319 0.238212 9.9973E-05 0.22127 0.0106988
0.375947 0.314121 0.0602277 9.9982E-05 0.0248026 0.0453902 0.179311 9.9982E-05
9.9964E-05 9.9964E-05 0.0643129 9.9964E-05 0.0707892 0.863035 0.00146317 9.9964E-05
0.0157865 0.219187 0.370664 0.168243 9.9982E-05 9.9982E-05 0.192133 0.0337867
0.0085883 9.9964E-05 0.904754 0.0552982 9.9964E-05 9.9964E-05 0.03096 9.9964E-05
9.9982E-05 0.233455 0.344066 0.0607523 0.0364145 0.000604586 9.9982E-05 0.324508
0.0613145 0.523019 9.9982E-05 9.9982E-05 0.0572556 0.0945409 0.100291 0.163379
9.9946E-05 0.631566 0.367835 9.9946E-05 9.9946E-05 9.9946E-05 9.9946E-05 9.9946E-05
0.220446 0.196268 0.0886961 0.0416668 0.0730253 0.0974257 0.282371 9.9991E-05
0.0509919 0.376693 9.9973E-05 0.141578 9.9973E-05 0.0927451 9.9973E-05 0.337692
9.9973E-05 0.158762 0.251602 9.9973E-05 0.0789433 9.9973E-05 0.365977 0.144415
9.9991E-05 0.339529 0.16595 0.0332822 0.173769 0.0611606 0.199903 0.0263045
0.0752537 0.178854 9.9991E-05 0.00403376 0.00944583 0.0935467 0.30865 0.330116
9.9991E-05 0.0173976 0.0479406 0.141744 0.0164006 0.111166 0.347597 0.317654
0.38997 0.0759301 9.9991E-05 0.117672 0.0030959 0.0336553 0.334694 0.0448822
9.99551E-05 0.691397 9.99551E-05 9.99551E-05 0.161726 9.99551E-05 9.99551E-05 0.146378
9.9955E-05 0.875573 9.9955E-05 0.0731605 0.0507665 9.9955E-05 9.9955E-05 9.9955E-05
9.9964E-05 0.853492 0.0711433 0.054041 9.9964E-05 9.9964E-05 0.0209236 9.9964E-05
9.9964E-05 0.714576 9.9964E-05 9.9964E-05 0.0969268 0.106223 0.0818743 9.9964E-05
0.181888 0.303246 0.0613608 9.9991E-05 0.0926468 0.0280546 0.124483 0.208221
0.231353 0.196041 0.308815 0.0678607 0.0586603 0.0779662 0.0472938 0.0120107
0.287709 0.208706 9.99889E-05 0.0205964 0.0114192 0.202418 9.99889E-05 0.268952
0.290321 0.279792 9.9982E-05 0.0616307 0.112666 0.00509692 0.250293 9.9982E-05
9.9982E-05 0.413473 0.113796 9.9982E-05 0.085186 0.052262 0.102204 0.232879
0.334859 0.0208288 0.0999412 0.101138 0.0553653 9.9982E-05 9.9982E-05 0.387667
9.99549E-05 0.144865 0.773917 9.99549E-05 0.0807175 9.99549E-05 9.99549E-05 9.99549E-05
0.575242 9.99641E-05 9.99641E-05 0.14123 0.177572 9.99641E-05 9.99641E-05 0.105557
9.9982E-05 9.9982E-05 0.265597 0.0774854 0.0576452 0.134839 0.284894 0.179339
0.330615 9.9964E-05 0.147807 9.9964E-05 0.0490727 9.9964E-05 9.9964E-05 0.472106
9.9955E-05 9.9955E-05 9.9955E-05 0.027871 0.00277004 0.968859 9.9955E-05 9.9955E-05
0.00761291 0.140545 9.9991E-05 0.0847871 0.0712524 0.0498383 0.1664 0.479464
0.498438 0.275204 0.0843562 0.0621041 0.0795977 9.9973E-05 9.9973E-05 9.9973E-05
0.00586958 0.0579536 0.249358 9.9991E-05 0.0535971 0.0304038 0.586905 0.0158122
0.197866 0.539489 0.13838 0.0723596 0.0516059 9.9973E-05 9.9973E-05 9.9973E-05
0.111775 0.696964 0.0433907 0.0451574 0.026532 0.075981 9.9982E-05 9.9982E-05
0.0512339 9.9982E-05 0.296774 0.0273324 9.9982E-05 0.0257771 0.0298554 0.568827
0.154171 0.485399 9.99731E-05 0.0596328 0.0543476 9.99731E-05 9.99731E-05 0.246149
0.0212159 0.300564 0.0877025 9.9982E-05 0.125374 0.371772 9.9982E-05 0.0931723
9.9973E-05 0.177488 0.107201 9.9973E-05 9.9973E-05 0.307882 0.184226 0.222903
0.0725191 0.162729 0.273785 0.0638969 0.0379407 0.1265 0.15475 0.107879
9.994E-05 9.994E-05 9.994E-05 9.994E-05 9.994E-05 0.9993 9.994E-05 9.994E-05
0.0168541 0.20617 0.0248678 0.104778 0.150338 0.037417 0.377799 0.0817772
9.99459E-05 9.99459E-05 0.00296911 0.996431 9.99459E-05 9.99459E-05 9.99459E-05 9.99459E-05
0.419686 9.9982E-05 0.223528 0.109966 0.00907101 9.9982E-05 0.226988 0.0105611
0.410987 0.184167 0.0530874 0.0565573 9.9982E-05 9.9982E-05 0.202893 0.0921083
0.153548 0.163996 0.240032 9.9982E-05 9.9982E-05 0.00298212 0.289403 0.149839
0.304778 0.0789885 0.301828 0.0061983 0.0276711 0.0464032 9.9991E-05 0.234034
9.9982E-05 0.217082 9.9982E-05 0.00840551 0.0945899 0.182861 0.310518 0.186343
0.0385578 0.392597 0.27134 9.9982E-05 0.005542 9.9982E-05 0.0618995 0.229863
0.0983343 0.514647 0.0230111 0.125054 0.10549 9.9982E-05 0.133263 9.9982E-05
0.120792 0.218981 9.9991E-05 0.0201611 0.141546 0.115432 0.00700187 0.375985
0.408896 0.283324 0.0107619 0.0453239 0.00374471 0.0869116 0.00236644 0.158672
0.0720056 0.35121 0.0293888 0.0168601 0.049942 0.416718 0.0216164 0.0422586
9.9973E-05 0.610902 9.9973E-05 0.0170017 0.0384262 9.9973E-05 0.131649 0.201721
9.994E-05 9.994E-05 9.994E-05 9.994E-05 9.994E-05 0.9993 9.994E-05 9.994E-05
0.243922 0.15164 0.0652128 0.208561 9.9982E-05 9.9982E-05 0.311009 0.0194548
9.9982E-05 0.121868 0.403904 0.047123 0.0508082 9.9982E-05 0.0562281 0.319868
0.221849 0.651452 9.9964E-05 9.9964E-05 0.0661608 9.9964E-05 9.9964E-05 0.060138
0.0782359 0.0152359 0.153982 0.108506 0.192824 9.9991E-05 0.194625 0.256491
0.101056 0.135986 0.224738 9.9991E-05 0.146354 0.0753263 0.238738 0.0777004
9.9964E-05 0.321379 0.149964 9.9964E-05 0.18056 0.347697 9.9964E-05 9.9964E-05
9.9982E-05 0.310402 9.9982E-05 0.0356102 0.104193 0.162912 0.0813337 0.305349
0.513395 0.365268 9.9964E-05 0.0722051 9.9964E-05 9.9964E-05 0.0487322 9.9964E-05
0.050993 0.169695 0.0207188 0.0276381 0.071692 0.104347 0.0135581 0.541358
9.99551E-05 0.610244 9.99551E-05 9.99551E-05 9.99551E-05 0.077777 0.311479 9.99551E-05
0.131814 0.0715342 0.0585801 9.9991E-05 0.167224 0.00876736 0.0549309 0.507049
0.0839668 0.324403 9.9973E-05 9.9973E-05 0.0406117 0.114687 9.9973E-05 0.436031
0.934919 0.0202681 9.9982E-05 0.000476699 0.0379357 9.9982E-05 0.00600113 0.000198902
9.9991E-05 0.0296419 0.106368 0.051447 0.0624138 0.177525 0.0640298 0.508475
9.9964E-05 0.252342 0.605988 9.9964E-05 0.0772757 9.9964E-05 9.9964E-05 0.0639947
0.0783007 0.717848 9.9982E-05 0.0448078 0.0967957 0.0274847 0.0345635 9.9982E-05
0.143834 0.528213 9.9973E-05 0.0370015 9.9973E-05 0.286282 0.00437011 9.9973E-05
0.00620975 0.29923 9.9991E-05 0.0229097 0.133019 0.0357743 0.368944 0.133813
0.357898 0.347121 0.149223 0.0274777 0.0449442 0.0731358 9.9982E-05 9.9982E-05
0.413093 0.103197 9.9982E-05 0.149869 0.111325 0.0588291 9.9982E-05 0.163488
0.475946 9.9946E-05 9.9946E-05 9.9946E-05 9.9946E-05 9.9946E-05 0.523454 9.9946E-05
0.186195 9.9955E-05 9.9955E-05 9.9955E-05 9.9955E-05 0.0653621 0.747943 9.9955E-05
0.110766 0.168849 0.142982 0.00356127 0.0259938 0.00549074 0.14041 0.401948
9.9973E-05 0.643987 9.9973E-05 0.0877569 0.063788 0.0231943 9.9973E-05 0.180974
0.277374 0.305958 0.100599 0.0550225 0.113819 0.0638998 9.9991E-05 0.0832277
0.111322 0.132556 9.9982E-05 0.0754686 0.101465 9.9982E-05 0.516693 0.0622948
0.0550329 0.257491 9.9991E-05 0.0603224 0.0367571 0.134752 0.0206675 0.434877
9.9982E-05 0.0958246 0.231334 0.0430973 0.0791341 0.0826049 9.9982E-05 0.467805
0.013971 0.441108 0.231573 0.037428 0.115362 0.0891407 0.0519877 0.0194287
9.9973E-05 0.210865 0.148793 9.9973E-05 0.162948 0.400437 0.0766568 9.9973E-05
0.114857 0.351866 0.0797002 0.146042 0.0690885 9.9991E-05 0.129745 0.108601
9.994E-05 9.994E-05 9.994E-05 9.994E-05 0.9993 9.994E-05 9.994E-05 9.994E-05
9.9973E-05 0.333983 0.481604 0.0935117 0.066764 0.0238374 9.9973E-05 9.9973E-05
0.124474 0.389477 0.21499 0.231125 0.0341205 0.00561286 9.9982E-05 9.9982E-05
0.654138 9.9982E-05 0.0162789 0.079083 0.0809386 0.0729631 9.9982E-05 0.0963986
0.212973 0.447888 9.9973E-05 0.220532 0.0441314 9.9973E-05 9.9973E-05 0.0741751
0.0616079 0.266271 9.9973E-05 0.066311 0.166746 9.9973E-05 9.9973E-05 0.438765
9.9973E-05 0.202653 9.9973E-05 9.9973E-05 0.135278 0.0179731 0.153916 0.489881
0.528984 0.098597 0.211539 9.9982E-05 0.0620603 0.072846 0.0257737 9.9982E-05
9.9982E-05 0.219819 0.128181 0.0797503 0.0300516 0.196078 0.34592 9.9982E-05
0.0424529 0.264609 0.123772 9.9973E-05 0.0855938 9.9973E-05 9.9973E-05 0.483272
0.0985975 0.264175 0.243117 0.0286514 0.104963 0.0771738 9.9991E-05 0.183222
0.0108831 0.0833868 0.713297 9.9964E-05 9.9964E-05 0.192033 9.9964E-05 9.9964E-05
9.9991E-05 0.313496 0.0396084 0.023093 0.109016 0.0636962 0.237334 0.213656
9.9973E-05 0.321942 0.202189 0.0775324 0.1321 9.9973E-05 9.9973E-05 0.265936
9.994E-05 9.994E-05 9.994E-05 9.994E-05 0.9993 9.994E-05 9.994E-05 9.994E-05
0.175409 9.99639E-05 0.0738777 9.99639E-05 0.373299 9.99639E-05 0.377014 9.99639E-05
0.132335 0.51748 0.0553679 0.0369621 0.0184624 9.9991E-05 0.186823 0.05247
0.317468 0.051547 0.099545 0.0715049 0.088855 0.0688323 9.9991E-05 0.302148
9.9973E-05 0.0113264 0.850104 9.9973E-05 0.0174335 0.0143972 9.9973E-05 0.106439
0.145399 0.246438 0.144345 9.99819E-05 0.0888197 9.99819E-05 0.139223 0.235576
0.280822 0.335464 0.00934639 0.111199 0.0349455 9.9991E-05 0.102859 0.125264
9.9946E-05 9.9946E-05 0.00550189 9.9946E-05 9.9946E-05 9.9946E-05 0.993898 9.9946E-05
9.9973E-05 0.200195 0.307535 9.9973E-05 0.0883646 0.0513495 0.352255 9.9973E-05
0.156225 0.340019 9.9973E-05 9.9973E-05 9.9973E-05 0.0962089 0.150863 0.256384
0.390902 9.9982E-05 0.0344356 0.132464 0.0383543 0.102766 0.300877 9.9982E-05
0.19528 0.24146 0.289088 9.9973E-05 0.10753 0.166341 9.9973E-05 9.9973E-05
9.9973E-05 0.0245735 9.9973E-05 0.0264449 0.00660003 9.9973E-05 0.603604 0.338477
0.0894843 0.430004 0.0737138 9.9982E-05 0.128847 9.9982E-05 0.088589 0.189162
0.0161556 0.516799 9.9973E-05 0.0582755 9.9973E-05 9.9973E-05 0.220212 0.188258
0.512312 0.237845 9.9973E-05 0.0576347 0.190985 9.9973E-05 9.9973E-05 0.000923103
0.675164 9.9964E-05 9.9964E-05 0.0991648 9.9964E-05 0.1111 0.114171 9.9964E-05
9.994E-05 9.994E-05 9.994E-05 0.9993 9.994E-05 9.994E-05 9.994E-05 9.994E-05
9.9973E-05 0.146622 9.9973E-05 0.0806543 9.9973E-05 0.0773627 0.0902212 0.60484
9.9946E-05 9.9946E-05 9.9946E-05 9.9946E-05 9.9946E-05 0.103966 0.895434 9.9946E-05
0.184213 9.9991E-05 0.234552 0.0196726 0.18941 0.0603164 0.212589 0.0991462
0.0698099 0.0667661 0.390945 0.0473648 9.9991E-05 0.0218952 0.207007 0.196112
0.260555 0.35165 0.212685 0.000536788 9.9982E-05 0.168394 9.9982E-05 0.00597946
0.450508 0.0434133 0.261105 0.0185904 9.9982E-05 0.0695126 0.156671 9.9982E-05
9.994E-05 9.994E-05 9.994E-05 0.9993 9.994E-05 9.994E-05 9.994E-05 9.994E-05
0.232469 0.385033 0.0850036 0.00977538 0.112744 0.0398861 0.134989 9.9991E-05
0.048069 9.9991E-05 0.242355 0.269989 0.0307736 0.0708562 0.240655 0.0972026
0.277587 0.435637 0.230349 9.9973E-05 0.0429881 0.0131389 9.9973E-05 9.9973E-05
0.0565889 0.0114268 0.16963 9.9991E-05 0.000592743 0.159558 0.240816 0.361287
