9.9991E-05 0.43143 0.200392 0.335522 0.0325567
9.99821E-05 0.53728 0.320756 9.99821E-05 0.141763
0.101066 0.574804 0.0199549 0.304076 9.9991E-05
0.124622 0.31115 9.9991E-05 0.498602 0.0655255
9.9982E-05 0.180704 9.9982E-05 0.442541 0.376555
0.129338 0.574371 9.9991E-05 0.212508 0.0836833
9.99822E-05 0.629235 0.349948 0.0206172 9.99822E-05
9.99731E-05 0.822072 0.177629 9.99731E-05 9.99731E-05
0.138283 9.99821E-05 0.148454 9.99821E-05 0.713063
0.426521 9.9991E-05 0.223495 0.13676 0.213125
0.343678 9.9991E-05 0.0772944 0.329013 0.249915
9.999E-05 0.158678 0.409096 0.0336942 0.398432
9.99821E-05 0.371113 9.99821E-05 0.412009 0.216678
9.999E-05 0.288398 0.218405 0.376667 0.11643
9.99732E-05 0.291696 9.99732E-05 9.99732E-05 0.708004
9.99822E-05 0.333461 9.99822E-05 0.612599 0.0537399
0.181401 0.18244 0.232499 0.101325 0.302335
0.243154 0.140868 0.547348 0.0146432 0.053987
9.99821E-05 0.404157 9.99821E-05 0.021996 0.573647
0.0564528 0.396804 0.26788 0.278763 9.9991E-05
0.49581 9.99821E-05 0.0681056 0.435884 9.99821E-05
0.166485 0.0177455 9.9991E-05 0.243596 0.572073
0.0560826 0.308074 0.199138 0.337001 0.0997041
0.00127239 9.99821E-05 0.0104488 0.988079 9.99821E-05
0.267474 0.0187059 0.055255 0.658466 9.9991E-05
0.0138078 0.0687492 0.120483 0.553711 0.243249
0.129237 9.9991E-05 0.610024 0.0297809 0.230858
9.99732E-05 0.396063 9.99732E-05 9.99732E-05 0.603637
0.244349 0.704255 9.99821E-05 9.99821E-05 0.0511965
9.99732E-05 9.99732E-05 9.99732E-05 0.758439 0.241261
0.167018 0.298645 0.169179 0.037738 0.32742
9.99821E-05 0.50795 0.435342 0.056508 9.99821E-05
0.578408 9.99821E-05 0.0623943 9.99821E-05 0.358997
9.99821E-05 0.544448 9.99821E-05 0.223755 0.231597
9.99821E-05 0.0886734 0.368976 0.542151 9.99821E-05
0.0688168 0.21299 0.560275 0.157818 9.9991E-05
0.0613572 0.665997 0.149486 9.99911E-05 0.12306
0.916023 0.0357206 9.99821E-05 9.99821E-05 0.0480566
0.229188 0.585555 0.0631472 0.0547452 0.0673645
0.172063 0.409802 0.164804 0.253231 9.9991E-05
9.99821E-05 9.99821E-05 0.430714 0.161458 0.407627
0.101513 9.99911E-05 0.77015 0.124981 0.00325572
0.136521 0.147624 0.336559 0.226677 0.152619
9.99821E-05 0.280224 9.99821E-05 0.231418 0.488158
9.99821E-05 0.483677 0.349933 0.16619 9.99821E-05
9.99821E-05 0.470684 0.455676 0.0734395 9.99821E-05
9.9991E-05 0.324248 0.485138 0.145156 0.0453576
0.00659751 0.164944 0.294697 9.9991E-05 0.533661
9.99732E-05 0.359077 0.640623 9.99732E-05 9.99732E-05
9.9982E-05 0.548555 0.153555 0.29769 9.9982E-05
9.9973E-05 0.336054 9.9973E-05 0.663646 9.9973E-05
0.467845 0.265232 0.103459 0.0929767 0.0704869
0.0907415 9.9991E-05 0.159532 0.213315 0.536312
0.245041 0.618452 0.00828162 0.128126 9.99911E-05
9.99821E-05 0.336397 0.0148088 9.99821E-05 0.648594
0.125067 0.113175 0.168839 9.99911E-05 0.592819
9.99731E-05 9.99731E-05 9.99731E-05 0.605746 0.393954
9.99733E-05 0.00333105 9.99733E-05 9.99733E-05 0.996369
0.102283 0.30293 0.232931 0.0570436 0.304811
0.22372 0.221771 0.383094 0.171315 9.9991E-05
0.0276772 0.28065 9.99911E-05 0.216162 0.475411
0.0439782 9.99731E-05 0.955722 9.99731E-05 9.99731E-05
9.9982E-05 9.9982E-05 0.191441 0.02017 0.788189
0.0391999 0.249423 9.99821E-05 0.711177 9.99821E-05
9.99911E-05 0.536925 0.172574 0.236488 0.0539133
0.0304591 0.127027 0.292204 0.114413 0.435897
0.0647192 0.399168 0.148748 0.387265 9.9991E-05
9.9991E-05 0.273732 0.308713 0.144331 0.273125
9.99821E-05 0.596199 0.178739 9.99821E-05 0.224862
0.205408 0.316291 0.1678 0.262813 0.0476878
0.061376 0.431757 0.255162 9.9991E-05 0.251605
9.99821E-05 9.99821E-05 0.816497 0.113119 0.0701842
9.99822E-05 0.592703 0.312138 9.99822E-05 0.0949595
9.99821E-05 0.517315 0.399404 9.99821E-05 0.0830814
9.99733E-05 0.758381 9.99733E-05 0.241319 9.99733E-05
9.99821E-05 0.372764 0.305362 9.99821E-05 0.321674
9.99822E-05 0.152065 9.99822E-05 0.399794 0.447942
0.103893 9.9991E-05 0.187884 0.116657 0.591466
0.017935 0.309689 9.9991E-05 0.213415 0.45886
9.99821E-05 0.451153 9.99821E-05 0.0518492 0.496798
9.99732E-05 0.607213 0.392487 9.99732E-05 9.99732E-05
0.137216 0.4055 9.99911E-05 0.404553 0.0526314
0.505783 0.357348 9.99911E-05 0.0522755 0.0844936
0.00401588 0.462893 9.9991E-05 0.163446 0.369545
9.9991E-05 0.137787 0.433301 0.228936 0.199876
0.0705096 0.213207 0.345751 0.136684 0.233849
0.336121 0.0894103 0.218519 9.99911E-05 0.355849
9.99731E-05 9.99731E-05 9.99731E-05 0.750104 0.249596
0.633065 0.355304 9.99821E-05 0.0114306 9.99821E-05
0.334446 0.322304 9.99821E-05 9.99821E-05 0.34305
9.99733E-05 9.99733E-05 0.0167868 0.982913 9.99733E-05
0.0580958 9.99821E-05 0.419867 0.521837 9.99821E-05
0.200962 9.99822E-05 0.701804 0.0970346 9.99822E-05
0.411294 9.99821E-05 0.118111 9.99821E-05 0.470394
9.99731E-05 9.99731E-05 0.483179 9.99731E-05 0.516521
9.9991E-05 0.290885 0.205498 0.0396337 0.463884
0.248807 9.9982E-05 9.9982E-05 0.477171 0.273822
9.9982E-05 0.225223 0.332908 9.9982E-05 0.441669
0.0974538 0.348168 0.075767 0.478511 9.9991E-05
0.201647 0.0142309 0.256251 0.527771 9.9991E-05
0.112519 9.99821E-05 9.99821E-05 0.235957 0.651324
0.294096 9.99732E-05 9.99732E-05 0.705604 9.99732E-05
0.667283 9.99732E-05 9.99732E-05 9.99732E-05 0.332417
0.9996 9.997E-05 9.997E-05 9.997E-05 9.997E-05
0.015498 0.873974 0.053033 0.0573951 9.9991E-05
9.9991E-05 0.292394 0.26875 0.227673 0.211083
9.99821E-05 0.474054 0.227484 9.99821E-05 0.298261
0.286505 0.713195 9.99731E-05 9.99731E-05 9.99731E-05
0.0352147 0.739418 0.146225 0.0790422 9.99911E-05
0.526588 0.335368 0.0662342 0.0717093 9.9991E-05
9.99822E-05 0.321573 9.99822E-05 0.496874 0.181353
9.99821E-05 0.563763 9.99821E-05 0.294808 0.141229
9.99732E-05 0.11588 9.99732E-05 0.88382 9.99732E-05
9.99821E-05 0.797329 0.0191125 9.99821E-05 0.183358
9.997E-05 9.997E-05 9.997E-05 0.9996 9.997E-05
0.293303 0.0475109 0.0907737 0.0252341 0.543179
9.9991E-05 0.359637 0.159898 0.332707 0.147658
9.99821E-05 0.313369 9.99821E-05 0.186784 0.499647
0.108752 0.421456 9.9991E-05 0.318955 0.150737
0.188406 0.674293 0.031937 0.105264 9.9991E-05
0.165742 9.9991E-05 0.0884791 0.739106 0.00657282
0.17452 0.412675 9.99821E-05 0.412606 9.99821E-05
9.99731E-05 0.886333 9.99731E-05 0.113367 9.99731E-05
9.99821E-05 0.520053 0.382653 0.0970944 9.99821E-05
9.9991E-05 0.316493 0.0698951 0.239874 0.373638
0.120954 0.14857 0.189583 0.0628831 0.47801
9.99911E-05 0.0472861 0.723943 0.172534 0.0561368
0.174876 0.478451 0.0668872 0.212369 0.0674175
0.355605 0.333628 9.99821E-05 0.310567 9.99821E-05
0.336943 0.405957 0.204084 0.0529165 9.99911E-05
0.139054 9.99821E-05 0.184672 9.99821E-05 0.676074
0.146735 0.209459 0.284757 0.279199 0.0798496
0.0275914 0.315344 0.184229 9.99911E-05 0.472736
0.475935 0.440942 9.9982E-05 9.9982E-05 0.0829232
0.426072 9.99821E-05 0.454967 9.99821E-05 0.118762
0.101643 0.810698 0.0041608 0.0833974 9.99911E-05
0.0294047 0.85248 0.117915 9.99821E-05 9.99821E-05
0.163192 0.836509 9.99732E-05 9.99732E-05 9.99732E-05
0.179606 0.344461 0.399621 9.99911E-05 0.0762118
9.99731E-05 0.907539 9.99731E-05 0.0921607 9.99731E-05
0.216472 0.284688 9.99911E-05 0.280983 0.217757
0.581146 0.142827 0.0538895 0.155348 0.0667892
0.118064 0.180051 0.157218 0.0567124 0.487955
0.382164 9.99911E-05 0.158678 0.0403889 0.41867
0.195586 9.99821E-05 9.99821E-05 0.803309 0.000905575
0.0893754 0.752996 9.9991E-05 0.0823043 0.0752247
9.997E-05 9.997E-05 0.9996 9.997E-05 9.997E-05
0.0329183 0.425306 9.9991E-05 0.341599 0.200077
9.99821E-05 0.0924139 0.367448 0.539938 9.99821E-05
0.00203157 0.0289536 0.227131 0.138562 0.603321
0.245988 0.413955 0.110677 0.0193585 0.210023
9.99911E-05 0.0432913 0.311901 0.0130231 0.631685
9.9991E-05 0.630325 0.0360784 0.179645 0.153852
0.0329213 0.306828 9.9991E-05 0.22333 0.436821
9.99822E-05 0.142217 0.261753 0.595831 9.99822E-05
0.205968 0.414672 0.37916 9.99821E-05 9.99821E-05
0.139942 0.349258 9.9991E-05 0.289987 0.220713
0.1177 0.0709607 0.484092 0.218388 0.108859
9.99821E-05 0.679227 9.99821E-05 0.105233 0.21534
0.285526 0.52124 0.139802 0.0533309 9.9991E-05
9.997E-05 9.997E-05 0.9996 9.997E-05 9.997E-05
9.99821E-05 0.390966 0.364348 9.99821E-05 0.244487
9.99821E-05 0.687139 9.99821E-05 0.183839 0.128822
0.0829351 0.0334989 0.316498 9.9991E-05 0.566968
9.99732E-05 9.99732E-05 0.69343 9.99732E-05 0.30627
0.0533993 0.393929 0.110043 0.367584 0.0750446
9.9991E-05 0.54776 0.150059 0.123587 0.178493
9.997E-05 0.9996 9.997E-05 9.997E-05 9.997E-05
0.0150572 0.348474 0.169624 0.128772 0.338073
0.196961 0.232152 0.153889 0.261466 0.155533
0.0516109 0.517429 9.99911E-05 0.286729 0.144131
9.99821E-05 0.543764 0.17984 9.99821E-05 0.276196
0.0126815 0.467267 9.99821E-05 9.99821E-05 0.519851
0.115657 0.200223 0.254127 0.429894 9.9991E-05
9.99821E-05 0.391156 9.99821E-05 0.109466 0.499178
9.99732E-05 0.744719 9.99732E-05 9.99732E-05 0.254981
0.222108 0.11429 9.99911E-05 0.412375 0.251128
0.892355 9.99821E-05 0.100078 0.00736757 9.99821E-05
0.257923 0.377819 0.054787 0.309371 9.99911E-05
0.185832 9.99821E-05 0.208388 9.99821E-05 0.60558
0.174541 9.99732E-05 0.825159 9.99732E-05 9.99732E-05
0.262822 0.157396 0.426047 0.0252574 0.128478
9.9991E-05 0.176689 0.2969 0.376318 0.149993
0.00636497 0.661534 9.99911E-05 0.21989 0.112111
0.896652 0.103048 9.99731E-05 9.99731E-05 9.99731E-05
9.99911E-05 0.279751 0.0675954 0.0948055 0.557748
0.0180135 0.723994 0.158581 9.9991E-05 0.0993109
0.231068 0.363452 9.9991E-05 0.24134 0.164039
0.164987 0.517865 0.0340338 0.283015 9.9991E-05
