0.604472 0.238482 0.00920882 0.147837
0.53452 0.265243 0.00538015 0.194857
0.194692 0.592687 0.181443 0.0311787
0.363681 0.39912 0.2371 9.9991E-05
0.545438 0.33142 9.9991E-05 0.123043
0.0961112 0.203984 0.699805 9.9991E-05
0.26128 0.433811 0.0990645 0.205844
0.498359 0.15641 0.250417 0.0948143
0.188606 9.99911E-05 0.197848 0.613446
9.999E-05 0.0989449 0.445426 0.455529
0.0550033 0.210186 0.196512 0.538298
0.448822 0.0610594 9.99911E-05 0.490019
0.594156 0.291608 9.9991E-05 0.114136
0.0143188 0.48166 0.288122 0.215899
0.610318 9.99911E-05 0.182279 0.207303
0.483021 0.516779 9.99821E-05 9.99821E-05
0.274553 0.0953227 0.299483 0.330641
9.9991E-05 0.128247 0.50539 0.366263
0.8994 9.99821E-05 9.99821E-05 0.1004
0.114147 0.261852 0.508884 0.115116
9.99911E-05 0.12762 0.457207 0.415073
0.820177 9.99821E-05 9.99821E-05 0.179623
0.0205764 0.396122 0.38744 0.195862
0.131512 0.747022 0.00486343 0.116603
0.102642 0.408693 0.407425 0.0812394
0.357038 0.410353 9.9991E-05 0.232509
0.210728 0.135224 9.9991E-05 0.653948
0.625935 9.99911E-05 0.192059 0.181907
0.401758 9.9991E-05 0.489147 0.108996
0.0418995 0.926815 0.0311856 9.99911E-05
9.99821E-05 9.99821E-05 0.62534 0.37446
0.430232 0.205277 0.225251 0.139239
9.99911E-05 0.117248 0.597948 0.284705
0.80243 0.183025 0.0144454 9.9991E-05
0.283826 0.527344 0.0162945 0.172536
9.99911E-05 0.129801 0.391716 0.478384
0.464585 0.0310432 0.284342 0.220029
0.317601 0.303418 0.262229 0.116751
0.446951 0.133602 0.200461 0.218987
0.531731 0.127227 0.340942 9.9991E-05
9.99822E-05 0.384743 9.99822E-05 0.615057
9.99911E-05 0.0787511 0.203613 0.717536
0.167706 0.196987 0.331987 0.303321
0.32672 0.218033 0.269353 0.185895
0.630072 0.171109 0.110128 0.0886911
0.468776 0.06014 0.293469 0.177615
9.9991E-05 0.397394 0.315436 0.28707
9.9982E-05 9.9982E-05 0.241363 0.758437
0.444107 0.0796286 0.196709 0.279555
0.354146 0.273791 0.344542 0.0275208
0.308692 0.584422 0.106786 9.9991E-05
9.9991E-05 0.167395 0.618291 0.214214
0.331415 0.289713 9.9991E-05 0.378772
0.723544 0.273855 0.00250082 9.9991E-05
0.312563 9.99911E-05 0.425708 0.26163
0.642826 9.99911E-05 0.0909308 0.266143
0.209711 0.523067 0.0972411 0.169981
9.99822E-05 9.99822E-05 0.362271 0.637529
0.417806 9.9991E-05 0.186873 0.395221
0.0231384 0.225038 0.353324 0.3985
0.530668 0.166997 0.302235 9.99911E-05
9.9991E-05 0.288735 0.00758378 0.703581
0.466271 9.99821E-05 9.99821E-05 0.533529
0.0843982 0.915402 9.99821E-05 9.99821E-05
0.490469 0.221021 0.184087 0.104423
0.566532 0.134444 9.99911E-05 0.298924
0.0564459 0.44816 0.495294 9.9991E-05
0.43045 0.0506623 9.9991E-05 0.518788
0.725091 9.99821E-05 9.99821E-05 0.274709
0.417106 0.222409 0.0850948 0.275391
0.0906599 0.0687136 0.467098 0.373528
0.135451 0.0870577 9.9991E-05 0.777391
0.373709 0.0664928 0.261203 0.298595
0.707185 0.129316 0.0219602 0.141539
0.515904 0.189479 0.294518 9.99911E-05
0.45527 0.168069 9.9991E-05 0.376561
0.661958 0.320304 9.99911E-05 0.0176382
0.330619 9.9991E-05 0.132118 0.537163
0.483525 0.146844 0.264092 0.10554
0.581415 9.99821E-05 0.418385 9.99821E-05
0.637551 0.185766 0.0893348 0.0873487
0.327669 0.239394 0.281882 0.151054
9.99911E-05 0.0542737 0.678559 0.267067
0.481623 0.23568 0.282597 9.9991E-05
0.0930952 0.268606 0.16021 0.478089
0.376119 0.0756915 0.193481 0.354708
0.318795 9.99911E-05 0.240093 0.441012
0.157631 0.738448 9.9991E-05 0.103822
0.410373 0.307048 0.282479 9.99911E-05
0.70416 0.119093 0.0406183 0.136128
9.998E-05 0.9997 9.998E-05 9.998E-05
9.99911E-05 0.248725 0.313113 0.438062
0.108967 0.301382 9.99911E-05 0.589551
0.0559679 0.275266 0.545137 0.123629
0.242511 9.99821E-05 9.99821E-05 0.757289
0.188936 0.0440273 0.468638 0.298398
9.9991E-05 0.337875 0.360059 0.301966
0.0490487 9.9991E-05 0.393026 0.557825
0.207766 0.739269 0.0528649 9.9991E-05
9.9991E-05 0.590585 0.199087 0.210228
9.99911E-05 0.108826 0.279072 0.612002
9.998E-05 0.9997 9.998E-05 9.998E-05
0.0461139 0.104381 0.270809 0.578696
9.99821E-05 0.224502 0.775298 9.99821E-05
0.668971 9.9982E-05 0.330829 9.9982E-05
0.485144 0.11412 9.9991E-05 0.400636
0.226857 0.107223 0.464466 0.201455
0.584204 9.99821E-05 0.415596 9.99821E-05
0.528217 9.9991E-05 0.250313 0.221371
0.513272 0.143999 0.342629 9.99911E-05
0.0679778 0.5022 0.0402839 0.389538
0.671424 0.328376 9.99821E-05 9.99821E-05
0.202515 0.70972 0.0876651 9.99911E-05
0.807348 0.00224399 0.190308 9.99911E-05
9.998E-05 0.9997 9.998E-05 9.998E-05
0.221314 0.0124366 0.128382 0.637868
0.543444 0.16114 0.222679 0.0727366
0.665476 0.0771525 9.99911E-05 0.257271
0.782608 0.217193 9.99821E-05 9.99821E-05
0.293079 0.196549 0.510271 9.9991E-05
0.262484 0.550938 9.99911E-05 0.186478
9.99821E-05 0.414909 0.584892 9.99821E-05
0.389381 0.284852 0.325667 9.9991E-05
0.00180417 9.99911E-05 0.608168 0.389928
0.197572 0.123977 0.410108 0.268342
0.200077 0.0491098 0.0551534 0.69566
9.99822E-05 0.32402 9.99822E-05 0.67578
0.468152 0.146638 0.319859 0.0653515
9.99821E-05 0.300012 0.699788 9.99821E-05
0.195031 0.286173 0.237048 0.281748
9.99821E-05 9.99821E-05 0.288452 0.711348
0.173966 0.112071 0.45214 0.261823
0.223295 9.99911E-05 0.195052 0.581554
0.372393 9.9991E-05 0.512172 0.115336
9.99821E-05 9.99821E-05 0.474291 0.525509
0.0833668 0.0832521 0.833281 9.99911E-05
0.503974 9.99821E-05 0.495826 9.99821E-05
0.318535 0.162866 0.5185 9.99911E-05
0.207706 9.99911E-05 0.213157 0.579037
0.631932 0.220603 0.147365 9.9991E-05
0.516012 0.0540665 0.429822 9.99911E-05
9.99911E-05 0.304957 0.447141 0.247802
0.352998 9.9991E-05 0.321206 0.325697
9.99822E-05 9.99822E-05 0.361304 0.638496
0.202425 0.629865 9.9991E-05 0.16761
0.838381 0.107691 0.0538281 9.9991E-05
0.0322018 0.0307439 9.9991E-05 0.936954
0.378084 0.207174 0.386033 0.0287089
0.163215 0.490621 0.0973769 0.248787
0.355515 9.99911E-05 0.0841598 0.560225
0.759311 0.0385254 0.0582539 0.14391
0.393367 9.99821E-05 9.99821E-05 0.606433
0.598166 0.0238887 0.297932 0.0800132
0.357995 0.0518851 0.215535 0.374585
9.99911E-05 0.621764 0.163848 0.214288
0.195253 9.99911E-05 0.672292 0.132355
0.12191 0.115081 0.639937 0.123073
0.0303927 0.0829755 0.333752 0.552879
0.727527 0.256843 0.0155297 9.9991E-05
0.427168 0.296166 0.0268401 0.249826
9.998E-05 9.998E-05 9.998E-05 0.9997
0.513244 0.104135 9.9991E-05 0.382521
0.574509 0.126275 0.202695 0.0965207
0.330855 0.0653764 9.99911E-05 0.603668
0.372018 9.99822E-05 9.99822E-05 0.627782
0.315675 0.437334 0.0008965 0.246095
0.352894 0.260742 0.290454 0.0959096
0.831237 9.99822E-05 0.168564 9.99822E-05
0.0592642 0.0276667 0.531708 0.381361
0.240805 0.195978 0.265441 0.297776
0.716386 0.283414 9.99821E-05 9.99821E-05
0.654338 0.130821 0.21292 0.00192169
0.576487 9.99821E-05 0.423313 9.99821E-05
0.145546 0.24968 0.267574 0.3372
0.654658 0.270322 0.0329962 0.0420233
0.720225 0.118409 0.151559 0.0098071
0.304729 0.398408 9.99911E-05 0.296763
9.998E-05 9.998E-05 0.9997 9.998E-05
0.00131441 0.355437 0.298636 0.344613
0.249029 9.99911E-05 0.254834 0.496037
9.99821E-05 9.99821E-05 0.248857 0.750943
0.326251 9.9991E-05 0.233602 0.440047
0.0762427 0.380881 0.204991 0.337886
0.759965 0.190582 0.0493526 9.99911E-05
9.998E-05 9.998E-05 0.9997 9.998E-05
0.752638 9.99822E-05 9.99822E-05 0.247162
0.610008 0.08354 0.306352 9.9991E-05
0.384599 0.329808 0.285492 9.99911E-05
0.041244 0.368847 0.589809 9.9991E-05
