0.144509 0.168127 0.00875915 0.678605
0.0924465 0.385579 0.0631823 0.458793
0.215597 0.482439 0.0294776 0.272486
0.142603 0.592968 0.0970313 0.167398
0.216391 0.444734 0.179369 0.159506
0.266614 0.626012 9.9991E-05 0.107274
0.261329 0.412453 0.217284 0.108934
0.0958273 0.571131 0.172721 0.160321
0.460544 0.315123 0.216749 0.00758427
0.53399 0.0223576 0.266767 0.176885
0.621291 0.139736 0.0664932 0.172479
0.351309 0.0348367 0.162031 0.451823
0.134644 0.361816 0.202673 0.300867
0.133179 0.163501 0.184829 0.518491
0.197979 0.518693 0.0916441 0.191685
0.0713269 0.53794 0.282476 0.108257
0.143515 0.535325 0.32106 9.9991E-05
9.9991E-05 0.195417 0.426382 0.378101
0.102247 0.440477 0.10243 0.354845
0.318872 0.342613 0.196494 0.142021
0.315154 0.250792 0.111506 0.322548
0.16837 0.303276 0.167307 0.361047
0.0777861 0.449448 0.129753 0.343013
0.00622471 0.594805 0.158537 0.240433
0.749307 9.9991E-05 0.189649 0.0609439
0.0577095 0.541837 0.129485 0.270969
0.130439 0.403771 0.204733 0.261057
0.151732 0.206939 0.216263 0.425065
0.272583 0.402014 0.113669 0.211733
9.9982E-05 0.424115 0.575685 9.9982E-05
0.457891 0.48978 0.0522294 9.9991E-05
0.661389 9.9991E-05 0.0862741 0.252237
0.0323664 0.51223 0.189379 0.266025
0.203059 0.477238 0.0679987 0.251705
0.206217 0.0428835 0.243584 0.507315
9.9982E-05 9.9982E-05 0.053267 0.946533
0.213855 0.572692 9.9991E-05 0.213353
0.256064 9.9991E-05 0.231842 0.511994
0.397675 0.521638 0.0805874 9.9991E-05
0.121705 0.460718 0.136475 0.281102
0.024953 0.510719 0.0811872 0.383141
0.187073 0.43142 0.226206 0.155302
0.214494 0.431639 0.0779993 0.275868
0.0628893 0.00865371 9.9991E-05 0.928357
0.440018 9.9991E-05 0.173462 0.386419
0.521366 0.281545 9.9991E-05 0.19699
0.0827566 0.824138 0.0930049 9.9991E-05
0.102776 0.722277 9.9991E-05 0.174848
0.0506461 0.11934 0.0791324 0.750881
0.0876875 0.417589 0.172129 0.322595
0.297279 0.114897 0.3022 0.285625
0.237834 0.612874 0.142876 0.00641656
0.0139092 0.942999 0.0429914 9.9991E-05
0.36078 0.345901 0.293219 9.9991E-05
0.126301 9.9982E-05 9.9982E-05 0.873499
0.236482 0.45895 0.128181 0.176387
0.322851 9.9991E-05 0.0716551 0.605394
0.186518 9.9991E-05 0.10307 0.710313
0.413438 0.4101 0.114576 0.0618864
0.537767 0.0949699 0.00637497 0.360888
0.0703062 0.779062 0.0591829 0.0914493
0.255059 0.358622 0.269187 0.117131
0.132287 0.545783 0.136221 0.18571
0.00102364 9.9982E-05 0.998776 9.9982E-05
0.141482 0.387726 9.9991E-05 0.470692
0.0305678 0.196423 0.012116 0.760894
0.156127 0.283992 0.0935316 0.466349
0.144776 0.556357 0.200388 0.0984797
9.9991E-05 0.541965 0.0822664 0.375668
0.0702404 0.641731 0.27436 0.0136685
0.605535 9.9991E-05 0.107585 0.28678
0.122129 0.189051 0.205968 0.482852
0.184191 0.161822 0.304484 0.349504
0.290321 0.560552 0.149027 9.9991E-05
0.42494 0.186064 0.106332 0.282664
0.442143 0.512461 9.9991E-05 0.0452967
0.310466 0.338102 0.16834 0.183091
0.235331 0.613282 0.151287 9.9991E-05
0.189708 0.646715 9.9991E-05 0.163477
0.303916 0.524136 0.171848 9.9991E-05
0.183413 0.415469 0.170241 0.230876
0.20522 0.362083 0.100003 0.332693
0.276354 0.403495 0.148808 0.171343
0.232089 0.663404 0.104407 9.9991E-05
0.0972818 0.323196 0.126676 0.452846
0.358992 0.442391 9.9991E-05 0.198517
9.9991E-05 0.378287 0.0368421 0.584771
0.59904 0.345167 0.0393027 0.0164901
0.0839465 0.120223 0.317068 0.478762
0.247259 0.155437 0.0218764 0.575427
0.116462 9.9991E-05 0.876064 0.00737369
0.550334 0.0411542 0.159453 0.249059
0.0879468 0.856004 0.0559496 9.9991E-05
9.9991E-05 0.47728 0.25554 0.26708
0.140517 0.738479 9.9991E-05 0.120904
0.159055 0.616955 0.22389 9.9991E-05
0.100535 9.9982E-05 9.9982E-05 0.899265
0.278098 0.484028 9.9991E-05 0.237774
9.9982E-05 0.206095 0.793705 9.9982E-05
9.9991E-05 0.483597 0.295628 0.220676
0.0596664 0.498108 0.163595 0.278631
9.998E-05 9.998E-05 0.9997 9.998E-05
0.324044 0.247611 0.178028 0.250317
0.9997 9.998E-05 9.998E-05 9.998E-05
0.228479 0.502862 0.148431 0.120228
0.171428 0.813331 9.9991E-05 0.0151417
0.139443 0.423882 0.0622485 0.374427
0.105695 0.642154 0.0880062 0.164144
0.313943 0.377633 0.205554 0.10287
0.139785 0.18882 0.100246 0.57115
0.215567 0.578073 0.0956139 0.110746
0.428399 9.9991E-05 0.232308 0.339193
0.247509 0.59947 0.0116619 0.141359
0.102526 0.330315 0.567059 9.9991E-05
0.232935 0.407542 9.9991E-05 0.359423
9.998E-05 9.998E-05 0.9997 9.998E-05
0.461365 0.493389 0.0451458 9.9991E-05
9.9991E-05 0.0176712 0.174898 0.807331
0.355086 0.639073 0.00574061 9.9991E-05
0.354139 0.326221 0.1627 0.15694
0.0946891 0.409223 0.193073 0.303015
0.0907622 0.117753 0.718758 0.0727264
0.302392 9.9991E-05 0.295877 0.401631
0.398484 0.601316 9.9982E-05 9.9982E-05
0.2627 0.0188282 0.339306 0.379165
0.138174 0.79471 0.0670154 9.9991E-05
0.341545 0.158021 0.0946025 0.405831
0.182729 0.24685 0.169757 0.400664
0.208226 0.521204 9.9991E-05 0.27047
0.241719 0.129673 0.253479 0.375129
9.9991E-05 0.484386 0.162385 0.353129
0.045814 0.455157 0.152689 0.346341
0.255156 0.353867 0.390876 9.9991E-05
0.152299 0.491727 0.355874 9.9991E-05
0.240225 0.502402 0.018827 0.238546
0.350136 0.220791 0.153667 0.275407
0.0104646 0.989335 9.9982E-05 9.9982E-05
9.9982E-05 0.810599 0.189201 9.9982E-05
0.296568 0.141171 0.177582 0.384679
0.152292 0.467006 0.135294 0.245409
0.318165 0.34277 0.0948464 0.244219
0.437026 0.424081 0.138793 9.9991E-05
0.241902 0.462539 0.0767758 0.218783
0.371271 9.9991E-05 0.0621594 0.56647
0.0245722 0.599001 0.108688 0.267739
9.9991E-05 0.107707 0.591501 0.300693
0.286363 0.460992 0.0417409 0.210904
9.998E-05 9.998E-05 0.9997 9.998E-05
0.24246 0.143535 0.0623249 0.55168
0.348151 0.61035 9.9991E-05 0.0413986
0.390217 0.311452 0.0784567 0.219875
0.524233 0.405153 0.0624926 0.00812174
0.318306 0.267138 0.290633 0.123924
0.186819 0.259946 0.208038 0.345198
0.273462 0.205424 0.115978 0.405137
0.0422253 0.412895 0.392611 0.152269
0.176231 0.255439 0.0647439 0.503586
0.224974 0.488679 0.135625 0.150721
9.9991E-05 0.0991928 0.0669971 0.83371
0.243773 0.283917 0.170615 0.301695
0.139691 0.497677 0.205285 0.157347
9.998E-05 9.998E-05 0.9997 9.998E-05
0.138263 0.414345 0.34034 0.107052
0.277559 0.544399 9.9991E-05 0.177942
0.302194 0.158759 0.110438 0.42861
0.00577413 9.9991E-05 0.0957685 0.898357
0.108709 0.249729 9.9991E-05 0.641462
0.409026 0.560433 9.9991E-05 0.0304412
9.9991E-05 0.678458 0.139749 0.181693
0.0868117 0.282094 0.374026 0.257068
0.357464 0.399506 9.9991E-05 0.24293
0.250989 0.33856 0.275313 0.135138
9.9991E-05 0.319558 0.207373 0.472969
0.218549 9.9982E-05 9.9982E-05 0.781251
0.0576735 0.553373 0.108281 0.280672
0.334482 0.550239 9.9991E-05 0.115179
0.292592 0.596806 0.110502 9.9991E-05
0.477295 0.305277 9.9991E-05 0.217328
0.9997 9.998E-05 9.998E-05 9.998E-05
0.41291 0.0818212 0.15739 0.347879
0.0171526 0.328328 0.440853 0.213667
0.0795791 0.149563 0.398369 0.372488
9.9991E-05 0.218525 0.0796569 0.701718
0.0393508 0.731305 0.203386 0.025958
0.165608 0.519491 0.126171 0.18873
0.9997 9.998E-05 9.998E-05 9.998E-05
0.208533 0.498275 0.106943 0.186248
0.280542 0.119421 0.197237 0.4028
9.9991E-05 0.881437 0.0199619 0.0985008
9.9991E-05 0.114947 0.180097 0.704855
