9.9973E-05 9.9973E-05 0.00871804 9.9973E-05 0.663129 0.0812957 0.244607 0.00195049
0.0754616 9.9973E-05 9.9973E-05 0.175519 0.393558 0.204974 9.9973E-05 0.150188
0.0224115 0.0136559 0.0560447 0.0671602 0.108007 0.191562 0.507258 0.0339003
9.9982E-05 9.9982E-05 0.065946 0.0408659 0.0107041 0.181957 0.636256 0.0640717
0.164959 0.11377 0.0472742 0.146787 9.9991E-05 0.0381152 0.352983 0.136012
0.201466 0.135505 9.9982E-05 0.00168594 0.122032 9.9982E-05 0.404362 0.134749
0.0141831 0.00063168 0.108226 0.0906225 0.399872 0.0328302 0.29496 0.0586739
0.269117 0.0985489 0.0516591 0.0412169 0.219344 0.145183 0.137159 0.0377721
0.230989 0.423791 0.0165878 0.0151342 0.130477 9.9982E-05 0.18282 9.9982E-05
0.0810417 0.361816 0.10667 0.17117 0.20364 9.9982E-05 9.9982E-05 0.0754613
0.358749 0.0995102 9.9973E-05 9.9973E-05 0.280286 9.9973E-05 0.0288302 0.232324
0.25681 0.650581 0.0116033 0.0538665 0.0268392 9.9973E-05 9.9973E-05 9.9973E-05
0.418872 0.085636 0.0436652 0.0610101 0.129324 9.9991E-05 0.184492 0.0769015
0.371181 0.00119975 0.0459844 0.136529 0.265865 0.0584936 0.0111948 0.109553
0.986977 9.9946E-05 9.9946E-05 9.9946E-05 9.9946E-05 0.012423 9.9946E-05 9.9946E-05
0.0477696 0.0619339 0.124858 0.152734 0.137043 0.375547 0.0512502 0.0488643
0.946135 9.9955E-05 9.9955E-05 9.9955E-05 9.9955E-05 0.0172019 9.9955E-05 0.0361637
0.0992696 0.0532715 0.126391 0.194316 0.0988896 0.0968861 0.207277 0.123699
0.118272 0.204449 0.0468568 0.0532324 0.241656 9.9982E-05 0.335334 9.9982E-05
9.999E-05 0.0235158 0.0928602 0.124354 0.25937 0.0336621 0.363779 0.102359
9.9982E-05 0.0710017 0.108314 9.9982E-05 0.365401 0.0307874 0.354503 0.0697936
0.391627 0.0672143 0.021969 0.0403644 0.41373 9.9982E-05 9.9982E-05 0.0648952
0.0588824 9.9982E-05 0.17502 0.0608565 0.0853591 9.9982E-05 0.500585 0.119097
9.9982E-05 0.0294039 9.9982E-05 0.309497 0.140851 0.0963245 0.375743 0.047981
0.328528 0.115945 0.0205322 9.9973E-05 0.313255 9.9973E-05 9.9973E-05 0.221441
0.0950166 9.9982E-05 9.9982E-05 0.0735048 0.377872 0.178881 0.233282 0.0412444
0.113319 0.265637 0.0615409 0.1836 0.00917322 0.142324 0.127534 0.0968718
0.221788 9.9982E-05 0.0291857 0.189562 0.379297 9.9982E-05 0.0890485 0.090919
0.302942 9.9982E-05 0.0133033 9.9982E-05 0.30123 0.059137 0.173348 0.14984
0.0207719 9.99729E-05 0.0518401 0.66841 9.99729E-05 0.0370767 0.221601 9.99729E-05
0.403277 0.258485 9.9982E-05 0.105623 9.9982E-05 0.00580977 0.219047 0.00755736
9.9973E-05 0.774491 0.0354258 9.9973E-05 0.0734691 0.0554279 9.9973E-05 0.0608858
0.225298 9.9982E-05 0.118649 0.156199 0.0120797 0.0131144 0.47446 9.9982E-05
0.271069 0.0123589 0.0661055 9.9991E-05 0.0356707 0.00386443 0.443542 0.167289
0.324805 0.0996367 0.0610519 9.9982E-05 0.27261 9.9982E-05 0.114923 0.126773
9.9946E-05 9.9946E-05 0.0615052 9.9946E-05 0.937895 9.9946E-05 9.9946E-05 9.9946E-05
9.9973E-05 9.9973E-05 0.00426418 0.0362103 0.215782 9.9973E-05 0.518431 0.225012
0.135669 0.0793479 0.00741994 9.9973E-05 0.747883 9.9973E-05 9.9973E-05 0.0293801
0.412637 0.127863 0.0223301 0.0880513 9.9982E-05 9.9982E-05 0.178026 0.170894
0.210064 0.122069 0.116494 9.9982E-05 0.102249 0.163584 0.285339 9.9982E-05
0.222552 0.0757009 0.0231759 0.0534143 0.172568 0.0751084 0.262501 0.11498
9.999E-05 0.0492545 0.0544826 0.0269978 0.0658475 0.183772 0.363281 0.256264
9.999E-05 0.0514338 0.0360054 0.0478558 0.273662 0.120061 0.295332 0.17555
9.9964E-05 0.259718 9.9964E-05 0.150043 0.561348 9.9964E-05 0.0284917 9.9964E-05
9.9982E-05 0.785989 0.109615 0.0274046 0.0207732 0.0459663 9.9982E-05 0.0100523
0.261893 0.318134 0.00684229 9.9982E-05 0.134664 9.9982E-05 0.0835886 0.194679
9.9973E-05 0.0698501 9.9973E-05 0.100981 0.201732 0.164561 0.462575 9.9973E-05
9.9973E-05 0.353213 0.0349276 0.00358857 9.9973E-05 0.114757 0.493213 9.9973E-05
0.150655 0.310739 0.0866817 0.109556 0.00727644 0.126499 0.18771 0.0208833
0.31658 0.0853678 0.0308233 0.0666782 0.0829353 0.230043 0.187473 9.9991E-05
0.373929 0.120152 0.114032 0.10235 0.262777 9.9982E-05 9.9982E-05 0.0265604
9.9982E-05 0.231286 0.14358 0.0359002 9.9982E-05 0.166161 0.397169 0.0257041
9.9982E-05 0.126076 0.0419031 0.0832569 9.9982E-05 0.482554 0.263557 0.00245376
0.246483 0.046127 9.9991E-05 0.122996 0.0470082 0.168795 0.169714 0.198777
9.9973E-05 0.475542 0.00452414 0.165439 0.0129753 0.341219 9.9973E-05 9.9973E-05
0.0469351 0.179499 0.109213 9.9982E-05 0.0609604 9.9982E-05 0.467269 0.135924
9.99641E-05 0.743237 9.99641E-05 0.0254357 0.0356751 0.195252 9.99641E-05 9.99641E-05
9.9973E-05 0.363103 9.9973E-05 0.15226 0.346073 9.9973E-05 0.0804037 0.0578605
0.0376887 0.342136 0.0541972 0.0973764 0.166158 0.092098 0.148129 0.0622163
0.123758 0.529973 0.0747688 0.0213526 0.0492175 0.0449625 9.9991E-05 0.155868
9.9964E-05 9.9964E-05 0.0161195 0.0625822 9.9964E-05 9.9964E-05 0.896157 0.0247411
0.16711 0.0549868 0.141246 9.9991E-05 0.031751 0.0944563 0.402719 0.107631
0.231989 0.110245 0.0738855 0.026677 0.0782844 0.0175777 0.461242 9.9991E-05
9.9955E-05 9.9955E-05 0.0920911 0.886333 9.9955E-05 9.9955E-05 9.9955E-05 0.0210763
0.0266687 9.9973E-05 9.9973E-05 9.9973E-05 0.508953 0.111988 0.190051 0.162039
9.9973E-05 9.9973E-05 0.0269195 9.9973E-05 0.756738 0.108548 0.0903416 0.0171538
0.0270728 0.146762 0.0944157 9.9991E-05 0.212415 0.0920036 0.354116 0.0731148
0.331151 9.9964E-05 9.9964E-05 0.137996 0.0457799 9.9964E-05 0.484674 9.9964E-05
0.0342745 9.9973E-05 0.0337938 0.108673 0.359898 9.9973E-05 0.463061 9.9973E-05
9.9991E-05 0.0728821 0.0751004 0.147733 0.172967 0.258227 0.15937 0.113621
0.126424 0.469452 0.0393814 0.0235106 9.9991E-05 0.0576916 0.0764098 0.207031
0.424876 0.141987 0.133952 9.9973E-05 0.181827 0.117058 9.9973E-05 9.9973E-05
0.485397 9.9991E-05 0.103621 0.0502433 0.218045 0.0214303 0.0762271 0.0449357
0.451956 0.271621 9.9973E-05 0.162644 9.9973E-05 0.0172135 9.9973E-05 0.0962665
0.374669 0.175517 9.9982E-05 0.0750143 0.17358 0.0605291 9.9982E-05 0.140491
0.0752653 0.531207 0.0614894 9.9973E-05 9.9973E-05 0.261637 9.9973E-05 0.0701018
9.9991E-05 0.361625 0.130541 0.0167978 0.0685575 0.0211963 0.305331 0.0958515
9.9964E-05 9.9964E-05 0.038341 0.00904991 9.9964E-05 9.9964E-05 0.813932 0.138278
0.0732524 9.9964E-05 9.9964E-05 9.9964E-05 0.0111459 9.9964E-05 0.812379 0.102823
0.142856 0.053194 0.0662518 0.0733451 9.9973E-05 9.9973E-05 0.664053 9.9973E-05
0.121061 0.0906825 0.149701 0.0593526 0.148283 0.0793161 0.351505 9.9991E-05
0.157629 0.0954483 0.0559656 0.0225037 0.112957 9.9991E-05 0.453495 0.1019
9.9991E-05 0.399134 0.00459909 0.15452 0.00976552 0.0439015 0.367764 0.0202158
0.0976484 0.0808552 0.101507 0.0783478 9.9991E-05 0.212624 0.380542 0.0483762
0.147642 9.9982E-05 0.0808367 0.133107 0.0778164 9.9982E-05 0.538905 0.0214933
9.9982E-05 0.285384 9.9982E-05 0.00644335 0.125318 0.150757 0.335103 0.0967947
9.9964E-05 9.9964E-05 0.0257159 0.0512276 0.660145 9.9964E-05 0.262512 9.9964E-05
0.0898834 0.669329 0.0795035 9.99641E-05 9.99641E-05 9.99641E-05 0.160884 9.99641E-05
0.344474 9.9982E-05 0.0844125 0.215448 0.190119 0.0932584 9.9982E-05 0.0720884
0.0561674 0.36918 0.0495227 9.9982E-05 0.379593 0.0513339 0.0940037 9.9982E-05
9.9946E-05 9.9946E-05 9.9946E-05 0.953614 9.9946E-05 9.9946E-05 9.9946E-05 0.0457867
0.476681 0.235545 9.9964E-05 9.9964E-05 0.146515 9.9964E-05 9.9964E-05 0.140859
0.101825 9.9964E-05 0.0786168 9.9964E-05 9.9964E-05 9.9964E-05 0.799994 0.0191644
0.53382 9.9982E-05 0.0515602 0.0466433 0.216134 0.146073 0.00557002 9.9982E-05
9.9982E-05 9.9982E-05 0.102755 0.0294487 0.0290537 0.0321006 0.669748 0.136694
0.122007 9.9982E-05 9.9982E-05 0.041159 0.132623 0.0999809 0.519667 0.0843623
9.9973E-05 0.0795131 9.9973E-05 0.0792775 0.587221 0.121336 9.9973E-05 0.132353
0.010882 0.213989 0.0604674 9.9982E-05 9.9982E-05 0.0324352 0.521932 0.160094
0.0751601 0.0497228 0.0732906 0.591102 0.185575 0.00666865 9.9991E-05 0.0183812
0.254807 0.113056 9.9982E-05 0.369949 0.104464 0.0274794 0.130044 9.9982E-05
0.38112 0.0877305 0.00224989 0.146016 0.348565 9.9982E-05 9.9982E-05 0.0341182
9.994E-05 9.994E-05 9.994E-05 0.9993 9.994E-05 9.994E-05 9.994E-05 9.994E-05
0.431007 9.9991E-05 0.0128505 0.118522 0.0737777 0.0185926 0.134606 0.210544
9.99549E-05 9.99549E-05 0.0445055 0.00715897 9.99549E-05 9.99549E-05 9.99549E-05 0.947836
0.296041 0.229053 0.0385325 0.020484 0.248502 0.11818 9.9991E-05 0.0491081
0.200501 0.195846 0.0106184 0.00350675 0.281621 0.131356 0.176451 9.9991E-05
0.348685 0.191843 9.9973E-05 9.9973E-05 0.0854662 0.13864 0.235065 9.9973E-05
0.159537 0.0646594 0.0228066 0.0239088 0.136272 0.159509 0.368182 0.065125
0.564621 0.0908031 9.9982E-05 0.0743393 9.9982E-05 0.0183667 0.145689 0.105981
0.190748 0.126967 0.104118 0.0730538 0.302975 0.040548 0.103646 0.0579448
0.277444 9.9973E-05 0.00400581 9.9973E-05 0.102649 9.9973E-05 0.397399 0.218202
0.137163 0.365317 0.0774559 0.0596466 0.177656 9.9991E-05 0.0952527 0.0874089
9.9991E-05 0.0827705 0.0208669 0.0686561 0.122324 0.207455 0.407202 0.090626
0.0462139 9.9982E-05 0.0828732 0.618443 9.9982E-05 0.0208468 0.166701 0.064722
0.10059 0.0444585 0.0423755 0.0209609 0.100546 0.0195624 0.522485 0.149022
9.994E-05 9.994E-05 9.994E-05 0.9993 9.994E-05 9.994E-05 9.994E-05 9.994E-05
0.360312 9.9964E-05 9.9964E-05 9.9964E-05 0.358298 0.0303021 9.9964E-05 0.250688
9.9991E-05 0.11468 0.0831714 0.0846523 0.388173 0.0549841 0.245211 0.0290287
9.9973E-05 0.334027 0.0514443 0.0762346 9.9973E-05 9.9973E-05 0.503361 0.034634
9.9973E-05 0.648008 0.0977223 9.9973E-05 0.217789 9.9973E-05 0.0112859 0.0248946
0.190362 9.9982E-05 0.108668 9.9982E-05 0.197329 0.121958 0.376365 0.00511734
0.158789 9.9973E-05 0.104327 0.539008 0.151252 9.9973E-05 0.0463252 9.9973E-05
0.284967 0.0762261 0.0685331 0.164473 0.199309 9.9991E-05 0.0810335 0.125359
9.9964E-05 0.27113 9.9964E-05 9.9964E-05 9.9964E-05 0.247308 0.418786 0.062376
9.9982E-05 0.350162 0.0870302 0.183874 0.0674368 9.9982E-05 0.215313 0.0959851
0.549857 0.107375 9.9973E-05 9.9973E-05 0.0130015 0.0181282 0.311338 9.9973E-05
0.346692 0.175772 0.0312809 9.9964E-05 0.445855 9.9964E-05 9.9964E-05 9.9964E-05
9.9982E-05 0.11913 0.0473924 0.180852 9.9982E-05 0.0656828 0.427625 0.159118
9.9964E-05 0.566755 0.0114993 9.9964E-05 9.9964E-05 0.0332471 0.388099 9.9964E-05
9.9973E-05 0.19394 0.0646104 0.0930334 0.624313 0.0238036 9.9973E-05 9.9973E-05
0.0311379 9.9964E-05 0.0533321 9.9964E-05 0.5118 9.9964E-05 0.40333 9.9964E-05
0.134373 0.00914591 0.135285 0.053902 0.0612553 9.9991E-05 0.483687 0.122251
0.174842 0.287358 0.00916814 0.218335 0.171846 9.9982E-05 0.138251 9.9982E-05
0.495935 9.9973E-05 0.0476435 0.100097 9.9973E-05 9.9973E-05 0.320181 0.0358435
0.105638 0.248811 9.9982E-05 0.00539604 0.252091 9.9982E-05 0.373453 0.0144109
0.0392632 0.586787 0.0900598 9.9982E-05 0.0336437 9.9982E-05 0.0484646 0.201582
9.99459E-05 9.99459E-05 9.99459E-05 9.99459E-05 9.99459E-05 0.897918 0.101482 9.99459E-05
9.994E-05 9.994E-05 9.994E-05 9.994E-05 9.994E-05 0.9993 9.994E-05 9.994E-05
0.0682503 0.349039 0.0683683 0.0558647 0.32015 0.0913577 9.9991E-05 0.0468698
0.121703 0.138603 0.0212099 0.0180973 0.0629175 9.9991E-05 0.434977 0.202393
9.9982E-05 0.427216 0.0999936 0.0423104 0.154547 9.9982E-05 0.16173 0.114003
0.699878 0.091951 0.0854086 9.9964E-05 9.9964E-05 9.9964E-05 9.9964E-05 0.122362
9.9973E-05 0.26499 0.0167881 0.0958178 9.9973E-05 9.9973E-05 0.59414 0.0279639
0.104151 0.487517 0.00982683 9.99639E-05 0.398105 9.99639E-05 9.99639E-05 9.99639E-05
0.135314 9.9982E-05 0.0763127 0.19559 9.9982E-05 0.0536322 0.456749 0.0822019
0.244939 9.9982E-05 0.101775 0.40893 0.130153 9.9982E-05 0.0155298 0.0984738
0.105355 0.0445602 9.9991E-05 0.0697474 0.125245 0.112426 0.41113 0.131436
9.994E-05 9.994E-05 0.9993 9.994E-05 9.994E-05 9.994E-05 9.994E-05 9.994E-05
9.9982E-05 0.0182316 0.073612 9.9982E-05 0.47805 0.0246363 0.252016 0.153254
9.9973E-05 9.9973E-05 0.092684 9.9973E-05 0.170504 0.172441 0.234627 0.329444
0.152383 0.716086 0.0185538 0.0977262 0.0149513 9.9973E-05 9.9973E-05 9.9973E-05
9.9982E-05 0.213103 0.122961 9.9982E-05 0.0136799 0.145696 0.248298 0.256063
0.100208 0.376506 0.163817 0.0440394 0.113577 0.11986 0.0263374 0.0556562
0.180717 0.0903132 0.0284461 0.100042 9.9991E-05 0.158378 0.408649 0.0333552
0.317735 0.47562 0.000924516 0.0998477 0.0510897 0.054583 9.9982E-05 9.9982E-05
0.183846 9.9982E-05 0.0462529 0.206317 0.225783 0.198077 9.9982E-05 0.139525
0.0317237 0.199757 0.103629 9.9982E-05 0.320932 9.9982E-05 0.335758 0.00800068
0.029191 0.0876889 0.0229008 0.196497 0.247525 0.0434375 0.286344 0.0864152
9.9964E-05 9.9964E-05 9.9964E-05 0.110386 0.659933 0.171042 0.0582393 9.9964E-05
0.293356 0.00642169 0.0155129 0.109098 0.060817 0.0491834 0.344495 0.121115
0.176378 9.9973E-05 0.0846956 9.9973E-05 0.375321 9.9973E-05 0.25496 0.108345
9.994E-05 9.994E-05 0.9993 9.994E-05 9.994E-05 9.994E-05 9.994E-05 9.994E-05
0.363388 0.0847314 0.369509 9.99729E-05 9.99729E-05 9.99729E-05 0.168059 0.0140129
9.9973E-05 9.9973E-05 0.0300859 9.9973E-05 0.335093 0.305984 0.17586 0.152677
0.0103624 0.279175 0.114549 0.0456536 0.326233 0.132436 0.0273997 0.0641913
9.9955E-05 9.9955E-05 0.0799273 9.9955E-05 0.869219 9.9955E-05 9.9955E-05 0.0503536
0.161647 0.081304 0.0520961 9.9982E-05 0.248281 0.0566757 0.399796 9.9982E-05
0.375933 0.0857295 0.044434 9.9991E-05 0.0394869 0.0858638 0.217266 0.151187
9.994E-05 9.994E-05 9.994E-05 9.994E-05 9.994E-05 0.9993 9.994E-05 9.994E-05
0.399557 9.9982E-05 0.0294736 0.0732421 0.220747 0.0400374 0.236742 9.9982E-05
0.183584 0.24267 9.9973E-05 9.9973E-05 0.106931 0.111173 0.355343 9.9973E-05
0.190389 0.272138 0.047786 0.0943337 9.9982E-05 0.243974 9.9982E-05 0.151179
9.9982E-05 9.9982E-05 0.106856 0.208509 0.173 0.0226972 0.436819 0.0519188
0.102329 0.305536 0.0122949 9.9982E-05 0.101357 0.414283 9.9982E-05 0.0639992
0.219167 0.0727578 0.123373 9.9964E-05 9.9964E-05 9.9964E-05 0.584303 9.9964E-05
0.146974 0.259215 9.9973E-05 0.0193579 9.9973E-05 9.9973E-05 0.33424 0.239913
0.282467 0.21706 0.0756651 9.9982E-05 9.9982E-05 0.00332605 0.412045 0.00923611
0.016612 0.415786 0.0376102 9.9982E-05 9.9982E-05 0.226347 0.207206 0.0962391
9.99459E-05 9.99459E-05 9.99459E-05 0.0137527 9.99459E-05 9.99459E-05 9.99459E-05 0.985648
0.0593959 0.357323 9.9982E-05 0.153925 0.149157 0.0769613 9.9982E-05 0.203038
0.9993 9.994E-05 9.994E-05 9.994E-05 9.994E-05 9.994E-05 9.994E-05 9.994E-05
0.28253 0.0530603 0.0619843 0.0636494 0.420905 9.9991E-05 0.0996721 0.0180984
0.14908 0.186291 0.0121611 0.0137832 0.251065 0.307455 0.0488488 0.0313152
0.0260964 9.9973E-05 9.9973E-05 0.10317 0.272982 0.1358 0.461652 9.9973E-05
9.9982E-05 0.10946 0.0187383 0.00649929 0.251191 0.197662 0.41625 9.9982E-05
9.994E-05 9.994E-05 9.994E-05 9.994E-05 9.994E-05 9.994E-05 9.994E-05 0.9993
0.211493 0.196811 0.088488 9.9973E-05 0.0211031 9.9973E-05 0.481805 9.9973E-05
0.180807 0.00638527 0.118729 0.0839627 0.311548 0.098007 9.9991E-05 0.200461
0.0227047 0.0292282 0.0650694 0.0633196 0.0742244 0.0643169 0.681037 9.9991E-05
0.126514 0.397189 0.0140348 0.130257 0.153436 0.178369 9.9982E-05 9.9982E-05
