0.236507 0.0372608 0.141451 0.163238 0.421543
0.162201 0.292912 0.133625 9.9991E-05 0.411163
0.252699 9.9991E-05 0.276974 0.0485403 0.421687
0.327531 9.99821E-05 0.33636 9.99821E-05 0.335909
0.150053 0.262577 0.311874 9.9991E-05 0.275396
0.712055 9.99821E-05 0.164736 9.99821E-05 0.12301
0.474951 0.220863 9.99911E-05 0.0346139 0.269473
0.143147 0.218178 0.0304708 9.9991E-05 0.608104
0.12316 0.0629894 0.138494 0.441852 0.233505
0.403544 9.99731E-05 9.99731E-05 0.596156 9.99731E-05
0.0325095 9.9991E-05 0.27443 0.404966 0.287994
0.068029 0.554674 0.0149641 9.99911E-05 0.362233
9.99911E-05 0.159016 0.249818 0.0498864 0.541179
0.578348 0.270103 0.151349 9.99821E-05 9.99821E-05
0.307341 9.99821E-05 9.99821E-05 0.209293 0.483166
0.174854 0.101851 0.371303 9.99911E-05 0.351891
0.182414 0.0977949 0.166464 0.285153 0.268173
0.618501 0.208331 9.99821E-05 0.172968 9.99821E-05
9.99732E-05 9.99732E-05 9.99732E-05 0.231768 0.767933
0.0215539 0.158839 0.308113 0.0742416 0.437253
0.593786 9.99821E-05 0.0161203 0.389894 9.99821E-05
9.99821E-05 9.99821E-05 0.12856 0.315442 0.555798
0.539406 0.0728962 0.387498 9.99821E-05 9.99821E-05
0.00504069 0.10431 0.871855 9.9991E-05 0.0186948
0.035357 9.9991E-05 0.516027 0.195287 0.253229
0.117832 0.139043 0.377713 0.0908331 0.274579
0.0175977 0.259926 0.318539 0.204411 0.199525
0.0329481 9.99821E-05 9.99821E-05 0.359561 0.607291
9.99821E-05 0.0589561 9.99821E-05 0.179898 0.760946
9.99821E-05 9.99821E-05 0.636318 0.240447 0.123035
0.449509 0.205697 9.99911E-05 0.11346 0.231234
0.339731 0.204275 9.99821E-05 9.99821E-05 0.455794
0.253447 9.99911E-05 0.0429093 0.674094 0.0294494
0.2073 0.049331 0.105393 9.9991E-05 0.637876
0.368426 0.0582482 0.384025 9.9991E-05 0.189201
0.792966 0.101538 9.99821E-05 0.105296 9.99821E-05
9.99821E-05 0.18833 0.0577104 9.99821E-05 0.753759
9.99821E-05 9.99821E-05 0.313487 0.609078 0.077235
0.381856 0.131365 0.201429 0.0292094 0.256142
0.233432 9.99821E-05 0.224079 9.99821E-05 0.542289
9.9991E-05 0.185644 0.184579 0.53743 0.0922463
0.464286 0.128444 9.99821E-05 0.40707 9.99821E-05
0.42206 0.123729 9.9991E-05 0.315402 0.138709
0.0379714 0.0701191 0.288015 0.09912 0.504774
0.0225486 0.255073 0.148733 9.9991E-05 0.573546
0.374833 0.207889 0.13275 0.0270025 0.257526
0.754765 9.99731E-05 9.99731E-05 0.244935 9.99731E-05
0.435963 0.145333 9.9991E-05 0.19254 0.226064
0.0407661 9.99822E-05 0.100603 9.99822E-05 0.858431
0.666026 0.025827 0.0452626 9.9991E-05 0.262785
0.223669 9.9982E-05 0.312067 9.9982E-05 0.464064
0.44256 0.169898 0.0465468 0.340895 9.9991E-05
9.9991E-05 0.0389841 0.28213 0.32478 0.354006
0.130539 9.99821E-05 0.379591 9.99821E-05 0.48967
0.362177 0.480749 9.99821E-05 9.99821E-05 0.156874
0.166887 0.179285 9.99911E-05 0.207825 0.445903
0.254185 0.123691 0.405956 9.9991E-05 0.216068
0.40335 0.302366 9.99911E-05 0.103719 0.190465
0.259576 0.388416 0.0683713 0.128286 0.155351
0.57863 9.9991E-05 0.164878 0.130421 0.125971
9.99731E-05 9.99731E-05 0.236131 9.99731E-05 0.763569
0.382813 0.345237 0.13088 0.14097 9.9991E-05
9.9982E-05 0.108628 9.9982E-05 0.257483 0.63369
9.99821E-05 0.00535874 0.801281 9.99821E-05 0.19316
0.485575 9.99821E-05 0.0892564 9.99821E-05 0.424968
9.9991E-05 0.129427 0.161817 0.277215 0.43144
0.649595 9.9973E-05 0.350105 9.9973E-05 9.9973E-05
0.17452 0.230149 0.0816482 0.0867758 0.426907
0.17714 0.044097 9.9991E-05 0.0883944 0.690269
0.0523701 9.9991E-05 0.193396 0.293916 0.460218
0.563601 0.161132 9.9991E-05 0.15286 0.122307
9.9991E-05 0.473616 0.106701 0.373541 0.0460423
0.0230987 0.751739 9.99821E-05 9.99821E-05 0.224963
9.99911E-05 0.297925 0.0908742 0.0137846 0.597316
0.487356 0.000293422 0.0857286 9.99911E-05 0.426522
0.180177 0.419499 9.99821E-05 9.99821E-05 0.400124
9.99911E-05 0.130066 0.182081 0.30955 0.378203
9.9991E-05 0.179135 0.120723 0.494977 0.205065
9.99821E-05 9.99821E-05 0.147001 0.0803709 0.772428
9.99731E-05 0.23964 9.99731E-05 9.99731E-05 0.76006
0.20916 0.405157 9.99821E-05 9.99821E-05 0.385483
0.387429 9.99911E-05 0.106474 0.12383 0.382167
0.818635 9.99732E-05 9.99732E-05 0.181065 9.99732E-05
9.99821E-05 9.99821E-05 0.220012 0.225445 0.554344
0.534629 0.075472 0.173526 0.216273 9.9991E-05
0.326388 0.112545 0.0698873 0.164173 0.327007
0.379279 0.267247 9.9991E-05 0.329504 0.02387
9.99731E-05 0.0625287 0.937171 9.99731E-05 9.99731E-05
0.191329 9.99911E-05 0.133764 0.444306 0.230501
9.99731E-05 9.99731E-05 9.99731E-05 0.565952 0.433748
9.99732E-05 9.99732E-05 0.749458 9.99732E-05 0.250242
0.573821 0.0857767 0.340202 9.99822E-05 9.99822E-05
0.273618 0.305684 0.149821 0.270778 9.99911E-05
0.289405 0.0220701 0.231544 0.222743 0.234238
0.0987294 0.350132 9.9991E-05 0.487733 0.0633062
0.42421 0.195766 0.045283 0.0816082 0.253132
0.560539 9.9982E-05 0.0929328 0.346328 9.9982E-05
0.599744 9.99821E-05 9.99821E-05 0.31975 0.0803059
0.352002 9.99821E-05 0.616605 9.99821E-05 0.0311925
0.0706861 0.192932 0.475094 0.261188 9.9991E-05
0.404995 0.113965 0.163962 0.316978 9.99911E-05
9.99732E-05 9.99732E-05 0.91229 0.0874105 9.99732E-05
9.99731E-05 9.99731E-05 0.0296988 0.970001 9.99731E-05
0.132726 9.9991E-05 0.140518 0.684211 0.0424454
0.492735 9.99731E-05 9.99731E-05 9.99731E-05 0.506966
0.255307 0.0100798 0.130498 0.194815 0.409301
0.614777 0.0867248 9.99821E-05 9.99821E-05 0.298298
0.139411 9.99821E-05 9.99821E-05 0.129616 0.730773
0.150539 9.99911E-05 0.166215 0.00312183 0.680024
0.246661 9.99911E-05 0.174374 0.281014 0.297851
0.36494 0.166378 0.311819 0.156763 9.99911E-05
0.448219 9.99821E-05 0.171549 9.99821E-05 0.380032
0.236639 9.99821E-05 0.629396 9.99821E-05 0.133765
0.141278 0.192187 0.048909 9.9991E-05 0.617526
9.99731E-05 9.99731E-05 0.947103 0.0525973 9.99731E-05
0.128276 0.114946 0.129285 0.3715 0.255992
0.143769 0.0450378 0.0987778 0.0656569 0.646758
0.0778905 0.141173 9.9991E-05 0.135979 0.644858
9.9991E-05 0.155837 0.107464 0.244798 0.491801
0.33028 0.0945496 0.185069 9.9991E-05 0.390001
0.116418 0.113528 0.55029 0.0759859 0.143778
0.641755 0.098626 0.245882 9.9991E-05 0.0136374
0.752913 9.99731E-05 9.99731E-05 9.99731E-05 0.246787
0.9996 9.997E-05 9.997E-05 9.997E-05 9.997E-05
0.223533 9.99911E-05 0.113812 0.318592 0.343963
0.374583 9.9991E-05 0.0348935 0.338951 0.251472
0.151512 0.381448 9.99911E-05 0.379845 0.0870949
0.171341 0.244332 0.00301639 0.0178223 0.563489
0.0960365 9.99911E-05 0.337613 0.341971 0.224279
0.653721 9.99821E-05 0.0891454 0.256934 9.99821E-05
0.401992 0.0844249 9.99821E-05 0.513383 9.99821E-05
0.664604 0.0056239 0.17658 9.9991E-05 0.153092
0.327521 0.0973889 9.9991E-05 0.247349 0.32764
0.0671747 0.111491 9.9991E-05 0.442824 0.37841
0.263138 0.13067 9.9991E-05 0.499985 0.106107
0.822965 9.99732E-05 9.99732E-05 9.99732E-05 0.176735
0.205151 9.99821E-05 9.99821E-05 0.00680289 0.787846
0.434265 9.99911E-05 0.128875 0.00325437 0.433506
0.291408 0.103352 9.99911E-05 0.246612 0.358528
0.359493 9.99731E-05 9.99731E-05 9.99731E-05 0.640207
0.249366 0.00135399 0.243817 0.0521218 0.453341
0.347319 0.0980945 0.242591 0.311896 9.99911E-05
0.412423 9.99821E-05 9.99821E-05 0.441122 0.146254
9.9991E-05 0.0850955 0.0170089 0.865559 0.0322369
9.9991E-05 0.0662855 0.605 0.287698 0.0409162
0.188117 0.0154134 0.119547 9.9991E-05 0.676823
9.997E-05 0.9996 9.997E-05 9.997E-05 9.997E-05
0.649517 9.99911E-05 0.0250119 0.250424 0.0749478
0.616499 0.0550134 0.278783 9.99911E-05 0.0496045
0.16158 0.327735 9.99911E-05 0.258936 0.251649
0.0664664 0.244287 0.156095 0.143437 0.389715
9.99821E-05 0.346901 9.99821E-05 0.186827 0.466072
0.431266 9.99731E-05 9.99731E-05 9.99731E-05 0.568434
0.251223 0.18461 0.077677 0.0781212 0.408369
0.409129 0.223259 0.367411 9.99821E-05 9.99821E-05
0.532618 0.0516083 9.99911E-05 0.156411 0.259263
0.392426 9.99911E-05 0.185198 0.122112 0.300164
0.261953 0.114966 9.99911E-05 0.408744 0.214237
0.158902 9.99821E-05 0.113554 9.99821E-05 0.727344
9.9991E-05 0.0152008 0.291274 0.25557 0.437856
9.997E-05 0.9996 9.997E-05 9.997E-05 9.997E-05
0.283628 0.317126 9.9991E-05 0.0467745 0.352372
0.261606 0.161553 0.114118 9.9991E-05 0.462623
0.00479436 0.272747 0.00136843 0.352339 0.368751
9.99821E-05 0.467123 9.99821E-05 0.246385 0.286293
0.581161 9.99821E-05 0.172711 9.99821E-05 0.245928
0.443085 9.99731E-05 9.99731E-05 9.99731E-05 0.556615
9.997E-05 9.997E-05 9.997E-05 9.997E-05 0.9996
0.589788 0.409912 9.99732E-05 9.99732E-05 9.99732E-05
0.455925 0.151145 0.118825 0.207794 0.0663123
0.000248905 9.99821E-05 0.160076 9.99821E-05 0.839475
0.0327867 0.342819 9.99821E-05 9.99821E-05 0.624194
0.442077 9.99821E-05 9.99821E-05 0.00224551 0.555478
0.473032 9.99821E-05 0.355391 0.171378 9.99821E-05
0.0885116 9.99821E-05 0.283065 9.99821E-05 0.628224
0.221922 0.167578 9.99821E-05 9.99821E-05 0.6103
9.99911E-05 0.179704 0.451607 0.203895 0.164694
0.62563 9.99732E-05 9.99732E-05 0.37407 9.99732E-05
0.51378 9.99821E-05 0.0579485 0.428071 9.99821E-05
0.1508 0.143548 9.9991E-05 0.635511 0.0700413
0.32461 0.348274 9.99821E-05 0.326916 9.99821E-05
0.384511 0.21063 0.0130379 0.391721 9.9991E-05
0.48948 0.0863939 0.195398 9.9991E-05 0.228628
0.14122 0.14553 0.128865 9.99911E-05 0.584285
0.17972 9.9991E-05 0.058029 0.452369 0.309781
9.99821E-05 0.380301 9.99821E-05 0.0147874 0.604712
0.436262 0.0767087 9.99821E-05 9.99821E-05 0.48683
9.99911E-05 0.0269669 0.448904 0.0673702 0.456659
0.749108 0.0591472 0.175051 0.0165944 9.9991E-05
