0.113131 0.236146 0.650623 9.9991E-05
0.295305 0.331842 0.19639 0.176463
0.223552 0.0784073 0.141992 0.556049
0.133101 0.0905509 0.776248 9.9991E-05
0.204591 0.371986 0.423323 9.9991E-05
0.119786 0.0853632 0.518492 0.276359
0.154969 0.476444 0.368487 9.99911E-05
0.716577 0.0449733 0.23835 9.9991E-05
9.999E-05 0.499962 0.0897157 0.410222
9.999E-05 0.380947 0.109955 0.508999
0.0928369 0.342298 0.241845 0.32302
0.109763 0.890037 9.99822E-05 9.99822E-05
0.448088 0.0501358 0.501676 9.99911E-05
0.251282 0.313428 0.43519 9.9991E-05
0.0707586 0.702214 9.99911E-05 0.226928
0.319681 9.99821E-05 0.680119 9.99821E-05
0.157391 0.451772 0.342598 0.0482389
9.9991E-05 0.318026 0.218672 0.463202
0.375477 0.312249 0.0781693 0.234105
0.704737 9.99821E-05 0.295063 9.99821E-05
9.99821E-05 9.99821E-05 0.502189 0.497611
0.371047 0.3038 0.240007 0.085147
9.9991E-05 0.116906 0.613005 0.269989
9.9991E-05 0.062239 0.818519 0.119142
9.99821E-05 9.99821E-05 0.595676 0.404124
0.0624195 0.248071 0.68941 9.9991E-05
9.9991E-05 0.692937 0.12049 0.186473
0.291828 0.282148 0.197964 0.228061
0.710839 9.9982E-05 9.9982E-05 0.288961
9.998E-05 9.998E-05 0.9997 9.998E-05
0.26122 0.433412 9.99911E-05 0.305267
0.785237 0.206034 0.00862902 9.99911E-05
0.225589 9.99821E-05 9.99821E-05 0.774211
0.620066 0.139793 0.240041 9.9991E-05
0.148806 0.0605072 0.790587 9.9991E-05
0.0121675 0.594426 0.393307 9.99911E-05
0.563402 0.163317 0.137239 0.136042
0.160834 9.99911E-05 0.0943179 0.744748
0.409383 0.325272 0.225191 0.040155
0.486547 0.00993035 0.0853352 0.418187
9.99911E-05 0.547665 0.27201 0.180225
9.99911E-05 0.54944 0.121661 0.328799
0.316898 0.214954 0.301657 0.166491
9.99911E-05 0.45087 0.389508 0.159522
0.713555 0.19802 0.0883248 9.99911E-05
0.159719 0.339366 0.269586 0.231329
0.0414366 0.310826 0.502358 0.14538
0.173619 0.486466 0.0531332 0.286783
0.625009 0.374791 9.99822E-05 9.99822E-05
0.37813 0.0303258 0.528818 0.0627256
0.204262 9.9991E-05 0.657257 0.138381
0.0469237 0.255537 9.99911E-05 0.697439
9.9991E-05 0.324602 0.629148 0.04615
0.39273 9.99911E-05 0.461611 0.145558
0.435868 0.563932 9.99821E-05 9.99821E-05
0.196647 0.803153 9.99821E-05 9.99821E-05
0.040664 0.279096 0.680141 9.9991E-05
0.279322 0.720478 9.99822E-05 9.99822E-05
0.514192 0.397721 0.00827885 0.0798082
0.104923 0.447315 0.241325 0.206436
0.406893 0.237452 0.189718 0.165937
9.9991E-05 0.696575 0.237796 0.0655292
0.096087 0.683673 0.10503 0.11521
9.998E-05 9.998E-05 0.9997 9.998E-05
0.681415 0.104208 0.214277 9.99911E-05
0.0568219 0.581167 0.221304 0.140708
0.255836 0.044041 0.646049 0.0540737
0.195773 0.597797 0.20633 9.9991E-05
0.597284 0.402516 9.99821E-05 9.99821E-05
0.344681 0.0900225 0.296433 0.268863
0.0567414 0.474891 0.0892305 0.379137
9.99821E-05 0.828567 0.171233 9.99821E-05
0.841742 0.124851 0.0333064 9.99911E-05
0.40396 0.53114 0.0648004 9.99911E-05
0.572108 9.99822E-05 0.427692 9.99822E-05
0.370792 0.588792 0.0403154 9.99911E-05
9.99822E-05 0.35912 0.64068 9.99822E-05
9.9991E-05 0.56297 0.128535 0.308395
0.357191 0.241452 0.190052 0.211305
0.477694 0.402641 0.0878291 0.0318359
0.629482 0.316019 0.0543993 9.99911E-05
0.316984 0.176786 0.358484 0.147747
0.370035 9.99911E-05 0.211364 0.418501
0.456587 9.99911E-05 0.203263 0.34005
9.99821E-05 0.428393 0.571407 9.99821E-05
0.126006 0.486134 0.305041 0.0828194
0.226493 0.437694 9.99911E-05 0.335714
9.9991E-05 0.137864 0.856725 0.00531009
0.148946 9.99911E-05 0.388773 0.46218
0.463321 0.182114 0.0554234 0.299141
9.998E-05 9.998E-05 0.9997 9.998E-05
0.122286 0.248593 0.629022 9.99911E-05
0.101286 0.461245 0.290591 0.146879
9.9991E-05 0.265854 0.179069 0.554977
9.9991E-05 0.904845 0.0543562 0.0406992
0.304204 0.395912 0.184595 0.115288
0.0750936 0.0932968 0.542064 0.289546
0.00167469 0.672712 9.9991E-05 0.325513
0.223686 9.99821E-05 0.776114 9.99821E-05
9.9991E-05 0.100187 0.740108 0.159605
9.99911E-05 0.383533 0.395375 0.220992
9.99822E-05 9.99822E-05 0.795855 0.203945
9.99911E-05 0.0673231 0.0651764 0.8674
9.99821E-05 9.99821E-05 0.0482957 0.951504
0.514729 0.108303 0.3103 0.0666675
0.159088 0.594562 0.24625 9.9991E-05
0.452478 0.317776 0.0678293 0.161916
0.489419 9.9991E-05 0.139403 0.371078
0.657124 0.208198 9.99911E-05 0.134578
0.235849 9.99911E-05 0.171634 0.592417
0.373912 0.0158695 0.610119 9.99911E-05
0.198595 0.112261 0.689044 9.99911E-05
0.105684 9.99822E-05 0.894116 9.99822E-05
0.925813 9.99911E-05 0.0457958 0.0282914
9.998E-05 9.998E-05 0.9997 9.998E-05
0.146065 0.524286 0.0569789 0.27267
0.097612 0.466102 0.332251 0.104035
0.549516 0.359856 0.0905274 9.9991E-05
0.507454 0.0345958 0.219479 0.238471
0.505101 9.9991E-05 0.14311 0.351689
9.9991E-05 0.0345401 0.831553 0.133807
0.241637 9.99911E-05 0.675955 0.0823082
0.756818 9.9991E-05 0.215574 0.0275086
0.760297 9.99911E-05 0.110935 0.128668
0.18426 0.217944 0.352535 0.245261
0.000675694 0.452166 0.328626 0.218532
0.0155326 0.587134 0.233317 0.164017
0.492062 0.203586 0.212404 0.0919479
0.277344 9.99911E-05 0.303544 0.419012
0.299307 0.292843 0.170135 0.237716
9.99822E-05 0.63026 9.99822E-05 0.36954
0.265196 0.203366 0.432583 0.098855
0.354996 0.324951 9.9991E-05 0.319953
0.195464 0.254514 9.9991E-05 0.549922
9.9991E-05 0.475703 0.0312382 0.492959
0.5746 9.99911E-05 0.029213 0.396087
0.771301 0.00328177 9.9991E-05 0.225317
0.69882 9.99821E-05 9.99821E-05 0.30098
0.236697 0.37267 9.99911E-05 0.390533
0.421034 9.99821E-05 0.578766 9.99821E-05
0.501063 9.99911E-05 0.309678 0.189159
0.121359 0.0235544 0.289061 0.566026
0.0672236 0.463998 0.073158 0.39562
9.99822E-05 0.367489 9.99822E-05 0.632311
9.99821E-05 0.0510389 0.948761 9.99821E-05
0.585253 9.9982E-05 0.414547 9.9982E-05
9.998E-05 0.9997 9.998E-05 9.998E-05
0.200774 0.0481752 0.436091 0.31496
0.289071 0.0268509 0.683978 9.99911E-05
0.0112192 0.807257 0.0625891 0.118935
0.421986 0.243246 0.255776 0.078992
0.365706 0.617685 0.0165087 9.99911E-05
0.696407 0.051143 0.25235 9.9991E-05
0.45141 0.410047 0.0327355 0.105808
0.14576 9.99822E-05 0.85404 9.99822E-05
0.0838136 0.452338 0.0284183 0.43543
0.427167 9.9991E-05 0.179138 0.393595
0.17508 0.401664 0.254961 0.168295
0.481914 0.270178 0.247808 9.99911E-05
0.264468 9.99911E-05 0.46862 0.266812
9.998E-05 0.9997 9.998E-05 9.998E-05
0.287303 0.545584 0.167012 9.9991E-05
0.524575 9.9991E-05 0.298496 0.17683
0.0673008 0.814076 0.071455 0.0471686
0.203996 0.79421 9.99911E-05 0.00169465
0.0742655 0.259308 0.634623 0.0318038
0.591284 0.206151 0.16002 0.0425459
0.953581 9.99822E-05 9.99822E-05 0.0462187
0.548705 0.283671 0.167524 9.99911E-05
9.9991E-05 0.316698 0.361425 0.321777
0.399616 0.117331 0.422823 0.0602288
0.87053 0.0211833 0.108186 9.9991E-05
0.266109 0.411366 9.9991E-05 0.322425
0.0195478 0.293434 0.642628 0.0443904
0.276504 0.246391 0.404918 0.0721866
0.829934 0.169866 9.99822E-05 9.99822E-05
0.285076 0.181657 0.533168 9.99911E-05
9.99821E-05 0.0763918 9.99821E-05 0.923408
9.9991E-05 0.259163 0.345366 0.395371
9.99821E-05 0.619763 9.99821E-05 0.380037
9.99911E-05 0.656122 0.161907 0.181871
0.120412 0.328045 0.1963 0.355244
0.0607774 0.420558 0.460074 0.0585909
0.520048 0.128071 0.351781 9.99911E-05
9.998E-05 9.998E-05 9.998E-05 0.9997
0.436712 0.561546 9.99911E-05 0.00164202
0.511312 0.208992 0.0981486 0.181547
0.221185 0.0560992 0.419685 0.303031
0.180711 0.00341162 0.568144 0.247734
