0.022397 9.9955E-05 0.0555946 9.9955E-05 0.00980411 9.9955E-05 9.9955E-05 0.911704 9.9955E-05
0.151487 0.195415 0.170144 0.146001 0.0326273 9.9991E-05 0.037654 0.188389 0.0781816
0.115853 0.160758 0.161266 0.0945579 0.158956 0.0441294 0.0559613 0.161021 0.0474976
9.9982E-05 0.291889 9.9982E-05 0.0711307 0.0919527 0.05838 0.088852 0.285703 0.111893
0.0166117 0.4976 0.0668229 0.165465 9.9991E-05 0.0918542 0.0976535 0.0508295 0.0130637
9.9964E-05 0.719919 0.104612 0.049394 9.9964E-05 0.0258822 0.0997931 9.9964E-05 9.9964E-05
0.0260828 0.475193 0.0102985 0.0165118 9.9991E-05 0.0661462 0.0477368 0.323721 0.0342097
9.9982E-05 0.0359806 0.0974451 0.273827 0.336299 0.00721536 9.9982E-05 0.223389 0.0256444
0.359932 9.9973E-05 0.187774 0.32124 9.9973E-05 9.9973E-05 0.0203113 0.0903095 0.020133
0.171628 0.00572655 0.254471 9.9982E-05 9.9982E-05 0.0560012 0.166765 0.170159 0.175049
0.0241442 9.9964E-05 0.684703 0.101648 9.9964E-05 9.9964E-05 0.0863667 0.102738 9.9964E-05
0.5064 0.0798165 0.0432019 0.251795 9.9973E-05 0.0345047 9.9973E-05 9.9973E-05 0.0839821
9.9964E-05 0.0723077 0.445662 0.393167 9.9964E-05 0.00881475 9.9964E-05 9.9964E-05 0.079649
0.225393 9.9991E-05 0.260833 0.0754098 0.0793793 0.0824487 0.0154225 0.172097 0.0889157
9.99459E-05 9.99459E-05 0.913913 9.99459E-05 0.0798079 0.00567897 9.99459E-05 9.99459E-05 9.99459E-05
0.0738247 0.054723 0.0385884 9.9982E-05 0.465695 0.0807865 9.9982E-05 0.173776 0.112407
9.9946E-05 9.9946E-05 0.812914 9.9946E-05 0.0883121 9.9946E-05 0.0981744 9.9946E-05 9.9946E-05
0.114568 0.0823196 0.162602 0.0179408 0.111353 0.143959 0.0557564 0.177045 0.134456
0.191567 0.516882 0.0374207 9.9973E-05 0.0836466 0.064674 9.9973E-05 0.10551 9.9973E-05
9.9982E-05 0.23942 0.125627 0.183454 0.0992854 9.9982E-05 0.0208702 0.292812 0.0383313
0.164187 0.13166 0.110298 0.103982 0.0254926 0.0129955 0.0952619 0.356022 9.9991E-05
0.0946038 0.065588 0.457655 0.137448 0.072002 0.0390557 0.0420636 0.0914847 9.9991E-05
0.214731 0.420885 9.9973E-05 9.9973E-05 0.0967801 0.184724 0.00869864 0.0738813 9.9973E-05
9.9982E-05 0.360153 0.0164655 0.217596 0.0316653 0.0247138 9.9982E-05 0.148094 0.201112
0.101627 9.9946E-05 0.748935 9.9946E-05 9.9946E-05 9.9946E-05 0.148839 9.9946E-05 9.9946E-05
0.0127112 9.9964E-05 0.394336 0.139185 9.9964E-05 9.9964E-05 9.9964E-05 0.449557 0.00381145
0.233841 0.0127494 0.0905936 0.134297 0.19009 0.0816041 0.108026 0.00850826 0.140291
0.0172925 0.133009 0.283804 0.0108932 0.00336326 0.0407907 0.0961342 0.295011 0.119702
9.9982E-05 0.278123 0.424433 9.9982E-05 0.0654026 0.00325479 0.0668823 0.113343 0.0483614
9.99729E-05 0.157531 9.99729E-05 0.023362 0.171545 0.0149865 9.99729E-05 0.137511 0.494764
0.172451 0.0779036 0.470278 0.147591 0.0552035 0.00525952 0.0711124 9.9982E-05 9.9982E-05
0.644297 0.0426876 0.0388767 9.9982E-05 9.9982E-05 0.0522715 0.0643569 0.130825 0.0264853
9.999E-05 0.293337 0.280727 0.139181 0.0359379 0.0206671 0.0338626 0.14508 0.0511067
0.0246618 0.106605 0.211882 0.283202 0.172022 0.0723875 0.0906638 0.0384751 9.9991E-05
0.167188 9.9973E-05 0.351975 0.194071 9.9973E-05 0.0846641 0.0519658 0.149836 9.9973E-05
9.9937E-05 9.9937E-05 9.9937E-05 9.9937E-05 9.9937E-05 0.103983 9.9937E-05 0.895317 9.9937E-05
9.9982E-05 0.21356 0.0876965 0.368592 9.9982E-05 0.00241399 0.143118 0.164718 0.0197008
0.318465 9.9955E-05 0.325187 9.9955E-05 9.9955E-05 9.9955E-05 0.100125 0.255723 9.9955E-05
9.9982E-05 0.463163 0.324044 0.0145194 0.0712424 0.0266832 0.0559854 9.9982E-05 0.0441626
0.282694 0.0164307 0.0223476 0.260367 0.278974 0.0988121 0.0194007 0.0208735 9.9991E-05
9.9982E-05 0.328441 0.127994 0.388567 0.107189 0.0235149 0.00286882 9.9982E-05 0.021226
9.9982E-05 0.294968 9.9982E-05 0.00322264 0.238294 0.0781459 0.118923 0.232707 0.0335392
0.0617719 0.219725 9.9982E-05 9.9982E-05 0.174477 0.0519676 0.096858 0.333159 0.0618413
0.461553 9.9955E-05 9.9955E-05 0.286587 9.9955E-05 9.9955E-05 9.9955E-05 0.177267 0.0740932
0.758321 9.9973E-05 0.106642 9.9973E-05 0.00292022 0.055769 9.9973E-05 0.0648646 0.0111832
0.239457 0.240607 0.210341 0.0431476 9.9991E-05 0.0247916 0.153322 0.0676201 0.0206136
9.9973E-05 0.250215 0.149135 0.46213 0.0518029 0.0196186 9.9973E-05 9.9973E-05 0.0667975
0.0736543 0.563293 9.9982E-05 9.9982E-05 0.266644 0.00632861 0.0148517 0.0186862 0.0563424
0.335678 9.9973E-05 0.150083 0.325495 0.0681182 0.0500328 9.9973E-05 9.9973E-05 0.0702927
0.064366 0.0938172 0.35851 9.9973E-05 0.365434 9.9973E-05 9.9973E-05 0.0915246 0.0260489
0.211626 9.9973E-05 0.502088 9.9973E-05 9.9973E-05 0.0933459 0.113057 0.0518349 0.0277489
0.201519 0.172403 9.9991E-05 0.0678075 0.247614 0.0691273 0.0180197 0.145246 0.0781631
0.130948 0.00787868 9.9964E-05 9.9964E-05 0.698681 9.9964E-05 9.9964E-05 0.0639839 0.0981094
0.0711593 0.226565 0.104175 9.9991E-05 0.282861 0.0128303 0.174056 0.0336897 0.0945635
0.602781 0.121777 9.9964E-05 9.9964E-05 0.121587 9.9964E-05 0.0253018 9.9964E-05 0.128153
9.9982E-05 0.46346 0.158471 0.00721378 9.9982E-05 0.0693091 0.0221348 0.201379 0.0778324
0.808074 0.0177863 9.9955E-05 9.9955E-05 0.136602 0.0370382 9.9955E-05 9.9955E-05 9.9955E-05
0.3179 0.362508 9.9982E-05 0.133451 9.9982E-05 0.0340954 0.0356277 0.0759399 0.0402778
0.182904 0.411562 0.128877 9.9991E-05 0.18048 0.0428434 0.0277238 0.0149807 0.0105291
0.449251 0.211385 0.102976 9.9973E-05 9.9973E-05 0.0834351 0.0585518 0.094101 9.9973E-05
9.993E-05 9.993E-05 9.993E-05 0.999201 9.993E-05 9.993E-05 9.993E-05 9.993E-05 9.993E-05
0.0446627 0.248212 0.295107 0.200944 0.000853097 0.130367 0.0796538 9.99855E-05 9.99855E-05
9.9964E-05 0.399074 0.442653 0.00925613 0.014019 9.9964E-05 9.9964E-05 0.134598 9.9964E-05
9.9946E-05 9.9946E-05 9.9946E-05 0.0542 9.9946E-05 0.0516532 9.9946E-05 9.9946E-05 0.893547
0.00950961 0.30234 0.0655593 0.0599263 0.0733461 9.9982E-05 0.121677 0.367442 9.9982E-05
9.9955E-05 9.9955E-05 9.9955E-05 0.0270899 0.0792228 0.031231 9.9955E-05 0.861957 9.9955E-05
0.178282 0.157081 0.151086 0.143122 9.9982E-05 0.0461604 0.0665186 0.25755 9.9982E-05
9.9946E-05 0.507113 0.392061 9.9946E-05 9.9946E-05 9.9946E-05 9.9946E-05 9.9946E-05 0.100225
9.99551E-05 0.0186978 0.305092 0.285177 9.99551E-05 9.99551E-05 9.99551E-05 0.390533 9.99551E-05
9.9982E-05 9.9982E-05 0.0591913 0.215788 0.345874 0.0427935 0.0722361 0.139071 0.124846
0.584532 0.0756082 0.173775 0.0014559 9.9982E-05 0.00333292 0.0834262 9.9982E-05 0.0776693
0.0895253 0.000635806 0.491154 9.9991E-05 0.132411 0.0666891 0.0161015 0.193549 0.0098341
0.0258871 0.156623 0.432458 0.164152 0.024802 0.0878434 0.000818668 0.0783929 0.0290231
0.0805677 0.273679 0.266699 0.00323733 0.30965 9.9973E-05 0.0658666 9.9973E-05 9.9973E-05
0.162065 0.00189603 0.18886 0.263248 0.0567548 9.9991E-05 0.210613 0.0331987 0.0832642
0.397759 0.00542097 9.9964E-05 9.9964E-05 0.446053 0.0770679 0.0732989 9.9964E-05 9.9964E-05
0.113461 0.545007 9.9982E-05 0.155901 0.00532934 0.106766 0.035787 9.9982E-05 0.0375479
9.99549E-05 9.99549E-05 9.99549E-05 0.96482 0.00255412 0.0176129 0.0145132 9.99549E-05 9.99549E-05
9.99459E-05 0.0544618 0.0523921 0.892546 9.99459E-05 9.99459E-05 9.99459E-05 9.99459E-05 9.99459E-05
9.9955E-05 9.9955E-05 0.11438 0.816855 9.9955E-05 0.0420885 9.9955E-05 9.9955E-05 0.026176
0.134778 9.9991E-05 0.038005 0.40863 0.186986 0.068401 0.032101 0.107646 0.023353
0.0817506 0.361114 0.044299 0.237026 9.9982E-05 0.0408789 0.00445095 0.230281 9.9982E-05
0.477367 0.0504833 0.0761983 0.135366 0.0701464 0.0130879 0.0493499 9.9991E-05 0.127901
9.9964E-05 9.9964E-05 0.124572 0.304167 0.473215 9.9964E-05 0.0443937 9.9964E-05 0.0532523
0.0501849 0.361348 0.171254 0.106746 9.9982E-05 0.0653627 0.035082 0.209822 9.9982E-05
0.25025 9.9964E-05 9.9964E-05 0.415974 0.159589 9.9964E-05 0.0514953 0.122293 9.9964E-05
9.9973E-05 0.139859 0.0668828 9.9973E-05 0.0209396 0.0689138 9.9973E-05 0.692806 0.010299
0.465589 0.250966 0.013469 0.0867509 0.0116757 0.11698 0.0543689 9.9982E-05 9.9982E-05
9.9973E-05 9.9973E-05 0.400963 9.9973E-05 0.126237 0.0210272 0.0856247 0.264662 0.101187
0.437365 0.0579557 0.0546527 0.0178158 0.0684351 0.0405668 9.9982E-05 0.323009 9.9982E-05
9.99369E-05 9.99369E-05 9.99369E-05 9.99369E-05 9.99369E-05 9.99369E-05 0.00776524 9.99369E-05 0.991535
0.33168 9.9964E-05 0.48711 0.0196237 9.9964E-05 0.0532659 0.107921 9.9964E-05 9.9964E-05
9.9955E-05 0.53484 9.9955E-05 0.0346671 9.9955E-05 0.119535 9.9955E-05 0.310458 9.9955E-05
0.178112 9.9982E-05 0.412258 0.0493776 0.183924 0.089904 9.9982E-05 0.00801806 0.0782063
9.9973E-05 0.284817 9.9973E-05 0.325787 0.0574066 0.0196431 0.126053 0.185994 9.9973E-05
9.9982E-05 0.381539 0.18462 0.101682 0.0407315 9.9982E-05 0.0443425 0.178228 0.0686555
0.538923 9.9973E-05 0.0770983 9.9973E-05 0.104269 9.9973E-05 0.0397342 0.201845 0.0378309
0.0186904 0.807905 9.99641E-05 9.99641E-05 9.99641E-05 0.0346826 0.107431 9.99641E-05 0.0308907
9.9973E-05 0.185291 0.233305 0.0377046 9.9973E-05 0.0939656 9.9973E-05 0.055355 0.394079
9.9964E-05 0.256728 0.275076 0.180319 9.9964E-05 9.9964E-05 9.9964E-05 0.00369445 0.283782
0.157551 0.13824 0.34325 9.99729E-05 9.99729E-05 0.0140296 9.99729E-05 0.287299 0.0593298
9.993E-05 9.993E-05 9.993E-05 9.993E-05 9.993E-05 9.993E-05 9.993E-05 9.993E-05 0.999201
9.9982E-05 0.11376 0.652522 0.0035742 0.0296182 0.0170105 0.126935 9.9982E-05 0.0563796
9.99459E-05 9.99459E-05 9.99459E-05 9.99459E-05 9.99459E-05 0.00393322 0.991211 0.00425591 9.99459E-05
0.25231 9.9991E-05 0.107214 0.185075 0.185248 0.0143008 0.0266974 0.140521 0.0885338
0.0782377 0.356117 0.14732 9.9973E-05 0.326238 9.9973E-05 9.9973E-05 0.063786 0.0280021
0.104453 0.0536138 0.404477 9.9964E-05 0.129087 9.9964E-05 9.9964E-05 0.307969 9.9964E-05
0.0407413 0.464638 0.0529935 0.0290907 0.114121 0.0109057 0.0483159 0.0781272 0.161067
0.106312 9.9991E-05 0.4462 0.10692 0.149652 0.0334318 0.0281999 0.0293049 0.0998796
0.162624 0.0792272 0.150373 0.307235 9.9973E-05 0.0589161 9.9973E-05 0.241324 9.9973E-05
9.9973E-05 0.645091 0.113249 9.9973E-05 0.0452717 0.00719626 0.141159 0.0477327 9.9973E-05
0.399951 0.102301 0.0362726 0.282383 0.0113886 0.10198 9.9982E-05 9.9982E-05 0.065524
0.105897 0.35079 9.9982E-05 0.0861896 0.291918 9.9982E-05 0.0891841 0.0642198 0.011602
9.9964E-05 0.2154 0.342579 9.9964E-05 9.9964E-05 0.0082221 0.0610647 9.9964E-05 0.372335
9.9973E-05 0.629648 9.9973E-05 0.0808704 0.045388 0.000315109 0.0307031 0.212775 9.9973E-05
9.993E-05 9.993E-05 9.993E-05 9.993E-05 9.993E-05 9.993E-05 9.993E-05 9.993E-05 0.999201
0.0890813 0.328622 0.386081 9.9964E-05 9.9964E-05 9.9964E-05 0.142985 0.0528306 9.9964E-05
0.177406 9.9982E-05 0.0108793 0.045628 0.130769 0.0985232 0.0034083 0.533186 9.9982E-05
0.117002 0.641727 9.9955E-05 0.171112 9.9955E-05 9.9955E-05 9.9955E-05 9.9955E-05 0.0696585
0.411531 9.9964E-05 0.23037 9.9964E-05 9.9964E-05 0.0757992 0.0172878 0.264612 9.9964E-05
0.000148341 0.0986206 0.208822 0.11307 0.177838 0.0284396 0.0798629 0.293099 9.9991E-05
9.9964E-05 0.12244 0.294124 9.9964E-05 9.9964E-05 0.0955772 9.9964E-05 0.178266 0.309193
0.01901 0.118873 0.3147 0.102788 9.99923E-05 0.0774106 0.0706573 0.0711802 0.225281
0.141495 0.447153 0.0428819 0.107004 0.216327 9.9973E-05 0.0448387 9.9973E-05 9.9973E-05
0.364196 0.433878 9.9955E-05 9.9955E-05 9.9955E-05 0.0723259 9.9955E-05 9.9955E-05 0.1291
9.99551E-05 0.492991 0.457363 9.99551E-05 0.0264077 9.99551E-05 9.99551E-05 9.99551E-05 0.022738
0.198443 0.158156 0.437071 9.9973E-05 0.0995642 0.0237314 9.9973E-05 0.0827338 9.9973E-05
0.237024 0.167366 0.0684049 0.0533763 0.0399256 0.0423006 0.0965147 0.14284 0.152248
0.32792 0.26524 9.9955E-05 0.34278 0.0635593 9.9955E-05 9.9955E-05 9.9955E-05 9.9955E-05
0.377468 9.9982E-05 0.295736 0.04018 9.9982E-05 0.0109039 0.0182322 0.138044 0.119237
9.9964E-05 0.244138 0.101489 9.9964E-05 9.9964E-05 0.00566706 9.9964E-05 0.610568 0.0377378
9.9964E-05 0.379264 9.9964E-05 0.440051 9.9964E-05 0.118345 0.00868381 0.0532563 9.9964E-05
0.168383 0.129902 0.0247512 0.330966 0.0114665 9.9973E-05 9.9973E-05 9.9973E-05 0.334232
9.9973E-05 0.106445 0.422763 0.0669834 0.299127 0.0449909 9.9973E-05 9.9973E-05 0.0593901
0.000181619 0.596984 0.0417213 9.9982E-05 9.9982E-05 0.0260883 0.0319058 0.286518 0.0164007
0.421324 0.311271 0.0967974 0.0207797 9.9991E-05 0.0805944 0.0170411 0.00395882 0.048133
9.9946E-05 0.169542 0.0215674 9.9946E-05 0.808291 9.9946E-05 9.9946E-05 9.9946E-05 9.9946E-05
9.99369E-05 9.99369E-05 9.99369E-05 9.99369E-05 0.976226 0.0230746 9.99369E-05 9.99369E-05 9.99369E-05
0.444593 0.118297 9.9982E-05 0.263526 0.0367365 0.076596 0.00846241 0.0515887 9.9982E-05
0.0212887 0.136115 0.00218177 0.673085 9.9973E-05 0.0449644 0.122066 9.9973E-05 9.9973E-05
0.241728 0.187682 0.0472296 0.271345 9.9991E-05 0.0681497 0.0742936 0.0367229 0.0727489
0.0776258 9.9973E-05 0.668325 0.0600498 0.132972 0.0314913 0.0292352 9.9973E-05 9.9973E-05
0.227318 0.528829 9.9964E-05 9.9964E-05 9.9964E-05 0.0655653 0.0967335 9.9964E-05 0.0811544
0.44847 0.0378768 0.143685 0.0171515 9.9991E-05 0.0711726 0.0320299 0.24193 0.00758406
9.9991E-05 0.334371 0.058572 0.261368 0.0453994 0.0380111 0.0469939 0.101066 0.114119
9.99639E-05 9.99639E-05 0.315129 0.189118 9.99639E-05 0.110768 9.99639E-05 0.094997 0.289587
9.9973E-05 0.455729 0.216556 9.9973E-05 0.0693721 0.00479152 0.0404691 0.212782 9.9973E-05
9.993E-05 9.993E-05 9.993E-05 9.993E-05 9.993E-05 0.999201 9.993E-05 9.993E-05 9.993E-05
9.9964E-05 9.9964E-05 0.0542146 0.160373 9.9964E-05 0.0426347 0.0649746 0.677403 9.9964E-05
9.9973E-05 0.112002 9.9973E-05 0.0999833 0.24776 0.0160831 0.221581 0.302291 9.9973E-05
0.551635 0.0436814 0.0450838 0.256177 9.9991E-05 0.0201891 0.0282677 0.0236143 0.0312514
0.0259716 0.141173 9.9973E-05 0.402113 0.219891 0.035634 0.174918 9.9973E-05 9.9973E-05
0.283188 9.9982E-05 9.9982E-05 0.375933 0.0655559 0.12385 0.00316088 0.09045 0.0576627
0.188375 0.0815927 0.17914 0.183386 0.236497 0.0392951 0.0560067 0.0243632 0.0113449
0.319952 0.145779 0.168463 0.207554 9.9982E-05 0.0523642 9.9982E-05 0.0820748 0.0236134
9.9991E-05 0.148243 0.138561 0.00154115 0.284894 0.0765999 0.0947676 0.127722 0.127572
0.202826 0.389578 9.9964E-05 0.240013 9.9964E-05 0.057789 9.9964E-05 0.109394 9.9964E-05
0.158214 0.0666537 0.294377 0.202214 9.9991E-05 0.0244215 0.0281759 0.136309 0.0895357
9.9955E-05 0.113339 9.9955E-05 9.9955E-05 0.0310212 9.9955E-05 9.9955E-05 0.815308 0.039832
9.9973E-05 0.395385 0.311963 9.9973E-05 0.0232836 0.0638069 9.9973E-05 0.124622 0.0806392
9.9982E-05 0.116048 0.366396 0.264252 9.9982E-05 0.0280005 0.0147493 0.182583 0.0277707
9.993E-05 9.993E-05 9.993E-05 9.993E-05 9.993E-05 0.999201 9.993E-05 9.993E-05 9.993E-05
9.9973E-05 0.216471 0.226285 9.9973E-05 0.036074 0.413323 0.0262564 0.0812909 9.9973E-05
0.0772626 0.121157 9.9982E-05 0.200362 0.450834 9.9982E-05 0.0957913 0.0486898 0.00570322
0.481308 0.0629725 9.9991E-05 0.12731 0.128517 0.0866574 0.0119487 0.0624556 0.0387313
9.99461E-05 9.99461E-05 9.99461E-05 0.227054 9.99461E-05 0.0529698 9.99461E-05 0.719377 9.99461E-05
0.0615054 0.267513 0.198694 0.0262251 0.0712597 0.0372994 0.0598029 0.2776 9.9991E-05
0.192886 0.302367 0.190719 9.9973E-05 0.133934 0.0821196 0.0976742 9.9973E-05 9.9973E-05
9.993E-05 9.993E-05 9.993E-05 9.993E-05 0.999201 9.993E-05 9.993E-05 9.993E-05 9.993E-05
0.0587571 0.0954374 0.306533 0.267574 9.9982E-05 0.0607549 9.9982E-05 0.205951 0.00479275
0.315312 0.328779 0.164919 9.99729E-05 0.0659701 9.99729E-05 9.99729E-05 0.0702356 0.0544842
0.238408 0.102652 0.0548834 9.9982E-05 0.292776 0.041716 0.127132 9.9982E-05 0.142233
0.0296039 0.402026 9.9982E-05 0.0200945 0.158721 0.135597 9.9982E-05 0.117517 0.136242
0.525657 9.9964E-05 0.0662333 0.0296404 0.360028 9.9964E-05 0.0180406 9.9964E-05 9.9964E-05
9.9982E-05 0.455766 0.020312 9.9982E-05 0.157352 0.106737 0.0064378 0.247338 0.00585727
0.144064 0.460441 0.0264332 0.221988 0.0103905 0.00314805 0.125866 9.9991E-05 0.00756846
0.128234 0.47179 0.281874 9.9964E-05 0.0748177 0.0428846 9.9964E-05 9.9964E-05 9.9964E-05
0.335924 0.177587 9.9973E-05 9.9973E-05 0.135697 9.9973E-05 0.0864641 0.244179 0.0198493
9.9937E-05 9.9937E-05 9.9937E-05 0.0110923 9.9937E-05 9.9937E-05 0.988208 9.9937E-05 9.9937E-05
0.423192 0.0854888 9.9982E-05 0.113788 0.104085 0.00951279 0.0978964 9.9982E-05 0.165837
9.993E-05 9.993E-05 0.999201 9.993E-05 9.993E-05 9.993E-05 9.993E-05 9.993E-05 9.993E-05
0.129116 9.9973E-05 0.31923 0.287075 9.9973E-05 0.103188 9.9973E-05 0.112475 0.0486158
0.168769 9.9982E-05 0.0399411 0.282155 0.132309 0.0384609 9.9982E-05 0.330817 0.00734722
0.149969 0.323637 9.9964E-05 9.9964E-05 0.0536933 9.9964E-05 9.9964E-05 0.278029 0.194271
0.154503 0.175693 0.0420261 9.9991E-05 0.2924 0.0228039 0.0258496 0.285132 0.00149251
9.993E-05 9.993E-05 9.993E-05 9.993E-05 9.993E-05 9.993E-05 0.999201 9.993E-05 9.993E-05
0.107864 0.435165 0.181061 0.0903335 9.9982E-05 0.109506 9.9982E-05 0.026772 0.0490986
0.051238 9.9982E-05 0.448243 9.9982E-05 0.0509969 0.0700241 0.166379 0.184638 0.0282813
0.000662863 0.285088 0.0601871 0.500875 9.99833E-05 0.0147012 9.99833E-05 0.114329 0.023957
0.421145 9.9964E-05 0.0622164 9.9964E-05 0.261781 9.9964E-05 9.9964E-05 0.15372 0.100738
