0.559693 0.162508 0.277799
0.547149 0.202817 0.250034
0.454597 0.401802 0.143602
0.638226 0.361674 9.99911E-05
0.438924 0.129813 0.431263
0.479603 0.499855 0.0205421
0.151978 0.0597758 0.788246
0.844126 0.155774 9.99911E-05
9.99911E-05 0.255566 0.744334
9.99911E-05 0.536454 0.463446
0.230323 0.677956 0.0917206
0.434521 9.99911E-05 0.565379
0.925333 0.0745673 9.99911E-05
0.502637 0.141838 0.355525
0.401144 9.99911E-05 0.598756
0.8714 0.1285 9.99911E-05
0.314119 0.229894 0.455987
0.136916 0.342467 0.520617
0.79103 9.99911E-05 0.20887
0.837353 0.162547 9.9991E-05
9.99911E-05 0.634279 0.365621
0.610952 0.165748 0.2233
0.243549 0.552035 0.204416
0.0361988 0.878153 0.085648
0.240435 0.759465 9.99911E-05
0.466226 0.271025 0.26275
0.202352 0.251244 0.546404
0.624152 0.28796 0.0878872
0.900991 0.0302777 0.068731
0.0746794 0.925221 9.99911E-05
0.21301 0.175267 0.611723
0.809568 9.99911E-05 0.190332
0.168407 0.302028 0.529566
0.860514 0.0293293 0.110156
0.537147 0.462753 9.9991E-05
9.99911E-05 0.401466 0.598434
0.647847 0.119402 0.232751
0.11396 0.789121 0.0969196
0.517104 0.286892 0.196004
0.759249 0.186552 0.0541988
9.99911E-05 0.371421 0.628479
9.99911E-05 0.141729 0.858171
0.41771 0.300726 0.281564
0.688515 0.308538 0.00294748
0.710719 0.145951 0.14333
0.691949 0.125273 0.182779
0.218227 0.282533 0.499239
0.158333 0.1309 0.710767
0.877761 9.99911E-05 0.122139
0.926471 0.0734291 9.9991E-05
0.622311 0.377589 9.9991E-05
0.0756089 0.356935 0.567456
0.1985 0.380154 0.421345
0.811186 0.188714 9.99911E-05
0.415984 0.086125 0.497891
0.253041 9.99911E-05 0.746859
0.514464 0.450649 0.0348869
0.212372 9.99911E-05 0.787528
0.529777 9.9991E-05 0.470123
0.172581 0.45437 0.373049
0.762824 0.237076 9.9991E-05
9.9991E-05 0.137585 0.862315
0.396126 9.9991E-05 0.603774
0.194529 0.805371 9.99911E-05
0.693293 0.184941 0.121766
0.32275 0.158929 0.518322
0.579616 0.40802 0.0123642
0.554061 0.0889807 0.356959
0.698137 9.9991E-05 0.301763
0.360061 0.3271 0.312839
0.280991 0.0780931 0.640916
0.199789 0.0286816 0.77153
0.60688 9.99911E-05 0.39302
0.773144 9.99911E-05 0.226756
0.749184 0.250716 9.99911E-05
0.526626 9.99911E-05 0.473274
0.470765 0.151839 0.377396
0.000649986 0.370992 0.628358
0.686277 0.269486 0.0442371
0.899684 9.9991E-05 0.100216
0.988777 0.0111226 9.99911E-05
0.620022 0.379878 9.99911E-05
0.334123 0.201446 0.464431
0.659639 0.340261 9.9991E-05
0.19072 0.216633 0.592647
0.472975 0.0824947 0.44453
0.157403 0.178837 0.66376
0.0711919 0.886018 0.0427898
0.442087 0.554956 0.00295633
0.547004 0.206733 0.246264
0.258782 0.741118 9.99911E-05
9.99911E-05 0.351114 0.648786
0.00603588 0.0596087 0.934355
9.99911E-05 0.349087 0.650813
0.079585 9.9991E-05 0.920315
0.499356 0.0891785 0.411465
0.0662052 0.525905 0.40789
0.141236 9.9991E-05 0.858664
0.340329 0.659571 9.9991E-05
9.9991E-05 0.677623 0.322278
9.99911E-05 0.302055 0.697845
9.999E-05 0.9998 9.999E-05
9.99911E-05 0.492762 0.507138
9.999E-05 0.9998 9.999E-05
0.964229 0.000497932 0.0352735
0.464331 0.150862 0.384807
0.636069 9.9991E-05 0.363831
0.545577 0.164322 0.290101
0.695509 0.0991722 0.205319
0.538831 0.449044 0.0121248
0.0937374 0.38879 0.517473
0.860799 0.139101 9.99911E-05
0.330691 0.669209 9.99911E-05
0.9998 9.999E-05 9.999E-05
9.999E-05 0.9998 9.999E-05
0.220372 0.209955 0.569672
0.618391 0.118092 0.263516
0.803946 9.99911E-05 0.195954
0.766456 0.233444 9.9991E-05
0.659925 0.339975 9.9991E-05
0.430817 0.445697 0.123486
0.278248 0.631156 0.0905955
0.767415 0.232485 9.9991E-05
0.427844 0.112107 0.460049
0.337662 0.345575 0.316764
0.186662 0.202836 0.610503
0.0834371 0.152099 0.764463
0.842303 0.0256405 0.132057
0.231601 0.768299 9.99911E-05
0.152228 0.48549 0.362282
9.999E-05 9.999E-05 0.9998
0.246985 0.336126 0.416889
0.398111 9.99911E-05 0.601789
0.559002 9.9991E-05 0.440898
0.114217 0.220112 0.665672
0.750244 0.176362 0.0733942
0.950501 0.0040056 0.0454936
0.80455 0.19535 9.99911E-05
0.341273 0.308335 0.350392
0.971492 0.0284079 9.99911E-05
0.499649 0.472701 0.0276503
0.193224 0.606595 0.200181
0.18859 0.0808126 0.730597
9.99911E-05 0.35082 0.64908
0.308476 0.691424 9.99911E-05
0.774559 0.225341 9.9991E-05
0.116497 9.9991E-05 0.883403
0.497272 0.502628 9.99911E-05
0.4876 0.367673 0.144727
0.245558 9.99911E-05 0.754342
0.611592 0.285029 0.103378
0.330153 9.9991E-05 0.669747
0.764628 0.0127739 0.222598
0.557571 0.219121 0.223308
0.0994255 0.571179 0.329396
0.505151 0.0571472 0.437702
0.584571 0.415329 9.9991E-05
0.436812 0.283226 0.279963
0.895807 0.104093 9.99911E-05
0.308725 0.476785 0.21449
0.0639387 9.99911E-05 0.935961
0.523691 9.9991E-05 0.476209
0.845804 0.154096 9.99911E-05
0.217318 0.0308867 0.751795
0.383493 9.99911E-05 0.616407
0.460154 0.322957 0.216888
0.693058 0.127398 0.179543
0.9998 9.999E-05 9.999E-05
0.258943 0.00431749 0.73674
0.344541 0.349248 0.306211
0.642604 0.357296 9.99911E-05
0.9006 9.99911E-05 0.0993
0.6878 9.9991E-05 0.3121
0.252266 0.528813 0.218921
0.661633 0.249265 0.0891016
0.835599 9.99911E-05 0.164301
0.507678 0.451922 0.0403996
9.99911E-05 0.636678 0.363222
9.99911E-05 0.451151 0.548749
0.024065 0.257097 0.718838
0.0541495 9.99911E-05 0.94575
0.259879 0.137037 0.603085
0.17291 0.320853 0.506237
0.880015 0.119885 9.99911E-05
0.327792 0.672108 9.99911E-05
0.603857 9.99911E-05 0.396043
0.738801 0.0471821 0.214017
0.533062 0.466838 9.99911E-05
0.29266 0.545009 0.162331
