9.99731E-05 0.0327114 9.99731E-05 0.132311 0.0235496 0.0392726 0.115455 9.99731E-05 0.49995 0.156451
9.9955E-05 9.9955E-05 0.0183053 9.9955E-05 0.326201 0.211731 9.9955E-05 0.102913 9.9955E-05 0.34035
0.211315 0.0803327 9.99641E-05 0.226413 0.137164 0.330061 0.0143148 9.99641E-05 9.99641E-05 9.99641E-05
9.99642E-05 9.99642E-05 0.314645 9.99642E-05 0.0437154 0.124554 9.99642E-05 0.0782568 0.296044 0.142384
9.99551E-05 9.99551E-05 0.569464 0.0056883 9.99551E-05 0.129755 9.99551E-05 0.153108 0.141486 9.99551E-05
0.0701469 0.168472 0.187892 9.9973E-05 9.9973E-05 0.103161 9.9973E-05 0.0606742 0.304676 0.104678
9.99553E-05 9.99553E-05 0.566087 9.99553E-05 9.99553E-05 0.0188348 9.99553E-05 0.116486 0.0641457 0.233946
9.99551E-05 0.0516742 0.713856 9.99551E-05 0.00179312 9.99551E-05 9.99551E-05 0.0275104 0.204667 9.99551E-05
9.99642E-05 9.99642E-05 0.0502382 0.139936 0.202086 0.0532895 0.378136 9.99642E-05 9.99642E-05 0.175915
9.99374E-05 9.99374E-05 9.99374E-05 9.99374E-05 0.039074 9.99374E-05 0.387813 9.99374E-05 0.572413 9.99374E-05
0.0192876 0.156112 9.9982E-05 0.128381 0.29167 0.149916 0.13416 0.063588 0.0566864 9.9982E-05
9.99463E-05 9.99463E-05 0.541882 0.241283 9.99463E-05 9.99463E-05 9.99463E-05 0.121633 9.99463E-05 0.0946019
9.99552E-05 9.99552E-05 0.314196 0.346742 0.0927464 0.0565565 9.99552E-05 9.99552E-05 0.189258 9.99552E-05
0.238953 9.99551E-05 0.30602 9.99551E-05 9.99551E-05 0.0382663 9.99551E-05 0.0555608 0.3607 9.99551E-05
9.99462E-05 9.99462E-05 0.0358571 0.142629 9.99462E-05 9.99462E-05 0.0910742 9.99462E-05 9.99462E-05 0.72984
9.99642E-05 0.0273959 0.0556944 0.198046 9.99642E-05 0.226033 9.99642E-05 0.119233 0.373197 9.99642E-05
9.9973E-05 0.246648 0.0357002 0.25841 0.00507201 9.9973E-05 9.9973E-05 0.0113711 0.0656542 0.376844
0.0648911 0.178754 9.9973E-05 9.9973E-05 0.0410663 0.0443803 0.101696 0.376963 0.19195 9.9973E-05
9.99552E-05 9.99552E-05 0.389496 0.00177071 0.28301 9.99552E-05 0.299046 9.99552E-05 9.99552E-05 0.0261774
0.0258336 0.0129408 0.0475863 9.99642E-05 0.191069 0.0230486 9.99642E-05 9.99642E-05 0.699122 9.99642E-05
9.99284E-05 9.99284E-05 9.99284E-05 9.99284E-05 9.99284E-05 9.99284E-05 0.462261 9.99284E-05 0.53694 9.99284E-05
9.99641E-05 0.222375 0.0201292 0.527851 0.0237768 0.0903316 0.115137 9.99641E-05 9.99641E-05 9.99641E-05
9.99551E-05 0.124971 0.188118 9.99551E-05 9.99551E-05 0.210608 9.99551E-05 0.0978298 9.99551E-05 0.377974
0.090351 9.99642E-05 0.00940887 9.99642E-05 0.0595642 0.56602 9.99642E-05 0.0829157 9.99642E-05 0.191341
0.0711444 0.288594 9.9982E-05 0.0461744 9.9982E-05 0.346256 0.0455032 0.143099 0.0232566 0.035773
9.9964E-05 0.195694 9.9964E-05 0.0890469 9.9964E-05 0.06799 9.9964E-05 0.0967775 0.526731 0.0233606
9.9964E-05 9.9964E-05 9.9964E-05 0.205946 0.255132 0.179596 0.222902 0.0867778 0.0492458 9.9964E-05
0.0335481 0.0353574 9.99641E-05 9.99641E-05 0.481259 9.99641E-05 0.143808 0.0583063 9.99641E-05 0.247321
9.99551E-05 0.169709 0.19643 0.0443242 0.532738 9.99551E-05 9.99551E-05 0.0562983 9.99551E-05 9.99551E-05
9.99283E-05 9.99283E-05 9.99283E-05 0.227567 9.99283E-05 0.771633 9.99283E-05 9.99283E-05 9.99283E-05 9.99283E-05
0.0913517 0.0981009 9.99551E-05 9.99551E-05 0.0887425 9.99551E-05 9.99551E-05 0.406995 9.99551E-05 0.31431
0.401103 9.99372E-05 0.455596 9.99372E-05 9.99372E-05 0.142601 9.99372E-05 9.99372E-05 9.99372E-05 9.99372E-05
9.99462E-05 0.194886 9.99462E-05 9.99462E-05 9.99462E-05 0.0486196 0.725025 9.99462E-05 0.0308701 9.99462E-05
0.0758707 9.99731E-05 0.435443 0.116211 0.183016 0.0649685 0.0798756 9.99731E-05 0.0443154 9.99731E-05
9.9955E-05 0.0595684 0.259139 9.9955E-05 9.9955E-05 0.224718 9.9955E-05 0.233685 0.22239 9.9955E-05
9.99463E-05 9.99463E-05 0.0111735 0.131578 9.99463E-05 9.99463E-05 9.99463E-05 0.0621484 0.794501 9.99463E-05
9.99373E-05 0.422705 9.99373E-05 9.99373E-05 0.204382 9.99373E-05 9.99373E-05 0.372214 9.99373E-05 9.99373E-05
9.99461E-05 0.292143 9.99461E-05 9.99461E-05 0.0323241 0.221139 0.453794 9.99461E-05 9.99461E-05 9.99461E-05
0.421014 9.99641E-05 0.0616509 9.99641E-05 9.99641E-05 0.0729334 9.99641E-05 0.178336 0.092389 0.173277
0.0621751 0.302219 0.119333 0.0901433 0.218201 0.189605 9.9973E-05 9.9973E-05 9.9973E-05 0.0180229
9.99463E-05 9.99463E-05 9.99463E-05 0.143272 0.46477 0.225826 9.99463E-05 9.99463E-05 9.99463E-05 0.165532
0.207008 9.99552E-05 9.99552E-05 0.291961 9.99552E-05 9.99552E-05 0.204157 9.99552E-05 0.0700451 0.22633
0.000240057 9.99461E-05 9.99461E-05 0.272711 0.0321995 9.99461E-05 9.99461E-05 9.99461E-05 0.694249 9.99461E-05
9.99731E-05 0.0966327 0.0664877 9.99731E-05 0.454376 0.048386 9.99731E-05 0.0298325 0.29266 0.0113252
0.239405 9.99731E-05 0.280561 0.144714 0.123333 0.152504 9.99731E-05 0.00020151 0.0589816 9.99731E-05
9.99642E-05 0.162208 9.99642E-05 0.0229775 9.99642E-05 0.00156731 9.99642E-05 0.117055 0.491179 0.204613
9.99551E-05 9.99551E-05 9.99551E-05 0.216089 9.99551E-05 0.0176884 0.124649 9.99551E-05 0.25154 0.389534
0.0676941 0.159237 9.99813E-05 0.415656 0.00244517 9.99813E-05 0.277096 0.0196664 0.0579053 9.99813E-05
9.99554E-05 0.269986 0.0100865 0.277708 0.261743 9.99554E-05 9.99554E-05 9.99554E-05 0.179976 9.99554E-05
9.99551E-05 9.99551E-05 0.204469 9.99551E-05 0.0127014 9.99551E-05 9.99551E-05 0.0883592 0.595583 0.0983876
9.9955E-05 0.351665 0.370559 9.9955E-05 9.9955E-05 0.14019 9.9955E-05 9.9955E-05 0.10723 0.0298565
0.533932 9.99641E-05 9.99641E-05 9.99641E-05 0.0866363 0.0658168 0.135363 0.0784821 0.0993694 9.99641E-05
9.9964E-05 0.171173 9.9964E-05 0.354031 0.0325449 0.183798 9.9964E-05 9.9964E-05 0.0884704 0.169582
0.328497 9.99462E-05 0.377243 0.0207818 9.99462E-05 0.272878 9.99462E-05 9.99462E-05 9.99462E-05 9.99462E-05
0.72996 9.99282E-05 9.99282E-05 0.269241 9.99282E-05 9.99282E-05 9.99282E-05 9.99282E-05 9.99282E-05 9.99282E-05
9.99642E-05 0.32132 9.99642E-05 0.347128 9.99642E-05 9.99642E-05 0.0787941 0.0803803 0.0809452 0.091033
0.0533483 9.9964E-05 0.0125073 9.9964E-05 0.0573243 0.177027 9.9964E-05 9.9964E-05 0.0508422 0.648551
0.316542 9.99465E-05 0.202192 0.435456 0.0452103 9.99465E-05 9.99465E-05 9.99465E-05 9.99465E-05 9.99465E-05
0.442257 9.99459E-05 9.99459E-05 0.31654 0.133883 9.99459E-05 9.99459E-05 0.10672 9.99459E-05 9.99459E-05
9.99462E-05 0.0585146 9.99462E-05 9.99462E-05 0.0671343 9.99462E-05 9.99462E-05 0.0974629 0.776289 9.99462E-05
9.99551E-05 0.0139666 9.99551E-05 9.99551E-05 0.779926 0.178523 9.99551E-05 9.99551E-05 0.0115309 0.0155533
9.9955E-05 9.9955E-05 9.9955E-05 0.110955 9.9955E-05 9.9955E-05 0.108555 0.195123 0.098248 0.486619
9.994E-05 0.0370559 9.994E-05 0.591805 0.313946 9.994E-05 0.056594 9.994E-05 9.994E-05 9.994E-05
9.99462E-05 9.99462E-05 9.99462E-05 9.99462E-05 0.145456 0.732362 9.99462E-05 0.0413086 0.0802741 9.99462E-05
9.99553E-05 0.183848 0.388572 9.99553E-05 9.99553E-05 0.0269348 0.0315606 9.99553E-05 0.368585 9.99553E-05
0.000359945 9.99641E-05 9.99641E-05 0.362942 0.317848 0.242063 9.99641E-05 9.99641E-05 0.0279719 0.048415
9.99552E-05 9.99552E-05 0.10746 9.99552E-05 0.313045 0.0584973 9.99552E-05 9.99552E-05 0.466305 0.054193
9.99641E-05 9.99641E-05 0.0807083 0.279518 9.99641E-05 9.99641E-05 0.201664 0.136153 0.20939 0.0921668
0.0239033 0.392795 0.222477 0.125818 9.9955E-05 9.9955E-05 9.9955E-05 9.9955E-05 9.9955E-05 0.234507
9.99373E-05 9.99373E-05 9.99373E-05 9.99373E-05 0.368186 9.99373E-05 0.0915011 9.99373E-05 0.539614 9.99373E-05
0.395995 0.0338792 0.312055 0.0574384 9.99641E-05 9.99641E-05 0.00749014 0.192743 9.99641E-05 9.99641E-05
0.0162701 9.99372E-05 9.99372E-05 0.910109 9.99372E-05 9.99372E-05 9.99372E-05 9.99372E-05 9.99372E-05 0.072921
9.99553E-05 0.0374963 0.485818 0.00563727 9.99553E-05 9.99553E-05 0.099139 0.371409 9.99553E-05 9.99553E-05
9.99731E-05 0.165064 0.0488052 0.37256 0.00700341 0.0128646 9.99731E-05 0.0550623 9.99731E-05 0.33834
9.99375E-05 9.99375E-05 0.713184 9.99375E-05 9.99375E-05 9.99375E-05 9.99375E-05 9.99375E-05 0.169897 0.11622
0.104058 9.99551E-05 9.99551E-05 0.539278 9.99551E-05 9.99551E-05 9.99551E-05 0.117918 0.0868224 0.151424
9.99286E-05 0.0913378 9.99286E-05 9.99286E-05 9.99286E-05 9.99286E-05 9.99286E-05 9.99286E-05 9.99286E-05 0.907863
0.0194251 9.9955E-05 0.263778 9.9955E-05 0.295116 9.9955E-05 0.25828 0.162902 9.9955E-05 9.9955E-05
0.0032638 9.9964E-05 0.0574553 9.9964E-05 0.583527 0.123489 9.9964E-05 0.00604175 9.9964E-05 0.225824
0.0789864 9.99551E-05 0.388137 0.0024205 0.505188 0.0247683 9.99551E-05 9.99551E-05 9.99551E-05 9.99551E-05
9.99641E-05 0.218393 0.379161 0.0640086 0.0448628 9.99641E-05 9.99641E-05 0.269135 9.99641E-05 0.0240399
0.0840285 0.112841 0.0638965 0.180591 9.99731E-05 0.0914241 9.99731E-05 9.99731E-05 0.357773 0.109146
0.0543644 9.99464E-05 9.99464E-05 9.99464E-05 9.99464E-05 9.99464E-05 0.124101 9.99464E-05 0.434935 0.386
0.264111 0.117541 9.99551E-05 0.192342 0.128595 0.296911 9.99551E-05 9.99551E-05 9.99551E-05 9.99551E-05
0.00789629 9.99731E-05 0.259548 9.99731E-05 9.99731E-05 0.050064 0.340177 0.0529214 0.204577 0.0845159
9.9955E-05 9.9955E-05 9.9955E-05 9.9955E-05 0.108395 9.9955E-05 0.0893052 0.0185866 0.61376 0.169453
0.185363 9.99731E-05 9.99731E-05 0.0798229 0.263541 0.0741807 0.217931 0.0744007 0.104461 9.99731E-05
9.99371E-05 9.99371E-05 0.217764 0.266597 9.99371E-05 0.514939 9.99371E-05 9.99371E-05 9.99371E-05 9.99371E-05
0.0629513 0.234595 9.99731E-05 9.99731E-05 9.99731E-05 0.121623 0.28494 0.0105607 0.00497456 0.280056
9.9973E-05 0.223798 0.0858332 0.235656 0.0315028 0.0163235 0.380031 9.9973E-05 0.0265558 9.9973E-05
9.99284E-05 0.2917 9.99284E-05 9.99284E-05 9.99284E-05 0.7075 9.99284E-05 9.99284E-05 9.99284E-05 9.99284E-05
9.99465E-05 9.99465E-05 9.99465E-05 0.0373363 9.99465E-05 9.99465E-05 0.146047 0.0282224 0.787795 9.99465E-05
9.99553E-05 0.113569 9.99553E-05 0.572535 9.99553E-05 0.0996314 9.99553E-05 9.99553E-05 0.140202 0.0735637
0.180719 0.0940946 0.188842 9.9982E-05 0.274813 0.0885601 0.128757 0.0300798 0.0139344 9.9982E-05
9.99551E-05 9.99551E-05 0.24321 0.421664 0.0692654 9.99551E-05 0.256216 0.00914469 9.99551E-05 9.99551E-05
0.131014 9.99551E-05 0.518861 9.99551E-05 0.150068 0.0576285 0.141928 9.99551E-05 9.99551E-05 9.99551E-05
9.99552E-05 9.99552E-05 9.99552E-05 9.99552E-05 0.0787928 0.10527 0.22258 9.99552E-05 0.570218 0.0226398
0.00582522 9.99551E-05 0.11497 9.99551E-05 9.99551E-05 9.99551E-05 0.401105 9.99551E-05 0.190218 0.287382
9.99551E-05 0.0572028 0.0634329 9.99551E-05 9.99551E-05 0.525603 9.99551E-05 0.091104 0.262158 9.99551E-05
9.99551E-05 9.99551E-05 9.99551E-05 0.091845 9.99551E-05 0.376576 9.99551E-05 0.129858 0.0759162 0.325305
9.99552E-05 9.99552E-05 0.0711741 9.99552E-05 9.99552E-05 0.0935156 0.54299 0.261495 9.99552E-05 0.0303246
9.99284E-05 9.99284E-05 9.99284E-05 9.99284E-05 9.99284E-05 0.89172 9.99284E-05 0.107481 9.99284E-05 9.99284E-05
0.00011516 9.99461E-05 9.99461E-05 9.99461E-05 0.124008 0.00040165 0.874875 9.99461E-05 9.99461E-05 9.99461E-05
0.0726947 0.590544 9.99641E-05 9.99641E-05 0.0452085 0.171088 0.0982068 0.0218579 9.99641E-05 9.99641E-05
9.99551E-05 0.0954702 0.150965 0.0240908 0.229301 9.99551E-05 9.99551E-05 9.99551E-05 0.499673 9.99551E-05
9.99642E-05 0.0153295 0.143085 0.358604 9.99642E-05 9.99642E-05 0.0599658 9.99642E-05 0.195168 0.227448
0.226176 9.99641E-05 0.235319 0.31732 9.99641E-05 9.99641E-05 0.0673696 9.99641E-05 0.0707509 0.0826653
9.99372E-05 0.444526 0.294648 9.99372E-05 0.260126 9.99372E-05 9.99372E-05 9.99372E-05 9.99372E-05 9.99372E-05
9.99641E-05 0.373492 0.126216 0.0207678 9.99641E-05 9.99641E-05 9.99641E-05 0.0172092 0.0673702 0.394545
0.209292 0.466113 0.00456402 9.99641E-05 9.99641E-05 0.100983 0.200548 9.99641E-05 0.0181008 9.99641E-05
9.99732E-05 9.99732E-05 0.0758071 9.99732E-05 0.018268 0.395543 0.146173 0.0186878 0.187664 0.157556
9.99463E-05 0.00183446 0.288025 9.99463E-05 9.99463E-05 0.207697 9.99463E-05 9.99463E-05 0.501844 9.99463E-05
0.00229305 0.263276 9.99552E-05 9.99552E-05 0.0592438 0.648611 9.99552E-05 9.99552E-05 0.0260765 9.99552E-05
0.267357 0.166927 0.442616 0.00386786 9.99731E-05 0.0950996 9.99731E-05 0.0226081 0.00122467 9.99731E-05
9.99372E-05 9.99372E-05 9.99372E-05 9.99372E-05 9.99372E-05 0.838299 0.0606381 9.99372E-05 9.99372E-05 0.100363
0.218784 9.99552E-05 0.249746 0.228653 9.99552E-05 9.99552E-05 0.126947 9.99552E-05 9.99552E-05 0.17537
9.99372E-05 9.99372E-05 9.99372E-05 9.99372E-05 0.405804 9.99372E-05 9.99372E-05 9.99372E-05 0.293792 0.299704
0.207575 9.99551E-05 9.99551E-05 0.465105 0.218898 0.0634803 9.99551E-05 9.99551E-05 0.0444414 9.99551E-05
0.00401719 0.403635 9.9964E-05 0.251702 0.0349111 0.151361 9.9964E-05 0.153974 9.9964E-05 9.9964E-05
0.150226 9.9964E-05 9.9964E-05 9.9964E-05 0.20442 0.0902656 9.9964E-05 0.028681 0.0318343 0.494173
9.99551E-05 0.212815 9.99551E-05 0.11374 9.99551E-05 0.41526 9.99551E-05 0.110344 0.147342 9.99551E-05
0.361494 9.99462E-05 9.99462E-05 9.99462E-05 9.99462E-05 0.150295 9.99462E-05 0.170035 9.99462E-05 0.317576
0.0533955 0.109228 0.501847 9.99641E-05 9.99641E-05 0.0347261 9.99641E-05 9.99641E-05 0.253698 0.0467053
0.631688 9.99373E-05 9.99373E-05 9.99373E-05 9.99373E-05 9.99373E-05 9.99373E-05 9.99373E-05 0.35439 0.0132226
9.99731E-05 0.413793 0.120977 9.99731E-05 0.105736 0.1271 0.1102 9.99731E-05 0.0322222 0.0896717
9.9955E-05 9.9955E-05 0.496008 0.116215 9.9955E-05 9.9955E-05 0.239254 9.9955E-05 0.104278 0.0437453
9.99553E-05 0.275188 9.99553E-05 0.562067 9.99553E-05 0.0653944 0.0665669 9.99553E-05 0.0302837 9.99553E-05
9.9955E-05 0.347199 9.9955E-05 0.0643309 9.9955E-05 9.9955E-05 0.00992097 0.160443 9.9955E-05 0.417607
0.129544 0.126558 9.99553E-05 9.99553E-05 0.435091 0.209205 9.99553E-05 9.99553E-05 0.0991024 9.99553E-05
0.118229 0.10191 0.109283 0.0257763 9.99731E-05 0.154117 0.164095 9.99731E-05 0.32629 9.99731E-05
9.99373E-05 9.99373E-05 9.99373E-05 0.127468 9.99373E-05 9.99373E-05 0.434394 9.99373E-05 9.99373E-05 0.437438
0.303317 0.0441047 0.290535 9.9964E-05 9.9964E-05 9.9964E-05 0.0112015 0.0273196 0.323122 9.9964E-05
0.0640384 0.207665 0.0458318 0.422246 0.159151 9.99731E-05 0.088797 9.99731E-05 9.99731E-05 0.0119708
0.140263 0.125651 9.9973E-05 0.0789877 0.33899 9.9973E-05 0.211469 0.019248 0.0850921 9.9973E-05
9.99552E-05 9.99552E-05 9.99552E-05 0.211106 0.196467 9.99552E-05 0.131071 0.106692 0.354164 9.99552E-05
0.157527 0.115117 9.99462E-05 9.99462E-05 9.99462E-05 9.99462E-05 9.99462E-05 9.99462E-05 0.722568 0.00418767
9.99371E-05 0.838803 0.0137235 9.99371E-05 9.99371E-05 9.99371E-05 9.99371E-05 9.99371E-05 0.146774 9.99371E-05
0.13656 0.60826 9.99552E-05 9.99552E-05 9.99552E-05 0.0860532 9.99552E-05 9.99552E-05 0.0779981 0.0906288
0.248659 9.99552E-05 9.99552E-05 9.99552E-05 0.0883458 9.99552E-05 0.165874 0.163072 9.99552E-05 0.333551
9.99461E-05 0.436267 9.99461E-05 9.99461E-05 0.103196 9.99461E-05 9.99461E-05 9.99461E-05 0.141157 0.318781
0.128156 9.99553E-05 9.99553E-05 9.99553E-05 0.536125 0.0607689 9.99553E-05 0.244684 0.0297665 9.99553E-05
0.135865 0.0717173 9.99642E-05 9.99642E-05 9.99642E-05 0.199465 0.31974 0.17276 0.100053 9.99642E-05
9.99551E-05 9.99551E-05 0.347755 0.144917 0.125478 9.99551E-05 0.314531 9.99551E-05 0.0668192 9.99551E-05
9.99462E-05 0.41521 9.99462E-05 0.202952 0.0647526 9.99462E-05 0.316486 9.99462E-05 9.99462E-05 9.99462E-05
9.99551E-05 9.99551E-05 0.12248 0.0321676 9.99551E-05 0.292894 9.99551E-05 9.99551E-05 0.494092 0.0578665
9.99551E-05 0.177238 0.398451 9.99551E-05 9.99551E-05 0.0366633 9.99551E-05 9.99551E-05 0.160111 0.227037
9.99201E-05 9.99201E-05 9.99201E-05 9.99201E-05 9.99201E-05 9.99201E-05 9.99201E-05 0.999101 9.99201E-05 9.99201E-05
0.0479969 9.99552E-05 0.0620813 9.99552E-05 0.274609 0.102264 9.99552E-05 9.99552E-05 0.512549 9.99552E-05
0.0917044 9.99731E-05 0.239679 0.063789 9.99731E-05 0.142562 9.99731E-05 0.0578229 0.355625 0.0485181
9.99462E-05 9.99462E-05 0.181709 9.99462E-05 9.99462E-05 9.99462E-05 0.460068 0.295929 9.99462E-05 0.0616941
0.139645 9.99821E-05 0.113626 0.412223 0.0693896 9.99821E-05 0.0563908 0.16311 0.0432033 0.00221246
9.99462E-05 9.99462E-05 0.173469 0.328113 0.481086 9.99462E-05 9.99462E-05 0.0167326 9.99462E-05 9.99462E-05
0.20973 0.0421672 0.027558 0.130064 0.130308 9.9973E-05 9.9973E-05 9.9973E-05 0.434724 0.0251484
9.99731E-05 0.0759096 0.105413 0.000873869 0.41662 0.0595173 9.99731E-05 0.143116 0.19825 9.99731E-05
9.99462E-05 9.99462E-05 9.99462E-05 9.99462E-05 9.99462E-05 0.291288 9.99462E-05 0.264346 0.04159 0.402176
9.99553E-05 0.32026 0.00345616 9.99553E-05 0.343777 9.99553E-05 9.99553E-05 0.154471 0.177536 9.99553E-05
0.572309 9.99552E-05 9.99552E-05 9.99552E-05 0.0792377 0.110089 0.0306327 9.99552E-05 0.207232 9.99552E-05
0.156509 9.99553E-05 9.99553E-05 0.0938236 0.228938 9.99553E-05 9.99553E-05 0.0725743 0.447655 9.99553E-05
9.99552E-05 0.166665 0.365612 9.99552E-05 9.99552E-05 0.00440228 9.99552E-05 9.99552E-05 0.0662957 0.396525
9.9964E-05 0.138121 0.0619381 9.9964E-05 0.0418471 0.18405 0.213889 9.9964E-05 9.9964E-05 0.359754
9.99201E-05 9.99201E-05 9.99201E-05 9.99201E-05 9.99201E-05 9.99201E-05 9.99201E-05 0.999101 9.99201E-05 9.99201E-05
9.99372E-05 9.99372E-05 9.99372E-05 0.549515 9.99372E-05 9.99372E-05 9.99372E-05 0.0722947 0.377491 9.99372E-05
0.170782 9.99551E-05 0.688574 0.0247139 0.0896571 0.0257728 9.99551E-05 9.99551E-05 9.99551E-05 9.99551E-05
0.0473873 9.99551E-05 9.99551E-05 0.0875744 0.150734 9.99551E-05 0.253577 9.99551E-05 9.99551E-05 0.460228
9.99374E-05 9.99374E-05 0.0936977 0.903234 9.99374E-05 9.99374E-05 9.99374E-05 0.00236901 9.99374E-05 9.99374E-05
9.99641E-05 9.99641E-05 0.0915094 0.169717 9.99641E-05 0.0722464 0.0264204 9.99641E-05 0.619523 0.0201834
9.99552E-05 0.27953 9.99552E-05 0.306246 0.0273395 9.99552E-05 9.99552E-05 9.99552E-05 0.175263 0.211122
0.347723 0.417562 9.99374E-05 9.99374E-05 0.234015 9.99374E-05 9.99374E-05 9.99374E-05 9.99374E-05 9.99374E-05
0.137027 9.99463E-05 0.4937 9.99463E-05 0.22658 9.99463E-05 9.99463E-05 0.142093 9.99463E-05 9.99463E-05
0.0501368 9.9973E-05 0.145875 0.126688 9.9973E-05 0.123447 9.9973E-05 0.0194217 0.324442 0.209689
9.99552E-05 0.396341 0.442065 9.99552E-05 9.99552E-05 0.0673228 0.0127571 9.99552E-05 9.99552E-05 0.0810142
0.308522 0.122463 0.38128 0.151778 9.99551E-05 9.99551E-05 9.99551E-05 0.0354569 9.99551E-05 9.99551E-05
0.373525 9.99461E-05 0.254497 9.99461E-05 0.220093 9.99461E-05 0.151285 9.99461E-05 9.99461E-05 9.99461E-05
9.99641E-05 0.0184518 9.99641E-05 0.0678045 0.0805143 0.126862 9.99641E-05 9.99641E-05 0.488473 0.217494
9.99551E-05 0.367306 0.317486 9.99551E-05 9.99551E-05 0.0233415 9.99551E-05 9.99551E-05 0.0066592 0.284708
0.153778 9.99553E-05 0.362754 0.260383 9.99553E-05 9.99553E-05 9.99553E-05 9.99553E-05 0.0404855 0.1821
0.000559133 9.99731E-05 0.102859 0.129826 9.99731E-05 0.112513 0.266614 9.99731E-05 0.307927 0.0794006
0.77761 0.16892 9.99462E-05 9.99462E-05 9.99462E-05 9.99462E-05 9.99462E-05 0.0176045 0.0352656 9.99462E-05
9.99642E-05 9.99642E-05 9.99642E-05 9.99642E-05 0.0431704 0.000621074 0.0494503 0.0760171 0.342981 0.48736
9.99552E-05 9.99552E-05 0.000229507 0.0680116 0.58149 9.99552E-05 0.172445 9.99552E-05 9.99552E-05 0.177324
9.99464E-05 9.99464E-05 9.99464E-05 0.308626 9.99464E-05 9.99464E-05 0.119585 0.0972363 0.473953 9.99464E-05
0.267215 9.99641E-05 9.99641E-05 0.340612 9.99641E-05 9.99641E-05 0.10794 0.078889 0.155022 0.0499227
9.99641E-05 9.99641E-05 9.99641E-05 0.16985 9.99641E-05 0.0144145 0.0663516 0.121797 0.463647 0.16354
9.99463E-05 9.99463E-05 0.905346 9.99463E-05 0.00312196 0.0730518 9.99463E-05 0.0178805 9.99463E-05 9.99463E-05
0.459638 0.539563 9.99282E-05 9.99282E-05 9.99282E-05 9.99282E-05 9.99282E-05 9.99282E-05 9.99282E-05 9.99282E-05
0.0610262 9.99643E-05 0.134715 0.159355 0.304061 9.99643E-05 9.99643E-05 0.0124768 0.327966 9.99643E-05
9.99551E-05 0.075272 0.632819 9.99551E-05 0.158512 9.99551E-05 0.123018 0.00987887 9.99551E-05 9.99551E-05
9.9946E-05 9.9946E-05 9.9946E-05 9.9946E-05 0.668743 0.204997 9.9946E-05 0.0239259 9.9946E-05 0.101735
0.288939 9.9955E-05 9.9955E-05 9.9955E-05 9.9955E-05 0.111509 9.9955E-05 0.0119878 0.329296 0.257768
