9.9991E-05 0.467091 0.0815105 0.451299
0.104542 0.699994 0.177434 0.0180299
0.0258703 0.50658 0.224781 0.242769
0.115332 0.515506 0.134196 0.234965
0.0658042 0.326625 0.302566 0.305004
0.0099306 0.410156 0.260419 0.319495
0.0756313 0.37086 0.0983279 0.455181
0.113612 0.404475 0.251179 0.230734
0.111251 0.0989558 0.415653 0.37414
0.12954 9.9991E-05 0.437267 0.433093
9.9991E-05 0.113034 0.514098 0.372768
0.12451 0.0214671 0.303021 0.551001
0.157293 0.33949 0.224546 0.278671
0.198683 0.153515 0.346008 0.301794
0.0211449 0.161842 0.406657 0.410356
0.150413 0.0754497 0.245321 0.528816
0.12741 9.9991E-05 0.410309 0.462181
0.155271 0.299553 0.20524 0.339936
0.0236477 0.386866 0.139922 0.449565
0.0947684 0.484219 0.296246 0.124767
0.00743933 0.36586 0.268164 0.358537
0.104196 0.643269 0.125759 0.126777
9.9991E-05 0.59089 0.123461 0.285548
0.227943 0.596996 0.174961 9.9991E-05
9.9982E-05 9.9982E-05 0.468233 0.531567
0.183875 0.561189 0.0617167 0.193219
0.256081 0.402327 0.18697 0.154622
0.137969 0.472547 0.213953 0.175531
0.138401 0.461832 0.268221 0.131547
0.722328 0.26428 9.9991E-05 0.0132926
0.175607 0.083379 0.429037 0.311976
0.183174 0.0746764 0.472258 0.269891
0.104084 0.481733 9.9991E-05 0.414084
9.9991E-05 0.626794 0.321069 0.052037
9.9991E-05 0.224011 0.245693 0.530197
9.9982E-05 0.0360948 9.9982E-05 0.963705
9.9991E-05 0.69682 0.191535 0.111545
0.227091 0.00604654 0.192009 0.574854
0.166754 0.177579 0.412032 0.243635
9.9991E-05 0.230908 0.375776 0.393215
0.112091 0.670055 0.217753 9.9991E-05
0.0301643 0.739164 0.204907 0.0257645
0.0717333 0.776468 0.151698 9.9991E-05
0.141989 0.592113 0.105223 0.160674
0.200831 0.148273 0.327979 0.322917
0.147488 0.243551 0.482651 0.12631
0.052922 0.305087 0.342818 0.299174
0.105024 0.58162 0.144319 0.169037
0.153065 0.374988 0.282066 0.189881
0.180433 0.113932 0.128344 0.577292
0.099334 9.9991E-05 0.256625 0.643941
0.0487572 0.0741816 0.407272 0.469789
0.146675 0.655611 0.197614 9.9991E-05
0.112264 0.333688 0.314958 0.239091
0.246378 0.342135 0.411387 9.9991E-05
0.0443525 0.43934 0.23647 0.279838
0.200396 9.9998E-05 0.65963 0.139874
0.197995 0.5159 0.203793 0.0823114
0.0833589 0.253385 0.453508 0.209748
0.00116741 0.127674 0.483705 0.387454
0.0155966 0.984203 9.9982E-05 9.9982E-05
0.0547176 0.143638 0.255777 0.545867
0.0648509 0.360977 0.105762 0.46841
0.99239 9.9982E-05 9.9982E-05 0.00741018
9.9991E-05 0.399131 0.228615 0.372155
9.9982E-05 0.571196 9.9982E-05 0.428604
0.0107849 0.630586 0.0566545 0.301974
0.0654538 0.467424 0.188124 0.278998
0.0456973 0.406529 9.9991E-05 0.547674
0.199353 0.421187 0.183479 0.195981
0.171328 9.9991E-05 0.755695 0.072877
0.114276 0.352144 0.0835891 0.449991
0.180966 0.237588 0.185524 0.395923
0.117661 0.378965 0.270854 0.23252
0.285403 0.2567 0.343402 0.114494
0.0860726 0.101023 0.812805 9.9991E-05
0.0812195 0.717592 0.201089 9.9991E-05
0.0347418 0.844346 0.120812 9.9991E-05
9.9982E-05 0.809736 0.190064 9.9982E-05
0.150111 0.59526 0.128429 0.126201
0.0619371 0.613136 0.200212 0.124715
9.9991E-05 0.340036 0.269647 0.390216
0.333472 0.225386 0.320873 0.120268
0.0627372 0.115168 0.439902 0.382193
0.119422 0.595047 0.074038 0.211494
9.9991E-05 0.570729 0.342995 0.0861763
9.9982E-05 0.351121 9.9982E-05 0.648679
9.9982E-05 9.9982E-05 0.480111 0.519689
0.215862 0.221095 0.221995 0.341049
9.9991E-05 0.564431 0.179373 0.256096
0.9997 9.998E-05 9.998E-05 9.998E-05
0.0699997 0.167811 0.436074 0.326115
0.0299065 0.609982 0.0224018 0.33771
0.11928 0.27311 0.165243 0.442367
9.9991E-05 0.718473 0.00437004 0.277057
0.110985 0.624585 0.142074 0.122356
0.0482228 0.699138 0.25254 9.9991E-05
9.9991E-05 0.321085 0.378398 0.300417
0.509413 0.00335559 9.9991E-05 0.487131
0.389917 0.378582 0.0399201 0.191581
0.198336 0.296333 0.146949 0.358382
0.9997 9.998E-05 9.998E-05 9.998E-05
0.0925576 0.226173 0.457633 0.223636
9.9982E-05 9.9982E-05 0.948122 0.0516782
0.101655 0.303141 0.340049 0.255155
0.0863637 0.54656 0.278184 0.0888922
0.0899618 0.334581 0.294441 0.281016
0.0466456 0.438764 0.00520368 0.509387
0.289807 0.19122 0.395743 0.123231
0.0748064 0.378503 0.149976 0.396715
9.9991E-05 0.653493 0.246169 0.100238
0.280875 0.0466082 0.328558 0.343959
0.0644022 0.518017 0.321805 0.0957759
0.459837 0.158359 0.0491681 0.332637
0.0819278 0.718012 0.156236 0.0438239
0.9997 9.998E-05 9.998E-05 9.998E-05
9.9991E-05 0.320994 0.390898 0.288008
0.0867587 0.577785 0.0900434 0.245413
0.0988498 0.684114 0.216936 9.9991E-05
0.267588 0.153311 0.119217 0.459884
0.084165 0.595098 0.130739 0.189998
0.387757 0.175172 9.9991E-05 0.436971
0.226406 0.538022 0.235472 9.9991E-05
9.9991E-05 0.170759 0.445533 0.383608
0.211033 0.22959 0.347547 0.21183
0.0922003 0.104779 0.331695 0.471326
0.049486 0.15233 0.333684 0.4645
0.132231 0.32702 0.277625 0.263124
9.9991E-05 0.47947 0.323492 0.196938
0.131495 9.9991E-05 0.280495 0.58791
0.0335819 0.448067 9.9991E-05 0.518251
0.0895409 0.647361 0.08837 0.174728
0.364186 0.0876374 0.300752 0.247424
0.323302 0.358924 0.188067 0.129707
0.0636307 0.478253 0.19799 0.260126
0.0298333 9.9991E-05 0.400892 0.569174
9.9991E-05 0.609748 0.308195 0.0819564
0.13313 0.691979 0.174791 9.9991E-05
0.0707902 0.570626 0.238049 0.120535
0.0789815 0.443878 0.272408 0.204733
0.138987 0.393415 0.329309 0.138289
0.0613549 0.0132875 0.559685 0.365673
0.149891 0.217841 0.314528 0.31774
0.178512 0.258364 0.224926 0.338199
0.0353274 0.799221 0.0806011 0.0848501
0.39515 0.215582 0.0483861 0.340882
0.0691221 0.360751 0.334908 0.235219
9.998E-05 9.998E-05 9.998E-05 0.9997
9.9991E-05 0.50172 0.136245 0.361935
0.00446857 0.639074 0.356357 9.9991E-05
0.121198 0.0344631 0.372923 0.471416
9.9991E-05 0.477999 0.421011 0.100889
0.169973 0.256369 0.357386 0.216272
0.113481 0.427626 0.227768 0.231125
0.121287 0.197941 0.313595 0.367178
0.195677 0.320186 0.0751828 0.408953
9.9991E-05 0.533775 0.180251 0.285874
0.201191 0.35662 0.120569 0.32162
0.135785 0.835959 9.9991E-05 0.0281555
0.170948 0.352878 0.225665 0.250509
9.9991E-05 0.186201 0.311565 0.502134
9.998E-05 9.998E-05 9.998E-05 0.9997
9.9991E-05 0.0489669 0.130786 0.820147
0.0756064 0.640417 0.283876 9.9991E-05
0.0302282 0.496842 0.299164 0.173766
0.0277085 0.797818 9.9991E-05 0.174373
9.9991E-05 0.502247 0.128028 0.369625
0.0680265 0.140714 0.608712 0.182548
0.000792289 0.732627 0.266481 9.9991E-05
0.0847763 0.319032 0.0425741 0.553617
0.119382 0.195996 0.507596 0.177025
0.0995872 0.23889 0.314783 0.34674
0.131016 0.287783 9.9991E-05 0.581102
9.9982E-05 0.319462 0.680338 9.9982E-05
9.9991E-05 0.45584 0.164781 0.379279
0.108515 0.378297 0.489527 0.0236606
9.9991E-05 0.121224 0.351968 0.526708
0.136381 0.279052 0.473565 0.111002
9.998E-05 9.998E-05 0.9997 9.998E-05
0.187582 0.330244 0.388502 0.0936723
0.242223 9.9991E-05 0.199054 0.558623
0.0684536 0.22711 0.12764 0.576797
0.0146707 0.543739 0.287008 0.154582
0.153533 0.602953 0.0337057 0.209808
9.9991E-05 0.151249 0.225673 0.622978
9.998E-05 9.998E-05 0.9997 9.998E-05
0.0714891 0.498629 0.113133 0.31675
0.103496 0.0109739 0.465547 0.419983
9.9991E-05 0.859178 0.00269727 0.138025
0.279134 0.271208 0.246589 0.203069
