0.135212 9.99642E-05 9.99642E-05 9.99642E-05 0.672152 9.99642E-05 0.000695836 0.0176327 0.0841606 0.0897477
0.225123 0.291434 9.9973E-05 9.9973E-05 0.0519586 0.0930177 0.135109 0.137259 0.065799 9.9973E-05
9.99551E-05 0.0707212 9.99551E-05 0.120786 9.99551E-05 0.43628 0.322181 9.99551E-05 9.99551E-05 0.0495325
9.99552E-05 9.99552E-05 0.180314 9.99552E-05 0.299716 9.99552E-05 0.0694857 0.136911 0.313073 9.99552E-05
0.132745 0.150259 9.9973E-05 0.0267887 0.0921522 9.9973E-05 0.202522 0.0266751 0.368558 9.9973E-05
9.99641E-05 0.0264034 0.10906 0.0209829 0.668876 9.99641E-05 9.99641E-05 9.99641E-05 0.171508 0.00276982
0.0350767 0.189875 9.99732E-05 0.517671 0.0630544 9.99732E-05 0.0302639 9.99732E-05 0.130139 0.03362
0.107624 0.0670147 9.99463E-05 9.99463E-05 0.695814 0.128948 9.99463E-05 9.99463E-05 9.99463E-05 9.99463E-05
9.99553E-05 9.99553E-05 9.99553E-05 0.223879 0.000694671 9.99553E-05 9.99553E-05 0.280256 0.14784 0.346831
0.0743106 9.99463E-05 0.0255656 9.99463E-05 0.460504 9.99463E-05 9.99463E-05 9.99463E-05 9.99463E-05 0.43902
0.00180563 9.9973E-05 0.255794 0.0927593 9.9973E-05 0.0211495 0.315548 9.9973E-05 0.20178 0.110864
0.176615 0.0439251 9.99642E-05 0.0412221 9.99642E-05 9.99642E-05 9.99642E-05 0.510195 0.163555 0.0640872
9.99552E-05 0.310323 9.99552E-05 0.00492189 0.0389137 9.99552E-05 9.99552E-05 0.415548 0.229794 9.99552E-05
0.0196842 0.5077 9.99462E-05 9.99462E-05 0.42051 0.051506 9.99462E-05 9.99462E-05 9.99462E-05 9.99462E-05
9.99464E-05 9.99464E-05 9.99464E-05 0.014913 0.245692 9.99464E-05 9.99464E-05 0.597307 9.99464E-05 0.141488
9.99732E-05 0.0100304 0.00434187 9.99732E-05 0.425198 0.129905 0.350305 0.0110117 0.0689083 9.99732E-05
0.115514 0.206075 9.99731E-05 9.99731E-05 0.340876 0.00196127 9.99731E-05 0.102134 0.116766 0.116374
0.100104 9.9973E-05 0.148606 0.0988762 0.134035 0.188936 0.143853 9.9973E-05 9.9973E-05 0.18529
9.99461E-05 9.99461E-05 9.99461E-05 9.99461E-05 9.99461E-05 9.99461E-05 0.155564 0.575746 0.107937 0.160154
9.99373E-05 0.266464 9.99373E-05 9.99373E-05 0.598417 0.134419 9.99373E-05 9.99373E-05 9.99373E-05 9.99373E-05
9.99731E-05 9.99731E-05 0.250663 0.354661 0.0938404 0.0397384 0.135784 9.99731E-05 0.0225858 0.102428
9.9946E-05 9.9946E-05 9.9946E-05 9.9946E-05 9.9946E-05 9.9946E-05 0.237853 0.399288 0.194763 0.167496
0.0287236 0.151367 9.99641E-05 0.198152 0.374282 9.99641E-05 9.99641E-05 9.99641E-05 0.188538 0.0585379
9.99552E-05 0.0514923 9.99552E-05 0.000311144 0.0855613 9.99552E-05 0.0110859 9.99552E-05 0.85105 9.99552E-05
0.0422269 9.99552E-05 0.23372 9.99552E-05 0.175312 9.99552E-05 0.0179653 9.99552E-05 0.530276 9.99552E-05
9.99551E-05 9.99551E-05 0.0326123 9.99551E-05 0.354046 9.99551E-05 9.99551E-05 0.258817 0.208878 0.145147
0.306876 9.9946E-05 9.9946E-05 9.9946E-05 9.9946E-05 0.175039 0.229145 9.9946E-05 9.9946E-05 0.28834
0.0281433 0.0212576 9.99462E-05 9.99462E-05 9.99462E-05 9.99462E-05 0.646906 9.99462E-05 9.99462E-05 0.303094
9.9955E-05 0.347357 0.219724 9.9955E-05 9.9955E-05 0.179599 0.129373 0.123447 9.9955E-05 9.9955E-05
9.99372E-05 9.99372E-05 9.99372E-05 9.99372E-05 9.99372E-05 0.645101 9.99372E-05 0.0536291 0.300571 9.99372E-05
0.0900308 9.99462E-05 0.0980374 0.264114 9.99462E-05 9.99462E-05 0.547218 9.99462E-05 9.99462E-05 9.99462E-05
0.00866465 0.364651 9.99641E-05 0.38788 0.019375 0.110614 9.99641E-05 0.108416 9.99641E-05 9.99641E-05
9.99372E-05 9.99372E-05 9.99372E-05 0.109165 9.99372E-05 0.229916 9.99372E-05 9.99372E-05 9.99372E-05 0.660219
9.99641E-05 0.099577 9.99641E-05 0.307422 0.0317557 9.99641E-05 0.280829 0.258383 0.0216331 9.99641E-05
0.118449 9.99372E-05 9.99372E-05 9.99372E-05 0.591291 9.99372E-05 9.99372E-05 9.99372E-05 0.28956 9.99372E-05
0.123054 0.0757436 9.99553E-05 0.00882161 0.737811 9.99553E-05 9.99553E-05 9.99553E-05 9.99553E-05 0.0540695
0.207927 0.0408264 9.99553E-05 9.99553E-05 0.155715 9.99553E-05 0.539238 9.99553E-05 9.99553E-05 0.0557936
9.99462E-05 9.99462E-05 0.192565 9.99462E-05 9.99462E-05 9.99462E-05 0.0711065 9.99462E-05 0.302192 0.433537
0.176823 9.99731E-05 0.0745341 0.222246 0.232615 9.99731E-05 0.161717 0.0780221 0.0537441 9.99731E-05
9.99731E-05 0.0532803 0.225968 0.190764 0.19891 0.0360687 9.99731E-05 0.094021 0.200687 9.99731E-05
0.16069 0.0344997 9.99551E-05 9.99551E-05 9.99551E-05 0.547886 0.067516 9.99551E-05 9.99551E-05 0.188908
0.0539257 9.99372E-05 0.0101662 0.935208 9.99372E-05 9.99372E-05 9.99372E-05 9.99372E-05 9.99372E-05 9.99372E-05
0.0128413 0.11289 9.99551E-05 9.99551E-05 0.608089 9.99551E-05 9.99551E-05 9.99551E-05 0.0740944 0.191586
0.0426802 9.99641E-05 0.0776877 9.99641E-05 0.121342 9.99641E-05 0.406042 0.255004 0.0968444 9.99641E-05
0.105753 0.212563 9.99641E-05 9.99641E-05 0.13184 0.217201 0.0305792 0.301665 9.99641E-05 9.99641E-05
0.124162 9.99642E-05 0.00206322 0.139987 0.395728 0.268277 9.99642E-05 0.069384 9.99642E-05 9.99642E-05
9.99461E-05 0.0196341 9.99461E-05 0.170204 0.531382 0.27818 9.99461E-05 9.99461E-05 9.99461E-05 9.99461E-05
0.0957377 0.0708428 0.0111872 0.212529 0.281392 0.146159 9.9982E-05 0.0439169 9.9982E-05 0.138035
9.99375E-05 9.99375E-05 9.99375E-05 9.99375E-05 0.190437 0.406289 9.99375E-05 0.402574 9.99375E-05 9.99375E-05
0.13966 9.99461E-05 9.99461E-05 9.99461E-05 0.834625 9.99461E-05 0.00424142 9.99461E-05 0.0208738 9.99461E-05
9.9955E-05 9.9955E-05 0.0789578 9.9955E-05 0.361589 9.9955E-05 0.217868 0.181115 0.15997 9.9955E-05
0.0304372 0.34688 0.290927 9.99641E-05 0.130268 0.0281015 9.99641E-05 9.99641E-05 9.99641E-05 0.172986
9.9964E-05 9.9964E-05 9.9964E-05 9.9964E-05 0.260778 0.0522043 0.217089 0.0294375 0.171565 0.268527
9.99552E-05 9.99552E-05 0.308755 9.99552E-05 0.370192 0.216213 9.99552E-05 0.053241 0.0510994 9.99552E-05
9.99462E-05 0.858171 0.104372 9.99462E-05 9.99462E-05 0.0218853 9.99462E-05 9.99462E-05 9.99462E-05 0.0149728
0.142787 0.0666517 9.99552E-05 9.99552E-05 9.99552E-05 9.99552E-05 0.270189 0.225722 9.99552E-05 0.29415
9.99461E-05 0.113883 9.99461E-05 9.99461E-05 9.99461E-05 9.99461E-05 0.0292675 0.292267 0.563983 9.99461E-05
9.99464E-05 0.707643 9.99464E-05 9.99464E-05 9.99464E-05 9.99464E-05 0.112991 9.99464E-05 0.0105217 0.168245
0.198568 0.0800594 0.0284248 0.0834807 0.231174 9.9982E-05 0.283337 0.044384 9.9982E-05 0.0503729
0.136849 9.99641E-05 0.0952483 0.127765 0.440452 9.99641E-05 0.0739068 9.99641E-05 0.125379 9.99641E-05
0.043172 0.0147738 0.107088 9.99731E-05 0.0297769 0.0593904 0.398255 0.347244 9.99731E-05 9.99731E-05
0.32497 9.99551E-05 9.99551E-05 0.29249 0.120204 9.99551E-05 9.99551E-05 9.99551E-05 0.09208 0.169757
9.9946E-05 9.9946E-05 9.9946E-05 0.00429122 9.9946E-05 9.9946E-05 0.596465 0.185037 9.9946E-05 0.213607
0.0920395 9.99462E-05 0.0313038 9.99462E-05 9.99462E-05 0.670651 9.99462E-05 9.99462E-05 0.205406 9.99462E-05
9.99553E-05 9.99553E-05 9.99553E-05 0.00767645 0.513375 0.0740889 0.307299 9.99553E-05 9.99553E-05 0.0970602
0.103115 9.99462E-05 9.99462E-05 9.99462E-05 9.99462E-05 0.391685 9.99462E-05 0.44949 9.99462E-05 0.055111
9.99551E-05 9.99551E-05 0.15778 0.15341 0.522685 9.99551E-05 0.0338801 9.99551E-05 0.131746 9.99551E-05
0.182494 9.9964E-05 9.9964E-05 0.0770251 0.00353837 9.9964E-05 0.288455 0.240003 0.208085 9.9964E-05
0.12946 9.99552E-05 0.00752932 0.139888 0.34215 9.99552E-05 9.99552E-05 0.380473 9.99552E-05 9.99552E-05
9.99731E-05 9.99731E-05 0.0538233 0.116441 0.19989 0.094836 0.475792 9.99731E-05 0.0354082 0.0235097
0.0469955 0.159754 0.0761397 0.23166 0.191313 9.9982E-05 0.0479444 0.208891 9.9982E-05 0.0371033
0.269265 9.99551E-05 9.99551E-05 0.217987 9.99551E-05 0.160786 9.99551E-05 0.279318 0.0721446 9.99551E-05
0.200047 0.799154 9.99284E-05 9.99284E-05 9.99284E-05 9.99284E-05 9.99284E-05 9.99284E-05 9.99284E-05 9.99284E-05
0.278537 9.99641E-05 9.99641E-05 9.99641E-05 0.0617705 9.99641E-05 0.269505 0.299289 0.0756015 0.0148966
9.99466E-05 0.147851 9.99466E-05 9.99466E-05 0.660582 9.99466E-05 0.00466811 9.99466E-05 0.186299 9.99466E-05
0.238056 0.488764 9.99551E-05 0.0945194 0.0249125 9.99551E-05 9.99551E-05 0.153248 9.99551E-05 9.99551E-05
9.99286E-05 9.99286E-05 9.99286E-05 9.99286E-05 9.99286E-05 0.109237 9.99286E-05 0.889963 9.99286E-05 9.99286E-05
0.218733 0.124157 0.110542 9.99731E-05 9.99731E-05 9.99731E-05 0.0228142 0.1475 0.12884 0.247114
0.121494 9.9973E-05 0.229405 9.9973E-05 0.0388141 0.0353023 0.174445 0.384352 0.0158875 9.9973E-05
0.0310257 0.476236 0.0681315 9.99641E-05 0.183326 9.99641E-05 0.0412405 0.19964 9.99641E-05 9.99641E-05
0.257827 0.117699 9.99642E-05 9.99642E-05 0.367819 0.0483369 0.152572 0.0553459 9.99642E-05 9.99642E-05
9.99642E-05 0.0641268 0.135825 9.99642E-05 0.230829 9.99642E-05 9.99642E-05 0.322665 0.211357 0.034797
9.994E-05 0.270271 9.994E-05 0.347491 0.266687 9.994E-05 0.114952 9.994E-05 9.994E-05 9.994E-05
9.9946E-05 0.0151054 0.0946325 9.9946E-05 9.9946E-05 0.536493 9.9946E-05 0.353169 9.9946E-05 9.9946E-05
0.0841387 9.99641E-05 9.99641E-05 0.182507 0.38644 0.0788727 9.99641E-05 9.99641E-05 0.106298 0.161344
0.131687 9.9946E-05 9.9946E-05 9.9946E-05 0.53955 9.9946E-05 9.9946E-05 0.198533 9.9946E-05 0.12963
0.0971675 0.380691 9.99462E-05 9.99462E-05 0.0421222 9.99462E-05 9.99462E-05 9.99462E-05 9.99462E-05 0.479419
9.99462E-05 0.114322 9.99462E-05 9.99462E-05 9.99462E-05 0.0785047 0.0031002 9.99462E-05 0.803474 9.99462E-05
9.99821E-05 9.99821E-05 0.229283 0.143305 0.25072 0.0118683 0.206008 0.0228571 0.0312797 0.104479
9.99551E-05 9.99551E-05 9.99551E-05 9.99551E-05 0.00725787 0.0374279 9.99551E-05 0.499535 0.0407754 0.414504
9.99373E-05 9.99373E-05 9.99373E-05 9.99373E-05 9.99373E-05 0.58145 0.0354424 9.99373E-05 0.382408 9.99373E-05
9.99463E-05 0.227586 9.99463E-05 0.375587 0.163373 9.99463E-05 9.99463E-05 9.99463E-05 0.232855 9.99463E-05
9.99373E-05 0.0653585 9.99373E-05 0.821497 9.99373E-05 9.99373E-05 9.99373E-05 9.99373E-05 0.112445 9.99373E-05
9.99731E-05 0.133646 0.213266 9.99731E-05 0.3244 0.0676683 0.00782034 9.99731E-05 0.0298281 0.223071
0.127492 0.0657628 9.9982E-05 0.298168 9.9982E-05 0.0673514 0.0210027 0.109252 0.138071 0.172699
0.0273721 0.265589 0.0378082 0.0548231 0.222897 9.9982E-05 9.9982E-05 0.172221 0.119057 0.100033
9.99552E-05 0.0355901 9.99552E-05 0.0663367 0.32824 9.99552E-05 0.268673 9.99552E-05 9.99552E-05 0.300661
9.9955E-05 9.9955E-05 9.9955E-05 0.415821 0.146853 0.118256 9.9955E-05 0.12833 9.9955E-05 0.190241
9.99461E-05 9.99461E-05 9.99461E-05 9.99461E-05 0.180864 0.161015 0.344421 9.99461E-05 0.313101 9.99461E-05
9.9964E-05 0.0803823 9.9964E-05 0.0263718 0.0896546 0.0713052 9.9964E-05 9.9964E-05 0.454312 0.277574
9.99462E-05 9.99462E-05 9.99462E-05 0.107221 9.99462E-05 9.99462E-05 0.459499 9.99462E-05 0.173313 0.259367
9.99373E-05 9.99373E-05 9.99373E-05 9.99373E-05 9.99373E-05 0.194819 9.99373E-05 9.99373E-05 0.609183 0.195298
9.99201E-05 9.99201E-05 9.99201E-05 9.99201E-05 9.99201E-05 9.99201E-05 9.99201E-05 9.99201E-05 9.99201E-05 0.999101
9.99372E-05 9.99372E-05 0.762288 9.99372E-05 9.99372E-05 9.99372E-05 9.99372E-05 9.99372E-05 0.0122562 0.224756
9.99372E-05 9.99372E-05 9.99372E-05 9.99372E-05 0.761388 9.99372E-05 0.106446 9.99372E-05 9.99372E-05 0.131466
9.99372E-05 9.99372E-05 9.99372E-05 9.99372E-05 0.292809 9.99372E-05 9.99372E-05 0.367556 0.338936 9.99372E-05
9.995E-05 0.487764 0.0312051 0.0996475 0.244912 0.135971 9.995E-05 9.995E-05 9.995E-05 9.995E-05
9.99373E-05 9.99373E-05 9.99373E-05 9.99373E-05 0.302444 9.99373E-05 0.530065 9.99373E-05 9.99373E-05 0.166792
9.99642E-05 9.99642E-05 0.0775302 0.146183 0.251745 9.99642E-05 0.11342 0.153885 0.256837 9.99642E-05
9.99462E-05 9.99462E-05 0.507947 9.99462E-05 9.99462E-05 0.391122 0.0301382 9.99462E-05 9.99462E-05 0.0701935
9.99552E-05 0.159441 9.99552E-05 0.440114 9.99552E-05 0.0792903 0.102802 9.99552E-05 0.217852 9.99552E-05
0.0959134 9.99374E-05 9.99374E-05 9.99374E-05 0.632092 9.99374E-05 9.99374E-05 0.271295 9.99374E-05 9.99374E-05
9.99462E-05 0.173876 9.99462E-05 9.99462E-05 9.99462E-05 0.100211 0.212232 9.99462E-05 0.513081 9.99462E-05
0.00357594 0.255668 9.99642E-05 9.99642E-05 0.447924 0.102836 9.99642E-05 0.179677 9.99642E-05 0.00991879
9.99371E-05 9.99371E-05 9.99371E-05 9.99371E-05 9.99371E-05 0.263274 9.99371E-05 9.99371E-05 0.699647 0.0363794
9.99553E-05 0.306408 0.316214 9.99553E-05 9.99553E-05 9.99553E-05 0.0776288 0.25233 0.0469198 9.99553E-05
0.0824326 9.99372E-05 9.99372E-05 9.99372E-05 0.41131 9.99372E-05 9.99372E-05 0.505558 9.99372E-05 9.99372E-05
0.110038 0.0517691 9.99731E-05 9.99731E-05 0.0847591 0.0501298 0.0763623 0.394328 9.99731E-05 0.232314
0.0444732 9.9973E-05 0.118837 9.9973E-05 9.9973E-05 0.109489 0.199209 0.471065 0.00265708 0.0539697
0.0553418 0.410331 0.0191087 9.9982E-05 0.36861 0.0403945 9.9982E-05 0.018702 0.0585299 0.0287819
9.99551E-05 9.99551E-05 9.99551E-05 0.0468848 9.99551E-05 9.99551E-05 0.0123794 0.262994 0.577241 0.100002
9.99552E-05 0.513876 0.00429714 9.99552E-05 0.110028 9.99552E-05 9.99552E-05 9.99552E-05 0.353453 0.017846
9.99551E-05 0.189835 0.123494 9.99551E-05 0.541798 0.143299 9.99551E-05 0.0010744 9.99551E-05 9.99551E-05
9.99373E-05 0.14124 9.99373E-05 0.603143 0.254918 9.99373E-05 9.99373E-05 9.99373E-05 9.99373E-05 9.99373E-05
9.99553E-05 0.00372906 9.99553E-05 9.99553E-05 0.328208 0.300319 9.99553E-05 0.245822 0.121422 9.99553E-05
0.0304548 9.99551E-05 9.99551E-05 0.0765933 0.66778 9.99551E-05 9.99551E-05 9.99551E-05 0.0873256 0.137347
0.0291893 0.0846659 9.99461E-05 9.99461E-05 9.99461E-05 0.874669 9.99461E-05 9.99461E-05 9.99461E-05 0.0108761
0.114625 0.063348 0.00431232 9.9973E-05 0.126214 9.9973E-05 0.322357 0.301868 0.0669752 9.9973E-05
9.99552E-05 0.0220533 0.219135 9.99552E-05 0.187186 0.425693 0.145433 9.99552E-05 9.99552E-05 9.99552E-05
0.0178243 0.032659 9.99642E-05 0.1177 0.425877 9.99642E-05 9.99642E-05 9.99642E-05 0.139183 0.266357
0.077707 0.0150565 9.99642E-05 0.308861 9.99642E-05 9.99642E-05 9.99642E-05 0.296893 0.100431 0.200652
0.0410977 0.235976 0.00928148 0.0785562 0.521852 9.9973E-05 0.0600087 9.9973E-05 0.0529281 9.9973E-05
0.0434239 0.135766 0.0242017 0.226408 0.219827 9.9982E-05 0.0564973 0.204415 9.9982E-05 0.089261
0.0611941 9.9955E-05 0.21463 9.9955E-05 0.293716 9.9955E-05 9.9955E-05 0.0834683 9.9955E-05 0.346492
0.206685 9.99641E-05 0.0764008 0.0198838 0.352288 0.0210777 9.99641E-05 9.99641E-05 9.99641E-05 0.323265
9.99201E-05 9.99201E-05 9.99201E-05 9.99201E-05 0.999101 9.99201E-05 9.99201E-05 9.99201E-05 9.99201E-05 9.99201E-05
9.99553E-05 9.99553E-05 0.0143149 9.99553E-05 0.642326 0.078305 0.174233 0.0903215 9.99553E-05 9.99553E-05
9.99553E-05 9.99553E-05 0.122608 0.254674 0.386791 0.0472554 0.188172 9.99553E-05 9.99553E-05 9.99553E-05
0.210891 9.99641E-05 0.102578 0.39469 9.99641E-05 9.99641E-05 9.99641E-05 0.213699 0.0480118 0.0297303
9.993E-05 9.993E-05 9.993E-05 9.993E-05 0.545178 0.0387934 9.993E-05 0.415329 9.993E-05 9.993E-05
9.99284E-05 9.99284E-05 0.106488 9.99284E-05 9.99284E-05 9.99284E-05 0.892712 9.99284E-05 9.99284E-05 9.99284E-05
0.115969 0.037718 0.166638 9.99731E-05 0.0298118 9.99731E-05 0.0658795 9.99731E-05 0.370057 0.213627
0.0311273 0.025574 9.9982E-05 0.279461 0.220813 0.0737494 0.141753 0.0444283 9.9982E-05 0.182894
9.99642E-05 9.99642E-05 0.0027756 0.129673 9.99642E-05 0.0410632 0.204811 9.99642E-05 0.0783712 0.542906
0.041275 9.99552E-05 0.0359577 9.99552E-05 0.293006 9.99552E-05 9.99552E-05 0.0521619 0.5771 9.99552E-05
9.9973E-05 0.0886141 9.9973E-05 0.0554802 0.352348 0.0315176 0.178369 0.142515 0.150857 9.9973E-05
0.999101 9.99201E-05 9.99201E-05 9.99201E-05 9.99201E-05 9.99201E-05 9.99201E-05 9.99201E-05 9.99201E-05 9.99201E-05
9.99553E-05 9.99553E-05 0.0471581 9.99553E-05 0.624707 0.0439779 9.99553E-05 9.99553E-05 0.104239 0.179418
0.000931313 0.313547 0.0787059 0.155928 9.99551E-05 9.99551E-05 9.99551E-05 9.99551E-05 0.450388 9.99551E-05
0.315067 0.224702 0.110066 9.99643E-05 9.99643E-05 9.99643E-05 0.201908 0.14433 9.99643E-05 0.00352743
0.124689 0.0547698 0.04336 0.10553 9.99732E-05 0.15735 0.393056 0.120946 9.99732E-05 9.99732E-05
0.190089 9.99461E-05 9.99461E-05 9.99461E-05 0.00502886 9.99461E-05 9.99461E-05 0.637128 9.99461E-05 0.167154
9.99551E-05 0.00629728 9.99551E-05 0.0565002 0.0333995 9.99551E-05 0.766456 0.136848 9.99551E-05 9.99551E-05
0.0687584 0.0461844 9.99731E-05 9.99731E-05 0.216915 9.99731E-05 0.391633 0.030798 0.0393248 0.206087
0.0901526 0.217554 9.99731E-05 0.414372 0.00899259 0.0615272 0.0503836 9.99731E-05 0.156717 9.99731E-05
0.0584409 0.0198461 0.11726 0.173006 0.306075 9.99731E-05 0.243993 9.99731E-05 9.99731E-05 0.0810801
9.9991E-05 0.367804 0.240201 0.0410078 0.112302 0.000608405 0.0196542 0.0209334 0.0672947 0.130095
0.00971321 9.99732E-05 0.132712 9.99732E-05 0.0853455 0.125626 0.46479 0.0100789 9.99732E-05 0.171434
0.0119123 0.0663292 9.99643E-05 9.99643E-05 0.772025 9.99643E-05 0.042885 0.0475416 0.0589066 9.99643E-05
9.99731E-05 9.99731E-05 0.00542679 0.296528 0.27472 0.0344205 9.99731E-05 0.13514 0.130509 0.122956
0.999101 9.99201E-05 9.99201E-05 9.99201E-05 9.99201E-05 9.99201E-05 9.99201E-05 9.99201E-05 9.99201E-05 9.99201E-05
0.235805 9.996E-05 9.996E-05 0.0559642 0.296951 0.0184286 0.0671039 0.325348 9.996E-05 9.996E-05
9.99731E-05 0.28661 9.99731E-05 0.0792914 0.435832 0.0253476 9.99731E-05 0.0903365 0.0064866 0.0757959
0.1775 0.184469 9.99551E-05 0.178637 9.99551E-05 9.99551E-05 9.99551E-05 0.334884 9.99551E-05 0.12401
0.464383 0.0232279 9.99643E-05 0.0472921 0.0786036 9.99643E-05 9.99643E-05 0.327817 9.99643E-05 0.0582763
9.99551E-05 9.99551E-05 9.99551E-05 0.032349 0.666282 0.0894799 9.99551E-05 9.99551E-05 0.182447 0.0289422
9.99462E-05 9.99462E-05 9.99462E-05 0.113242 0.0221581 0.205607 0.658393 9.99462E-05 9.99462E-05 9.99462E-05
9.99553E-05 0.0899386 0.179784 9.99553E-05 9.99553E-05 0.0922425 0.0744545 0.56308 9.99553E-05 9.99553E-05
0.0502977 0.809606 9.99463E-05 0.128106 9.99463E-05 9.99463E-05 0.0113903 9.99463E-05 9.99463E-05 9.99463E-05
0.0308983 0.117968 0.0168063 0.0513272 0.355757 9.9982E-05 0.152949 9.9982E-05 0.168048 0.106046
9.99552E-05 9.99552E-05 0.0254712 9.99552E-05 0.268315 9.99552E-05 0.0825341 0.312888 0.310292 9.99552E-05
9.99641E-05 0.336474 0.0917055 9.99641E-05 0.177511 0.140106 0.232797 0.0210065 9.99641E-05 9.99641E-05
9.99461E-05 0.396151 0.0549751 9.99461E-05 9.99461E-05 9.99461E-05 9.99461E-05 0.301471 9.99461E-05 0.246804
0.0514558 9.99552E-05 9.99552E-05 0.0305862 0.616464 9.99552E-05 0.155367 9.99552E-05 0.145628 9.99552E-05
0.0434395 9.99551E-05 9.99551E-05 9.99551E-05 0.327922 9.99551E-05 0.243817 0.181983 0.202338 9.99551E-05
9.99553E-05 0.377098 0.0863994 9.99553E-05 0.246022 9.99553E-05 0.144591 0.145391 9.99553E-05 9.99553E-05
0.021049 0.0730863 9.99732E-05 0.0416345 0.0742894 9.99732E-05 9.99732E-05 0.098789 0.524311 0.166541
9.99372E-05 9.99372E-05 0.902163 0.0902025 9.99372E-05 9.99372E-05 9.99372E-05 9.99372E-05 0.0069353 9.99372E-05
0.0453434 9.99642E-05 9.99642E-05 0.19611 0.372299 9.99642E-05 0.157768 9.99642E-05 0.158892 0.0691885
0.0221057 0.0524722 9.99731E-05 0.00943785 9.99731E-05 0.143223 0.0398628 0.125468 9.99731E-05 0.607131
0.182246 9.99552E-05 0.0260617 0.508479 0.13882 9.99552E-05 9.99552E-05 9.99552E-05 9.99552E-05 0.143893
0.183144 9.99731E-05 0.0346184 0.329474 0.192498 9.99731E-05 0.0260558 0.0889462 9.99731E-05 0.144964
9.99461E-05 9.99461E-05 9.99461E-05 0.35812 0.368261 9.99461E-05 0.189512 0.0835083 9.99461E-05 9.99461E-05
9.99464E-05 0.132576 9.99464E-05 9.99464E-05 0.412344 9.99464E-05 9.99464E-05 0.192381 0.262099 9.99464E-05
9.99201E-05 9.99201E-05 0.999101 9.99201E-05 9.99201E-05 9.99201E-05 9.99201E-05 9.99201E-05 9.99201E-05 9.99201E-05
0.158397 0.0446086 9.99463E-05 9.99463E-05 9.99463E-05 9.99463E-05 0.0886227 0.707772 9.99463E-05 9.99463E-05
0.0702144 0.193549 9.99642E-05 9.99642E-05 0.48911 9.99642E-05 9.99642E-05 0.0761241 0.0585118 0.112091
0.0682319 0.159635 0.104399 9.9973E-05 0.0315407 9.9973E-05 0.374218 9.9973E-05 0.21735 0.0443255
9.9955E-05 0.324448 0.180001 0.0713072 0.27509 9.9955E-05 9.9955E-05 9.9955E-05 0.148654 9.9955E-05
