9.9982E-05 0.0660225 0.852807 0.0447819 0.0361882 9.9982E-05
0.407493 9.9982E-05 0.2376 0.103504 0.251203 9.9982E-05
0.176064 0.114968 0.189827 9.9991E-05 0.366975 0.152065
0.0518029 0.042863 0.321039 0.0550762 0.481185 0.0480335
0.0282971 0.172691 0.141052 0.067942 0.464113 0.125904
9.9973E-05 0.0646613 9.9973E-05 0.0490828 0.885956 9.9973E-05
0.0513663 0.166287 0.330047 0.0686163 0.342206 0.0414761
0.352102 0.0660489 0.25306 0.0724603 0.205613 0.0507153
9.999E-05 0.0568498 0.297668 0.0776584 0.503959 0.0637642
9.999E-05 0.0717758 0.322908 0.354507 0.0397639 0.210945
0.155654 0.304791 0.189383 0.306931 0.00287974 0.0403608
0.274243 0.200979 0.296417 0.0885674 0.0175062 0.122288
9.9982E-05 0.201438 9.9982E-05 0.0688088 0.542922 0.186631
0.371879 0.132533 0.274564 0.108368 0.00722395 0.105432
0.823517 0.176083 9.9964E-05 9.9964E-05 9.9964E-05 9.9964E-05
0.377211 0.179585 0.118098 0.0554522 0.185434 0.0842193
0.764477 0.0930463 9.9973E-05 0.142176 9.9973E-05 9.9973E-05
0.0598003 0.304313 0.021329 0.0909968 0.293049 0.230512
0.107289 0.181155 0.338663 9.9991E-05 0.354487 0.0183066
0.0408797 0.166859 0.138616 0.0787723 0.503641 0.0712326
0.102931 0.140883 0.491155 0.119397 0.145534 9.9991E-05
0.322196 0.122938 0.3039 0.0900362 0.16083 9.9991E-05
0.1556 0.235915 0.323911 0.0235512 0.226132 0.0348905
0.14405 0.0607874 9.9982E-05 9.9982E-05 0.577288 0.217675
9.9982E-05 0.394461 0.204441 0.390529 0.0103684 9.9982E-05
0.0752391 0.0649717 0.702891 9.9991E-05 0.0471842 0.109614
0.371585 0.0682501 0.293073 0.172067 9.9991E-05 0.094926
0.275904 0.139782 0.190772 0.0707765 0.221789 0.100977
0.141509 9.9991E-05 0.0166662 0.0586877 0.54201 0.241027
0.120979 0.0256247 0.00449025 9.9991E-05 0.203204 0.645603
0.238187 0.0763096 0.0566494 0.220408 0.249635 0.158812
0.109565 0.0212698 0.576098 0.200351 9.9991E-05 0.0926157
0.138532 0.126768 0.111367 9.9991E-05 0.515979 0.107254
0.314879 0.122539 9.9982E-05 0.129278 0.433104 9.9982E-05
0.0704326 0.283372 0.298821 0.161015 0.164729 0.0216309
9.9964E-05 0.179183 0.820417 9.9964E-05 9.9964E-05 9.9964E-05
0.00358131 0.0557545 9.9982E-05 0.245948 0.694516 9.9982E-05
0.0367663 0.0585481 0.586833 0.177038 9.9991E-05 0.140715
0.202558 0.116622 9.9991E-05 0.110332 0.496164 0.0742241
0.167244 0.135738 0.168521 0.0323773 0.496019 9.9991E-05
0.243579 0.0684032 0.186349 0.0802845 0.303275 0.118109
0.15946 0.153671 0.0153727 0.227776 0.402093 0.041627
0.228593 0.122265 0.283901 0.0813871 0.283754 9.9991E-05
0.104553 9.9991E-05 0.607224 0.119113 0.0424589 0.126551
0.192405 0.151453 0.471411 0.106138 9.9991E-05 0.0784923
0.142247 0.0424025 0.251241 0.286405 0.261224 0.0164818
0.451025 0.0350931 0.0293594 0.0327677 0.451655 9.9991E-05
0.236707 0.072873 0.00742326 9.9991E-05 0.508865 0.174032
0.44576 0.0820753 0.139042 0.157732 9.9991E-05 0.175291
0.385449 0.0768107 0.288438 9.9991E-05 0.208088 0.0411147
0.187455 0.201775 0.324253 0.169319 0.00271588 0.114481
0.173604 0.198208 0.135649 0.0924006 0.329902 0.0702358
0.556267 0.017288 0.155161 9.9991E-05 0.245938 0.0252464
0.426373 0.0811475 9.9991E-05 0.132533 0.267071 0.0927759
0.314962 9.9982E-05 0.363666 0.0604475 9.9982E-05 0.260724
0.0917455 0.202874 0.0431556 0.0297347 0.572526 0.0599646
0.278187 0.00517041 0.512717 0.203725 9.9982E-05 9.9982E-05
9.9991E-05 0.0768426 0.239151 0.150827 0.386343 0.146736
0.114425 0.120668 0.0694997 0.213737 0.37233 0.10934
0.07136 0.171328 0.351612 0.292744 0.0709466 0.0420098
9.9973E-05 9.9973E-05 9.9973E-05 0.0528848 0.890408 0.0564068
0.0735259 0.27857 0.0611919 0.188616 0.319962 0.0781339
0.201207 0.137067 0.066345 9.9991E-05 0.523287 0.0719936
0.0479417 0.0687096 9.9973E-05 9.9973E-05 9.9973E-05 0.883049
0.170549 0.000493388 0.327264 0.210988 0.290605 9.9991E-05
9.9973E-05 0.0818305 0.859371 9.9973E-05 0.0584987 9.9973E-05
0.0214971 0.147714 0.440218 0.175856 0.214616 9.9991E-05
0.175669 0.0387501 9.9982E-05 9.9982E-05 0.678542 0.106839
9.9982E-05 0.138386 0.329768 9.9982E-05 0.433366 0.0982802
0.32427 0.15595 0.087399 0.0139825 0.252534 0.165864
0.0453778 0.0605555 0.106981 0.366616 0.223363 0.197107
0.521175 0.133269 0.27163 9.9991E-05 0.0703511 0.00347482
0.297721 0.220397 0.0925912 0.0131251 0.215741 0.160425
0.443836 0.122723 9.9991E-05 0.147459 0.219485 0.0663975
0.345368 0.016987 0.220043 0.215393 9.9991E-05 0.20211
0.524633 0.0969842 9.9991E-05 0.259933 0.0648807 0.0534685
0.0766858 0.259698 9.9991E-05 0.0879304 0.572067 0.00351917
9.9982E-05 0.0649682 9.9982E-05 0.150312 0.729604 0.054916
0.0342508 0.0203887 9.9982E-05 0.0434699 0.901691 9.9982E-05
0.0829903 0.0712669 9.9991E-05 0.0986543 0.562489 0.1845
0.166463 0.0965147 0.311868 0.0548188 0.327598 0.042737
0.0191196 0.0924768 0.27392 0.092699 0.446762 0.0750228
0.135567 9.9991E-05 0.257551 0.212832 0.17166 0.222291
0.369532 0.0622249 9.9991E-05 0.103368 0.353942 0.110833
0.184783 0.13961 0.0843801 0.0119755 0.467882 0.11137
0.121656 9.9982E-05 0.480822 0.153651 0.243671 9.9982E-05
9.9973E-05 0.168827 0.473359 9.9973E-05 0.357514 9.9973E-05
0.293642 0.183234 9.9982E-05 0.261939 0.260985 9.9982E-05
0.269922 0.182909 0.137011 0.0823987 0.118089 0.209669
0.0587165 0.120109 0.560773 0.0239917 0.228811 0.00759854
9.9964E-05 9.9964E-05 9.9964E-05 0.0356012 9.9964E-05 0.963999
0.276221 0.114814 0.256459 0.201035 0.147437 0.00403373
9.9982E-05 0.113243 0.0645716 9.9982E-05 0.812044 0.00994156
0.708928 0.163331 0.049881 9.9982E-05 9.9982E-05 0.0776598
9.9982E-05 0.116628 0.163271 0.0223908 0.69751 9.9982E-05
0.125086 0.0463429 0.0822052 0.119849 0.58739 0.0391266
0.245149 9.9982E-05 0.625715 0.0830667 9.9982E-05 0.0458699
0.148238 0.0037888 0.0279951 0.226977 0.492525 0.100477
9.9982E-05 0.18016 0.0672182 9.9982E-05 0.183294 0.569128
0.260636 9.9991E-05 0.0518378 0.0364357 0.18884 0.462151
0.0579857 0.0689452 0.27533 0.0583407 0.338921 0.200477
9.996E-05 9.996E-05 9.996E-05 9.996E-05 9.996E-05 0.9995
0.393378 0.117406 9.9991E-05 0.189567 0.231898 0.0676513
9.996E-05 9.996E-05 9.996E-05 0.9995 9.996E-05 9.996E-05
0.323453 0.104281 0.48683 0.0459869 0.0173989 0.0220499
0.361504 9.9973E-05 0.286561 9.9973E-05 0.351635 9.9973E-05
0.470441 0.0464138 0.235012 0.0290742 0.206948 0.0121116
9.9991E-05 0.131406 0.0777733 0.165754 0.524058 0.100909
0.259395 0.102973 0.121419 0.132117 0.161155 0.222942
0.126028 0.153293 0.249022 0.0143836 0.365216 0.092058
0.0778661 0.0653954 0.0537926 0.100956 0.700343 0.00164701
9.9991E-05 0.158186 0.164079 0.163132 0.240964 0.273539
0.27754 0.00293255 0.105624 0.126441 0.346881 0.140582
0.05035 0.136629 0.000589234 9.9991E-05 0.347143 0.465188
0.0850723 0.0353482 0.238858 0.154862 0.391197 0.0946626
9.996E-05 9.996E-05 9.996E-05 9.996E-05 9.996E-05 0.9995
0.299522 0.0047073 0.289803 0.151602 0.254266 9.9991E-05
0.019119 0.200431 0.576154 0.0359885 0.168207 9.9991E-05
9.9982E-05 0.0252669 9.9982E-05 0.105866 0.788368 0.080299
9.9982E-05 0.192226 0.614256 0.14906 9.9982E-05 0.0442591
0.110275 0.155017 0.218525 0.0512898 0.464793 9.9991E-05
9.9982E-05 0.250243 9.9982E-05 0.00419416 0.391635 0.353728
0.12886 0.143289 9.9991E-05 0.137859 0.385194 0.204698
0.304649 0.0422792 9.9982E-05 0.0931848 0.559687 9.9982E-05
0.147655 0.179793 0.147858 0.122986 0.0580322 0.343677
0.470037 0.126641 9.9973E-05 9.9973E-05 0.403022 9.9973E-05
0.31128 0.153214 0.28954 0.0356096 0.210257 9.9991E-05
0.0561243 0.09805 0.225524 0.18812 0.216468 0.215713
0.217061 0.0436047 0.461553 0.0618426 0.215839 9.9991E-05
0.00771917 0.128567 0.523484 0.161683 9.9991E-05 0.178446
9.9982E-05 0.121461 0.587079 9.9982E-05 0.277937 0.0133236
0.103951 0.121378 9.9982E-05 9.9982E-05 0.77072 0.00375015
9.9982E-05 0.0676505 9.9982E-05 0.115814 0.50355 0.312786
0.41929 0.084679 9.9991E-05 0.0329033 0.315403 0.147624
9.99837E-05 0.047899 0.232938 0.0224877 0.696475 9.99837E-05
0.0974577 0.128288 0.27458 0.200099 0.272329 0.027246
0.870525 9.9973E-05 0.00626844 9.9973E-05 0.122906 9.9973E-05
0.957376 9.9964E-05 9.9964E-05 9.9964E-05 9.9964E-05 0.0422239
0.248778 0.12196 0.419488 0.0683486 0.0175949 0.123831
0.157676 0.053388 0.0694489 0.155487 0.54663 0.0173694
0.0270163 0.115262 0.0948993 0.171372 0.59135 9.9991E-05
0.439601 0.158041 9.9982E-05 0.199798 0.202361 9.9982E-05
0.0288529 0.0227529 0.202265 0.235934 0.323933 0.186262
0.0854454 0.0661446 0.599904 0.104325 9.9991E-05 0.144081
0.14721 0.135967 0.03071 0.0999561 0.546974 0.0391827
0.0323159 0.197749 9.9982E-05 9.9982E-05 0.412328 0.357407
0.231909 0.11037 9.9982E-05 0.149787 0.507734 9.9982E-05
9.996E-05 0.9995 9.996E-05 9.996E-05 9.996E-05 9.996E-05
9.9982E-05 0.198781 0.394756 0.052378 0.353886 9.9982E-05
9.9991E-05 0.0715529 0.141411 0.259072 0.489961 0.0379033
0.203594 0.122874 0.424286 0.13899 0.034359 0.0758973
0.0807329 0.0869102 0.00790558 0.297992 0.526359 9.9991E-05
0.0423798 0.222608 0.169386 0.177137 0.245617 0.142873
0.427191 0.129763 0.0636439 0.113211 0.156247 0.109944
0.3251 0.191195 0.248247 0.0228095 0.209771 0.00287779
0.316707 0.181155 0.063736 0.0386964 0.212618 0.187087
0.00576289 0.146529 0.381875 0.112302 0.333199 0.0203316
0.0954314 0.164829 0.106541 0.0617163 0.405336 0.166147
9.9973E-05 9.9973E-05 0.793363 9.9973E-05 0.0733345 0.133002
0.31525 0.0633617 0.126317 0.0420413 0.304006 0.149024
0.0655599 0.12834 0.291824 0.115201 0.398976 9.9991E-05
9.996E-05 0.9995 9.996E-05 9.996E-05 9.996E-05 9.996E-05
0.237176 0.616848 0.109564 9.9982E-05 0.036212 9.9982E-05
0.466662 9.9982E-05 9.9982E-05 0.0799629 0.441838 0.0113376
0.16762 0.050029 0.333395 0.164797 0.270106 0.014053
9.9964E-05 0.164628 0.834972 9.9964E-05 9.9964E-05 9.9964E-05
0.33491 0.106486 0.374675 9.9982E-05 0.183729 9.9982E-05
0.454533 0.097166 0.0308323 0.281963 0.135406 9.9991E-05
0.9995 9.996E-05 9.996E-05 9.996E-05 9.996E-05 9.996E-05
0.221896 0.202102 0.095929 9.9991E-05 0.343203 0.136771
0.286618 0.000399968 0.235311 0.0915483 0.210423 0.1757
0.534237 0.0833441 0.144124 0.10343 0.0672993 0.0675661
0.0610976 0.152829 0.2073 0.106622 0.260332 0.21182
0.543173 0.000666238 0.162925 0.293036 9.9982E-05 9.9982E-05
0.0996668 0.19224 0.201135 0.0119274 0.494931 9.9991E-05
0.141875 0.0165407 9.9991E-05 0.257166 0.493861 0.090457
0.175952 0.186571 0.197448 0.108743 0.331186 9.9991E-05
0.221684 9.9982E-05 0.590735 0.0337917 0.153589 9.9982E-05
9.99639E-05 9.99639E-05 9.99639E-05 0.972602 9.99639E-05 0.0269984
0.338535 0.0181527 0.226477 0.184415 0.120471 0.111948
0.789123 0.151855 9.9982E-05 0.0384569 9.9982E-05 0.0203649
0.025079 0.234958 0.309504 0.0459569 0.217473 0.167029
0.33416 0.0861556 0.423228 0.0583024 0.0499069 0.0482471
0.0306775 0.0578954 0.476512 9.9991E-05 0.269065 0.16575
0.185164 0.118036 0.268133 0.0573902 0.350482 0.0207946
9.996E-05 9.996E-05 9.996E-05 0.9995 9.996E-05 9.996E-05
0.0821755 0.171542 0.172022 0.0270773 0.468226 0.0789575
0.233177 0.130483 0.301535 0.296099 9.9991E-05 0.0386071
0.0735474 0.0161264 0.132032 9.9991E-05 0.759766 0.0184281
0.619467 0.0773268 0.154702 9.9982E-05 9.9982E-05 0.148304
