9.99731E-05 0.13473 9.99731E-05 0.0847586 0.0484658 0.246986 0.48476 9.99731E-05
0.208631 0.0519656 0.0294083 0.199637 0.0484707 0.161069 0.291687 0.00913186
9.998E-05 0.216593 9.998E-05 0.0836696 0.0314581 0.0690903 0.546087 0.0529019
0.108437 0.182086 9.99731E-05 9.99731E-05 0.080624 9.99731E-05 0.582327 0.0462255
9.9973E-05 0.228028 0.271846 9.9973E-05 0.184801 0.156725 0.1583 9.9973E-05
9.99641E-05 9.99641E-05 9.99641E-05 9.99641E-05 0.00675011 0.353713 0.56415 0.0749874
0.38091 0.0420328 0.177279 9.99731E-05 0.209367 0.190111 9.99731E-05 9.99731E-05
9.99463E-05 9.99463E-05 9.99463E-05 9.99463E-05 0.0774094 9.99463E-05 0.921991 9.99463E-05
0.707771 9.99642E-05 0.0880153 0.167703 9.99642E-05 9.99642E-05 9.99642E-05 0.0361108
9.99642E-05 9.99642E-05 9.99642E-05 0.545208 0.00309427 9.99642E-05 0.279393 0.171905
9.998E-05 0.117519 0.029245 0.579372 9.998E-05 0.0906939 0.108462 0.0745091
0.561992 9.99731E-05 0.0225048 0.0317836 0.20877 9.99731E-05 0.17465 9.99731E-05
0.570731 0.17108 0.0395681 9.99731E-05 0.110397 9.99731E-05 0.107924 9.99731E-05
9.997E-05 0.156327 0.130643 9.997E-05 0.206922 0.161185 0.344623 9.997E-05
0.635125 9.99642E-05 0.253829 0.103511 9.99642E-05 9.99642E-05 0.00713553 9.99642E-05
0.0314253 0.408169 0.199574 9.99732E-05 0.197759 9.99732E-05 0.162773 9.99732E-05
0.0164634 0.107875 0.247481 0.229102 9.99906E-05 9.99906E-05 0.21246 0.186418
9.998E-05 0.0748557 0.0152117 0.156493 0.261118 0.342595 9.998E-05 0.149527
0.353775 9.99641E-05 9.99641E-05 0.0845637 9.99641E-05 9.99641E-05 0.553347 0.00791507
0.0481775 0.0998124 0.0831824 9.99821E-05 0.0849062 0.147098 0.536624 9.99821E-05
9.998E-05 0.161209 9.998E-05 0.295445 0.0759292 0.131777 0.128512 0.206928
0.102918 0.229466 0.070027 0.597189 9.99641E-05 9.99641E-05 9.99641E-05 9.99641E-05
0.162792 0.203726 9.9982E-05 9.9982E-05 0.276416 0.0809689 0.143036 0.132862
9.998E-05 0.591039 9.998E-05 0.021293 0.0628957 0.10929 0.0808029 0.13448
9.997E-05 0.522186 9.997E-05 0.25625 0.0123218 0.109241 9.997E-05 0.099702
0.0828777 0.376044 9.99731E-05 0.0924217 0.0969981 0.351359 9.99731E-05 9.99731E-05
9.997E-05 0.0559398 9.997E-05 0.633115 0.19691 9.997E-05 0.0505108 0.0632245
9.99465E-05 9.99465E-05 9.99465E-05 0.549463 9.99465E-05 9.99465E-05 0.449938 9.99465E-05
0.222047 9.9982E-05 0.234172 9.9982E-05 0.0752937 0.0439414 0.13409 0.290256
9.99464E-05 0.881277 9.99464E-05 0.118124 9.99464E-05 9.99464E-05 9.99464E-05 9.99464E-05
9.99731E-05 9.99731E-05 0.0270846 0.0966504 0.163745 0.700965 9.99731E-05 0.0112548
0.185047 9.99643E-05 0.181817 0.179332 9.99643E-05 9.99643E-05 0.453405 9.99643E-05
0.0983686 9.99552E-05 9.99552E-05 0.542437 9.99552E-05 9.99552E-05 9.99552E-05 0.358695
0.157049 0.0114011 0.0680902 0.121843 9.99821E-05 0.116373 0.525043 9.99821E-05
9.996E-05 0.244423 9.996E-05 9.996E-05 0.162369 0.280386 0.312422 9.996E-05
9.996E-05 9.996E-05 0.0167861 9.996E-05 0.0858073 0.343818 0.553189 9.996E-05
9.99821E-05 9.99821E-05 0.0254714 0.0206954 0.245327 0.641467 0.0227255 0.0441143
9.99641E-05 9.99641E-05 9.99641E-05 0.159112 0.044032 0.056052 9.99641E-05 0.740404
0.0543777 0.00508952 9.9991E-05 0.0154649 0.0429373 0.363917 0.479156 0.0389575
9.99731E-05 0.0164774 9.99731E-05 0.0738661 9.99731E-05 0.481371 0.284078 0.143908
0.0748825 0.173267 9.99553E-05 0.75135 9.99553E-05 9.99553E-05 9.99553E-05 9.99553E-05
0.0454201 0.0692684 9.99643E-05 0.612494 9.99643E-05 0.272417 9.99643E-05 9.99643E-05
9.9982E-05 0.183717 0.144956 0.28888 0.000740175 0.0416332 0.339874 9.9982E-05
0.143899 0.0538152 9.99821E-05 0.225003 0.0331019 0.330387 0.213595 9.99821E-05
0.27385 0.180898 0.0984511 0.100758 0.141823 9.9991E-05 0.161347 0.042774
0.378728 9.99643E-05 9.99643E-05 9.99643E-05 0.0343475 0.0530184 0.533506 9.99643E-05
0.544561 0.184114 9.99821E-05 0.0130735 9.99821E-05 0.0729637 0.0249938 0.160094
0.0383319 9.9982E-05 0.205575 0.620815 0.0339868 9.9982E-05 0.0949793 0.00611225
0.448221 0.0836708 9.99643E-05 0.240557 9.99643E-05 0.227151 9.99643E-05 9.99643E-05
9.99551E-05 9.99551E-05 9.99551E-05 9.99551E-05 0.129326 0.405745 0.464429 9.99551E-05
9.99551E-05 0.26914 9.99551E-05 9.99551E-05 9.99551E-05 0.395489 0.334871 9.99551E-05
9.996E-05 9.996E-05 0.0515783 9.996E-05 0.110581 9.996E-05 0.244014 0.593427
0.196192 0.28074 9.9982E-05 0.349647 9.9982E-05 0.0586114 0.100133 0.0144764
0.317757 0.0425708 9.99642E-05 9.99642E-05 9.99642E-05 9.99642E-05 0.475164 0.164108
9.99551E-05 9.99551E-05 0.850392 9.99551E-05 0.0496847 9.99551E-05 9.99551E-05 0.0994234
9.99642E-05 9.99642E-05 0.446294 0.327918 9.99642E-05 0.20179 9.99642E-05 0.0235971
9.997E-05 0.321547 0.365419 0.109641 9.997E-05 0.091052 0.112041 9.997E-05
9.994E-05 9.994E-05 0.872497 0.126903 9.994E-05 9.994E-05 9.994E-05 9.994E-05
9.998E-05 9.998E-05 0.331843 0.177189 0.17899 0.15121 0.0718668 0.0887017
9.997E-05 9.997E-05 9.997E-05 0.115233 0.101635 0.456562 0.194141 0.13213
9.998E-05 0.0430542 0.153556 0.0901478 9.998E-05 0.298923 0.376232 0.0378873
0.00558112 0.0779554 9.9973E-05 0.56114 0.283511 0.0715121 9.9973E-05 9.9973E-05
0.0904567 9.99641E-05 0.0992382 0.739262 9.99641E-05 0.0706432 9.99641E-05 9.99641E-05
9.99553E-05 0.694556 9.99553E-05 9.99553E-05 0.0581039 9.99553E-05 0.24684 9.99553E-05
9.99552E-05 0.00563145 9.99552E-05 0.608 9.99552E-05 0.385869 9.99552E-05 9.99552E-05
0.467266 0.148889 9.99642E-05 0.0482343 9.99642E-05 9.99642E-05 0.335211 9.99642E-05
9.9964E-05 0.0547518 9.9964E-05 9.9964E-05 0.0450557 0.636629 0.263164 9.9964E-05
0.424703 9.997E-05 9.997E-05 0.144132 0.249485 0.0325645 0.148815 9.997E-05
0.401035 9.9982E-05 0.0483121 0.126239 0.0207643 0.382715 9.9982E-05 0.0207347
0.0158225 0.0632846 9.99821E-05 0.246248 9.99821E-05 0.222987 0.152936 0.298522
0.0932629 9.998E-05 9.998E-05 0.191597 0.138965 0.0276586 0.519956 0.0283611
0.300981 0.14919 9.99642E-05 0.49461 0.0548197 9.99642E-05 9.99642E-05 9.99642E-05
9.996E-05 9.996E-05 0.312558 9.996E-05 0.441666 9.996E-05 0.203321 0.042055
0.371507 9.99642E-05 9.99642E-05 0.250512 0.00751173 0.37007 9.99642E-05 9.99642E-05
9.99643E-05 0.118821 0.278225 9.99643E-05 9.99643E-05 0.145595 0.456959 9.99643E-05
0.0527996 0.0458136 0.378965 0.0300117 0.181451 0.0719303 0.238929 9.999E-05
0.826693 0.172708 9.99464E-05 9.99464E-05 9.99464E-05 9.99464E-05 9.99464E-05 9.99464E-05
9.998E-05 0.0373052 0.0522984 0.398795 0.112184 9.998E-05 0.257707 0.141511
0.262784 0.0366576 0.011845 0.0567646 9.99821E-05 0.401076 0.230673 9.99821E-05
9.99641E-05 9.99641E-05 0.420858 0.0162955 0.00730416 9.99641E-05 0.555142 9.99641E-05
0.0711609 9.997E-05 0.0147743 9.997E-05 0.410133 0.0723346 0.431297 9.997E-05
0.0670932 0.205191 0.319011 0.032847 9.99731E-05 9.99731E-05 0.375557 9.99731E-05
0.00154687 9.99732E-05 0.0332738 9.99732E-05 9.99732E-05 0.739528 0.0880154 0.137336
0.489952 0.202067 9.99641E-05 9.99641E-05 9.99641E-05 9.99641E-05 0.217051 0.0905303
0.136337 0.19395 9.99731E-05 0.385781 0.0665301 9.99731E-05 0.217103 9.99731E-05
0.0238579 9.996E-05 9.996E-05 0.250238 0.148508 9.996E-05 0.576996 9.996E-05
9.997E-05 9.997E-05 0.0351447 0.228829 0.048913 9.997E-05 0.514978 0.171836
0.0848423 0.614459 0.0945844 0.160253 9.99731E-05 9.99731E-05 0.0455618 9.99731E-05
0.617658 0.00958579 9.99642E-05 9.99642E-05 9.99642E-05 0.192165 9.99642E-05 0.180191
0.486299 0.0249835 0.0419937 0.259275 9.99731E-05 9.99731E-05 9.99731E-05 0.18715
0.0461319 0.953268 9.99465E-05 9.99465E-05 9.99465E-05 9.99465E-05 9.99465E-05 9.99465E-05
9.997E-05 0.271439 0.153288 9.997E-05 0.176713 0.318103 0.0801576 9.997E-05
0.189877 0.179577 0.158296 0.0131434 0.239177 0.219729 9.998E-05 9.998E-05
9.99552E-05 9.99552E-05 9.99552E-05 0.216824 9.99552E-05 9.99552E-05 0.412496 0.37018
0.286071 9.997E-05 0.0674381 0.377668 0.176436 9.997E-05 0.0920867 9.997E-05
0.0687196 9.99731E-05 0.0423969 0.0692842 0.0545248 9.99731E-05 0.764775 9.99731E-05
9.99821E-05 0.175474 0.0271157 0.305025 0.0193535 0.380087 9.99821E-05 0.0927453
0.493432 9.997E-05 0.0229058 0.212864 0.0834012 9.997E-05 0.187098 9.997E-05
9.996E-05 0.354396 9.996E-05 9.996E-05 0.13757 0.261923 0.245712 9.996E-05
9.9973E-05 0.514149 9.9973E-05 0.233105 0.0174811 9.9973E-05 0.117593 0.117372
9.99642E-05 0.00794589 9.99642E-05 0.640666 0.0651553 0.285833 9.99642E-05 9.99642E-05
9.99553E-05 0.811487 9.99553E-05 9.99553E-05 0.0640837 9.99553E-05 9.99553E-05 0.12393
0.0283058 0.0274265 9.99642E-05 0.511641 9.99642E-05 9.99642E-05 9.99642E-05 0.432226
9.994E-05 9.994E-05 9.994E-05 9.994E-05 9.994E-05 9.994E-05 9.994E-05 0.9993
0.0407274 9.99641E-05 0.00220415 9.99641E-05 9.99641E-05 0.0513703 0.905298 9.99641E-05
0.441382 0.130234 0.0456317 0.25613 9.9982E-05 0.0215948 0.104827 9.9982E-05
0.13005 9.997E-05 0.320982 0.0423475 9.997E-05 0.237154 0.269166 9.997E-05
9.996E-05 9.996E-05 9.996E-05 0.289981 9.996E-05 0.289863 0.274617 0.145139
0.325359 9.99462E-05 9.99462E-05 9.99462E-05 9.99462E-05 0.674041 9.99462E-05 9.99462E-05
0.295991 0.102218 9.99641E-05 9.99641E-05 9.99641E-05 0.077439 9.99641E-05 0.523952
9.99821E-05 0.375082 0.244928 0.0532523 0.109591 0.213006 0.00394023 9.99821E-05
0.228923 0.151398 0.00458694 9.998E-05 0.168196 0.141117 0.30558 9.998E-05
9.99642E-05 0.67455 0.220472 9.99642E-05 9.99642E-05 0.0863097 0.0182684 9.99642E-05
9.99553E-05 9.99553E-05 0.377619 9.99553E-05 9.99553E-05 0.161837 0.460044 9.99553E-05
9.994E-05 0.9993 9.994E-05 9.994E-05 9.994E-05 9.994E-05 9.994E-05 9.994E-05
0.0837958 9.99641E-05 0.428202 0.317471 9.99641E-05 9.99641E-05 9.99641E-05 0.170132
0.12929 0.0420124 9.996E-05 0.0439163 9.996E-05 9.996E-05 0.784382 9.996E-05
0.0759605 9.99642E-05 0.135517 0.285275 9.99642E-05 9.99642E-05 0.502847 9.99642E-05
0.192536 0.457075 0.163357 9.998E-05 0.152198 0.00130212 9.998E-05 0.0333329
0.0829369 0.00253772 0.0129255 9.99821E-05 9.99821E-05 0.0281635 0.701663 0.171573
9.99641E-05 0.526121 9.99641E-05 0.182286 0.052241 0.238952 9.99641E-05 9.99641E-05
0.0753616 0.165109 0.207586 9.99731E-05 9.99731E-05 0.123964 0.427679 9.99731E-05
0.109105 9.9973E-05 0.397352 9.9973E-05 9.9973E-05 0.200167 0.264639 0.0284373
9.998E-05 9.998E-05 0.0557916 0.240633 0.0660776 0.354859 0.202276 0.0801639
0.111983 0.145685 0.00898353 0.454184 9.99821E-05 9.99821E-05 0.262563 0.0164011
0.263516 9.997E-05 9.997E-05 0.500247 0.00161078 0.118246 0.11608 9.997E-05
0.208061 0.353665 0.0146069 0.385153 0.0382133 9.99732E-05 9.99732E-05 9.99732E-05
0.21153 9.998E-05 0.0495021 9.998E-05 0.115307 0.577119 0.00414728 0.0421939
9.99553E-05 0.12956 9.99553E-05 9.99553E-05 9.99553E-05 9.99553E-05 0.243755 0.626185
0.213953 0.193167 0.0443679 9.998E-05 0.128926 9.998E-05 0.151681 0.267705
0.258623 9.99732E-05 0.185932 0.324401 0.0354773 0.195267 9.99732E-05 9.99732E-05
9.9964E-05 9.9964E-05 0.100959 0.317476 9.9964E-05 0.158123 0.423043 9.9964E-05
0.0040639 9.99821E-05 0.14999 0.433265 0.0738925 0.181913 0.156675 9.99821E-05
0.0959551 9.99731E-05 9.99731E-05 0.132224 0.0294077 9.99731E-05 0.378711 0.363403
9.99642E-05 9.99642E-05 9.99642E-05 0.176298 0.167696 9.99642E-05 0.315208 0.340399
0.125571 9.99642E-05 9.99642E-05 9.99642E-05 9.99642E-05 0.586598 0.23132 0.0561114
9.99642E-05 9.99642E-05 9.99642E-05 0.0441362 9.99642E-05 0.747221 0.0460117 0.162231
9.99554E-05 9.99554E-05 9.99554E-05 9.99554E-05 9.99554E-05 0.788333 0.185959 0.0252087
0.64099 9.99642E-05 9.99642E-05 9.99642E-05 0.0648062 0.103798 9.99642E-05 0.190007
0.369944 0.0938739 9.996E-05 9.996E-05 9.996E-05 0.218631 0.317152 9.996E-05
9.99821E-05 0.0971609 9.99821E-05 0.1397 0.125297 0.402484 0.115234 0.119924
0.101684 0.0573253 9.999E-05 0.124852 0.113034 0.11187 0.015511 0.475623
0.114268 9.999E-05 0.183805 0.394954 0.0108046 0.0759573 0.19829 0.021821
9.99553E-05 9.99553E-05 9.99553E-05 0.844408 9.99553E-05 0.0100054 9.99553E-05 0.145087
9.996E-05 0.63703 9.996E-05 0.00368323 0.161584 9.996E-05 0.197302 9.996E-05
0.379009 0.0627433 0.172806 9.998E-05 0.0139576 9.998E-05 0.354109 0.017175
9.994E-05 9.994E-05 9.994E-05 9.994E-05 0.9993 9.994E-05 9.994E-05 9.994E-05
9.99463E-05 0.101655 9.99463E-05 9.99463E-05 9.99463E-05 9.99463E-05 0.897745 9.99463E-05
9.99641E-05 0.389581 0.158903 9.99641E-05 0.0980393 0.353078 9.99641E-05 9.99641E-05
0.231398 9.997E-05 0.164512 0.129812 0.344797 9.997E-05 9.997E-05 0.129181
0.573664 9.99642E-05 9.99642E-05 9.99642E-05 0.0914096 9.99642E-05 0.168468 0.166059
9.99642E-05 9.99642E-05 0.0368104 0.495762 0.0169177 9.99642E-05 0.45011 9.99642E-05
9.996E-05 9.996E-05 0.206835 0.21346 9.996E-05 0.503387 0.0759178 9.996E-05
9.997E-05 0.0256852 0.234237 0.119369 9.997E-05 0.252091 0.368317 9.997E-05
9.99553E-05 0.430516 9.99553E-05 9.99553E-05 0.152524 0.41646 9.99553E-05 9.99553E-05
9.99731E-05 9.99731E-05 9.99731E-05 0.231284 0.0355392 0.523354 0.11291 0.0966133
9.99642E-05 0.0798682 0.177332 9.99642E-05 9.99642E-05 9.99642E-05 0.50124 0.24116
9.99732E-05 0.0544764 0.0683816 0.548961 0.076074 0.251807 9.99732E-05 9.99732E-05
0.0457534 9.99553E-05 9.99553E-05 9.99553E-05 9.99553E-05 0.507182 0.446564 9.99553E-05
0.274103 0.133925 9.998E-05 9.998E-05 0.0325197 0.0313274 0.229181 0.298744
9.994E-05 9.994E-05 9.994E-05 9.994E-05 0.9993 9.994E-05 9.994E-05 9.994E-05
0.460636 9.997E-05 9.997E-05 0.0403379 0.256657 0.109446 0.132623 9.997E-05
9.99463E-05 9.99463E-05 9.99463E-05 0.0314865 9.99463E-05 9.99463E-05 0.967914 9.99463E-05
0.168387 9.99731E-05 0.281622 0.501621 9.99731E-05 9.99731E-05 0.0329196 0.0151505
0.234141 9.996E-05 9.996E-05 0.537704 0.182543 9.996E-05 0.0452124 9.996E-05
0.268159 0.0836336 9.998E-05 0.155414 0.0188665 0.155976 0.317751 9.998E-05
9.996E-05 0.00851734 0.207435 0.0968749 9.996E-05 0.686773 9.996E-05 9.996E-05
0.303449 9.997E-05 0.234158 9.997E-05 9.997E-05 0.303705 0.0329004 0.125489
9.997E-05 9.997E-05 0.574003 0.109606 0.150078 0.0501079 0.115905 9.997E-05
0.186303 0.134164 9.999E-05 0.193221 0.0505643 0.098086 0.263293 0.0742691
0.578214 9.99731E-05 9.99731E-05 9.99731E-05 0.0733546 0.296445 0.00807737 0.0436091
0.0822321 9.998E-05 0.309 0.0789391 0.124753 9.998E-05 0.176735 0.228141
0.169034 9.99731E-05 0.100951 0.108048 9.99731E-05 9.99731E-05 0.454755 0.166912
9.99641E-05 0.127452 9.99641E-05 0.0596097 9.99641E-05 0.257751 0.554788 9.99641E-05
0.189163 0.0372672 0.0956525 0.207065 9.999E-05 0.183579 0.196767 0.0904071
0.141525 9.99641E-05 0.697722 9.99641E-05 9.99641E-05 0.135385 0.0249671 9.99641E-05
0.439585 0.279326 9.997E-05 0.0665697 0.140402 9.997E-05 0.0738177 9.997E-05
9.99552E-05 9.99552E-05 0.136822 9.99552E-05 9.99552E-05 0.106979 9.99552E-05 0.755699
0.167226 9.99732E-05 9.99732E-05 9.99732E-05 0.00967285 0.680575 0.0420765 0.10015
9.99553E-05 9.99553E-05 0.0481784 0.690216 9.99553E-05 9.99553E-05 0.261105 9.99553E-05
9.996E-05 9.996E-05 9.996E-05 0.398489 0.228954 0.294124 0.0780335 9.996E-05
0.276783 9.99821E-05 9.99821E-05 0.142288 0.201481 0.0690863 0.185812 0.12435
0.101588 0.0844929 9.9973E-05 0.185575 0.045084 0.582959 9.9973E-05 9.9973E-05
9.99642E-05 0.12668 0.132338 9.99642E-05 0.163546 9.99642E-05 0.577037 9.99642E-05
9.994E-05 9.994E-05 9.994E-05 9.994E-05 9.994E-05 9.994E-05 9.994E-05 0.9993
0.247664 9.997E-05 0.222164 0.162021 0.0248538 9.997E-05 0.342997 9.997E-05
0.0898791 9.997E-05 9.997E-05 9.997E-05 0.155113 0.020382 0.645043 0.0892821
9.99731E-05 0.140303 9.99731E-05 9.99731E-05 0.0483989 0.287715 0.281596 0.241687
9.998E-05 0.175801 0.0852424 9.998E-05 0.11095 0.0906444 0.296498 0.240664
