9.99549E-05 9.99549E-05 0.139753 0.659824 0.184386 9.99549E-05 9.99549E-05 9.99549E-05 0.0155372
9.999E-05 0.236396 0.080663 0.124247 0.193844 0.191687 0.065812 0.0526867 0.0545657
0.0979794 0.031637 0.0926591 0.10496 0.460762 9.9991E-05 0.143352 0.0273198 0.0412308
0.0970557 0.103531 0.0842071 0.114691 0.242176 9.9982E-05 0.308338 9.9982E-05 0.0498008
0.0921415 0.246582 9.9982E-05 9.9982E-05 0.144819 0.0176792 0.446937 0.0322566 0.0193841
0.00998333 0.0573159 9.9982E-05 0.0593636 9.9982E-05 0.0533102 0.478906 0.249862 0.0910593
0.02377 9.9982E-05 0.10819 0.298229 0.280171 0.0466765 0.117356 0.125408 9.9982E-05
0.00665374 9.9982E-05 0.104475 0.270761 0.0830088 0.0943924 0.265106 0.175403 9.9982E-05
0.00889115 0.132502 0.136511 0.145129 9.9991E-05 0.0202556 0.256125 0.261191 0.0392953
0.0556975 0.106963 0.344234 0.213437 9.9973E-05 0.0795805 9.9973E-05 9.9973E-05 0.199789
0.106243 0.0344951 0.270959 0.152691 0.199832 9.9982E-05 9.9982E-05 0.0330501 0.20253
0.0495104 0.0726603 0.398387 9.99729E-05 9.99729E-05 0.0383061 0.20787 0.232966 9.99729E-05
0.0706751 0.217548 0.00869002 0.100792 0.169402 0.0713306 0.134806 0.147874 0.0788826
0.0261559 0.0694142 9.9991E-05 0.20675 0.0416229 0.161325 0.206453 0.191212 0.0969666
0.0304689 9.99549E-05 9.99549E-05 0.0628994 0.0256345 9.99549E-05 9.99549E-05 0.880497 9.99549E-05
0.104799 0.287033 9.9973E-05 0.220974 0.0913366 0.100128 9.9973E-05 0.195429 9.9973E-05
9.99369E-05 9.99369E-05 9.99369E-05 9.99369E-05 9.99369E-05 9.99369E-05 9.99369E-05 0.959383 0.0399172
0.0898543 9.9991E-05 0.187818 0.134792 0.286852 0.132829 0.0131219 0.121393 0.0332384
0.0411427 0.422223 9.9982E-05 0.154134 0.136769 0.0220312 0.0882684 0.135231 9.9982E-05
9.9982E-05 9.9982E-05 0.183429 0.187665 0.253529 0.131662 0.156077 0.00988834 0.077549
0.0494053 9.9982E-05 0.0126932 0.272376 0.130213 9.9982E-05 0.322079 0.109294 0.10374
9.99729E-05 0.157494 0.0215436 0.330612 9.99729E-05 9.99729E-05 0.0809857 0.360722 0.0483429
0.134154 0.222011 0.0498112 0.140107 0.310116 0.00555027 0.13805 9.9982E-05 9.9982E-05
9.9961E-05 9.9961E-05 9.9961E-05 0.172068 0.0376208 0.142369 0.647443 9.9961E-05 9.9961E-05
0.102964 9.9973E-05 0.316355 0.203909 0.00326752 9.9973E-05 9.9973E-05 0.123965 0.24924
0.0287829 9.9982E-05 0.198899 0.168324 0.450305 0.0580931 9.9982E-05 0.07182 0.0235768
0.0615167 0.0648935 0.439346 9.9982E-05 0.174335 0.0474249 9.9982E-05 0.137322 0.0749622
0.0450726 0.238934 9.9982E-05 0.133162 0.159125 0.0969606 9.9982E-05 0.253201 0.0733449
9.9973E-05 9.9973E-05 0.239783 0.00381957 0.330239 0.0533339 9.9973E-05 0.350021 0.0225023
0.0176937 9.9973E-05 9.9973E-05 0.0302827 0.199129 0.625473 9.9973E-05 0.118848 0.00827422
0.055794 0.217614 9.9973E-05 9.9973E-05 0.437681 9.9973E-05 0.0728724 0.119987 0.0957523
9.993E-05 9.993E-05 0.999201 9.993E-05 9.993E-05 9.993E-05 9.993E-05 9.993E-05 9.993E-05
0.102552 0.15299 9.9991E-05 0.0020181 0.42591 0.102623 0.166025 0.0340917 0.0136901
0.091138 9.9973E-05 0.119312 9.9973E-05 0.398687 9.9973E-05 0.132916 0.206052 0.0515953
0.0953793 9.9982E-05 0.138912 0.167527 0.0175669 9.9982E-05 0.244251 0.290858 0.0453055
9.993E-05 9.993E-05 9.993E-05 0.999201 9.993E-05 9.993E-05 9.993E-05 9.993E-05 9.993E-05
9.9973E-05 0.025886 9.9973E-05 0.0351493 0.490154 9.9973E-05 0.250647 0.0923255 0.105538
0.000797251 0.00663987 0.24324 0.514082 9.9982E-05 0.0613044 9.9982E-05 0.0749475 0.0987895
9.9973E-05 0.0152244 0.0201988 9.9973E-05 9.9973E-05 0.193683 0.608535 0.092707 0.0693526
0.154143 0.223348 0.0643421 0.24742 0.074919 9.9991E-05 0.0587027 0.126116 0.050909
0.0700134 0.247147 0.167271 0.0578061 0.224868 0.0365605 9.9982E-05 0.196134 9.9982E-05
0.0205124 9.9973E-05 0.338778 9.9973E-05 0.124724 0.10974 0.37786 9.9973E-05 0.0280858
0.0479514 9.9982E-05 0.270328 0.113313 0.348308 0.04995 0.123686 9.9982E-05 0.0462631
9.9964E-05 0.183001 0.330955 0.195915 0.147211 0.142517 9.9964E-05 9.9964E-05 9.9964E-05
0.000613463 9.99369E-05 0.998687 9.99369E-05 9.99369E-05 9.99369E-05 9.99369E-05 9.99369E-05 9.99369E-05
0.0149339 9.9973E-05 0.398477 9.9973E-05 0.069567 9.9973E-05 0.10287 0.246022 0.167831
0.0462131 0.116611 0.0624372 0.0522299 0.0939003 0.023795 0.563964 0.0390653 0.00178381
0.0161509 0.0826409 0.0780014 9.9982E-05 0.132022 0.0321078 0.506336 0.152541 9.9982E-05
0.0763536 9.9964E-05 0.245297 9.9964E-05 0.496566 0.000625879 9.9964E-05 0.180758 9.9964E-05
0.0636584 0.30349 9.9982E-05 0.245716 0.0707001 0.040882 0.0886903 0.186663 9.9982E-05
0.034659 0.102096 0.0270051 0.473963 9.9982E-05 0.080064 9.9982E-05 0.196676 0.0853371
0.0610242 0.425532 9.9973E-05 0.0734663 0.0547904 0.107503 0.277384 9.9973E-05 9.9973E-05
0.0193491 0.397563 0.0435497 9.9991E-05 0.347287 0.0709665 0.0248558 0.073473 0.0228555
9.9982E-05 0.011019 0.0163711 9.9982E-05 0.104468 0.0517089 0.316109 0.343745 0.156379
9.99369E-05 0.902149 9.99369E-05 9.99369E-05 9.99369E-05 0.0971513 9.99369E-05 9.99369E-05 9.99369E-05
0.0825241 9.9964E-05 0.165489 9.9964E-05 0.312782 9.9964E-05 0.427107 9.9964E-05 0.0116972
9.9946E-05 0.856753 0.064779 0.077868 9.9946E-05 9.9946E-05 9.9946E-05 9.9946E-05 9.9946E-05
0.057884 0.744303 9.99639E-05 0.0707098 9.99639E-05 9.99639E-05 0.094894 9.99639E-05 0.0318091
0.020001 0.228762 0.18145 9.9973E-05 0.397632 9.9973E-05 9.9973E-05 0.0042689 0.167587
0.062355 0.0692602 0.395488 0.0429122 0.104607 9.9982E-05 0.251769 9.9982E-05 0.0734078
0.0235422 9.99459E-05 9.99459E-05 9.99459E-05 0.946503 9.99459E-05 0.0293549 9.99459E-05 9.99459E-05
0.147498 0.00225989 0.242592 9.9982E-05 0.0871092 9.9982E-05 0.196975 0.204156 0.11921
0.0701748 0.119182 0.133849 0.0923218 0.156523 9.9982E-05 0.246572 0.181177 9.9982E-05
0.114018 9.9955E-05 9.9955E-05 0.02377 0.0500733 0.811639 9.9955E-05 9.9955E-05 9.9955E-05
9.9973E-05 0.00531853 0.00402147 0.262282 0.262489 9.9973E-05 0.312997 9.9973E-05 0.152592
9.9955E-05 0.0627839 9.9955E-05 0.820229 0.0872406 9.9955E-05 0.0292467 9.9955E-05 9.9955E-05
0.00906184 9.9982E-05 0.255114 0.249486 9.9982E-05 0.0281437 0.315344 0.0408591 0.101792
0.0612574 0.0791593 9.9973E-05 9.9973E-05 0.0242294 0.110111 0.523673 0.20127 9.9973E-05
0.007942 9.9973E-05 0.017002 0.19639 0.740292 0.00123413 0.0368404 9.9973E-05 9.9973E-05
0.10152 0.0247109 0.0852325 0.0458494 0.453694 0.146488 9.9991E-05 0.0611563 0.0812484
9.9964E-05 0.436132 0.0216619 9.9964E-05 9.9964E-05 0.0899582 0.185577 9.9964E-05 0.266271
0.0216847 9.9964E-05 0.162316 0.271177 9.9964E-05 9.9964E-05 9.9964E-05 0.541764 0.00265842
0.190029 9.9982E-05 0.020708 0.0626469 0.251541 0.070002 9.9982E-05 0.393471 0.0114025
0.0179123 0.071273 0.134661 9.9991E-05 0.00921636 0.0699469 0.236245 0.445432 0.0152135
0.00157458 9.9973E-05 0.313503 0.0541028 0.12256 9.9973E-05 9.9973E-05 0.439286 0.0686728
0.0392912 0.489486 0.103459 9.9973E-05 0.14349 9.9973E-05 9.9973E-05 0.15881 0.0651635
0.0717423 9.9964E-05 0.407648 9.9964E-05 0.155922 9.9964E-05 0.24091 0.123377 9.9964E-05
0.0267007 9.9937E-05 9.9937E-05 9.9937E-05 0.9726 9.9937E-05 9.9937E-05 9.9937E-05 9.9937E-05
9.9946E-05 9.9946E-05 9.9946E-05 9.9946E-05 0.898614 9.9946E-05 0.0891559 9.9946E-05 0.0116301
0.0292153 9.9955E-05 0.0978602 9.9955E-05 0.767682 9.9955E-05 9.9955E-05 0.104743 9.9955E-05
0.0704498 0.110745 0.176878 0.161915 0.240067 0.0864096 0.0929977 0.0604386 9.9991E-05
0.0596435 0.0670204 9.9991E-05 0.0804758 0.236746 0.00852174 0.479776 0.0400864 0.0276296
0.0167709 0.2078 0.357441 9.9982E-05 0.251595 0.125981 9.9982E-05 0.0271819 0.0130294
0.0634535 9.9973E-05 0.102657 9.9973E-05 0.407026 0.168324 0.186204 9.9973E-05 0.072035
0.0311838 0.0553866 0.1307 0.114697 0.00678965 0.0306447 0.382916 0.247583 9.9991E-05
9.9964E-05 0.244776 0.165301 0.175198 0.34706 9.9964E-05 9.9964E-05 9.9964E-05 0.0672657
0.0047778 9.9973E-05 9.9973E-05 0.801988 0.0621989 0.0104102 0.073544 0.0467811 9.9973E-05
0.0844343 0.319976 0.186964 9.99641E-05 9.99641E-05 9.99641E-05 0.244301 9.99641E-05 0.163924
9.99729E-05 9.99729E-05 0.00472644 0.350278 0.0337407 0.150931 9.99729E-05 0.395375 0.0646496
0.0559069 0.151462 0.483951 0.183979 0.0533825 9.9973E-05 0.0710179 9.9973E-05 9.9973E-05
9.9955E-05 9.9955E-05 9.9955E-05 0.00251013 0.00401271 0.957815 9.9955E-05 9.9955E-05 0.035162
0.00881285 9.9964E-05 0.282688 0.263719 9.9964E-05 9.9964E-05 9.9964E-05 0.432591 0.0117895
0.0837469 9.9955E-05 9.9955E-05 0.10278 0.163384 9.9955E-05 0.649589 9.9955E-05 9.9955E-05
0.136377 0.138104 9.9973E-05 0.130175 0.146552 0.0528264 9.9973E-05 0.395665 9.9973E-05
0.0109255 9.9973E-05 9.9973E-05 0.263392 0.30054 9.9973E-05 0.337218 0.0361174 0.0515074
9.9982E-05 9.9982E-05 0.133918 0.0587173 0.374845 0.0959554 0.142489 0.131752 0.0621233
9.9973E-05 0.337418 0.270815 0.115002 0.158011 0.101831 9.9973E-05 9.9973E-05 0.0166227
9.99551E-05 0.0202311 0.0830354 9.99551E-05 9.99551E-05 9.99551E-05 0.756991 9.99551E-05 0.139242
0.0674069 9.9955E-05 0.334671 9.9955E-05 9.9955E-05 0.406836 0.190587 9.9955E-05 9.9955E-05
9.9973E-05 0.0340924 9.9973E-05 0.0705413 0.0647112 0.332968 0.205715 0.291673 9.9973E-05
0.0661728 0.177931 0.115385 0.182086 9.9991E-05 0.0717261 0.0753343 0.283103 0.0281615
9.993E-05 9.993E-05 9.993E-05 9.993E-05 9.993E-05 0.999201 9.993E-05 9.993E-05 9.993E-05
0.059828 0.101992 9.9991E-05 0.0863546 0.272306 0.0313418 0.00462827 0.271203 0.172247
0.00361236 9.99459E-05 9.99459E-05 0.00375768 9.99459E-05 9.99459E-05 9.99459E-05 9.99459E-05 0.99203
0.0918115 0.212488 0.16074 0.117363 0.0970105 0.0322661 0.0586385 0.184658 0.0450254
9.9973E-05 0.411981 0.0183891 0.173275 0.101316 0.0358889 9.9973E-05 0.25885 9.9973E-05
9.9982E-05 0.120988 0.131048 0.0109504 0.353443 0.00515279 0.286526 0.0916915 9.9982E-05
0.111166 9.9991E-05 0.0954356 0.272222 0.0657154 0.0321092 0.157512 0.236785 0.0289542
0.0243822 0.0521122 0.127823 0.0303724 0.146671 0.206692 9.9991E-05 0.369175 0.0426722
0.0256248 0.0694903 9.9982E-05 0.268124 0.249812 0.0786177 0.0742091 0.233922 9.9982E-05
0.0577201 0.0895998 9.9973E-05 9.9973E-05 0.270259 9.9973E-05 0.329605 0.15632 0.0961969
0.106183 0.0771483 0.568282 9.9982E-05 9.9982E-05 0.0686482 0.0967746 0.0564246 0.0263397
0.000111702 0.190241 0.185643 0.0156834 0.377419 0.0478586 0.124791 9.9991E-05 0.0581529
0.0397764 9.9982E-05 9.9982E-05 0.00616913 0.114665 0.424921 0.333522 0.0662 0.0145473
9.9973E-05 9.9973E-05 0.055553 0.168951 0.458234 9.9973E-05 0.170061 0.136596 0.0103051
9.9937E-05 0.000579412 9.9937E-05 9.9937E-05 9.9937E-05 0.998721 9.9937E-05 9.9937E-05 9.9937E-05
9.9982E-05 0.0331312 0.113358 0.218203 0.0172458 9.9982E-05 0.121832 0.258801 0.237229
0.0685242 9.9973E-05 0.215256 0.311229 0.335502 0.03432 0.0348694 9.9973E-05 9.9973E-05
0.0443486 9.9964E-05 0.290829 9.9964E-05 0.333267 0.0029627 0.328193 9.9964E-05 9.9964E-05
0.093018 9.9964E-05 0.581112 0.107886 0.184599 9.9964E-05 9.9964E-05 0.0329863 9.9964E-05
0.0636186 9.9982E-05 0.0649275 0.151562 0.0457853 0.155695 0.364419 0.153792 9.9982E-05
0.119966 9.9964E-05 9.9964E-05 0.158853 9.9964E-05 0.36126 0.315855 0.0436664 9.9964E-05
0.0518322 9.99828E-05 0.244835 0.00285025 9.99828E-05 0.116609 0.19548 0.373884 0.0143081
0.0178337 0.303556 9.9964E-05 9.9964E-05 0.167593 9.9964E-05 0.468264 9.9964E-05 0.0423536
0.0513489 0.23995 0.0817995 9.9973E-05 9.9973E-05 0.0937714 0.414626 0.118204 9.9973E-05
9.99461E-05 0.0396132 9.99461E-05 9.99461E-05 9.99461E-05 9.99461E-05 0.289452 0.670335 9.99461E-05
0.130616 0.263538 0.306477 0.0829243 9.9964E-05 9.9964E-05 9.9964E-05 0.216045 9.9964E-05
9.9991E-05 0.0447105 0.221735 0.272457 0.0720909 0.0852253 0.205802 0.0825931 0.0152861
0.0366959 0.43353 0.0324358 9.9973E-05 0.120961 9.9973E-05 0.36925 0.00682682 9.9973E-05
9.9964E-05 0.186483 0.20261 0.457499 9.9964E-05 0.127824 9.9964E-05 9.9964E-05 0.0251849
9.9955E-05 9.9955E-05 0.131046 0.443614 9.9955E-05 9.9955E-05 0.397395 0.0274448 9.9955E-05
0.0744409 0.000251591 0.0517677 9.9982E-05 0.23948 0.119174 0.446415 0.0682701 9.9982E-05
0.0207927 0.0632057 9.99551E-05 9.99551E-05 9.99551E-05 0.290268 0.625234 9.99551E-05 9.99551E-05
0.0798328 0.0197644 0.0135083 9.9982E-05 0.340206 0.140705 9.9982E-05 0.39706 0.00872302
9.9973E-05 0.304115 0.149678 0.0964329 9.9973E-05 0.0201088 0.419182 9.9973E-05 0.0101845
0.118881 0.271112 0.179413 9.9973E-05 0.0383035 9.9973E-05 0.269389 9.9973E-05 0.122601
9.9946E-05 0.410953 9.9946E-05 9.9946E-05 0.345151 9.9946E-05 9.9946E-05 0.243296 9.9946E-05
0.0486971 0.438218 9.9955E-05 9.9955E-05 0.370731 9.9955E-05 9.9955E-05 0.141854 9.9955E-05
0.0673726 0.159714 0.279739 0.142151 0.0435921 9.9991E-05 0.161297 0.138323 0.00771173
0.00235576 9.9964E-05 9.9964E-05 9.9964E-05 0.245954 9.9964E-05 0.545402 0.119817 0.0860718
0.0903235 0.179046 0.274161 9.9982E-05 9.9982E-05 0.00066125 0.259004 0.109842 0.0867618
0.151647 0.16199 0.00319587 9.9982E-05 0.232642 9.9982E-05 0.0201349 0.300018 0.130172
0.0445292 0.361804 0.0361388 0.0538194 0.11544 0.133244 0.17329 0.0420799 0.0396541
0.000188491 0.216439 0.244969 0.314532 0.00550251 0.00877309 9.9991E-05 0.167417 0.0420795
9.9973E-05 9.9973E-05 9.9973E-05 0.165475 0.112059 0.0571701 0.549336 0.106752 0.00890775
0.0783179 9.99729E-05 9.99729E-05 0.13563 0.0919403 0.393802 0.198848 0.101162 9.99729E-05
0.0312018 9.9973E-05 9.9973E-05 0.118863 0.0338659 9.9973E-05 0.288319 0.487352 0.040098
0.999201 9.993E-05 9.993E-05 9.993E-05 9.993E-05 9.993E-05 9.993E-05 9.993E-05 9.993E-05
0.0530884 9.9973E-05 0.0803179 0.515435 0.220983 9.9973E-05 0.0797381 9.9973E-05 0.0501374
0.0549122 0.0844437 0.0284954 0.0814925 0.276069 0.00579868 0.249501 9.9991E-05 0.219188
0.0363213 0.325875 0.116748 9.9982E-05 0.0776087 9.9982E-05 0.273495 0.120635 0.0491172
0.0659612 0.0496539 9.9973E-05 0.162908 9.9973E-05 9.9973E-05 0.418268 0.137965 0.164944
0.117481 0.173515 0.118197 0.105491 9.9991E-05 0.176898 0.117656 0.151449 0.0392129
0.086558 9.9964E-05 0.282709 9.9964E-05 0.18273 9.9964E-05 0.0115447 0.436058 9.9964E-05
0.105228 0.2382 0.088843 0.00627033 0.108255 9.9982E-05 0.353131 0.0998728 9.9982E-05
0.0419342 9.9982E-05 0.0968503 0.190111 0.322363 0.169215 9.9982E-05 0.166574 0.0127522
0.0836266 0.170966 0.160823 0.128231 0.13369 9.9982E-05 0.31878 9.9982E-05 0.00368387
0.0759345 0.083397 0.0947046 9.9982E-05 0.550593 0.0443302 0.114646 9.9982E-05 0.0361945
9.9946E-05 9.9946E-05 9.9946E-05 0.461443 0.474972 0.0629853 9.9946E-05 9.9946E-05 9.9946E-05
0.0427826 9.9982E-05 0.104719 0.0301777 0.129125 0.0675012 0.251252 0.374242 9.9982E-05
0.108708 9.9982E-05 0.085274 0.184788 0.230979 9.9982E-05 0.278394 0.0830383 0.0286184
0.999201 9.993E-05 9.993E-05 9.993E-05 9.993E-05 9.993E-05 9.993E-05 9.993E-05 9.993E-05
0.379899 0.0552766 9.9973E-05 0.145142 0.0252217 9.9973E-05 0.183439 0.210721 9.9973E-05
9.9973E-05 0.151616 0.0201066 0.0642929 0.408681 9.9973E-05 9.9973E-05 0.275803 0.0792011
0.0411974 0.352428 9.9991E-05 0.242513 0.0998462 0.0992096 0.0266372 0.041418 0.0966502
0.0924294 9.9964E-05 0.191955 0.626042 0.0433651 0.045809 9.9964E-05 9.9964E-05 9.9964E-05
0.028722 0.187659 0.0706467 0.157149 0.153371 9.9991E-05 0.259635 0.142488 0.000228998
0.0407776 0.246588 9.9982E-05 0.00758458 0.134994 9.9982E-05 0.121284 0.255751 0.192822
0.0658731 0.237783 9.9955E-05 9.9955E-05 0.419272 9.9955E-05 9.9955E-05 0.276572 9.9955E-05
0.067112 9.9973E-05 0.0805405 0.250895 0.261266 9.9973E-05 0.106388 0.233499 9.9973E-05
9.9982E-05 0.309224 0.209045 0.0216454 0.342851 0.0785273 9.9982E-05 0.00797662 0.0305312
9.9977E-05 0.227527 9.9977E-05 9.9977E-05 0.0507393 0.0949251 0.156768 0.325509 0.144232
0.106514 0.0406227 0.0194088 0.0699893 0.277528 0.126721 0.314256 9.9991E-05 0.0448606
9.9964E-05 0.538895 9.9964E-05 0.156513 0.034348 9.9964E-05 9.9964E-05 0.179142 0.0907022
0.0325858 9.99639E-05 0.153246 0.168062 0.0559685 9.99639E-05 0.589737 9.99639E-05 9.99639E-05
9.9964E-05 9.9964E-05 0.0252155 9.9964E-05 9.9964E-05 0.0284954 0.626025 0.247873 0.0719911
0.0913398 0.167954 9.9982E-05 0.0430332 0.181231 9.9982E-05 0.475495 0.0329943 0.0077529
9.9964E-05 0.341396 0.27755 9.9964E-05 9.9964E-05 0.0501861 0.258638 9.9964E-05 0.0718297
9.99369E-05 9.99369E-05 9.99369E-05 9.99369E-05 0.0196234 9.99369E-05 9.99369E-05 9.99369E-05 0.979677
9.9973E-05 0.114097 0.390966 0.0810017 9.9973E-05 9.9973E-05 0.0057971 0.352603 0.0552344
9.993E-05 9.993E-05 9.993E-05 9.993E-05 9.993E-05 9.993E-05 9.993E-05 0.999201 9.993E-05
0.0964708 0.149273 0.10962 0.368276 0.0275747 0.0541952 9.9991E-05 0.154968 0.0395218
0.0410846 0.279839 9.9964E-05 0.194629 0.439342 9.9964E-05 9.9964E-05 9.9964E-05 0.0447051
9.9973E-05 0.0600607 0.148782 0.113248 0.1891 0.160447 0.328063 9.9973E-05 9.9973E-05
0.00830267 0.137655 0.0550888 0.210146 9.9973E-05 0.0373229 0.551185 9.9973E-05 9.9973E-05
9.993E-05 9.993E-05 9.993E-05 9.993E-05 9.993E-05 9.993E-05 9.993E-05 9.993E-05 0.999201
0.08514 0.223489 9.9982E-05 0.125995 0.0664642 0.0985252 0.310989 0.0891979 9.9982E-05
9.9973E-05 0.0948301 9.9973E-05 0.244883 0.146896 0.13388 9.9973E-05 0.239817 0.139395
9.99639E-05 0.0952128 9.99639E-05 0.219289 0.346373 9.99639E-05 0.311385 0.0273404 9.99639E-05
9.9973E-05 0.360016 0.175148 0.0423546 0.17445 0.0457484 9.9973E-05 0.201982 9.9973E-05
