9.9991E-05 0.0825217 0.482235 0.435143
9.999E-05 0.201797 0.337134 0.460969
0.488064 9.99911E-05 0.131418 0.380418
0.0472961 9.99911E-05 0.384145 0.568459
9.999E-05 0.428033 0.248877 0.322991
0.10579 0.303145 0.188782 0.402283
9.99821E-05 0.537243 9.99821E-05 0.462557
9.999E-05 0.302244 0.566389 0.131267
0.11402 0.440144 0.4386 0.00723584
0.59613 0.40367 9.99821E-05 9.99821E-05
0.534894 0.057989 0.282119 0.124998
9.99821E-05 0.510103 0.489697 9.99821E-05
9.999E-05 0.0949664 0.638989 0.265945
9.999E-05 0.395943 0.185932 0.418025
9.999E-05 0.0423104 0.906804 0.0507853
9.99821E-05 9.99821E-05 0.388632 0.611168
0.0726516 0.303507 0.394716 0.229126
0.402072 0.293766 9.99911E-05 0.304062
9.998E-05 9.998E-05 0.9997 9.998E-05
0.0462753 9.99911E-05 0.283831 0.669793
0.253309 0.241457 9.99911E-05 0.505135
0.0492503 0.276461 0.674188 9.9991E-05
0.0730722 9.99911E-05 0.201245 0.725582
9.99821E-05 0.0386793 9.99821E-05 0.961121
0.276008 9.9991E-05 0.167805 0.556087
9.9991E-05 0.134608 0.385587 0.479705
0.292755 0.707045 9.9982E-05 9.9982E-05
0.352577 9.99911E-05 0.633033 0.0142901
0.375654 9.99821E-05 0.624146 9.99821E-05
0.251492 0.0687759 9.99911E-05 0.679632
0.120486 0.357169 0.258184 0.264161
9.99911E-05 0.52599 0.350556 0.123354
0.746266 0.253534 9.99821E-05 9.99821E-05
9.99911E-05 0.211266 0.577719 0.210915
9.99821E-05 9.99821E-05 0.0859262 0.913874
0.118365 0.444089 9.99911E-05 0.437446
0.0921634 0.407649 0.4349 0.065288
0.737649 9.99911E-05 0.0636203 0.198631
0.166059 0.349431 0.352779 0.131731
0.238876 0.0169375 0.524304 0.219883
0.144353 0.605465 9.99911E-05 0.250082
0.0784894 0.82275 9.99911E-05 0.0986607
0.0942511 0.472145 0.116075 0.317528
0.0203624 9.99911E-05 0.672768 0.30677
0.1072 0.311422 0.525423 0.055955
0.0689032 0.143053 0.513296 0.274748
0.106032 0.402411 0.277178 0.214379
0.203352 0.796448 9.99821E-05 9.99821E-05
0.0948209 0.0600902 0.831544 0.0135448
9.9991E-05 0.127224 0.386375 0.486301
9.9982E-05 9.9982E-05 0.408379 0.591421
0.569987 0.429813 9.99821E-05 9.99821E-05
0.144011 0.288749 0.202579 0.364661
0.229426 9.9991E-05 0.632126 0.138348
0.0210493 0.563655 0.400286 0.0150099
0.0800678 0.404519 0.515313 9.99911E-05
9.9991E-05 0.283638 0.164034 0.552228
9.998E-05 0.9997 9.998E-05 9.998E-05
0.00426498 0.597846 0.397789 9.9991E-05
0.299911 0.2299 0.090341 0.379848
0.143301 9.9991E-05 0.683427 0.173172
9.99821E-05 0.761479 9.99821E-05 0.238321
0.0998002 0.587086 0.313014 9.9991E-05
0.104612 9.99821E-05 9.99821E-05 0.895188
0.0398116 0.314223 0.372135 0.273831
0.133415 0.399795 0.38822 0.07857
9.99821E-05 9.99821E-05 0.285513 0.714287
9.99911E-05 0.350647 0.529635 0.119618
9.99821E-05 0.272434 0.727366 9.99821E-05
0.323215 0.357061 0.131169 0.188555
0.19715 0.514298 0.206644 0.0819084
9.998E-05 0.9997 9.998E-05 9.998E-05
9.99822E-05 0.85983 0.13997 9.99822E-05
9.99821E-05 0.499727 0.500073 9.99821E-05
9.99822E-05 9.99822E-05 0.319685 0.680115
9.99821E-05 0.533861 0.465939 9.99821E-05
9.99822E-05 9.99822E-05 0.691784 0.308016
0.309376 0.60887 0.0816534 9.9991E-05
0.0413731 9.9991E-05 0.819798 0.138729
0.0112446 0.13312 0.709583 0.146052
0.0431952 0.432864 0.373149 0.150792
0.110972 0.243129 0.241486 0.404414
0.20834 0.300366 0.199129 0.292165
0.258874 9.9991E-05 0.60881 0.132217
9.99911E-05 0.612269 0.00644467 0.381187
0.0353706 0.38582 0.340414 0.238395
0.376336 0.572846 0.0507175 9.99911E-05
0.000896829 0.221518 9.99911E-05 0.777486
0.410573 9.99911E-05 0.355952 0.233374
0.430787 0.152958 0.416155 9.9991E-05
9.998E-05 9.998E-05 9.998E-05 0.9997
9.99911E-05 0.480422 0.0388636 0.480615
9.99822E-05 0.663651 9.99822E-05 0.336149
0.555546 0.162086 9.9991E-05 0.282268
0.0521289 0.667718 0.261529 0.0186233
0.120809 0.435134 0.3427 0.101356
0.262725 0.204104 0.0756877 0.457483
0.133005 0.511518 0.355377 9.99911E-05
9.99821E-05 9.99821E-05 0.181824 0.817976
0.0487951 0.204656 9.9991E-05 0.746448
0.141466 0.545493 9.99911E-05 0.312941
0.24493 9.99822E-05 9.99822E-05 0.75487
0.607409 0.392391 9.99821E-05 9.99821E-05
0.946288 9.99821E-05 9.99821E-05 0.0535125
0.00443271 0.168606 0.612396 0.214565
9.9991E-05 0.437534 0.381067 0.181299
9.9991E-05 0.632003 0.256944 0.110954
0.50093 0.193602 0.305368 9.9991E-05
0.0797208 0.0565007 0.863679 9.99911E-05
0.841608 0.0282993 0.112255 0.0178377
9.99911E-05 0.379124 0.052663 0.568113
9.99911E-05 0.0744047 0.572628 0.352868
0.0263604 9.99911E-05 0.0104835 0.963056
0.171396 0.0760456 0.733159 0.0193992
9.998E-05 9.998E-05 9.998E-05 0.9997
0.195593 0.363544 0.440763 9.99911E-05
9.9991E-05 0.143359 0.594267 0.262274
0.0554664 0.509067 0.435367 9.99911E-05
0.159699 0.178087 0.497679 0.164535
0.200171 9.9991E-05 0.434148 0.365581
0.0556059 0.132284 0.187594 0.624516
9.99821E-05 0.260062 9.99821E-05 0.739738
0.0877942 9.9991E-05 0.552772 0.359333
0.205198 0.456642 0.186314 0.151846
0.226378 0.196607 0.382152 0.194862
0.149228 0.731952 9.9991E-05 0.11872
0.20767 0.707823 9.99911E-05 0.0844068
0.0245396 0.0904805 0.549078 0.335902
0.617134 9.99821E-05 9.99821E-05 0.382666
0.37222 0.0784459 0.188821 0.360512
0.0720602 0.555703 0.372137 9.99911E-05
0.157725 0.527761 0.0560656 0.258449
0.0572686 0.587586 0.355045 9.9991E-05
0.327256 0.233356 0.439288 9.9991E-05
0.599152 0.400648 9.99821E-05 9.99821E-05
0.0817127 9.99911E-05 0.46514 0.453047
0.264209 0.02103 0.714661 9.9991E-05
0.361385 9.99911E-05 0.464964 0.173551
0.0275914 0.506523 0.465785 9.99911E-05
9.99821E-05 9.99821E-05 0.835287 0.164513
0.226984 9.99911E-05 0.523493 0.249422
0.456238 0.0349906 9.99911E-05 0.508671
0.27181 0.440492 0.231435 0.0562633
0.625157 0.357375 9.99911E-05 0.017368
9.99821E-05 0.218468 9.99821E-05 0.781332
9.9982E-05 9.9982E-05 0.707751 0.29205
9.998E-05 0.9997 9.998E-05 9.998E-05
0.259407 0.0226328 0.234885 0.483075
9.99911E-05 0.202977 0.0548038 0.74212
0.163185 0.618827 0.217888 9.99911E-05
0.0770399 0.136596 0.786264 9.99911E-05
9.99821E-05 0.55328 0.44652 9.99821E-05
0.15958 0.0303453 0.610724 0.199351
0.0622991 0.222333 0.469711 0.245657
9.99821E-05 0.30704 9.99821E-05 0.69276
0.410315 0.210462 0.379124 9.99911E-05
0.320866 0.154629 0.176238 0.348267
0.435809 0.390122 0.105451 0.0686173
9.99821E-05 9.99821E-05 0.687079 0.312721
0.138324 0.143573 0.342431 0.375672
9.998E-05 0.9997 9.998E-05 9.998E-05
9.9991E-05 0.518485 0.397077 0.0843384
0.0715702 0.386039 0.425412 0.116979
9.99822E-05 0.706381 0.293419 9.99822E-05
9.99822E-05 0.908411 0.0913894 9.99822E-05
9.9991E-05 0.357929 0.184809 0.457162
0.0300363 0.0462769 0.458276 0.465411
9.998E-05 9.998E-05 0.9997 9.998E-05
9.99821E-05 0.758628 9.99821E-05 0.241173
0.0286885 0.326582 0.208881 0.435848
0.127239 9.99911E-05 0.649027 0.223634
0.115849 0.218718 0.59697 0.0684633
0.236514 0.143778 0.619608 9.9991E-05
0.0962795 0.149374 0.0692061 0.685141
0.0366039 0.0440541 0.734202 0.18514
9.99911E-05 0.212591 0.722064 0.0652444
9.99911E-05 0.284807 0.241034 0.474059
0.826934 0.111935 9.99911E-05 0.0610307
0.148633 0.167 0.159989 0.524378
0.156885 0.311697 0.526463 0.00495515
0.0869173 0.77147 9.99911E-05 0.141513
0.280413 0.557476 0.16201 9.9991E-05
9.9991E-05 0.354138 0.257427 0.388335
9.99911E-05 0.114158 0.697784 0.187958
0.949961 9.9982E-05 0.0498395 9.9982E-05
9.99822E-05 0.217734 0.782066 9.99822E-05
9.9991E-05 0.213946 0.609755 0.176199
0.0794336 9.99911E-05 0.434707 0.48576
0.0769933 0.194157 0.0523549 0.676495
