0.177351 0.270022 0.0700009 0.482626
0.52918 0.0210705 0.0203061 0.429444
9.999E-05 0.129636 0.412181 0.458083
0.067777 0.196721 0.245503 0.49
0.390541 9.99821E-05 9.99821E-05 0.609259
0.449799 9.9991E-05 0.109633 0.440468
0.520273 9.99821E-05 9.99821E-05 0.479527
9.998E-05 9.998E-05 9.998E-05 0.9997
0.148404 0.726752 0.124744 9.99911E-05
0.0660992 0.211879 0.678807 0.0432154
0.26 9.9991E-05 0.510257 0.229643
0.222981 0.45244 9.99911E-05 0.324479
0.197871 0.356863 0.00313835 0.442128
0.513958 9.99821E-05 9.99821E-05 0.485842
0.0385811 0.833941 0.0243714 0.103107
9.99911E-05 0.283019 0.133721 0.58316
0.119423 0.421473 0.13257 0.326533
0.246821 0.0238313 0.334853 0.394494
9.99821E-05 0.908501 9.99821E-05 0.0912993
0.186169 0.0252372 0.150861 0.637733
0.5745 9.99821E-05 0.4253 9.99821E-05
9.9991E-05 0.818386 0.178397 0.00311686
0.597196 0.00587364 0.156885 0.240045
0.47709 0.0590368 0.463773 9.9991E-05
0.371502 9.99911E-05 0.607298 0.0211004
9.9991E-05 0.49964 0.171475 0.328785
0.206183 0.438896 0.297586 0.0573346
0.134531 0.320583 0.0931233 0.451763
9.9991E-05 0.0874035 0.0868209 0.825676
9.99911E-05 0.159574 0.756206 0.0841194
0.9997 9.998E-05 9.998E-05 9.998E-05
0.208897 0.206182 9.99911E-05 0.584821
0.0679012 0.410289 0.491445 0.0303654
0.0024464 0.276025 9.99911E-05 0.721428
0.230923 9.9982E-05 9.9982E-05 0.768877
0.428479 9.99911E-05 0.0483309 0.52309
0.550676 0.0215773 9.99911E-05 0.427647
9.99821E-05 0.166683 0.833117 9.99821E-05
0.285585 0.166237 0.121016 0.427162
0.0121015 0.0031632 0.233418 0.751317
0.32609 0.43377 0.24004 9.99911E-05
0.525234 0.474566 9.99822E-05 9.99822E-05
0.557203 0.0866983 0.0863361 0.269763
0.203865 0.218151 0.0114249 0.566559
9.99911E-05 0.147618 0.313262 0.53902
0.00529343 0.383071 0.0516563 0.559979
0.237539 0.597527 9.9991E-05 0.164834
0.50895 0.424973 0.0348825 0.0311949
9.99822E-05 0.427798 9.99822E-05 0.572002
0.0403963 9.99821E-05 9.99821E-05 0.959404
9.9982E-05 9.9982E-05 0.0755852 0.924215
0.358371 0.21917 0.42236 9.9991E-05
9.9991E-05 0.574856 0.181115 0.243929
9.99911E-05 0.148667 0.101501 0.749732
0.468548 0.304313 0.0504295 0.176709
0.34241 0.65739 9.99822E-05 9.99822E-05
0.634182 0.0616413 0.224131 0.0800452
0.68691 0.259008 9.99911E-05 0.0539822
0.469092 0.165429 9.9991E-05 0.365379
0.364333 9.9991E-05 0.211566 0.424001
0.139652 0.0879723 0.0884348 0.68394
0.731277 0.0889456 0.115181 0.0645958
0.130215 0.869585 9.99821E-05 9.99821E-05
0.0783189 9.9991E-05 0.495943 0.425638
0.0457796 0.09435 0.0264898 0.833381
9.99821E-05 0.731716 0.268084 9.99821E-05
0.304347 9.9991E-05 0.0686821 0.626871
0.187777 0.526654 0.0162736 0.269296
9.99821E-05 0.444456 9.99821E-05 0.555344
0.115641 0.104083 0.380226 0.400051
0.254931 0.597025 0.0539836 0.0940606
0.1996 0.768189 9.9991E-05 0.0321111
0.519907 9.99822E-05 9.99822E-05 0.479893
0.17279 0.140266 0.0121258 0.674818
0.113223 9.99822E-05 9.99822E-05 0.886577
0.380211 0.435891 9.9991E-05 0.183798
9.99822E-05 0.973319 9.99822E-05 0.0264815
0.545821 0.246529 0.20755 9.9991E-05
0.341685 0.0459502 0.114417 0.497948
0.256071 9.99821E-05 9.99821E-05 0.74373
0.0460014 9.99821E-05 9.99821E-05 0.953799
0.0712911 0.177305 0.183061 0.568342
0.514306 0.0159223 9.99911E-05 0.469671
9.9991E-05 0.511386 0.155873 0.332641
0.557886 0.22154 0.100046 0.120527
0.180838 0.376542 9.9991E-05 0.442521
0.301319 0.464087 0.223247 0.0113464
0.191575 0.0205513 0.606458 0.181416
9.99911E-05 0.345544 0.309079 0.345277
9.9991E-05 0.573508 0.271666 0.154727
9.99822E-05 9.99822E-05 0.743087 0.256713
0.746548 9.99911E-05 0.0712998 0.182052
0.407542 0.25286 0.162123 0.177475
0.309758 0.257675 0.322117 0.110449
0.249952 0.623604 0.126344 9.9991E-05
0.284899 0.253452 0.0183515 0.443297
0.260498 0.318419 0.353527 0.0675561
0.150073 0.752788 9.9991E-05 0.0970393
0.135303 9.9991E-05 0.28024 0.584357
0.412251 0.173767 0.413882 9.9991E-05
0.819598 0.106611 0.0736912 9.99911E-05
9.998E-05 9.998E-05 0.9997 9.998E-05
9.99822E-05 0.413188 0.586612 9.99822E-05
9.998E-05 9.998E-05 0.9997 9.998E-05
9.99821E-05 0.373535 9.99821E-05 0.626265
0.155424 0.427643 0.202846 0.214086
0.405014 0.0191678 9.9991E-05 0.575718
9.99911E-05 0.0786348 0.243751 0.677514
0.150551 9.99911E-05 0.0504522 0.798897
9.99821E-05 9.99821E-05 0.654396 0.345404
0.348045 0.401515 0.0902804 0.160159
0.27413 9.99821E-05 9.99821E-05 0.72567
0.0844221 9.99911E-05 0.485539 0.429939
0.0352984 9.99911E-05 0.11258 0.852021
0.204518 9.99821E-05 0.795282 9.99821E-05
0.205477 0.491496 0.148851 0.154176
9.99821E-05 0.547471 9.99821E-05 0.452329
9.99911E-05 0.542177 0.123699 0.334023
9.9991E-05 0.326492 0.327589 0.345818
0.312696 0.115088 0.107698 0.464518
0.140098 0.486798 0.311159 0.0619442
0.416588 9.9991E-05 0.2317 0.351612
9.99821E-05 9.99821E-05 0.00556845 0.994232
0.516375 0.0450295 9.99911E-05 0.438495
0.213087 0.373722 0.097885 0.315305
0.365743 0.326095 0.0289412 0.279221
0.104302 0.457074 0.123173 0.31545
0.143421 0.27887 9.99911E-05 0.577609
9.99821E-05 9.99821E-05 0.672235 0.327565
0.0511306 0.0330648 0.537265 0.37854
0.388102 0.611698 9.99821E-05 9.99821E-05
0.429193 0.0201601 0.087719 0.462928
0.0969503 0.562794 0.0156347 0.324621
0.0247191 0.626113 0.176806 0.172362
0.302574 0.47117 0.226156 9.9991E-05
0.0618989 0.0923206 0.0371296 0.808651
9.998E-05 9.998E-05 9.998E-05 0.9997
9.998E-05 9.998E-05 9.998E-05 0.9997
0.489692 0.404789 9.99911E-05 0.105419
9.99821E-05 0.200762 9.99821E-05 0.799038
0.484369 0.0431687 0.177533 0.29493
0.14202 0.149006 0.489743 0.219231
0.324938 0.36819 0.140383 0.166489
9.99821E-05 0.522792 0.477008 9.99821E-05
0.15014 0.0950373 0.578117 0.176705
0.15248 0.159333 0.0110096 0.677178
0.9997 9.998E-05 9.998E-05 9.998E-05
9.9991E-05 0.0253471 0.339965 0.634588
0.758119 9.9991E-05 0.0556175 0.186163
0.596154 0.287187 9.99911E-05 0.116558
0.272922 0.33966 0.192072 0.195346
9.99821E-05 0.916024 9.99821E-05 0.0837761
0.240084 0.135452 9.9991E-05 0.624365
0.244994 0.169966 9.99911E-05 0.584939
0.894175 0.00144675 0.0445322 0.0598457
0.209192 0.150617 9.99911E-05 0.640092
0.366203 9.99911E-05 0.311886 0.321812
0.172974 0.178394 0.130556 0.518077
9.99821E-05 9.99821E-05 0.0101811 0.989619
0.165123 0.158618 0.364695 0.311563
0.9997 9.998E-05 9.998E-05 9.998E-05
9.99821E-05 0.445648 9.99821E-05 0.554152
0.341469 0.00704785 9.9991E-05 0.651383
0.352641 0.647159 9.99821E-05 9.99821E-05
9.99821E-05 0.819437 9.99821E-05 0.180364
0.288126 0.535647 9.9991E-05 0.176127
0.252088 0.0307648 9.99911E-05 0.717048
9.99822E-05 0.400934 9.99822E-05 0.598866
0.867333 9.99822E-05 9.99822E-05 0.132467
0.384825 0.216452 0.118776 0.279947
0.00125568 9.99911E-05 0.236353 0.762291
9.99821E-05 0.149216 9.99821E-05 0.850584
0.114821 0.716078 9.9991E-05 0.169001
0.277953 0.00946653 0.255887 0.456693
9.9991E-05 0.138536 0.165623 0.695741
9.99822E-05 0.139926 9.99822E-05 0.859874
0.40981 0.078849 0.176487 0.334855
0.317345 9.99911E-05 0.644856 0.0376992
0.524867 0.000629723 0.131128 0.343376
0.101286 0.709367 0.189248 9.99911E-05
0.57545 0.42435 9.99822E-05 9.99822E-05
0.0809403 0.695068 0.223892 9.99911E-05
0.257672 0.272245 0.0717261 0.398357
9.99911E-05 0.079707 0.0290858 0.891107
9.99821E-05 9.99821E-05 0.851916 0.147884
9.99822E-05 0.649976 9.99822E-05 0.349824
0.257323 0.112759 9.99911E-05 0.629818
0.271376 9.9991E-05 0.34298 0.385544
0.338604 9.9991E-05 0.154574 0.506723
