0.118852 9.99821E-05 0.51053 0.148304 0.222115 9.99821E-05
0.0261719 0.0151977 0.389613 9.9991E-05 0.417762 0.151156
0.184121 0.0440532 0.517932 0.130142 9.99911E-05 0.123651
0.264063 0.105898 0.406499 0.22334 9.99821E-05 9.99821E-05
0.234295 9.9991E-05 0.108694 0.0890053 0.105667 0.462239
0.172715 0.042871 0.3696 0.408624 9.9991E-05 0.00609071
0.130966 9.99911E-05 0.26637 0.232608 0.177429 0.192528
9.99731E-05 9.99731E-05 0.643391 9.99731E-05 0.0623843 0.293924
0.0779627 0.369116 9.99821E-05 9.99821E-05 0.100559 0.452162
0.0191096 0.195545 9.99821E-05 0.622096 0.16305 9.99821E-05
0.268531 0.34628 0.131882 0.169307 0.0839014 9.9991E-05
0.0653889 9.99821E-05 0.128505 9.99821E-05 0.324647 0.481259
0.0422461 0.0177673 0.320603 9.99911E-05 0.141524 0.47776
0.102187 9.9991E-05 0.186947 0.293112 0.164844 0.252811
9.99821E-05 0.180806 0.469578 0.234913 0.114503 9.99821E-05
0.334746 9.99731E-05 0.569543 9.99731E-05 0.0954112 9.99731E-05
0.0551994 0.313328 0.288141 9.9982E-05 0.343132 9.9982E-05
0.0401279 0.107887 0.161583 0.416786 0.273517 9.9991E-05
9.99821E-05 0.181261 0.514539 9.99821E-05 0.22811 0.0758902
9.99731E-05 0.0364253 9.99731E-05 0.413269 9.99731E-05 0.550006
9.99642E-05 0.0562675 9.99642E-05 0.943333 9.99642E-05 9.99642E-05
0.266389 0.361357 0.2784 9.99821E-05 0.0936543 9.99821E-05
0.207991 0.0745455 0.218968 0.40226 9.9991E-05 0.0961353
0.759979 9.99731E-05 0.114496 9.99731E-05 9.99731E-05 0.125226
0.478785 0.136227 0.27198 0.112809 9.99821E-05 9.99821E-05
0.313486 0.0923345 0.430153 9.9982E-05 0.163827 9.9982E-05
0.114185 0.0679577 0.141583 0.0837708 0.592403 9.9991E-05
0.0182336 0.470337 0.511129 9.99731E-05 9.99731E-05 9.99731E-05
9.99731E-05 0.101169 0.420358 9.99731E-05 9.99731E-05 0.478173
0.758946 0.06418 0.0344161 0.0951512 0.0472072 9.9991E-05
9.99821E-05 0.223205 0.260174 0.504607 0.0118144 9.99821E-05
9.99731E-05 9.99731E-05 0.092268 9.99731E-05 0.163115 0.744317
9.99732E-05 0.175018 9.99732E-05 0.65184 9.99732E-05 0.172843
0.135873 9.9991E-05 0.434543 0.108595 0.00328544 0.317604
0.351277 9.9982E-05 0.492007 9.9982E-05 0.0718361 0.0846798
9.99821E-05 9.99821E-05 0.21809 0.506695 0.246577 0.0284375
0.0103541 0.135043 0.412422 0.0315994 0.10112 0.309462
0.058872 0.523543 9.99821E-05 0.355382 9.99821E-05 0.0620029
0.167068 9.99911E-05 0.494968 0.123891 0.0272805 0.186693
0.0391061 0.189927 0.63277 0.0506477 0.0865041 0.00104488
0.22611 0.0876846 9.99821E-05 0.105767 0.580238 9.99821E-05
0.012558 0.000607663 9.99821E-05 0.627486 0.359148 9.99821E-05
0.154949 0.0157439 0.0879309 0.168455 0.110503 0.462419
0.136073 0.278455 0.41116 0.174113 9.99821E-05 9.99821E-05
9.99821E-05 9.99821E-05 0.204845 0.118621 0.240094 0.43624
0.137995 9.99911E-05 0.293137 0.179415 0.23054 0.158812
0.0426784 9.99821E-05 0.0805725 0.545981 0.330568 9.99821E-05
9.9982E-05 0.108575 9.9982E-05 0.449032 0.308709 0.133484
9.99733E-05 9.99733E-05 0.343668 0.333833 0.322199 9.99733E-05
0.0608549 9.9991E-05 0.665786 0.154289 0.104927 0.0140435
0.374418 9.99641E-05 0.625182 9.99641E-05 9.99641E-05 9.99641E-05
9.99821E-05 0.359229 9.99821E-05 0.178383 0.0377982 0.42439
0.406173 0.159946 0.338669 9.9982E-05 0.0950123 9.9982E-05
0.196591 0.025911 0.777198 9.99732E-05 9.99732E-05 9.99732E-05
9.99821E-05 0.198102 9.99821E-05 0.0745369 0.00420338 0.722957
9.99731E-05 0.285589 0.308466 9.99731E-05 0.405645 9.99731E-05
0.419531 0.217766 0.171013 9.9991E-05 0.145339 0.04625
9.99732E-05 0.265032 9.99732E-05 9.99732E-05 0.0674281 0.66724
9.9982E-05 0.200118 0.392691 9.9982E-05 0.200024 0.206968
9.99731E-05 9.99731E-05 0.17358 0.719385 0.106735 9.99731E-05
0.126408 0.230607 0.606381 9.99821E-05 0.0364041 9.99821E-05
0.0945771 9.99731E-05 9.99731E-05 0.339453 0.56567 9.99731E-05
9.99821E-05 0.135917 0.259022 9.99821E-05 0.531711 0.0731494
0.598002 9.99731E-05 0.172204 9.99731E-05 0.229494 9.99731E-05
0.170514 0.123726 0.553707 9.99821E-05 9.99821E-05 0.151853
0.0691132 0.049098 0.170057 0.150852 0.535084 0.0257961
0.249629 9.99731E-05 0.343903 0.406167 9.99731E-05 9.99731E-05
0.129767 0.040478 0.516996 0.0689387 0.22663 0.0171898
9.99641E-05 9.99641E-05 0.86656 9.99641E-05 0.13304 9.99641E-05
9.99821E-05 0.0610398 0.345101 0.406419 0.18724 9.99821E-05
0.0985198 0.121989 9.9991E-05 0.325177 0.122713 0.331501
0.183015 9.99732E-05 0.129397 9.99732E-05 0.687288 9.99732E-05
0.00911652 9.99732E-05 9.99732E-05 9.99732E-05 0.0371918 0.953392
0.130909 9.99732E-05 0.601197 9.99732E-05 0.267595 9.99732E-05
0.127816 9.99822E-05 0.387573 0.0257067 9.99822E-05 0.458704
9.99731E-05 9.99731E-05 0.16682 9.99731E-05 0.42766 0.40522
0.335548 0.209979 0.36668 9.99822E-05 0.0875927 9.99822E-05
9.9982E-05 0.382259 0.0120534 9.9982E-05 0.452607 0.152881
0.0841322 0.228757 0.641087 9.99821E-05 0.0458241 9.99821E-05
0.0328568 0.167071 0.156702 9.9991E-05 0.0567283 0.586542
9.99732E-05 9.99732E-05 0.445368 9.99732E-05 0.212777 0.341555
0.215178 0.184989 0.252285 9.99821E-05 9.99821E-05 0.347348
9.99732E-05 9.99732E-05 0.209292 0.702485 9.99732E-05 0.087923
0.158021 0.255972 0.231 9.99821E-05 9.99821E-05 0.354807
0.281442 9.9991E-05 0.200441 0.297205 0.168927 0.051885
9.9991E-05 0.0846226 0.226884 0.280844 0.382455 0.0250949
9.9991E-05 0.165239 0.0480567 0.130475 0.460157 0.195972
0.764284 9.99641E-05 9.99641E-05 9.99641E-05 9.99641E-05 0.235317
0.133712 0.188652 0.45844 0.218997 9.99821E-05 9.99821E-05
0.0369402 0.204053 0.31752 0.176712 0.117141 0.147633
0.870533 9.99643E-05 0.129067 9.99643E-05 9.99643E-05 9.99643E-05
0.0823821 9.99821E-05 9.99821E-05 0.628702 0.14422 0.144496
9.99732E-05 9.99732E-05 9.99732E-05 0.5529 0.322361 0.124439
0.126809 0.205241 0.0719772 0.499454 0.0655374 0.0309812
9.99731E-05 0.129965 9.99731E-05 0.257112 0.612623 9.99731E-05
0.0458561 0.180812 0.178528 0.13695 9.9991E-05 0.457754
0.136845 0.0486469 9.99732E-05 0.814208 9.99732E-05 9.99732E-05
9.9991E-05 0.0635635 0.263219 0.460106 0.180929 0.0320822
0.504303 9.99821E-05 0.24586 0.23853 9.99821E-05 0.0111067
0.471752 0.0986687 9.9991E-05 0.105429 0.230585 0.0934654
0.340915 0.281473 9.99732E-05 0.377312 9.99732E-05 9.99732E-05
0.9995 9.996E-05 9.996E-05 9.996E-05 9.996E-05 9.996E-05
0.11372 0.57975 9.99821E-05 0.0106663 9.99821E-05 0.295664
0.0954857 0.803664 9.99731E-05 0.100551 9.99731E-05 9.99731E-05
9.99731E-05 9.99731E-05 0.687067 0.106986 9.99731E-05 0.205648
0.291748 9.99821E-05 0.473061 9.99821E-05 0.0231375 0.211853
9.99731E-05 9.99731E-05 0.0667836 0.188306 9.99731E-05 0.74461
0.0313047 0.1908 0.658227 0.119468 9.99821E-05 9.99821E-05
0.036247 9.99732E-05 0.867732 0.0957206 9.99732E-05 9.99732E-05
0.0866218 0.0202657 0.504939 0.387973 9.99822E-05 9.99822E-05
0.337873 9.99911E-05 0.106082 0.309389 0.100859 0.145697
0.180202 9.99731E-05 0.67972 9.99731E-05 9.99731E-05 0.139778
0.598911 9.99732E-05 0.256155 0.144634 9.99732E-05 9.99732E-05
0.0994591 0.0696508 0.111885 9.99821E-05 9.99821E-05 0.718805
0.9995 9.996E-05 9.996E-05 9.996E-05 9.996E-05 9.996E-05
9.99821E-05 0.601855 0.159956 9.99821E-05 0.0207 0.21729
0.0347623 9.99821E-05 0.504766 0.0953335 0.364938 9.99821E-05
0.134259 9.99821E-05 0.330931 9.99821E-05 0.238446 0.296164
0.28324 0.143895 0.323382 9.99821E-05 9.99821E-05 0.249283
0.0662465 0.0450187 0.253779 0.285444 9.9991E-05 0.349411
0.742243 0.0878404 9.99821E-05 9.99821E-05 0.0357743 0.133942
0.302709 9.99731E-05 9.99731E-05 0.403267 9.99731E-05 0.293725
9.99731E-05 9.99731E-05 0.370467 0.17173 9.99731E-05 0.457503
9.99642E-05 9.99642E-05 9.99642E-05 0.543854 9.99642E-05 0.455746
0.227612 0.195677 0.283701 0.292809 9.99821E-05 9.99821E-05
0.112727 0.176603 0.284576 0.318405 9.9991E-05 0.107589
0.0569111 9.99732E-05 9.99732E-05 0.171838 0.770951 9.99732E-05
0.0648295 9.99821E-05 0.643251 0.0954973 0.196222 9.99821E-05
0.170614 0.195424 0.23926 0.394502 9.99821E-05 9.99821E-05
0.00467565 9.99821E-05 0.12283 0.706376 9.99821E-05 0.165918
9.99821E-05 0.374414 0.0305674 0.327343 0.267475 9.99821E-05
0.109298 0.00811199 0.16253 0.327391 0.0483798 0.344289
9.9991E-05 0.220059 0.3104 0.13195 0.252437 0.0850548
9.99731E-05 0.368191 0.603503 9.99731E-05 0.0280061 9.99731E-05
9.99731E-05 0.223642 9.99731E-05 0.406734 0.369324 9.99731E-05
9.99643E-05 9.99643E-05 0.498017 0.501583 9.99643E-05 9.99643E-05
9.99643E-05 9.99643E-05 0.924344 0.0752563 9.99643E-05 9.99643E-05
9.99733E-05 9.99733E-05 0.567704 0.304548 9.99733E-05 0.127448
9.99821E-05 0.120909 0.209799 9.99821E-05 0.280522 0.38857
0.0786993 9.99731E-05 0.869871 0.0511301 9.99731E-05 9.99731E-05
0.0888849 0.285978 0.618127 9.99822E-05 9.99822E-05 0.00680967
0.168938 0.235572 9.99821E-05 0.307704 9.99821E-05 0.287585
9.9991E-05 0.054962 0.143168 0.478341 0.239793 0.0836364
0.251881 0.639819 9.99821E-05 0.0802513 0.0278485 9.99821E-05
0.543446 0.0658232 0.346215 0.0443153 9.99821E-05 9.99821E-05
0.0513079 9.9982E-05 0.613139 0.0605145 9.9982E-05 0.274838
0.00800833 9.99641E-05 9.99641E-05 9.99641E-05 0.991592 9.99641E-05
0.152069 0.125129 0.416588 0.177548 0.0551276 0.0735385
0.300608 9.99821E-05 0.198275 0.331125 9.99821E-05 0.169792
9.9991E-05 0.146003 0.275369 0.183472 0.29845 0.0966063
0.0845219 0.170025 0.371173 0.0481004 0.00108455 0.325096
9.99821E-05 0.106404 0.138233 9.99821E-05 0.603032 0.152132
9.99641E-05 9.99641E-05 0.716283 0.283318 9.99641E-05 9.99641E-05
0.144636 0.132738 0.0745784 9.9991E-05 0.0914706 0.556477
0.390134 9.99732E-05 9.99732E-05 0.28039 9.99732E-05 0.329176
9.9991E-05 0.0865394 0.298737 0.411041 0.192685 0.0108981
9.99731E-05 0.0859154 9.99731E-05 0.253623 9.99731E-05 0.660161
0.143755 0.161824 0.30797 9.99822E-05 0.386252 9.99822E-05
0.149564 9.99643E-05 0.850036 9.99643E-05 9.99643E-05 9.99643E-05
0.217499 0.0567031 0.415565 0.174656 0.135477 9.99911E-05
9.996E-05 9.996E-05 9.996E-05 9.996E-05 0.9995 9.996E-05
9.99731E-05 9.99731E-05 0.490914 0.194971 0.313815 9.99731E-05
0.0532121 9.99642E-05 9.99642E-05 9.99642E-05 9.99642E-05 0.946388
9.99821E-05 0.23174 0.224162 9.99821E-05 0.498785 0.0451131
9.99732E-05 0.0386043 9.99732E-05 9.99732E-05 0.823707 0.137389
0.161139 9.9982E-05 0.234913 0.48184 9.9982E-05 0.121908
0.125387 0.103296 0.562129 0.177387 9.99911E-05 0.031701
9.99733E-05 0.0403103 0.89655 9.99733E-05 9.99733E-05 0.06284
9.99732E-05 9.99732E-05 9.99732E-05 0.21581 0.142292 0.641598
0.26581 0.0910404 0.193211 0.199213 0.0148241 0.235902
0.0865867 9.99643E-05 0.913013 9.99643E-05 9.99643E-05 9.99643E-05
9.99731E-05 0.0180894 0.356148 9.99731E-05 9.99731E-05 0.625463
9.99821E-05 0.36995 0.252715 0.0533865 9.99821E-05 0.323748
0.330896 9.99821E-05 0.355226 0.24003 0.0736477 9.99821E-05
0.273972 0.0901081 0.63562 9.99731E-05 9.99731E-05 9.99731E-05
0.0371184 9.99732E-05 0.320479 9.99732E-05 9.99732E-05 0.642103
0.274112 9.99821E-05 0.180595 0.128531 9.99821E-05 0.416562
9.99642E-05 0.673588 9.99642E-05 0.326012 9.99642E-05 9.99642E-05
0.0299832 0.165271 0.284574 0.404666 0.115406 9.99911E-05
9.99731E-05 0.402757 9.99731E-05 0.152887 0.444056 9.99731E-05
9.99643E-05 9.99643E-05 9.99643E-05 0.488895 0.510705 9.99643E-05
9.99821E-05 0.0709757 0.314375 0.370834 0.243616 9.99821E-05
0.0711545 9.9991E-05 0.165682 0.567314 0.0505119 0.145238
0.222273 0.0543916 0.271214 9.99821E-05 9.99821E-05 0.451921
9.99641E-05 0.910936 0.0886646 9.99641E-05 9.99641E-05 9.99641E-05
9.99822E-05 9.99822E-05 0.295323 0.112542 0.501686 0.0902491
9.9991E-05 0.0486662 0.342677 0.0255451 0.0674909 0.515521
0.297605 0.219081 0.37585 9.9991E-05 0.0329555 0.0744089
0.0985315 0.164478 0.0292188 0.46053 9.9991E-05 0.247142
