0.00572096 0.296231 0.362784 0.335164 9.9991E-05
0.454273 0.112104 0.0595402 0.373983 9.9991E-05
0.0345307 0.182984 0.122249 0.112192 0.548045
0.24074 0.452199 0.0740693 9.9991E-05 0.232891
0.391285 0.542678 9.99821E-05 0.0658375 9.99821E-05
0.250287 0.48496 9.9991E-05 0.153164 0.111489
0.475086 0.331402 9.99821E-05 0.193312 9.99821E-05
9.99821E-05 0.110677 0.0658691 0.823254 9.99821E-05
0.523551 0.0732805 0.402969 9.99821E-05 9.99821E-05
9.99732E-05 9.99732E-05 0.677567 9.99732E-05 0.322134
0.0092658 0.170113 0.166337 0.11507 0.539214
0.634561 0.0765806 0.118565 0.170194 9.9991E-05
0.169374 0.359773 0.120882 0.349871 9.9991E-05
0.688474 0.311226 9.99731E-05 9.99731E-05 9.99731E-05
0.0683559 9.99821E-05 0.505624 0.42582 9.99821E-05
0.160554 0.630135 0.0134635 0.195748 9.99911E-05
0.22996 0.189745 0.489025 0.0734068 0.0178632
0.197045 0.14509 0.516709 0.0040125 0.137143
0.129443 9.99821E-05 0.235366 0.634991 9.99821E-05
0.154229 0.148694 0.322699 0.0966783 0.2777
9.99821E-05 0.114393 0.435915 9.99821E-05 0.449492
9.999E-05 0.29172 0.126793 0.484239 0.0971482
0.447756 0.348355 9.99821E-05 9.99821E-05 0.203689
0.251744 0.747956 9.99731E-05 9.99731E-05 9.99731E-05
9.99821E-05 0.506848 9.99821E-05 0.105135 0.387817
0.155444 0.522487 0.190822 0.131148 9.9991E-05
0.130294 0.0237601 0.541541 0.0645859 0.239819
0.368251 9.99822E-05 9.99822E-05 0.354429 0.277119
0.0466083 9.9982E-05 9.9982E-05 0.512818 0.440374
9.99732E-05 0.800854 0.198846 9.99732E-05 9.99732E-05
0.634171 9.9991E-05 0.0384378 0.0586121 0.26868
0.154727 0.210186 0.0172251 0.617761 9.99911E-05
9.99821E-05 9.99821E-05 0.444127 0.0371306 0.518543
0.195476 0.213888 0.0347181 0.518332 0.0375853
0.276143 0.673004 9.9982E-05 0.0506531 9.9982E-05
0.0292585 0.126985 0.843556 9.99821E-05 9.99821E-05
0.567013 0.0143744 9.99911E-05 0.417487 0.00102623
9.9991E-05 0.268964 0.0149574 0.0850549 0.630924
0.332115 0.151745 0.19116 0.230207 0.0947737
0.0729691 0.111945 9.9991E-05 0.425736 0.389251
0.217552 0.108447 0.673801 9.99822E-05 9.99822E-05
0.0206244 0.00600017 0.793845 9.99911E-05 0.17943
9.9991E-05 0.223006 0.258163 0.51769 0.00104189
0.263115 0.185945 0.0383671 0.282077 0.230496
0.108757 0.125063 0.133412 0.554035 0.0787329
9.99821E-05 0.2568 0.447262 0.295738 9.99821E-05
9.9982E-05 0.0177779 0.938695 0.043327 9.9982E-05
0.212028 9.99821E-05 0.622075 9.99821E-05 0.165697
9.99733E-05 9.99733E-05 0.300645 0.699055 9.99733E-05
0.109624 0.249999 0.0924289 0.547847 9.9991E-05
9.99731E-05 0.582027 9.99731E-05 0.417673 9.99731E-05
0.480845 9.99821E-05 0.13247 9.99821E-05 0.386485
0.0752735 0.14848 0.675949 0.100197 9.9991E-05
9.99821E-05 0.38213 9.99821E-05 0.428974 0.188695
0.75016 0.0250599 9.99821E-05 9.99821E-05 0.22458
0.419558 9.99821E-05 0.294741 0.285501 9.99821E-05
0.386189 0.375793 0.0279854 0.140081 0.0699521
0.785195 9.99733E-05 0.214505 9.99733E-05 9.99733E-05
0.546947 9.9982E-05 9.9982E-05 0.0654595 0.387394
0.012204 0.302213 0.466357 0.0234518 0.195775
0.0956503 0.188926 9.99911E-05 0.398346 0.316978
0.146552 0.148767 0.704481 9.99821E-05 9.99821E-05
0.282419 9.9991E-05 0.48173 0.186554 0.0491964
9.99911E-05 0.740308 0.0235073 0.0918742 0.14421
0.197696 0.198297 0.024875 0.579032 9.99911E-05
0.0240598 0.0431273 0.581783 0.287803 0.0632272
9.9991E-05 0.57772 0.0541408 0.0847114 0.283328
0.382722 0.106199 0.186521 0.309118 0.0154403
9.99731E-05 9.99731E-05 0.308052 0.691648 9.99731E-05
9.99821E-05 9.99821E-05 0.395271 0.329954 0.274575
0.478179 0.0429229 0.35002 0.0366182 0.0922602
9.99821E-05 0.0906243 0.762821 0.146355 9.99821E-05
0.850661 9.99732E-05 9.99732E-05 0.149039 9.99732E-05
0.0817496 9.99821E-05 0.032145 0.885905 9.99821E-05
0.276912 0.334606 9.99822E-05 0.388282 9.99822E-05
0.625197 9.99821E-05 0.371693 0.00291032 9.99821E-05
9.99822E-05 0.248914 0.29096 0.459926 9.99822E-05
0.399071 9.99821E-05 0.311203 9.99821E-05 0.289525
0.305041 0.0727146 9.9991E-05 0.470925 0.151219
0.628985 0.00563428 9.9991E-05 0.25679 0.108491
0.276501 0.0130148 9.99911E-05 0.607507 0.102877
0.00112102 0.386825 0.0654738 0.30541 0.24117
0.180309 9.99911E-05 0.477657 0.17218 0.169754
9.99821E-05 0.196557 0.166654 0.636588 9.99821E-05
0.16975 0.225115 0.34886 0.256175 9.9991E-05
0.0435575 0.158493 0.643253 0.125967 0.0287299
0.278834 0.0125815 0.545557 0.0622984 0.100729
0.31278 0.68692 9.99731E-05 9.99731E-05 9.99731E-05
9.99911E-05 0.161914 0.0830891 0.47972 0.275177
9.99821E-05 9.99821E-05 0.233184 0.585188 0.181427
9.997E-05 0.9996 9.997E-05 9.997E-05 9.997E-05
0.152655 0.439775 0.275877 9.99911E-05 0.131593
0.221563 0.12415 0.654087 9.99822E-05 9.99822E-05
0.25524 0.107261 0.253109 9.9991E-05 0.38429
0.281343 9.99821E-05 0.698567 0.01989 9.99821E-05
0.463715 0.200624 0.147553 0.0222194 0.165888
0.0719769 0.287692 0.640131 9.99821E-05 9.99821E-05
0.170942 9.99821E-05 0.693367 0.135491 9.99821E-05
9.99821E-05 0.822009 9.99821E-05 0.0872761 0.090515
0.0502301 0.618085 0.309738 9.9991E-05 0.0218471
0.503989 0.213646 0.282165 9.99822E-05 9.99822E-05
9.997E-05 0.9996 9.997E-05 9.997E-05 9.997E-05
0.150456 9.99821E-05 0.39432 9.99821E-05 0.455025
0.0131981 0.0715433 9.99821E-05 9.99821E-05 0.915059
9.9982E-05 0.0739675 0.267589 0.658244 9.9982E-05
0.0146687 0.204824 0.437957 0.34245 9.9991E-05
0.180023 9.99821E-05 0.276852 0.542926 9.99821E-05
9.99911E-05 0.0116618 0.0791468 0.749131 0.15996
9.99821E-05 0.198007 0.056104 0.745689 9.99821E-05
9.99821E-05 0.187174 9.99821E-05 0.188613 0.624013
0.105315 0.515091 0.379394 9.99822E-05 9.99822E-05
0.142104 0.424132 9.99821E-05 0.433564 9.99821E-05
9.99732E-05 0.88376 9.99732E-05 0.11594 9.99732E-05
0.0241814 0.13452 9.9991E-05 0.670676 0.170523
9.997E-05 0.9996 9.997E-05 9.997E-05 9.997E-05
0.408073 9.99911E-05 0.183346 0.0167991 0.391681
0.0527983 0.13297 0.415777 0.398354 9.9991E-05
0.0366987 0.0752554 0.291399 0.596547 9.9991E-05
0.0494191 0.13343 9.9991E-05 0.657951 0.1591
0.243043 0.152819 9.9991E-05 0.58028 0.0237586
0.0495361 0.780596 0.169668 9.99821E-05 9.99821E-05
0.554313 0.38113 9.99821E-05 9.99821E-05 0.0643567
9.99821E-05 0.338506 9.99821E-05 0.510114 0.15118
0.0230356 0.0180045 0.532233 0.262622 0.164105
9.99911E-05 0.301809 0.346102 0.153629 0.19836
9.9982E-05 0.0932692 0.555175 0.351356 9.9982E-05
9.99733E-05 0.0621857 0.937514 9.99733E-05 9.99733E-05
0.394605 0.0663052 9.9991E-05 0.408886 0.130104
9.99911E-05 0.0630559 0.144748 0.0829972 0.709099
0.0595279 0.241267 0.259765 0.216087 0.223353
0.231534 9.99732E-05 0.768166 9.99732E-05 9.99732E-05
0.24694 0.318263 0.0467717 0.223352 0.164674
0.313702 9.9991E-05 0.302441 0.267597 0.116161
0.222728 9.9991E-05 0.0653626 0.286135 0.425674
9.99731E-05 9.99731E-05 0.802893 9.99731E-05 0.196807
9.99911E-05 0.0645503 0.298463 0.624637 0.0122504
9.99731E-05 9.99731E-05 0.044526 0.955174 9.99731E-05
9.99821E-05 0.099215 9.99821E-05 0.772918 0.127667
0.512731 9.99911E-05 0.271623 0.0875568 0.12799
9.99732E-05 0.263529 9.99732E-05 0.736171 9.99732E-05
0.562445 0.047794 9.99911E-05 0.0601481 0.329513
0.196072 0.30062 0.280713 9.99911E-05 0.222494
0.0563272 0.0425022 0.689837 0.132035 0.0792987
9.99821E-05 9.99821E-05 0.531423 0.00884613 0.459531
9.99821E-05 0.804858 0.112876 9.99821E-05 0.0820662
0.181234 0.374041 0.0413144 0.40331 9.9991E-05
0.993724 9.99731E-05 0.00597589 9.99731E-05 9.99731E-05
9.9991E-05 0.300182 0.197843 0.270926 0.230949
0.241262 0.671902 9.99911E-05 0.0160922 0.0706444
0.9153 0.0105299 0.0703577 9.99911E-05 0.00371212
0.320007 9.99911E-05 0.009981 0.533709 0.136203
0.230964 9.99821E-05 0.728409 0.0404276 9.99821E-05
0.254456 0.157835 9.9991E-05 0.454845 0.132764
0.235842 0.149396 0.23773 0.376933 9.99911E-05
0.392881 0.528728 0.0781911 9.99822E-05 9.99822E-05
0.378225 9.99911E-05 0.208041 0.25464 0.158994
0.12427 0.23765 9.9991E-05 0.0627224 0.575257
0.0697783 9.99911E-05 0.390494 0.0147822 0.524846
0.0320543 0.046243 9.99821E-05 0.921503 9.99821E-05
0.0813031 0.330066 0.376921 0.13986 0.071849
0.99783 9.99731E-05 0.00187056 9.99731E-05 9.99731E-05
0.136662 0.0293789 0.461905 0.371953 9.9991E-05
0.26169 0.148145 9.9991E-05 0.523904 0.0661609
0.452905 9.99821E-05 0.535839 0.0110561 9.99821E-05
9.99733E-05 9.99733E-05 0.747362 0.252338 9.99733E-05
9.99821E-05 0.423263 0.388435 0.188102 9.99821E-05
9.99911E-05 0.248917 0.149143 0.348529 0.253311
9.99732E-05 9.99732E-05 9.99732E-05 0.950569 0.0491308
0.9996 9.997E-05 9.997E-05 9.997E-05 9.997E-05
0.317259 0.269931 0.217255 9.9991E-05 0.195455
0.191385 0.162795 9.99911E-05 0.579424 0.0662965
0.256513 9.99821E-05 9.99821E-05 0.642951 0.100336
0.638384 9.9991E-05 0.0548756 0.109912 0.196729
9.9991E-05 0.34418 0.407446 0.0853951 0.162879
9.99821E-05 0.321238 0.00543615 0.673126 9.99821E-05
0.24908 9.99822E-05 9.99822E-05 0.738471 0.0122492
0.125846 0.373647 0.246966 0.253441 9.99911E-05
0.0717317 9.99731E-05 9.99731E-05 9.99731E-05 0.927968
9.99821E-05 0.134323 0.636759 9.99821E-05 0.228717
0.0884671 9.99821E-05 0.752643 9.99821E-05 0.15869
0.0922113 9.99822E-05 0.828377 9.99822E-05 0.0792122
9.99821E-05 9.99821E-05 0.751599 0.0610309 0.18717
0.227242 0.219784 0.37308 0.179794 9.9991E-05
0.175295 0.17319 9.99821E-05 0.651315 9.99821E-05
9.997E-05 9.997E-05 9.997E-05 9.997E-05 0.9996
0.24694 9.99821E-05 0.269123 0.483737 9.99821E-05
0.408683 0.0459097 9.9991E-05 0.434956 0.110352
0.379443 0.220909 9.9991E-05 0.284502 0.115046
0.407336 0.344298 0.0139251 9.9991E-05 0.234342
