9.9973E-05 0.174757 9.9973E-05 0.028946 0.0185668 0.77743 9.9973E-05
0.306784 0.175489 0.184872 0.0260686 0.124211 0.0429144 0.139661
0.312667 0.158877 0.262078 0.0142679 0.0603383 0.191671 9.9991E-05
0.284424 0.1842 9.9991E-05 0.107341 0.107437 0.202049 0.114449
0.447233 0.128086 0.0205349 0.11084 0.077044 0.145622 0.0706408
0.744896 9.9991E-05 0.0099665 0.0633091 0.130446 0.0414027 0.00987915
0.182564 0.0975622 9.9982E-05 0.150389 0.00631601 0.56297 9.9982E-05
0.0788866 9.9991E-05 0.392058 0.0616742 0.0236773 0.410011 0.033592
0.122207 0.259984 0.111621 0.0267495 0.156412 0.29147 0.031557
9.999E-05 0.275309 0.0465739 0.0853506 0.271567 0.237917 0.0831818
0.0703225 0.370097 0.220899 0.0727296 0.265752 9.9982E-05 9.9982E-05
0.0994807 0.684739 9.9982E-05 0.0194994 9.9982E-05 0.0687999 0.127281
0.216178 0.0506677 9.9982E-05 0.146444 0.113054 0.473457 9.9982E-05
0.100411 0.147969 0.141672 0.0741374 0.0932503 0.428475 0.0140854
9.9964E-05 9.9964E-05 0.878065 0.0484011 9.9964E-05 0.0731341 9.9964E-05
9.999E-05 0.0670861 0.459658 0.0882297 0.0465742 0.249166 0.089186
9.9973E-05 9.9973E-05 0.778547 0.00154105 0.11863 9.9973E-05 0.100982
0.204161 0.0541552 0.0155036 0.150824 0.0981041 0.338753 0.138499
0.351596 0.262598 9.9973E-05 0.0934441 9.9973E-05 0.292062 9.9973E-05
0.413968 0.164967 0.0791413 0.0888458 0.0968798 9.9991E-05 0.156098
0.19949 0.169989 0.076844 0.115469 0.10058 0.337529 9.9991E-05
0.125592 0.0971618 0.25628 9.9991E-05 0.199353 0.307433 0.0140806
0.392047 0.0981409 0.0776462 0.0863402 0.0934162 0.190684 0.0617261
0.25969 0.058964 0.264503 9.9991E-05 0.0263649 0.164442 0.225935
9.9991E-05 0.408268 0.13703 0.0816942 0.259408 0.0758113 0.0376885
0.00982097 0.0557167 0.104431 9.9991E-05 0.0799649 0.674185 0.075781
0.0660604 0.134956 0.156064 0.00995188 0.179009 0.310703 0.143255
0.187183 0.173405 0.045768 0.0177553 0.124348 0.405389 0.0461526
0.290428 0.0813679 0.267176 0.0217936 0.0904033 0.144475 0.104357
0.144384 9.99729E-05 0.209752 9.99729E-05 9.99729E-05 0.00417751 0.641387
0.252854 0.253123 0.332476 0.102714 0.0368086 9.9991E-05 0.0219253
0.0618859 0.651332 9.9991E-05 0.0491795 0.0200983 0.179296 0.0381081
0.577193 9.9991E-05 0.104768 0.0782239 0.0132987 0.162631 0.0637851
0.49132 9.9982E-05 0.25882 0.0585262 0.0851486 0.105986 9.9982E-05
0.266651 0.268878 9.9991E-05 0.0904657 0.0770555 0.250314 0.0465362
9.99551E-05 9.99551E-05 9.99551E-05 0.0664137 9.99551E-05 0.933087 9.99551E-05
0.773209 9.9973E-05 9.9973E-05 0.0508832 0.11666 9.9973E-05 0.0589481
9.9973E-05 0.176944 9.9973E-05 9.9973E-05 0.179052 0.515388 0.128316
0.476482 0.0160111 0.29362 0.00646067 0.147134 9.9991E-05 0.0601923
0.237167 0.327114 0.186326 0.0996683 0.0296437 0.0996971 0.0203837
0.226278 0.0312086 0.39477 0.00427867 0.160335 0.154666 0.028464
0.439256 9.9991E-05 0.105335 0.0380205 0.118979 0.210301 0.0880089
0.482972 0.0639684 0.163388 0.0130106 0.101885 0.174676 9.9991E-05
0.149445 0.514245 9.9973E-05 9.9973E-05 9.9973E-05 0.248476 0.0875344
9.9973E-05 0.593694 9.9973E-05 0.0597696 9.9973E-05 0.304185 0.042052
0.434209 0.197747 0.00490859 0.0675129 0.157469 0.138054 9.9991E-05
0.520613 0.0663748 0.161 0.0508817 9.9982E-05 0.200931 9.9982E-05
0.591588 0.194749 0.0458128 0.0341861 9.9982E-05 9.9982E-05 0.133464
0.135627 0.397434 0.26551 0.0955678 0.0192912 9.9991E-05 0.0864698
0.0535551 0.243391 0.464627 0.105439 9.9982E-05 9.9982E-05 0.132788
9.9991E-05 0.225874 0.168863 0.142938 0.112239 0.243477 0.10651
0.220624 0.203284 0.280011 0.122383 0.0315718 0.134543 0.0075832
0.179508 0.154096 0.505563 9.9991E-05 0.0395063 0.0675715 0.0536546
0.241138 0.00417172 0.120536 0.00491163 0.267101 0.284357 0.077785
9.9955E-05 0.80945 9.9955E-05 9.9955E-05 9.9955E-05 9.9955E-05 0.19005
0.596523 0.0262462 9.9982E-05 0.118091 0.0783122 0.180628 9.9982E-05
9.9982E-05 0.871271 0.026587 0.0711703 0.0200274 9.9982E-05 0.0107447
0.244669 0.424707 9.9991E-05 0.0526999 0.118206 0.0403627 0.119256
0.18795 0.316799 0.260141 0.0317618 0.125642 9.9991E-05 0.0776061
0.0899744 0.44219 0.109697 0.067287 0.119141 0.146168 0.0255417
0.880759 9.9964E-05 9.9964E-05 0.0149384 9.9964E-05 9.9964E-05 0.103903
0.38046 0.0473406 0.264312 0.133411 0.116539 9.9991E-05 0.0578372
0.491251 0.0204764 0.23839 0.0433249 9.9991E-05 0.169152 0.0373059
9.9955E-05 9.9955E-05 9.9955E-05 0.0690957 9.9955E-05 9.9955E-05 0.930405
0.12444 0.0772573 0.224062 9.9982E-05 0.147281 0.426759 9.9982E-05
9.9964E-05 9.9964E-05 0.131297 9.9964E-05 0.00637406 0.861929 9.9964E-05
0.182411 0.196754 9.9982E-05 0.0499526 0.10576 0.464923 9.9982E-05
0.482988 0.169198 0.156671 0.0686472 0.0127518 9.9991E-05 0.109644
0.432617 9.9973E-05 0.0438162 9.9973E-05 9.9973E-05 0.452296 0.0709711
0.227298 9.9991E-05 0.162719 0.0741537 0.101317 0.3053 0.129112
0.183804 0.572328 9.9982E-05 0.0415811 0.109588 9.9982E-05 0.092498
0.00387101 9.9991E-05 0.451082 0.0983715 0.0300675 0.409356 0.00715209
0.228961 9.9991E-05 0.23885 0.122127 0.0169051 0.310893 0.0821633
0.335956 0.0302112 0.433126 0.0213196 0.155645 9.9991E-05 0.0236417
9.9982E-05 0.0320011 0.234942 9.9982E-05 0.232712 0.414443 0.0857013
9.9982E-05 0.479936 0.343435 0.0253547 0.119439 9.9982E-05 0.031635
0.475266 0.161414 9.9982E-05 0.111102 0.0409327 0.211085 9.9982E-05
0.750875 9.9973E-05 0.158212 0.0556088 0.0350042 9.9973E-05 9.9973E-05
0.733523 0.0219185 0.118291 9.9982E-05 0.0543293 0.0717384 9.9982E-05
0.565024 9.9991E-05 0.0613528 0.0622737 0.0362653 0.243615 0.0313693
0.279779 0.0301688 0.207641 0.0697349 0.0724445 0.253798 0.0864338
0.426318 0.115169 0.0187793 0.0445709 0.103226 0.200154 0.0917834
0.338827 0.268175 9.9982E-05 9.9982E-05 0.105271 0.0737297 0.213797
0.279672 9.9982E-05 0.553152 0.00542113 0.0720253 9.9982E-05 0.0895294
0.64802 0.0739779 9.9982E-05 0.0392964 9.9982E-05 0.152959 0.0855466
0.12135 0.274509 0.154581 0.0304543 0.106493 0.312513 9.9991E-05
0.100995 9.9982E-05 0.0752268 0.0132636 9.9982E-05 0.749935 0.0603795
0.152299 0.608912 9.9973E-05 0.192126 0.0463628 9.9973E-05 9.9973E-05
0.00184936 0.00715288 0.352561 0.0426656 0.0932637 0.35249 0.150018
0.0423621 0.55278 9.9982E-05 0.060681 0.0181344 0.325843 9.9982E-05
9.9964E-05 9.9964E-05 9.9964E-05 9.9964E-05 0.0851219 0.0240719 0.890406
9.9991E-05 0.409727 0.219568 0.037122 0.189146 0.140279 0.0040583
0.723927 9.9973E-05 9.9973E-05 0.142603 0.0949412 9.9973E-05 0.0382281
0.093658 0.184949 0.550042 0.0697426 9.9982E-05 0.101408 9.9982E-05
0.619071 0.0364937 9.9991E-05 0.0989038 0.110991 0.111776 0.0226644
0.450229 9.9991E-05 0.137024 0.0043876 0.0373191 0.26078 0.11016
9.9982E-05 0.37396 0.0561853 9.9982E-05 0.128734 0.440483 0.000438117
0.505378 0.293291 9.9982E-05 0.11627 0.0514792 9.9982E-05 0.0333819
0.125204 0.0197544 9.9982E-05 0.130487 9.9982E-05 0.245281 0.479074
0.225896 0.0450941 0.211784 9.9982E-05 9.9982E-05 0.212286 0.30474
0.20178 0.215376 9.9982E-05 9.9982E-05 0.0482635 0.436038 0.0983425
9.995E-05 9.995E-05 9.995E-05 9.995E-05 9.995E-05 9.995E-05 0.9994
0.181462 0.165681 0.370867 0.0834904 0.14853 9.9991E-05 0.0498693
9.99549E-05 9.99549E-05 9.99549E-05 0.00198767 0.997513 9.99549E-05 9.99549E-05
9.9991E-05 0.149641 0.350425 0.06855 0.0978925 0.247644 0.0857476
0.191669 0.155018 0.50972 9.9982E-05 0.000693314 0.142699 9.9982E-05
0.128642 0.257843 0.322297 9.9973E-05 9.9973E-05 0.290918 9.9973E-05
0.35824 9.9991E-05 0.2958 0.00969361 0.130977 0.183342 0.0218471
0.203802 0.0471926 0.446096 0.00668494 0.0950167 0.0841622 0.117045
0.0263996 0.132947 0.241453 0.0580303 0.0294342 0.395948 0.115787
0.536687 9.9982E-05 0.173482 0.0429163 0.119042 0.127672 9.9982E-05
0.176439 0.459243 0.0159438 0.156049 9.9982E-05 9.9982E-05 0.192126
0.375104 0.158567 0.318262 9.9982E-05 0.0462613 9.9982E-05 0.101606
0.393132 9.9982E-05 9.9982E-05 0.0471525 0.0931293 0.0415866 0.4248
0.434156 0.0676491 0.15402 9.9991E-05 0.0747174 0.163949 0.105408
9.995E-05 9.995E-05 9.995E-05 9.995E-05 9.995E-05 9.995E-05 0.9994
0.187998 0.236334 0.0913214 9.9982E-05 0.257269 0.226877 9.9982E-05
0.0515531 0.200383 0.149694 0.0505118 9.9982E-05 0.547658 9.9982E-05
0.637278 0.275489 0.0564461 0.0136592 0.0169277 9.9982E-05 9.9982E-05
9.9973E-05 0.186286 9.9973E-05 0.069357 0.0899441 0.654113 9.9973E-05
0.45192 0.0262749 0.0660952 0.078399 0.0538791 0.265338 0.0580937
0.255408 9.9982E-05 9.9982E-05 0.144221 0.0377103 0.173473 0.388987
0.348112 0.356503 9.9982E-05 0.0904133 0.0529473 9.9982E-05 0.151825
0.335928 0.30031 0.264077 0.0780593 0.0214262 9.9982E-05 9.9982E-05
0.13894 0.393399 9.9991E-05 0.048183 0.00318864 0.267028 0.149162
0.482541 0.139147 0.294415 0.0615992 9.9982E-05 9.9982E-05 0.0220977
0.0939162 0.48933 0.284709 0.103106 9.9982E-05 0.028739 9.9982E-05
0.334914 0.307296 9.9991E-05 0.0680469 0.10866 0.046101 0.134882
0.200507 0.708258 9.9973E-05 0.0144145 9.9973E-05 0.0765203 9.9973E-05
9.9991E-05 0.362278 0.0291264 0.0682882 0.0493509 0.378751 0.112106
0.158375 9.9973E-05 9.9973E-05 0.0310585 0.00558451 0.804682 9.9973E-05
0.693782 0.0235487 9.9982E-05 0.117766 9.9982E-05 0.0377654 0.126938
0.431695 0.0407027 9.9991E-05 0.0118498 0.070656 0.198854 0.246142
0.33653 0.0565024 0.380773 0.067593 9.9982E-05 9.9982E-05 0.158402
0.256661 0.210321 9.9982E-05 9.9982E-05 0.107262 0.29062 0.134935
0.0853904 0.567883 9.9982E-05 0.134498 0.139494 0.0725341 9.9982E-05
0.0486388 0.157751 0.79321 9.9964E-05 9.9964E-05 9.9964E-05 9.9964E-05
9.9964E-05 9.9964E-05 0.947179 0.00542642 9.9964E-05 9.9964E-05 0.046995
0.216403 0.345545 0.169317 0.0479002 0.0478108 0.131206 0.0418179
0.687035 9.9991E-05 0.034747 0.0575685 0.159125 0.0093807 0.0520444
0.299375 0.182338 9.9991E-05 0.0844776 0.128221 0.287039 0.0184502
0.274012 0.156039 0.368946 0.116522 0.0842801 9.9982E-05 9.9982E-05
0.387877 0.378024 9.9982E-05 0.0803234 0.0215761 9.9982E-05 0.132
9.9973E-05 0.507054 9.9973E-05 0.0802504 0.0691765 0.343219 9.9973E-05
0.536533 9.9991E-05 0.183922 0.0551386 0.178469 0.0235617 0.0222764
0.24113 9.9991E-05 0.017281 0.0473303 0.0808338 0.146093 0.467232
0.150849 0.151844 0.276521 0.0649862 0.0613218 0.294378 9.9991E-05
9.995E-05 9.995E-05 9.995E-05 0.9994 9.995E-05 9.995E-05 9.995E-05
0.131278 9.9982E-05 0.0554979 0.0694627 0.072472 0.67109 9.9982E-05
0.443862 9.9973E-05 0.0840778 9.9973E-05 0.278999 0.192761 9.9973E-05
0.0321915 0.683327 0.0308233 0.0897765 0.0373175 9.9991E-05 0.126464
0.365117 0.0037719 0.206621 0.0741607 0.26758 0.0826499 9.9991E-05
9.9991E-05 0.157723 0.138809 0.118637 0.112117 0.323361 0.149253
0.293524 0.292737 0.160558 0.0665033 0.0846686 0.0702636 0.031745
0.196175 0.458309 0.150878 0.0907069 9.9991E-05 0.031078 0.0727539
0.0635733 9.9991E-05 0.345148 0.0347876 0.110864 0.267633 0.177895
0.349084 0.407272 0.0118766 0.11499 0.0084307 0.108247 9.9991E-05
0.288898 0.151567 0.123906 0.113844 0.0948686 0.192951 0.0339652
0.0371763 9.9964E-05 9.9964E-05 9.9964E-05 9.9964E-05 0.744188 0.218236
0.423267 0.192136 0.172869 0.0850267 9.99837E-05 9.99837E-05 0.126501
0.499084 9.9991E-05 0.0292678 0.0452722 0.0971917 0.257724 0.0713604
9.995E-05 9.995E-05 9.995E-05 0.9994 9.995E-05 9.995E-05 9.995E-05
0.0434725 9.9982E-05 0.483038 0.306418 0.0128494 0.154022 9.9982E-05
0.506853 9.9982E-05 0.255083 9.9982E-05 0.0675655 0.13255 0.0377495
0.108443 0.416742 0.0353206 0.120786 0.0996705 0.161248 0.0577899
9.9964E-05 9.9964E-05 9.9964E-05 0.0669047 0.0088243 0.923871 9.9964E-05
0.214418 0.301935 0.14864 0.0727221 9.9982E-05 0.262085 9.9982E-05
0.217003 0.371839 0.208329 0.0765636 0.126066 9.9982E-05 9.9982E-05
9.995E-05 9.995E-05 0.9994 9.995E-05 9.995E-05 9.995E-05 9.995E-05
0.20172 9.9991E-05 0.289681 0.0980562 0.0119383 0.280337 0.118167
0.276238 0.447213 0.194297 9.9973E-05 9.9973E-05 9.9973E-05 0.0819524
0.0763525 0.352678 0.248121 0.0577708 0.170806 0.0101861 0.0840853
0.640257 9.9991E-05 0.000162572 0.118337 0.0208171 0.0819692 0.138357
9.9973E-05 0.419867 0.518358 0.036983 0.0244915 9.9973E-05 9.9973E-05
0.407574 0.158025 0.225633 0.129635 9.9982E-05 0.0789331 9.9982E-05
0.655515 0.0936587 0.11739 9.9982E-05 0.129198 9.9982E-05 0.00403782
0.373595 0.17798 0.269644 0.0930925 9.9982E-05 0.0854882 9.9982E-05
9.9982E-05 0.438065 0.305135 9.9982E-05 0.10015 0.121336 0.0351129
9.995E-05 9.995E-05 9.995E-05 9.995E-05 0.9994 9.995E-05 9.995E-05
0.203858 0.408426 0.120245 9.9982E-05 0.0963719 9.9982E-05 0.170899
9.9982E-05 9.9982E-05 0.733719 0.0384056 0.0436609 0.0516058 0.132409
0.0437856 0.168301 0.0420142 0.132424 0.0550381 0.451239 0.107198
0.0824475 0.181558 0.363928 9.9991E-05 0.0335884 0.320671 0.0177068
0.260628 0.0780799 9.9973E-05 9.9973E-05 9.9973E-05 0.516 0.144992
0.279699 0.0907444 0.168773 0.0602281 9.9982E-05 0.400355 9.9982E-05
9.995E-05 9.995E-05 9.995E-05 9.995E-05 0.9994 9.995E-05 9.995E-05
0.427778 0.162047 9.9982E-05 0.0970868 9.9982E-05 0.247526 0.0653626
9.9991E-05 0.0452243 0.342668 0.0771985 0.274623 0.228919 0.031268
0.428761 9.9982E-05 0.147306 0.00906181 0.0574587 0.357213 9.9982E-05
9.9973E-05 0.26071 0.390794 9.9973E-05 9.9973E-05 0.229585 0.118611
