0.092885 0.0295385 0.0381242 9.9982E-05 0.471535 0.118208 0.00353792 9.9982E-05 0.0143303 0.231641
0.22563 0.0919762 0.258417 0.15407 0.134046 9.9973E-05 0.0790962 9.9973E-05 9.9973E-05 0.0564646
0.168153 0.172557 0.0108852 0.0178435 0.403436 9.9991E-05 0.0411454 0.0842467 0.0150426 0.08659
0.056718 0.0648224 0.0155413 0.0531205 0.593462 9.9991E-05 0.0982957 0.00445058 0.0457071 0.0677823
0.330125 0.0224719 0.311211 9.9982E-05 0.115436 9.9982E-05 0.0724517 0.0528497 0.0746833 0.0205711
0.488574 9.9973E-05 0.182394 9.9973E-05 0.171858 0.00332717 0.104444 0.015484 0.0336191 9.9973E-05
0.470021 9.9982E-05 0.0239357 0.059244 0.143057 0.100131 0.0893918 9.9982E-05 0.0897785 0.024241
0.284077 0.239924 0.0286609 0.0862285 0.214161 0.0339944 0.0438525 9.9982E-05 0.0689024 9.9982E-05
0.0381791 9.9955E-05 9.9955E-05 0.0849288 0.057306 0.202193 9.9955E-05 0.616893 9.9955E-05 9.9955E-05
0.134912 9.9982E-05 0.0572145 0.140622 9.9982E-05 0.19061 0.191567 0.0690196 0.100725 0.115131
9.99201E-05 9.99201E-05 9.99201E-05 9.99201E-05 9.99201E-05 0.999101 9.99201E-05 9.99201E-05 9.99201E-05 9.99201E-05
9.99279E-05 9.99279E-05 9.99279E-05 0.112893 9.99279E-05 9.99279E-05 9.99279E-05 0.886308 9.99279E-05 9.99279E-05
0.304983 0.0881202 0.170096 9.9991E-05 0.123649 0.103018 0.054328 0.0487813 0.0944387 0.0124862
9.9982E-05 0.170429 0.388753 0.0521765 0.0120547 9.9982E-05 0.107925 0.115662 0.0948528 0.0579474
9.99459E-05 0.132601 0.680076 9.99459E-05 9.99459E-05 0.182427 9.99459E-05 9.99459E-05 0.0042955 9.99459E-05
0.0951736 0.470155 9.9982E-05 0.110063 0.00695888 0.051508 0.0266686 0.135449 0.103824 9.9982E-05
9.99279E-05 9.99279E-05 0.971682 9.99279E-05 9.99279E-05 9.99279E-05 0.0275187 9.99279E-05 9.99279E-05 9.99279E-05
0.186778 0.0698089 0.219296 0.0875533 0.15321 0.124776 0.0410064 9.9982E-05 0.117373 9.9982E-05
0.26529 0.0875467 0.12322 9.9964E-05 0.235532 9.9964E-05 9.9964E-05 9.9964E-05 0.125447 0.162565
0.0889562 0.102042 9.9982E-05 0.0797146 0.296252 0.0962275 0.100323 0.143235 0.0930495 9.9982E-05
0.348205 0.0869071 9.99729E-05 9.99729E-05 0.103025 0.099228 0.0856084 0.175488 0.101238 9.99729E-05
0.288498 0.0256782 0.231487 9.9982E-05 0.0637297 9.9982E-05 0.011813 0.0905285 0.0695302 0.218535
0.246465 0.109356 0.0282158 9.999E-05 0.110557 0.0204849 0.0595001 0.162449 0.114993 0.147878
0.137283 9.9973E-05 0.210648 0.114705 0.430385 0.0324633 0.0467394 9.9973E-05 9.9973E-05 0.0274772
9.99201E-05 9.99201E-05 9.99201E-05 9.99201E-05 9.99201E-05 0.999101 9.99201E-05 9.99201E-05 9.99201E-05 9.99201E-05
9.9964E-05 0.0175537 0.606307 0.0189742 0.23913 0.102832 0.0148025 9.9964E-05 9.9964E-05 9.9964E-05
9.998E-05 0.202788 9.998E-05 0.128904 0.179823 0.135704 0.0502594 0.146892 0.0279588 0.127471
0.475969 0.16198 0.151668 0.0293496 9.9964E-05 9.9964E-05 0.157502 9.9964E-05 0.0231313 9.9964E-05
0.546132 0.113263 0.151646 0.086023 9.9964E-05 0.0261868 0.0763498 9.9964E-05 9.9964E-05 9.9964E-05
9.99729E-05 0.0561344 0.0544468 0.563924 0.20983 9.99729E-05 0.011202 0.103553 0.000609602 9.99729E-05
9.996E-05 0.165375 9.996E-05 0.0586394 0.0963123 0.475396 0.00450683 0.199371 9.996E-05 9.996E-05
0.0568228 9.9964E-05 9.9964E-05 9.9964E-05 9.9964E-05 0.160801 0.0747402 0.378761 0.0422965 0.286179
0.267798 9.9955E-05 0.242239 0.113931 0.309043 9.9955E-05 9.9955E-05 9.9955E-05 0.0664899 9.9955E-05
0.232656 0.16034 0.123153 9.99639E-05 0.330145 9.99639E-05 0.0536771 9.99639E-05 0.0996289 9.99639E-05
9.9964E-05 9.9964E-05 0.40128 9.9964E-05 0.13104 9.9964E-05 0.0677364 0.0245595 0.0633227 0.311661
9.99551E-05 9.99551E-05 0.320615 9.99551E-05 0.475665 9.99551E-05 0.0100604 9.99551E-05 0.0902873 0.102873
0.145587 9.9964E-05 9.9964E-05 0.00416374 0.656548 0.0659388 0.123688 9.9964E-05 0.00367516 9.9964E-05
9.9955E-05 0.0294623 0.171803 9.9955E-05 9.9955E-05 0.0905189 0.0950806 9.9955E-05 9.9955E-05 0.612636
0.286672 0.042944 0.122854 0.153266 9.9982E-05 0.109164 0.0952223 0.181304 0.00837357 9.9982E-05
9.99639E-05 0.260493 9.99639E-05 9.99639E-05 0.407029 0.205637 0.0106819 9.99639E-05 0.0406154 0.0751441
0.280038 0.213475 9.9964E-05 0.00135827 0.0262571 0.112237 9.9964E-05 9.9964E-05 9.9964E-05 0.366235
0.290432 0.167575 9.9964E-05 0.000982663 0.283007 9.9964E-05 0.129271 9.9964E-05 0.128334 9.9964E-05
0.551313 0.157318 0.0108839 9.9964E-05 9.9964E-05 9.9964E-05 0.126519 0.069381 0.0841854 9.9964E-05
0.597684 9.99461E-05 9.99461E-05 0.0797891 0.00856368 9.99461E-05 9.99461E-05 9.99461E-05 9.99461E-05 0.313363
0.034636 9.9955E-05 9.9955E-05 9.9955E-05 9.9955E-05 0.0185204 9.9955E-05 0.482396 0.0719602 0.391988
0.134178 0.0589165 9.9991E-05 0.0183084 0.135765 0.0417291 0.223108 0.330035 0.0318671 0.0259921
0.19892 0.0256721 9.9955E-05 9.9955E-05 0.296293 0.0654693 9.9955E-05 0.413145 9.9955E-05 9.9955E-05
0.0820354 0.0874138 9.9964E-05 0.113796 0.346646 9.9964E-05 9.9964E-05 0.245768 9.9964E-05 0.12394
0.222275 0.125853 0.01574 0.0444049 9.9973E-05 0.321518 9.9973E-05 9.9973E-05 0.0106491 0.25926
0.334932 0.247405 0.283775 0.0624071 9.9955E-05 0.0709812 9.9955E-05 9.9955E-05 9.9955E-05 9.9955E-05
9.9973E-05 9.9973E-05 0.310721 0.0160988 9.9973E-05 0.190161 0.0907841 0.115623 0.079197 0.197114
9.9973E-05 0.1228 9.9973E-05 0.131438 0.297722 9.9973E-05 0.00470952 0.28396 0.0630673 0.0960029
9.9964E-05 0.622258 9.9964E-05 0.134592 0.0750177 9.9964E-05 0.00780446 0.15278 0.00714784 9.9964E-05
0.350281 0.176631 0.0188681 0.1029 9.9982E-05 0.0548863 0.0947083 0.174107 0.0274178 9.9982E-05
0.000132747 0.07812 9.99459E-05 0.0727842 9.99459E-05 9.99459E-05 9.99459E-05 9.99459E-05 9.99459E-05 0.848363
0.438063 9.998E-05 0.0988488 0.012631 0.0397518 0.0343456 0.0348204 0.295838 0.0455014 9.998E-05
9.99371E-05 0.00862863 9.99371E-05 9.99371E-05 9.99371E-05 9.99371E-05 9.99371E-05 0.0310981 9.99371E-05 0.959574
0.0674482 9.9973E-05 9.9973E-05 0.0241255 0.122211 0.00641778 0.0164084 9.9973E-05 0.0600817 0.703007
0.13892 0.300894 0.0498067 9.9982E-05 9.9982E-05 0.17389 0.0733149 0.211643 0.00822995 0.0431007
0.223543 9.9973E-05 0.103694 9.9973E-05 9.9973E-05 0.121334 0.111696 0.224805 0.0383456 0.176282
0.0189245 9.9955E-05 9.9955E-05 0.0793895 0.805919 0.0808065 9.9955E-05 9.9955E-05 0.0144603 9.9955E-05
9.9964E-05 9.9964E-05 0.3886 9.9964E-05 0.230765 0.187244 0.0398983 9.9964E-05 0.0644047 0.0886887
0.318097 9.9973E-05 0.113221 0.00286769 0.311501 0.0517828 9.9973E-05 0.174125 0.0281059 9.9973E-05
9.9955E-05 0.0530115 9.9955E-05 0.78719 0.0452897 0.034212 9.9955E-05 9.9955E-05 0.079797 9.9955E-05
0.25647 0.114439 0.209549 9.9973E-05 0.191521 0.00762195 0.135938 0.0841622 9.9973E-05 9.9973E-05
9.9955E-05 0.200679 9.9955E-05 9.9955E-05 0.607009 9.9955E-05 0.0783566 9.9955E-05 0.00262218 0.110833
9.9982E-05 0.0195232 0.0258462 0.0548137 0.531756 9.9982E-05 0.0557101 0.10323 0.0891451 0.119776
0.633586 0.062317 0.155832 0.0533581 9.9964E-05 0.0705794 9.9964E-05 9.9964E-05 0.0239269 9.9964E-05
9.9955E-05 9.9955E-05 0.194537 0.0433389 0.570638 0.136643 9.9955E-05 9.9955E-05 9.9955E-05 0.0543429
0.183166 0.160227 0.173719 0.0633447 0.237054 0.13176 9.9982E-05 9.9982E-05 0.0392316 0.0112977
0.228802 9.9973E-05 0.0564362 0.084182 0.020098 0.107449 0.102214 9.9973E-05 9.9973E-05 0.400519
0.156078 0.275764 0.263604 0.0158143 9.9991E-05 0.0268209 0.0285985 0.0102201 0.105873 0.117127
0.153742 0.0868741 0.18761 0.123737 0.104118 0.166199 0.00268274 0.0688772 0.106062 9.9991E-05
0.233458 0.151845 0.21908 0.0847335 9.9982E-05 0.162497 0.0779737 0.0486718 0.0215409 9.9982E-05
0.12383 0.0572576 0.222912 0.104585 9.9964E-05 9.9964E-05 0.170548 9.9964E-05 9.9964E-05 0.320468
9.9955E-05 0.420916 9.9955E-05 0.0211778 9.9955E-05 9.9955E-05 0.0506086 0.481786 0.0250124 9.9955E-05
0.821902 9.99461E-05 9.99461E-05 0.0214688 9.99461E-05 9.99461E-05 9.99461E-05 0.0181617 0.137868 9.99461E-05
9.9955E-05 9.9955E-05 9.9955E-05 9.9955E-05 0.640645 0.274223 0.0169969 0.0295917 0.038043 9.9955E-05
9.99369E-05 0.00342228 9.99369E-05 9.99369E-05 0.794201 0.201677 9.99369E-05 9.99369E-05 9.99369E-05 9.99369E-05
9.998E-05 9.998E-05 0.0729602 0.137828 0.574399 0.12587 0.00593392 0.0369263 0.031213 0.0146695
0.180567 0.125338 9.9991E-05 0.0806271 0.262202 0.0644186 0.042166 0.111176 0.0628396 0.0705657
9.9955E-05 9.9955E-05 0.0384567 0.00749221 0.560911 0.210437 9.9955E-05 0.182202 9.9955E-05 9.9955E-05
9.9964E-05 0.0398696 9.9964E-05 0.147219 0.149752 9.9964E-05 0.038447 0.272989 9.9964E-05 0.351323
0.106626 0.149959 9.9982E-05 0.00364738 0.0997143 0.328169 0.0618182 0.235731 0.0141351 9.9982E-05
0.139608 9.9964E-05 0.214277 0.0471077 0.40629 9.9964E-05 9.9964E-05 0.166094 0.0262244 9.9964E-05
9.9964E-05 0.100317 9.9964E-05 9.9964E-05 0.196821 0.0114467 0.151345 0.116006 9.9964E-05 0.423664
0.0201013 9.9964E-05 0.326529 0.0173946 0.603585 9.9964E-05 9.9964E-05 0.00521423 0.0267757 9.9964E-05
9.9955E-05 0.00176774 9.9955E-05 9.9955E-05 9.9955E-05 0.0817522 0.0365182 0.862486 0.0169759 9.9955E-05
9.9982E-05 0.165757 0.284736 0.220283 0.124706 0.105888 0.0455347 9.9982E-05 0.0108278 0.0420684
0.353034 0.0500681 9.9964E-05 9.9964E-05 9.9964E-05 0.216653 9.9964E-05 0.171237 0.0453361 0.163272
9.99369E-05 9.99369E-05 0.0226686 0.956601 9.99369E-05 9.99369E-05 0.0200311 9.99369E-05 9.99369E-05 9.99369E-05
9.9964E-05 9.9964E-05 0.253196 9.9964E-05 9.9964E-05 0.102885 0.0747859 0.288652 0.0356988 0.244382
9.9946E-05 0.00378878 9.9946E-05 9.9946E-05 0.865253 9.9946E-05 9.9946E-05 0.0206627 0.109696 9.9946E-05
9.9982E-05 0.210403 0.35026 0.0523471 0.0859526 0.102731 9.9982E-05 0.107332 0.0696414 0.0211322
9.99282E-05 9.99282E-05 9.99282E-05 9.99282E-05 0.855399 9.99282E-05 0.143801 9.99282E-05 9.99282E-05 9.99282E-05
0.500878 0.0895906 0.0186987 0.137273 0.16766 9.9964E-05 0.0854999 9.9964E-05 9.9964E-05 9.9964E-05
0.31913 0.0653258 0.173773 9.9955E-05 9.9955E-05 9.9955E-05 0.0477555 9.9955E-05 9.9955E-05 0.393516
0.790433 9.99641E-05 9.99641E-05 0.0251424 0.0606609 0.0620009 0.0567613 9.99641E-05 0.00460204 9.99641E-05
0.202583 9.9964E-05 0.0205796 0.373142 9.9964E-05 0.255973 9.9964E-05 0.0924206 0.0549025 9.9964E-05
0.0594082 9.99639E-05 0.233059 0.259313 0.140453 9.99639E-05 9.99639E-05 0.0849645 9.99639E-05 0.222402
0.214315 9.9982E-05 0.332563 0.0696965 0.115581 0.0231243 0.0504818 0.0912876 9.9982E-05 0.102751
9.99201E-05 9.99201E-05 9.99201E-05 0.999101 9.99201E-05 9.99201E-05 9.99201E-05 9.99201E-05 9.99201E-05 9.99201E-05
0.144519 0.104629 0.284056 0.0941193 0.0373551 0.271846 0.0631761 9.997E-05 9.997E-05 9.997E-05
9.99201E-05 9.99201E-05 9.99201E-05 9.99201E-05 9.99201E-05 9.99201E-05 0.999101 9.99201E-05 9.99201E-05 9.99201E-05
9.9982E-05 0.212011 0.130859 0.0765645 0.0608532 0.151647 0.0745277 0.259304 0.0340339 9.9982E-05
0.318082 0.325562 0.00676537 0.0580806 9.99729E-05 0.065401 9.99729E-05 0.167221 9.99729E-05 0.0585877
0.0230377 0.0981274 0.184804 9.9964E-05 0.38732 9.9964E-05 9.9964E-05 0.0888063 9.9964E-05 0.217505
0.198842 9.9973E-05 9.9973E-05 0.0205051 0.0835384 0.11839 9.9973E-05 0.267538 0.0654365 0.24545
9.9991E-05 0.130192 0.315419 0.162142 0.0699557 0.127925 0.083693 0.0642597 0.0246584 0.021655
0.118775 0.0749743 0.0444716 0.06347 0.377456 0.0910463 9.999E-05 0.00698321 0.0357628 0.186961
0.483069 0.106959 9.9973E-05 9.9973E-05 0.116519 0.0957758 0.141209 0.0319322 0.0242363 9.9973E-05
0.160341 9.9982E-05 0.0325115 0.141336 9.9982E-05 0.271572 0.0121509 0.130175 0.104687 0.147027
0.186701 0.278906 9.9982E-05 0.0743538 0.267521 0.0477622 0.085347 0.0563389 9.9982E-05 0.00286993
0.184066 9.9973E-05 0.0768928 0.344498 0.0891292 0.220412 9.9973E-05 0.0126208 0.0720815 9.9973E-05
0.545131 9.99729E-05 0.0832382 9.99729E-05 0.127161 0.0518058 0.0513707 9.99729E-05 0.0614926 0.0795008
9.99201E-05 9.99201E-05 9.99201E-05 0.999101 9.99201E-05 9.99201E-05 9.99201E-05 9.99201E-05 9.99201E-05 9.99201E-05
0.223696 0.0445119 0.379124 9.9964E-05 9.9964E-05 0.139315 0.179773 0.0331796 9.9964E-05 9.9964E-05
0.120936 0.0762298 0.156549 9.9982E-05 0.278046 9.9982E-05 0.0293664 0.186737 0.0534878 0.0984471
0.764513 9.9964E-05 9.9964E-05 0.0203676 9.9964E-05 0.100731 9.9964E-05 0.022585 0.00717193 0.0842308
0.19103 9.997E-05 0.267894 9.997E-05 9.997E-05 0.204007 0.0232762 0.150936 0.0493661 0.113191
0.0329936 0.132091 0.283855 0.00599706 0.407248 9.9982E-05 0.000848169 0.0859673 0.0508006 9.9982E-05
9.9964E-05 9.9964E-05 0.130154 0.353573 0.180267 0.197875 9.9964E-05 9.9964E-05 0.121701 0.0160301
0.223644 9.9973E-05 0.28189 0.0349716 0.0793448 9.9973E-05 0.024636 9.9973E-05 0.101923 0.25329
0.121317 0.135511 0.168274 9.9964E-05 9.9964E-05 0.0110368 0.082819 0.480643 9.9964E-05 9.9964E-05
0.0641047 9.997E-05 9.997E-05 0.0858273 0.0555879 0.0778151 9.997E-05 0.168428 0.049509 0.498428
0.0879837 9.99371E-05 0.785928 9.99371E-05 9.99371E-05 9.99371E-05 9.99371E-05 0.125389 9.99371E-05 9.99371E-05
0.246016 0.113517 9.9946E-05 0.0207779 9.9946E-05 0.619089 9.9946E-05 9.9946E-05 9.9946E-05 9.9946E-05
0.267208 9.9973E-05 9.9973E-05 0.208384 0.19615 0.0104159 0.0941948 9.9973E-05 0.00736746 0.215979
0.0435636 0.113815 9.9955E-05 9.9955E-05 0.207922 9.9955E-05 9.9955E-05 0.590856 9.9955E-05 0.0433435
9.995E-05 9.995E-05 0.216693 0.0289589 9.995E-05 0.0729722 9.995E-05 9.995E-05 0.0472645 0.633612
0.523725 9.9955E-05 0.157286 9.9955E-05 0.132669 9.9955E-05 9.9955E-05 0.127207 0.0586134 9.9955E-05
0.526593 0.0047234 9.9973E-05 0.0436524 0.246392 9.9973E-05 0.00262973 0.05299 0.12272 9.9973E-05
0.0693442 9.99641E-05 0.230824 0.228671 0.046109 9.99641E-05 0.0340347 0.390618 9.99641E-05 9.99641E-05
0.234345 0.208996 0.174538 0.17481 9.9982E-05 0.0593678 0.00671415 0.0629847 0.0780448 9.9982E-05
0.591399 9.9955E-05 9.9955E-05 0.004795 0.119676 0.261896 9.9955E-05 0.0217344 9.9955E-05 9.9955E-05
0.144331 9.9964E-05 9.9964E-05 9.9964E-05 0.0450725 0.399761 0.00384805 0.377287 0.0293001 9.9964E-05
9.99279E-05 0.808338 9.99279E-05 9.99279E-05 9.99279E-05 9.99279E-05 9.99279E-05 0.190862 9.99279E-05 9.99279E-05
9.99201E-05 0.999101 9.99201E-05 9.99201E-05 9.99201E-05 9.99201E-05 9.99201E-05 9.99201E-05 9.99201E-05 9.99201E-05
0.184555 9.9973E-05 0.125407 0.0305978 0.0207276 9.9973E-05 9.9973E-05 0.341144 0.0526225 0.244646
9.9982E-05 9.9982E-05 0.0253862 0.00348443 0.419222 0.151813 0.0752505 0.198069 0.0524457 0.0741291
0.184693 9.998E-05 0.0810727 0.0884069 0.0816446 9.998E-05 0.112129 0.416407 0.0237371 0.0117087
0.0134364 0.169394 0.0350909 9.9955E-05 9.9955E-05 0.733761 9.9955E-05 9.9955E-05 0.0478181 9.9955E-05
0.0588929 9.9982E-05 0.00792509 0.1329 0.300449 0.0212789 0.112663 9.9982E-05 0.00776134 0.35793
0.137677 9.998E-05 9.998E-05 0.0440446 0.0949591 0.243809 0.0186123 0.0447485 0.0434242 0.372526
0.122144 9.99641E-05 9.99641E-05 0.193824 0.617103 0.000268738 0.059906 9.99641E-05 0.00635502 9.99641E-05
0.0221386 9.99729E-05 0.16936 0.301151 0.289599 0.0571303 0.0461595 9.99729E-05 0.114161 9.99729E-05
0.201664 0.109743 0.248293 9.9982E-05 0.204454 9.9982E-05 0.0632958 0.0399363 0.0415373 0.0908761
9.99201E-05 9.99201E-05 9.99201E-05 9.99201E-05 9.99201E-05 9.99201E-05 9.99201E-05 9.99201E-05 0.999101 9.99201E-05
9.9964E-05 9.9964E-05 0.044276 9.9964E-05 0.652505 0.0418059 0.0669647 9.9964E-05 0.0615038 0.132545
0.137181 0.217428 9.9946E-05 9.9946E-05 0.330132 9.9946E-05 0.314659 9.9946E-05 9.9946E-05 9.9946E-05
9.9955E-05 9.9955E-05 9.9955E-05 0.0172781 9.9955E-05 0.00572766 0.0169278 0.909735 0.0498314 9.9955E-05
9.996E-05 0.0611407 9.996E-05 9.996E-05 0.398161 9.996E-05 0.0913999 0.350474 0.037108 0.061316
0.122415 0.0591331 9.9973E-05 0.136723 9.9973E-05 9.9973E-05 0.0278926 0.405769 0.128565 0.119203
9.9982E-05 0.0490229 0.105969 0.0659772 0.33278 9.9982E-05 0.028036 0.147802 0.0132949 0.256917
9.995E-05 9.995E-05 0.226109 0.0275385 0.034833 9.995E-05 9.995E-05 0.682358 0.0286617 9.995E-05
0.0252802 0.254623 0.275376 0.182217 9.9973E-05 9.9973E-05 0.0780988 0.0787279 0.105377 9.9973E-05
0.289774 9.99549E-05 9.99549E-05 9.99549E-05 0.291942 0.0853094 9.99549E-05 9.99549E-05 0.0832759 0.249199
0.173127 0.0382298 0.242715 0.0839566 0.15149 0.106331 9.9982E-05 0.166318 0.0376326 9.9982E-05
0.47636 0.227252 9.9955E-05 0.0516887 0.2008 9.9955E-05 9.9955E-05 9.9955E-05 9.9955E-05 0.0434002
0.146674 0.0334187 0.252981 0.117226 0.090536 0.135363 0.0233418 0.16488 0.0354788 9.999E-05
0.0170209 0.00235721 0.102767 9.9982E-05 0.190759 0.348805 0.00791915 0.289542 0.0406297 9.9982E-05
9.99201E-05 9.99201E-05 9.99201E-05 9.99201E-05 9.99201E-05 9.99201E-05 9.99201E-05 9.99201E-05 0.999101 9.99201E-05
9.9964E-05 0.106688 0.236516 9.9964E-05 0.0666291 0.0792119 9.9964E-05 0.0979034 0.412652 9.9964E-05
0.359874 0.331755 9.9955E-05 9.9955E-05 0.0725276 9.9955E-05 0.0964421 9.9955E-05 9.9955E-05 0.138901
0.499021 0.0829006 9.9964E-05 9.9964E-05 9.9964E-05 0.0295004 0.0233475 9.9964E-05 0.0888197 0.276011
0.0498584 0.122617 9.9973E-05 0.0247951 0.397354 9.9973E-05 0.0264049 9.9973E-05 0.159939 0.218732
0.300477 0.0836553 0.209893 9.998E-05 0.20046 0.00798354 0.0224745 9.998E-05 0.0374714 0.137385
0.230703 0.0703836 0.28865 9.998E-05 0.0222481 0.0166288 0.149754 0.167163 0.0542703 9.998E-05
9.99201E-05 0.999101 9.99201E-05 9.99201E-05 9.99201E-05 9.99201E-05 9.99201E-05 9.99201E-05 9.99201E-05 9.99201E-05
0.0348533 0.0131807 0.436997 0.0271272 0.138064 9.9973E-05 9.9973E-05 0.272313 0.0771652 9.9973E-05
9.996E-05 0.227778 9.996E-05 0.0919013 0.158585 0.176774 9.996E-05 0.259836 9.996E-05 0.0847257
0.382551 0.237307 0.0801079 0.138252 0.00181329 9.99756E-05 0.100379 9.99756E-05 9.99756E-05 0.0592901
9.999E-05 0.0111211 0.125511 0.181108 0.382685 0.0397458 0.0213367 0.117693 0.0912466 0.0294528
9.9964E-05 0.379296 0.137387 9.9964E-05 9.9964E-05 0.0415021 0.0419819 0.0324213 9.9964E-05 0.367011
0.00406787 0.113806 0.18046 9.998E-05 0.363011 0.0505852 0.0276329 0.194209 0.0660282 9.998E-05
0.0382152 9.9964E-05 0.193737 9.9964E-05 0.336929 9.9964E-05 0.107308 0.284568 9.9964E-05 0.0388427
0.130743 0.00668654 9.9964E-05 9.9964E-05 0.124282 0.363521 9.9964E-05 0.335417 0.0389507 9.9964E-05
0.332676 0.211007 0.0019144 0.00604235 9.9964E-05 9.9964E-05 0.102157 0.345803 9.9964E-05 9.9964E-05
9.99201E-05 9.99201E-05 9.99201E-05 9.99201E-05 9.99201E-05 9.99201E-05 0.999101 9.99201E-05 9.99201E-05 9.99201E-05
0.0738002 9.9973E-05 9.9973E-05 0.0546988 0.0177921 9.9973E-05 0.0773023 0.196111 0.0282811 0.551715
9.99201E-05 9.99201E-05 0.999101 9.99201E-05 9.99201E-05 9.99201E-05 9.99201E-05 9.99201E-05 9.99201E-05 9.99201E-05
0.116489 9.9982E-05 0.204369 0.051539 0.0226665 0.181528 0.0185108 9.9982E-05 0.128169 0.276528
9.9964E-05 0.192672 9.9964E-05 0.0322314 0.378033 0.0748801 9.9964E-05 9.9964E-05 0.024403 0.29738
0.495377 0.0157459 0.116206 0.112145 0.117574 9.9964E-05 9.9964E-05 0.142552 9.9964E-05 9.9964E-05
0.0144475 0.22099 9.9973E-05 0.0243296 0.307713 0.0569784 0.0229586 0.352282 9.9973E-05 9.9973E-05
9.99201E-05 9.99201E-05 9.99201E-05 9.99201E-05 9.99201E-05 9.99201E-05 0.999101 9.99201E-05 9.99201E-05 9.99201E-05
9.9964E-05 9.9964E-05 0.0448747 0.034431 0.519358 9.9964E-05 9.9964E-05 0.187843 0.0490428 0.164051
9.9982E-05 0.101494 0.351596 0.0525198 0.00879342 9.9982E-05 0.246479 0.0398232 0.0458415 0.153252
9.9955E-05 9.9955E-05 0.0431215 0.0323004 0.745391 9.9955E-05 0.000648291 9.9955E-05 9.9955E-05 0.178039
9.9973E-05 0.17563 0.15455 0.043183 0.0043142 9.9973E-05 9.9973E-05 0.313081 0.00421092 0.304731
