0.0390188 0.814628 0.0313372 0.0293946 0.0856208
0.513977 0.0860567 0.185753 0.162423 0.0517907
0.306972 0.245265 0.256981 0.0985486 0.092233
0.223123 0.531199 0.073971 0.0635147 0.108192
0.468647 0.269264 0.142126 0.0100946 0.109868
0.75052 9.9991E-05 0.0232308 0.03515 0.190999
0.451933 0.454846 0.04194 9.9991E-05 0.0511807
0.0790165 0.280162 0.482613 0.0682699 0.0899383
0.43233 0.267132 0.0278779 0.0651936 0.207467
0.0346226 0.171433 0.041098 0.292407 0.46044
0.226644 0.0955 0.28419 0.0199622 0.373704
0.336016 0.139633 0.0145134 0.327386 0.182452
0.654115 0.165253 0.0815683 9.99996E-05 0.0989627
0.167826 0.33432 0.193768 0.178632 0.125454
0.169603 0.0759932 0.545655 9.9991E-05 0.208649
0.152535 0.0387387 0.615658 0.19289 0.0001786
9.999E-05 0.313529 0.358401 0.0532947 0.274675
0.217632 0.282416 0.396731 0.0359081 0.0673122
0.35901 0.213744 0.249469 0.177677 9.9991E-05
0.105591 0.325244 0.344326 0.0535894 0.171249
0.145016 0.562917 0.0853512 9.9991E-05 0.206615
0.411123 0.203399 0.257006 0.0660841 0.0623876
0.217153 0.478038 0.14281 0.160472 0.00152684
0.598733 9.9982E-05 0.139477 0.26159 9.9982E-05
0.370571 9.9991E-05 0.122405 0.00751441 0.499411
0.0763734 0.520364 0.257829 0.10059 0.0448439
9.9991E-05 0.145896 0.383343 0.258216 0.212445
0.272273 0.29774 0.221666 0.101317 0.107005
0.320187 0.129143 0.188618 0.0755092 0.286543
0.0463683 0.118519 0.097687 0.737326 9.9991E-05
0.306041 9.9991E-05 0.261637 0.225687 0.206535
0.00786605 0.313242 0.102688 0.243229 0.332975
0.457398 0.220293 0.253393 0.0688159 9.9991E-05
0.297431 0.126152 0.404877 9.9991E-05 0.17144
0.275224 0.256004 0.136324 0.125953 0.206495
9.997E-05 0.9996 9.997E-05 9.997E-05 9.997E-05
0.478592 0.286136 9.9982E-05 9.9982E-05 0.235072
9.9991E-05 0.385219 0.0349304 0.210446 0.369305
0.369115 9.9991E-05 0.260232 0.178094 0.192459
0.195269 0.244573 0.402071 9.9991E-05 0.157987
0.429553 0.0125661 0.319987 0.103924 0.133971
0.0012896 0.416157 0.36162 0.0508198 0.170113
0.105245 0.449388 0.18869 0.104332 0.152345
0.364875 0.35754 9.9991E-05 0.276721 0.000764253
0.114309 0.286155 0.0242039 0.351203 0.224129
0.100747 0.382911 0.0235988 0.0954992 0.397244
0.346328 0.379809 0.117445 0.135901 0.0205168
0.368744 0.234319 0.173757 0.196763 0.0264176
0.166026 9.9991E-05 0.48327 0.201246 0.149357
0.218773 0.1864 0.344855 0.248743 0.00122934
9.9991E-05 0.491757 0.137824 0.125608 0.24471
0.100056 0.329344 0.255716 0.165297 0.149587
0.129065 0.0267678 0.675383 0.125135 0.043648
0.202027 0.0750358 0.329343 0.082296 0.311299
0.378854 0.0429245 0.0803004 0.469515 0.0284066
0.306945 0.329352 0.183327 9.9991E-05 0.180277
0.234022 0.255561 9.9991E-05 0.266309 0.244008
0.602981 0.0799332 9.9982E-05 0.316886 9.9982E-05
0.35594 9.9991E-05 0.315275 0.140153 0.188532
0.223649 0.0488953 0.163909 0.200337 0.36321
0.867849 9.9982E-05 0.0934573 0.0384934 9.9982E-05
0.0630362 0.285771 0.397353 9.9991E-05 0.25374
0.346157 0.270723 0.264512 0.118509 9.9991E-05
9.9973E-05 9.9973E-05 0.0981553 0.901545 9.9973E-05
0.231451 0.411715 0.0471367 0.0386805 0.271017
9.997E-05 0.9996 9.997E-05 9.997E-05 9.997E-05
0.0839636 0.583884 0.0516711 0.174019 0.106462
0.731458 9.9991E-05 0.1775 0.0207023 0.07024
0.488806 0.383918 0.125306 0.00186966 9.9991E-05
0.222769 0.0821264 0.393591 0.20688 0.0946336
0.284151 9.9982E-05 9.9982E-05 0.223641 0.492008
0.232153 0.214776 0.426668 0.0694535 0.056949
0.404392 9.9991E-05 0.441636 0.0770576 0.076815
0.291909 9.9991E-05 0.329511 0.234366 0.144114
9.9991E-05 0.214846 0.205625 0.236521 0.342909
0.0246875 0.0259344 0.488022 0.152068 0.309289
0.911294 9.9982E-05 0.0203046 9.9982E-05 0.068201
0.58162 0.112331 0.213526 9.9991E-05 0.0924219
0.637884 0.151926 0.15883 9.9991E-05 0.05126
0.405226 0.136158 0.213463 0.0795579 0.165595
0.411897 0.122215 0.357839 0.0353713 0.0726781
0.476855 0.289932 0.0521417 0.0294202 0.151651
0.0290785 0.270054 0.116135 0.422567 0.162166
0.140312 0.052697 0.448067 0.0645318 0.294392
0.533116 0.223866 0.153764 0.0891538 9.9991E-05
0.26832 0.343522 0.0516661 0.0182128 0.318279
0.144723 0.684246 0.17083 9.9982E-05 9.9982E-05
0.266898 0.234531 9.9991E-05 0.206417 0.292054
0.252118 0.0694556 0.368531 0.190866 0.11903
0.302477 0.401895 0.216201 0.0417488 0.0376782
9.9973E-05 9.9973E-05 9.9973E-05 0.943811 0.0558892
0.0106396 0.240719 0.0508529 0.239222 0.458566
0.192012 0.481864 0.310786 0.0152384 9.9991E-05
0.0714907 0.0849251 0.700331 0.143153 9.9991E-05
0.0662381 0.601588 0.220431 9.9991E-05 0.111644
0.337357 0.298404 0.156887 0.0446961 0.162656
0.169989 0.439412 9.9991E-05 0.312883 0.0776156
0.695003 9.99731E-05 9.99731E-05 9.99731E-05 0.304697
0.529875 0.00118071 0.0376339 0.43121 9.9991E-05
0.200397 0.188156 0.136668 0.474679 9.9991E-05
0.599225 0.000449587 0.226329 0.173896 9.9991E-05
9.997E-05 9.997E-05 9.997E-05 0.9996 9.997E-05
0.441402 9.9991E-05 0.199091 0.135203 0.224204
9.997E-05 9.997E-05 9.997E-05 9.997E-05 0.9996
9.9991E-05 0.393095 0.306432 0.122157 0.178216
0.0888017 0.434532 0.275911 0.0950702 0.105685
0.237484 0.311733 0.18452 0.0383777 0.227886
0.441825 0.271694 0.178009 0.108372 9.9991E-05
0.0411772 0.0166373 0.348311 0.314173 0.279702
0.253737 0.225789 0.277004 0.158636 0.0848335
0.48842 0.177569 0.0796681 9.9991E-05 0.254243
0.307017 0.185245 0.0550018 0.287773 0.164962
0.110378 0.31502 0.24389 0.158359 0.172354
0.426697 9.9991E-05 0.139007 0.360654 0.0735418
0.322899 0.341044 9.9991E-05 0.162077 0.173881
9.997E-05 9.997E-05 9.997E-05 0.9996 9.997E-05
0.331516 0.149128 0.137352 9.9991E-05 0.381904
9.9991E-05 0.762321 0.115157 0.0849312 0.0374905
0.700264 0.0441274 9.9991E-05 0.0971379 0.15837
0.0221363 0.405509 0.210693 0.0539597 0.307702
0.423708 0.255638 0.229973 0.0905808 9.9991E-05
0.430181 9.9982E-05 0.156418 0.413201 9.9982E-05
0.502481 0.0908569 0.0818284 0.200515 0.12432
0.39322 0.263457 0.11064 9.9991E-05 0.232583
0.493887 0.0072285 0.114893 0.248757 0.135234
0.460094 0.145653 0.19617 0.128396 0.0696875
0.314801 0.163151 0.212089 0.146534 0.163425
0.2522 0.0926903 0.206012 0.26445 0.184646
0.473937 0.293593 0.0179296 0.130168 0.0843729
9.9991E-05 0.442085 0.0943385 0.264324 0.199153
0.332117 0.667583 9.9973E-05 9.9973E-05 9.9973E-05
0.818783 9.9982E-05 0.143983 0.0370336 9.9982E-05
0.240161 0.382259 9.9991E-05 0.322516 0.0549637
0.0953314 0.143262 0.460972 0.184129 0.116305
0.626346 0.218364 9.9991E-05 0.101123 0.0540672
0.479172 0.0451614 0.0319011 0.157514 0.286252
0.173663 9.9982E-05 0.825598 9.9982E-05 0.000538099
9.997E-05 9.997E-05 0.9996 9.997E-05 9.997E-05
0.0528701 0.556395 0.088955 0.149193 0.152587
0.485859 0.229367 0.0486086 0.0323388 0.203827
0.417708 0.232405 9.9991E-05 0.142525 0.207261
0.239234 9.9991E-05 0.507314 0.0100708 0.243281
0.413856 0.107836 0.0564805 0.268222 0.153606
0.338485 0.194416 0.00467012 0.229607 0.232822
0.834681 9.9982E-05 0.131974 9.9982E-05 0.0331447
0.210338 0.173918 0.08822 0.45611 0.0714138
0.287502 0.244383 0.175212 0.0527389 0.240164
9.997E-05 9.997E-05 0.9996 9.997E-05 9.997E-05
0.212878 0.496299 0.0937143 9.9991E-05 0.19701
0.192006 0.295726 0.219725 9.9991E-05 0.292444
0.390062 0.112633 0.00401858 0.310527 0.18276
0.292216 0.198291 0.109973 9.9991E-05 0.39942
0.283176 9.9991E-05 0.347169 0.143095 0.226461
0.21828 0.182336 0.222841 0.213879 0.162664
0.545484 0.0880508 0.02906 0.254474 0.0829305
0.192148 0.116601 0.477817 0.166598 0.0468354
0.495058 0.263494 0.135005 0.019862 0.0865815
0.28535 0.245924 0.200691 0.155986 0.112049
0.0932127 0.822276 9.9982E-05 0.0843111 9.9982E-05
0.106125 0.398911 0.184421 0.187253 0.12329
0.360048 0.401085 0.0878406 9.9991E-05 0.150927
9.997E-05 9.997E-05 0.9996 9.997E-05 9.997E-05
9.9982E-05 0.244808 0.736495 9.9982E-05 0.0184975
0.309691 0.146034 0.290093 0.0277925 0.226389
0.272054 0.189009 0.163693 0.198776 0.176469
0.0600062 0.770849 0.144893 0.00868799 0.0155638
0.443388 0.320373 0.236039 9.9982E-05 9.9982E-05
0.113011 0.137169 0.378654 0.0755502 0.295616
9.997E-05 9.997E-05 0.9996 9.997E-05 9.997E-05
0.214775 0.456191 0.214259 0.0728857 0.0418893
0.237692 0.0374388 0.258853 0.303139 0.162878
0.0567157 0.176963 0.402251 0.138602 0.225469
0.0728844 0.444336 0.143644 0.339036 9.9991E-05
0.0947521 0.263353 0.354798 0.085756 0.201341
0.0816776 0.496989 0.302025 9.9991E-05 0.119208
0.440507 0.0717197 0.0464899 0.162193 0.27909
0.208601 0.519483 0.0974417 0.0285904 0.145884
9.9991E-05 0.371625 0.101991 0.216651 0.309633
9.997E-05 9.997E-05 9.997E-05 9.997E-05 0.9996
0.242038 0.188154 0.0445127 0.291304 0.233992
9.9991E-05 0.20063 0.422496 0.151644 0.225131
0.473927 0.143032 0.280828 0.0350072 0.0672057
0.473645 0.0804079 0.283771 0.0903833 0.0717936
0.315308 0.540869 9.9991E-05 0.143168 0.000555602
0.0360144 0.65811 0.124525 0.0594971 0.121853
9.997E-05 9.997E-05 9.997E-05 9.997E-05 0.9996
0.344311 0.376726 0.132642 0.117778 0.0285429
9.9991E-05 0.273198 0.219677 0.226827 0.280197
0.531039 0.346936 0.121826 9.9982E-05 9.9982E-05
0.0884804 0.32761 0.199792 0.384017 9.9991E-05
