0.566455 0.0979165 0.310766 9.99821E-05 9.99821E-05 0.0246632
0.175519 0.324844 0.01749 9.9991E-05 0.133428 0.348619
9.99731E-05 0.165463 0.332227 0.50201 9.99731E-05 9.99731E-05
0.26993 0.181387 0.26539 0.283093 9.99821E-05 9.99821E-05
0.124217 0.263906 9.99821E-05 9.99821E-05 0.151547 0.46013
0.118579 0.147857 0.259485 0.360034 9.9991E-05 0.113945
0.184262 0.129043 0.290992 9.99911E-05 0.0115149 0.384088
0.563446 0.0363612 9.99821E-05 0.0523878 9.99821E-05 0.347605
0.177097 0.245653 9.99821E-05 9.99821E-05 0.495645 0.0814049
9.99731E-05 9.99731E-05 0.658424 0.193142 0.148134 9.99731E-05
0.0545699 0.149086 0.28421 0.381632 0.130402 9.9991E-05
0.505259 9.99732E-05 9.99732E-05 9.99732E-05 0.129122 0.365318
0.329017 0.139764 9.99821E-05 9.99821E-05 0.12663 0.40439
0.0497577 0.113331 0.301935 0.00777635 9.9991E-05 0.5271
0.570996 9.99732E-05 0.0503356 9.99732E-05 0.378368 9.99732E-05
0.537516 0.206259 0.0844137 0.171611 9.99822E-05 9.99822E-05
0.338356 0.135843 0.113334 0.203781 0.147206 0.0614797
0.115411 0.0303829 0.622089 0.231917 9.99821E-05 9.99821E-05
0.481917 9.99821E-05 9.99821E-05 0.00253753 0.446046 0.0692995
0.0535304 0.27856 0.365628 0.170874 9.9991E-05 0.131308
9.99732E-05 9.99732E-05 0.643338 0.168233 0.188128 9.99732E-05
0.254484 0.126242 9.9982E-05 0.0636836 0.55539 9.9982E-05
0.0568926 0.23266 0.250091 0.227467 0.108877 0.124012
9.99731E-05 0.475629 9.99731E-05 9.99731E-05 0.261001 0.26307
0.138341 0.396495 9.99911E-05 0.365641 0.0256642 0.0737587
0.369154 0.1805 0.297023 0.0154325 0.089217 0.0486732
0.214271 0.130668 0.329266 9.9982E-05 0.325594 9.9982E-05
9.99642E-05 9.99642E-05 9.99642E-05 0.210428 0.789172 9.99642E-05
0.347527 9.99731E-05 9.99731E-05 0.479221 9.99731E-05 0.172952
0.115406 0.880059 9.99732E-05 0.00423453 9.99732E-05 9.99732E-05
0.00144037 9.9991E-05 0.237467 0.18108 0.513979 0.0659331
0.180671 0.0243215 0.177208 0.0437555 9.99911E-05 0.573944
9.99821E-05 0.0647834 0.513479 0.227949 0.193589 9.99821E-05
0.396779 0.135011 0.0471339 0.109609 0.0971769 0.21429
0.304279 0.291772 0.151767 0.103893 9.9991E-05 0.148189
0.0745844 9.99731E-05 0.614515 9.99731E-05 9.99731E-05 0.310601
0.319673 0.0258578 0.176661 0.0816842 0.282209 0.113915
9.99731E-05 0.289163 9.99731E-05 0.434193 0.276345 9.99731E-05
0.220191 0.0874593 0.216332 0.122853 9.9991E-05 0.353065
0.315992 0.0924604 9.99821E-05 0.517639 9.99821E-05 0.0737087
9.99732E-05 0.244553 0.572314 9.99732E-05 0.182833 9.99732E-05
9.99643E-05 0.0837098 0.91589 9.99643E-05 9.99643E-05 9.99643E-05
0.0211633 0.105782 0.388756 0.146629 0.0152901 0.322379
0.363632 0.100707 0.0523939 0.250946 0.198053 0.0342688
0.376133 0.0412306 0.141614 0.0252048 9.99911E-05 0.415717
0.358457 9.99821E-05 0.394064 0.179177 9.99821E-05 0.0681016
0.154162 9.99641E-05 0.845438 9.99641E-05 9.99641E-05 9.99641E-05
9.9982E-05 9.9982E-05 0.520594 0.236863 0.129679 0.112664
0.64509 9.99643E-05 0.35451 9.99643E-05 9.99643E-05 9.99643E-05
0.523124 0.0371737 0.159801 0.014439 9.9991E-05 0.265362
0.465037 0.272099 0.0824166 0.180247 9.9982E-05 9.9982E-05
9.9982E-05 9.9982E-05 0.0137024 0.329382 0.283072 0.373644
0.318991 0.247878 0.190028 9.9982E-05 0.242903 9.9982E-05
0.493863 0.125852 9.99731E-05 0.379985 9.99731E-05 9.99731E-05
9.99731E-05 9.99731E-05 9.99731E-05 0.115333 0.374211 0.510157
0.48986 9.99642E-05 9.99642E-05 9.99642E-05 0.50974 9.99642E-05
0.0904997 0.302642 9.9991E-05 0.146423 0.333697 0.126638
9.99643E-05 9.99643E-05 9.99643E-05 9.99643E-05 0.566746 0.432854
0.13052 9.9982E-05 9.9982E-05 0.323586 0.130391 0.415303
0.207093 9.9982E-05 0.634856 0.0763602 9.9982E-05 0.0814907
0.397559 0.131333 9.99821E-05 0.386305 0.0846027 9.99821E-05
0.167782 9.99641E-05 0.831818 9.99641E-05 9.99641E-05 9.99641E-05
0.221935 9.9982E-05 0.209504 9.9982E-05 0.519222 0.0491399
0.132184 0.792091 0.0754251 9.99732E-05 9.99732E-05 9.99732E-05
0.425986 0.0404222 0.289708 0.104618 0.130733 0.00853278
0.391931 0.20809 0.27662 9.99821E-05 0.123159 9.99821E-05
0.174306 0.151339 0.322842 0.199728 9.9991E-05 0.151685
0.385097 9.99731E-05 9.99731E-05 9.99731E-05 0.409771 0.204833
0.873865 9.99731E-05 9.99731E-05 0.0906915 0.0351432 9.99731E-05
0.427355 0.113137 0.435255 9.99821E-05 0.024053 9.99821E-05
0.0443808 9.9991E-05 0.382869 0.0933292 0.144418 0.334903
0.199777 9.99821E-05 0.390485 9.99821E-05 0.0985231 0.311015
9.99643E-05 9.99643E-05 9.99643E-05 0.0998681 9.99643E-05 0.899732
0.702607 9.99731E-05 9.99731E-05 9.99731E-05 0.111836 0.185257
0.244204 0.246948 9.99821E-05 0.135392 9.99821E-05 0.373257
0.355507 0.0945422 0.0705317 9.9991E-05 0.0809423 0.398377
0.596738 0.0920548 0.0889666 9.99822E-05 0.222041 9.99822E-05
9.9991E-05 0.0450068 0.171547 0.154065 0.541734 0.0875468
0.166823 0.126094 9.9991E-05 0.263129 0.264641 0.179214
0.16413 9.9982E-05 9.9982E-05 0.224867 0.128753 0.48205
0.250222 9.99731E-05 9.99731E-05 0.240925 9.99731E-05 0.508553
0.276544 0.230902 9.99821E-05 0.208004 9.99821E-05 0.28435
9.99821E-05 9.99821E-05 0.485308 0.189349 0.144132 0.181011
0.404119 0.307851 9.99821E-05 0.0980915 0.189739 9.99821E-05
0.0212694 0.178513 0.563432 9.9991E-05 0.0662307 0.170455
0.206819 0.0484216 0.605526 0.0245975 0.0777612 0.0368743
9.9991E-05 0.135799 0.0282465 0.167363 0.213449 0.455042
0.0359543 0.488402 0.0534632 9.9991E-05 0.109476 0.312605
0.183713 0.1826 0.182041 0.441898 0.00964733 9.99911E-05
0.434431 0.0342263 0.0286916 0.279859 0.222692 9.9991E-05
0.148192 0.851408 9.99643E-05 9.99643E-05 9.99643E-05 9.99643E-05
9.99732E-05 0.0930323 0.406005 9.99732E-05 9.99732E-05 0.500662
9.99732E-05 0.101885 0.58393 9.99732E-05 9.99732E-05 0.313885
9.99821E-05 0.128897 0.401238 0.434998 0.0346675 9.99821E-05
0.176037 0.123507 0.122644 9.9991E-05 0.324392 0.25332
9.9982E-05 0.0378281 0.072008 0.259341 9.9982E-05 0.630622
0.0627253 0.0625144 0.510879 0.183212 0.180569 9.9991E-05
0.33309 9.99731E-05 0.363612 9.99731E-05 0.302998 9.99731E-05
0.0479128 0.56802 0.166689 0.0961985 9.9991E-05 0.12108
9.9982E-05 0.384458 0.432313 0.0205778 0.162451 9.9982E-05
9.99732E-05 0.0296711 0.148563 9.99732E-05 0.821466 9.99732E-05
9.99642E-05 0.956308 9.99642E-05 9.99642E-05 0.0432918 9.99642E-05
9.99821E-05 0.0486789 0.0439656 0.129792 0.777363 9.99821E-05
9.99642E-05 9.99642E-05 9.99642E-05 0.95581 0.0437904 9.99642E-05
0.381896 9.9982E-05 0.0554246 0.295625 9.9982E-05 0.266855
0.538248 0.0230546 0.36244 9.9991E-05 0.069811 0.00634678
0.190977 9.99731E-05 0.266123 9.99731E-05 9.99731E-05 0.5426
0.392498 0.0945585 0.0669669 0.259093 0.167137 0.019747
0.875103 0.0429514 9.99911E-05 0.0237649 0.0280062 0.0300741
9.99821E-05 0.174683 0.092313 0.682883 9.99821E-05 0.0499219
0.0317477 0.369769 0.0497933 9.99911E-05 0.242906 0.305684
0.550546 0.29522 9.99731E-05 9.99731E-05 9.99731E-05 0.153934
0.0666234 0.732068 9.99821E-05 0.163435 9.99821E-05 0.0376732
0.169141 0.0290413 9.99821E-05 0.297812 9.99821E-05 0.503805
9.99642E-05 0.997167 0.00243306 9.99642E-05 9.99642E-05 9.99642E-05
0.136363 9.99821E-05 9.99821E-05 0.435531 0.276973 0.150934
0.598645 0.105667 0.295389 9.99731E-05 9.99731E-05 9.99731E-05
0.302225 0.0391899 9.99821E-05 9.99821E-05 0.347288 0.311097
0.168933 0.256843 9.9991E-05 0.218725 0.247047 0.108352
0.160629 0.166861 0.217689 0.195695 9.9991E-05 0.259026
0.155771 0.435898 0.217634 9.9982E-05 0.190497 9.9982E-05
9.99731E-05 0.514865 9.99731E-05 0.077034 9.99731E-05 0.407801
0.326886 0.0646003 0.0419548 0.517426 9.9991E-05 0.0490332
9.99732E-05 9.99732E-05 0.774571 0.0584822 9.99732E-05 0.166647
0.0272267 0.170589 0.39199 0.326224 0.0838712 9.99911E-05
0.230355 9.9991E-05 0.538965 0.0280059 0.181223 0.0213517
9.99822E-05 0.0846926 0.578428 9.99822E-05 0.018124 0.318555
0.318925 9.99731E-05 9.99731E-05 0.438609 9.99731E-05 0.242167
9.99732E-05 0.467842 0.0616164 0.470241 9.99732E-05 9.99732E-05
0.158059 0.334098 0.0356904 0.245994 9.9991E-05 0.226058
0.0416265 9.99732E-05 0.347885 9.99732E-05 0.610189 9.99732E-05
0.0255252 9.9991E-05 0.489707 0.152664 0.0953793 0.236625
0.132116 9.9991E-05 0.306228 0.269625 0.20448 0.0874517
0.109554 9.99821E-05 9.99821E-05 0.512171 0.203834 0.174241
9.99642E-05 9.99642E-05 0.776397 0.223203 9.99642E-05 9.99642E-05
0.499027 9.99732E-05 0.275395 0.225278 9.99732E-05 9.99732E-05
0.745954 9.99731E-05 0.099639 0.154107 9.99731E-05 9.99731E-05
0.213172 0.165105 0.190794 0.411719 9.99911E-05 0.0191111
0.0567682 9.99821E-05 0.117275 9.99821E-05 0.413603 0.412154
0.76076 0.0339418 0.0525563 0.152542 9.99821E-05 9.99821E-05
0.0797457 0.118396 9.99911E-05 0.303611 0.348363 0.149785
9.99911E-05 0.228413 0.204989 0.418002 0.0209356 0.12756
0.119991 0.0294914 0.424298 0.0228214 0.191657 0.211742
9.99732E-05 0.0439302 0.245034 9.99732E-05 0.710735 9.99732E-05
0.130645 0.535922 0.24951 0.0837227 9.99821E-05 9.99821E-05
0.465042 0.158197 0.100546 0.0583697 0.00103323 0.216812
9.99641E-05 9.99641E-05 0.14748 9.99641E-05 9.99641E-05 0.85212
0.0778583 0.222503 0.171671 0.365803 9.9991E-05 0.162065
9.99821E-05 0.147342 0.0885905 0.118196 9.99821E-05 0.645671
0.016572 0.00111266 9.99911E-05 0.0907952 0.522243 0.369177
0.172291 0.0335854 9.99911E-05 0.173035 0.148808 0.472181
0.413757 9.99821E-05 0.201335 9.99821E-05 0.293187 0.0915207
0.546946 9.99821E-05 0.189404 0.125443 0.138007 9.99821E-05
0.22199 0.115043 9.9991E-05 0.0342346 0.296117 0.332515
9.99732E-05 0.301109 0.434761 9.99732E-05 9.99732E-05 0.26383
9.99732E-05 9.99732E-05 0.475417 0.25282 9.99732E-05 0.271463
9.99821E-05 0.233135 9.99821E-05 0.552289 0.015857 0.198519
0.381837 9.99733E-05 0.381642 0.236221 9.99733E-05 9.99733E-05
0.922311 0.071346 9.99732E-05 0.0060434 9.99732E-05 9.99732E-05
0.230141 0.182892 0.238672 0.172311 9.9991E-05 0.175885
9.99642E-05 9.99642E-05 0.113814 9.99642E-05 9.99642E-05 0.885786
0.51178 9.99731E-05 0.288963 9.99731E-05 9.99731E-05 0.198957
0.00393117 0.105914 0.089045 0.214085 9.9991E-05 0.586925
0.136999 9.99821E-05 0.394662 9.99821E-05 0.335063 0.133076
0.288812 9.99822E-05 0.350729 9.99822E-05 0.0111205 0.349138
0.260316 0.0835418 0.468535 9.9991E-05 0.020932 0.166575
0.465064 0.10808 0.112289 0.181092 0.133376 9.9991E-05
0.764784 9.99733E-05 9.99733E-05 0.214399 0.0205164 9.99733E-05
9.99643E-05 9.99643E-05 0.0709217 9.99643E-05 9.99643E-05 0.928678
9.9991E-05 0.193658 0.155609 0.325374 0.019991 0.305268
0.743632 0.0631533 9.99732E-05 0.192915 9.99732E-05 9.99732E-05
0.313824 9.99731E-05 9.99731E-05 0.33457 9.99731E-05 0.351306
0.225576 9.9982E-05 9.9982E-05 0.256423 0.415222 0.102578
0.244145 0.265504 0.325374 0.0939672 9.9991E-05 0.0709104
0.705953 0.197723 0.00373673 9.9991E-05 0.088454 0.00403412
0.618337 0.0619889 9.99822E-05 0.117277 9.99822E-05 0.202197
0.23338 0.26085 9.99821E-05 9.99821E-05 0.179174 0.326395
9.996E-05 9.996E-05 9.996E-05 0.9995 9.996E-05 9.996E-05
0.133138 0.0165336 0.675796 0.138059 0.036373 9.99911E-05
9.99732E-05 9.99732E-05 0.405539 0.14336 0.450802 9.99732E-05
9.99732E-05 9.99732E-05 0.794788 9.99732E-05 0.0132079 0.191704
0.163625 9.99732E-05 0.604284 0.231791 9.99732E-05 9.99732E-05
0.323206 0.0048639 0.67163 9.99731E-05 9.99731E-05 9.99731E-05
0.330595 0.227751 9.99821E-05 0.0319819 9.99821E-05 0.409472
9.996E-05 9.996E-05 9.996E-05 0.9995 9.996E-05 9.996E-05
0.613678 9.99911E-05 0.0760739 0.0771204 0.00852915 0.224499
0.219447 0.00402853 9.9991E-05 0.189921 0.00888081 0.577623
0.145372 0.384589 9.9991E-05 0.275475 0.107157 0.087306
9.9982E-05 0.289524 0.253427 0.271648 9.9982E-05 0.185201
