0.108562 0.0621215 0.557767 0.271449 9.9991E-05
0.322191 0.0514688 0.413119 0.0904816 0.12274
0.185074 0.0935661 0.491997 0.22768 0.00168367
0.173149 0.124178 0.443624 0.143531 0.115519
9.999E-05 0.157284 0.465745 0.224948 0.151924
0.0365674 0.241811 0.499889 0.221632 9.9991E-05
0.0247517 0.0466135 0.43657 0.348623 0.143442
0.252584 0.106922 0.38349 0.139707 0.117298
0.344278 9.9991E-05 0.173472 0.422111 0.0600394
0.268016 0.292231 0.0778246 0.232352 0.129576
0.199048 0.426449 9.9991E-05 0.328966 0.0454374
0.537398 0.0402822 9.9991E-05 0.296985 0.125235
0.137036 0.024607 0.491856 0.240014 0.106487
0.233986 0.0970234 0.254254 0.2797 0.135036
0.231819 0.0523324 9.9982E-05 0.715648 9.9982E-05
0.441769 0.0394323 0.17793 0.301143 0.0397264
9.9982E-05 0.232244 9.9982E-05 0.551049 0.216508
9.999E-05 0.114936 0.260101 0.456309 0.168553
0.234601 9.9991E-05 0.379767 0.356625 0.0289069
0.257749 0.056577 0.448411 0.171996 0.0652671
0.199071 0.107786 0.278699 0.354164 0.0602804
0.282953 0.130311 0.318429 0.24467 0.0236363
0.142336 0.133361 0.206961 0.517242 9.9991E-05
0.0986611 9.9991E-05 0.559571 0.185472 0.156196
9.9973E-05 0.454712 9.9973E-05 0.544988 9.9973E-05
0.123092 0.0399283 0.434155 0.246838 0.155986
0.22362 0.2603 0.118133 0.278895 0.119051
0.20829 0.190345 0.17724 0.317343 0.106781
0.0941483 0.136109 0.386995 0.103512 0.279235
0.210304 9.9991E-05 0.0769633 0.110787 0.601846
0.358985 0.242434 0.0529758 0.305673 0.0399324
0.441594 0.21656 0.139921 0.0953094 0.106616
0.142013 9.9991E-05 0.617748 0.158359 0.0817797
0.101608 0.190198 0.484842 0.198752 0.0245994
0.0805016 0.184727 0.352748 0.381923 9.9991E-05
9.9982E-05 0.000666539 0.472172 0.526961 9.9982E-05
9.9991E-05 0.22207 0.712011 0.048463 0.0173553
0.304342 0.223828 9.9991E-05 0.416204 0.0555263
0.165227 0.0990704 0.386266 0.151379 0.198059
0.314834 0.136249 0.215811 0.298898 0.0342083
0.413777 0.114654 0.315412 0.0835767 0.0725799
9.9991E-05 0.14958 0.664562 0.100118 0.0856403
0.0966978 0.113118 0.699732 9.9991E-05 0.0903516
0.316874 0.00836609 0.549144 0.0114536 0.114163
0.555998 0.131199 0.0733555 0.195687 0.0437616
0.0674043 0.333787 0.302262 0.189831 0.106715
0.142369 9.9982E-05 0.609494 0.247937 9.9982E-05
0.276203 0.0663321 0.495034 0.0393922 0.123038
0.474262 0.080997 0.292401 0.0954135 0.0569267
0.381259 9.9991E-05 0.226888 0.224883 0.16687
0.173211 0.15472 0.0583615 0.443076 0.170632
0.472325 9.9991E-05 0.149744 0.313721 0.06411
0.730522 0.0175483 0.229122 9.9991E-05 0.0227085
0.189879 0.228978 0.177537 0.28401 0.119597
0.638595 0.122618 9.9982E-05 9.9982E-05 0.238588
0.113577 0.119841 0.453768 0.250537 0.0622769
0.657729 0.219364 9.9982E-05 9.9982E-05 0.122707
0.202018 0.130901 0.444826 0.0874761 0.134778
0.407665 0.0950506 0.0777001 0.353825 0.0657595
0.317916 0.213796 0.320455 0.147733 9.9991E-05
9.9991E-05 0.0108403 0.882545 0.0530765 0.0534387
0.169678 0.120476 0.179155 0.529022 0.00166881
0.0592086 9.9991E-05 0.377472 0.556815 0.00640418
9.9973E-05 9.9973E-05 9.9973E-05 0.0592041 0.940496
0.168961 0.145425 0.539775 0.145738 9.9991E-05
9.9982E-05 0.0345683 0.69735 0.267882 9.9982E-05
9.9982E-05 0.1495 0.671646 0.178654 9.9982E-05
0.203413 0.0615949 0.29209 0.380515 0.0623869
0.0463911 9.9982E-05 0.749898 0.203511 9.9982E-05
0.212945 0.145657 0.238477 0.231638 0.171283
0.229795 0.342978 0.158931 0.0560567 0.21224
0.131584 0.0597092 0.329135 0.393917 0.0856557
0.141725 0.10387 0.290671 0.362378 0.101355
0.21586 0.185857 0.294784 0.170069 0.13343
0.256811 0.23216 0.101137 0.175948 0.233944
0.674029 0.164915 9.9991E-05 0.0420215 0.118935
0.0886888 0.0806463 0.482948 0.18973 0.157986
9.9991E-05 0.151284 0.756745 0.0807151 0.0111557
0.0107382 9.9991E-05 0.924321 0.00634336 0.058497
0.0507544 0.0858137 0.571846 0.0867675 0.204818
0.256024 0.0661939 0.465093 0.157506 0.0551835
9.9991E-05 0.0448171 0.585296 0.319979 0.0498074
0.339563 0.182297 0.176194 0.0534585 0.248487
0.508041 0.110328 0.232241 0.0428509 0.106539
0.0244087 0.011979 0.517888 0.282648 0.163076
0.477045 0.212935 0.235496 0.0744241 9.9991E-05
9.9973E-05 9.9973E-05 0.615001 0.384699 9.9973E-05
0.46379 0.157675 9.9982E-05 0.378335 9.9982E-05
0.105785 0.155816 0.187056 0.434983 0.11636
0.416469 0.123806 0.148852 0.310773 9.9991E-05
9.9973E-05 0.00280931 9.9973E-05 9.9973E-05 0.996891
0.248129 0.215418 0.0214232 0.401913 0.113116
9.9982E-05 0.0909601 0.560477 0.348363 9.9982E-05
0.321006 0.00595963 0.18249 0.425553 0.0649913
9.9982E-05 0.174144 0.683197 0.142458 9.9982E-05
0.188944 0.125276 0.548988 0.00936827 0.127424
0.550197 0.0631569 0.319816 9.9991E-05 0.0667308
0.0118208 0.249451 0.545103 0.0423258 0.151299
9.9982E-05 9.9982E-05 0.0693016 0.524883 0.405616
0.18541 0.0272666 0.257161 0.207955 0.322206
0.134442 0.0444183 0.244692 0.424445 0.152003
9.997E-05 9.997E-05 9.997E-05 9.997E-05 0.9996
0.205605 0.257196 0.189025 0.244253 0.10392
9.997E-05 0.9996 9.997E-05 9.997E-05 9.997E-05
0.477536 0.128949 0.0446863 0.269218 0.0796112
0.617349 0.0249429 0.300296 0.0421009 0.0153108
0.405073 0.0420882 0.336854 0.208817 0.0071682
0.150619 0.0983395 0.434519 0.316422 9.9991E-05
0.347853 0.15551 9.9991E-05 0.229645 0.266891
0.178438 0.166572 0.320384 0.260879 0.0737263
0.094539 0.222173 0.405248 0.202794 0.0752459
0.303187 0.151513 0.111682 0.247308 0.186309
0.461142 0.0526238 0.342839 9.9991E-05 0.143295
9.9991E-05 0.0224381 0.130875 0.356207 0.490379
0.0415532 0.110247 0.499792 0.173406 0.175002
9.997E-05 9.997E-05 9.997E-05 9.997E-05 0.9996
0.12123 0.300604 0.240196 0.260903 0.0770662
0.12395 0.0089849 0.619833 0.247132 9.9991E-05
0.278189 0.0371176 0.4912 9.9991E-05 0.193394
0.0671259 0.278636 0.154904 0.389008 0.110326
0.0340294 0.00732353 0.709093 0.166972 0.0825825
9.9991E-05 0.0554921 0.114296 0.467131 0.362981
0.0250224 0.0864814 0.505117 0.126405 0.256974
0.489985 0.154141 0.202184 0.15359 9.9991E-05
0.371483 0.0657224 0.0734419 0.375438 0.113915
0.233712 9.9991E-05 0.0568445 0.579963 0.12938
0.390171 0.101321 0.122719 0.374035 0.0117536
0.250172 0.121443 0.331681 0.124811 0.171894
0.569975 0.0141347 0.25665 0.15914 9.9991E-05
0.447463 0.154981 9.9991E-05 0.308493 0.0889627
9.9982E-05 9.9982E-05 0.652379 0.338898 0.0085229
0.0717594 0.0171816 0.63662 0.160035 0.114404
0.00547836 0.0906156 0.440034 0.174278 0.289594
0.317601 0.056575 0.221356 0.204095 0.200374
0.058824 0.131608 0.525124 0.191876 0.0925679
0.2539 0.169198 0.172308 0.404494 9.9991E-05
0.969 9.9973E-05 0.0307004 9.9973E-05 9.9973E-05
0.9996 9.997E-05 9.997E-05 9.997E-05 9.997E-05
0.28577 0.0771339 0.381065 0.210445 0.0455861
9.9991E-05 0.150273 0.495223 0.211497 0.142907
0.208121 0.145729 0.275375 0.308691 0.0620844
0.284811 0.31606 0.0487356 0.337388 0.0130058
0.120879 0.233497 0.338502 0.0787285 0.228394
0.317965 0.10756 0.172718 0.36006 0.0416974
0.217193 0.0162838 0.598981 0.115626 0.0519166
9.9982E-05 9.9982E-05 0.339477 0.286766 0.373557
0.207739 0.160389 0.305247 0.312544 0.0140815
9.997E-05 9.997E-05 9.997E-05 0.9996 9.997E-05
9.9982E-05 0.142161 0.557659 0.29998 9.9982E-05
0.102778 0.247804 0.649218 9.9982E-05 9.9982E-05
0.58983 0.159107 9.9982E-05 0.250863 9.9982E-05
0.0875431 0.20292 0.385358 0.324079 9.9991E-05
0.3852 0.0639482 0.210317 0.327095 0.0134396
0.383145 0.0869573 0.194217 0.335581 9.9991E-05
0.465236 9.9991E-05 0.215944 0.255637 0.0630826
0.215183 0.0701187 0.280667 0.248314 0.185717
0.196734 0.0492507 0.490506 0.237976 0.0255323
0.247235 0.123481 0.469625 0.127412 0.0322464
0.0565025 9.9982E-05 0.799759 9.9982E-05 0.143539
0.198319 0.095996 0.246088 0.325021 0.134576
9.9982E-05 0.106441 0.376008 0.51735 9.9982E-05
9.997E-05 9.997E-05 9.997E-05 0.9996 9.997E-05
0.0670495 0.0196848 0.0392936 0.873872 9.9991E-05
0.333124 0.18166 0.433487 0.00392425 0.0478047
0.334392 0.185937 0.258228 0.154576 0.0668674
9.9982E-05 9.9982E-05 0.852156 0.119426 0.0282182
0.325036 0.0566926 0.364745 0.253426 9.9991E-05
0.352696 0.262367 0.13084 0.230046 0.024051
0.986268 9.9973E-05 9.9973E-05 0.0134323 9.9973E-05
0.159865 9.9991E-05 0.185998 0.589531 0.0645062
0.540868 0.0989621 0.0724972 0.180912 0.10676
0.375488 0.163892 0.118964 0.17601 0.165646
0.035535 0.0709076 0.375211 0.293608 0.224738
0.695836 0.161884 9.9982E-05 0.142081 9.9982E-05
0.239225 9.9982E-05 0.544428 0.216147 9.9982E-05
0.127111 0.290428 0.414549 0.0269969 0.140915
0.219706 0.0651669 0.250393 0.464634 9.9991E-05
0.583351 0.105448 0.111334 0.0687843 0.131083
9.997E-05 0.9996 9.997E-05 9.997E-05 9.997E-05
0.33565 0.179485 0.276286 9.9991E-05 0.208479
9.9982E-05 0.139568 9.9982E-05 0.656384 0.203847
0.220999 0.0187555 0.21065 0.49871 0.0508859
0.43378 0.0728092 0.278049 0.215261 9.9991E-05
0.219064 9.9982E-05 0.585403 9.9982E-05 0.195332
0.366468 0.0563537 0.320471 0.238131 0.0185763
9.997E-05 0.9996 9.997E-05 9.997E-05 9.997E-05
0.114629 9.9991E-05 0.617566 0.137278 0.130426
0.26221 0.236675 0.19038 0.255392 0.0553425
0.317907 9.9982E-05 0.540756 0.141137 9.9982E-05
0.580912 9.9991E-05 0.0254024 0.378119 0.0154664
