0.247109 9.9973E-05 0.647228 9.9973E-05 9.9973E-05 0.000191875 0.0179384 0.0872335
0.253034 0.00624561 0.299991 0.258842 0.0218328 9.9991E-05 0.00242783 0.157527
0.297033 0.0606506 0.173517 0.0162059 0.000582782 0.0381504 9.9991E-05 0.41376
9.9982E-05 0.00591652 0.277132 9.9982E-05 0.106414 0.0728908 0.11098 0.426468
9.999E-05 0.0211776 0.0751927 0.113239 0.274238 0.0294263 0.167633 0.318993
0.0239629 9.9991E-05 0.0217184 0.15728 0.300411 0.0746712 0.14288 0.278976
0.115002 0.031547 0.210603 9.9982E-05 0.176105 0.038595 9.9982E-05 0.427948
0.0772662 0.0716239 0.185784 0.243428 9.9991E-05 0.0872277 0.0563488 0.278222
0.257029 0.00891106 9.9982E-05 0.079724 0.46139 0.0521157 9.9982E-05 0.14063
0.523291 0.0804484 9.9982E-05 9.9982E-05 0.0451508 0.0958867 0.12831 0.126713
0.361918 9.9991E-05 0.153075 0.0912209 0.187808 0.0587171 0.0748974 0.0722634
0.179512 0.0714802 9.99639E-05 9.99639E-05 0.662207 0.086401 9.99639E-05 9.99639E-05
0.0886145 0.0849864 0.0402772 9.9991E-05 0.110656 0.10346 0.0338704 0.538035
9.9982E-05 0.134672 0.2675 0.213522 0.217341 0.0532521 0.113513 9.9982E-05
0.0791967 9.9982E-05 0.0696734 0.790369 0.00799287 0.0371987 9.9982E-05 0.0153692
9.999E-05 0.180424 0.163868 0.468542 0.0517406 0.0441535 0.0267517 0.0644209
9.99549E-05 0.0610056 9.99549E-05 0.749018 9.99549E-05 9.99549E-05 0.189477 9.99549E-05
9.999E-05 0.166462 0.207325 0.131151 0.143262 0.172691 0.162669 0.01634
9.9982E-05 0.0427472 0.318455 0.067721 0.330146 0.0521835 9.9982E-05 0.188547
0.0445277 0.0942162 0.229771 0.0404538 0.049179 0.0013913 0.0603942 0.480067
0.156884 9.9991E-05 0.222027 0.0769456 0.0676498 0.0719951 0.0824925 0.321905
0.33848 9.9982E-05 0.159671 0.205755 0.15838 0.0447156 0.0927978 9.9982E-05
0.141716 0.0592174 0.156064 0.0342944 0.221858 0.130857 0.00634318 0.24965
9.999E-05 0.270037 0.15768 0.189614 0.0613529 0.0434289 0.0506554 0.227131
0.182139 9.9973E-05 0.164562 9.9973E-05 0.293793 0.155439 0.203768 9.9973E-05
0.0651821 0.209073 0.263973 0.21174 9.9991E-05 0.0155806 0.0579465 0.176404
0.682156 0.159754 9.9982E-05 0.0612303 9.9982E-05 0.0407994 0.0479895 0.00787083
0.0536787 0.191301 0.378452 0.146545 0.0574721 0.0577632 0.114688 9.9991E-05
0.239156 0.146515 0.0398421 0.201863 9.9982E-05 9.9982E-05 0.040149 0.332275
9.9982E-05 0.65347 0.0429984 0.0969734 0.0582314 0.0563995 9.9982E-05 0.0917272
0.0980251 9.9982E-05 9.9982E-05 0.212298 0.511303 0.00522289 0.0417959 0.131156
0.752285 9.9964E-05 9.9964E-05 9.9964E-05 0.200567 0.0414884 0.00525986 9.9964E-05
9.9982E-05 0.181231 0.113342 0.017518 0.159278 0.0557197 9.9982E-05 0.472711
0.194227 9.9982E-05 0.0549342 0.341872 9.9982E-05 0.0775696 0.073951 0.257247
0.454899 9.9982E-05 0.0822868 9.9982E-05 0.0743738 0.0967523 0.139675 0.151813
9.994E-05 9.994E-05 0.9993 9.994E-05 9.994E-05 9.994E-05 9.994E-05 9.994E-05
9.9973E-05 9.9973E-05 0.19586 9.9973E-05 0.0249077 0.0394372 0.145479 0.594016
0.774814 9.9955E-05 0.169896 9.9955E-05 9.9955E-05 9.9955E-05 0.0547904 9.9955E-05
9.9982E-05 0.106395 9.9982E-05 0.215036 0.261517 0.0625516 0.0588566 0.295444
0.15431 9.9982E-05 0.228603 0.231089 0.178781 0.0992578 9.9982E-05 0.10776
0.553423 0.010996 9.9982E-05 0.139459 9.9982E-05 0.0369813 0.0193016 0.239639
0.32364 0.00999746 9.9982E-05 0.0836653 9.9982E-05 0.0189522 0.13548 0.428065
0.348682 9.9982E-05 0.0549601 0.0231707 9.9982E-05 0.0870616 0.074755 0.411171
0.236996 0.0692469 0.404176 9.9964E-05 0.28918 9.9964E-05 9.9964E-05 9.9964E-05
0.926815 9.9955E-05 9.9955E-05 9.9955E-05 0.0399431 0.0327426 9.9955E-05 9.9955E-05
0.0131239 9.9991E-05 0.206594 0.0294341 0.453965 0.0499146 0.202719 0.0441492
0.147038 0.112126 9.9973E-05 0.024339 0.149142 9.9973E-05 9.9973E-05 0.567055
0.0249725 0.113984 9.9982E-05 0.0941808 0.313312 0.0355333 9.9982E-05 0.417818
0.568972 0.0635788 0.077897 0.193713 9.9982E-05 0.00584579 9.9982E-05 0.0897941
0.0547066 0.0248922 0.135718 0.36931 0.178034 0.0778054 9.9991E-05 0.159434
9.999E-05 0.119793 0.311872 0.165873 0.0646481 0.0993286 0.0816278 0.156757
9.999E-05 0.0259777 0.119554 0.183974 0.29208 0.0824035 0.0361843 0.259727
9.999E-05 0.0929833 0.000970627 0.533251 0.0889063 0.0325202 0.00989788 0.241371
0.365049 0.0703192 9.9982E-05 0.258335 9.9982E-05 0.0336978 0.146792 0.125607
9.9964E-05 0.174029 0.126239 0.0229817 0.676351 9.9964E-05 9.9964E-05 9.9964E-05
0.230501 9.9982E-05 0.0615568 9.9982E-05 0.00517081 0.115315 0.0501452 0.537111
9.99551E-05 9.99551E-05 0.00882308 9.99551E-05 0.895531 9.99551E-05 0.0951464 9.99551E-05
9.9973E-05 0.0648234 9.9973E-05 9.9973E-05 0.720134 0.0338862 0.00573131 0.175125
0.072375 0.0382331 9.9991E-05 0.116064 0.294357 0.0765413 0.0680441 0.334286
0.463214 9.9982E-05 0.051337 9.9982E-05 0.191691 0.0778727 0.108428 0.107257
0.072635 0.0638506 9.9964E-05 9.9964E-05 9.9964E-05 0.0176028 9.9964E-05 0.845512
0.275591 9.9973E-05 9.9973E-05 0.0692343 9.9973E-05 0.103044 0.116377 0.435454
9.9973E-05 9.9973E-05 0.212928 0.153113 0.319856 0.0949466 9.9973E-05 0.218855
9.9964E-05 0.829522 0.0119999 9.9964E-05 9.9964E-05 0.0909222 9.9964E-05 0.0671565
9.9973E-05 9.9973E-05 0.441731 0.209915 0.071158 9.9973E-05 0.208677 0.0682185
9.9955E-05 9.9955E-05 0.945574 9.9955E-05 9.9955E-05 0.0176663 0.0362596 9.9955E-05
0.204481 9.9973E-05 0.208965 9.9973E-05 9.9973E-05 0.0835786 0.183066 0.319609
0.0392564 0.147671 9.9991E-05 0.10086 0.12583 0.00626973 0.029699 0.550314
9.99551E-05 0.0586372 0.316318 9.99551E-05 9.99551E-05 9.99551E-05 9.99551E-05 0.624545
0.139508 0.191329 0.108046 0.157525 9.9991E-05 0.0732978 0.0710318 0.259162
0.154678 0.0976017 9.9982E-05 9.9982E-05 0.385654 0.018004 0.0806923 0.26317
0.266093 9.9982E-05 0.211574 0.383545 9.9982E-05 0.103522 0.0175176 0.0175487
9.9991E-05 0.155316 0.133006 0.148819 0.169959 0.143569 0.0596672 0.189565
0.182839 9.9973E-05 9.9973E-05 0.377195 0.408746 0.0117652 0.0191545 9.9973E-05
0.594359 0.0358647 0.03978 0.218697 9.9973E-05 9.9973E-05 0.111 9.9973E-05
0.106444 9.9982E-05 9.9982E-05 0.334931 0.436419 0.0128635 0.0489444 0.060198
0.282074 9.9982E-05 9.9982E-05 0.095815 0.142854 0.169306 0.0175455 0.292205
0.133339 9.9946E-05 9.9946E-05 9.9946E-05 9.9946E-05 9.9946E-05 9.9946E-05 0.866061
9.9964E-05 9.9964E-05 0.024613 0.0541726 9.9964E-05 9.9964E-05 0.0116366 0.909178
0.296542 9.9964E-05 9.9964E-05 0.069331 9.9964E-05 0.0884964 9.9964E-05 0.545231
0.436311 9.99639E-05 9.99639E-05 0.0149993 9.99639E-05 0.122453 9.99639E-05 0.425837
9.9982E-05 0.0760304 0.301268 9.9982E-05 0.215673 0.0207315 0.0382401 0.347857
0.340834 0.115795 9.9973E-05 9.9973E-05 0.232961 9.9973E-05 0.0458128 0.264297
9.99731E-05 0.127878 9.99731E-05 0.295331 0.0604801 0.0134114 9.99731E-05 0.502599
0.0427777 0.136978 0.0893207 0.114 0.0651754 0.0749909 0.019789 0.456969
0.273958 9.9973E-05 0.201933 9.9973E-05 0.264626 9.9973E-05 0.0654266 0.193757
0.0467143 0.0795472 0.738714 0.0566338 9.9991E-05 0.0486098 0.020511 0.00916957
9.99641E-05 9.99641E-05 9.99641E-05 9.99641E-05 0.76076 0.138642 0.0932932 0.00690491
0.0551678 0.214207 0.269057 0.321601 9.9982E-05 0.0572627 0.0825045 9.9982E-05
0.182869 9.9964E-05 0.337284 9.9964E-05 0.3933 0.0861473 9.9964E-05 9.9964E-05
9.99459E-05 0.989864 9.99459E-05 9.99459E-05 9.99459E-05 9.99459E-05 0.00953633 9.99459E-05
0.491183 9.9982E-05 9.9982E-05 0.184117 0.0999547 0.0390495 0.123393 0.062103
9.9982E-05 0.0126336 0.225916 9.9982E-05 0.0630763 0.0661912 0.0740882 0.557894
0.0442213 0.0474003 0.13152 0.577255 0.139682 0.0597214 9.9982E-05 9.9982E-05
9.9964E-05 9.9964E-05 0.203387 9.9964E-05 9.9964E-05 0.0548369 0.17834 0.563037
0.118192 0.0922991 0.102777 9.9982E-05 9.9982E-05 0.00318264 0.0514401 0.63191
0.306915 0.0520104 0.237896 0.0993517 0.170573 9.9991E-05 0.121427 0.0117272
9.9982E-05 0.0635298 0.346838 9.9982E-05 0.278802 0.0360983 0.15063 0.123902
9.9982E-05 0.659002 0.0132988 9.9982E-05 0.121086 0.132076 0.0213618 0.0529745
0.182515 0.414686 0.0117915 0.0487348 0.141859 9.9982E-05 9.9982E-05 0.200213
9.99819E-05 0.197969 0.357992 0.0817313 0.283815 0.0450194 0.0332731 9.99819E-05
9.994E-05 0.9993 9.994E-05 9.994E-05 9.994E-05 9.994E-05 9.994E-05 9.994E-05
9.9991E-05 0.0368394 0.0311985 0.303122 0.219036 0.0806967 0.126989 0.202018
9.99459E-05 9.99459E-05 9.99459E-05 9.99459E-05 9.99459E-05 0.0166245 0.982776 9.99459E-05
0.233922 0.0636672 0.157646 0.208428 0.113944 0.0183699 0.113243 0.090779
0.0294027 9.9973E-05 0.123574 0.291623 0.387285 9.9973E-05 9.9973E-05 0.167816
0.136947 9.9973E-05 0.110926 0.23046 0.225046 9.9973E-05 9.9973E-05 0.296321
0.24453 0.0354154 0.339541 0.0283061 0.15691 0.0876764 0.00876364 0.098858
0.308777 0.174925 9.9982E-05 0.252332 0.129049 9.9982E-05 0.0150604 0.119657
0.206789 0.0160965 0.287952 0.0456871 9.9982E-05 0.040098 9.9982E-05 0.403177
9.9991E-05 0.0273599 0.0629743 0.0776235 0.164125 0.037206 0.0799388 0.550673
0.243536 0.140539 9.9982E-05 9.9982E-05 0.298989 0.0765814 0.0974228 0.142732
0.0964187 9.9982E-05 0.0930806 0.199992 0.117376 9.9982E-05 0.0491969 0.443735
0.128303 0.539094 9.9982E-05 9.9982E-05 0.0224373 0.104586 0.00482693 0.200553
0.240618 9.9973E-05 0.0310014 0.0641716 9.9973E-05 9.9973E-05 0.111567 0.552343
9.994E-05 0.9993 9.994E-05 9.994E-05 9.994E-05 9.994E-05 9.994E-05 9.994E-05
0.0287671 0.00112577 0.383422 0.260829 0.139621 9.9982E-05 0.186036 9.9982E-05
0.188646 0.0456408 0.456288 0.116925 9.9991E-05 0.0534489 0.0445493 0.0944025
0.135516 0.0317599 9.9973E-05 9.9973E-05 0.317244 9.9973E-05 0.00680418 0.508376
0.332166 0.0600201 0.158451 9.9982E-05 0.285508 0.114098 0.0495561 9.9982E-05
0.0690519 0.0695191 0.203381 0.326809 9.9991E-05 0.0436588 0.0423761 0.245104
0.0813157 0.464559 0.0847133 0.0982394 9.9991E-05 0.143263 0.0291818 0.0986276
0.208324 0.129974 9.9991E-05 0.144208 0.199793 0.101295 0.0602479 0.156059
9.9973E-05 9.9973E-05 9.9973E-05 0.250118 0.292628 0.00431247 0.0946678 0.357974
0.315447 0.105819 9.9982E-05 9.9982E-05 0.302136 0.106609 0.0107637 0.159026
9.9973E-05 0.0821695 9.9973E-05 0.43607 0.338676 0.0180584 9.9973E-05 0.124727
0.314245 9.9973E-05 0.174104 0.100858 0.31419 0.0963035 9.9973E-05 9.9973E-05
0.230569 0.11937 0.0345932 9.9991E-05 0.057959 0.0853547 0.0818099 0.390244
9.9964E-05 9.9964E-05 0.0350019 9.9964E-05 0.796114 0.0486384 9.9964E-05 0.119846
0.938299 0.0611015 9.99461E-05 9.99461E-05 9.99461E-05 9.99461E-05 9.99461E-05 9.99461E-05
0.260133 0.0758484 0.554363 9.9964E-05 9.9964E-05 9.9964E-05 9.9964E-05 0.109256
9.9982E-05 0.125477 0.0782148 9.9982E-05 0.147708 0.0835299 0.0833639 0.481506
9.9964E-05 0.289173 9.9964E-05 9.9964E-05 0.374368 0.00313961 9.9964E-05 0.33292
0.460104 0.0105623 9.9973E-05 0.179749 9.9973E-05 0.0670253 9.9973E-05 0.28226
9.9973E-05 0.0638949 0.384455 9.9973E-05 0.324718 9.9973E-05 0.074328 0.152305
0.190531 9.9982E-05 9.9982E-05 0.00711681 0.440835 0.0809587 0.102616 0.177743
9.9955E-05 9.9955E-05 9.9955E-05 0.851732 0.0328829 9.9955E-05 9.9955E-05 0.114885
0.00682272 9.9955E-05 9.9955E-05 0.979981 9.9955E-05 0.0126969 9.9955E-05 9.9955E-05
0.247939 0.0461549 0.145734 0.192648 0.227554 0.0567345 0.026865 0.0563695
0.0933914 9.9982E-05 0.0417666 9.9982E-05 0.0894129 0.0458349 0.138702 0.590693
0.270744 0.024627 0.0575405 0.0219774 0.328311 0.0850738 0.0946645 0.117062
0.166876 9.9982E-05 9.9982E-05 0.242896 0.324011 0.0768431 0.0358684 0.153306
0.360205 0.107442 0.0861292 9.9982E-05 0.313779 9.9982E-05 0.019729 0.112517
0.209045 0.130811 0.289813 9.9982E-05 0.327473 0.031648 0.0110099 9.9982E-05
9.9982E-05 0.154424 0.0702166 0.279901 9.9982E-05 0.0622173 0.0539647 0.379077
0.15683 0.415875 0.177677 9.9973E-05 9.9973E-05 0.104014 9.9973E-05 0.145304
0.111777 0.0394713 0.186484 0.156125 0.183963 0.0263966 0.0599608 0.235823
9.994E-05 9.994E-05 9.994E-05 9.994E-05 9.994E-05 0.9993 9.994E-05 9.994E-05
0.0929462 9.9982E-05 0.481559 0.00566109 9.9982E-05 0.0565432 0.110158 0.252932
9.9973E-05 9.9973E-05 0.0207918 0.0316532 9.9973E-05 0.0861032 0.248476 0.612676
9.9955E-05 9.9955E-05 9.9955E-05 9.9955E-05 0.941022 0.029668 0.0288102 9.9955E-05
0.0388047 9.9982E-05 9.9982E-05 0.0392657 0.230858 0.0483095 0.154852 0.48771
0.413106 0.0176772 9.9982E-05 9.9982E-05 0.298374 0.128728 0.00727008 0.134644
0.384762 0.153594 9.9991E-05 0.193243 0.0979661 0.00805346 0.0219996 0.140282
9.9973E-05 9.9973E-05 0.0224561 0.0503486 0.733901 0.0866138 9.9973E-05 0.106381
0.0247766 0.229141 0.0993473 0.340294 9.9991E-05 0.0549285 0.146503 0.104908
0.228819 9.9973E-05 0.285442 9.9973E-05 0.232514 0.0528911 9.9973E-05 0.200034
0.0702777 0.127702 0.144092 0.0803933 0.138634 0.012758 0.150164 0.275979
9.9955E-05 0.128957 0.715557 9.9955E-05 9.9955E-05 9.9955E-05 9.9955E-05 0.154986
0.22657 0.150271 0.0709767 0.208692 0.0919722 0.0345084 0.0350463 0.181964
0.136975 9.9973E-05 0.242907 9.9973E-05 9.9973E-05 0.0873472 0.0610706 0.471401
9.994E-05 9.994E-05 9.994E-05 9.994E-05 9.994E-05 0.9993 9.994E-05 9.994E-05
9.9973E-05 9.9973E-05 0.101775 0.403896 0.118184 0.358345 0.0175007 9.9973E-05
0.0244533 9.9982E-05 0.0802275 0.259488 0.0444809 9.9982E-05 0.0731543 0.517996
0.280863 0.0234539 0.197913 0.133277 0.266685 0.0889193 0.00878841 9.9991E-05
0.210926 9.9964E-05 0.688411 9.9964E-05 9.9964E-05 0.0895584 0.010705 9.9964E-05
0.226363 9.9982E-05 0.146763 0.0924361 0.246278 0.0269714 9.9982E-05 0.260988
0.0616098 9.9991E-05 0.04415 0.176626 0.317523 0.00956841 0.181602 0.208821
9.994E-05 9.994E-05 9.994E-05 0.9993 9.994E-05 9.994E-05 9.994E-05 9.994E-05
0.110125 0.103719 0.180987 0.313635 9.9991E-05 0.0675609 0.0275684 0.196304
0.247197 0.0862881 9.9982E-05 0.0842247 0.398066 9.9982E-05 0.0191637 0.164861
9.9982E-05 0.121811 9.9982E-05 0.27521 0.272574 0.0637471 0.150472 0.115986
9.9991E-05 0.0791746 0.472263 0.0685179 0.102738 0.0824683 0.0766495 0.118089
0.244048 9.9973E-05 0.0682978 0.432147 0.229936 9.9973E-05 0.0252709 9.9973E-05
0.198552 9.9991E-05 0.128615 0.267661 0.00247472 0.0799485 0.00496652 0.317683
0.0856303 0.00275984 9.9982E-05 0.140825 0.375975 9.9982E-05 0.139408 0.255202
9.9973E-05 9.9973E-05 0.0694376 0.0550865 0.222753 0.110867 9.9973E-05 0.541556
0.138585 0.0154042 9.9982E-05 0.142228 0.559017 9.9982E-05 0.05506 0.0895055
9.9955E-05 0.0188078 9.9955E-05 9.9955E-05 0.00177069 9.9955E-05 0.978922 9.9955E-05
0.383737 0.0535368 0.0422151 0.0661305 0.287885 9.9991E-05 0.0281238 0.138272
0.0258846 0.179029 9.9964E-05 0.667008 9.9964E-05 9.9964E-05 0.127678 9.9964E-05
0.25346 0.0695397 0.349338 9.9991E-05 0.125222 0.108677 0.0739933 0.0196711
0.163092 0.0543735 0.422485 0.105668 0.0527628 0.0293246 0.0689179 0.103376
9.9964E-05 0.19637 0.25225 9.9964E-05 0.189545 9.9964E-05 9.9964E-05 0.361435
9.9991E-05 0.0497249 0.176351 0.10676 0.130631 0.0156388 0.0443166 0.476478
9.994E-05 9.994E-05 9.994E-05 9.994E-05 9.994E-05 9.994E-05 0.9993 9.994E-05
0.0766168 0.051855 0.120041 9.9982E-05 0.352374 0.0939901 9.9982E-05 0.304924
9.9982E-05 0.0727959 0.296008 0.230906 0.121811 0.0948494 0.18343 9.9982E-05
9.9973E-05 0.059704 0.169181 9.9973E-05 0.017641 9.9973E-05 0.060236 0.692938
0.434174 0.063889 0.0250314 0.371822 0.104784 9.9973E-05 9.9973E-05 9.9973E-05
