0.0340188 0.0209267 9.99731E-05 9.99731E-05 0.683308 9.99731E-05 0.0815163 0.17993
9.9982E-05 0.166337 9.9982E-05 0.16851 0.320446 0.268668 0.0197327 0.0561061
9.99731E-05 9.99731E-05 0.181886 0.274384 0.111816 0.135086 0.296529 9.99731E-05
9.99464E-05 9.99464E-05 0.0065335 9.99464E-05 0.992867 9.99464E-05 9.99464E-05 9.99464E-05
9.99731E-05 0.30926 9.99731E-05 9.99731E-05 0.183563 0.208612 0.286522 0.0117432
9.99731E-05 0.0877102 0.0612127 0.105844 0.707084 9.99731E-05 0.037849 9.99731E-05
0.106124 0.293359 9.99821E-05 0.299437 0.0267413 0.175228 0.0989102 9.99821E-05
9.99642E-05 0.159276 9.99642E-05 9.99642E-05 0.485764 0.055953 9.99642E-05 0.298607
9.99552E-05 9.99552E-05 9.99552E-05 0.683893 0.0240915 9.99552E-05 9.99552E-05 0.291516
0.558265 9.99731E-05 0.0869634 0.117198 9.99731E-05 9.99731E-05 0.150726 0.086548
0.0588783 0.143307 0.365065 0.037471 9.9991E-05 0.0328163 0.21632 0.146043
9.99642E-05 0.0626289 9.99642E-05 9.99642E-05 0.431248 0.0710086 9.99642E-05 0.434715
9.99462E-05 9.99462E-05 9.99462E-05 9.99462E-05 0.488102 9.99462E-05 9.99462E-05 0.511299
0.068955 9.99641E-05 9.99641E-05 0.058893 0.651785 0.219967 9.99641E-05 9.99641E-05
9.99462E-05 0.445098 9.99462E-05 0.554303 9.99462E-05 9.99462E-05 9.99462E-05 9.99462E-05
9.99642E-05 0.200112 9.99642E-05 9.99642E-05 0.447526 0.135624 0.216338 9.99642E-05
9.99732E-05 9.99732E-05 0.0219548 0.371434 0.482681 9.99732E-05 0.0643289 0.0593017
0.0848592 0.0145883 0.288806 0.155506 0.174889 0.190324 0.0909277 9.9991E-05
9.99642E-05 9.99642E-05 9.99642E-05 0.168627 0.252765 9.99642E-05 0.0188938 0.559314
0.326081 0.0730046 9.99642E-05 9.99642E-05 0.55078 9.99642E-05 0.0497346 9.99642E-05
0.815561 9.99552E-05 0.159288 0.0246508 9.99552E-05 9.99552E-05 9.99552E-05 9.99552E-05
9.9964E-05 0.0854235 9.9964E-05 0.113633 9.9964E-05 9.9964E-05 0.272475 0.528069
9.99732E-05 9.99732E-05 0.0753937 0.164712 0.743981 0.00372959 0.0118832 9.99732E-05
9.99461E-05 9.99461E-05 9.99461E-05 9.99461E-05 0.495088 9.99461E-05 0.504312 9.99461E-05
0.0639806 0.0702745 0.340358 9.99821E-05 9.99821E-05 0.0603811 0.322846 0.141959
0.106881 0.168344 9.9982E-05 9.9982E-05 0.413424 0.0735494 0.233451 0.00415065
0.297987 9.9982E-05 0.057577 0.0624861 9.9982E-05 0.24212 0.111965 0.227665
9.99642E-05 0.327771 0.203659 0.37633 9.99642E-05 0.0918402 9.99642E-05 9.99642E-05
9.9973E-05 9.9973E-05 0.431341 0.0836506 0.0806458 0.101679 9.9973E-05 0.302383
0.142073 9.99552E-05 9.99552E-05 0.0482724 9.99552E-05 9.99552E-05 0.809155 9.99552E-05
0.249408 0.406319 9.99641E-05 0.172232 9.99641E-05 0.171641 9.99641E-05 9.99641E-05
0.00280482 9.99821E-05 0.0261412 9.99821E-05 0.449873 0.134166 0.00549813 0.381317
0.217438 9.99731E-05 0.201344 0.244157 9.99731E-05 9.99731E-05 0.236091 0.10067
9.99642E-05 0.151813 0.0634609 9.99642E-05 0.421908 9.99642E-05 9.99642E-05 0.362419
9.99641E-05 0.0814129 9.99641E-05 9.99641E-05 0.662147 0.145768 0.110272 9.99641E-05
0.474985 9.99552E-05 9.99552E-05 9.99552E-05 0.449077 0.0754381 9.99552E-05 9.99552E-05
9.99731E-05 0.554125 9.99731E-05 0.071668 0.0427992 0.309269 0.0218384 9.99731E-05
9.99641E-05 9.99641E-05 0.386332 0.145977 9.99641E-05 9.99641E-05 0.329547 0.137745
0.0568299 0.0824911 0.195449 0.0688113 0.276866 0.134891 9.9991E-05 0.184561
9.995E-05 9.995E-05 0.453937 9.995E-05 0.455107 9.995E-05 9.995E-05 0.0904561
0.150652 9.99642E-05 9.99642E-05 0.594185 9.99642E-05 0.0732823 0.181481 9.99642E-05
0.612007 9.99821E-05 9.99821E-05 0.190607 0.0258638 0.00721537 0.000988962 0.163118
0.114286 9.99731E-05 9.99731E-05 0.00534598 0.398156 0.0575267 9.99731E-05 0.424385
9.99732E-05 0.282264 0.0585934 0.120306 0.423429 0.115107 9.99732E-05 9.99732E-05
0.0297916 9.99821E-05 0.117745 9.99821E-05 0.290183 0.0566989 0.0306741 0.474708
0.0467863 9.99731E-05 0.168774 9.99731E-05 0.622702 0.0442882 9.99731E-05 0.11715
0.37539 9.99641E-05 9.99641E-05 0.124439 0.378642 9.99641E-05 9.99641E-05 0.12113
0.204814 9.9973E-05 0.0474778 0.4265 9.9973E-05 0.131878 9.9973E-05 0.18903
0.362767 0.322674 9.99553E-05 9.99553E-05 9.99553E-05 9.99553E-05 9.99553E-05 0.31406
0.134067 0.116423 9.9964E-05 9.9964E-05 0.663774 0.0853359 9.9964E-05 9.9964E-05
9.99551E-05 0.0778156 9.99551E-05 9.99551E-05 0.820683 9.99551E-05 0.101001 9.99551E-05
0.154262 9.9991E-05 0.20856 0.258514 0.134329 0.211589 0.01458 0.0180652
9.99641E-05 9.99641E-05 9.99641E-05 0.310386 0.294851 9.99641E-05 0.258099 0.136265
9.99642E-05 9.99642E-05 0.445857 0.0207748 0.427564 9.99642E-05 9.99642E-05 0.105404
0.0607584 0.245079 9.99641E-05 0.308915 9.99641E-05 0.384848 9.99641E-05 9.99641E-05
0.0843618 0.408379 9.99821E-05 0.26697 9.99821E-05 0.218835 0.00174127 0.019513
9.99641E-05 0.193654 9.99641E-05 9.99641E-05 0.483805 0.0804077 0.241734 9.99641E-05
0.1333 0.125278 9.99732E-05 0.366238 9.99732E-05 0.178832 9.99732E-05 0.196053
9.9982E-05 0.036993 0.163298 0.163515 0.0163514 0.315746 9.9982E-05 0.303897
0.482236 0.00522534 0.0496429 9.9982E-05 0.429412 0.0239473 9.9982E-05 0.00933664
9.9982E-05 0.293804 0.261383 0.0128091 0.304732 0.0609561 0.0661157 9.9982E-05
0.233033 9.9982E-05 9.9982E-05 0.332278 0.244786 0.146478 0.0101187 0.0331055
9.99641E-05 9.99641E-05 9.99641E-05 0.185975 9.99641E-05 0.0640726 0.0937933 0.655759
0.000402657 0.00964632 0.155714 9.99821E-05 0.0880326 0.221598 0.524406 9.99821E-05
9.99641E-05 0.603776 9.99641E-05 9.99641E-05 0.134441 9.99641E-05 0.252354 0.00902965
0.135458 9.998E-05 0.0311628 0.210364 0.132566 9.998E-05 0.0926684 0.39758
0.322879 9.99551E-05 0.157886 9.99551E-05 0.518735 9.99551E-05 9.99551E-05 9.99551E-05
9.99821E-05 0.0707524 9.99821E-05 0.233151 0.31724 0.197225 0.00969936 0.171731
0.10825 0.270188 0.179718 9.99731E-05 0.104917 9.99731E-05 9.99731E-05 0.336627
0.548409 0.236928 0.0370549 9.99731E-05 9.99731E-05 9.99731E-05 0.0925062 0.0848018
0.177889 0.0142049 0.131996 0.380616 0.200894 0.0941998 9.99821E-05 9.99821E-05
0.108022 9.99641E-05 9.99641E-05 9.99641E-05 9.99641E-05 0.0793946 0.00296097 0.809222
9.99643E-05 0.0799003 9.99643E-05 0.000948705 0.358682 0.560069 9.99643E-05 9.99643E-05
0.0496579 0.430194 9.99642E-05 9.99642E-05 9.99642E-05 0.135147 9.99642E-05 0.384601
9.99554E-05 0.31084 9.99554E-05 9.99554E-05 0.604355 9.99554E-05 9.99554E-05 0.0843044
9.997E-05 0.142843 9.997E-05 0.216633 0.21771 0.260331 9.997E-05 0.162182
9.99644E-05 0.181981 9.99644E-05 0.429565 0.261444 9.99644E-05 9.99644E-05 0.12661
0.137578 9.9982E-05 0.128229 0.275968 9.9982E-05 0.204004 0.104309 0.149713
9.99731E-05 0.182094 0.166693 0.131368 0.30214 9.99731E-05 9.99731E-05 0.217405
9.99731E-05 0.272137 9.99731E-05 0.158331 0.415344 0.0941799 9.99731E-05 0.0597082
9.99732E-05 0.0075099 0.0165655 9.99732E-05 0.587567 0.357651 9.99732E-05 0.0304061
0.0843794 0.0581927 0.118909 9.9991E-05 0.283581 0.0346972 0.112945 0.307196
0.678934 0.0788114 0.108114 0.0096059 0.124235 9.99731E-05 9.99731E-05 9.99731E-05
9.998E-05 0.226955 0.0638384 0.0327769 0.0680962 9.998E-05 0.138698 0.469435
0.287555 9.995E-05 9.995E-05 0.303329 0.408617 9.995E-05 9.995E-05 9.995E-05
0.167793 9.9955E-05 9.9955E-05 0.300207 0.5315 9.9955E-05 9.9955E-05 9.9955E-05
9.99821E-05 9.99821E-05 0.0313779 0.216397 0.190886 0.384324 0.0570076 0.119808
9.995E-05 9.995E-05 9.995E-05 9.995E-05 0.418323 9.995E-05 0.350454 0.230723
9.99732E-05 9.99732E-05 0.406262 0.037301 0.20085 9.99732E-05 0.135961 0.219327
9.99731E-05 9.99731E-05 0.170162 0.0914704 0.00427221 9.99731E-05 0.0448209 0.688975
9.99552E-05 0.180394 0.125062 9.99552E-05 9.99552E-05 9.99552E-05 0.694044 9.99552E-05
0.671406 9.99732E-05 9.99732E-05 9.99732E-05 0.131097 0.104139 0.0608636 0.0321938
0.456551 9.99553E-05 9.99553E-05 9.99553E-05 9.99553E-05 9.99553E-05 0.155769 0.387181
0.145537 9.997E-05 0.0966554 0.311756 0.420066 9.997E-05 0.0256862 9.997E-05
0.291748 9.99731E-05 9.99731E-05 0.0885738 9.99731E-05 0.0914399 0.130207 0.397732
9.99731E-05 9.99731E-05 0.0318679 0.161488 0.686244 0.0215702 9.99731E-05 0.0985297
0.383151 9.99731E-05 9.99731E-05 0.390819 0.0949164 0.00218632 0.128628 9.99731E-05
0.266499 0.0462785 9.99641E-05 0.655163 0.0316591 9.99641E-05 9.99641E-05 9.99641E-05
0.0493813 9.99641E-05 9.99641E-05 9.99641E-05 0.496595 0.0798344 0.373789 9.99641E-05
0.0798975 9.9982E-05 9.9982E-05 0.109123 0.330891 0.0226393 0.43461 0.0226386
9.99553E-05 0.0673044 9.99553E-05 0.742059 9.99553E-05 9.99553E-05 0.190137 9.99553E-05
9.99463E-05 9.99463E-05 0.00993038 9.99463E-05 9.99463E-05 9.99463E-05 0.98947 9.99463E-05
9.99642E-05 9.99642E-05 0.175943 0.456982 9.99642E-05 9.99642E-05 0.279803 0.0868722
9.99551E-05 9.99551E-05 0.755147 0.00552586 9.99551E-05 9.99551E-05 0.238827 9.99551E-05
9.99462E-05 9.99462E-05 9.99462E-05 9.99462E-05 0.83428 9.99462E-05 9.99462E-05 0.16512
0.0251602 0.109877 9.99821E-05 0.0546365 0.279792 9.99821E-05 0.115682 0.414651
0.288789 0.192652 9.99731E-05 9.99731E-05 0.13369 0.0665268 9.99731E-05 0.318042
0.107222 0.429522 0.0889318 0.189869 0.184156 9.99731E-05 9.99731E-05 9.99731E-05
0.112663 0.545454 0.0724455 9.99731E-05 0.0602409 9.99731E-05 9.99731E-05 0.208898
0.037703 9.99731E-05 0.682112 9.99731E-05 9.99731E-05 0.0898132 0.0524753 0.137596
0.292674 0.168384 9.99642E-05 9.99642E-05 9.99642E-05 0.165328 0.373214 9.99642E-05
9.99643E-05 0.221058 9.99643E-05 9.99643E-05 0.677945 0.0178817 9.99643E-05 0.0827146
9.99552E-05 0.107566 9.99552E-05 9.99552E-05 0.308049 9.99552E-05 0.583885 9.99552E-05
9.9982E-05 0.431747 0.139897 9.9982E-05 0.140047 0.0826334 0.043907 0.161569
9.99552E-05 9.99552E-05 9.99552E-05 9.99552E-05 0.100938 9.99552E-05 0.886736 0.0118264
9.99642E-05 9.99642E-05 0.0987829 0.7308 9.99642E-05 0.0866746 9.99642E-05 0.0833429
0.0467069 9.99642E-05 9.99642E-05 0.0786073 0.797786 9.99642E-05 9.99642E-05 0.0764999
9.995E-05 0.0530774 9.995E-05 9.995E-05 0.0299847 9.995E-05 9.995E-05 0.916438
9.997E-05 0.183776 0.0660158 9.997E-05 9.997E-05 0.127721 0.387634 0.234552
0.12028 0.159877 0.0764833 0.0923576 0.526307 0.0244948 9.99821E-05 9.99821E-05
0.00396164 0.0201335 9.9991E-05 0.00237772 0.207954 0.00845289 0.561682 0.195338
9.99554E-05 9.99554E-05 0.0195751 0.211841 0.768084 9.99554E-05 9.99554E-05 9.99554E-05
9.99552E-05 0.343117 0.146065 9.99552E-05 0.510318 9.99552E-05 9.99552E-05 9.99552E-05
0.523614 0.187448 0.00958785 0.0778687 0.0478606 9.99821E-05 9.99821E-05 0.153421
9.99642E-05 9.99642E-05 0.0361068 0.56607 0.352576 9.99642E-05 0.0448467 9.99642E-05
0.155548 0.172603 9.997E-05 0.285785 0.150113 9.997E-05 9.997E-05 0.23565
0.380604 9.99732E-05 9.99732E-05 0.0652106 9.99732E-05 0.183821 0.134531 0.235533
9.99731E-05 0.0695295 0.115758 0.193198 0.439473 0.181741 9.99731E-05 9.99731E-05
0.384065 0.0748272 0.489018 9.99732E-05 0.0306751 9.99732E-05 0.021115 9.99732E-05
0.305116 9.99821E-05 0.136748 0.108068 0.306035 9.99821E-05 0.0644351 0.0793986
0.237116 9.99464E-05 9.99464E-05 0.762284 9.99464E-05 9.99464E-05 9.99464E-05 9.99464E-05
0.127368 0.107073 9.998E-05 0.161908 0.54135 0.0424991 9.998E-05 0.0196017
0.0931518 0.0535369 0.177627 0.349322 0.0294298 0.0394753 9.9991E-05 0.257357
9.99641E-05 9.99641E-05 0.346268 0.119967 9.99641E-05 0.167706 9.99641E-05 0.365659
0.536159 9.99641E-05 0.114411 9.99641E-05 9.99641E-05 0.103132 9.99641E-05 0.245898
0.36478 0.362029 0.0232871 9.99642E-05 0.249504 9.99642E-05 9.99642E-05 9.99642E-05
0.212271 0.715553 9.99551E-05 9.99551E-05 0.0716763 9.99551E-05 9.99551E-05 9.99551E-05
0.116975 0.487576 0.231744 9.99731E-05 0.14003 9.99731E-05 0.0233754 9.99731E-05
9.997E-05 0.054404 0.254542 0.148338 9.997E-05 0.0710844 9.997E-05 0.471332
0.00175031 0.432994 9.99641E-05 0.086847 0.478008 9.99641E-05 9.99641E-05 9.99641E-05
9.99821E-05 0.148824 0.224221 0.0449878 0.267107 0.146004 0.168656 9.99821E-05
0.095877 9.99821E-05 0.263734 0.218419 0.101208 9.99821E-05 0.29052 0.0300416
0.154079 9.999E-05 0.00840895 0.442247 0.196627 0.0337528 0.016051 0.148734
0.228483 9.99642E-05 9.99642E-05 0.181051 9.99642E-05 9.99642E-05 0.238623 0.351443
0.0862026 9.99731E-05 0.0260593 9.99731E-05 0.304049 0.00731821 0.576071 9.99731E-05
9.99641E-05 0.365578 9.99641E-05 9.99641E-05 0.514458 9.99641E-05 0.0205239 0.0990393
9.994E-05 9.994E-05 9.994E-05 9.994E-05 9.994E-05 0.9993 9.994E-05 9.994E-05
0.0332643 9.99643E-05 0.183827 9.99643E-05 0.776904 0.00560501 9.99643E-05 9.99643E-05
0.371215 0.0853354 9.99821E-05 9.99821E-05 0.265927 0.223943 0.0440589 0.00932073
9.99641E-05 0.00957829 0.165545 0.396301 9.99641E-05 0.428176 9.99641E-05 9.99641E-05
9.997E-05 0.0370477 0.085907 9.997E-05 0.145764 0.223746 9.997E-05 0.507235
9.99642E-05 9.99642E-05 9.99642E-05 0.28772 0.208683 0.109605 9.99642E-05 0.393593
0.014523 0.60642 9.997E-05 0.124073 0.193039 0.0616457 9.997E-05 9.997E-05
9.99821E-05 0.185159 9.99821E-05 0.108648 0.191009 0.163266 0.00340004 0.348318
0.265983 0.189755 9.997E-05 9.997E-05 0.282333 0.175412 0.0862175 9.997E-05
0.0867319 9.99731E-05 0.33497 0.223842 0.274219 0.0799362 9.99731E-05 9.99731E-05
9.99553E-05 9.99553E-05 0.405438 9.99553E-05 0.534451 0.0596118 9.99553E-05 9.99553E-05
0.120186 0.304992 0.202295 0.0126563 9.99911E-05 0.222175 0.0427578 0.0948372
9.99463E-05 0.619789 9.99463E-05 9.99463E-05 0.379611 9.99463E-05 9.99463E-05 9.99463E-05
0.283341 0.00301178 0.0875792 9.9982E-05 0.221618 9.9982E-05 0.159862 0.244389
9.994E-05 9.994E-05 9.994E-05 9.994E-05 9.994E-05 0.9993 9.994E-05 9.994E-05
0.188926 0.0463935 9.997E-05 9.997E-05 0.203996 0.188544 9.997E-05 0.371841
9.99552E-05 9.99552E-05 9.99552E-05 9.99552E-05 0.588305 0.0111623 9.99552E-05 0.400033
0.0541764 0.118315 9.99821E-05 0.667348 0.00121497 0.125239 9.99821E-05 0.0335075
9.99464E-05 9.99464E-05 9.99464E-05 9.99464E-05 9.99464E-05 0.199693 9.99464E-05 0.799707
9.99551E-05 9.99551E-05 9.99551E-05 9.99551E-05 0.627026 9.99551E-05 0.0934245 0.27905
0.105504 0.611227 0.025507 0.135903 9.9982E-05 0.0279553 0.0937031 9.9982E-05
9.99553E-05 0.701672 0.0267249 9.99553E-05 9.99553E-05 9.99553E-05 9.99553E-05 0.271104
9.995E-05 9.995E-05 9.995E-05 0.373129 0.371965 0.254405 9.995E-05 9.995E-05
0.0363358 9.9991E-05 0.0380491 0.29875 0.364131 0.101675 0.0840732 0.0768857
9.99642E-05 0.387464 0.276079 9.99642E-05 0.212776 9.99642E-05 9.99642E-05 0.123281
9.99821E-05 0.263816 0.0919682 0.0332768 0.28209 0.204407 9.99821E-05 0.124243
9.99731E-05 0.048379 0.096134 0.647425 0.157519 0.050243 9.99731E-05 9.99731E-05
0.442776 9.99463E-05 9.99463E-05 9.99463E-05 0.556624 9.99463E-05 9.99463E-05 9.99463E-05
9.99731E-05 0.178129 9.99731E-05 0.135779 0.599279 9.99731E-05 0.0142009 0.0723117
0.102025 0.760299 9.996E-05 9.996E-05 9.996E-05 0.0755401 9.996E-05 0.0617357
9.99642E-05 9.99642E-05 9.99642E-05 9.99642E-05 0.251891 0.0208474 0.178054 0.548808
0.0179798 9.99552E-05 0.953484 9.99552E-05 9.99552E-05 0.0280364 9.99552E-05 9.99552E-05
0.376228 0.029381 0.216139 9.99821E-05 0.323873 9.99821E-05 0.00499937 0.0491794
9.99642E-05 9.99642E-05 0.0382588 0.762166 0.0877084 9.99642E-05 9.99642E-05 0.111467
0.805831 9.99462E-05 9.99462E-05 9.99462E-05 9.99462E-05 0.193569 9.99462E-05 9.99462E-05
0.50581 9.99821E-05 0.116187 0.0636342 0.0146782 0.132555 9.99821E-05 0.166936
0.338906 0.222795 9.99731E-05 0.0107941 0.3907 9.99731E-05 0.0365054 9.99731E-05
9.996E-05 0.127072 9.996E-05 9.996E-05 0.585013 9.996E-05 0.00306587 0.284449
9.994E-05 9.994E-05 0.9993 9.994E-05 9.994E-05 9.994E-05 9.994E-05 9.994E-05
9.997E-05 0.156634 9.997E-05 0.181484 0.282627 0.121248 9.997E-05 0.257707
9.99731E-05 9.99731E-05 0.0204838 0.06595 0.5667 0.115331 9.99731E-05 0.231236
9.99821E-05 0.0639178 0.15805 0.125196 0.506734 0.119417 0.0264849 9.99821E-05
0.195886 9.9982E-05 0.0614746 0.114968 0.503977 0.0314944 0.0920005 9.9982E-05
