9.9982E-05 9.9982E-05 0.905603 0.0941968
9.999E-05 0.331469 0.399662 0.268769
0.0553431 0.376188 0.55397 0.0144996
0.0981135 0.195837 0.568743 0.137306
0.0487841 0.398614 0.430236 0.122366
0.0518829 0.345396 0.367475 0.235247
0.24429 9.9991E-05 0.556975 0.198635
0.0741418 0.533621 0.32458 0.067657
0.123175 0.20143 0.368085 0.307309
0.368939 9.9991E-05 0.213219 0.417742
0.2705 0.133844 0.0862227 0.509433
0.366307 0.220789 0.0801871 0.332717
0.212892 0.213289 0.46684 0.106979
0.0651147 0.416244 0.387558 0.131083
0.121185 0.723932 0.154783 9.9991E-05
0.175008 0.55747 0.122563 0.144959
0.135449 0.763944 9.9991E-05 0.100508
0.396605 0.172291 0.353249 0.0778543
0.172139 0.187191 0.340133 0.300537
0.053814 0.158988 0.469632 0.317567
0.0218704 0.220457 0.622431 0.135241
0.133457 0.401129 0.384401 0.0810138
0.265067 0.312 0.346718 0.0762148
0.240357 0.246263 0.393018 0.120362
0.272893 9.9991E-05 0.0402518 0.686755
0.139091 0.114861 0.710564 0.0354846
0.327265 0.29367 0.0684455 0.31062
0.145226 0.426258 0.397028 0.0314887
0.153858 0.479504 0.271493 0.0951453
0.634431 0.0640096 0.221004 0.0805549
0.123525 0.254534 0.229032 0.392909
0.205335 0.152089 0.150951 0.491626
0.227042 0.321173 0.451685 9.9991E-05
9.9991E-05 0.456332 0.393109 0.150458
0.222469 0.138741 0.363731 0.275059
9.998E-05 9.998E-05 0.9997 9.998E-05
9.9991E-05 0.262115 0.578192 0.159593
0.206252 9.9991E-05 0.45058 0.343068
0.16652 0.419997 0.145215 0.268269
0.0170609 0.522627 0.277783 0.182529
0.113212 0.363274 0.34565 0.177863
0.0995896 0.349801 0.321571 0.229038
9.9991E-05 0.415314 0.431279 0.153307
0.0404184 0.297532 0.487241 0.174808
0.284899 0.194313 0.193297 0.32749
0.0521436 0.138187 0.25957 0.5501
0.122688 0.499777 0.377435 9.99977E-05
0.17754 0.588139 0.234221 9.9991E-05
0.218085 0.489164 0.00416291 0.288588
0.130492 0.572462 0.237901 0.059145
0.292167 0.108213 0.302336 0.297284
0.273995 0.305544 0.135633 0.284828
0.0779617 0.887115 9.9991E-05 0.0348232
0.165871 0.497765 0.216451 0.119913
0.1546 0.442615 0.0056571 0.397128
0.159669 0.385839 0.351726 0.102766
0.0737324 0.259845 9.9991E-05 0.666323
0.133922 0.0917777 0.408833 0.365468
0.136102 0.463799 0.0502934 0.349806
0.165695 0.181027 0.190867 0.462412
0.0551158 0.234608 0.640827 0.0694498
0.186737 0.218176 0.328206 0.266881
0.211842 0.33747 0.450588 9.9991E-05
0.896678 0.103122 9.9982E-05 9.9982E-05
9.9991E-05 0.244867 0.559318 0.195714
9.9982E-05 9.9982E-05 0.941322 0.0584776
0.0883687 0.130473 0.529329 0.251829
0.119414 0.501816 0.28685 0.0919199
0.217675 9.9982E-05 0.782126 9.9982E-05
0.244568 0.307265 0.334287 0.11388
0.0871176 0.294963 0.0398262 0.578093
0.0915277 0.429909 0.393727 0.0848368
0.316297 0.262361 0.337975 0.0833668
0.116463 0.527151 0.0848323 0.271553
0.124629 0.38023 0.280842 0.214299
0.0231138 0.64082 9.9991E-05 0.335966
0.197181 0.30245 0.431405 0.0689639
0.134633 0.260072 0.471018 0.134278
9.9991E-05 0.317943 0.612691 0.0692659
0.249662 0.114248 0.592372 0.043719
0.188383 0.24093 0.52532 0.0453671
0.0814673 0.242894 0.563184 0.112455
0.253926 0.0896728 0.278324 0.378078
0.207733 0.609193 9.9991E-05 0.182974
0.126138 0.43947 0.368306 0.0660861
0.0560644 0.135841 0.423284 0.384811
0.00552167 0.113221 0.881158 9.9991E-05
0.150657 0.257765 0.11201 0.479567
0.29627 0.234534 0.337793 0.131404
9.9991E-05 0.193679 0.534383 0.271838
0.981914 0.0178863 9.9982E-05 9.9982E-05
0.0894995 0.207457 0.347477 0.355566
0.0832639 0.0852777 0.633336 0.198123
0.223686 0.692433 0.0837804 9.9991E-05
9.9991E-05 0.160022 0.700817 0.139061
0.144378 0.318478 0.409355 0.127789
9.9991E-05 0.384128 0.420293 0.195479
9.9991E-05 0.301432 0.338201 0.360267
0.734171 0.0415857 0.195257 0.0289862
0.465762 0.368197 0.144745 0.0212959
0.299982 0.104296 0.358061 0.237662
0.9997 9.998E-05 9.998E-05 9.998E-05
0.177116 0.419828 0.132811 0.270246
0.0137501 9.9982E-05 9.9982E-05 0.98605
0.140602 0.445391 0.196202 0.217806
0.00754869 0.5828 0.260802 0.14885
0.0322165 0.513853 0.4043 0.04963
9.9991E-05 0.00866683 0.840248 0.150986
0.251442 0.339306 0.0929759 0.316275
0.182813 0.14584 0.511337 0.160011
0.0404776 0.453443 0.362489 0.14359
0.36382 0.0978454 0.190368 0.347967
0.0454172 0.411064 0.221109 0.322411
0.499455 0.285035 0.112492 0.103017
0.0953893 0.424806 0.447898 0.0319072
0.9997 9.998E-05 9.998E-05 9.998E-05
9.9991E-05 0.327851 0.363072 0.308976
0.0821963 0.146466 0.702693 0.0686444
0.0700545 0.411311 0.376002 0.142632
0.285482 9.9991E-05 0.343644 0.370774
9.9991E-05 0.497869 0.489941 0.0120892
0.531678 9.9982E-05 0.468122 9.9982E-05
0.25269 0.465395 0.213223 0.0686913
9.9991E-05 0.391834 0.310525 0.297542
0.416552 0.29737 0.0602486 0.225829
0.0696482 0.646683 0.170512 0.113157
0.107351 0.317041 0.262636 0.312971
0.271611 0.0983892 0.308211 0.321789
0.0558043 0.450136 0.212205 0.281855
0.226392 0.0266123 0.418321 0.328675
9.998E-05 9.998E-05 0.9997 9.998E-05
0.156545 0.431661 0.367862 0.043932
0.260617 0.25633 0.323111 0.159942
0.198181 0.64549 0.156229 9.9991E-05
0.00339331 0.273066 0.500152 0.223389
0.228285 0.134671 9.9991E-05 0.636943
9.998E-05 0.9997 9.998E-05 9.998E-05
0.00146845 0.998332 9.9982E-05 9.9982E-05
0.178787 0.297704 0.400616 0.122894
0.0385902 0.291779 0.463399 0.206232
0.124643 0.263041 0.396 0.216317
0.0427216 0.537143 0.009294 0.410842
0.25818 0.0656047 0.302311 0.373905
0.20932 0.0500062 0.431426 0.309248
0.180619 0.284542 0.399754 0.135085
0.453508 0.196321 0.350071 9.9991E-05
0.0050352 0.322648 0.583858 0.088459
0.961227 9.9982E-05 0.0385735 9.9982E-05
0.0271461 9.9991E-05 0.849805 0.122949
9.9991E-05 0.289443 0.39383 0.316627
0.304779 0.394828 0.0129163 0.287476
0.072669 0.160108 0.369966 0.397257
0.279345 0.0863972 0.285656 0.348601
0.376995 0.205125 0.291366 0.126515
0.223247 0.292878 0.429131 0.0547446
0.311922 0.441643 0.211093 0.0353428
0.0961569 0.199362 0.457647 0.246835
0.206405 0.278653 0.377334 0.137609
9.9982E-05 0.090761 0.909039 9.9982E-05
0.191922 0.468577 0.286235 0.0532664
0.109113 0.0458591 0.58636 0.258668
0.9997 9.998E-05 9.998E-05 9.998E-05
0.380621 0.149902 0.394306 0.0751712
9.9991E-05 0.708142 0.270562 0.0211965
9.9991E-05 0.401706 0.300635 0.297559
0.175311 9.9982E-05 0.824489 9.9982E-05
0.0451385 0.327767 0.495233 0.131861
0.0141535 0.41711 0.205016 0.363721
9.998E-05 0.9997 9.998E-05 9.998E-05
0.206776 0.224266 0.568858 9.9991E-05
0.145461 0.365684 0.106086 0.382769
0.159591 0.657049 9.9991E-05 0.18326
0.267353 0.243756 0.488792 9.9991E-05
9.9982E-05 0.59746 9.9982E-05 0.40234
0.0780161 0.459925 0.392466 0.0695936
9.9991E-05 0.520481 0.101896 0.377523
0.0863751 0.313134 0.433229 0.167261
9.9991E-05 0.484881 0.151256 0.363762
9.998E-05 9.998E-05 9.998E-05 0.9997
0.0954605 0.36995 0.242195 0.292395
0.288499 0.637416 9.9991E-05 0.0739851
0.359166 9.9991E-05 0.470252 0.170483
0.109324 0.25058 0.45864 0.181456
0.13811 0.22401 0.63778 9.9991E-05
0.0724587 0.330086 0.486166 0.111289
9.998E-05 9.998E-05 9.998E-05 0.9997
0.22533 0.284786 0.430521 0.0593634
0.171091 0.110489 0.252566 0.465853
0.027579 0.243576 0.707972 0.020873
0.129657 0.592924 0.27732 9.9991E-05
