0.206829 9.9973E-05 0.181539 0.611332 9.9973E-05 9.9973E-05
0.0228195 9.9991E-05 0.572243 0.285201 0.109815 0.00982196
0.435838 0.113277 0.278227 9.9991E-05 0.136014 0.036544
0.277808 0.105876 0.132197 0.324969 0.0710149 0.0881349
0.47564 0.112612 0.196732 0.0306699 0.0930777 0.0912682
0.57701 0.111754 0.0707241 0.0631066 9.9991E-05 0.177305
0.312448 0.187136 0.260387 0.117923 0.107308 0.0147977
0.304842 0.1995 0.18543 0.187447 0.0863374 0.0364438
0.597643 0.187146 9.9982E-05 9.9982E-05 0.0182815 0.196729
0.0699289 0.110701 9.9991E-05 0.324831 0.17059 0.323849
9.9982E-05 0.420794 0.230456 0.0702137 9.9982E-05 0.278336
0.401466 0.23724 0.0745082 0.0988049 0.168113 0.019868
0.247377 0.329877 0.36409 0.0409636 0.00849167 0.00920155
0.379171 0.0998876 0.0333797 0.233574 0.133754 0.120234
0.206278 0.402263 0.313029 9.9982E-05 9.9982E-05 0.0782295
0.218322 0.258996 0.0553831 0.129794 0.281963 0.0555422
0.341837 0.189617 0.147302 0.0220377 0.0921678 0.207039
0.249573 0.177515 0.157361 0.115153 0.178906 0.121493
0.284847 0.256404 0.134343 0.266831 0.0574749 9.9991E-05
0.0488319 0.215365 0.3998 0.0672084 0.206325 0.0624696
0.399031 0.185703 0.121679 0.207786 9.9991E-05 0.0857014
9.9991E-05 0.155453 0.252013 0.447057 0.0356642 0.109712
0.117634 0.305153 0.280392 0.188613 0.0562786 0.051929
0.116946 0.09906 0.297135 0.189215 0.26493 0.0327141
9.9964E-05 0.626888 9.9964E-05 9.9964E-05 9.9964E-05 0.372712
0.38094 0.0104584 0.174382 0.275025 0.134193 0.0250012
0.0414473 0.0139354 0.29908 0.168961 0.26368 0.212896
0.250305 0.135881 0.0629325 0.156098 0.211206 0.183578
0.385221 0.0780006 0.140469 0.0283742 0.279091 0.0888438
0.0725249 0.0618947 0.192234 9.9982E-05 0.673146 9.9982E-05
0.13061 0.247293 0.412665 9.9991E-05 0.101932 0.1074
0.166722 0.0242298 0.163473 0.175592 0.227779 0.242203
0.507766 0.117013 0.253544 9.9982E-05 0.121477 9.9982E-05
0.242671 0.0816152 0.543767 9.9991E-05 0.0238132 0.108034
0.324216 0.0716461 0.187121 0.291056 9.9991E-05 0.125861
9.9964E-05 0.248144 9.9964E-05 0.751456 9.9964E-05 9.9964E-05
0.224867 9.9982E-05 0.478654 0.159679 9.9982E-05 0.1366
9.9973E-05 0.108939 9.9973E-05 0.663796 9.9973E-05 0.226965
0.508165 0.11095 0.0639134 9.9991E-05 0.236358 0.0805128
0.220638 0.268587 0.500713 9.9982E-05 9.9982E-05 0.00986237
9.9991E-05 0.0377217 0.756571 0.0954837 0.0879936 0.0221299
9.9991E-05 0.023297 0.460003 0.119292 0.182322 0.214985
0.161892 0.0174137 0.41715 0.243727 0.0505364 0.10928
0.108558 9.9991E-05 0.172811 0.598826 0.108469 0.0112357
0.187111 9.9982E-05 9.9982E-05 0.422318 0.194642 0.195728
0.337895 0.196519 0.120728 0.0904537 0.010412 0.243993
0.369096 0.161465 0.260871 0.0423142 0.166154 9.9991E-05
0.52416 9.9973E-05 0.215011 9.9973E-05 0.260529 9.9973E-05
9.9991E-05 0.065625 0.65638 0.0480912 0.225147 0.00465683
0.0954368 0.493875 0.240676 0.13972 0.0301921 9.9991E-05
9.9991E-05 0.540082 0.158602 0.21653 0.00955254 0.0751341
0.362412 0.208541 0.129688 0.0303598 0.213411 0.0555885
0.126757 0.018632 0.550074 9.9991E-05 0.299811 0.00462518
0.402367 0.0556863 0.0183718 9.9991E-05 0.250661 0.272815
9.9973E-05 9.9973E-05 0.398399 0.234238 0.367063 9.9973E-05
0.311143 0.29269 0.254999 9.9991E-05 0.0285495 0.112518
0.120812 9.9982E-05 9.9982E-05 0.611436 0.0649532 0.202599
0.137339 0.146067 0.286347 0.240842 0.10426 0.0851452
0.141741 0.215425 0.453727 9.9982E-05 9.9982E-05 0.188907
0.175364 0.105021 0.0604482 0.347319 9.9991E-05 0.311747
0.151417 9.9973E-05 0.847283 9.9973E-05 0.00100028 9.9973E-05
0.100159 0.317317 0.290725 0.155043 0.0279132 0.108843
0.524547 0.275643 0.118411 9.9982E-05 0.0811997 9.9982E-05
9.9973E-05 0.00729135 0.0562064 9.9973E-05 0.936202 9.9973E-05
0.15307 0.0227594 0.209293 0.337083 0.0658694 0.211925
0.181095 9.9982E-05 0.0553411 0.76284 9.9982E-05 0.000523957
0.19867 9.9982E-05 0.248943 0.413093 9.9982E-05 0.139094
0.423028 0.293162 0.275355 9.9982E-05 0.00825633 9.9982E-05
0.258181 0.227262 0.445434 0.0516586 0.0173632 9.9991E-05
0.140456 0.182345 0.207514 0.0532434 0.291791 0.124652
0.244624 0.0126408 0.177452 0.0258584 0.241928 0.297496
0.0407838 0.168912 0.380472 0.387652 0.0169515 0.00522809
0.1796 0.419879 0.235539 0.0608605 0.104021 9.9991E-05
0.0185824 0.188615 0.440485 9.9991E-05 0.182668 0.169551
0.169545 9.9991E-05 0.163244 0.237448 0.20216 0.227504
0.259677 0.0898985 0.287247 9.9991E-05 0.187966 0.175112
0.681981 0.0338722 0.0634221 0.000387162 0.0427055 0.177632
9.9964E-05 0.0150167 0.984583 9.9964E-05 9.9964E-05 9.9964E-05
0.117455 9.9964E-05 0.882145 9.9964E-05 9.9964E-05 9.9964E-05
0.214475 9.9982E-05 0.568848 9.9982E-05 0.172341 0.0441363
0.23198 0.0769653 0.407091 0.193691 0.0848885 0.00538409
0.675314 0.050029 0.141877 0.069993 0.0018105 0.0609764
0.183784 0.048021 0.212392 0.105665 0.329649 0.120489
0.29082 0.363042 0.168709 9.9991E-05 0.159347 0.0179826
0.233535 0.152084 0.509493 9.9982E-05 0.104688 9.9982E-05
9.9982E-05 0.040023 0.394101 0.482582 9.9982E-05 0.0830933
0.0538221 0.16016 0.014859 0.665242 0.105817 9.9991E-05
0.495834 0.312604 9.9973E-05 9.9973E-05 9.9973E-05 0.191262
0.0376439 0.222544 0.184593 0.191892 0.287243 0.0760832
0.399075 0.194062 0.06631 0.300056 9.9991E-05 0.0403968
9.99639E-05 9.99639E-05 9.99639E-05 0.0661705 0.93343 9.99639E-05
0.00173127 0.2688 0.272754 0.236917 9.9991E-05 0.219698
0.313842 0.25248 0.271918 0.0772911 0.0100347 0.0744345
0.0527748 0.399422 0.328518 0.0800944 0.139091 9.9991E-05
9.9982E-05 0.120239 0.691381 0.116765 9.9982E-05 0.0714153
0.374524 0.0508994 0.238392 0.221783 0.0496691 0.0647319
9.9982E-05 9.9982E-05 0.368865 0.502324 0.0170061 0.111605
0.468618 0.0383139 0.196646 9.9991E-05 0.161019 0.135303
0.146658 0.306411 9.9991E-05 0.0525851 0.450857 0.0433885
0.0351763 0.105723 0.300729 0.147832 0.41044 9.9991E-05
0.384918 0.216628 0.0345186 0.147993 0.200045 0.0158973
9.996E-05 9.996E-05 9.996E-05 9.996E-05 0.9995 9.996E-05
9.9982E-05 0.419575 0.381364 9.9982E-05 0.0414344 0.157427
9.996E-05 9.996E-05 9.996E-05 9.996E-05 9.996E-05 0.9995
0.0883416 0.192618 0.227889 0.256414 0.112507 0.122229
0.152965 0.228703 0.409893 0.178028 0.0303107 9.9991E-05
0.170149 9.9991E-05 0.400305 0.340973 0.0854724 0.00300093
9.9991E-05 0.304731 0.35837 0.25677 0.00385261 0.0761771
9.9982E-05 0.18369 0.367419 9.9982E-05 0.368376 0.0803155
0.0776238 0.400715 0.370732 0.150729 9.9982E-05 9.9982E-05
0.481533 0.136186 0.289831 0.0190151 9.9991E-05 0.073335
0.0417642 0.428687 0.0187313 9.9991E-05 0.344325 0.166393
0.0190202 0.196699 0.569586 0.10707 0.0397503 0.0678752
0.213137 0.0872804 9.9991E-05 0.0828795 0.552645 0.0639575
0.285779 9.9991E-05 0.334868 0.253879 0.0943796 0.0309944
9.996E-05 9.996E-05 9.996E-05 9.996E-05 0.9995 9.996E-05
0.370943 0.135087 0.0418367 0.127887 0.0208232 0.303422
0.183111 9.9982E-05 0.215187 0.573634 9.9982E-05 0.0278675
0.602455 9.9982E-05 0.277993 9.9982E-05 0.108724 0.0106283
0.470982 0.0889591 9.9991E-05 0.202362 0.053713 0.183884
0.451675 0.0591873 0.214542 0.0606354 0.115906 0.0980543
0.146344 0.180475 9.9991E-05 0.129259 0.49539 0.0484324
0.259176 0.115557 0.136594 0.03669 0.328398 0.123584
0.827459 0.0504247 0.00986355 9.9982E-05 9.9982E-05 0.112053
0.227476 0.167832 0.091786 0.0878706 0.340933 0.0841021
0.748592 0.131207 9.9973E-05 9.9973E-05 0.119901 9.9973E-05
0.027864 0.555027 0.32836 9.9991E-05 0.0284888 0.0601602
0.00732364 0.224449 0.413389 0.112364 0.182 0.0604743
0.760678 0.0176139 0.202516 0.0189927 9.9982E-05 9.9982E-05
0.0328521 0.0629451 0.104325 0.435875 0.193946 0.170057
0.481664 0.0109704 9.9973E-05 0.507065 9.9973E-05 9.9973E-05
0.67617 0.0824705 0.0841787 0.0390595 0.117145 0.000976463
0.528266 0.0396755 0.050917 9.9991E-05 0.378521 0.00251969
0.00957806 0.320987 0.440235 9.9991E-05 0.222047 0.00705201
0.63471 0.117116 0.00513047 0.100505 9.9991E-05 0.142438
0.396334 0.308866 9.9982E-05 9.9982E-05 0.0283814 0.266218
0.395695 0.0554691 0.38615 9.9991E-05 0.15191 0.0106754
9.9982E-05 0.097966 0.660026 0.00457465 0.237233 9.9982E-05
0.301715 0.00206323 0.21848 0.181658 0.148451 0.147634
0.342063 0.0680856 0.473056 9.9991E-05 0.0185285 0.0981665
0.436753 0.0966047 9.9991E-05 0.171196 0.107424 0.187922
9.9982E-05 0.467774 0.361532 9.9982E-05 0.0511688 0.119325
0.32233 9.9991E-05 0.264706 0.109365 0.167655 0.135845
0.2536 0.170376 0.236368 0.124151 0.104124 0.111381
0.307869 0.0474931 0.354943 0.0551735 0.211547 0.0229742
9.9982E-05 0.221187 0.0400645 0.357275 0.381274 9.9982E-05
0.213205 0.219022 0.0772446 0.311628 0.134757 0.0441435
9.996E-05 0.9995 9.996E-05 9.996E-05 9.996E-05 9.996E-05
0.213885 0.0987143 0.0967495 0.475663 9.9991E-05 0.114888
0.0435568 0.144222 0.542127 0.0808378 9.9991E-05 0.189157
0.553783 0.243704 0.0645471 9.9991E-05 0.0262208 0.111645
0.0642922 0.114168 0.376422 0.119215 9.9991E-05 0.325803
0.373175 0.234245 0.0352944 0.103578 0.160283 0.0934241
0.121476 0.0491966 0.432847 0.157473 0.193575 0.0454335
0.502277 0.113613 0.0838642 0.22224 0.0779063 9.9991E-05
9.9991E-05 0.19694 0.228836 0.257873 0.241229 0.0750219
0.111132 0.197708 0.457583 0.208885 9.9991E-05 0.0245925
0.402428 0.215791 0.02289 9.9991E-05 0.25018 0.108611
0.113875 9.9982E-05 0.0564146 0.750598 0.0789124 9.9982E-05
0.304505 0.156316 0.261382 0.0382471 0.235622 0.00392822
0.359656 0.399085 0.0659994 0.119732 9.9991E-05 0.0554266
9.996E-05 0.9995 9.996E-05 9.996E-05 9.996E-05 9.996E-05
0.224737 0.633764 0.116488 9.99948E-05 0.012772 0.0121394
0.0121275 0.0250896 0.517673 0.199422 0.18026 0.0654278
9.9991E-05 0.128485 0.186565 0.48589 0.136303 0.0626566
9.9973E-05 0.0704669 0.120238 0.808995 9.9973E-05 9.9973E-05
0.430445 0.0695759 0.322329 0.173368 9.9991E-05 0.00418212
0.214192 0.240509 0.327527 9.9982E-05 9.9982E-05 0.217572
9.9982E-05 0.163955 0.609136 0.0966935 0.130016 9.9982E-05
0.212127 0.298671 0.286998 0.162327 0.0397778 9.9991E-05
0.184839 0.0538245 0.410744 0.0505377 0.272743 0.0273123
0.187359 0.136338 0.280444 9.9991E-05 0.228264 0.167496
0.223816 0.202807 0.24486 0.0508875 0.27753 9.9991E-05
9.9991E-05 0.0918409 0.546159 0.221906 0.0650477 0.0749471
0.379337 0.0673819 0.470632 0.00090516 0.0609351 0.0208084
0.207215 9.9982E-05 0.471702 9.9982E-05 0.0728034 0.248079
0.529076 0.443353 9.9973E-05 9.9973E-05 9.9973E-05 0.0272707
0.627575 9.9982E-05 9.9982E-05 0.174325 0.0557734 0.142127
9.99639E-05 9.99639E-05 0.0126876 9.99639E-05 9.99639E-05 0.986913
9.99976E-05 0.0159121 0.293633 0.331719 0.179831 0.178804
0.193338 0.351049 0.0127298 0.159397 0.15034 0.133147
0.110559 0.509857 0.0127281 0.288307 0.033899 0.0446495
9.9991E-05 0.0902038 0.447189 0.308332 0.143342 0.0108324
0.474139 9.9991E-05 0.142015 0.187231 0.195836 0.000679798
0.365563 0.184623 0.149248 0.282725 9.9991E-05 0.0177413
9.996E-05 9.996E-05 9.996E-05 9.996E-05 9.996E-05 0.9995
0.449877 0.185759 0.195303 0.0813364 0.0876248 9.9991E-05
0.0137041 0.227522 0.0581031 0.359118 0.144242 0.197311
0.186033 0.0110687 0.548037 0.254661 9.9982E-05 9.9982E-05
0.105028 9.9982E-05 0.159246 0.423228 0.312299 9.9982E-05
