0.127257 0.173273 0.0130529 0.619981 9.99821E-05 0.0662362 9.99821E-05
0.218452 0.132654 0.225162 0.423432 9.99731E-05 9.99731E-05 9.99731E-05
9.9973E-05 0.184263 0.0832107 9.9973E-05 0.155551 0.576676 9.9973E-05
0.022689 9.99732E-05 9.99732E-05 0.740151 0.0586252 0.178235 9.99732E-05
0.0357901 9.99731E-05 0.247796 0.562892 9.99731E-05 9.99731E-05 0.153222
9.99641E-05 9.99641E-05 9.99641E-05 0.7891 9.99641E-05 0.0737186 0.136781
0.0389304 0.304979 0.321207 0.283615 9.99821E-05 9.99821E-05 0.0510685
0.259972 9.99821E-05 0.108916 0.560902 0.0208052 0.0492047 9.99821E-05
0.17549 0.561706 9.99642E-05 9.99642E-05 9.99642E-05 9.99642E-05 0.262404
9.99731E-05 0.563362 9.99731E-05 0.161147 0.131307 0.143884 9.99731E-05
9.9982E-05 9.9982E-05 0.0156279 0.0833048 0.367696 0.231174 0.301997
0.48737 9.99643E-05 0.324895 0.187335 9.99643E-05 9.99643E-05 9.99643E-05
0.376798 9.99911E-05 0.0307608 0.43986 0.0161258 0.026019 0.110336
9.99731E-05 9.99731E-05 0.224106 0.650283 0.0392931 9.99731E-05 0.0860184
0.466712 0.348161 0.00294229 0.15599 9.99821E-05 0.0259953 9.99821E-05
0.0428597 9.99732E-05 0.124329 0.640656 0.191855 9.99732E-05 9.99732E-05
0.0524704 0.183272 0.0690614 0.261534 0.129523 0.278187 0.0259517
9.99731E-05 0.281191 0.258813 0.384582 9.99731E-05 0.0751144 9.99731E-05
0.591965 0.229007 9.99821E-05 0.0873949 9.99821E-05 0.0817456 0.00968774
0.0558777 0.023004 9.99731E-05 0.655365 9.99731E-05 0.265453 9.99731E-05
9.99732E-05 0.404677 9.99732E-05 0.338287 0.0955946 9.99732E-05 0.161141
0.633387 0.0713042 9.9982E-05 9.9982E-05 0.12089 0.152125 0.0220934
9.99821E-05 0.176217 0.145736 0.489663 0.00818153 0.180002 9.99821E-05
9.99641E-05 9.99641E-05 9.99641E-05 0.476744 0.130507 9.99641E-05 0.39235
9.99731E-05 9.99731E-05 9.99731E-05 0.239214 0.290654 0.175045 0.294787
0.0421691 9.9982E-05 0.0261696 0.608766 0.119475 9.9982E-05 0.20322
0.0397281 0.272244 0.155403 0.17573 0.356694 9.9982E-05 9.9982E-05
9.99732E-05 0.348048 9.99732E-05 0.353587 9.99732E-05 0.28369 0.0143752
0.347471 0.124344 0.0419621 9.99821E-05 9.99821E-05 0.485451 0.000571936
9.99642E-05 9.99642E-05 9.99642E-05 0.019429 0.972825 9.99642E-05 0.00734588
9.99731E-05 0.112712 0.00700139 0.108014 9.99731E-05 9.99731E-05 0.771973
0.351008 9.99821E-05 0.214026 0.231331 0.0575775 0.145858 9.99821E-05
9.99641E-05 0.671648 9.99641E-05 9.99641E-05 0.18017 0.147781 9.99641E-05
0.37296 9.99821E-05 0.0523789 0.383158 0.136935 0.0543682 9.99821E-05
9.99731E-05 9.99731E-05 0.0226736 0.946613 9.99731E-05 0.00714982 0.0232638
9.99642E-05 0.197605 0.0853782 0.716617 9.99642E-05 9.99642E-05 9.99642E-05
0.312921 0.0693143 0.220061 0.142414 9.9991E-05 0.1107 0.14449
9.99641E-05 0.422381 9.99641E-05 9.99641E-05 0.0935391 0.48368 9.99641E-05
0.0457231 0.0554726 0.185672 0.329979 0.0329805 0.329398 0.0207747
0.23917 9.9973E-05 0.0940977 0.218145 9.9973E-05 0.448288 9.9973E-05
0.0222721 0.321679 0.20598 9.9991E-05 0.367486 0.0585341 0.0239486
9.99821E-05 0.48981 0.239431 9.99821E-05 0.17407 0.0350262 0.0614624
0.00982636 0.128264 0.101673 0.689764 9.99821E-05 9.99821E-05 0.0702733
0.0902189 9.99911E-05 0.0265322 0.649073 0.014345 0.210968 0.008763
0.348202 9.99731E-05 0.198915 9.99731E-05 0.191331 0.261253 9.99731E-05
0.0870342 0.14559 0.135727 0.447472 9.99821E-05 0.183978 9.99821E-05
0.21076 0.529736 0.00627099 0.252933 9.99731E-05 9.99731E-05 9.99731E-05
0.155427 0.260424 0.149271 0.316379 9.9982E-05 0.118299 9.9982E-05
0.698876 9.99553E-05 9.99553E-05 9.99553E-05 0.300624 9.99553E-05 9.99553E-05
0.0811393 9.99731E-05 0.0240991 0.888591 9.99731E-05 9.99731E-05 0.00587082
9.99641E-05 9.99641E-05 9.99641E-05 0.694378 0.152683 0.15254 9.99641E-05
0.0291641 0.344744 0.142655 0.00864165 0.0378389 0.29938 0.137576
0.129212 0.353992 9.9973E-05 0.199541 0.316955 9.9973E-05 9.9973E-05
0.0350544 9.99731E-05 9.99731E-05 0.264069 0.244165 0.456411 9.99731E-05
0.0842842 9.99821E-05 0.188604 0.3175 9.99821E-05 0.050183 0.359228
0.326879 0.1875 9.99642E-05 9.99642E-05 9.99642E-05 9.99642E-05 0.485221
0.00079859 9.9982E-05 9.9982E-05 0.159622 0.0886563 0.101833 0.648889
0.11954 0.13009 9.99642E-05 9.99642E-05 9.99642E-05 9.99642E-05 0.74997
0.184479 9.9982E-05 0.164112 0.380506 9.9982E-05 0.136842 0.133861
9.99641E-05 0.189068 0.086892 0.72364 9.99641E-05 9.99641E-05 9.99641E-05
0.267176 9.99821E-05 9.99821E-05 0.24277 0.129112 0.319559 0.0411827
9.99641E-05 0.33192 0.486103 0.181577 9.99641E-05 9.99641E-05 9.99641E-05
0.411156 0.332529 0.02578 9.9982E-05 0.108968 9.9982E-05 0.121367
9.99642E-05 9.99642E-05 0.0726365 0.310338 0.616626 9.99642E-05 9.99642E-05
0.348156 0.127795 9.99732E-05 0.475295 0.0484552 9.99732E-05 9.99732E-05
0.438233 9.99731E-05 0.0666896 9.99731E-05 0.352308 9.99731E-05 0.14247
9.99641E-05 9.99641E-05 9.99641E-05 0.691554 9.99641E-05 0.031614 0.276432
0.292934 0.0888172 0.173435 0.266362 9.9991E-05 0.149177 0.029174
0.479548 0.0627238 0.0330443 0.0280104 9.9991E-05 0.128307 0.268267
0.268813 0.173354 9.9991E-05 0.177316 0.150228 0.11306 0.11713
0.0214714 0.290915 0.151859 0.263467 0.0375547 0.228625 0.00610798
0.225669 0.0476344 0.296705 9.9982E-05 0.318158 9.9982E-05 0.111634
9.99643E-05 9.99643E-05 0.583487 0.24309 9.99643E-05 0.173023 9.99643E-05
0.441017 9.99821E-05 0.158517 0.183627 0.046167 9.99821E-05 0.170473
0.0739356 9.99644E-05 9.99644E-05 0.862555 9.99644E-05 9.99644E-05 0.0631099
0.428774 9.99731E-05 0.347165 0.0958584 9.99731E-05 9.99731E-05 0.127903
0.52857 0.0357431 0.113273 0.0712168 0.131282 9.99911E-05 0.119815
9.9982E-05 0.248629 0.0658021 9.9982E-05 0.135816 0.161309 0.388243
0.221497 9.9982E-05 9.9982E-05 0.204067 0.0335686 0.207213 0.333455
0.207177 9.99731E-05 0.10893 0.470333 9.99731E-05 0.21326 9.99731E-05
0.0777357 9.99731E-05 0.456505 0.206099 9.99731E-05 0.259361 9.99731E-05
0.18811 0.0299501 9.9991E-05 0.358346 0.0425103 0.166207 0.214776
9.99732E-05 0.275468 9.99732E-05 0.328041 9.99732E-05 0.222015 0.174175
0.483297 9.9973E-05 9.9973E-05 9.9973E-05 0.270651 0.0800973 0.165654
9.99731E-05 0.321308 0.0931335 0.394565 0.190693 9.99731E-05 9.99731E-05
0.111074 0.101105 0.144577 0.585252 9.9982E-05 0.0577922 9.9982E-05
0.0203562 0.494094 0.228156 0.113704 9.99821E-05 0.143489 9.99821E-05
9.99642E-05 9.99642E-05 9.99642E-05 0.390352 0.510969 9.99642E-05 0.0982789
9.99732E-05 0.256876 9.99732E-05 0.236156 0.114819 0.391849 9.99732E-05
0.319963 0.327401 9.99731E-05 9.99731E-05 0.230474 0.121862 9.99731E-05
0.0173903 9.99732E-05 9.99732E-05 0.197636 0.754401 0.0302728 9.99732E-05
9.99822E-05 0.0289683 0.149997 0.563966 0.0657959 9.99822E-05 0.191074
0.186691 0.213833 0.317104 0.0368433 0.0140666 0.0500022 0.18146
9.99821E-05 0.362468 0.104526 0.335082 0.00286932 0.194854 9.99821E-05
0.318984 0.334584 0.254993 9.9982E-05 0.00405342 9.9982E-05 0.0871858
9.99731E-05 0.156238 0.154061 0.453705 9.99731E-05 0.235696 9.99731E-05
9.99641E-05 0.508876 9.99641E-05 0.466321 0.0244032 9.99641E-05 9.99641E-05
0.196153 0.647901 9.9973E-05 0.0950747 9.9973E-05 9.9973E-05 0.060572
9.99731E-05 9.99731E-05 0.0225678 0.590965 0.232787 0.153381 9.99731E-05
9.9991E-05 0.256528 0.0896733 0.360891 0.126222 0.0881662 0.078419
9.99642E-05 0.495683 9.99642E-05 0.105657 9.99642E-05 9.99642E-05 0.39826
9.99731E-05 0.00911971 0.0833661 9.99731E-05 0.803328 0.103887 9.99731E-05
9.99642E-05 0.816964 9.99642E-05 9.99642E-05 0.0535713 0.129065 9.99642E-05
9.99642E-05 0.154466 9.99642E-05 9.99642E-05 0.083836 0.761298 9.99642E-05
0.415959 0.10167 0.0254623 0.455562 9.9982E-05 0.00114779 9.9982E-05
0.435904 0.153371 9.99821E-05 0.333319 0.0198474 9.99821E-05 0.057359
0.214656 0.210764 0.0787758 0.240114 9.9991E-05 0.0116339 0.243956
0.206999 0.185963 9.99821E-05 0.361853 0.0271156 0.217869 9.99821E-05
0.474739 9.99731E-05 9.99731E-05 0.0230863 0.146947 9.99731E-05 0.354927
0.00994587 9.99821E-05 0.093892 0.0546127 0.225647 0.615702 9.99821E-05
9.99732E-05 0.503026 0.107935 0.204253 0.184486 9.99732E-05 9.99732E-05
0.00717362 9.99822E-05 0.0578876 0.854811 0.0712398 9.99822E-05 0.00868772
9.99553E-05 9.99553E-05 9.99553E-05 0.648201 0.351299 9.99553E-05 9.99553E-05
0.157972 9.99732E-05 0.0564876 0.327673 9.99732E-05 0.457568 9.99732E-05
9.99641E-05 0.0922353 9.99641E-05 0.123814 0.78355 9.99641E-05 9.99641E-05
9.99821E-05 0.150289 9.99821E-05 0.00300874 0.178101 0.258526 0.409875
0.488873 9.99642E-05 0.0112816 0.499445 9.99642E-05 9.99642E-05 9.99642E-05
0.722357 0.142257 9.99641E-05 9.99641E-05 0.134986 9.99641E-05 9.99641E-05
0.207945 9.9982E-05 0.158029 9.9982E-05 0.229878 0.395127 0.00882136
0.0774905 0.0890801 0.0331818 0.678236 9.99821E-05 0.121811 9.99821E-05
0.120875 0.0698011 0.0254938 0.487171 0.29646 9.99821E-05 9.99821E-05
9.99731E-05 0.120882 0.00424104 0.769913 9.99731E-05 9.99731E-05 0.104664
0.0277173 9.99642E-05 9.99642E-05 0.905951 9.99642E-05 0.0659318 9.99642E-05
0.083707 0.276784 0.0547097 0.508459 9.99911E-05 0.00485834 0.0713823
0.0688752 0.210459 9.99821E-05 0.357522 0.266076 0.0968673 9.99821E-05
0.0113724 0.48889 9.99731E-05 0.301556 9.99731E-05 9.99731E-05 0.197882
9.99642E-05 0.270025 0.341558 9.99642E-05 0.388018 9.99642E-05 9.99642E-05
0.128875 9.9982E-05 0.140232 0.225219 9.9982E-05 0.298917 0.206557
9.99732E-05 0.00765924 9.99732E-05 0.155831 0.27683 0.55938 9.99732E-05
9.99821E-05 0.429394 0.00105669 0.314417 0.0437601 0.211173 9.99821E-05
0.057852 0.558982 9.99732E-05 0.0165844 9.99732E-05 9.99732E-05 0.366282
9.9973E-05 0.224724 9.9973E-05 0.65873 9.9973E-05 0.0285223 0.0877244
0.247941 0.291459 0.120236 9.99731E-05 9.99731E-05 0.340064 9.99731E-05
0.217216 0.213863 0.122982 9.9982E-05 9.9982E-05 0.410946 0.0347929
0.0546602 0.4196 0.184799 0.283715 9.99821E-05 0.0570251 9.99821E-05
0.253164 0.0809675 9.99732E-05 0.632389 9.99732E-05 0.0331791 9.99732E-05
0.417873 9.99732E-05 9.99732E-05 0.327033 0.000613249 0.254181 9.99732E-05
0.113241 9.99643E-05 9.99643E-05 0.313828 9.99643E-05 0.57253 9.99643E-05
0.156374 0.299686 9.99731E-05 9.99731E-05 9.99731E-05 0.108862 0.434779
0.228695 9.99642E-05 9.99642E-05 0.726758 9.99642E-05 0.0441471 9.99642E-05
9.99732E-05 9.99732E-05 9.99732E-05 0.133083 0.0303762 0.362614 0.473627
9.99732E-05 0.346273 9.99732E-05 0.188524 0.0132144 0.451688 9.99732E-05
0.0386825 0.548645 0.0890764 0.255038 9.9991E-05 0.0592942 0.00916391
0.137636 0.490791 9.99821E-05 9.99821E-05 0.247211 0.0818051 0.0423566
9.99642E-05 9.99642E-05 0.100427 0.558437 0.340736 9.99642E-05 9.99642E-05
0.236814 0.0770619 9.99821E-05 0.562833 9.99821E-05 0.016979 0.106112
9.995E-05 9.995E-05 0.9994 9.995E-05 9.995E-05 9.995E-05 9.995E-05
9.99643E-05 0.074138 9.99643E-05 0.859399 9.99643E-05 0.066063 9.99643E-05
9.99642E-05 9.99642E-05 9.99642E-05 0.433467 0.0449497 9.99642E-05 0.521184
9.99731E-05 0.15045 0.325453 9.99731E-05 9.99731E-05 0.295638 0.228158
0.179907 0.0965794 0.112097 0.0321629 9.9991E-05 0.20831 0.370843
0.527669 0.243725 0.228207 9.99641E-05 9.99641E-05 9.99641E-05 9.99641E-05
0.34953 0.00769234 9.9991E-05 0.317001 0.0857298 0.0530085 0.186938
0.149331 0.270701 0.07553 0.454696 9.99821E-05 9.99821E-05 0.0495413
9.99641E-05 9.99641E-05 0.157964 0.188658 9.99641E-05 9.99641E-05 0.652978
9.99821E-05 0.156494 0.138657 0.260038 0.0765823 0.36803 9.99821E-05
9.99731E-05 0.124983 9.99731E-05 0.292582 9.99731E-05 0.431049 0.151086
0.164035 0.0746292 0.102414 0.196904 0.301812 9.99911E-05 0.160106
0.373093 9.99643E-05 9.99643E-05 0.53728 9.99643E-05 9.99643E-05 0.0892272
0.17456 0.229529 9.9991E-05 0.0927972 0.121461 0.309496 0.0720568
9.995E-05 9.995E-05 0.9994 9.995E-05 9.995E-05 9.995E-05 9.995E-05
0.428079 0.0477489 0.254994 0.244067 0.0249111 9.99821E-05 9.99821E-05
0.259773 9.99732E-05 0.111281 0.58937 9.99732E-05 0.0392758 9.99732E-05
0.166366 0.316211 0.122356 0.0388968 0.0351274 9.9991E-05 0.320942
0.498301 0.0807887 0.42051 9.99643E-05 9.99643E-05 9.99643E-05 9.99643E-05
0.161273 0.167879 9.99641E-05 0.670448 9.99641E-05 9.99641E-05 9.99641E-05
0.107406 0.117398 9.99821E-05 0.612234 9.99821E-05 0.0224899 0.140272
0.752389 9.99553E-05 9.99553E-05 9.99553E-05 9.99553E-05 0.247111 9.99553E-05
9.99822E-05 0.0719003 0.419933 0.348176 9.99822E-05 0.146491 0.0133001
9.9973E-05 0.266846 0.0924632 0.517876 9.9973E-05 0.122515 9.9973E-05
0.393046 9.99642E-05 9.99642E-05 0.255198 9.99642E-05 0.351356 9.99642E-05
0.108924 9.99731E-05 0.157286 0.345355 9.99731E-05 0.388135 9.99731E-05
0.419476 0.279694 9.99731E-05 0.0666113 9.99731E-05 0.23392 9.99731E-05
9.99821E-05 0.0402383 0.0174413 0.70577 0.126362 0.109988 9.99821E-05
0.175516 0.0902644 9.99821E-05 0.471166 0.0847639 0.17809 9.99821E-05
0.451396 9.99642E-05 9.99642E-05 0.296201 9.99642E-05 9.99642E-05 0.252003
0.316786 0.0363352 0.115261 0.30416 0.171005 9.99911E-05 0.056352
9.99641E-05 0.0411685 9.99641E-05 9.99641E-05 9.99641E-05 0.629023 0.329409
9.99732E-05 0.468778 9.99732E-05 0.235001 9.99732E-05 0.0934781 0.202443
0.144893 0.590751 0.0401906 9.99821E-05 0.189086 0.0348793 9.99821E-05
9.99732E-05 0.358975 0.220266 0.17316 9.99732E-05 9.99732E-05 0.247299
0.0445838 0.373769 0.1422 0.0742949 9.9991E-05 0.125832 0.239221
0.142956 0.142122 0.0129727 0.446069 9.9982E-05 9.9982E-05 0.255681
0.285646 9.99821E-05 0.0437991 0.606113 9.99821E-05 0.0106776 0.0535644
9.99551E-05 9.99551E-05 9.99551E-05 9.99551E-05 9.99551E-05 0.939459 0.0600417
0.382112 0.0243229 0.398323 0.0419649 9.99821E-05 0.153078 9.99821E-05
0.288396 0.0319753 9.99731E-05 0.487983 9.99731E-05 0.191346 9.99731E-05
0.0413748 9.99821E-05 0.101505 0.330237 9.99821E-05 0.469504 0.0571791
9.99642E-05 0.0631486 9.99642E-05 0.750557 9.99642E-05 0.185894 9.99642E-05
