9.99639E-05 0.00488593 9.99639E-05 0.0683833 0.00657792 0.799187 9.99639E-05 0.120566 9.99639E-05
0.0893951 0.101127 0.235816 0.159122 9.9991E-05 0.150797 0.102464 0.0597358 0.101442
0.00326808 9.9991E-05 0.302801 0.109887 0.0288044 0.233687 0.124484 0.119273 0.0776967
0.0999358 0.0980402 0.347071 0.145395 0.0776279 0.222624 9.9982E-05 9.9982E-05 0.00910586
9.9973E-05 0.0498369 0.305335 0.228813 0.117706 0.101745 0.196264 9.9973E-05 9.9973E-05
9.9973E-05 0.0769973 0.381503 0.0348732 0.0697855 9.9973E-05 0.352268 0.0842731 9.9973E-05
9.9964E-05 9.9964E-05 0.355224 9.9964E-05 0.160954 0.238204 9.9964E-05 0.235066 0.0101519
0.104133 9.9991E-05 0.299431 0.0115249 0.0285589 0.072269 0.0560235 0.140224 0.287736
0.00289651 0.0916162 0.140031 0.305997 0.0239491 0.176446 0.102689 0.139596 0.0167783
0.0633267 0.135065 9.9973E-05 0.12921 0.0964656 0.0664732 9.9973E-05 0.509159 9.9973E-05
0.0242254 0.225435 0.11198 0.250233 0.0175197 0.0627092 0.186755 0.0325083 0.0886347
0.0111303 9.99639E-05 9.99639E-05 0.519346 0.0294109 9.99639E-05 0.150257 0.289456 9.99639E-05
0.035626 0.0178057 0.330172 0.0302263 0.0810822 9.9991E-05 0.195242 0.268012 0.0417344
0.134403 0.0963179 0.0960072 0.00793949 0.00711216 0.281175 0.376846 9.9982E-05 9.9982E-05
9.99549E-05 0.0259813 9.99549E-05 9.99549E-05 9.99549E-05 0.0159772 0.910277 9.99549E-05 0.047265
0.0741267 0.0222397 0.123339 0.209504 0.10921 0.107571 0.0678234 9.9991E-05 0.286086
9.99459E-05 0.0664836 9.99459E-05 9.99459E-05 9.99459E-05 9.99459E-05 0.927645 9.99459E-05 0.00527212
0.0650292 0.0592514 0.142142 9.9982E-05 0.156524 0.196215 0.174977 0.205662 9.9982E-05
9.9973E-05 9.9973E-05 0.258964 0.291555 0.068894 0.159831 0.219768 9.9973E-05 0.000688876
0.0154226 9.9982E-05 0.35923 0.0523676 0.0249601 0.0966448 9.9982E-05 0.332938 0.118237
9.9991E-05 0.0380642 0.138094 0.123019 0.103465 0.17826 0.0951497 0.253425 0.0704231
9.9973E-05 9.9973E-05 0.247655 9.9973E-05 0.0367929 0.0323628 0.315991 0.331686 0.0352112
9.9973E-05 9.9973E-05 0.238253 0.348983 0.110118 0.099467 0.149542 0.0533368 9.9973E-05
0.253391 9.9955E-05 0.463029 9.9955E-05 9.9955E-05 0.101142 0.181938 9.9955E-05 9.9955E-05
9.9973E-05 0.229204 9.9973E-05 0.200909 0.0664317 0.0147906 0.46601 0.0223547 9.9973E-05
0.0928391 9.9955E-05 0.0374635 9.9955E-05 9.9955E-05 0.583837 0.285361 9.9955E-05 9.9955E-05
0.0913464 0.0812992 0.072391 9.9982E-05 0.0516241 0.0343571 9.9982E-05 0.457452 0.21133
0.0755419 0.059153 0.182286 9.9973E-05 0.0285503 0.265725 0.388445 9.9973E-05 9.9973E-05
0.0786508 0.0402165 0.229372 9.9982E-05 0.021051 0.0437817 0.248333 0.338395 9.9982E-05
0.625625 0.0126126 0.0426119 9.9982E-05 0.00112626 0.202059 0.112994 9.9982E-05 0.0027714
0.0997946 0.0720247 0.227135 0.224507 0.0114586 9.9991E-05 0.317584 0.0201051 0.0272909
9.9964E-05 0.032895 9.9964E-05 0.0758905 0.0529634 0.0606012 9.9964E-05 0.77725 9.9964E-05
0.0398531 9.9973E-05 0.417136 0.0641457 0.0380966 0.167726 0.272743 9.9973E-05 9.9973E-05
9.9982E-05 0.0719779 0.433838 9.9982E-05 0.0995489 0.0500937 0.112407 0.131803 0.100132
9.9982E-05 0.0430013 0.0523384 0.149561 0.112052 0.113834 0.45923 0.0697838 9.9982E-05
9.9937E-05 9.9937E-05 9.9937E-05 9.9937E-05 0.0202173 0.979083 9.9937E-05 9.9937E-05 9.9937E-05
9.9964E-05 0.151029 0.554732 9.9964E-05 0.0578919 0.136823 0.0991243 9.9964E-05 9.9964E-05
0.0100637 0.132159 9.9964E-05 9.9964E-05 9.9964E-05 0.15929 0.268489 0.429598 9.9964E-05
0.108448 0.155792 0.308889 0.138618 0.0116578 9.9982E-05 0.173165 9.9982E-05 0.10323
0.00595025 0.069704 0.194427 0.0920766 0.0491192 0.234109 0.0333206 0.0235396 0.297754
9.9973E-05 0.0269691 0.446945 9.9973E-05 0.0165184 9.9973E-05 0.0869845 0.195283 0.227001
9.9973E-05 0.125009 0.183971 9.9973E-05 0.0208953 0.0721188 9.9973E-05 0.310634 0.287071
0.0222694 0.0970919 0.132354 9.9982E-05 0.0607412 0.223666 9.9982E-05 0.315263 0.148414
0.0826458 9.99551E-05 0.349783 9.99551E-05 9.99551E-05 0.222635 9.99551E-05 0.344437 9.99551E-05
9.9937E-05 9.9937E-05 9.9937E-05 9.9937E-05 0.0111622 9.9937E-05 9.9937E-05 0.988138 9.9937E-05
0.0204847 0.18734 0.182218 0.00181907 9.9982E-05 0.173059 0.246924 0.187955 9.9982E-05
0.0868533 9.99729E-05 0.283597 0.251572 9.99729E-05 0.0620127 9.99729E-05 0.266035 0.0496305
0.0510687 0.00247869 0.443292 0.26302 9.9982E-05 0.0497782 9.9982E-05 0.132989 0.0571736
0.0366151 0.0778502 0.275222 9.9982E-05 0.0366733 9.9982E-05 0.158246 0.355947 0.0592467
0.147894 9.9982E-05 9.9982E-05 0.398526 0.0628821 0.0974767 0.130511 0.011783 0.150727
0.0857183 0.0370875 9.9991E-05 0.255184 0.108793 0.24318 0.238684 0.0113564 0.0198963
0.104068 0.0716262 0.0387074 0.485354 0.0777417 0.1006 9.9982E-05 9.9982E-05 0.121703
0.0251065 0.0819359 0.139468 0.059831 0.0351094 9.9982E-05 9.9982E-05 0.0213911 0.636958
0.0497891 0.202352 0.10251 9.9982E-05 0.0616384 9.9982E-05 0.150548 0.260491 0.172473
0.17514 9.9946E-05 9.9946E-05 0.759167 9.9946E-05 9.9946E-05 9.9946E-05 9.9946E-05 0.0650933
0.0250576 0.0636633 0.289892 9.9973E-05 0.0826069 9.9973E-05 0.0771237 0.461356 9.9973E-05
0.0546289 0.00222527 9.99461E-05 0.942546 9.99461E-05 9.99461E-05 9.99461E-05 9.99461E-05 9.99461E-05
0.131179 0.00978292 0.181147 0.623801 0.0536904 9.9964E-05 9.9964E-05 9.9964E-05 9.9964E-05
0.0987969 0.120818 0.189249 0.172426 0.0420738 9.9991E-05 0.102981 0.157334 0.116221
9.99729E-05 0.0932764 9.99729E-05 0.272407 0.021898 0.0713916 0.186465 0.354263 9.99729E-05
0.00187294 9.9946E-05 0.974314 9.9946E-05 0.0232138 9.9946E-05 9.9946E-05 9.9946E-05 9.9946E-05
9.999E-05 0.106487 0.330648 0.0254141 0.157706 0.0410196 0.0933932 0.209696 0.035536
9.9982E-05 9.9982E-05 0.270674 0.251642 0.127532 0.0399805 0.140936 0.069194 0.0998422
0.865889 0.0023909 9.9955E-05 9.9955E-05 0.1218 9.9955E-05 9.9955E-05 9.9955E-05 0.00942012
9.9973E-05 0.138179 0.171461 9.9973E-05 9.9973E-05 0.38422 0.118466 0.10435 0.0830251
9.9937E-05 9.9937E-05 9.9937E-05 9.9937E-05 9.9937E-05 0.963312 9.9937E-05 9.9937E-05 0.0359888
0.0497003 0.072227 0.335559 9.9982E-05 0.0273769 0.22102 0.0984145 0.195502 9.9982E-05
0.0180802 9.9973E-05 0.330727 0.127473 0.0158629 9.9973E-05 0.338495 0.169062 9.9973E-05
0.00961014 9.9973E-05 0.64165 9.9973E-05 0.0096613 0.154532 0.16792 9.9973E-05 0.0163271
0.150408 0.0712234 0.0605467 9.9991E-05 0.0880495 0.101448 0.0556084 0.224195 0.248421
0.137634 0.0921167 0.251171 0.508857 9.9964E-05 9.9964E-05 9.9964E-05 0.00982161 9.9964E-05
9.9964E-05 9.9964E-05 9.9964E-05 9.9964E-05 0.0838276 0.377511 0.371479 0.0296938 0.137088
0.121669 0.0116641 0.318126 9.9991E-05 0.100513 0.0537731 0.276334 0.114039 0.00378137
0.060658 0.0939946 0.13157 0.23133 0.00532012 9.9991E-05 0.224905 0.114414 0.137707
0.0675271 0.171816 0.0472484 9.9973E-05 9.9973E-05 0.0292316 0.36126 0.322617 9.9973E-05
0.0752949 0.0842808 9.9982E-05 0.372031 0.0148683 9.9982E-05 0.156135 0.0746496 0.222541
9.9946E-05 9.9946E-05 0.359252 9.9946E-05 0.154035 9.9946E-05 9.9946E-05 0.486114 9.9946E-05
9.9964E-05 0.0398901 0.863252 9.9964E-05 0.0747509 9.9964E-05 0.00240689 9.9964E-05 0.0193001
9.9946E-05 0.0525239 0.928135 0.0187419 9.9946E-05 9.9946E-05 9.9946E-05 9.9946E-05 9.9946E-05
0.0565821 0.00924854 0.612129 9.9973E-05 0.0847069 9.9973E-05 0.213512 0.023522 9.9973E-05
9.9991E-05 0.0336044 0.365047 0.142131 0.155132 0.076117 0.060558 0.107509 0.0598016
0.058354 0.0440796 0.386931 0.244654 0.0479666 0.149666 0.0681489 9.9982E-05 9.9982E-05
0.199146 0.0595969 0.109051 0.107384 9.9973E-05 9.9973E-05 9.9973E-05 0.396132 0.12839
0.106184 0.088398 0.159135 0.26478 0.0141692 9.9973E-05 9.9973E-05 9.9973E-05 0.367034
0.0748854 9.9973E-05 0.587387 0.0509159 0.128155 0.136514 0.0218431 9.9973E-05 9.9973E-05
9.9973E-05 0.0564069 0.142992 0.252832 9.9973E-05 0.186547 9.9973E-05 0.282794 0.0781279
0.023851 9.99639E-05 0.123233 9.99639E-05 0.0382424 0.695267 0.119007 9.99639E-05 9.99639E-05
9.99641E-05 0.0655443 9.99641E-05 0.582571 0.0623321 9.99641E-05 0.116836 0.172317 9.99641E-05
0.162528 0.0817601 0.118318 9.9973E-05 0.035471 0.191523 0.4101 9.9973E-05 9.9973E-05
9.9973E-05 9.9973E-05 0.0309216 0.163038 0.0489992 0.194378 9.9973E-05 0.455795 0.106568
0.957431 0.031702 9.9946E-05 9.9946E-05 9.9946E-05 0.0102671 9.9946E-05 9.9946E-05 9.9946E-05
9.9964E-05 0.00370901 9.9964E-05 0.124435 0.0237678 9.9964E-05 0.470852 0.376837 9.9964E-05
0.0210293 0.0237819 0.530823 0.0617884 0.128561 0.111048 9.9982E-05 9.9982E-05 0.122768
0.0592816 9.9991E-05 0.0566136 0.139099 0.0465505 0.152206 0.347915 0.000739084 0.197495
9.9973E-05 0.0773821 0.446434 0.046034 0.0561385 0.319476 9.9973E-05 9.9973E-05 0.0542358
0.0491567 0.0432413 0.476892 9.9982E-05 9.9982E-05 0.0634721 0.0344423 0.23826 0.0943349
9.9973E-05 0.0574212 0.0857329 0.00603766 9.9973E-05 0.177337 9.9973E-05 0.521134 0.152038
0.013206 0.118137 0.437988 0.202225 0.0244022 0.0833592 9.9982E-05 0.120482 9.9982E-05
0.289156 9.99551E-05 9.99551E-05 9.99551E-05 0.0782478 9.99551E-05 0.280742 0.351355 9.99551E-05
0.268828 9.9964E-05 0.383096 0.1001 9.9964E-05 9.9964E-05 0.122539 0.125037 9.9964E-05
0.131118 9.99729E-05 0.207071 0.210573 0.0294313 0.23902 0.182486 9.99729E-05 9.99729E-05
0.999201 9.993E-05 9.993E-05 9.993E-05 9.993E-05 9.993E-05 9.993E-05 9.993E-05 9.993E-05
0.0780523 0.116342 0.286664 0.123602 0.00772898 9.9991E-05 0.326503 0.000283269 0.0607256
9.99369E-05 0.988572 9.99369E-05 9.99369E-05 0.0107288 9.99369E-05 9.99369E-05 9.99369E-05 9.99369E-05
0.0289122 0.107493 9.9991E-05 0.276982 0.015457 0.230709 0.127899 0.0311987 0.181249
0.00495387 0.0476815 0.0963776 0.192537 9.9991E-05 0.132065 0.155897 0.0458819 0.324507
9.9982E-05 9.9982E-05 0.230758 0.190453 0.00843756 0.0621455 0.230615 0.15108 0.126312
0.0833078 0.0690431 0.359467 0.202149 0.0644196 0.221313 9.9973E-05 9.9973E-05 9.9973E-05
0.124734 0.0745958 0.19306 0.0501016 9.9982E-05 9.9982E-05 0.400254 0.111845 0.0452094
0.11393 9.9991E-05 0.273385 0.194648 0.0412201 0.196385 0.153542 0.0139859 0.0128049
9.9982E-05 0.106757 0.416965 0.0868796 0.0288441 0.00388192 0.268019 9.9982E-05 0.0884536
0.106259 0.00139416 9.9973E-05 0.00563292 0.110001 9.9973E-05 0.124607 0.651806 9.9973E-05
0.100976 0.11171 0.248419 0.159491 9.9982E-05 0.0694924 9.9982E-05 0.0161551 0.293556
0.313774 0.015777 0.0184943 9.9982E-05 0.0881165 9.9982E-05 0.265245 0.23383 0.0645637
9.9964E-05 9.9964E-05 0.389433 0.0427382 9.9964E-05 9.9964E-05 0.207085 0.335592 0.0247522
0.996058 9.9937E-05 9.9937E-05 0.00324243 9.9937E-05 9.9937E-05 9.9937E-05 9.9937E-05 9.9937E-05
9.9964E-05 0.203727 9.9964E-05 0.123887 9.9964E-05 0.157104 0.365804 0.149078 9.9964E-05
9.9964E-05 0.0471923 0.183681 9.9964E-05 0.0877548 0.441546 9.9964E-05 0.239426 9.9964E-05
0.0635189 0.0014316 0.526591 0.0689625 9.9973E-05 9.9973E-05 9.9973E-05 0.334319 0.0048768
9.9973E-05 0.0456344 9.9973E-05 0.138292 0.108135 0.186072 0.142565 0.379001 9.9973E-05
0.0684417 9.9982E-05 0.24477 9.9982E-05 0.0300761 0.229252 0.148815 0.235432 0.0430132
0.393046 9.9955E-05 0.177525 9.9955E-05 0.14662 9.9955E-05 0.282309 9.9955E-05 9.9955E-05
0.105483 9.9964E-05 0.229498 9.9964E-05 0.0933095 9.9964E-05 0.100282 0.471028 9.9964E-05
9.9964E-05 0.0219337 0.247799 0.43392 9.9964E-05 9.9964E-05 0.0287869 9.9964E-05 0.26716
0.054056 9.9982E-05 0.10183 0.258176 0.110645 9.9982E-05 0.0529799 0.385971 0.0361411
0.00265516 9.99641E-05 0.139727 0.154307 9.99641E-05 9.99641E-05 0.681209 9.99641E-05 0.021702
0.0277147 9.9982E-05 9.9982E-05 0.215261 0.0782247 0.154501 0.196042 0.223527 0.104529
0.102856 0.0472452 0.27771 0.248205 0.0514051 0.00843906 0.095825 0.168215 9.9991E-05
9.9964E-05 9.9964E-05 0.166246 0.692597 0.0313588 0.0335904 9.9964E-05 9.9964E-05 0.0758079
0.103755 0.0529843 9.9973E-05 0.130397 9.9973E-05 0.186284 0.166978 0.359302 9.9973E-05
0.0136398 9.9973E-05 0.0640431 9.9973E-05 0.0169673 0.524779 0.165529 0.214741 9.9973E-05
0.053679 0.0372058 0.736402 9.9973E-05 0.106269 0.00231193 9.9973E-05 9.9973E-05 0.063832
0.357988 0.00277641 0.155373 0.22872 0.0590733 0.0369563 0.0453207 0.113692 9.9991E-05
0.0846272 9.9964E-05 0.169031 9.9964E-05 9.9964E-05 9.9964E-05 0.370851 0.179977 0.195114
0.0245089 0.0898709 0.337188 0.238585 0.0118179 0.115309 9.9982E-05 0.182521 9.9982E-05
0.0198176 0.0331681 9.9973E-05 0.587808 0.075934 9.9973E-05 0.016028 0.266944 9.9973E-05
9.99369E-05 9.99369E-05 9.99369E-05 0.171469 9.99369E-05 9.99369E-05 9.99369E-05 9.99369E-05 0.827831
9.99369E-05 9.99369E-05 9.99369E-05 9.99369E-05 0.00365441 9.99369E-05 9.99369E-05 9.99369E-05 0.995646
0.0489396 9.9991E-05 0.0162127 0.0942107 0.0664521 0.142702 0.00964547 0.560163 0.0615745
9.9955E-05 0.0919225 0.776609 9.9955E-05 0.0735863 9.9955E-05 9.9955E-05 0.0573824 9.9955E-05
0.0156013 0.0562973 0.311582 0.15857 0.0754037 9.9973E-05 9.9973E-05 0.382246 9.9973E-05
9.9964E-05 0.118748 0.0231088 0.0969077 9.9964E-05 9.9964E-05 0.629608 9.9964E-05 0.131228
0.170605 0.0823024 0.398409 0.309979 0.00307871 9.9982E-05 0.00309811 0.0323275 9.9982E-05
0.0538648 0.0311492 0.0691089 0.274761 0.0687127 0.158559 0.0153278 0.328416 9.9991E-05
0.0315548 0.0351672 0.794437 9.99731E-05 0.0882446 0.00614035 9.99731E-05 9.99731E-05 0.044156
0.254658 0.0192272 0.255771 9.9991E-05 0.11425 0.00885094 0.23978 0.0292857 0.0780759
9.9982E-05 0.0327074 0.387425 0.0259111 9.9982E-05 0.073711 0.402916 0.066109 0.01102
9.993E-05 9.993E-05 9.993E-05 9.993E-05 0.999201 9.993E-05 9.993E-05 9.993E-05 9.993E-05
9.9964E-05 0.0607813 0.302749 9.9964E-05 0.0750971 0.315944 9.9964E-05 0.245029 9.9964E-05
0.00743871 0.327927 0.30789 9.9973E-05 0.0380217 0.141955 9.9973E-05 9.9973E-05 0.176467
9.9973E-05 0.0204015 9.9973E-05 0.780937 0.03542 9.9973E-05 0.0844902 0.0591163 0.0193355
9.9973E-05 0.105111 0.260495 0.313355 0.126111 0.0189682 9.9973E-05 9.9973E-05 0.17566
0.112571 0.0198595 0.12069 0.218088 0.139705 0.0748068 9.9991E-05 0.219613 0.0945668
0.0184097 9.9973E-05 0.171478 9.9973E-05 0.0280147 9.9973E-05 0.156794 0.438968 0.186036
0.0437776 9.9973E-05 0.213449 0.443177 0.0332322 9.9973E-05 0.13549 0.130574 9.9973E-05
0.0635211 0.0504006 0.10937 9.9991E-05 0.0866005 0.0549633 0.207234 0.167927 0.259882
9.9973E-05 0.00831349 0.350994 0.219933 0.0888746 0.0889895 9.9973E-05 0.242595 9.9973E-05
0.0436404 0.0333363 0.183963 0.0983523 0.0328538 0.0312387 0.215497 0.323711 0.0374074
0.192725 9.9955E-05 0.0137379 9.9955E-05 9.9955E-05 0.789688 9.9955E-05 9.9955E-05 0.00334942
0.0178697 9.9982E-05 0.248492 9.9982E-05 0.0357623 0.138815 0.0784765 0.437584 0.0428006
9.9982E-05 0.0774166 0.326719 0.0815283 0.0547287 0.138715 0.126883 0.193808 9.9982E-05
9.993E-05 9.993E-05 9.993E-05 9.993E-05 0.999201 9.993E-05 9.993E-05 9.993E-05 9.993E-05
9.99729E-05 9.99729E-05 0.037395 0.201867 0.368703 0.0918088 0.278392 9.99729E-05 0.0215342
9.9964E-05 0.0842614 0.42917 9.9964E-05 9.9964E-05 9.9964E-05 0.12527 0.109785 0.251114
0.0857443 0.0141169 0.130373 0.452091 0.0522815 0.224896 9.9982E-05 9.9982E-05 0.0402961
0.0512291 0.0500388 0.0265534 9.9973E-05 0.0871113 0.723292 9.9973E-05 0.0614756 9.9973E-05
9.99729E-05 9.99729E-05 0.293651 0.273972 0.0571735 0.202998 9.99729E-05 0.143446 0.0284601
9.9982E-05 0.109532 0.32214 0.177255 9.9982E-05 0.0961935 0.191689 0.0464644 0.0565255
9.993E-05 9.993E-05 9.993E-05 9.993E-05 9.993E-05 9.993E-05 9.993E-05 9.993E-05 0.999201
0.0510408 9.9982E-05 0.207762 0.0125993 0.0380525 0.140609 0.351402 0.198334 9.9982E-05
0.168573 0.0419113 0.0929626 0.381989 9.9991E-05 0.110854 0.0492185 0.0963221 0.0580697
0.154345 0.152847 9.9973E-05 0.407158 0.0417573 9.9973E-05 0.132722 9.9973E-05 0.110871
0.132728 0.10316 0.325131 9.9991E-05 0.105102 0.233723 0.00355742 0.0458501 0.0506481
9.9973E-05 0.0631178 0.0215514 0.340233 9.9973E-05 0.126345 0.0978322 9.9973E-05 0.35062
9.9991E-05 0.0158022 0.316509 0.121072 0.100232 0.119762 0.0513341 0.168417 0.106772
0.0714804 0.103572 0.405345 0.170067 9.9982E-05 9.9982E-05 0.0913227 0.130985 0.0270284
9.9955E-05 9.9955E-05 0.241461 0.416748 0.0399652 9.9955E-05 0.301326 9.9955E-05 9.9955E-05
0.0692786 0.0543479 9.9973E-05 0.443382 9.9973E-05 0.11784 9.9973E-05 0.166937 0.147914
0.0163954 0.982905 9.99369E-05 9.99369E-05 9.99369E-05 9.99369E-05 9.99369E-05 9.99369E-05 9.99369E-05
0.0401401 0.0100571 0.161171 9.9973E-05 0.0138472 9.9973E-05 9.9973E-05 0.577529 0.196955
9.993E-05 9.993E-05 9.993E-05 9.993E-05 9.993E-05 9.993E-05 0.999201 9.993E-05 9.993E-05
0.0610523 9.9982E-05 0.0194254 0.0693784 0.0613436 0.228832 0.341692 0.218076 9.9982E-05
0.0390089 0.0129462 0.239571 0.126633 0.0526785 0.301524 0.0899484 9.9991E-05 0.13759
0.16579 9.9973E-05 0.0660417 0.130813 9.9973E-05 0.293069 9.9973E-05 0.313881 0.0301044
0.099903 9.9973E-05 0.0733358 0.320496 9.9973E-05 0.220255 0.0823659 9.9973E-05 0.203345
9.993E-05 0.999201 9.993E-05 9.993E-05 9.993E-05 9.993E-05 9.993E-05 9.993E-05 9.993E-05
0.017333 9.9982E-05 0.410354 0.301737 0.111967 0.102222 0.0540386 9.9982E-05 0.00214963
0.00662329 0.18373 0.0691416 0.0628023 0.0440978 0.275501 0.353718 0.00428606 9.9991E-05
0.0208899 0.0431016 0.597134 9.9982E-05 0.00928651 0.18606 0.00637171 9.9982E-05 0.136957
0.0736807 9.9964E-05 9.9964E-05 0.0593903 9.9964E-05 9.9964E-05 0.138971 0.504131 0.223427
