9.9964E-05 0.187866 0.45711 9.9964E-05 0.218904 9.9964E-05 9.9964E-05 0.097123 0.0385974
0.610652 0.273169 9.99461E-05 9.99461E-05 0.115579 9.99461E-05 9.99461E-05 9.99461E-05 9.99461E-05
9.99642E-05 0.221184 0.517098 0.160996 9.99642E-05 9.99642E-05 0.0260119 9.99642E-05 0.0743108
0.379493 0.282535 0.180518 0.122079 9.99731E-05 9.99731E-05 9.99731E-05 0.0288076 0.00626705
0.294718 9.99641E-05 0.164518 9.99641E-05 0.0247704 0.479499 9.99641E-05 0.0360946 9.99641E-05
0.306867 0.00486423 0.340794 0.325913 9.9964E-05 0.0211621 9.9964E-05 9.9964E-05 9.9964E-05
0.264853 9.99731E-05 0.134934 9.99731E-05 0.130317 0.0305283 0.206363 0.232704 9.99731E-05
0.548844 9.99374E-05 0.450457 9.99374E-05 9.99374E-05 9.99374E-05 9.99374E-05 9.99374E-05 9.99374E-05
0.139252 9.99642E-05 9.99642E-05 9.99642E-05 0.0574041 0.208825 0.396477 9.99642E-05 0.197643
9.99731E-05 0.218892 0.15746 0.297682 9.99731E-05 9.99731E-05 0.243111 0.000360979 0.0821946
9.9964E-05 0.130854 0.169118 0.119772 9.9964E-05 9.9964E-05 9.9964E-05 0.149637 0.43022
0.440245 9.99642E-05 0.0313673 9.99642E-05 0.236202 0.055802 0.235984 9.99642E-05 9.99642E-05
0.508643 9.99641E-05 9.99641E-05 9.99641E-05 0.158741 0.080873 0.191379 9.99641E-05 0.0599642
0.28214 9.99641E-05 0.357379 0.0397322 9.99641E-05 0.089283 9.99641E-05 0.231066 9.99641E-05
0.24422 0.034736 9.99642E-05 0.198195 0.50549 9.99642E-05 0.0169597 9.99642E-05 9.99642E-05
0.193094 0.174267 0.38093 9.99821E-05 0.0256429 0.16954 0.0410364 0.0152897 9.99821E-05
0.32912 0.306995 9.99641E-05 0.03738 0.224231 0.101874 9.99641E-05 9.99641E-05 9.99641E-05
9.99641E-05 0.271741 0.269872 0.18655 9.99641E-05 9.99641E-05 9.99641E-05 0.269417 0.00201987
0.216387 9.99551E-05 9.99551E-05 9.99551E-05 0.524887 9.99551E-05 0.144436 9.99551E-05 0.11379
0.288032 0.127535 0.171259 9.99642E-05 0.0339739 9.99642E-05 9.99642E-05 9.99642E-05 0.378801
9.99551E-05 0.150447 9.99551E-05 0.31522 9.99551E-05 9.99551E-05 9.99551E-05 0.296829 0.237004
9.9955E-05 9.9955E-05 9.9955E-05 9.9955E-05 0.483203 0.400435 0.0357051 9.9955E-05 0.0801575
0.222748 0.200987 0.182913 0.340667 9.99731E-05 0.0444718 9.99731E-05 0.00791301 9.99731E-05
9.99551E-05 0.0720443 9.99551E-05 9.99551E-05 9.99551E-05 0.828216 9.99551E-05 0.0175795 0.0816606
9.99731E-05 0.00572277 0.293282 0.129095 0.0808697 9.99731E-05 9.99731E-05 0.119913 0.370818
9.9946E-05 9.9946E-05 0.63867 9.9946E-05 9.9946E-05 9.9946E-05 9.9946E-05 0.197748 0.162982
9.9982E-05 0.292485 0.153787 0.00200075 0.254924 0.0559619 9.9982E-05 0.22341 0.0172314
0.057138 9.99641E-05 9.99641E-05 9.99641E-05 0.364734 0.223218 9.99641E-05 0.0869001 0.26761
0.455916 9.99731E-05 0.0767327 0.03657 0.167412 9.99731E-05 0.0102754 9.99731E-05 0.252794
9.99462E-05 0.35235 0.296393 9.99462E-05 9.99462E-05 0.350657 9.99462E-05 9.99462E-05 9.99462E-05
9.99551E-05 9.99551E-05 9.99551E-05 0.110294 0.138619 0.326013 9.99551E-05 0.424574 9.99551E-05
0.624275 0.00809753 0.0474287 0.0277894 9.99642E-05 9.99642E-05 0.292009 9.99642E-05 9.99642E-05
9.99641E-05 9.99641E-05 0.0549714 0.135563 9.99641E-05 0.0546247 0.452852 9.99641E-05 0.301589
0.457136 0.001141 0.337985 0.0560444 0.100787 0.0457759 0.000930614 9.99821E-05 9.99821E-05
0.197971 0.0627019 0.527552 9.99731E-05 9.99731E-05 0.0158781 0.0114193 0.184178 9.99731E-05
0.472038 0.183746 0.0684947 0.117036 9.99642E-05 9.99642E-05 9.99642E-05 0.158286 9.99642E-05
0.188498 0.0688728 9.99732E-05 9.99732E-05 0.232527 0.0419831 9.99732E-05 0.414805 0.0530137
0.0586219 9.99731E-05 0.0678128 0.293241 9.99731E-05 0.151448 0.000433665 9.99731E-05 0.428143
0.292369 9.99731E-05 0.0591235 0.0361304 0.157164 9.99731E-05 9.99731E-05 0.237377 0.217536
0.465945 0.0377821 0.0408003 0.212537 0.191706 9.99731E-05 9.99731E-05 9.99731E-05 0.0509293
9.99462E-05 0.873326 9.99462E-05 9.99462E-05 0.102069 0.0240056 9.99462E-05 9.99462E-05 9.99462E-05
9.99641E-05 0.0814019 9.99641E-05 0.260737 9.99641E-05 0.0302163 0.506355 0.12089 9.99641E-05
0.616472 0.0489949 0.0617045 0.00721926 9.9982E-05 9.9982E-05 0.0531334 0.144956 0.0673198
0.247235 0.0259942 0.140123 0.127721 0.12777 9.99821E-05 9.99821E-05 0.12388 0.207078
0.563338 0.0249756 0.00125722 9.99731E-05 0.164433 9.99731E-05 0.0409401 9.99731E-05 0.204757
0.351791 0.0449418 0.232722 0.0563699 0.0479745 9.99731E-05 0.265901 9.99731E-05 9.99731E-05
9.99461E-05 0.391694 0.158542 9.99461E-05 9.99461E-05 9.99461E-05 0.449165 9.99461E-05 9.99461E-05
0.145864 0.293677 9.9964E-05 0.123234 9.9964E-05 9.9964E-05 0.326891 0.109934 9.9964E-05
9.99641E-05 0.303202 0.114394 0.0114515 0.378332 9.99641E-05 0.192221 9.99641E-05 9.99641E-05
0.22378 9.99461E-05 0.651062 9.99461E-05 9.99461E-05 9.99461E-05 9.99461E-05 0.124559 9.99461E-05
0.137472 0.166517 0.506514 0.0333404 0.0595617 0.0601636 9.998E-05 9.998E-05 0.0362302
0.24422 0.121256 9.9964E-05 0.452991 9.9964E-05 0.139941 9.9964E-05 0.0411923 9.9964E-05
0.0387662 0.428355 0.254285 9.9973E-05 0.0259438 0.0822683 0.170083 9.9973E-05 9.9973E-05
0.0702208 9.99552E-05 0.689711 0.0708819 0.168686 9.99552E-05 9.99552E-05 9.99552E-05 9.99552E-05
0.241081 9.99731E-05 9.99731E-05 0.0512337 0.2721 0.270945 9.99731E-05 0.149314 0.0150267
9.99552E-05 9.99552E-05 0.069438 9.99552E-05 0.490831 0.0774272 9.99552E-05 0.361804 9.99552E-05
0.144828 0.0566102 9.9964E-05 9.9964E-05 0.191776 0.429367 9.9964E-05 0.177019 9.9964E-05
0.18474 9.99553E-05 9.99553E-05 9.99553E-05 0.176015 0.444185 0.194559 9.99553E-05 9.99553E-05
0.207844 9.9964E-05 0.0295884 9.9964E-05 0.0117304 9.9964E-05 9.9964E-05 0.530026 0.220412
0.25079 0.14869 0.191527 0.190809 0.01229 9.9982E-05 9.9982E-05 0.188032 0.0176621
0.200519 0.120037 0.275021 0.0488238 0.295731 0.0595669 9.99731E-05 9.99731E-05 9.99731E-05
0.0817903 0.379239 0.0446121 0.116123 0.00693717 0.0256247 0.0449177 0.300656 9.9991E-05
0.0794613 0.126342 9.9964E-05 9.9964E-05 0.298526 0.154619 0.340652 9.9964E-05 9.9964E-05
9.99552E-05 0.416551 0.47747 9.99552E-05 9.99552E-05 0.00095147 9.99552E-05 9.99552E-05 0.104528
9.99731E-05 9.99731E-05 0.606687 0.00173557 9.99731E-05 0.00767194 0.205216 0.0614012 0.116988
0.0180566 0.574021 9.99641E-05 9.99641E-05 0.341287 9.99641E-05 0.0261785 0.0400569 9.99641E-05
0.178271 0.00306166 0.414749 0.354812 9.9964E-05 0.0487064 9.9964E-05 9.9964E-05 9.9964E-05
9.99642E-05 9.99642E-05 0.0376674 9.99642E-05 0.274289 0.0482616 0.401414 0.237968 9.99642E-05
9.99551E-05 9.99551E-05 0.369262 9.99551E-05 0.507706 9.99551E-05 0.0118953 0.110637 9.99551E-05
9.99731E-05 0.154853 0.204613 0.0114374 0.425715 0.130046 9.99731E-05 9.99731E-05 0.0730358
0.460737 9.99641E-05 9.99641E-05 0.15587 9.99641E-05 9.99641E-05 0.297684 0.0682821 0.0170267
0.15755 0.00866371 9.99641E-05 9.99641E-05 0.132014 9.99641E-05 0.464505 0.236868 9.99641E-05
0.695263 9.99375E-05 9.99375E-05 9.99375E-05 9.99375E-05 9.99375E-05 9.99375E-05 0.304037 9.99375E-05
0.0905188 0.0613966 0.0733539 9.99641E-05 0.617592 9.99641E-05 9.99641E-05 0.156739 9.99641E-05
0.632795 9.99376E-05 0.366505 9.99376E-05 9.99376E-05 9.99376E-05 9.99376E-05 9.99376E-05 9.99376E-05
0.47361 9.99551E-05 9.99551E-05 9.99551E-05 0.0482698 9.99551E-05 0.369678 0.107943 9.99551E-05
9.99375E-05 0.433722 9.99375E-05 9.99375E-05 0.565579 9.99375E-05 9.99375E-05 9.99375E-05 9.99375E-05
0.0453591 0.180951 9.9982E-05 9.9982E-05 0.074075 0.112582 0.125187 0.195689 0.265956
0.233747 9.9982E-05 0.0176557 0.0229196 0.292421 0.103827 9.9982E-05 0.0638631 0.265367
0.749227 9.99552E-05 9.99552E-05 9.99552E-05 0.190263 0.0376921 9.99552E-05 9.99552E-05 0.0223176
0.427535 9.99731E-05 0.348913 0.0123077 0.0814213 9.99731E-05 0.0842847 0.0452381 9.99731E-05
0.098478 9.99731E-05 0.325995 9.99731E-05 0.0952561 0.0424472 0.192854 9.99731E-05 0.24467
0.273113 9.99821E-05 9.99821E-05 0.226738 0.00407893 0.0985649 0.160256 0.218258 0.0187916
0.0938259 0.160972 0.13746 9.99731E-05 0.098313 9.99731E-05 0.165796 9.99731E-05 0.343333
0.173506 0.216172 0.186341 9.9982E-05 0.0605794 0.0143512 0.0434518 0.305398 9.9982E-05
0.200802 0.376863 0.122843 0.0163065 0.139578 9.9973E-05 9.9973E-05 0.143307 9.9973E-05
0.823445 9.99554E-05 9.99554E-05 0.0805471 9.99554E-05 9.99554E-05 9.99554E-05 0.0575525 0.0379552
0.336264 0.117508 0.147877 9.9964E-05 9.9964E-05 0.330468 9.9964E-05 9.9964E-05 0.0674828
9.99641E-05 9.99641E-05 0.363004 0.00812207 0.115287 9.99641E-05 0.135224 9.99641E-05 0.377964
0.120349 0.0720206 0.150299 0.103898 0.266182 9.9982E-05 0.0183092 9.9982E-05 0.268742
9.99464E-05 0.387508 0.585164 9.99464E-05 9.99464E-05 0.0267287 9.99464E-05 9.99464E-05 9.99464E-05
0.222324 9.99732E-05 0.189581 0.0792334 9.99732E-05 0.12177 0.181754 0.205039 9.99732E-05
9.99373E-05 9.99373E-05 0.191811 9.99373E-05 9.99373E-05 9.99373E-05 0.80749 9.99373E-05 9.99373E-05
0.265289 0.346541 9.99461E-05 0.38757 9.99461E-05 9.99461E-05 9.99461E-05 9.99461E-05 9.99461E-05
0.124881 0.0566723 0.0539548 9.9973E-05 0.0848808 0.205241 0.474071 9.9973E-05 9.9973E-05
0.914566 9.99463E-05 9.99463E-05 9.99463E-05 9.99463E-05 0.0196761 0.0651585 9.99463E-05 9.99463E-05
0.155005 0.156588 0.132036 0.232221 0.013833 0.276956 9.9982E-05 0.0331613 9.9982E-05
9.9955E-05 0.087724 0.120233 0.193127 9.9955E-05 9.9955E-05 0.598417 9.9955E-05 9.9955E-05
0.0606919 9.99551E-05 0.593734 9.99551E-05 9.99551E-05 0.318361 9.99551E-05 0.0267136 9.99551E-05
0.202336 0.181329 9.9964E-05 9.9964E-05 9.9964E-05 0.322886 0.188887 9.9964E-05 0.104162
9.99552E-05 9.99552E-05 9.99552E-05 0.0712701 0.118922 0.62792 9.99552E-05 0.181387 9.99552E-05
9.99552E-05 0.139707 0.366201 9.99552E-05 9.99552E-05 0.418719 9.99552E-05 9.99552E-05 0.0748731
9.99372E-05 0.144661 9.99372E-05 9.99372E-05 9.99372E-05 9.99372E-05 9.99372E-05 9.99372E-05 0.85464
9.99372E-05 9.99372E-05 9.99372E-05 0.697942 9.99372E-05 9.99372E-05 9.99372E-05 9.99372E-05 0.301358
0.600715 9.99551E-05 0.277843 0.0326791 0.0882631 9.99551E-05 9.99551E-05 9.99551E-05 9.99551E-05
0.280079 0.0246296 9.9973E-05 9.9973E-05 0.336373 0.0871071 0.262319 9.9973E-05 0.00919241
0.394346 9.99552E-05 0.272299 9.99552E-05 9.99552E-05 9.99552E-05 0.309695 0.0231599 9.99552E-05
0.142215 9.99731E-05 0.258727 0.0317638 0.282192 0.235369 0.0494334 9.99731E-05 9.99731E-05
9.99821E-05 9.99821E-05 0.325628 0.0691097 0.435785 0.073411 0.0215512 0.0192778 0.0550377
0.0048698 9.99642E-05 0.319205 0.420023 9.99642E-05 9.99642E-05 9.99642E-05 0.0073644 0.248138
0.0549806 9.99642E-05 0.250607 9.99642E-05 9.99642E-05 0.264276 0.285472 0.144265 9.99642E-05
0.225111 9.99552E-05 0.568964 9.99552E-05 0.0703537 9.99552E-05 9.99552E-05 0.135072 9.99552E-05
9.99643E-05 0.00359347 0.57303 0.0748893 0.0357409 0.312347 9.99643E-05 9.99643E-05 9.99643E-05
0.518043 9.99553E-05 0.371916 9.99553E-05 0.0316026 9.99553E-05 9.99553E-05 9.99553E-05 0.0779383
9.99461E-05 0.43794 0.247155 9.99461E-05 9.99461E-05 0.314305 9.99461E-05 9.99461E-05 9.99461E-05
0.0108521 9.99731E-05 0.0259026 0.251529 0.163987 0.193002 0.354427 9.99731E-05 9.99731E-05
0.420271 0.340295 9.99462E-05 9.99462E-05 0.238834 9.99462E-05 9.99462E-05 9.99462E-05 9.99462E-05
0.237277 9.99641E-05 0.239347 9.99641E-05 0.104094 9.99641E-05 0.193957 9.99641E-05 0.224925
9.99551E-05 9.99551E-05 0.327066 9.99551E-05 0.182252 9.99551E-05 9.99551E-05 0.0655823 0.4246
0.572283 0.235889 0.0640208 0.00926824 0.0404623 0.0283464 9.9982E-05 9.9982E-05 0.0495302
0.0615614 0.0700554 0.204705 0.0725572 9.9973E-05 0.418532 0.172288 9.9973E-05 9.9973E-05
0.71814 0.0495222 9.99552E-05 9.99552E-05 9.99552E-05 0.173218 9.99552E-05 9.99552E-05 0.0586205
0.325438 9.99461E-05 0.477185 0.196777 9.99461E-05 9.99461E-05 9.99461E-05 9.99461E-05 9.99461E-05
0.1736 9.99552E-05 0.0763203 0.573858 9.99552E-05 9.99552E-05 9.99552E-05 0.175722 9.99552E-05
0.16836 0.507051 9.99552E-05 0.264711 9.99552E-05 0.0593782 9.99552E-05 9.99552E-05 9.99552E-05
0.278267 9.9982E-05 9.9982E-05 0.0187704 0.0563684 0.104108 0.207489 0.204578 0.130219
9.99373E-05 0.309431 9.99373E-05 9.99373E-05 9.99373E-05 9.99373E-05 0.68987 9.99373E-05 9.99373E-05
0.0855829 9.9964E-05 0.127764 0.168474 0.470795 9.9964E-05 9.9964E-05 0.146985 9.9964E-05
0.0956172 0.189803 0.138075 0.287207 9.99642E-05 9.99642E-05 9.99642E-05 9.99642E-05 0.288898
0.100017 9.99641E-05 0.436609 0.255378 9.99641E-05 0.103589 0.104006 9.99641E-05 9.99641E-05
9.99642E-05 9.99642E-05 9.99642E-05 0.0714829 0.021247 0.0188278 0.614524 0.273518 9.99642E-05
0.3351 0.0293456 0.308162 0.205778 9.9964E-05 9.9964E-05 9.9964E-05 0.121215 9.9964E-05
0.187891 9.99551E-05 9.99551E-05 0.0861602 0.129016 9.99551E-05 0.596432 9.99551E-05 9.99551E-05
0.171398 9.9964E-05 9.9964E-05 0.129794 0.264891 9.9964E-05 9.9964E-05 0.145621 0.287897
0.0711236 0.464565 9.99551E-05 0.28209 9.99551E-05 9.99551E-05 9.99551E-05 0.181723 9.99551E-05
9.99462E-05 9.99462E-05 0.567349 0.311728 0.120323 9.99462E-05 9.99462E-05 9.99462E-05 9.99462E-05
9.99462E-05 9.99462E-05 0.247316 0.274812 0.477273 9.99462E-05 9.99462E-05 9.99462E-05 9.99462E-05
9.99464E-05 9.99464E-05 0.537985 0.361519 9.99464E-05 9.99464E-05 0.0998966 9.99464E-05 9.99464E-05
0.0184706 9.99551E-05 9.99551E-05 9.99551E-05 9.99551E-05 9.99551E-05 0.357302 0.0687868 0.554941
9.99552E-05 0.0221488 0.331335 9.99552E-05 0.575397 9.99552E-05 9.99552E-05 9.99552E-05 0.0706197
0.061664 9.99732E-05 0.115004 9.99732E-05 0.14611 0.0366734 9.99732E-05 0.200942 0.439307
0.209004 0.0679644 9.99552E-05 0.552567 9.99552E-05 0.169964 9.99552E-05 9.99552E-05 9.99552E-05
0.193865 0.0348094 0.121654 0.190866 0.0109388 0.0315735 0.416094 9.9982E-05 9.9982E-05
9.99551E-05 9.99551E-05 9.99551E-05 0.133088 9.99551E-05 0.243889 0.34982 9.99551E-05 0.272703
0.040607 0.0795823 0.376965 9.99731E-05 9.99731E-05 0.229375 9.99731E-05 0.130816 0.142356
0.375224 9.9973E-05 0.143777 9.9973E-05 0.328169 0.0674572 0.00843734 9.9973E-05 0.0766363
9.993E-05 9.993E-05 9.993E-05 9.993E-05 9.993E-05 9.993E-05 9.993E-05 0.999201 9.993E-05
0.305231 0.109732 0.191109 9.99551E-05 9.99551E-05 9.99551E-05 9.99551E-05 9.99551E-05 0.393428
0.339896 9.99731E-05 0.161381 0.164247 0.00846947 0.121445 9.99731E-05 0.204262 9.99731E-05
9.99732E-05 0.0210874 9.99732E-05 0.197214 0.273418 0.0251356 9.99732E-05 0.447361 0.0354829
0.183939 9.99732E-05 0.112486 9.99732E-05 0.267417 0.0137648 9.99732E-05 0.0729139 0.349179
0.306539 0.38207 9.99641E-05 9.99641E-05 0.166594 9.99641E-05 0.0797682 0.0646293 9.99641E-05
9.9955E-05 9.9955E-05 0.205952 0.196891 0.516647 9.9955E-05 9.9955E-05 0.0800103 9.9955E-05
0.419626 9.99552E-05 0.260115 9.99552E-05 9.99552E-05 0.0702444 9.99552E-05 9.99552E-05 0.249514
9.99553E-05 0.0622776 0.316706 9.99553E-05 9.99553E-05 0.0306645 9.99553E-05 0.589852 9.99553E-05
0.279295 0.0921786 9.99642E-05 0.51027 0.11695 9.99642E-05 0.000906801 9.99642E-05 9.99642E-05
0.480608 9.99552E-05 9.99552E-05 0.00692208 9.99552E-05 0.0830774 9.99552E-05 9.99552E-05 0.428893
9.99643E-05 9.99643E-05 0.409821 0.0897557 9.99643E-05 9.99643E-05 0.0133213 0.218098 0.268605
9.99463E-05 9.99463E-05 0.695739 9.99463E-05 0.258442 9.99463E-05 9.99463E-05 9.99463E-05 0.0452192
0.075791 9.9982E-05 0.336826 0.0566008 0.129512 9.9982E-05 0.0804982 0.114883 0.205689
9.993E-05 9.993E-05 9.993E-05 9.993E-05 9.993E-05 9.993E-05 9.993E-05 0.999201 9.993E-05
9.99551E-05 9.99551E-05 0.470226 9.99551E-05 0.153875 9.99551E-05 0.30746 0.0679396 9.99551E-05
0.824153 9.99372E-05 9.99372E-05 9.99372E-05 9.99372E-05 9.99372E-05 9.99372E-05 9.99372E-05 0.175148
9.99641E-05 0.303135 9.99641E-05 9.99641E-05 0.269851 9.99641E-05 0.071811 0.288562 0.066241
0.506741 0.00154946 9.99465E-05 9.99465E-05 9.99465E-05 9.99465E-05 0.49111 9.99465E-05 9.99465E-05
0.473709 0.226814 0.190506 9.99731E-05 0.0153516 0.0472071 0.0461115 9.99731E-05 9.99731E-05
9.99731E-05 9.99731E-05 0.287649 0.0558662 0.262209 0.0909315 0.137202 0.165842 9.99731E-05
9.99373E-05 9.99373E-05 9.99373E-05 0.192885 0.806416 9.99373E-05 9.99373E-05 9.99373E-05 9.99373E-05
0.794222 9.99465E-05 9.99465E-05 9.99465E-05 9.99465E-05 0.0533946 9.99465E-05 0.151784 9.99465E-05
0.515062 9.9982E-05 0.142334 0.08688 9.9982E-05 0.0670128 0.06764 0.0778006 0.0430706
9.99552E-05 9.99552E-05 0.222534 0.202182 0.53014 9.99552E-05 9.99552E-05 0.044644 9.99552E-05
0.339608 9.99821E-05 0.33243 0.0755482 0.12826 9.99821E-05 0.0516285 0.0382201 0.034106
0.302045 0.0216483 9.99552E-05 0.328696 0.347111 9.99552E-05 9.99552E-05 9.99552E-05 9.99552E-05
0.0641534 0.295138 0.394337 0.0292463 9.9991E-05 0.0651321 0.0492598 0.0254452 0.0771876
9.99551E-05 0.0537447 0.72991 9.99551E-05 0.152695 0.0631503 9.99551E-05 9.99551E-05 9.99551E-05
0.0175262 9.99732E-05 0.549687 9.99732E-05 0.180889 0.0130321 0.195554 9.99732E-05 0.0430117
0.142895 9.99731E-05 0.240903 9.99731E-05 0.12089 0.0872547 0.158414 9.99731E-05 0.249344
9.99462E-05 9.99462E-05 9.99462E-05 0.866569 9.99462E-05 9.99462E-05 9.99462E-05 0.0246803 0.108151
9.99641E-05 0.0376968 0.226064 9.99641E-05 9.99641E-05 9.99641E-05 0.0743081 0.230553 0.430978
0.243206 0.320245 9.99552E-05 9.99552E-05 9.99552E-05 9.99552E-05 0.272069 9.99552E-05 0.16398
9.99463E-05 9.99463E-05 9.99463E-05 0.103375 9.99463E-05 9.99463E-05 0.486628 0.409397 9.99463E-05
9.99552E-05 9.99552E-05 0.381755 0.162884 9.99552E-05 9.99552E-05 9.99552E-05 0.358944 0.0959171
9.9964E-05 0.000948699 0.413025 0.152237 9.9964E-05 9.9964E-05 0.304282 0.129107 9.9964E-05
0.403128 9.99554E-05 0.50732 9.99554E-05 0.0521009 0.0369516 9.99554E-05 9.99554E-05 9.99554E-05
9.9937E-05 9.9937E-05 9.9937E-05 0.698875 9.9937E-05 9.9937E-05 9.9937E-05 9.9937E-05 0.300426
0.345683 9.99554E-05 0.199318 9.99554E-05 0.329036 9.99554E-05 0.125463 9.99554E-05 9.99554E-05
0.677804 9.99642E-05 0.185011 0.071607 0.0115258 9.99642E-05 0.0536525 9.99642E-05 9.99642E-05
0.440768 0.0428891 9.99641E-05 9.99641E-05 0.120051 0.316614 9.99641E-05 9.99641E-05 0.0792776
0.407 0.0771149 0.0783539 0.172094 9.9982E-05 0.0824445 9.9982E-05 0.148891 0.0339017
