0.0220172 0.0979641 0.0215683 0.750847 9.9991E-05 0.0431981 0.0643052
0.296749 0.0407463 9.9982E-05 0.319102 9.9982E-05 0.0738251 0.269378
0.00595293 0.498538 0.14509 0.228692 0.0544944 9.99911E-05 0.0671327
9.99732E-05 0.327111 0.0253665 0.493412 0.15381 9.99732E-05 9.99732E-05
0.112192 0.0771772 0.0530657 0.757265 9.99732E-05 9.99732E-05 9.99732E-05
0.0505454 9.99641E-05 9.99641E-05 0.618237 0.330818 9.99641E-05 9.99641E-05
0.437097 9.99821E-05 0.144775 0.222303 9.99821E-05 0.0869858 0.10864
0.00364077 9.99642E-05 9.99642E-05 0.875557 9.99642E-05 0.120403 9.99642E-05
9.99553E-05 0.602113 9.99553E-05 9.99553E-05 9.99553E-05 9.99553E-05 0.397388
9.99821E-05 0.519221 0.0829032 0.0257022 0.364837 9.99821E-05 0.00713638
9.9973E-05 0.557146 0.143707 9.9973E-05 0.287676 0.0111716 9.9973E-05
0.241439 0.183702 9.99732E-05 0.188825 9.99732E-05 0.385734 9.99732E-05
9.99821E-05 0.29071 0.0408385 0.202392 9.99821E-05 0.292502 0.173358
0.464398 9.99642E-05 0.0155576 0.519645 9.99642E-05 9.99642E-05 9.99642E-05
9.99732E-05 0.346598 9.99732E-05 0.264572 0.190321 0.198209 9.99732E-05
9.99643E-05 0.0491991 0.26155 0.688851 9.99643E-05 9.99643E-05 9.99643E-05
0.0177416 0.338415 9.99821E-05 0.464556 0.0332011 9.99821E-05 0.145887
0.276837 0.122917 9.99821E-05 0.138117 0.301692 9.99821E-05 0.160237
9.99731E-05 0.241678 9.99731E-05 0.172447 9.99731E-05 0.240263 0.345312
9.99732E-05 0.10058 9.99732E-05 0.489636 0.282268 9.99732E-05 0.127217
0.285661 9.99642E-05 0.252369 9.99642E-05 0.46157 9.99642E-05 9.99642E-05
9.9973E-05 0.365874 0.170793 9.9973E-05 9.9973E-05 0.264721 0.198312
0.294604 0.00267038 0.133397 0.1913 0.301338 0.0193754 0.0573147
0.225695 0.0743917 0.306763 0.290054 0.102896 9.99821E-05 9.99821E-05
0.0521496 0.102391 0.299101 9.9991E-05 0.440818 0.0880408 0.0173996
9.9982E-05 0.220868 0.0239757 0.480893 0.0806731 0.19339 9.9982E-05
0.198935 0.464495 0.142573 9.9991E-05 0.00148325 0.101537 0.0908769
0.143075 9.99643E-05 9.99643E-05 0.277619 9.99643E-05 9.99643E-05 0.578906
9.99731E-05 9.99731E-05 9.99731E-05 0.0912846 0.0117927 0.409621 0.487002
9.99552E-05 0.0432845 0.956216 9.99552E-05 9.99552E-05 9.99552E-05 9.99552E-05
0.482583 9.99821E-05 9.99821E-05 0.065636 0.152325 0.055905 0.243351
0.441914 0.106635 0.052854 0.0818248 9.9991E-05 0.30952 0.00715233
9.99641E-05 0.0803717 0.262257 9.99641E-05 9.99641E-05 9.99641E-05 0.656971
9.99731E-05 0.135843 0.0477788 0.545709 9.99731E-05 0.27037 9.99731E-05
0.0617283 0.171334 0.118742 0.647896 9.9973E-05 9.9973E-05 9.9973E-05
0.193005 0.207968 9.99642E-05 0.598627 9.99642E-05 9.99642E-05 9.99642E-05
0.229635 9.99821E-05 0.00804935 0.0545459 9.99821E-05 0.285581 0.421989
9.99641E-05 9.99641E-05 0.268935 9.99641E-05 0.159483 9.99641E-05 0.571182
0.48735 9.99731E-05 9.99731E-05 0.244933 9.99731E-05 0.225463 0.0419537
0.213572 0.0163075 0.00165676 0.280265 0.190026 0.165712 0.13246
0.118243 0.601292 0.199448 9.99821E-05 9.99821E-05 0.0624033 0.0184134
0.382193 0.444005 0.0354057 9.99732E-05 0.138097 9.99732E-05 9.99732E-05
0.15468 0.0516648 9.9982E-05 0.442365 0.162854 0.188237 9.9982E-05
9.99731E-05 0.36835 9.99731E-05 0.323589 0.248295 9.99731E-05 0.0594664
0.204115 9.99731E-05 0.170297 9.99731E-05 9.99731E-05 0.527742 0.0975466
0.0692438 0.21035 9.99821E-05 0.476559 0.213899 0.0297481 9.99821E-05
9.99731E-05 0.308287 9.99731E-05 0.530816 0.0404349 0.120162 9.99731E-05
9.99641E-05 0.731614 9.99641E-05 0.0780996 9.99641E-05 9.99641E-05 0.189886
9.99554E-05 0.496261 9.99554E-05 9.99554E-05 9.99554E-05 0.503239 9.99554E-05
0.154203 9.99641E-05 9.99641E-05 0.764092 9.99641E-05 0.081305 9.99641E-05
9.99641E-05 9.99641E-05 0.173709 0.704059 0.121832 9.99641E-05 9.99641E-05
0.361504 0.00619693 9.99731E-05 9.99731E-05 0.315504 9.99731E-05 0.316494
9.99731E-05 0.567668 0.198553 0.163985 9.99731E-05 9.99731E-05 0.0694937
9.99731E-05 9.99731E-05 0.19399 0.478219 0.110012 0.21748 9.99731E-05
0.327505 9.99731E-05 9.99731E-05 0.125246 9.99731E-05 0.0325347 0.514414
0.180487 9.99732E-05 0.0660985 9.99732E-05 9.99732E-05 0.533866 0.219249
0.3326 0.0419081 0.182357 0.290373 9.99821E-05 9.99821E-05 0.152562
0.347975 0.240952 9.99822E-05 0.00575808 9.99822E-05 0.122179 0.282936
0.0982944 0.40923 9.9982E-05 0.220032 0.124689 9.9982E-05 0.147555
0.273499 0.20588 9.9982E-05 0.272592 0.196621 9.9982E-05 0.051208
9.99732E-05 0.298876 9.99732E-05 0.452475 0.127921 9.99732E-05 0.120428
0.595584 0.397049 0.00696697 9.99641E-05 9.99641E-05 9.99641E-05 9.99641E-05
9.99731E-05 0.710801 0.0407725 9.99731E-05 9.99731E-05 0.0430984 0.205028
0.23862 9.99731E-05 0.636579 0.0851591 9.99731E-05 0.0393419 9.99731E-05
9.99821E-05 0.179788 0.0741753 0.533913 9.99821E-05 0.16159 0.0503344
9.99731E-05 0.651569 0.0308075 9.99731E-05 0.00188054 0.315443 9.99731E-05
0.197961 9.99641E-05 9.99641E-05 0.595085 0.206554 9.99641E-05 9.99641E-05
0.163999 0.476393 9.99731E-05 0.203235 9.99731E-05 0.156074 9.99731E-05
0.0477083 0.0884518 9.9982E-05 0.0698124 0.046507 0.74732 9.9982E-05
0.0886679 0.438727 0.115972 0.0119749 0.034718 0.309841 9.99911E-05
0.312373 0.323553 9.9973E-05 0.131892 0.231883 9.9973E-05 9.9973E-05
0.142032 0.696176 9.99642E-05 9.99642E-05 9.99642E-05 0.161392 9.99642E-05
0.289561 9.99642E-05 9.99642E-05 0.210834 9.99642E-05 9.99642E-05 0.499205
0.288981 0.147437 9.99731E-05 0.0794887 9.99731E-05 0.483793 9.99731E-05
9.995E-05 9.995E-05 9.995E-05 0.9994 9.995E-05 9.995E-05 9.995E-05
0.139799 0.479455 9.99821E-05 0.356252 9.99821E-05 0.00693877 0.0173557
9.99822E-05 0.36096 0.0459736 0.0377007 0.104469 0.450697 9.99822E-05
0.270556 0.329426 0.00309043 0.112671 0.0623986 9.9991E-05 0.221757
0.0469355 0.216867 0.01144 0.140728 0.110182 0.473748 9.9991E-05
0.00288512 9.99642E-05 9.99642E-05 0.675926 9.99642E-05 9.99642E-05 0.320789
0.276397 9.99643E-05 9.99643E-05 0.650264 9.99643E-05 9.99643E-05 0.0729394
9.99911E-05 0.275643 0.0929201 0.402088 0.171332 0.00677796 0.0511391
0.137279 0.0507681 9.99821E-05 0.237676 0.222136 9.99821E-05 0.35194
9.9982E-05 0.0636021 0.222323 9.9982E-05 0.0472164 0.56505 0.101608
0.261774 0.101483 0.122123 0.449772 9.99821E-05 0.0646483 9.99821E-05
0.0689654 0.336728 9.9973E-05 0.524238 0.0697686 9.9973E-05 9.9973E-05
0.156595 9.99642E-05 9.99642E-05 0.196084 9.99642E-05 9.99642E-05 0.646921
0.136088 0.467343 0.341007 0.0552612 9.99731E-05 9.99731E-05 9.99731E-05
9.99821E-05 9.99821E-05 0.267263 0.0252709 0.398746 0.194837 0.113683
9.99731E-05 0.218658 0.162278 9.99731E-05 9.99731E-05 0.464019 0.154745
9.99642E-05 9.99642E-05 0.840386 0.135804 0.0234102 9.99642E-05 9.99642E-05
0.336283 0.176784 0.10375 0.280214 0.102769 9.99821E-05 9.99821E-05
9.99554E-05 0.839601 0.1599 9.99554E-05 9.99554E-05 9.99554E-05 9.99554E-05
9.99731E-05 0.264921 9.99731E-05 0.165506 0.439026 9.99731E-05 0.130247
0.114671 0.810366 9.9982E-05 0.0251963 9.9982E-05 0.016249 0.0333184
0.156751 0.145784 9.9982E-05 0.283408 0.188887 9.9982E-05 0.224971
0.0175663 0.314865 0.122826 0.277825 0.170925 9.9991E-05 0.0958933
9.99731E-05 0.525025 9.99731E-05 0.220683 0.244873 9.99731E-05 0.00911884
0.0812449 9.9973E-05 0.440564 0.437907 0.0399849 9.9973E-05 9.9973E-05
0.290384 9.9982E-05 0.323744 0.124537 0.0306222 9.9982E-05 0.230513
0.343655 9.99642E-05 0.285391 9.99642E-05 9.99642E-05 9.99642E-05 0.370555
0.0594698 9.99642E-05 0.92173 9.99642E-05 9.99642E-05 9.99642E-05 0.0184007
9.99552E-05 9.99552E-05 0.154369 9.99552E-05 9.99552E-05 9.99552E-05 0.845131
9.99641E-05 9.99641E-05 0.104504 9.99641E-05 0.880787 9.99641E-05 0.0143097
9.99821E-05 0.0758954 9.99821E-05 0.64325 0.043253 0.162295 0.0751072
0.0165402 0.44058 0.000961201 0.164968 0.107955 0.268895 9.9991E-05
0.0825618 0.0607688 9.99821E-05 0.498219 9.99821E-05 0.0625489 0.295701
0.0125921 0.0383094 9.99911E-05 0.516473 0.072569 0.0286685 0.331288
9.99642E-05 9.99642E-05 9.99642E-05 0.113772 0.0859713 0.799857 9.99642E-05
9.99641E-05 9.99641E-05 0.261838 9.99641E-05 0.432612 0.305151 9.99641E-05
0.240346 0.0669938 0.30889 0.38347 9.99732E-05 9.99732E-05 9.99732E-05
9.99731E-05 0.0452743 0.134911 0.593335 9.99731E-05 0.226179 9.99731E-05
9.99731E-05 9.99731E-05 0.638059 0.0899205 0.173412 0.0983083 9.99731E-05
9.99643E-05 9.99643E-05 0.00637072 0.640752 9.99643E-05 9.99643E-05 0.352478
0.115798 9.99551E-05 0.883702 9.99551E-05 9.99551E-05 9.99551E-05 9.99551E-05
9.99732E-05 0.537368 9.99732E-05 0.17396 0.259109 9.99732E-05 0.0292633
0.0390777 0.336589 9.9982E-05 0.302736 0.0672205 0.254178 9.9982E-05
9.9982E-05 0.142648 0.0415954 0.26051 9.9982E-05 0.332765 0.222282
0.0122613 0.159637 0.194122 0.0651678 0.0576907 0.382249 0.128871
0.171768 9.9991E-05 0.0443302 0.431312 0.0432126 0.0353107 0.273967
9.9991E-05 0.31171 0.369836 0.120033 0.0262253 0.0695672 0.102529
0.476045 9.99821E-05 0.0586129 0.278724 0.0630835 9.99821E-05 0.123335
9.99642E-05 9.99642E-05 9.99642E-05 0.816693 0.154788 0.0281194 9.99642E-05
0.496743 9.99731E-05 9.99731E-05 0.0892988 0.154381 0.259277 9.99731E-05
9.99821E-05 0.38552 0.10759 0.251952 0.164723 0.090015 9.99821E-05
0.00826384 0.557496 9.9991E-05 0.261795 0.0912174 0.0108054 0.0703229
0.0553272 0.63215 0.277879 9.99732E-05 9.99732E-05 0.034344 9.99732E-05
0.195009 0.0982948 9.99821E-05 0.220294 0.131526 0.354675 9.99821E-05
0.0895079 9.99821E-05 0.250598 9.99821E-05 0.433503 0.19487 0.0313201
0.122797 0.0472207 0.160716 0.399675 0.15454 0.0209132 0.0941375
0.0446257 0.69354 9.99732E-05 9.99732E-05 0.0241399 9.99732E-05 0.237395
0.153051 0.119875 9.9982E-05 0.514619 0.11208 9.9982E-05 0.100176
9.99731E-05 0.569919 9.99731E-05 0.0667658 9.99731E-05 0.0158207 0.347195
0.00382362 0.132996 9.9991E-05 0.0282698 0.334588 0.263228 0.236995
0.0482374 0.570308 9.99642E-05 9.99642E-05 0.381054 9.99642E-05 9.99642E-05
9.99641E-05 9.99641E-05 9.99641E-05 0.387974 0.360545 0.251081 9.99641E-05
9.99553E-05 9.99553E-05 9.99553E-05 0.312976 9.99553E-05 0.686525 9.99553E-05
9.99733E-05 9.99733E-05 0.157097 0.498818 0.208839 0.134946 9.99733E-05
0.279954 0.11103 9.99821E-05 9.99821E-05 0.0194318 0.307235 0.282149
9.99642E-05 9.99642E-05 9.99642E-05 0.440185 0.0138539 0.545561 9.99642E-05
0.0089653 0.0284273 9.99911E-05 0.327706 0.0836467 0.110309 0.440845
0.105784 9.99821E-05 0.0666282 0.0589457 0.295006 9.99821E-05 0.473436
0.0198948 0.546678 0.00952497 0.215661 0.0519629 9.9991E-05 0.156179
9.99732E-05 0.450721 0.0453313 9.99732E-05 0.189212 9.99732E-05 0.314436
0.15162 0.182521 0.432714 0.176401 0.0565434 9.99821E-05 9.99821E-05
0.0027212 9.9982E-05 0.0703667 0.52837 9.9982E-05 0.340788 0.0575539
0.9994 9.995E-05 9.995E-05 9.995E-05 9.995E-05 9.995E-05 9.995E-05
9.99821E-05 0.0909858 0.121481 0.516161 0.184466 9.99821E-05 0.086706
0.436177 9.99821E-05 0.118323 0.247102 0.185594 0.0126034 9.99821E-05
0.467796 0.103479 0.0378213 9.99911E-05 0.0873399 0.210886 0.0925788
0.122728 0.017642 9.99911E-05 0.278512 0.0451854 0.270712 0.265121
9.99731E-05 0.736329 9.99731E-05 0.010448 9.99731E-05 0.0297171 0.223206
0.0862455 0.0206836 0.0437432 0.207099 0.0385913 0.603537 9.9991E-05
0.138622 9.99732E-05 9.99732E-05 0.464444 9.99732E-05 0.0919555 0.304679
0.67358 9.99731E-05 0.147392 0.164238 0.0144893 9.99731E-05 9.99731E-05
0.354016 0.0872513 9.99731E-05 9.99731E-05 0.506078 0.0523542 9.99731E-05
0.088535 9.9982E-05 0.139899 0.135729 0.131469 9.9982E-05 0.504168
9.99821E-05 0.564497 0.02541 0.118605 0.211078 0.0802093 9.99821E-05
9.99553E-05 9.99553E-05 9.99553E-05 0.839132 9.99553E-05 0.160368 9.99553E-05
0.126478 0.144606 0.330916 0.0710534 0.0142442 0.244146 0.0685566
0.9994 9.995E-05 9.995E-05 9.995E-05 9.995E-05 9.995E-05 9.995E-05
0.125761 0.474523 9.99731E-05 0.286718 9.99731E-05 0.112699 9.99731E-05
0.163057 9.99642E-05 9.99642E-05 0.582268 9.99642E-05 9.99642E-05 0.254275
0.0356379 0.78394 0.0638667 9.99821E-05 9.99821E-05 0.0861294 0.0302259
9.99554E-05 0.948136 9.99554E-05 0.0513642 9.99554E-05 9.99554E-05 9.99554E-05
9.99821E-05 0.21247 0.00806974 0.509131 9.99821E-05 0.127391 0.142738
9.99732E-05 0.111322 0.0508165 0.673832 9.99732E-05 9.99732E-05 0.163729
9.995E-05 9.995E-05 9.995E-05 9.995E-05 9.995E-05 0.9994 9.995E-05
0.810828 9.99821E-05 9.99821E-05 0.0696032 0.0170509 0.038176 0.0641415
0.081672 0.330751 0.0273973 0.318654 0.0761845 9.9991E-05 0.165241
9.99821E-05 0.125874 0.104818 0.111283 0.0654739 0.592351 9.99821E-05
9.99731E-05 0.0445294 9.99731E-05 0.592926 9.99731E-05 0.061972 0.300273
0.00480768 0.215863 9.99821E-05 9.99821E-05 0.28957 0.265438 0.224121
0.177392 0.0608271 0.018277 0.628358 0.114946 9.99821E-05 9.99821E-05
9.99642E-05 0.203653 9.99642E-05 0.766386 0.029561 9.99642E-05 9.99642E-05
9.99643E-05 0.137929 9.99643E-05 0.707785 9.99643E-05 0.153886 9.99643E-05
0.23639 0.0305758 0.223709 0.253178 9.99911E-05 0.196853 0.0591937
0.130531 9.99552E-05 9.99552E-05 9.99552E-05 0.868969 9.99552E-05 9.99552E-05
0.0843148 0.288794 0.00655352 0.340439 0.0760404 0.00385664 0.200002
9.99732E-05 0.52527 9.99732E-05 0.0405247 0.11678 9.99732E-05 0.317125
0.327582 0.448739 9.99643E-05 9.99643E-05 0.223279 9.99643E-05 9.99643E-05
0.0429148 0.564692 9.99732E-05 9.99732E-05 0.344399 0.047694 9.99732E-05
9.99641E-05 0.360981 9.99641E-05 0.522233 0.116385 9.99641E-05 9.99641E-05
9.99732E-05 0.000622586 9.99732E-05 0.665962 9.99732E-05 0.259932 0.0731832
9.995E-05 9.995E-05 9.995E-05 9.995E-05 0.9994 9.995E-05 9.995E-05
0.0659487 0.538641 9.99821E-05 0.240809 9.99821E-05 0.13805 0.0163507
0.122531 9.99821E-05 9.99821E-05 0.324995 0.0913831 0.172243 0.288649
0.0966868 9.99821E-05 0.0973415 0.427605 0.0401732 9.99821E-05 0.337993
0.131324 9.9982E-05 0.0792321 0.51888 0.0847114 9.9982E-05 0.185652
