9.9964E-05 0.0179968 0.0702855 9.9964E-05 9.9964E-05 0.331717 9.9964E-05 0.579601
0.214186 9.9991E-05 0.0661438 0.152497 0.0449202 0.263056 0.237089 0.0220077
9.9973E-05 0.0471325 0.051618 0.0353183 9.9973E-05 9.9973E-05 0.323998 0.541633
0.124594 0.0971241 9.9991E-05 0.0417874 0.0703316 0.483631 0.0789902 0.103441
0.0815408 0.140198 9.9991E-05 0.0427257 0.132602 0.112676 0.124953 0.365204
9.9982E-05 0.0440733 0.0313007 0.00455798 0.0811333 0.116991 0.721744 9.9982E-05
9.9982E-05 0.0744742 0.00438595 9.9982E-05 0.0340264 0.128356 0.074225 0.684332
0.288551 0.0897028 0.145066 9.9991E-05 0.0181798 0.435701 0.0183861 0.00431449
0.0186043 0.0104646 0.0992067 9.9982E-05 0.0228035 9.9982E-05 0.24043 0.608291
9.9973E-05 0.0790605 0.344798 0.138286 0.161191 9.9973E-05 9.9973E-05 0.276364
0.00258739 0.0839641 0.146445 0.0151215 0.326706 9.9982E-05 9.9982E-05 0.424975
9.99549E-05 9.99549E-05 0.552506 0.0775613 9.99549E-05 9.99549E-05 0.369433 9.99549E-05
0.00419445 0.113989 0.151331 0.0569151 9.9982E-05 9.9982E-05 0.217343 0.456027
0.215739 0.0837135 0.0355216 0.169428 0.0499509 0.0951413 0.19292 0.157585
0.558145 0.0574181 0.0384302 9.9982E-05 0.0265367 9.9982E-05 0.282859 0.0364112
0.44967 0.128486 9.9982E-05 0.084148 0.0312739 0.0010561 0.305166 9.9982E-05
0.571352 0.0229146 9.9973E-05 0.0151783 0.218748 9.9973E-05 9.9973E-05 0.171508
0.147638 0.175027 0.0705672 0.109464 0.0493995 0.291886 0.12775 0.0282689
9.9973E-05 0.0513021 0.0884934 9.9973E-05 9.9973E-05 0.0597196 0.460795 0.33939
0.0547157 0.0253443 0.100569 0.118979 0.0406395 0.335786 0.0307965 0.29317
0.00941211 0.0937861 9.9982E-05 0.0206512 0.0629708 9.9982E-05 0.00273764 0.810242
0.05334 0.00291664 0.146842 9.9991E-05 0.0943642 0.0702584 0.404501 0.227677
0.0280967 0.13379 9.9991E-05 0.0125649 0.105208 0.0315554 0.362271 0.326414
0.078202 0.034901 9.9991E-05 0.181641 0.0196512 0.183829 0.465696 0.0359801
9.9973E-05 0.130767 0.265685 9.9973E-05 0.343315 9.9973E-05 0.0550824 0.20485
0.138145 9.9973E-05 9.9973E-05 0.187445 0.0735309 0.199716 9.9973E-05 0.400863
0.0692072 0.0621325 0.46736 0.0557618 0.0992173 0.107348 0.0799687 0.0590046
0.000940415 0.0141171 0.1353 0.165126 0.125916 0.0584334 0.422253 0.0779141
0.0988638 9.9982E-05 9.9982E-05 0.169605 0.0438454 0.31799 0.231141 0.138356
0.165607 0.0113327 9.99639E-05 0.607609 9.99639E-05 9.99639E-05 9.99639E-05 0.215051
0.229757 0.0628843 0.22211 0.0939415 0.0498847 9.9991E-05 0.0961491 0.245173
9.9946E-05 9.9946E-05 0.868812 9.9946E-05 9.9946E-05 9.9946E-05 9.9946E-05 0.130588
0.108423 0.129673 9.9982E-05 0.161024 9.9982E-05 0.123092 0.370824 0.106764
0.162889 0.0428771 9.9982E-05 9.9982E-05 0.0997043 0.11999 0.141118 0.433221
0.00260833 0.105001 0.169189 9.9991E-05 0.14893 0.00445286 0.114351 0.455368
9.99551E-05 0.137236 9.99551E-05 9.99551E-05 9.99551E-05 0.584948 9.99551E-05 0.277316
9.9973E-05 0.0399425 9.9973E-05 0.0183594 0.138557 0.311266 0.491575 9.9973E-05
9.9973E-05 0.0150212 0.504005 0.00591314 0.0708777 9.9973E-05 9.9973E-05 0.403883
0.231839 0.0491342 9.9982E-05 0.126251 0.136362 0.0387374 0.417477 9.9982E-05
0.239572 0.102269 0.223606 9.9982E-05 9.9982E-05 0.215275 0.065904 0.153175
0.139267 0.0323786 0.306792 0.129142 0.0634439 9.9991E-05 0.0674657 0.261411
0.0765529 0.0585311 0.0941096 9.9982E-05 0.155318 0.565378 0.049911 9.9982E-05
0.00801818 0.0509627 9.9982E-05 0.0381907 0.163004 0.655015 0.0846095 9.9982E-05
9.9964E-05 9.9964E-05 0.292207 0.12679 9.9964E-05 0.301695 0.278909 9.9964E-05
0.00125148 0.0501497 0.881532 9.9973E-05 9.9973E-05 0.0264212 9.9973E-05 0.0403452
9.9973E-05 0.0674736 0.332664 9.9973E-05 0.147554 0.251352 0.200657 9.9973E-05
0.127056 9.9973E-05 0.0935694 9.9973E-05 9.9973E-05 0.124344 0.294462 0.360269
0.0440208 0.00295551 0.00945507 0.0252637 9.9982E-05 0.251832 0.666273 9.9982E-05
9.9973E-05 0.0597221 0.505125 0.028945 9.9973E-05 0.264981 0.140926 9.9973E-05
0.288063 0.0764448 9.9973E-05 0.0668015 9.9973E-05 0.313465 0.254927 9.9973E-05
0.0949532 0.145007 0.0900872 0.165823 0.0938937 0.277543 9.9991E-05 0.132592
0.17656 0.134324 9.9991E-05 0.0170054 0.00112712 0.0144414 0.237781 0.418661
0.516052 0.0153123 0.134751 0.00253574 0.000384351 0.162641 0.168225 9.9991E-05
0.127529 0.0744779 9.9982E-05 0.0224076 0.0693538 9.9982E-05 0.418815 0.287217
0.191928 9.9964E-05 0.412603 0.187852 9.9964E-05 9.9964E-05 0.207217 9.9964E-05
0.0300219 0.0691269 9.9982E-05 0.0129292 9.9982E-05 0.215672 0.577245 0.0948047
0.202374 0.0203708 0.60889 0.0302462 0.0288835 0.101171 0.00796526 9.9991E-05
9.9982E-05 0.0700062 0.306895 0.0665782 0.0394197 0.208344 0.308557 9.9982E-05
0.198828 0.0759123 0.255213 0.0765505 0.000120047 0.0691831 0.32018 0.00401257
9.99729E-05 0.0464747 0.45948 9.99729E-05 0.0968888 9.99729E-05 0.320964 0.0758934
0.0300701 9.9982E-05 9.9982E-05 0.0825821 0.0459353 0.132483 0.364175 0.344555
0.0922395 0.137814 0.058385 9.9991E-05 0.0911609 0.099606 0.202432 0.318262
0.101769 0.00968493 0.0327535 0.0445804 9.9991E-05 0.161046 0.299213 0.350854
9.9955E-05 0.0714131 9.9955E-05 0.886053 9.9955E-05 9.9955E-05 9.9955E-05 0.042034
0.120628 9.9973E-05 0.0420382 9.9973E-05 0.125716 0.286297 0.42502 9.9973E-05
0.0185484 0.0556314 9.9964E-05 9.9964E-05 9.9964E-05 0.633993 9.9964E-05 0.291427
9.9973E-05 0.0258161 0.131166 9.9973E-05 0.107887 0.452349 9.9973E-05 0.282483
9.9964E-05 0.0189488 9.9964E-05 0.0478231 9.9964E-05 9.9964E-05 0.527478 0.40535
9.9973E-05 0.0170572 9.9973E-05 0.132458 9.9973E-05 0.291953 0.0809376 0.477294
0.183315 0.117777 0.00838692 0.232321 0.0308048 0.196695 0.0763578 0.154342
0.0113255 0.00800307 0.218765 0.170822 0.139222 9.9991E-05 0.293931 0.157831
0.272778 0.120585 0.312526 9.9964E-05 9.9964E-05 0.293711 9.9964E-05 9.9964E-05
0.18395 0.146016 0.0507383 0.161837 0.0631823 0.169672 0.215347 0.00925813
0.178813 0.00525346 0.144622 0.110972 0.129541 0.0991142 0.331584 9.9991E-05
0.132256 0.00962198 0.322468 0.0909181 0.148731 9.9982E-05 9.9982E-05 0.295805
0.462074 0.0290924 0.27332 0.0421745 0.101064 9.9982E-05 0.0920754 9.9982E-05
9.9964E-05 0.104295 0.15456 9.9964E-05 0.0216016 9.9964E-05 0.719144 9.9964E-05
0.122319 0.0493028 9.9982E-05 0.0922207 0.179063 9.9982E-05 0.147495 0.409399
0.0685972 9.9973E-05 9.9973E-05 9.9973E-05 0.0487508 0.246089 0.243092 0.393171
0.196691 0.0576922 9.9982E-05 0.123282 0.00528889 9.9982E-05 0.114895 0.50195
0.0835949 0.104666 0.170328 0.0114278 0.0272529 0.257694 9.9991E-05 0.344937
9.9982E-05 0.0411111 9.9982E-05 0.0533266 0.040858 0.017153 0.467764 0.379587
0.0742847 9.9991E-05 0.41085 0.129616 0.0309202 0.0683979 0.0839683 0.201863
0.579132 0.0416737 9.9982E-05 0.0852087 0.142841 9.9982E-05 0.116892 0.0340528
9.9973E-05 0.0777217 9.9973E-05 0.067092 9.9973E-05 0.299101 0.418326 0.13746
0.0335499 9.9973E-05 0.285824 9.9973E-05 0.0500869 0.0670729 9.9973E-05 0.563166
9.9973E-05 0.0731263 9.9973E-05 9.9973E-05 0.00288618 0.330155 0.238767 0.354765
9.99731E-05 0.0626375 0.113868 9.99731E-05 0.0288344 9.99731E-05 0.567691 0.226669
0.174084 0.105781 0.00743481 0.182562 0.142359 0.11149 0.205916 0.0703723
9.9973E-05 0.0969492 0.569028 9.9973E-05 9.9973E-05 0.146173 0.0625762 0.124974
9.99459E-05 9.99459E-05 9.99459E-05 0.967222 0.0321782 9.99459E-05 9.99459E-05 9.99459E-05
0.0150381 9.9964E-05 0.269262 9.9964E-05 0.0803296 9.9964E-05 9.9964E-05 0.63497
9.9973E-05 0.0727764 9.9973E-05 9.9973E-05 0.0397377 0.46526 0.158208 0.263717
0.449486 0.03941 0.0282181 0.0685955 0.0186829 0.0790014 0.0912529 0.225353
9.9973E-05 0.0306869 9.9973E-05 9.9973E-05 0.0555046 0.814878 0.0702977 0.028333
0.0626995 0.0144103 9.9991E-05 0.0121321 0.0330085 0.41098 0.327704 0.138966
9.9955E-05 9.9955E-05 0.423047 9.9955E-05 0.055629 0.520824 9.9955E-05 9.9955E-05
9.9982E-05 0.0220805 0.0193358 9.9982E-05 0.0631993 0.0224424 0.743511 0.129231
9.9973E-05 0.146927 0.197222 0.389414 9.9973E-05 0.0330326 0.233105 9.9973E-05
0.0726133 9.9982E-05 0.111437 0.319207 9.9982E-05 0.0867762 0.321871 0.0878958
0.0493502 0.0545032 0.174571 0.174885 9.9982E-05 9.9982E-05 0.42907 0.117421
9.994E-05 9.994E-05 9.994E-05 0.9993 9.994E-05 9.994E-05 9.994E-05 9.994E-05
0.212202 0.0479651 0.0621992 0.111665 0.157892 0.151436 0.256542 9.9991E-05
9.99459E-05 0.00705708 9.99459E-05 9.99459E-05 0.992343 9.99459E-05 9.99459E-05 9.99459E-05
0.363027 0.0327761 0.23035 0.06051 0.0867282 0.22375 9.9991E-05 0.00275906
0.408185 9.9973E-05 0.237506 9.9973E-05 9.9973E-05 0.133782 0.142275 0.0779537
0.330477 9.9991E-05 0.12889 0.0104112 0.02935 0.00329356 0.0666915 0.430787
9.9973E-05 0.105763 0.0711965 9.9973E-05 9.9973E-05 0.241372 0.283125 0.298244
0.296729 0.00936288 0.118109 0.178428 0.141727 9.9991E-05 0.109797 0.145749
9.9991E-05 0.0847271 0.118758 0.116952 0.0392858 0.402294 0.0569303 0.180953
0.128086 0.035075 9.9982E-05 9.9982E-05 0.0798604 0.0894755 0.539069 0.128234
9.9973E-05 0.143591 0.448599 0.166906 9.9973E-05 0.0228029 0.217801 9.9973E-05
0.206472 9.9982E-05 0.177942 0.0484619 0.071174 0.392425 9.9982E-05 0.103326
0.00766243 0.0899319 0.00356055 0.340325 0.0154226 9.9991E-05 0.380029 0.162968
9.9982E-05 9.9982E-05 0.0228372 0.0830157 0.0516996 0.255586 0.256822 0.32984
9.994E-05 9.994E-05 9.994E-05 0.9993 9.994E-05 9.994E-05 9.994E-05 9.994E-05
0.0859921 9.9982E-05 0.0838982 9.9982E-05 0.212372 0.0495459 0.29804 0.269951
9.9973E-05 0.0582367 0.0389481 0.0037188 9.9973E-05 0.546822 9.9973E-05 0.351974
9.9991E-05 0.00477035 0.158079 0.104647 0.00821876 0.182966 0.486269 0.0549501
0.0970982 0.0853904 0.367467 0.127844 0.0383011 0.0323007 9.9991E-05 0.251498
0.237994 0.0924196 9.9973E-05 9.9973E-05 9.9973E-05 0.351897 0.07594 0.24145
9.9973E-05 0.164319 9.9973E-05 0.406187 9.9973E-05 0.08416 0.317406 0.0276282
0.00817675 0.107405 0.134626 0.0863001 0.0195735 0.440599 0.203219 9.9991E-05
0.468861 9.9973E-05 9.9973E-05 0.0239616 0.0557782 9.9973E-05 0.244826 0.206274
9.9973E-05 0.0632471 0.361077 0.104944 9.9973E-05 9.9973E-05 0.151763 0.318668
0.195476 0.0232011 9.99641E-05 9.99641E-05 9.99641E-05 9.99641E-05 0.772151 0.0087719
0.0988836 0.0955117 0.377613 9.9973E-05 9.9973E-05 0.177803 0.249889 9.9973E-05
9.9982E-05 9.9982E-05 0.178867 0.0838488 0.0793969 0.30699 0.0681779 0.28252
0.1194 9.9964E-05 0.164226 9.9964E-05 9.9964E-05 9.9964E-05 0.586683 0.129291
9.9964E-05 9.9964E-05 0.372713 0.053382 0.0763822 9.9964E-05 9.9964E-05 0.497123
9.9964E-05 0.0391414 9.9964E-05 9.9964E-05 9.9964E-05 0.342456 0.251685 0.366318
9.9964E-05 0.157702 9.9964E-05 0.00594885 9.9964E-05 0.340399 0.49555 9.9964E-05
0.0778503 9.99641E-05 9.99641E-05 0.298557 9.99641E-05 9.99641E-05 0.0648357 0.558357
0.129272 0.0631163 0.103125 0.170537 0.0799135 0.0690365 0.156942 0.228058
9.9964E-05 0.00443354 0.0320669 9.9964E-05 9.9964E-05 0.183357 0.779743 9.9964E-05
9.9973E-05 0.0614082 0.293435 9.9973E-05 0.0513021 9.9973E-05 0.478175 0.11538
0.9993 9.994E-05 9.994E-05 9.994E-05 9.994E-05 9.994E-05 9.994E-05 9.994E-05
0.9993 9.994E-05 9.994E-05 9.994E-05 9.994E-05 9.994E-05 9.994E-05 9.994E-05
0.00694887 0.0901849 0.263534 0.0711654 0.0160016 0.213089 0.0546698 0.284407
0.0396104 0.0480303 0.170726 0.0479495 0.0723683 0.257941 0.107533 0.255842
0.00913907 0.126372 0.188554 9.9982E-05 0.047518 0.0685733 0.559644 9.9982E-05
0.323338 0.105636 0.199203 9.9973E-05 0.138656 9.9973E-05 0.232866 9.9973E-05
9.9982E-05 0.00082085 0.22714 0.0896462 0.0667458 9.9982E-05 0.266534 0.348913
9.9982E-05 0.0690023 0.54603 0.0967139 9.9982E-05 0.0511157 0.12147 0.115469
0.0273867 0.0531125 9.9991E-05 0.0974888 0.111478 0.0555137 0.626062 0.0288574
9.9982E-05 0.109629 0.0174348 0.407908 9.9982E-05 0.221834 0.143775 0.0992202
0.0500764 0.0400641 9.9982E-05 0.0638493 0.0786928 9.9982E-05 0.435362 0.331756
9.994E-05 0.9993 9.994E-05 9.994E-05 9.994E-05 9.994E-05 9.994E-05 9.994E-05
0.0409239 0.0891283 0.146571 9.9982E-05 0.0740531 0.464572 9.9982E-05 0.184551
0.116164 0.00814215 9.9964E-05 9.9964E-05 0.269488 0.605806 9.9964E-05 9.9964E-05
0.0474241 9.9973E-05 0.338421 0.0647967 0.0214705 9.9973E-05 0.527588 9.9973E-05
9.9964E-05 0.117647 9.9964E-05 9.9964E-05 0.163118 9.9964E-05 0.0844886 0.634347
0.0593653 0.135168 0.207415 0.0980368 0.039334 9.9991E-05 0.135647 0.324934
0.199292 0.0586819 0.185319 0.10023 0.024218 9.9991E-05 0.00563219 0.426527
0.196684 0.0254927 0.175645 0.122271 9.9982E-05 9.9982E-05 0.452782 0.0269254
0.234453 0.130827 0.0218425 0.161441 0.116002 0.223504 0.11183 9.9991E-05
9.9973E-05 0.0572529 0.208168 9.9973E-05 9.9973E-05 0.10767 0.31992 0.306689
0.098166 0.10737 9.9991E-05 0.183099 0.00759453 0.0444934 0.511128 0.0480488
9.9946E-05 9.9946E-05 9.9946E-05 0.190195 9.9946E-05 0.809206 9.9946E-05 9.9946E-05
0.164039 0.113231 0.258204 0.0378907 0.081513 0.220171 0.102468 0.0224836
9.9964E-05 0.0502432 9.9964E-05 0.0660085 0.0812724 9.9964E-05 9.9964E-05 0.802076
9.994E-05 0.9993 9.994E-05 9.994E-05 9.994E-05 9.994E-05 9.994E-05 9.994E-05
0.287837 0.408276 9.9973E-05 9.9973E-05 0.0347397 9.9973E-05 0.00611399 0.262734
0.402262 9.9973E-05 0.0562945 9.9973E-05 0.0136386 0.423245 0.10426 9.9973E-05
9.9991E-05 0.118566 0.178781 0.111683 0.0739776 0.162136 0.200419 0.154339
9.9955E-05 0.0680913 0.364959 9.9955E-05 9.9955E-05 0.56645 9.9955E-05 9.9955E-05
0.123522 0.0249016 0.133899 9.9982E-05 9.9982E-05 0.210453 0.170066 0.336958
0.0704103 0.120802 0.0629933 9.9982E-05 0.178648 0.257008 0.309939 9.9982E-05
0.9993 9.994E-05 9.994E-05 9.994E-05 9.994E-05 9.994E-05 9.994E-05 9.994E-05
0.201325 0.0746794 9.9973E-05 0.0878483 9.9973E-05 9.9973E-05 0.0368822 0.598965
0.129835 9.9982E-05 0.287311 0.118088 0.0430058 9.9982E-05 0.0964613 0.325099
0.256959 0.0640144 0.033151 0.106595 0.129636 9.9982E-05 0.409445 9.9982E-05
9.9982E-05 0.163974 0.0813989 0.111133 9.9982E-05 0.382518 0.216976 0.0438007
0.456766 9.9973E-05 0.167601 9.9973E-05 0.0598753 9.9973E-05 0.289555 0.0259031
0.159905 0.0845138 0.000166563 9.9982E-05 9.9982E-05 0.376279 0.178814 0.200122
9.9973E-05 9.9973E-05 0.158594 0.00381982 0.138956 0.256886 0.441443 9.9973E-05
0.157828 0.0722485 9.9964E-05 9.9964E-05 9.9964E-05 9.9964E-05 0.18621 0.583314
0.435776 9.9991E-05 0.271792 0.0389886 0.0745974 0.0928476 0.0495369 0.0363614
9.994E-05 9.994E-05 9.994E-05 9.994E-05 0.9993 9.994E-05 9.994E-05 9.994E-05
0.000208019 0.0427725 0.558008 0.0359174 0.0555946 0.244105 0.0632943 9.9991E-05
0.540712 0.0455737 9.9982E-05 0.0967747 0.160962 9.9982E-05 0.0628827 0.0928951
0.0522079 0.12867 0.105127 0.134194 0.000262265 9.9982E-05 9.9982E-05 0.579339
0.175079 0.0501504 0.212918 0.0368549 0.0856661 0.260569 0.0365543 0.142208
9.9973E-05 9.9973E-05 0.0471549 0.171686 9.9973E-05 0.182688 0.152115 0.446056
0.329864 9.9973E-05 9.9973E-05 0.0369157 0.0219947 0.246015 9.9973E-05 0.364911
9.994E-05 9.994E-05 9.994E-05 9.994E-05 0.9993 9.994E-05 9.994E-05 9.994E-05
9.9973E-05 0.0645771 9.9973E-05 0.0449865 9.9973E-05 0.0657463 0.280414 0.543976
0.0333596 0.0785092 0.174714 0.015571 0.266662 0.339017 0.0920674 9.9991E-05
0.18372 0.0432132 9.9973E-05 9.9973E-05 9.9973E-05 0.284952 0.171776 0.316039
0.338947 0.0336678 0.273961 0.0376145 9.9991E-05 0.0150039 0.144064 0.156642
