9.99639E-05 0.0409021 0.0494052 0.0922459 9.99639E-05 9.99639E-05 0.272504 0.477411 0.0671314 9.99639E-05
0.125565 0.165692 0.221043 0.0137064 0.00764868 9.9991E-05 0.024314 0.108341 0.163155 0.170434
0.0291616 0.114583 0.0963757 9.9964E-05 9.9964E-05 0.0903861 0.665864 9.9964E-05 9.9964E-05 0.00323
0.0411386 9.9964E-05 9.9964E-05 0.0355498 0.0437931 0.0475336 9.9964E-05 0.1658 0.665785 9.9964E-05
0.0227427 0.0778892 0.0152019 0.0259317 0.0648367 0.0816472 0.306754 9.9991E-05 0.305315 0.0995822
9.9973E-05 0.106422 9.9973E-05 9.9973E-05 0.0922731 0.0537802 0.33695 0.0011635 0.202707 0.206404
9.99549E-05 9.99549E-05 0.0303099 9.99549E-05 9.99549E-05 0.121925 0.538035 0.192661 9.99549E-05 0.116569
9.997E-05 9.997E-05 0.186629 0.102966 0.0412994 0.0322547 0.448325 0.12531 0.0629162 9.997E-05
9.9946E-05 0.0682214 9.9946E-05 0.202218 9.9946E-05 9.9946E-05 0.556871 9.9946E-05 9.9946E-05 0.17209
0.153932 9.9964E-05 9.9964E-05 0.0841688 0.184783 0.0675116 0.46923 0.0399745 9.9964E-05 9.9964E-05
0.0431825 0.219847 0.0488495 0.551949 0.0457564 9.9973E-05 0.0602988 9.9973E-05 9.9973E-05 0.0298174
0.0907203 9.99459E-05 9.99459E-05 0.333742 9.99459E-05 9.99459E-05 9.99459E-05 0.182429 9.99459E-05 0.392509
9.9964E-05 0.244962 0.000186171 0.0706969 0.0186579 0.0779486 0.587148 9.9964E-05 9.9964E-05 9.9964E-05
0.0967887 0.0438082 0.0527024 0.105909 0.102178 0.0262028 9.9982E-05 0.177365 9.9982E-05 0.394846
9.997E-05 0.0253759 0.167869 0.592305 0.00891687 0.0674839 0.0902672 9.997E-05 9.997E-05 0.0474821
0.0670503 0.151271 0.320583 0.0211178 9.9973E-05 0.122776 9.9973E-05 0.198365 9.9973E-05 0.118536
9.99459E-05 9.99459E-05 0.0622458 0.867549 0.0293178 9.99459E-05 9.99459E-05 9.99459E-05 0.0402879 9.99459E-05
0.114437 0.148515 0.0408618 0.0597532 0.0579237 0.0781942 0.232281 0.198846 0.0690888 9.9991E-05
9.996E-05 0.295362 9.996E-05 9.996E-05 9.996E-05 0.0623735 0.232521 0.111587 0.0548439 0.242913
0.0801303 0.0496471 0.0100109 0.0685709 9.9991E-05 0.0793107 0.324656 0.0118286 0.160402 0.215343
9.9982E-05 0.0315747 0.0044077 0.284126 0.00232753 0.0945438 0.402318 0.0766853 0.103817 9.9982E-05
9.997E-05 0.172161 0.0958164 0.0586253 0.0443365 0.0483301 0.511296 0.0691352 9.997E-05 9.997E-05
0.114153 0.168202 0.0747402 9.998E-05 0.0533582 0.109758 0.258495 9.998E-05 0.137804 0.0832896
0.181551 0.215414 0.156206 9.9964E-05 9.9964E-05 9.9964E-05 0.10411 0.0228862 0.319432 9.9964E-05
9.994E-05 0.138465 9.994E-05 0.642187 0.141585 0.0771629 9.994E-05 9.994E-05 9.994E-05 9.994E-05
0.057305 0.298189 0.0421512 0.331849 9.995E-05 9.995E-05 9.995E-05 0.270007 9.995E-05 9.995E-05
0.0746664 9.9973E-05 0.218033 0.105936 0.15742 0.0253319 0.116314 9.9973E-05 9.9973E-05 0.301999
0.0375382 0.18156 0.0711758 0.0414288 0.0690256 9.9973E-05 0.351363 0.247609 9.9973E-05 9.9973E-05
0.153421 0.219688 9.9982E-05 0.064988 0.0187137 0.0217807 0.403266 0.00436149 0.113582 9.9982E-05
0.596826 0.0667714 9.99639E-05 9.99639E-05 9.99639E-05 0.0274708 0.20542 0.0269339 9.99639E-05 0.0761773
0.0389226 0.627206 0.0436395 9.9955E-05 0.0716589 9.9955E-05 9.9955E-05 9.9955E-05 9.9955E-05 0.218073
9.9964E-05 9.9964E-05 9.9964E-05 0.366255 0.0155353 0.0312194 0.450165 9.9964E-05 0.0796331 0.0567922
0.094215 0.299375 0.00121556 9.9982E-05 9.9982E-05 0.0515331 0.323204 0.150874 0.00642447 0.0729598
9.9973E-05 0.267304 0.0410123 0.0534324 9.9973E-05 0.043624 0.33917 9.9973E-05 0.115409 0.139749
9.9973E-05 0.312758 9.9973E-05 0.235604 0.0384859 0.0392874 9.9973E-05 0.186613 0.15268 0.034271
9.99279E-05 9.99279E-05 9.99279E-05 9.99279E-05 9.99279E-05 0.0385629 9.99279E-05 0.960638 9.99279E-05 9.99279E-05
9.9955E-05 0.275444 9.9955E-05 9.9955E-05 0.158894 0.0039364 9.9955E-05 0.173189 0.388036 9.9955E-05
9.99371E-05 9.99371E-05 9.99371E-05 0.916552 0.0643963 9.99371E-05 9.99371E-05 0.0183521 9.99371E-05 9.99371E-05
0.102259 0.112033 0.0111918 9.9982E-05 0.146919 0.0631749 0.172962 9.9982E-05 0.276621 0.114638
9.998E-05 0.256819 0.131861 0.100093 0.0337907 0.089876 9.998E-05 0.00539076 0.0557531 0.326216
9.9973E-05 0.217069 0.182595 0.00772128 0.061919 0.0188697 0.469077 9.9973E-05 0.042449 9.9973E-05
0.0602148 9.9991E-05 0.128497 0.0245409 0.156859 0.0485011 0.118817 0.0195912 0.423313 0.019566
0.050518 9.9973E-05 0.126095 9.9973E-05 0.0204235 0.0597714 0.235507 0.114731 0.392654 9.9973E-05
0.160403 0.132772 9.9955E-05 9.9955E-05 9.9955E-05 9.9955E-05 0.0428428 0.527712 9.9955E-05 0.135771
9.9964E-05 9.9964E-05 0.0500179 0.366716 9.9964E-05 0.0105733 0.502152 0.00262244 9.9964E-05 0.0675175
9.9973E-05 9.9973E-05 9.9973E-05 0.0895298 0.106771 0.0435707 0.101837 0.166344 0.0906324 0.401015
0.0398863 0.27262 0.0949147 0.177033 9.9982E-05 0.0249464 9.9982E-05 0.123344 0.214518 0.052537
0.123234 0.0230055 0.0044063 9.9973E-05 9.9973E-05 9.9973E-05 0.163752 0.00303174 0.378459 0.303811
0.0676162 0.441882 0.0240481 0.0224609 9.9982E-05 0.0818463 0.138279 0.0601012 9.9982E-05 0.163566
0.178068 9.9973E-05 9.9973E-05 0.0440515 9.9973E-05 0.0374117 0.0594034 0.00800106 0.576059 0.0967053
0.0983501 0.0459994 0.01623 0.304783 9.9982E-05 0.0939467 9.9982E-05 0.116595 0.10698 0.216917
0.0681223 9.9982E-05 0.020505 9.9982E-05 0.0016183 0.076617 0.125035 0.0219712 0.217607 0.468325
0.055725 0.126423 0.474585 9.999E-05 0.0502492 0.0129877 0.0210065 0.000219373 0.0921937 0.166511
0.0306864 9.99549E-05 0.213925 9.99549E-05 0.167604 9.99549E-05 0.573558 9.99549E-05 9.99549E-05 0.0137275
0.200237 0.0621784 0.121928 9.997E-05 9.997E-05 0.0105056 0.0574985 9.997E-05 0.0857623 0.461591
9.9955E-05 0.0718204 9.9955E-05 0.115356 9.9955E-05 0.118702 0.337148 9.9955E-05 0.356474 9.9955E-05
0.000490443 9.99371E-05 9.99371E-05 9.99371E-05 9.99371E-05 9.99371E-05 9.99371E-05 9.99371E-05 0.827451 0.171359
0.137079 0.258052 9.9973E-05 9.9973E-05 9.9973E-05 0.00310228 0.0950522 0.116931 0.282027 0.107457
0.130131 0.324293 0.0718754 9.99729E-05 0.0337533 0.0381153 9.99729E-05 9.99729E-05 0.153553 0.247979
9.998E-05 0.057777 0.0315113 0.153116 0.110672 9.998E-05 0.232874 0.0727394 0.0750861 0.266024
9.99201E-05 0.999101 9.99201E-05 9.99201E-05 9.99201E-05 9.99201E-05 9.99201E-05 9.99201E-05 9.99201E-05 9.99201E-05
9.996E-05 0.269132 0.0334522 0.298479 0.0142245 0.0705174 9.996E-05 9.996E-05 0.313795 9.996E-05
9.99849E-05 0.0940164 0.00075901 0.276667 9.99849E-05 0.0107002 0.373903 0.0464006 0.141277 0.0560765
0.855154 9.9937E-05 9.9937E-05 0.0567431 9.9937E-05 0.0874035 9.9937E-05 9.9937E-05 9.9937E-05 9.9937E-05
9.9973E-05 9.9973E-05 0.128719 0.0309963 0.171078 9.9973E-05 0.00817389 0.499946 0.0263868 0.1344
9.9955E-05 0.0145804 9.9955E-05 9.9955E-05 0.0360524 0.0149611 9.9955E-05 0.924949 0.00895698 9.9955E-05
0.0132227 0.0927706 9.998E-05 9.998E-05 0.108619 0.109077 0.165088 0.112327 0.22695 0.171746
0.0454989 0.150428 9.9955E-05 9.9955E-05 9.9955E-05 0.0282497 0.764165 9.9955E-05 9.9955E-05 0.0111585
9.9937E-05 0.665934 9.9937E-05 0.290385 9.9937E-05 9.9937E-05 9.9937E-05 0.0429816 9.9937E-05 9.9937E-05
0.0980051 0.0996972 0.176901 0.0226624 0.0335152 0.0600973 0.284871 0.0629865 0.161165 9.9991E-05
0.0372431 0.0163863 9.9964E-05 9.9964E-05 0.0682752 0.00133529 0.156007 9.9964E-05 9.9964E-05 0.720354
0.00667395 9.9973E-05 0.188987 0.169422 9.9973E-05 0.0914404 0.183811 0.215886 9.9973E-05 0.14348
0.122392 0.260381 0.0245065 0.153038 9.9982E-05 0.115741 0.157286 0.131844 9.9982E-05 0.0346108
0.0750033 0.235112 0.0890496 0.0026636 0.0921615 0.0103117 0.308764 9.9991E-05 0.108578 0.078257
0.0716079 0.0682588 0.0982871 0.126668 0.16926 0.0109892 0.454629 9.9973E-05 9.9973E-05 9.9973E-05
9.9964E-05 0.00416568 0.219692 9.9964E-05 0.0474054 0.0750235 0.0615632 9.9964E-05 9.9964E-05 0.59175
9.9964E-05 0.0439682 0.0282662 9.9964E-05 0.00331854 0.1255 0.743275 9.9964E-05 9.9964E-05 0.0552722
9.9937E-05 0.95753 9.9937E-05 9.9937E-05 0.00994984 0.0318211 9.9937E-05 9.9937E-05 9.9937E-05 9.9937E-05
9.9928E-05 0.995481 9.9928E-05 9.9928E-05 9.9928E-05 9.9928E-05 9.9928E-05 9.9928E-05 0.00371992 9.9928E-05
0.031751 0.619357 0.0788315 0.0373334 9.9964E-05 0.0676195 0.164708 9.9964E-05 9.9964E-05 9.9964E-05
9.99639E-05 0.220556 0.00399577 9.99639E-05 9.99639E-05 0.083468 0.30497 0.131899 0.254711 9.99639E-05
9.9964E-05 0.413009 9.9964E-05 0.128102 9.9964E-05 0.0112939 0.12478 0.178318 0.144096 9.9964E-05
0.230599 0.0595169 0.0305863 0.0186906 0.00938598 9.9991E-05 0.0192901 0.0293167 0.37401 0.228505
0.116155 0.208666 0.0482675 0.190128 9.9964E-05 0.0685352 9.9964E-05 9.9964E-05 0.367848 9.9964E-05
0.00985192 0.116496 9.9973E-05 9.9973E-05 0.0216015 0.0803234 0.104647 9.9973E-05 0.333898 0.332883
9.997E-05 0.330697 0.0630436 0.0334237 9.997E-05 9.997E-05 0.176992 0.0901274 0.13078 0.174637
0.0263661 9.9973E-05 9.9973E-05 0.0344583 9.9973E-05 0.0629964 0.149643 0.656366 0.0377236 0.0321461
9.9946E-05 9.9946E-05 9.9946E-05 0.0530767 0.00756893 0.0698603 9.9946E-05 9.9946E-05 9.9946E-05 0.868894
0.124311 0.0580148 0.0523517 0.179765 0.0452677 0.0575063 0.238337 0.244247 9.998E-05 9.998E-05
9.9964E-05 0.058068 9.9964E-05 0.0408142 9.9964E-05 0.0362198 0.61222 0.162272 0.0900063 9.9964E-05
0.86837 9.99369E-05 9.99369E-05 9.99369E-05 0.0342922 9.99369E-05 9.99369E-05 0.0966385 9.99369E-05 9.99369E-05
9.9964E-05 9.9964E-05 9.9964E-05 0.271192 0.0691123 0.00861718 0.309459 9.9964E-05 0.191244 0.149976
9.9946E-05 0.184468 9.9946E-05 0.0474954 9.9946E-05 0.114753 9.9946E-05 9.9946E-05 0.652684 9.9946E-05
0.0143419 0.123589 0.158556 0.22215 9.9973E-05 0.0580169 9.9973E-05 0.103563 9.9973E-05 0.319483
9.9955E-05 0.101832 9.9955E-05 9.9955E-05 0.0570434 0.0447001 9.9955E-05 0.0255868 0.770338 9.9955E-05
0.0945443 0.0185129 0.0573959 0.131283 0.0850197 9.9982E-05 0.387403 0.109336 0.116306 9.9982E-05
9.9973E-05 0.029155 0.120679 9.9973E-05 0.0315109 9.9973E-05 0.271673 0.424377 0.0366255 0.0856806
9.99641E-05 9.99641E-05 9.99641E-05 9.99641E-05 0.016834 0.0488334 0.527741 0.0460952 0.0676353 0.292462
0.508859 9.9973E-05 0.00789462 0.0864565 9.9973E-05 0.0736795 0.194862 0.0503666 0.0775817 9.9973E-05
0.252822 0.315477 0.0156621 0.289987 9.9964E-05 9.9964E-05 9.9964E-05 0.122531 9.9964E-05 0.00312138
0.0307482 0.236113 0.0163011 0.0967751 0.00591812 0.0291088 0.342917 0.100559 9.999E-05 0.141459
0.999101 9.99201E-05 9.99201E-05 9.99201E-05 9.99201E-05 9.99201E-05 9.99201E-05 9.99201E-05 9.99201E-05 9.99201E-05
0.0629872 0.231103 0.135406 0.187667 0.12304 0.0220216 9.998E-05 9.998E-05 0.121194 0.116381
9.99201E-05 9.99201E-05 9.99201E-05 9.99201E-05 0.999101 9.99201E-05 9.99201E-05 9.99201E-05 9.99201E-05 9.99201E-05
0.0901215 0.117496 0.0967443 0.184058 0.102548 0.0202472 9.998E-05 0.29617 0.0924146 9.998E-05
0.0184362 9.9973E-05 0.215133 0.203357 9.9973E-05 9.9973E-05 0.227191 0.143206 0.0550928 0.137284
9.9982E-05 0.274244 0.0911387 0.223541 0.00237635 9.9982E-05 0.0527918 0.0132672 0.215478 0.126964
0.105541 9.9964E-05 0.0297639 9.9964E-05 9.9964E-05 9.9964E-05 0.413882 0.0924316 0.344407 0.0135749
0.170575 0.172451 0.0587516 9.997E-05 0.0781617 0.0890964 0.191046 9.997E-05 9.997E-05 0.239618
0.0804524 0.42741 0.032816 0.154629 9.9973E-05 0.0946947 9.9973E-05 0.118064 0.091635 9.9973E-05
9.9964E-05 0.361144 0.0328906 9.9964E-05 0.174352 0.0466851 0.339467 9.9964E-05 0.0450618 9.9964E-05
0.0805197 0.111941 9.997E-05 0.0609293 9.997E-05 0.126257 0.197313 9.997E-05 0.32774 0.0950003
0.112483 0.132912 0.0973067 0.0865817 9.9973E-05 0.0501612 9.9973E-05 9.9973E-05 0.452058 0.0681979
0.384068 0.148999 0.00128176 0.0975917 9.99729E-05 0.0692534 0.127614 9.99729E-05 0.170892 9.99729E-05
9.9973E-05 0.049079 0.104362 9.9973E-05 0.0327305 9.9973E-05 0.649838 0.0963635 0.0473255 0.0200022
0.999101 9.99201E-05 9.99201E-05 9.99201E-05 9.99201E-05 9.99201E-05 9.99201E-05 9.99201E-05 9.99201E-05 9.99201E-05
9.9955E-05 9.9955E-05 0.0686935 0.305055 0.1013 9.9955E-05 0.458772 0.0656799 9.9955E-05 9.9955E-05
9.9973E-05 9.9973E-05 9.9973E-05 0.198954 0.00302729 0.0088372 0.090126 0.515421 0.0731893 0.110146
0.0045528 0.285057 9.9946E-05 9.9946E-05 9.9946E-05 9.9946E-05 0.582772 9.9946E-05 0.127019 9.9946E-05
0.0951988 0.0605566 9.9964E-05 0.477333 9.9964E-05 0.0810062 0.139903 0.145603 9.9964E-05 9.9964E-05
9.9973E-05 0.0153836 9.9973E-05 0.0470776 0.0346503 0.0741376 0.616699 0.0740636 0.137688 9.9973E-05
0.31049 0.231765 9.996E-05 9.996E-05 9.996E-05 0.110273 0.178887 0.0731045 0.0950801 9.996E-05
0.012796 9.996E-05 9.996E-05 9.996E-05 0.0217662 0.0627676 0.615009 9.996E-05 0.266061 0.0211996
9.9964E-05 0.0626917 0.159391 0.181572 0.0166857 9.9964E-05 9.9964E-05 9.9964E-05 0.23156 0.3477
0.161121 0.0233749 0.0266877 0.156476 0.0226545 0.0317407 0.473912 9.999E-05 0.102155 0.00177917
9.9955E-05 9.9955E-05 0.104315 0.0801746 9.9955E-05 0.0377911 9.9955E-05 0.00932981 9.9955E-05 0.76789
9.9982E-05 0.105207 0.1031 0.352959 9.9982E-05 0.0425689 0.171401 0.108261 0.00987369 0.10643
0.18634 0.144846 9.996E-05 9.996E-05 0.0316747 0.0325225 0.300082 9.996E-05 0.304135 9.996E-05
9.9964E-05 0.422377 9.9964E-05 9.9964E-05 9.9964E-05 0.00304648 0.00996745 0.0855826 0.28601 0.192616
0.0647584 9.996E-05 9.996E-05 0.720411 9.996E-05 0.009162 9.996E-05 0.0124486 0.00686356 0.185957
9.9946E-05 9.9946E-05 9.9946E-05 0.113334 9.9946E-05 0.0185122 0.582435 0.285119 9.9946E-05 9.9946E-05
0.0688214 0.271131 9.998E-05 9.998E-05 0.0650924 0.112406 0.198414 0.0619496 0.106302 0.115684
0.243226 0.0722499 9.9964E-05 0.30714 9.9964E-05 0.002321 9.9964E-05 9.9964E-05 0.208158 0.166505
0.137648 0.144868 0.0472335 0.0720757 9.998E-05 0.0815818 0.375144 9.998E-05 0.0186521 0.122597
9.9955E-05 9.9955E-05 9.9955E-05 9.9955E-05 0.0220162 9.9955E-05 0.629647 0.14643 0.111378 0.0900279
9.9982E-05 0.134068 9.9982E-05 0.10707 0.0308196 0.0523528 0.204395 0.072291 0.136135 0.262668
9.99279E-05 9.99279E-05 0.869555 9.99279E-05 9.99279E-05 9.99279E-05 9.99279E-05 9.99279E-05 0.129645 9.99279E-05
9.99201E-05 9.99201E-05 0.999101 9.99201E-05 9.99201E-05 9.99201E-05 9.99201E-05 9.99201E-05 9.99201E-05 9.99201E-05
0.0272153 9.998E-05 0.0472078 0.0484284 9.998E-05 0.0112222 0.379612 0.0877785 0.162202 0.236134
9.9964E-05 0.320583 9.9964E-05 0.205552 0.0598599 9.9964E-05 0.0734867 0.103926 0.236193 9.9964E-05
0.00930834 0.0400203 9.9982E-05 9.9982E-05 0.102973 0.0667345 0.189005 0.109395 0.165098 0.317265
9.9964E-05 0.492196 0.154632 0.0683657 0.105548 0.0652002 9.9964E-05 9.9964E-05 9.9964E-05 0.113659
0.0423685 0.219106 9.995E-05 9.995E-05 0.0976614 9.995E-05 0.0478639 9.995E-05 9.995E-05 0.592501
0.0013734 0.0394648 9.9964E-05 0.161563 9.9964E-05 0.066112 0.418911 9.9964E-05 9.9964E-05 0.312176
0.00989586 9.9973E-05 0.212749 9.9973E-05 0.0784439 0.0631955 0.543923 0.0726607 9.9973E-05 0.0188328
0.323491 0.176173 9.9982E-05 0.148498 0.0654398 0.0986476 0.0601861 0.0754567 0.0519086 9.9982E-05
0.0177837 9.997E-05 0.0702954 0.177441 0.013943 0.0342206 0.449571 9.997E-05 9.997E-05 0.236446
9.99201E-05 9.99201E-05 9.99201E-05 9.99201E-05 9.99201E-05 0.999101 9.99201E-05 9.99201E-05 9.99201E-05 9.99201E-05
9.9964E-05 0.240723 0.0237788 9.9964E-05 0.0383465 0.055377 0.171036 0.470339 9.9964E-05 9.9964E-05
9.9955E-05 9.9955E-05 0.0468552 9.9955E-05 0.172476 0.0139138 9.9955E-05 0.0235616 0.742694 9.9955E-05
9.9955E-05 0.478609 9.9955E-05 0.112097 0.0695573 9.9955E-05 9.9955E-05 0.184212 9.9955E-05 0.155024
9.99549E-05 9.99549E-05 0.0452078 9.99549E-05 0.0409187 0.0434099 0.229217 9.99549E-05 0.640747 9.99549E-05
0.0867821 0.133718 0.0400737 9.997E-05 9.997E-05 0.142374 0.15491 0.053419 9.997E-05 0.388424
0.0222206 0.129855 0.171233 0.0572499 9.997E-05 0.0386506 0.399966 9.997E-05 9.997E-05 0.180526
0.043192 0.0872879 0.00171226 0.1144 9.998E-05 0.0365812 9.998E-05 0.280165 0.00958093 0.426881
0.18644 0.0567078 0.232906 0.0705996 0.074343 0.0767404 0.014511 0.121289 0.166363 9.9991E-05
9.996E-05 0.208983 9.996E-05 9.996E-05 9.996E-05 0.00914124 0.242982 0.148684 0.133325 0.256484
0.150572 0.327185 0.0476386 9.9982E-05 0.0758606 0.0441928 0.174441 0.130558 0.0493521 9.9982E-05
0.142679 9.9946E-05 9.9946E-05 9.9946E-05 9.9946E-05 9.9946E-05 0.112597 0.735823 0.00830194 9.9946E-05
0.0646091 0.0990562 9.997E-05 0.185073 9.997E-05 0.0634806 0.408192 0.124316 0.0549737 9.997E-05
9.9946E-05 9.9946E-05 9.9946E-05 0.751201 9.9946E-05 0.0628844 9.9946E-05 0.00746613 0.177849 9.9946E-05
9.99201E-05 9.99201E-05 9.99201E-05 9.99201E-05 9.99201E-05 0.999101 9.99201E-05 9.99201E-05 9.99201E-05 9.99201E-05
9.9982E-05 0.224023 0.0237407 0.0414406 9.9982E-05 0.376745 0.0583375 0.0697231 0.00147938 0.204311
9.9955E-05 0.0342373 0.379571 9.9955E-05 0.0334715 9.9955E-05 0.268005 9.9955E-05 0.284216 9.9955E-05
0.0811031 9.9973E-05 0.0512595 9.9973E-05 9.9973E-05 0.0681687 0.218804 0.217319 0.0974294 0.265616
9.9937E-05 9.9937E-05 9.9937E-05 9.9937E-05 0.0504833 0.0668688 9.9937E-05 0.881948 9.9937E-05 9.9937E-05
9.9991E-05 0.338109 0.0100125 0.167163 0.0076643 0.0464266 0.0671788 0.122083 0.0929069 0.148357
9.995E-05 9.995E-05 9.995E-05 9.995E-05 0.0805361 0.0175513 0.0308036 9.995E-05 0.0874616 0.783148
9.99201E-05 9.99201E-05 0.999101 9.99201E-05 9.99201E-05 9.99201E-05 9.99201E-05 9.99201E-05 9.99201E-05 9.99201E-05
0.0333072 0.209628 0.0176423 0.205827 9.9991E-05 0.0988218 0.232605 0.116872 0.00503518 0.0801619
0.0563687 0.402839 9.99369E-05 9.99369E-05 9.99369E-05 9.99369E-05 9.99369E-05 9.99369E-05 9.99369E-05 0.540093
0.0783381 0.0932161 0.0727411 9.9973E-05 0.144741 9.9973E-05 0.134347 9.9973E-05 0.271443 0.204874
0.131843 0.0979728 9.9973E-05 9.9973E-05 0.0225024 0.126235 9.9973E-05 0.308969 0.250529 0.0616489
9.9937E-05 9.9937E-05 0.30094 9.9937E-05 9.9937E-05 9.9937E-05 9.9937E-05 0.0953599 9.9937E-05 0.603
9.996E-05 9.996E-05 9.996E-05 0.0414853 9.996E-05 0.136663 0.284872 0.130296 0.286752 0.119531
9.997E-05 0.22836 0.0285156 9.997E-05 0.122653 9.997E-05 0.0805199 0.0222614 0.218783 0.298607
9.9955E-05 9.9955E-05 9.9955E-05 0.318651 9.9955E-05 0.0654983 0.0635551 9.9955E-05 0.377525 0.174271
0.041806 9.9982E-05 0.0246224 0.190157 0.037509 9.9982E-05 0.0837435 0.106714 0.30746 0.207788
9.9928E-05 0.0227142 9.9928E-05 9.9928E-05 0.976486 9.9928E-05 9.9928E-05 9.9928E-05 9.9928E-05 9.9928E-05
9.9964E-05 9.9964E-05 0.117799 0.245843 0.0437762 9.9964E-05 0.190322 9.9964E-05 0.128649 0.273211
0.0647826 9.9928E-05 9.9928E-05 0.934418 9.9928E-05 9.9928E-05 9.9928E-05 9.9928E-05 9.9928E-05 9.9928E-05
0.0553844 0.365075 9.997E-05 0.162599 9.997E-05 0.0935763 0.171634 0.137487 0.0139454 9.997E-05
9.9964E-05 0.316419 0.265647 9.9964E-05 0.0811996 0.0307399 9.9964E-05 0.230063 9.9964E-05 0.0755315
0.149555 0.00421189 9.995E-05 9.995E-05 9.995E-05 9.995E-05 0.39648 0.113082 0.336171 9.995E-05
0.0154964 9.996E-05 0.0184531 0.235915 9.996E-05 0.00597819 9.996E-05 0.10573 0.618028 9.996E-05
9.99201E-05 9.99201E-05 9.99201E-05 9.99201E-05 0.999101 9.99201E-05 9.99201E-05 9.99201E-05 9.99201E-05 9.99201E-05
0.00273139 0.191892 9.9973E-05 9.9973E-05 9.9973E-05 0.0876575 0.22722 0.0696089 0.0140151 0.406575
0.0417765 9.9973E-05 0.038646 0.0292487 0.13596 0.0560733 9.9973E-05 0.416266 9.9973E-05 0.281729
9.99639E-05 0.340503 0.0746111 0.0148158 9.99639E-05 9.99639E-05 0.220016 0.00324372 0.34641 9.99639E-05
0.0288809 9.996E-05 0.304656 0.144015 9.996E-05 9.996E-05 0.219979 0.0548823 9.996E-05 0.247187
