0.0150722 0.0706458 9.99549E-05 9.99549E-05 0.0483768 0.0164594 9.99549E-05 0.848946 9.99549E-05 9.99549E-05
0.130387 0.198598 9.99639E-05 9.99639E-05 0.274693 9.99639E-05 9.99639E-05 0.0837081 0.161 0.151214
9.9973E-05 9.9973E-05 0.1299 0.0143144 0.590052 0.044518 0.00834997 0.133016 9.9973E-05 0.079549
9.9973E-05 0.0957694 0.0961113 0.0812228 9.9973E-05 0.0947414 0.108664 0.223748 0.299443 9.9973E-05
9.9964E-05 9.9964E-05 0.101487 0.0615991 0.437333 0.0750666 0.0534037 9.9964E-05 0.27071 9.9964E-05
0.0829701 9.9973E-05 9.9973E-05 9.9973E-05 0.357279 0.108498 0.325424 0.00395411 0.104124 0.0174512
9.99639E-05 0.227259 9.99639E-05 0.118081 0.0790105 9.99639E-05 0.159331 0.285651 0.130267 9.99639E-05
0.0220389 9.9964E-05 0.0169915 9.9964E-05 0.533658 9.9964E-05 0.175635 0.0653748 9.9964E-05 0.185902
9.9964E-05 0.0978948 0.0638318 9.9964E-05 0.711073 0.0117645 9.9964E-05 0.0887009 9.9964E-05 0.0263349
0.034086 0.284073 0.0245846 0.0909846 0.320758 0.125587 0.0845082 0.0352186 9.9982E-05 9.9982E-05
0.438788 0.101962 9.9964E-05 0.0355007 0.264658 0.144364 9.9964E-05 9.9964E-05 0.0143274 9.9964E-05
0.360252 0.348361 0.0497983 0.0448015 9.99639E-05 9.99639E-05 0.116691 9.99639E-05 0.0796959 9.99639E-05
9.99639E-05 9.99639E-05 0.0308854 0.0949713 0.500828 0.0351702 9.99639E-05 0.0105356 0.32721 9.99639E-05
0.164027 0.00334142 0.042908 0.0567537 0.127373 0.0583197 9.9991E-05 0.265079 0.150103 0.131996
0.751123 9.99369E-05 9.99369E-05 9.99369E-05 0.158282 9.99369E-05 9.99369E-05 9.99369E-05 9.99369E-05 0.0898956
0.0627426 0.122696 0.179912 0.0645198 9.9982E-05 0.0439958 0.0780255 0.090619 9.9982E-05 0.357289
0.967046 9.99278E-05 9.99278E-05 9.99278E-05 9.99278E-05 9.99278E-05 9.99278E-05 9.99278E-05 9.99278E-05 0.0321543
0.176075 9.9973E-05 0.195474 0.189804 0.206764 0.0761456 9.9973E-05 0.130124 9.9973E-05 0.025313
9.99639E-05 0.361319 9.99639E-05 0.0781744 0.084188 9.99639E-05 0.355317 0.00854691 0.112055 9.99639E-05
9.9982E-05 9.9982E-05 0.0527991 0.0562898 0.277812 0.0883599 0.0795262 0.298468 0.100286 0.0462599
0.0701317 0.0233157 9.99729E-05 0.0828714 0.469889 0.00913434 9.99729E-05 0.255434 0.0889237 9.99729E-05
0.173905 9.9973E-05 9.9973E-05 9.9973E-05 0.522721 0.0485266 0.0297158 0.113522 0.0584432 0.0528665
9.9991E-05 0.0686519 0.00157966 0.0993093 0.172849 0.065431 0.175799 0.0462832 0.187631 0.182365
0.0582841 9.9982E-05 0.273152 0.00611217 0.00594336 9.9982E-05 0.0634675 0.108723 0.383141 0.100976
0.509357 0.157186 9.9955E-05 0.0670428 0.0643439 0.20157 9.9955E-05 9.9955E-05 9.9955E-05 9.9955E-05
0.3354 0.0684022 0.0331209 9.9973E-05 0.0643691 9.9973E-05 9.9973E-05 0.229216 0.250772 0.0184191
9.9973E-05 0.305147 0.0566203 0.0931648 9.9973E-05 0.105802 0.260327 0.0109876 9.9973E-05 0.167652
0.0307749 0.169786 0.137778 9.9982E-05 0.141213 0.040185 9.9982E-05 0.192982 0.226902 0.0601792
0.244783 9.9955E-05 0.0521584 9.9955E-05 0.580978 0.0498943 0.0716868 9.9955E-05 9.9955E-05 9.9955E-05
9.99369E-05 9.99369E-05 0.612214 9.99369E-05 0.350281 9.99369E-05 9.99369E-05 9.99369E-05 9.99369E-05 0.0368056
0.0765459 0.0772121 0.0842181 0.0315297 0.333649 0.107296 9.9982E-05 9.9982E-05 0.286696 0.00265359
9.99639E-05 0.715256 9.99639E-05 0.0245466 9.99639E-05 0.0189067 0.204122 0.0358844 9.99639E-05 0.000884519
0.0660667 9.9982E-05 0.0501181 0.145848 0.000996327 9.9982E-05 0.177413 0.0302159 0.470208 0.0589339
0.159868 9.99729E-05 9.99729E-05 0.0703893 0.147676 0.082163 0.0672109 9.99729E-05 0.418688 0.0537052
0.372292 0.232745 9.9964E-05 0.116818 9.9964E-05 0.022029 9.9964E-05 0.0102386 0.245479 9.9964E-05
9.9928E-05 9.9928E-05 9.9928E-05 0.0202577 9.9928E-05 9.9928E-05 9.9928E-05 0.978943 9.9928E-05 9.9928E-05
9.9973E-05 9.9973E-05 0.0301595 0.00744034 9.9973E-05 0.165881 0.0844423 0.144219 0.544565 0.0229923
0.431316 0.258275 0.025262 0.0194779 9.9964E-05 0.0255269 9.9964E-05 0.239742 9.9964E-05 9.9964E-05
9.99639E-05 9.99639E-05 0.0275447 0.0352869 0.270655 0.0700223 0.563118 9.99639E-05 9.99639E-05 0.0329728
0.113965 9.99729E-05 9.99729E-05 0.034646 0.158789 9.99729E-05 0.235436 0.204996 0.153546 0.0983217
9.9964E-05 9.9964E-05 0.0016798 0.0737104 0.45742 0.0563025 9.9964E-05 9.9964E-05 0.243615 0.166873
9.9964E-05 9.9964E-05 9.9964E-05 0.0292484 9.9964E-05 0.153486 0.552667 0.0317552 0.072335 0.160109
0.0571002 9.9991E-05 0.0085237 0.0209224 0.401414 0.0389899 0.207695 0.164463 0.0286835 0.0721078
0.0178742 0.48679 0.0445629 9.9955E-05 9.9955E-05 9.9955E-05 9.9955E-05 0.117659 0.332614 9.9955E-05
9.99549E-05 0.664462 9.99549E-05 0.13799 9.99549E-05 9.99549E-05 9.99549E-05 0.0397217 0.0737632 0.0835627
0.0662182 0.227673 9.9964E-05 9.9964E-05 0.0503026 0.127119 0.48916 0.0391273 9.9964E-05 9.9964E-05
0.301541 0.0371925 9.9964E-05 9.9964E-05 9.9964E-05 9.9964E-05 0.415221 0.118135 0.00986681 0.117644
9.9964E-05 0.0374304 0.000854761 9.9964E-05 0.175994 9.9964E-05 0.53039 9.9964E-05 0.0649935 0.189937
0.236454 0.301882 0.0458646 0.0448834 9.9973E-05 9.9973E-05 0.224688 9.9973E-05 0.0866351 0.0592932
0.258123 9.9973E-05 0.0209745 0.0270118 0.414173 9.9973E-05 0.130836 0.0962237 9.9973E-05 0.0523582
0.351579 0.0400246 0.02688 0.0869844 0.267314 0.0824455 9.9973E-05 0.144473 9.9973E-05 9.9973E-05
9.9982E-05 0.131905 0.0732165 0.107685 0.209172 9.9982E-05 0.262235 0.0231419 0.152085 0.0403597
9.9973E-05 0.0653888 0.0408246 0.0637238 9.9973E-05 0.0304294 0.107855 9.9973E-05 0.262709 0.42877
9.9982E-05 0.0253057 0.0735922 0.0429512 0.44872 0.116509 0.160479 0.050344 9.9982E-05 0.0818983
9.9955E-05 0.619759 0.123926 9.9955E-05 9.9955E-05 9.9955E-05 0.0560486 9.9955E-05 0.00879915 0.190967
9.9937E-05 9.9937E-05 0.0207619 0.0573278 9.9937E-05 9.9937E-05 0.921211 9.9937E-05 9.9937E-05 9.9937E-05
9.9946E-05 0.809271 9.9946E-05 0.0293781 9.9946E-05 0.000380044 9.9946E-05 9.9946E-05 9.9946E-05 0.160371
9.999E-05 0.519284 0.066488 0.0653693 0.00988901 0.0380229 0.0466738 0.0250861 0.204374 0.024713
0.173528 0.208137 0.0601106 0.0881956 0.156598 9.9982E-05 0.210801 9.9982E-05 0.026403 0.0760267
0.102913 0.509388 0.00233881 0.105736 9.99729E-05 0.08327 0.134964 0.0610912 9.99729E-05 9.99729E-05
9.99201E-05 9.99201E-05 9.99201E-05 9.99201E-05 9.99201E-05 9.99201E-05 9.99201E-05 9.99201E-05 0.999101 9.99201E-05
0.502352 9.9955E-05 9.9955E-05 0.0658125 9.9955E-05 0.105066 0.129728 9.9955E-05 0.196542 9.9955E-05
0.113958 9.9964E-05 9.9964E-05 0.0271857 0.244651 9.9964E-05 0.456011 0.137215 0.0205785 9.9964E-05
9.9937E-05 9.9937E-05 0.808502 0.0601432 9.9937E-05 9.9937E-05 9.9937E-05 0.130655 9.9937E-05 9.9937E-05
0.00614074 0.0120084 9.9982E-05 9.9982E-05 0.0278302 0.154867 0.213017 0.322039 0.122598 0.1413
9.9937E-05 9.9937E-05 9.9937E-05 9.9937E-05 9.9937E-05 0.0260845 9.9937E-05 0.972803 0.0004131 9.9937E-05
9.9982E-05 0.0491433 0.0488258 0.00896789 0.153641 0.155188 9.9982E-05 0.370364 0.17139 0.0422793
0.00899959 0.00145527 0.0240965 0.0244726 0.382953 9.9973E-05 0.554269 9.9973E-05 0.00345445 9.9973E-05
0.130279 9.9964E-05 0.0372625 0.043311 9.9964E-05 9.9964E-05 0.26661 0.280372 0.241766 9.9964E-05
0.00393361 0.00974038 0.112102 0.108641 0.449275 9.9982E-05 9.9982E-05 0.024296 0.154621 0.137192
9.9973E-05 0.492388 0.0986468 0.0252689 0.0725023 0.0969206 0.00321608 9.9973E-05 0.210757 9.9973E-05
0.477018 9.9982E-05 0.023354 0.0138433 0.0316838 9.9982E-05 0.110213 0.280072 0.00444105 0.0591751
0.199568 9.9982E-05 0.141901 0.0953252 0.384761 0.0306693 9.9982E-05 0.0212579 0.125288 0.00102941
0.144554 0.218309 0.0921117 9.9982E-05 0.177252 0.0374069 0.314786 9.9982E-05 0.00268505 0.0126958
0.216741 0.239222 0.0120363 9.9964E-05 0.399127 0.122011 9.9964E-05 0.0104631 9.9964E-05 9.9964E-05
9.9964E-05 0.292353 9.9964E-05 0.0623938 0.335834 0.0382106 9.9964E-05 9.9964E-05 0.00116119 0.269648
0.00055172 0.303705 0.00597768 0.0876979 0.0356919 0.0171431 0.34364 0.0113604 0.186733 0.00749954
9.99369E-05 9.99369E-05 9.99369E-05 0.0332169 9.99369E-05 0.0198958 9.99369E-05 9.99369E-05 0.946188 9.99369E-05
9.99201E-05 9.99201E-05 9.99201E-05 9.99201E-05 9.99201E-05 9.99201E-05 9.99201E-05 9.99201E-05 0.999101 9.99201E-05
0.0823415 9.9937E-05 0.0792815 9.9937E-05 9.9937E-05 9.9937E-05 9.9937E-05 9.9937E-05 0.837677 9.9937E-05
0.00240127 0.161299 0.00678041 0.0629125 0.303835 0.0242918 0.0609172 0.0786951 0.264098 0.03477
0.115841 0.201122 0.051798 0.0316538 0.0289008 0.0261037 0.0830302 0.115554 0.345896 9.9991E-05
9.9973E-05 0.306261 0.176768 9.9973E-05 0.0466096 0.07426 0.314952 0.0197544 0.0610961 9.9973E-05
0.132432 9.9973E-05 0.0933981 0.0239297 0.340372 0.060107 0.266183 9.9973E-05 9.9973E-05 0.083278
0.0844457 0.105517 0.0251353 0.0306474 9.9973E-05 9.9973E-05 0.487969 0.180788 0.0851981 9.9973E-05
0.0014386 0.221378 9.9982E-05 0.0180434 0.325245 0.0491818 9.9982E-05 0.0444168 0.225589 0.114508
0.0269172 9.99639E-05 9.99639E-05 0.0411637 0.112249 9.99639E-05 0.167638 0.59054 0.0610926 9.99639E-05
0.0438569 0.145114 9.99731E-05 0.0908556 0.436952 0.0746432 0.00946957 9.99731E-05 0.198809 9.99731E-05
0.277532 9.99639E-05 0.242324 0.0674873 9.99639E-05 0.101577 9.99639E-05 0.237025 9.99639E-05 0.0736548
9.9955E-05 0.362235 9.9955E-05 0.0524785 0.426247 9.9955E-05 0.0827362 0.0758034 9.9955E-05 9.9955E-05
9.9946E-05 9.9946E-05 0.919028 9.9946E-05 0.0211895 0.0383842 9.9946E-05 0.0207983 9.9946E-05 9.9946E-05
0.372387 0.150027 9.9937E-05 9.9937E-05 0.476887 9.9937E-05 9.9937E-05 9.9937E-05 9.9937E-05 9.9937E-05
9.9973E-05 9.9973E-05 0.0250471 0.0597656 9.9973E-05 0.0799036 0.631592 0.086153 0.0314571 0.0857815
0.321864 9.9973E-05 0.112808 0.0398775 0.193115 9.9973E-05 9.9973E-05 0.0138045 0.106812 0.211419
9.9946E-05 9.9946E-05 9.9946E-05 9.9946E-05 9.9946E-05 0.0177999 0.6345 0.149229 0.197872 9.9946E-05
0.0138555 9.9973E-05 0.0703481 9.9973E-05 0.420977 0.0632609 0.0225942 0.12694 0.281724 9.9973E-05
9.9964E-05 0.434268 9.9964E-05 9.9964E-05 0.180161 0.0160761 9.9964E-05 0.232367 0.0500777 0.0866492
9.99461E-05 0.268656 9.99461E-05 9.99461E-05 9.99461E-05 0.0889755 0.615551 0.026218 9.99461E-05 9.99461E-05
0.0851107 9.99551E-05 0.427174 0.126109 9.99551E-05 9.99551E-05 0.31142 0.0496865 9.99551E-05 9.99551E-05
0.429862 0.0385254 0.37578 9.99549E-05 0.0309076 9.99549E-05 9.99549E-05 9.99549E-05 0.124425 9.99549E-05
0.115692 0.173439 0.140711 0.0532772 0.249699 9.9982E-05 0.134281 0.102308 0.030393 9.9982E-05
9.99201E-05 9.99201E-05 0.999101 9.99201E-05 9.99201E-05 9.99201E-05 9.99201E-05 9.99201E-05 9.99201E-05 9.99201E-05
0.2732 9.9982E-05 0.0728537 0.0254676 0.081915 0.1814 0.172135 9.9982E-05 0.0762039 0.116625
9.99279E-05 9.99279E-05 9.99279E-05 0.0306421 9.99279E-05 0.968558 9.99279E-05 9.99279E-05 9.99279E-05 9.99279E-05
0.071139 0.146709 9.9982E-05 0.0571274 0.39992 0.0344333 9.9982E-05 0.016737 0.0632479 0.210487
0.0691779 0.080383 9.99639E-05 9.99639E-05 0.251203 9.99639E-05 0.459498 0.010719 9.99639E-05 0.128619
0.275946 0.0820066 9.9973E-05 9.9973E-05 0.165083 9.9973E-05 0.14531 0.0700424 0.147376 0.113935
0.00781395 0.0660035 9.9991E-05 0.0360388 0.215155 0.0575093 0.00402196 0.127878 0.37721 0.10827
0.0842648 0.0331299 0.0591341 9.9973E-05 0.437598 0.0280203 0.347489 9.9973E-05 9.9973E-05 0.0100633
0.123857 0.0335169 0.052262 0.0765956 0.284518 0.0730434 0.165878 0.104321 0.0570419 0.0289666
9.9973E-05 9.9973E-05 9.9973E-05 0.046457 0.260076 0.140894 0.332796 0.112456 0.018021 0.089
9.9964E-05 0.0662134 0.0662673 0.0980472 0.451038 0.0268666 0.291168 9.9964E-05 9.9964E-05 9.9964E-05
0.122049 0.211533 0.0790232 0.0159232 0.0130382 0.0330253 0.350824 9.9991E-05 0.000600034 0.173884
0.0992309 9.99639E-05 0.366636 0.0930727 9.99639E-05 0.0144418 0.371148 9.99639E-05 9.99639E-05 0.0550707
0.0220546 0.199673 0.00938565 0.00952778 0.10889 9.9991E-05 0.17202 0.223615 0.236793 0.0179402
9.9928E-05 0.000656071 0.998545 9.9928E-05 9.9928E-05 9.9928E-05 9.9928E-05 9.9928E-05 9.9928E-05 9.9928E-05
0.240277 0.0512593 9.9955E-05 9.9955E-05 0.53238 0.143992 9.9955E-05 9.9955E-05 9.9955E-05 0.0315925
0.0866927 0.205549 0.0161366 0.0506954 9.9973E-05 0.00389442 9.9973E-05 0.497784 0.138948 9.9973E-05
9.9955E-05 0.139681 9.9955E-05 9.9955E-05 0.415087 9.9955E-05 0.104435 9.9955E-05 0.327522 0.012774
0.18993 0.453708 0.0148832 0.112877 0.112359 9.9964E-05 0.115842 9.9964E-05 9.9964E-05 9.9964E-05
0.155976 0.0105511 9.9991E-05 0.0796847 0.0408552 0.0426552 0.106108 0.290653 0.252764 0.0206527
0.112417 9.9973E-05 0.433336 0.0625472 0.0741204 9.9973E-05 0.0198414 0.111865 0.185573 9.9973E-05
0.235953 0.0914859 0.0862987 0.046921 0.111353 0.00547182 0.0690476 0.0813755 0.271994 9.9991E-05
0.0693208 0.135648 9.9973E-05 9.9973E-05 0.0212203 0.0622866 0.292757 9.9973E-05 0.0568483 0.361619
0.0182737 0.374374 0.171799 0.0563631 9.9973E-05 0.0270779 0.3325 9.9973E-05 9.9973E-05 0.0193131
0.452965 9.9973E-05 0.0398124 9.9973E-05 0.164455 9.9973E-05 0.199513 0.0562136 0.0361668 0.0505732
0.148647 0.219162 9.9973E-05 0.0554978 0.148616 9.9973E-05 0.348821 0.0365962 9.9973E-05 0.0423604
9.9982E-05 0.190225 0.193528 0.00225561 0.116551 0.0513116 0.327677 0.00443705 0.113815 9.9982E-05
9.9964E-05 0.461505 9.9964E-05 0.0297634 0.193993 9.9964E-05 9.9964E-05 0.015299 0.180348 0.118691
0.4292 0.377532 0.0698335 0.0358193 9.9964E-05 9.9964E-05 9.9964E-05 0.0453949 0.0418212 9.9964E-05
0.116943 9.9946E-05 9.9946E-05 9.9946E-05 0.122791 9.9946E-05 0.216387 0.54328 9.9946E-05 9.9946E-05
0.0317795 9.9982E-05 0.0729392 0.0524382 9.9982E-05 0.0565988 0.486246 0.0515682 0.214095 0.0341354
0.105654 0.0270756 0.135809 9.9973E-05 0.204474 9.9973E-05 0.384356 9.9973E-05 0.137087 0.00524503
9.9964E-05 9.9964E-05 0.0820839 0.0850514 0.587202 0.00972499 9.9964E-05 9.9964E-05 0.234112 0.00142621
9.9964E-05 0.148878 9.9964E-05 0.0100368 0.244838 0.0419659 0.439647 0.114235 9.9964E-05 9.9964E-05
9.9955E-05 0.449748 9.9955E-05 0.0878416 9.9955E-05 0.0905673 0.335326 9.9955E-05 0.0360177 9.9955E-05
9.99201E-05 9.99201E-05 9.99201E-05 9.99201E-05 9.99201E-05 9.99201E-05 9.99201E-05 9.99201E-05 9.99201E-05 0.999101
9.99201E-05 9.99201E-05 9.99201E-05 9.99201E-05 9.99201E-05 9.99201E-05 9.99201E-05 9.99201E-05 9.99201E-05 0.999101
0.0360013 0.2217 9.9964E-05 0.0749979 0.59651 9.9964E-05 9.9964E-05 0.053799 9.9964E-05 0.0165924
0.123529 0.105496 9.9955E-05 9.9955E-05 9.9955E-05 0.0725202 0.195903 9.9955E-05 0.502053 9.9955E-05
9.9973E-05 0.226888 0.0364479 0.0759349 0.113438 0.0565566 0.301852 9.9973E-05 0.188583 9.9973E-05
0.204052 9.9973E-05 9.9973E-05 0.0369043 0.332188 0.089481 0.259033 9.9973E-05 0.0211161 0.0569262
0.0175413 0.355564 0.103151 9.9955E-05 9.9955E-05 0.10153 9.9955E-05 9.9955E-05 0.421713 9.9955E-05
0.0105409 0.451904 0.00942387 9.99639E-05 0.128162 9.99639E-05 0.152981 0.246588 9.99639E-05 9.99639E-05
9.9973E-05 0.0289827 0.0629419 9.9973E-05 9.9973E-05 0.125494 0.415871 0.104723 0.169483 0.0922044
0.0846582 9.9973E-05 0.308079 0.0571801 0.016948 9.9973E-05 0.237672 0.2111 0.0840628 9.9973E-05
9.9973E-05 9.9973E-05 9.9973E-05 0.0119268 0.518683 0.0544316 0.154028 0.235775 0.0244285 0.000427451
9.99201E-05 9.99201E-05 9.99201E-05 0.999101 9.99201E-05 9.99201E-05 9.99201E-05 9.99201E-05 9.99201E-05 9.99201E-05
9.9964E-05 0.00132454 9.9964E-05 0.078274 0.0616327 0.0485147 9.9964E-05 0.548124 0.26173 9.9964E-05
9.9946E-05 9.9946E-05 9.9946E-05 9.9946E-05 9.9946E-05 0.186767 0.508115 0.104969 9.9946E-05 0.19955
0.0777571 0.428901 9.9973E-05 0.100822 9.9973E-05 0.0344649 0.0524809 9.9973E-05 0.206158 0.0991167
0.148136 9.9973E-05 9.9973E-05 0.00601932 0.419871 0.153803 0.11403 9.9973E-05 0.082149 0.0756914
9.9973E-05 0.127322 0.110522 0.0827593 0.573621 0.00773602 9.9973E-05 9.9973E-05 0.0270683 0.0706714
0.0577899 0.122645 0.0469998 0.068259 0.303158 0.0113717 0.0321271 0.0208237 0.216774 0.120051
0.0715192 0.14747 0.00552409 0.0863015 0.275589 9.9982E-05 9.9982E-05 0.0292404 0.241426 0.14273
0.0875606 9.9991E-05 0.0919732 0.0746491 0.301668 0.0370722 0.18658 0.0699575 0.00024163 0.150198
9.99729E-05 0.294848 9.99729E-05 0.083623 0.077267 9.99729E-05 0.111389 0.119548 0.286793 0.0262321
9.99729E-05 9.99729E-05 0.0927599 0.0705733 0.324304 0.0515172 0.183153 9.99729E-05 0.183009 0.0943836
9.9946E-05 9.9946E-05 0.131629 9.9946E-05 9.9946E-05 9.9946E-05 0.0331966 0.797292 9.9946E-05 0.0372827
0.106785 9.9991E-05 0.0542854 0.0159241 0.352967 0.010248 0.157251 0.162395 0.0232962 0.116748
0.374479 9.9964E-05 9.9964E-05 0.00627205 9.9964E-05 0.0803419 0.212124 0.128388 0.197994 9.9964E-05
9.99201E-05 9.99201E-05 9.99201E-05 0.999101 9.99201E-05 9.99201E-05 9.99201E-05 9.99201E-05 9.99201E-05 9.99201E-05
0.0441356 9.99549E-05 9.99549E-05 0.459061 0.271789 9.99549E-05 9.99549E-05 0.1193 9.99549E-05 0.105214
9.9982E-05 0.0946045 9.9982E-05 0.00293106 0.351621 0.0218969 0.0442951 0.0204916 0.24044 0.22352
9.9946E-05 0.346912 9.9946E-05 0.000689325 0.585453 9.9946E-05 9.9946E-05 9.9946E-05 0.0663452 9.9946E-05
9.9955E-05 0.0799728 9.9955E-05 0.103687 9.9955E-05 0.00743002 9.9955E-05 0.697891 0.110519 9.9955E-05
0.155991 0.233444 9.99819E-05 0.0629767 0.0152891 9.99819E-05 0.111308 0.223801 0.0769358 0.120054
0.0903764 0.0873171 9.9982E-05 0.037996 0.507191 0.0782533 0.17187 0.0123184 9.9982E-05 0.014478
9.99279E-05 9.99279E-05 9.99279E-05 9.99279E-05 9.99279E-05 9.99279E-05 9.99279E-05 0.0427461 9.99279E-05 0.956454
0.15191 9.9964E-05 0.0425326 0.0888208 0.560069 9.9964E-05 9.9964E-05 0.141007 0.0152605 9.9964E-05
0.0120456 0.316011 0.0628592 9.9982E-05 0.20798 0.00500649 0.074178 9.9982E-05 0.12371 0.19801
0.0967749 0.256865 0.0316536 0.0845616 0.26747 0.0739592 9.99859E-05 9.99859E-05 0.111009 0.077506
9.9973E-05 9.9973E-05 0.166582 0.0626685 9.9973E-05 0.0168677 0.460711 0.0487449 0.172721 0.0714044
0.181111 0.427181 9.9964E-05 9.9964E-05 9.9964E-05 0.0073792 9.9964E-05 0.00316484 0.032105 0.348659
0.215734 9.9964E-05 9.9964E-05 0.0331948 0.128817 0.00206964 0.380681 0.239104 9.9964E-05 9.9964E-05
0.128979 0.11665 0.0126018 9.9973E-05 9.9973E-05 0.0996525 0.437752 9.9973E-05 0.131105 0.0729596
0.240759 0.185194 9.9982E-05 0.0659487 0.030325 9.9982E-05 0.252387 0.0459383 0.112979 0.0662685
0.128706 0.450518 9.9982E-05 9.9982E-05 0.196535 0.00438519 0.0237802 0.00860302 0.0201644 0.167109
0.00942399 9.9937E-05 0.0177162 9.9937E-05 9.9937E-05 0.97216 9.9937E-05 9.9937E-05 9.9937E-05 9.9937E-05
0.0798269 0.31716 0.0663944 9.9982E-05 0.15168 0.058808 9.9982E-05 0.147748 0.156795 0.0213886
0.999101 9.99201E-05 9.99201E-05 9.99201E-05 9.99201E-05 9.99201E-05 9.99201E-05 9.99201E-05 9.99201E-05 9.99201E-05
0.00431949 0.0175219 0.0960827 0.10871 0.659851 0.00178927 9.9982E-05 0.0530394 0.0584869 9.9982E-05
9.9973E-05 0.107157 9.9973E-05 0.0625959 0.0888696 0.0543049 9.9973E-05 0.297477 0.141478 0.247818
9.9937E-05 9.9937E-05 0.102423 9.9937E-05 0.70117 9.9937E-05 9.9937E-05 0.195707 9.9937E-05 9.9937E-05
0.195152 0.0962991 0.0516219 0.0151877 9.9982E-05 9.9982E-05 0.094001 0.185404 0.209619 0.152516
9.99201E-05 9.99201E-05 9.99201E-05 9.99201E-05 9.99201E-05 0.999101 9.99201E-05 9.99201E-05 9.99201E-05 9.99201E-05
0.050471 0.0458602 9.9973E-05 0.0673063 0.423503 9.9973E-05 0.162205 0.0943809 0.155974 9.9973E-05
0.240835 9.9982E-05 0.059823 0.0339576 0.117436 0.231996 9.9982E-05 0.210827 0.0588164 0.0461097
9.99549E-05 9.99549E-05 9.99549E-05 9.99549E-05 0.247671 9.99549E-05 0.207575 0.138898 0.398998 0.00635859
0.0354318 0.306632 0.0343327 0.0280002 0.14432 9.9982E-05 9.9982E-05 0.0947871 0.113855 0.242441
