9.9991E-05 0.274434 0.0437452 0.68172
0.130938 0.295937 0.0546562 0.518469
0.05255 0.656859 0.0657468 0.224844
0.0979645 0.594709 0.208823 0.0985036
0.177184 0.566898 0.255818 9.9991E-05
0.0273452 0.641824 0.330731 9.9991E-05
9.999E-05 0.543428 0.17396 0.282512
0.142849 0.18466 0.0388988 0.633593
0.18584 0.309765 0.110616 0.393779
0.274759 0.121696 0.387183 0.216362
0.0532711 0.346856 0.599773 9.9991E-05
0.253442 0.395509 0.0997597 0.25129
0.0713032 0.441936 0.376583 0.110177
0.156988 0.109714 0.293502 0.439796
0.0641877 0.0357719 0.494956 0.405085
0.0410823 0.237346 0.255933 0.465639
0.144643 0.0221343 0.609649 0.223574
0.270807 0.340527 0.325397 0.0632696
0.136583 0.518934 0.0990735 0.245409
9.9991E-05 0.69333 0.156354 0.150216
9.9991E-05 0.528232 0.168142 0.303526
0.0352628 0.00978517 0.217904 0.737048
0.0702599 0.531079 0.241297 0.157365
0.213521 0.201654 0.128629 0.456195
9.9991E-05 0.203389 0.757803 0.0387084
0.170051 0.180977 0.180733 0.468239
0.343599 9.9991E-05 0.220498 0.435803
0.204237 0.262694 0.246325 0.286744
0.219745 0.648376 0.11803 0.0138488
0.600583 0.16515 0.133564 0.100703
0.0316179 0.509535 0.360971 0.0978764
0.252351 0.628203 0.119345 9.9991E-05
0.18484 0.625099 0.189961 9.9991E-05
0.0222909 0.499754 0.23553 0.242425
0.001444 0.21501 0.540392 0.243154
9.9982E-05 9.9982E-05 0.119552 0.880248
9.9991E-05 0.438541 0.436364 0.124995
0.228789 9.9991E-05 0.276093 0.495017
0.122055 0.577557 0.300288 9.9991E-05
0.0506953 0.462698 0.363401 0.123206
0.142707 0.120206 0.124711 0.612376
0.11684 0.553926 0.307475 0.0217589
0.102398 0.631429 0.117047 0.149127
0.240489 0.323308 9.9991E-05 0.436103
0.293563 0.261442 9.9991E-05 0.444896
0.0926254 0.559637 0.33508 0.0126569
0.0218116 0.771042 9.9991E-05 0.207047
0.17133 0.746817 9.9991E-05 0.0817533
0.221992 0.384679 0.161794 0.231535
0.217719 0.620408 9.9991E-05 0.161773
0.0880396 9.9991E-05 0.404683 0.507177
0.076954 0.55328 0.147389 0.222377
0.170884 0.219071 0.106469 0.503577
0.249002 0.156212 0.259184 0.335602
0.22646 0.268742 9.9991E-05 0.504697
0.0547579 0.737801 0.207341 9.9991E-05
0.236944 0.374157 0.0151864 0.373713
0.12051 0.391121 0.185525 0.302844
0.203609 0.364171 0.301469 0.130751
0.0197688 0.476225 0.262615 0.241391
0.102877 0.537747 0.281378 0.0779971
0.0137552 0.516521 0.44022 0.0295034
0.080867 0.765092 0.153941 9.9991E-05
0.901733 9.9982E-05 0.0980668 9.9982E-05
0.0592018 0.340006 0.21171 0.389082
9.9991E-05 0.0472316 0.105461 0.847207
9.9991E-05 0.511059 0.142547 0.346293
0.132444 0.688735 0.139897 0.0389233
0.105401 0.444161 0.215647 0.23479
0.180666 0.389321 0.187789 0.242224
0.130098 0.509647 0.214842 0.145413
0.131418 9.9991E-05 0.176716 0.691767
0.153983 0.366674 0.423988 0.0553553
0.24218 0.603862 0.153565 0.00039363
0.251446 0.166146 0.18613 0.396277
0.191318 0.382771 0.138565 0.287346
0.157083 0.639682 0.164576 0.0386593
0.112977 0.484858 0.402065 9.9991E-05
0.0485994 0.670559 0.195751 0.08509
0.148998 0.498778 0.191643 0.16058
0.0535625 0.430474 0.171257 0.344706
0.0408598 0.629308 0.254522 0.0753099
0.279176 0.436773 0.114079 0.169973
0.088954 0.542114 0.368832 9.9991E-05
0.0814237 0.573207 0.136505 0.208864
0.0174366 0.271566 0.0957726 0.615225
0.0356363 0.209749 0.103215 0.651399
9.9991E-05 0.623336 0.228774 0.14779
0.227977 9.9991E-05 0.187922 0.584001
0.0238684 0.569776 0.0525392 0.353816
0.9997 9.998E-05 9.998E-05 9.998E-05
0.101879 0.226434 0.212989 0.458698
9.9982E-05 0.778339 0.221461 9.9982E-05
0.128756 0.272692 0.242915 0.355637
9.9991E-05 0.647715 0.206357 0.145828
0.0859664 0.519018 0.120766 0.274249
0.0228524 0.131908 9.9991E-05 0.845139
0.0359409 0.856696 0.107263 9.9991E-05
0.633198 0.101347 0.245632 0.019823
0.321357 0.39338 0.0589754 0.226288
0.13204 0.284361 0.286545 0.297054
0.9997 9.998E-05 9.998E-05 9.998E-05
0.0638812 0.36846 0.411278 0.156381
9.998E-05 9.998E-05 0.9997 9.998E-05
0.125492 0.00636688 0.492902 0.37524
0.136562 0.419701 0.128538 0.315199
0.0395326 0.306295 0.166442 0.487731
9.9991E-05 0.385682 0.048791 0.565427
0.295306 0.423633 0.201361 0.0796999
0.0700376 0.279384 0.180133 0.470445
9.9991E-05 0.59646 0.360448 0.0429917
0.201892 0.566122 0.231886 9.9991E-05
0.118288 0.513364 0.140452 0.227896
0.503592 0.287947 0.208361 9.9991E-05
9.9991E-05 0.703575 0.0900134 0.206312
0.9997 9.998E-05 9.998E-05 9.998E-05
9.9991E-05 0.331609 0.39063 0.27766
0.108864 0.105131 0.0476392 0.738366
0.0609873 0.847036 0.0918769 9.9991E-05
0.244939 0.209904 0.324726 0.220431
0.0899445 0.375336 0.190942 0.343777
0.372054 0.175974 0.421093 0.0308789
0.148769 0.535492 0.264865 0.0508743
9.9991E-05 0.671597 0.205102 0.123201
0.325413 0.411039 0.0629231 0.200625
0.117182 0.52893 0.195327 0.15856
0.105136 0.57271 0.236221 0.0859332
0.318383 0.481515 0.17188 0.0282224
0.00949357 0.647028 0.0775809 0.265897
0.232764 0.10002 0.17591 0.491306
0.11763 0.461601 0.0564412 0.364328
0.0593594 0.445662 0.202344 0.292634
0.25064 0.436975 0.312285 9.9991E-05
0.228294 0.473078 0.237553 0.0610749
0.11796 0.736622 0.0555108 0.0899072
0.163796 0.462164 0.336528 0.0375123
0.0187719 0.225424 9.9991E-05 0.755704
0.121783 9.9991E-05 0.0667277 0.811389
0.186975 0.495281 9.9991E-05 0.317644
0.0182202 0.469996 0.408414 0.10337
0.0831418 0.457015 0.0826211 0.377222
0.023479 0.3632 0.613221 9.9991E-05
0.256796 0.66185 0.0812546 9.9991E-05
0.233244 0.295639 0.0831769 0.38794
0.114022 0.247491 0.27365 0.364836
0.328249 9.9991E-05 0.333447 0.338204
0.0386565 0.385439 0.103344 0.472561
9.998E-05 9.998E-05 0.9997 9.998E-05
9.9991E-05 0.0732065 0.232849 0.693844
9.9991E-05 0.407312 0.352948 0.23964
0.177922 0.505999 0.209069 0.10701
9.9991E-05 0.274665 0.298175 0.42706
0.107533 0.20546 0.341735 0.345272
0.0920493 0.276659 0.106468 0.524824
0.134284 0.482857 0.11602 0.26684
0.181634 0.136065 0.315825 0.366475
0.0477604 0.519746 0.128898 0.303595
0.239314 0.481664 0.140718 0.138304
0.184122 0.219766 9.9991E-05 0.596012
0.117419 0.551103 0.162981 0.168497
9.9991E-05 0.396071 0.452239 0.15159
0.0159531 9.9982E-05 0.983847 9.9982E-05
9.9991E-05 0.292617 0.500015 0.207267
0.0347826 0.341389 0.141994 0.481834
0.142994 0.315622 0.105477 0.435907
0.0633396 9.9991E-05 0.192856 0.743704
0.00650073 0.539149 0.138632 0.315718
9.9991E-05 0.490514 0.214456 0.29493
9.9982E-05 9.9982E-05 0.0833895 0.916411
0.153348 0.218576 0.233364 0.394712
0.190835 0.586514 0.101487 0.121165
0.178466 0.506555 0.185726 0.129253
0.115851 0.60884 0.23768 0.037629
0.000562183 0.0444634 0.114631 0.840343
9.9991E-05 0.586529 0.139358 0.274013
0.057132 0.708338 0.233138 0.00139208
9.9991E-05 0.813456 0.121797 0.064647
0.135518 0.614821 0.107321 0.14234
9.9982E-05 9.9982E-05 0.970233 0.0295674
0.116218 0.503165 0.145984 0.234633
0.251769 9.9991E-05 0.500484 0.247647
0.155906 0.197903 0.446113 0.200077
0.0246389 9.9991E-05 0.127531 0.84773
0.24275 0.68638 9.9991E-05 0.0707707
0.143811 0.42968 0.136624 0.289885
9.998E-05 9.998E-05 0.9997 9.998E-05
0.0589698 0.665832 0.155779 0.119419
0.0154951 9.9991E-05 0.321661 0.662744
0.118281 0.244972 0.159229 0.477517
0.214295 0.0787728 9.9991E-05 0.706832
