0.0842993 9.9991E-05 0.144425 0.203109 0.069075 0.490671 0.00832109
0.0185297 9.9982E-05 0.277727 0.334624 0.328897 0.0400225 9.9982E-05
9.99821E-05 0.270677 9.99821E-05 0.0574601 0.573324 0.0765276 0.0218113
9.99821E-05 0.0067089 0.101085 0.36349 0.316873 0.211643 9.99821E-05
0.321185 9.99731E-05 0.231054 0.318079 9.99731E-05 0.129382 9.99731E-05
9.9982E-05 0.0594022 9.9982E-05 0.301358 0.0162583 0.310252 0.31253
0.117366 9.99911E-05 0.261537 0.138766 0.0473792 0.325674 0.109178
9.99641E-05 9.99641E-05 0.455462 0.0545975 9.99641E-05 0.48954 9.99641E-05
0.557602 0.229254 0.0431689 0.110211 0.0595634 9.99821E-05 9.99821E-05
0.140939 0.266463 0.0137581 9.99821E-05 0.550751 9.99821E-05 0.0278887
0.026451 0.341917 0.045896 0.0256142 0.401335 9.9991E-05 0.158686
0.316776 9.99732E-05 0.263249 9.99732E-05 0.0547432 0.364931 9.99732E-05
0.186989 9.99731E-05 0.367593 0.222032 9.99731E-05 0.223086 9.99731E-05
0.00200328 9.9982E-05 0.421749 0.174136 9.9982E-05 0.0701204 0.331791
0.136921 9.99732E-05 9.99732E-05 9.99732E-05 0.358561 0.466727 0.0374905
9.99732E-05 9.99732E-05 0.109793 0.325509 0.268723 0.295675 9.99732E-05
9.9982E-05 0.0750522 0.0927933 0.123488 0.510389 0.198078 9.9982E-05
9.99821E-05 0.0100816 9.99821E-05 0.032695 0.554516 0.170248 0.232259
0.323145 9.99731E-05 0.126927 9.99731E-05 0.0763006 0.473327 9.99731E-05
0.0417022 0.00212202 0.247646 0.374808 9.9991E-05 0.283526 0.050095
0.0692616 0.2309 9.99642E-05 9.99642E-05 9.99642E-05 9.99642E-05 0.699438
0.521021 0.174936 9.9973E-05 0.137578 9.9973E-05 0.166165 9.9973E-05
9.99821E-05 0.010777 9.99821E-05 0.210414 0.392976 0.248516 0.137117
0.254706 9.99551E-05 9.99551E-05 0.744794 9.99551E-05 9.99551E-05 9.99551E-05
9.99731E-05 0.246632 9.99731E-05 0.397325 9.99731E-05 0.1145 0.241242
0.0407004 0.0060353 0.0522474 0.407685 0.148564 0.344668 9.9991E-05
0.23903 9.9982E-05 0.173116 0.147598 0.439422 9.9982E-05 0.000633555
0.48557 0.109656 9.99821E-05 9.99821E-05 0.133359 0.140852 0.130363
9.99731E-05 0.420707 0.296607 9.99731E-05 0.0465831 0.235803 9.99731E-05
0.0866915 9.99642E-05 9.99642E-05 0.833319 0.0795892 9.99642E-05 9.99642E-05
0.447067 9.99552E-05 9.99552E-05 9.99552E-05 9.99552E-05 9.99552E-05 0.552433
9.99821E-05 9.99821E-05 0.435814 0.0796248 0.243659 0.143149 0.0975536
0.257604 0.418961 9.99731E-05 9.99731E-05 0.250951 9.99731E-05 0.0721844
0.197771 0.000234231 0.193904 0.208662 9.9991E-05 0.339935 0.0593926
0.0145183 9.9991E-05 0.270567 0.338031 0.0846343 0.246298 0.0458524
9.99642E-05 9.99642E-05 0.42944 9.99642E-05 0.230313 9.99642E-05 0.339847
0.128721 0.0620072 0.363517 0.0751506 9.99821E-05 0.370404 9.99821E-05
0.0658897 0.629527 9.9991E-05 0.168178 0.0208958 0.0799528 0.0354561
0.159102 0.0855675 0.093552 0.0644278 0.0314849 0.155167 0.410699
9.999E-05 0.149372 0.313859 0.0779885 0.0193277 0.426461 0.0128919
0.122426 0.0350191 9.99732E-05 0.101755 0.7405 9.99732E-05 9.99732E-05
0.147592 9.99642E-05 9.99642E-05 9.99642E-05 0.376443 9.99642E-05 0.475565
9.999E-05 0.142883 0.486027 0.113478 0.10128 0.0398716 0.116359
0.0851238 0.0350312 0.262929 0.18582 0.121854 0.309143 9.9991E-05
9.99732E-05 0.232016 0.447431 9.99732E-05 0.140933 0.17932 9.99732E-05
9.999E-05 0.0095658 0.104116 0.0293802 0.304629 0.430964 0.121245
9.99731E-05 0.0370315 9.99731E-05 0.0712 0.800173 0.0912957 9.99731E-05
0.0497837 0.117918 0.248585 9.9982E-05 0.536723 9.9982E-05 0.0467906
9.99554E-05 9.99554E-05 9.99554E-05 9.99554E-05 0.471567 0.527933 9.99554E-05
9.9973E-05 9.9973E-05 0.263279 0.136085 9.9973E-05 0.436686 0.163651
0.0493612 0.0659698 9.9982E-05 0.348191 0.0527928 0.483486 9.9982E-05
0.150277 0.312501 0.218627 9.99731E-05 9.99731E-05 9.99731E-05 0.318295
0.0889296 0.0515133 9.9982E-05 0.245443 0.600813 0.0131019 9.9982E-05
9.99642E-05 0.136307 9.99642E-05 0.174468 9.99642E-05 0.688825 9.99642E-05
0.155276 0.111393 0.325084 9.99732E-05 9.99732E-05 9.99732E-05 0.407948
0.279297 0.150834 0.0535078 9.99911E-05 0.0810358 0.406557 0.0286683
0.0957898 0.0435285 0.271699 0.358401 9.9991E-05 0.0500146 0.180466
0.652595 9.99643E-05 0.216685 9.99643E-05 9.99643E-05 9.99643E-05 0.13032
0.127997 0.309844 0.561759 9.9964E-05 9.9964E-05 9.9964E-05 9.9964E-05
9.9991E-05 0.00278878 0.1261 0.0570898 0.254312 0.258597 0.301011
0.0303634 0.0371899 0.152715 0.224143 9.99821E-05 0.555389 9.99821E-05
0.000640316 9.99731E-05 9.99731E-05 0.0427223 0.772748 9.99731E-05 0.18359
0.405956 9.99731E-05 0.0145215 9.99731E-05 0.433549 0.145673 9.99731E-05
9.99732E-05 9.99732E-05 0.0541961 0.90249 9.99732E-05 0.00813359 0.0348808
0.173021 9.99821E-05 9.99821E-05 0.0996211 0.182089 0.455416 0.0896528
0.0283699 0.110903 0.0917002 0.207213 0.403041 0.158672 9.9991E-05
9.9973E-05 9.9973E-05 9.9973E-05 0.0799076 0.0443215 0.286917 0.588554
0.555383 9.99731E-05 0.161273 9.99731E-05 0.0512448 0.231799 9.99731E-05
0.148413 9.99731E-05 9.99731E-05 9.99731E-05 0.00963095 0.70671 0.134946
0.285082 0.0405018 9.9991E-05 0.212695 0.0646944 0.204357 0.19257
0.301882 0.12223 0.208155 9.9991E-05 0.13078 0.0599387 0.176914
0.0384574 9.99732E-05 0.23519 9.99732E-05 0.65181 9.99732E-05 0.0742426
9.99554E-05 0.147961 0.851539 9.99554E-05 9.99554E-05 9.99554E-05 9.99554E-05
0.0624876 9.99821E-05 0.0271962 9.99821E-05 0.168952 0.479906 0.261258
9.99732E-05 9.99732E-05 0.279633 0.375183 9.99732E-05 0.28058 0.0643037
0.0723103 9.99731E-05 0.585682 9.99731E-05 0.241348 0.100359 9.99731E-05
0.0640021 9.99733E-05 9.99733E-05 0.147435 0.274373 0.51389 9.99733E-05
0.472755 0.138066 0.0444867 0.158664 0.185828 9.99821E-05 9.99821E-05
0.0793067 0.0633995 0.192987 0.257568 9.9991E-05 0.294114 0.112525
0.0108502 0.00854411 0.657256 0.0959901 9.99821E-05 0.227159 9.99821E-05
9.99731E-05 0.0246595 0.437833 9.99731E-05 0.210173 0.327035 9.99731E-05
0.00170706 0.316258 0.128035 0.191874 9.99911E-05 0.26469 0.0973356
9.99642E-05 0.079132 9.99642E-05 9.99642E-05 9.99642E-05 0.0220571 0.898411
9.99821E-05 0.229409 9.99821E-05 0.257082 0.0397578 0.424391 0.0491605
9.99731E-05 9.99731E-05 0.0709342 0.034239 0.607119 9.99731E-05 0.287408
9.9973E-05 9.9973E-05 0.125638 9.9973E-05 0.617162 0.130984 0.125916
9.99642E-05 0.324967 0.642678 9.99642E-05 0.0319551 9.99642E-05 9.99642E-05
0.178098 9.99641E-05 0.205677 0.615825 9.99641E-05 9.99641E-05 9.99641E-05
0.0380872 0.403621 9.99821E-05 0.183508 9.99821E-05 0.175104 0.19948
0.16863 0.495094 9.99731E-05 9.99731E-05 0.125347 0.21063 9.99731E-05
9.99554E-05 9.99554E-05 9.99554E-05 0.884531 9.99554E-05 0.114969 9.99554E-05
0.0337225 9.99731E-05 0.149379 0.201777 9.99731E-05 9.99731E-05 0.614822
9.99643E-05 9.99643E-05 9.99643E-05 0.00845532 0.625258 9.99643E-05 0.365887
0.121473 0.324562 0.150181 0.125703 0.277881 9.99821E-05 9.99821E-05
0.42875 9.99821E-05 0.136418 0.0457477 0.339335 0.0495496 9.99821E-05
0.105537 0.00450322 0.596331 0.120697 0.0491281 0.123704 9.9991E-05
0.315711 0.187205 0.080907 0.250916 0.109219 9.9991E-05 0.0559424
0.293972 9.99641E-05 9.99641E-05 9.99641E-05 0.472822 0.232807 9.99641E-05
9.99731E-05 9.99731E-05 0.212224 0.710327 9.99731E-05 0.042568 0.0345813
0.0421098 0.106264 9.99821E-05 0.430963 0.341648 9.99821E-05 0.0788149
0.965425 9.99552E-05 9.99552E-05 9.99552E-05 9.99552E-05 9.99552E-05 0.0340749
9.99553E-05 0.0168732 9.99553E-05 0.982627 9.99553E-05 9.99553E-05 9.99553E-05
0.32222 0.580613 9.99732E-05 0.061852 0.0350148 9.99732E-05 9.99732E-05
9.995E-05 0.9994 9.995E-05 9.995E-05 9.995E-05 9.995E-05 9.995E-05
9.99731E-05 0.0285691 0.348748 9.99731E-05 0.0966209 0.525762 9.99731E-05
0.281222 9.99731E-05 9.99731E-05 0.0522077 0.35581 0.31046 9.99731E-05
9.99821E-05 0.0482706 0.38419 9.99821E-05 0.0479426 0.16765 0.351746
0.0989447 0.0967178 9.99731E-05 9.99731E-05 0.307114 0.496924 9.99731E-05
0.136512 0.0152823 9.99821E-05 0.0552906 9.99821E-05 0.764798 0.0279174
9.99731E-05 0.694585 9.99731E-05 0.0245689 9.99731E-05 0.161282 0.119265
0.293887 9.99821E-05 0.0486228 0.314301 9.99821E-05 0.0309064 0.312082
9.99641E-05 9.99641E-05 0.358334 0.253157 9.99641E-05 0.38811 9.99641E-05
9.99554E-05 9.99554E-05 9.99554E-05 0.808468 9.99554E-05 0.191033 9.99554E-05
9.99731E-05 0.0826417 0.379118 9.99731E-05 9.99731E-05 0.411011 0.126929
9.99553E-05 9.99553E-05 9.99553E-05 0.991962 0.00753814 9.99553E-05 9.99553E-05
0.510681 0.335746 9.99732E-05 9.99732E-05 0.126954 0.0263197 9.99732E-05
9.99731E-05 9.99731E-05 0.328258 0.203008 0.130088 0.338346 9.99731E-05
9.99732E-05 0.132603 0.38007 9.99732E-05 0.226801 0.260226 9.99732E-05
9.9982E-05 0.301071 0.25978 0.163995 0.0991266 0.175827 9.9982E-05
9.9991E-05 0.0989486 0.20468 0.231072 0.0415139 0.183013 0.240671
0.199673 9.99731E-05 9.99731E-05 0.568454 0.121642 0.10993 9.99731E-05
9.99731E-05 0.0984983 0.20383 0.421503 9.99731E-05 9.99731E-05 0.27587
9.99821E-05 0.192505 0.00872171 0.115975 9.99821E-05 0.654355 0.0282432
9.99553E-05 9.99553E-05 9.99553E-05 9.99553E-05 9.99553E-05 0.00698128 0.992519
0.0474126 0.0288199 9.99821E-05 0.269832 0.501478 0.152258 9.99821E-05
0.498222 0.0213463 0.107239 9.9982E-05 0.194999 9.9982E-05 0.177993
9.99643E-05 9.99643E-05 0.0259898 9.99643E-05 0.793149 9.99643E-05 0.180461
0.0216202 0.155153 0.16738 9.99821E-05 9.99821E-05 0.476576 0.17907
9.99643E-05 0.396526 9.99643E-05 0.214198 9.99643E-05 9.99643E-05 0.388877
9.99821E-05 0.199965 0.071829 0.277472 0.0830616 0.367472 9.99821E-05
0.531624 9.99732E-05 9.99732E-05 9.99732E-05 0.40068 0.0166619 0.0507344
0.097574 0.0615623 0.0439843 0.141713 0.21094 0.0403373 0.403889
0.119522 0.098965 0.241583 9.99821E-05 0.321216 0.218515 9.99821E-05
0.242825 0.42707 0.151221 9.99731E-05 9.99731E-05 0.178585 9.99731E-05
9.99731E-05 0.193111 0.207058 9.99731E-05 0.380255 9.99731E-05 0.219276
9.99552E-05 9.99552E-05 9.99552E-05 9.99552E-05 9.99552E-05 0.841103 0.158398
9.99553E-05 0.0657717 9.99553E-05 9.99553E-05 9.99553E-05 0.933729 9.99553E-05
9.99643E-05 0.0439038 9.99643E-05 9.99643E-05 9.99643E-05 0.624056 0.331641
0.484175 0.111973 0.0537126 9.99821E-05 9.99821E-05 0.0100421 0.339897
9.99642E-05 9.99642E-05 9.99642E-05 0.0793774 9.99642E-05 0.759229 0.160994
0.429979 0.348257 0.109581 0.071072 9.99821E-05 0.040911 9.99821E-05
0.0039273 0.437327 9.9991E-05 0.0633768 0.154259 0.110926 0.230084
0.278935 0.0493048 0.0765797 0.0890547 0.35297 0.153056 9.9991E-05
0.394317 0.245443 9.99642E-05 9.99642E-05 0.35984 9.99642E-05 9.99642E-05
0.0508309 0.0103275 0.0710081 0.684115 0.10951 0.0465743 0.0276342
0.280663 0.0513423 0.0924907 0.119649 9.9991E-05 0.381299 0.0744566
9.99551E-05 9.99551E-05 0.860648 9.99551E-05 0.138852 9.99551E-05 9.99551E-05
9.99732E-05 0.243801 0.347429 0.339652 9.99732E-05 0.0688179 9.99732E-05
9.99641E-05 9.99641E-05 0.153436 0.12139 9.99641E-05 9.99641E-05 0.724774
0.687658 0.0292591 0.282683 9.99642E-05 9.99642E-05 9.99642E-05 9.99642E-05
0.236457 0.28166 0.327692 9.99821E-05 9.99821E-05 0.0723612 0.0816295
0.0194654 9.99731E-05 0.484193 9.99731E-05 0.362868 0.133175 9.99731E-05
0.14893 9.9973E-05 9.9973E-05 9.9973E-05 0.0286205 0.622979 0.19917
0.22211 9.99732E-05 0.362629 0.155904 9.99732E-05 0.259057 9.99732E-05
9.99553E-05 9.99553E-05 9.99553E-05 0.251785 9.99553E-05 9.99553E-05 0.747715
9.99732E-05 0.103387 0.24627 9.99732E-05 0.358919 0.291124 9.99732E-05
9.99821E-05 0.451925 0.164111 0.0594526 9.99821E-05 0.0723058 0.252005
9.99911E-05 0.0263268 0.166441 0.0497258 0.312888 0.291358 0.153161
0.0164349 9.99643E-05 9.99643E-05 0.139594 9.99643E-05 0.843571 9.99643E-05
0.283159 0.275401 9.99821E-05 0.204239 9.99821E-05 0.147131 0.0898699
9.99552E-05 9.99552E-05 0.887084 9.99552E-05 0.112416 9.99552E-05 9.99552E-05
0.243127 9.99731E-05 0.148307 9.99731E-05 0.173338 0.434928 9.99731E-05
9.99731E-05 0.0112408 0.547162 0.16565 9.99731E-05 9.99731E-05 0.275647
0.179196 0.0975377 0.16097 9.99731E-05 0.561996 9.99731E-05 9.99731E-05
9.99554E-05 9.99554E-05 0.665988 9.99554E-05 0.333512 9.99554E-05 9.99554E-05
9.9991E-05 0.0240108 0.0242356 0.130956 0.342068 0.315416 0.163214
0.0430356 9.99821E-05 9.99821E-05 0.0751956 0.216646 0.422181 0.242742
0.0426471 0.0204929 9.99643E-05 9.99643E-05 9.99643E-05 0.93646 9.99643E-05
0.187249 9.99643E-05 0.550947 9.99643E-05 9.99643E-05 9.99643E-05 0.261404
0.00326509 0.123259 0.339024 0.254504 0.118745 0.0752751 0.0859272
0.115618 9.99642E-05 9.99642E-05 0.0964126 9.99642E-05 0.78757 9.99642E-05
9.9982E-05 0.121716 0.317547 9.9982E-05 0.0154488 0.455369 0.0897187
0.348965 0.0503798 0.192154 9.9982E-05 0.0780943 0.330206 9.9982E-05
9.99731E-05 9.99731E-05 9.99731E-05 0.163669 0.291933 0.0840236 0.460074
0.314672 9.99731E-05 9.99731E-05 0.162211 0.0461094 0.476708 9.99731E-05
0.0564902 0.0377302 0.158279 9.99821E-05 9.99821E-05 0.593244 0.154056
0.209188 9.99821E-05 0.157831 0.265588 0.14677 0.220423 9.99821E-05
9.99552E-05 0.606403 9.99552E-05 9.99552E-05 9.99552E-05 9.99552E-05 0.393097
0.0191461 0.149636 9.9991E-05 0.0960799 0.131429 0.164247 0.439363
9.99642E-05 0.171705 0.281053 9.99642E-05 0.546842 9.99642E-05 9.99642E-05
9.99642E-05 9.99642E-05 0.0925539 9.99642E-05 0.326395 9.99642E-05 0.580651
0.0500591 0.194653 0.0908102 0.0946157 0.069524 0.237686 0.262652
0.338321 9.9982E-05 9.9982E-05 0.0546741 0.115509 0.217123 0.274172
0.0758002 9.99732E-05 0.431788 0.156267 9.99732E-05 0.335845 9.99732E-05
9.99551E-05 0.986039 9.99551E-05 9.99551E-05 9.99551E-05 0.0134614 9.99551E-05
9.99643E-05 9.99643E-05 0.423378 9.99643E-05 0.122217 0.454005 9.99643E-05
0.0212423 0.0854097 0.499416 9.99821E-05 9.99821E-05 0.333432 0.0603001
0.100685 0.134926 0.316425 0.393038 9.99821E-05 0.0547263 9.99821E-05
9.9973E-05 0.179052 0.174879 0.150963 9.9973E-05 9.9973E-05 0.494805
