0.0209283 0.614882 0.0840963 9.99821E-05 9.99821E-05 0.000425873 0.279467
0.0397354 0.427635 0.135215 0.168031 0.0334193 0.0967043 0.0992606
9.999E-05 0.251168 0.211174 0.0593966 0.402133 0.0516394 0.0243891
9.99731E-05 0.6538 0.0153855 9.99731E-05 0.288084 9.99731E-05 0.0424305
0.124795 0.427677 9.99731E-05 0.282777 9.99731E-05 0.164451 9.99731E-05
9.99641E-05 0.65896 9.99641E-05 0.169864 0.170777 9.99641E-05 9.99641E-05
0.227512 0.183448 0.0736549 0.412421 9.99821E-05 9.99821E-05 0.102763
9.99643E-05 0.829824 0.165985 9.99643E-05 9.99643E-05 9.99643E-05 0.00379164
9.99732E-05 0.0229352 0.742342 0.181795 0.0526278 9.99732E-05 9.99732E-05
0.0234037 9.99731E-05 9.99731E-05 9.99731E-05 0.350304 0.12514 0.500853
0.127016 0.0741423 9.9982E-05 9.9982E-05 0.390276 0.110922 0.297443
9.99643E-05 0.184156 0.666936 9.99643E-05 9.99643E-05 0.148508 9.99643E-05
9.99731E-05 0.378917 0.522931 0.0457313 9.99731E-05 0.0521207 9.99731E-05
9.99731E-05 0.362476 9.99731E-05 0.293398 9.99731E-05 0.096218 0.247608
9.99732E-05 0.594546 0.310186 0.0384329 0.056535 9.99732E-05 9.99732E-05
0.0604329 0.276144 9.99821E-05 0.0321692 9.99821E-05 0.367241 0.263813
9.99821E-05 0.265616 0.110794 0.423557 9.99821E-05 0.0814756 0.118357
9.99642E-05 0.293294 9.99642E-05 9.99642E-05 0.165003 9.99642E-05 0.541303
9.99553E-05 0.299359 0.700141 9.99553E-05 9.99553E-05 9.99553E-05 9.99553E-05
9.99642E-05 0.607215 9.99642E-05 9.99642E-05 0.0443358 9.99642E-05 0.34805
9.99553E-05 9.99553E-05 9.99553E-05 9.99553E-05 0.39005 9.99553E-05 0.60945
0.417266 9.99641E-05 0.346375 9.99641E-05 9.99641E-05 0.235959 9.99641E-05
9.99731E-05 0.56296 9.99731E-05 0.142093 0.161577 0.133071 9.99731E-05
0.0643923 0.0947757 9.99731E-05 0.350829 9.99731E-05 0.489703 9.99731E-05
0.0787559 9.99731E-05 9.99731E-05 9.99731E-05 0.200982 0.387938 0.332024
0.124615 0.119734 0.0321961 0.198834 9.9991E-05 0.386984 0.137537
0.0246838 9.9982E-05 0.12943 9.9982E-05 0.115303 0.154889 0.575494
0.148075 0.455348 9.99642E-05 0.396176 9.99642E-05 9.99642E-05 9.99642E-05
0.157855 0.0834668 0.335171 9.9973E-05 0.423207 9.9973E-05 9.9973E-05
9.99552E-05 9.99552E-05 0.115721 9.99552E-05 9.99552E-05 0.883779 9.99552E-05
0.354814 9.99641E-05 9.99641E-05 0.495632 9.99641E-05 9.99641E-05 0.149154
0.109506 0.331119 0.364015 9.99821E-05 9.99821E-05 0.00951735 0.185643
0.0661243 9.99821E-05 0.0934844 0.0962604 0.559538 0.184393 9.99821E-05
0.199404 0.276689 0.429002 0.0129449 9.99821E-05 0.081761 9.99821E-05
9.99731E-05 0.686289 9.99731E-05 0.00436672 9.99731E-05 0.156467 0.152577
9.99641E-05 0.217633 9.99641E-05 0.380261 9.99641E-05 9.99641E-05 0.401707
0.576335 9.99552E-05 9.99552E-05 0.423165 9.99552E-05 9.99552E-05 9.99552E-05
9.99641E-05 9.99641E-05 0.0433822 9.99641E-05 0.827934 0.128284 9.99641E-05
0.249976 0.0760526 0.180423 0.27785 0.117154 0.0448333 0.0537113
0.277269 0.528958 9.99731E-05 9.99731E-05 0.184283 9.99731E-05 0.00918964
9.99731E-05 9.99731E-05 0.278383 0.307127 9.99731E-05 0.297513 0.116677
0.256832 9.99731E-05 0.137415 9.99731E-05 9.99731E-05 0.0502151 0.555237
0.097805 0.229611 0.0221038 0.264984 0.0290341 0.00130386 0.355158
0.0761757 0.63916 0.0615013 9.99821E-05 0.112778 9.99821E-05 0.110185
0.0305971 9.99731E-05 0.505478 9.99731E-05 0.354294 0.10933 9.99731E-05
9.99731E-05 0.447885 0.219424 9.99731E-05 0.0231999 9.99731E-05 0.309191
9.9982E-05 0.240197 0.446747 9.9982E-05 0.00191465 0.134094 0.176847
0.0717698 0.0964372 0.304694 0.0686455 0.185635 9.9991E-05 0.272718
0.361126 9.99643E-05 0.455827 9.99643E-05 9.99643E-05 9.99643E-05 0.182648
0.159069 0.548847 9.99641E-05 9.99641E-05 9.99641E-05 9.99641E-05 0.291684
0.0305632 0.808537 9.99641E-05 9.99641E-05 9.99641E-05 0.1605 9.99641E-05
9.99821E-05 9.99821E-05 0.171823 0.181021 0.5219 0.0264321 0.0986236
9.9973E-05 0.20568 0.230261 0.320923 9.9973E-05 0.242835 9.9973E-05
9.99642E-05 0.505474 0.334761 9.99642E-05 0.159364 9.99642E-05 9.99642E-05
9.99642E-05 9.99642E-05 0.217938 0.631377 0.150285 9.99642E-05 9.99642E-05
0.333468 9.99731E-05 0.0872173 0.554916 9.99731E-05 9.99731E-05 0.0240988
9.99821E-05 0.485849 9.99821E-05 0.0174022 0.00140485 0.299705 0.195439
9.99554E-05 9.99554E-05 0.289625 0.709876 9.99554E-05 9.99554E-05 9.99554E-05
9.9982E-05 0.197687 0.353289 0.224974 0.140083 9.9982E-05 0.0837682
0.134758 0.28946 9.9982E-05 0.0106639 0.102242 9.9982E-05 0.462676
0.119462 0.7795 9.99643E-05 9.99643E-05 9.99643E-05 9.99643E-05 0.100638
9.99731E-05 0.16384 0.0381383 9.99731E-05 9.99731E-05 0.0591017 0.73862
0.0100098 9.9982E-05 0.564578 0.313537 9.9982E-05 0.0250051 0.0866696
9.99642E-05 0.293476 9.99642E-05 9.99642E-05 9.99642E-05 0.594447 0.111677
0.320079 0.405257 9.99732E-05 9.99732E-05 9.99732E-05 0.188064 0.0863011
9.9991E-05 0.0447879 0.56811 0.0453089 0.0492837 0.132379 0.16003
0.0144129 0.699767 9.99641E-05 9.99641E-05 9.99641E-05 9.99641E-05 0.28542
0.0163584 0.163455 0.54911 0.00495892 0.040739 9.9991E-05 0.225278
0.307496 0.190008 0.502097 9.99641E-05 9.99641E-05 9.99641E-05 9.99641E-05
0.419862 9.99731E-05 9.99731E-05 9.99731E-05 0.183219 0.2488 0.14782
9.99821E-05 0.154462 0.318615 0.402473 0.0867218 9.99821E-05 0.0375275
9.99641E-05 9.99641E-05 0.625703 9.99641E-05 9.99641E-05 0.0859351 0.287963
9.99732E-05 0.100498 0.0839082 0.793052 0.0222421 9.99732E-05 9.99732E-05
0.313146 0.090621 0.290124 9.99731E-05 9.99731E-05 9.99731E-05 0.305809
9.99644E-05 0.696408 9.99644E-05 0.226053 9.99644E-05 0.0771389 9.99644E-05
9.99552E-05 9.99552E-05 0.62483 0.374671 9.99552E-05 9.99552E-05 9.99552E-05
9.99644E-05 0.664264 0.193296 9.99644E-05 9.99644E-05 0.14204 9.99644E-05
9.99821E-05 0.173976 0.199592 0.301906 0.0994925 9.99821E-05 0.224834
0.404315 0.429043 0.0562804 0.108398 9.99821E-05 0.00176334 9.99821E-05
9.99642E-05 0.568262 0.0846267 0.346712 9.99642E-05 9.99642E-05 9.99642E-05
9.99643E-05 0.649749 9.99643E-05 0.0281751 9.99643E-05 9.99643E-05 0.321676
9.99821E-05 0.359875 0.19204 9.99821E-05 0.0289183 0.242145 0.176822
0.270255 0.00507152 0.023862 0.224425 0.0999515 9.9991E-05 0.376335
0.233366 9.99641E-05 0.490022 9.99641E-05 9.99641E-05 0.276212 9.99641E-05
9.99821E-05 0.235332 0.107124 0.114867 9.99821E-05 0.0627069 0.47977
9.9982E-05 0.471738 0.175134 0.0107954 0.00700328 9.9982E-05 0.33513
9.99641E-05 9.99641E-05 0.274989 0.411795 0.312816 9.99641E-05 9.99641E-05
9.99731E-05 0.200194 0.0573039 0.203633 9.99731E-05 0.538569 9.99731E-05
0.270315 0.209191 0.140752 9.99821E-05 0.311449 0.0680942 9.99821E-05
0.295893 9.99731E-05 0.363953 9.99731E-05 0.244437 0.0954164 9.99731E-05
9.99553E-05 0.0887718 9.99553E-05 9.99553E-05 9.99553E-05 0.910728 9.99553E-05
9.99732E-05 0.0400379 9.99732E-05 0.209813 9.99732E-05 0.111917 0.637932
9.99732E-05 9.99732E-05 0.393615 9.99732E-05 0.00635286 0.130098 0.469634
9.99731E-05 0.0699527 9.99731E-05 0.481371 0.42739 0.0209866 9.99731E-05
9.99641E-05 9.99641E-05 0.680662 9.99641E-05 9.99641E-05 0.173645 0.145293
9.99731E-05 0.586815 0.199068 0.118105 0.0957118 9.99731E-05 9.99731E-05
0.0275975 0.0335381 9.9991E-05 0.306551 0.115024 0.218866 0.298323
9.99821E-05 0.20204 0.518611 0.0201398 0.0743565 9.99821E-05 0.184652
0.0830915 0.419608 9.99731E-05 9.99731E-05 9.99731E-05 0.417688 0.0793128
9.9982E-05 0.0365906 9.9982E-05 0.138556 0.239039 0.330986 0.254628
0.07981 9.99642E-05 9.99642E-05 0.780375 9.99642E-05 0.139415 9.99642E-05
9.99642E-05 9.99642E-05 9.99642E-05 0.0122823 0.0211519 0.966166 9.99642E-05
9.99732E-05 9.99732E-05 0.11569 0.29234 0.571092 0.0205784 9.99732E-05
9.99552E-05 9.99552E-05 9.99552E-05 9.99552E-05 0.988234 0.0112663 9.99552E-05
0.0362058 0.646821 0.117828 9.9982E-05 0.0911256 9.9982E-05 0.10782
0.0610053 0.277368 0.418102 0.0320583 9.9991E-05 0.169959 0.0414074
0.123271 0.04225 0.410744 0.32707 9.9991E-05 0.0781186 0.0184467
0.42971 0.331087 9.99731E-05 0.171995 0.066908 9.99731E-05 9.99731E-05
0.662663 0.174314 0.136653 9.99731E-05 9.99731E-05 9.99731E-05 0.0260692
0.17621 9.99642E-05 0.0146973 9.99642E-05 0.808693 9.99642E-05 9.99642E-05
0.0556122 0.0478701 0.158285 0.226644 9.99911E-05 0.368889 0.142599
0.196853 0.630941 9.99732E-05 9.99732E-05 9.99732E-05 0.10019 0.0717168
0.101279 0.321424 9.99732E-05 9.99732E-05 0.0394555 0.537542 9.99732E-05
0.24351 0.689531 9.99642E-05 9.99642E-05 0.0665595 9.99642E-05 9.99642E-05
9.995E-05 9.995E-05 9.995E-05 9.995E-05 9.995E-05 0.9994 9.995E-05
9.99911E-05 0.127704 0.288807 0.355062 0.149521 0.0152132 0.0635929
9.99731E-05 0.710438 0.17233 0.0666235 9.99731E-05 9.99731E-05 0.0503092
0.196723 9.99731E-05 0.624435 9.99731E-05 9.99731E-05 0.160006 0.018536
0.230517 9.9982E-05 0.324287 0.0804501 0.155392 0.209154 9.9982E-05
9.99641E-05 0.71713 9.99641E-05 0.0675655 0.214905 9.99641E-05 9.99641E-05
0.150046 9.9973E-05 0.107266 9.9973E-05 9.9973E-05 0.584415 0.157974
9.99731E-05 0.571101 9.99731E-05 0.149743 0.16401 0.114846 9.99731E-05
9.99731E-05 0.836059 0.00444807 0.0358049 0.123388 9.99731E-05 9.99731E-05
0.179806 0.264798 9.99732E-05 9.99732E-05 0.0864161 9.99732E-05 0.46868
0.0120766 0.583328 0.133507 0.0122809 0.125249 0.133459 9.99911E-05
9.9982E-05 0.388058 0.137626 0.0520419 0.228503 9.9982E-05 0.193571
9.99643E-05 9.99643E-05 0.334892 9.99643E-05 9.99643E-05 0.291215 0.373493
0.421038 0.250711 0.0512224 0.166314 9.99821E-05 9.99821E-05 0.110514
0.0578221 0.19168 9.99821E-05 9.99821E-05 0.585087 0.14306 0.0221507
0.0267281 0.22783 9.99821E-05 9.99821E-05 0.468063 0.0435917 0.233586
0.00898813 9.99911E-05 0.491164 0.337012 0.0377296 0.0142548 0.110751
9.9973E-05 0.446106 9.9973E-05 0.244285 0.0737492 9.9973E-05 0.23556
0.190141 0.0129251 0.452442 0.189921 0.0823937 9.9991E-05 0.0720768
0.0415084 0.0972605 0.195684 9.99821E-05 0.525868 9.99821E-05 0.139479
9.99731E-05 0.183585 0.278475 9.99731E-05 0.2784 9.99731E-05 0.259239
0.555467 0.239032 9.99731E-05 9.99731E-05 0.120346 9.99731E-05 0.0848544
0.9994 9.995E-05 9.995E-05 9.995E-05 9.995E-05 9.995E-05 9.995E-05
0.88705 0.0401702 9.99643E-05 9.99643E-05 0.0723803 9.99643E-05 9.99643E-05
9.99732E-05 9.99732E-05 0.736809 0.0493438 0.184717 9.99732E-05 0.02883
0.137003 0.862497 9.99553E-05 9.99553E-05 9.99553E-05 9.99553E-05 9.99553E-05
0.0645248 0.0822094 0.114809 0.631691 0.0907534 9.99911E-05 0.015913
9.99821E-05 9.99821E-05 0.0987073 0.173435 0.668795 0.0433583 0.0155042
0.0813118 0.239451 0.289866 0.0999339 0.112712 0.0380904 0.138636
0.257199 9.99732E-05 9.99732E-05 9.99732E-05 0.242209 0.280422 0.21987
9.99731E-05 0.267097 9.99731E-05 9.99731E-05 0.0290959 0.66545 0.0380566
0.0727453 0.500008 0.192343 0.055582 0.15124 0.0279824 9.9991E-05
9.995E-05 9.995E-05 9.995E-05 9.995E-05 9.995E-05 9.995E-05 0.9994
0.0124895 0.657486 0.0206248 9.99911E-05 0.168297 0.0758995 0.0651029
0.0322909 0.180004 9.99821E-05 0.0599701 9.99821E-05 0.207673 0.519862
0.0116881 0.0759628 0.100523 0.348444 0.111361 9.99911E-05 0.351921
0.0155787 0.0838321 0.547856 0.10306 0.249473 9.99821E-05 9.99821E-05
9.99641E-05 0.171753 0.615097 0.21275 9.99641E-05 9.99641E-05 9.99641E-05
0.661955 0.00902392 9.9973E-05 0.211316 9.9973E-05 9.9973E-05 0.117405
0.254861 0.434056 0.0430567 0.210723 9.99821E-05 0.0571036 9.99821E-05
9.99732E-05 0.200895 9.99732E-05 0.209544 9.99732E-05 0.22323 0.366031
0.326634 0.0980388 9.99821E-05 0.144513 0.270709 9.99821E-05 0.159905
9.99821E-05 0.301726 0.0557378 0.144688 0.489464 0.00818401 9.99821E-05
0.359302 9.99732E-05 9.99732E-05 9.99732E-05 0.0618356 0.0892029 0.489359
0.139826 0.852057 0.00521905 9.99732E-05 9.99732E-05 9.99732E-05 0.00259818
9.9982E-05 0.199998 0.350582 9.9982E-05 0.306096 0.0228034 0.12032
9.995E-05 9.995E-05 9.995E-05 9.995E-05 9.995E-05 9.995E-05 0.9994
0.0814795 0.212737 0.517326 9.99731E-05 9.99731E-05 9.99731E-05 0.188157
9.99732E-05 0.77159 0.16315 0.0563782 0.00858255 9.99732E-05 9.99732E-05
9.99642E-05 9.99642E-05 0.288779 0.487608 9.99642E-05 9.99642E-05 0.223213
0.0278088 9.99643E-05 0.728173 9.99643E-05 9.99643E-05 9.99643E-05 0.243618
9.9991E-05 0.5406 0.120084 0.00977092 0.0964752 0.0833343 0.149636
0.521619 0.128703 9.99731E-05 0.149393 9.99731E-05 9.99731E-05 0.199985
0.944762 9.99553E-05 0.0547386 9.99553E-05 9.99553E-05 9.99553E-05 9.99553E-05
9.99553E-05 0.0799733 9.99553E-05 0.919527 9.99553E-05 9.99553E-05 9.99553E-05
9.9991E-05 0.340457 0.178944 0.116668 0.280682 0.0279661 0.0551829
0.307599 0.438798 0.14241 9.99732E-05 0.110893 9.99732E-05 9.99732E-05
0.0927058 0.330579 0.193979 0.147803 0.234734 9.99821E-05 9.99821E-05
9.99731E-05 0.153266 0.323475 0.222473 0.300486 9.99731E-05 9.99731E-05
9.99642E-05 0.482167 9.99642E-05 9.99642E-05 9.99642E-05 0.0494256 0.468007
0.0896055 0.653406 0.017592 0.178324 9.99821E-05 0.0608727 9.99821E-05
0.142449 0.43652 0.362891 0.0578401 9.99732E-05 9.99732E-05 9.99732E-05
0.00729329 0.140885 0.246366 9.99911E-05 0.00402792 0.330085 0.271242
9.99553E-05 9.99553E-05 9.99553E-05 9.99553E-05 0.778746 9.99553E-05 0.220754
0.119375 0.0344489 0.207986 9.99911E-05 0.326314 0.0148948 0.296882
9.99732E-05 0.27689 0.288338 0.201694 0.232779 9.99732E-05 9.99732E-05
9.99553E-05 9.99553E-05 0.0858676 9.99553E-05 9.99553E-05 9.99553E-05 0.913633
9.99821E-05 9.99821E-05 0.447545 0.0263153 0.117184 0.0439372 0.364819
0.0595041 0.33602 0.229328 9.9982E-05 9.9982E-05 0.112203 0.262745
0.061714 0.859968 0.0779184 9.99643E-05 9.99643E-05 9.99643E-05 9.99643E-05
0.0497698 9.99551E-05 9.99551E-05 9.99551E-05 0.94973 9.99551E-05 9.99551E-05
9.99643E-05 0.45664 0.482918 9.99643E-05 9.99643E-05 9.99643E-05 0.0600427
9.99642E-05 0.657879 0.250677 9.99642E-05 0.0910438 9.99642E-05 9.99642E-05
9.99642E-05 0.424055 9.99642E-05 0.406383 0.169162 9.99642E-05 9.99642E-05
9.9982E-05 0.363302 9.9982E-05 0.173597 0.328255 0.0567907 0.077856
