9.9973E-05 0.767467 0.0666981 9.9973E-05 0.00452484 0.102454 0.0183054 9.9973E-05 0.0402503
0.168462 0.264686 0.0134496 0.124705 0.150683 0.0591831 0.0954674 9.9991E-05 0.123263
0.096771 0.0525971 9.99819E-05 0.0207677 0.278612 0.287891 0.0314284 9.99819E-05 0.231733
0.00974519 0.0580123 0.0702272 9.9973E-05 9.9973E-05 0.394269 0.0552143 9.9973E-05 0.412232
9.9973E-05 9.9973E-05 0.0993861 0.0558406 9.9973E-05 0.543631 0.0635553 0.121215 0.116072
0.0263225 0.0948173 0.0626848 0.0351543 9.9982E-05 0.314727 9.9982E-05 0.269612 0.196483
9.99729E-05 0.505916 0.0433565 9.99729E-05 0.17059 0.166612 0.0829588 9.99729E-05 0.0302674
0.182263 0.0310265 9.9982E-05 0.0189405 0.327335 9.9982E-05 0.0231125 0.0971193 0.320004
0.00347101 0.123653 0.0254029 0.111231 0.321171 0.070602 0.0268905 0.276465 0.0411138
9.9973E-05 9.9973E-05 0.210971 0.0608642 0.429261 0.134086 0.0783013 9.9973E-05 0.0862173
0.00409785 0.0396402 0.207642 9.9982E-05 0.159625 0.00433714 9.9982E-05 0.521979 0.0624793
9.9964E-05 9.9964E-05 9.9964E-05 0.0255774 0.555287 0.250389 0.0288947 0.139452 9.9964E-05
9.999E-05 0.14901 0.0728812 0.0613429 0.128395 0.302259 0.0543995 0.11083 0.120783
0.084412 0.297733 0.0824182 0.135611 0.123155 0.0187629 0.0716765 0.0912441 0.0949868
0.0208069 0.0715898 9.9955E-05 9.9955E-05 9.9955E-05 9.9955E-05 0.0498677 0.857236 9.9955E-05
0.54337 0.074501 0.0573994 0.117316 9.9982E-05 0.007426 0.114809 0.0849785 9.9982E-05
9.9937E-05 9.9937E-05 0.079888 9.9937E-05 9.9937E-05 9.9937E-05 9.9937E-05 0.919412 9.9937E-05
0.0857621 0.110454 0.0663329 0.265917 0.145052 9.9991E-05 0.152427 0.0358652 0.13809
0.0388264 0.292267 9.9982E-05 0.0435215 9.9982E-05 0.467574 0.0637014 0.00232797 0.0915825
0.134932 0.523485 0.0150104 0.0297631 0.044344 9.9973E-05 9.9973E-05 9.9973E-05 0.252165
9.9982E-05 0.344237 0.0436199 9.9982E-05 0.147067 0.130831 0.0773774 0.205361 0.0513064
9.9982E-05 0.257942 0.010164 9.9982E-05 0.34793 0.0767281 0.05238 0.221632 0.0330245
0.0930564 0.299409 0.0607631 9.9973E-05 9.9973E-05 0.31395 0.111336 0.121186 9.9973E-05
0.0548724 0.0344262 9.9973E-05 0.202379 9.9973E-05 9.9973E-05 0.00231222 0.182561 0.52315
9.9964E-05 9.9964E-05 0.222642 9.9964E-05 0.0285935 0.159079 0.0335869 0.555699 9.9964E-05
0.0416863 0.356784 0.027604 0.108785 0.100072 9.9982E-05 9.9982E-05 0.290224 0.0746447
0.216619 0.139041 0.0544246 0.119948 0.352279 9.9991E-05 0.0892105 0.0179955 0.0103837
0.129887 0.410877 0.10202 0.135774 0.221042 9.9964E-05 9.9964E-05 9.9964E-05 9.9964E-05
0.0739321 0.13388 0.0868788 0.112624 9.9982E-05 0.301815 9.9982E-05 0.239865 0.0508051
0.0203437 0.0816536 9.9982E-05 0.6032 0.051301 9.9982E-05 0.0186662 0.0460754 0.17856
0.114915 9.9973E-05 0.0737087 9.9973E-05 9.9973E-05 0.198476 0.00465051 0.575164 0.032786
0.0528004 9.9973E-05 0.0634038 0.018022 0.796793 9.9973E-05 0.017202 9.9973E-05 0.0514786
0.0528737 0.195897 9.9982E-05 0.00920365 9.9982E-05 0.427817 0.0595663 0.0145259 0.239916
0.0895076 9.9982E-05 0.07504 9.9982E-05 0.158085 0.00212537 0.0533431 0.208377 0.413322
9.9973E-05 0.0210156 0.107615 9.9973E-05 0.29343 9.9973E-05 0.0926901 0.360404 0.124546
9.99371E-05 0.994477 9.99371E-05 9.99371E-05 9.99371E-05 9.99371E-05 0.00482387 9.99371E-05 9.99371E-05
9.9964E-05 0.416423 0.123254 9.9964E-05 9.9964E-05 0.0630687 9.9964E-05 0.00241966 0.394435
9.9973E-05 0.301974 0.0567709 0.0237731 0.516348 9.9973E-05 0.00560473 0.0952291 9.9973E-05
9.9973E-05 9.9973E-05 0.0338087 0.197634 9.9973E-05 0.204673 0.0379009 0.18112 0.344564
0.179513 0.225468 0.00556357 9.9982E-05 0.0836258 9.9982E-05 0.0486696 0.176732 0.280228
0.140694 0.0961707 0.0429941 0.04538 0.451181 9.9991E-05 0.0342021 0.0233856 0.165893
0.0825439 0.0763886 0.0878373 0.0030421 0.0355342 9.9982E-05 0.00450075 9.9982E-05 0.709953
0.0472645 0.133586 0.0572005 9.9973E-05 0.262326 9.9973E-05 0.0276059 9.9973E-05 0.471717
9.99551E-05 0.420031 9.99551E-05 0.038457 0.502956 0.038056 9.99551E-05 9.99551E-05 9.99551E-05
9.9946E-05 9.9946E-05 9.9946E-05 9.9946E-05 0.924351 9.9946E-05 0.0572422 0.0178074 9.9946E-05
9.9973E-05 0.0154451 0.144813 9.9973E-05 0.301039 9.9973E-05 0.0122491 0.249599 0.276554
0.0946929 9.9982E-05 0.00325572 0.0147597 0.30985 0.393805 9.9982E-05 0.066547 0.116889
0.0841713 9.9964E-05 9.9964E-05 0.0528806 9.9964E-05 0.418112 9.9964E-05 0.0926531 0.351783
0.157943 0.0564212 0.0149584 9.9991E-05 0.356631 0.0144681 0.101444 0.13837 0.159665
0.23857 9.9973E-05 9.9973E-05 0.066434 9.9973E-05 0.41508 0.0424977 0.152085 0.085034
9.9964E-05 0.260604 0.0135369 0.0263717 9.9964E-05 9.9964E-05 0.0770101 0.622077 9.9964E-05
0.137651 9.9973E-05 9.9973E-05 0.0887789 9.9973E-05 0.41911 0.117735 0.0643404 0.172084
0.484711 0.0780112 0.0522434 0.060698 0.028555 9.9982E-05 0.0127333 9.9982E-05 0.282848
0.128456 0.110888 0.177571 0.174649 0.112856 0.128247 0.0432741 0.0336292 0.0904295
0.149553 9.9955E-05 0.00838278 0.0805168 9.9955E-05 0.761047 9.9955E-05 9.9955E-05 9.9955E-05
9.9964E-05 9.9964E-05 9.9964E-05 0.0400424 0.345059 0.0322942 0.0734513 9.9964E-05 0.508753
0.158416 9.9973E-05 0.0185841 0.00634516 0.130046 0.676111 0.0101968 9.9973E-05 9.9973E-05
9.9955E-05 0.0217216 0.0615263 0.0250074 9.9955E-05 0.891245 9.9955E-05 9.9955E-05 9.9955E-05
0.0767908 9.9991E-05 0.14548 0.0480339 0.0573086 0.253457 0.0604035 0.240379 0.118047
9.9973E-05 0.0345815 0.108574 9.9973E-05 0.471239 0.178676 0.043189 0.163441 9.9973E-05
9.9946E-05 0.023157 9.9946E-05 9.9946E-05 9.9946E-05 9.9946E-05 0.0105099 9.9946E-05 0.965733
9.99811E-05 9.99811E-05 0.0779706 9.99811E-05 0.0281387 0.114377 0.122574 0.25856 0.39808
9.9964E-05 0.0226867 9.9964E-05 9.9964E-05 9.9964E-05 0.447176 0.112596 0.402069 0.015072
9.9946E-05 9.9946E-05 9.9946E-05 0.887722 9.9946E-05 9.9946E-05 0.082461 9.9946E-05 0.0292174
0.124033 0.420497 0.141556 9.9982E-05 9.9982E-05 0.175107 0.025724 0.0706996 0.0421837
0.0373162 0.911537 9.9946E-05 9.9946E-05 9.9946E-05 9.9946E-05 0.0505468 9.9946E-05 9.9946E-05
9.99756E-05 0.274149 0.0847163 9.99756E-05 0.0152005 0.175246 0.0613348 9.99756E-05 0.389054
9.9964E-05 9.9964E-05 9.9964E-05 0.0436573 0.11737 0.385951 9.9964E-05 0.300267 0.152356
9.9973E-05 0.481256 9.9973E-05 0.0099026 9.9973E-05 0.0971413 0.016667 0.227069 0.167665
0.290234 0.220322 0.0671451 0.15578 0.0878982 0.0176095 0.0781116 9.9991E-05 0.0828004
0.0156377 9.9982E-05 0.187105 0.082121 0.258207 0.32459 0.0080307 9.9982E-05 0.124109
0.0581103 0.288126 9.9964E-05 9.9964E-05 0.053582 9.9964E-05 0.101833 0.497949 9.9964E-05
0.0596978 0.207585 0.00802062 0.133194 9.9982E-05 9.9982E-05 0.0931111 0.415699 0.0824928
0.112397 9.9991E-05 0.0281993 0.0466976 0.104337 0.1138 0.0138373 0.353246 0.227386
0.145319 0.0228001 0.171121 0.0864314 0.458382 9.9973E-05 9.9973E-05 0.115647 9.9973E-05
0.279596 9.9982E-05 0.0856388 9.9982E-05 0.258166 0.0657249 0.054258 0.161628 0.0947887
9.9964E-05 9.9964E-05 0.0123805 9.9964E-05 0.419258 0.0348956 0.107747 9.9964E-05 0.425319
9.9937E-05 9.9937E-05 9.9937E-05 9.9937E-05 9.9937E-05 9.9937E-05 9.9937E-05 0.165464 0.833836
0.00816277 9.9955E-05 0.0202248 9.9955E-05 9.9955E-05 9.9955E-05 9.9955E-05 0.0797788 0.891334
0.00991382 9.9973E-05 9.9973E-05 0.120893 0.170225 9.9973E-05 0.0498223 0.103646 0.5452
0.05179 0.0441859 0.00336841 0.0175748 0.234138 9.9991E-05 0.0524503 0.194252 0.40214
9.9991E-05 0.120649 0.032879 0.0164609 0.0689296 0.273893 0.0193872 0.259513 0.208188
0.115402 9.9964E-05 0.0046903 0.105603 0.461646 9.9964E-05 9.9964E-05 9.9964E-05 0.31226
0.200777 9.9982E-05 0.0246057 0.0975154 9.9982E-05 0.00536181 0.0207987 0.179963 0.470779
9.9982E-05 0.450083 0.0103909 0.050327 9.9982E-05 0.0130073 0.0417072 0.212132 0.222153
0.222034 0.0261103 0.0476635 9.9973E-05 0.387231 0.074254 9.9973E-05 9.9973E-05 0.242407
0.0246663 0.679535 9.9982E-05 0.0545629 9.9982E-05 0.0295422 0.0575112 0.000480788 0.153502
9.99731E-05 9.99731E-05 0.0798641 9.99731E-05 0.31962 0.237459 0.0651552 0.257896 0.0397065
0.0308303 0.277333 0.0695781 0.202913 0.0284299 9.9991E-05 0.0335369 0.30773 0.0495493
0.0113412 0.280821 9.9973E-05 9.9973E-05 0.427437 0.11476 0.0158248 0.149516 9.9973E-05
9.9946E-05 9.9946E-05 0.00702453 0.9856 0.00677602 9.9946E-05 9.9946E-05 9.9946E-05 9.9946E-05
9.9964E-05 0.0108246 0.077607 9.9964E-05 0.23479 9.9964E-05 0.0259975 0.650381 9.9964E-05
9.9955E-05 0.181133 9.9955E-05 9.9955E-05 9.9955E-05 0.198408 0.0322946 9.9955E-05 0.587665
0.237668 0.0969737 9.9964E-05 9.9964E-05 9.9964E-05 0.15433 0.0670454 0.443583 9.9964E-05
9.9955E-05 0.402303 0.0611065 9.9955E-05 9.9955E-05 9.9955E-05 0.00467502 9.9955E-05 0.531415
9.9982E-05 0.25247 0.0374498 0.113492 0.000536014 0.0534515 9.9982E-05 0.015947 0.526454
0.0557863 0.447069 0.0842916 9.9973E-05 0.28942 0.100181 9.9973E-05 0.0229516 9.9973E-05
0.131165 9.99641E-05 0.195601 9.99641E-05 9.99641E-05 0.624053 0.0170917 9.99641E-05 0.0316894
9.99641E-05 9.99641E-05 0.00199825 0.527419 9.99641E-05 0.19423 0.0779038 0.198048 9.99641E-05
0.0826939 0.16439 9.9982E-05 0.304325 0.0186415 0.365949 9.9982E-05 0.0606022 0.00319841
9.9982E-05 0.332015 9.9982E-05 0.182185 0.121617 0.170015 0.0304408 0.0535285 0.11
9.993E-05 9.993E-05 9.993E-05 0.999201 9.993E-05 9.993E-05 9.993E-05 9.993E-05 9.993E-05
0.112543 9.9973E-05 0.154581 9.9973E-05 9.9973E-05 0.371737 0.0521077 0.278422 0.0303098
9.99369E-05 9.99369E-05 0.993897 9.99369E-05 9.99369E-05 9.99369E-05 0.00540305 9.99369E-05 9.99369E-05
0.0441368 0.254027 0.00963372 0.0588197 0.0275678 9.9982E-05 9.9982E-05 0.414342 0.191273
0.235626 0.0233154 9.9982E-05 0.00660942 0.202468 0.212809 9.9982E-05 0.235855 0.0831171
0.117762 0.258946 0.0392966 9.9982E-05 0.0807395 0.202529 9.9982E-05 0.287508 0.0130186
0.0713698 0.216563 0.013754 9.99729E-05 0.0920391 0.494008 0.111966 9.99729E-05 9.99729E-05
0.0324535 9.9982E-05 0.0204707 0.154532 0.206774 9.9982E-05 0.0190674 0.35843 0.208073
9.9973E-05 0.496212 0.0156979 9.9973E-05 0.109875 9.9973E-05 0.0331827 0.280718 0.0640138
9.9964E-05 0.307723 0.126727 9.9964E-05 9.9964E-05 0.379081 0.00282274 0.183246 9.9964E-05
9.9973E-05 9.9973E-05 0.0515303 0.066331 0.367082 0.202494 0.0861858 0.226076 9.9973E-05
0.213793 0.0105867 0.0497841 0.0491096 9.9982E-05 0.10645 9.9982E-05 0.129973 0.440103
9.9982E-05 0.0941162 0.0146386 0.494101 9.9982E-05 0.0325714 0.028213 0.311105 0.0250545
0.0439883 0.0106161 9.9982E-05 0.0149341 0.195813 0.277636 9.9982E-05 0.178075 0.278738
9.9937E-05 9.9937E-05 9.9937E-05 0.897382 9.9937E-05 0.101919 9.9937E-05 9.9937E-05 9.9937E-05
0.146342 0.297154 0.161829 9.9973E-05 0.106365 0.0854423 9.9973E-05 0.202568 9.9973E-05
9.9955E-05 0.426363 9.9955E-05 9.9955E-05 0.156219 9.9955E-05 0.105483 9.9955E-05 0.311435
9.9946E-05 9.9946E-05 9.9946E-05 9.9946E-05 0.232381 0.390189 9.9946E-05 9.9946E-05 0.376831
9.9973E-05 0.0211661 0.0626746 0.0557761 0.575114 9.9973E-05 0.124986 0.159984 9.9973E-05
9.9982E-05 0.047508 0.00267935 0.132092 0.0615498 9.9982E-05 0.0694549 0.0826379 0.603878
9.9955E-05 0.122296 9.9955E-05 0.434862 9.9955E-05 9.9955E-05 0.0174655 0.424876 9.9955E-05
9.9982E-05 9.9982E-05 0.0437093 0.174963 0.154921 0.147574 0.0128617 0.166096 0.299674
0.208323 9.9982E-05 0.059445 9.9982E-05 0.093374 0.391196 0.0016719 0.212878 0.0329115
9.9982E-05 0.0303568 0.0228803 0.0958164 0.394239 0.373551 0.0433869 0.0395691 9.9982E-05
0.146714 9.99551E-05 9.99551E-05 9.99551E-05 9.99551E-05 0.237425 0.0366164 0.578745 9.99551E-05
0.0554731 0.199697 9.9973E-05 9.9973E-05 0.260907 0.117184 0.0498896 0.316549 9.9973E-05
9.9973E-05 9.9973E-05 0.0313338 0.13875 0.164288 0.25625 0.00165393 9.9973E-05 0.407424
0.0271566 0.000747492 0.000778373 9.9991E-05 0.410161 0.414971 0.00527311 0.0632523 0.0775607
0.099301 0.0216231 0.00732881 0.0617261 0.588933 0.0130006 0.0350808 0.167869 0.00513784
9.9964E-05 0.554611 9.9964E-05 0.0144297 0.297723 9.9964E-05 0.0466001 9.9964E-05 0.0862371
9.9964E-05 0.0559389 9.9964E-05 0.0373289 9.9964E-05 0.205422 0.139909 9.9964E-05 0.561002
9.9964E-05 9.9964E-05 9.9964E-05 0.245702 0.0283224 0.0818868 9.9964E-05 0.295981 0.347707
0.0360579 0.0207988 9.9991E-05 0.169125 0.0489105 0.0245938 0.0953085 0.313397 0.291708
9.9982E-05 0.0938516 0.0245725 0.0571418 0.148616 0.419428 0.000886733 9.9982E-05 0.255304
0.0307066 9.9973E-05 0.137585 9.9973E-05 0.247968 0.398987 0.0844267 0.100026 9.9973E-05
0.856644 9.99369E-05 9.99369E-05 9.99369E-05 9.99369E-05 0.142656 9.99369E-05 9.99369E-05 9.99369E-05
0.999201 9.993E-05 9.993E-05 9.993E-05 9.993E-05 9.993E-05 9.993E-05 9.993E-05 9.993E-05
0.0730654 0.0811723 9.9973E-05 0.0056398 0.680617 9.9973E-05 0.0778815 9.9973E-05 0.0813242
9.9982E-05 0.271063 0.0895831 0.0961633 9.9982E-05 0.0841885 0.000593915 0.166107 0.292101
9.9973E-05 9.9973E-05 0.0481632 0.0403463 0.441947 0.0562704 0.096315 9.9973E-05 0.316658
0.134398 9.9982E-05 0.0472409 0.0113947 9.9982E-05 0.0399401 0.00932125 0.69149 0.0660154
9.9964E-05 9.9964E-05 0.0972204 0.040616 0.0236889 0.83444 0.0036348 9.9964E-05 9.9964E-05
9.9973E-05 0.275712 0.0322554 0.0690582 0.438072 0.139013 0.0455895 9.9973E-05 9.9973E-05
0.0212541 0.343581 0.10481 0.0962723 9.9991E-05 0.00747907 0.0706284 0.125697 0.230178
9.9973E-05 0.211378 9.9973E-05 0.401645 0.0205325 0.0648196 0.0961938 0.205131 9.9973E-05
0.10565 0.425114 0.100604 9.9973E-05 0.109782 0.0669218 9.9973E-05 0.191629 9.9973E-05
9.993E-05 9.993E-05 9.993E-05 9.993E-05 9.993E-05 9.993E-05 0.999201 9.993E-05 9.993E-05
9.9964E-05 0.403631 0.0701345 9.9964E-05 0.100172 9.9964E-05 0.0389881 9.9964E-05 0.386675
0.103386 0.136745 0.155376 9.9964E-05 9.9964E-05 9.9964E-05 0.0186109 9.9964E-05 0.585482
9.9964E-05 9.9964E-05 0.0489487 9.9964E-05 0.614989 0.294103 0.021997 0.0195633 9.9964E-05
0.0482074 0.0421896 0.109886 9.9991E-05 0.0621823 0.0685633 0.034102 0.0517326 0.583037
0.0482543 9.9982E-05 0.037469 0.124391 0.366623 0.0834136 0.139052 9.9982E-05 0.200596
0.201745 0.154829 0.0384491 0.0749743 0.28425 9.9982E-05 0.0262232 0.219329 9.9982E-05
9.9964E-05 9.9964E-05 9.9964E-05 9.9964E-05 0.330972 0.360949 0.0511696 0.172793 0.0837163
0.162855 0.305567 0.0525768 0.111053 9.9982E-05 9.9982E-05 0.0414401 0.232652 0.0936555
0.019143 0.17861 9.9982E-05 9.9982E-05 0.0925966 0.430197 0.067956 0.00279127 0.208506
0.0658681 9.9991E-05 0.0563229 0.0340656 0.228458 0.334939 0.0754372 0.0514218 0.153387
0.098871 0.730113 9.9964E-05 0.0850571 9.9964E-05 0.000411336 9.9964E-05 9.9964E-05 0.0851479
0.0284461 0.0737452 9.9991E-05 0.0812121 0.139692 0.110339 0.068599 0.266395 0.231471
9.9973E-05 0.151325 0.0137601 9.9973E-05 9.9973E-05 0.0344199 0.0573831 0.53909 0.203722
9.993E-05 9.993E-05 9.993E-05 9.993E-05 9.993E-05 9.993E-05 0.999201 9.993E-05 9.993E-05
0.0812931 0.141114 9.9964E-05 9.9964E-05 9.9964E-05 0.091199 0.386857 0.299137 9.9964E-05
0.303928 9.9955E-05 0.0377822 9.9955E-05 0.0492277 9.9955E-05 9.9955E-05 9.9955E-05 0.608562
0.150281 0.0183135 0.0463484 0.073735 0.1974 0.324069 0.0980564 9.9991E-05 0.0916974
9.9964E-05 0.674549 0.0247753 9.9964E-05 0.195104 9.9964E-05 0.0540453 9.9964E-05 0.0511261
0.0077607 0.279074 0.0452242 9.9991E-05 0.0590533 0.406302 0.0277446 0.159592 0.0151503
0.0738253 0.0791822 0.0986869 9.9991E-05 0.0769104 0.186044 0.0210256 0.276702 0.187524
0.999201 9.993E-05 9.993E-05 9.993E-05 9.993E-05 9.993E-05 9.993E-05 9.993E-05 9.993E-05
9.9973E-05 0.180345 9.9973E-05 0.0537968 0.156827 9.9973E-05 0.0910155 0.301328 0.216387
0.166082 0.197259 0.0391767 0.0951669 0.0615818 0.337804 9.9991E-05 0.0736066 0.0292236
0.112301 0.102208 0.110131 9.9973E-05 9.9973E-05 0.472857 0.0485241 0.153678 9.9973E-05
0.0776791 0.288758 9.9973E-05 0.162486 9.9973E-05 0.169722 0.161569 9.9973E-05 0.139487
0.49177 9.9955E-05 0.071162 9.9955E-05 0.414917 9.9955E-05 0.0216514 9.9955E-05 9.9955E-05
0.000150529 0.015765 9.9973E-05 9.9973E-05 0.245562 9.9973E-05 0.084768 0.0851634 0.568291
9.9964E-05 9.9964E-05 0.0902586 9.9964E-05 0.137825 0.128891 9.9964E-05 0.15266 0.489966
9.9964E-05 9.9964E-05 9.9964E-05 9.9964E-05 0.0750341 0.367982 0.00887867 0.449372 0.0983332
0.240938 9.9982E-05 0.116439 0.0223001 0.178601 0.339727 0.0121453 9.9982E-05 0.0896497
9.9937E-05 9.9937E-05 0.989965 0.00933544 9.9937E-05 9.9937E-05 9.9937E-05 9.9937E-05 9.9937E-05
0.0790227 0.17051 0.0290656 9.9973E-05 0.29642 0.331444 9.9973E-05 0.0932376 9.9973E-05
9.9937E-05 9.9937E-05 9.9937E-05 0.0641132 9.9937E-05 9.9937E-05 9.9937E-05 0.935187 9.9937E-05
9.9982E-05 0.309855 0.00294629 0.160492 9.9982E-05 0.098131 0.0623182 0.339035 0.0270231
0.207062 0.595425 0.100554 0.0472883 9.9973E-05 0.00552311 0.0438477 9.9973E-05 9.9973E-05
9.9955E-05 0.260841 9.9955E-05 0.144629 9.9955E-05 0.491886 9.9955E-05 9.9955E-05 0.102145
0.104131 0.170735 0.000118944 9.9973E-05 9.9973E-05 0.315999 9.9973E-05 0.21591 0.192807
9.993E-05 9.993E-05 0.999201 9.993E-05 9.993E-05 9.993E-05 9.993E-05 9.993E-05 9.993E-05
9.9964E-05 0.0190192 9.9964E-05 9.9964E-05 9.9964E-05 0.667636 0.0465185 0.0658982 0.200528
0.161856 0.246339 0.212662 0.0355386 9.9991E-05 0.0090965 0.0831981 0.228267 0.0229426
9.99459E-05 0.36603 9.99459E-05 9.99459E-05 9.99459E-05 0.110514 9.99459E-05 9.99459E-05 0.522857
0.264771 0.0431916 9.9955E-05 0.0325092 0.659029 9.9955E-05 9.9955E-05 9.9955E-05 9.9955E-05
