0.0868087 0.141718 0.273145 9.9973E-05 0.148618 9.9973E-05 0.0141572 0.335253 9.9973E-05
9.996E-05 0.240706 0.261746 9.996E-05 0.119766 9.996E-05 9.996E-05 0.182425 0.194957
0.151866 0.189424 9.99641E-05 0.143359 0.282124 9.99641E-05 9.99641E-05 0.232827 9.99641E-05
0.293088 0.0718998 0.0706421 0.0871709 0.243305 9.9991E-05 0.0752699 0.046751 0.111774
9.99551E-05 9.99551E-05 0.238226 9.99551E-05 0.301486 9.99551E-05 0.159648 9.99551E-05 0.30014
9.9982E-05 0.252495 0.0559031 0.179915 0.207415 0.0404744 0.000172042 9.9982E-05 0.263425
9.99642E-05 9.99642E-05 0.270411 9.99642E-05 0.139888 9.99642E-05 0.183879 0.0876428 0.31778
0.233314 9.99641E-05 0.435052 9.99641E-05 9.99641E-05 9.99641E-05 0.0124375 0.153586 0.16521
0.206315 0.251278 9.99731E-05 0.0577842 0.0118725 0.453233 9.99731E-05 9.99731E-05 0.0192176
0.120496 0.287071 9.99641E-05 0.103917 9.99641E-05 9.99641E-05 0.0100272 0.478089 9.99641E-05
0.215357 9.9973E-05 0.113577 0.225332 0.104234 9.9973E-05 0.0825886 0.258611 9.9973E-05
0.368069 9.99552E-05 9.99552E-05 9.99552E-05 0.0213594 9.99552E-05 0.17446 9.99552E-05 0.435611
0.492446 9.99553E-05 9.99553E-05 9.99553E-05 0.0264931 0.0700458 9.99553E-05 9.99553E-05 0.410515
9.996E-05 0.027689 9.996E-05 9.996E-05 0.0198818 9.996E-05 0.0793525 0.229838 0.642839
9.99462E-05 9.99462E-05 0.224795 9.99462E-05 9.99462E-05 0.594748 9.99462E-05 0.179858 9.99462E-05
0.0230391 0.143134 0.286645 9.99821E-05 0.208854 0.0661886 0.240953 9.99821E-05 0.0309859
0.207674 0.1216 0.00217308 0.202239 0.0454662 9.99821E-05 9.99821E-05 0.123838 0.296809
9.99821E-05 0.521949 0.0107572 0.0641542 0.0175588 0.0889877 0.0826241 0.213769 9.99821E-05
0.586193 0.0471113 0.162676 0.00320805 9.99821E-05 0.0444023 9.99821E-05 0.0826639 0.0735454
9.996E-05 0.0917658 0.203628 0.113227 9.996E-05 9.996E-05 9.996E-05 0.450714 0.140266
9.99552E-05 0.273513 9.99552E-05 0.218264 9.99552E-05 0.132534 9.99552E-05 0.375188 9.99552E-05
0.663906 9.99552E-05 0.127214 9.99552E-05 0.0587503 0.14963 9.99552E-05 9.99552E-05 9.99552E-05
9.998E-05 0.341473 0.0990623 0.0139718 0.204285 0.197368 0.0841744 9.998E-05 0.0594655
9.99551E-05 9.99551E-05 9.99551E-05 9.99551E-05 0.669712 0.186722 0.0675304 9.99551E-05 0.0755362
9.99552E-05 9.99552E-05 9.99552E-05 0.328821 0.30416 9.99552E-05 0.130065 0.236454 9.99552E-05
0.14039 0.0826315 0.0942247 0.0483816 0.184751 0.130281 0.184173 0.135068 9.9991E-05
0.2227 9.9955E-05 0.0355338 9.9955E-05 9.9955E-05 9.9955E-05 0.193474 0.547793 9.9955E-05
0.0663366 0.263506 0.385591 9.99642E-05 9.99642E-05 0.244513 9.99642E-05 9.99642E-05 0.0396535
0.0622965 9.99641E-05 0.472155 0.213711 9.99641E-05 9.99641E-05 9.99641E-05 0.103907 0.147531
0.0563812 9.99641E-05 0.0257426 0.125433 0.671457 9.99641E-05 9.99641E-05 0.120587 9.99641E-05
9.99551E-05 0.543529 0.0859894 9.99551E-05 9.99551E-05 0.236674 0.133308 9.99551E-05 9.99551E-05
9.99462E-05 9.99462E-05 0.137859 9.99462E-05 9.99462E-05 9.99462E-05 9.99462E-05 0.26564 0.595902
0.108966 0.568403 0.0685196 0.189053 9.99732E-05 0.014927 9.99732E-05 0.0498311 9.99732E-05
0.170468 9.99641E-05 0.446834 9.99641E-05 0.0332126 9.99641E-05 9.99641E-05 0.145712 0.203374
9.9955E-05 0.248896 0.213524 9.9955E-05 0.384822 9.9955E-05 0.152258 9.9955E-05 9.9955E-05
9.99552E-05 0.488304 9.99552E-05 9.99552E-05 0.112066 9.99552E-05 9.99552E-05 0.265482 0.133649
0.04544 0.512128 0.252566 9.99552E-05 9.99552E-05 9.99552E-05 0.189367 9.99552E-05 9.99552E-05
0.12261 0.353548 9.99552E-05 0.369005 0.154338 9.99552E-05 9.99552E-05 9.99552E-05 9.99552E-05
0.0436812 0.0868276 0.38259 0.0493005 0.0144243 9.9991E-05 0.115378 0.244143 0.0635554
0.0709271 0.0299602 0.541748 0.220928 9.99731E-05 9.99731E-05 0.123565 0.0125716 9.99731E-05
0.0712413 0.053958 9.997E-05 9.997E-05 0.147125 0.0590333 9.997E-05 0.657697 0.0106453
0.285377 0.226002 9.99643E-05 9.99643E-05 0.0646639 9.99643E-05 0.0123008 0.411256 9.99643E-05
0.310443 0.382372 0.0243643 9.9973E-05 0.00278617 9.9973E-05 9.9973E-05 0.0608621 0.218873
0.238371 0.172054 0.238221 0.0225812 0.152415 0.111209 0.0649489 9.99821E-05 9.99821E-05
9.99641E-05 9.99641E-05 0.402944 0.109947 9.99641E-05 9.99641E-05 0.00546914 0.225677 0.255564
0.0415276 0.108361 0.179118 0.106983 0.00427778 9.9991E-05 0.0746609 0.457733 0.0272381
9.99551E-05 0.133994 9.99551E-05 9.99551E-05 9.99551E-05 0.134561 9.99551E-05 0.70979 0.0211562
0.29013 0.177718 9.99731E-05 0.0947449 9.99731E-05 9.99731E-05 0.139544 0.280185 0.0173787
0.115734 9.99554E-05 0.277202 9.99554E-05 9.99554E-05 0.0475051 9.99554E-05 0.55906 9.99554E-05
0.0681287 0.183013 0.326848 9.997E-05 0.0983571 9.997E-05 0.171436 0.151917 9.997E-05
0.239 0.0977673 0.204635 0.0402257 0.384887 9.997E-05 9.997E-05 9.997E-05 0.0331848
0.012983 0.102632 9.99821E-05 0.49904 9.99821E-05 0.0166181 0.093707 0.0787199 0.1961
0.489261 0.264654 9.99461E-05 9.99461E-05 0.245486 9.99461E-05 9.99461E-05 9.99461E-05 9.99461E-05
9.997E-05 9.997E-05 0.415118 0.269158 0.104487 9.997E-05 0.00651786 0.138886 0.0655328
9.99462E-05 9.99462E-05 9.99462E-05 0.00338467 9.99462E-05 0.431181 9.99462E-05 9.99462E-05 0.564835
9.99552E-05 0.195513 0.226068 9.99552E-05 9.99552E-05 0.458197 0.119722 9.99552E-05 9.99552E-05
0.124106 0.202503 0.158664 9.9973E-05 0.386679 0.0357127 9.9973E-05 9.9973E-05 0.0920357
0.165076 9.99465E-05 9.99465E-05 9.99465E-05 9.99465E-05 0.00232988 9.99465E-05 9.99465E-05 0.831995
0.137192 0.0325622 0.140627 0.0672278 9.9991E-05 0.0928459 0.216827 0.00469512 0.307923
0.0216868 0.502559 0.113662 0.104783 9.9973E-05 9.9973E-05 0.0679694 0.189039 9.9973E-05
0.266565 0.0154257 0.465424 0.168183 0.0840027 9.996E-05 9.996E-05 9.996E-05 9.996E-05
0.0389259 0.284065 9.99641E-05 9.99641E-05 0.110004 9.99641E-05 0.135242 0.431362 9.99641E-05
0.726026 0.255514 9.99461E-05 9.99461E-05 9.99461E-05 9.99461E-05 0.0178603 9.99461E-05 9.99461E-05
9.99551E-05 9.99551E-05 0.261298 9.99551E-05 0.545151 9.99551E-05 0.0798752 0.113177 9.99551E-05
0.25109 0.350099 0.316808 9.99642E-05 0.0712161 9.99642E-05 9.99642E-05 9.99642E-05 0.0103866
0.00460658 9.99731E-05 0.1012 0.0187576 0.0287911 0.173342 9.99731E-05 0.673002 9.99731E-05
9.996E-05 0.350339 0.170081 9.996E-05 0.278767 9.996E-05 0.178681 9.996E-05 0.0217326
0.47811 0.03146 0.156982 9.99641E-05 9.99641E-05 0.0480929 0.284955 9.99641E-05 9.99641E-05
0.308437 9.99551E-05 0.59957 9.99551E-05 9.99551E-05 0.002823 0.0886703 9.99551E-05 9.99551E-05
0.178886 0.0334365 0.364971 9.99642E-05 0.0328767 9.99642E-05 9.99642E-05 0.38943 9.99642E-05
9.9964E-05 9.9964E-05 9.9964E-05 0.163571 9.9964E-05 0.105258 0.103919 0.201221 0.425631
0.500648 9.99463E-05 9.99463E-05 9.99463E-05 9.99463E-05 9.99463E-05 0.0585703 0.440183 9.99463E-05
9.99464E-05 0.211196 9.99464E-05 9.99464E-05 9.99464E-05 9.99464E-05 0.156988 9.99464E-05 0.631216
0.140173 9.99641E-05 0.497862 9.99641E-05 9.99641E-05 0.0394595 0.0914273 0.230678 9.99641E-05
9.995E-05 0.0916108 0.438993 9.995E-05 0.165934 9.995E-05 9.995E-05 9.995E-05 0.302962
0.0076991 9.99731E-05 0.278655 9.99731E-05 9.99731E-05 0.0411854 0.125224 0.218253 0.328684
9.99372E-05 9.99372E-05 9.99372E-05 9.99372E-05 9.99372E-05 0.901994 9.99372E-05 0.0973066 9.99372E-05
0.31782 9.9982E-05 9.9982E-05 0.13311 0.110717 0.00561926 0.104719 0.218308 0.109507
0.140261 9.9982E-05 0.386528 0.0764197 0.123244 0.134216 0.0373473 9.9982E-05 0.101784
9.99731E-05 9.99731E-05 0.394415 0.0700088 0.00235295 0.0686035 9.99731E-05 0.0220405 0.442279
0.162146 9.99642E-05 0.214406 9.99642E-05 9.99642E-05 9.99642E-05 0.28739 0.151517 0.184141
0.38533 0.0145827 9.99732E-05 0.171434 0.314075 0.00898078 9.99732E-05 9.99732E-05 0.105297
9.99375E-05 0.998583 0.000717598 9.99375E-05 9.99375E-05 9.99375E-05 9.99375E-05 9.99375E-05 9.99375E-05
0.119385 0.0322953 0.1322 0.157759 0.0635174 0.372481 9.999E-05 0.0733816 0.0488799
9.996E-05 0.0281495 9.996E-05 9.996E-05 0.0523106 9.996E-05 0.0819924 0.560633 0.276515
0.0766069 0.223681 9.9964E-05 9.9964E-05 9.9964E-05 9.9964E-05 0.0816747 0.570993 0.0466444
0.262972 0.353165 9.995E-05 9.995E-05 9.995E-05 9.995E-05 0.0621374 9.995E-05 0.321226
0.130196 9.99462E-05 9.99462E-05 9.99462E-05 0.641585 9.99462E-05 9.99462E-05 9.99462E-05 0.227619
9.99642E-05 0.27689 0.240777 0.177955 0.00145067 0.302528 9.99642E-05 9.99642E-05 9.99642E-05
0.815379 9.99552E-05 0.0195211 0.117321 0.0472792 9.99552E-05 9.99552E-05 9.99552E-05 9.99552E-05
9.99553E-05 9.99553E-05 0.105799 9.99553E-05 0.640766 0.0299964 9.99553E-05 0.222938 9.99553E-05
9.99643E-05 0.141573 9.99643E-05 9.99643E-05 0.0308248 9.99643E-05 0.0990225 0.229924 0.498255
0.396356 0.214989 9.99643E-05 9.99643E-05 0.26924 9.99643E-05 0.0828253 0.0361908 9.99643E-05
9.99641E-05 0.271737 9.99641E-05 0.312045 0.233136 9.99641E-05 9.99641E-05 0.0416385 0.141043
0.663859 9.99551E-05 9.99551E-05 9.99551E-05 9.99551E-05 9.99551E-05 0.0642863 0.177312 0.0940428
0.314571 0.0626356 9.99641E-05 0.0813117 9.99641E-05 9.99641E-05 0.000338045 9.99641E-05 0.540744
0.0791922 0.614284 9.997E-05 9.997E-05 0.100712 0.128453 0.0346216 9.997E-05 0.0424368
0.199311 0.118396 9.99552E-05 9.99552E-05 9.99552E-05 0.164477 9.99552E-05 0.517317 9.99552E-05
9.99551E-05 0.293834 0.258703 9.99551E-05 0.376503 9.99551E-05 0.070461 9.99551E-05 9.99551E-05
0.236904 0.290102 9.99641E-05 9.99641E-05 0.432301 9.99641E-05 0.0031166 9.99641E-05 0.0371773
0.040469 0.475554 9.99732E-05 9.99732E-05 0.0113897 0.210816 0.0991309 9.99732E-05 0.162341
9.99464E-05 9.99464E-05 9.99464E-05 0.0276752 0.867348 9.99464E-05 0.104377 9.99464E-05 9.99464E-05
9.99462E-05 0.369981 9.99462E-05 0.231847 9.99462E-05 0.397572 9.99462E-05 9.99462E-05 9.99462E-05
9.99372E-05 9.99372E-05 9.99372E-05 0.950547 0.0487539 9.99372E-05 9.99372E-05 9.99372E-05 9.99372E-05
0.486345 0.210052 0.288609 9.995E-05 9.995E-05 9.995E-05 9.995E-05 9.995E-05 0.0144949
0.395345 9.999E-05 0.100176 0.0663611 0.136037 0.00767004 0.0313724 0.0453493 0.21759
9.99551E-05 0.351742 9.99551E-05 0.00918018 9.99551E-05 9.99551E-05 9.99551E-05 0.200053 0.438525
0.0399444 0.165871 0.708383 0.0853016 9.99552E-05 9.99552E-05 9.99552E-05 9.99552E-05 9.99552E-05
0.212862 9.99552E-05 0.667206 0.047882 9.99552E-05 9.99552E-05 0.0715506 9.99552E-05 9.99552E-05
9.99732E-05 0.0365516 0.436938 0.435754 0.00910582 9.99732E-05 0.0503309 0.0310191 9.99732E-05
0.00300892 0.206435 0.206026 9.99642E-05 0.432183 9.99642E-05 0.151947 9.99642E-05 9.99642E-05
9.99821E-05 0.0822001 0.356933 9.99821E-05 0.191683 0.082618 0.133449 0.0605744 0.0923417
9.99462E-05 9.99462E-05 0.33334 9.99462E-05 0.456628 9.99462E-05 9.99462E-05 9.99462E-05 0.209432
0.162935 9.996E-05 0.6248 0.102787 0.0717833 9.996E-05 9.996E-05 9.996E-05 0.0372946
9.993E-05 9.993E-05 9.993E-05 9.993E-05 0.999201 9.993E-05 9.993E-05 9.993E-05 9.993E-05
0.239417 9.99552E-05 9.99552E-05 0.300723 9.99552E-05 0.224209 9.99552E-05 9.99552E-05 0.235151
0.330486 9.997E-05 0.132849 9.997E-05 0.113135 0.0207182 9.997E-05 0.364866 0.0376451
0.810432 9.99552E-05 9.99552E-05 9.99552E-05 0.00792661 9.99552E-05 0.0790918 9.99552E-05 0.10205
0.0508405 9.9964E-05 0.373148 0.181203 9.9964E-05 0.260432 0.133977 9.9964E-05 9.9964E-05
9.9982E-05 0.344127 0.203532 0.0661701 0.0818689 0.0271771 9.9982E-05 0.179794 0.0971304
0.30811 0.231344 9.996E-05 9.996E-05 0.40413 0.0253355 0.0306806 9.996E-05 9.996E-05
9.995E-05 0.22231 9.995E-05 0.0515323 0.191552 9.995E-05 9.995E-05 9.995E-05 0.534106
9.99641E-05 0.107399 0.540547 0.21609 0.0642582 9.99641E-05 9.99641E-05 9.99641E-05 0.0713065
9.99642E-05 0.540066 0.0389838 9.99642E-05 9.99642E-05 0.0300313 9.99642E-05 0.274587 0.115932
0.353168 0.134371 0.0402382 0.125313 0.144801 0.0161949 9.99821E-05 0.185714 9.99821E-05
0.415357 0.337131 0.0498626 9.998E-05 0.0216483 0.0102887 9.998E-05 0.104335 0.0611776
0.0756481 9.995E-05 9.995E-05 9.995E-05 0.00860946 9.995E-05 9.995E-05 0.775458 0.139785
0.0722816 0.308375 0.324233 9.99641E-05 9.99641E-05 0.116065 0.178646 9.99641E-05 9.99641E-05
9.99552E-05 9.99552E-05 0.316066 0.181703 0.0934066 9.99552E-05 9.99552E-05 0.408325 9.99552E-05
9.998E-05 0.180389 0.164299 0.0855881 0.130823 9.998E-05 0.188575 0.102757 0.147369
0.20731 0.335408 9.99552E-05 9.99552E-05 9.99552E-05 0.392264 0.0645184 9.99552E-05 9.99552E-05
0.119622 0.319379 0.0848273 9.998E-05 0.0215322 9.998E-05 0.0313725 0.0978776 0.32519
0.558298 0.0345089 0.112067 0.125186 9.997E-05 9.997E-05 0.0739565 9.997E-05 0.095683
0.354488 0.184196 0.0605156 0.265984 9.99731E-05 9.99731E-05 0.0413181 9.99731E-05 0.0931987
0.10881 0.391686 9.99641E-05 0.16884 9.99641E-05 9.99641E-05 0.01184 0.318424 9.99641E-05
9.99374E-05 0.632745 0.366555 9.99374E-05 9.99374E-05 9.99374E-05 9.99374E-05 9.99374E-05 9.99374E-05
9.99463E-05 0.286426 0.681187 9.99463E-05 9.99463E-05 9.99463E-05 9.99463E-05 0.0317878 9.99463E-05
9.99464E-05 0.331283 0.635874 0.0322427 9.99464E-05 9.99464E-05 9.99464E-05 9.99464E-05 9.99464E-05
0.149545 9.99732E-05 0.0613554 0.117099 9.99732E-05 9.99732E-05 0.235917 0.205984 0.2298
9.997E-05 0.0729992 0.581929 9.997E-05 0.0398759 0.263847 9.997E-05 0.00943097 0.0316185
9.99732E-05 0.284599 0.225034 0.201285 0.00961178 0.120084 0.159088 9.99732E-05 9.99732E-05
0.00622649 0.608979 9.99642E-05 0.291566 0.013335 9.99642E-05 9.99642E-05 9.99642E-05 0.0794938
0.326181 0.211995 9.999E-05 0.042571 0.0124422 0.00735352 0.0170167 0.184306 0.198035
0.892391 0.100432 9.99464E-05 0.00657778 9.99464E-05 9.99464E-05 9.99464E-05 9.99464E-05 9.99464E-05
0.106905 0.0422815 9.99731E-05 0.0232377 0.581997 0.0735985 0.17168 9.99731E-05 9.99731E-05
0.129128 0.0204548 0.543021 9.997E-05 0.0805107 0.0430878 9.997E-05 9.997E-05 0.183498
9.993E-05 9.993E-05 9.993E-05 9.993E-05 9.993E-05 9.993E-05 0.999201 9.993E-05 9.993E-05
0.277819 0.0395987 0.062649 0.10673 0.169729 9.999E-05 0.00417386 0.225214 0.113987
9.99731E-05 0.000262887 9.99731E-05 0.105595 0.146749 9.99731E-05 0.0709043 0.128789 0.5474
9.99641E-05 9.99641E-05 0.0298601 0.000399831 9.99641E-05 0.447196 0.381507 9.99641E-05 0.140637
0.255877 0.0429617 0.141818 0.0494714 9.998E-05 0.231596 0.195895 9.998E-05 0.0821815
0.649329 9.996E-05 9.996E-05 9.996E-05 9.996E-05 0.0192572 0.0807349 0.225634 0.0246456
0.068351 0.337214 0.481228 9.996E-05 9.996E-05 0.0278234 9.996E-05 9.996E-05 0.0849836
0.302576 0.436524 0.0868828 9.99642E-05 9.99642E-05 9.99642E-05 0.0690733 9.99642E-05 0.104544
9.99642E-05 0.437824 9.99642E-05 9.99642E-05 0.337651 0.143871 0.0373315 9.99642E-05 0.0429229
0.127176 0.43904 0.201827 0.0219858 9.998E-05 9.998E-05 0.0404325 0.123396 0.0459417
9.99462E-05 0.177676 9.99462E-05 0.311465 9.99462E-05 9.99462E-05 9.99462E-05 9.99462E-05 0.510259
0.247512 9.99732E-05 0.0728097 0.050812 9.99732E-05 0.0169564 0.141705 0.469905 9.99732E-05
9.996E-05 0.161928 0.564158 9.996E-05 0.139574 0.08749 0.0464502 9.996E-05 9.996E-05
0.150949 9.99641E-05 0.349276 0.0482191 0.346762 9.99641E-05 9.99641E-05 0.104394 9.99641E-05
9.993E-05 9.993E-05 9.993E-05 9.993E-05 9.993E-05 9.993E-05 0.999201 9.993E-05 9.993E-05
0.332956 0.00608843 0.338966 9.996E-05 9.996E-05 9.996E-05 0.21393 0.10766 9.996E-05
0.357639 9.995E-05 0.158464 9.995E-05 0.0330729 9.995E-05 9.995E-05 9.995E-05 0.450325
9.99641E-05 9.99641E-05 0.0155617 9.99641E-05 9.99641E-05 0.396006 0.0286599 0.4071 0.152273
0.543784 9.995E-05 9.995E-05 9.995E-05 9.995E-05 9.995E-05 0.30452 0.0943238 0.0568727
0.430202 0.413707 0.00786552 9.99641E-05 0.135797 9.99641E-05 9.99641E-05 9.99641E-05 0.0120295
0.0451743 0.324628 0.46192 0.013638 9.99731E-05 0.141614 9.99731E-05 0.0127256 9.99731E-05
9.994E-05 9.994E-05 0.801662 0.0287058 9.994E-05 0.169033 9.994E-05 9.994E-05 9.994E-05
9.99375E-05 9.99375E-05 9.99375E-05 9.99375E-05 9.99375E-05 9.99375E-05 0.0037263 9.99375E-05 0.995574
0.144863 0.434017 0.103548 0.0154655 0.0381283 9.998E-05 0.09548 9.998E-05 0.168297
9.995E-05 9.995E-05 0.75452 0.0161016 0.123165 9.995E-05 0.105713 9.995E-05 9.995E-05
9.99731E-05 0.320865 0.474569 0.119143 9.99731E-05 0.000444361 0.0186413 9.99731E-05 0.0660379
0.153582 9.9955E-05 9.9955E-05 0.146087 9.9955E-05 0.257554 9.9955E-05 9.9955E-05 0.442277
0.0941518 0.251837 0.106934 0.0421558 0.0886499 9.998E-05 0.0321971 0.383874 9.998E-05
0.217766 0.157663 0.384889 9.996E-05 0.0986665 0.140615 9.996E-05 9.996E-05 9.996E-05
9.99642E-05 9.99642E-05 0.724968 9.99642E-05 0.030375 0.146812 9.99642E-05 0.0356418 0.0618036
0.408955 9.99643E-05 0.00580924 9.99643E-05 0.212528 9.99643E-05 0.158416 9.99643E-05 0.213892
9.99462E-05 9.99462E-05 9.99462E-05 0.8896 9.99462E-05 9.99462E-05 0.0678234 9.99462E-05 0.0419766
9.99464E-05 0.718229 0.101304 9.99464E-05 9.99464E-05 9.99464E-05 9.99464E-05 0.179867 9.99464E-05
0.592216 0.0101873 9.99552E-05 9.99552E-05 9.99552E-05 0.11117 9.99552E-05 0.285927 9.99552E-05
0.00760632 0.185715 9.996E-05 9.996E-05 9.996E-05 9.996E-05 0.195624 0.542551 0.0681039
9.99551E-05 0.361968 9.99551E-05 9.99551E-05 9.99551E-05 0.348632 0.0297583 0.259142 9.99551E-05
0.139841 0.369541 0.102478 9.9973E-05 0.125862 9.9973E-05 0.163447 0.0985322 9.9973E-05
0.304826 9.996E-05 0.296842 9.996E-05 0.0880071 9.996E-05 0.0135079 9.996E-05 0.296417
9.993E-05 9.993E-05 9.993E-05 0.999201 9.993E-05 9.993E-05 9.993E-05 9.993E-05 9.993E-05
0.436812 9.997E-05 0.15588 9.997E-05 9.997E-05 0.140211 0.0391801 0.159352 0.0682654
0.222782 9.996E-05 0.217109 0.0698003 9.996E-05 9.996E-05 0.0319771 9.996E-05 0.457931
0.0221829 0.0136855 0.258628 0.152726 0.269183 0.0515186 0.0674265 9.9991E-05 0.164549
9.9955E-05 0.506461 9.9955E-05 0.0631369 0.148558 9.9955E-05 9.9955E-05 9.9955E-05 0.281344
