0.607242 0.184108 0.20855 9.9991E-05
0.229776 0.042332 0.352359 0.375532
0.104858 0.140171 0.539087 0.215884
0.266632 0.0948194 0.292458 0.346091
0.455295 9.9991E-05 0.224943 0.319663
0.139199 0.0780332 0.193903 0.588864
0.409994 9.99911E-05 0.163071 0.426834
0.0281587 9.99821E-05 9.99821E-05 0.971641
0.159476 0.623724 0.216699 9.99911E-05
0.207031 0.309074 0.483794 9.99911E-05
0.128365 0.553636 0.254318 0.063681
0.679376 9.99822E-05 9.99822E-05 0.320424
0.316067 0.0712327 0.0684122 0.544288
0.538974 9.99821E-05 9.99821E-05 0.460826
0.262758 0.481733 9.99911E-05 0.255409
0.612614 9.99822E-05 9.99822E-05 0.387186
0.246189 0.505182 0.0550898 0.193539
0.452684 0.205066 0.34215 9.99911E-05
0.084607 0.417799 9.99911E-05 0.497494
0.179442 9.99911E-05 0.189845 0.630613
0.382102 0.257622 0.360176 9.99911E-05
9.9991E-05 0.523413 0.112579 0.363908
0.219121 0.131221 0.439398 0.21026
0.380008 9.99821E-05 0.619792 9.99821E-05
0.0720287 0.0508369 0.557902 0.319232
0.634964 9.9991E-05 0.241377 0.123558
0.510869 0.31201 0.177021 9.9991E-05
9.99821E-05 0.670612 9.99821E-05 0.329188
9.99821E-05 0.200822 9.99821E-05 0.798978
9.99821E-05 0.130482 0.869318 9.99821E-05
0.512476 0.400586 9.99911E-05 0.0868378
0.0115797 0.0398792 0.0888948 0.859646
0.0417642 0.495013 0.463123 9.99911E-05
0.038895 0.0811109 9.9991E-05 0.879894
0.68998 9.9991E-05 0.20701 0.10291
0.836185 9.99911E-05 0.0969034 0.0668115
0.270513 0.202938 0.0139958 0.512553
9.99821E-05 0.337914 0.661886 9.99821E-05
0.345163 9.9991E-05 0.0791273 0.57561
0.18917 0.215792 0.101198 0.49384
0.216998 0.334174 0.448728 9.99911E-05
0.726317 0.0550991 0.218484 9.99911E-05
0.60586 9.9991E-05 0.146363 0.247677
0.278926 0.339129 0.0561525 0.325793
9.99821E-05 9.99821E-05 0.107746 0.892054
0.435579 9.99911E-05 0.132889 0.431432
0.45332 9.99911E-05 0.13878 0.4078
0.341126 0.543421 0.115353 9.9991E-05
0.0978464 0.0990108 0.0292095 0.773933
0.402004 9.9982E-05 9.9982E-05 0.597796
0.0712572 9.9991E-05 0.253559 0.675083
0.0453024 0.492587 0.346952 0.115159
0.467014 0.209544 0.323097 0.00034424
9.9991E-05 0.181406 0.210161 0.608333
0.16765 0.598842 9.99911E-05 0.233408
0.51093 0.48887 9.99821E-05 9.99821E-05
0.315337 0.0970001 0.281257 0.306405
0.475832 0.523968 9.99822E-05 9.99822E-05
0.577644 0.408418 9.9991E-05 0.0138378
0.724969 9.9991E-05 0.182896 0.0920346
9.9991E-05 0.45405 0.10268 0.443169
0.840078 9.9982E-05 0.159722 9.9982E-05
0.451126 0.452512 9.9991E-05 0.0962624
9.99821E-05 9.99821E-05 0.773399 0.226401
0.241429 0.0072707 0.0632822 0.688019
0.00571675 0.320587 0.299167 0.374529
0.447683 9.9991E-05 0.162086 0.390131
0.660119 0.24191 9.9991E-05 0.0978708
0.129501 0.0968598 9.9991E-05 0.773539
0.270215 0.100449 0.215132 0.414204
0.179307 0.344742 0.0729675 0.402984
0.882841 0.0635763 0.0534826 9.99911E-05
0.219961 0.127338 9.99911E-05 0.652601
0.358864 9.99821E-05 9.99821E-05 0.640936
0.143898 9.99911E-05 0.143635 0.712367
0.633512 0.105383 9.9991E-05 0.261005
0.21056 0.374607 0.161804 0.253029
0.280584 0.481697 0.159104 0.0786155
0.13716 0.266119 0.107926 0.488795
0.0409065 0.563122 0.0121793 0.383792
0.384108 9.99821E-05 9.99821E-05 0.615692
0.352322 0.00988653 0.240097 0.397694
0.524131 0.185354 9.99911E-05 0.290415
9.9991E-05 0.280131 0.336573 0.383196
0.487519 0.0715938 0.167388 0.273499
0.524763 0.183484 0.0916728 0.20008
0.3098 0.466652 0.188735 0.0348123
0.264916 9.9991E-05 0.63401 0.100974
0.0622155 0.214822 0.289259 0.433703
9.9991E-05 0.331488 0.139285 0.529126
0.134233 9.99822E-05 0.865567 9.99822E-05
0.720349 9.99822E-05 0.279451 9.99822E-05
0.731998 9.99911E-05 0.183922 0.0839794
0.0697249 0.482209 0.440437 0.00762926
0.483286 0.320316 0.0908018 0.105596
0.2695 0.32 0.146559 0.263941
0.521485 0.263755 0.180904 0.0338552
0.476288 0.43493 9.9991E-05 0.0886824
0.267735 9.9991E-05 0.474012 0.258152
0.297688 0.0719834 0.630228 9.9991E-05
0.53175 0.356992 0.111158 9.99911E-05
9.998E-05 9.998E-05 0.9997 9.998E-05
9.99821E-05 0.555392 0.444408 9.99821E-05
9.99821E-05 0.376826 0.622974 9.99821E-05
9.9982E-05 0.259543 9.9982E-05 0.740258
0.526572 0.0920378 0.0713289 0.310061
0.166848 0.138879 0.0550117 0.639262
9.99821E-05 0.114018 9.99821E-05 0.885782
0.214926 9.99911E-05 0.0253765 0.759597
0.0726313 9.99911E-05 0.404266 0.523002
0.350303 9.99911E-05 0.294745 0.354851
0.305806 9.9991E-05 0.126712 0.567383
9.99821E-05 9.99821E-05 0.740594 0.259206
0.108393 0.0279882 0.274202 0.589417
9.998E-05 9.998E-05 0.9997 9.998E-05
0.490132 0.450512 9.99911E-05 0.0592562
0.287173 0.177085 0.0580884 0.477654
9.9991E-05 0.226424 0.023077 0.750399
9.9991E-05 0.394698 0.216937 0.388266
9.9991E-05 0.0582404 0.433413 0.508246
0.358594 0.0209389 0.615969 0.00449795
0.240536 9.9991E-05 0.543334 0.21603
0.0314137 9.9991E-05 0.203271 0.765215
0.22075 0.208218 0.265279 0.305753
0.0322012 0.438981 0.291873 0.236945
0.520217 9.9991E-05 0.10983 0.369853
0.704646 9.99822E-05 0.295154 9.99822E-05
0.293348 0.111844 9.9991E-05 0.594709
9.99911E-05 0.165917 0.571543 0.26244
0.205255 9.99911E-05 0.369271 0.425374
0.528154 0.471646 9.99821E-05 9.99821E-05
0.456377 0.0481264 0.215689 0.279808
0.176297 0.391317 9.9991E-05 0.432287
9.99821E-05 0.562671 9.99821E-05 0.437129
0.36653 0.375093 0.258277 9.9991E-05
0.217312 9.99911E-05 0.118386 0.664202
0.0118818 9.99821E-05 9.99821E-05 0.987918
9.99821E-05 9.99821E-05 0.152635 0.847165
0.60581 0.153243 0.0512671 0.18968
0.0417158 0.0265917 9.9991E-05 0.931593
0.25651 0.395448 9.99911E-05 0.347942
0.120472 0.300422 0.463948 0.115158
0.486713 0.261039 0.115773 0.136475
0.126642 0.566263 0.306995 9.99911E-05
0.254913 0.00665611 0.486738 0.251693
9.9982E-05 9.9982E-05 0.0986353 0.901165
0.9997 9.998E-05 9.998E-05 9.998E-05
0.0426257 0.144919 0.29215 0.520305
0.556732 9.99911E-05 0.283048 0.16012
0.524683 0.368179 9.99911E-05 0.107039
0.46891 0.163644 0.00235109 0.365095
0.346488 0.52758 9.9991E-05 0.125832
0.251112 0.103182 9.9991E-05 0.645605
0.393322 0.171232 0.119114 0.316332
0.447513 9.99821E-05 0.552287 9.99821E-05
0.1129 0.424686 9.99911E-05 0.462314
9.9991E-05 0.237659 0.246248 0.515993
0.710995 0.175437 9.99911E-05 0.113469
0.234394 9.99821E-05 9.99821E-05 0.765406
0.0640931 0.0418675 0.430585 0.463455
0.9997 9.998E-05 9.998E-05 9.998E-05
0.706508 9.99821E-05 9.99821E-05 0.293292
9.9991E-05 0.0593611 0.141873 0.798666
0.453003 0.507803 9.9991E-05 0.0390937
0.720974 0.241202 9.99911E-05 0.0377243
0.355502 9.9991E-05 0.395287 0.24911
0.383908 0.148809 0.211306 0.255978
9.99822E-05 0.147924 9.99822E-05 0.851876
0.400972 0.202578 9.99911E-05 0.396351
0.542733 0.137598 0.220721 0.0989481
0.0249894 9.99911E-05 0.0476799 0.927231
0.113327 0.137484 9.99911E-05 0.749089
9.99821E-05 0.835643 9.99821E-05 0.164157
0.325338 9.9991E-05 0.35327 0.321292
0.294414 0.0489798 0.16835 0.488256
0.0831519 0.0870393 9.99911E-05 0.829709
0.372197 9.99911E-05 0.27451 0.353193
0.131474 0.362496 0.387136 0.118893
0.555447 9.99911E-05 0.278859 0.165594
0.216231 0.728074 9.99911E-05 0.0555952
0.886045 0.113755 9.99822E-05 9.99822E-05
0.416519 0.413758 9.99911E-05 0.169623
0.66231 9.9991E-05 0.0704453 0.267145
0.0934518 0.00571679 0.0291031 0.871728
9.99911E-05 0.473838 0.320468 0.205594
0.460184 0.118746 9.99911E-05 0.420971
0.00658841 0.215161 0.0392912 0.738959
9.9991E-05 0.22635 0.404848 0.368702
0.240224 0.159529 0.398383 0.201864
