9.99911E-05 0.638503 0.361397
0.082605 0.58174 0.335655
0.685783 0.0138326 0.300385
0.304239 0.567531 0.12823
0.0107644 0.778444 0.210791
0.289144 0.628017 0.0828393
0.132027 0.540723 0.32725
9.999E-05 0.9998 9.999E-05
9.99911E-05 0.236491 0.763409
0.465956 9.9991E-05 0.533944
0.449841 0.250287 0.299872
9.99911E-05 0.351205 0.648695
9.99911E-05 0.496889 0.503011
0.0852256 0.64657 0.268204
9.99911E-05 0.47749 0.52241
0.218355 0.548813 0.232832
0.126119 0.543144 0.330737
0.450448 9.9991E-05 0.549452
9.99911E-05 0.434091 0.565809
0.338365 0.563408 0.0982266
0.709255 9.99911E-05 0.290645
0.107934 0.643832 0.248234
0.422914 0.154035 0.42305
0.548786 0.35131 0.0999037
0.827868 0.172032 9.9991E-05
0.281568 0.555943 0.162489
0.175574 9.9991E-05 0.824326
9.99911E-05 0.626763 0.373137
9.9991E-05 0.672932 0.326968
0.864732 0.130175 0.00509316
9.99911E-05 0.453446 0.546454
0.0955065 0.46808 0.436414
0.475375 9.99911E-05 0.524525
9.9991E-05 0.816747 0.183153
0.400126 0.599774 9.9991E-05
9.99911E-05 0.475693 0.524207
9.99911E-05 0.336869 0.663031
0.775776 9.99911E-05 0.224124
0.152857 0.508645 0.338497
0.193084 0.620017 0.186899
0.462115 9.99911E-05 0.537785
0.383905 9.99911E-05 0.615995
0.230943 0.455725 0.313332
0.129514 0.56066 0.309826
0.26708 0.431013 0.301907
0.0125995 0.607938 0.379463
0.307756 0.0945193 0.597724
0.257456 9.9991E-05 0.742444
0.0970211 0.491217 0.411762
9.9991E-05 0.907786 0.0921136
0.0931921 0.906708 9.9991E-05
0.549037 9.9991E-05 0.450863
0.365141 0.179148 0.455711
9.999E-05 0.9998 9.999E-05
9.99911E-05 0.593333 0.406567
0.0118437 0.523483 0.464673
0.238719 0.761181 9.9991E-05
9.99911E-05 0.326269 0.673631
9.9991E-05 0.639656 0.360244
0.305784 0.241625 0.452591
0.150664 0.794184 0.0551517
0.352117 9.9991E-05 0.647783
0.097479 9.9991E-05 0.902421
0.793323 0.206577 9.9991E-05
0.0520506 0.860194 0.0877559
0.27287 0.204803 0.522328
0.35737 0.551664 0.0909661
9.9991E-05 0.520817 0.479083
9.9991E-05 0.869599 0.130301
0.304438 0.420719 0.274843
0.0532627 0.352777 0.59396
0.131609 0.134651 0.73374
9.99911E-05 0.458218 0.541682
9.99911E-05 0.728773 0.271127
0.21615 0.78375 9.99911E-05
9.9991E-05 0.199005 0.800895
0.221706 0.761438 0.0168564
0.198058 0.25906 0.542881
0.101926 0.840182 0.0578926
9.9991E-05 0.792298 0.207602
9.99911E-05 0.707651 0.29225
0.299886 0.654519 0.0455953
0.0954864 0.4771 0.427414
0.337413 0.643942 0.0186455
0.306564 0.179158 0.514278
0.144877 0.279467 0.575656
0.153097 0.125917 0.720987
0.430764 0.4497 0.119536
0.220113 0.471834 0.308053
0.179584 0.43313 0.387286
0.764783 0.235117 9.99911E-05
0.272808 0.408729 0.318463
0.348281 9.99911E-05 0.651619
0.513981 0.192769 0.29325
0.0395302 9.9991E-05 0.96037
0.106892 0.379093 0.514015
0.270662 0.156683 0.572655
9.9991E-05 0.21752 0.78238
0.372709 0.627191 9.9991E-05
0.742677 0.0146963 0.242626
9.99911E-05 0.409283 0.590617
0.944209 0.0122916 0.0434993
0.439769 9.99911E-05 0.560131
0.951619 0.048281 9.99911E-05
9.9991E-05 0.698889 0.301011
0.090843 0.428909 0.480248
0.20771 0.485871 0.30642
0.212412 0.726765 0.0608227
9.999E-05 0.9998 9.999E-05
0.572343 0.388419 0.0392381
0.120651 0.342982 0.536367
9.999E-05 0.9998 9.999E-05
0.59104 0.40886 9.99911E-05
9.999E-05 0.9998 9.999E-05
0.9998 9.999E-05 9.999E-05
9.99911E-05 0.631236 0.368664
9.9991E-05 0.61215 0.38775
0.0369499 0.278122 0.684928
0.24362 0.407849 0.348531
0.186284 0.705323 0.108393
0.422757 0.335314 0.241929
0.348833 0.396996 0.254171
0.0121674 0.987733 9.9991E-05
0.245666 0.459937 0.294396
0.197542 0.579116 0.223342
9.9991E-05 0.520912 0.478988
0.384264 9.99911E-05 0.615636
0.0305572 0.785264 0.184179
0.772955 0.226945 9.99911E-05
0.402857 0.20316 0.393983
0.0667108 0.0965838 0.836705
0.101739 0.606 0.292261
9.99911E-05 0.226349 0.773551
0.0428398 0.359826 0.597335
0.265161 9.9991E-05 0.734739
0.0399752 0.959925 9.99911E-05
9.999E-05 0.9998 9.999E-05
0.156099 0.843801 9.99911E-05
9.99911E-05 0.357977 0.641923
9.9991E-05 0.97681 0.0230904
0.0863624 0.671691 0.241947
0.477456 0.162853 0.359691
0.270367 0.00901213 0.720621
0.457084 9.99911E-05 0.542816
0.650316 0.115073 0.234611
9.999E-05 0.9998 9.999E-05
0.0473405 9.9991E-05 0.95256
0.406034 0.395541 0.198425
0.430988 0.566998 0.00201356
9.99911E-05 0.105617 0.894283
9.99911E-05 0.786078 0.213822
9.99911E-05 0.0784371 0.921463
9.9991E-05 0.82007 0.17983
9.99911E-05 0.640205 0.359695
0.522114 0.445064 0.032822
0.0312403 0.394433 0.574327
0.562342 0.217866 0.219792
0.299668 0.353519 0.346813
9.999E-05 0.9998 9.999E-05
0.187545 0.633889 0.178566
9.999E-05 9.999E-05 0.9998
9.99911E-05 0.527788 0.472112
0.0471426 0.826216 0.126641
9.99911E-05 0.326469 0.673431
9.99911E-05 0.11308 0.88682
0.388196 0.333391 0.278413
0.224876 0.751224 0.0238992
9.99911E-05 0.921005 0.0788946
9.99911E-05 0.485941 0.513959
0.240408 0.362696 0.396897
0.0285123 0.971388 9.99911E-05
9.9991E-05 0.885962 0.113938
9.99911E-05 0.413055 0.586845
0.358962 0.535601 0.105437
0.114239 0.885661 9.9991E-05
9.99911E-05 0.903406 0.0964937
0.37173 0.353192 0.275078
0.752979 0.246921 9.99911E-05
0.320967 0.33468 0.344354
0.149464 0.0357139 0.814822
0.278428 9.99911E-05 0.721472
0.0433695 0.208329 0.748302
0.129994 0.521131 0.348876
9.999E-05 0.9998 9.999E-05
0.672498 0.327402 9.99911E-05
9.99911E-05 0.452999 0.546901
0.0582732 0.636936 0.304791
0.302112 0.478778 0.21911
0.432237 0.481576 0.0861874
