0.441609 9.99731E-05 0.376626 9.99731E-05 0.181465 9.99731E-05
0.338788 0.00344523 0.345908 9.99911E-05 0.166168 0.145591
9.99732E-05 0.175351 0.723314 9.99732E-05 0.101035 9.99732E-05
0.0700918 0.0364102 0.790062 9.99821E-05 0.103236 9.99821E-05
0.0524009 9.99821E-05 0.408707 9.99821E-05 0.113996 0.424696
9.99731E-05 0.254902 0.704652 9.99731E-05 9.99731E-05 0.0401454
9.99731E-05 9.99731E-05 9.99731E-05 0.357186 0.1368 0.505714
0.0733625 9.99821E-05 0.40291 9.99821E-05 0.384735 0.138793
0.0404841 0.217201 9.9991E-05 0.43238 0.255402 0.0544328
0.325761 0.332856 0.329632 0.0115511 9.99821E-05 9.99821E-05
0.0182662 0.40355 0.406159 0.0639406 0.107985 9.9991E-05
0.271375 9.9991E-05 0.0433799 0.178409 0.418393 0.0883432
9.99821E-05 9.99821E-05 0.194924 0.213147 0.460562 0.131167
0.310132 9.99731E-05 0.380368 9.99731E-05 9.99731E-05 0.3092
0.0827907 0.0435051 0.106195 0.0705979 0.538153 0.158758
0.243203 9.99732E-05 0.561611 9.99732E-05 0.194886 9.99732E-05
0.292573 0.216332 0.121664 0.197398 0.00938466 0.16265
0.321234 0.148975 0.384774 9.99821E-05 9.99821E-05 0.144817
0.150911 0.0070183 9.99821E-05 0.0152789 0.826592 9.99821E-05
0.21635 0.129532 0.359249 9.99821E-05 9.99821E-05 0.294669
0.0484894 0.497112 0.345858 0.108341 9.99821E-05 9.99821E-05
9.9982E-05 0.140084 0.0517842 0.211856 0.596077 9.9982E-05
9.99821E-05 0.0979562 0.569345 0.15096 0.18154 9.99821E-05
9.99732E-05 0.013254 0.962004 9.99732E-05 0.0244422 9.99732E-05
9.99731E-05 0.351035 0.630048 9.99731E-05 0.0186173 9.99731E-05
0.283414 0.00238572 0.386061 0.0690043 0.259035 9.9991E-05
0.610358 0.109302 0.0486014 0.135558 0.0960798 9.9991E-05
0.0754987 0.26789 9.99821E-05 9.99821E-05 0.170582 0.485829
0.0332333 0.213557 9.9982E-05 9.9982E-05 0.598475 0.154534
9.99732E-05 0.0847964 0.384367 0.530537 9.99732E-05 9.99732E-05
0.0894098 0.431531 9.99731E-05 9.99731E-05 9.99731E-05 0.478759
9.99821E-05 9.99821E-05 0.169385 0.177229 0.1706 0.482586
9.99732E-05 0.44204 9.99732E-05 0.3699 9.99732E-05 0.187759
9.9982E-05 9.9982E-05 0.216516 0.207095 0.476 0.100188
0.126748 9.99641E-05 0.872853 9.99641E-05 9.99641E-05 9.99641E-05
0.328172 9.99821E-05 0.531656 0.0170644 9.99821E-05 0.122908
0.13689 0.204804 9.99821E-05 9.99821E-05 0.31662 0.341486
9.99821E-05 0.49119 0.279762 0.0835753 0.145273 9.99821E-05
0.255812 0.14084 0.363239 9.9991E-05 0.122116 0.117893
9.99731E-05 0.229665 0.330145 9.99731E-05 0.43989 9.99731E-05
0.579736 0.0784584 0.0288572 0.203911 0.101709 0.00732842
0.14369 0.103406 9.99821E-05 0.713228 9.99821E-05 0.0394758
0.192643 0.0631484 0.319509 0.197716 0.0376398 0.189343
0.217249 0.131463 0.365221 9.99821E-05 0.285867 9.99821E-05
0.131214 9.99821E-05 0.290407 9.99821E-05 0.530923 0.0472554
0.298143 0.0185246 0.469281 0.0833353 0.130615 9.99911E-05
0.204843 9.9991E-05 0.361454 0.313955 0.0894459 0.0302019
0.283713 0.126257 0.0938016 0.31814 0.0673223 0.110766
0.0449431 9.99733E-05 9.99733E-05 0.351232 0.603525 9.99733E-05
0.225061 9.99731E-05 0.546967 9.99731E-05 0.227671 9.99731E-05
9.99641E-05 9.99641E-05 0.837246 9.99641E-05 0.162354 9.99641E-05
0.0871625 0.474531 0.0575036 0.0193415 9.9991E-05 0.361361
0.254824 0.0274832 0.311928 0.245547 0.160118 9.9991E-05
9.99731E-05 0.18379 0.433021 9.99731E-05 0.382889 9.99731E-05
0.0141515 9.99821E-05 9.99821E-05 0.15047 0.00989782 0.82528
0.259839 0.128401 9.99911E-05 0.0583853 0.447609 0.105665
0.117731 0.169218 0.443716 0.000904887 0.0894443 0.178986
9.99643E-05 9.99643E-05 9.99643E-05 0.162422 9.99643E-05 0.837178
0.298144 0.119446 0.0709791 9.9991E-05 0.180037 0.331293
0.409434 0.0572471 0.518764 9.99821E-05 0.0143553 9.99821E-05
0.194202 0.201854 0.306026 9.99821E-05 0.297718 9.99821E-05
0.664868 9.99731E-05 0.247519 0.0873131 9.99731E-05 9.99731E-05
0.316935 9.99731E-05 9.99731E-05 0.258917 0.423848 9.99731E-05
0.250156 9.99643E-05 0.749444 9.99643E-05 9.99643E-05 9.99643E-05
9.99821E-05 0.0885584 0.318308 9.99821E-05 0.367165 0.225769
0.411719 0.0258973 0.198601 0.149531 0.214152 9.9991E-05
9.99821E-05 9.99821E-05 0.831274 0.041235 0.0740333 0.0532578
0.239277 0.101071 0.154732 0.0587452 0.446075 9.9991E-05
0.178151 0.0657673 9.99821E-05 0.00773815 0.748144 9.99821E-05
0.253539 0.338526 9.99821E-05 0.146988 0.260747 9.99821E-05
0.163255 0.228386 0.331193 0.0197016 0.00221632 0.255249
0.290177 9.9973E-05 9.9973E-05 0.604436 0.105087 9.9973E-05
9.99643E-05 9.99643E-05 9.99643E-05 9.99643E-05 0.0872679 0.912332
0.139751 9.99821E-05 0.374233 0.0338751 0.45194 9.99821E-05
9.99732E-05 9.99732E-05 0.501884 9.99732E-05 0.141697 0.356119
0.347907 9.99821E-05 9.99821E-05 0.0634157 0.289314 0.299163
0.154271 9.99822E-05 0.12831 0.282751 0.434469 9.99822E-05
0.256566 0.443306 9.9982E-05 0.104305 9.9982E-05 0.195623
0.132265 0.24487 0.0160288 9.9991E-05 0.541586 0.0651504
0.158746 0.0265738 9.99821E-05 9.99821E-05 0.265312 0.549168
0.124232 9.99821E-05 0.287994 9.99821E-05 0.312956 0.274618
9.99821E-05 0.000394684 0.457062 0.249775 0.292568 9.99821E-05
0.0122401 0.284474 0.16238 0.108946 0.0288526 0.403108
9.99821E-05 0.0745087 0.238149 0.253763 0.433379 9.99821E-05
0.132266 0.0374944 0.567983 0.176876 9.9991E-05 0.085281
0.52483 9.99731E-05 0.363881 9.99731E-05 0.110989 9.99731E-05
0.489826 0.200254 0.0909773 9.99821E-05 9.99821E-05 0.218743
0.0299343 0.0357421 0.722023 0.0438846 9.99911E-05 0.168316
9.99732E-05 0.367275 0.388402 9.99732E-05 0.244023 9.99732E-05
9.99731E-05 0.126646 9.99731E-05 0.373609 0.499445 9.99731E-05
9.99644E-05 9.99644E-05 0.903343 0.0962576 9.99644E-05 9.99644E-05
9.99732E-05 9.99732E-05 0.223473 0.448818 9.99732E-05 0.327409
9.99641E-05 9.99641E-05 9.99641E-05 0.865704 9.99641E-05 0.133896
0.165176 0.372285 0.435771 9.99821E-05 9.99821E-05 0.0265687
0.225296 9.9982E-05 9.9982E-05 0.522291 0.144267 0.107947
0.127918 0.094503 0.494142 9.9991E-05 0.131667 0.151669
0.249748 0.286876 0.414099 9.9982E-05 9.9982E-05 0.0490773
0.204643 0.0428759 0.019426 0.45462 0.271722 0.00671306
0.0101473 9.99821E-05 0.790295 9.99821E-05 0.198161 0.00119614
0.144534 0.141324 0.567359 0.146583 9.9982E-05 9.9982E-05
9.99821E-05 0.529236 0.106074 0.00995951 9.99821E-05 0.35453
9.99643E-05 0.333894 0.665706 9.99643E-05 9.99643E-05 9.99643E-05
0.125561 0.587785 0.0544941 9.99821E-05 9.99821E-05 0.23196
9.996E-05 0.9995 9.996E-05 9.996E-05 9.996E-05 9.996E-05
0.0783585 9.99731E-05 0.365016 9.99731E-05 0.556326 9.99731E-05
9.99821E-05 0.0630132 0.463409 0.136488 0.336889 9.99821E-05
9.9991E-05 0.0290922 0.0898729 0.103062 0.0634578 0.714415
9.99732E-05 0.286896 0.230103 9.99732E-05 0.482702 9.99732E-05
9.99821E-05 0.123501 0.0625877 0.15067 0.663042 9.99821E-05
9.99821E-05 0.342951 0.185124 0.171269 0.300456 9.99821E-05
9.99821E-05 9.99821E-05 0.195823 0.435979 0.0421194 0.325879
0.215249 9.99731E-05 0.496088 9.99731E-05 0.288363 9.99731E-05
9.99732E-05 9.99732E-05 0.66492 0.0611708 0.27361 9.99732E-05
9.99821E-05 0.0732581 0.373234 9.99821E-05 0.179442 0.373866
9.99642E-05 9.99642E-05 0.45343 0.546171 9.99642E-05 9.99642E-05
9.99821E-05 0.310189 9.99821E-05 0.1804 0.208479 0.300732
0.443234 9.99732E-05 0.21673 9.99732E-05 0.339736 9.99732E-05
0.104158 9.9991E-05 0.146759 0.150225 0.46826 0.130498
0.0113781 0.222275 0.042028 0.0178142 0.706405 9.9991E-05
0.116592 0.106555 0.445723 9.9991E-05 0.078017 0.253013
0.0116306 9.99821E-05 0.647885 0.263135 0.0771498 9.99821E-05
9.99821E-05 0.114097 0.526104 0.09243 9.99821E-05 0.267169
9.99731E-05 9.99731E-05 0.530599 9.99731E-05 0.318529 0.150571
9.99821E-05 9.99821E-05 0.463041 0.0949106 0.0612836 0.380565
0.141461 0.115738 0.418452 0.159985 0.164263 9.9991E-05
0.0114114 0.106833 0.516969 0.0895675 0.21878 0.0564392
0.222034 9.99731E-05 9.99731E-05 0.721162 0.0565044 9.99731E-05
0.240107 0.0622256 0.215023 9.99821E-05 0.482444 9.99821E-05
0.122976 0.375155 0.50157 9.99733E-05 9.99733E-05 9.99733E-05
9.99821E-05 0.0132478 0.595433 0.000740356 0.390379 9.99821E-05
0.23855 0.269137 9.99821E-05 0.411007 0.0811051 9.99821E-05
0.088533 0.168721 0.450295 0.0451444 0.0137942 0.233512
0.00499275 0.2146 9.9991E-05 0.250127 0.29965 0.23053
0.266683 0.392441 9.9973E-05 9.9973E-05 0.340576 9.9973E-05
0.642703 0.327627 9.99731E-05 9.99731E-05 9.99731E-05 0.0293702
9.99732E-05 0.0991114 0.62442 9.99732E-05 0.276169 9.99732E-05
0.043858 0.101359 0.194618 9.99821E-05 0.659965 9.99821E-05
9.99822E-05 0.0926086 0.394877 9.99822E-05 0.509608 0.00270598
0.0515804 0.201989 9.99911E-05 0.323613 0.122827 0.299891
9.99642E-05 9.99642E-05 0.431118 9.99642E-05 0.568482 9.99642E-05
0.108737 0.38607 9.99821E-05 9.99821E-05 0.388858 0.116135
9.99911E-05 0.31321 0.467737 0.018175 0.00336521 0.197412
0.118875 0.155628 0.17008 0.221024 0.210339 0.124055
0.0124869 0.446591 0.0170373 0.523685 9.99821E-05 9.99821E-05
9.99643E-05 9.99643E-05 0.868262 0.131339 9.99643E-05 9.99643E-05
9.9973E-05 9.9973E-05 0.240816 9.9973E-05 0.695464 0.0634203
0.9995 9.996E-05 9.996E-05 9.996E-05 9.996E-05 9.996E-05
0.0966808 9.99732E-05 0.813724 9.99732E-05 0.0892948 9.99732E-05
9.99731E-05 9.99731E-05 0.393448 0.188939 9.99731E-05 0.417313
0.329787 0.148698 9.99821E-05 9.99821E-05 0.268043 0.253272
0.0852264 0.153399 9.99821E-05 9.99821E-05 0.493431 0.267743
0.551386 9.99731E-05 9.99731E-05 0.0176466 0.430668 9.99731E-05
9.99731E-05 9.99731E-05 0.161442 9.99731E-05 0.624412 0.213846
0.244156 0.079034 0.0948225 0.0327931 0.174148 0.375047
9.99643E-05 9.99643E-05 0.437053 9.99643E-05 9.99643E-05 0.562547
0.268238 0.3763 0.0511996 9.99821E-05 0.304062 9.99821E-05
9.99731E-05 0.278648 0.337583 9.99731E-05 9.99731E-05 0.38347
0.343161 0.176417 0.230137 0.067787 0.182398 9.99911E-05
0.000177032 9.99821E-05 0.272518 9.99821E-05 0.592639 0.134465
0.0656635 0.12533 0.323932 0.215331 0.269643 9.9991E-05
0.9995 9.996E-05 9.996E-05 9.996E-05 9.996E-05 9.996E-05
0.32599 9.9982E-05 0.0763442 0.172732 0.424735 9.9982E-05
9.99731E-05 9.99731E-05 0.438111 9.99731E-05 0.18338 0.378208
0.51599 0.0818338 9.9991E-05 0.143513 0.133554 0.125009
0.454792 9.99732E-05 9.99732E-05 0.263609 0.281299 9.99732E-05
0.00386269 9.9991E-05 0.737311 0.131928 0.0966854 0.0301128
0.057943 0.018584 0.254896 0.150944 0.350529 0.167105
9.996E-05 9.996E-05 9.996E-05 9.996E-05 0.9995 9.996E-05
9.996E-05 9.996E-05 9.996E-05 9.996E-05 9.996E-05 0.9995
0.16095 0.223447 0.453667 9.9991E-05 0.0424595 0.119377
9.99732E-05 0.0228823 0.213153 9.99732E-05 0.763665 9.99732E-05
9.99821E-05 0.0660045 0.212406 9.99821E-05 0.256536 0.464854
0.11462 0.201547 9.99821E-05 9.99821E-05 0.50708 0.176553
0.0347029 0.141234 0.798447 0.0254163 9.99821E-05 9.99821E-05
0.149046 0.058133 0.445688 9.99821E-05 0.346933 9.99821E-05
9.99732E-05 9.99732E-05 0.13215 9.99732E-05 0.482583 0.384967
9.99911E-05 0.073091 0.37463 0.253733 0.210548 0.0878984
9.99821E-05 0.76135 0.0190059 0.100887 9.99821E-05 0.118557
0.243488 0.287419 0.435213 9.99821E-05 9.99821E-05 0.0336794
0.343252 0.332088 9.99821E-05 0.208062 0.116398 9.99821E-05
0.515381 0.074949 0.120814 0.279638 0.00911759 9.99911E-05
0.384887 0.203177 0.312728 0.0311649 9.99911E-05 0.0679422
0.207364 0.106822 0.442636 0.199485 0.0435927 9.9991E-05
0.0589343 9.99821E-05 0.402834 9.99821E-05 0.430982 0.10705
9.99641E-05 0.884304 9.99641E-05 9.99641E-05 0.115296 9.99641E-05
0.32458 9.99732E-05 9.99732E-05 9.99732E-05 0.636182 0.038939
0.0895704 0.121583 0.272121 0.000756519 0.33367 0.1823
0.0991651 0.313631 0.125141 9.9991E-05 0.286725 0.175238
9.9973E-05 0.0955817 0.591881 9.9973E-05 9.9973E-05 0.312237
