9.99821E-05 0.276868 9.99821E-05 0.229542 0.360016 0.133374
9.9982E-05 0.344579 9.9982E-05 0.0747723 0.502534 0.0779139
9.999E-05 0.216314 0.215495 0.141693 0.28366 0.142738
9.99821E-05 0.315297 0.0691835 0.263829 0.35149 9.99821E-05
0.215547 0.095756 9.9991E-05 0.129856 0.458217 0.100524
0.0858458 0.556747 0.144848 0.0671234 0.145336 9.9991E-05
0.437958 0.203082 9.99821E-05 9.99821E-05 0.290362 0.0683985
9.99731E-05 0.161994 9.99731E-05 9.99731E-05 0.766604 0.0711024
0.142808 9.99821E-05 0.17439 0.577189 9.99821E-05 0.105414
9.99821E-05 0.182959 0.293081 0.394639 9.99821E-05 0.129121
0.0860357 0.0310572 0.349552 0.235978 0.161109 0.136269
9.99643E-05 9.99643E-05 9.99643E-05 0.7375 0.2621 9.99643E-05
9.99821E-05 0.337615 9.99821E-05 0.198899 0.450871 0.0124149
0.000318815 0.509012 9.9991E-05 0.115335 0.331103 0.0441305
0.095701 0.00843 0.0968638 0.682525 0.11638 9.99911E-05
9.99732E-05 9.99732E-05 9.99732E-05 0.314348 0.461329 0.224023
0.0197191 0.106573 0.0186418 0.553229 0.230802 0.0710349
9.99731E-05 0.391412 0.311461 0.296827 9.99731E-05 9.99731E-05
9.99643E-05 9.99643E-05 9.99643E-05 0.546572 0.453028 9.99643E-05
9.99642E-05 0.51982 9.99642E-05 9.99642E-05 0.479781 9.99642E-05
9.99643E-05 0.729502 0.270098 9.99643E-05 9.99643E-05 9.99643E-05
0.182563 9.9982E-05 9.9982E-05 0.243969 0.396416 0.176852
9.99821E-05 0.637058 0.121742 0.192761 0.0482398 9.99821E-05
0.281081 0.338495 9.99731E-05 9.99731E-05 9.99731E-05 0.380124
0.142991 0.311092 0.364229 9.9991E-05 0.0458551 0.135733
9.9982E-05 0.216393 9.9982E-05 0.414453 0.0995214 0.269433
0.0334062 0.0291464 0.0518863 0.552117 0.0145889 0.318855
0.497522 9.99821E-05 0.153611 9.99821E-05 0.295594 0.0530735
9.99641E-05 9.99641E-05 0.282359 9.99641E-05 0.717241 9.99641E-05
9.99642E-05 9.99642E-05 0.0432855 9.99642E-05 9.99642E-05 0.956315
0.719904 9.99731E-05 0.122698 9.99731E-05 0.157098 9.99731E-05
9.99732E-05 0.249603 9.99732E-05 0.205739 0.544358 9.99732E-05
0.106652 9.9991E-05 0.401401 0.250522 0.000253314 0.241072
0.151805 9.99731E-05 9.99731E-05 0.0640146 0.783881 9.99731E-05
9.99821E-05 0.575731 9.99821E-05 0.122817 0.151003 0.15025
9.99643E-05 0.938535 9.99643E-05 0.0610652 9.99643E-05 9.99643E-05
0.635333 0.062386 0.056874 9.99821E-05 0.245207 9.99821E-05
9.99821E-05 0.233899 0.351111 9.99821E-05 0.270333 0.144457
0.0957049 0.0674498 9.9991E-05 0.224386 0.499324 0.113035
9.9982E-05 0.226234 0.203787 0.116549 0.453229 9.9982E-05
0.130621 0.0655932 9.99821E-05 0.473307 9.99821E-05 0.330279
9.99821E-05 0.182483 0.229153 0.574873 9.99821E-05 0.0132921
0.000982792 0.63925 0.0116699 0.0644493 0.226818 0.05683
9.99821E-05 0.260074 0.167069 0.48398 0.0886773 9.99821E-05
9.99821E-05 0.114713 9.99821E-05 0.17787 0.673553 0.0336652
9.99821E-05 0.248164 0.0688275 0.453049 0.229759 9.99821E-05
9.99821E-05 0.364621 9.99821E-05 0.526738 0.10326 0.00518126
9.99821E-05 0.162605 0.139854 0.659087 0.0382546 9.99821E-05
9.99733E-05 0.0566421 9.99733E-05 0.51475 0.428308 9.99733E-05
9.99731E-05 0.443663 9.99731E-05 9.99731E-05 0.502282 0.0537551
9.9991E-05 0.219658 0.0471837 0.0429448 0.505585 0.184529
0.0828823 0.390621 0.292851 0.233446 9.99821E-05 9.99821E-05
9.99731E-05 9.99731E-05 9.99731E-05 0.676177 0.0744564 0.249067
9.99821E-05 9.99821E-05 0.127675 0.00509282 0.747068 0.119964
0.569305 0.233714 9.99821E-05 0.116852 0.0799293 9.99821E-05
0.609641 9.99731E-05 9.99731E-05 0.300763 0.089296 9.99731E-05
0.380147 0.39981 9.9991E-05 0.00612936 0.0615875 0.152225
0.705795 9.99732E-05 9.99732E-05 0.181349 0.112556 9.99732E-05
0.143245 9.9982E-05 0.0343279 0.474254 0.347973 9.9982E-05
9.9982E-05 0.694998 0.0360677 0.178489 0.0902455 9.9982E-05
9.99731E-05 9.99731E-05 0.281976 0.106749 0.610975 9.99731E-05
9.99641E-05 0.35278 9.99641E-05 0.646821 9.99641E-05 9.99641E-05
0.132909 9.9982E-05 9.9982E-05 0.754119 0.0649037 0.047869
9.99731E-05 0.167287 9.99731E-05 9.99731E-05 0.218918 0.613495
0.136222 0.00259146 0.0402773 0.276279 0.494423 0.0502085
9.99821E-05 0.00925623 9.99821E-05 0.584308 0.182038 0.224198
9.99731E-05 0.902128 0.0257425 9.99731E-05 0.0718296 9.99731E-05
9.99732E-05 0.105365 9.99732E-05 0.728751 0.165584 9.99732E-05
0.0742217 0.0336842 9.99821E-05 0.295862 0.596032 9.99821E-05
0.0753556 0.194556 0.141917 9.9991E-05 0.418785 0.169287
0.121937 0.0951644 0.245808 0.536892 9.99821E-05 9.99821E-05
9.99732E-05 0.0651185 9.99732E-05 0.83138 9.99732E-05 0.103202
0.480557 0.107273 9.99732E-05 9.99732E-05 0.41187 9.99732E-05
0.308337 0.126516 9.9991E-05 0.232512 0.256772 0.0757636
9.99644E-05 0.320333 9.99644E-05 9.99644E-05 0.679267 9.99644E-05
0.0826269 9.99731E-05 9.99731E-05 0.55647 0.360603 9.99731E-05
9.99911E-05 0.10006 0.0128603 0.618301 0.127281 0.141398
0.371461 0.00521988 0.109407 0.290261 0.192329 0.0313221
9.99731E-05 9.99731E-05 0.292847 0.153593 0.55326 9.99731E-05
0.112468 9.99821E-05 0.127713 0.211313 0.548306 9.99821E-05
9.99822E-05 0.360924 9.99822E-05 0.0815314 0.527404 0.0299403
9.99911E-05 0.219407 0.142584 0.131274 0.325464 0.181171
0.101418 0.773408 0.0957195 9.99822E-05 0.0292547 9.99822E-05
9.9991E-05 0.153825 0.0718717 0.133836 0.448218 0.192149
0.0185888 0.641751 9.99821E-05 0.224667 9.99821E-05 0.114793
9.99641E-05 0.468373 9.99641E-05 0.531227 9.99641E-05 9.99641E-05
0.102532 0.34179 9.99911E-05 0.242973 0.221005 0.0915995
9.99821E-05 0.135343 9.99821E-05 0.152083 0.284694 0.427679
9.9991E-05 0.114527 0.323824 0.14182 0.259925 0.159804
9.99821E-05 9.99821E-05 0.199822 0.0549608 0.669037 0.0759802
9.99642E-05 9.99642E-05 9.99642E-05 9.99642E-05 0.0356502 0.96395
9.99822E-05 0.802149 0.00766319 0.124011 9.99822E-05 0.0659767
9.99733E-05 0.447409 9.99733E-05 0.536362 0.0159289 9.99733E-05
9.9991E-05 0.31265 0.342521 0.23217 0.0675578 0.0450022
0.051609 0.0483388 9.9991E-05 0.803506 0.0927145 0.00373149
9.9982E-05 0.176586 0.0602255 0.398495 0.364494 9.9982E-05
0.0327412 0.567037 0.0946939 0.238709 9.9991E-05 0.0667191
9.99731E-05 0.109214 0.151121 0.739365 9.99731E-05 9.99731E-05
9.99731E-05 0.333578 9.99731E-05 9.99731E-05 0.267829 0.398293
0.075027 0.693117 9.9982E-05 0.0263579 9.9982E-05 0.205298
0.852767 9.99731E-05 0.0479234 9.99731E-05 9.99731E-05 0.0990097
9.996E-05 9.996E-05 9.996E-05 9.996E-05 9.996E-05 0.9995
0.44827 9.99821E-05 0.179865 0.181567 9.99821E-05 0.190097
9.99731E-05 9.99731E-05 0.86262 0.034177 9.99731E-05 0.102903
9.99731E-05 0.267344 9.99731E-05 0.185181 0.547176 9.99731E-05
0.0797468 0.128903 9.99821E-05 0.541429 0.249721 9.99821E-05
0.188994 0.274877 0.00374455 0.158803 0.373482 9.9991E-05
0.332948 0.0111346 0.146168 9.9982E-05 0.50955 9.9982E-05
0.255201 0.0401997 0.105016 9.99821E-05 0.599384 9.99821E-05
9.99821E-05 0.0865313 0.415049 9.99821E-05 0.430639 0.0675814
0.169394 0.257711 9.99821E-05 9.99821E-05 0.268556 0.304138
9.99732E-05 0.344662 9.99732E-05 9.99732E-05 0.506036 0.149002
9.99732E-05 0.403897 9.99732E-05 9.99732E-05 0.195228 0.400576
9.99731E-05 0.0254862 0.0749944 9.99731E-05 0.899219 9.99731E-05
9.99641E-05 0.250124 9.99641E-05 9.99641E-05 9.99641E-05 0.749476
9.99821E-05 9.99821E-05 0.374623 0.439084 0.184937 0.00115707
9.99821E-05 0.118911 9.99821E-05 0.439606 0.376775 0.0645077
0.0785045 9.99821E-05 9.99821E-05 0.329119 0.568442 0.0237346
9.9982E-05 9.9982E-05 0.114237 0.169625 0.414267 0.301671
0.101141 0.447145 0.00927377 9.9982E-05 0.44224 9.9982E-05
9.9991E-05 0.104569 0.0819159 0.380551 0.0543911 0.378474
0.105218 0.715199 0.0373307 9.99821E-05 0.142052 9.99821E-05
9.99731E-05 0.243813 0.0176361 9.99731E-05 0.738251 9.99731E-05
0.0396156 0.901851 9.99732E-05 9.99732E-05 0.0582334 9.99732E-05
9.99911E-05 0.329544 0.0871951 0.233768 0.286628 0.062766
0.165326 0.25689 9.9991E-05 0.368283 0.198368 0.0110323
9.99732E-05 0.194178 9.99732E-05 0.413321 9.99732E-05 0.392202
0.12875 0.229432 0.106654 0.10795 0.427115 9.9991E-05
9.99821E-05 0.410526 0.248685 9.99821E-05 0.198202 0.142387
9.99911E-05 0.47981 0.0728865 0.0870648 0.311636 0.0485032
0.233384 9.99732E-05 0.0733498 0.692966 9.99732E-05 9.99732E-05
0.021012 0.673478 9.9982E-05 0.0810195 0.22429 9.9982E-05
9.99731E-05 9.99731E-05 0.268268 0.49203 0.239402 9.99731E-05
0.109989 9.9982E-05 0.285175 0.311865 0.292771 9.9982E-05
0.071884 0.176164 0.246066 0.505686 9.99821E-05 9.99821E-05
9.99732E-05 0.541218 0.226536 9.99732E-05 0.231946 9.99732E-05
0.0521299 9.99821E-05 0.238798 9.99821E-05 0.680972 0.0278995
9.99732E-05 0.0373439 0.390056 9.99732E-05 0.5723 9.99732E-05
0.171951 9.99821E-05 0.325565 0.234497 0.267786 9.99821E-05
0.0358095 0.367951 0.0154649 9.99821E-05 0.580575 9.99821E-05
0.421666 0.00413205 0.209875 9.99911E-05 0.295966 0.0682607
0.0538439 0.535217 0.317828 0.058357 0.0160817 0.0186725
0.0439318 0.0634798 0.122338 0.395475 0.239929 0.134847
0.0891767 9.99821E-05 0.35056 0.321944 9.99821E-05 0.238119
9.99821E-05 0.149352 9.99821E-05 0.298524 0.160342 0.391582
9.99641E-05 0.331273 9.99641E-05 9.99641E-05 0.668327 9.99641E-05
0.268125 0.0352829 9.99731E-05 0.696292 9.99731E-05 9.99731E-05
9.9991E-05 0.227964 0.208105 0.000926113 0.405727 0.157178
0.0790021 0.883713 9.99732E-05 9.99732E-05 0.0369854 9.99732E-05
0.297801 9.99821E-05 0.0647119 0.521116 0.116171 9.99821E-05
0.115239 0.145129 0.0583717 0.298513 0.382648 9.99911E-05
9.99731E-05 9.99731E-05 9.99731E-05 0.697368 0.257964 0.0443678
0.307712 0.219432 9.99731E-05 9.99731E-05 0.472557 9.99731E-05
0.142585 9.9991E-05 0.0471964 0.342651 0.382578 0.0848903
0.289755 0.629138 9.99732E-05 9.99732E-05 9.99732E-05 0.0808066
0.012145 0.155327 0.387059 0.411441 0.0339279 9.9991E-05
0.114036 0.260944 0.28141 9.9982E-05 0.343411 9.9982E-05
9.99911E-05 0.00374506 0.285963 0.261186 0.220596 0.22841
0.148679 0.090736 9.99821E-05 9.99821E-05 0.726492 0.0338932
0.106064 0.366194 0.0213044 9.9991E-05 0.370845 0.135492
0.174062 0.116241 9.99731E-05 0.709397 9.99731E-05 9.99731E-05
9.99732E-05 0.0828457 9.99732E-05 0.585055 0.331799 9.99732E-05
9.99821E-05 0.230764 9.99821E-05 0.0865149 0.672259 0.0102619
0.209591 0.0139453 9.99821E-05 0.681869 0.0943942 9.99821E-05
9.99643E-05 9.99643E-05 9.99643E-05 0.806877 0.192723 9.99643E-05
9.99731E-05 0.605986 9.99731E-05 0.213603 0.180112 9.99731E-05
0.136289 0.0717547 0.154436 0.0835226 0.465594 0.0884037
0.0288085 9.99733E-05 0.11573 9.99733E-05 0.855162 9.99733E-05
0.424103 0.108668 9.99732E-05 9.99732E-05 0.466929 9.99732E-05
9.9982E-05 0.4172 0.125324 0.368143 0.089133 9.9982E-05
9.99732E-05 9.99732E-05 0.19117 9.99732E-05 0.718632 0.0898981
0.102669 0.109403 9.99821E-05 0.00220156 0.785527 9.99821E-05
0.0457539 9.99821E-05 0.144268 0.564983 0.244795 9.99821E-05
9.99821E-05 0.486952 9.99821E-05 0.350726 0.0471702 0.114952
9.99821E-05 9.99821E-05 0.0358399 0.330661 0.519355 0.113943
0.203544 9.99643E-05 9.99643E-05 9.99643E-05 0.796056 9.99643E-05
9.99821E-05 0.435009 9.99821E-05 0.190821 0.216383 0.157587
0.130776 0.0290236 0.8399 9.9973E-05 9.9973E-05 9.9973E-05
9.99821E-05 0.648898 0.278922 0.0672072 9.99821E-05 0.00477242
0.0570178 9.99821E-05 0.211329 0.654124 0.0773288 9.99821E-05
0.104808 0.51628 9.99732E-05 0.378612 9.99732E-05 9.99732E-05
9.99821E-05 0.113628 0.188074 0.581433 0.116665 9.99821E-05
9.99821E-05 0.393888 0.0831929 0.479746 0.0429734 9.99821E-05
0.121998 0.126108 9.99732E-05 9.99732E-05 0.751594 9.99732E-05
9.9964E-05 9.9964E-05 0.961033 9.9964E-05 0.0385676 9.9964E-05
9.99733E-05 9.99733E-05 0.0876792 0.521872 0.390149 9.99733E-05
9.99821E-05 0.33008 0.0181715 0.18858 0.462968 9.99821E-05
0.404488 0.0167399 0.0376628 9.9991E-05 0.412444 0.128565
9.99731E-05 0.84768 0.148653 9.99731E-05 0.00336651 9.99731E-05
