9.9982E-05 0.242631 0.165229 0.59194 9.9982E-05
0.248942 0.171227 0.264309 0.289453 0.0260684
0.297361 9.9991E-05 0.396121 0.171473 0.134946
0.261936 0.0801143 0.20496 0.391118 0.0618714
0.431444 0.0676388 0.122866 0.25618 0.121871
0.432245 0.129647 0.106622 0.331386 9.9991E-05
0.277475 0.0519158 0.132152 0.287762 0.250696
0.198677 0.0452792 0.419462 0.336482 9.9991E-05
0.627014 0.0988194 0.0483609 0.164139 0.0616675
0.21082 0.252484 0.138056 0.179116 0.219523
0.71117 0.278426 9.9982E-05 9.9982E-05 0.0102039
0.613093 0.0893111 9.9991E-05 0.0611147 0.236381
0.500021 0.0579784 0.107973 0.183743 0.150285
0.133719 0.194605 0.0638237 0.435257 0.172596
0.109594 0.180992 0.193339 0.515975 9.9991E-05
0.184982 0.0983716 0.379372 0.245486 0.0917884
9.999E-05 0.323206 0.0956023 0.484395 0.0966969
0.120679 0.105178 0.100356 0.36173 0.312057
0.493804 9.9991E-05 0.178943 0.295489 0.0316639
0.408004 0.0801262 0.222757 0.0267864 0.262327
0.280929 0.173113 0.237954 0.307904 9.9991E-05
0.0465501 0.220814 0.417502 0.30306 0.012074
0.524606 0.0359722 0.161673 0.204358 0.0733913
0.203357 9.9991E-05 0.152001 0.326143 0.318399
0.590788 0.3807 9.9982E-05 0.0283121 9.9982E-05
0.0130719 0.17621 0.200364 0.524606 0.0857486
0.0419267 0.276257 0.384837 0.143368 0.15361
0.179329 0.184589 0.118546 0.370438 0.147098
0.363257 0.14097 0.113689 0.24034 0.141745
0.236257 0.0423402 0.064361 0.032667 0.624374
0.795722 0.139402 9.9982E-05 9.9982E-05 0.0646754
0.24578 0.29757 0.248509 0.0435894 0.164553
0.205221 9.9991E-05 0.232613 0.334164 0.227902
0.106519 0.157514 0.336669 0.399199 9.9991E-05
0.192955 0.305286 0.0146303 0.487028 9.9991E-05
0.00997574 0.00149054 9.9982E-05 0.988334 9.9982E-05
0.438666 0.130425 0.0928421 0.337967 9.9991E-05
0.0631375 0.566484 9.9991E-05 0.154952 0.215326
0.432627 0.085963 0.091712 0.255122 0.134575
0.125843 0.139587 0.269455 0.433263 0.0318521
0.339786 0.107578 0.408302 0.0610029 0.0833313
0.0247181 0.238039 0.448838 0.142093 0.146312
0.147483 0.162132 0.418664 0.271622 9.9991E-05
0.552787 0.176485 0.0520114 0.0487888 0.169928
0.151178 0.225695 0.416434 9.9991E-05 0.206593
0.606168 0.299158 9.9991E-05 0.0436051 0.0509689
0.541687 0.0699554 0.0819528 0.222408 0.0839973
0.271211 9.9991E-05 0.234002 0.269434 0.225253
0.118241 0.177337 0.433301 0.17732 0.0938012
0.188033 9.9991E-05 0.314895 0.409017 0.0879554
0.281604 0.228476 0.00438323 0.371709 0.113828
0.265446 0.0579821 0.313268 0.300538 0.0627663
0.0804152 9.9991E-05 0.703856 0.134455 0.0811739
0.0213875 0.219264 0.477068 0.0926676 0.189612
0.327999 0.0146403 0.456678 9.9991E-05 0.200583
0.409766 0.107906 0.0848916 0.370942 0.0264941
0.268741 0.261382 0.27232 9.9991E-05 0.197457
0.58651 0.0790169 0.214375 0.00571764 0.114381
0.686756 0.0569144 0.25613 9.9982E-05 9.9982E-05
0.473757 0.29876 0.212942 0.00794966 0.00659138
0.347507 9.9991E-05 0.275389 0.281657 0.0953478
0.343314 0.27405 9.9991E-05 0.256014 0.126523
0.443209 0.0722451 9.9991E-05 0.434677 0.0497693
9.9982E-05 9.9982E-05 0.0187479 0.068433 0.912619
0.13544 0.240194 0.265331 0.358935 9.9991E-05
9.9982E-05 0.0431431 0.0974458 0.859211 9.9982E-05
0.0162789 0.311845 0.191271 0.480504 9.9991E-05
0.73378 9.9991E-05 0.0757542 0.0271899 0.163176
0.297453 9.9991E-05 0.0620166 0.507004 0.133426
0.227883 0.0571344 0.259914 0.227621 0.227448
0.431828 0.247055 0.21395 9.9991E-05 0.107066
0.033526 0.142114 0.321436 0.502824 9.9991E-05
0.429686 0.0575889 9.9991E-05 0.374507 0.138118
0.38408 0.0472122 0.326436 0.167398 0.0748746
0.0101798 0.306761 0.281681 0.325351 0.0760273
0.394186 0.0641324 0.535114 9.9991E-05 0.00646767
0.230672 0.110459 0.222541 0.347004 0.0893244
0.56614 0.0712622 0.272422 0.0703577 0.0198179
0.430673 0.0427158 0.20023 0.326281 9.9991E-05
0.175113 0.139872 0.190139 0.279633 0.215244
0.261402 0.161459 0.184601 0.366038 0.0265
0.416905 0.0489907 9.9991E-05 0.524377 0.00962702
0.429521 0.195772 0.171888 9.9991E-05 0.202719
0.44667 0.0309034 0.240536 0.142767 0.139123
0.296097 0.0964135 0.128005 0.334996 0.144488
0.448842 0.158753 0.34243 0.0498753 9.9991E-05
0.271604 0.0078757 9.9991E-05 0.697123 0.0232971
0.863417 0.117212 9.9982E-05 0.0191715 9.9982E-05
9.9991E-05 0.14462 0.192629 0.48879 0.17386
0.461793 0.0809999 0.221135 0.235972 9.9991E-05
9.9973E-05 0.0357978 9.9973E-05 9.9973E-05 0.963902
0.319646 0.317788 0.195659 0.097899 0.069008
0.594753 9.9982E-05 0.104173 0.300874 9.9982E-05
0.19432 0.0216125 0.263824 0.429295 0.0909482
0.258432 0.153952 0.19457 0.392946 9.9991E-05
0.424667 0.162377 0.25978 0.119001 0.0341755
0.0279884 0.311496 0.555386 0.01609 0.0890399
0.358832 0.215108 9.9982E-05 0.42586 9.9982E-05
0.12768 9.9982E-05 9.9982E-05 0.233796 0.638324
0.439688 9.9991E-05 0.0498108 0.145803 0.364597
0.465586 0.10895 0.0488109 0.301947 0.0747057
9.997E-05 9.997E-05 9.997E-05 9.997E-05 0.9996
0.239054 0.209444 0.248498 0.198272 0.104732
9.997E-05 0.9996 9.997E-05 9.997E-05 9.997E-05
0.387215 0.15213 0.2485 0.161363 0.0507912
0.56984 9.9973E-05 0.42986 9.9973E-05 9.9973E-05
0.456377 0.0279897 0.333202 0.129956 0.0524748
0.330006 0.0939235 9.9991E-05 0.547733 0.0282369
0.241579 0.13643 0.233933 0.175246 0.212812
0.340589 9.9991E-05 0.258877 0.371814 0.0286207
0.466574 0.111696 0.213319 0.208311 9.9991E-05
0.504158 0.139387 9.9982E-05 9.9982E-05 0.356256
0.390787 0.0352386 0.469476 0.104398 9.9991E-05
0.221876 0.00252322 0.0278243 0.129455 0.618322
0.110771 0.16285 0.45695 0.154538 0.114892
9.997E-05 9.997E-05 9.997E-05 9.997E-05 0.9996
0.464972 0.361704 9.9982E-05 0.173125 9.9982E-05
9.9991E-05 0.19427 0.320587 0.442506 0.0425375
0.643579 0.0352541 0.168163 0.0106126 0.142391
0.194919 0.270958 9.9991E-05 0.488898 0.0451244
9.9991E-05 0.189496 0.28098 0.450346 0.079078
0.0242338 0.0834099 9.9991E-05 0.427106 0.46515
0.00154573 0.170726 0.38077 0.172252 0.274706
0.455263 0.169715 0.2356 0.139322 9.9991E-05
0.565474 0.0931197 0.0449262 0.129894 0.166586
0.420757 0.0286329 0.135246 0.293625 0.12174
0.621388 0.0682244 0.119866 0.139838 0.0506839
0.288775 0.118152 0.104649 0.314222 0.174202
0.726193 9.9982E-05 0.0961985 0.177409 9.9982E-05
0.181852 0.299413 0.142987 0.129108 0.24664
0.211669 0.0338574 9.9982E-05 0.754273 9.9982E-05
0.239113 0.0640772 0.0937174 0.535232 0.0678605
0.39284 0.107058 9.9991E-05 0.142337 0.357665
0.376694 9.9991E-05 0.371409 0.198699 0.0530977
0.589219 0.0358013 9.9991E-05 0.328821 0.0460587
0.626479 0.18832 9.9991E-05 0.139424 0.0456775
0.0601674 9.9973E-05 0.939533 9.9973E-05 9.9973E-05
9.997E-05 9.997E-05 0.9996 9.997E-05 9.997E-05
0.201902 0.169568 0.319453 0.10646 0.202617
0.268533 0.259088 0.0775267 0.373997 0.0208557
0.508516 0.130806 0.0357716 0.223549 0.101357
0.768673 0.052962 0.178165 9.9982E-05 9.9982E-05
0.511915 0.135378 0.0705289 0.0800698 0.202108
0.356119 0.169685 0.105354 0.227317 0.141525
0.034237 0.161468 0.228135 0.476968 0.0991915
0.0599093 0.0682281 0.0209088 0.335739 0.515215
0.370485 0.135007 0.335883 0.0971411 0.0614843
9.997E-05 9.997E-05 9.997E-05 0.9996 9.997E-05
9.9982E-05 0.153377 0.24411 0.602313 9.9982E-05
0.208935 0.235938 0.268283 0.286743 9.9991E-05
0.84073 0.0434324 0.0380195 9.9991E-05 0.0777182
0.518294 0.189997 0.194712 0.0968967 9.9991E-05
0.385449 0.140608 0.140309 0.250091 0.0835429
9.9991E-05 0.216537 0.352162 0.21656 0.214642
0.602856 9.9991E-05 0.102619 0.209841 0.0845836
0.134072 0.0756193 0.269768 0.310838 0.209703
0.352408 0.175901 0.160008 0.23023 0.0814528
0.47862 0.0885123 0.0580232 0.176593 0.198251
9.9982E-05 9.9982E-05 0.414723 0.470096 0.114981
0.0594391 0.18056 0.262897 0.345209 0.151895
0.45009 0.158926 9.9991E-05 0.342901 0.0479833
9.997E-05 9.997E-05 9.997E-05 0.9996 9.997E-05
0.154527 9.9982E-05 0.182893 0.66238 9.9982E-05
0.170919 0.179953 0.590756 9.9991E-05 0.0582719
0.20984 0.149426 0.285238 0.304703 0.0507923
9.9982E-05 0.102677 0.160793 0.73633 9.9982E-05
0.349954 0.0601856 0.2524 0.337361 9.9991E-05
0.454082 0.152462 0.297181 0.0961752 9.9991E-05
9.997E-05 9.997E-05 0.9996 9.997E-05 9.997E-05
0.178786 0.0834647 0.218681 0.411593 0.107475
0.629297 0.0301695 0.169193 9.9991E-05 0.171241
0.178565 0.145391 0.381108 0.145454 0.149484
0.160226 0.0130524 0.0726395 0.558705 0.195377
0.107359 0.153254 0.739187 9.9982E-05 9.9982E-05
0.104938 0.129788 0.275217 0.489957 9.9991E-05
0.436235 0.287638 0.18545 0.046633 0.0440449
0.653093 0.00249265 0.193553 0.150761 9.9991E-05
0.364261 0.159075 0.386069 0.0624172 0.0281772
9.997E-05 0.9996 9.997E-05 9.997E-05 9.997E-05
0.149332 0.221535 0.369743 0.000170991 0.259219
9.9991E-05 0.28585 0.116272 0.406782 0.190996
0.189074 0.161936 9.9991E-05 0.498193 0.150697
0.247451 0.0551829 0.377177 0.235956 0.0842334
0.412191 9.9991E-05 0.153656 0.21056 0.223493
0.342668 0.0883784 0.225842 0.310462 0.0326492
9.997E-05 0.9996 9.997E-05 9.997E-05 9.997E-05
0.395203 9.9991E-05 0.161665 0.302409 0.140623
0.0783047 0.324531 0.196067 0.366666 0.0344313
0.487288 9.9991E-05 0.244178 0.237169 0.0312649
9.9991E-05 0.0339598 0.577917 0.189222 0.1988
