9.9973E-05 0.626646 0.108243 0.200171 0.0646405 9.9973E-05 9.9973E-05
9.9982E-05 0.142469 0.151479 0.388733 9.9982E-05 0.244671 0.072448
0.0155608 0.0429678 0.171618 0.448742 0.00126598 0.279203 0.0406424
0.066207 0.242596 9.9982E-05 0.544326 0.0935551 9.9982E-05 0.0531161
0.077963 0.00520232 9.9991E-05 0.594896 0.0301387 0.212081 0.0796192
0.0490348 9.9982E-05 0.0705333 0.583765 0.0715634 0.224903 9.9982E-05
0.161939 0.282932 0.135414 0.387642 0.00750735 9.9991E-05 0.0244647
0.0386807 0.306351 0.109004 0.205146 0.0342056 0.304341 0.00227186
0.0234434 0.190785 0.321108 0.230635 0.0542925 0.110863 0.0688737
0.128827 0.0501546 0.355913 0.0759985 0.208112 9.9991E-05 0.180896
0.114577 9.9973E-05 0.358763 9.9973E-05 0.284371 0.241989 9.9973E-05
0.118613 0.160172 0.602157 9.9982E-05 0.00250185 9.9982E-05 0.116356
0.102083 0.146698 0.10637 0.339061 0.0725709 0.159106 0.0741102
0.0556479 0.388932 0.0126394 0.0835409 0.0376823 0.295011 0.126547
0.0121663 0.109116 9.9973E-05 9.9973E-05 0.0769944 0.801423 9.9973E-05
0.143996 0.218206 9.9982E-05 0.00633084 0.0670766 0.564191 9.9982E-05
0.0207799 9.9973E-05 9.9973E-05 9.9973E-05 0.112226 0.811019 0.0556754
0.138167 0.325511 0.13222 0.154644 0.0914001 0.00115773 0.156901
0.105268 0.200579 0.209867 0.363009 9.9991E-05 0.0874472 0.0337312
0.0446123 0.161259 0.0632251 0.60272 0.0262017 0.0556641 0.0463176
0.122886 0.0894234 0.149818 0.494497 0.0978976 0.0453787 9.9991E-05
0.11063 0.282079 0.098962 0.0829161 0.0629617 0.362351 9.9991E-05
0.202017 0.0164153 0.119063 0.369134 9.9982E-05 0.293171 9.9982E-05
9.9982E-05 0.214022 0.053585 0.374542 9.9982E-05 0.180684 0.176967
0.133702 0.137362 0.378808 9.9982E-05 0.269395 0.0805322 9.9982E-05
9.999E-05 0.369795 0.0132091 0.206441 0.0292044 0.222637 0.158613
0.126763 0.160657 0.290234 0.188006 0.0819735 9.9991E-05 0.152266
0.0784366 0.270666 0.148572 0.0396071 0.0683869 0.283544 0.110787
0.00334917 0.0467766 0.065429 0.221258 0.0777197 0.425272 0.160196
0.0380705 9.9982E-05 9.9982E-05 0.0859027 0.0706778 0.0982422 0.706907
0.078736 9.9991E-05 0.23949 0.143476 0.164502 0.344435 0.0292608
0.0343654 9.9982E-05 0.840425 0.0256648 0.0178146 9.9982E-05 0.0815299
0.0923318 0.174241 9.9982E-05 0.382943 9.9982E-05 0.203293 0.146992
0.0387858 0.0783332 9.9991E-05 0.627653 0.0782867 0.149996 0.0268461
0.0975229 0.347919 0.096718 0.184705 0.1228 0.0782974 0.0720373
0.0361284 0.963372 9.9955E-05 9.9955E-05 9.9955E-05 9.9955E-05 9.9955E-05
0.0405194 0.0954591 9.9982E-05 0.544985 0.202229 0.116607 9.9982E-05
0.0300548 0.574513 0.181199 9.9982E-05 0.130992 9.9982E-05 0.0830412
0.0588158 9.9982E-05 9.9982E-05 0.487234 0.113906 0.22579 0.114054
0.0797907 0.136207 0.135389 0.358026 0.0765592 0.193277 0.0207508
0.0617609 0.134008 0.264402 0.16159 0.128043 0.250097 9.9991E-05
0.0733945 0.101225 0.00280107 0.681372 0.0875213 9.9991E-05 0.0535862
0.0672147 0.212751 9.9991E-05 0.437301 0.102428 0.145843 0.0343624
9.9982E-05 0.403052 0.45834 0.000507112 9.9982E-05 0.0246696 0.113231
0.1087 0.0984018 0.734507 9.9973E-05 9.9973E-05 9.9973E-05 0.0580913
0.0722809 0.0373161 0.379168 0.299592 0.211443 9.9982E-05 9.9982E-05
0.0505236 0.0681363 0.0403499 0.330651 0.0303072 0.344951 0.135081
0.0564745 9.9982E-05 0.207841 0.686991 0.0174708 9.9982E-05 0.0310223
0.0727712 0.0993712 0.54193 9.9991E-05 0.0366008 0.128046 0.121182
0.0862628 0.0937855 0.0652472 0.170674 9.9991E-05 0.49363 0.0903002
0.137258 0.269621 0.226141 0.00718243 0.115977 0.136623 0.107198
0.0682556 0.048713 0.0111131 0.592195 0.091183 0.18844 9.9991E-05
0.0263714 9.9991E-05 0.125303 0.246567 0.0294733 0.504216 0.06797
0.0560667 0.0757657 9.9991E-05 0.279314 0.157908 0.335212 0.0956335
9.9973E-05 9.9973E-05 0.70185 0.119941 9.9973E-05 0.0917039 0.0862052
0.0885049 0.0298247 0.00297704 0.816406 0.062087 9.9982E-05 9.9982E-05
0.0701159 9.99641E-05 0.886775 9.99641E-05 9.99641E-05 9.99641E-05 0.0427091
0.0735446 0.104387 0.485121 0.156341 0.020851 9.9991E-05 0.159654
0.0782791 9.9991E-05 0.287391 0.112385 0.1068 0.37793 0.037115
0.0942058 0.0180294 0.577077 0.0711651 0.165557 0.0361027 0.0378631
9.9964E-05 9.9964E-05 9.9964E-05 0.663199 0.109575 9.9964E-05 0.226826
0.122081 0.134187 9.9991E-05 0.375286 0.155944 0.155988 0.0564137
0.126664 0.00150649 0.146119 0.440285 9.9982E-05 0.285225 9.9982E-05
0.0678095 9.9964E-05 9.9964E-05 0.027191 9.9964E-05 9.9964E-05 0.9046
9.9973E-05 0.397967 9.9973E-05 0.0876531 0.18132 0.33276 9.9973E-05
0.0221127 0.792581 9.9973E-05 0.172942 0.0120643 9.9973E-05 9.9973E-05
0.0244693 0.395177 0.162661 0.183567 0.145028 9.9991E-05 0.0889973
0.0875846 9.9982E-05 0.187132 0.334272 9.9982E-05 0.317527 0.073285
9.9973E-05 0.44304 9.9973E-05 0.418041 9.9973E-05 0.0476091 0.0910104
0.0891454 0.136714 0.00772178 0.293086 0.0525127 0.260974 0.159847
0.0188978 9.9982E-05 0.329539 0.363828 0.158313 9.9982E-05 0.129222
0.071936 0.417465 0.0005875 9.9991E-05 0.031724 0.459718 0.0184694
0.120702 0.173849 0.0369427 0.0395015 0.0525779 0.444847 0.13158
0.0427213 9.9991E-05 0.237241 0.130751 0.124833 0.439766 0.0245875
0.0220887 0.049765 0.264488 9.9991E-05 0.176125 0.388244 0.0991901
0.073503 9.9982E-05 0.385198 0.134826 0.131396 0.274878 9.9982E-05
0.179768 9.9973E-05 0.370811 0.362543 9.9973E-05 9.9973E-05 0.0865786
0.0313529 9.9973E-05 9.9973E-05 0.623834 0.138181 9.9973E-05 0.206332
9.9982E-05 0.0717551 9.9982E-05 0.596939 0.175895 0.0471877 0.108023
0.0491351 0.0291861 0.00870586 0.495894 0.0463165 0.135858 0.234904
0.121495 0.232413 0.121223 0.280826 0.0735852 0.138072 0.0323851
0.076278 0.0849092 0.21552 0.469919 0.106263 9.9991E-05 0.0470113
0.0156808 9.9982E-05 0.489624 0.196186 0.0253365 9.9982E-05 0.272973
0.058784 9.9982E-05 9.9982E-05 0.401525 0.136346 0.324211 0.0789338
0.0805353 0.111299 0.221527 0.375832 0.0137887 0.110671 0.0863475
0.0608125 0.175151 0.513695 0.136296 0.113845 9.9982E-05 9.9982E-05
0.0498622 0.759013 9.9973E-05 0.177125 9.9973E-05 0.0137 9.9973E-05
0.229042 9.9982E-05 0.387071 0.140472 0.169899 0.0733158 9.9982E-05
0.0409362 0.426345 9.9982E-05 9.9982E-05 0.0829013 0.35654 0.0930777
0.0715345 0.279461 0.590447 0.0547934 9.9982E-05 0.00356415 9.9982E-05
9.9964E-05 0.00458874 9.9964E-05 9.9964E-05 0.0126567 9.9964E-05 0.982355
0.0640073 9.9982E-05 0.634109 0.0722727 0.0702381 0.159173 9.9982E-05
0.0869198 0.129349 9.9973E-05 0.775203 0.00822831 9.9973E-05 9.9973E-05
0.0484064 0.0975259 9.9973E-05 9.9973E-05 9.9973E-05 0.833722 0.0200459
9.9964E-05 0.186825 9.9964E-05 0.760449 0.0523267 9.9964E-05 9.9964E-05
0.0127342 0.113383 0.0214831 0.530692 0.0977858 0.0794379 0.144484
9.9982E-05 0.339723 0.375631 9.9982E-05 0.0873309 0.110786 0.0863285
0.0600151 9.9982E-05 0.295042 0.51797 0.121221 9.9982E-05 0.00555126
0.200616 0.240307 0.0211159 9.9973E-05 9.9973E-05 9.9973E-05 0.537662
9.9982E-05 0.0980221 0.190952 0.0535644 9.9982E-05 0.413999 0.243262
0.0942766 0.225112 0.169555 0.0304764 0.0320887 0.309783 0.138708
9.995E-05 9.995E-05 9.995E-05 9.995E-05 9.995E-05 9.995E-05 0.9994
0.074231 0.134369 0.0258726 0.159609 0.158158 0.446714 0.00104629
9.99632E-05 0.0064977 9.99632E-05 9.99632E-05 0.993002 9.99632E-05 9.99632E-05
0.0589042 0.229983 0.0787029 0.0640759 0.166498 0.28063 0.121205
0.0186314 0.107787 0.0846723 0.41482 0.0292811 0.344708 9.9991E-05
9.9991E-05 0.058898 0.159404 0.402627 0.0264331 0.300119 0.0524192
0.00364534 0.201899 0.247276 0.27006 0.0696425 0.128762 0.0787163
9.9982E-05 9.9982E-05 0.196351 0.148393 0.0662581 0.510131 0.0786662
0.0783679 0.40892 0.176575 0.165695 0.0187634 0.0844057 0.0672727
0.0304398 0.0582196 0.0074936 0.503431 0.170205 0.230111 9.9991E-05
0.199276 9.9991E-05 0.513568 0.0616467 0.00427341 0.0242093 0.196927
0.0060021 0.0220944 0.106042 0.526778 0.0859986 0.144279 0.108805
0.0780622 9.9991E-05 0.0245994 0.333796 0.000513523 0.0739186 0.489011
0.00694423 0.178394 0.0538584 0.471741 9.9991E-05 0.238079 0.0508826
9.995E-05 9.995E-05 9.995E-05 9.995E-05 9.995E-05 9.995E-05 0.9994
9.9982E-05 0.163582 0.111737 0.0875301 0.216897 0.420054 9.9982E-05
0.0438787 0.592905 0.0356387 0.147609 0.0519019 0.0216953 0.106371
0.0383304 9.9991E-05 0.268958 0.545581 0.0421779 0.0258902 0.0789622
0.233288 0.297149 0.349627 9.9982E-05 0.0732429 0.0464934 9.9982E-05
0.088788 0.0831203 9.9991E-05 0.563963 0.00256638 0.104585 0.156877
0.129391 0.165872 9.9973E-05 9.9973E-05 9.9973E-05 0.254628 0.449809
0.0912997 9.9991E-05 0.0634719 0.381033 0.00596022 0.188852 0.269283
0.0403945 9.9982E-05 0.21704 0.161644 0.126257 0.454464 9.9982E-05
0.105696 9.9982E-05 0.602309 0.169288 9.9982E-05 0.0268801 0.0956259
0.0380514 9.9973E-05 9.9973E-05 0.287312 9.9973E-05 0.660021 0.0143155
0.134106 0.058579 0.444051 9.9973E-05 9.9973E-05 0.362964 9.9973E-05
0.0295312 0.0806867 0.374371 0.316192 0.0928566 0.0194602 0.0869022
0.11662 0.00193524 0.60629 0.125974 0.0168487 0.132232 9.9991E-05
0.054495 0.233888 0.446461 9.9991E-05 0.0222179 0.149593 0.0932457
0.0575203 0.691157 9.9973E-05 0.243595 9.9973E-05 9.9973E-05 0.00742754
0.150004 0.184542 9.9982E-05 0.505084 0.0794554 9.9982E-05 0.0807147
0.0426517 9.9991E-05 0.0225689 0.420454 0.0417061 0.125115 0.347404
0.105676 9.9991E-05 0.0499306 0.336036 0.0316908 0.411069 0.0654985
0.0595234 0.20701 0.242214 0.358665 0.0586155 9.9991E-05 0.0738713
0.180421 0.00642024 0.370442 0.194365 0.115687 9.9991E-05 0.132565
9.995E-05 9.995E-05 9.995E-05 9.995E-05 9.995E-05 0.9994 9.995E-05
0.00879309 9.99551E-05 9.99551E-05 9.99551E-05 9.99551E-05 0.990707 9.99551E-05
0.116286 0.142377 0.395571 0.141414 0.0355334 0.0760804 0.0927388
0.00495191 0.147459 9.9991E-05 0.499272 0.139571 0.0932935 0.115353
0.141912 0.0889955 0.345541 0.267278 0.0918319 9.9991E-05 0.0643419
0.105487 9.9982E-05 0.118081 0.103712 0.132968 0.539551 9.9982E-05
0.0420823 9.9982E-05 0.561248 0.237673 0.0659845 9.9982E-05 0.0928126
0.0449556 0.303669 0.532087 0.0617275 9.9982E-05 9.9982E-05 0.0573605
0.0683989 0.215745 9.9991E-05 0.437289 0.111323 0.111626 0.0555171
0.0647748 0.341269 9.99819E-05 0.103818 9.99819E-05 0.191257 0.298681
0.0626221 0.255334 0.156086 0.14497 0.0688179 0.31207 9.9991E-05
0.9994 9.995E-05 9.995E-05 9.995E-05 9.995E-05 9.995E-05 9.995E-05
0.05197 0.604094 9.9973E-05 0.253355 0.0902816 9.9973E-05 9.9973E-05
0.000543857 0.166371 9.9973E-05 0.614662 0.218123 9.9973E-05 9.9973E-05
0.161419 0.00530636 0.629854 9.9982E-05 0.0817831 0.121438 9.9982E-05
0.0876942 0.0442881 9.9973E-05 0.65253 0.215188 9.9973E-05 9.9973E-05
0.156944 9.9991E-05 0.346801 0.105789 0.0543848 0.179122 0.15686
0.064163 9.9991E-05 0.304816 0.106488 0.0567322 0.284546 0.183155
0.123243 0.166589 0.2913 0.0444265 0.0251204 0.349221 9.9991E-05
0.0828095 0.197002 9.9982E-05 9.9982E-05 0.139085 0.426482 0.154422
0.112234 0.0893259 0.370576 0.427565 9.9973E-05 9.9973E-05 9.9973E-05
0.11729 0.0533698 0.124948 0.160866 0.0624679 0.305207 0.175852
9.9964E-05 0.681739 9.9964E-05 0.152556 9.9964E-05 9.9964E-05 0.165305
0.0701954 0.0700514 0.145822 0.316441 0.0549191 0.281172 0.0613997
0.0166768 0.255789 9.9991E-05 0.413631 0.142245 0.0409107 0.130648
0.9994 9.995E-05 9.995E-05 9.995E-05 9.995E-05 9.995E-05 9.995E-05
0.404703 0.204422 9.9982E-05 0.0829729 0.0218917 0.285811 9.9982E-05
9.9982E-05 0.126826 0.0093945 0.439968 0.10973 0.313883 9.9982E-05
0.12866 0.121798 0.463791 0.145041 0.0335461 0.0770256 0.0301386
0.084028 0.887083 9.9964E-05 9.9964E-05 9.9964E-05 9.9964E-05 0.0284888
0.105303 0.136579 0.307775 0.166111 9.9982E-05 0.284032 9.9982E-05
0.106352 0.113748 0.114002 0.332883 0.132205 0.20071 9.9991E-05
9.9955E-05 0.106086 9.9955E-05 9.9955E-05 9.9955E-05 0.893414 9.9955E-05
0.139485 0.300553 9.9991E-05 0.0674444 0.0373652 0.321674 0.133377
9.9973E-05 9.9973E-05 0.443421 0.119531 9.9973E-05 0.295552 0.141196
0.0884557 9.9991E-05 0.224389 0.183196 0.134142 0.181035 0.188682
0.124793 0.119374 9.9991E-05 0.538332 0.0254413 0.111616 0.0803433
0.0272443 0.201115 0.289912 0.0806314 0.0978474 0.30315 9.9991E-05
0.0813304 0.215647 9.9991E-05 0.666715 0.0028787 0.0225746 0.0107547
0.00184916 9.9982E-05 0.122056 0.528401 0.162423 0.185071 9.9982E-05
0.0961745 9.9991E-05 0.162919 0.594336 0.0446331 0.0866621 0.0151753
9.9991E-05 0.10295 0.307364 0.270629 0.0601524 0.239561 0.0192448
9.995E-05 9.995E-05 9.995E-05 9.995E-05 0.9994 9.995E-05 9.995E-05
0.0226934 0.123364 0.47284 0.156892 0.0791561 0.0183728 0.126682
0.0962405 0.0275823 9.9982E-05 9.9982E-05 0.0643466 0.739227 0.0724036
0.12131 0.293777 0.0705142 9.9991E-05 0.0565686 0.331151 0.126579
0.0273866 0.448918 0.193955 9.9991E-05 0.0440379 0.244393 0.0412096
9.9991E-05 0.14178 0.0187579 0.417941 0.00918649 0.145021 0.267213
0.0394157 0.271928 0.0214428 0.312871 0.0375795 0.239538 0.0772252
9.995E-05 9.995E-05 9.995E-05 9.995E-05 0.9994 9.995E-05 9.995E-05
0.147785 9.9973E-05 0.0940002 0.702935 9.9973E-05 9.9973E-05 0.0549799
0.0123599 0.436735 9.9982E-05 9.9982E-05 0.259079 0.243395 0.0482314
9.9982E-05 0.204449 0.0141519 0.580882 0.0441791 0.156139 9.9982E-05
0.055778 0.290506 0.33431 9.9982E-05 9.9982E-05 0.175476 0.14373
