0.0301628 0.413318 0.121973 0.434446 9.9991E-05
0.272569 0.222271 0.155623 0.226114 0.123424
0.352285 0.14072 9.99821E-05 0.506795 9.99821E-05
0.470858 0.0885973 9.9991E-05 0.225051 0.215394
0.226324 0.0531285 9.9991E-05 0.228629 0.491819
0.499532 9.9991E-05 0.146744 0.221 0.132625
0.104778 0.152218 9.99821E-05 9.99821E-05 0.742804
0.00773592 0.118283 9.9991E-05 0.689743 0.184138
0.0275945 9.99821E-05 0.660906 9.99821E-05 0.3113
0.159609 0.602132 0.238059 9.99821E-05 9.99821E-05
0.138085 0.533945 0.176495 0.151375 9.9991E-05
9.999E-05 0.102418 0.0941933 0.123247 0.680042
0.114724 9.9991E-05 0.0730629 0.253798 0.558316
0.028275 0.397291 9.9991E-05 0.106445 0.467889
9.999E-05 0.0794109 0.273175 0.131467 0.515848
0.0820113 0.383983 9.99911E-05 0.480441 0.0534648
0.214524 0.104157 0.154518 0.251066 0.275734
0.197992 0.507719 0.0657194 0.22847 9.9991E-05
9.9982E-05 9.9982E-05 0.688345 0.224291 0.0871638
0.25407 0.221259 9.99911E-05 0.346937 0.177634
0.450624 0.549076 9.99732E-05 9.99732E-05 9.99732E-05
9.99731E-05 9.99731E-05 0.53918 0.46052 9.99731E-05
0.651829 9.9991E-05 0.0403213 0.0308265 0.276923
0.866305 9.99731E-05 0.133395 9.99731E-05 9.99731E-05
0.528617 0.163349 9.99821E-05 0.307834 9.99821E-05
0.225822 0.205745 0.172775 0.395558 9.9991E-05
9.9982E-05 0.725423 0.230721 0.0436566 9.9982E-05
9.99821E-05 9.99821E-05 0.561797 0.364739 0.0732642
9.99821E-05 9.99821E-05 0.0154212 0.656699 0.32768
0.747123 0.0783524 9.99821E-05 0.174325 9.99821E-05
0.106954 0.253491 0.42181 0.217645 9.9991E-05
9.99821E-05 0.186292 9.99821E-05 0.181572 0.631936
0.117683 0.235146 0.468433 0.0901455 0.088592
0.0267119 9.99821E-05 9.99821E-05 0.568021 0.405067
0.396005 0.298684 9.9982E-05 0.305111 9.9982E-05
0.215154 0.614159 9.99821E-05 9.99821E-05 0.170487
0.286314 0.102745 0.30951 0.30133 9.99911E-05
0.425092 9.99731E-05 0.574608 9.99731E-05 9.99731E-05
0.297583 0.197745 0.136213 0.319436 0.0490221
0.229154 0.0994181 9.99821E-05 0.671228 9.99821E-05
0.250224 0.490964 0.212299 0.0464136 9.99911E-05
0.129419 0.572026 0.00903245 9.99911E-05 0.289422
0.231015 0.328486 0.0891042 0.193848 0.157547
0.162335 0.166907 0.271444 0.399214 9.99911E-05
0.0694625 0.269579 9.9991E-05 0.497336 0.163522
9.99821E-05 0.471 9.99821E-05 0.490532 0.0382685
0.20095 0.478877 9.99821E-05 9.99821E-05 0.319973
0.00903306 0.587408 0.209855 0.0174937 0.17621
9.99911E-05 0.230606 0.00800199 0.577503 0.183788
0.0947044 0.251673 9.9982E-05 0.653423 9.9982E-05
0.29906 9.9973E-05 9.9973E-05 0.70064 9.9973E-05
0.434707 0.0486572 0.227227 9.9991E-05 0.289309
0.109411 0.119852 0.539153 0.231484 9.9991E-05
0.102373 9.99821E-05 9.99821E-05 0.730273 0.167154
0.157646 9.99821E-05 0.23798 9.99821E-05 0.604174
9.99821E-05 0.166841 0.697975 0.134984 9.99821E-05
0.595043 0.0285104 9.99821E-05 0.376247 9.99821E-05
0.0445315 9.99821E-05 0.344928 9.99821E-05 0.610341
9.9991E-05 0.512648 0.132337 0.210211 0.144705
0.381033 0.485059 0.0560031 0.0778053 9.9991E-05
0.137741 9.99821E-05 0.0766035 0.785455 9.99821E-05
0.281297 0.663348 9.99821E-05 9.99821E-05 0.0551552
9.9991E-05 0.123204 0.590617 0.252248 0.0338316
0.467899 0.210724 9.99821E-05 0.321177 9.99821E-05
0.0280515 0.240092 0.0927464 0.628936 0.0101742
9.99821E-05 0.510986 0.106571 0.382243 9.99821E-05
0.513651 0.062265 9.9991E-05 0.360346 0.0636388
9.9991E-05 0.204055 0.343168 0.283447 0.16923
9.99821E-05 0.113981 0.212669 0.67315 9.99821E-05
0.247226 0.257777 0.0553233 0.439574 9.99911E-05
9.9991E-05 0.288175 0.320853 0.0353451 0.355527
9.99911E-05 0.704957 0.207281 0.0178502 0.0698122
9.99733E-05 9.99733E-05 0.204042 9.99733E-05 0.795658
9.99821E-05 0.314504 0.0944567 0.590839 9.99821E-05
0.200826 9.99821E-05 9.99821E-05 0.308832 0.490142
9.9991E-05 0.507967 0.0187569 0.0760524 0.397124
0.162972 9.99822E-05 0.432097 0.404731 9.99822E-05
0.22237 0.360376 0.24469 0.00809948 0.164465
0.171589 9.9991E-05 0.133989 0.644417 0.0499046
9.99821E-05 9.99821E-05 0.12716 0.318723 0.553917
9.99821E-05 0.201928 9.99821E-05 0.647165 0.150707
0.410095 0.00271705 0.06349 0.523598 9.99911E-05
0.280535 0.103318 0.19944 0.416607 9.99911E-05
0.0647708 9.9991E-05 0.241732 0.532483 0.160915
0.172318 0.530203 9.99821E-05 9.99821E-05 0.297279
0.177826 0.501998 0.216351 0.103725 9.9991E-05
0.0741051 0.25946 0.379928 0.0589331 0.227574
0.66527 0.0556739 9.99821E-05 9.99821E-05 0.278856
0.105013 9.99821E-05 0.313878 0.580909 9.99821E-05
9.99821E-05 9.99821E-05 0.376448 0.421304 0.202048
0.736844 9.99733E-05 9.99733E-05 0.262856 9.99733E-05
0.381341 0.311483 9.99821E-05 9.99821E-05 0.306976
0.0251715 0.581765 0.0172861 9.99911E-05 0.375678
0.395274 0.0473397 0.328357 9.9991E-05 0.228929
9.9982E-05 0.271693 0.282606 9.9982E-05 0.445501
0.188745 0.0250358 0.15765 0.00523222 0.623337
0.339331 0.256793 0.378397 9.9991E-05 0.0253793
9.99821E-05 0.314138 0.252219 9.99821E-05 0.433443
0.534509 0.125901 9.99821E-05 0.339391 9.99821E-05
0.727221 0.0128068 0.201007 9.9991E-05 0.0588651
0.108919 9.99821E-05 0.695224 9.99821E-05 0.195657
0.878724 9.99732E-05 0.120976 9.99732E-05 9.99732E-05
0.132699 9.99732E-05 0.867002 9.99732E-05 9.99732E-05
0.572961 9.99732E-05 0.426739 9.99732E-05 9.99732E-05
0.0726602 0.129828 0.108475 0.568315 0.120722
0.299079 0.188345 0.138494 0.146447 0.227637
9.9982E-05 0.231933 9.9982E-05 0.258125 0.509741
0.0759681 9.99821E-05 0.282539 0.641293 9.99821E-05
0.0702965 9.99821E-05 0.101097 0.828407 9.99821E-05
0.164441 0.0498597 9.99821E-05 0.7855 9.99821E-05
0.249141 0.147181 0.0969115 0.235305 0.271462
0.126572 0.346137 9.9991E-05 0.436984 0.0902068
0.553151 9.99821E-05 9.99821E-05 0.378518 0.0681314
9.99732E-05 9.99732E-05 9.99732E-05 0.910855 0.0888446
0.9996 9.997E-05 9.997E-05 9.997E-05 9.997E-05
9.99821E-05 9.99821E-05 0.429119 0.121188 0.449493
0.200283 0.421583 0.0107734 0.36726 9.9991E-05
9.9991E-05 0.0753122 0.30364 0.433771 0.187177
9.99821E-05 0.139357 0.314207 0.546236 9.99821E-05
0.442885 9.9991E-05 0.0179216 0.444135 0.0949578
0.383453 9.99821E-05 0.44424 0.172107 9.99821E-05
0.580364 9.99731E-05 9.99731E-05 9.99731E-05 0.419336
0.166275 9.9982E-05 9.9982E-05 0.539514 0.294011
0.220889 0.489977 9.99821E-05 9.99821E-05 0.288934
0.359088 0.0370031 0.162819 0.367169 0.0739213
9.9982E-05 0.44973 0.274346 9.9982E-05 0.275724
9.99821E-05 0.598288 9.99821E-05 0.099628 0.301884
0.168604 9.99821E-05 0.22608 0.605116 9.99821E-05
0.548131 0.252609 9.99822E-05 0.19906 9.99822E-05
0.38949 0.288733 9.99911E-05 0.0570099 0.264667
0.0323268 0.256878 0.710595 9.99821E-05 9.99821E-05
0.212617 0.289282 9.9991E-05 0.265081 0.232921
9.9991E-05 0.0859015 0.431412 0.252268 0.230318
9.99821E-05 0.0619632 0.611414 0.326423 9.99821E-05
0.0845564 0.688039 0.227205 9.99821E-05 9.99821E-05
0.194886 0.0680124 9.99911E-05 0.722605 0.0143961
9.997E-05 9.997E-05 9.997E-05 0.9996 9.997E-05
9.997E-05 9.997E-05 9.997E-05 0.9996 9.997E-05
0.0924402 0.185089 0.378954 9.99911E-05 0.343417
0.118242 9.99821E-05 0.0346227 0.846936 9.99821E-05
0.0884289 9.99822E-05 0.566904 0.344467 9.99822E-05
0.493719 9.99821E-05 0.399378 9.99821E-05 0.106703
0.020691 0.377727 0.147722 0.143065 0.310795
0.208799 0.0461741 0.701875 0.0430519 9.99911E-05
0.661605 0.0242068 9.99821E-05 0.313988 9.99821E-05
0.166355 9.9991E-05 0.0542812 0.402012 0.377251
9.997E-05 0.9996 9.997E-05 9.997E-05 9.997E-05
0.375457 0.247982 9.99821E-05 0.376361 9.99821E-05
0.368218 0.11316 9.99821E-05 9.99821E-05 0.518422
9.99911E-05 0.24317 0.288748 0.0131875 0.454795
0.0676822 9.99911E-05 0.376405 0.240025 0.315787
9.99821E-05 0.306794 0.547752 0.145254 9.99821E-05
0.0270821 0.0801708 0.0710539 0.804891 0.0168022
0.160468 0.0306372 0.341952 0.257955 0.208988
0.625106 0.314836 9.99822E-05 9.99822E-05 0.0598576
0.0141688 0.126823 0.275264 0.422909 0.160835
0.455941 9.99821E-05 9.99821E-05 0.26065 0.283209
9.99822E-05 0.566322 0.0676923 0.365786 9.99822E-05
0.0754604 9.99731E-05 9.99731E-05 0.92424 9.99731E-05
0.332224 0.0871083 0.284952 0.295616 9.9991E-05
9.997E-05 0.9996 9.997E-05 9.997E-05 9.997E-05
9.99821E-05 0.558647 0.0860312 0.355122 9.99821E-05
0.130011 0.0481889 0.0795807 0.391613 0.350607
9.99821E-05 0.337304 0.35359 9.99821E-05 0.308906
9.99822E-05 0.543888 0.134999 9.99822E-05 0.320913
0.370924 0.198404 0.183975 0.00415353 0.242543
0.0895982 0.111654 0.147943 0.514017 0.136787
9.99733E-05 9.99733E-05 0.0297938 0.969906 9.99733E-05
0.0122561 9.99732E-05 9.99732E-05 9.99732E-05 0.987444
0.314942 0.188096 0.161498 0.0674993 0.267965
0.194216 9.99821E-05 9.99821E-05 0.715822 0.0897611
9.99731E-05 9.99731E-05 9.99731E-05 0.726958 0.272742
9.99821E-05 9.99821E-05 0.544526 0.113465 0.341809
0.539419 0.240594 0.00860305 0.211283 9.9991E-05
0.18507 9.99821E-05 0.198003 0.616727 9.99821E-05
9.99732E-05 9.99732E-05 9.99732E-05 0.475498 0.524202
0.349233 9.99911E-05 0.14726 0.178762 0.324645
0.603444 0.0638726 9.99911E-05 0.128537 0.204047
0.386272 0.330935 0.282593 9.99821E-05 9.99821E-05
9.99821E-05 0.284106 0.512159 9.99821E-05 0.203534
0.0984593 0.849272 0.0520692 9.99822E-05 9.99822E-05
0.0254081 0.768018 0.11767 0.0888033 9.9991E-05
0.148754 0.44715 0.0741307 0.30976 0.020205
0.23952 9.99821E-05 9.99821E-05 0.377898 0.382383
0.474595 9.99821E-05 0.172884 0.352321 9.99821E-05
9.99911E-05 0.323668 0.0822415 0.418129 0.175861
0.277114 9.9991E-05 0.187068 0.266129 0.269589
0.557331 9.99821E-05 0.186888 0.255582 9.99821E-05
0.56906 0.0988974 0.088166 0.00114518 0.242732
