9.99549E-05 9.99549E-05 0.0322565 0.0763682 9.99549E-05 0.0164727 9.99549E-05 0.869968 9.99549E-05 0.00443521
0.00750096 0.231574 9.9991E-05 0.240921 0.0148005 0.035638 0.190933 0.0755254 0.00932598 0.193681
0.0544626 0.32136 0.0454236 0.167627 9.9982E-05 0.0211372 0.154522 0.0801752 0.155092 9.9982E-05
0.0877304 0.0757044 0.0912277 9.9973E-05 0.107758 9.9973E-05 9.9973E-05 0.212488 0.374547 0.0502445
0.112736 0.0190105 0.0530535 0.36843 9.9973E-05 9.9973E-05 0.112209 9.9973E-05 0.311008 0.0232524
0.0428706 9.99549E-05 0.0615327 0.126573 9.99549E-05 9.99549E-05 0.0739782 9.99549E-05 0.694546 9.99549E-05
0.10831 0.0132678 0.0995091 0.133335 0.128739 0.0547397 9.9991E-05 0.249365 0.184911 0.0277226
0.0491171 9.9973E-05 9.9973E-05 0.247764 0.0143829 9.9973E-05 0.0581356 0.132449 0.239487 0.258365
0.0332312 0.00669061 0.0106499 9.9973E-05 0.119485 0.608701 9.9973E-05 0.112644 0.108299 9.9973E-05
0.101713 0.229315 0.181645 0.00416629 0.20017 0.188341 0.00278576 0.0916629 9.9982E-05 9.9982E-05
0.0760344 0.25692 0.234901 0.0355727 0.0638894 0.0928153 0.0610329 0.0424642 0.127053 0.00931675
0.0127362 9.99549E-05 9.99549E-05 0.0454324 0.0457571 0.79301 0.102564 9.99549E-05 9.99549E-05 9.99549E-05
0.122276 0.0901073 0.0729305 0.0644533 0.0997987 0.0190879 0.170112 9.9982E-05 0.361034 9.9982E-05
0.0615541 9.9991E-05 0.0791967 0.0610621 0.0702989 0.0195011 0.295512 0.302383 0.0694766 0.0409156
0.00837998 0.00841542 9.99459E-05 9.99459E-05 9.99459E-05 9.99459E-05 0.878719 9.99459E-05 9.99459E-05 0.103886
0.0957615 0.0181483 0.0295183 0.123979 0.0430154 0.0647394 9.9991E-05 0.181547 0.0551701 0.388021
9.9928E-05 9.9928E-05 0.0321081 9.9928E-05 9.9928E-05 9.9928E-05 0.967092 9.9928E-05 9.9928E-05 9.9928E-05
0.158328 9.9982E-05 0.0338863 0.0811578 0.260762 9.9982E-05 0.017361 0.286955 0.0855611 0.075789
0.0509086 0.207482 9.9973E-05 0.320375 9.9973E-05 0.0175899 0.143138 0.0546919 0.205515 9.9973E-05
0.0218263 0.201578 0.0563604 9.9973E-05 0.137771 0.0690754 9.9973E-05 0.0905574 0.422531 9.9973E-05
0.0858169 0.000852846 0.0229996 9.9991E-05 0.0232824 0.260975 0.0276141 0.116489 0.456118 0.00575209
0.0259044 9.9973E-05 0.0407885 0.31631 9.9973E-05 0.046189 0.214839 9.9973E-05 0.334175 0.021494
0.0903765 9.9973E-05 0.0133403 0.0036028 9.9973E-05 0.111774 0.146165 0.13796 0.496482 9.9973E-05
9.9964E-05 0.326574 9.9964E-05 0.226151 0.12315 9.9964E-05 9.9964E-05 0.222315 0.0163893 0.0850211
0.0245727 0.00619103 0.298358 0.233623 9.9973E-05 0.251966 0.17048 0.0145092 9.9973E-05 9.9973E-05
9.998E-05 0.128244 0.00391099 9.998E-05 0.153736 0.199659 0.125766 0.286888 0.0181711 0.0834249
0.0691347 0.115715 0.145223 9.9991E-05 0.111469 0.0669054 0.0896492 0.0764725 0.114892 0.210438
0.0287478 9.9982E-05 0.125356 0.139082 0.0523161 9.9982E-05 0.259902 0.21725 0.110376 0.0667699
9.996E-05 0.205238 0.0679111 9.996E-05 0.0790813 9.996E-05 0.448849 0.0967023 0.101818 9.996E-05
0.0287042 0.101208 9.99639E-05 9.99639E-05 0.686341 9.99639E-05 9.99639E-05 0.0486664 0.0625497 0.0721308
0.0363516 0.746217 9.9946E-05 0.0214659 9.9946E-05 9.9946E-05 0.195365 9.9946E-05 9.9946E-05 9.9946E-05
0.00751914 0.236782 0.0840247 9.9973E-05 0.0841716 0.549367 9.9973E-05 0.029394 9.9973E-05 0.00844088
0.11767 9.9964E-05 9.9964E-05 0.174954 0.0262572 9.9964E-05 0.11841 0.0396406 0.522668 9.9964E-05
0.0852713 0.23831 0.0674525 0.00453331 0.0231332 9.9982E-05 0.312033 0.0114835 0.257583 9.9982E-05
0.0995312 0.0611053 0.082867 0.0222584 9.9973E-05 0.186021 0.35317 0.194747 9.9973E-05 9.9973E-05
0.0394298 9.9928E-05 9.9928E-05 9.9928E-05 9.9928E-05 9.9928E-05 9.9928E-05 0.959771 9.9928E-05 9.9928E-05
0.0271025 0.331278 0.120238 9.9964E-05 0.0483669 9.9964E-05 9.9964E-05 0.183901 0.288713 9.9964E-05
9.9964E-05 9.9964E-05 0.0322237 0.113347 0.100809 0.144026 0.306602 0.302593 9.9964E-05 9.9964E-05
0.0635289 0.0927769 0.0649684 9.9982E-05 0.0609697 0.112362 0.0979664 9.9982E-05 0.479996 0.027231
0.148551 0.42316 0.0806028 0.117576 0.0173931 9.9973E-05 9.9973E-05 0.202763 9.9973E-05 0.00965361
0.106596 0.419149 0.016056 0.290711 9.9964E-05 9.9964E-05 0.127651 9.9964E-05 9.9964E-05 0.0394374
0.0312882 0.131741 0.141304 9.9964E-05 9.9964E-05 9.9964E-05 9.9964E-05 0.0949805 0.531318 0.0689683
0.0594227 0.0672343 0.0648006 9.9973E-05 9.9973E-05 0.127179 9.9973E-05 0.0537807 0.45216 0.175124
9.99641E-05 0.260744 9.99641E-05 0.154068 0.0776381 0.119601 9.99641E-05 0.351641 0.0359075 9.99641E-05
0.0730139 9.9973E-05 9.9973E-05 0.0829193 0.0217025 0.552165 9.9973E-05 0.0412437 0.177461 0.0511943
0.0266796 0.355328 0.105702 9.9982E-05 0.0165691 0.217485 0.0311587 0.132322 0.114556 9.9982E-05
9.999E-05 0.26501 0.0223364 0.0510492 0.00233949 0.385132 0.0196864 0.129517 0.017128 0.107702
0.00595487 9.9955E-05 9.9955E-05 0.119176 0.0880334 0.126708 9.9955E-05 9.9955E-05 0.659628 9.9955E-05
0.0561641 0.467515 9.9955E-05 0.260399 9.9955E-05 9.9955E-05 0.119836 9.9955E-05 9.9955E-05 0.0955863
9.9964E-05 0.108344 9.9964E-05 0.235021 0.145873 9.9964E-05 0.297121 0.102067 9.9964E-05 0.111175
0.108061 9.9982E-05 0.0511484 0.0910916 0.0805981 0.210815 0.102936 0.220012 9.9982E-05 0.135137
0.158143 0.281973 9.9973E-05 0.357801 0.0021742 9.9973E-05 9.9973E-05 0.062248 0.0787329 0.0586282
0.0665914 0.113301 0.0427742 9.9973E-05 0.0890221 0.0115577 9.9973E-05 9.9973E-05 0.205672 0.470781
0.0542308 9.9982E-05 0.18216 9.9982E-05 0.14458 0.0405331 0.108048 0.121861 0.261251 0.0871358
9.99201E-05 9.99201E-05 9.99201E-05 0.999101 9.99201E-05 9.99201E-05 9.99201E-05 9.99201E-05 9.99201E-05 9.99201E-05
0.0544635 0.169944 0.0310566 9.9964E-05 9.9964E-05 0.112989 0.124477 9.9964E-05 0.50667 9.9964E-05
9.9928E-05 9.9928E-05 9.9928E-05 0.95321 9.9928E-05 0.0459903 9.9928E-05 9.9928E-05 9.9928E-05 9.9928E-05
0.0481087 9.9946E-05 9.9946E-05 0.766458 0.00987783 9.9946E-05 9.9946E-05 9.9946E-05 0.174956 9.9946E-05
0.0436855 0.435264 0.0539493 9.9982E-05 0.0655055 0.207624 0.14374 0.014264 9.9982E-05 0.0357672
0.0114379 0.183443 0.141051 0.0874481 9.9982E-05 0.326123 0.0266725 0.180774 9.9982E-05 0.0428509
0.0512727 0.914079 9.9946E-05 9.9946E-05 0.0271995 0.00684942 9.9946E-05 9.9946E-05 9.9946E-05 9.9946E-05
0.169126 0.237406 0.105886 0.00235398 9.9973E-05 9.9973E-05 0.190827 9.9973E-05 0.237915 0.0561867
0.0743591 0.0603131 9.9973E-05 0.018631 9.9973E-05 0.257082 0.350458 0.060822 0.178035 9.9973E-05
0.0563602 9.9937E-05 9.9937E-05 9.9937E-05 0.914296 9.9937E-05 9.9937E-05 0.0286447 9.9937E-05 9.9937E-05
9.9973E-05 0.248202 0.119038 9.9973E-05 0.00685135 9.9973E-05 0.00430745 0.451484 0.0182053 0.151612
0.00860635 9.9946E-05 9.9946E-05 9.9946E-05 9.9946E-05 9.9946E-05 9.9946E-05 0.967891 0.00420303 0.0186998
0.0446138 0.279026 0.0464108 0.122483 9.9982E-05 0.0402392 0.0320096 0.280797 0.15422 9.9982E-05
9.9955E-05 0.0529878 9.9955E-05 0.0412146 9.9955E-05 0.00474862 0.345695 9.9955E-05 0.554854 9.9955E-05
9.9946E-05 0.292016 9.9946E-05 9.9946E-05 9.9946E-05 9.9946E-05 0.217019 0.31352 0.176846 9.9946E-05
0.149792 0.0307983 0.0119535 0.077592 0.209074 9.9982E-05 0.0439481 9.9982E-05 0.231154 0.245488
9.9946E-05 0.393334 0.117716 0.416816 0.0715343 9.9946E-05 9.9946E-05 9.9946E-05 9.9946E-05 9.9946E-05
0.0666582 0.127845 9.9964E-05 0.0823579 9.9964E-05 9.9964E-05 0.413472 0.233093 9.9964E-05 0.0761733
0.121367 0.130873 9.9991E-05 0.0882538 0.130635 0.0711967 0.317034 0.105584 0.0291238 0.00583384
9.9973E-05 0.278103 0.0736928 0.208886 0.0202794 9.9973E-05 0.341372 9.9973E-05 0.0077778 0.0695899
9.9964E-05 0.034469 0.271133 9.9964E-05 0.0948838 9.9964E-05 0.44719 0.12913 0.0227949 9.9964E-05
0.0108762 0.439903 0.0791408 0.0847463 0.0161652 0.187828 9.9973E-05 9.9973E-05 9.9973E-05 0.181041
0.140559 9.9973E-05 0.0554129 9.9973E-05 0.0740122 0.0817034 0.096591 9.9973E-05 0.54596 0.00546183
9.99201E-05 0.999101 9.99201E-05 9.99201E-05 9.99201E-05 9.99201E-05 9.99201E-05 9.99201E-05 9.99201E-05 9.99201E-05
9.99279E-05 0.973074 9.99279E-05 9.99279E-05 9.99279E-05 9.99279E-05 9.99279E-05 9.99279E-05 9.99279E-05 0.0261267
0.0932494 0.673571 0.00312112 9.9964E-05 0.145925 9.9964E-05 0.0676856 0.0160482 9.9964E-05 9.9964E-05
0.0360012 0.272313 0.0202555 0.0630307 9.9991E-05 0.130325 0.132036 0.222253 0.0578571 0.065829
0.0414834 0.274811 0.0196826 9.9982E-05 0.00537269 0.103534 0.0305659 0.131877 0.392474 9.9982E-05
9.9973E-05 0.556146 0.0455581 0.059604 0.150871 0.160535 9.9973E-05 0.0189442 9.9973E-05 0.00804197
0.0430434 0.239989 9.9964E-05 9.9964E-05 0.120314 0.309273 0.0245814 9.9964E-05 9.9964E-05 0.2624
0.0363504 0.183637 9.99641E-05 0.192997 9.99641E-05 9.99641E-05 0.123018 0.158484 0.305114 9.99641E-05
0.0173719 0.271325 0.0477976 0.197353 9.9973E-05 0.247112 9.9973E-05 0.10549 9.9973E-05 0.11325
0.0725805 9.99639E-05 9.99639E-05 9.99639E-05 0.00368071 9.99639E-05 0.0777695 0.646024 0.192481 0.00706423
9.99371E-05 0.0103826 0.0175979 9.99371E-05 9.99371E-05 0.97132 9.99371E-05 9.99371E-05 9.99371E-05 9.99371E-05
0.0630583 9.9973E-05 0.0726897 0.189923 0.0366583 9.9973E-05 0.348178 0.236784 0.0524086 9.9973E-05
0.0482199 9.9964E-05 9.9964E-05 0.0562194 9.9964E-05 0.513073 9.9964E-05 0.0638407 0.282768 0.0354798
9.99279E-05 9.99279E-05 0.0261212 9.99279E-05 0.973079 9.99279E-05 9.99279E-05 9.99279E-05 9.99279E-05 9.99279E-05
9.9955E-05 9.9955E-05 0.0647141 0.324282 9.9955E-05 0.15277 0.388969 0.068765 9.9955E-05 9.9955E-05
0.116626 0.342357 9.9937E-05 9.9937E-05 9.9937E-05 9.9937E-05 9.9937E-05 9.9937E-05 0.540317 9.9937E-05
0.0476406 0.0547568 0.00613196 0.189055 0.0404361 9.9982E-05 0.494433 0.0239477 9.9982E-05 0.143398
0.0333842 0.299867 9.9964E-05 0.0592531 9.9964E-05 9.9964E-05 0.000741338 0.176735 0.42962 9.9964E-05
0.00953178 0.00573629 0.0289957 9.9982E-05 0.0955112 0.00500978 9.9982E-05 0.0105815 0.740694 0.10374
9.9964E-05 9.9964E-05 0.0571184 0.283087 0.0587473 9.9964E-05 9.9964E-05 0.207249 0.351112 0.0422858
0.0070366 0.414358 0.123015 0.152323 9.99641E-05 0.166175 9.99641E-05 9.99641E-05 0.136692 9.99641E-05
0.0507277 9.9973E-05 0.00169251 9.9973E-05 0.41251 0.314142 9.9973E-05 0.0737052 0.137129 0.00979361
9.9964E-05 0.0888123 9.9964E-05 0.166154 0.267621 9.9964E-05 0.129407 0.0562288 0.291377 9.9964E-05
0.0398169 0.232306 0.0184438 0.0531341 0.128735 0.203512 0.109702 0.0928473 0.121403 9.999E-05
9.99201E-05 9.99201E-05 9.99201E-05 9.99201E-05 0.999101 9.99201E-05 9.99201E-05 9.99201E-05 9.99201E-05 9.99201E-05
0.0244985 0.0671455 0.115218 0.097001 9.997E-05 9.997E-05 0.474937 9.997E-05 0.141871 0.0790293
0.0320526 0.0227559 0.923188 9.99459E-05 9.99459E-05 9.99459E-05 9.99459E-05 0.0214038 9.99459E-05 9.99459E-05
0.0257537 9.9982E-05 0.0549596 9.9982E-05 0.130645 0.282586 0.187302 0.162615 0.0625475 0.0933917
9.9964E-05 0.243085 9.9964E-05 0.0572997 9.9964E-05 0.0653676 0.177383 9.9964E-05 0.289574 0.166892
9.9982E-05 0.0291879 0.00905124 0.164782 9.9982E-05 0.16814 0.236289 0.115546 0.169654 0.10715
0.0933215 0.134387 0.12755 0.155551 0.0443553 0.154604 9.999E-05 0.165724 0.0675272 0.0568809
0.0266134 0.364005 0.0286952 0.0870664 0.0810645 9.9982E-05 0.308667 9.9982E-05 0.0474498 0.0562391
0.0317859 0.255382 9.997E-05 0.284325 9.997E-05 0.0195643 0.149391 0.16281 0.096442 9.997E-05
0.0663566 9.9946E-05 0.0699376 9.9946E-05 9.9946E-05 9.9946E-05 0.162281 9.9946E-05 0.700826 9.9946E-05
0.116881 0.218479 0.0577386 0.139351 0.26452 0.131469 9.9973E-05 9.9973E-05 0.0712618 9.9973E-05
0.0365928 0.315298 0.077412 9.9991E-05 0.0299262 0.103242 0.00609287 0.019253 0.20611 0.205973
0.0818098 9.9973E-05 0.00589364 9.9973E-05 0.375401 0.0069736 0.178451 9.9973E-05 0.312614 0.0385574
9.99639E-05 0.0199742 9.99639E-05 0.140936 0.0522224 9.99639E-05 0.0735122 0.0711494 0.641806 9.99639E-05
0.0123806 9.9928E-05 9.9928E-05 9.9928E-05 0.98682 9.9928E-05 9.9928E-05 9.9928E-05 9.9928E-05 9.9928E-05
9.9973E-05 0.0500608 0.110303 9.9973E-05 9.9973E-05 0.227158 0.296664 0.0332226 0.173604 0.108687
0.0772942 0.0662221 0.0200689 0.052456 9.9973E-05 0.145685 9.9973E-05 0.584662 9.9973E-05 0.0533118
9.9955E-05 0.149292 9.9955E-05 0.0303162 0.0850626 0.12965 9.9955E-05 9.9955E-05 0.605179 9.9955E-05
0.0613856 9.9973E-05 0.0567641 9.9973E-05 0.0730978 0.583469 0.115979 0.0439783 9.9973E-05 0.0650269
0.118049 0.115268 0.0421483 9.9991E-05 0.0773487 0.0587011 0.113211 0.166318 0.208994 0.0998609
0.171838 0.000546954 9.9973E-05 0.000822043 0.324839 9.9973E-05 0.139384 0.161561 0.200709 9.9973E-05
0.09209 0.0813872 0.0896998 0.0655533 0.333354 9.9982E-05 0.106271 0.00800182 0.223442 9.9982E-05
9.9964E-05 9.9964E-05 0.0225398 0.0476206 9.9964E-05 0.426809 9.9964E-05 0.0334053 0.0854421 0.383783
0.0446414 9.9964E-05 9.9964E-05 0.448969 0.0842687 0.137274 0.127339 9.9964E-05 0.157108 9.9964E-05
9.99461E-05 0.0265303 9.99461E-05 9.99461E-05 9.99461E-05 0.182 0.441063 9.99461E-05 0.349807 9.99461E-05
0.0838487 0.160436 9.9973E-05 0.15379 9.9973E-05 0.139531 0.269138 9.9973E-05 0.170781 0.0221753
0.0520841 0.330457 0.00267334 0.362615 0.0524738 9.9973E-05 9.9973E-05 0.0940606 0.105336 9.9973E-05
0.00465957 0.112484 9.9955E-05 0.0731119 9.9955E-05 0.715621 9.9955E-05 9.9955E-05 9.9955E-05 0.0936237
0.0387642 0.0609218 9.9973E-05 0.241884 0.14461 0.073237 0.148369 0.291914 9.9973E-05 9.9973E-05
0.0173535 9.9964E-05 9.9964E-05 9.9964E-05 0.069218 0.212959 0.119436 0.568422 0.0122112 9.9964E-05
0.142279 0.147731 9.9964E-05 9.9964E-05 0.0775471 0.0261584 9.9964E-05 0.132717 0.473167 9.9964E-05
9.9964E-05 9.9964E-05 9.9964E-05 0.112014 0.382557 0.358824 0.0524958 0.0437525 0.0499563 9.9964E-05
0.0976903 0.393604 9.9964E-05 9.9964E-05 0.0568883 9.9964E-05 0.372284 9.9964E-05 0.0252212 0.0539124
9.996E-05 0.197357 0.079655 9.996E-05 0.0407856 0.156803 9.996E-05 0.198303 0.326697 9.996E-05
0.132266 0.195176 0.05318 0.374816 9.9955E-05 0.244062 9.9955E-05 9.9955E-05 9.9955E-05 9.9955E-05
9.99279E-05 9.99279E-05 9.99279E-05 9.99279E-05 9.99279E-05 0.0667636 9.99279E-05 9.99279E-05 9.99279E-05 0.932437
9.99201E-05 9.99201E-05 9.99201E-05 9.99201E-05 9.99201E-05 9.99201E-05 9.99201E-05 9.99201E-05 9.99201E-05 0.999101
0.0687044 9.9982E-05 0.0167724 0.343516 0.127126 0.217841 0.0259192 0.0373801 0.162541 9.9982E-05
0.0746626 0.400422 0.082999 0.0549581 0.0147814 0.0725653 9.9982E-05 0.115791 0.183621 9.9982E-05
0.088409 0.154204 0.0992088 9.9964E-05 9.9964E-05 0.294608 0.0147879 9.9964E-05 0.348382 9.9964E-05
0.087007 0.503149 0.0330135 9.9964E-05 9.9964E-05 0.02264 0.351258 9.9964E-05 9.9964E-05 0.0025323
9.9964E-05 0.230579 0.0502871 0.675276 0.016 9.9964E-05 0.0090502 9.9964E-05 0.0184081 9.9964E-05
0.0459113 0.0705665 0.0744991 0.502796 0.0500501 0.111566 0.0306419 0.11377 9.9982E-05 9.9982E-05
0.105892 0.00312488 0.00793187 0.165425 9.9982E-05 9.9982E-05 0.034546 0.104788 0.479901 0.098191
0.156133 9.99549E-05 9.99549E-05 9.99549E-05 0.341981 9.99549E-05 0.154464 0.0983847 0.248537 9.99549E-05
0.0385143 9.9973E-05 0.067714 0.0959749 9.9973E-05 0.138273 0.126502 0.0673177 0.465404 9.9973E-05
0.999101 9.99201E-05 9.99201E-05 9.99201E-05 9.99201E-05 9.99201E-05 9.99201E-05 9.99201E-05 9.99201E-05 9.99201E-05
0.0738383 0.0728902 0.0907923 9.9955E-05 9.9955E-05 9.9955E-05 9.9955E-05 0.596234 0.165746 9.9955E-05
0.0249893 9.9964E-05 0.235269 0.0258728 9.9964E-05 9.9964E-05 9.9964E-05 0.0113059 0.557305 0.144857
9.99549E-05 9.99549E-05 0.0345929 0.0473031 0.0451848 0.851614 9.99549E-05 9.99549E-05 9.99549E-05 0.020805
0.0604053 9.9964E-05 0.111876 0.162975 9.9964E-05 0.32196 9.9964E-05 9.9964E-05 0.309376 0.0330077
0.166754 0.122009 0.00958777 0.116709 0.159598 0.290792 9.998E-05 0.0787748 9.998E-05 0.0555748
0.0482649 0.132497 0.0690048 0.0348252 0.0712313 0.248768 0.18488 9.999E-05 0.128071 0.0823581
0.0483289 9.99639E-05 9.99639E-05 0.121065 0.0648248 0.529031 0.155551 9.99639E-05 0.0808004 9.99639E-05
0.0626226 9.9982E-05 0.0424453 9.9982E-05 0.132674 0.0727872 0.102034 0.105041 0.210627 0.271569
0.0672259 0.133344 9.99729E-05 0.318178 9.99729E-05 0.128296 0.00212422 0.157663 0.192869 9.99729E-05
0.0670187 9.9982E-05 0.0123509 0.061249 0.136122 0.182557 0.0196604 9.9982E-05 0.441821 0.0790218
9.99461E-05 9.99461E-05 9.99461E-05 9.99461E-05 0.138524 9.99461E-05 9.99461E-05 0.691289 0.125042 0.0445448
0.0607093 0.130096 9.9982E-05 0.0892852 0.133398 0.0860259 0.207459 0.0493622 0.243464 9.9982E-05
0.0722813 9.9973E-05 0.0446159 9.9973E-05 9.9973E-05 0.37341 0.169389 0.162963 0.171327 0.00571432
0.999101 9.99201E-05 9.99201E-05 9.99201E-05 9.99201E-05 9.99201E-05 9.99201E-05 9.99201E-05 9.99201E-05 9.99201E-05
0.389034 9.99729E-05 0.000309849 9.99729E-05 9.99729E-05 0.111811 0.17899 0.183491 0.13505 0.00101494
9.9955E-05 9.9955E-05 0.0505292 0.0433676 0.000579153 9.9955E-05 9.9955E-05 9.9955E-05 0.617667 0.287357
0.11526 0.191526 9.9991E-05 0.289892 0.00259211 0.128073 0.0322584 0.105801 0.105464 0.0290335
0.101797 9.9964E-05 0.0859708 9.9964E-05 0.0491754 0.0203335 9.9964E-05 0.737896 9.9964E-05 0.00442707
0.0186565 0.173607 0.00921336 0.141207 9.9982E-05 0.199256 0.235455 0.208712 9.9982E-05 0.013693
0.0765992 0.0756289 0.0592925 0.257659 9.9964E-05 9.9964E-05 0.0639521 9.9964E-05 0.466469 9.9964E-05
0.00592224 9.99279E-05 9.99279E-05 9.99279E-05 9.99279E-05 9.99279E-05 9.99279E-05 9.99279E-05 9.99279E-05 0.993278
0.0330454 0.0129513 9.9964E-05 9.9964E-05 0.0462985 0.303308 0.373421 0.230576 9.9964E-05 9.9964E-05
9.9964E-05 0.69745 9.9964E-05 0.152583 0.0538037 9.9964E-05 0.0532908 0.00895277 9.9964E-05 0.0335199
0.0357043 0.0236328 0.107312 0.3767 9.9982E-05 0.0973325 0.175341 9.9982E-05 0.111454 0.0723231
0.10564 0.260624 9.996E-05 9.996E-05 0.135975 9.996E-05 9.996E-05 0.188463 0.295134 0.0137631
9.9955E-05 0.306835 0.0377407 0.300442 9.9955E-05 9.9955E-05 9.9955E-05 0.07372 9.9955E-05 0.280762
0.07034 0.307666 9.997E-05 0.0343091 9.997E-05 9.997E-05 0.100572 0.279687 0.180268 0.0268574
9.997E-05 0.147573 0.0873065 0.218101 0.00793351 0.0600303 0.108112 9.997E-05 0.370644 9.997E-05
0.0942252 0.0974203 9.9964E-05 9.9964E-05 9.9964E-05 0.30722 0.0842667 9.9964E-05 0.410001 0.00646615
9.9973E-05 9.9973E-05 0.10482 9.9973E-05 0.132302 0.314105 0.144579 0.0285692 0.112057 0.163268
9.99201E-05 9.99201E-05 0.999101 9.99201E-05 9.99201E-05 9.99201E-05 9.99201E-05 9.99201E-05 9.99201E-05 9.99201E-05
9.9991E-05 0.0188723 0.0483478 0.490339 0.146897 0.0882793 0.0451831 0.0263392 0.100405 0.0352366
9.99201E-05 9.99201E-05 9.99201E-05 9.99201E-05 9.99201E-05 9.99201E-05 0.999101 9.99201E-05 9.99201E-05 9.99201E-05
0.104486 0.114114 9.9982E-05 0.0714233 0.0602654 0.0895387 0.331689 0.175749 9.9982E-05 0.0525344
0.0557564 0.100359 0.0625231 0.267103 9.9964E-05 9.9964E-05 9.9964E-05 0.333651 9.9964E-05 0.180208
9.99639E-05 9.99639E-05 9.99639E-05 0.0381467 0.197988 0.188189 9.99639E-05 0.156035 0.410108 0.00913392
0.0317103 0.14922 9.9964E-05 9.9964E-05 9.9964E-05 0.341528 9.9964E-05 0.248907 0.043845 0.184389
9.99201E-05 9.99201E-05 0.999101 9.99201E-05 9.99201E-05 9.99201E-05 9.99201E-05 9.99201E-05 9.99201E-05 9.99201E-05
0.0797122 9.9964E-05 9.9964E-05 0.111689 0.0872597 0.0725122 9.9964E-05 0.0809278 0.567499 9.9964E-05
0.0898583 0.290483 0.1572 0.148051 9.9973E-05 9.9973E-05 0.0585262 0.197783 9.9973E-05 0.0577992
0.0940535 0.0402057 9.99639E-05 0.0698876 9.99639E-05 9.99639E-05 9.99639E-05 0.0282688 0.667136 0.100048
9.9973E-05 9.9973E-05 9.9973E-05 0.189576 0.0692552 0.223941 0.246042 0.0988459 0.0860625 0.0859776
