9.99552E-05 0.139333 9.99552E-05 9.99552E-05 0.493271 0.223857 0.14304 9.99552E-05 9.99552E-05
0.112579 0.105905 9.9973E-05 9.9973E-05 0.216794 0.0320638 0.433065 0.0992938 9.9973E-05
0.187354 0.0772412 9.99731E-05 9.99731E-05 0.053974 0.0176753 0.568095 9.99731E-05 0.0953605
0.0429354 9.99641E-05 0.112015 0.0151978 0.522098 9.99641E-05 0.307354 9.99641E-05 9.99641E-05
9.99551E-05 0.140481 9.99551E-05 9.99551E-05 0.379866 9.99551E-05 0.246307 0.232847 9.99551E-05
9.99551E-05 9.99551E-05 0.188964 9.99551E-05 0.13185 9.99551E-05 0.528061 9.99551E-05 0.150626
0.119142 0.125052 9.99641E-05 9.99641E-05 0.00780784 9.99641E-05 0.248127 0.499471 9.99641E-05
9.99552E-05 0.0276463 9.99552E-05 0.389249 9.99552E-05 9.99552E-05 0.575994 9.99552E-05 0.00661098
0.074903 9.99552E-05 0.827406 0.0902508 9.99552E-05 9.99552E-05 9.99552E-05 0.0069402 9.99552E-05
9.99642E-05 0.0881584 0.0127175 9.99642E-05 9.99642E-05 0.83186 0.0133046 9.99642E-05 0.0535592
0.0472753 0.156502 9.9973E-05 0.0818492 0.278453 0.317898 9.9973E-05 9.9973E-05 0.117723
9.99552E-05 0.142013 0.326465 0.502121 9.99552E-05 9.99552E-05 0.0289008 9.99552E-05 9.99552E-05
9.99552E-05 9.99552E-05 0.093657 0.545655 0.277473 9.99552E-05 0.0827156 9.99552E-05 9.99552E-05
9.99641E-05 0.165079 0.1795 9.99641E-05 0.16629 9.99641E-05 0.335185 0.153547 9.99641E-05
9.99553E-05 9.99553E-05 0.554828 0.188885 9.99553E-05 9.99553E-05 0.111755 0.144032 9.99553E-05
0.147725 0.224064 9.99642E-05 0.0263629 0.18507 9.99642E-05 0.416379 9.99642E-05 9.99642E-05
0.032936 0.0363113 0.144535 0.07715 9.9991E-05 0.0591697 0.294325 0.250175 0.105297
0.169592 0.302724 0.239169 9.9964E-05 9.9964E-05 9.9964E-05 0.187068 9.9964E-05 0.101047
9.99641E-05 9.99641E-05 0.254097 0.33 0.0767608 0.0592257 0.279516 9.99641E-05 9.99641E-05
0.00205879 0.145637 9.99462E-05 9.99462E-05 9.99462E-05 9.99462E-05 0.851705 9.99462E-05 9.99462E-05
0.134405 0.325271 0.0231659 9.99642E-05 9.99642E-05 0.364934 9.99642E-05 9.99642E-05 0.151825
9.9946E-05 9.9946E-05 9.9946E-05 0.567107 9.9946E-05 0.295105 9.9946E-05 0.137188 9.9946E-05
0.134765 9.99552E-05 0.459591 9.99552E-05 0.184594 9.99552E-05 0.22055 9.99552E-05 9.99552E-05
0.32794 0.0594831 9.99553E-05 9.99553E-05 0.544534 9.99553E-05 9.99553E-05 0.0675427 9.99553E-05
0.245062 0.0879568 9.99731E-05 9.99731E-05 0.209463 0.257974 0.144808 9.99731E-05 0.054437
0.0699058 0.0558024 0.2238 9.9964E-05 0.459699 0.190392 9.9964E-05 9.9964E-05 9.9964E-05
9.99551E-05 0.321716 9.99551E-05 0.178791 0.25144 0.247553 9.99551E-05 9.99551E-05 9.99551E-05
9.99552E-05 9.99552E-05 9.99552E-05 9.99552E-05 0.0698746 0.0181864 0.472353 0.439086 9.99552E-05
9.99641E-05 9.99641E-05 9.99641E-05 0.160616 0.214699 9.99641E-05 0.412462 0.00704156 0.204782
0.811756 9.99551E-05 0.0545167 9.99551E-05 0.0699477 9.99551E-05 9.99551E-05 9.99551E-05 0.0632802
9.99641E-05 0.0855759 0.0518813 9.99641E-05 0.449735 9.99641E-05 9.99641E-05 0.386771 0.0256369
0.101108 0.0710361 9.99553E-05 0.155882 9.99553E-05 9.99553E-05 0.671474 9.99553E-05 9.99553E-05
9.99553E-05 9.99553E-05 0.0582795 9.99553E-05 9.99553E-05 0.927635 0.00954923 0.00403674 9.99553E-05
0.0249085 9.99731E-05 9.99731E-05 0.239532 0.223644 9.99731E-05 0.334806 0.141758 0.035051
9.99461E-05 0.200637 9.99461E-05 9.99461E-05 0.525502 9.99461E-05 0.273262 9.99461E-05 9.99461E-05
9.99642E-05 0.220589 0.0026525 9.99642E-05 0.0833088 0.209931 0.483119 9.99642E-05 9.99642E-05
0.00934772 0.129052 9.99821E-05 0.000735606 0.00167276 0.110755 0.310712 0.437526 9.99821E-05
0.00337459 9.99552E-05 9.99552E-05 9.99552E-05 9.99552E-05 0.916519 0.0487601 9.99552E-05 0.0308465
9.999E-05 0.134624 0.069126 0.0688456 0.102434 0.137693 0.329079 0.0908221 0.0672775
9.99641E-05 0.0258494 9.99641E-05 0.0214678 0.353466 9.99641E-05 0.435845 9.99641E-05 0.162972
0.355772 0.00596582 0.251679 0.0210035 9.99731E-05 0.0586354 9.99731E-05 0.306645 9.99731E-05
0.326125 0.232335 0.202495 0.0766898 9.99731E-05 9.99731E-05 9.99731E-05 0.0580311 0.104025
0.0515018 0.10442 9.9973E-05 0.044858 0.070237 0.369107 0.359576 9.9973E-05 9.9973E-05
9.99642E-05 0.0178339 0.235175 9.99642E-05 0.432831 0.097882 0.215879 9.99642E-05 9.99642E-05
0.0770088 0.133697 9.99731E-05 0.305023 9.99731E-05 0.0469313 0.414138 9.99731E-05 0.0229016
0.0788007 0.172074 0.208529 9.99642E-05 9.99642E-05 9.99642E-05 0.531092 9.99642E-05 0.00910368
0.153936 0.0826574 0.299722 9.99641E-05 9.99641E-05 0.00319454 0.46009 9.99641E-05 9.99641E-05
9.99551E-05 0.172374 0.410544 9.99551E-05 9.99551E-05 0.153322 0.26326 9.99551E-05 9.99551E-05
0.00625112 0.0536894 0.328624 0.371145 0.112176 9.99732E-05 0.127814 9.99732E-05 9.99732E-05
9.9946E-05 0.0955939 9.9946E-05 9.9946E-05 0.598868 9.9946E-05 0.304939 9.9946E-05 9.9946E-05
0.0331433 9.99551E-05 0.0991923 9.99551E-05 0.699782 9.99551E-05 0.167382 9.99551E-05 9.99551E-05
9.99641E-05 0.0409194 0.171667 9.99641E-05 9.99641E-05 9.99641E-05 0.366074 0.0547786 0.366161
0.12059 9.9955E-05 0.455122 9.9955E-05 0.141428 0.28236 9.9955E-05 9.9955E-05 9.9955E-05
0.030318 9.99642E-05 9.99642E-05 0.18878 0.19443 9.99642E-05 0.306644 9.99642E-05 0.279428
9.99731E-05 0.0510673 0.0183188 0.0438937 9.99731E-05 9.99731E-05 0.226101 0.494517 0.165802
9.99552E-05 0.101881 9.99552E-05 0.135408 9.99552E-05 0.100676 9.99552E-05 0.661536 9.99552E-05
0.261961 9.9973E-05 9.9973E-05 0.0284516 0.362377 0.0361465 9.9973E-05 0.234218 0.0765457
9.99552E-05 9.99552E-05 0.0852886 0.10377 9.99552E-05 9.99552E-05 0.0590428 0.751399 9.99552E-05
9.999E-05 0.210665 0.159012 0.111278 0.139473 0.111741 0.0860015 0.14712 0.0346082
9.9955E-05 0.185919 9.9955E-05 9.9955E-05 0.278384 0.418739 0.116457 9.9955E-05 9.9955E-05
9.99463E-05 9.99463E-05 0.0707675 9.99463E-05 0.906088 9.99463E-05 9.99463E-05 9.99463E-05 0.0225447
0.0378637 0.409098 0.357962 9.99731E-05 0.0363287 0.0930495 0.0653975 9.99731E-05 9.99731E-05
9.9964E-05 9.9964E-05 0.171804 0.405043 0.0963778 0.108347 9.9964E-05 0.218029 9.9964E-05
0.523536 0.109748 9.99552E-05 9.99552E-05 0.250792 9.99552E-05 9.99552E-05 9.99552E-05 0.115424
0.0816859 9.99731E-05 9.99731E-05 0.239979 0.113012 0.107948 0.296329 0.160746 9.99731E-05
0.122973 9.99731E-05 0.34374 0.318802 0.131152 0.00549758 0.0775351 9.99731E-05 9.99731E-05
9.9955E-05 0.133513 0.198554 9.9955E-05 0.48434 9.9955E-05 0.183094 9.9955E-05 9.9955E-05
9.99731E-05 0.188275 0.298511 0.167513 0.220566 0.0145157 0.110319 9.99731E-05 9.99731E-05
9.9973E-05 0.0443264 0.0907071 0.432652 0.313972 0.0556831 9.9973E-05 9.9973E-05 0.0623594
9.99552E-05 9.99552E-05 9.99552E-05 0.173495 0.401408 0.358944 9.99552E-05 9.99552E-05 0.0656531
0.0225746 0.116657 0.325872 0.0158768 9.9982E-05 9.9982E-05 0.410459 0.0495202 0.0588403
0.227415 0.224381 0.0195053 0.528198 9.99551E-05 9.99551E-05 9.99551E-05 9.99551E-05 9.99551E-05
9.99463E-05 0.176399 9.99463E-05 9.99463E-05 9.99463E-05 9.99463E-05 0.598058 0.224943 9.99463E-05
9.99642E-05 0.13404 9.99642E-05 0.437506 0.0418191 9.99642E-05 0.351813 0.0344208 9.99642E-05
0.0977963 9.99643E-05 9.99643E-05 0.126011 0.22604 9.99643E-05 0.420591 0.129161 9.99643E-05
9.99731E-05 0.155684 0.312321 0.280256 0.00976418 9.99731E-05 0.189219 0.0524549 9.99731E-05
0.15434 9.99464E-05 0.660908 0.184152 9.99464E-05 9.99464E-05 9.99464E-05 9.99464E-05 9.99464E-05
0.0783262 0.212309 0.0306022 0.0522864 0.310761 9.9982E-05 9.9982E-05 0.0766596 0.238856
9.99551E-05 9.99551E-05 0.0585695 0.116864 0.748091 9.99551E-05 9.99551E-05 9.99551E-05 0.0759763
9.99731E-05 0.00952881 9.99731E-05 0.070714 0.207357 9.99731E-05 0.486188 0.131394 0.0945181
9.99463E-05 0.199909 9.99463E-05 9.99463E-05 0.123468 9.99463E-05 0.676023 9.99463E-05 9.99463E-05
0.0133681 0.0373997 0.0750235 0.056568 0.111315 0.354731 0.277535 9.99911E-05 0.0739599
9.99642E-05 9.99642E-05 0.0901856 9.99642E-05 0.0442331 0.492078 0.232499 0.140604 9.99642E-05
0.301225 9.9964E-05 0.152908 0.321079 9.9964E-05 9.9964E-05 0.149667 9.9964E-05 0.0747211
0.175253 0.099094 0.279252 9.99551E-05 9.99551E-05 9.99551E-05 0.445901 9.99551E-05 9.99551E-05
9.9964E-05 0.237381 0.132447 9.9964E-05 0.153123 0.203555 0.273095 9.9964E-05 9.9964E-05
9.99553E-05 0.169501 9.99553E-05 9.99553E-05 9.99553E-05 0.580959 0.128898 0.120142 9.99553E-05
0.371111 9.99731E-05 0.0285748 0.237388 0.323791 9.99731E-05 0.0256822 0.0131526 9.99731E-05
9.99732E-05 9.99732E-05 0.168922 0.000615094 0.147164 0.611784 0.0333946 9.99732E-05 0.0378205
9.996E-05 9.996E-05 0.0488888 0.303125 9.996E-05 0.460017 0.169273 9.996E-05 0.0182958
0.752073 9.99553E-05 0.00345109 9.99553E-05 0.0621729 9.99553E-05 0.181803 9.99553E-05 9.99553E-05
0.20195 0.327722 9.99732E-05 9.99732E-05 0.200066 0.012494 0.158079 0.0993884 9.99732E-05
0.0814996 0.223808 0.343809 0.11559 9.99642E-05 0.234893 9.99642E-05 9.99642E-05 9.99642E-05
9.99551E-05 9.99551E-05 0.403241 9.99551E-05 9.99551E-05 0.177567 0.1942 9.99551E-05 0.224492
0.0187434 0.177003 0.227208 0.310351 0.0471632 0.214945 9.9982E-05 9.9982E-05 0.00438686
9.99461E-05 9.99461E-05 0.492706 9.99461E-05 9.99461E-05 9.99461E-05 0.463174 9.99461E-05 0.0435203
9.99551E-05 9.99551E-05 0.160033 9.99551E-05 0.181196 0.457477 9.99551E-05 0.200794 9.99551E-05
0.015616 9.99461E-05 0.882189 9.99461E-05 9.99461E-05 9.99461E-05 0.101595 9.99461E-05 9.99461E-05
0.200185 0.019197 9.99731E-05 0.00927456 0.375176 0.165955 0.229913 9.99731E-05 9.99731E-05
0.352992 0.106884 9.9973E-05 0.0594187 9.9973E-05 0.314953 0.116748 0.0487043 9.9973E-05
9.99552E-05 9.99552E-05 0.0288995 9.99552E-05 0.0233308 0.221638 9.99552E-05 0.725632 9.99552E-05
0.664783 0.0628659 9.99552E-05 9.99552E-05 0.0799546 0.191896 9.99552E-05 9.99552E-05 9.99552E-05
9.99374E-05 9.99374E-05 9.99374E-05 9.99374E-05 9.99374E-05 0.981637 9.99374E-05 0.0176639 9.99374E-05
9.99372E-05 9.99372E-05 9.99372E-05 9.99372E-05 9.99372E-05 0.270265 9.99372E-05 9.99372E-05 0.729035
9.99551E-05 0.00176092 9.99551E-05 0.201341 9.99551E-05 0.0234423 0.772956 9.99551E-05 9.99551E-05
0.0200932 9.99731E-05 0.197804 0.495042 9.99731E-05 0.0547583 0.205407 0.0265955 9.99731E-05
9.99641E-05 9.99641E-05 0.0387334 0.237608 9.99641E-05 9.99641E-05 0.541913 0.141878 0.0394669
9.99552E-05 9.99552E-05 9.99552E-05 9.99552E-05 0.0725402 0.145136 0.490387 0.291437 9.99552E-05
9.99552E-05 9.99552E-05 9.99552E-05 0.480967 0.443838 9.99552E-05 9.99552E-05 0.0567308 0.0179641
9.99642E-05 0.0160788 9.99642E-05 0.119206 0.00172509 0.466813 9.99642E-05 9.99642E-05 0.395778
0.302718 0.0386607 0.090931 0.0637591 9.99821E-05 0.174532 0.0522381 0.27696 9.99821E-05
0.021528 0.131736 0.0903551 0.068251 0.383433 9.99731E-05 0.304398 9.99731E-05 9.99731E-05
0.51024 9.99463E-05 9.99463E-05 9.99463E-05 0.419 9.99463E-05 9.99463E-05 0.0701601 9.99463E-05
9.99643E-05 9.99643E-05 9.99643E-05 0.303411 0.030956 0.0329061 0.576415 9.99643E-05 0.0559124
0.999201 9.993E-05 9.993E-05 9.993E-05 9.993E-05 9.993E-05 9.993E-05 9.993E-05 9.993E-05
9.99552E-05 9.99552E-05 0.380089 0.204363 9.99552E-05 9.99552E-05 9.99552E-05 0.142334 0.272714
9.99641E-05 0.0506539 0.176443 0.191903 0.418332 9.99641E-05 0.162269 9.99641E-05 9.99641E-05
0.0460056 9.99551E-05 9.99551E-05 0.605425 9.99551E-05 0.209613 0.138456 9.99551E-05 9.99551E-05
0.0444305 0.0410037 9.9973E-05 0.399876 9.9973E-05 0.22768 0.213476 9.9973E-05 0.0732345
0.0702344 0.0409388 9.99552E-05 9.99552E-05 9.99552E-05 9.99552E-05 0.88511 0.00321751 9.99552E-05
0.246666 0.0232026 0.0876277 0.200516 0.230801 0.210886 9.9973E-05 9.9973E-05 9.9973E-05
0.211791 9.99642E-05 0.0949227 9.99642E-05 0.00782118 9.99642E-05 0.576464 0.108601 9.99642E-05
9.99463E-05 9.99463E-05 9.99463E-05 9.99463E-05 0.0458569 9.99463E-05 0.8327 9.99463E-05 0.120844
0.0199363 0.134402 9.99642E-05 0.262502 9.99642E-05 9.99642E-05 0.447696 9.99642E-05 0.135064
0.200688 9.99642E-05 0.373015 9.99642E-05 0.129697 9.99642E-05 0.273115 9.99642E-05 0.0230853
9.99641E-05 0.0593402 0.0790236 0.351586 9.99641E-05 0.346504 0.163147 9.99641E-05 9.99641E-05
0.341661 0.161812 0.215277 9.99642E-05 9.99642E-05 0.116821 0.164029 9.99642E-05 9.99642E-05
9.99641E-05 0.0161082 0.275652 0.0272965 0.435767 0.244777 9.99641E-05 9.99641E-05 9.99641E-05
0.139132 0.0197874 9.99642E-05 9.99642E-05 0.293651 9.99642E-05 0.196755 9.99642E-05 0.350275
9.99642E-05 0.101375 0.0841853 0.0448568 9.99642E-05 0.354455 0.414728 9.99642E-05 9.99642E-05
9.993E-05 9.993E-05 0.999201 9.993E-05 9.993E-05 9.993E-05 9.993E-05 9.993E-05 9.993E-05
9.9982E-05 0.153165 9.9982E-05 0.0616549 0.16457 0.169652 0.35379 0.0827867 0.0141809
9.99731E-05 0.0242388 0.481386 0.187885 0.0554976 0.127995 0.122697 9.99731E-05 9.99731E-05
9.99731E-05 0.0646774 0.0255803 0.135371 9.99731E-05 0.495758 0.037586 9.99731E-05 0.240727
9.99731E-05 0.186545 9.99731E-05 0.128202 0.0338012 0.466331 0.00559479 9.99731E-05 0.179226
9.99554E-05 9.99554E-05 9.99554E-05 9.99554E-05 0.0566811 0.241256 0.672368 9.99554E-05 0.0291957
9.99552E-05 9.99552E-05 9.99552E-05 9.99552E-05 0.496994 0.198537 0.242863 0.0611056 9.99552E-05
0.0634735 9.99554E-05 9.99554E-05 9.99554E-05 0.309172 9.99554E-05 0.570695 9.99554E-05 0.0561597
0.0837363 0.100999 0.353432 0.23742 0.054516 9.99821E-05 9.99821E-05 0.0182618 0.151435
9.99552E-05 9.99552E-05 0.146114 0.0408593 0.209286 9.99552E-05 0.60324 9.99552E-05 9.99552E-05
9.99643E-05 9.99643E-05 0.124303 9.99643E-05 0.669302 0.0246583 9.99643E-05 0.151311 0.0300263
9.99463E-05 0.128518 9.99463E-05 9.99463E-05 0.0597957 0.811087 9.99463E-05 9.99463E-05 9.99463E-05
9.99731E-05 0.0310269 0.285566 9.99731E-05 0.252151 0.325621 0.0107503 0.0945846 9.99731E-05
0.106813 9.99732E-05 0.169056 0.203232 0.0293979 0.384745 9.99732E-05 9.99732E-05 0.106457
0.295048 0.139708 9.99731E-05 0.132797 9.99731E-05 0.0758459 0.304097 9.99731E-05 0.0522037
0.0690243 9.9982E-05 0.016034 0.393093 0.114284 9.9982E-05 0.301023 0.0946929 0.011648
9.993E-05 0.999201 9.993E-05 9.993E-05 9.993E-05 9.993E-05 9.993E-05 9.993E-05 9.993E-05
9.99553E-05 9.99553E-05 9.99553E-05 9.99553E-05 0.284217 0.0345138 0.657882 9.99553E-05 0.022887
0.0925254 0.202325 9.9982E-05 0.0540683 0.0953211 9.9982E-05 0.232631 0.194032 0.128897
9.99641E-05 0.187672 0.191464 9.99641E-05 0.394947 9.99641E-05 9.99641E-05 0.179592 0.0459253
9.99553E-05 0.058055 9.99553E-05 0.806148 9.99553E-05 0.01214 9.99553E-05 9.99553E-05 0.123157
9.99731E-05 0.118916 0.322922 0.290656 0.135402 0.105524 0.0262802 9.99731E-05 9.99731E-05
9.99641E-05 9.99641E-05 9.99641E-05 0.145009 0.375214 0.0278742 0.156886 0.294617 9.99641E-05
0.120443 0.0372843 9.99821E-05 0.11694 0.206759 0.14804 0.297294 0.073039 9.99821E-05
0.448348 0.254989 9.99642E-05 9.99642E-05 0.0698897 9.99642E-05 0.0593966 0.166977 9.99642E-05
9.99642E-05 9.99642E-05 0.300186 9.99642E-05 0.0381627 9.99642E-05 0.379824 0.171204 0.110224
0.0130097 9.99642E-05 9.99642E-05 9.99642E-05 0.043962 0.0203521 0.660718 9.99642E-05 0.261559
9.99554E-05 0.132587 9.99554E-05 9.99554E-05 0.702996 0.0542787 9.99554E-05 9.99554E-05 0.109639
9.99732E-05 0.0157872 0.0740128 0.0404998 0.44535 9.99732E-05 0.381225 0.0428251 9.99732E-05
0.140377 9.99731E-05 0.0727777 0.236518 0.115475 0.418309 9.99731E-05 0.0162434 9.99731E-05
9.993E-05 0.999201 9.993E-05 9.993E-05 9.993E-05 9.993E-05 9.993E-05 9.993E-05 9.993E-05
9.99731E-05 0.291204 0.135262 0.351101 0.0134391 0.109958 0.0987362 9.99731E-05 9.99731E-05
9.99372E-05 9.99372E-05 9.99372E-05 0.385343 9.99372E-05 9.99372E-05 0.613957 9.99372E-05 9.99372E-05
9.99641E-05 0.0738848 0.57803 9.99641E-05 9.99641E-05 0.00804477 9.99641E-05 0.304613 0.0350282
9.99553E-05 0.329685 0.109992 0.556442 9.99553E-05 9.99553E-05 9.99553E-05 9.99553E-05 0.00338204
0.106857 0.108913 0.0513447 0.198012 9.9973E-05 0.157836 0.376738 9.9973E-05 9.9973E-05
0.0837665 9.99641E-05 9.99641E-05 9.99641E-05 0.320835 9.99641E-05 0.414677 0.166227 0.014095
9.99642E-05 9.99642E-05 9.99642E-05 0.460198 0.00840526 9.99642E-05 0.242932 0.058818 0.229246
9.99463E-05 9.99463E-05 0.104512 9.99463E-05 9.99463E-05 9.99463E-05 0.221947 0.672941 9.99463E-05
0.00558119 0.02486 0.196688 0.0508589 0.0987468 0.158292 0.457455 0.00741717 9.9991E-05
9.99464E-05 9.99464E-05 0.121422 0.161245 0.716734 9.99464E-05 9.99464E-05 9.99464E-05 9.99464E-05
9.99821E-05 0.0438452 9.99821E-05 0.0842859 0.0286832 0.116753 0.685112 0.0170658 0.0240555
9.99552E-05 9.99552E-05 0.457577 9.99552E-05 9.99552E-05 9.99552E-05 0.338547 0.0771486 0.126228
0.18185 0.0477594 0.0429469 9.997E-05 0.322828 0.0428233 0.361493 9.997E-05 9.997E-05
9.99642E-05 9.99642E-05 0.0768149 0.0638835 0.500729 0.183224 0.17495 9.99642E-05 9.99642E-05
9.99463E-05 9.99463E-05 9.99463E-05 0.398832 9.99463E-05 9.99463E-05 0.444404 0.156164 9.99463E-05
0.0398057 0.0692943 0.0927933 0.310857 9.99732E-05 0.326259 0.160691 9.99732E-05 9.99732E-05
9.99372E-05 9.99372E-05 9.99372E-05 9.99372E-05 0.0388169 9.99372E-05 9.99372E-05 9.99372E-05 0.960484
0.0135971 0.107975 9.99821E-05 0.00171037 0.336378 0.340953 0.115802 9.99821E-05 0.0833844
9.99731E-05 9.99731E-05 0.294365 0.112213 0.0263191 0.29783 0.0608885 0.208085 9.99731E-05
9.99821E-05 0.420899 0.122964 0.0936449 9.99821E-05 0.0751035 0.169819 0.0781003 0.0392689
9.99641E-05 0.217128 0.0598307 0.249321 9.99641E-05 0.216778 9.99641E-05 9.99641E-05 0.256542
0.00116454 0.0238222 0.331795 0.128904 0.455764 0.0582509 9.9973E-05 9.9973E-05 9.9973E-05
9.99464E-05 9.99464E-05 9.99464E-05 0.371663 0.483118 9.99464E-05 0.144619 9.99464E-05 9.99464E-05
9.993E-05 9.993E-05 9.993E-05 9.993E-05 9.993E-05 9.993E-05 9.993E-05 9.993E-05 0.999201
9.99732E-05 0.188825 0.324279 0.16674 0.0179341 0.000683671 0.301239 9.99732E-05 9.99732E-05
9.99731E-05 0.0321112 0.246553 0.0549772 0.184105 9.99731E-05 0.447116 9.99731E-05 0.0348377
0.0248487 9.99731E-05 9.99731E-05 9.99731E-05 0.571151 0.0238932 0.0981721 0.263941 0.0176946
0.0260693 0.0473244 0.085241 9.9982E-05 9.9982E-05 0.215454 0.501875 0.0269865 0.0968496
