0.891084 9.9991E-05 0.108816
0.342991 0.117651 0.539358
0.385259 0.239248 0.375493
0.479485 0.265146 0.255369
0.299767 0.320312 0.379921
0.254762 0.147805 0.597433
0.611344 0.283071 0.105584
0.449468 0.147523 0.403009
0.464422 0.121651 0.413927
0.291164 0.326449 0.382387
0.0925187 0.119991 0.78749
0.286368 0.288618 0.425014
0.428842 0.276162 0.294997
0.444311 0.154099 0.40159
0.0334077 0.33798 0.628613
0.237096 0.280765 0.482139
0.0714237 0.427341 0.501235
0.372828 0.422614 0.204558
0.505906 0.200496 0.293598
0.390413 0.287969 0.321619
0.540759 0.157565 0.301675
0.409716 0.0441989 0.546085
0.425265 0.251053 0.323682
0.471537 0.325819 0.202644
9.9991E-05 0.184656 0.815244
0.626262 0.191398 0.182341
0.288127 0.231103 0.48077
0.466444 0.230969 0.302587
0.306112 0.255523 0.438365
0.164197 0.635695 0.200108
9.9991E-05 0.148874 0.851026
0.347046 0.160057 0.492896
0.480131 0.306864 0.213005
0.273277 0.158275 0.568448
0.376959 0.135188 0.487853
0.9998 9.999E-05 9.999E-05
0.520616 0.00671258 0.472672
0.404865 0.211264 0.38387
0.250495 0.240313 0.509191
0.412542 0.0951586 0.4923
0.350057 0.0417925 0.60815
0.527917 0.154372 0.317711
0.558867 0.0563526 0.384781
0.634449 9.9991E-05 0.365451
0.365545 0.267614 0.36684
0.337103 0.0998413 0.563056
0.232914 0.324582 0.442504
0.371989 0.109347 0.518664
0.227528 0.187165 0.585307
0.304885 0.252474 0.442642
0.328718 0.264167 0.407114
0.384356 0.274549 0.341096
0.47971 0.0748373 0.445453
0.170101 0.281855 0.548044
0.167411 0.206282 0.626307
0.594448 0.126055 0.279497
0.12807 0.15477 0.717159
0.314206 0.165564 0.52023
0.173787 0.17503 0.651184
0.272955 0.102514 0.624531
0.446825 0.0999086 0.453266
0.30226 0.290095 0.407645
0.41803 0.262408 0.319561
9.999E-05 0.9998 9.999E-05
0.585147 0.0302457 0.384607
0.9998 9.999E-05 9.999E-05
0.558339 0.0507349 0.390926
0.217235 0.237985 0.544779
0.565515 0.203558 0.230927
0.387924 0.249747 0.362328
0.116092 0.116239 0.767669
0.341631 0.223571 0.434797
0.277936 0.232328 0.489736
0.0400768 0.194982 0.764941
0.305107 0.217548 0.477345
0.110417 0.0907506 0.798832
0.396026 0.243117 0.360856
0.268544 0.0890797 0.642376
0.425854 9.9991E-05 0.574046
0.162914 0.311868 0.525218
0.442249 0.165323 0.392428
0.464458 0.230009 0.305533
0.361918 0.211114 0.426968
0.18236 0.224892 0.592748
0.507861 0.13169 0.360449
0.481039 9.9991E-05 0.518861
0.950486 0.0490422 0.000471967
0.168392 0.0369357 0.794672
0.30552 0.306916 0.387564
0.657783 9.9991E-05 0.342117
9.9991E-05 0.994237 0.00566265
0.215415 0.083093 0.701492
0.473855 0.193869 0.332276
0.159255 0.253629 0.587115
0.461724 0.0560621 0.482214
0.501069 0.0899089 0.409022
0.643399 9.9991E-05 0.356501
0.291513 0.0868076 0.621679
0.114786 0.885114 9.9991E-05
0.295744 0.361795 0.342461
0.501402 0.313611 0.184987
9.999E-05 0.9998 9.999E-05
0.115008 0.214869 0.670124
0.0234594 0.0651044 0.911436
0.544883 0.156287 0.29883
0.422114 9.9991E-05 0.577786
0.468773 0.163686 0.367541
0.384906 0.1286 0.486494
0.0934658 0.271426 0.635108
0.403638 0.213344 0.383019
0.314297 0.114177 0.571526
0.246241 0.277076 0.476683
0.330034 0.0843049 0.585661
0.144381 0.710781 0.144838
0.471153 0.178178 0.35067
9.999E-05 0.9998 9.999E-05
0.420914 0.0750555 0.504031
0.837575 0.0980248 0.0644
0.362188 0.173199 0.464612
0.462051 0.13705 0.400899
0.639159 0.153369 0.207472
0.132727 0.67784 0.189433
0.357087 0.267618 0.375295
0.27247 9.9991E-05 0.72743
0.216311 0.350694 0.432995
0.0541585 0.337213 0.608628
0.235226 0.165422 0.599352
0.309949 0.258719 0.431332
0.439048 9.9991E-05 0.560852
0.243075 0.261778 0.495147
0.924119 0.0757815 9.9991E-05
0.409578 0.270701 0.319721
0.367908 0.375371 0.256721
0.161085 0.281186 0.557729
0.649834 0.0578046 0.292361
0.325549 0.273866 0.400585
0.307032 0.0225231 0.670445
0.117664 0.286552 0.595784
0.571675 0.142178 0.286147
0.38269 0.162307 0.455003
0.352763 0.175692 0.471545
9.9991E-05 0.155461 0.844439
0.149218 0.245254 0.605529
0.458554 0.156563 0.384883
0.431675 0.189692 0.378633
0.284006 0.523724 0.19227
0.382289 0.178655 0.439056
9.999E-05 0.9998 9.999E-05
0.780154 0.0756544 0.144191
0.525263 9.9991E-05 0.474637
0.321183 0.0647193 0.614098
0.427841 0.0790985 0.493061
0.264178 0.276869 0.458953
0.339935 0.175049 0.485017
0.46615 0.214301 0.319549
0.24942 0.453784 0.296796
0.583966 0.0769588 0.339075
0.412302 0.161439 0.426258
0.9998 9.999E-05 9.999E-05
0.402276 0.327037 0.270687
0.528179 0.218537 0.253285
9.999E-05 0.9998 9.999E-05
0.334128 0.363585 0.302287
0.396392 9.9991E-05 0.603508
0.320343 0.126508 0.553149
0.9998 9.999E-05 9.999E-05
0.52114 0.0362278 0.442633
0.192812 0.0852726 0.721915
0.296749 0.092214 0.611037
0.434015 0.299157 0.266828
0.209791 0.0751554 0.715054
0.159787 0.281978 0.558235
0.498411 0.204351 0.297238
0.319957 9.9991E-05 0.679943
0.622057 0.122626 0.255317
0.253443 0.0227129 0.723844
0.29802 0.190031 0.511949
0.53326 9.9991E-05 0.46664
9.999E-05 9.999E-05 0.9998
0.3446 0.143897 0.511502
9.9991E-05 0.613095 0.386805
0.397229 0.302311 0.300459
0.417722 0.0732419 0.509036
0.725069 0.166535 0.108396
0.518013 0.1385 0.343488
9.999E-05 9.999E-05 0.9998
0.446292 0.15811 0.395599
0.242942 0.214305 0.542753
0.733828 9.9991E-05 0.266072
0.497562 0.156369 0.346069
