0.658464 0.0664977 0.274938 9.9991E-05
0.373323 0.0674642 0.377748 0.181464
0.295102 0.214123 0.312735 0.17804
0.685431 0.150102 0.108483 0.0559845
0.372446 0.34099 0.117247 0.169317
0.403874 0.410131 0.0912281 0.0947676
0.671657 0.240957 9.9991E-05 0.0872862
0.415513 0.16221 0.254111 0.168166
0.441357 0.120569 0.358116 0.0799587
0.118037 0.300969 0.449915 0.13108
9.9982E-05 0.419946 0.579854 9.9982E-05
0.160689 0.0502298 0.719376 0.0697055
0.546111 0.218168 0.0953889 0.140332
0.337872 0.235008 0.372624 0.0544952
9.999E-05 0.557657 0.403484 0.038759
9.9991E-05 0.268292 0.501178 0.23043
0.00284228 0.562902 0.310696 0.12356
0.351277 0.319829 0.0813255 0.247569
0.537089 0.140184 0.322627 9.9991E-05
0.434748 9.9991E-05 0.379169 0.185983
0.460307 0.350432 0.189161 9.9991E-05
0.39008 0.221822 0.292674 0.0954246
0.409779 0.305817 0.201869 0.0825346
0.464074 0.136461 0.00143483 0.39803
9.9982E-05 0.560036 0.439764 9.9982E-05
0.462114 0.174475 0.233158 0.130253
0.294087 0.383634 0.233952 0.0883263
0.4146 0.250732 0.255923 0.0787445
0.492655 0.1849 0.0578837 0.264562
0.213022 0.0314892 0.0473364 0.708153
9.9991E-05 0.399982 0.465122 0.134795
0.363622 0.0855389 0.426921 0.123919
0.651633 0.0224107 0.181906 0.144051
0.518566 0.312657 0.126618 0.0421589
0.255444 0.450362 0.294093 9.9991E-05
0.646076 0.144025 0.209799 9.9991E-05
0.63127 0.237975 9.9991E-05 0.130655
9.9991E-05 0.230876 0.743845 0.0251787
0.394847 0.326373 0.0892945 0.189485
0.291564 0.336917 0.371419 9.9991E-05
0.32781 0.0387777 0.459508 0.173904
0.642503 0.311227 9.9991E-05 0.0461706
0.500681 0.209769 0.194705 0.0948453
0.566836 9.9991E-05 0.382985 0.0500793
0.254697 0.0662346 0.599231 0.0798379
0.377538 0.403273 0.16925 0.0499389
0.524565 9.9991E-05 0.366117 0.109218
0.469556 0.060661 0.321815 0.147968
0.130253 9.9991E-05 0.668959 0.200687
0.124074 0.0775016 0.549054 0.24937
0.0677385 0.27517 0.490418 0.166674
0.244011 0.120998 0.552447 0.0825444
0.299733 0.0539987 0.478872 0.167396
0.252201 0.412687 0.178458 0.156654
9.9982E-05 9.9982E-05 0.700224 0.299576
0.492018 0.268719 0.239163 9.9991E-05
0.0818341 0.00113415 0.720775 0.196257
0.43499 9.9991E-05 0.349305 0.215605
0.0740551 0.288489 0.578801 0.0586548
0.224166 0.344123 0.431611 9.9991E-05
0.742088 0.112567 9.9991E-05 0.145245
0.28704 0.402578 0.310281 9.9991E-05
0.660353 0.0836031 0.154209 0.101836
9.9982E-05 0.0175694 9.9982E-05 0.982231
0.457195 0.219973 0.322732 9.9991E-05
0.886936 0.112864 9.9982E-05 9.9982E-05
0.673233 0.242793 0.0838738 9.9991E-05
0.409591 0.253029 0.177266 0.160115
0.440764 0.0978086 0.33618 0.125248
0.230776 0.340531 0.296989 0.131704
0.182684 0.213831 0.488069 0.115415
0.389342 0.318449 0.203856 0.0883531
0.222056 0.288352 0.300538 0.189053
0.192969 0.342405 0.328712 0.135914
0.243502 0.2784 0.247959 0.230139
9.9991E-05 0.230763 0.637429 0.131708
0.570027 0.299072 9.9991E-05 0.130802
0.569148 0.264006 9.9991E-05 0.166745
0.808727 0.0990876 0.0659814 0.0262036
0.551511 0.158065 0.0579623 0.232462
0.487639 0.148858 0.254566 0.108938
0.643454 0.31095 9.9991E-05 0.045497
0.279735 0.0388176 0.42106 0.260388
0.103701 0.291301 0.508704 0.096294
0.631891 0.169407 0.0298638 0.168839
0.350627 0.0167526 0.632521 9.9991E-05
0.759599 0.14968 0.0906217 9.9991E-05
9.9982E-05 0.331319 0.668481 9.9982E-05
0.157848 0.255975 0.360516 0.225661
0.472551 0.0560998 0.471249 9.9991E-05
9.9982E-05 0.044778 9.9982E-05 0.955022
0.169584 0.356542 0.383197 0.0906768
0.658698 0.341102 9.9982E-05 9.9982E-05
0.0513015 0.358195 0.522515 0.0679888
0.713938 0.250405 9.9991E-05 0.0355576
0.649992 0.149007 0.118882 0.0821187
0.25691 9.9991E-05 0.662503 0.0804874
0.613183 0.0791663 0.273423 0.0342281
0.151475 0.345709 9.9991E-05 0.502717
0.318698 0.0220631 0.39761 0.261628
0.227495 0.142356 0.45052 0.17963
9.998E-05 9.998E-05 9.998E-05 0.9997
0.162505 0.341863 0.34325 0.152383
9.998E-05 0.9997 9.998E-05 9.998E-05
0.1304 0.23852 0.526738 0.104342
0.426479 0.000509286 0.56595 0.00706166
0.444263 0.0901467 0.356918 0.108671
0.306447 0.311681 0.152129 0.229743
0.16132 0.327739 0.273378 0.237563
0.319765 0.276275 0.338015 0.0659448
0.510123 0.422859 9.9991E-05 0.0669179
0.0569185 0.165273 0.490176 0.287633
0.29155 0.0135465 0.504682 0.190221
0.30408 0.271131 9.9991E-05 0.424689
0.53673 0.0297682 0.304278 0.129225
9.998E-05 9.998E-05 9.998E-05 0.9997
0.224111 0.429411 0.346378 9.9991E-05
0.753536 0.0827527 0.163611 9.9991E-05
0.643086 0.0137195 0.174073 0.169121
0.346588 0.401411 0.251901 9.9991E-05
0.751709 0.21891 9.9991E-05 0.0292815
0.0351208 0.502277 9.9991E-05 0.462502
0.581577 0.188737 9.9991E-05 0.229586
0.350177 0.22595 0.423773 9.9991E-05
0.163225 0.110762 0.524338 0.201675
0.0497697 0.380896 0.389478 0.179856
0.10722 0.253904 0.613096 0.0257806
0.332789 9.9991E-05 0.377271 0.28984
0.507304 9.9991E-05 0.48114 0.0114556
9.9991E-05 0.131407 0.795244 0.0732485
0.882826 0.112415 9.9991E-05 0.00465887
0.776098 0.140118 9.9991E-05 0.0836838
0.456236 0.154826 0.0805421 0.308395
0.163141 0.205024 0.364855 0.26698
0.596143 0.25377 0.07236 0.0777266
0.199529 0.323767 0.468805 0.00789975
0.0400456 9.9991E-05 0.875878 0.0839766
9.9982E-05 9.9982E-05 0.803602 0.196198
0.490177 0.0118277 0.369674 0.128322
0.590248 0.212881 0.085279 0.111592
0.492356 0.364552 0.11759 0.0255018
9.9991E-05 0.490051 0.465294 0.044555
0.392805 0.162234 0.2804 0.164561
0.266521 0.113438 0.509713 0.110327
0.553966 0.297559 0.0139196 0.134555
0.220322 0.253606 9.9991E-05 0.525972
0.446897 0.251739 0.273968 0.0273954
9.9982E-05 0.986591 9.9982E-05 0.0132086
0.711854 0.287946 9.9982E-05 9.9982E-05
0.676672 0.222581 0.094525 0.00622149
0.119135 0.119104 0.748625 0.0131358
0.515206 0.38253 0.102164 9.9991E-05
0.207619 0.174034 0.465207 0.15314
0.237953 0.0921513 0.545599 0.124296
0.265304 0.0313954 0.612614 0.0906872
0.123131 0.294383 0.360232 0.222254
0.672383 0.0772578 0.250259 9.9991E-05
0.34818 0.258996 0.302761 0.0900638
0.904067 9.9982E-05 9.9982E-05 0.0957333
0.416948 0.0976066 0.337682 0.147764
0.646726 0.327162 0.0170176 0.00909383
9.998E-05 0.9997 9.998E-05 9.998E-05
0.0755289 0.652287 0.272084 9.9991E-05
0.465299 0.0126868 0.408214 0.1138
0.280317 0.182534 0.434074 0.103075
0.866484 0.126233 9.9991E-05 0.00718303
0.413003 0.0739874 0.487992 0.0250179
0.0813329 0.310504 0.608063 9.9991E-05
9.9982E-05 9.9982E-05 0.889984 0.109816
0.360682 0.241207 0.267851 0.13026
0.1829 0.0139004 0.653507 0.149693
0.0263855 0.344137 0.480139 0.149338
0.25118 0.182855 0.440946 0.125019
9.9982E-05 0.0207928 0.979007 9.9982E-05
0.521038 0.118391 0.324122 0.0364489
0.488504 0.136997 0.266926 0.107573
0.234958 0.340304 0.424638 9.9991E-05
0.460652 0.120102 0.419146 9.9991E-05
9.9982E-05 0.944712 0.055088 9.9982E-05
0.304719 0.0517068 0.448122 0.195452
9.9991E-05 0.494191 0.27778 0.227929
0.0794769 0.339514 0.433156 0.147852
0.285571 0.229658 0.436996 0.0477747
0.668796 9.9991E-05 0.106551 0.224553
0.322968 0.208703 0.418168 0.0501607
9.998E-05 0.9997 9.998E-05 9.998E-05
0.488348 0.0492627 0.340034 0.122355
0.0516881 0.403448 0.430408 0.114456
0.832454 9.9991E-05 0.153583 0.0138623
0.172215 0.0166359 0.660915 0.150234
