0.0371897 0.594378 0.219326 9.9982E-05 0.118274 9.9982E-05 0.0306319
0.0231106 0.248874 0.304696 0.15736 9.9982E-05 0.26576 9.9982E-05
0.290832 0.0316063 0.394915 0.116784 0.146088 0.0196751 9.9991E-05
0.0164796 0.0629043 0.659651 0.0463461 0.0975497 9.9991E-05 0.11697
9.999E-05 0.0930894 0.34 0.0406975 0.0727197 0.363235 0.0901583
0.0790294 9.9982E-05 0.417357 9.9982E-05 0.0171276 0.378412 0.107874
9.999E-05 0.290212 0.172364 0.102881 0.194972 0.119545 0.119925
0.0355672 0.315481 0.408332 0.133524 0.0428905 0.0641046 9.9991E-05
0.117997 0.194326 0.0132515 0.14021 0.050275 0.393191 0.0907495
0.373622 0.189748 9.9991E-05 0.143839 0.085172 0.00716767 0.200351
0.704707 0.0529443 0.0257071 0.0181896 0.0508579 9.9991E-05 0.147494
0.190695 0.135707 9.9982E-05 0.074497 0.00911916 0.589782 9.9982E-05
0.1839 0.0760961 0.24882 9.9991E-05 0.0861436 0.316975 0.0879651
9.9982E-05 0.323661 9.9982E-05 0.0516819 0.0419164 0.477901 0.104639
0.0644282 9.9973E-05 9.9973E-05 9.9973E-05 0.0830568 0.848346 0.00386915
9.9982E-05 0.164105 0.450952 0.0969594 0.187664 0.100119 9.9982E-05
9.9955E-05 9.9955E-05 9.9955E-05 9.9955E-05 9.9955E-05 0.924682 0.0748184
9.999E-05 0.319959 0.169857 0.164562 0.158388 0.148065 0.0390688
0.498512 0.116993 0.153697 0.0860238 0.0753373 0.0693366 9.9991E-05
0.134922 0.117336 0.421242 0.0283084 0.0714121 0.144275 0.0825035
0.0888392 0.308608 0.187967 0.010462 0.142014 0.176553 0.0855566
0.493767 0.188189 0.081887 9.9991E-05 0.0963671 0.117935 0.0217552
0.212895 9.9991E-05 0.568851 0.0198035 0.1483 0.0297552 0.0202956
0.139715 0.1209 0.441387 0.18271 0.0503775 0.0648109 9.9991E-05
0.674039 9.9964E-05 9.9964E-05 9.9964E-05 0.0869764 9.9964E-05 0.238584
0.0366087 0.431965 0.177169 0.0317183 0.0493582 0.246138 0.0270417
0.249101 0.0201861 0.21537 0.143088 0.134875 0.174377 0.0630027
0.0937048 0.178324 0.0040438 0.183992 0.128907 0.322385 0.0886433
0.0174661 0.00876958 0.355476 0.127564 0.000466189 0.436568 0.05369
9.99729E-05 9.99729E-05 0.164388 0.623966 0.0404337 0.170912 9.99729E-05
0.596316 9.9982E-05 9.9982E-05 0.0346874 0.0341257 0.313896 0.0207744
0.553111 0.224972 0.0596995 0.0677444 0.0942722 9.9982E-05 9.9982E-05
0.0277606 0.143095 0.260913 0.0524081 0.0791784 0.436546 9.9991E-05
0.114073 9.9982E-05 0.343431 9.9982E-05 0.162579 0.299334 0.0803826
9.9982E-05 0.206838 0.118389 9.9982E-05 0.103954 0.439233 0.131385
9.9955E-05 0.954205 9.9955E-05 9.9955E-05 0.0452947 9.9955E-05 9.9955E-05
9.999E-05 0.112574 0.451283 0.00143826 0.111761 0.151804 0.17104
0.441451 0.416952 9.9973E-05 0.0543216 9.9973E-05 9.9973E-05 0.0869758
0.105096 9.9991E-05 0.227554 0.214019 0.0062846 0.333653 0.113293
0.461905 0.103636 0.137013 9.9991E-05 0.146249 0.118352 0.032746
0.524434 0.0162535 0.251745 0.1 0.0360763 9.9991E-05 0.0713909
9.9982E-05 0.176486 0.528421 0.0758814 0.124147 9.9982E-05 0.0948651
9.9982E-05 0.200955 0.551408 0.0501752 0.0717614 9.9982E-05 0.125501
0.210252 0.456921 0.166437 0.144064 9.9982E-05 0.0221257 9.9982E-05
0.184413 0.357001 0.0852193 0.0887651 0.131543 0.151169 0.00189046
0.31949 0.187556 0.0916223 9.9991E-05 0.0590772 0.189268 0.152885
0.264754 0.0494578 0.289885 0.140137 0.0347286 0.220937 9.9991E-05
0.0841764 9.9982E-05 0.573222 0.0490632 0.0872078 0.20613 9.9982E-05
0.589682 0.0213214 9.9991E-05 0.0989812 0.109827 0.165571 0.0145171
0.396871 0.0984765 0.197926 0.147105 0.0575437 0.101978 9.9991E-05
0.147865 0.161173 9.9991E-05 0.0621017 0.0989689 0.414003 0.115788
0.359376 0.0248154 0.403109 0.018795 0.176997 9.9991E-05 0.0168083
9.9991E-05 0.0285045 0.770773 0.0397105 0.106489 0.0204929 0.0339296
0.0303836 0.173275 0.154695 0.1631 0.0781047 0.208913 0.191529
0.896805 9.99641E-05 9.99641E-05 0.0835674 0.0192273 9.99641E-05 9.99641E-05
0.0677155 0.148368 0.35117 9.9991E-05 0.183564 0.170685 0.0783976
0.462395 0.227272 0.16216 0.0495965 9.9982E-05 9.9982E-05 0.098376
0.467364 0.185033 0.0951992 0.152433 0.00372037 0.0339247 0.0623263
0.144355 0.07584 0.211841 0.12461 0.109492 0.289306 0.044556
0.130225 0.247466 9.9991E-05 0.0132621 0.0630169 0.333249 0.21268
9.9973E-05 0.0135074 0.765277 9.9973E-05 0.135576 0.0853398 9.9973E-05
0.0499623 9.9982E-05 0.294263 9.9982E-05 0.118574 0.464381 0.0726186
0.195468 0.135372 0.27804 9.9982E-05 0.101786 0.289134 9.9982E-05
9.9955E-05 9.9955E-05 9.9955E-05 0.864586 0.134915 9.9955E-05 9.9955E-05
0.0284307 0.521388 0.187184 0.0577852 9.9991E-05 0.00343531 0.201677
9.9973E-05 0.857406 0.0593364 9.9973E-05 0.0446984 9.9973E-05 0.0382594
0.230856 0.348533 0.173746 9.9982E-05 0.162991 9.9982E-05 0.0836737
0.376796 9.9991E-05 0.126008 0.0538148 0.0973385 0.3158 0.0301434
0.198266 0.27541 0.124579 0.0670637 0.0620674 0.272514 9.9991E-05
9.9991E-05 0.105219 0.367871 0.0644489 0.193949 0.195566 0.072846
0.174426 9.9982E-05 0.198816 0.139156 9.9982E-05 0.318405 0.168996
0.265004 0.30807 9.9973E-05 9.9973E-05 0.0901912 0.336435 9.9973E-05
0.208739 0.146287 9.9982E-05 0.0750089 0.130725 0.439039 9.9982E-05
0.296809 9.9991E-05 0.290307 0.112176 0.0596404 0.220804 0.0201641
0.162865 0.174773 0.0689729 0.122004 0.00488579 0.272473 0.194026
0.0776164 9.9991E-05 0.37161 0.0560998 0.0879305 0.277161 0.129482
0.05803 9.9991E-05 0.510747 0.00970007 0.343373 0.0741422 0.00390834
0.0475313 9.9991E-05 0.7245 0.0132377 0.0927644 0.0564006 0.0654664
9.9973E-05 0.0291472 0.700728 9.9973E-05 9.9973E-05 0.20659 0.0632349
0.0107334 0.0709633 0.442784 0.0248371 0.196622 0.252708 0.00135206
0.2426 0.11864 0.383138 9.9991E-05 0.182647 0.0586772 0.0141977
0.0418583 0.294037 0.297205 9.9991E-05 0.0373706 0.299611 0.0298174
0.407357 0.0226892 0.323764 0.22577 9.9982E-05 9.9982E-05 0.0202202
9.9982E-05 9.9982E-05 0.618316 0.0512806 0.0731784 0.19842 0.0586043
9.9982E-05 9.9982E-05 0.232018 0.104845 0.121203 0.483025 0.0587092
0.473704 0.090603 0.358698 9.9982E-05 9.9982E-05 0.00918235 0.0676134
9.9982E-05 0.633004 0.0438853 0.0519083 0.0753883 0.195614 9.9982E-05
0.272695 9.99731E-05 9.99731E-05 9.99731E-05 0.0597132 0.597111 0.0701812
0.0310081 0.234592 0.0395346 0.130992 0.109283 0.449657 0.00493303
0.43702 0.344147 0.122225 9.9973E-05 0.0963088 9.9973E-05 9.9973E-05
9.9955E-05 9.9955E-05 9.9955E-05 0.988853 9.9955E-05 9.9955E-05 0.0106475
0.436712 9.9973E-05 9.9973E-05 9.9973E-05 0.00833893 0.446454 0.108195
0.242847 0.0411129 0.543422 9.9982E-05 0.146232 9.9982E-05 0.0261854
0.163369 0.162034 9.9982E-05 0.100463 0.0141267 0.559807 9.9982E-05
0.0610494 9.9973E-05 0.758598 9.9973E-05 0.136025 9.9973E-05 0.0440279
9.9991E-05 0.171795 0.497063 0.0712451 0.0224853 0.16156 0.0757519
0.0991353 0.46526 0.295778 9.9973E-05 9.9973E-05 9.9973E-05 0.139526
0.541232 9.9982E-05 0.207422 9.9982E-05 0.103408 0.07301 0.0747275
0.0335783 0.207866 9.9982E-05 0.344229 0.260181 0.153945 9.9982E-05
0.217106 0.010505 0.167257 0.298444 9.9982E-05 0.306487 9.9982E-05
0.377577 0.188006 9.9991E-05 0.0192048 0.0807773 0.276581 0.0577534
9.995E-05 9.995E-05 9.995E-05 0.9994 9.995E-05 9.995E-05 9.995E-05
0.32276 9.9991E-05 0.168451 0.0484778 0.0575826 0.277345 0.125284
9.99639E-05 9.99639E-05 0.0160311 9.99639E-05 0.00113813 9.99639E-05 0.982431
0.0882199 0.359335 0.213943 0.110824 9.9991E-05 0.124567 0.103011
0.396401 0.0616338 0.533314 0.00835124 9.9973E-05 9.9973E-05 9.9973E-05
9.9982E-05 0.226349 0.199524 0.00790312 0.04179 0.524234 9.9982E-05
0.222692 0.0800449 0.315561 0.0259978 0.312843 9.9991E-05 0.0427619
0.385949 9.9991E-05 0.18632 0.0818849 0.0679255 0.24434 0.0334809
0.406573 0.102746 9.9982E-05 0.0141432 0.113729 0.362609 9.9982E-05
9.9991E-05 0.0379848 0.37543 0.0721989 0.0498637 0.369531 0.0948922
0.602664 9.9991E-05 0.115142 0.0339954 0.169653 0.0289183 0.0495277
0.180123 9.9982E-05 0.578037 0.122228 0.0256262 9.9982E-05 0.0937869
9.9991E-05 0.0276424 0.0958338 0.463944 0.0998352 0.274182 0.0384626
9.9991E-05 0.132627 0.5316 0.0974703 0.0624021 0.104452 0.0713488
9.995E-05 9.995E-05 9.995E-05 0.9994 9.995E-05 9.995E-05 9.995E-05
0.286053 0.17526 0.0956074 9.9982E-05 9.9982E-05 0.238624 0.204256
9.9982E-05 0.692154 0.174256 9.9982E-05 0.0682506 0.0270295 0.0381092
0.0950807 9.9991E-05 0.682729 0.101337 0.0584317 0.0617785 0.000542752
0.301776 0.388286 9.9973E-05 9.9973E-05 0.116681 0.192957 9.9973E-05
9.9991E-05 0.16772 0.497263 0.0504163 0.192557 0.00445158 0.0874918
0.0233208 0.0533995 0.0278228 0.341028 0.213323 0.31662 0.0244861
0.0909087 0.220264 0.228076 0.126935 0.148908 0.100079 0.08483
9.9973E-05 9.9973E-05 0.526525 9.9973E-05 0.00106971 0.420444 0.0516613
0.615052 9.9982E-05 0.0368741 0.200793 0.131063 9.9982E-05 0.0160174
9.9964E-05 9.9964E-05 0.104369 9.9964E-05 0.0303685 0.864863 9.9964E-05
0.698165 0.147587 9.9982E-05 9.9982E-05 0.103469 0.0309621 0.0196172
0.562829 0.0113823 0.249952 0.0639541 0.0794416 9.9991E-05 0.0323411
0.141728 9.9973E-05 0.467487 9.9973E-05 0.0180257 0.372459 9.9973E-05
0.615303 0.161994 9.9982E-05 0.151652 9.9982E-05 0.0589834 0.0118674
9.9982E-05 0.493413 0.0558746 0.00829183 0.11238 0.329841 9.9982E-05
9.9991E-05 0.067736 0.281552 0.0788753 0.0789256 0.439816 0.0529952
9.9982E-05 0.0904652 0.198012 0.265734 9.9982E-05 0.428687 0.0169026
0.210732 9.9982E-05 0.252883 0.156284 0.0514735 0.328427 9.9982E-05
0.26836 0.319477 0.132038 9.9991E-05 0.0890589 0.165281 0.0256852
0.458643 0.137945 9.9991E-05 0.024413 0.152628 0.143357 0.0829154
9.9964E-05 9.9964E-05 0.891768 0.00331509 9.9964E-05 0.104517 9.9964E-05
0.0450359 9.9973E-05 0.815261 0.0241706 0.115232 9.9973E-05 9.9973E-05
0.146097 0.186768 0.196279 0.112279 0.0787259 0.227931 0.0519208
0.0962974 0.0692527 0.325085 0.0551575 0.078466 0.2262 0.149541
9.9991E-05 0.0897617 0.228287 0.0424476 0.190317 0.340241 0.108846
0.583089 9.9982E-05 0.0256848 9.9982E-05 0.0535871 0.294349 0.0430903
0.591312 9.9991E-05 0.195471 0.139035 0.0146296 0.0191588 0.0402942
0.550665 0.12286 9.9991E-05 0.0373288 0.128641 0.123526 0.0368802
9.9991E-05 0.135613 0.393923 0.0541037 0.214102 0.150143 0.0520151
9.9982E-05 0.104736 9.9982E-05 0.368073 0.150785 0.363208 0.0129972
0.0728526 9.9982E-05 0.203744 9.9982E-05 0.167073 0.429979 0.126151
9.995E-05 9.995E-05 9.995E-05 9.995E-05 0.9994 9.995E-05 9.995E-05
0.00140964 0.640289 0.0424404 9.9991E-05 0.127461 0.0701916 0.118108
9.9973E-05 0.171266 0.433147 9.9973E-05 0.0767828 9.9973E-05 0.318504
0.327041 0.0354871 9.9982E-05 0.0662226 9.9982E-05 0.536712 0.0343377
9.9973E-05 9.9973E-05 0.427228 9.9973E-05 0.094135 0.275859 0.202479
0.250441 0.0405596 0.0943427 0.0861606 0.186281 0.276655 0.0655609
0.311212 9.9991E-05 0.210045 0.0120834 0.110864 0.321032 0.0346629
9.9982E-05 0.267899 0.0938383 0.0798608 0.0362383 0.521963 9.9982E-05
9.9991E-05 0.252934 0.326629 0.10228 0.15807 0.11185 0.0481377
0.58453 0.133345 0.151149 9.9973E-05 0.130675 9.9973E-05 9.9973E-05
0.0862637 0.309677 0.239812 0.0821915 0.0314362 0.245881 0.0047386
9.9964E-05 0.783487 0.0580375 0.158076 9.9964E-05 9.9964E-05 9.9964E-05
0.421795 0.133716 0.146884 0.0725986 0.110834 0.0930409 0.0211309
0.119925 0.194719 0.253129 0.0296341 0.0685434 0.231239 0.102811
9.995E-05 9.995E-05 9.995E-05 9.995E-05 0.9994 9.995E-05 9.995E-05
0.00574201 0.11033 0.113669 9.9991E-05 0.422806 0.345308 0.00204486
9.9973E-05 9.9973E-05 0.872761 9.9973E-05 0.0198848 0.00238528 0.104669
0.485064 0.145717 0.19746 9.9982E-05 0.12334 9.9982E-05 0.0482182
9.9973E-05 0.906707 9.9973E-05 0.00675618 0.0542866 9.9973E-05 0.03195
0.351611 0.1052 0.36247 9.9991E-05 0.0636517 0.0863843 0.0305835
0.129276 9.9982E-05 0.207594 9.9982E-05 0.0351821 0.463627 0.164122
0.0701503 0.0796576 0.724226 9.9982E-05 0.0628675 0.062899 9.9982E-05
9.9982E-05 0.285366 9.9982E-05 0.0575686 0.105574 0.536218 0.015073
0.378292 0.0464305 0.178802 0.22209 9.9982E-05 0.174186 9.9982E-05
0.0386836 0.0917998 0.168377 0.166624 9.9991E-05 0.411124 0.123291
0.224638 0.213011 0.283074 0.10939 0.162214 9.9991E-05 0.00757255
0.410493 0.136865 0.115129 9.9991E-05 0.000125777 0.278374 0.0589133
0.238063 0.152099 0.243195 9.9982E-05 0.159347 0.207096 9.9982E-05
0.0606207 9.9982E-05 0.237126 0.0245673 9.9982E-05 0.520036 0.15745
0.133343 0.0227347 0.334252 9.9991E-05 0.194356 0.314035 0.00117845
0.0850398 9.9982E-05 0.602353 0.120595 9.9982E-05 0.0663119 0.1255
9.9964E-05 0.00486311 9.9964E-05 0.00351333 9.9964E-05 9.9964E-05 0.991224
0.307358 0.0796472 0.223522 0.12042 0.0413746 0.0908218 0.136857
9.9955E-05 9.9955E-05 9.9955E-05 9.9955E-05 9.9955E-05 0.969553 0.0299477
0.356388 0.253797 0.0553882 0.055931 0.192656 0.0857394 9.9991E-05
0.278984 0.444251 9.9982E-05 9.9982E-05 0.0741798 0.172142 0.030244
0.0457993 0.344601 0.385894 0.160562 0.0189485 0.0440946 9.9991E-05
9.9991E-05 0.249273 0.447469 0.0852414 0.0323701 0.116617 0.0689303
9.995E-05 9.995E-05 9.995E-05 9.995E-05 9.995E-05 9.995E-05 0.9994
0.119475 0.0802103 0.346792 0.0663062 0.0718242 0.315292 9.9991E-05
0.20548 0.294735 9.9991E-05 0.0472145 0.0809265 0.225995 0.145549
0.00673056 0.165693 0.515455 9.9991E-05 0.081469 0.16844 0.0621127
9.9982E-05 0.417509 0.164385 0.134234 0.00072851 0.282943 9.9982E-05
