0.00159564 0.0495109 0.894991 0.0536021 9.9973E-05 9.9973E-05 9.9973E-05
9.9982E-05 0.148497 0.261315 0.178849 9.9982E-05 0.130391 0.280748
0.0318473 0.365252 0.109371 0.100377 0.0480642 0.140034 0.205055
0.0553387 0.565549 0.228989 0.0117406 0.0805604 0.0577223 9.9991E-05
0.144455 0.606009 9.9991E-05 0.046883 0.0999179 0.0724257 0.0302095
0.191461 0.469601 0.0288959 9.9991E-05 0.0784953 0.0129376 0.21851
0.0846069 0.305496 0.277561 0.0400201 0.0560024 0.173238 0.0630753
9.999E-05 0.321397 0.0778305 0.113183 0.076083 0.0600495 0.351357
0.0514711 0.180937 0.22599 0.408712 0.0833122 0.049478 9.9991E-05
0.204213 9.9982E-05 0.234721 0.20594 0.142349 0.212577 9.9982E-05
0.203374 0.0418641 0.113951 0.22035 0.0591295 0.00918005 0.352152
9.99729E-05 9.99729E-05 0.147364 0.61274 0.0713533 0.168243 9.99729E-05
0.0676635 0.463296 0.0251178 0.0343777 0.142842 0.0617614 0.204943
0.09972 9.9991E-05 0.354366 0.171505 0.0660041 0.0653704 0.242934
0.0407664 9.9982E-05 0.0459356 0.0101107 0.0591273 9.9982E-05 0.84386
0.0595834 0.0582716 0.170342 0.0995524 0.111606 0.125261 0.375384
0.231402 0.010495 9.9982E-05 9.9982E-05 0.00135031 0.103833 0.65272
0.158955 0.180107 0.0196831 0.0424407 0.0858443 0.23175 0.28122
0.009441 0.382433 0.257394 0.265413 0.068994 9.9991E-05 0.0162238
0.025059 0.343785 0.103886 0.167182 0.0350941 0.185574 0.139419
0.128354 0.336784 0.282881 0.137202 0.0686922 9.9991E-05 0.0459867
0.0586535 0.109746 0.10724 0.233726 0.0758519 0.0782343 0.336549
9.999E-05 0.398907 0.143174 0.143672 0.154695 0.052711 0.106741
0.0390453 0.368808 0.214692 9.9991E-05 0.0065033 0.198607 0.172245
0.309254 9.9991E-05 0.0951514 0.170689 0.153666 0.0441738 0.226966
0.0265993 0.164701 0.451561 9.9991E-05 0.0255444 0.100349 0.231145
0.0596096 0.0869764 9.9991E-05 0.315406 0.0950294 0.183346 0.259532
0.108258 0.156679 0.303043 0.152142 0.0471911 0.142188 0.0904981
0.12163 0.198593 0.116173 9.9982E-05 9.9982E-05 0.207657 0.355747
0.0267989 0.189204 9.9991E-05 0.0809298 0.0059727 0.538655 0.15834
0.129642 0.226276 9.9991E-05 0.223751 0.0510697 0.118858 0.250304
0.0802295 9.9982E-05 0.133577 0.668569 0.0673876 0.0500366 9.9982E-05
9.9982E-05 0.560887 0.0895832 9.9982E-05 0.0513794 0.142436 0.155515
0.128945 0.421927 0.0908701 0.00326395 0.0343712 9.9991E-05 0.320523
0.154667 0.104355 0.288652 0.199528 0.109891 0.00360625 0.139301
9.9955E-05 9.9955E-05 0.974713 9.9955E-05 0.0247872 9.9955E-05 9.9955E-05
0.133077 0.609256 0.22451 9.9982E-05 0.000597818 0.032359 9.9982E-05
0.127101 9.9991E-05 0.660871 0.0168212 0.00417298 0.10866 0.0822747
0.113255 0.484551 9.9991E-05 0.124367 0.0577688 0.171951 0.0480072
0.0724391 0.0514883 0.171482 0.143116 0.119983 9.9991E-05 0.441391
0.0190948 0.142703 0.131423 0.287098 0.0366997 0.0895227 0.293459
0.0971557 0.442701 0.14443 0.0314458 0.111604 0.0219149 0.150749
0.0971599 0.406922 0.15003 0.0778483 0.106338 0.0208516 0.140851
9.9973E-05 0.0804818 0.404716 0.374563 9.9973E-05 0.139939 9.9973E-05
9.9982E-05 9.9982E-05 0.115525 0.592659 0.0642237 0.123882 0.10351
0.191251 0.289803 0.135816 0.273284 0.0795155 0.0302305 9.9991E-05
0.00184869 0.451815 0.140587 9.9982E-05 9.9982E-05 0.128114 0.277435
9.9982E-05 0.570435 9.9982E-05 0.298976 0.0171911 0.0913902 0.0218082
0.0653475 0.0276063 0.0411415 0.407497 0.0232435 0.168485 0.266679
9.9991E-05 0.149453 0.0943345 0.197173 0.109308 0.00506642 0.444565
0.1789 0.19894 0.148324 0.147478 0.157039 0.0751525 0.094166
0.00410149 0.402501 0.0391223 0.350539 0.117541 0.0199587 0.066237
9.9973E-05 0.193416 9.9973E-05 0.157634 9.9973E-05 0.0880968 0.560553
0.20296 0.231882 0.00709598 9.9991E-05 0.0431177 0.194644 0.3202
9.9982E-05 0.0122057 0.0652464 0.669826 9.9982E-05 0.16008 0.092442
0.0616512 0.65704 9.9982E-05 0.130806 0.133598 0.0167042 9.9982E-05
0.049988 9.9973E-05 9.9973E-05 0.897526 0.0431074 0.00907823 9.9973E-05
0.0330403 0.218302 0.0936006 0.496202 0.0939305 0.0648247 9.9991E-05
0.09387 0.162086 0.110547 0.3434 0.05695 0.0378018 0.195346
0.123114 0.210907 0.106267 0.449126 0.106408 0.00407799 9.9991E-05
9.9973E-05 0.81878 0.0324734 9.9973E-05 0.0471293 0.101317 9.9973E-05
0.137327 0.448727 0.0452087 0.0134846 0.110481 9.9991E-05 0.244672
9.9973E-05 0.575315 9.9973E-05 0.215771 0.0540288 9.9973E-05 0.154585
9.9964E-05 0.0504687 9.9964E-05 9.9964E-05 0.0766831 0.872448 9.9964E-05
0.151802 0.314272 0.433332 9.9982E-05 9.9982E-05 0.00286173 0.0975329
9.9973E-05 0.0260315 0.92006 0.0070624 0.0465462 9.9973E-05 9.9973E-05
0.0390067 0.254682 0.385891 0.146098 0.0818122 0.0924098 9.9991E-05
0.0548239 0.622547 9.9982E-05 9.9982E-05 0.0816381 0.0921567 0.148634
9.9973E-05 0.487561 0.449238 9.9973E-05 0.0245905 0.0383105 9.9973E-05
0.050823 0.222504 0.11853 0.0198659 0.0912681 0.202228 0.294781
0.120383 0.165222 0.0206965 0.5712 0.0569448 0.0451182 0.0204367
0.0366373 0.0204413 0.344359 0.0277332 0.120377 0.0576284 0.392824
0.0610417 0.125918 0.189793 0.0967953 0.118094 0.194443 0.213915
0.119575 0.163047 9.9991E-05 0.341581 0.00429105 0.0542773 0.317128
0.224351 9.9982E-05 0.140241 0.163818 9.9982E-05 0.131092 0.340298
0.0498194 9.9973E-05 9.9973E-05 0.602213 0.0435964 9.9973E-05 0.304071
0.0560251 0.337286 9.9991E-05 0.275187 0.219564 0.0609788 0.0508588
0.109323 0.845967 9.9973E-05 9.9973E-05 0.0290565 0.0153536 9.9973E-05
0.0167169 0.87855 0.104333 9.9964E-05 9.9964E-05 9.9964E-05 9.9964E-05
0.0761547 0.425098 0.151329 9.9991E-05 0.0670483 0.142201 0.138069
0.0739078 0.159575 0.173636 0.207948 0.183248 0.0927801 0.108905
9.9982E-05 0.456788 0.278398 0.141101 0.0932551 0.0302582 9.9982E-05
0.0442936 0.158585 0.0762192 0.491838 9.9982E-05 0.228865 9.9982E-05
0.149081 0.317571 9.9991E-05 0.0685872 0.0915864 0.0524119 0.320662
9.9982E-05 0.48855 0.0335656 0.243039 0.124884 9.9982E-05 0.109761
0.132577 0.109464 0.217779 0.400269 9.9982E-05 9.9982E-05 0.139711
9.9973E-05 0.0901911 0.836994 9.9973E-05 9.9973E-05 0.0119547 0.0605606
0.0959729 0.0968966 9.9982E-05 0.632305 0.163292 9.9982E-05 0.0113344
0.098127 9.9982E-05 0.234604 9.9982E-05 0.0528128 0.287162 0.327094
9.9982E-05 0.0711028 0.228213 0.481329 0.096313 9.9982E-05 0.122842
9.995E-05 9.995E-05 9.995E-05 9.995E-05 9.995E-05 0.9994 9.995E-05
0.244853 9.9982E-05 0.0509916 0.229666 0.0675075 9.9982E-05 0.406781
0.00136117 0.785319 0.113724 9.9973E-05 0.0992961 9.9973E-05 9.9973E-05
0.0333219 0.0741415 0.102777 0.0741204 0.0603554 0.0586724 0.596611
0.0844538 0.739665 0.0580711 9.9982E-05 0.0770959 9.9982E-05 0.0405142
0.0899579 0.658129 0.0869962 9.9991E-05 0.0247309 0.111644 0.0284426
0.0867234 0.168045 0.239063 0.237431 9.9982E-05 9.9982E-05 0.268538
0.0984102 0.466067 9.9982E-05 0.331279 0.0473762 9.9982E-05 0.0566678
9.9982E-05 0.0803177 0.06239 0.0595236 0.185494 0.612075 9.9982E-05
9.9973E-05 0.26597 9.9973E-05 0.116516 9.9973E-05 0.408887 0.208327
0.0378107 0.200714 0.298842 0.164409 0.0289834 0.184072 0.0851697
9.995E-05 9.995E-05 9.995E-05 9.995E-05 9.995E-05 0.9994 9.995E-05
0.175693 0.273001 9.9991E-05 0.0346733 0.0510266 0.144092 0.321414
0.9994 9.995E-05 9.995E-05 9.995E-05 9.995E-05 9.995E-05 9.995E-05
0.11455 9.9991E-05 0.294086 0.296432 0.0590867 0.022817 0.212929
0.0116497 0.392247 9.9991E-05 0.338841 0.00266082 0.0257223 0.22878
0.00787084 0.395647 0.135692 0.062164 0.0185775 9.9991E-05 0.379948
0.0686843 0.305449 0.264981 0.147492 0.00480731 9.9991E-05 0.208487
0.0766488 0.305887 9.9991E-05 0.12989 0.0401531 0.135109 0.312212
0.0248802 0.274195 0.437952 0.13248 0.0897386 0.0406539 9.9991E-05
0.177413 0.630642 0.0166734 0.0253395 0.121934 9.9991E-05 0.0278977
0.0398652 0.106278 9.9982E-05 0.46327 0.189118 0.201269 9.9982E-05
0.041952 0.496225 0.164406 0.169393 0.00561167 0.0428795 0.0795331
9.9973E-05 0.242289 0.148754 9.9973E-05 0.0986996 0.509957 9.9973E-05
0.00499826 0.524395 0.0632883 9.9991E-05 0.042915 0.143004 0.221299
9.995E-05 9.995E-05 9.995E-05 9.995E-05 9.995E-05 0.9994 9.995E-05
0.203869 0.00567802 0.318585 0.152961 9.9991E-05 0.0104247 0.308383
0.0101012 0.0862145 0.535625 0.163247 0.071566 0.027446 0.1058
0.00221866 0.57327 9.9982E-05 0.279545 0.0536375 0.0911284 9.9982E-05
0.021494 9.9982E-05 0.21529 0.43383 0.194707 0.134478 9.9982E-05
0.051294 0.206456 0.198296 9.9991E-05 0.131649 0.039154 0.373051
0.0308823 0.067734 0.29328 0.00702972 0.172954 0.42802 9.9991E-05
0.0688215 0.192595 0.0268542 9.9991E-05 0.0797999 0.198805 0.433024
0.10518 0.378975 9.9973E-05 0.20836 9.9973E-05 9.9973E-05 0.307186
9.9982E-05 0.1191 0.0905576 0.527948 0.104237 0.157958 9.9982E-05
9.9973E-05 0.267185 9.9973E-05 0.123825 9.9973E-05 0.0902454 0.518445
0.0255155 0.225701 0.182737 0.201346 0.0876599 0.0421466 0.234895
0.0847792 0.25439 0.0827777 0.226664 0.0390052 0.230887 0.0814965
9.9973E-05 0.189232 0.138598 0.616448 0.0554216 9.9973E-05 9.9973E-05
0.0865175 9.9991E-05 0.478105 0.118491 0.0253012 0.206456 0.0850294
9.9973E-05 0.216097 0.686855 9.9973E-05 0.0580057 0.0387427 9.9973E-05
0.0469517 0.720301 9.9982E-05 0.0499893 0.123706 0.0588517 9.9982E-05
0.0710509 0.423225 9.9982E-05 0.158665 0.0591013 0.287757 9.9982E-05
0.0255133 0.188793 9.9991E-05 0.0805728 0.0717877 0.217996 0.415237
0.0387241 0.542442 0.125918 0.218117 0.0464241 0.0282748 9.9991E-05
0.0366778 0.286846 0.0767287 0.398758 0.164109 0.0367796 9.9991E-05
9.9955E-05 0.0658713 9.9955E-05 9.9955E-05 9.9955E-05 9.9955E-05 0.933629
9.9964E-05 9.9964E-05 9.9964E-05 9.9964E-05 0.0326959 0.0100249 0.956879
0.0596526 0.157611 0.120219 0.339237 0.0694139 0.110836 0.14303
0.183725 0.484212 0.0483685 0.160065 0.062441 0.00301915 0.0581689
0.0702577 0.362586 0.0666712 0.338553 0.0745157 0.068097 0.0193187
0.143314 0.194096 9.9982E-05 0.169454 0.17122 9.9982E-05 0.321717
0.0671731 0.387501 9.9973E-05 0.360079 9.9973E-05 0.184947 9.9973E-05
0.0559755 9.9991E-05 0.336368 0.473867 0.0653075 0.0399162 0.0284665
0.0693045 0.523962 0.00888798 9.9991E-05 0.101818 0.108943 0.186984
0.0318929 0.230631 0.123446 9.9991E-05 0.147735 0.455936 0.0102589
0.129024 0.259393 0.213091 0.0718903 0.0412346 9.9991E-05 0.285267
9.995E-05 9.995E-05 9.995E-05 9.995E-05 0.9994 9.995E-05 9.995E-05
0.0600943 0.0708914 0.715281 9.9982E-05 0.0736067 9.9982E-05 0.0799263
0.283074 0.567875 0.0746243 9.9973E-05 0.074127 9.9973E-05 9.9973E-05
0.0429517 0.0588984 0.0283029 0.682406 0.0589607 0.12838 9.9991E-05
0.128165 0.430722 0.0917142 0.254901 0.0942971 9.9982E-05 9.9982E-05
0.0539403 9.9991E-05 0.109847 0.398636 0.19553 0.13121 0.110737
9.9982E-05 9.9982E-05 0.15071 0.178696 0.0300282 0.148025 0.492341
9.9982E-05 0.383179 0.135767 0.22201 0.0924956 0.166349 9.9982E-05
0.124674 0.205813 0.0270061 9.9991E-05 0.0393818 0.323194 0.279831
0.00222148 0.215733 0.323584 0.388193 0.0700689 9.9982E-05 9.9982E-05
0.0480036 0.476843 0.110455 0.00961273 0.0768286 0.173887 0.104369
9.9964E-05 0.203953 0.737364 9.9964E-05 9.9964E-05 0.0582831 9.9964E-05
0.037336 0.405578 0.0758623 0.115403 0.044547 0.135323 0.185951
0.0993208 0.473261 0.188087 9.9991E-05 0.0963627 0.0481592 0.0947098
9.995E-05 9.995E-05 9.995E-05 9.995E-05 0.9994 9.995E-05 9.995E-05
9.9982E-05 0.000782038 0.204709 0.0193924 0.391835 9.9982E-05 0.383082
0.113663 0.445207 9.9982E-05 0.029916 9.9982E-05 0.00578214 0.405232
0.0732673 0.168498 0.154877 0.36024 0.12794 9.9991E-05 0.115077
0.0237216 9.9973E-05 0.864666 9.9973E-05 0.0886999 0.0226128 9.9973E-05
0.0040652 0.268685 0.322296 0.092006 0.0622717 9.9991E-05 0.250576
0.170436 0.366594 9.9982E-05 0.19318 0.0240662 9.9982E-05 0.245523
9.995E-05 9.995E-05 9.995E-05 9.995E-05 9.995E-05 9.995E-05 0.9994
0.0557602 0.285092 0.24884 0.0218103 0.0963724 0.105171 0.186955
9.9982E-05 0.0993577 0.189224 0.357853 9.9982E-05 0.108361 0.245005
0.158996 0.188949 9.9991E-05 0.268421 0.0397523 0.115959 0.227823
0.000836144 0.35144 0.219128 9.9991E-05 0.112846 0.20809 0.10756
0.0596167 9.9982E-05 0.0374231 0.506126 0.0387084 9.9982E-05 0.357926
0.0159571 0.347165 0.319376 0.152082 0.115331 9.9991E-05 0.0499894
0.106527 0.522104 9.9973E-05 0.369447 0.00162195 9.9973E-05 9.9973E-05
0.017946 0.674927 9.9982E-05 0.125579 0.136131 9.9982E-05 0.0452174
0.0923494 0.119201 0.118913 0.478281 0.0216367 0.0542697 0.115349
0.9994 9.995E-05 9.995E-05 9.995E-05 9.995E-05 9.995E-05 9.995E-05
0.0672002 0.155723 0.0860225 0.36263 0.00311412 0.1573 0.16801
0.118635 9.9973E-05 9.9973E-05 9.9973E-05 0.000469843 0.179519 0.701077
0.0167351 9.9991E-05 0.35389 0.220507 0.168369 0.108842 0.131557
0.0763656 0.0980558 0.431284 0.0575116 9.9991E-05 0.0576409 0.279043
9.9973E-05 0.45306 0.271093 0.0793434 9.9973E-05 0.196204 9.9973E-05
0.01329 0.440114 0.384238 0.058631 0.0412229 9.9991E-05 0.0624043
0.9994 9.995E-05 9.995E-05 9.995E-05 9.995E-05 9.995E-05 9.995E-05
0.0103733 0.606954 0.01409 0.144086 0.115098 0.0908624 0.018537
0.226573 0.00566944 0.360894 0.0493896 0.014837 0.103865 0.238772
9.9991E-05 0.723816 0.112711 0.0137146 0.0255654 0.0812639 0.0428295
9.9991E-05 0.0153476 0.0164716 0.425117 0.000826963 0.118881 0.423256
