0.0565245 0.00546449 0.107433 0.758527 9.99642E-05 9.99642E-05 9.99642E-05 0.065819 9.99642E-05 0.00583167
0.0735643 0.114038 0.0988738 0.0859576 9.9973E-05 0.4463 0.145951 9.9973E-05 9.9973E-05 0.0350155
9.9964E-05 0.0391243 9.9964E-05 0.0638884 0.11824 0.124383 0.244569 9.9964E-05 9.9964E-05 0.409396
9.99642E-05 0.0168197 0.000351241 0.763924 9.99642E-05 0.079466 9.99642E-05 9.99642E-05 0.129798 0.00924079
9.99641E-05 0.170369 0.00476464 0.168523 0.40095 9.99641E-05 0.0452585 9.99641E-05 9.99641E-05 0.209735
9.99461E-05 0.0270634 0.110333 0.617832 9.99461E-05 9.99461E-05 9.99461E-05 9.99461E-05 0.244172 9.99461E-05
9.99463E-05 9.99463E-05 9.99463E-05 0.464872 0.31717 0.100712 9.99463E-05 9.99463E-05 9.99463E-05 0.116646
9.99374E-05 9.99374E-05 9.99374E-05 0.705362 0.125146 9.99374E-05 0.168793 9.99374E-05 9.99374E-05 9.99374E-05
0.430464 9.99553E-05 0.304439 0.186032 9.99553E-05 9.99553E-05 9.99553E-05 0.00134986 0.0772151 9.99553E-05
0.0857527 0.0680583 9.99731E-05 0.0322269 9.99731E-05 9.99731E-05 0.168066 0.505712 0.102697 0.0371878
0.11188 0.118463 9.9973E-05 0.119285 9.9973E-05 0.0991423 9.9973E-05 0.0309576 0.407684 0.112288
0.325525 0.0524579 9.99463E-05 0.377835 9.99463E-05 9.99463E-05 0.243582 9.99463E-05 9.99463E-05 9.99463E-05
0.405711 9.99374E-05 9.99374E-05 0.373315 0.220274 9.99374E-05 9.99374E-05 9.99374E-05 9.99374E-05 9.99374E-05
9.99641E-05 0.162923 0.0173238 0.233237 0.34704 0.127532 9.99641E-05 9.99641E-05 9.99641E-05 0.111544
0.0161608 9.99552E-05 9.99552E-05 0.110988 9.99552E-05 0.830262 0.0203575 9.99552E-05 0.0217313 9.99552E-05
9.995E-05 0.227266 9.995E-05 0.202675 0.124267 9.995E-05 0.224979 9.995E-05 9.995E-05 0.220314
9.99552E-05 9.99552E-05 9.99552E-05 0.25653 0.0465929 0.567998 0.106077 9.99552E-05 9.99552E-05 0.0223024
9.9982E-05 0.293525 0.0017857 0.0764814 9.9982E-05 0.206032 0.0418766 0.24069 0.0629077 0.0765023
0.394293 9.99373E-05 9.99373E-05 0.447829 9.99373E-05 9.99373E-05 9.99373E-05 0.157179 9.99373E-05 9.99373E-05
9.9955E-05 9.9955E-05 0.126665 0.256717 0.196878 9.9955E-05 0.277912 0.141329 9.9955E-05 9.9955E-05
9.99373E-05 0.181376 9.99373E-05 9.99373E-05 9.99373E-05 9.99373E-05 9.99373E-05 0.57457 0.243354 9.99373E-05
0.467413 9.99551E-05 9.99551E-05 0.194749 9.99551E-05 9.99551E-05 0.112624 9.99551E-05 0.0154738 0.209241
9.99641E-05 0.123263 9.99641E-05 0.394274 9.99641E-05 0.264014 0.0619931 9.99641E-05 0.106971 0.0490845
0.0303627 9.99464E-05 0.208811 0.470686 9.99464E-05 9.99464E-05 9.99464E-05 9.99464E-05 9.99464E-05 0.289541
9.99642E-05 0.00625977 9.99642E-05 0.271483 9.99642E-05 9.99642E-05 0.0455369 0.0533378 0.350502 0.27248
0.210569 0.102709 9.99462E-05 0.622611 9.99462E-05 9.99462E-05 9.99462E-05 9.99462E-05 9.99462E-05 0.0635111
0.272004 0.242462 9.9964E-05 9.9964E-05 9.9964E-05 0.0859128 0.0689226 0.225859 9.9964E-05 0.104439
9.99554E-05 9.99554E-05 0.456738 0.0971138 0.0684821 0.335511 9.99554E-05 9.99554E-05 0.0416549 9.99554E-05
0.0359038 9.9973E-05 0.118149 9.9973E-05 0.270522 0.0386144 0.271034 0.169587 0.0958899 9.9973E-05
0.0279232 9.99552E-05 9.99552E-05 0.171641 9.99552E-05 0.0395602 9.99552E-05 9.99552E-05 0.00771701 0.752658
9.99552E-05 0.0780789 0.72001 9.99552E-05 9.99552E-05 0.0863219 9.99552E-05 0.101255 0.0138344 9.99552E-05
9.99551E-05 0.0547695 9.99551E-05 9.99551E-05 0.313622 0.191757 0.359025 9.99551E-05 9.99551E-05 0.0803267
0.0909012 9.99552E-05 9.99552E-05 9.99552E-05 0.166097 9.99552E-05 0.0442257 0.664713 0.0335631 9.99552E-05
0.022184 9.99731E-05 0.140337 0.306512 0.194255 0.0948209 0.161245 9.99731E-05 9.99731E-05 0.0803463
9.99372E-05 0.105312 9.99372E-05 0.764556 9.99372E-05 9.99372E-05 9.99372E-05 9.99372E-05 9.99372E-05 0.129433
9.99463E-05 0.0105414 9.99463E-05 0.439868 0.0240696 9.99463E-05 9.99463E-05 0.524921 9.99463E-05 9.99463E-05
9.99372E-05 0.0874787 0.394714 9.99372E-05 9.99372E-05 9.99372E-05 0.517108 9.99372E-05 9.99372E-05 9.99372E-05
0.0675186 9.99551E-05 0.270779 9.99551E-05 9.99551E-05 9.99551E-05 9.99551E-05 0.377563 0.062092 0.221547
9.99551E-05 0.035746 0.34463 0.164953 9.99551E-05 9.99551E-05 0.364054 9.99551E-05 9.99551E-05 0.0901174
9.99641E-05 9.99641E-05 0.620027 0.0471678 9.99641E-05 0.185167 0.0796945 9.99641E-05 0.0381528 0.0293914
0.0585639 9.99462E-05 9.99462E-05 9.99462E-05 9.99462E-05 0.527351 9.99462E-05 0.111092 9.99462E-05 0.302393
0.166702 0.0779651 0.0331228 9.99732E-05 9.99732E-05 0.299891 9.99732E-05 0.141849 0.203803 0.0763666
0.314579 0.023889 0.00945069 0.329388 0.272967 9.9964E-05 9.9964E-05 0.0493263 9.9964E-05 9.9964E-05
0.0367505 9.99463E-05 0.512868 0.332034 9.99463E-05 0.117748 9.99463E-05 9.99463E-05 9.99463E-05 9.99463E-05
0.0304772 0.126314 0.00536438 0.103275 0.244604 0.169003 0.320663 9.99731E-05 9.99731E-05 9.99731E-05
9.99732E-05 0.0611378 0.0352409 0.603354 9.99732E-05 0.163487 0.0912002 0.0262492 0.0190305 9.99732E-05
9.9955E-05 9.9955E-05 9.9955E-05 0.0989331 9.9955E-05 0.149423 0.422647 0.321872 9.9955E-05 0.0066254
9.999E-05 0.19299 0.0858142 0.133989 0.112882 0.14898 0.0304871 0.254346 0.0339006 0.00651103
0.0582053 9.99464E-05 9.99464E-05 9.99464E-05 9.99464E-05 0.0301449 0.557743 0.353307 9.99464E-05 9.99464E-05
9.99372E-05 0.218897 9.99372E-05 0.664188 9.99372E-05 9.99372E-05 0.116215 9.99372E-05 9.99372E-05 9.99372E-05
9.99372E-05 9.99372E-05 9.99372E-05 0.715896 9.99372E-05 9.99372E-05 9.99372E-05 9.99372E-05 0.124565 0.158839
9.99731E-05 0.0953094 9.99731E-05 9.99731E-05 0.207153 0.169823 0.0359469 0.117739 0.341098 0.0326302
0.398398 9.99371E-05 9.99371E-05 0.452597 9.99371E-05 9.99371E-05 9.99371E-05 9.99371E-05 9.99371E-05 0.148305
9.99553E-05 9.99553E-05 9.99553E-05 0.572337 0.0290059 0.0794917 9.99553E-05 9.99553E-05 0.171121 0.147545
9.99462E-05 0.0124995 0.0993218 9.99462E-05 0.752256 0.135323 9.99462E-05 9.99462E-05 9.99462E-05 9.99462E-05
0.268245 0.0559388 0.0635516 0.153134 0.0795352 0.137266 0.0749335 0.167195 9.99821E-05 9.99821E-05
0.0165416 9.9964E-05 0.145921 0.291868 9.9964E-05 0.318076 9.9964E-05 9.9964E-05 0.0892299 0.137963
0.249022 9.99373E-05 9.99373E-05 0.0432161 0.707062 9.99373E-05 9.99373E-05 9.99373E-05 9.99373E-05 9.99373E-05
9.9964E-05 0.0298781 0.626721 0.0661603 0.019665 0.134342 9.9964E-05 9.9964E-05 0.122833 9.9964E-05
9.99371E-05 9.99371E-05 0.180958 0.476483 9.99371E-05 9.99371E-05 9.99371E-05 0.341859 9.99371E-05 9.99371E-05
0.0663774 9.99642E-05 0.0158783 0.621981 9.99642E-05 0.0126835 0.104046 9.99642E-05 0.178634 9.99642E-05
9.99551E-05 0.322589 0.000566988 0.280943 9.99551E-05 0.36746 9.99551E-05 0.0279404 9.99551E-05 9.99551E-05
0.666264 9.99461E-05 0.102558 9.99461E-05 9.99461E-05 0.0666593 0.163919 9.99461E-05 9.99461E-05 9.99461E-05
9.99551E-05 0.167044 9.99551E-05 9.99551E-05 9.99551E-05 9.99551E-05 0.0981768 0.00708019 0.111003 0.616196
0.119031 9.99552E-05 9.99552E-05 0.444553 0.0969492 9.99552E-05 0.254303 9.99552E-05 9.99552E-05 0.0846642
0.139839 0.0145203 9.9982E-05 0.0293586 9.9982E-05 0.369076 0.081683 0.145648 0.0439016 0.175773
9.99552E-05 0.0182968 0.0621216 0.762865 9.99552E-05 9.99552E-05 9.99552E-05 9.99552E-05 0.15171 0.00450694
0.23306 0.263525 9.99462E-05 0.441307 9.99462E-05 9.99462E-05 0.0615091 9.99462E-05 9.99462E-05 9.99462E-05
0.0776515 0.0617368 9.99462E-05 0.57182 9.99462E-05 9.99462E-05 0.288192 9.99462E-05 9.99462E-05 9.99462E-05
0.00896981 9.99731E-05 0.0639233 0.0353278 9.99731E-05 9.99731E-05 0.304815 0.478687 0.0684642 0.0395131
0.0142215 0.187623 9.99731E-05 0.357369 0.0639622 0.180583 9.99731E-05 0.10333 0.092612 9.99731E-05
0.52154 9.99551E-05 9.99551E-05 0.157828 9.99551E-05 0.201117 0.0211291 9.99551E-05 9.99551E-05 0.0978861
9.99374E-05 0.132724 9.99374E-05 9.99374E-05 0.85271 9.99374E-05 9.99374E-05 0.0138662 9.99374E-05 9.99374E-05
9.99463E-05 0.152519 9.99463E-05 0.142876 9.99463E-05 0.261477 0.442529 9.99463E-05 9.99463E-05 9.99463E-05
9.99553E-05 9.99553E-05 0.0695022 0.284427 0.379818 9.99553E-05 0.186147 9.99553E-05 9.99553E-05 0.0796065
0.137663 0.0452466 0.244338 0.0283977 0.211424 0.110085 0.211203 9.9982E-05 9.9982E-05 0.0114428
0.0110284 9.99465E-05 9.99465E-05 0.204432 9.99465E-05 0.732326 9.99465E-05 9.99465E-05 9.99465E-05 0.0516144
0.252098 0.0981235 9.99551E-05 0.187461 9.99551E-05 0.196844 9.99551E-05 9.99551E-05 0.264975 9.99551E-05
0.205424 9.99641E-05 0.452725 9.99641E-05 9.99641E-05 0.092783 0.0101364 9.99641E-05 0.198729 0.0398033
9.9955E-05 0.0269923 0.33877 9.9955E-05 0.28133 0.262979 9.9955E-05 9.9955E-05 0.0894287 9.9955E-05
9.99552E-05 0.26532 9.99552E-05 0.284435 0.241312 0.0575691 0.150864 9.99552E-05 9.99552E-05 9.99552E-05
0.172325 9.99642E-05 9.99642E-05 0.239496 0.261983 9.99642E-05 9.99642E-05 0.0799506 0.0977617 0.148084
9.99283E-05 9.99283E-05 0.487565 9.99283E-05 9.99283E-05 9.99283E-05 9.99283E-05 0.511635 9.99283E-05 9.99283E-05
0.392641 9.99551E-05 9.99551E-05 9.99551E-05 9.99551E-05 0.0497352 0.269334 9.99551E-05 0.129156 0.158634
9.99641E-05 0.0778053 9.99641E-05 0.399652 0.0953841 0.324392 9.99641E-05 0.0719652 9.99641E-05 0.0304015
9.99461E-05 0.0947002 9.99461E-05 0.369156 9.99461E-05 0.342492 9.99461E-05 0.193051 9.99461E-05 9.99461E-05
0.174525 0.0695915 0.486298 9.99462E-05 9.99462E-05 9.99462E-05 9.99462E-05 0.268985 9.99462E-05 9.99462E-05
0.153346 9.99641E-05 0.206613 0.107155 0.0634657 9.99641E-05 9.99641E-05 9.99641E-05 0.0334178 0.435602
0.0553492 9.99642E-05 0.202691 0.314048 9.99642E-05 9.99642E-05 9.99642E-05 0.144747 0.213764 0.0690013
0.510337 9.9964E-05 9.9964E-05 9.9964E-05 0.125014 9.9964E-05 0.134677 0.152325 0.000144239 0.0771034
9.99285E-05 9.99285E-05 9.99285E-05 9.99285E-05 9.99285E-05 9.99285E-05 0.0465675 9.99285E-05 9.99285E-05 0.952633
9.99552E-05 0.0618614 9.99552E-05 0.109789 0.364711 9.99552E-05 9.99552E-05 0.384165 9.99552E-05 0.078974
0.143394 0.0901965 9.99641E-05 9.99641E-05 0.366213 9.99641E-05 0.00763196 0.326559 9.99641E-05 0.0656048
0.0565119 9.99731E-05 9.99731E-05 0.187286 0.0421683 0.00164166 9.99731E-05 0.361884 0.113219 0.23699
0.49387 0.138705 9.9964E-05 0.08133 9.9964E-05 0.141747 0.0787747 9.9964E-05 9.9964E-05 0.0651733
9.9964E-05 0.0595451 0.230782 0.337694 0.153473 0.164263 9.9964E-05 9.9964E-05 0.0538437 9.9964E-05
0.186938 9.99641E-05 0.128387 0.209947 0.00298565 9.99641E-05 9.99641E-05 0.381959 0.0893835 9.99641E-05
0.05471 0.00542011 9.99552E-05 0.276746 9.99552E-05 0.493611 9.99552E-05 0.169013 9.99552E-05 9.99552E-05
9.99462E-05 0.00115404 0.385307 0.178038 9.99462E-05 9.99462E-05 9.99462E-05 9.99462E-05 9.99462E-05 0.434902
0.146176 9.9964E-05 0.0627714 0.17147 9.9964E-05 0.124218 9.9964E-05 0.107299 9.9964E-05 0.387666
0.0640849 0.13779 0.709451 0.0678864 9.99553E-05 9.99553E-05 9.99553E-05 0.0202879 9.99553E-05 9.99553E-05
9.99373E-05 0.05929 9.99373E-05 9.99373E-05 9.99373E-05 9.99373E-05 9.99373E-05 9.99373E-05 0.103148 0.836863
0.373479 9.99463E-05 9.99463E-05 9.99463E-05 9.99463E-05 0.124688 9.99463E-05 0.376256 0.124978 9.99463E-05
9.99372E-05 9.99372E-05 0.0277805 9.99372E-05 9.99372E-05 9.99372E-05 9.99372E-05 0.0767756 0.894744 9.99372E-05
9.99461E-05 9.99461E-05 9.99461E-05 0.521901 0.0149408 9.99461E-05 0.456484 0.00607454 9.99461E-05 9.99461E-05
0.0426612 9.99552E-05 9.99552E-05 0.6651 9.99552E-05 0.0521835 0.144428 0.0951281 9.99552E-05 9.99552E-05
0.0137507 9.99551E-05 9.99551E-05 0.174558 0.402647 9.99551E-05 0.213213 0.195332 9.99551E-05 9.99551E-05
9.99552E-05 9.99552E-05 0.0455564 0.308639 9.99552E-05 9.99552E-05 0.478241 0.0298803 0.137183 9.99552E-05
0.014229 9.99553E-05 0.00649567 0.383341 9.99553E-05 9.99553E-05 0.529378 9.99553E-05 0.066057 9.99553E-05
9.99551E-05 0.0188767 9.99551E-05 9.99551E-05 9.99551E-05 9.99551E-05 0.365556 0.195156 0.281983 0.137928
0.0616385 0.111018 0.30611 9.99642E-05 0.0337751 9.99642E-05 9.99642E-05 0.139205 9.99642E-05 0.347854
0.151077 0.10152 0.109122 0.637681 9.99463E-05 9.99463E-05 9.99463E-05 9.99463E-05 9.99463E-05 9.99463E-05
9.99283E-05 9.99283E-05 0.320346 9.99283E-05 9.99283E-05 9.99283E-05 9.99283E-05 9.99283E-05 9.99283E-05 0.678854
0.185771 9.99642E-05 9.99642E-05 0.181031 0.413795 9.99642E-05 0.0540967 9.99642E-05 0.0769983 0.0879082
0.101772 9.99282E-05 9.99282E-05 9.99282E-05 9.99282E-05 9.99282E-05 9.99282E-05 9.99282E-05 9.99282E-05 0.897429
0.233052 9.99462E-05 9.99462E-05 9.99462E-05 0.291594 0.131922 9.99462E-05 9.99462E-05 0.342832 9.99462E-05
9.99373E-05 0.0155609 9.99373E-05 0.763793 9.99373E-05 0.219947 9.99373E-05 9.99373E-05 9.99373E-05 9.99373E-05
0.613004 9.99462E-05 9.99462E-05 0.0528151 0.00810873 9.99462E-05 0.325473 9.99462E-05 9.99462E-05 9.99462E-05
0.115222 0.142682 0.169666 9.997E-05 0.124409 9.997E-05 0.136459 9.997E-05 0.00245441 0.308806
9.9973E-05 9.9973E-05 0.27367 0.224244 0.00485242 0.279558 0.0346433 0.150199 9.9973E-05 0.0325322
0.361706 9.99372E-05 9.99372E-05 0.352672 9.99372E-05 9.99372E-05 9.99372E-05 9.99372E-05 9.99372E-05 0.284923
9.99552E-05 9.99552E-05 0.548105 9.99552E-05 0.0721539 0.144426 0.047225 9.99552E-05 9.99552E-05 0.187591
9.99372E-05 9.99372E-05 9.99372E-05 0.411745 0.411508 9.99372E-05 9.99372E-05 9.99372E-05 0.176048 9.99372E-05
0.0352903 0.0902047 0.038436 0.0195563 0.0980323 0.242895 0.00944641 0.465939 9.99821E-05 9.99821E-05
9.99552E-05 9.99552E-05 9.99552E-05 0.317991 9.99552E-05 0.458597 9.99552E-05 0.097389 0.0692195 0.0563042
0.234819 9.99462E-05 9.99462E-05 0.606391 9.99462E-05 9.99462E-05 9.99462E-05 0.141421 0.0167697 9.99462E-05
0.0513831 9.99642E-05 9.99642E-05 9.99642E-05 0.243373 0.069393 0.0523343 0.3223 9.99642E-05 0.260817
9.99551E-05 0.137681 0.0536001 0.432506 9.99551E-05 9.99551E-05 0.320255 9.99551E-05 0.0554579 9.99551E-05
9.99731E-05 0.0448297 0.0605404 0.111394 9.99731E-05 0.124972 9.99731E-05 0.380072 0.18998 0.0879115
9.99642E-05 0.0904107 9.99642E-05 0.233423 0.15329 9.99642E-05 0.0810243 0.324118 9.99642E-05 0.117334
0.322512 0.226476 0.0323339 0.153336 9.99731E-05 0.190168 9.99731E-05 0.0560247 0.0188483 9.99731E-05
9.9973E-05 0.0129856 9.9973E-05 0.623584 0.209192 0.0227141 9.9973E-05 0.0266898 0.0733583 0.0311763
0.33413 9.99551E-05 0.289942 0.168041 0.112114 9.99551E-05 9.99551E-05 9.99551E-05 0.0952718 9.99551E-05
0.151203 0.192708 0.00641647 0.280918 9.99731E-05 0.0203029 0.170189 9.99731E-05 0.177962 9.99731E-05
9.99551E-05 0.0911311 9.99551E-05 0.0547552 9.99551E-05 0.0581805 9.99551E-05 0.695973 0.0994601 9.99551E-05
9.99463E-05 9.99463E-05 9.99463E-05 0.403822 9.99463E-05 9.99463E-05 0.549071 0.0287309 0.0177761 9.99463E-05
9.99371E-05 9.99371E-05 9.99371E-05 0.0370002 9.99371E-05 9.99371E-05 0.94411 9.99371E-05 0.01819 9.99371E-05
9.99642E-05 9.99642E-05 0.189166 0.0875383 9.99642E-05 9.99642E-05 0.484065 0.0496626 0.0808566 0.108312
0.33066 9.99463E-05 0.442678 9.99463E-05 9.99463E-05 9.99463E-05 9.99463E-05 0.157355 0.0687068 9.99463E-05
9.99373E-05 9.99373E-05 9.99373E-05 0.754649 9.99373E-05 0.210751 9.99373E-05 0.0339003 9.99373E-05 9.99373E-05
0.119463 9.99553E-05 0.767244 0.0617086 9.99553E-05 9.99553E-05 0.0196083 9.99553E-05 0.0314761 9.99553E-05
0.0112579 9.99732E-05 0.332122 0.162326 0.0209012 9.99732E-05 9.99732E-05 0.280468 0.0194821 0.173142
0.126952 0.0803146 0.0763001 0.176516 0.145245 0.108722 9.9982E-05 0.278505 0.00724585 9.9982E-05
0.609912 9.99552E-05 9.99552E-05 9.99552E-05 9.99552E-05 0.022901 9.99552E-05 0.044288 0.160354 0.162045
9.99462E-05 0.145254 9.99462E-05 0.358555 9.99462E-05 9.99462E-05 9.99462E-05 0.0160178 9.99462E-05 0.479573
9.99461E-05 9.99461E-05 9.99461E-05 0.434811 0.240726 9.99461E-05 0.255106 9.99461E-05 9.99461E-05 0.0687565
9.99201E-05 0.999101 9.99201E-05 9.99201E-05 9.99201E-05 9.99201E-05 9.99201E-05 9.99201E-05 9.99201E-05 9.99201E-05
0.137296 0.0316063 0.083704 0.481245 9.99731E-05 9.99731E-05 9.99731E-05 0.0682154 0.122385 0.0752492
9.99641E-05 9.99641E-05 0.106425 0.35519 0.361015 9.99641E-05 9.99641E-05 0.0291125 0.0240404 0.123818
0.0343945 0.552271 0.283863 9.99553E-05 9.99553E-05 0.110035 0.0189371 9.99553E-05 9.99553E-05 9.99553E-05
0.354222 0.107539 0.287776 0.00870039 0.0147443 9.99821E-05 0.0225396 9.99821E-05 0.187759 0.0165199
0.503796 0.0247238 9.99462E-05 0.275876 9.99462E-05 0.195005 9.99462E-05 9.99462E-05 9.99462E-05 9.99462E-05
0.0731181 9.99641E-05 0.116117 0.361932 0.0587026 0.0328847 0.356845 9.99641E-05 9.99641E-05 9.99641E-05
0.272575 9.99371E-05 0.703773 0.0229528 9.99371E-05 9.99371E-05 9.99371E-05 9.99371E-05 9.99371E-05 9.99371E-05
9.99643E-05 0.141511 9.99643E-05 0.428025 9.99643E-05 0.0873538 9.99643E-05 0.0576178 0.108151 0.176942
9.99462E-05 0.106923 9.99462E-05 9.99462E-05 9.99462E-05 0.219963 0.513651 9.99462E-05 0.158863 9.99462E-05
9.99462E-05 9.99462E-05 0.61937 9.99462E-05 0.202715 9.99462E-05 9.99462E-05 0.105845 0.0714704 9.99462E-05
0.405918 0.111322 0.198836 9.99553E-05 9.99553E-05 9.99553E-05 9.99553E-05 9.99553E-05 0.160574 0.12285
9.99377E-05 9.99377E-05 9.99377E-05 0.953141 9.99377E-05 0.00618701 0.0399724 9.99377E-05 9.99377E-05 9.99377E-05
9.99821E-05 0.0138081 0.00306313 0.411083 9.99821E-05 0.0179833 0.0818914 0.347688 0.0252148 0.0990684
9.99201E-05 0.999101 9.99201E-05 9.99201E-05 9.99201E-05 9.99201E-05 9.99201E-05 9.99201E-05 9.99201E-05 9.99201E-05
0.421524 0.184024 9.99462E-05 0.34336 9.99462E-05 9.99462E-05 0.0504925 9.99462E-05 9.99462E-05 9.99462E-05
0.143353 9.99641E-05 0.101532 0.381788 0.291476 9.99641E-05 0.0379806 9.99641E-05 9.99641E-05 0.0434697
0.0227755 0.102239 0.0364618 9.99731E-05 0.153816 0.593151 9.99731E-05 0.0122797 0.0789775 9.99731E-05
0.495364 0.088795 9.99642E-05 9.99642E-05 0.188161 0.123908 9.99642E-05 0.0705091 0.0328634 9.99642E-05
0.121518 9.99642E-05 0.00985014 0.76988 9.99642E-05 0.0277332 9.99642E-05 0.064208 0.00641075 9.99642E-05
9.997E-05 9.997E-05 0.207584 0.0461431 0.267736 0.1196 0.239518 0.0815205 9.997E-05 0.0375983
9.99285E-05 9.99285E-05 9.99285E-05 9.99285E-05 9.99285E-05 9.99285E-05 0.996283 9.99285E-05 0.00291781 9.99285E-05
9.99374E-05 9.99374E-05 0.256004 9.99374E-05 0.574717 0.168579 9.99374E-05 9.99374E-05 9.99374E-05 9.99374E-05
9.9955E-05 9.9955E-05 0.463499 0.336739 0.0163878 0.0307102 9.9955E-05 0.152165 9.9955E-05 9.9955E-05
9.99463E-05 9.99463E-05 0.203511 0.348026 9.99463E-05 9.99463E-05 0.299226 9.99463E-05 0.148637 9.99463E-05
9.99641E-05 9.99641E-05 0.00284316 0.262753 0.514188 9.99641E-05 0.12479 0.0902371 0.00478975 9.99641E-05
0.0719259 9.99641E-05 0.362032 0.0195503 0.0216768 0.410132 0.114283 9.99641E-05 9.99641E-05 9.99641E-05
0.00621356 9.99641E-05 9.99641E-05 0.650818 9.99641E-05 0.0245899 9.99641E-05 0.203752 0.0149605 0.0992659
0.085004 0.0179946 9.99642E-05 0.673546 9.99642E-05 9.99642E-05 0.157083 9.99642E-05 0.0275803 0.0383924
0.0245694 9.99552E-05 9.99552E-05 0.161669 0.626459 9.99552E-05 0.140813 9.99552E-05 0.0459901 9.99552E-05
0.310287 0.0960071 9.99642E-05 0.0619917 0.0627269 9.99642E-05 0.249166 9.99642E-05 9.99642E-05 0.219421
9.99372E-05 0.0686002 9.99372E-05 9.99372E-05 0.0131013 9.99372E-05 9.99372E-05 9.99372E-05 0.917599 9.99372E-05
0.000203435 9.99463E-05 0.426826 0.282566 9.99463E-05 9.99463E-05 9.99463E-05 0.289804 9.99463E-05 9.99463E-05
0.200276 9.99373E-05 9.99373E-05 9.99373E-05 9.99373E-05 0.691768 9.99373E-05 0.107256 9.99373E-05 9.99373E-05
0.0472922 0.209177 0.0256206 0.0952828 9.99642E-05 0.0480072 9.99642E-05 0.57422 9.99642E-05 9.99642E-05
0.12112 0.15152 9.99641E-05 0.261055 9.99641E-05 0.0826089 9.99641E-05 0.300145 0.0831512 9.99641E-05
0.107721 0.151837 0.00939416 0.530744 9.99731E-05 9.99731E-05 0.0963216 0.0562798 0.0474026 9.99731E-05
0.0568535 9.99553E-05 9.99553E-05 0.577729 0.316265 0.03127 9.99553E-05 9.99553E-05 9.99553E-05 0.017383
9.99201E-05 9.99201E-05 9.99201E-05 9.99201E-05 9.99201E-05 9.99201E-05 9.99201E-05 9.99201E-05 0.999101 9.99201E-05
0.333959 0.0808444 0.0790507 0.416203 0.0894429 9.99554E-05 9.99554E-05 9.99554E-05 9.99554E-05 9.99554E-05
0.0103444 9.99731E-05 0.0318149 0.543321 0.151377 0.0960471 0.111663 0.0551327 9.99731E-05 9.99731E-05
9.99641E-05 0.0601086 0.564135 0.169746 9.99641E-05 0.000812482 9.99641E-05 9.99641E-05 0.107538 0.0972604
9.9964E-05 9.9964E-05 0.12823 0.366995 0.176026 0.044337 9.9964E-05 0.180563 9.9964E-05 0.103449
