0.619424 0.0743239 0.306252
0.534976 0.236012 0.229013
0.458585 0.511595 0.0298196
0.627023 0.150919 0.222058
0.867199 9.9991E-05 0.132701
0.647525 0.352375 9.9991E-05
0.533445 9.99911E-05 0.466455
0.772914 0.161189 0.0658965
9.99911E-05 0.241108 0.758792
0.0796811 0.656461 0.263858
0.374961 0.554792 0.0702476
0.222488 9.99911E-05 0.777412
0.672302 9.99911E-05 0.327598
0.762171 0.0498727 0.187956
9.99911E-05 0.162421 0.837479
0.84254 9.99911E-05 0.157361
0.224515 0.144781 0.630704
0.304617 0.494916 0.200468
0.184291 0.0535112 0.762198
0.605628 0.394272 9.9991E-05
0.200402 0.799498 9.99911E-05
0.200832 0.0698023 0.729366
0.328617 0.387816 0.283567
0.947465 0.0524354 9.99911E-05
0.481046 0.518854 9.99911E-05
0.772325 9.9991E-05 0.227575
0.219277 0.134422 0.646301
0.27635 0.475623 0.248027
0.112652 0.600203 0.287145
0.921216 9.99911E-05 0.0786841
0.171408 0.447026 0.381567
0.486415 0.192136 0.321449
9.99911E-05 0.86563 0.13427
0.599506 0.170056 0.230438
0.902494 9.9991E-05 0.0974063
0.500861 0.206433 0.292706
0.2994 0.378166 0.322434
0.153515 0.822431 0.0240543
0.415806 0.334487 0.249707
0.529845 0.465806 0.00434857
0.0255869 0.301726 0.672687
9.99911E-05 0.29328 0.70662
0.493762 0.251224 0.255014
0.599666 9.99911E-05 0.400234
0.3256 0.328794 0.345606
0.408761 0.204017 0.387222
0.209577 9.99911E-05 0.790323
9.9991E-05 0.336074 0.663826
0.290219 0.279735 0.430046
0.938203 0.0616965 9.9991E-05
0.9998 9.999E-05 9.999E-05
9.9991E-05 0.875964 0.123936
0.386105 0.041352 0.572543
0.881384 9.99911E-05 0.118516
0.258134 0.240486 0.50138
0.0613484 0.109384 0.829268
0.949212 9.9991E-05 0.0506882
0.259364 0.0452684 0.695367
0.412 0.0575082 0.530491
0.3989 0.362488 0.238612
0.587278 0.315437 0.0972854
0.290121 0.109691 0.600188
9.9991E-05 0.122527 0.877373
0.872928 0.126972 9.99911E-05
0.749798 0.105299 0.144903
0.0902544 0.295425 0.614321
0.846099 0.153801 9.9991E-05
0.243995 0.0167464 0.739258
0.42075 0.012625 0.566624
0.277748 0.571753 0.1505
0.0562452 0.48761 0.456145
0.12349 9.9991E-05 0.87641
0.821768 0.00218387 0.176048
0.47936 9.99911E-05 0.52054
0.9998 9.999E-05 9.999E-05
0.237292 9.9991E-05 0.762608
0.1985 9.99911E-05 0.8014
0.160523 0.37064 0.468837
0.389806 0.324762 0.285432
0.429869 0.293694 0.276436
0.737398 0.0693201 0.193282
0.488424 0.405274 0.106302
0.346351 0.30666 0.34699
0.401511 0.30592 0.292569
0.458473 0.0938527 0.447675
0.325156 0.141163 0.533681
9.99911E-05 0.42788 0.57202
0.936795 0.0631047 9.99911E-05
0.469783 0.393353 0.136865
0.144667 0.440627 0.414706
0.9998 9.999E-05 9.999E-05
0.708193 0.12874 0.163067
0.442871 0.102737 0.454393
0.017702 0.882944 0.0993541
9.9991E-05 0.145848 0.854052
0.397568 0.125335 0.477098
0.379907 0.243098 0.376995
9.9991E-05 0.346914 0.652986
0.9998 9.999E-05 9.999E-05
0.731145 0.188484 0.0803712
0.320188 0.151906 0.527906
0.693174 0.306726 9.99911E-05
9.99911E-05 0.743806 0.256094
9.999E-05 0.9998 9.999E-05
0.431125 0.321344 0.247531
0.421455 0.0115334 0.567012
0.474378 0.198452 0.32717
0.309426 0.690474 9.9991E-05
0.506953 0.312807 0.18024
0.28047 0.71943 9.99911E-05
0.427973 0.0643081 0.507719
0.941851 9.9991E-05 0.0580486
0.767403 0.232497 9.99911E-05
0.750878 0.249022 9.99911E-05
0.871495 0.128405 9.99911E-05
0.229876 0.103104 0.667019
0.304316 0.163913 0.531771
0.349147 0.190818 0.460036
0.626415 0.177332 0.196253
0.455467 0.533974 0.0105594
0.729286 9.99911E-05 0.270614
0.637571 0.362329 9.99911E-05
0.938173 0.0617272 9.9991E-05
0.332931 0.426482 0.240587
0.176564 0.341185 0.48225
0.428721 9.9991E-05 0.571179
0.27215 0.256123 0.471727
0.34738 0.238337 0.414283
0.00234092 0.997559 9.99911E-05
0.34108 0.593987 0.064933
9.99911E-05 0.182372 0.817528
0.594613 0.249829 0.155558
0.174755 0.327586 0.49766
9.9991E-05 0.629047 0.370853
9.99911E-05 0.617321 0.382579
0.406074 0.593826 9.99911E-05
0.2703 0.598529 0.131171
0.548607 0.451293 9.99911E-05
0.0489509 0.24179 0.709259
0.839097 0.0378912 0.123012
0.525783 0.276739 0.197478
0.307728 0.496445 0.195827
0.118333 0.382668 0.498999
9.99911E-05 0.745547 0.254353
0.811869 9.99911E-05 0.188031
0.575615 0.180538 0.243847
0.266449 9.9991E-05 0.733451
0.508103 0.491797 9.9991E-05
0.960897 9.99911E-05 0.039003
0.170746 0.120286 0.708967
0.370287 0.140197 0.489517
0.0146139 0.0428001 0.942586
0.516453 0.340537 0.14301
0.550385 0.199241 0.250374
0.894946 0.10232 0.00273369
0.0712327 0.639691 0.289076
0.256639 0.743261 9.99911E-05
0.457252 0.381982 0.160766
0.85464 0.0859992 0.0593603
0.460264 0.273437 0.266299
0.1458 9.99911E-05 0.8541
0.410358 9.99911E-05 0.589542
0.617916 0.301551 0.0805325
0.0411413 0.028935 0.929924
9.999E-05 9.999E-05 0.9998
0.535515 0.0526509 0.411834
0.568113 0.174905 0.256982
0.0369377 0.609984 0.353079
0.429249 0.231023 0.339729
0.469426 0.16976 0.360813
0.718941 0.16943 0.111629
0.660716 0.0858325 0.253451
9.9991E-05 0.347948 0.651952
0.657212 0.257797 0.0849913
0.720279 0.125456 0.154265
0.725006 9.99911E-05 0.274894
0.598663 0.0931156 0.308221
9.999E-05 0.9998 9.999E-05
0.270058 0.267791 0.462151
9.99911E-05 0.342411 0.657489
9.99911E-05 0.260042 0.739858
0.146189 0.212943 0.640868
0.565031 0.0779685 0.357
0.847758 9.99911E-05 0.152142
9.999E-05 0.9998 9.999E-05
0.329927 9.99911E-05 0.669973
0.253869 0.332123 0.414008
0.720121 0.279779 9.99911E-05
0.629905 0.369995 9.9991E-05
