9.9973E-05 0.905411 0.058783 9.9973E-05 9.9973E-05 0.0149201 0.0205863
0.27903 0.0443836 0.0988385 0.120327 0.327897 0.0677871 0.0617367
0.350997 0.135941 0.277268 0.0682517 0.0380535 0.0922188 0.03727
0.45282 0.233606 9.9991E-05 0.0954572 0.00675547 0.110448 0.100813
0.410337 0.0411898 0.239881 9.9991E-05 0.0546029 0.145949 0.10794
0.576526 9.9973E-05 0.310049 9.9973E-05 9.9973E-05 0.0773128 0.0358122
0.227306 0.346747 0.136762 0.0900696 0.02927 0.0717157 0.09813
9.999E-05 0.291245 0.321489 0.112034 0.232304 0.0151885 0.0276398
0.267208 0.109017 0.369688 0.111236 9.9991E-05 0.0694169 0.0733351
9.999E-05 0.225039 0.147398 0.21658 0.0797143 0.200563 0.130606
0.0242572 0.131548 0.63743 0.00441603 9.9991E-05 0.195862 0.00638588
0.292538 0.00747935 0.555605 0.0859104 9.9982E-05 9.9982E-05 0.0582668
0.478189 0.00797301 0.311652 0.0123486 9.9991E-05 0.0310657 0.158672
0.113132 0.218394 0.197792 0.153833 0.12253 0.131959 0.062359
9.99639E-05 9.99639E-05 0.779232 9.99639E-05 0.195001 9.99639E-05 0.0253675
9.999E-05 0.160957 0.298352 0.0265417 0.382917 0.00107366 0.130059
9.9991E-05 0.00113701 0.698356 0.0507972 0.119068 0.12119 0.00935153
0.0638407 0.222394 0.109053 0.195723 0.149419 0.0805507 0.17902
0.252395 0.159903 0.507962 9.9973E-05 9.9973E-05 9.9973E-05 0.0794397
0.247043 0.27975 0.284182 0.0280653 0.0127614 0.0993542 0.0488435
0.066348 0.447127 0.221206 9.9991E-05 0.0717823 0.0788687 0.114568
0.262611 0.170972 0.262305 0.00169218 0.180202 0.0717754 0.0504428
0.406696 0.0649073 0.0743766 0.0784691 0.138453 0.100982 0.136117
0.621056 9.9982E-05 0.0140513 0.232167 0.103937 9.9982E-05 0.0285892
9.9964E-05 9.9964E-05 0.724146 9.9964E-05 9.9964E-05 0.245623 0.0298309
0.184975 0.479269 0.154966 0.153427 0.0182221 0.00904094 9.9991E-05
0.00564588 0.26189 0.0222357 0.234099 0.218886 0.0965518 0.160692
0.00607185 0.411115 0.300702 0.0902141 0.16159 0.00133115 0.028976
0.149479 0.243123 0.360677 0.144007 9.9982E-05 0.102515 9.9982E-05
0.202545 9.99819E-05 0.0693734 0.624616 0.0953944 9.99819E-05 0.00787069
0.185052 9.9982E-05 0.659099 0.0349578 9.9982E-05 0.0865805 0.0341103
9.999E-05 0.310801 0.446686 0.116601 0.0141256 0.0729473 0.0387401
0.446643 0.119831 0.296553 0.0651707 9.9982E-05 9.9982E-05 0.0716022
0.0779427 0.291291 0.313108 9.9991E-05 0.169178 0.0776713 0.0707092
0.203115 0.266866 0.245518 9.9991E-05 0.019058 0.105326 0.160017
9.99551E-05 0.909154 9.99551E-05 9.99551E-05 9.99551E-05 9.99551E-05 0.090346
0.720601 0.133553 9.9973E-05 9.9973E-05 9.9973E-05 0.095262 0.0502845
9.9982E-05 0.647991 0.220996 0.0507902 9.9982E-05 0.0705059 0.00951736
0.376355 9.9991E-05 0.31125 0.133346 0.0625296 0.0955454 0.0208731
0.0806883 0.179923 0.315744 9.9991E-05 0.178323 0.101714 0.143508
0.406515 9.9991E-05 0.270874 0.0167011 0.166235 0.106652 0.032922
0.24681 0.308479 0.0223721 0.0438057 0.260382 0.074297 0.0438546
0.237611 0.317779 9.9991E-05 0.0528241 0.227144 0.0630439 0.101498
0.204501 0.423734 0.201843 0.133497 0.0362256 9.9982E-05 9.9982E-05
9.9982E-05 0.422804 0.15778 0.117516 0.208978 9.9982E-05 0.0927226
0.18163 0.14655 0.348013 0.107323 9.9991E-05 0.208468 0.00791451
0.38237 0.114225 0.183221 0.0500306 0.16899 0.0333096 0.0678538
0.567618 0.0482991 0.036968 0.0688051 0.168284 0.0345292 0.0754967
9.9982E-05 9.9982E-05 0.499129 0.101251 0.208589 0.10553 0.0853005
9.9973E-05 0.140643 0.543282 0.112492 0.203283 9.9973E-05 9.9973E-05
0.00854402 0.257213 0.26314 0.171999 0.0445849 0.0872189 0.1673
0.27977 0.0252991 0.289177 0.0323796 0.205667 0.060028 0.10768
0.262712 0.00287563 9.9982E-05 0.0938544 0.60314 9.9982E-05 0.0372173
0.105868 0.181206 0.253329 0.116242 0.130437 0.175235 0.0376832
0.175291 9.9973E-05 0.0194148 0.224466 0.580529 9.9973E-05 9.9973E-05
0.464608 0.182174 0.21018 0.00261323 9.9991E-05 0.0305926 0.109733
0.290172 9.99731E-05 0.0215539 9.99731E-05 0.56387 0.124104 9.99731E-05
0.531703 0.0186191 9.9991E-05 0.117612 0.242877 0.0509779 0.0381118
0.0323257 0.0878884 0.454144 0.0512946 0.334807 0.00766477 0.0318758
9.9991E-05 0.265155 0.31255 0.0624444 0.138452 0.100334 0.120965
0.844842 9.9964E-05 9.9964E-05 0.0691005 9.9964E-05 9.9964E-05 0.0856574
0.238114 0.104476 0.224461 0.0148327 0.0869767 0.160628 0.170512
0.337121 0.0329982 0.544363 9.9982E-05 0.018271 9.9982E-05 0.0670471
9.9964E-05 9.9964E-05 9.9964E-05 0.915806 9.9964E-05 0.00542056 0.0783738
0.264967 0.38601 0.147772 9.9973E-05 9.9973E-05 0.200952 9.9973E-05
9.9964E-05 0.93927 9.9964E-05 9.9964E-05 9.9964E-05 0.0108878 0.0494425
0.257723 0.279003 0.199239 9.9991E-05 0.0465767 0.00962596 0.207733
0.348263 9.9973E-05 0.565412 0.0516444 9.9973E-05 9.9973E-05 0.0343801
0.255835 0.445848 0.233863 0.0368676 9.9982E-05 9.9982E-05 0.0273874
0.175112 0.221684 0.00226645 0.128848 0.207773 0.11611 0.148206
0.18325 0.025503 0.0770439 0.147329 0.262678 0.253164 0.0510319
9.9982E-05 0.227542 0.64698 0.0271977 0.0429031 9.9982E-05 0.0551766
0.261518 0.105008 0.440067 0.0256943 0.0238557 9.9991E-05 0.143757
0.0798104 9.9982E-05 0.78527 9.9982E-05 0.0782142 0.0542875 0.00221799
0.0949399 0.202046 0.117099 0.230619 0.105899 0.241757 0.00764062
9.9982E-05 9.9982E-05 0.206116 0.103661 0.562475 0.0926363 0.0349114
0.602495 9.9982E-05 0.134961 9.9982E-05 0.127126 0.050147 0.085071
0.752371 9.9991E-05 0.0228298 0.0644032 0.0331254 0.0411872 0.085983
0.826619 0.0141531 0.120116 0.00658584 9.9982E-05 0.0323261 9.9982E-05
0.604688 0.0298161 0.129619 0.152577 9.9982E-05 9.9982E-05 0.0830995
0.152667 0.255051 0.148765 0.0995761 0.121231 0.0720278 0.150682
0.544917 0.0503893 0.151652 0.0408329 9.9991E-05 0.107146 0.104963
0.285435 0.113268 0.205599 0.23818 0.157317 9.9982E-05 9.9982E-05
0.273067 9.9991E-05 0.300646 0.0410392 0.245314 0.106046 0.0337869
0.523116 0.122154 0.173007 0.134229 9.9991E-05 0.0122802 0.0351129
0.21242 0.193735 0.202796 0.0294088 0.199463 0.152975 0.00920101
0.235636 0.595476 0.0867245 9.9973E-05 9.9973E-05 9.9973E-05 0.0818644
0.210608 9.9982E-05 0.487361 9.9982E-05 0.0509749 0.131767 0.119089
9.9991E-05 0.221033 0.443998 0.135813 0.109147 0.0551074 0.0348022
0.0533676 0.373508 0.409987 9.9982E-05 0.148502 9.9982E-05 0.0144351
9.9964E-05 0.0207185 9.9964E-05 0.955038 9.9964E-05 0.0238438 9.9964E-05
9.9973E-05 0.157011 0.534627 9.9973E-05 0.147867 0.160195 9.9973E-05
0.518761 0.270206 9.9973E-05 9.9973E-05 9.9973E-05 0.0622323 0.148501
9.9991E-05 0.12875 0.501878 0.0667811 0.23235 0.0110202 0.059121
0.506572 0.300643 9.9982E-05 0.0351848 9.9982E-05 0.127263 0.0301376
0.410054 0.315419 0.0751388 0.120098 0.00560929 0.0735804 9.9991E-05
0.0526298 0.466068 9.9973E-05 9.9973E-05 0.313016 0.167987 9.9973E-05
0.39505 9.99731E-05 0.401001 9.99731E-05 9.99731E-05 0.168301 0.0353481
0.151107 0.054117 0.314875 0.364975 9.9982E-05 9.9982E-05 0.114726
0.292002 9.9982E-05 0.350631 0.282849 0.0488387 9.9982E-05 0.0254793
0.333366 0.0984431 0.376346 0.108117 9.9991E-05 0.00759535 0.076032
9.995E-05 9.995E-05 9.995E-05 0.9994 9.995E-05 9.995E-05 9.995E-05
0.166854 9.9991E-05 0.566049 0.0430714 0.0481814 0.167915 0.00783011
9.99549E-05 9.99549E-05 9.99549E-05 9.99549E-05 9.99549E-05 0.974114 0.0253863
0.136162 0.362576 0.0184136 0.0193167 0.271687 0.124394 0.0674506
0.249429 0.0894395 0.445543 9.9973E-05 0.215289 9.9973E-05 9.9973E-05
0.258606 0.218079 0.158692 0.0181224 0.341877 9.9991E-05 0.00452306
0.220621 0.145752 0.388237 0.182993 9.9982E-05 9.9982E-05 0.0621968
0.105839 0.0275978 0.481236 0.231531 0.0908611 0.060193 0.00274222
0.132075 0.363454 0.317277 0.0387184 0.0496872 0.0247589 0.0740286
0.407753 0.194375 0.11071 0.0241716 0.133053 0.0762025 0.0537351
0.374651 9.9991E-05 0.264738 0.144434 0.0292041 0.0841636 0.102709
0.282807 0.0995563 0.108099 0.0712018 0.299033 0.0821973 0.0571059
0.182916 0.0409966 0.283662 0.334831 0.00858506 0.057112 0.0918979
0.156444 0.316907 0.320169 0.017901 0.148287 0.040192 9.9991E-05
9.995E-05 9.995E-05 9.995E-05 0.9994 9.995E-05 9.995E-05 9.995E-05
0.0795133 0.225826 0.379712 9.9973E-05 9.9973E-05 0.314648 9.9973E-05
9.9982E-05 0.706128 9.9982E-05 0.0179917 0.157721 0.0208365 0.097123
0.637871 9.9991E-05 0.0263701 0.118269 0.167164 0.00770067 0.0425245
0.0044195 0.431185 0.26265 0.120105 9.9991E-05 0.0912759 0.090264
0.276459 0.342353 0.122781 9.9982E-05 0.105644 9.9982E-05 0.152563
0.208742 0.0464068 0.21345 0.337334 9.9982E-05 9.9982E-05 0.193866
0.300884 0.0878099 0.255989 0.166306 0.0879531 0.0428637 0.0581935
0.406178 9.9982E-05 0.283698 9.9982E-05 0.244294 0.0324768 0.0331537
0.269974 0.0373493 0.256931 0.191079 0.117437 0.0816369 0.0455938
0.27521 9.99731E-05 0.655813 9.99731E-05 0.0674031 9.99731E-05 0.00127454
9.9964E-05 0.115115 0.85818 9.9964E-05 9.9964E-05 9.9964E-05 0.0263047
0.260234 0.0426005 0.31281 0.15649 0.0585316 0.119774 0.0495609
0.514768 0.0918281 0.0606512 9.9991E-05 0.279405 0.0034897 0.0497579
9.9982E-05 0.464434 0.233607 0.202541 0.0538445 9.9982E-05 0.0453734
0.103189 0.587345 0.218028 0.0316645 9.9982E-05 9.9982E-05 0.0595735
0.723308 9.9982E-05 0.00263256 0.104497 9.9982E-05 0.0100522 0.159311
0.288127 0.105913 0.113047 0.331003 0.0722453 0.0798541 0.0098112
0.104448 0.0605373 0.401118 0.163847 0.163033 9.9991E-05 0.106917
0.287681 0.250738 0.389496 0.0437913 9.9991E-05 0.0274543 0.00073917
0.0710238 0.160546 0.551781 9.9982E-05 9.9982E-05 0.126689 0.0897603
0.110586 9.99549E-05 9.99549E-05 9.99549E-05 0.888915 9.99549E-05 9.99549E-05
9.9964E-05 9.9964E-05 9.9964E-05 0.0065078 0.971368 9.9964E-05 0.0217242
0.275196 0.192932 0.021095 0.112462 0.220363 0.0870317 0.0909196
0.639473 0.0802937 0.0629511 0.0283326 9.9991E-05 0.149724 0.0391253
0.416554 0.0510345 0.162006 0.126407 0.0277235 0.126135 0.0901408
9.9973E-05 9.9973E-05 0.807636 9.9973E-05 0.0496912 0.0909376 0.0514351
0.311877 0.0496805 0.386648 0.117879 9.9991E-05 0.0919085 0.0419075
9.9991E-05 0.33337 0.453087 0.143064 0.0151847 0.0381761 0.0170187
0.613901 9.9982E-05 9.9982E-05 0.0285202 0.196744 0.0955864 0.0650492
0.0714411 0.330035 0.00243017 0.40619 9.9982E-05 9.9982E-05 0.189704
0.273697 0.216674 0.222633 0.00509292 0.0743437 0.175264 0.0322953
9.995E-05 9.995E-05 9.995E-05 9.995E-05 9.995E-05 9.995E-05 0.9994
0.114769 0.716402 9.9982E-05 9.9982E-05 0.0160074 0.0687 0.083921
0.287062 0.256861 9.9982E-05 9.9982E-05 0.168459 0.248507 0.0389108
0.28828 9.9991E-05 0.418145 0.0126419 0.152276 0.0675763 0.0609811
0.483236 9.9973E-05 9.9973E-05 9.9973E-05 0.1853 0.212326 0.118838
0.181866 0.0679175 0.133459 0.130925 0.196055 0.0798906 0.209887
0.380056 0.0151335 0.240833 0.0720256 0.164878 0.0540806 0.0729928
0.53165 9.9982E-05 0.235964 0.0483673 0.15678 9.9982E-05 0.0270394
0.16309 0.220515 0.178149 0.176092 0.156272 0.0507857 0.0550972
0.428806 0.115763 0.266864 9.9982E-05 0.0410906 9.9982E-05 0.147277
0.259675 0.197905 0.282213 0.122596 0.0225654 0.042009 0.0730362
0.042064 0.821805 9.9973E-05 0.132845 0.00298581 9.9973E-05 9.9973E-05
0.206217 0.118742 0.51467 0.0311762 0.0253077 0.0576772 0.0462106
0.298025 0.290606 0.231896 9.9982E-05 9.9982E-05 0.0664925 0.11278
9.995E-05 9.995E-05 9.995E-05 9.995E-05 9.995E-05 9.995E-05 0.9994
0.0746998 0.139198 0.154233 9.9991E-05 0.144831 0.0180415 0.468897
0.392809 0.103581 9.9973E-05 9.9973E-05 0.41031 0.0929996 9.9973E-05
0.0735446 0.109989 0.403721 0.0972635 0.186814 0.124007 0.00466035
0.198536 0.682898 9.9973E-05 0.0365615 9.9973E-05 9.9973E-05 0.0817044
0.287487 0.310431 0.27868 9.9982E-05 0.058138 9.9982E-05 0.0650639
9.9982E-05 0.131201 0.46472 9.9982E-05 0.162966 0.183216 0.0576973
9.995E-05 9.995E-05 9.995E-05 9.995E-05 0.9994 9.995E-05 9.995E-05
0.18618 0.243144 0.299632 0.0812524 0.0549493 0.01968 0.115162
0.233842 0.0472043 0.459117 0.127203 0.132434 9.9982E-05 9.9982E-05
0.0451942 0.116857 0.289855 0.0980337 0.233599 0.17718 0.0392813
0.48097 0.0743578 0.0275896 0.16347 9.9991E-05 0.0793142 0.174199
9.9982E-05 0.0429568 0.0742261 9.9982E-05 0.768813 0.113363 0.000441297
0.132139 0.262863 0.284519 9.9982E-05 0.163681 9.9982E-05 0.156599
0.508116 9.9982E-05 0.195234 9.9982E-05 0.112841 0.162382 0.0212273
0.30707 0.20988 0.23796 9.9991E-05 0.0749209 0.0584404 0.111629
9.9982E-05 0.240026 0.195808 0.0579712 0.437172 0.0688228 9.9982E-05
9.99549E-05 9.99549E-05 9.99549E-05 0.034091 9.99549E-05 0.965409 9.99549E-05
0.367274 0.104402 0.123256 0.111602 0.190252 0.103115 9.9991E-05
9.9973E-05 9.9973E-05 0.857498 0.110271 9.9973E-05 0.00436369 0.0275669
0.227271 0.12376 0.415477 0.0972626 9.9991E-05 0.0115791 0.12455
0.138483 0.341118 0.0310375 0.0333124 0.326523 0.102578 0.0269479
0.43376 0.370343 0.0538009 0.141796 9.9973E-05 9.9973E-05 9.9973E-05
0.172905 0.376464 0.186772 9.9991E-05 0.17612 0.0148753 0.0727645
9.995E-05 9.995E-05 9.995E-05 9.995E-05 9.995E-05 0.9994 9.995E-05
0.58399 0.140103 0.0215544 0.0829158 9.9991E-05 0.0402771 0.13106
9.9982E-05 0.317199 0.418347 0.0433139 9.9982E-05 0.184269 0.036671
0.71322 0.102972 0.000498719 9.9991E-05 0.13072 0.0164446 0.0360443
0.0238883 0.0922659 0.286501 0.0959869 0.49833 9.9991E-05 0.00292773
