0.0233538 9.9982E-05 9.9982E-05 0.246078 0.245326 0.375107 0.109935
9.9973E-05 9.9973E-05 9.9973E-05 0.271595 0.36435 0.0794754 0.28428
0.283865 9.99642E-05 0.253312 9.99642E-05 0.462423 9.99642E-05 9.99642E-05
0.201144 0.0480661 0.459917 9.99821E-05 0.240937 0.0497369 9.99821E-05
0.2363 9.99731E-05 0.0752481 0.175122 9.99731E-05 0.51303 9.99731E-05
0.0224556 0.207593 0.252792 9.9982E-05 0.0551555 0.461804 9.9982E-05
9.99732E-05 9.99732E-05 0.0540725 0.269513 9.99732E-05 0.629805 0.04631
9.99731E-05 0.0363171 0.13131 0.0584662 9.99731E-05 0.773607 9.99731E-05
0.161743 0.058502 9.99732E-05 9.99732E-05 9.99732E-05 0.0509048 0.72855
0.257208 0.134873 9.99731E-05 0.38347 0.22415 9.99731E-05 9.99731E-05
0.178522 0.448556 9.9991E-05 0.0975298 0.187512 0.0488647 0.0389154
0.0815875 9.99821E-05 0.321042 0.0223489 9.99821E-05 0.266273 0.308548
0.0627559 9.99731E-05 0.392193 9.99731E-05 9.99731E-05 0.242096 0.302656
9.9982E-05 0.190854 0.480257 0.204206 0.0317868 0.0926957 9.9982E-05
9.99553E-05 9.99553E-05 9.99553E-05 9.99553E-05 9.99553E-05 0.608207 0.391294
0.263411 9.99732E-05 0.300967 0.0752718 9.99732E-05 0.36005 9.99732E-05
0.0776375 0.102869 0.135215 0.281488 0.0660278 0.211753 0.12501
0.0284825 0.0818222 9.99731E-05 0.347924 0.541471 9.99731E-05 9.99731E-05
9.99641E-05 9.99641E-05 0.151951 9.99641E-05 0.122017 9.99641E-05 0.725633
0.0741195 0.0180918 0.222104 9.99821E-05 0.506166 0.179319 9.99821E-05
0.0222343 0.393097 9.99731E-05 0.37529 0.209079 9.99731E-05 9.99731E-05
0.237823 9.99731E-05 0.0716649 9.99731E-05 9.99731E-05 0.160631 0.529581
0.112604 9.99821E-05 0.380946 9.99821E-05 0.418621 0.0502988 0.0373294
0.614652 0.1712 0.206372 9.9982E-05 9.9982E-05 0.00470241 0.00287296
0.221308 0.290264 0.0930804 0.0104647 9.99821E-05 0.384683 9.99821E-05
0.297539 9.9973E-05 9.9973E-05 0.082794 9.9973E-05 0.345207 0.27416
0.175577 0.0334627 9.9982E-05 0.38846 0.141316 9.9982E-05 0.260985
9.99642E-05 9.99642E-05 9.99642E-05 9.99642E-05 0.500471 0.185969 0.313161
9.9973E-05 0.0850361 0.212377 9.9973E-05 0.430703 9.9973E-05 0.271584
0.88892 0.078525 9.99641E-05 9.99641E-05 9.99641E-05 9.99641E-05 0.0321554
9.99821E-05 0.267943 0.0164793 0.343458 0.126876 0.245044 9.99821E-05
0.129197 9.99821E-05 0.760363 0.0431328 0.0246956 0.0424116 9.99821E-05
0.315551 0.0708151 0.0180021 0.129571 0.45867 9.99911E-05 0.00729075
9.99731E-05 0.0296561 0.446118 9.99731E-05 9.99731E-05 0.405429 0.118496
0.187694 9.9973E-05 9.9973E-05 0.0220374 0.315565 0.474404 9.9973E-05
9.99641E-05 9.99641E-05 9.99641E-05 0.447471 0.2781 0.274029 9.99641E-05
0.0484567 9.99911E-05 0.046401 0.226559 0.291942 0.335807 0.0507342
0.143271 9.99552E-05 9.99552E-05 9.99552E-05 0.856229 9.99552E-05 9.99552E-05
0.0644206 0.07819 0.296278 0.149812 0.121193 0.251098 0.0390085
0.0107792 0.000955189 0.348991 0.0131389 0.481187 0.144849 9.9991E-05
0.240637 9.99732E-05 9.99732E-05 0.279751 0.0142981 9.99732E-05 0.465013
0.0911884 0.214931 9.99732E-05 0.676566 9.99732E-05 0.0170141 9.99732E-05
0.0263073 9.9982E-05 0.309593 0.311382 0.179686 0.172831 9.9982E-05
9.99821E-05 0.0250766 0.112181 9.99821E-05 0.224398 0.212342 0.425802
0.0595947 9.99821E-05 0.548441 0.0744579 9.99821E-05 0.117728 0.199578
9.99731E-05 9.99731E-05 0.0724461 0.232466 0.353137 0.341651 9.99731E-05
0.0555895 9.99821E-05 9.99821E-05 0.151394 0.0912239 0.55083 0.150763
9.999E-05 0.044458 0.4386 0.38114 0.0687689 0.0568969 0.0100361
0.0730894 9.99911E-05 0.0147004 0.145613 0.0759967 0.326434 0.364067
9.9964E-05 9.9964E-05 9.9964E-05 0.205224 0.24822 0.546156 9.9964E-05
0.159977 0.102491 9.9982E-05 9.9982E-05 0.0848807 0.57798 0.0744716
0.0644951 0.270976 0.397114 0.191374 0.0758408 9.99821E-05 9.99821E-05
0.283381 9.9982E-05 9.9982E-05 0.0365414 0.0201337 0.0536731 0.606071
9.99821E-05 0.2716 0.191482 9.99821E-05 0.0204479 0.473578 0.0426929
9.99732E-05 0.161437 0.677863 0.0184667 9.99732E-05 9.99732E-05 0.141934
9.99732E-05 0.121766 9.99732E-05 0.106545 9.99732E-05 0.190684 0.580706
0.331566 0.306699 0.0125615 0.153934 9.9982E-05 9.9982E-05 0.19504
9.99644E-05 9.99644E-05 0.782639 0.144747 9.99644E-05 9.99644E-05 0.0722146
9.9982E-05 0.0946545 0.402278 0.262683 0.00111586 0.239068 9.9982E-05
9.9973E-05 0.107146 9.9973E-05 0.324794 0.330751 0.237009 9.9973E-05
9.99821E-05 0.227214 0.1016 9.99821E-05 0.289289 0.05798 0.323717
0.158605 9.99641E-05 9.99641E-05 0.722377 9.99641E-05 0.118619 9.99641E-05
0.0650971 9.99731E-05 0.287623 0.108564 9.99731E-05 9.99731E-05 0.538416
0.68261 0.0903617 9.99731E-05 0.190114 9.99731E-05 0.036614 9.99731E-05
0.150307 9.99732E-05 0.00290866 0.0424215 9.99732E-05 0.804063 9.99732E-05
0.113273 9.99731E-05 9.99731E-05 0.0941618 0.0719351 9.99731E-05 0.72033
0.106699 9.99731E-05 9.99731E-05 0.0590193 0.323152 0.51083 9.99731E-05
9.99731E-05 9.99731E-05 0.181458 0.267201 9.99731E-05 0.307597 0.243444
9.9973E-05 0.0324227 9.9973E-05 0.13666 9.9973E-05 0.500313 0.330305
0.195438 0.106245 9.99821E-05 0.229795 0.271965 9.99821E-05 0.196357
0.0133881 0.157562 0.368236 0.239805 9.9991E-05 0.182159 0.0387503
0.173271 0.0178553 0.0577191 0.526516 9.9991E-05 0.00829715 0.216242
9.99554E-05 9.99554E-05 0.792566 9.99554E-05 0.206934 9.99554E-05 9.99554E-05
9.99731E-05 9.99731E-05 9.99731E-05 0.0366916 0.0843156 0.51868 0.360013
0.0287206 9.99643E-05 0.251628 9.99643E-05 9.99643E-05 0.719251 9.99643E-05
9.99731E-05 9.99731E-05 0.415431 0.495742 9.99731E-05 0.0395424 0.0489851
0.0709374 9.99554E-05 9.99554E-05 9.99554E-05 9.99554E-05 9.99554E-05 0.928563
0.0230098 0.38212 0.0607841 0.276408 9.9982E-05 9.9982E-05 0.257478
9.99641E-05 0.318777 9.99641E-05 9.99641E-05 9.99641E-05 0.079299 0.601524
9.99731E-05 0.153802 0.717795 9.99731E-05 0.0452373 9.99731E-05 0.082866
9.99821E-05 9.99821E-05 0.197579 0.175661 0.307455 0.239909 0.0791967
0.333164 0.0636754 0.286914 0.0195919 0.0262716 0.0379519 0.232431
9.99643E-05 9.99643E-05 9.99643E-05 0.12758 0.79277 0.0792508 9.99643E-05
0.22857 9.99731E-05 0.0533349 9.99731E-05 9.99731E-05 0.198924 0.518871
0.0913854 0.0579235 0.255733 0.285933 9.99821E-05 0.308826 9.99821E-05
9.9973E-05 9.9973E-05 9.9973E-05 0.211177 0.307567 0.0763888 0.404568
9.99732E-05 9.99732E-05 0.121374 0.261829 0.398102 9.99732E-05 0.218395
0.559152 9.99641E-05 0.386607 9.99641E-05 9.99641E-05 0.0538402 9.99641E-05
0.0854666 0.162829 9.99821E-05 9.99821E-05 0.25443 0.209097 0.287978
0.234058 0.0297632 0.108281 9.9982E-05 0.131785 9.9982E-05 0.495913
0.710899 9.99643E-05 9.99643E-05 9.99643E-05 0.011572 0.277129 9.99643E-05
0.0989039 0.219823 0.155053 0.34301 0.0201221 0.162988 9.99911E-05
0.251044 9.99821E-05 0.197075 0.479059 9.99821E-05 0.0126163 0.0600064
0.214375 0.175025 0.255417 0.0637 0.261283 9.9991E-05 0.0300991
0.125989 9.9973E-05 0.159708 0.643004 9.9973E-05 9.9973E-05 0.0709997
9.9982E-05 0.0235259 0.673855 0.0093089 0.229462 9.9982E-05 0.0636479
0.256224 0.0425556 9.9991E-05 0.173403 0.169657 0.190088 0.167972
9.9982E-05 0.0293076 0.0515294 0.319635 9.9982E-05 0.192576 0.406752
0.420287 9.9973E-05 0.18164 9.9973E-05 0.238623 0.15915 9.9973E-05
0.426115 9.9964E-05 9.9964E-05 0.160488 0.412998 9.9964E-05 9.9964E-05
0.170191 0.193213 0.30575 0.231662 9.99822E-05 0.0989845 9.99822E-05
0.903752 0.0957484 9.99552E-05 9.99552E-05 9.99552E-05 9.99552E-05 9.99552E-05
0.328337 9.99643E-05 9.99643E-05 9.99643E-05 0.512413 9.99643E-05 0.158851
9.99552E-05 0.899367 9.99552E-05 9.99552E-05 0.100134 9.99552E-05 9.99552E-05
9.9982E-05 9.9982E-05 0.28964 0.0862265 0.31405 0.244802 0.0650814
0.166399 9.99821E-05 0.300105 0.128072 9.99821E-05 0.34154 0.063684
9.99642E-05 9.99642E-05 0.540405 0.131548 9.99642E-05 0.327648 9.99642E-05
9.99821E-05 0.0861179 0.0249183 0.0645311 0.371996 0.452236 9.99821E-05
9.99642E-05 0.0941817 9.99642E-05 9.99642E-05 9.99642E-05 0.810639 0.0947795
0.138821 0.306141 0.0612865 0.0351422 0.297397 0.161113 9.99911E-05
0.326109 9.99643E-05 9.99643E-05 0.341233 9.99643E-05 0.332259 9.99643E-05
0.0275779 9.99732E-05 9.99732E-05 0.027812 9.99732E-05 0.707693 0.236617
0.542968 9.99732E-05 0.182353 9.99732E-05 0.229757 0.0446216 9.99732E-05
9.99731E-05 0.0297972 0.123035 9.99731E-05 0.380153 0.466715 9.99731E-05
0.991785 9.99552E-05 9.99552E-05 0.00771548 9.99552E-05 9.99552E-05 9.99552E-05
9.99732E-05 0.405602 0.212845 9.99732E-05 9.99732E-05 0.0465242 0.334728
9.9973E-05 9.9973E-05 9.9973E-05 0.109282 0.25067 0.0674728 0.572275
0.221941 9.99821E-05 0.380265 0.0443262 9.99821E-05 0.124565 0.228703
0.197082 0.0730551 0.251308 9.9991E-05 0.183693 0.0534576 0.241305
9.99731E-05 9.99731E-05 0.0777069 9.99731E-05 0.710569 0.151908 0.0595166
0.529293 0.02161 0.178741 9.9991E-05 0.0804456 0.0849287 0.104881
0.260848 9.99641E-05 0.292343 9.99641E-05 0.446409 9.99641E-05 9.99641E-05
9.99731E-05 0.180691 0.0375744 9.99731E-05 0.13615 0.645285 9.99731E-05
9.99732E-05 9.99732E-05 0.108302 0.195604 0.242389 0.453406 9.99732E-05
0.219401 0.0349612 0.116703 0.029035 0.103151 0.213399 0.283349
0.00231472 9.99731E-05 9.99731E-05 0.291211 9.99731E-05 0.622853 0.0833217
0.176983 9.99732E-05 9.99732E-05 0.429084 0.233286 9.99732E-05 0.160347
0.0835042 0.0540956 0.0674374 9.9991E-05 0.250318 0.113626 0.430919
0.155075 0.0325624 9.99643E-05 9.99643E-05 0.811963 9.99643E-05 9.99643E-05
0.302045 9.99821E-05 0.0230896 0.0984808 0.355641 0.220544 9.99821E-05
9.99732E-05 0.142621 0.0509994 0.205373 9.99732E-05 9.99732E-05 0.600707
0.0122983 0.148129 0.163989 0.181579 0.0752751 0.41863 9.9991E-05
9.9991E-05 0.014892 0.262532 0.238835 0.0799648 0.0295338 0.374142
9.99821E-05 0.0174003 0.300576 0.145191 0.41016 9.99821E-05 0.126474
9.99731E-05 0.0569963 9.99731E-05 0.438416 0.387644 9.99731E-05 0.116644
9.99553E-05 9.99553E-05 9.99553E-05 9.99553E-05 0.344468 0.655032 9.99553E-05
9.99732E-05 0.0350073 9.99732E-05 9.99732E-05 0.452234 0.506417 0.00604232
0.000230211 9.99642E-05 9.99642E-05 9.99642E-05 0.619487 0.379883 9.99642E-05
9.99821E-05 0.267733 0.0638628 0.26807 9.99821E-05 0.135317 0.264818
9.99731E-05 0.0408917 9.99731E-05 9.99731E-05 0.113906 0.59309 0.251812
9.99732E-05 0.261877 0.198126 9.99732E-05 0.0837844 9.99732E-05 0.455913
0.215677 9.99732E-05 0.253692 0.0275882 0.502743 9.99732E-05 9.99732E-05
0.0887039 0.0308518 0.100875 0.288421 0.196362 0.0201179 0.274668
0.353331 0.089363 9.99821E-05 0.1137 0.322249 9.99821E-05 0.121157
0.412557 9.99731E-05 0.233976 0.155112 9.99731E-05 0.198055 9.99731E-05
0.0685512 0.00819989 0.0691734 9.9991E-05 0.0270793 0.581088 0.245808
9.995E-05 9.995E-05 9.995E-05 0.9994 9.995E-05 9.995E-05 9.995E-05
0.187267 9.99731E-05 0.246658 9.99731E-05 0.529922 9.99731E-05 0.0358533
0.110975 0.176684 0.341028 0.091471 9.99821E-05 0.279642 9.99821E-05
9.99732E-05 0.0792796 0.262405 0.318342 9.99732E-05 9.99732E-05 0.339673
9.99732E-05 0.107938 9.99732E-05 0.0161723 9.99732E-05 0.392341 0.48325
9.99641E-05 9.99641E-05 0.196826 0.20923 9.99641E-05 9.99641E-05 0.593544
0.0251453 9.9991E-05 0.241684 0.111978 0.0202148 0.495165 0.105713
0.128099 9.9991E-05 0.1999 0.0312764 0.13984 0.344057 0.156728
0.243497 0.00317065 9.99732E-05 0.356485 9.99732E-05 0.396547 9.99732E-05
9.99643E-05 9.99643E-05 0.35092 9.99643E-05 0.628297 9.99643E-05 0.0203826
0.0161869 0.168866 0.567632 9.99731E-05 0.247015 9.99731E-05 9.99731E-05
9.99822E-05 0.33316 9.99822E-05 0.329752 0.201458 0.0187259 0.116703
9.99641E-05 9.99641E-05 9.99641E-05 9.99641E-05 0.0711235 0.758689 0.169788
0.176005 0.0129724 9.9991E-05 0.0670888 0.281973 0.299135 0.162726
9.995E-05 9.995E-05 9.995E-05 0.9994 9.995E-05 9.995E-05 9.995E-05
9.99642E-05 9.99642E-05 9.99642E-05 0.409786 9.99642E-05 0.485769 0.104045
0.0507009 9.99821E-05 0.622655 0.014186 0.133774 0.178484 9.99821E-05
9.99642E-05 0.0233011 9.99642E-05 0.3538 9.99642E-05 9.99642E-05 0.622499
9.99643E-05 9.99643E-05 0.228784 0.520412 9.99643E-05 9.99643E-05 0.250404
0.0801209 9.9991E-05 0.306215 0.149408 0.0735621 0.266318 0.124276
9.99732E-05 0.0908479 9.99732E-05 0.03271 0.35897 0.517173 9.99732E-05
9.99821E-05 0.0264791 0.357223 9.99821E-05 0.140694 0.231033 0.24437
9.99643E-05 9.99643E-05 0.799488 0.199585 9.99643E-05 0.000527354 9.99643E-05
0.105629 9.9982E-05 0.376022 0.120433 0.247909 0.149807 9.9982E-05
0.00919488 0.196318 9.99732E-05 9.99732E-05 9.99732E-05 0.456006 0.338182
9.99641E-05 9.99641E-05 0.391856 9.99641E-05 0.312363 0.29538 9.99641E-05
9.99731E-05 0.0185116 0.654465 9.99731E-05 0.0889911 9.99731E-05 0.237733
0.228317 0.115118 9.99821E-05 0.0910853 0.335718 0.229562 9.99821E-05
0.0170672 0.0792183 9.99821E-05 9.99821E-05 0.00343796 0.528335 0.371742
9.99732E-05 0.0291033 0.0119831 9.99732E-05 9.99732E-05 0.804209 0.154404
0.383455 9.99821E-05 0.317642 0.0915102 9.99821E-05 0.206601 0.000592132
9.99551E-05 0.98969 9.99551E-05 0.00981016 9.99551E-05 9.99551E-05 9.99551E-05
9.99732E-05 0.0331746 9.99732E-05 0.0802022 0.574168 0.312155 9.99732E-05
9.99821E-05 0.00340074 0.0873411 0.0514629 0.402625 9.99821E-05 0.45497
9.99642E-05 0.0362337 9.99642E-05 0.706609 0.256757 9.99642E-05 9.99642E-05
0.0496406 0.0711646 9.99821E-05 0.58896 9.99821E-05 0.258977 0.0310576
0.102291 9.9973E-05 9.9973E-05 0.243814 9.9973E-05 0.557297 0.0962975
0.0013928 9.99732E-05 0.344609 9.99732E-05 9.99732E-05 0.549612 0.104085
9.995E-05 0.9994 9.995E-05 9.995E-05 9.995E-05 9.995E-05 9.995E-05
9.99732E-05 9.99732E-05 0.152085 0.160637 9.99732E-05 0.0481676 0.638811
9.99821E-05 9.99821E-05 0.507042 0.0149081 0.170523 0.136911 0.170417
0.136522 0.0140843 0.0114034 9.9991E-05 0.458356 0.218053 0.161481
0.142332 9.9982E-05 0.350598 0.0315027 0.458573 0.0167938 9.9982E-05
