0.360455 0.474465 0.0421596 9.9991E-05 0.122819
0.0189526 0.47327 0.241935 9.9991E-05 0.265742
9.999E-05 0.440626 0.0246601 0.260212 0.274402
9.999E-05 0.00610206 0.388436 0.140829 0.464533
0.313014 0.371634 0.0103148 9.9991E-05 0.304937
0.102123 0.231966 9.9991E-05 0.438477 0.227334
0.483059 0.486979 0.00711784 9.99911E-05 0.0227448
0.0276125 0.888967 0.0603176 0.0230025 9.9991E-05
0.0302078 9.99911E-05 0.571963 0.173227 0.224503
0.221593 0.0131032 0.19689 0.44873 0.119683
0.0108887 0.208466 0.119381 0.359493 0.301772
0.199662 0.183298 0.57316 9.99911E-05 0.0437802
9.99821E-05 0.173129 0.544603 9.99821E-05 0.282069
0.430363 0.513229 9.9991E-05 0.0115884 0.0447197
9.99821E-05 0.0629706 0.839183 0.0976464 9.99821E-05
0.12117 0.370334 0.119951 9.99911E-05 0.388444
0.0143822 0.130494 0.386231 0.152229 0.316665
0.335063 0.312061 9.9991E-05 0.245928 0.106848
9.99731E-05 0.223715 0.775985 9.99731E-05 9.99731E-05
0.213814 0.785043 9.99821E-05 0.000943519 9.99821E-05
0.508868 9.99821E-05 9.99821E-05 0.486763 0.00416941
9.99821E-05 0.162978 0.59335 9.99821E-05 0.243473
0.10863 0.081564 0.205257 0.260268 0.344281
0.165562 9.99731E-05 9.99731E-05 9.99731E-05 0.834138
0.10746 0.0802168 9.99911E-05 0.369764 0.442459
0.0687353 0.330449 0.27627 9.9991E-05 0.324446
0.492441 0.102859 0.244851 0.104953 0.0548957
9.99822E-05 0.450219 0.17017 0.379411 9.99822E-05
0.0305345 0.661265 0.0688303 0.23927 9.9991E-05
9.99732E-05 9.99732E-05 0.235353 9.99732E-05 0.764347
0.659866 0.0204321 9.99821E-05 0.319502 9.99821E-05
0.0958057 0.559446 0.330554 9.99911E-05 0.014094
0.0321469 0.223563 0.05893 0.576893 0.108468
9.99821E-05 0.49268 0.38001 9.99821E-05 0.127111
0.196693 0.369514 9.9982E-05 9.9982E-05 0.433593
0.511414 0.411419 9.99821E-05 9.99821E-05 0.0769672
0.393603 0.363704 0.0344161 0.093492 0.114785
9.99821E-05 0.111761 9.99821E-05 0.467287 0.420752
0.258328 0.293363 0.163766 0.152743 0.1318
0.0679931 0.555009 0.0793874 0.199566 0.0980445
0.0586382 9.99911E-05 0.456827 0.0430239 0.441411
0.346966 9.99821E-05 0.381213 0.271621 9.99821E-05
0.4483 0.37779 9.9982E-05 0.17371 9.9982E-05
0.0569696 0.241558 0.501137 0.0936436 0.106692
0.102445 0.402264 0.333671 0.0225792 0.13904
0.0672875 0.620519 0.258645 0.00771097 0.0458375
9.99821E-05 0.241034 0.397051 9.99821E-05 0.361715
0.383536 0.0440009 0.268133 0.30423 9.9991E-05
9.99733E-05 0.536617 0.463084 9.99733E-05 9.99733E-05
0.226854 0.772846 9.99731E-05 9.99731E-05 9.99731E-05
9.9982E-05 0.666159 0.0667115 9.9982E-05 0.266929
0.39843 9.99821E-05 9.99821E-05 0.534434 0.0669361
9.99821E-05 0.0479415 0.574792 9.99821E-05 0.377066
9.99911E-05 0.60322 0.231535 0.119828 0.0453172
0.601237 0.220674 0.0613293 0.0814871 0.0352729
0.477269 0.170088 0.257139 0.0954037 9.99911E-05
0.175482 0.0935507 0.195365 9.9991E-05 0.535503
0.657563 0.0182954 0.237018 0.0760364 0.0110874
0.445383 0.129258 0.356496 0.0687631 9.9991E-05
0.356339 0.313263 9.9991E-05 0.179913 0.150386
9.9991E-05 0.48574 0.167561 0.191379 0.15522
0.427059 9.9982E-05 0.261492 9.9982E-05 0.311249
0.161906 9.9982E-05 0.782878 0.0550154 9.9982E-05
0.0472867 0.293913 9.99821E-05 9.99821E-05 0.658601
9.99821E-05 0.629677 0.292583 9.99821E-05 0.0775398
0.267974 0.103837 0.560295 0.00153555 0.0663579
0.230392 0.476532 9.9991E-05 0.00933507 0.28364
0.423151 0.0195117 0.557138 9.99821E-05 9.99821E-05
0.292523 0.507121 0.200156 9.99821E-05 9.99821E-05
0.322317 0.320649 0.0645687 0.153566 0.1389
0.273522 0.0166949 0.34032 0.369362 9.9991E-05
0.156911 9.99821E-05 0.722728 9.99821E-05 0.120161
0.37413 0.61893 9.99822E-05 9.99822E-05 0.00673947
0.195917 0.420559 0.373082 9.99911E-05 0.0103413
9.99733E-05 0.843119 9.99733E-05 9.99733E-05 0.156581
0.405796 0.154682 0.439322 9.99821E-05 9.99821E-05
9.99822E-05 0.0980479 0.82834 9.99822E-05 0.0734125
0.296246 9.99821E-05 0.318616 0.384938 9.99821E-05
9.9991E-05 0.164975 0.456249 0.237147 0.141529
0.0355478 0.643889 0.161597 0.158866 9.9991E-05
0.187069 0.791032 0.0216987 9.99821E-05 9.99821E-05
9.99911E-05 0.510212 0.145469 0.155356 0.188863
0.55242 0.273528 9.99911E-05 0.0868325 0.0871193
9.9991E-05 0.247776 0.473681 0.0989557 0.179488
0.449847 0.106955 0.156662 0.0147729 0.271763
0.294787 0.317812 0.348197 9.9991E-05 0.0391044
0.426645 0.149807 0.228785 0.13156 0.0632032
0.00417495 0.0726986 0.106089 9.99911E-05 0.816937
9.99911E-05 0.345841 0.238059 0.260234 0.155766
9.99821E-05 0.232188 0.495923 0.271689 9.99821E-05
9.99733E-05 0.371875 9.99733E-05 9.99733E-05 0.627825
0.802647 0.0760163 9.99822E-05 9.99822E-05 0.121136
0.361542 0.230204 0.242216 9.99911E-05 0.165938
0.1036 0.0381904 0.0598692 0.581623 0.216717
0.422709 9.9991E-05 0.53807 0.00515756 0.0339628
0.0423904 0.352022 0.311943 0.117361 0.176283
0.204345 9.9991E-05 0.180398 0.157827 0.457329
0.142975 0.015841 0.733039 0.108045 9.9991E-05
0.100031 0.438714 9.9982E-05 9.9982E-05 0.461055
0.0820948 0.0202691 9.99821E-05 9.99821E-05 0.897436
0.556994 9.99821E-05 9.99821E-05 0.173823 0.268983
9.99732E-05 9.99732E-05 9.99732E-05 0.16841 0.83129
0.0206525 9.99911E-05 0.138181 0.545373 0.295693
9.99731E-05 9.99731E-05 9.99731E-05 0.975741 0.0239595
9.9982E-05 0.569958 0.385086 0.0447556 9.9982E-05
0.148844 0.0433713 0.496714 9.9991E-05 0.31097
0.508554 0.336818 0.024079 0.0741093 0.0564395
0.12274 0.471896 9.99821E-05 0.405164 9.99821E-05
0.235587 0.639125 9.99911E-05 0.0864186 0.0387702
9.99821E-05 0.462993 9.99821E-05 0.467882 0.068925
0.225017 0.203674 0.142625 9.99911E-05 0.428584
0.228637 0.697368 0.0133761 9.9991E-05 0.0605184
0.00406483 0.524678 9.99821E-05 9.99821E-05 0.471058
9.997E-05 0.9996 9.997E-05 9.997E-05 9.997E-05
9.997E-05 9.997E-05 9.997E-05 9.997E-05 0.9996
0.222577 0.05634 0.470068 0.216163 0.0348529
0.0529591 0.418041 0.486424 9.9991E-05 0.0424751
0.00531653 0.370472 0.432407 9.9991E-05 0.191705
0.119118 0.431808 0.293758 0.0859869 0.0693292
0.0891372 0.671077 9.9991E-05 0.103553 0.136133
9.99731E-05 9.99731E-05 0.347219 9.99731E-05 0.652481
0.166691 0.148472 9.9991E-05 0.143006 0.54173
9.99821E-05 0.826584 9.99821E-05 0.062287 0.110929
0.420879 0.364542 0.0439924 0.170486 9.9991E-05
9.9991E-05 0.242395 0.435683 0.151415 0.170408
0.132661 0.167574 0.348639 0.191606 0.15952
0.179298 0.477214 0.201185 9.99911E-05 0.142203
0.167996 0.487035 0.238236 0.106633 9.9991E-05
0.0494679 0.348933 9.99911E-05 0.350924 0.250575
0.276517 0.282501 9.99911E-05 0.198076 0.242805
0.354159 9.99821E-05 0.520734 0.124907 9.99821E-05
0.349253 0.40119 9.9991E-05 0.159231 0.0902259
9.99821E-05 0.212189 0.541817 0.245794 9.99821E-05
0.0816251 0.153568 0.265527 0.49918 9.9991E-05
0.423165 0.0440904 0.214375 0.312018 0.00635211
0.0103669 0.705075 9.99911E-05 0.242638 0.0418209
9.99732E-05 0.838953 9.99732E-05 0.160747 9.99732E-05
9.99733E-05 0.913486 9.99733E-05 0.0862136 9.99733E-05
0.453555 0.0203592 0.252178 0.273808 9.99911E-05
9.99731E-05 0.892075 0.107625 9.99731E-05 9.99731E-05
0.356265 0.0489629 0.116945 0.229246 0.248581
0.156325 9.99911E-05 0.110274 0.249391 0.48391
0.32767 0.112432 0.253503 0.282082 0.0243137
9.99911E-05 0.020879 0.300343 0.572597 0.106081
0.0336792 0.116357 0.308208 0.0522326 0.489523
9.9982E-05 0.579803 0.346068 9.9982E-05 0.0739291
0.9996 9.997E-05 9.997E-05 9.997E-05 9.997E-05
9.9991E-05 0.559214 0.0553837 0.216446 0.168856
0.542033 0.128773 9.9991E-05 0.0249898 0.304103
0.611249 9.99821E-05 0.211821 0.176729 9.99821E-05
0.255998 0.0618606 0.460998 0.132545 0.0885982
0.0648715 0.0625286 0.8724 9.99821E-05 9.99821E-05
0.25574 0.630787 0.104541 0.00867418 0.000257989
0.0232666 0.516618 0.11895 0.135672 0.205494
0.513721 0.0121663 9.99821E-05 9.99821E-05 0.473912
0.0669299 0.290794 0.22855 0.413626 9.9991E-05
0.013036 0.330434 9.99911E-05 0.424794 0.231636
0.321177 0.4654 9.99822E-05 0.213223 9.99822E-05
0.103407 0.896293 9.99732E-05 9.99732E-05 9.99732E-05
0.160823 0.308758 0.150353 0.0717679 0.308298
0.9996 9.997E-05 9.997E-05 9.997E-05 9.997E-05
0.304795 0.415346 0.279659 9.99821E-05 9.99821E-05
9.9991E-05 0.543644 0.215271 0.140613 0.100372
0.385135 9.99821E-05 0.604759 9.99821E-05 0.00990522
0.128812 9.99732E-05 0.870889 9.99732E-05 9.99732E-05
0.137298 0.230133 0.286104 0.0021497 0.344315
0.174216 0.683304 9.99911E-05 0.135106 0.00727351
9.99822E-05 0.480339 0.452569 0.0668927 9.99822E-05
0.571734 0.202905 0.00233828 0.070683 0.15234
0.199571 0.206317 0.23122 0.0339496 0.328943
9.99911E-05 0.536872 0.215743 0.0713822 0.175903
0.00189215 0.816898 0.113657 0.0674526 9.9991E-05
0.0557777 9.99821E-05 0.665529 0.278494 9.99821E-05
0.198598 0.288387 0.0382157 0.10085 0.373949
9.9991E-05 0.54027 0.123705 0.172017 0.163908
0.115062 0.884638 9.99732E-05 9.99732E-05 9.99732E-05
0.191905 0.120961 0.300258 9.99911E-05 0.386775
0.116461 9.99731E-05 9.99731E-05 0.88324 9.99731E-05
0.29732 0.166457 0.0983843 0.160564 0.277275
9.99821E-05 9.99821E-05 0.748164 0.232526 0.01911
0.753547 9.99911E-05 0.207701 0.0357896 0.0028617
0.277144 0.131699 0.464219 0.126838 9.99911E-05
0.250532 0.111662 0.289911 0.0775863 0.270308
0.0520647 0.658738 0.221469 9.99911E-05 0.0676282
9.997E-05 9.997E-05 9.997E-05 0.9996 9.997E-05
9.99732E-05 0.401879 0.597821 9.99732E-05 9.99732E-05
0.0873686 0.387594 0.267838 0.257099 9.9991E-05
9.99821E-05 0.288457 9.99821E-05 0.134565 0.576779
0.172179 0.281079 9.9991E-05 0.172061 0.374581
