9.9982E-05 0.844407 0.116771 0.0386226 9.9982E-05
0.243175 0.244336 0.184176 0.217268 0.111046
0.0228227 0.152361 0.102209 0.575063 0.147544
0.0644957 0.14726 0.0450258 0.687208 0.0560103
0.243531 9.9982E-05 0.197751 0.558518 9.9982E-05
0.263203 0.0455376 0.166967 0.505659 0.0186342
9.9991E-05 0.601795 0.0532696 0.301836 0.0429987
0.324677 0.354312 0.0584533 0.200492 0.0620664
0.0732057 0.311802 0.364236 0.120795 0.129961
0.0693133 0.391925 0.409333 9.9991E-05 0.129329
0.245949 0.0194503 0.608872 0.125629 9.9991E-05
0.172012 0.233864 0.287831 0.118659 0.187634
0.207844 0.337129 0.0584475 0.39648 9.9991E-05
0.33069 0.444704 0.136761 0.00431811 0.0835277
0.793333 0.129296 0.0771715 9.9982E-05 9.9982E-05
0.49568 0.135605 0.0972782 0.0710813 0.200356
0.79049 0.135046 0.0443552 9.9991E-05 0.0300081
0.312868 0.329301 0.0823985 0.199732 0.0757003
0.182135 0.101475 0.0289642 0.553637 0.133788
0.0645312 0.151638 0.192914 0.496856 0.0940608
0.121341 0.251749 0.230758 0.365212 0.0309401
0.389943 0.266535 0.204397 0.139024 9.9991E-05
0.188644 0.0631306 0.15067 0.542887 0.0546685
0.276391 0.152179 9.9991E-05 0.415371 0.155958
0.364165 9.9973E-05 0.635535 9.9973E-05 9.9973E-05
0.0614917 0.571613 0.0862768 0.139609 0.141009
0.185269 0.287655 0.234508 0.0526477 0.23992
0.31688 0.365619 0.23692 0.0426294 0.0379515
0.130548 0.221466 0.124329 0.353841 0.169815
0.171431 0.0202326 9.9991E-05 0.209121 0.599116
0.359703 9.9991E-05 0.271943 0.239039 0.129215
9.9982E-05 0.285574 0.452757 9.9982E-05 0.26147
0.267631 0.167233 0.0337406 0.445199 0.0861969
0.276413 0.0912475 0.184542 0.447697 9.9991E-05
0.181055 0.431518 0.252036 0.135291 9.9991E-05
0.0247737 0.974926 9.9973E-05 9.9973E-05 9.9973E-05
0.0363485 0.253488 0.211699 0.498365 9.9991E-05
0.128852 0.601027 0.179882 9.9991E-05 0.0901395
0.338335 9.9991E-05 0.24115 0.273309 0.147106
0.33786 0.0835213 0.274826 0.25699 0.0468032
0.24161 0.161625 0.168715 0.366873 0.0611766
0.144565 0.13846 0.162186 0.451206 0.103584
0.0965257 0.288667 0.263452 0.32869 0.0226663
9.9991E-05 0.492109 0.266492 0.134744 0.106554
0.0642429 0.478418 0.280469 9.9991E-05 0.17677
0.0372569 0.172274 0.47641 0.280808 0.0332517
0.0529423 0.18898 9.9991E-05 0.708967 0.0490112
0.0204654 9.9991E-05 0.0375216 0.633062 0.308851
0.262267 9.9991E-05 0.192721 0.320198 0.224714
0.419452 0.15017 0.0155143 0.254026 0.160838
0.440002 0.319067 0.234684 0.00614705 9.9991E-05
0.233058 0.0751681 0.107624 0.398048 0.186102
0.462296 0.18108 0.0867768 0.0702296 0.199617
0.285107 0.190558 0.216681 0.129814 0.17784
9.9982E-05 9.9982E-05 0.239324 0.424901 0.335575
0.175441 0.16892 0.11913 0.510439 0.0260705
9.9982E-05 9.9982E-05 0.376912 0.431986 0.190902
9.9991E-05 0.0738494 0.193947 0.601937 0.130166
0.440142 9.9991E-05 0.19311 0.153704 0.212944
0.0359561 0.265803 0.428992 0.199046 0.0702019
9.9973E-05 9.9973E-05 9.9973E-05 0.991097 0.00860348
0.46179 0.0596022 0.214479 0.26403 9.9991E-05
0.221592 0.130129 9.9991E-05 0.537266 0.110912
0.0469683 0.00462423 9.9991E-05 0.0251311 0.923176
0.0773405 0.543862 0.141374 0.237324 9.9991E-05
9.997E-05 0.9996 9.997E-05 9.997E-05 9.997E-05
0.0264874 0.483719 0.192738 0.296956 9.9991E-05
0.236204 9.9991E-05 0.114066 0.494421 0.155208
0.0717755 0.133046 9.9991E-05 0.677156 0.117922
0.287207 0.0884949 0.188537 0.302137 0.133624
0.00273996 9.9991E-05 0.688441 0.143734 0.164985
0.422237 0.434143 0.0774492 9.9991E-05 0.0660709
0.391665 0.0508462 0.0470835 0.432334 0.0780711
0.482291 9.9991E-05 0.175741 0.204429 0.137439
0.258035 0.395823 0.237533 9.9991E-05 0.108508
0.383345 0.00892002 0.384024 0.0774267 0.146284
9.9991E-05 0.084298 0.28998 0.402297 0.223325
0.262162 9.9991E-05 0.0765567 0.583763 0.0774184
0.190666 9.9982E-05 0.0244529 0.784681 9.9982E-05
0.170757 0.18213 0.0409776 0.488962 0.117173
0.252105 0.302092 0.0904433 0.21278 0.14258
0.034138 0.208599 0.176325 0.555 0.0259384
9.9991E-05 0.0954077 0.290674 0.376785 0.237033
0.290734 9.9991E-05 0.215533 0.377009 0.116624
0.178494 0.10411 0.126289 0.473452 0.117654
9.9982E-05 0.311 0.324055 0.364745 9.9982E-05
0.185525 0.667186 9.9982E-05 0.14709 9.9982E-05
0.449837 0.071844 0.345308 0.132911 9.9991E-05
0.316705 0.307185 0.124601 0.104172 0.147337
9.9982E-05 0.302656 0.276728 0.420417 9.9982E-05
9.997E-05 9.997E-05 9.997E-05 9.997E-05 0.9996
0.278873 0.156555 0.435491 0.124748 0.00433322
0.14487 9.9991E-05 0.0547404 0.778639 0.0216505
0.656451 0.261104 9.9982E-05 9.9982E-05 0.0822444
0.100234 9.9982E-05 0.123083 0.776483 9.9982E-05
0.0562513 0.213401 0.080055 0.579743 0.0705505
9.9982E-05 0.508819 0.304988 0.185993 9.9982E-05
9.9982E-05 9.9982E-05 0.278396 0.675943 0.0454611
0.18213 0.219063 9.9991E-05 0.174795 0.423913
0.080678 0.211638 9.9991E-05 0.313398 0.394186
0.276572 0.137208 0.127188 0.294489 0.164542
9.997E-05 9.997E-05 9.997E-05 9.997E-05 0.9996
0.396776 9.9991E-05 0.255904 0.271278 0.0759422
9.997E-05 9.997E-05 0.9996 9.997E-05 9.997E-05
0.476128 0.37839 0.128925 9.9991E-05 0.0164566
0.303217 0.179871 0.102782 0.336026 0.0781033
0.341688 0.341434 0.0371945 0.224958 0.0547253
0.190222 0.349237 0.156532 0.239252 0.0647564
0.380963 9.9991E-05 0.306461 0.149135 0.163341
0.123749 0.0894208 0.19325 0.502343 0.0912376
0.308939 0.0360393 0.164434 0.490487 9.9991E-05
0.21994 0.0752773 0.204082 0.287557 0.213143
0.201216 9.9991E-05 0.199299 0.487232 0.112153
0.269246 0.0910795 0.034025 0.094095 0.511555
0.168974 0.112621 0.0417554 0.607592 0.0690581
9.997E-05 9.997E-05 9.997E-05 9.997E-05 0.9996
0.162142 0.187324 0.352373 0.24988 0.048281
9.9991E-05 0.647231 0.0334153 0.290831 0.0284221
9.9982E-05 9.9982E-05 0.205552 0.743515 0.0507327
0.223211 0.280189 0.264779 0.0265079 0.205313
0.255095 0.549559 0.138238 0.0250099 0.0320983
0.299723 0.0904111 9.9991E-05 0.120468 0.489297
0.182324 0.296583 0.211297 0.118978 0.190818
0.295314 9.9982E-05 0.261699 0.442787 9.9982E-05
0.122531 9.9991E-05 0.122459 0.492528 0.262382
0.522194 9.9991E-05 0.052924 0.298487 0.126295
0.389551 0.166399 0.296064 0.111459 0.0365271
9.9991E-05 0.00310462 0.244035 0.534399 0.218361
0.148599 0.14847 0.306538 0.31082 0.0855737
0.0559242 0.568786 0.208074 9.9991E-05 0.167116
9.9982E-05 0.912383 9.9982E-05 0.0766628 0.0107545
0.163673 9.9982E-05 9.9982E-05 0.736239 0.0998874
0.101836 0.0709268 0.0213998 0.45307 0.352768
0.513401 0.0388362 0.0764027 0.243332 0.128029
9.9991E-05 0.402682 0.207508 0.334246 0.0554646
0.174245 0.0951895 0.422635 0.277397 0.0305338
0.684531 9.9982E-05 0.0753131 0.239956 9.9982E-05
0.91033 0.00710731 9.9982E-05 9.9982E-05 0.0823623
0.0642305 0.292603 0.232467 0.314167 0.0965324
9.9982E-05 9.9982E-05 0.141757 0.797682 0.0603611
0.144728 0.182731 0.281748 0.311746 0.0790463
0.71857 9.9973E-05 0.28113 9.9973E-05 9.9973E-05
9.9991E-05 0.0129329 0.268525 0.536657 0.181785
0.0726134 0.295109 0.332866 0.10106 0.198353
0.236644 9.9991E-05 0.0542412 0.584912 0.124102
0.318529 0.210072 0.110551 0.0477978 0.313051
0.245914 9.9991E-05 0.189651 0.559488 0.00484643
0.9996 9.997E-05 9.997E-05 9.997E-05 9.997E-05
9.9982E-05 0.667049 0.066304 0.266447 9.9982E-05
0.0960263 9.9982E-05 0.236506 0.667268 9.9982E-05
0.194745 0.0681187 0.419281 0.219033 0.0988216
0.206027 0.0264979 0.362453 0.404922 9.9991E-05
0.187838 0.140709 0.302292 0.245578 0.123583
0.187054 0.047987 0.184893 0.464369 0.115696
0.207325 0.162633 0.174109 0.353976 0.101957
0.48569 0.104955 0.0083917 0.238842 0.162122
9.9991E-05 0.162838 0.128494 0.636074 0.0724943
0.162526 0.131814 0.14862 0.446383 0.110658
9.9982E-05 0.649869 9.9982E-05 0.294568 0.055363
0.224078 0.270866 0.132336 0.175914 0.196806
0.0784466 0.18901 0.143371 0.589072 9.9991E-05
0.9996 9.997E-05 9.997E-05 9.997E-05 9.997E-05
0.824593 0.175107 9.9973E-05 9.9973E-05 9.9973E-05
0.165645 0.0361244 0.143116 0.620049 0.0350645
0.0888012 0.183535 0.396285 0.212472 0.118906
9.997E-05 0.9996 9.997E-05 9.997E-05 9.997E-05
0.207062 0.250076 0.130052 0.41271 9.9991E-05
0.329773 9.9982E-05 0.358797 0.311229 9.9982E-05
0.91487 0.0745953 9.9982E-05 0.0103343 9.9982E-05
0.503866 0.298936 9.9982E-05 0.196998 9.9982E-05
0.215319 0.129589 0.203912 0.290017 0.161163
0.309794 0.0723982 0.256629 0.196063 0.165116
0.117617 0.193871 9.9991E-05 0.504962 0.18345
0.337924 0.229338 0.432538 9.9982E-05 9.9982E-05
0.312235 0.266113 0.103316 0.318236 9.9991E-05
0.104876 9.9991E-05 0.341223 0.484473 0.0693281
0.224694 9.9982E-05 0.123193 0.651913 9.9982E-05
0.0773135 0.200846 0.404271 0.124753 0.192817
0.0368401 9.9973E-05 0.96286 9.9973E-05 9.9973E-05
9.9991E-05 0.0874222 0.308371 0.398871 0.205236
0.851055 0.0217962 9.9982E-05 9.9982E-05 0.126949
0.458323 0.261336 0.123968 0.101694 0.0546785
0.272631 0.244992 0.149736 0.300313 0.0323273
9.9982E-05 0.285606 9.9982E-05 0.48901 0.225185
0.273434 0.434063 0.0638493 0.19568 0.0329727
9.997E-05 9.997E-05 0.9996 9.997E-05 9.997E-05
0.381054 0.208963 0.110816 0.2698 0.0293672
0.228359 0.302908 0.317683 0.0304638 0.120586
0.124507 0.201724 9.9982E-05 0.673569 9.9982E-05
0.273089 0.327301 0.0017203 0.300497 0.0973925
