9.9964E-05 0.1453 9.9964E-05 9.9964E-05 0.0893818 0.0619719 0.641273 0.0440612 0.0176128 9.9964E-05
9.99729E-05 0.152572 0.0108394 0.21207 0.120458 0.0683743 0.155306 9.99729E-05 0.280081 9.99729E-05
0.12359 9.9982E-05 0.052639 0.123418 0.405232 0.0491552 0.12143 0.00560607 0.11873 9.9982E-05
0.0200923 9.9973E-05 0.0282919 9.9973E-05 0.612526 0.133385 0.0862516 0.0416376 0.0775152 9.9973E-05
9.9982E-05 0.0643176 0.0536041 0.289489 0.256564 0.0282912 0.00702919 0.136128 0.164377 9.9982E-05
9.9973E-05 0.226994 0.0460215 0.124478 0.39551 0.0297589 9.9973E-05 0.0682001 0.108737 9.9973E-05
0.0676031 9.99729E-05 0.103015 9.99729E-05 0.27208 0.133732 0.285065 0.0362899 9.99729E-05 0.101915
0.0154722 0.00936091 0.0732261 0.556997 0.0536806 0.106881 0.184083 9.9973E-05 9.9973E-05 9.9973E-05
0.0464954 0.000598149 9.99639E-05 0.0731308 0.165238 9.99639E-05 9.99639E-05 0.0572231 9.99639E-05 0.656915
0.190233 9.99639E-05 0.0768743 0.0740639 9.99639E-05 9.99639E-05 0.0871062 0.243921 9.99639E-05 0.327401
0.0125514 0.286697 9.9973E-05 0.0870722 0.283282 0.0143186 9.9973E-05 0.0806917 9.9973E-05 0.235087
0.07241 0.030409 0.0314206 0.00215907 9.99549E-05 9.99549E-05 9.99549E-05 9.99549E-05 9.99549E-05 0.863102
0.0985758 0.0726131 0.0419595 0.10334 0.318231 0.0299069 0.195952 0.0226356 0.00251388 0.114273
0.0726808 0.132842 0.0651723 0.262936 9.9982E-05 0.0329416 0.30005 0.111925 0.0212526 9.9982E-05
9.99369E-05 0.983264 0.00919729 0.00683869 9.99369E-05 9.99369E-05 9.99369E-05 9.99369E-05 9.99369E-05 9.99369E-05
0.106035 0.218843 0.0867985 9.9982E-05 0.0234111 0.278149 0.125514 0.0154573 0.145593 9.9982E-05
9.9928E-05 0.918108 9.9928E-05 9.9928E-05 9.9928E-05 9.9928E-05 9.9928E-05 0.0810928 9.9928E-05 9.9928E-05
0.144792 0.125488 0.0838585 0.134495 0.169043 9.9982E-05 0.109058 0.016771 0.216295 9.9982E-05
9.9973E-05 0.149603 0.0484748 0.232921 0.117707 9.9973E-05 0.114529 9.9973E-05 0.123307 0.213158
0.0604394 9.9964E-05 9.9964E-05 9.9964E-05 0.456388 0.0927805 0.267194 0.0571853 9.9964E-05 0.0656124
9.99729E-05 0.0138844 0.0665045 0.161747 0.259447 9.99729E-05 0.320897 0.101228 9.99729E-05 0.0759921
0.0141108 0.32039 0.0142482 0.173461 0.0798225 9.9982E-05 0.138198 9.9982E-05 0.0475664 0.212003
9.99549E-05 9.99549E-05 0.120449 9.99549E-05 0.246048 0.0420784 0.110996 9.99549E-05 0.479929 9.99549E-05
0.109003 0.197321 9.9982E-05 0.0252913 0.326108 0.0792868 0.0646068 0.0370257 0.161158 9.9982E-05
9.9955E-05 0.452502 0.0160099 9.9955E-05 9.9955E-05 9.9955E-05 9.9955E-05 0.149505 0.00257312 0.37891
9.9964E-05 0.266005 9.9964E-05 0.188494 0.0393464 0.0201749 0.443492 0.0420886 9.9964E-05 9.9964E-05
0.0933107 0.00777266 0.091813 9.9982E-05 0.109684 0.17694 0.120341 0.0779697 9.9982E-05 0.321969
0.086091 0.312972 9.9964E-05 0.0914357 9.9964E-05 9.9964E-05 0.342991 0.0714524 0.0946587 9.9964E-05
0.111969 0.343639 0.00569969 0.163211 0.150575 0.0149802 0.0245719 0.0240622 0.161191 9.9991E-05
0.52031 9.99729E-05 0.0319873 0.283534 0.0301844 0.000843559 0.0563877 0.0764537 9.99729E-05 9.99729E-05
0.0819722 0.0380741 0.00919959 0.632499 0.163325 0.0190737 9.9991E-05 0.0332564 0.0203267 0.00217254
0.0907612 0.022621 9.9955E-05 9.9955E-05 9.9955E-05 0.0379404 9.9955E-05 0.022623 9.9955E-05 0.825554
0.0893743 0.166679 0.0606702 0.154016 0.164163 0.0192154 0.345582 9.9973E-05 9.9973E-05 9.9973E-05
9.9982E-05 0.292545 0.0605214 0.212446 0.313262 0.00547209 9.9982E-05 0.0670603 0.00234849 0.0461444
9.9964E-05 0.4385 0.0362842 9.9964E-05 0.130944 9.9964E-05 0.110299 0.0988857 9.9964E-05 0.184687
9.99201E-05 9.99201E-05 9.99201E-05 9.99201E-05 9.99201E-05 9.99201E-05 0.999101 9.99201E-05 9.99201E-05 9.99201E-05
9.9973E-05 0.214396 9.9973E-05 0.0545568 0.349913 0.0278697 0.118385 0.122303 0.112276 9.9973E-05
0.0218378 0.251201 9.9964E-05 9.9964E-05 9.9964E-05 0.00638126 0.386051 0.0710944 9.9964E-05 0.263035
9.9946E-05 0.0196598 0.0265908 0.947322 9.9946E-05 9.9946E-05 9.9946E-05 0.00582794 9.9946E-05 9.9946E-05
9.999E-05 0.169654 0.0997579 0.123449 0.162277 0.160495 0.000799515 0.00349928 0.243062 0.0369067
0.131427 0.00662808 0.0517129 0.265459 0.404942 0.024342 9.9982E-05 0.018548 9.9982E-05 0.0967408
0.0036353 9.9982E-05 0.0958969 0.367143 0.201297 0.182776 0.0129683 0.103625 0.0324576 9.9982E-05
9.9955E-05 9.9955E-05 0.0475678 0.707547 9.9955E-05 0.0567359 0.164504 0.0231456 9.9955E-05 9.9955E-05
0.0278582 0.138978 9.9964E-05 0.0959952 9.9964E-05 9.9964E-05 0.281106 9.9964E-05 0.182377 0.273286
0.0285204 9.99549E-05 0.0311242 9.99549E-05 9.99549E-05 0.164997 0.000185464 9.99549E-05 9.99549E-05 0.774673
9.9955E-05 9.9955E-05 0.00439992 0.39893 9.9955E-05 9.9955E-05 0.110069 0.114339 9.9955E-05 0.371762
0.0599019 0.0433409 9.9982E-05 0.122591 0.443372 0.0262365 0.150239 0.0247387 9.9982E-05 0.12938
0.0280536 9.9973E-05 0.0123344 0.268584 0.34929 0.0872309 9.9973E-05 9.9973E-05 0.110325 0.143883
0.134554 0.174328 0.0592207 9.9982E-05 0.0468502 0.0887017 9.9982E-05 0.0102361 0.220697 0.265212
0.0520187 0.248731 0.0392787 0.393145 9.9973E-05 0.0652967 0.0401855 9.9973E-05 0.161045 9.9973E-05
0.0248416 0.144655 0.0762967 9.9982E-05 9.9982E-05 0.00720125 0.276517 0.0576895 0.154893 0.257706
0.0494987 9.9982E-05 0.0785361 0.323327 0.19264 0.0401762 0.05068 0.0420055 0.222936 9.9982E-05
0.0108034 9.9964E-05 0.0872497 0.170928 0.317622 0.407081 9.9964E-05 0.00591554 9.9964E-05 9.9964E-05
0.118674 0.16481 0.0178698 0.0687404 0.0429415 0.227253 0.00638996 0.198531 9.9991E-05 0.15469
9.99201E-05 9.99201E-05 9.99201E-05 9.99201E-05 9.99201E-05 9.99201E-05 9.99201E-05 9.99201E-05 0.999101 9.99201E-05
9.9982E-05 0.0739684 0.0585228 0.405398 0.104546 9.9982E-05 0.163363 0.00612492 0.0928241 0.0950531
9.9928E-05 9.9928E-05 9.9928E-05 9.9928E-05 9.9928E-05 9.9928E-05 9.9928E-05 9.9928E-05 0.776864 0.222336
9.9946E-05 9.9946E-05 0.0351075 9.9946E-05 0.232255 9.9946E-05 9.9946E-05 0.034634 0.697404 9.9946E-05
0.00899501 0.122475 0.116692 0.245901 0.0209485 0.14236 9.9982E-05 0.015051 0.327377 9.9982E-05
9.9982E-05 0.0773051 0.0260569 0.155592 9.9982E-05 0.030621 0.129638 0.0920336 0.151618 0.336935
0.0765207 9.9928E-05 9.9928E-05 9.9928E-05 0.92268 9.9928E-05 9.9928E-05 9.9928E-05 9.9928E-05 9.9928E-05
9.9955E-05 0.280153 0.0904034 9.9955E-05 0.560811 0.00204273 9.9955E-05 0.0660903 9.9955E-05 9.9955E-05
9.9955E-05 0.619496 0.016718 9.9955E-05 0.210705 9.9955E-05 0.0345357 9.9955E-05 9.9955E-05 0.118046
0.878336 9.9937E-05 0.0772257 9.9937E-05 9.9937E-05 9.9937E-05 0.0437388 9.9937E-05 9.9937E-05 9.9937E-05
0.0115746 0.036297 9.9973E-05 0.248097 9.9973E-05 0.0201564 0.390697 0.203044 0.0898347 9.9973E-05
9.9955E-05 9.9955E-05 0.00287565 9.9955E-05 9.9955E-05 0.104002 0.860818 0.0255814 0.00622305 9.9955E-05
9.9973E-05 0.0547008 0.0521112 9.9973E-05 0.185188 9.9973E-05 0.347085 0.0876208 0.103203 0.169791
0.045528 0.313369 9.9946E-05 0.552051 9.9946E-05 9.9946E-05 0.088452 9.9946E-05 9.9946E-05 9.9946E-05
0.111318 0.231359 0.0158059 0.0373264 0.286452 9.9964E-05 0.317339 9.9964E-05 9.9964E-05 9.9964E-05
0.166452 0.043439 0.0433889 0.11159 0.239442 0.0954487 0.0637264 0.105098 9.9991E-05 0.131315
0.04067 9.99459E-05 9.99459E-05 0.0126334 9.99459E-05 9.99459E-05 9.99459E-05 0.0757829 0.870314 9.99459E-05
0.010765 0.573385 0.0507082 0.00376808 9.9982E-05 0.0898533 0.14864 0.0142336 9.9982E-05 0.108447
0.0405392 0.11411 0.112438 0.387533 9.9991E-05 0.0480026 0.173981 0.0206955 0.0351338 0.0674671
0.0212493 0.29489 9.99639E-05 0.501503 9.99639E-05 0.0207139 9.99639E-05 0.0602721 0.100973 9.99639E-05
0.145961 0.232877 9.9964E-05 9.9964E-05 9.9964E-05 0.115057 0.0539386 0.214571 9.9964E-05 0.237196
9.9964E-05 9.9964E-05 0.0328801 0.344823 9.9964E-05 0.181326 9.9964E-05 0.0833782 0.190733 0.16646
0.0404425 0.436706 0.0640641 9.9973E-05 0.119 0.0225549 9.9973E-05 9.9973E-05 0.0709274 0.246005
0.00804306 9.9955E-05 0.0313652 0.110334 0.828622 9.9955E-05 9.9955E-05 0.0211351 9.9955E-05 9.9955E-05
9.9946E-05 9.9946E-05 9.9946E-05 0.0434159 0.834834 9.9946E-05 0.0495755 9.9946E-05 0.0715751 9.9946E-05
0.187617 0.0390068 0.0298206 0.0570099 0.517312 0.00707903 0.101168 9.9982E-05 9.9982E-05 0.060786
0.00648954 0.127239 0.0307232 0.0851493 0.389322 0.0170049 0.0401733 0.0105846 0.057595 0.235719
9.9964E-05 0.371689 9.9964E-05 9.9964E-05 0.401989 9.9964E-05 0.012103 0.0164001 0.0841571 0.113262
0.169086 9.9973E-05 9.9973E-05 0.0932611 0.193212 0.0551905 9.9973E-05 0.0363275 0.0352921 0.41733
0.08782 9.99551E-05 9.99551E-05 0.49506 0.265388 0.129899 9.99551E-05 0.0213331 9.99551E-05 9.99551E-05
9.9982E-05 0.316655 0.0699531 0.00531864 0.268268 9.9982E-05 0.0418995 0.0270843 0.138157 0.132464
9.996E-05 9.996E-05 9.996E-05 9.996E-05 0.45534 0.082504 0.104571 0.0376687 0.00578396 0.313733
9.99459E-05 0.00648198 0.00167795 0.23907 9.99459E-05 9.99459E-05 0.752171 9.99459E-05 9.99459E-05 9.99459E-05
9.99461E-05 9.99461E-05 0.0562075 9.99461E-05 0.168613 9.99461E-05 9.99461E-05 0.0447147 9.99461E-05 0.729865
0.0982175 0.545977 0.0300325 9.99729E-05 9.99729E-05 0.0145893 0.141383 0.0740227 0.0954783 9.99729E-05
9.9982E-05 0.016737 0.0311248 0.0245014 0.11275 0.0335925 0.0529895 9.9982E-05 0.055237 0.672867
0.963781 9.9937E-05 9.9937E-05 0.0164786 9.9937E-05 9.9937E-05 9.9937E-05 0.019041 9.9937E-05 9.9937E-05
9.9964E-05 0.265625 0.00539137 9.9964E-05 0.125593 0.0664575 9.9964E-05 0.0983087 9.9964E-05 0.438224
9.99371E-05 9.99371E-05 0.0796405 0.180039 0.739621 9.99371E-05 9.99371E-05 9.99371E-05 9.99371E-05 9.99371E-05
0.014967 0.280769 0.0634512 0.374975 9.9964E-05 0.202424 0.0630138 9.9964E-05 9.9964E-05 9.9964E-05
9.99585E-05 0.13452 9.99585E-05 0.0377787 0.653909 9.99585E-05 0.120425 9.99585E-05 0.0528679 9.99585E-05
0.0593536 9.9955E-05 9.9955E-05 0.433197 0.331946 9.9955E-05 0.143014 9.9955E-05 9.9955E-05 0.031989
9.9955E-05 9.9955E-05 9.9955E-05 9.9955E-05 9.9955E-05 0.109502 0.217287 0.110792 0.281297 0.280622
9.9964E-05 0.201166 0.0177643 9.9964E-05 0.177835 9.9964E-05 9.9964E-05 0.0318138 0.533536 0.0374853
0.389686 0.207269 0.0431869 9.9964E-05 0.0740071 9.9964E-05 0.0567835 9.9964E-05 9.9964E-05 0.228668
0.24579 0.354599 9.9964E-05 0.113635 0.198259 9.9964E-05 0.0630395 9.9964E-05 0.0242781 9.9964E-05
0.00824795 0.176909 0.00738832 0.338108 9.9982E-05 9.9982E-05 0.180672 0.0159989 0.104886 0.16759
0.994484 9.99279E-05 9.99279E-05 9.99279E-05 9.99279E-05 9.99279E-05 9.99279E-05 9.99279E-05 0.00471683 9.99279E-05
0.0114434 0.442817 0.0293637 0.267552 9.9973E-05 9.9973E-05 0.0269432 0.123508 0.0980731 9.9973E-05
9.99201E-05 9.99201E-05 9.99201E-05 9.99201E-05 9.99201E-05 9.99201E-05 9.99201E-05 0.999101 9.99201E-05 9.99201E-05
0.0384721 9.9982E-05 0.0447171 0.270178 9.9982E-05 0.0958713 0.159192 0.0955948 0.0919179 0.203858
9.9955E-05 0.0932269 9.9955E-05 0.578862 0.118305 0.108496 0.10061 9.9955E-05 9.9955E-05 9.9955E-05
9.9973E-05 0.245292 9.9973E-05 0.17511 0.0719193 0.152676 0.0652919 9.9973E-05 0.104403 0.185008
0.0473504 0.156156 9.998E-05 0.112619 0.366339 0.06224 0.0690482 9.998E-05 0.0808263 0.105221
0.0265128 9.9955E-05 0.0409311 0.818531 9.9955E-05 9.9955E-05 9.9955E-05 0.0588108 0.0547149 9.9955E-05
0.031665 0.027715 0.0460115 0.0219923 0.157112 9.9982E-05 0.312533 9.9982E-05 0.267099 0.135672
9.998E-05 0.151859 0.0439138 0.355078 0.127933 0.0594993 0.0183329 0.144516 0.0986691 9.998E-05
0.112808 9.9973E-05 0.0633469 0.254318 0.0908421 9.9973E-05 0.0206779 0.0414149 9.9973E-05 0.416292
0.0923994 0.0353693 9.9982E-05 0.0923074 0.468097 0.198627 9.9982E-05 0.0611859 0.00356056 0.0482531
0.381673 0.381101 9.9946E-05 9.9946E-05 0.218991 9.9946E-05 9.9946E-05 9.9946E-05 9.9946E-05 0.0176354
9.99549E-05 0.0677733 9.99549E-05 0.490781 9.99549E-05 9.99549E-05 0.245225 0.0915781 0.104143 9.99549E-05
0.999101 9.99201E-05 9.99201E-05 9.99201E-05 9.99201E-05 9.99201E-05 9.99201E-05 9.99201E-05 9.99201E-05 9.99201E-05
9.9964E-05 0.22649 9.9964E-05 0.288586 9.9964E-05 0.0372796 0.0727062 0.185509 9.9964E-05 0.189029
9.9982E-05 0.0626135 0.0533189 9.9982E-05 0.0456502 0.0813982 0.426395 0.0366086 0.205543 0.0882722
9.9955E-05 9.9955E-05 0.0119606 0.544053 0.361097 9.9955E-05 9.9955E-05 9.9955E-05 0.0592088 0.0231808
9.99549E-05 9.99549E-05 0.0943169 0.229284 9.99549E-05 9.99549E-05 0.220505 0.00985586 9.99549E-05 0.445538
0.00553371 0.371061 0.0631653 9.998E-05 0.26382 0.0319381 0.0664121 0.0586196 0.13925 9.998E-05
0.269291 0.396105 0.0486117 9.9964E-05 0.155223 9.9964E-05 0.0983239 0.0320457 9.9964E-05 9.9964E-05
0.0333863 0.497116 0.0452909 0.0853792 0.133998 0.0119238 9.9991E-05 0.0580218 0.0783868 0.0563972
9.9964E-05 0.203928 9.9964E-05 0.0506023 0.203169 0.322903 9.9964E-05 0.0633117 9.9964E-05 0.155685
0.147274 0.0915517 0.0250834 0.00552976 0.151567 9.9973E-05 9.9973E-05 9.9973E-05 0.288509 0.290185
9.99371E-05 0.644465 9.99371E-05 0.276508 9.99371E-05 9.99371E-05 9.99371E-05 9.99371E-05 9.99371E-05 0.0783275
0.0227627 0.260124 0.0373405 0.378983 9.9973E-05 0.0772679 9.9973E-05 9.9973E-05 0.00183228 0.22139
0.111508 0.10104 9.9964E-05 9.9964E-05 0.352586 9.9964E-05 0.0464311 9.9964E-05 0.177654 0.21038
9.9964E-05 9.9964E-05 0.0197553 0.0602761 0.299202 0.0782876 9.9964E-05 9.9964E-05 0.0842556 0.457824
0.107708 0.110971 0.0162112 0.0326241 0.145616 0.050491 0.276267 0.0543513 0.0651798 0.140582
9.9955E-05 0.282193 0.00853653 9.9955E-05 0.120056 9.9955E-05 0.464528 9.9955E-05 9.9955E-05 0.124187
0.0167919 0.119087 0.117296 0.0872649 0.464158 9.9982E-05 0.0449346 0.0229208 0.127347 9.9982E-05
0.249644 9.9955E-05 9.9955E-05 0.230723 0.204118 9.9955E-05 9.9955E-05 9.9955E-05 0.17611 0.138905
0.165258 0.162362 0.0728153 0.446007 0.104922 0.0268444 9.9973E-05 0.0214915 9.9973E-05 9.9973E-05
9.9955E-05 9.9955E-05 9.9955E-05 0.349852 0.0684454 9.9955E-05 0.187663 9.9955E-05 0.22652 0.167019
9.9973E-05 0.0982536 0.03184 0.0576673 0.144895 9.9973E-05 9.9973E-05 0.0630627 0.253391 0.35059
9.99279E-05 9.99279E-05 9.99279E-05 9.99279E-05 9.99279E-05 0.992345 9.99279E-05 9.99279E-05 9.99279E-05 0.00685514
9.99201E-05 9.99201E-05 9.99201E-05 9.99201E-05 9.99201E-05 0.999101 9.99201E-05 9.99201E-05 9.99201E-05 9.99201E-05
0.0570095 9.9991E-05 0.0421006 0.115019 0.19293 0.0279625 0.0379862 0.0401143 0.151882 0.334896
9.9964E-05 0.123389 0.0663077 9.9964E-05 0.456297 9.9964E-05 9.9964E-05 0.133356 0.0583668 0.161883
0.00600293 0.0742081 0.0339525 9.997E-05 0.263046 9.997E-05 9.997E-05 0.112314 0.0295187 0.480659
9.9946E-05 0.0768316 0.026558 0.871206 9.9946E-05 9.9946E-05 9.9946E-05 0.024805 9.9946E-05 9.9946E-05
0.136359 0.0997085 0.0257709 0.254305 0.27328 9.9973E-05 9.9973E-05 0.0256808 0.184596 9.9973E-05
0.0701924 0.0494788 0.0352583 9.9973E-05 9.9973E-05 9.9973E-05 0.195622 0.0106234 0.212263 0.426262
0.0822487 0.334864 0.0414511 9.9964E-05 0.304342 9.9964E-05 0.0251779 9.9964E-05 0.211517 9.9964E-05
0.419349 0.131213 0.0495093 9.99639E-05 0.103439 9.99639E-05 0.232985 0.0631048 9.99639E-05 9.99639E-05
9.998E-05 0.0778239 9.998E-05 0.124145 0.181588 0.0646843 0.176628 0.118858 0.0862914 0.169782
9.99201E-05 9.99201E-05 0.999101 9.99201E-05 9.99201E-05 9.99201E-05 9.99201E-05 9.99201E-05 9.99201E-05 9.99201E-05
9.9973E-05 0.0162855 0.0436144 9.9973E-05 0.173434 0.0491178 0.484402 0.112457 9.9973E-05 0.120389
9.996E-05 9.996E-05 0.0232117 0.455708 0.0662893 0.136101 0.130216 0.188075 9.996E-05 9.996E-05
0.0358482 9.9964E-05 0.0277939 0.114098 9.9964E-05 9.9964E-05 0.0147396 0.0461736 9.9964E-05 0.760947
9.9955E-05 0.00787216 9.9955E-05 9.9955E-05 0.80157 9.9955E-05 9.9955E-05 0.0897735 0.0181406 0.0821437
0.0903258 9.9991E-05 0.11826 0.181303 0.0534957 0.0710378 0.0651607 0.0302028 0.0675339 0.32258
0.109485 0.15888 0.014773 9.9964E-05 0.215615 0.172438 9.9964E-05 9.9964E-05 9.9964E-05 0.328409
9.9964E-05 0.0221386 0.0435304 0.377703 9.9964E-05 0.00368146 0.182505 9.9964E-05 9.9964E-05 0.370042
0.125425 0.183511 0.0545975 0.211186 9.998E-05 0.13236 0.102984 0.0434372 9.998E-05 0.1463
9.99974E-05 0.0505665 0.0540681 0.0392172 0.324264 0.00494441 0.0904528 0.00215434 0.196131 0.238102
0.0576709 9.99639E-05 9.99639E-05 0.554934 0.0580302 0.0304611 0.235361 9.99639E-05 9.99639E-05 0.0631427
0.0695203 9.9955E-05 9.9955E-05 0.0128376 9.9955E-05 0.0279019 0.756929 9.9955E-05 0.132312 9.9955E-05
0.0578945 0.279467 0.0616908 0.332895 0.0630683 9.9982E-05 0.0877952 0.0251902 0.0917996 9.9982E-05
9.996E-05 0.146973 0.0154836 9.996E-05 0.4177 9.996E-05 0.0661784 0.0117821 9.996E-05 0.341482
9.99201E-05 9.99201E-05 0.999101 9.99201E-05 9.99201E-05 9.99201E-05 9.99201E-05 9.99201E-05 9.99201E-05 9.99201E-05
9.9982E-05 0.220334 0.33125 0.137325 0.0300927 0.0313747 0.0860381 0.0239445 9.9982E-05 0.139441
0.03088 9.9964E-05 9.9964E-05 0.291925 0.264903 0.185558 9.9964E-05 0.0449462 0.181388 9.9964E-05
9.9982E-05 0.0836362 0.0336769 0.239019 0.0417726 9.9982E-05 0.148559 0.0107105 0.333584 0.108842
9.9955E-05 9.9955E-05 0.0606001 9.9955E-05 9.9955E-05 0.0212531 0.770471 0.0357212 9.9955E-05 0.111455
9.99729E-05 0.449818 0.00602967 9.99729E-05 0.195233 0.0848018 0.104042 9.99729E-05 0.0327522 0.127023
9.9964E-05 0.0256606 0.0328224 0.680647 9.9964E-05 0.0124956 9.9964E-05 0.0507574 0.197217 9.9964E-05
9.99201E-05 9.99201E-05 9.99201E-05 9.99201E-05 9.99201E-05 0.999101 9.99201E-05 9.99201E-05 9.99201E-05 9.99201E-05
0.0863668 0.0833114 0.0584387 0.136473 0.273798 0.0206518 0.164766 9.9982E-05 9.9982E-05 0.175995
0.0952264 9.9964E-05 9.9964E-05 0.530348 9.9964E-05 0.0718696 0.0659562 9.9964E-05 0.0782071 0.157993
0.0561594 0.288639 0.0394226 9.9973E-05 9.9973E-05 0.120728 9.9973E-05 0.0672582 0.396226 0.0312667
0.107492 0.0380935 0.0644095 0.146627 0.281555 9.9991E-05 0.329038 0.00203381 0.0183614 0.0122897
9.9937E-05 9.9937E-05 9.9937E-05 9.9937E-05 9.9937E-05 0.141298 0.121866 9.9937E-05 0.736137 9.9937E-05
9.9973E-05 0.141248 0.100054 0.352199 0.17171 0.00965052 0.211521 9.9973E-05 0.0133178 9.9973E-05
9.9955E-05 0.061777 9.9955E-05 0.497746 0.14433 9.9955E-05 9.9955E-05 0.0961902 0.199456 9.9955E-05
9.9964E-05 0.00357947 0.0574423 0.126621 0.452586 9.9964E-05 9.9964E-05 9.9964E-05 0.0865688 0.272802
0.0440679 0.18059 9.9982E-05 0.0518136 9.9982E-05 0.15047 0.00490402 0.104655 0.0587906 0.404509
9.9928E-05 9.9928E-05 9.9928E-05 9.9928E-05 9.9928E-05 9.9928E-05 9.9928E-05 0.990993 0.00820777 9.9928E-05
0.072586 0.125059 9.9973E-05 9.9973E-05 0.209225 0.12209 9.9973E-05 0.0439112 0.0852992 0.34153
0.00815985 0.986992 9.99369E-05 9.99369E-05 9.99369E-05 9.99369E-05 9.99369E-05 0.00414862 9.99369E-05 9.99369E-05
0.1118 0.25414 0.0376177 0.00939027 0.187872 9.9982E-05 0.15873 0.0431098 9.9982E-05 0.19714
9.9973E-05 9.9973E-05 0.0866347 9.9973E-05 0.0128736 0.217203 0.203169 0.0423604 0.338617 0.0988412
0.10661 9.9973E-05 9.9973E-05 0.413069 0.201761 0.042642 0.196901 9.9973E-05 0.0159778 0.0227388
0.00607806 9.9973E-05 0.0426686 0.169024 0.343797 0.216073 0.176452 0.0456076 9.9973E-05 9.9973E-05
9.99201E-05 9.99201E-05 9.99201E-05 9.99201E-05 9.99201E-05 9.99201E-05 9.99201E-05 0.999101 9.99201E-05 9.99201E-05
0.0737295 9.9973E-05 0.0843577 0.299719 0.349901 9.9973E-05 0.0108491 9.9973E-05 0.0800625 0.101081
0.0334013 0.268104 0.0217144 0.156937 9.9973E-05 9.9973E-05 0.317755 0.120581 0.081207 9.9973E-05
9.9955E-05 9.9955E-05 9.9955E-05 0.0236064 0.830859 0.0228547 0.0973433 9.9955E-05 9.9955E-05 0.0248365
0.0756308 0.0279578 0.0138214 0.11309 9.9982E-05 0.157108 0.161188 9.9982E-05 0.137501 0.313503
