0.200531 0.12489 0.64439 0.0301882
0.301105 0.119842 0.578953 9.9991E-05
0.262739 0.0373104 0.623902 0.0760493
9.999E-05 0.176565 0.650249 0.173085
0.0800547 0.120018 0.563988 0.235938
0.159207 0.287944 0.533543 0.0193068
9.999E-05 0.187314 0.520283 0.292302
0.12242 0.130731 0.585091 0.161758
0.314917 0.226755 0.382521 0.0758063
0.454376 0.298911 9.9991E-05 0.246612
0.507027 0.399468 9.9991E-05 0.0934053
0.801902 0.0820547 9.9991E-05 0.115943
0.158798 0.158797 0.381418 0.300987
0.022168 0.215122 0.533004 0.229706
0.29421 0.24562 0.381489 0.0786815
0.25896 0.0601276 0.398021 0.282892
9.9991E-05 0.359161 0.454503 0.186237
9.9991E-05 0.166815 0.544133 0.288952
0.446177 0.0845895 0.403722 0.0655119
0.130686 0.153434 0.608065 0.107814
0.113777 0.282743 0.538374 0.0651058
0.642204 0.119238 0.232527 0.00603143
0.098534 0.145427 0.623317 0.132723
9.9991E-05 0.109507 0.77226 0.118133
0.568909 0.409254 9.9991E-05 0.0217375
0.0785614 0.228214 0.519963 0.173261
0.303481 0.278197 0.2172 0.201121
0.124611 0.257206 0.448433 0.16975
0.353885 0.127271 0.320844 0.198001
0.121869 9.9991E-05 0.259465 0.618566
0.527477 0.218282 0.0949113 0.159329
0.643009 0.28088 9.9991E-05 0.0760107
0.0902107 0.0285721 0.601742 0.279475
0.162463 0.21409 0.623347 9.9991E-05
0.419629 0.191394 0.26459 0.124388
0.258398 9.9991E-05 0.725116 0.0163857
9.9982E-05 0.249869 0.749931 9.9982E-05
0.467077 0.378035 0.0509235 0.103965
0.107399 0.325135 0.344653 0.222813
0.239775 0.220806 0.403836 0.135583
0.494202 0.189131 0.260612 0.0560546
9.9991E-05 0.302393 0.548671 0.148836
0.118671 0.211302 0.515252 0.154775
0.470038 0.129614 0.400248 9.9991E-05
0.672417 0.13938 9.9991E-05 0.188104
0.343263 0.335297 0.286113 0.0353262
0.476415 0.0679064 0.285412 0.170267
0.318086 0.122372 0.478644 0.0808982
0.588818 0.144738 0.0925649 0.173879
0.299324 9.9991E-05 0.459444 0.241132
0.388949 0.106884 0.25025 0.253916
0.24051 0.129186 0.43971 0.190594
9.9991E-05 0.260941 0.612869 0.12609
0.0443813 0.278689 0.3921 0.28483
0.954975 9.9982E-05 0.044825 9.9982E-05
9.9991E-05 0.252164 0.583281 0.164455
0.880164 0.0533 0.0644227 0.00211359
0.84736 0.0197179 0.109468 0.0234542
0.479691 0.214533 0.154301 0.151476
0.649882 0.214585 0.105012 0.0305212
9.9991E-05 0.123462 0.773872 0.102565
0.0476061 0.287618 0.513589 0.151187
0.212139 0.0471885 0.517554 0.223119
9.9982E-05 0.0548167 9.9982E-05 0.944983
9.9982E-05 0.29333 0.70647 9.9982E-05
9.9982E-05 0.0756587 0.924141 9.9982E-05
0.226679 0.188288 0.584932 9.9991E-05
0.344927 0.0715493 0.368988 0.214536
0.0135606 0.125638 0.759102 0.101699
0.0448767 0.137581 0.509152 0.308391
0.560532 0.202545 0.160555 0.0763674
0.213665 0.0652485 0.563015 0.158072
0.161433 0.154905 0.482023 0.201639
0.397573 0.242281 0.321029 0.0391168
0.426506 0.287842 0.042617 0.243034
0.644742 0.17578 0.103733 0.075745
0.278797 0.198849 0.273437 0.248917
9.9991E-05 0.259139 0.677296 0.0634653
9.9982E-05 0.220609 0.779191 9.9982E-05
9.9991E-05 0.123959 0.608347 0.267594
0.213497 0.131191 0.51696 0.138351
0.169402 0.142438 0.582135 0.106024
0.439053 0.271973 0.116071 0.172903
9.9991E-05 0.303006 0.487155 0.209739
0.238325 9.9991E-05 0.648586 0.112988
0.66601 0.128157 0.205733 9.9991E-05
0.00277231 0.00295113 0.945971 0.0483058
0.790664 0.164512 9.9991E-05 0.0447238
0.143425 0.0866624 0.432654 0.337258
0.693609 0.155571 0.0941065 0.0567136
9.9982E-05 0.0295524 9.9982E-05 0.970248
0.591577 0.216132 0.106098 0.0861929
0.301369 0.0432826 0.476415 0.178934
0.211671 0.0899266 0.506575 0.191827
9.9982E-05 0.155215 0.844585 9.9982E-05
9.9991E-05 0.193488 0.589467 0.216944
0.481131 0.1847 0.334069 9.9991E-05
0.324222 0.3115 0.339537 0.0247406
0.117936 0.108554 0.0725371 0.700974
0.227574 0.0401159 0.437187 0.295123
0.465316 0.0932778 0.226893 0.214513
9.998E-05 9.998E-05 9.998E-05 0.9997
0.30313 0.200167 0.327956 0.168747
9.998E-05 0.9997 9.998E-05 9.998E-05
0.487309 0.206209 0.212757 0.0937249
0.355208 0.154338 0.490355 9.9991E-05
0.326958 0.0713005 0.53883 0.0629113
0.489064 0.0416166 0.257597 0.211722
0.372635 0.140746 0.363998 0.122621
0.47132 9.9991E-05 0.470224 0.0583563
0.124954 0.246709 0.561503 0.0668337
0.530048 0.048629 0.0951184 0.326204
0.357067 0.219108 0.333678 0.0901472
9.9991E-05 0.123163 0.232603 0.644134
0.14324 0.132789 0.723871 9.9991E-05
9.998E-05 9.998E-05 9.998E-05 0.9997
0.241293 0.440133 0.318474 9.9991E-05
0.0549583 0.157042 0.6594 0.1286
0.360861 0.179647 0.299881 0.159611
0.34292 0.387819 9.9991E-05 0.269161
9.9991E-05 0.212399 0.648128 0.139373
0.0490551 0.034866 0.195155 0.720924
0.101696 0.207954 0.374727 0.315623
0.109867 0.245524 0.644509 9.9991E-05
0.577676 0.0958743 0.073211 0.253239
0.218925 0.0336238 0.614852 0.132598
0.707407 0.17158 0.120913 9.9991E-05
0.417774 0.157972 0.265874 0.15838
0.768605 0.0419264 0.189369 9.9991E-05
0.493948 0.209455 0.192101 0.104496
0.033943 0.0940581 0.677403 0.194596
0.167191 0.088934 0.490271 0.253604
0.061195 0.202698 0.335143 0.400965
0.19725 0.107227 0.340286 0.355237
0.261638 0.218968 0.432864 0.0865307
0.579883 0.20786 0.103045 0.109212
0.053098 0.163237 0.782794 0.000870438
9.9991E-05 0.151415 0.667686 0.180799
0.535008 0.0754723 0.331086 0.0584337
9.9991E-05 0.314912 0.502775 0.182213
0.418211 0.12931 0.342804 0.109676
0.441356 0.213741 0.16211 0.182793
0.426605 0.160308 0.253262 0.159825
0.690004 0.0968208 0.141114 0.072061
9.9991E-05 0.137026 0.751581 0.111293
0.0426195 0.0529111 0.466042 0.438428
0.376446 0.0875247 0.505955 0.0300742
9.998E-05 9.998E-05 9.998E-05 0.9997
0.261673 0.196246 0.50856 0.0335205
9.9982E-05 0.438366 0.561434 9.9982E-05
0.661339 0.254931 0.0836301 9.9991E-05
0.166294 0.262656 0.539284 0.0317655
0.501286 0.0817834 0.142626 0.274305
0.421198 0.0828863 0.319927 0.175989
0.656231 9.9991E-05 0.204914 0.138756
0.109865 0.133395 0.45869 0.298049
0.326206 0.103238 0.499075 0.0714816
0.0411137 0.218426 0.596409 0.144051
9.9982E-05 9.9982E-05 0.829595 0.170205
0.286397 0.0984356 0.361866 0.253302
0.0468278 0.358289 0.453893 0.140991
9.998E-05 9.998E-05 9.998E-05 0.9997
0.262097 0.00830199 0.293618 0.435984
0.0681595 0.216401 0.688712 0.0267273
0.459523 0.158696 0.249902 0.131879
0.248631 0.104735 0.488314 0.15832
0.510895 0.107697 0.381309 9.9991E-05
0.332426 0.226887 0.440588 9.9991E-05
9.9991E-05 0.0850145 0.742671 0.172215
0.211818 9.9991E-05 0.547658 0.240425
0.720781 0.0146668 0.201466 0.0630867
0.184663 0.230567 0.373133 0.211637
9.9991E-05 0.146316 0.662676 0.190908
0.531609 0.108609 0.359682 9.9991E-05
0.290466 0.0699747 0.593999 0.0455604
0.286364 0.268604 0.444933 9.9991E-05
0.28113 0.155841 0.500073 0.0629568
0.307934 0.327778 0.238268 0.12602
9.998E-05 0.9997 9.998E-05 9.998E-05
0.4756 0.156149 0.26468 0.103571
9.9991E-05 0.220767 0.387084 0.392049
0.451447 0.0942754 0.234727 0.219551
0.395294 9.99985E-05 0.558947 0.0456585
0.147222 0.0546501 0.573721 0.224407
0.0909019 0.208521 0.46014 0.240437
9.998E-05 0.9997 9.998E-05 9.998E-05
0.241438 0.00387937 0.515192 0.23949
0.164198 0.263111 0.408664 0.164027
9.9982E-05 0.1303 0.8695 9.9982E-05
0.410403 9.9991E-05 0.396641 0.192856
