9.99549E-05 0.176231 0.0141087 0.138209 9.99549E-05 9.99549E-05 9.99549E-05 0.0494377 9.99549E-05 0.621514
9.9973E-05 9.9973E-05 0.0199726 0.102672 0.388591 0.15582 9.9973E-05 0.192861 0.0140589 0.125724
0.00364736 0.196833 0.086438 0.316846 0.213377 0.0115815 9.9982E-05 0.0600093 0.111068 9.9982E-05
0.0759114 9.9982E-05 0.062638 0.15856 0.0770677 0.419808 9.9982E-05 0.0265127 0.0333967 0.145905
0.126068 9.9973E-05 0.064814 0.163758 0.194904 0.157132 0.212468 9.9973E-05 9.9973E-05 0.0805565
0.0559361 9.9955E-05 9.9955E-05 0.0983672 0.339595 0.173298 0.332303 9.9955E-05 9.9955E-05 9.9955E-05
9.99639E-05 0.152547 0.0830187 0.0938216 0.388765 9.99639E-05 9.99639E-05 9.99639E-05 0.086196 0.195252
9.99729E-05 0.159144 0.041724 9.99729E-05 0.293852 9.99729E-05 0.105326 0.144434 0.0214998 0.233721
0.0241442 0.504513 9.9964E-05 0.0462729 0.277697 9.9964E-05 0.0799156 9.9964E-05 0.0670577 9.9964E-05
0.119122 0.469069 0.0515372 9.99639E-05 0.184288 9.99639E-05 9.99639E-05 9.99639E-05 0.0987461 0.0768372
0.0895166 0.7227 0.0462517 0.140932 9.99459E-05 9.99459E-05 9.99459E-05 9.99459E-05 9.99459E-05 9.99459E-05
9.99549E-05 0.483379 0.0104185 9.99549E-05 9.99549E-05 0.148169 0.307377 9.99549E-05 0.0501566 9.99549E-05
0.0464374 0.0781302 0.108022 0.260647 0.310193 0.0314259 0.00855534 9.9991E-05 0.0872833 0.0692055
0.0927978 9.9964E-05 0.00418948 9.9964E-05 0.00719241 9.9964E-05 0.450808 9.9964E-05 0.0950685 0.349544
9.99549E-05 0.0228811 0.0650475 9.99549E-05 0.00207205 9.99549E-05 0.782745 0.126755 9.99549E-05 9.99549E-05
0.00813892 9.9973E-05 0.122211 0.267797 9.9973E-05 9.9973E-05 0.130954 0.30118 0.0946063 0.074812
0.0397356 9.99279E-05 9.99279E-05 9.99279E-05 9.99279E-05 9.99279E-05 0.959465 9.99279E-05 9.99279E-05 9.99279E-05
0.0642323 0.0476756 0.119796 0.24652 9.9982E-05 9.9982E-05 0.0829587 0.0688058 0.174201 0.195611
9.99639E-05 0.124402 0.0796871 0.0153701 9.99639E-05 0.646397 0.0753768 9.99639E-05 9.99639E-05 0.058367
0.0224594 0.355705 0.0221768 0.0980656 0.302165 9.9982E-05 9.9982E-05 0.0614054 0.0684087 0.0694144
0.0320386 0.218586 0.123282 0.0884284 0.302478 9.9973E-05 0.0861022 9.9973E-05 9.9973E-05 0.148785
0.0261214 0.150484 9.9964E-05 9.9964E-05 0.353402 0.239866 0.0468255 9.9964E-05 9.9964E-05 0.182901
0.0153547 0.0431789 0.110322 0.204988 0.115536 0.346781 0.0897808 0.0509008 0.0230574 9.9991E-05
9.9973E-05 9.9973E-05 0.0255827 0.106808 0.192534 9.9973E-05 0.299405 0.0555699 0.210761 0.109039
0.14879 0.819585 0.0309247 9.9937E-05 9.9937E-05 9.9937E-05 9.9937E-05 9.9937E-05 9.9937E-05 9.9937E-05
0.0271475 0.0232016 9.9973E-05 0.291598 9.9973E-05 9.9973E-05 0.244638 0.0402906 0.0149104 0.357913
0.0460032 0.308154 0.090981 9.9982E-05 0.11657 9.9982E-05 0.0655547 0.330494 0.0216246 0.0204183
0.110463 0.0257104 0.0940347 9.9973E-05 0.323595 9.9973E-05 0.145732 9.9973E-05 0.157952 0.142212
0.053101 0.12572 9.9964E-05 0.324949 0.0900073 9.9964E-05 0.304234 9.9964E-05 0.101589 9.9964E-05
0.0453153 0.207804 0.021603 0.0147607 9.99639E-05 9.99639E-05 9.99639E-05 0.0737183 0.636399 9.99639E-05
0.0265941 0.271293 9.9973E-05 0.3348 9.9973E-05 0.048962 0.109261 0.134916 0.073874 9.9973E-05
9.9946E-05 0.822798 9.9946E-05 9.9946E-05 0.0952043 9.9946E-05 9.9946E-05 0.0496872 0.0317111 9.9946E-05
9.9973E-05 9.9973E-05 0.060241 0.364539 0.0473492 0.235088 0.134468 9.9973E-05 0.127633 0.030382
0.0304592 0.166053 0.0440878 0.318177 0.15598 9.99729E-05 0.177977 0.106966 9.99729E-05 9.99729E-05
0.11852 0.184574 0.0863354 0.177457 0.0833245 0.000806268 0.183412 9.9982E-05 9.9982E-05 0.165371
9.9928E-05 9.9928E-05 0.00137568 9.9928E-05 9.9928E-05 9.9928E-05 9.9928E-05 9.9928E-05 9.9928E-05 0.997825
0.138661 9.9973E-05 0.0206988 0.229378 0.339045 0.104544 0.042498 9.9973E-05 9.9973E-05 0.124875
9.99371E-05 0.725775 9.99371E-05 9.99371E-05 9.99371E-05 9.99371E-05 9.99371E-05 9.99371E-05 0.0903814 0.183144
0.109171 9.9982E-05 0.0241982 0.0614813 9.9982E-05 0.240191 0.338877 0.00277479 0.211106 0.0120005
9.99729E-05 0.375411 0.131757 0.0519531 9.99729E-05 0.085556 0.101176 0.135075 9.99729E-05 0.118773
0.0821836 0.189391 0.0159449 0.0820647 0.498113 0.00199097 9.9991E-05 0.103136 0.00559559 0.0214796
0.101051 9.9973E-05 0.0865788 0.181689 0.37765 9.9973E-05 9.9973E-05 0.108715 0.0313071 0.112709
0.0521782 9.9955E-05 0.0502948 9.9955E-05 0.633068 9.9955E-05 9.9955E-05 0.117042 9.9955E-05 0.146917
9.99551E-05 0.174064 9.99551E-05 0.0390844 0.288109 9.99551E-05 9.99551E-05 9.99551E-05 0.102415 0.395828
9.9964E-05 0.367408 0.0164594 9.9964E-05 0.385067 9.9964E-05 9.9964E-05 0.137069 0.0405124 0.0530849
0.130523 0.406021 9.9982E-05 0.000983958 0.0440132 0.0696555 0.191339 0.00153998 9.9982E-05 0.155724
9.9982E-05 0.108937 0.0483707 0.317192 9.9982E-05 0.176109 0.145571 0.053856 0.0163051 0.133458
9.9955E-05 9.9955E-05 9.9955E-05 0.366105 0.145402 0.405067 0.0736446 9.9955E-05 0.00928156 9.9955E-05
9.9964E-05 0.319051 0.0589955 0.38324 0.0240371 9.9964E-05 9.9964E-05 0.16444 0.0498361 9.9964E-05
9.9973E-05 0.314116 9.9973E-05 0.0669731 9.9973E-05 0.218869 0.0783629 0.0622497 0.0761676 0.182962
0.0711079 0.359472 0.0888208 0.000695918 9.9982E-05 9.9982E-05 0.199445 0.115211 0.0566953 0.108352
9.99749E-05 0.0281847 0.136008 0.26105 9.99749E-05 0.415296 9.99749E-05 0.0582598 0.0410734 0.0598289
9.9964E-05 9.9964E-05 0.00992412 0.111485 0.309865 9.9964E-05 0.0996535 0.41038 0.0582931 9.9964E-05
0.150423 0.17976 0.0417432 9.9982E-05 0.180067 9.9982E-05 0.147306 0.1737 0.116501 0.0102989
9.9937E-05 9.9937E-05 9.9937E-05 9.9937E-05 9.9937E-05 0.787285 9.9937E-05 0.102362 0.109654 9.9937E-05
0.00722088 0.0788603 0.0781162 0.378171 0.32568 0.106259 9.9973E-05 9.9973E-05 9.9973E-05 0.025393
9.99281E-05 9.99281E-05 9.99281E-05 9.99281E-05 9.99281E-05 0.990398 9.99281E-05 0.00880282 9.99281E-05 9.99281E-05
0.0374038 9.99549E-05 0.0068004 9.99549E-05 9.99549E-05 0.887555 9.99549E-05 9.99549E-05 0.0409262 0.0268147
0.0038334 0.250413 0.0624586 0.173563 0.124339 0.101362 0.0668406 0.112014 0.105078 9.9991E-05
0.0520766 0.338651 0.00626258 9.9973E-05 0.306373 9.9973E-05 0.150904 0.0101601 9.9973E-05 0.135273
9.9937E-05 9.9937E-05 0.0395432 0.9084 0.0513571 9.9937E-05 9.9937E-05 9.9937E-05 9.9937E-05 9.9937E-05
0.0237626 0.174628 0.0932581 0.443693 0.00208074 9.9982E-05 0.129043 0.0522178 9.9982E-05 0.0811169
9.9946E-05 9.9946E-05 0.0288098 0.413014 9.9946E-05 0.235419 0.322157 9.9946E-05 9.9946E-05 9.9946E-05
9.99459E-05 9.99459E-05 0.11575 9.99459E-05 0.0268139 9.99459E-05 9.99459E-05 9.99459E-05 0.853737 0.00310014
0.195029 9.9955E-05 9.9955E-05 0.182396 9.9955E-05 9.9955E-05 0.0696992 0.0594703 9.9955E-05 0.492905
0.0412891 9.9955E-05 0.00752577 9.9955E-05 9.9955E-05 0.0207853 9.9955E-05 0.0127039 9.9955E-05 0.917196
0.0505086 9.9964E-05 0.112668 0.145426 0.187046 0.338774 9.9964E-05 9.9964E-05 9.9964E-05 0.165178
0.00236734 0.221631 0.0477208 0.126841 0.396167 0.0713978 0.0341226 9.9982E-05 0.0995519 9.9982E-05
9.9955E-05 0.0858853 0.00204327 0.725631 9.9955E-05 9.9955E-05 9.9955E-05 9.9955E-05 0.00347805 0.182463
0.0736732 9.9982E-05 0.0782412 0.278513 0.320101 9.9982E-05 0.0487274 0.0842261 0.057679 0.0586394
0.113174 0.228174 9.9955E-05 9.9955E-05 0.367256 9.9955E-05 0.225877 9.9955E-05 0.0650189 9.9955E-05
9.9964E-05 0.171866 0.0508939 9.9964E-05 9.9964E-05 9.9964E-05 0.233221 0.200101 0.0600404 0.283478
0.025962 0.187407 0.093999 0.239883 0.0389807 0.0495548 0.11308 0.0530919 0.105366 0.0926766
0.0723747 0.054752 0.00246609 0.104257 0.365208 0.140603 0.136246 0.0630969 0.0608967 9.9991E-05
0.185247 0.113592 9.9973E-05 9.9973E-05 0.348518 9.9973E-05 0.17964 0.0605252 0.047689 0.0644902
0.110538 0.118984 0.0094476 9.9973E-05 0.27087 0.0544185 0.164076 0.271367 9.9973E-05 9.9973E-05
0.00877425 0.166101 0.107158 0.105102 0.467829 0.00532573 0.113554 0.0259558 9.9982E-05 9.9982E-05
9.99279E-05 9.99279E-05 0.0323096 0.966891 9.99279E-05 9.99279E-05 9.99279E-05 9.99279E-05 9.99279E-05 9.99279E-05
9.99279E-05 9.99279E-05 9.99279E-05 0.988907 9.99279E-05 9.99279E-05 0.0102932 9.99279E-05 9.99279E-05 9.99279E-05
9.99549E-05 0.148566 0.0447917 0.657965 0.0385552 9.99549E-05 0.109623 9.99549E-05 9.99549E-05 9.99549E-05
9.999E-05 0.154822 0.0676127 0.0895216 0.274833 0.0902011 0.0497854 0.129467 0.013246 0.130411
0.00243555 0.0355124 0.00732456 0.287974 9.9973E-05 0.109515 0.291413 9.9973E-05 9.9973E-05 0.265525
0.00242709 0.288837 9.9964E-05 0.234889 0.081731 0.249981 9.9964E-05 9.9964E-05 0.141735 9.9964E-05
0.0297921 0.245785 0.0116437 0.459959 9.9973E-05 9.9973E-05 0.0771182 0.158029 0.0173733 9.9973E-05
9.9964E-05 9.9964E-05 0.0438295 0.282584 0.140668 9.9964E-05 0.376736 9.9964E-05 0.0787723 0.0770101
0.00632698 0.455928 9.9973E-05 0.139673 0.238378 0.0553919 9.9973E-05 0.0563867 9.9973E-05 0.047616
9.99369E-05 9.99369E-05 9.99369E-05 9.99369E-05 0.0381706 9.99369E-05 0.212241 9.99369E-05 9.99369E-05 0.748889
0.0215653 0.419087 0.0535846 0.0339075 0.176732 0.067023 0.227801 9.99731E-05 9.99731E-05 9.99731E-05
0.043439 0.0149805 0.0604545 9.9982E-05 0.0572254 9.9982E-05 0.530194 0.0786443 0.114067 0.100795
9.9955E-05 0.433551 0.0249692 9.9955E-05 0.388025 9.9955E-05 9.9955E-05 0.0441189 9.9955E-05 0.108836
0.0428639 9.9928E-05 9.9928E-05 9.9928E-05 9.9928E-05 9.9928E-05 9.9928E-05 9.9928E-05 0.956337 9.9928E-05
0.0311037 0.476662 0.00516244 9.9955E-05 0.291364 9.9955E-05 0.195208 9.9955E-05 9.9955E-05 9.9955E-05
9.99459E-05 9.99459E-05 0.15341 0.34028 9.99459E-05 0.412224 9.99459E-05 9.99459E-05 9.99459E-05 0.0934861
9.999E-05 0.101592 0.039738 0.092169 0.136037 0.00499715 0.240223 0.138294 0.0703871 0.176464
0.0800832 9.9973E-05 0.038132 0.461053 0.201702 0.108912 9.9973E-05 0.0104984 9.9973E-05 0.0993203
0.0194354 9.9955E-05 9.9955E-05 0.270998 0.441847 9.9955E-05 9.9955E-05 9.9955E-05 0.0900402 0.177179
0.0558658 9.99461E-05 9.99461E-05 9.99461E-05 0.710664 9.99461E-05 9.99461E-05 0.00303318 9.99461E-05 0.229838
0.0181242 0.234861 9.99641E-05 0.318244 9.99641E-05 0.141155 0.200198 9.99641E-05 9.99641E-05 0.0870177
9.99551E-05 0.275234 0.115767 9.99551E-05 9.99551E-05 9.99551E-05 0.0673346 9.99551E-05 0.43197 0.109194
9.9973E-05 0.0499974 9.9973E-05 0.311333 9.9973E-05 0.02413 0.227117 0.00438386 0.339341 0.0433979
0.0297987 0.232088 0.040008 0.0630617 9.9973E-05 9.9973E-05 0.286217 9.9973E-05 0.154074 0.194453
9.99201E-05 9.99201E-05 9.99201E-05 9.99201E-05 9.99201E-05 9.99201E-05 9.99201E-05 9.99201E-05 0.999101 9.99201E-05
0.15821 0.0492493 0.00670769 0.122026 0.0178705 0.323235 0.260676 0.0186872 0.0432379 9.9991E-05
0.927844 0.0651741 0.00600275 0.000379253 9.99459E-05 9.99459E-05 9.99459E-05 9.99459E-05 9.99459E-05 9.99459E-05
0.0908093 9.9982E-05 0.0507949 9.9982E-05 0.0584004 0.333649 0.0556017 0.152104 0.0539196 0.204521
9.99639E-05 0.0906721 9.99639E-05 9.99639E-05 0.211182 0.416161 0.00946503 0.200324 9.99639E-05 0.071796
0.00237744 9.9982E-05 0.00417137 0.0292443 0.296143 0.0714316 0.366914 0.0797647 9.9982E-05 0.149754
0.147198 0.248696 0.0848827 0.26036 9.9973E-05 9.9973E-05 0.109363 9.9973E-05 0.0361156 0.113085
0.067744 0.176568 0.0328951 0.0216857 0.176152 9.9982E-05 0.276213 0.101609 0.146932 9.9982E-05
9.9982E-05 0.340798 0.0386482 0.158309 0.106119 9.9982E-05 0.155817 0.00611442 0.0593635 0.134632
0.0350779 9.9991E-05 0.00808576 0.0970511 0.0929903 0.446124 0.189966 0.0653065 0.0510254 0.0142724
9.9973E-05 0.376116 0.043928 0.178412 0.0833679 0.29547 9.9973E-05 0.0177334 0.00467244 9.9973E-05
0.0344731 9.9973E-05 0.0363169 0.232482 0.209518 0.248033 9.9973E-05 0.186532 0.0523458 9.9973E-05
9.9955E-05 0.200877 0.0716261 9.9955E-05 0.00744563 9.9955E-05 0.273798 9.9955E-05 0.445754 9.9955E-05
9.99549E-05 9.99549E-05 9.99549E-05 0.0354133 0.656843 9.99549E-05 0.0619097 9.99549E-05 0.0638551 0.181479
9.99201E-05 9.99201E-05 9.99201E-05 9.99201E-05 9.99201E-05 9.99201E-05 9.99201E-05 9.99201E-05 0.999101 9.99201E-05
0.157587 0.434153 9.9955E-05 9.9955E-05 9.9955E-05 9.9955E-05 0.215191 0.0716202 9.9955E-05 0.120949
0.0668627 9.9973E-05 0.0355734 0.185264 0.0132885 9.9973E-05 0.112647 0.0398031 9.9973E-05 0.546261
9.9955E-05 9.9955E-05 0.012576 0.153873 0.654213 0.158512 9.9955E-05 9.9955E-05 0.0203267 9.9955E-05
0.00949633 0.373922 0.0226756 0.066525 9.9964E-05 9.9964E-05 0.26007 9.9964E-05 9.9964E-05 0.266911
0.0580545 0.0405849 0.104642 9.9964E-05 0.534348 9.9964E-05 0.15373 9.9964E-05 0.108241 9.9964E-05
0.0201653 0.000517287 0.142484 0.0567627 0.0361132 9.9982E-05 0.185577 9.9982E-05 0.467613 0.0905686
9.9955E-05 0.174227 0.0650192 9.9955E-05 0.496516 9.9955E-05 0.0372816 9.9955E-05 0.226456 9.9955E-05
0.00253059 0.0720792 9.9964E-05 0.373447 9.9964E-05 0.163949 0.172533 0.215062 9.9964E-05 9.9964E-05
9.9964E-05 0.272048 0.0919383 9.9964E-05 0.254958 0.0495271 0.0968131 9.9964E-05 0.234316 9.9964E-05
9.99397E-05 9.99397E-05 9.99397E-05 0.0355525 9.99397E-05 9.99397E-05 0.955448 0.0083003 9.99397E-05 9.99397E-05
9.9964E-05 0.564563 0.0205586 9.9964E-05 0.10459 0.116588 9.9964E-05 0.107422 9.9964E-05 0.0858777
0.0293215 0.398944 0.0275821 0.199461 9.9964E-05 0.23826 9.9964E-05 9.9964E-05 0.106032 9.9964E-05
9.9964E-05 0.171961 0.000119874 9.9964E-05 0.236602 0.399843 0.143585 0.0474899 9.9964E-05 9.9964E-05
9.9955E-05 0.750717 9.9955E-05 0.00763624 9.9955E-05 9.9955E-05 9.9955E-05 0.0700755 0.125291 0.0457805
9.9964E-05 0.163256 0.00133513 9.9964E-05 0.109102 9.9964E-05 0.133667 9.9964E-05 0.0671116 0.525128
9.9973E-05 9.9973E-05 0.0792583 0.243743 0.361139 0.131177 0.120506 0.0636807 0.000196983 9.9973E-05
0.0424338 0.00298619 9.9973E-05 0.332675 9.9973E-05 0.00925895 0.242835 9.9973E-05 0.258065 0.111447
9.9964E-05 0.0963563 0.0704164 0.0981917 0.485951 9.9964E-05 0.176095 9.9964E-05 0.072589 9.9964E-05
0.0085645 0.29624 9.9982E-05 0.108891 0.112703 0.220974 0.0777901 9.9982E-05 0.0249715 0.149666
9.9955E-05 0.61458 0.061507 0.182437 9.9955E-05 0.0303737 0.110602 9.9955E-05 9.9955E-05 9.9955E-05
9.99369E-05 9.99369E-05 9.99369E-05 9.99369E-05 9.99369E-05 0.0203323 0.00394292 0.975025 9.99369E-05 9.99369E-05
9.99201E-05 9.99201E-05 9.99201E-05 9.99201E-05 9.99201E-05 9.99201E-05 9.99201E-05 0.999101 9.99201E-05 9.99201E-05
0.0434098 0.18546 0.0566612 9.9964E-05 0.594618 9.9964E-05 0.0377917 9.9964E-05 9.9964E-05 0.0816591
0.126383 0.00558908 0.0252671 0.609022 0.0523956 9.9964E-05 0.180944 9.9964E-05 9.9964E-05 9.9964E-05
0.0758375 0.0266276 0.0858993 0.0355684 0.612987 9.9973E-05 0.155938 9.9973E-05 0.0068428 9.9973E-05
0.0181602 0.44631 0.0221609 0.130236 0.0412105 9.9973E-05 0.23548 0.106142 9.9973E-05 9.9973E-05
0.0362187 0.184425 9.9955E-05 0.287436 9.9955E-05 0.390502 9.9955E-05 9.9955E-05 0.100919 9.9955E-05
0.0239791 0.639854 0.0457013 0.098993 0.0813609 9.9982E-05 0.0114818 9.9982E-05 0.0188078 0.0796222
0.0616671 9.9991E-05 0.0136785 0.0608567 0.21158 0.0643989 0.354472 0.0651666 0.112489 0.0555913
0.0136889 0.0431743 0.110578 0.029894 0.348904 9.9982E-05 0.0278159 9.9982E-05 0.29791 0.127835
0.0778512 0.0338633 0.0880025 9.9973E-05 0.488768 0.0388022 0.264748 9.9973E-05 9.9973E-05 0.00766486
9.99201E-05 9.99201E-05 0.999101 9.99201E-05 9.99201E-05 9.99201E-05 9.99201E-05 9.99201E-05 9.99201E-05 9.99201E-05
0.118433 0.0432517 0.115235 0.0685225 0.14933 0.00622682 9.9973E-05 9.9973E-05 9.9973E-05 0.498701
0.220282 9.9964E-05 0.0100355 9.9964E-05 0.400859 0.270088 9.9964E-05 0.0654622 9.9964E-05 0.032874
0.0146148 0.337329 9.9946E-05 9.9946E-05 9.9946E-05 0.470292 0.177164 9.9946E-05 9.9946E-05 9.9946E-05
0.123114 0.0770408 0.0856626 0.0280124 0.4996 9.9973E-05 0.112359 9.9973E-05 9.9973E-05 0.0739116
0.0565496 0.320593 0.130385 0.0391128 0.168682 9.9991E-05 0.0379739 0.114978 0.0510328 0.0805935
9.9973E-05 0.191579 0.0693479 0.145506 0.205124 9.9973E-05 0.125728 0.188591 0.0738247 9.9973E-05
9.9973E-05 9.9973E-05 0.019373 0.00297156 0.0709741 0.31114 0.40663 9.9973E-05 0.0507879 0.137823
0.0483383 9.9982E-05 0.107799 0.207468 0.106142 9.9982E-05 0.0632256 0.17605 0.15365 0.137128
9.99729E-05 0.236702 0.03797 0.140444 0.107967 0.253322 0.029243 9.99729E-05 9.99729E-05 0.194052
0.0102194 0.0916602 0.0207491 0.348355 0.110468 0.200348 9.9991E-05 0.0437819 0.0731308 0.101186
9.9955E-05 9.9955E-05 9.9955E-05 0.0053451 0.0135169 0.236818 9.9955E-05 9.9955E-05 0.0797623 0.664058
0.0652703 0.0910062 0.0560727 0.1263 0.0464696 0.0645444 0.137844 0.0111993 0.138108 0.263185
9.9955E-05 0.357908 0.0702369 0.436209 9.9955E-05 9.9955E-05 0.0791045 9.9955E-05 9.9955E-05 0.0560416
9.99201E-05 9.99201E-05 0.999101 9.99201E-05 9.99201E-05 9.99201E-05 9.99201E-05 9.99201E-05 9.99201E-05 9.99201E-05
0.0212844 0.0581527 0.439367 0.0219357 9.9982E-05 0.0139223 0.307071 0.0962428 9.9982E-05 0.0418237
0.0304415 9.9946E-05 9.9946E-05 9.9946E-05 0.700018 0.0221325 9.9946E-05 0.246808 9.9946E-05 9.9946E-05
0.0755456 0.17621 0.0438241 9.9973E-05 0.318942 0.214575 9.9973E-05 0.00388539 9.9973E-05 0.166718
0.0235186 9.9946E-05 0.0377346 9.9946E-05 9.9946E-05 0.069837 9.9946E-05 9.9946E-05 9.9946E-05 0.86831
0.0369899 0.127253 0.0233263 0.313254 9.99819E-05 0.168384 0.116314 0.121277 9.99819E-05 0.0930011
0.0614716 0.0231257 0.067565 9.9964E-05 0.418522 0.0135905 0.415325 9.9964E-05 9.9964E-05 9.9964E-05
9.99201E-05 9.99201E-05 9.99201E-05 9.99201E-05 9.99201E-05 9.99201E-05 9.99201E-05 0.999101 9.99201E-05 9.99201E-05
0.00120371 0.058968 0.0968314 0.282107 0.0868231 9.9991E-05 0.218212 0.0359688 0.0497076 0.170079
9.9973E-05 0.292347 9.9973E-05 0.266685 9.9973E-05 0.130282 0.0105651 0.146616 0.0989939 0.0542105
0.114809 0.094893 9.9964E-05 9.9964E-05 9.9964E-05 0.215381 0.370276 0.0677929 0.136449 9.9964E-05
0.00836525 0.0346833 0.098169 0.352635 9.9982E-05 0.115227 9.9982E-05 0.0263347 0.100018 0.264367
0.0140912 0.339061 9.9964E-05 9.9964E-05 0.00101258 9.9964E-05 0.347333 0.248044 9.9964E-05 0.0500584
9.9982E-05 0.131249 0.10587 0.253439 0.144523 0.00881794 0.147299 0.017098 9.9982E-05 0.191504
0.11555 9.9946E-05 9.9946E-05 0.187583 0.371859 9.9946E-05 0.324409 9.9946E-05 9.9946E-05 9.9946E-05
9.9964E-05 0.182475 0.07095 0.0736223 0.342794 0.094182 0.235576 9.9964E-05 9.9964E-05 9.9964E-05
0.0635138 0.0196174 9.9973E-05 0.0029463 9.9973E-05 0.62924 0.177713 0.0901805 0.0164894 9.9973E-05
0.970302 9.9928E-05 9.9928E-05 9.9928E-05 9.9928E-05 0.0288983 9.9928E-05 9.9928E-05 9.9928E-05 9.9928E-05
0.0211702 0.253239 9.9982E-05 0.105407 0.377292 0.0684872 9.9982E-05 0.0401192 0.108041 0.0260447
9.99201E-05 9.99201E-05 9.99201E-05 9.99201E-05 9.99201E-05 9.99201E-05 0.999101 9.99201E-05 9.99201E-05 9.99201E-05
0.0234432 0.248876 0.0960048 0.367101 9.9973E-05 0.0737714 9.9973E-05 9.9973E-05 0.0399547 0.150549
0.0578948 0.00977006 9.9973E-05 9.9973E-05 0.051915 9.9973E-05 0.152392 0.268236 0.050753 0.408739
9.9973E-05 9.9973E-05 0.00671732 0.28416 0.203247 0.117713 9.9973E-05 0.0118454 0.134868 0.241149
0.0213493 0.115876 0.0199584 0.193844 0.0174018 0.161985 0.00989187 0.171831 0.049996 0.237867
0.999101 9.99201E-05 9.99201E-05 9.99201E-05 9.99201E-05 9.99201E-05 9.99201E-05 9.99201E-05 9.99201E-05 9.99201E-05
9.9982E-05 0.0119779 0.109446 0.0397524 0.290977 0.357326 0.0675231 9.9982E-05 0.0274292 0.0953695
0.186799 0.0832028 0.0339261 9.9973E-05 9.9973E-05 0.0245813 0.29131 0.0727893 9.9973E-05 0.307092
9.99639E-05 9.99639E-05 0.0685548 0.0832585 0.452454 0.158476 0.018426 9.99639E-05 9.99639E-05 0.218431
9.9955E-05 9.9955E-05 9.9955E-05 9.9955E-05 0.277864 9.9955E-05 0.202183 0.167199 0.125718 0.226537
