0.221905 0.0929208 0.0417919 0.643382
0.231097 0.143677 0.0951677 0.530059
0.228195 0.11054 0.532949 0.128315
0.389591 0.41593 9.9991E-05 0.194379
0.410888 0.304691 9.9991E-05 0.284322
0.491121 0.105035 0.184855 0.218989
0.330706 0.576686 9.99911E-05 0.0925082
0.145006 0.0178747 0.0362974 0.800822
0.247097 0.546395 0.206408 9.99911E-05
0.0632061 0.275551 0.661143 9.99911E-05
0.191209 0.164236 0.561172 0.0833826
9.99821E-05 0.592522 9.99821E-05 0.407278
0.0623872 0.353572 9.99911E-05 0.583941
0.320085 0.535437 0.0313177 0.11316
9.99821E-05 0.672645 9.99821E-05 0.327155
0.514587 0.106719 9.99911E-05 0.378594
0.111843 0.469 0.316745 0.102411
0.402097 0.211267 0.386535 9.9991E-05
9.9991E-05 0.130975 0.153139 0.715786
0.237123 0.240527 0.245283 0.277066
0.044514 0.17388 0.781507 9.99911E-05
9.99821E-05 0.417304 9.99821E-05 0.582496
0.402858 0.402959 0.00928327 0.1849
0.748024 0.116032 0.135844 9.9991E-05
0.500704 0.053378 0.229767 0.216151
0.279334 0.168289 0.165972 0.386406
0.0301459 0.510853 0.34816 0.110842
0.0687985 0.145817 0.290987 0.494397
9.99821E-05 9.99821E-05 0.421015 0.578785
0.9997 9.998E-05 9.998E-05 9.998E-05
0.018199 0.46798 0.344258 0.169563
9.99821E-05 0.51138 9.99821E-05 0.48842
0.169967 9.99911E-05 0.75082 0.0791132
0.0907422 0.195462 9.9991E-05 0.713695
0.57897 0.077216 9.9991E-05 0.343714
0.175242 0.126492 0.474436 0.22383
0.0832908 0.0987912 0.193744 0.624174
0.175042 9.99911E-05 0.789658 0.0352004
0.135624 0.20911 0.192518 0.462749
0.117405 0.0363465 0.286215 0.560033
0.326965 0.641731 0.0312044 9.99911E-05
0.0571806 0.774656 0.168063 9.99911E-05
0.156177 9.9991E-05 0.324208 0.519514
0.104224 0.534041 0.150243 0.211492
9.9991E-05 0.146943 0.157441 0.695516
0.150792 0.160217 0.162443 0.526549
0.190665 0.396716 0.0753995 0.33722
9.9991E-05 0.762986 0.224367 0.0125468
0.00355007 0.334461 9.99911E-05 0.661889
0.188738 9.99821E-05 9.99821E-05 0.811062
0.470642 9.9982E-05 9.9982E-05 0.529158
9.99821E-05 0.191511 0.808289 9.99821E-05
0.402034 0.330444 0.124989 0.142533
0.322562 9.99911E-05 0.00157769 0.675761
9.99911E-05 0.525423 0.318693 0.155784
9.99911E-05 0.457714 0.14093 0.401257
0.408105 0.165961 0.118917 0.307018
9.99911E-05 0.569836 0.281446 0.148618
9.9991E-05 0.545203 0.110466 0.344231
0.0062456 0.0967702 0.600967 0.296017
0.187534 0.0966745 0.0912755 0.624517
0.17936 0.82044 9.9982E-05 9.9982E-05
0.0147974 0.658321 0.102006 0.224875
0.899395 9.99821E-05 9.99821E-05 0.100405
0.17966 0.206129 0.0846889 0.529522
0.139248 0.444431 0.194508 0.221813
0.492167 0.0523654 0.230535 0.224933
9.99821E-05 0.70565 9.99821E-05 0.29415
9.99821E-05 0.103867 9.99821E-05 0.895933
0.00505838 9.99911E-05 0.578644 0.416198
0.239266 0.626715 0.133919 9.9991E-05
0.00614768 0.763288 9.99911E-05 0.230464
0.135861 0.414974 0.068576 0.38059
0.0198762 0.344698 9.99911E-05 0.635325
0.365159 9.99822E-05 9.99822E-05 0.634641
9.99821E-05 0.621944 9.99821E-05 0.377856
0.138621 0.461181 9.99911E-05 0.400098
9.9991E-05 0.462696 0.310987 0.226217
0.0747866 0.0964632 0.144159 0.684591
0.017721 0.417321 0.0113861 0.553572
0.0926657 0.0668918 0.169233 0.671209
0.12078 9.99911E-05 0.369064 0.510056
9.99911E-05 0.206834 0.582002 0.211064
0.216299 9.9991E-05 0.240582 0.543019
0.372826 0.626974 9.99821E-05 9.99821E-05
0.0474412 0.492819 0.196734 0.263006
9.99911E-05 0.0601482 0.680647 0.259105
0.76594 0.198402 0.0355584 9.9991E-05
0.191482 9.99911E-05 0.378294 0.430124
9.9991E-05 0.0116263 0.328387 0.659887
0.969586 9.99822E-05 9.99822E-05 0.0302145
0.285369 0.408145 0.14509 0.161397
0.254414 0.745386 9.99822E-05 9.99822E-05
0.231558 0.110918 0.657424 9.9991E-05
0.046917 0.628666 0.0439344 0.280483
0.241033 0.457712 0.166564 0.134691
0.336905 0.2087 0.414361 0.0400346
9.9991E-05 0.877608 0.0307513 0.0915412
0.621858 0.0328315 0.0188394 0.326471
0.590673 0.137456 0.271771 9.9991E-05
0.275979 0.498509 0.225412 9.99911E-05
0.9997 9.998E-05 9.998E-05 9.998E-05
9.99821E-05 0.104732 0.895068 9.99821E-05
0.0818041 9.99821E-05 0.917996 9.99821E-05
0.0745509 0.0408682 0.266139 0.618442
0.215141 0.338085 9.9991E-05 0.446674
0.244325 0.114567 0.145311 0.495797
0.172873 9.99911E-05 0.231311 0.595716
9.998E-05 9.998E-05 9.998E-05 0.9997
9.99821E-05 9.99821E-05 0.608736 0.391064
0.551604 0.296764 9.99911E-05 0.151532
0.242421 9.99821E-05 9.99821E-05 0.757379
0.688788 9.99822E-05 9.99822E-05 0.311012
0.0580273 9.9991E-05 0.0102213 0.931651
0.9997 9.998E-05 9.998E-05 9.998E-05
9.99911E-05 0.594725 0.329479 0.0756954
0.0312728 0.303259 0.0600233 0.605445
9.9991E-05 0.160451 0.20151 0.637939
0.23168 0.0402463 0.152728 0.575346
0.210412 0.0501857 0.260205 0.479198
0.528011 0.229072 9.99911E-05 0.242818
0.432748 0.0968327 0.304204 0.166216
0.17435 9.9991E-05 0.0586722 0.766877
9.99911E-05 0.330208 0.308073 0.361619
0.284954 0.434636 0.0745368 0.205873
0.0831857 0.590689 0.168271 0.157855
0.146817 0.50758 0.0857247 0.259878
0.105104 0.280708 9.9991E-05 0.614088
0.314455 9.99911E-05 0.597765 0.0876807
0.330339 0.0916048 0.437884 0.140171
9.99821E-05 0.758459 0.241341 9.99821E-05
0.0817842 0.100876 0.428728 0.388611
0.100402 0.336419 0.213427 0.349752
9.9991E-05 0.16811 0.507511 0.324279
9.99821E-05 0.45596 0.54384 9.99821E-05
0.0968692 9.99911E-05 0.342513 0.560518
9.99821E-05 9.99821E-05 0.190535 0.809265
0.285937 9.99911E-05 0.127146 0.586817
9.99911E-05 0.186158 0.308202 0.50554
0.135407 9.99821E-05 9.99821E-05 0.864393
0.024046 9.99911E-05 0.550586 0.425268
0.158259 0.14797 0.693671 9.99911E-05
0.0999136 0.473142 0.137922 0.289023
9.99911E-05 0.0607417 0.695676 0.243482
0.688907 0.2266 9.9991E-05 0.0843928
0.230435 0.0553386 9.9991E-05 0.714126
9.998E-05 0.9997 9.998E-05 9.998E-05
0.18503 9.9991E-05 0.525735 0.289135
0.430771 0.272301 9.99911E-05 0.296828
9.99822E-05 0.879114 9.99822E-05 0.120686
0.0136047 0.255595 0.11784 0.61296
9.99911E-05 0.657183 0.14155 0.201167
0.0287462 0.0455722 0.143737 0.781944
0.0199012 0.143907 0.307355 0.528837
0.695416 0.29746 9.99911E-05 0.00702392
9.99911E-05 0.461117 0.387322 0.151461
0.041933 9.9991E-05 0.742941 0.215026
0.0276491 0.0406203 0.519117 0.412614
0.222252 9.99821E-05 9.99821E-05 0.777548
0.291583 0.113514 0.175821 0.419082
9.998E-05 0.9997 9.998E-05 9.998E-05
0.0330444 0.502476 9.9991E-05 0.46438
0.10971 0.116778 0.0398396 0.733672
9.99911E-05 0.718905 0.110499 0.170496
9.99822E-05 0.877493 9.99822E-05 0.122307
0.284572 0.1887 0.145787 0.380941
0.167817 0.224216 0.0659276 0.542039
9.998E-05 9.998E-05 9.998E-05 0.9997
0.336801 0.614432 9.99911E-05 0.0486672
0.131056 0.318184 0.258359 0.292402
0.12292 9.99821E-05 9.99821E-05 0.87688
9.99821E-05 0.171829 9.99821E-05 0.827971
9.9991E-05 0.303582 0.275265 0.421054
0.449651 0.153998 0.1934 0.202951
0.233599 9.99911E-05 0.0989804 0.66732
0.236406 0.0320815 9.99911E-05 0.731412
0.258789 0.205422 0.0815448 0.454243
9.998E-05 9.998E-05 0.9997 9.998E-05
0.0465723 0.0865155 0.685692 0.18122
9.99911E-05 0.611594 0.352453 0.0358536
9.99821E-05 0.710331 0.289469 9.99821E-05
9.99911E-05 0.506322 0.280327 0.21325
0.47732 0.399395 9.9991E-05 0.123185
0.129639 0.0425414 9.99911E-05 0.82772
9.998E-05 9.998E-05 0.9997 9.998E-05
9.99822E-05 0.288693 9.99822E-05 0.711108
9.9991E-05 0.249119 0.160381 0.5904
0.460829 9.99911E-05 0.207933 0.331139
0.426991 0.146165 0.356257 0.0705874
