0.522612 0.140041 0.0973496 9.9982E-05 0.0724816 0.160793 0.00652337 9.9982E-05
0.396224 9.9982E-05 9.9982E-05 0.155721 0.0638467 0.0491534 0.171488 0.163366
0.26098 0.0688378 0.0329108 0.0383927 0.0628096 9.9991E-05 0.0973969 0.438572
9.99641E-05 9.99641E-05 0.155863 9.99641E-05 0.296076 0.140651 9.99641E-05 0.40701
0.589409 9.99731E-05 0.00741331 0.136369 0.24324 9.99731E-05 0.023268 9.99731E-05
0.139723 9.9973E-05 0.0477018 0.192615 0.117111 9.9973E-05 9.9973E-05 0.502549
0.471218 9.99731E-05 9.99731E-05 0.352232 0.0753239 0.0940847 0.00684129 9.99731E-05
0.843068 9.99552E-05 0.0550276 9.99552E-05 9.99552E-05 0.101405 9.99552E-05 9.99552E-05
9.99642E-05 0.0753121 9.99642E-05 0.0788474 9.99642E-05 0.799582 9.99642E-05 0.0458588
9.99552E-05 0.363366 0.60367 9.99552E-05 9.99552E-05 0.0324645 9.99552E-05 9.99552E-05
0.0919092 0.102846 0.271666 9.9991E-05 0.123365 0.0199401 0.196794 0.19338
0.250432 9.99642E-05 9.99642E-05 9.99642E-05 0.0416891 0.57468 0.132799 9.99642E-05
0.0381357 9.99731E-05 9.99731E-05 0.0788243 0.306421 0.351921 9.99731E-05 0.224398
9.99731E-05 9.99731E-05 0.487597 0.15124 0.18775 9.99731E-05 0.0716642 0.101449
0.263858 9.99553E-05 9.99553E-05 9.99553E-05 9.99553E-05 0.429708 9.99553E-05 0.305934
0.259791 9.99642E-05 9.99642E-05 9.99642E-05 0.487811 0.0199419 0.232056 9.99642E-05
0.0208906 9.99821E-05 0.115588 0.135523 0.153316 0.386412 9.99821E-05 0.188072
0.0496219 0.337935 0.209399 0.0713867 0.00748366 9.9991E-05 0.246114 0.0779607
0.171976 0.101318 9.99641E-05 9.99641E-05 9.99641E-05 0.538783 9.99641E-05 0.187524
0.0901106 9.99731E-05 0.447642 9.99731E-05 0.251877 9.99731E-05 0.0389933 0.171077
9.99463E-05 0.184847 0.814554 9.99463E-05 9.99463E-05 9.99463E-05 9.99463E-05 9.99463E-05
0.262015 0.315873 9.99641E-05 9.99641E-05 0.117483 0.304228 9.99641E-05 9.99641E-05
9.99552E-05 9.99552E-05 9.99552E-05 9.99552E-05 0.348417 9.99552E-05 0.191732 0.459351
0.0285844 9.99641E-05 0.0574149 0.266253 0.647348 9.99641E-05 9.99641E-05 9.99641E-05
9.99642E-05 9.99642E-05 0.278494 9.99642E-05 0.308584 9.99642E-05 0.145832 0.26669
0.296283 0.0155364 0.168772 0.0612416 0.271797 9.9982E-05 0.18617 9.9982E-05
0.0908723 0.397681 0.154683 9.9982E-05 0.0152295 0.0253101 0.316025 9.9982E-05
0.354632 0.270725 9.99552E-05 0.374144 9.99552E-05 9.99552E-05 9.99552E-05 9.99552E-05
0.129505 0.00757031 9.99731E-05 9.99731E-05 9.99731E-05 0.0504968 0.0962707 0.715858
9.99553E-05 0.0761217 9.99553E-05 0.0260374 0.897341 9.99553E-05 9.99553E-05 9.99553E-05
0.0732326 0.120525 0.179309 0.43287 9.99821E-05 9.99821E-05 0.117094 0.0767697
0.326575 9.99821E-05 0.204071 0.0111321 9.99821E-05 0.253225 0.104743 0.100054
9.99463E-05 0.929852 9.99463E-05 9.99463E-05 9.99463E-05 9.99463E-05 9.99463E-05 0.0695486
0.455088 9.99821E-05 0.0276902 0.102998 0.0628771 0.248714 9.99821E-05 0.102433
0.382403 9.9973E-05 0.0762371 9.9973E-05 0.361645 0.0082488 0.171165 9.9973E-05
0.118985 0.0469595 0.610193 0.15856 9.99821E-05 0.0286443 0.0364581 9.99821E-05
0.178958 0.0951262 9.99641E-05 0.397583 9.99641E-05 9.99641E-05 0.327933 9.99641E-05
9.99552E-05 0.740161 9.99552E-05 9.99552E-05 0.00107005 9.99552E-05 9.99552E-05 0.25827
0.179154 9.9982E-05 0.0870178 0.244632 0.0550036 9.9982E-05 0.0982402 0.335752
0.0458506 9.99641E-05 9.99641E-05 9.99641E-05 0.112345 9.99641E-05 0.10061 0.740794
9.99731E-05 9.99731E-05 0.180479 0.205325 0.250404 0.341393 9.99731E-05 0.0220992
9.99642E-05 0.00804172 0.549223 9.99642E-05 9.99642E-05 0.380883 0.0614517 9.99642E-05
0.211036 0.238055 0.298728 0.0471981 0.108483 0.0329662 0.043476 0.0200577
0.172743 0.0138914 9.99821E-05 9.99821E-05 0.0651829 0.170658 0.141269 0.436056
0.0395999 9.99821E-05 0.0791581 9.99821E-05 0.136608 0.223144 0.132441 0.38885
0.339078 0.0028375 0.156119 9.99821E-05 9.99821E-05 0.250285 0.0851224 0.166357
9.99462E-05 9.99462E-05 0.571971 9.99462E-05 9.99462E-05 0.427429 9.99462E-05 9.99462E-05
9.9982E-05 0.0278354 0.280531 0.0293643 9.9982E-05 0.311684 0.169563 0.180823
0.0911965 9.99643E-05 0.265031 9.99643E-05 9.99643E-05 0.501267 9.99643E-05 0.142106
0.563734 9.99551E-05 0.28412 9.99551E-05 9.99551E-05 9.99551E-05 0.151646 9.99551E-05
0.541087 9.99641E-05 0.0243488 9.99641E-05 0.364426 9.99641E-05 9.99641E-05 0.0697384
9.99731E-05 0.112799 0.319966 0.0774825 9.99731E-05 9.99731E-05 0.0702201 0.419233
0.181415 0.204186 9.9973E-05 0.00107458 0.247662 0.365363 9.9973E-05 9.9973E-05
0.305014 9.99732E-05 9.99732E-05 9.99732E-05 0.276185 0.0502481 0.0660363 0.302217
9.99641E-05 9.99641E-05 0.125956 0.6259 9.99641E-05 0.105368 9.99641E-05 0.142376
0.161264 0.155293 9.99731E-05 0.375196 9.99731E-05 0.194313 0.113633 9.99731E-05
0.142935 9.99641E-05 0.190766 0.186094 0.479805 9.99641E-05 9.99641E-05 9.99641E-05
9.99463E-05 9.99463E-05 9.99463E-05 0.713602 9.99463E-05 0.285799 9.99463E-05 9.99463E-05
0.0826228 0.0959278 9.9982E-05 0.193514 9.9982E-05 0.206784 0.331195 0.0897566
0.147292 9.99641E-05 0.450077 9.99641E-05 9.99641E-05 9.99641E-05 0.133265 0.268966
0.180932 9.99821E-05 0.0330951 9.99821E-05 0.153447 0.130698 0.0699836 0.431645
9.9964E-05 9.9964E-05 0.336479 9.9964E-05 0.131869 0.318325 0.212927 9.9964E-05
0.000895036 0.211381 9.9973E-05 9.9973E-05 9.9973E-05 0.59503 0.140649 0.051744
0.0140011 9.99642E-05 0.300467 9.99642E-05 0.647349 9.99642E-05 0.0377828 9.99642E-05
0.656243 0.263765 9.99731E-05 9.99731E-05 0.00442219 0.00642711 0.0688425 9.99731E-05
9.99732E-05 9.99732E-05 0.26347 9.99732E-05 0.159184 0.503285 0.0262873 0.0474738
0.147743 9.99731E-05 0.376526 9.99731E-05 0.18782 9.99731E-05 0.0341354 0.253476
9.99552E-05 9.99552E-05 0.130203 9.99552E-05 9.99552E-05 0.624807 0.24449 9.99552E-05
0.437032 9.99641E-05 9.99641E-05 9.99641E-05 9.99641E-05 0.359319 0.0659515 0.137297
9.99553E-05 0.326655 0.56022 9.99553E-05 9.99553E-05 0.112625 9.99553E-05 9.99553E-05
9.99731E-05 9.99731E-05 0.380442 0.221648 0.0195117 0.192168 9.99731E-05 0.18593
9.99641E-05 9.99641E-05 0.133761 9.99641E-05 0.154516 0.527588 0.183735 9.99641E-05
0.0886629 0.0904957 9.99731E-05 0.657746 9.99731E-05 9.99731E-05 0.0318829 0.130912
0.63575 9.99642E-05 0.072433 9.99642E-05 9.99642E-05 0.127206 0.164211 9.99642E-05
0.317226 9.99821E-05 9.99821E-05 0.220443 0.19156 0.0974995 0.0189735 0.154098
9.99731E-05 9.99731E-05 0.0922822 0.260485 0.00238098 0.533278 0.111274 9.99731E-05
0.240431 9.99644E-05 9.99644E-05 9.99644E-05 0.32159 0.381237 9.99644E-05 0.0563426
9.9982E-05 9.9982E-05 0.297569 0.191319 0.0709149 0.260988 0.0776162 0.101393
0.0112559 9.9982E-05 9.9982E-05 0.0613587 0.056275 0.331431 0.0646847 0.474795
0.318907 9.99731E-05 9.99731E-05 0.0110369 0.126448 0.0317049 9.99731E-05 0.511604
0.611717 9.99552E-05 9.99552E-05 9.99552E-05 9.99552E-05 9.99552E-05 0.259452 0.12833
0.257158 0.02543 0.181996 9.99821E-05 0.230086 0.278372 9.99821E-05 0.0267589
9.99642E-05 0.123484 0.611141 0.212124 9.99642E-05 0.0528513 9.99642E-05 9.99642E-05
0.110244 0.0633737 9.99731E-05 9.99731E-05 0.215285 0.485855 9.99731E-05 0.124944
0.003092 9.99821E-05 0.587442 0.0671756 0.104622 0.165672 0.0717955 9.99821E-05
0.111083 0.238782 0.340606 9.9991E-05 0.042214 0.0982949 0.00981004 0.159111
9.99731E-05 0.527608 9.99731E-05 0.199094 9.99731E-05 0.114036 0.00309594 0.155866
0.0204882 9.99731E-05 0.0407202 0.133093 0.64854 0.156859 9.99731E-05 9.99731E-05
0.319302 0.424609 9.99553E-05 9.99553E-05 9.99553E-05 0.25559 9.99553E-05 9.99553E-05
0.218079 0.391837 9.99551E-05 9.99551E-05 9.99551E-05 0.389584 9.99551E-05 9.99551E-05
9.99465E-05 9.99465E-05 9.99465E-05 9.99465E-05 0.991692 9.99465E-05 9.99465E-05 0.0077079
9.99553E-05 9.99553E-05 0.803848 0.121037 0.0746155 9.99553E-05 9.99553E-05 9.99553E-05
9.99644E-05 0.0531857 0.387192 9.99644E-05 9.99644E-05 0.43054 0.128682 9.99644E-05
9.99732E-05 0.111632 0.13214 0.121623 0.0995984 9.99732E-05 9.99732E-05 0.534706
9.99641E-05 0.192928 0.184926 9.99641E-05 9.99641E-05 0.566779 0.0549678 9.99641E-05
9.99641E-05 9.99641E-05 9.99641E-05 0.0502859 0.0215596 0.436362 9.99641E-05 0.491392
0.0286348 0.484962 0.360214 0.0240463 0.101842 9.99731E-05 9.99731E-05 9.99731E-05
9.99641E-05 0.0158989 0.213854 9.99641E-05 9.99641E-05 0.734751 9.99641E-05 0.0350971
0.26663 0.266578 0.0224096 9.99641E-05 0.443982 9.99641E-05 9.99641E-05 9.99641E-05
9.9973E-05 0.216898 0.251511 0.105466 0.398651 9.9973E-05 0.027174 9.9973E-05
9.99462E-05 0.537925 9.99462E-05 0.461475 9.99462E-05 9.99462E-05 9.99462E-05 9.99462E-05
9.99553E-05 0.201437 9.99553E-05 9.99553E-05 0.778382 9.99553E-05 0.0196812 9.99553E-05
9.99463E-05 0.915398 9.99463E-05 0.0840026 9.99463E-05 9.99463E-05 9.99463E-05 9.99463E-05
9.99553E-05 0.200033 0.0219337 9.99553E-05 9.99553E-05 9.99553E-05 9.99553E-05 0.777534
0.423745 9.9964E-05 0.103787 9.9964E-05 9.9964E-05 0.15965 9.9964E-05 0.312418
0.0550884 9.99731E-05 0.0757624 0.0528555 0.269091 0.546903 9.99731E-05 9.99731E-05
0.137897 9.99641E-05 0.406854 0.233152 9.99641E-05 0.221698 9.99641E-05 9.99641E-05
0.477632 0.0903815 9.99641E-05 0.267039 9.99641E-05 9.99641E-05 9.99641E-05 0.164548
0.515502 9.99731E-05 0.00143465 9.99731E-05 9.99731E-05 0.173845 0.0554491 0.25347
0.0418889 0.323641 9.99642E-05 9.99642E-05 9.99642E-05 9.99642E-05 0.120628 0.513442
0.176833 0.111097 0.0758628 0.20384 0.277869 0.154298 9.99821E-05 9.99821E-05
0.556425 0.00577142 9.99732E-05 9.99732E-05 0.139102 9.99732E-05 0.214376 0.0840267
9.99553E-05 0.15176 9.99553E-05 9.99553E-05 0.540357 9.99553E-05 9.99553E-05 0.307383
0.670705 0.120224 9.99731E-05 9.99731E-05 9.99731E-05 0.0951779 0.0591648 0.0544291
9.994E-05 9.994E-05 9.994E-05 9.994E-05 0.9993 9.994E-05 9.994E-05 9.994E-05
9.99732E-05 9.99732E-05 0.0890642 0.155581 0.0847455 0.43587 9.99732E-05 0.23444
0.262534 9.99731E-05 0.096419 9.99731E-05 0.107617 0.278949 9.99731E-05 0.254181
0.313024 0.177154 9.99821E-05 0.0134521 0.0589707 0.395534 0.0416652 9.99821E-05
0.156614 0.0719177 9.9982E-05 9.9982E-05 0.194065 0.14192 0.247256 0.188027
0.254547 9.9973E-05 0.14217 0.0484741 0.124801 9.9973E-05 9.9973E-05 0.429708
9.99641E-05 0.234442 0.0184829 9.99641E-05 0.605191 0.141484 9.99641E-05 9.99641E-05
9.99731E-05 0.0128929 0.270436 0.157635 0.252381 9.99731E-05 9.99731E-05 0.306355
0.541877 9.99642E-05 9.99642E-05 0.00872522 0.130143 9.99642E-05 9.99642E-05 0.318856
0.238169 0.0950366 0.666295 9.99553E-05 9.99553E-05 9.99553E-05 9.99553E-05 9.99553E-05
9.99642E-05 0.0362106 9.99642E-05 9.99642E-05 0.150688 0.225119 9.99642E-05 0.587582
0.212516 0.175381 0.124222 0.052145 9.9973E-05 0.435436 9.9973E-05 9.9973E-05
9.99732E-05 0.0704632 0.568218 9.99732E-05 0.0653308 0.278087 0.0176006 9.99732E-05
0.215972 9.99731E-05 9.99731E-05 0.158194 9.99731E-05 0.101744 0.254612 0.269178
9.99554E-05 9.99554E-05 0.503548 9.99554E-05 0.011916 9.99554E-05 9.99554E-05 0.484036
0.168489 0.576648 0.178061 9.99731E-05 9.99731E-05 9.99731E-05 0.0561968 0.0203056
9.99732E-05 0.107223 0.0243023 0.0452653 9.99732E-05 0.746261 0.0766491 9.99732E-05
0.323165 0.124645 0.293274 0.10827 0.0281157 9.9982E-05 9.9982E-05 0.122331
9.99642E-05 9.99642E-05 9.99642E-05 0.157655 9.99642E-05 0.619537 0.0441255 0.178283
0.0132969 0.254944 9.99731E-05 9.99731E-05 9.99731E-05 0.0623261 0.0927158 0.576417
0.00609392 0.237036 0.261852 9.99821E-05 9.99821E-05 0.311926 0.0283086 0.154584
0.627418 0.123481 0.248601 9.99553E-05 9.99553E-05 9.99553E-05 9.99553E-05 9.99553E-05
0.624797 0.0296166 0.024084 9.99642E-05 9.99642E-05 9.99642E-05 9.99642E-05 0.321102
0.83015 9.99466E-05 9.99466E-05 9.99466E-05 9.99466E-05 9.99466E-05 9.99466E-05 0.16925
9.99732E-05 9.99732E-05 0.00958206 0.0313875 9.99732E-05 0.735198 0.12658 0.0969529
0.733557 9.99642E-05 0.0254967 9.99642E-05 0.0416631 9.99642E-05 9.99642E-05 0.198883
9.99643E-05 0.0455281 9.99643E-05 0.40734 9.99643E-05 9.99643E-05 0.137637 0.409096
9.99821E-05 0.471661 0.0414463 9.99821E-05 0.105179 0.0873745 0.0265664 0.267573
0.14144 0.238059 0.136846 0.0223565 0.0584745 0.28601 0.0681939 0.0486193
0.061926 0.701603 9.99553E-05 9.99553E-05 9.99553E-05 0.235971 9.99553E-05 9.99553E-05
0.0423023 0.0407196 0.119529 9.9991E-05 0.648185 0.0626096 0.0462641 0.0402901
0.464253 9.9982E-05 0.00160228 0.0248431 0.0604468 0.20625 9.9982E-05 0.242405
9.994E-05 9.994E-05 9.994E-05 9.994E-05 9.994E-05 9.994E-05 0.9993 9.994E-05
0.178731 0.0717472 0.24296 9.99821E-05 0.198511 0.0605858 9.99821E-05 0.247265
0.0344973 9.997E-05 0.560706 0.168282 0.184798 9.997E-05 9.997E-05 0.0514162
9.99642E-05 9.99642E-05 9.99642E-05 0.151095 9.99642E-05 0.255533 0.409492 0.183481
0.224394 0.142517 0.0930506 9.99821E-05 9.99821E-05 0.275257 0.147621 0.116961
9.99821E-05 9.99821E-05 0.0289446 0.000809375 0.0645477 0.750501 0.0956408 0.0593565
0.480927 0.0987051 0.134403 0.245726 9.9973E-05 9.9973E-05 0.0399394 9.9973E-05
0.577062 0.241779 9.99732E-05 9.99732E-05 0.00733648 0.0762171 0.0973053 9.99732E-05
9.99641E-05 9.99641E-05 0.36811 0.333892 0.25684 9.99641E-05 0.0407581 9.99641E-05
9.99642E-05 9.99642E-05 0.201446 9.99642E-05 9.99642E-05 0.103965 0.0593917 0.634798
9.99731E-05 0.0282141 0.188114 0.0809399 0.112456 9.99731E-05 9.99731E-05 0.589976
0.250372 0.339776 0.073664 9.99642E-05 9.99642E-05 9.99642E-05 0.335788 9.99642E-05
0.9993 9.994E-05 9.994E-05 9.994E-05 9.994E-05 9.994E-05 9.994E-05 9.994E-05
0.239916 0.238328 0.244426 9.9982E-05 0.0305554 0.148253 9.9982E-05 0.0983209
9.994E-05 9.994E-05 9.994E-05 9.994E-05 9.994E-05 9.994E-05 0.9993 9.994E-05
0.342729 0.0626136 0.147489 9.99731E-05 9.99731E-05 0.248857 0.198012 9.99731E-05
0.379395 9.99821E-05 0.0914292 0.0825289 0.139251 0.0713025 9.99821E-05 0.235893
9.99731E-05 9.99731E-05 0.106983 0.335297 0.0177935 0.536743 0.00288433 9.99731E-05
9.99464E-05 9.99464E-05 9.99464E-05 9.99464E-05 9.99464E-05 0.735978 0.263422 9.99464E-05
0.186113 0.0988473 0.248865 9.9982E-05 0.218936 0.222374 9.9982E-05 0.0246641
0.464298 0.25252 9.99732E-05 0.129573 0.0445822 9.99732E-05 0.108727 9.99732E-05
0.382146 9.99642E-05 9.99642E-05 0.0932218 9.99642E-05 0.158401 9.99642E-05 0.365831
9.99462E-05 9.99462E-05 9.99462E-05 0.876183 9.99462E-05 9.99462E-05 9.99462E-05 0.123217
9.9991E-05 0.146583 0.18706 0.00355357 0.0713216 0.156374 0.137431 0.297577
0.375091 9.99731E-05 9.99731E-05 9.99731E-05 0.146869 0.148984 0.0795151 0.249241
0.707029 0.0872195 9.99821E-05 0.0284531 9.99821E-05 0.0900201 0.0735439 0.0135345
9.99641E-05 0.13811 9.99641E-05 0.058087 9.99641E-05 0.344588 9.99641E-05 0.458815
0.322674 9.99642E-05 0.466001 9.99642E-05 0.137708 9.99642E-05 0.0732172 9.99642E-05
0.608546 9.99641E-05 9.99641E-05 9.99641E-05 0.142256 0.214802 0.0339965 9.99641E-05
0.863655 9.99464E-05 9.99464E-05 0.135745 9.99464E-05 9.99464E-05 9.99464E-05 9.99464E-05
0.0334357 0.0944707 0.300176 9.99732E-05 0.286481 0.285136 9.99732E-05 9.99732E-05
9.99732E-05 0.0864214 0.366217 0.062219 9.99732E-05 9.99732E-05 0.0631504 0.421693
0.00394173 0.180176 0.551243 9.99821E-05 0.0587441 0.0526176 0.153078 9.99821E-05
0.0474592 0.275178 9.99821E-05 0.0848956 9.99821E-05 0.206988 0.0518079 0.333471
9.99553E-05 9.99553E-05 0.785312 9.99553E-05 9.99553E-05 0.103247 0.110941 9.99553E-05
0.028601 0.28605 0.225289 0.0911481 9.99821E-05 0.312159 0.056553 9.99821E-05
0.305024 9.9973E-05 0.39079 9.9973E-05 0.0213662 0.245571 0.0369489 9.9973E-05
0.469346 9.99643E-05 9.99643E-05 9.99643E-05 0.270314 9.99643E-05 0.00205784 0.257882
9.99463E-05 0.00684432 9.99463E-05 9.99463E-05 9.99463E-05 9.99463E-05 9.99463E-05 0.992556
0.444552 9.99555E-05 9.99555E-05 9.99555E-05 9.99555E-05 0.503922 0.0510263 9.99555E-05
0.189058 9.99552E-05 9.99552E-05 9.99552E-05 9.99552E-05 0.166204 9.99552E-05 0.644239
0.0386107 9.99731E-05 9.99731E-05 0.34765 0.232742 9.99731E-05 0.00333211 0.377365
0.00701211 0.114667 0.377107 0.110569 0.13954 9.9982E-05 9.9982E-05 0.250905
