0.582734 0.183354 0.233912
0.511727 0.306257 0.182016
0.376529 0.196606 0.426865
0.648813 9.9991E-05 0.351087
0.50063 0.181808 0.317562
0.534772 9.9991E-05 0.465128
9.999E-05 0.678149 0.321751
0.742587 0.105196 0.152217
0.0929043 0.845052 0.0620439
9.9991E-05 0.641871 0.358029
0.448462 0.227564 0.323974
0.320651 0.679249 9.99911E-05
0.629798 0.11408 0.256122
0.397999 0.375328 0.226672
0.700273 0.299627 9.99911E-05
0.676319 9.99911E-05 0.323581
0.368645 0.430644 0.200712
0.24048 0.448906 0.310614
0.654855 0.345045 9.99911E-05
0.612869 0.203526 0.183604
9.99911E-05 0.559545 0.440355
0.800287 0.0984887 0.101225
0.167249 0.18416 0.648591
0.314522 0.0347578 0.650721
0.246795 0.00532759 0.747877
0.57986 0.117652 0.302488
0.0338496 0.780533 0.185618
0.756903 0.242997 9.99911E-05
0.967403 0.0324965 9.9991E-05
9.999E-05 9.999E-05 0.9998
0.516613 0.483287 9.99911E-05
0.395725 0.464426 0.139849
0.159037 0.465287 0.375676
0.855332 0.1286 0.0160679
0.343557 0.0709801 0.585463
0.0586623 0.535095 0.406243
0.801224 0.147093 0.0516825
0.401303 9.99911E-05 0.598597
0.460225 0.417832 0.121943
0.609938 0.0831326 0.306929
9.99911E-05 0.712003 0.287897
9.99911E-05 0.817585 0.182315
0.316613 0.362445 0.320942
0.468724 0.29426 0.237017
0.755105 0.0791219 0.165774
0.398988 0.376127 0.224885
9.9991E-05 0.488023 0.511877
0.00712143 0.857853 0.135026
0.804858 0.195042 9.99911E-05
0.770127 0.10125 0.128623
0.555222 9.9991E-05 0.444678
9.9991E-05 0.630077 0.369823
0.30532 0.377827 0.316853
0.655431 9.99911E-05 0.344469
0.223651 0.776249 9.99911E-05
0.544073 0.455827 9.99911E-05
0.334735 0.277267 0.387998
0.121146 0.878754 9.99911E-05
0.451283 0.543439 0.00527751
9.9991E-05 0.641751 0.358149
0.959091 9.99911E-05 0.0408087
9.9991E-05 0.782371 0.217529
0.507292 0.492608 9.9991E-05
0.122054 9.99911E-05 0.877846
0.586004 0.225384 0.188613
0.549772 0.450128 9.99911E-05
0.256043 0.136885 0.607073
0.513459 0.486441 9.9991E-05
0.821602 0.178298 9.9991E-05
0.428223 0.365193 0.206584
0.0235595 0.802218 0.174223
0.119097 0.760902 0.12
0.613937 0.385963 9.99911E-05
0.776568 0.223332 9.99911E-05
0.539461 9.99911E-05 0.460439
0.4292 0.5707 9.9991E-05
0.9998 9.999E-05 9.999E-05
0.0374262 0.718451 0.244123
0.761677 0.141762 0.0965618
0.928001 0.0718991 9.99911E-05
0.753801 0.142758 0.103441
0.551504 0.0402626 0.408233
0.434467 0.495677 0.0698562
0.802212 9.99911E-05 0.197688
9.9991E-05 0.637179 0.362721
0.317589 0.49801 0.184401
0.249983 0.633383 0.116633
0.0326542 0.272331 0.695015
0.515122 9.99911E-05 0.484778
0.698279 0.149695 0.152026
9.999E-05 9.999E-05 0.9998
0.0738148 0.53593 0.390255
9.99911E-05 0.686646 0.313254
0.213458 0.339642 0.4469
9.9991E-05 0.976735 0.023165
0.188234 0.600182 0.211583
0.176372 0.416827 0.4068
9.99963E-05 0.906695 0.0932055
0.210327 0.000874682 0.788798
9.9991E-05 0.238761 0.761139
0.0227198 0.651182 0.326099
9.999E-05 9.999E-05 0.9998
0.103897 0.628471 0.267632
0.0513646 0.18479 0.763845
0.556418 0.342051 0.101531
0.345901 0.365196 0.288903
0.439958 0.437899 0.122142
0.887616 0.0115827 0.100802
0.914354 9.99911E-05 0.0855463
0.481168 9.99911E-05 0.518732
9.99911E-05 0.579798 0.420102
0.741286 9.9991E-05 0.258614
9.999E-05 9.999E-05 0.9998
0.846326 9.99911E-05 0.153574
9.999E-05 9.999E-05 0.9998
0.468944 0.492312 0.0387436
0.599663 0.323892 0.0764447
0.694696 0.305204 9.99911E-05
0.9998 9.999E-05 9.999E-05
0.541038 0.143672 0.31529
0.361788 0.158525 0.479687
0.0875329 0.40724 0.505227
0.704795 9.9991E-05 0.295105
0.247568 0.50932 0.243112
0.399333 0.323599 0.277068
0.232854 0.73311 0.0340363
9.99911E-05 0.585432 0.414468
0.830114 0.123023 0.0468632
0.278685 9.99911E-05 0.721215
0.237753 0.315907 0.446341
9.99911E-05 0.907904 0.0919963
0.379475 0.371106 0.249418
0.202893 0.797007 9.99911E-05
0.603145 0.396755 9.9991E-05
0.0179449 0.726785 0.25527
0.609909 0.0193078 0.370783
0.9998 9.999E-05 9.999E-05
0.845714 9.99911E-05 0.154186
0.288966 0.710934 9.99911E-05
0.848815 9.9991E-05 0.151085
0.886187 0.0601611 0.0536524
0.137725 0.333912 0.528363
0.1583 0.695414 0.146286
0.226022 0.546138 0.22784
9.9991E-05 0.191121 0.808779
0.774331 0.0524591 0.17321
9.999E-05 0.9998 9.999E-05
0.499967 0.151238 0.348795
0.130015 0.162051 0.707933
0.271907 0.727993 9.99911E-05
0.390199 0.553625 0.056176
0.360223 0.639677 9.9991E-05
0.9998 9.999E-05 9.999E-05
0.523704 0.43349 0.0428058
0.0311223 0.394516 0.574362
0.378508 0.477185 0.144307
0.305678 0.44671 0.247612
0.448859 0.456617 0.0945236
0.918148 9.99911E-05 0.0817517
0.312148 0.20137 0.486482
9.999E-05 0.9998 9.999E-05
0.423212 0.576688 9.9991E-05
0.564076 0.268852 0.167072
0.353918 0.645982 9.99911E-05
0.202291 0.797609 9.99911E-05
0.230418 0.374373 0.395209
0.935957 9.99911E-05 0.0639428
0.9998 9.999E-05 9.999E-05
0.0344154 0.92051 0.0450747
0.181463 0.411834 0.406703
0.793979 9.99911E-05 0.205922
0.83724 0.16266 9.9991E-05
0.472554 0.527346 9.9991E-05
0.419306 0.199064 0.38163
0.845265 9.9991E-05 0.154635
0.899538 0.100362 9.99911E-05
0.0884416 0.419639 0.491919
0.224015 0.206497 0.569487
0.0739123 0.672557 0.25353
0.0704494 0.929451 9.99911E-05
9.99911E-05 0.962299 0.0376013
0.219801 0.698892 0.0813071
0.415768 0.244036 0.340196
0.761463 0.109828 0.128709
0.548929 9.99911E-05 0.450971
0.498423 0.501477 9.99911E-05
0.39503 0.380788 0.224182
0.64488 9.99911E-05 0.35502
0.0812939 0.348616 0.57009
