0.294246 9.9991E-05 0.480914 0.127949 0.0967915
0.109767 0.00456856 0.477151 0.0741371 0.334377
9.999E-05 0.426162 0.30686 0.202486 0.0643922
0.302972 0.0554758 0.0731465 0.311746 0.25666
0.538687 9.9991E-05 0.245328 0.160296 0.0555886
0.620615 0.194348 9.9982E-05 0.184837 9.9982E-05
0.283798 9.99911E-05 0.230791 0.161799 0.323512
0.386223 9.99821E-05 0.587587 0.0259905 9.99821E-05
9.999E-05 0.0966133 0.122899 0.190382 0.590005
0.0867994 0.754801 9.9991E-05 0.00288139 0.155418
9.999E-05 0.600998 0.152265 0.0804637 0.166173
0.0558226 9.99911E-05 0.537059 0.0172953 0.389724
0.098992 9.99911E-05 0.493018 0.0504405 0.35745
0.937179 9.99731E-05 9.99731E-05 0.0625213 9.99731E-05
9.99732E-05 9.99732E-05 0.377374 9.99732E-05 0.622326
9.99821E-05 9.99821E-05 0.480042 0.299368 0.220389
0.0877671 0.174253 0.157302 0.0689671 0.511711
0.060541 0.383758 9.9991E-05 0.212613 0.342988
0.182578 9.99821E-05 0.575646 9.99821E-05 0.241577
0.638982 0.223762 0.137056 9.99821E-05 9.99821E-05
0.330491 0.669209 9.99732E-05 9.99732E-05 9.99732E-05
9.999E-05 0.0917489 0.561905 0.0944302 0.251816
0.0977972 0.105022 0.0676656 0.372871 0.356644
0.236855 0.165695 9.9991E-05 0.571976 0.025374
9.9991E-05 0.330655 0.216532 0.380081 0.0726321
0.0904096 0.0283761 0.358428 0.325187 0.197599
0.077021 0.274893 0.0835616 0.0642974 0.500227
0.215481 0.384057 0.400262 9.99821E-05 9.99821E-05
9.99731E-05 0.324582 0.675118 9.99731E-05 9.99731E-05
9.99911E-05 0.0698638 0.157627 0.749971 0.022438
0.434782 0.396847 0.0303098 9.99911E-05 0.137961
0.46735 9.99911E-05 0.374289 0.0494158 0.108845
9.99911E-05 0.73435 0.0966568 0.136868 0.0320254
0.171666 9.9991E-05 0.592428 0.133168 0.102638
0.293189 9.9991E-05 0.275811 0.326811 0.104089
0.9996 9.997E-05 9.997E-05 9.997E-05 9.997E-05
0.0455944 0.24063 0.486729 9.99911E-05 0.226947
9.99821E-05 0.533781 0.187608 0.278411 9.99821E-05
0.185557 0.108028 0.511056 0.148842 0.0465175
0.189137 0.182753 0.536931 0.0910784 9.9991E-05
9.99821E-05 9.99821E-05 0.0963231 0.347523 0.555954
9.99821E-05 0.261461 9.99821E-05 0.129138 0.6092
0.65934 0.109251 0.106254 0.0811785 0.0439766
9.99911E-05 0.0604605 0.280079 0.138492 0.520868
0.142335 0.0712063 0.617914 9.99911E-05 0.168445
0.282568 9.9991E-05 0.309173 0.198168 0.209991
0.121356 0.0992844 0.129279 0.167167 0.482913
0.00242644 0.299546 9.99821E-05 9.99821E-05 0.697827
9.99822E-05 0.0279468 0.696427 9.99822E-05 0.275426
0.533818 9.99821E-05 0.433468 0.0325149 9.99821E-05
0.128967 9.9982E-05 0.525598 0.345235 9.9982E-05
0.531278 0.468422 9.99731E-05 9.99731E-05 9.99731E-05
9.9991E-05 0.040979 0.233495 0.275193 0.450234
9.99732E-05 9.99732E-05 0.75045 0.24925 9.99732E-05
0.875976 9.99821E-05 0.0246427 9.99821E-05 0.0991813
0.165721 0.0187806 0.394971 9.99911E-05 0.420427
0.431799 9.9982E-05 0.328541 0.239461 9.9982E-05
0.682278 9.99734E-05 9.99734E-05 9.99734E-05 0.317422
0.478112 9.9982E-05 0.131447 9.9982E-05 0.390241
0.573652 0.270854 9.99821E-05 9.99821E-05 0.155293
0.00161787 0.122422 0.720375 0.0920869 0.0634982
9.99821E-05 0.000967298 9.99821E-05 0.260939 0.737894
9.9982E-05 0.0727222 0.433664 9.9982E-05 0.493414
0.206654 9.99821E-05 0.0699639 0.723182 9.99821E-05
0.105678 0.274946 0.458984 0.160292 9.9991E-05
0.0489343 0.100808 0.25505 0.15171 0.443498
0.636309 0.0474722 9.9982E-05 0.316019 9.9982E-05
0.113155 9.99821E-05 0.265613 9.99821E-05 0.621033
9.99731E-05 9.99731E-05 0.812158 9.99731E-05 0.187542
0.126929 0.475 0.397871 9.99821E-05 9.99821E-05
0.4244 0.368752 9.9982E-05 9.9982E-05 0.206648
9.99821E-05 9.99821E-05 0.20629 0.0941861 0.699324
0.927987 9.99822E-05 0.0108477 9.99822E-05 0.0609653
9.99821E-05 9.99821E-05 0.742768 0.0454993 0.211533
0.446463 9.99822E-05 0.381096 0.172241 9.99822E-05
0.417821 9.99821E-05 0.133204 9.99821E-05 0.448775
9.99822E-05 9.99822E-05 0.447491 0.17005 0.382259
0.0876932 0.298425 0.210884 9.9991E-05 0.402898
9.9991E-05 0.0390143 0.759919 0.120471 0.0804955
0.580956 9.99731E-05 0.418744 9.99731E-05 9.99731E-05
0.33534 9.99821E-05 0.626014 9.99821E-05 0.0384453
0.284071 0.192734 0.357309 0.165786 9.99911E-05
0.693555 0.306145 9.99732E-05 9.99732E-05 9.99732E-05
0.00859644 0.055584 0.606113 0.318602 0.0111037
0.390761 0.0413085 9.9991E-05 0.181813 0.386017
0.234826 0.182665 0.155564 0.00968964 0.417255
0.763934 0.212852 9.99821E-05 9.99821E-05 0.0230147
0.302429 9.99821E-05 9.99821E-05 0.614934 0.0824369
9.99911E-05 0.257629 0.43841 0.299594 0.00426708
0.00438388 0.262383 0.555824 0.000535281 0.176874
9.99732E-05 9.99732E-05 0.0426533 0.957047 9.99732E-05
0.854711 9.99732E-05 9.99732E-05 0.144989 9.99732E-05
0.0302144 9.99822E-05 9.99822E-05 0.124249 0.845337
0.422624 0.498849 9.9991E-05 0.0487587 0.0296689
9.99824E-05 9.99824E-05 0.302655 0.0792856 0.617859
0.59248 9.9991E-05 0.0501753 0.0907785 0.266467
0.492304 0.279702 9.9991E-05 0.156814 0.0710808
0.0273034 0.0785376 0.19658 9.9991E-05 0.697479
0.290301 9.9982E-05 0.174253 0.535246 9.9982E-05
0.0566852 0.0865939 9.9991E-05 0.598233 0.258388
0.147166 0.34898 9.99911E-05 0.229966 0.273788
9.99732E-05 0.0677366 9.99732E-05 0.931963 9.99732E-05
9.99732E-05 0.72927 9.99732E-05 9.99732E-05 0.27043
9.99731E-05 0.85232 9.99731E-05 0.14738 9.99731E-05
0.368546 0.0700555 0.494653 9.9991E-05 0.066645
9.99821E-05 9.99821E-05 0.295892 0.0859936 0.617915
0.711922 0.0161202 0.248813 9.9991E-05 0.0230444
0.0340391 0.448207 0.517554 9.99821E-05 9.99821E-05
9.99821E-05 9.99821E-05 0.759326 0.0998554 0.140618
9.99821E-05 0.458053 0.369659 0.172087 9.99821E-05
0.266149 9.99911E-05 0.179918 0.363481 0.190351
0.366881 9.99821E-05 0.502645 0.130274 9.99821E-05
0.0706299 9.99821E-05 0.306183 0.622987 9.99821E-05
0.25934 0.119296 0.621164 9.99821E-05 9.99821E-05
9.997E-05 9.997E-05 9.997E-05 0.9996 9.997E-05
0.00283103 0.277831 0.264856 9.99911E-05 0.454382
0.100126 0.0957607 0.620354 9.99911E-05 0.18366
0.266976 0.0946356 0.487502 9.99911E-05 0.150787
9.9991E-05 0.13821 0.545585 0.226722 0.0893827
0.567568 0.16403 0.268202 9.9982E-05 9.9982E-05
9.99821E-05 0.00786878 9.99821E-05 0.680728 0.311203
0.665557 9.99731E-05 9.99731E-05 0.334143 9.99731E-05
0.534302 9.99731E-05 0.465399 9.99731E-05 9.99731E-05
0.576485 0.248573 0.174742 9.99821E-05 9.99821E-05
0.0123701 0.295557 0.324902 0.16209 0.20508
0.057874 0.218128 0.174494 9.9991E-05 0.549405
0.0595945 9.99911E-05 0.24283 0.176508 0.520968
9.99821E-05 9.99821E-05 0.67255 0.151327 0.175923
0.147857 0.533407 0.12453 0.194107 9.99911E-05
0.00879666 0.37619 0.269147 0.171049 0.174818
9.99732E-05 0.116768 9.99732E-05 9.99732E-05 0.882932
0.444581 0.274114 0.25438 0.00428966 0.0226358
0.0125219 0.244627 0.370908 9.9991E-05 0.371843
9.99821E-05 0.489546 0.248428 9.99821E-05 0.261826
0.220374 0.422225 9.99821E-05 9.99821E-05 0.357202
0.493995 0.13558 0.301839 0.0684854 9.99911E-05
9.99732E-05 0.217511 0.782189 9.99732E-05 9.99732E-05
9.99822E-05 0.226869 0.645589 0.127341 9.99822E-05
0.00688868 0.153224 0.445993 9.99911E-05 0.393794
0.212775 9.99821E-05 0.704934 0.082091 9.99821E-05
0.43106 0.248899 0.265102 9.99911E-05 0.0548397
0.185681 0.543961 9.99911E-05 0.103566 0.166692
0.0323971 0.275155 0.304139 0.0408492 0.34746
9.99821E-05 0.577816 9.99821E-05 0.168742 0.253242
0.074835 9.9991E-05 0.147078 0.541137 0.23685
0.248389 9.9991E-05 0.651196 0.0795291 0.0207858
9.997E-05 9.997E-05 9.997E-05 9.997E-05 0.9996
0.46734 0.365717 0.13306 0.0337825 9.9991E-05
0.785906 9.99732E-05 9.99732E-05 0.213794 9.99732E-05
9.99821E-05 0.0143951 0.36271 9.99821E-05 0.622695
9.99822E-05 9.99822E-05 0.602776 0.0565244 0.3405
0.130163 9.99821E-05 0.257636 9.99821E-05 0.612002
0.0611796 0.061682 0.841882 9.9991E-05 0.0351567
0.315423 0.0908978 0.417285 0.0879563 0.0884386
0.452071 9.99821E-05 9.99821E-05 0.392753 0.154975
0.174485 0.395202 0.167894 9.99911E-05 0.26232
0.523819 0.443803 0.0321779 9.99821E-05 9.99821E-05
0.165285 0.423599 0.26077 0.0231204 0.127226
0.189002 9.99821E-05 0.779323 0.031475 9.99821E-05
9.9991E-05 0.176695 0.468008 0.26964 0.0855573
0.0371013 9.99732E-05 9.99732E-05 9.99732E-05 0.962599
0.13532 9.9991E-05 0.386751 0.0278101 0.450019
0.666626 9.99731E-05 0.333074 9.99731E-05 9.99731E-05
0.144984 0.0385488 0.119193 9.99911E-05 0.697175
9.99733E-05 9.99733E-05 0.131424 9.99733E-05 0.868276
0.339629 9.9991E-05 0.194573 0.208807 0.256892
0.0379872 0.170384 0.442509 0.159701 0.189418
9.997E-05 9.997E-05 0.9996 9.997E-05 9.997E-05
0.909975 9.99732E-05 9.99732E-05 9.99732E-05 0.089725
0.65375 0.00786513 0.0348111 0.144228 0.159347
9.99731E-05 9.99731E-05 0.916149 0.0835514 9.99731E-05
0.364083 0.052219 0.583498 9.99821E-05 9.99821E-05
0.334505 0.174296 0.318117 9.9991E-05 0.172982
0.275415 0.153638 0.203728 0.239653 0.127566
9.9991E-05 0.108869 0.626228 0.124724 0.140079
0.540605 9.99732E-05 0.459095 9.99732E-05 9.99732E-05
0.26552 9.99911E-05 0.367536 0.222254 0.14459
0.0832265 0.916474 9.99732E-05 9.99732E-05 9.99732E-05
0.167106 0.328482 0.17235 0.0573215 0.274741
9.99821E-05 0.306101 0.0816254 9.99821E-05 0.612074
0.436434 0.0591952 9.99822E-05 9.99822E-05 0.504171
0.126073 0.20686 0.133867 9.9991E-05 0.533099
0.176449 9.9991E-05 0.100522 0.278235 0.444693
0.240364 9.99821E-05 0.58625 0.173185 9.99821E-05
9.99731E-05 0.869288 0.130412 9.99731E-05 9.99731E-05
0.00787567 9.99822E-05 0.608194 9.99822E-05 0.383731
0.521422 9.99821E-05 0.380416 9.99821E-05 0.0979624
0.0909152 0.147852 0.518077 0.243056 9.99911E-05
0.778838 0.0470564 9.9982E-05 0.173905 9.9982E-05
