0.0954956 9.99821E-05 0.596849 9.99821E-05 0.0689276 0.057377 0.181151
0.65957 0.110641 0.216651 9.99731E-05 9.99731E-05 0.012838 9.99731E-05
9.99821E-05 0.29842 0.300085 0.0827136 9.99821E-05 0.274694 0.0438872
0.212059 0.0987654 0.162391 0.0159611 0.141919 0.368805 9.9991E-05
0.0129024 0.334685 0.437017 9.99731E-05 9.99731E-05 0.215096 9.99731E-05
0.0104638 0.193506 0.506961 0.276547 9.9982E-05 0.0123223 9.9982E-05
0.257326 0.119452 0.180486 9.99911E-05 0.358799 0.0485206 0.0353166
9.99642E-05 0.112782 0.61632 9.99642E-05 0.270498 9.99642E-05 9.99642E-05
0.197249 9.99821E-05 9.99821E-05 0.184592 0.474984 0.0680377 0.0749379
9.99642E-05 9.99642E-05 0.305576 0.0914264 9.99642E-05 9.99642E-05 0.602598
0.150271 0.0229873 9.9991E-05 0.290604 0.115818 0.250332 0.169887
9.99642E-05 0.33143 0.00732739 9.99642E-05 0.660843 9.99642E-05 9.99642E-05
9.99821E-05 0.113901 9.99821E-05 0.0178012 0.763706 0.0413458 0.0630458
0.0365738 0.603493 0.0871882 9.99731E-05 9.99731E-05 0.272445 9.99731E-05
0.914663 9.99552E-05 9.99552E-05 9.99552E-05 0.0848371 9.99552E-05 9.99552E-05
9.99732E-05 0.149673 0.295371 9.99732E-05 0.136298 0.418358 9.99732E-05
0.616803 0.0177613 0.270072 0.0950636 9.99731E-05 9.99731E-05 9.99731E-05
0.308546 0.0918176 0.341193 0.109047 9.9991E-05 0.0568162 0.0924794
0.204814 9.99731E-05 0.210815 9.99731E-05 0.482759 9.99731E-05 0.101313
9.99642E-05 0.123431 0.775753 9.99642E-05 9.99642E-05 0.100416 9.99642E-05
9.99642E-05 9.99642E-05 9.99642E-05 0.179292 9.99642E-05 0.0576543 0.762654
0.0707141 9.99731E-05 9.99731E-05 9.99731E-05 0.61421 0.120502 0.194275
0.366829 0.225742 0.122567 0.109324 9.9982E-05 0.175338 9.9982E-05
0.176427 0.42589 9.99641E-05 9.99641E-05 9.99641E-05 0.397283 9.99641E-05
9.99821E-05 9.99821E-05 0.0155887 0.302098 0.317913 0.331983 0.0322171
0.0256441 0.0349712 0.398113 9.9991E-05 0.109896 0.218935 0.21234
0.0224251 0.193562 0.0624495 9.9991E-05 0.0850541 0.152018 0.484391
0.579509 0.0840098 0.152294 0.183887 9.99732E-05 9.99732E-05 9.99732E-05
9.99731E-05 0.0241883 0.119004 0.352856 0.503651 9.99731E-05 9.99731E-05
9.99552E-05 9.99552E-05 9.99552E-05 9.99552E-05 9.99552E-05 0.863023 0.136477
0.237435 0.268964 0.148228 0.206532 9.99821E-05 9.99821E-05 0.138642
0.0228887 0.389626 0.168806 9.99821E-05 0.349665 0.0688147 9.99821E-05
9.99732E-05 9.99732E-05 9.99732E-05 0.124933 0.107847 0.0758025 0.691117
9.99821E-05 0.182123 0.105518 9.99821E-05 0.567624 0.125304 0.0192321
9.9973E-05 0.210312 0.457614 9.9973E-05 0.0349207 0.296854 9.9973E-05
9.99731E-05 0.241248 0.316425 9.99731E-05 9.99731E-05 0.0355453 0.406482
0.205522 0.239931 0.540709 9.99732E-05 0.0135382 9.99732E-05 9.99732E-05
0.15962 9.99821E-05 9.99821E-05 0.347826 0.0313101 0.262162 0.198882
0.113618 0.22618 0.184317 9.9991E-05 0.334797 0.101951 0.0390365
9.9973E-05 0.158996 9.9973E-05 0.240491 0.444667 0.155547 9.9973E-05
0.65014 0.00519436 9.99732E-05 9.99732E-05 9.99732E-05 0.224464 0.119901
0.209703 0.000849444 0.0443168 9.99911E-05 0.0886593 0.0363777 0.619993
9.9982E-05 0.143434 0.463349 0.0521384 9.9982E-05 0.108655 0.232224
0.250672 0.0707971 0.283221 0.0683549 0.179019 0.133611 0.0143255
0.0365527 0.207494 9.99821E-05 0.0565028 0.622062 0.0771882 9.99821E-05
0.202368 0.0766813 0.45508 9.99821E-05 0.175194 0.0904762 9.99821E-05
9.99731E-05 9.99731E-05 0.593419 9.99731E-05 0.056554 0.0905945 0.259133
0.0430368 0.338716 0.0659962 0.0526762 0.0327903 0.0186375 0.448146
9.99643E-05 9.99643E-05 0.144087 9.99643E-05 0.57749 9.99643E-05 0.278023
9.9982E-05 0.128906 0.717562 9.9982E-05 0.0592553 0.0327187 0.0613585
9.99641E-05 9.99641E-05 0.697524 9.99641E-05 0.0207308 0.281345 9.99641E-05
9.99641E-05 0.53473 9.99641E-05 0.362811 9.99641E-05 9.99641E-05 0.102059
0.178186 9.99731E-05 0.375417 9.99731E-05 9.99731E-05 0.228723 0.217374
9.99731E-05 9.99731E-05 0.271341 0.135138 0.397021 0.196201 9.99731E-05
0.0535168 0.779527 9.99732E-05 0.10387 0.0627862 9.99732E-05 9.99732E-05
0.344974 0.12641 0.181776 9.99821E-05 0.10359 9.99821E-05 0.24305
0.461141 9.99641E-05 9.99641E-05 9.99641E-05 0.011706 0.526753 9.99641E-05
9.99733E-05 0.715624 9.99733E-05 0.0998373 0.0594253 9.99733E-05 0.124814
9.9973E-05 0.513533 0.179449 0.0203693 0.286349 9.9973E-05 9.9973E-05
9.9982E-05 0.257949 0.236463 0.00409087 0.0242721 9.9982E-05 0.477025
0.0301276 9.99821E-05 0.363089 0.202305 0.294055 0.110224 9.99821E-05
0.366389 0.37001 9.9973E-05 9.9973E-05 9.9973E-05 0.0910588 0.172243
0.176582 0.0871944 0.158808 0.00202904 0.246754 9.9991E-05 0.328532
9.99642E-05 9.99642E-05 0.161896 9.99642E-05 0.0682052 0.769499 9.99642E-05
9.99732E-05 9.99732E-05 0.661776 9.99732E-05 0.0854418 0.145758 0.106724
0.46035 9.99821E-05 9.99821E-05 0.101971 0.221078 0.106579 0.109822
0.164851 0.0252578 0.645713 9.99731E-05 9.99731E-05 0.163879 9.99731E-05
9.99731E-05 0.418095 0.0950618 9.99731E-05 0.327951 9.99731E-05 0.158592
9.99731E-05 0.0235855 0.284038 9.99731E-05 0.639713 9.99731E-05 0.0523638
0.100002 9.9991E-05 0.0895711 0.0698974 0.0194878 0.14907 0.571872
0.00708098 0.476007 0.133446 0.138032 0.0937468 9.9991E-05 0.151588
0.209689 9.99731E-05 9.99731E-05 9.99731E-05 0.507235 0.0180878 0.264688
9.99554E-05 0.78095 0.21855 9.99554E-05 9.99554E-05 9.99554E-05 9.99554E-05
0.503143 0.0567475 0.213142 9.99731E-05 0.226667 9.99731E-05 9.99731E-05
9.99733E-05 0.136594 0.638083 9.99733E-05 0.149826 0.0751964 9.99733E-05
9.99642E-05 0.520916 0.162288 9.99642E-05 0.316396 9.99642E-05 9.99642E-05
0.959762 9.99554E-05 9.99554E-05 9.99554E-05 0.0397378 9.99554E-05 9.99554E-05
0.366732 0.0896063 9.9982E-05 0.132407 0.117411 9.9982E-05 0.293643
0.173572 9.9991E-05 0.0569431 0.223134 0.461734 0.080283 0.00423402
0.263618 0.0875282 0.168784 0.190398 0.282149 0.00742295 9.9991E-05
0.116745 0.372831 0.508441 9.99732E-05 0.00168357 9.99732E-05 9.99732E-05
9.99821E-05 9.99821E-05 0.261538 0.197557 0.257988 0.170119 0.112598
9.99732E-05 0.203481 0.193897 9.99732E-05 0.0227831 9.99732E-05 0.579539
0.0161282 9.9982E-05 0.135156 0.116732 0.525453 0.206332 9.9982E-05
0.328803 0.174113 0.107124 9.99821E-05 9.99821E-05 0.227091 0.16267
0.505999 9.9964E-05 0.211823 9.9964E-05 9.9964E-05 9.9964E-05 0.281779
9.99821E-05 0.4057 0.00264117 9.99821E-05 0.0752507 0.0887065 0.427502
9.99798E-05 0.264963 9.99798E-05 0.0568167 0.0768434 0.601077 9.99798E-05
9.99821E-05 9.99821E-05 0.203106 0.199397 0.246548 0.151297 0.199452
9.99821E-05 9.99821E-05 0.062583 0.0583218 0.337965 0.112967 0.427963
9.99554E-05 9.99554E-05 0.101422 9.99554E-05 9.99554E-05 0.898078 9.99554E-05
9.99732E-05 0.323907 0.0120532 9.99732E-05 9.99732E-05 0.175441 0.488299
9.99821E-05 0.227735 0.00720965 9.99821E-05 0.0940773 0.126205 0.544573
9.99731E-05 0.391704 9.99731E-05 0.450854 9.99731E-05 0.0875643 0.0695775
9.99731E-05 0.174912 9.99731E-05 9.99731E-05 0.436588 0.0436256 0.344575
0.0901491 0.42815 0.113053 0.145079 0.137463 0.0860056 9.9991E-05
9.99731E-05 0.067264 0.352076 9.99731E-05 9.99731E-05 0.15543 0.42493
0.189124 9.99731E-05 0.226654 9.99731E-05 0.171208 9.99731E-05 0.412714
9.99641E-05 0.149231 0.245693 9.99641E-05 9.99641E-05 0.604676 9.99641E-05
0.218871 0.182522 0.0432215 0.0495942 9.9991E-05 0.357949 0.147742
0.0610685 0.329873 9.99732E-05 9.99732E-05 9.99732E-05 0.125701 0.483058
9.99554E-05 9.99554E-05 9.99554E-05 0.144665 9.99554E-05 0.854835 9.99554E-05
0.304893 9.99642E-05 9.99642E-05 0.169988 9.99642E-05 9.99642E-05 0.524719
9.99641E-05 9.99641E-05 9.99641E-05 0.859801 9.99641E-05 0.0906313 0.0491681
9.99731E-05 0.113671 0.753089 9.99731E-05 0.112507 9.99731E-05 0.0204332
0.0137358 0.0909021 0.148802 9.9991E-05 0.562551 0.124857 0.0590521
0.102151 0.249727 0.378276 9.99821E-05 0.200609 9.99821E-05 0.0690367
0.160602 0.00570948 0.74453 9.99732E-05 9.99732E-05 9.99732E-05 0.0888583
9.99642E-05 9.99642E-05 0.308968 9.99642E-05 0.621114 9.99642E-05 0.0695186
9.99821E-05 0.00495354 9.99821E-05 0.398746 0.335865 0.177843 0.0823921
9.99821E-05 0.135844 0.18417 9.99821E-05 0.107395 0.320161 0.252229
9.99642E-05 9.99642E-05 0.527132 9.99642E-05 0.274253 0.198215 9.99642E-05
9.99732E-05 0.0544023 0.000242521 9.99732E-05 0.188073 0.756983 9.99732E-05
9.99732E-05 9.99732E-05 0.482541 0.133209 0.382916 0.00103425 9.99732E-05
0.0434683 9.99552E-05 9.99552E-05 9.99552E-05 9.99552E-05 0.956032 9.99552E-05
0.226137 0.110857 9.99821E-05 0.375142 0.235615 9.99821E-05 0.0520488
0.349958 9.99641E-05 0.172432 9.99641E-05 0.47721 9.99641E-05 9.99641E-05
9.99821E-05 0.15139 0.079514 9.99821E-05 0.633633 0.0106938 0.124569
9.9982E-05 9.9982E-05 0.152668 0.0805465 0.582748 0.165781 0.0180567
0.517616 0.15214 0.280512 0.0227809 9.9982E-05 0.0267513 9.9982E-05
9.99731E-05 9.99731E-05 0.0883187 9.99731E-05 0.285427 0.493563 0.132392
0.378186 0.392912 9.99642E-05 9.99642E-05 9.99642E-05 0.228503 9.99642E-05
9.99642E-05 9.99642E-05 0.885873 0.11244 0.00128777 9.99642E-05 9.99642E-05
0.0744004 0.290395 0.23927 9.99821E-05 0.160619 9.99821E-05 0.235116
0.379572 9.99821E-05 0.144392 0.164105 9.99821E-05 0.181713 0.130018
0.0660051 9.99821E-05 0.215778 9.99821E-05 0.223105 0.108993 0.38592
0.0655743 0.0467665 0.127908 9.99911E-05 0.0990738 0.134524 0.526053
0.15425 0.0355665 0.383333 0.0325706 0.39408 9.99821E-05 9.99821E-05
0.0655025 0.00150067 0.216963 0.370402 9.99911E-05 0.333332 0.0121998
9.99911E-05 0.137246 0.207287 0.170926 0.0855 0.185358 0.213583
0.185892 0.101491 9.99731E-05 9.99731E-05 0.0604672 9.99731E-05 0.65185
0.0292235 0.316405 0.46018 0.0446046 9.9991E-05 0.112223 0.0372638
9.99821E-05 0.0102195 0.29565 0.114498 0.40429 9.99821E-05 0.175143
0.0516297 9.99821E-05 0.302171 0.257269 0.253969 9.99821E-05 0.134762
0.147177 0.0287915 0.182909 0.0858284 9.99821E-05 9.99821E-05 0.555094
9.995E-05 9.995E-05 0.9994 9.995E-05 9.995E-05 9.995E-05 9.995E-05
9.995E-05 9.995E-05 0.9994 9.995E-05 9.995E-05 9.995E-05 9.995E-05
9.99555E-05 9.99555E-05 0.922479 0.0770217 9.99555E-05 9.99555E-05 9.99555E-05
9.99732E-05 0.0720003 9.99732E-05 0.150662 0.645796 9.99732E-05 0.131242
0.363778 9.99641E-05 0.514834 9.99641E-05 0.120988 9.99641E-05 9.99641E-05
9.99822E-05 0.317237 0.225334 0.259515 0.162614 0.0351003 9.99822E-05
9.99732E-05 0.476758 9.99732E-05 0.257943 9.99732E-05 0.10132 0.163679
9.99731E-05 0.151911 9.99731E-05 9.99731E-05 0.133583 0.117976 0.59623
9.99732E-05 9.99732E-05 0.162385 0.143735 9.99732E-05 0.0529638 0.640617
9.99821E-05 0.0769939 0.0777605 9.99821E-05 0.187242 0.58152 0.0762841
9.9964E-05 9.9964E-05 0.312805 9.9964E-05 0.531747 0.155049 9.9964E-05
9.995E-05 0.9994 9.995E-05 9.995E-05 9.995E-05 9.995E-05 9.995E-05
9.99911E-05 0.0860233 0.409236 0.177052 0.0792464 0.247185 0.00115798
9.99731E-05 0.398237 9.99731E-05 9.99731E-05 0.248344 0.301475 0.0516441
9.99732E-05 0.466771 9.99732E-05 0.0588917 0.277724 9.99732E-05 0.196313
9.99642E-05 0.174442 9.99642E-05 0.0672778 0.757881 9.99642E-05 9.99642E-05
0.351049 0.154673 9.99731E-05 9.99731E-05 0.281245 9.99731E-05 0.212733
9.99821E-05 0.11739 0.375806 9.99821E-05 0.402356 0.0438698 0.0603781
9.99821E-05 0.129412 0.530302 9.99821E-05 0.196443 0.0370743 0.106568
0.316147 0.4592 0.0231817 9.99732E-05 9.99732E-05 0.201171 9.99732E-05
0.200057 0.0859716 0.391834 0.181172 9.99821E-05 9.99821E-05 0.140765
9.99731E-05 0.31592 9.99731E-05 0.395008 0.164771 0.124001 9.99731E-05
9.99911E-05 0.0956716 0.202116 0.0779188 0.0696747 0.194199 0.36032
0.293766 0.0253487 0.603686 9.99732E-05 0.0768987 9.99732E-05 9.99732E-05
0.0100871 9.9991E-05 0.00412879 0.0868164 0.472277 0.270049 0.156542
9.995E-05 0.9994 9.995E-05 9.995E-05 9.995E-05 9.995E-05 9.995E-05
9.99731E-05 0.189212 0.315814 9.99731E-05 0.290183 9.99731E-05 0.204491
9.99731E-05 0.339083 0.118941 9.99731E-05 0.481608 0.060069 9.99731E-05
0.628227 0.0764225 9.99731E-05 9.99731E-05 0.0358413 9.99731E-05 0.259209
9.99643E-05 0.235769 9.99643E-05 9.99643E-05 0.374391 9.99643E-05 0.38944
0.15694 9.9982E-05 0.320158 9.9982E-05 0.0647656 0.232331 0.225605
0.0806485 0.00693064 0.452335 0.0439783 0.0903795 0.0696013 0.256127
9.99643E-05 9.99643E-05 0.348786 0.0575117 0.593303 9.99643E-05 9.99643E-05
0.146633 0.850973 9.99643E-05 0.00199416 9.99643E-05 9.99643E-05 9.99643E-05
0.110711 0.257049 0.275807 0.0547635 0.0652342 0.176062 0.0603731
9.99731E-05 9.99731E-05 0.160312 0.0316633 0.735878 0.0718462 9.99731E-05
9.99642E-05 0.268014 0.584807 9.99642E-05 0.14678 9.99642E-05 9.99642E-05
0.0319814 0.409271 0.11228 0.1543 0.291968 9.99821E-05 9.99821E-05
0.303287 9.99731E-05 0.411529 9.99731E-05 9.99731E-05 0.142869 0.142015
0.205153 9.99642E-05 0.69912 9.99642E-05 9.99642E-05 0.095328 9.99642E-05
9.99643E-05 9.99643E-05 0.726302 0.0181869 0.255111 9.99643E-05 9.99643E-05
9.99821E-05 0.151841 0.0203025 9.99821E-05 0.354351 0.246497 0.226809
9.99642E-05 0.0363817 9.99642E-05 0.956381 9.99642E-05 9.99642E-05 0.006837
0.247104 9.99821E-05 0.413803 9.99821E-05 0.000474822 0.0319624 0.306456
0.620741 9.99641E-05 9.99641E-05 9.99641E-05 0.0480371 9.99641E-05 0.330822
0.026649 0.27925 9.99642E-05 9.99642E-05 9.99642E-05 9.99642E-05 0.693701
9.99732E-05 0.20546 0.0339734 9.99732E-05 0.390088 9.99732E-05 0.370179
9.99731E-05 9.99731E-05 0.475405 9.99731E-05 0.112912 0.0970458 0.314338
9.99732E-05 0.0529866 0.233197 9.99732E-05 0.512944 0.200573 9.99732E-05
9.995E-05 9.995E-05 9.995E-05 0.9994 9.995E-05 9.995E-05 9.995E-05
0.205939 0.122203 9.99643E-05 9.99643E-05 0.671458 9.99643E-05 9.99643E-05
0.0652945 0.334678 0.232178 0.0933755 0.274274 9.99821E-05 9.99821E-05
0.245803 0.184089 0.0152182 0.192669 0.219113 0.143007 9.9991E-05
0.0815028 0.348952 0.305726 0.0530107 9.9982E-05 0.210609 9.9982E-05
