9.9982E-05 0.0404179 9.9982E-05 0.0268654 0.844896 0.0876203
0.0160387 0.109335 0.224502 0.0580702 0.184274 0.40778
0.0719665 0.444242 0.0414946 0.0961529 0.178287 0.167858
0.0853223 0.69575 9.9982E-05 0.137983 0.0807442 9.9982E-05
0.109005 0.478142 0.0160502 0.0766853 0.0122 0.307917
9.999E-05 0.649282 0.0143984 0.181376 0.0138156 0.141028
0.0964902 0.364712 0.0194549 9.9991E-05 0.280666 0.238577
0.130825 0.173683 0.33605 0.032915 0.229143 0.0973834
0.0467959 0.288392 9.9991E-05 0.0630012 0.362343 0.239368
0.153905 0.0561963 9.9991E-05 0.348386 0.370359 0.071054
0.17483 0.126046 0.146944 0.222969 0.261326 0.0678851
0.128186 9.9973E-05 9.9973E-05 9.9973E-05 0.177974 0.693539
0.196604 0.51524 0.0776264 9.9982E-05 0.210329 9.9982E-05
0.0928267 0.124771 0.24894 0.127798 0.186074 0.219591
0.0196071 9.9991E-05 0.579193 0.0848748 0.125099 0.191126
0.139746 0.30119 0.298091 0.00107266 0.172966 0.0869338
9.9973E-05 9.9973E-05 0.644794 0.180535 0.174371 9.9973E-05
0.276051 0.173719 0.076274 0.0693193 0.360165 0.0444712
9.9982E-05 0.485966 0.0435237 9.9982E-05 0.235337 0.234973
0.123448 0.180272 0.140434 0.0942829 0.254566 0.206997
0.0118061 0.365703 0.0198872 0.0927577 0.401608 0.108238
0.00140221 0.262169 0.0942793 0.10988 0.337882 0.194387
0.149659 0.423156 9.9991E-05 0.126045 0.0569351 0.244104
0.104543 0.284718 0.187251 0.00382376 0.19341 0.226254
0.137138 0.0689549 9.9991E-05 0.221119 0.404745 0.167943
0.023732 0.119021 0.234674 0.0161213 0.606351 9.9991E-05
0.217771 9.9991E-05 0.255655 0.13693 0.145455 0.244089
0.0965557 9.9991E-05 0.182847 0.0974613 0.362258 0.260778
0.107426 0.418457 0.134697 0.0987161 0.170815 0.0698897
0.569893 0.0769989 0.239785 9.9991E-05 0.0232465 0.0899762
0.122766 0.224075 0.131555 0.100773 0.00948474 0.411346
0.0418252 0.158138 9.9991E-05 0.132047 0.0613501 0.60654
0.103622 0.460008 0.115003 9.9991E-05 0.113083 0.208185
0.0142874 0.295174 0.207046 0.173272 0.0259485 0.284271
9.9982E-05 0.166286 9.9982E-05 0.103617 0.459183 0.270714
9.996E-05 9.996E-05 9.996E-05 9.996E-05 0.9995 9.996E-05
0.0392065 0.637562 9.9991E-05 0.208212 0.107987 0.00693221
0.0216668 9.9991E-05 0.000856263 0.113076 0.807493 0.0568071
0.100538 0.566461 0.0871194 0.206911 9.9991E-05 0.0388703
0.0964033 0.0507506 0.292822 0.0901475 0.187592 0.282284
0.0449682 0.00934734 0.285052 0.105418 0.295093 0.260122
0.187271 0.154398 0.321603 0.270288 0.0663401 9.9991E-05
0.078694 0.460555 0.242445 0.0565986 0.161608 9.9991E-05
9.99731E-05 0.0824041 9.99731E-05 9.99731E-05 0.573344 0.343952
0.0408748 9.9991E-05 0.179965 0.0041063 0.157489 0.617465
9.9982E-05 0.25669 9.9982E-05 0.198945 0.0662776 0.477887
0.000670758 0.410179 0.257136 0.0170385 0.0271655 0.287811
0.120135 0.563867 0.0606911 0.0223192 9.9991E-05 0.232888
0.0935215 9.9982E-05 0.186847 9.9982E-05 0.0912311 0.6282
0.218575 0.318791 0.156789 9.9991E-05 0.194328 0.111417
0.140262 0.158396 0.137713 0.0745508 0.347158 0.141922
0.211692 0.404013 0.0526548 0.0306866 0.0187524 0.282202
0.0854276 0.0372738 0.758397 0.116159 9.9991E-05 0.0026429
0.0893355 0.300532 0.186084 0.244539 0.0666718 0.112837
0.00722823 9.9973E-05 0.109934 9.9973E-05 9.9973E-05 0.882538
0.0980209 0.699014 9.9991E-05 0.0410658 0.0289361 0.132863
9.99731E-05 0.120297 9.99731E-05 0.14307 9.99731E-05 0.736333
0.0855018 0.122658 9.9982E-05 9.9982E-05 0.310543 0.481097
0.11841 0.202574 0.197125 0.0846944 0.0777417 0.319456
9.9982E-05 0.125322 9.9982E-05 0.136042 0.155242 0.583194
0.11648 0.567233 0.197851 0.0027784 9.9991E-05 0.115558
0.146048 0.261992 0.205151 0.0886596 0.286463 0.0116854
0.0180796 0.451213 0.171182 9.9991E-05 0.308442 0.0509836
0.9995 9.996E-05 9.996E-05 9.996E-05 9.996E-05 9.996E-05
9.9982E-05 0.23892 0.168292 0.205263 0.387325 9.9982E-05
9.9982E-05 0.0416165 0.0431962 0.0677286 0.847259 9.9982E-05
0.0970334 0.249066 9.9991E-05 0.199939 0.346984 0.106878
0.0153135 0.733518 9.9973E-05 9.9973E-05 9.9973E-05 0.250869
0.100103 0.594156 0.014902 9.9991E-05 0.266928 0.0238119
0.191897 0.245886 0.313472 0.0543299 0.194315 9.9991E-05
0.0435961 0.0679962 9.9982E-05 0.150879 9.9982E-05 0.737329
0.067684 0.0332324 0.289664 0.00691428 0.520522 0.0819827
0.239963 0.24876 0.141655 9.9991E-05 0.209387 0.160135
0.0572289 0.0512464 0.326553 0.164967 9.9991E-05 0.399904
0.0353086 9.9991E-05 0.18691 0.278659 0.285162 0.21386
0.0445553 9.9982E-05 0.315983 0.0851415 9.9982E-05 0.55412
0.146071 0.426432 9.9991E-05 0.0900586 0.00368085 0.333657
0.148397 0.56739 0.187834 0.081534 9.9991E-05 0.0147453
9.9982E-05 0.726401 0.0913932 0.0884593 0.0935462 9.9982E-05
0.160162 0.345642 0.209047 0.0576951 9.9991E-05 0.227354
0.0529288 0.426652 0.0665694 0.122883 0.275965 0.0550018
0.0753937 0.556621 0.0219801 0.118642 0.227263 9.9991E-05
0.172048 0.27467 0.104157 0.0832059 0.0500279 0.315892
0.169158 0.497824 0.275819 0.0569985 9.9982E-05 9.9982E-05
0.0834916 0.3649 0.0110094 0.068356 0.0342213 0.438022
9.9991E-05 0.14904 0.0890775 0.0294278 0.343236 0.389119
0.0419814 0.155496 9.9973E-05 9.9973E-05 0.802223 9.9973E-05
0.0250772 0.483047 9.9982E-05 0.0205327 9.9982E-05 0.471144
0.141676 9.9991E-05 0.187694 0.0666885 0.422134 0.181708
0.00882534 0.243292 9.9982E-05 9.9982E-05 0.515394 0.232289
0.91602 9.9973E-05 9.9973E-05 0.083099 0.000580961 9.9973E-05
9.9982E-05 9.9982E-05 0.106417 0.134104 0.208323 0.550956
0.07052 0.69257 0.00102543 0.163704 0.072081 9.9991E-05
0.0693316 9.9991E-05 0.487732 0.000870185 0.156438 0.285528
0.0206788 0.585391 0.12981 0.167614 0.0964064 9.9991E-05
0.0415285 0.560537 0.142824 0.0986336 0.156377 9.9991E-05
9.9982E-05 9.9982E-05 0.217469 0.0424444 0.374554 0.365332
9.9982E-05 0.460902 9.9982E-05 0.0562007 0.026909 0.455788
0.57158 0.205719 9.99731E-05 9.99731E-05 0.222401 9.99731E-05
0.241076 0.248112 0.198343 9.9991E-05 0.235502 0.076867
0.11681 0.173185 0.0867773 9.9991E-05 0.326341 0.296786
0.943848 9.9964E-05 9.9964E-05 9.9964E-05 9.9964E-05 0.0557521
0.104333 0.284031 0.20373 0.214591 9.9991E-05 0.193215
9.996E-05 9.996E-05 9.996E-05 0.9995 9.996E-05 9.996E-05
0.0541005 9.9982E-05 0.244751 0.20147 0.499478 9.9982E-05
9.9991E-05 0.317845 0.394094 0.00796146 0.226376 0.0536241
9.9991E-05 0.205099 0.351194 0.0373738 0.0322055 0.374027
0.135931 0.310406 9.9991E-05 0.0714831 0.321994 0.160086
0.19213 0.109255 0.16833 0.157255 9.9991E-05 0.37293
0.122309 0.132843 9.9982E-05 9.9982E-05 0.380107 0.364541
9.9973E-05 0.780181 0.0632977 0.156221 9.9973E-05 9.9973E-05
0.330298 0.278612 0.0262295 0.00232196 9.9991E-05 0.362438
0.0738445 0.287998 0.353291 0.0877506 0.0209523 0.176164
0.574606 0.302667 9.9982E-05 0.0620017 0.0605249 9.9982E-05
0.0105776 0.219596 0.321991 0.0734778 0.27295 0.101407
0.997762 9.99641E-05 0.00183813 9.99641E-05 9.99641E-05 9.99641E-05
9.9991E-05 0.165787 0.154015 0.179652 0.453444 0.0470027
0.0721338 0.0689519 0.0606831 0.0677425 0.534631 0.195858
0.00898169 0.827283 9.9973E-05 9.9973E-05 9.9973E-05 0.163435
0.158902 0.149231 9.9991E-05 0.0268116 0.483958 0.180998
0.113037 0.253024 0.111531 0.199726 0.322581 9.9991E-05
0.466375 0.346511 9.9991E-05 0.0125349 0.132357 0.0421231
0.200621 0.336304 0.0633691 0.179138 0.0402013 0.180367
9.9982E-05 0.517895 0.236505 0.0528112 9.9982E-05 0.192589
0.195092 0.152384 0.0898212 0.00986627 9.9991E-05 0.552737
9.99731E-05 0.375391 0.367088 9.99731E-05 9.99731E-05 0.257221
0.133416 0.232632 0.111965 9.9991E-05 0.286622 0.235265
0.250497 0.297272 9.9991E-05 0.0838956 0.0730727 0.295163
9.9982E-05 0.491614 9.9982E-05 0.0481323 0.0547456 0.405308
0.0303265 9.9991E-05 0.0626865 0.0242451 0.696968 0.185674
9.9973E-05 0.323029 9.9973E-05 0.0391887 0.637482 9.9973E-05
0.154674 0.746944 9.9973E-05 9.9973E-05 9.9973E-05 0.0980823
0.311539 0.36441 9.9982E-05 0.0135853 9.9982E-05 0.310266
0.177477 0.325546 0.271379 9.9991E-05 0.0426818 0.182816
0.0104116 0.666859 9.9991E-05 0.0644786 0.217185 0.0409658
0.157733 0.193857 9.9991E-05 0.10652 0.137097 0.404694
9.9973E-05 0.00912099 0.981984 9.9973E-05 9.9973E-05 0.00859523
9.996E-05 9.996E-05 0.9995 9.996E-05 9.996E-05 9.996E-05
0.0622249 0.157323 0.0908537 0.0154953 0.0552737 0.61883
0.0614645 0.42417 0.000274346 0.190766 0.0530835 0.270242
0.00220134 0.392941 9.9991E-05 0.100238 0.131213 0.373306
0.153138 0.30582 0.265743 0.165934 9.9991E-05 0.109264
0.0169966 0.225967 9.9991E-05 0.0550944 0.121293 0.58055
0.0698877 9.9982E-05 9.9982E-05 0.00173836 0.270205 0.657969
0.17999 0.479433 0.103274 0.092881 9.9991E-05 0.144322
0.380537 0.204587 9.9991E-05 0.00824218 0.198284 0.20825
0.0195881 0.197273 0.0903106 0.0469772 0.183562 0.462289
0.9995 9.996E-05 9.996E-05 9.996E-05 9.996E-05 9.996E-05
0.00943118 0.0161719 0.0559208 0.24288 0.576899 0.0986966
0.0339012 0.513245 0.0412227 0.340713 0.0708176 9.9991E-05
0.0329066 0.161666 9.9991E-05 0.118462 0.12333 0.563535
0.0742938 0.314761 0.0806524 0.250271 0.0685341 0.211488
0.238441 0.0601607 0.0369639 0.0086251 0.213369 0.44244
0.0610416 0.04251 0.370156 0.0250355 9.9991E-05 0.501157
0.160722 0.292897 0.049418 0.0131657 9.9991E-05 0.483697
0.265835 0.248746 0.271572 0.0788912 0.134856 9.9991E-05
0.0674571 0.165392 9.9991E-05 0.0420516 0.258987 0.466013
0.121442 0.495178 9.9982E-05 9.9982E-05 0.26546 0.11772
9.9973E-05 0.26843 0.039661 9.9973E-05 0.69161 9.9973E-05
0.173567 0.221209 0.0835856 0.0864296 0.382695 0.0525132
0.0931583 0.436736 0.0139772 0.0719884 0.38404 9.9991E-05
0.9995 9.996E-05 9.996E-05 9.996E-05 9.996E-05 9.996E-05
0.285738 0.160405 0.168016 0.0642367 0.295713 0.0258905
9.9982E-05 0.381746 0.333273 0.122382 9.9982E-05 0.162399
0.0763521 0.160211 0.0181452 0.0097779 0.302145 0.433369
0.0905626 9.9973E-05 9.9973E-05 0.114154 0.794983 9.9973E-05
9.9982E-05 0.364909 0.159031 9.9982E-05 0.233803 0.242057
9.9991E-05 0.0877651 0.203851 0.0995234 0.0980711 0.51069
9.996E-05 9.996E-05 0.9995 9.996E-05 9.996E-05 9.996E-05
0.0848975 0.374604 0.0979823 0.0441769 0.287976 0.110364
0.117549 0.153049 0.24406 9.9991E-05 0.0670252 0.418218
0.0679588 0.173099 0.254743 0.184683 9.9991E-05 0.319416
0.228711 0.173449 0.135181 0.0121586 0.356215 0.0942849
9.9964E-05 9.9964E-05 0.407404 9.9964E-05 9.9964E-05 0.592196
0.0758002 0.158829 0.00672387 0.112008 0.323241 0.323399
9.9982E-05 0.111863 0.178703 0.192321 9.9982E-05 0.516914
9.9991E-05 0.65249 0.0776347 0.0071813 0.0447341 0.21786
9.9991E-05 0.315547 0.162666 0.19274 0.238013 0.0909354
9.996E-05 9.996E-05 9.996E-05 0.9995 9.996E-05 9.996E-05
9.9982E-05 9.9982E-05 0.244596 0.131819 0.00254239 0.620842
0.098402 9.9982E-05 0.58471 0.121551 0.195137 9.9982E-05
0.177418 0.230924 9.9982E-05 9.9982E-05 0.501136 0.0903215
0.109002 9.9991E-05 0.230793 0.00854796 0.23391 0.417647
0.114979 0.675594 0.0297986 9.9982E-05 0.179428 9.9982E-05
0.0589053 0.366915 0.192446 0.0730637 0.298167 0.0105017
9.996E-05 9.996E-05 9.996E-05 0.9995 9.996E-05 9.996E-05
0.123519 0.622754 0.0931603 0.0224382 0.048397 0.0897317
0.131385 9.9991E-05 0.11254 0.209565 0.446573 0.0998364
0.0177782 0.533334 0.163706 0.0569893 0.228093 9.9991E-05
0.0721489 9.9982E-05 0.388895 9.9982E-05 0.166862 0.371894
