9.99641E-05 9.99641E-05 0.559051 0.157175 0.130626 0.0811806 9.99641E-05 9.99641E-05 0.0452793 0.0262882
0.706157 9.99551E-05 0.0423797 0.109499 9.99551E-05 0.0552863 9.99551E-05 0.086178 9.99551E-05 9.99551E-05
9.99462E-05 9.99462E-05 0.31734 9.99462E-05 9.99462E-05 0.2359 0.113958 9.99462E-05 9.99462E-05 0.332202
0.681209 9.99463E-05 0.294934 9.99463E-05 9.99463E-05 0.00345059 0.0198069 9.99463E-05 9.99463E-05 9.99463E-05
0.0622749 0.0439195 0.296046 9.99731E-05 0.0244461 0.29894 9.99731E-05 0.233652 0.0404217 9.99731E-05
0.241452 9.99461E-05 0.368148 9.99461E-05 9.99461E-05 9.99461E-05 0.0924074 9.99461E-05 0.297393 9.99461E-05
0.0854371 0.321246 0.174806 9.99642E-05 9.99642E-05 0.163963 9.99642E-05 0.116551 0.137597 9.99642E-05
9.99642E-05 0.114732 0.780499 0.0233565 9.99642E-05 9.99642E-05 0.0388119 0.0123679 9.99642E-05 0.0298325
0.284551 0.0586109 9.99463E-05 9.99463E-05 0.628048 0.0281905 9.99463E-05 9.99463E-05 9.99463E-05 9.99463E-05
9.995E-05 9.995E-05 0.116853 9.995E-05 9.995E-05 9.995E-05 0.288795 0.0326566 0.124786 0.43641
0.0183893 9.9982E-05 0.312782 9.9982E-05 0.284384 0.0982881 0.212227 0.0109468 0.0436221 0.0191611
0.315756 0.144438 9.99641E-05 0.283948 0.0201808 0.0166007 9.99641E-05 0.218677 9.99641E-05 9.99641E-05
0.263978 0.332782 0.0940238 0.0935154 0.0686419 9.99641E-05 9.99641E-05 9.99641E-05 0.146659 9.99641E-05
0.0807253 0.0230271 0.238745 9.99552E-05 9.99552E-05 9.99552E-05 9.99552E-05 0.0527406 0.604262 9.99552E-05
0.717809 0.16631 9.99463E-05 0.0933944 9.99463E-05 9.99463E-05 9.99463E-05 9.99463E-05 9.99463E-05 0.0218867
9.99553E-05 0.248299 0.348669 9.99553E-05 9.99553E-05 0.211225 9.99553E-05 0.122279 0.0690282 9.99553E-05
0.650438 0.00691727 0.0628421 0.0990402 9.99642E-05 9.99642E-05 0.0533202 9.99642E-05 9.99642E-05 0.127043
0.271141 9.99641E-05 0.159515 9.99641E-05 9.99641E-05 0.017022 0.183814 0.162358 9.99641E-05 0.205749
0.243972 9.99463E-05 0.112671 0.303295 0.339463 9.99463E-05 9.99463E-05 9.99463E-05 9.99463E-05 9.99463E-05
0.262795 0.107377 0.328137 9.99551E-05 9.99551E-05 9.99551E-05 0.0871497 9.99551E-05 0.214041 9.99551E-05
9.99284E-05 9.99284E-05 9.99284E-05 9.99284E-05 9.99284E-05 9.99284E-05 0.154557 9.99284E-05 0.844644 9.99284E-05
0.0290395 9.9973E-05 0.00977945 0.397333 0.232817 0.221587 9.9973E-05 9.9973E-05 0.0744084 0.0347362
0.856952 9.99373E-05 9.99373E-05 9.99373E-05 9.99373E-05 0.119958 9.99373E-05 9.99373E-05 0.0223905 9.99373E-05
0.0821217 9.99551E-05 9.99551E-05 0.161988 9.99551E-05 0.534294 0.0510503 9.99551E-05 0.170047 9.99551E-05
9.99641E-05 9.99641E-05 0.0847594 0.139481 9.99641E-05 0.264547 0.229157 0.00489072 0.276765 9.99641E-05
9.9973E-05 9.9973E-05 0.249634 0.0385143 0.0627175 0.11699 9.9973E-05 0.153784 0.180014 0.198046
0.0458795 9.9991E-05 0.113231 0.111778 0.0281414 0.050887 0.0266404 0.259675 0.0274763 0.336191
9.99374E-05 9.99374E-05 0.535912 9.99374E-05 0.396774 9.99374E-05 9.99374E-05 9.99374E-05 9.99374E-05 0.0666144
0.210921 0.429226 0.167015 9.99551E-05 0.00827424 9.99551E-05 0.184064 9.99551E-05 9.99551E-05 9.99551E-05
9.99461E-05 0.0330216 0.00290142 9.99461E-05 9.99461E-05 0.598864 9.99461E-05 9.99461E-05 9.99461E-05 0.364613
9.99462E-05 9.99462E-05 0.101725 9.99462E-05 0.469401 9.99462E-05 9.99462E-05 0.213349 0.214926 9.99462E-05
0.146594 0.413393 0.0700405 0.0562495 9.9973E-05 0.0692388 9.9973E-05 0.0985025 0.145682 9.9973E-05
0.0232517 0.13997 0.00585493 0.0109588 0.0298171 0.0386831 0.151559 9.9991E-05 0.0540485 0.545756
0.268678 0.168346 0.396395 0.0645927 9.99552E-05 0.101489 9.99552E-05 9.99552E-05 9.99552E-05 9.99552E-05
9.99461E-05 9.99461E-05 0.606698 9.99461E-05 9.99461E-05 0.215747 9.99461E-05 0.10726 0.0696951 9.99461E-05
9.99285E-05 9.99285E-05 0.339481 9.99285E-05 9.99285E-05 9.99285E-05 9.99285E-05 9.99285E-05 0.65972 9.99285E-05
0.170652 9.99642E-05 0.081231 0.254911 0.0664056 0.0440917 9.99642E-05 0.382309 9.99642E-05 9.99642E-05
0.223686 9.99642E-05 9.99642E-05 0.0399051 0.13485 0.313471 0.274327 0.0133611 9.99642E-05 9.99642E-05
0.236911 0.0376655 9.99731E-05 0.278533 0.213046 9.99731E-05 0.00855519 0.163859 0.0611298 9.99731E-05
0.327897 9.99641E-05 0.244973 0.268626 9.99641E-05 0.0346954 0.0149476 0.108461 9.99641E-05 9.99641E-05
0.336633 9.99463E-05 9.99463E-05 9.99463E-05 9.99463E-05 0.185728 9.99463E-05 0.017971 9.99463E-05 0.459068
0.0569738 9.99642E-05 9.99642E-05 0.116833 9.99642E-05 9.99642E-05 0.0438666 0.123676 0.363531 0.294719
0.150986 9.99551E-05 0.312807 9.99551E-05 0.0643261 9.99551E-05 0.00291568 9.99551E-05 0.468466 9.99551E-05
0.310351 9.99463E-05 0.281138 9.99463E-05 0.368675 9.99463E-05 9.99463E-05 0.0392363 9.99463E-05 9.99463E-05
0.169737 0.427465 9.99641E-05 0.166115 9.99641E-05 0.105213 0.0695665 0.0615038 9.99641E-05 9.99641E-05
0.201245 0.177035 0.380108 0.0480354 9.99731E-05 9.99731E-05 0.00479583 0.072694 9.99731E-05 0.115788
0.261484 0.107617 9.99461E-05 9.99461E-05 9.99461E-05 9.99461E-05 9.99461E-05 9.99461E-05 0.128481 0.501818
0.221036 0.152135 0.0254984 9.9964E-05 9.9964E-05 9.9964E-05 9.9964E-05 0.0744485 0.13606 0.390423
0.220534 0.0857938 9.99463E-05 0.340137 9.99463E-05 9.99463E-05 9.99463E-05 9.99463E-05 9.99463E-05 0.352936
9.99372E-05 9.99372E-05 0.799279 9.99372E-05 9.99372E-05 9.99372E-05 9.99372E-05 0.118199 0.0818225 9.99372E-05
0.176815 9.99551E-05 0.6295 0.0134787 9.99551E-05 0.0861557 0.0935514 9.99551E-05 9.99551E-05 9.99551E-05
0.377814 9.99462E-05 9.99462E-05 9.99462E-05 9.99462E-05 9.99462E-05 0.318072 0.100813 0.202702 9.99462E-05
0.131605 9.9955E-05 0.289629 9.9955E-05 0.235343 0.0627379 9.9955E-05 9.9955E-05 9.9955E-05 0.280185
0.0167547 0.28871 0.350082 0.0192414 0.0906925 0.0584963 0.175724 9.99731E-05 9.99731E-05 9.99731E-05
0.0509918 0.67705 9.99821E-05 0.00247188 0.0208235 0.00745551 0.0482778 0.0363044 0.156425 9.99821E-05
9.99731E-05 0.303198 9.99731E-05 0.301582 0.0230926 0.0775997 0.0201548 0.228647 9.99731E-05 0.0454268
9.9973E-05 0.0111879 0.313924 9.9973E-05 0.238366 0.330956 0.038341 0.00152365 0.0654018 9.9973E-05
9.99374E-05 0.68866 9.99374E-05 9.99374E-05 9.99374E-05 9.99374E-05 9.99374E-05 0.0183869 0.292254 9.99374E-05
9.9946E-05 9.9946E-05 0.223469 9.9946E-05 0.598343 9.9946E-05 9.9946E-05 0.0937618 9.9946E-05 0.0838266
0.303799 9.9964E-05 0.121624 0.000145023 9.9964E-05 9.9964E-05 0.0542814 0.0881812 0.431569 9.9964E-05
0.192535 9.99462E-05 0.591119 9.99462E-05 9.99462E-05 9.99462E-05 0.0521228 9.99462E-05 9.99462E-05 0.163624
0.257085 9.9964E-05 0.037167 9.9964E-05 9.9964E-05 0.0412529 9.9964E-05 0.370106 0.0647206 0.229269
0.380904 9.9946E-05 9.9946E-05 9.9946E-05 0.407646 9.9946E-05 9.9946E-05 0.0222745 9.9946E-05 0.188576
0.0246229 9.99642E-05 0.299606 9.99642E-05 9.99642E-05 0.564349 0.0330209 0.0653991 0.0126019 9.99642E-05
9.99642E-05 0.0280119 0.552071 0.0261196 0.0857523 0.0428196 9.99642E-05 9.99642E-05 9.99642E-05 0.264826
0.350233 0.151764 9.99551E-05 9.99551E-05 9.99551E-05 0.153138 9.99551E-05 0.0281821 9.99551E-05 0.316182
0.130429 9.996E-05 0.301813 9.996E-05 0.0284876 0.0881675 9.996E-05 0.0977774 0.352925 9.996E-05
9.9955E-05 9.9955E-05 0.172423 0.231185 0.313756 9.9955E-05 9.9955E-05 0.239339 9.9955E-05 0.0427967
9.9955E-05 9.9955E-05 0.216042 0.561338 0.109234 9.9955E-05 9.9955E-05 0.0983831 9.9955E-05 0.0145039
9.99462E-05 9.99462E-05 0.10199 0.356801 9.99462E-05 9.99462E-05 9.99462E-05 9.99462E-05 0.322808 0.217801
0.167094 0.267593 9.99731E-05 9.99731E-05 0.0967202 9.99731E-05 0.111718 0.0950639 0.167293 0.0942182
0.0494271 9.99641E-05 9.99641E-05 0.196321 0.11243 0.0817487 9.99641E-05 0.176474 9.99641E-05 0.383199
0.118057 0.53571 0.112372 9.99463E-05 9.99463E-05 9.99463E-05 9.99463E-05 0.233262 9.99463E-05 9.99463E-05
9.99462E-05 0.148189 0.23244 0.198842 9.99462E-05 9.99462E-05 9.99462E-05 0.419929 9.99462E-05 9.99462E-05
0.0681132 9.99465E-05 0.706684 9.99465E-05 9.99465E-05 0.133288 9.99465E-05 0.0913144 9.99465E-05 9.99465E-05
0.0795824 0.253465 0.0556241 0.0909961 0.253103 9.9973E-05 9.9973E-05 0.164917 9.9973E-05 0.102012
0.680189 9.99377E-05 9.99377E-05 0.138199 9.99377E-05 0.180912 9.99377E-05 9.99377E-05 9.99377E-05 9.99377E-05
0.177162 9.9973E-05 0.058136 9.9973E-05 0.17189 0.0789406 0.225195 0.200371 9.9973E-05 0.0880056
0.265315 9.99641E-05 0.221161 0.0410252 0.250163 9.99641E-05 0.211081 9.99641E-05 0.0108549 9.99641E-05
0.547286 0.0832581 0.327879 9.99462E-05 0.0409782 9.99462E-05 9.99462E-05 9.99462E-05 9.99462E-05 9.99462E-05
9.99302E-05 9.99302E-05 0.655242 9.99302E-05 9.99302E-05 9.99302E-05 9.99302E-05 0.343958 9.99302E-05 9.99302E-05
9.998E-05 0.204259 0.386521 0.00252445 0.116701 0.0508439 0.1222 9.998E-05 0.0528995 0.0638513
0.00718596 9.99374E-05 9.99374E-05 9.99374E-05 0.300676 9.99374E-05 9.99374E-05 9.99374E-05 0.691438 9.99374E-05
0.0563554 0.272379 0.0053453 0.10369 0.0687215 0.246998 0.114489 9.9982E-05 9.9982E-05 0.131822
0.159821 9.99731E-05 9.99731E-05 9.99731E-05 0.0836558 0.0743332 0.0229588 0.0916551 0.42498 0.142296
0.466826 9.99461E-05 0.316218 9.99461E-05 9.99461E-05 9.99461E-05 9.99461E-05 9.99461E-05 0.136968 0.0793885
0.268234 9.99642E-05 0.0327403 9.99642E-05 0.241775 9.99642E-05 9.99642E-05 0.101751 0.254842 0.100257
0.34538 9.99551E-05 0.089166 9.99551E-05 0.0902685 0.440468 9.99551E-05 9.99551E-05 0.0342181 9.99551E-05
9.99641E-05 9.99641E-05 0.120834 0.0796271 0.52426 0.0496749 0.163782 9.99641E-05 9.99641E-05 0.0614232
0.117018 0.196106 0.111414 0.0707351 0.155215 9.9973E-05 0.0642997 9.9973E-05 9.9973E-05 0.284913
9.99374E-05 9.99374E-05 0.1033 9.99374E-05 9.99374E-05 0.664763 9.99374E-05 9.99374E-05 9.99374E-05 0.231238
9.99464E-05 0.0581976 9.99464E-05 0.0432104 9.99464E-05 9.99464E-05 9.99464E-05 9.99464E-05 0.876697 0.0212952
9.99552E-05 0.21794 9.99552E-05 9.99552E-05 9.99552E-05 0.0239433 9.99552E-05 0.147889 0.241565 0.368163
0.587402 9.99463E-05 9.99463E-05 9.99463E-05 9.99463E-05 9.99463E-05 0.135312 9.99463E-05 0.231074 0.0456124
0.170562 0.0840985 9.9964E-05 0.161904 9.9964E-05 9.9964E-05 9.9964E-05 0.152804 0.0215595 0.408672
0.670623 9.99372E-05 0.186312 9.99372E-05 0.142365 9.99372E-05 9.99372E-05 9.99372E-05 9.99372E-05 9.99372E-05
0.238965 9.99552E-05 9.99552E-05 9.99552E-05 0.147837 0.0325469 9.99552E-05 9.99552E-05 0.500205 0.0799466
0.287073 0.182524 0.0236514 9.9964E-05 0.108435 9.9964E-05 9.9964E-05 9.9964E-05 0.00380934 0.394108
9.99551E-05 9.99551E-05 0.325882 0.00184931 0.244375 0.358443 9.99551E-05 9.99551E-05 0.0689506 9.99551E-05
0.29893 9.99551E-05 9.99551E-05 9.99551E-05 9.99551E-05 0.398009 9.99551E-05 0.0422925 0.225529 0.0347399
9.99463E-05 9.99463E-05 9.99463E-05 9.99463E-05 0.50922 0.11683 9.99463E-05 0.0061428 0.367208 9.99463E-05
9.99283E-05 9.99283E-05 9.99283E-05 9.99283E-05 9.99283E-05 0.896214 0.102986 9.99283E-05 9.99283E-05 9.99283E-05
0.197267 9.99552E-05 9.99552E-05 9.99552E-05 0.399893 0.0943729 0.26348 9.99552E-05 9.99552E-05 0.0444871
9.99283E-05 9.99283E-05 9.99283E-05 9.99283E-05 9.99283E-05 9.99283E-05 0.945309 9.99283E-05 9.99283E-05 0.0538915
0.319613 9.99551E-05 0.54743 0.110702 0.01849 9.99551E-05 9.99551E-05 9.99551E-05 0.00326548 9.99551E-05
0.216714 9.99601E-05 9.99601E-05 0.477336 9.99601E-05 0.0732701 9.99601E-05 9.99601E-05 0.21044 0.0217397
9.99551E-05 0.392676 0.195073 9.99551E-05 9.99551E-05 9.99551E-05 0.00784801 9.99551E-05 0.315746 0.0881578
0.0536939 9.99553E-05 0.497659 0.206254 9.99553E-05 9.99553E-05 0.19602 0.0458726 9.99553E-05 9.99553E-05
9.99551E-05 9.99551E-05 0.0638836 0.790678 9.99551E-05 9.99551E-05 0.0399425 0.00104904 0.103947 9.99551E-05
9.996E-05 9.996E-05 9.996E-05 0.326016 9.996E-05 0.116307 0.38943 0.0382378 0.0907535 0.0388556
9.997E-05 0.0171031 0.102866 9.997E-05 0.105858 0.205497 9.997E-05 0.0741242 0.355574 0.138678
9.99641E-05 0.0700546 0.444882 9.99641E-05 0.0895571 0.119856 9.99641E-05 0.0609831 0.214268 9.99641E-05
9.99372E-05 9.99372E-05 9.99372E-05 0.358 9.99372E-05 0.392931 9.99372E-05 9.99372E-05 0.248369 9.99372E-05
9.99374E-05 9.99374E-05 0.889076 9.99374E-05 9.99374E-05 9.99374E-05 0.0479985 9.99374E-05 9.99374E-05 0.0622259
9.99201E-05 9.99201E-05 9.99201E-05 9.99201E-05 9.99201E-05 0.999101 9.99201E-05 9.99201E-05 9.99201E-05 9.99201E-05
9.99373E-05 9.99373E-05 9.99373E-05 9.99373E-05 0.627031 9.99373E-05 0.163462 9.99373E-05 9.99373E-05 0.208808
0.539679 9.99283E-05 0.459522 9.99283E-05 9.99283E-05 9.99283E-05 9.99283E-05 9.99283E-05 9.99283E-05 9.99283E-05
9.99731E-05 0.391996 0.219567 0.085701 0.0405902 0.0577012 9.99731E-05 0.0906414 9.99731E-05 0.113503
9.9973E-05 0.125317 0.0177835 9.9973E-05 0.333468 0.267982 0.148569 0.05179 9.9973E-05 0.0547891
0.547233 9.99551E-05 0.184807 0.0563855 9.99551E-05 0.106175 9.99551E-05 9.99551E-05 0.1049 9.99551E-05
0.120509 9.99641E-05 0.0976901 0.146291 0.133406 0.500679 9.99641E-05 0.00102636 9.99641E-05 9.99641E-05
0.478466 9.99551E-05 9.99551E-05 9.99551E-05 0.120935 0.178796 9.99551E-05 0.00540621 0.215896 9.99551E-05
9.99372E-05 0.291162 0.6579 9.99372E-05 9.99372E-05 9.99372E-05 0.050238 9.99372E-05 9.99372E-05 9.99372E-05
9.996E-05 0.0972582 0.0531453 0.239633 9.996E-05 9.996E-05 0.0701474 0.0234301 0.515987 9.996E-05
0.648679 9.99373E-05 0.243437 9.99373E-05 9.99373E-05 9.99373E-05 9.99373E-05 9.99373E-05 9.99373E-05 0.107185
9.99551E-05 9.99551E-05 0.212327 9.99551E-05 0.343398 9.99551E-05 9.99551E-05 0.0557652 0.268534 0.119475
9.99372E-05 0.0646682 9.99372E-05 9.99372E-05 9.99372E-05 9.99372E-05 9.99372E-05 9.99372E-05 0.247458 0.687175
9.9955E-05 9.9955E-05 0.172508 0.345569 0.223991 9.9955E-05 0.10342 0.154013 9.9955E-05 9.9955E-05
0.121998 9.99552E-05 9.99552E-05 0.215617 9.99552E-05 0.173445 0.344191 9.99552E-05 0.144249 9.99552E-05
9.9991E-05 0.0850169 0.283066 0.112248 0.0184482 0.113569 0.126442 0.071868 0.186062 0.00317967
0.286966 9.99642E-05 9.99642E-05 0.0230063 0.342702 9.99642E-05 9.99642E-05 0.00961737 0.0754495 0.261859
0.206471 9.99459E-05 0.373474 9.99459E-05 9.99459E-05 9.99459E-05 0.0966554 9.99459E-05 0.3228 9.99459E-05
9.99641E-05 0.13802 0.276193 9.99641E-05 0.266176 9.99641E-05 0.0492532 0.0551693 9.99641E-05 0.214788
0.13754 9.9955E-05 9.9955E-05 0.313048 0.19628 9.9955E-05 0.217686 0.134946 9.9955E-05 9.9955E-05
0.318043 9.99641E-05 0.0292187 9.99641E-05 9.99641E-05 9.99641E-05 0.1267 0.129978 0.0851191 0.31054
9.99372E-05 9.99372E-05 0.220999 0.477677 9.99372E-05 9.99372E-05 9.99372E-05 9.99372E-05 0.300625 9.99372E-05
9.99551E-05 9.99551E-05 0.293062 0.641723 9.99551E-05 9.99551E-05 0.0026693 0.0258374 9.99551E-05 0.0362092
9.99375E-05 9.99375E-05 0.538303 0.291709 9.99375E-05 9.99375E-05 0.169288 9.99375E-05 9.99375E-05 9.99375E-05
9.99642E-05 0.0877167 9.99642E-05 0.0948782 0.673787 9.99642E-05 0.0191657 0.0906464 9.99642E-05 0.0334066
0.0748398 0.270396 0.265277 0.352216 9.99551E-05 0.0367719 9.99551E-05 9.99551E-05 9.99551E-05 9.99551E-05
0.0329543 9.99374E-05 0.250325 9.99374E-05 0.716021 9.99374E-05 9.99374E-05 9.99374E-05 9.99374E-05 9.99374E-05
0.169376 9.99642E-05 9.99642E-05 0.126929 0.201954 0.153883 0.187288 9.99642E-05 0.160171 9.99642E-05
0.211201 9.99551E-05 0.163042 9.99551E-05 0.0272366 9.99551E-05 9.99551E-05 9.99551E-05 0.234927 0.363094
9.99373E-05 9.99373E-05 9.99373E-05 0.0745611 9.99373E-05 9.99373E-05 0.159173 9.99373E-05 9.99373E-05 0.765566
0.0227139 9.99642E-05 0.00325281 9.99642E-05 0.154157 0.362131 0.0599499 9.99642E-05 0.397396 9.99642E-05
0.0948348 0.155601 0.209867 0.219781 0.189099 0.0223178 9.997E-05 9.997E-05 0.108199 9.997E-05
9.99201E-05 9.99201E-05 9.99201E-05 9.99201E-05 9.99201E-05 9.99201E-05 9.99201E-05 0.999101 9.99201E-05 9.99201E-05
0.289918 9.99553E-05 0.555621 9.99553E-05 9.99553E-05 0.0324043 0.110407 9.99553E-05 0.0111501 9.99553E-05
9.99373E-05 0.0919825 9.99373E-05 9.99373E-05 9.99373E-05 0.0812407 9.99373E-05 9.99373E-05 0.826077 9.99373E-05
0.1403 9.996E-05 9.996E-05 0.0762168 0.256729 9.996E-05 0.0563719 0.424597 0.0453847 9.996E-05
9.99464E-05 0.00341089 9.99464E-05 0.149395 0.696897 9.99464E-05 9.99464E-05 9.99464E-05 0.149697 9.99464E-05
0.561261 0.0998276 0.117016 9.99642E-05 0.0966861 9.99642E-05 9.99642E-05 0.0920719 9.99642E-05 0.0327373
9.99461E-05 0.137981 0.273945 0.364011 9.99461E-05 9.99461E-05 9.99461E-05 9.99461E-05 0.223464 9.99461E-05
9.99464E-05 9.99464E-05 0.422457 0.0118669 0.529797 9.99464E-05 9.99464E-05 9.99464E-05 0.0352798 9.99464E-05
9.99464E-05 0.0484057 9.99464E-05 9.99464E-05 9.99464E-05 0.391125 9.99464E-05 0.246934 0.312935 9.99464E-05
0.663187 9.99553E-05 9.99553E-05 0.212122 9.99553E-05 9.99553E-05 0.0606788 9.99553E-05 0.00611392 0.0573986
0.205426 0.243374 0.0565404 9.99642E-05 0.109475 9.99642E-05 0.263045 9.99642E-05 0.12174 9.99642E-05
9.994E-05 9.994E-05 0.526243 9.994E-05 9.994E-05 9.994E-05 0.0152068 0.0823167 9.994E-05 0.375633
9.99375E-05 9.99375E-05 0.902187 0.0682249 9.99375E-05 9.99375E-05 9.99375E-05 0.028889 9.99375E-05 9.99375E-05
0.0502571 0.0366587 9.99821E-05 0.19436 0.295159 0.200133 9.99821E-05 0.0552448 0.0663864 0.101601
9.99201E-05 9.99201E-05 9.99201E-05 9.99201E-05 9.99201E-05 9.99201E-05 9.99201E-05 0.999101 9.99201E-05 9.99201E-05
9.99552E-05 9.99552E-05 0.521638 0.105074 0.140202 9.99552E-05 9.99552E-05 0.090317 9.99552E-05 0.14227
0.236281 0.0949749 0.552441 9.99552E-05 0.0709125 9.99552E-05 9.99552E-05 9.99552E-05 0.0448903 9.99552E-05
0.188731 0.0603311 0.0284329 0.0595847 0.174313 0.0112422 9.9991E-05 0.199777 0.0338838 0.243604
9.99463E-05 0.206421 0.135103 9.99463E-05 9.99463E-05 9.99463E-05 9.99463E-05 0.2608 9.99463E-05 0.397077
0.3511 0.0728837 0.268014 9.99551E-05 9.99551E-05 0.104688 9.99551E-05 9.99551E-05 0.202815 9.99551E-05
9.996E-05 0.0318589 0.624412 9.996E-05 9.996E-05 9.996E-05 0.0499395 0.0638217 0.058053 0.171515
9.99284E-05 0.0651335 9.99284E-05 0.934067 9.99284E-05 9.99284E-05 9.99284E-05 9.99284E-05 9.99284E-05 9.99284E-05
0.385333 0.33357 9.99464E-05 9.99464E-05 9.99464E-05 9.99464E-05 9.99464E-05 0.117771 0.162726 9.99464E-05
0.241032 9.99639E-05 0.207634 9.99639E-05 0.277554 0.0530953 9.99639E-05 0.00263228 0.217652 9.99639E-05
0.00302993 0.0105693 0.2939 0.462406 0.0420556 0.055575 0.0774937 0.0547704 9.99821E-05 9.99821E-05
9.99641E-05 0.28002 0.423903 0.0313743 0.180021 9.99641E-05 0.00298319 0.081298 9.99641E-05 9.99641E-05
0.523045 9.99462E-05 9.99462E-05 0.193247 0.268877 9.99462E-05 0.0142309 9.99462E-05 9.99462E-05 9.99462E-05
0.249063 9.99732E-05 0.546677 9.99732E-05 9.99732E-05 0.0715754 0.0136323 0.079486 0.0370241 0.00224177
0.161739 9.99731E-05 0.534699 0.180971 0.0466737 0.0359655 0.00241976 9.99731E-05 9.99731E-05 0.0372323
9.99283E-05 0.753454 0.245747 9.99283E-05 9.99283E-05 9.99283E-05 9.99283E-05 9.99283E-05 9.99283E-05 9.99283E-05
9.99553E-05 9.99553E-05 9.99553E-05 0.138478 0.384944 0.143761 9.99553E-05 9.99553E-05 0.309442 0.0228753
9.99373E-05 9.99373E-05 9.99373E-05 9.99373E-05 9.99373E-05 9.99373E-05 0.929861 0.0263354 0.0431043 9.99373E-05
9.99552E-05 9.99552E-05 0.15614 9.99552E-05 0.47914 0.000959829 0.154169 9.99552E-05 0.209091 9.99552E-05
0.763746 9.99374E-05 0.0177666 9.99374E-05 9.99374E-05 9.99374E-05 9.99374E-05 9.99374E-05 9.99374E-05 0.217788
9.99372E-05 9.99372E-05 9.99372E-05 9.99372E-05 9.99372E-05 9.99372E-05 9.99372E-05 0.175265 0.595242 0.228793
9.9982E-05 0.0773173 0.0742961 0.142365 0.134198 9.9982E-05 0.123213 0.15179 0.012384 0.284236
9.9973E-05 0.153778 0.331913 9.9973E-05 0.0253082 0.0345332 9.9973E-05 0.018855 0.291834 0.143479
0.195612 0.0812838 0.518022 0.198947 9.995E-05 0.00563577 9.995E-05 9.995E-05 9.995E-05 9.995E-05
9.99201E-05 9.99201E-05 9.99201E-05 9.99201E-05 9.99201E-05 9.99201E-05 0.999101 9.99201E-05 9.99201E-05 9.99201E-05
0.135941 0.298343 0.302336 0.173084 0.0203551 9.99732E-05 9.99732E-05 0.0074887 9.99732E-05 0.0621519
0.189598 0.0667386 0.402299 0.189435 9.996E-05 9.996E-05 9.996E-05 9.996E-05 0.128763 0.0227668
0.413244 9.99731E-05 0.335174 0.057147 0.0721634 0.0443327 0.0410908 0.0365483 9.99731E-05 9.99731E-05
0.230579 0.0611032 0.119232 9.997E-05 0.102346 0.123824 0.030942 9.997E-05 0.331673 9.997E-05
