0.000646401 0.0923724 0.176618 0.233092 9.9982E-05 9.9982E-05 0.381771 0.115301
0.0948991 0.00962515 0.0806458 0.129494 9.9991E-05 0.0842242 0.296201 0.304811
9.99643E-05 0.298063 0.180287 0.461619 9.99643E-05 9.99643E-05 0.0596305 9.99643E-05
0.154401 0.241508 0.0421717 9.99821E-05 9.99821E-05 0.0499023 0.405906 0.105911
0.134919 0.0262779 0.0931842 0.0207099 9.9982E-05 0.224978 9.9982E-05 0.499731
9.9982E-05 0.0341394 9.9982E-05 0.0401994 0.0985008 0.0726714 0.112756 0.641533
9.99464E-05 9.99464E-05 9.99464E-05 9.99464E-05 9.99464E-05 0.257897 9.99464E-05 0.741503
0.247416 0.0211577 0.115384 0.265675 9.99821E-05 0.0981466 9.99821E-05 0.252021
0.43965 9.99553E-05 9.99553E-05 9.99553E-05 9.99553E-05 9.99553E-05 0.434538 0.125312
9.99731E-05 0.0652919 0.276908 0.143526 0.513823 9.99731E-05 9.99731E-05 0.00015127
0.110583 0.0994093 0.163647 0.142273 0.367227 9.9982E-05 9.9982E-05 0.116661
0.629884 9.99821E-05 0.0137568 0.180593 9.99821E-05 0.00495163 0.100286 0.0703291
0.620191 9.99462E-05 9.99462E-05 9.99462E-05 9.99462E-05 0.379209 9.99462E-05 9.99462E-05
9.99641E-05 0.175721 0.216237 9.99641E-05 9.99641E-05 0.598077 9.99641E-05 0.00956433
9.99463E-05 9.99463E-05 9.99463E-05 9.99463E-05 9.99463E-05 0.150393 0.849007 9.99463E-05
9.99731E-05 0.363147 0.228457 0.308557 9.99731E-05 0.0198749 9.99731E-05 0.079664
9.99731E-05 9.99731E-05 0.0963582 0.0102937 9.99731E-05 0.130214 0.645345 0.117488
9.99821E-05 0.126601 0.154464 0.122681 0.140299 9.99821E-05 0.154845 0.300908
0.232901 9.99731E-05 9.99731E-05 0.158223 9.99731E-05 0.0169679 0.563418 0.02819
9.9982E-05 0.167895 0.25571 0.185091 0.00689911 0.377655 9.9982E-05 0.0065498
9.99641E-05 0.028655 0.039549 9.99641E-05 0.775448 9.99641E-05 9.99641E-05 0.155948
0.71269 9.99552E-05 9.99552E-05 0.151579 9.99552E-05 9.99552E-05 0.135231 9.99552E-05
0.0613263 0.115847 9.9991E-05 0.0427785 0.10211 0.0890475 0.201073 0.387717
0.124092 0.140502 9.99731E-05 9.99731E-05 0.0110532 0.037668 9.99731E-05 0.686386
0.089103 0.191342 0.0341392 0.166945 0.248027 9.9982E-05 9.9982E-05 0.270244
0.107836 0.223651 0.124419 0.0277146 0.0171801 9.9991E-05 0.220198 0.278902
9.9982E-05 0.198234 0.437593 0.0629898 0.135492 0.00337007 0.162121 9.9982E-05
9.99821E-05 9.99821E-05 0.112738 0.0478867 0.159922 0.0573334 0.374202 0.247718
0.117367 9.9982E-05 0.0678627 0.464095 0.0929743 0.24333 0.0141706 9.9982E-05
9.99552E-05 0.907368 9.99552E-05 9.99552E-05 9.99552E-05 0.0579011 0.0342309 9.99552E-05
9.99642E-05 9.99642E-05 0.175052 9.99642E-05 0.197264 9.99642E-05 0.0603858 0.566899
0.0759377 0.0605899 0.129835 0.326462 9.99821E-05 0.346919 9.99821E-05 0.0600561
0.126255 0.140818 9.99642E-05 9.99642E-05 0.59395 9.99642E-05 0.138577 9.99642E-05
0.405516 0.00463114 9.99731E-05 0.255689 9.99731E-05 0.274025 9.99731E-05 0.059838
9.9973E-05 0.242734 0.131562 0.107996 9.9973E-05 0.00492658 9.9973E-05 0.512481
9.99821E-05 0.0887095 0.102712 9.99821E-05 0.212652 0.42014 0.0200759 0.15551
0.0191422 9.99642E-05 0.132188 0.29747 9.99642E-05 9.99642E-05 9.99642E-05 0.5508
0.0958104 0.120158 9.99821E-05 0.028008 0.395588 9.99821E-05 0.255196 0.105039
0.0357197 0.0484831 0.138116 0.259661 0.113726 9.99821E-05 9.99821E-05 0.404093
0.118435 9.9991E-05 0.136997 0.318483 0.0629203 0.00113213 0.139635 0.222297
9.99643E-05 0.25675 0.225763 9.99643E-05 9.99643E-05 9.99643E-05 0.506678 0.0104089
0.290214 9.99642E-05 0.242001 9.99642E-05 0.316594 9.99642E-05 9.99642E-05 0.15079
0.13819 9.9973E-05 0.0314436 9.9973E-05 0.14196 0.344078 9.9973E-05 0.344028
0.0359682 0.132325 0.177056 0.0476756 0.015196 9.9991E-05 0.446537 0.145143
0.259958 0.0691079 0.0729695 0.341771 9.99731E-05 0.255894 9.99731E-05 9.99731E-05
9.99821E-05 0.0397827 0.17578 0.293771 9.99821E-05 0.0345964 0.337535 0.118335
0.0191947 0.2374 0.0690536 0.23679 0.00365743 0.133135 0.300669 9.9991E-05
0.08895 0.00898956 0.402376 0.00213059 0.0965457 0.163152 0.237756 9.9991E-05
0.196387 0.0461103 0.101792 0.44693 9.99732E-05 9.99732E-05 0.20848 9.99732E-05
0.0177126 0.0833123 0.147082 0.417781 9.9982E-05 0.0337874 9.9982E-05 0.300124
9.9964E-05 0.216834 9.9964E-05 0.406209 9.9964E-05 9.9964E-05 0.0780503 0.298508
9.99641E-05 9.99641E-05 0.119705 9.99641E-05 0.56592 0.262268 9.99641E-05 0.0517074
0.0810113 0.299559 0.0674197 9.9973E-05 9.9973E-05 9.9973E-05 0.45347 0.0982407
0.0478373 0.231691 0.0674635 0.357016 9.99821E-05 0.150535 0.145258 9.99821E-05
9.99552E-05 9.99552E-05 0.0322233 9.99552E-05 9.99552E-05 0.912231 0.055046 9.99552E-05
9.99642E-05 9.99642E-05 0.172911 0.202036 9.99642E-05 0.162496 0.462157 9.99642E-05
0.119653 0.0389211 0.00283196 9.9982E-05 9.9982E-05 0.191909 0.325691 0.320794
9.99465E-05 9.99465E-05 9.99465E-05 9.99465E-05 9.99465E-05 0.934456 9.99465E-05 0.064944
0.0711775 9.9982E-05 0.390327 0.236028 0.00998073 0.27322 0.0190669 9.9982E-05
9.9973E-05 9.9973E-05 0.135407 9.9973E-05 0.293445 0.0667918 0.0921933 0.411863
9.99731E-05 0.156416 9.99731E-05 0.346769 0.0545738 0.125821 0.316121 9.99731E-05
9.99551E-05 9.99551E-05 0.473915 9.99551E-05 9.99551E-05 9.99551E-05 0.0104335 0.515151
0.29932 9.9982E-05 0.0343096 0.121921 0.0215329 0.0991854 0.423532 9.9982E-05
9.99641E-05 0.754735 0.176695 9.99641E-05 0.00258572 9.99641E-05 9.99641E-05 0.0655838
0.102121 0.0764533 0.0253042 0.473331 0.00371842 9.99821E-05 9.99821E-05 0.318872
0.192642 0.104148 0.229681 9.99821E-05 0.00818669 0.105456 0.359686 9.99821E-05
9.99641E-05 0.00473701 9.99641E-05 0.141836 0.127203 9.99641E-05 9.99641E-05 0.725825
0.346864 9.99821E-05 0.348698 0.0667144 9.99821E-05 0.0719308 0.11888 0.046712
0.256453 9.99641E-05 0.0759439 0.52603 9.99641E-05 9.99641E-05 0.141174 9.99641E-05
0.0381072 0.182896 0.0198628 0.280906 0.324336 9.99821E-05 0.153693 9.99821E-05
0.0342674 0.0362199 0.160577 9.9991E-05 0.186524 0.227298 0.0878707 0.267143
0.705298 9.99462E-05 0.294103 9.99462E-05 9.99462E-05 9.99462E-05 9.99462E-05 9.99462E-05
9.99553E-05 9.99553E-05 0.130559 9.99553E-05 9.99553E-05 0.428449 9.99553E-05 0.440492
0.27714 9.99792E-05 0.0705742 0.189896 9.99792E-05 0.0348494 9.99792E-05 0.42724
9.99643E-05 0.0110362 9.99643E-05 0.236719 9.99643E-05 0.209066 9.99643E-05 0.542778
9.99641E-05 9.99641E-05 0.474339 0.176073 9.99641E-05 0.255019 0.0941693 9.99641E-05
0.0417545 9.99466E-05 9.99466E-05 9.99466E-05 9.99466E-05 9.99466E-05 0.957646 9.99466E-05
0.105335 9.99821E-05 0.290921 9.99821E-05 0.277385 0.112496 0.144856 0.0688062
0.226651 0.0495752 9.9982E-05 0.166705 0.00920437 0.262621 0.285044 9.9982E-05
9.99641E-05 0.0284398 9.99641E-05 0.092486 9.99641E-05 0.569648 0.309026 9.99641E-05
0.00760023 9.99732E-05 0.144463 0.207559 9.99732E-05 0.213666 9.99732E-05 0.426412
0.389525 9.99642E-05 9.99642E-05 0.177915 0.239842 0.192318 9.99642E-05 9.99642E-05
0.0757969 9.99642E-05 9.99642E-05 9.99642E-05 0.442894 0.0261142 9.99642E-05 0.454795
0.378646 0.211101 9.9982E-05 0.132671 0.00197449 0.0982596 0.177148 9.9982E-05
9.99821E-05 0.178946 0.228144 9.99821E-05 0.0743748 0.193992 0.0557054 0.268638
9.9964E-05 9.9964E-05 0.298075 0.0445181 9.9964E-05 9.9964E-05 0.489462 0.167545
0.0192858 0.0514009 0.109575 9.9991E-05 0.2616 0.299947 0.251508 0.00658377
0.278638 0.355973 9.99641E-05 9.99641E-05 9.99641E-05 0.176009 9.99641E-05 0.18898
0.211887 0.154092 9.99731E-05 0.130905 0.330773 9.99731E-05 0.172044 9.99731E-05
0.644289 0.0334209 9.9982E-05 0.0397885 0.199868 0.040712 0.0417219 9.9982E-05
9.99464E-05 0.947926 9.99464E-05 0.0514744 9.99464E-05 9.99464E-05 9.99464E-05 9.99464E-05
0.102059 0.126587 0.00715586 9.99821E-05 0.191499 0.477565 9.99821E-05 0.0949347
0.555129 9.99821E-05 0.169868 0.00879532 0.0309165 0.0225437 9.99821E-05 0.212548
9.99821E-05 0.134783 0.075652 9.99821E-05 0.297713 0.0418703 0.265173 0.184609
0.52081 0.0330812 0.224415 9.9973E-05 9.9973E-05 0.0641767 0.157217 9.9973E-05
9.99641E-05 0.0458502 9.99641E-05 9.99641E-05 9.99641E-05 0.376646 0.476731 0.100372
9.99821E-05 0.0502387 0.034572 9.99821E-05 0.201262 0.0346395 0.258008 0.42108
0.0344798 0.0311081 0.161043 9.9982E-05 0.126643 0.128307 0.518219 9.9982E-05
9.9973E-05 0.474411 0.0480465 0.198072 9.9973E-05 0.058686 9.9973E-05 0.220485
0.0887816 0.241803 9.9973E-05 9.9973E-05 0.0869611 9.9973E-05 0.179449 0.402705
0.0167851 9.99643E-05 9.99643E-05 9.99643E-05 0.176647 9.99643E-05 0.10286 0.703308
9.99553E-05 0.728954 9.99553E-05 9.99553E-05 0.0436162 9.99553E-05 9.99553E-05 0.22693
0.112181 9.99642E-05 9.99642E-05 9.99642E-05 0.5672 9.99642E-05 0.192518 0.127701
9.99551E-05 0.0872585 9.99551E-05 9.99551E-05 0.712133 9.99551E-05 0.200109 9.99551E-05
0.130413 9.9982E-05 0.0469626 0.384494 9.9982E-05 0.0583657 0.232094 0.147471
0.417024 0.00460259 9.9982E-05 0.13446 9.9982E-05 0.0874583 0.126968 0.229287
0.0972361 9.99731E-05 9.99731E-05 0.185739 0.0568217 0.518493 9.99731E-05 0.14141
9.99552E-05 9.99552E-05 9.99552E-05 0.465374 0.0264681 9.99552E-05 9.99552E-05 0.507658
0.364346 9.99552E-05 9.99552E-05 0.531662 0.103492 9.99552E-05 9.99552E-05 9.99552E-05
0.161287 0.122009 9.99642E-05 0.317508 0.398796 9.99642E-05 9.99642E-05 9.99642E-05
0.204129 0.29351 0.078362 9.99732E-05 9.99732E-05 0.0155106 9.99732E-05 0.408189
0.0885727 0.110915 0.14615 0.110413 9.99821E-05 0.184603 9.99821E-05 0.359146
9.99552E-05 0.495376 9.99552E-05 0.297003 9.99552E-05 0.207121 9.99552E-05 9.99552E-05
0.205358 0.0674631 9.99732E-05 0.531168 9.99732E-05 0.193438 9.99732E-05 0.0022731
9.99462E-05 0.769778 9.99462E-05 9.99462E-05 9.99462E-05 9.99462E-05 9.99462E-05 0.229622
0.143437 9.99731E-05 0.0121167 9.99731E-05 0.255794 0.41236 0.175992 9.99731E-05
0.116523 9.99731E-05 0.0709093 0.0592793 9.99731E-05 9.99731E-05 0.69981 0.053178
0.501635 0.0207335 0.0378976 0.222225 9.99821E-05 0.0579556 9.99821E-05 0.159353
0.281659 0.298535 0.154426 0.26498 9.99641E-05 9.99641E-05 9.99641E-05 9.99641E-05
9.99731E-05 9.99731E-05 9.99731E-05 0.150719 0.0451104 0.0891168 0.332878 0.381876
0.388035 0.330525 9.99552E-05 9.99552E-05 9.99552E-05 9.99552E-05 9.99552E-05 0.28094
0.0378947 0.0418686 9.99732E-05 9.99732E-05 9.99732E-05 0.249548 0.0614534 0.608936
9.99641E-05 9.99641E-05 9.99641E-05 0.40528 9.99641E-05 0.364286 0.0898592 0.140174
0.0890618 9.99731E-05 9.99731E-05 0.223625 0.307389 0.167113 9.99731E-05 0.212511
9.99732E-05 0.158334 9.99732E-05 9.99732E-05 0.11231 0.112959 0.596974 0.0191229
0.314579 9.9982E-05 0.0555777 0.0188397 0.107444 9.9982E-05 0.0832617 0.420098
0.136808 0.200845 0.175828 0.0783356 9.99821E-05 0.38609 0.0218925 9.99821E-05
0.0703843 9.99821E-05 0.018777 0.464437 9.99821E-05 0.0276792 0.176088 0.242434
9.99731E-05 0.23311 9.99731E-05 0.265093 0.398479 0.0494395 0.0535788 9.99731E-05
0.0201203 0.201813 0.0739329 0.297226 0.349111 0.0508358 9.9991E-05 0.0068599
0.0127933 9.99643E-05 0.16476 9.99643E-05 0.326566 9.99643E-05 0.495481 9.99643E-05
0.140711 9.9973E-05 9.9973E-05 0.128969 0.151699 0.148709 9.9973E-05 0.429612
0.299823 9.99821E-05 0.0892616 0.223694 0.136547 9.99821E-05 0.0604336 0.190041
0.0625465 9.99731E-05 0.132959 0.294562 0.282475 9.99731E-05 0.227159 9.99731E-05
9.99552E-05 9.99552E-05 0.301791 9.99552E-05 0.305299 9.99552E-05 0.39241 9.99552E-05
9.99642E-05 9.99642E-05 9.99642E-05 0.632514 0.219525 0.0611138 9.99642E-05 0.0864476
9.99462E-05 9.99462E-05 9.99462E-05 0.994511 0.00488891 9.99462E-05 9.99462E-05 9.99462E-05
9.99643E-05 0.0276897 9.99643E-05 0.840272 0.0329947 9.99643E-05 9.99643E-05 0.0986441
0.462047 9.99732E-05 0.0614289 9.99732E-05 0.193101 0.180899 9.99732E-05 0.102224
9.99641E-05 0.012325 9.99641E-05 0.408168 9.99641E-05 9.99641E-05 0.431586 0.147522
9.99822E-05 9.99822E-05 0.0758772 0.252 0.0672716 0.0401416 0.175523 0.388987
9.99731E-05 9.99731E-05 9.99731E-05 0.0758483 0.416194 0.0335156 0.162574 0.311569
0.204662 0.0945611 0.0832641 9.99821E-05 0.123854 0.314763 0.178695 9.99821E-05
0.539466 9.99463E-05 9.99463E-05 9.99463E-05 0.459934 9.99463E-05 9.99463E-05 9.99463E-05
0.0987322 0.594992 0.137775 9.99641E-05 9.99641E-05 9.99641E-05 9.99641E-05 0.1681
0.323707 0.0611113 9.9982E-05 0.187771 9.9982E-05 0.209058 0.0289334 0.189219
9.994E-05 9.994E-05 0.9993 9.994E-05 9.994E-05 9.994E-05 9.994E-05 9.994E-05
0.129348 0.201233 0.0901309 0.0540735 0.305241 0.219774 9.9982E-05 9.9982E-05
0.0462804 0.0805331 9.99731E-05 9.99731E-05 0.0139775 0.498052 9.99731E-05 0.360857
9.99821E-05 0.0219603 0.383163 0.000316938 0.122806 0.290456 0.181098 9.99821E-05
0.73295 9.99642E-05 0.0942893 9.99642E-05 0.0412772 0.131084 9.99642E-05 9.99642E-05
0.280903 9.99641E-05 0.228537 9.99641E-05 9.99641E-05 9.99641E-05 0.44741 0.0427498
9.99731E-05 0.0454439 0.0152201 0.867342 9.99731E-05 0.00633449 9.99731E-05 0.0653592
0.199244 0.0158588 0.133744 0.239158 0.105134 0.146103 9.9991E-05 0.160657
9.99465E-05 9.99465E-05 0.0570103 9.99465E-05 9.99465E-05 9.99465E-05 9.99465E-05 0.94239
9.99731E-05 9.99731E-05 0.112968 0.358702 0.232322 0.015003 0.280706 9.99731E-05
0.0314251 9.99731E-05 9.99731E-05 0.0314222 0.361199 0.489485 9.99731E-05 0.0861683
0.0434427 0.11002 0.315677 0.256194 0.186533 0.0879329 9.99821E-05 9.99821E-05
9.99552E-05 9.99552E-05 9.99552E-05 0.412473 9.99552E-05 9.99552E-05 0.14931 0.437717
0.360206 0.18519 9.9973E-05 9.9973E-05 0.215717 9.9973E-05 0.166929 0.0716579
9.994E-05 9.994E-05 0.9993 9.994E-05 9.994E-05 9.994E-05 9.994E-05 9.994E-05
0.333379 9.99641E-05 0.374147 0.252162 9.99641E-05 9.99641E-05 0.0399116 9.99641E-05
0.39916 9.99731E-05 0.0279072 0.0353702 9.99731E-05 0.240834 9.99731E-05 0.296429
9.99731E-05 9.99731E-05 0.337227 9.99731E-05 0.0348159 0.0843445 0.523019 0.0202932
0.483307 9.99463E-05 0.516093 9.99463E-05 9.99463E-05 9.99463E-05 9.99463E-05 9.99463E-05
0.281419 9.99551E-05 9.99551E-05 9.99551E-05 9.99551E-05 9.99551E-05 0.211236 0.506846
0.134098 0.0952213 0.0513846 0.317203 9.9991E-05 0.170178 0.0169671 0.214848
0.0348233 9.99465E-05 9.99465E-05 0.964577 9.99465E-05 9.99465E-05 9.99465E-05 9.99465E-05
9.99464E-05 9.99464E-05 9.99464E-05 9.99464E-05 9.99464E-05 0.661986 9.99464E-05 0.337414
0.120217 0.0063586 0.156714 0.00221464 0.0797429 0.195794 0.165711 0.273248
0.261913 0.055831 9.99641E-05 0.496287 9.99641E-05 9.99641E-05 9.99641E-05 0.18557
9.99641E-05 9.99641E-05 9.99641E-05 0.384994 9.99641E-05 0.410605 0.0739457 0.130055
9.99641E-05 9.99641E-05 9.99641E-05 0.25524 0.0596217 0.223107 0.461631 9.99641E-05
0.0349774 0.097031 0.113409 0.0875689 0.124203 9.9991E-05 0.137626 0.405085
0.048452 0.0282247 9.99731E-05 0.45336 9.99731E-05 9.99731E-05 0.355537 0.114126
0.0190522 0.00706704 9.99731E-05 0.353477 9.99731E-05 0.572824 9.99731E-05 0.0472796
0.432015 0.0978739 0.0513517 0.0271206 0.052234 0.176765 0.0143003 0.148339
9.99462E-05 9.99462E-05 9.99462E-05 9.99462E-05 0.791188 0.208213 9.99462E-05 9.99462E-05
9.99731E-05 9.99731E-05 0.0481062 0.0216443 0.281522 9.99731E-05 0.228405 0.420023
9.99553E-05 9.99553E-05 0.238102 9.99553E-05 0.00821982 9.99553E-05 0.753178 9.99553E-05
9.99732E-05 9.99732E-05 0.382004 9.99732E-05 0.308016 0.0895251 0.0592586 0.160897
0.080839 9.99821E-05 0.462386 0.00446237 0.11881 0.0229555 0.310348 9.99821E-05
0.198329 0.119553 0.0176193 0.0886115 9.99821E-05 9.99821E-05 0.118622 0.457065
0.280139 0.0710816 9.99821E-05 0.229626 9.99821E-05 0.288766 0.0073255 0.122862
9.99551E-05 9.99551E-05 9.99551E-05 0.241233 0.749638 9.99551E-05 0.00862865 9.99551E-05
0.16823 9.99643E-05 0.0339082 9.99643E-05 9.99643E-05 0.224443 0.573019 9.99643E-05
0.00528191 9.99821E-05 0.11482 0.221177 9.99821E-05 0.224135 0.302764 0.131623
9.99464E-05 9.99464E-05 9.99464E-05 9.99464E-05 9.99464E-05 9.99464E-05 0.313491 0.685909
9.9973E-05 0.084734 9.9973E-05 9.9973E-05 0.139797 0.297454 0.094456 0.383259
