0.146474 0.00272447 0.00674278 0.119262 0.724796
0.0253579 0.450438 0.180314 0.191335 0.152556
0.209316 0.206354 0.0987172 0.0341768 0.451435
0.287593 0.111401 9.9991E-05 0.0978541 0.503052
0.292792 0.170082 0.0476349 0.120259 0.369232
0.129141 0.159397 9.9991E-05 0.173379 0.537982
0.128017 0.0802686 0.141923 0.116762 0.53303
0.237201 0.167154 0.0353695 0.0993033 0.460972
0.0386713 0.191301 0.0278678 0.232473 0.509687
0.0695583 0.300881 0.173388 0.443177 0.012996
0.194632 0.060636 9.9991E-05 0.584025 0.160607
0.100412 0.585272 0.182171 0.0947441 0.0374017
0.276018 9.9982E-05 9.9982E-05 0.138123 0.585659
0.310701 0.129291 0.171719 0.126012 0.262278
0.618944 0.238064 9.9991E-05 0.120268 0.022625
0.482064 0.414157 0.103579 9.9982E-05 9.9982E-05
0.647158 9.9982E-05 0.0218142 0.330827 9.9982E-05
0.378774 0.0245584 0.2154 9.9991E-05 0.381168
0.176369 0.294725 0.0502751 0.132546 0.346085
0.203213 0.284628 0.188374 0.0964438 0.227341
0.1992 0.144476 9.9991E-05 0.204955 0.451269
0.213878 0.216278 9.9991E-05 0.139224 0.430519
0.248829 0.363506 0.00301434 0.0222834 0.362368
0.232611 0.0097069 0.21003 9.9991E-05 0.547552
0.214401 9.9982E-05 0.016946 0.768453 9.9982E-05
0.289336 9.9991E-05 0.129947 0.106673 0.473945
0.172411 0.36743 0.156936 0.252031 0.0511925
0.0908066 9.9991E-05 0.31334 0.187113 0.408641
0.156524 0.123054 0.170465 0.0768374 0.47312
0.101499 0.154294 0.614505 0.00984771 0.119854
0.219888 0.350566 0.161495 0.252537 0.0155141
9.9991E-05 0.504764 0.209842 0.208269 0.0770246
0.361935 0.245788 0.0678205 9.9991E-05 0.324356
0.351002 0.145583 9.9991E-05 0.11548 0.387835
0.351592 0.0973951 0.0352972 0.280884 0.234832
0.354873 9.9982E-05 9.9982E-05 0.125084 0.519843
0.171229 0.15191 0.0181386 0.170454 0.488268
0.110285 9.9991E-05 0.188334 0.614252 0.08703
0.336805 0.446574 0.100102 0.114483 0.00203601
0.312229 0.157928 9.9991E-05 0.217357 0.312386
0.0975614 0.0864546 0.126353 0.141517 0.548114
0.304784 0.203178 9.9991E-05 0.120335 0.371603
0.095329 0.080733 0.113878 0.0774292 0.632631
9.9991E-05 0.0937066 0.230714 0.0520651 0.623415
0.144712 0.559164 0.160301 0.130097 0.00572565
0.122507 0.262205 9.9991E-05 0.339442 0.275746
0.0651753 0.285382 0.0325851 0.0994394 0.517418
0.196151 0.671249 0.00494983 9.9991E-05 0.127551
0.0806626 0.324195 0.151541 0.0479984 0.395603
0.350745 0.271386 0.0418469 9.9991E-05 0.335922
0.303552 0.0738781 0.0555012 0.332705 0.234363
0.259964 0.495119 0.0125694 9.9991E-05 0.232248
0.335136 0.485009 0.0012044 9.9991E-05 0.17855
0.329156 0.355811 0.0222117 0.146517 0.146304
9.9973E-05 0.863347 0.136353 9.9973E-05 9.9973E-05
0.25742 0.254099 9.9991E-05 0.0259304 0.46245
9.9982E-05 0.953594 0.0119044 0.034302 9.9982E-05
9.9991E-05 0.417666 0.092564 0.123203 0.366467
0.12681 0.686278 0.0163382 0.170474 9.9991E-05
0.128367 0.553015 0.0249891 0.173732 0.119897
0.164511 0.117201 9.9991E-05 0.0694204 0.648767
0.428815 9.9991E-05 0.09896 0.172053 0.300072
0.239433 0.169267 0.0609282 9.9991E-05 0.530272
0.118248 9.9973E-05 0.881452 9.9973E-05 9.9973E-05
0.0697408 0.115081 9.9991E-05 0.264787 0.550291
0.248108 9.9973E-05 9.9973E-05 9.9973E-05 0.751592
0.155512 0.150836 0.110989 0.0847673 0.497895
0.126632 0.21825 0.0443979 0.0566448 0.554076
0.190267 9.9991E-05 0.0500866 0.141368 0.618179
0.281062 0.075445 0.167918 0.113333 0.362242
0.0649825 0.424188 0.197053 0.138973 0.174804
0.529106 0.265771 9.9991E-05 0.0372264 0.167797
0.35954 0.200269 0.04415 0.14728 0.248761
0.181719 0.414962 0.060562 0.155189 0.187568
0.117938 0.113089 0.168101 0.319148 0.281725
0.0536053 0.839496 0.0144381 0.0923604 9.9991E-05
0.225275 0.149316 0.0596407 0.133135 0.432633
0.135075 0.0212052 9.9991E-05 0.210209 0.633411
0.184634 0.119401 9.9991E-05 0.104066 0.591799
0.29742 0.158321 0.131704 0.0726739 0.33988
0.186496 0.107708 0.0468967 0.106662 0.552238
0.316468 0.122515 9.9991E-05 0.056729 0.504188
9.9991E-05 0.267626 0.24811 0.0968751 0.387288
0.406835 0.270789 0.114466 0.140665 0.0672459
0.29743 0.158574 0.0730494 9.9991E-05 0.470847
9.9982E-05 0.325631 9.9982E-05 0.223801 0.450368
0.270819 0.0154824 0.0290798 9.9991E-05 0.684519
0.27182 0.539302 9.9982E-05 0.188678 9.9982E-05
0.483984 0.0488639 0.113628 0.100884 0.25264
9.9982E-05 0.235937 9.9982E-05 0.200646 0.563217
9.9973E-05 9.9973E-05 0.961045 0.038655 9.9973E-05
0.0980817 0.404033 0.0391298 0.244561 0.214194
0.311861 0.0145167 9.9991E-05 0.111559 0.561964
0.337187 0.380004 0.078926 0.0104875 0.193396
0.187129 9.9982E-05 9.9982E-05 0.101289 0.711383
0.172141 0.0328527 0.0934326 0.0924365 0.609137
9.9991E-05 0.243117 0.0775013 0.146443 0.532839
0.11409 0.237646 0.0307289 0.0744394 0.543095
0.216686 9.9991E-05 0.500639 0.127054 0.155521
0.16343 0.0976804 0.406905 9.9991E-05 0.331885
0.16284 0.158016 0.195361 0.102151 0.381634
9.997E-05 9.997E-05 0.9996 9.997E-05 9.997E-05
0.289833 0.174106 0.0642936 0.284489 0.187279
9.997E-05 9.997E-05 9.997E-05 0.9996 9.997E-05
0.137885 0.526874 0.00298524 0.222012 0.110243
0.0838979 0.503686 9.9991E-05 0.0352828 0.377033
0.169329 0.47025 0.0290196 0.0690507 0.262351
0.141188 0.386129 0.000950208 0.00975431 0.461978
0.161417 0.332724 0.181078 0.156112 0.168668
0.302933 0.0504806 0.0441014 0.118184 0.484301
0.25774 0.306342 9.9991E-05 0.0618422 0.373976
0.181541 0.295935 0.194557 0.0970682 0.230898
0.190523 0.337885 0.0710257 0.10896 0.291607
0.154379 0.0105134 0.492746 0.143875 0.198486
0.186211 0.0997943 0.0247261 0.00998183 0.679287
9.997E-05 9.997E-05 0.9996 9.997E-05 9.997E-05
0.0956549 0.130771 9.9991E-05 0.447313 0.326161
0.151761 0.0619153 0.156246 0.0269561 0.603122
9.9982E-05 0.316176 0.0807401 9.9982E-05 0.602884
0.284324 0.148538 0.119691 0.384501 0.0629467
0.453028 9.9982E-05 0.0686035 9.9982E-05 0.478169
0.397179 0.00527343 0.424072 0.0580337 0.115442
0.253686 0.145242 0.152574 0.0866551 0.361844
0.221124 0.476859 0.0279317 0.140744 0.133341
0.100888 0.414812 0.270297 0.0288631 0.18514
0.374241 0.484907 0.0268834 0.0512002 0.0627679
0.209788 0.271278 9.9991E-05 0.299624 0.219211
0.00929942 0.244437 0.167548 0.125677 0.453038
0.0174 0.646731 9.9991E-05 0.0465317 0.289237
0.0590121 0.164254 0.23748 0.451532 0.0877214
0.173936 9.9982E-05 0.101894 9.9982E-05 0.72397
0.324188 0.0713422 0.0832805 9.9991E-05 0.521089
0.0492395 0.149747 0.342981 0.0839968 0.374036
0.309252 0.21186 0.188204 0.106648 0.184037
0.0429209 0.111508 0.0710541 0.14913 0.625388
0.100028 0.342198 0.134151 0.356808 0.066815
0.226388 0.773312 9.9973E-05 9.9973E-05 9.9973E-05
0.41907 0.58063 9.9973E-05 9.9973E-05 9.9973E-05
0.0256688 0.354454 0.076913 0.0965428 0.446421
0.208362 9.9991E-05 0.0463331 0.320128 0.425077
0.224309 0.374369 0.0701475 0.102218 0.228956
0.319271 0.346145 9.9982E-05 0.334384 9.9982E-05
0.0404488 0.236557 0.198336 0.270475 0.254182
0.0595852 0.299146 0.161035 0.267402 0.212831
0.294406 0.0429869 0.1049 0.0946137 0.463093
0.310488 9.9991E-05 0.379213 0.0411632 0.269036
0.157401 0.374476 0.0237156 0.134466 0.309941
0.9996 9.997E-05 9.997E-05 9.997E-05 9.997E-05
0.309706 9.9982E-05 9.9982E-05 0.221341 0.468753
0.114073 0.0474326 9.9991E-05 0.264734 0.57366
0.0940557 0.601363 0.10127 0.203212 9.9991E-05
0.176247 0.2845 9.9991E-05 0.171183 0.367971
0.249792 0.318157 0.11379 0.153469 0.164792
0.235856 0.501856 0.104151 9.9991E-05 0.158037
0.264518 0.641546 0.0937362 9.9982E-05 9.9982E-05
0.367693 0.130796 0.149481 0.0728793 0.27915
0.0164323 0.264897 0.0426048 0.108312 0.567754
0.171376 0.319007 0.0732006 0.185967 0.250449
0.0540093 9.9982E-05 0.14653 9.9982E-05 0.79926
0.186705 0.222089 0.15351 0.0760979 0.361598
0.207421 9.9991E-05 0.092487 0.314121 0.385871
0.9996 9.997E-05 9.997E-05 9.997E-05 9.997E-05
0.730839 0.258776 9.9982E-05 0.0101852 9.9982E-05
0.228673 0.380081 9.9991E-05 0.0272443 0.363902
0.102415 0.364425 0.0404148 0.0974904 0.395254
0.242574 9.9982E-05 9.9982E-05 0.0172065 0.740019
0.16853 0.260225 9.9991E-05 0.114332 0.456814
0.25858 0.37681 9.9991E-05 0.274296 0.0902132
0.53964 0.46006 9.9973E-05 9.9973E-05 9.9973E-05
0.388103 0.186135 0.087942 0.0124431 0.325377
9.9991E-05 0.570533 0.122283 0.107556 0.199528
0.268956 0.514339 0.0652579 0.151347 9.9991E-05
0.276819 0.0881303 0.1423 0.0795894 0.413161
0.253375 0.55868 9.9991E-05 0.0361249 0.151719
0.344962 0.233953 9.9982E-05 9.9982E-05 0.420885
0.0609944 0.30861 0.0196995 0.129474 0.481222
0.317709 0.406737 9.9991E-05 0.10144 0.174015
0.158973 0.457066 0.143599 0.133011 0.107351
9.997E-05 9.997E-05 9.997E-05 0.9996 9.997E-05
0.0745643 0.58674 0.13391 0.134162 0.0706224
0.665488 9.9982E-05 0.11723 0.217082 9.9982E-05
0.246861 9.99969E-05 0.11238 0.227773 0.412886
0.120987 0.384632 0.0211495 0.137 0.336231
0.0180248 0.277156 0.0856959 9.99965E-05 0.619024
0.362418 0.294334 0.0120176 9.9991E-05 0.33113
9.997E-05 9.997E-05 9.997E-05 0.9996 9.997E-05
0.270036 0.17946 0.0291107 9.9991E-05 0.521294
0.207605 0.221473 0.0927787 0.334754 0.143389
0.259218 0.0928417 9.9982E-05 9.9982E-05 0.64774
0.27438 0.560734 0.15696 9.9991E-05 0.00782603
