0.845326 0.0188017 0.0480635 0.0607041 0.0271044
0.262117 0.15294 0.228969 0.148156 0.207818
0.317078 0.120519 0.112736 0.254585 0.195082
0.677862 0.100496 0.189028 9.9991E-05 0.0325138
0.112395 0.118421 0.145323 0.272159 0.351702
0.0727779 0.107745 0.204794 0.247143 0.367541
0.398744 0.284936 0.170739 0.0671382 0.0784425
0.216561 0.134552 0.151252 0.142229 0.355406
0.160087 0.107853 0.156011 0.37766 0.198389
0.316725 0.209131 0.356683 0.117361 9.9991E-05
0.0515744 9.9982E-05 0.514938 0.433288 9.9982E-05
0.0559604 0.0494885 9.9991E-05 0.751835 0.142616
0.110072 0.195247 0.193904 0.171948 0.328829
0.230959 0.145645 0.175862 0.0883816 0.359152
9.9982E-05 9.9982E-05 0.233197 0.00576841 0.760834
0.110724 0.158358 0.0321565 9.9991E-05 0.698662
9.9982E-05 0.0439255 0.377115 9.9982E-05 0.57876
0.255182 0.299716 0.161617 9.9991E-05 0.283385
0.201319 9.9982E-05 9.9982E-05 0.616993 0.181488
0.435859 0.0700554 0.0752986 0.230856 0.187931
0.159753 0.0369497 0.199769 0.315422 0.288106
0.133506 0.0470808 0.230027 0.432684 0.156702
0.234743 9.9991E-05 0.108079 0.27928 0.377798
0.435722 0.0674103 0.00112382 0.162293 0.333451
9.9982E-05 9.9982E-05 0.496068 0.470542 0.0331898
0.551997 0.190565 0.127551 0.0328802 0.0970074
0.247296 0.161713 0.199276 0.223491 0.168224
0.217469 0.24166 0.134872 0.227734 0.178265
0.127945 0.218524 0.197326 0.319407 0.136797
0.0440518 0.754879 9.9982E-05 9.9982E-05 0.20087
9.9991E-05 0.0472891 0.171192 0.465877 0.315542
0.072579 0.0887765 0.118573 0.719971 9.9991E-05
0.27619 0.160777 9.9991E-05 0.0893396 0.473594
0.0351786 0.0613608 0.207747 0.335804 0.35991
0.293261 0.0828114 0.215865 0.242278 0.165785
0.9996 9.997E-05 9.997E-05 9.997E-05 9.997E-05
0.415114 0.0383141 0.271367 0.0515828 0.223622
0.38293 0.177366 0.322657 0.116947 9.9991E-05
9.9991E-05 0.0650324 0.316917 0.172508 0.445442
0.130748 9.9991E-05 0.0276692 0.393076 0.448407
0.203742 0.0431734 0.131315 0.337192 0.284578
0.376615 0.101466 0.283807 9.9991E-05 0.238012
0.422086 0.0774076 0.189208 0.130496 0.180802
0.392809 0.106812 9.9982E-05 0.500179 9.9982E-05
0.186647 0.16963 0.129791 0.501848 0.0120848
0.309403 0.0518382 0.322276 0.316383 9.9991E-05
0.266849 0.00539661 9.9991E-05 0.460778 0.266876
0.23959 0.0711693 0.00261347 0.542227 0.144401
9.9991E-05 0.130823 0.0880915 0.655794 0.125192
0.170417 0.100183 0.0101854 0.225164 0.49405
0.134787 0.175256 0.262668 0.110989 0.316301
0.179167 0.0564143 0.0807284 0.279651 0.404039
0.196892 0.0432308 0.0106035 0.203794 0.54548
0.0297837 0.236137 0.357151 0.0893135 0.287614
9.9973E-05 0.0415508 9.9973E-05 0.958149 9.9973E-05
0.336922 0.0763547 0.20498 0.134457 0.247286
9.99821E-05 0.0523562 0.229182 0.718262 9.99821E-05
0.1826 0.138062 0.0462416 0.632997 9.9991E-05
0.171708 0.133164 0.0332484 0.45722 0.20466
0.114183 0.0937357 0.262454 0.529527 9.9991E-05
0.342356 0.203983 0.132097 0.0669749 0.254589
0.309784 0.070733 0.269924 9.9991E-05 0.349459
0.0841085 0.0298819 9.9991E-05 0.543661 0.342249
9.997E-05 0.9996 9.997E-05 9.997E-05 9.997E-05
0.384467 0.0435982 0.285962 0.0796837 0.20629
0.9996 9.997E-05 9.997E-05 9.997E-05 9.997E-05
0.585807 9.9991E-05 0.270203 0.120614 0.0232759
9.9991E-05 0.207589 0.0404058 0.507693 0.244212
0.538928 0.17929 9.9991E-05 0.130103 0.151579
0.137771 0.354821 0.0925213 0.0524147 0.362472
9.9991E-05 0.138201 0.399017 0.428333 0.0343491
0.383579 0.0116881 0.0955512 0.0271886 0.481993
0.154513 0.120365 0.107095 0.20566 0.412367
9.9982E-05 9.9982E-05 0.251144 0.443791 0.304866
9.9991E-05 0.281736 0.335688 0.263817 0.118659
9.9991E-05 0.0120146 0.144194 0.568932 0.274758
9.9991E-05 0.236594 0.119961 0.311585 0.33176
0.268048 0.180759 0.20588 0.0472896 0.298023
0.36099 9.9991E-05 0.129625 0.182959 0.326326
0.155347 0.263826 0.148219 0.00591041 0.426698
0.374007 0.054073 0.0531217 0.314294 0.204504
0.316707 0.0765637 0.130905 0.364828 0.110996
0.0697221 0.246057 0.0758318 0.558961 0.0494274
9.9991E-05 0.0278058 0.2228 0.0807868 0.668508
0.194147 0.0699895 0.0112186 0.432832 0.291814
0.505523 9.9982E-05 0.0901511 0.404126 9.9982E-05
0.825669 9.9982E-05 0.0187473 9.9982E-05 0.155384
9.99821E-05 9.99821E-05 0.121232 0.535846 0.342722
0.3049 0.170735 0.133905 9.9991E-05 0.390361
0.309607 9.9982E-05 0.0084015 0.681792 9.9982E-05
9.9973E-05 0.9576 0.0421003 9.9973E-05 9.9973E-05
9.9991E-05 0.0597902 0.290096 0.551557 0.0984567
0.512867 0.0245874 0.0511879 0.250025 0.161332
0.00207835 9.9982E-05 9.9982E-05 0.380979 0.616743
0.634172 9.9991E-05 0.146714 0.147022 0.0719915
0.434412 0.23987 0.155993 0.0461446 0.123581
0.239336 0.114182 0.212072 0.417408 0.0170023
0.0722706 9.9991E-05 0.104771 0.739631 0.0832269
0.135611 0.729071 0.00873056 9.9991E-05 0.126487
0.251576 0.320601 9.9991E-05 0.246937 0.180786
0.292416 0.218229 0.0510791 0.342746 0.0955298
9.997E-05 0.9996 9.997E-05 9.997E-05 9.997E-05
0.015172 0.030558 0.328005 0.117172 0.509094
9.997E-05 9.997E-05 0.9996 9.997E-05 9.997E-05
0.456601 0.0814776 0.274096 0.0517966 0.136029
0.267627 9.9991E-05 0.108026 0.345836 0.278412
0.29612 0.117311 0.0877427 0.274035 0.224792
0.380766 0.166457 0.0602588 0.233278 0.15924
9.9991E-05 0.127578 0.21906 0.291834 0.361428
0.419442 0.0410045 0.0568124 0.293435 0.189306
0.292133 0.0440774 0.30337 0.208166 0.152254
0.0604175 0.221946 0.0825472 0.575432 0.0596581
0.25363 0.107495 0.145821 0.333964 0.159089
0.0163046 0.613925 0.0597947 0.181331 0.128645
0.391884 0.0902864 0.150604 0.191296 0.175929
9.9973E-05 0.986283 9.9973E-05 0.0134172 9.9973E-05
0.158326 0.0304066 0.412398 0.337486 0.061383
0.543742 0.0147596 0.108539 0.0692075 0.263752
0.153429 0.218419 0.108484 0.355609 0.16406
0.218148 0.279201 0.22796 0.178404 0.0962877
0.132251 0.120351 0.280614 9.9991E-05 0.466685
0.0694906 0.537442 0.0472654 0.0155213 0.330281
0.022134 0.294875 0.280166 0.109847 0.292977
0.0368349 9.9991E-05 0.196184 0.22173 0.545151
9.9982E-05 0.181022 9.9982E-05 0.667086 0.151691
9.9991E-05 0.0260316 0.0517677 0.269844 0.652257
0.142377 9.9991E-05 0.120551 0.637112 0.0998597
0.134559 0.0921726 0.151792 0.474168 0.14731
0.241381 9.9982E-05 9.9982E-05 0.699117 0.0593026
0.284798 0.185869 0.166942 0.318254 0.0441372
0.778455 0.118522 0.0042794 0.0571267 0.0416168
0.326511 0.0304678 0.0862996 0.243401 0.31332
0.0884261 0.433825 0.109613 0.198766 0.16937
9.9991E-05 0.211671 0.0658682 0.334728 0.387633
0.390553 0.163629 0.148279 0.220653 0.0768852
9.9991E-05 0.163247 0.214513 0.417965 0.204175
9.9982E-05 9.9982E-05 0.000984793 0.17038 0.828435
0.0828144 0.00469379 9.9991E-05 0.0367468 0.875645
0.210572 0.154199 0.0956039 0.454579 0.0850456
0.14793 0.0363811 0.245742 0.230669 0.339278
0.159055 0.114995 0.242221 0.282842 0.200887
9.9991E-05 0.0592195 0.390759 0.119628 0.430293
0.0848796 0.0976318 0.0968747 0.720514 9.9991E-05
0.218694 0.176186 0.00823616 0.596784 9.9991E-05
0.131677 0.12119 0.183117 9.9991E-05 0.563916
0.238435 0.469832 0.0829999 0.02593 0.182803
0.309503 0.00915994 0.15426 0.380795 0.146282
9.997E-05 9.997E-05 9.997E-05 9.997E-05 0.9996
0.620619 0.0422927 0.165165 9.9991E-05 0.171824
0.536833 9.9982E-05 0.310588 9.9982E-05 0.15238
0.0173875 9.9991E-05 0.0985571 0.77179 0.112165
0.273787 9.9991E-05 0.356913 0.0284833 0.340717
9.9991E-05 0.178335 0.0802566 0.347819 0.39349
9.9991E-05 0.118942 0.100952 0.368975 0.411031
0.183306 0.0654793 0.0790195 0.368212 0.303983
0.224364 0.280168 0.140299 9.9991E-05 0.355069
0.296664 9.9991E-05 0.0219672 0.560057 0.121212
0.141924 0.311732 0.102818 0.100721 0.342806
0.861501 0.1382 9.9973E-05 9.9973E-05 9.9973E-05
0.107943 0.134203 0.166674 0.321829 0.269351
0.270582 0.0235227 0.270635 0.262789 0.172472
9.9973E-05 0.0483656 9.9973E-05 9.9973E-05 0.951335
0.12881 9.9982E-05 0.0848958 9.9982E-05 0.786095
0.351389 0.0419651 0.203566 0.13468 0.2684
0.0161531 0.0345374 0.198637 0.553523 0.197149
0.995277 0.00374245 0.000780636 9.9982E-05 9.9982E-05
0.234527 9.9982E-05 9.9982E-05 0.494047 0.271226
0.0558089 9.9991E-05 0.381156 0.186084 0.376851
9.997E-05 9.997E-05 9.997E-05 9.997E-05 0.9996
0.27066 0.209161 0.0876155 9.9991E-05 0.432463
0.0946991 0.00974395 0.0313478 0.740077 0.124132
0.0776181 0.195316 0.231301 0.302916 0.192849
0.253062 0.0955434 9.9991E-05 0.190992 0.460303
0.0509354 9.9991E-05 0.175808 0.347567 0.425589
0.51884 9.9982E-05 9.9982E-05 0.18378 0.29718
0.121514 9.9991E-05 0.254774 0.400432 0.223179
0.089402 0.0226328 0.229888 0.357039 0.301039
0.12387 0.0514772 0.259447 0.46153 0.103676
9.997E-05 9.997E-05 0.9996 9.997E-05 9.997E-05
0.0378588 0.118608 0.276264 0.567168 9.9991E-05
9.9982E-05 0.231546 0.284898 9.9982E-05 0.483356
0.137292 0.263523 0.0982347 0.157265 0.343686
0.439479 0.0690675 0.0234678 0.251436 0.21655
0.45995 0.378077 0.0519091 0.109963 9.9991E-05
0.412931 0.0321666 0.121816 0.0628962 0.37019
9.997E-05 9.997E-05 0.9996 9.997E-05 9.997E-05
0.289108 0.119425 0.100939 0.240499 0.250028
0.184705 0.0259106 0.323867 0.068758 0.396759
0.513115 0.093173 0.0872664 0.015434 0.291012
0.174684 0.1683 0.0258977 0.282967 0.348152
