9.99731E-05 0.584644 0.101026 9.99731E-05 0.19608 0.11795 9.99731E-05
0.132821 0.312821 0.0615627 9.9991E-05 0.0195759 0.108032 0.365088
0.138501 0.469061 9.99911E-05 0.023477 0.163884 0.190031 0.0149465
0.33809 0.580555 9.99821E-05 0.0346231 0.0151458 0.0313862 9.99821E-05
9.99731E-05 0.482792 9.99731E-05 9.99731E-05 0.17288 0.122923 0.221105
0.176475 0.720172 9.99641E-05 0.102953 9.99641E-05 9.99641E-05 9.99641E-05
9.99732E-05 9.99732E-05 0.552334 9.99732E-05 0.107065 0.0604893 0.279811
9.99731E-05 0.610767 0.22022 9.99731E-05 0.143559 9.99731E-05 0.0251534
0.424837 9.99642E-05 0.395497 9.99642E-05 9.99642E-05 9.99642E-05 0.179266
0.210145 0.0894201 9.99731E-05 0.24185 0.458285 9.99731E-05 9.99731E-05
0.116088 0.205463 9.9982E-05 0.327615 0.286347 0.0642878 9.9982E-05
0.120235 9.99732E-05 0.207193 9.99732E-05 0.338494 9.99732E-05 0.333777
0.0137108 0.0891511 0.537387 9.99821E-05 9.99821E-05 0.0460646 0.313487
9.99731E-05 0.200336 9.99731E-05 9.99731E-05 0.260119 0.0934031 0.445843
0.561972 0.0464943 0.391134 9.99642E-05 9.99642E-05 9.99642E-05 9.99642E-05
9.99731E-05 0.548431 0.00626609 9.99731E-05 0.156867 0.288136 9.99731E-05
0.623705 0.045223 9.9991E-05 0.109808 0.011693 0.0719439 0.137527
0.102499 0.302186 9.99821E-05 0.186739 0.38072 0.0276572 9.99821E-05
0.357356 0.179205 0.463039 9.99641E-05 9.99641E-05 9.99641E-05 9.99641E-05
9.99731E-05 0.400724 9.99731E-05 9.99731E-05 0.423632 0.0115409 0.163803
0.102129 9.99731E-05 0.0275974 0.567491 0.302483 9.99731E-05 9.99731E-05
0.269219 0.0467302 0.409807 9.9982E-05 0.0495665 0.224477 9.9982E-05
0.410517 0.383543 9.99731E-05 0.0370908 9.99731E-05 0.16855 9.99731E-05
0.157937 0.0626453 9.9991E-05 0.15345 0.00279265 0.422876 0.200199
9.99731E-05 0.184477 9.99731E-05 0.475611 0.157275 0.182337 9.99731E-05
9.9982E-05 0.524033 0.105906 0.0837346 0.169024 0.117102 9.9982E-05
0.0873366 0.0337684 9.9973E-05 9.9973E-05 0.752374 0.126221 9.9973E-05
0.345309 0.335967 0.0553073 0.0141783 9.99821E-05 9.99821E-05 0.249038
9.99731E-05 0.306162 0.325638 0.056021 9.99731E-05 9.99731E-05 0.31188
0.0460547 0.0157517 0.135853 9.99732E-05 9.99732E-05 0.80204 9.99732E-05
0.105829 0.288848 9.99821E-05 0.164108 0.0997238 9.99821E-05 0.341291
9.99731E-05 0.293542 0.0486322 9.99731E-05 0.3592 9.99731E-05 0.298326
0.489452 0.0018009 0.00382712 0.00371598 9.99911E-05 0.280796 0.220308
9.99674E-05 0.629277 0.200438 9.99674E-05 9.99674E-05 9.99674E-05 0.169885
9.99641E-05 0.763689 9.99641E-05 9.99641E-05 0.0646544 0.171257 9.99641E-05
9.99732E-05 0.273088 9.99732E-05 0.0661902 0.340219 9.99732E-05 0.320203
0.103026 0.546191 9.99732E-05 9.99732E-05 0.0142543 9.99732E-05 0.336228
0.691459 9.99642E-05 9.99642E-05 0.103081 9.99642E-05 0.20506 9.99642E-05
9.999E-05 0.409811 0.210311 0.0149567 0.139534 0.0620207 0.163266
9.999E-05 0.516528 0.119554 0.0722282 0.0397626 0.0375932 0.214234
0.135714 9.99821E-05 0.296979 9.99821E-05 0.23834 0.275871 0.0528965
9.99642E-05 9.99642E-05 0.270982 0.302253 0.426366 9.99642E-05 9.99642E-05
9.99641E-05 0.411958 9.99641E-05 9.99641E-05 0.237123 9.99641E-05 0.350519
0.280323 0.512282 9.99732E-05 0.0600615 0.147034 9.99732E-05 9.99732E-05
9.99731E-05 9.99731E-05 0.408018 9.99731E-05 0.296211 0.052305 0.243165
9.999E-05 0.33617 0.092343 0.0523606 0.37588 0.0356796 0.107467
0.0628922 0.213236 0.399414 9.9991E-05 0.161638 0.120114 0.0426055
0.433882 0.101916 9.99731E-05 9.99731E-05 0.394483 9.99731E-05 0.0694187
0.0451689 0.183422 0.329541 9.99822E-05 0.43319 0.0084778 9.99822E-05
9.99551E-05 0.804565 9.99551E-05 9.99551E-05 0.194935 9.99551E-05 9.99551E-05
9.99641E-05 0.894886 9.99641E-05 0.0248807 9.99641E-05 0.0798333 9.99641E-05
0.244309 9.99731E-05 9.99731E-05 0.262691 0.0832505 9.99731E-05 0.409449
0.255871 0.400493 9.99641E-05 9.99641E-05 9.99641E-05 0.343236 9.99641E-05
9.99731E-05 0.486817 0.282561 0.151923 9.99731E-05 0.0783995 9.99731E-05
0.0560066 9.99821E-05 0.00719216 0.0949591 0.10992 9.99821E-05 0.731723
0.482299 0.140624 0.0301493 9.99821E-05 0.172747 9.99821E-05 0.173982
9.99821E-05 0.429644 0.000258765 0.17191 9.99821E-05 0.13543 0.262557
0.14156 9.99643E-05 9.99643E-05 0.0072615 9.99643E-05 9.99643E-05 0.850779
0.0360047 0.326953 9.9982E-05 0.0358991 0.23041 9.9982E-05 0.370533
0.021854 0.413584 9.9982E-05 0.214175 0.318611 9.9982E-05 0.0315751
0.0706035 0.782988 9.99642E-05 0.146009 9.99642E-05 9.99642E-05 9.99642E-05
0.158789 0.153236 9.99641E-05 9.99641E-05 0.687575 9.99641E-05 9.99641E-05
0.382556 0.270528 9.99641E-05 9.99641E-05 0.346516 9.99641E-05 9.99641E-05
9.99821E-05 0.00498794 0.130154 0.115091 0.115762 0.633805 9.99821E-05
0.118816 0.777805 0.0459735 9.99821E-05 0.00143373 0.0557723 9.99821E-05
0.115746 9.99731E-05 0.443597 9.99731E-05 0.279868 0.160489 9.99731E-05
0.00613496 0.719676 9.99821E-05 0.240101 0.0327259 9.99821E-05 0.00116244
0.195672 0.282804 0.177635 9.99821E-05 0.310697 9.99821E-05 0.0329922
9.99641E-05 0.482218 0.427209 9.99641E-05 0.0901729 9.99641E-05 9.99641E-05
9.99821E-05 0.179435 0.20688 0.187292 0.365129 0.061064 9.99821E-05
0.219797 0.108991 0.185255 0.0935049 0.244139 9.9991E-05 0.148214
9.99641E-05 9.99641E-05 0.403862 9.99641E-05 0.485024 0.110714 9.99641E-05
9.99553E-05 0.0335682 9.99553E-05 9.99553E-05 9.99553E-05 9.99553E-05 0.965932
9.99642E-05 0.466305 0.24617 9.99642E-05 0.287126 9.99642E-05 9.99642E-05
9.99644E-05 0.831477 9.99644E-05 9.99644E-05 9.99644E-05 0.0464587 0.121664
9.99731E-05 0.122435 0.20162 9.99731E-05 0.262437 9.99731E-05 0.413208
0.515439 9.99643E-05 0.306057 9.99643E-05 9.99643E-05 0.178104 9.99643E-05
0.247687 9.9982E-05 0.0137289 0.312682 0.285446 9.9982E-05 0.140256
9.99731E-05 0.315179 0.365617 0.194076 9.99731E-05 9.99731E-05 0.124829
0.119762 0.29188 9.99731E-05 0.00526517 9.99731E-05 9.99731E-05 0.582793
9.99643E-05 0.661366 9.99643E-05 9.99643E-05 0.249246 9.99643E-05 0.088988
9.99911E-05 0.515506 0.0522451 0.208357 0.173021 0.0486753 0.0020964
9.99732E-05 0.24107 0.0568971 0.163097 9.99732E-05 9.99732E-05 0.538636
0.0708951 0.178366 0.388396 0.128029 9.9982E-05 0.234113 9.9982E-05
0.0993931 0.139178 0.0269972 9.9991E-05 0.443618 0.15795 0.132764
0.269749 0.327222 0.0462296 9.9973E-05 0.3565 9.9973E-05 9.9973E-05
0.223196 9.99821E-05 0.0120772 9.99821E-05 0.202395 0.0397498 0.522381
0.0454441 0.0667299 9.99821E-05 9.99821E-05 0.0152269 0.563957 0.308442
9.99732E-05 0.264262 0.307758 0.271035 9.99732E-05 0.156645 9.99732E-05
0.39232 9.99641E-05 0.56813 9.99641E-05 9.99641E-05 0.0391502 9.99641E-05
9.99554E-05 0.0209694 9.99554E-05 9.99554E-05 9.99554E-05 0.978531 9.99554E-05
9.99732E-05 9.99732E-05 9.99732E-05 0.302896 0.222817 0.0657013 0.408286
9.99821E-05 9.99821E-05 0.112839 0.0731015 0.640948 0.115037 0.0578736
0.27057 0.318008 9.9991E-05 0.155844 0.0477862 0.0822639 0.125428
0.249306 9.9982E-05 0.204377 9.9982E-05 0.418754 0.0233754 0.103988
0.283687 0.360859 9.99731E-05 9.99731E-05 9.99731E-05 0.0985529 0.256601
0.295445 0.37408 9.9991E-05 0.105186 0.180475 0.0222449 0.02247
0.391161 0.00855373 0.365858 9.99731E-05 0.234128 9.99731E-05 9.99731E-05
9.99731E-05 0.377727 9.99731E-05 9.99731E-05 0.166827 0.410247 0.0448997
0.288336 9.9973E-05 9.9973E-05 9.9973E-05 0.0710719 0.397495 0.242798
0.591642 9.99642E-05 9.99642E-05 9.99642E-05 9.99642E-05 0.126607 0.281351
9.99552E-05 9.99552E-05 9.99552E-05 0.016815 9.99552E-05 0.982685 9.99552E-05
0.617183 9.99732E-05 9.99732E-05 0.0954921 9.99732E-05 0.0566472 0.230378
0.134373 9.99641E-05 9.99641E-05 0.848344 9.99641E-05 0.0168832 9.99641E-05
0.0882669 0.675901 0.160896 9.99731E-05 0.0746362 9.99731E-05 9.99731E-05
0.149383 0.394183 0.321285 9.9991E-05 0.00630043 0.0997654 0.0289835
9.9982E-05 0.208566 0.12914 0.0395453 0.0500816 9.9982E-05 0.572467
0.186229 0.737748 0.0568559 0.0188669 9.99732E-05 9.99732E-05 9.99732E-05
9.99643E-05 0.668044 0.285205 0.046351 9.99643E-05 9.99643E-05 9.99643E-05
9.99731E-05 0.015026 0.424512 0.292707 9.99731E-05 0.267455 9.99731E-05
9.99642E-05 9.99642E-05 0.143305 9.99642E-05 9.99642E-05 0.349806 0.506489
9.99732E-05 0.576057 0.375108 9.99732E-05 0.0259861 0.0225491 9.99732E-05
9.99731E-05 0.14768 9.99731E-05 0.191233 9.99731E-05 0.531464 0.129323
0.0706499 0.773548 0.123709 9.99732E-05 9.99732E-05 0.0317925 9.99732E-05
9.99552E-05 9.99552E-05 9.99552E-05 9.99552E-05 9.99552E-05 0.982047 0.0174529
0.407787 0.0414082 0.127869 0.303662 9.99821E-05 9.99821E-05 0.119075
0.0653007 0.37789 0.318213 9.99731E-05 0.238297 9.99731E-05 9.99731E-05
0.0798971 0.286877 0.235692 9.9991E-05 0.28293 0.00842257 0.106081
0.000248638 0.356629 0.240323 9.99821E-05 0.085908 0.316691 9.99821E-05
0.0121038 0.422721 0.0706364 0.0762069 9.9991E-05 0.0968429 0.321389
0.353106 0.210029 9.99731E-05 0.0271278 9.99731E-05 0.409437 9.99731E-05
9.99731E-05 0.106207 9.99731E-05 0.150731 9.99731E-05 0.142099 0.600663
9.99642E-05 0.798434 0.125286 9.99642E-05 9.99642E-05 9.99642E-05 0.0758799
0.0560953 0.10739 0.114453 0.218764 0.183075 9.9991E-05 0.320121
0.581647 0.340872 9.99642E-05 9.99642E-05 9.99642E-05 0.0770804 9.99642E-05
0.270403 0.447922 0.173824 9.99731E-05 0.107551 9.99731E-05 9.99731E-05
9.99642E-05 9.99642E-05 0.16727 9.99642E-05 0.529878 0.302453 9.99642E-05
9.99821E-05 0.634556 0.139819 0.0778015 0.115702 9.99821E-05 0.031922
9.99911E-05 0.171704 0.0332415 0.384532 0.0473551 0.130213 0.232854
9.9991E-05 0.237293 0.0877096 0.132359 0.180397 0.191221 0.170922
0.822511 0.124652 0.0287531 9.99732E-05 0.0237835 9.99732E-05 9.99732E-05
9.99731E-05 0.513377 9.99731E-05 0.187225 0.102756 9.99731E-05 0.196343
0.233195 0.214097 0.286422 9.99821E-05 0.258616 9.99821E-05 0.00747096
0.42867 0.152312 0.260505 0.126837 0.0314762 9.99821E-05 9.99821E-05
0.212573 0.00486216 9.99731E-05 0.320693 0.461572 9.99731E-05 9.99731E-05
9.99643E-05 0.634864 0.169717 0.195019 9.99643E-05 9.99643E-05 9.99643E-05
9.99643E-05 0.75574 0.240178 0.00368253 9.99643E-05 9.99643E-05 9.99643E-05
9.99644E-05 0.924807 0.0636473 0.0111454 9.99644E-05 9.99644E-05 9.99644E-05
9.99642E-05 9.99642E-05 0.677368 9.99642E-05 0.114161 9.99642E-05 0.208071
9.99642E-05 0.692437 0.264147 0.0430158 9.99642E-05 9.99642E-05 9.99642E-05
0.236354 0.712966 0.00679042 0.0435898 9.99733E-05 9.99733E-05 9.99733E-05
0.400139 0.0771532 9.99911E-05 0.145354 0.017688 0.125753 0.233814
0.299709 0.110458 0.169282 9.9991E-05 0.0845859 0.039256 0.296609
0.622882 9.99642E-05 9.99642E-05 0.194763 9.99642E-05 0.181955 9.99642E-05
9.99821E-05 0.265704 0.0210951 0.0478838 0.21117 0.453946 9.99821E-05
9.9982E-05 0.373486 0.51213 0.00614515 9.9982E-05 0.046826 0.0612125
9.99551E-05 9.99551E-05 9.99551E-05 9.99551E-05 0.966441 9.99551E-05 0.0330594
0.0356435 0.597841 0.0362601 0.0168848 0.0365473 0.14076 0.136063
9.99821E-05 0.115104 9.99821E-05 0.254154 0.0875563 0.140878 0.402109
0.285591 9.99821E-05 0.0951336 0.0143854 0.224839 9.99821E-05 0.379851
9.99731E-05 0.0110724 0.553817 0.187894 9.99731E-05 9.99731E-05 0.246916
0.347877 0.153347 0.0174328 9.99732E-05 0.481043 9.99732E-05 9.99732E-05
0.11551 0.794649 0.0625325 9.99731E-05 0.0270085 9.99731E-05 9.99731E-05
0.0592446 0.415737 9.99732E-05 9.99732E-05 0.0146579 9.99732E-05 0.51006
9.99732E-05 0.0832687 9.99732E-05 0.208641 9.99732E-05 0.243485 0.464305
0.429801 0.393028 9.99732E-05 0.00075078 0.17612 9.99732E-05 9.99732E-05
9.99641E-05 0.162045 9.99641E-05 0.182793 9.99641E-05 9.99641E-05 0.654761
0.0482887 0.420209 9.99822E-05 0.101769 0.427018 0.00251442 9.99822E-05
9.99553E-05 0.921533 0.077967 9.99553E-05 9.99553E-05 9.99553E-05 9.99553E-05
0.105179 0.0299613 0.629391 9.99731E-05 9.99731E-05 0.235168 9.99731E-05
9.995E-05 9.995E-05 9.995E-05 9.995E-05 0.9994 9.995E-05 9.995E-05
9.99641E-05 0.253348 0.287798 9.99641E-05 0.458455 9.99641E-05 9.99641E-05
9.99642E-05 0.408464 0.104242 9.99642E-05 9.99642E-05 9.99642E-05 0.486894
0.293095 9.99732E-05 0.229368 9.99732E-05 0.375265 9.99732E-05 0.101971
0.0155273 9.99643E-05 0.319898 9.99643E-05 0.664174 9.99643E-05 9.99643E-05
0.289738 0.486575 0.031703 9.99821E-05 0.0969346 0.0948492 9.99821E-05
0.0159507 0.850327 9.99732E-05 9.99732E-05 0.0479212 9.99732E-05 0.0855007
9.99643E-05 0.215346 0.732377 0.0518766 9.99643E-05 9.99643E-05 9.99643E-05
9.99553E-05 9.99553E-05 0.0327747 9.99553E-05 9.99553E-05 9.99553E-05 0.966726
0.0850273 0.241338 0.0755221 9.9991E-05 0.138237 0.105858 0.353918
9.99732E-05 0.394224 0.449846 0.14345 9.99732E-05 0.0121795 9.99732E-05
0.0689416 0.553546 0.113919 9.99732E-05 9.99732E-05 9.99732E-05 0.263293
0.732203 0.210836 9.99642E-05 9.99642E-05 9.99642E-05 9.99642E-05 0.0565614
9.99641E-05 0.622556 9.99641E-05 0.125398 0.251645 9.99641E-05 9.99641E-05
0.215627 0.762111 9.99642E-05 9.99642E-05 9.99642E-05 0.0218627 9.99642E-05
9.99642E-05 0.426274 0.512158 9.99642E-05 9.99642E-05 9.99642E-05 0.0611691
0.21957 0.0503366 0.0790531 9.99911E-05 0.191507 0.286098 0.173335
9.995E-05 9.995E-05 9.995E-05 0.9994 9.995E-05 9.995E-05 9.995E-05
0.0206918 0.24932 0.136302 0.209677 0.173826 0.0504332 0.15975
0.838546 9.99552E-05 9.99552E-05 9.99552E-05 0.160954 9.99552E-05 9.99552E-05
9.99732E-05 9.99732E-05 0.0248118 0.056718 0.910946 9.99732E-05 0.007224
9.99731E-05 0.0941326 0.267539 0.203449 0.43458 9.99731E-05 9.99731E-05
9.99731E-05 0.378457 0.206376 0.118387 0.296479 9.99731E-05 9.99731E-05
0.0957744 0.72944 9.99732E-05 9.99732E-05 9.99732E-05 0.0393803 0.135105
9.995E-05 9.995E-05 9.995E-05 0.9994 9.995E-05 9.995E-05 9.995E-05
0.166293 9.99732E-05 0.596342 9.99732E-05 0.210664 9.99732E-05 0.0264014
0.149871 0.560363 0.0223313 9.99821E-05 0.0573852 9.99821E-05 0.209849
9.99821E-05 0.291034 0.110986 0.175158 9.99821E-05 0.0864016 0.336221
0.220081 0.295266 9.9973E-05 0.22487 9.9973E-05 9.9973E-05 0.259484
