9.9973E-05 9.9973E-05 0.716167 9.9973E-05 0.0175359 0.127722 0.0429288 0.0953469
0.1219 9.9982E-05 0.0235479 0.15017 0.022955 0.572586 0.108642 9.9982E-05
0.0201715 0.101791 0.100307 0.0311687 0.310412 0.226777 0.187009 0.0223646
0.103152 0.0803114 0.0531544 0.0170356 9.9991E-05 0.230244 0.443772 0.0722309
0.0387295 0.0363245 0.0580514 0.114963 9.9991E-05 0.348606 0.347351 0.0558744
9.9982E-05 0.00818452 9.9982E-05 0.015028 0.102676 0.195588 0.514327 0.163996
0.0550228 0.175465 0.150823 9.9982E-05 9.9982E-05 0.00954626 0.583387 0.025556
0.0815844 0.0260827 0.235731 0.152076 0.0323101 0.472016 9.9982E-05 9.9982E-05
0.120744 0.0945505 0.0561629 9.9982E-05 0.570404 0.141861 0.0160774 9.9982E-05
0.132242 0.0995606 0.317576 9.9982E-05 0.183386 0.0499447 9.9982E-05 0.217091
0.00649929 0.00670197 0.318863 9.9982E-05 0.252461 9.9982E-05 0.114829 0.300446
0.00140851 0.0856413 0.0330873 9.99639E-05 0.879463 9.99639E-05 9.99639E-05 9.99639E-05
0.0582872 0.144593 0.0289693 9.9973E-05 9.9973E-05 0.445026 0.322826 9.9973E-05
0.107942 0.0935099 0.31396 0.158603 0.142188 0.130559 9.9991E-05 0.0531369
9.9982E-05 0.0695801 0.0215903 0.694688 0.0536002 9.9982E-05 0.0739589 0.0863823
0.11293 0.131681 0.0511978 0.508911 0.0299714 9.9991E-05 0.12194 0.04327
0.0478516 0.0427726 0.037019 0.592852 9.9982E-05 9.9982E-05 0.0697229 0.209582
0.256224 0.154105 0.196446 0.0697916 9.9982E-05 9.9982E-05 0.188815 0.134418
0.0558634 0.0724756 0.18107 0.0970553 0.208936 0.00368269 0.380817 9.9991E-05
0.0859513 0.0610867 0.126906 9.9991E-05 0.0801084 0.39427 0.142169 0.109409
9.999E-05 0.125324 0.26914 0.0140079 0.0894947 0.365401 0.0487477 0.0877843
9.9982E-05 0.0553186 0.0814389 0.185403 0.0424735 0.557763 9.9982E-05 0.0774031
9.9982E-05 0.169714 0.0544742 0.0318707 0.20379 0.304296 0.235655 9.9982E-05
0.243358 9.9964E-05 0.0976873 9.9964E-05 9.9964E-05 0.164948 0.493606 9.9964E-05
9.9973E-05 0.0555566 0.182107 9.9973E-05 0.310519 9.9973E-05 0.102886 0.348632
0.0266496 0.00342766 0.669934 0.150338 9.9973E-05 9.9973E-05 0.149351 9.9973E-05
0.0389437 0.128741 0.0401877 0.273884 0.250778 0.202729 9.9991E-05 0.0646375
0.148726 0.0900499 0.185997 0.205428 9.9991E-05 0.271874 0.0237592 0.0740665
0.100167 9.9982E-05 0.206375 0.167612 9.9982E-05 0.107725 0.348346 0.0695754
0.663924 0.00795984 9.9964E-05 0.0984797 9.9964E-05 0.229237 9.9964E-05 9.9964E-05
0.0171226 0.046592 0.0348781 0.234669 0.319052 9.9991E-05 0.258216 0.0893705
0.0950569 0.00494575 0.292542 9.9982E-05 0.505393 0.0372096 9.9982E-05 0.0646523
0.0594145 0.0895109 0.0456457 0.0875373 0.106491 0.369138 0.242163 9.9991E-05
9.999E-05 0.0548606 0.0498253 0.116381 0.0112009 0.458328 0.221313 0.0879914
0.00228915 0.124988 0.245107 9.9991E-05 0.118869 0.126532 0.260147 0.121968
9.9946E-05 0.0940884 0.905312 9.9946E-05 9.9946E-05 9.9946E-05 9.9946E-05 9.9946E-05
9.9982E-05 0.0184293 0.0471727 9.9982E-05 0.0395534 0.130009 0.587205 0.177431
0.0464372 9.9964E-05 0.779657 9.9964E-05 0.0137493 9.9964E-05 9.9964E-05 0.159757
0.0704832 0.112008 9.9982E-05 0.118684 9.9982E-05 0.475985 0.0948568 0.127782
9.999E-05 0.116019 0.160022 0.0963728 0.16832 0.0918081 0.287468 0.0798892
0.0330784 0.031057 0.0490127 0.132955 0.0516847 0.543932 0.0267584 0.131522
0.00864708 0.120185 9.9982E-05 0.085518 9.9982E-05 0.613844 0.110919 0.0606867
9.9964E-05 0.0190045 0.0484678 9.9964E-05 9.9964E-05 0.922939 9.9964E-05 0.0091892
0.084248 9.9964E-05 0.424255 9.9964E-05 0.265224 9.9964E-05 0.225873 9.9964E-05
0.0904537 0.0714052 0.385477 9.9982E-05 0.40357 0.0344926 9.9982E-05 0.014402
9.9982E-05 0.0784997 0.165735 9.9982E-05 0.240386 0.156629 0.250794 0.107757
0.0792836 0.0463977 0.101621 0.13874 9.9973E-05 9.9973E-05 0.633658 9.9973E-05
0.0588908 0.04106 9.9982E-05 0.00755067 0.272797 0.299853 0.319649 9.9982E-05
0.113249 0.0205857 0.163623 0.233989 0.269394 9.9991E-05 0.192285 0.00677365
0.120913 0.0536796 0.104823 0.275902 0.00685292 0.437629 9.9982E-05 9.9982E-05
0.0242722 0.152741 0.369843 0.179892 0.160693 9.9991E-05 0.0458551 0.0666033
0.070495 0.132041 9.9991E-05 0.0998461 0.281464 0.35522 0.0448649 0.0159689
0.0585658 0.0778914 9.9973E-05 0.500786 0.0964003 0.266057 9.9973E-05 9.9973E-05
0.152906 0.0863841 0.0277061 0.277134 0.046078 0.0670777 0.179483 0.163231
0.139981 9.9964E-05 9.9964E-05 0.177303 0.665288 0.017028 9.9964E-05 9.9964E-05
9.9982E-05 0.12678 0.0948503 9.9982E-05 0.119383 0.268751 0.357166 0.0328698
9.99641E-05 9.99641E-05 9.99641E-05 0.0935734 0.699878 0.117581 9.99641E-05 0.0885674
0.0507617 0.0371124 9.9982E-05 9.9982E-05 0.479419 0.173318 0.219794 0.0393956
0.0153074 0.058254 0.269894 0.224507 0.0309257 0.0548884 0.273505 0.0727187
9.99729E-05 0.0930473 0.338411 9.99729E-05 0.379628 9.99729E-05 0.108926 0.0796883
9.994E-05 9.994E-05 9.994E-05 9.994E-05 9.994E-05 9.994E-05 0.9993 9.994E-05
9.9973E-05 0.138131 0.21459 9.9973E-05 9.9973E-05 0.106388 0.403083 0.137509
0.0574484 0.133354 0.0576525 0.0806112 0.100619 0.0659359 0.504279 9.9991E-05
0.87978 0.0625181 0.0406684 9.9964E-05 9.9964E-05 0.0166341 9.9964E-05 9.9964E-05
9.9964E-05 9.9964E-05 0.416688 0.0907984 9.9964E-05 9.9964E-05 0.343383 0.148731
9.9964E-05 0.0708676 0.73652 9.9964E-05 9.9964E-05 0.182141 9.9964E-05 0.0100714
9.9973E-05 0.0171768 0.183957 9.9973E-05 9.9973E-05 0.399986 0.355204 0.0433763
0.136278 0.0824366 0.0291587 0.0351694 0.010369 0.503267 0.203221 9.9991E-05
0.00512295 9.9955E-05 0.67746 9.9955E-05 9.9955E-05 9.9955E-05 0.316917 9.9955E-05
0.112277 0.075326 0.121949 0.223778 9.9991E-05 0.142156 0.299167 0.0252477
0.151375 0.0161456 9.9982E-05 9.9982E-05 0.468801 0.00611051 0.19816 0.159208
0.0505725 0.13614 0.325469 0.390362 0.0180455 9.9982E-05 9.9982E-05 0.0792113
0.0673763 0.159768 0.227932 0.206949 0.0625193 9.9991E-05 0.260576 0.0147797
0.11327 9.9982E-05 9.9982E-05 0.212116 0.139532 0.422207 0.0396394 0.0730355
0.130616 9.9982E-05 0.314296 0.170357 0.0427051 0.051993 9.9982E-05 0.289833
9.9973E-05 0.0732037 9.9973E-05 0.313559 0.417517 0.156257 9.9973E-05 0.0391636
9.9973E-05 0.131579 9.9973E-05 9.9973E-05 0.160927 0.236606 0.408062 0.0625268
0.0305087 0.0248809 9.9964E-05 9.9964E-05 9.9964E-05 9.9964E-05 0.846211 0.0979999
9.99549E-05 9.99549E-05 0.0206843 9.99549E-05 0.106824 9.99549E-05 0.871992 9.99549E-05
0.144239 0.03222 9.9982E-05 0.00779367 0.012241 9.9982E-05 0.787048 0.0162582
0.0946462 0.0907972 0.141691 0.0370187 0.140861 0.230068 0.195094 0.0698243
0.01941 0.0642026 0.0830577 9.9982E-05 0.264659 9.9982E-05 0.547009 0.0214616
0.135988 0.00822355 0.201296 0.0401198 0.268148 0.0276372 0.275991 0.0425965
0.11616 0.0141545 9.9982E-05 0.230754 9.9982E-05 0.135248 0.435729 0.0677545
0.0646817 0.0967185 9.9973E-05 9.9973E-05 0.210286 0.298275 0.329739 9.9973E-05
9.9982E-05 9.9982E-05 0.225708 0.0636705 0.389811 0.106569 0.130502 0.083539
9.9973E-05 0.0392864 0.572819 0.0687206 9.9973E-05 0.145746 0.173128 9.9973E-05
9.99641E-05 0.112923 9.99641E-05 9.99641E-05 0.653271 9.99641E-05 0.223441 0.00996578
0.197916 0.078909 0.17628 0.330306 0.077705 9.9982E-05 9.9982E-05 0.138684
9.9964E-05 0.0649172 0.307811 9.9964E-05 0.342285 0.284587 9.9964E-05 9.9964E-05
0.926296 9.99549E-05 0.00103786 9.99549E-05 9.99549E-05 9.99549E-05 9.99549E-05 0.0721665
0.0405895 0.0398635 0.135321 0.00187205 0.25312 0.400021 9.9991E-05 0.129113
9.9964E-05 0.134919 9.9964E-05 9.9964E-05 9.9964E-05 0.415618 0.444384 0.0046794
0.0579462 0.0447581 0.277616 0.444024 0.0661451 0.0384938 0.0709174 9.9991E-05
9.9964E-05 0.0226517 9.9964E-05 9.9964E-05 9.9964E-05 0.572881 0.304674 0.099394
0.0597842 9.9973E-05 0.209428 9.9973E-05 9.9973E-05 0.530668 0.197033 0.00278728
9.9973E-05 9.9973E-05 0.444605 0.0196098 0.141121 0.351747 9.9973E-05 0.0426176
0.0124676 0.00025255 9.99731E-05 9.99731E-05 0.106426 9.99731E-05 0.768788 0.111766
0.323763 0.162357 0.0785951 9.9982E-05 9.9982E-05 0.0442722 0.377054 0.0137588
0.256774 9.9991E-05 0.0567949 0.0602914 0.180089 0.229448 0.213341 0.00316216
0.0571328 0.12154 0.204185 0.119074 0.253547 0.110582 0.133839 9.9991E-05
0.9993 9.994E-05 9.994E-05 9.994E-05 9.994E-05 9.994E-05 9.994E-05 9.994E-05
0.0887321 0.0196777 9.9982E-05 0.33646 9.9982E-05 0.249826 0.108969 0.196135
9.99459E-05 0.00733568 9.99459E-05 9.99459E-05 9.99459E-05 9.99459E-05 9.99459E-05 0.992065
0.0202395 0.0347175 0.197833 0.166056 0.0976665 0.305681 9.9991E-05 0.177707
9.9973E-05 9.9973E-05 0.0183623 0.337244 0.211248 0.39542 9.9973E-05 0.0374265
9.9982E-05 9.9982E-05 0.204959 0.260928 0.228672 0.169896 0.0902659 0.0450787
0.110492 0.0530854 0.196485 9.9991E-05 0.160553 0.35919 0.00204119 0.118054
0.0904989 0.0447122 9.9991E-05 0.346787 0.0936158 0.336228 0.0357377 0.0523205
0.0764631 0.021305 0.437764 0.147791 0.159147 0.0236863 0.128646 0.00519691
9.9973E-05 0.0529434 9.9973E-05 0.160484 9.9973E-05 0.270227 0.376559 0.139486
0.168577 0.146638 9.9982E-05 9.9982E-05 0.280384 0.21502 0.148012 0.0411701
0.0931446 0.00797384 0.0248842 0.171692 0.157623 0.256774 0.258135 0.0297729
0.301571 0.0801514 9.9982E-05 0.162988 0.078124 9.9982E-05 0.355909 0.021057
9.9991E-05 0.0471612 0.000800641 0.00485164 0.0260794 0.605125 0.158414 0.157468
0.9993 9.994E-05 9.994E-05 9.994E-05 9.994E-05 9.994E-05 9.994E-05 9.994E-05
9.9973E-05 9.9973E-05 0.402612 0.20195 0.106481 9.9973E-05 0.143384 0.145273
9.9973E-05 0.129422 0.425709 9.9973E-05 0.0219306 0.230989 0.19165 9.9973E-05
0.0922123 0.0304387 9.9973E-05 9.9973E-05 0.171592 0.325283 0.380174 9.9973E-05
0.0106626 0.118992 0.595836 9.9982E-05 0.185536 9.9982E-05 0.0398073 0.0489658
0.0573545 0.193452 0.045342 9.9982E-05 9.9982E-05 0.54365 0.0892915 0.0707101
0.380203 0.200908 0.0225039 0.0758374 9.9982E-05 9.9982E-05 0.305408 0.0149397
0.115581 0.162807 9.9991E-05 0.0407421 0.11559 0.417061 0.0946481 0.0534704
9.9973E-05 0.0266596 9.9973E-05 0.251056 0.148522 9.9973E-05 0.492658 0.0808052
0.137947 0.0654881 0.0404707 0.019028 0.482452 0.0486675 0.179592 0.0263541
0.013621 0.0251686 9.9982E-05 0.263737 0.246567 0.0734663 0.377239 9.9982E-05
9.9982E-05 0.0849883 0.177808 0.121013 0.310836 0.196941 0.108215 9.9982E-05
0.232206 0.0138712 0.0616549 9.9991E-05 0.215871 0.0263427 0.405475 0.0444786
9.9964E-05 0.0301464 9.9964E-05 9.9964E-05 0.754932 0.184351 0.0301706 9.9964E-05
0.09837 0.0423113 0.567278 9.9982E-05 0.232543 9.9982E-05 0.00131628 0.0579813
0.00433288 0.0936762 0.403553 9.9973E-05 9.9973E-05 0.406625 0.091513 9.9973E-05
0.113593 0.116285 0.00207264 9.9982E-05 0.0200796 0.311317 0.436452 9.9982E-05
0.269213 0.0403723 9.9973E-05 9.9973E-05 0.175406 0.0186955 0.496013 9.9973E-05
0.21039 0.0205074 9.9973E-05 0.300798 9.9973E-05 0.329274 0.138731 9.9973E-05
0.0526513 9.9973E-05 0.116605 9.9973E-05 0.230637 0.334928 0.264879 9.9973E-05
9.9973E-05 0.111689 0.0166442 9.9973E-05 0.463544 9.9973E-05 0.329285 0.0785375
9.9946E-05 9.9946E-05 9.9946E-05 0.993791 9.9946E-05 9.9946E-05 0.00560919 9.9946E-05
9.994E-05 9.994E-05 9.994E-05 0.9993 9.994E-05 9.994E-05 9.994E-05 9.994E-05
0.0741617 0.0655052 0.063094 9.9982E-05 0.261527 0.460822 9.9982E-05 0.0746902
0.0743856 0.058024 9.9982E-05 9.9982E-05 0.0798931 0.0750347 0.620248 0.0922146
9.9982E-05 0.135806 0.0369358 9.9982E-05 0.430243 0.25163 0.0821144 0.0630713
9.9982E-05 0.0494227 9.9982E-05 0.431016 0.122638 0.207348 0.0211422 0.168233
0.0773913 0.0197175 9.9982E-05 9.9982E-05 0.267977 0.168221 0.405335 0.061158
0.0727053 0.0622771 0.278857 9.9982E-05 0.436481 9.9982E-05 0.0658624 0.0836177
0.10326 0.0556365 9.9991E-05 0.10289 0.00569019 0.180227 0.457775 0.0944215
0.395726 0.126655 0.104854 9.9973E-05 9.9973E-05 0.273668 0.0987975 9.9973E-05
9.9991E-05 0.0729471 0.055683 0.164179 0.206917 0.170711 0.272089 0.057374
9.994E-05 0.9993 9.994E-05 9.994E-05 9.994E-05 9.994E-05 9.994E-05 9.994E-05
9.9982E-05 0.0660906 0.45526 0.0361467 9.9982E-05 0.210178 0.143077 0.0890484
9.9955E-05 0.0397375 9.9955E-05 9.9955E-05 9.9955E-05 0.804694 9.9955E-05 0.155069
9.9964E-05 0.0857378 9.9964E-05 0.0732094 0.800368 9.9964E-05 9.9964E-05 0.0402851
9.9982E-05 0.0945598 9.9982E-05 0.0289513 0.202392 0.357555 0.137168 0.179174
0.0672411 0.178453 0.0165806 9.9982E-05 0.429251 0.18172 0.126554 9.9982E-05
0.057025 0.103093 0.0203841 0.153108 0.281207 0.0962109 0.200116 0.0888555
0.0086702 0.111258 9.9982E-05 0.0422744 0.580113 0.113976 0.143508 9.9982E-05
0.0831008 0.0668884 0.260142 0.29892 9.9991E-05 0.209246 0.00711167 0.0744917
9.9982E-05 0.0561104 0.0441183 9.9982E-05 0.198531 0.230812 0.467501 0.00272705
0.0725132 0.0402962 0.207935 0.019682 0.109608 0.040543 0.42359 0.085833
0.143132 9.9955E-05 0.631214 9.9955E-05 9.9955E-05 0.225155 9.9955E-05 9.9955E-05
0.0947545 0.083518 0.0145664 0.114209 9.9991E-05 0.577209 0.0392471 0.0763958
9.9973E-05 0.0979878 0.347932 0.000366853 9.9973E-05 0.0024167 0.550997 9.9973E-05
9.994E-05 0.9993 9.994E-05 9.994E-05 9.994E-05 9.994E-05 9.994E-05 9.994E-05
9.9982E-05 0.440364 0.172565 0.176577 0.0814834 0.123245 9.9982E-05 0.00556514
9.9964E-05 9.9964E-05 9.9964E-05 0.342591 9.9964E-05 0.550693 0.0567127 0.0496032
0.120463 0.0808453 0.147541 9.9991E-05 0.27635 0.291388 0.0350769 0.048236
0.0189857 0.109256 0.781295 9.9973E-05 9.9973E-05 0.0662813 9.9973E-05 0.0238816
9.9991E-05 0.0328918 0.335008 0.0614071 0.166808 0.0765339 0.257188 0.0700638
9.9982E-05 0.0278912 0.140048 0.0536564 0.162248 0.503751 9.9982E-05 0.112206
9.994E-05 9.994E-05 9.994E-05 0.9993 9.994E-05 9.994E-05 9.994E-05 9.994E-05
0.0140491 0.134008 0.249408 0.198641 0.0488851 9.9982E-05 0.354809 9.9982E-05
0.048312 0.00426339 0.164449 0.0434337 0.533364 9.9982E-05 0.205978 9.9982E-05
0.167674 0.0435077 9.9982E-05 0.228781 0.269876 0.149819 9.9982E-05 0.140141
0.140538 0.135073 0.298449 0.0332713 9.9982E-05 0.0838567 0.308612 9.9982E-05
9.9973E-05 0.0320301 0.093276 0.337024 0.460331 9.9973E-05 9.9973E-05 0.077039
9.9973E-05 0.119071 0.0396729 9.9973E-05 0.0337381 0.751909 0.0553094 9.9973E-05
0.0150005 9.9982E-05 9.9982E-05 0.0289313 0.234722 0.551506 0.0802163 0.0894243
9.9991E-05 0.0997363 0.158535 0.170178 0.126628 0.161662 0.25775 0.0254111
0.0449187 9.9991E-05 0.0603693 0.0834232 0.339061 0.325915 0.0368267 0.109386
0.00464598 9.99549E-05 9.99549E-05 0.0479187 9.99549E-05 9.99549E-05 9.99549E-05 0.946936
0.0764554 0.0266509 0.0425767 0.0474106 0.201967 0.313632 0.16732 0.123987
0.0867036 0.0403147 0.00827742 0.609958 9.9982E-05 9.9982E-05 0.130722 0.123824
0.0821534 0.138939 0.364662 0.106506 0.000413282 9.9991E-05 0.229984 0.0772413
9.9973E-05 0.0777538 0.290975 0.325868 0.302952 9.9973E-05 0.00215127 9.9973E-05
0.12964 9.9964E-05 0.298808 9.9964E-05 9.9964E-05 0.419776 0.151376 9.9964E-05
0.0352042 0.0312704 0.29944 0.0881805 0.0606156 0.297511 0.164638 0.0231407
9.994E-05 9.994E-05 9.994E-05 9.994E-05 9.994E-05 9.994E-05 9.994E-05 0.9993
0.0266576 0.107224 9.9973E-05 9.9973E-05 0.248691 0.443875 0.173253 9.9973E-05
0.0656984 0.0577936 0.287708 0.295533 0.0569129 0.0479519 9.9991E-05 0.188303
9.99639E-05 0.029062 9.99639E-05 0.115667 9.99639E-05 0.389135 0.465736 9.99639E-05
0.148686 9.9973E-05 0.160411 0.27665 0.326006 0.0879476 9.9973E-05 9.9973E-05
