0.167426 9.9991E-05 0.16698 0.665494
0.164855 0.264438 0.314068 0.25664
0.114656 0.0392024 0.555803 0.290339
0.162571 0.100124 0.298435 0.43887
0.282363 0.121254 0.271334 0.325049
0.224288 0.064171 0.345883 0.365658
0.0304971 0.125128 0.195323 0.649052
0.180134 0.0649039 0.470746 0.284217
0.457178 0.112079 0.119658 0.311085
0.461666 0.248533 0.0298833 0.259918
0.647955 0.083209 0.231312 0.0375231
0.436641 0.230499 0.0652196 0.26764
0.172953 0.275314 0.17674 0.374994
0.352442 0.0597055 0.202499 0.385354
0.284385 0.109748 0.345949 0.259918
0.0583355 0.118613 0.571629 0.251423
0.362634 0.164227 0.238284 0.234855
0.188877 0.297123 0.14158 0.37242
0.203648 0.0253721 0.411045 0.359936
0.150017 0.107234 0.363475 0.379274
0.321353 9.9991E-05 0.340254 0.338292
0.275979 0.167801 0.270517 0.285703
0.139784 0.0174278 0.49011 0.352679
0.207257 0.22716 0.242603 0.322979
0.92941 0.0703898 9.9982E-05 9.9982E-05
0.23441 0.112012 0.179825 0.473753
0.317561 0.195891 0.185859 0.300689
0.281505 0.259688 0.153097 0.305711
0.196603 0.203356 0.461135 0.138906
9.9991E-05 0.523362 0.401367 0.0751719
0.462235 0.109504 0.424272 0.00398823
0.569411 0.035638 0.391502 0.00344971
9.9991E-05 0.166965 0.445799 0.387136
0.227517 9.9991E-05 0.458068 0.314315
0.430456 0.0793813 0.0412828 0.44888
9.998E-05 9.998E-05 9.998E-05 0.9997
0.216001 0.0339805 0.23844 0.511579
0.597714 0.120381 9.9991E-05 0.281805
0.332547 0.173443 0.368645 0.125365
0.318316 9.9991E-05 0.359669 0.321915
0.207289 0.1644 0.493608 0.134703
0.0728682 0.114285 0.528458 0.284389
0.0362681 0.0184632 0.640766 0.304503
0.260693 0.275931 0.168957 0.294419
0.373584 0.243231 0.246647 0.136538
0.481656 9.9991E-05 0.242805 0.27544
0.0707216 0.230446 0.432061 0.266772
9.9991E-05 0.168951 0.663392 0.167557
0.245913 0.177602 0.513812 0.0626723
0.0693959 0.042685 0.668853 0.219066
0.386748 0.0739169 0.188424 0.350911
0.234271 0.0681795 0.485924 0.211625
9.9991E-05 0.205008 0.71864 0.0762528
0.299751 0.113893 0.328105 0.258251
0.277951 0.165828 0.556121 9.9991E-05
0.125116 0.0344397 0.49834 0.342104
0.499005 0.126327 0.374568 9.9991E-05
0.272697 0.14173 0.329645 0.255928
0.188315 0.118778 0.692806 9.9991E-05
0.414892 0.0448974 0.338366 0.201845
9.9991E-05 0.114663 0.444748 0.440488
0.250256 0.11628 0.23246 0.401004
0.0484711 0.117305 0.399492 0.434732
9.9982E-05 0.922745 9.9982E-05 0.0770552
0.227196 9.9991E-05 0.327538 0.445166
9.9982E-05 9.9982E-05 0.172526 0.827274
0.245293 9.9991E-05 0.219634 0.534973
0.251793 0.167008 0.432157 0.149042
0.0875284 0.0976607 0.250907 0.563904
0.151975 0.223969 0.346918 0.277139
0.490546 0.12293 0.386424 9.9991E-05
0.260011 0.0550365 0.223119 0.461834
0.180573 0.16591 0.299332 0.354185
0.283275 0.0858828 0.616538 0.0143038
0.504493 0.170717 0.127656 0.197134
0.199227 0.0325327 0.76814 9.9991E-05
0.21562 0.205785 0.193381 0.385213
0.0966645 0.0955303 0.5069 0.300905
0.0193453 9.9991E-05 0.642504 0.338051
0.106005 0.162594 0.404521 0.32688
0.157683 0.160616 0.254566 0.427134
0.232713 0.0527683 0.100303 0.614216
0.414632 0.256231 0.297614 0.0315224
0.232636 0.105859 0.661405 9.9991E-05
0.136662 9.9991E-05 0.391176 0.472062
0.306431 9.9991E-05 0.486089 0.20738
0.0119862 0.0444139 0.113529 0.830071
0.508796 9.9991E-05 0.299985 0.191119
0.272204 0.263447 0.0976669 0.366682
0.440212 9.9991E-05 0.215045 0.344644
9.998E-05 0.9997 9.998E-05 9.998E-05
0.547612 0.0116327 0.315854 0.124901
0.0156984 0.0102851 0.45211 0.521907
0.124575 0.170609 0.455235 0.249581
0.00784577 9.9991E-05 0.565107 0.426948
0.145155 0.135786 0.526472 0.192587
0.235677 0.0337484 0.617202 0.113373
0.309245 0.0606118 0.261574 0.368569
0.0351057 0.632235 9.9991E-05 0.33256
0.0975132 0.441352 0.251835 0.2093
0.318577 0.115727 0.230949 0.334747
9.998E-05 0.9997 9.998E-05 9.998E-05
0.394747 0.114611 0.42745 0.0631915
0.9997 9.998E-05 9.998E-05 9.998E-05
0.411978 0.129062 0.296806 0.162154
0.192277 0.111412 0.661402 0.0349096
0.248015 0.0983911 0.399041 0.254553
0.0067515 0.170975 0.523748 0.298525
0.15961 0.237961 0.531584 0.0708456
0.26531 0.135755 0.255638 0.343297
0.248269 0.0153142 0.499189 0.237227
0.327339 0.161413 0.258963 0.252286
0.153082 0.0298706 0.760719 0.0563286
0.0820554 0.548689 0.0395827 0.329673
0.031186 9.9991E-05 0.575119 0.393595
9.998E-05 0.9997 9.998E-05 9.998E-05
0.597162 9.9991E-05 0.153951 0.248787
0.106072 0.0129385 0.263774 0.617216
0.0837287 0.19221 0.626474 0.0975874
0.484971 0.174638 0.0106221 0.32977
0.111131 9.9991E-05 0.310258 0.578511
0.0765245 0.469787 9.9991E-05 0.453589
0.065119 0.256631 0.341907 0.336343
0.34035 0.0012772 0.579611 0.0787615
0.336001 0.344993 0.249303 0.0697035
0.187652 0.0716209 0.551259 0.189468
0.409762 0.0700545 0.393902 0.126282
0.232563 0.257238 0.307799 0.2024
0.35622 0.01815 0.434329 0.191301
0.491997 0.204627 0.146143 0.157232
0.0691725 0.0581426 0.0711336 0.801551
9.9991E-05 0.0977036 0.376669 0.525528
0.11065 0.307524 0.372205 0.209622
0.176196 0.256246 0.513863 0.0536952
0.256594 0.0555655 0.288614 0.399227
0.489886 0.0692556 0.144273 0.296585
9.998E-05 9.998E-05 0.9997 9.998E-05
9.9982E-05 0.0908522 0.908948 9.9982E-05
0.207489 0.0631219 0.393467 0.335923
0.355693 9.9991E-05 0.152713 0.491494
0.261781 0.112303 0.179599 0.446316
0.456788 0.0731057 0.470006 9.9991E-05
0.426106 0.151603 0.223231 0.19906
0.421708 0.0854682 0.141771 0.351052
0.0323651 0.222214 0.208751 0.53667
9.9991E-05 0.478248 0.0289987 0.492653
0.294176 9.9991E-05 0.483738 0.221986
9.998E-05 9.998E-05 9.998E-05 0.9997
0.133932 9.9991E-05 0.0776835 0.788285
0.0988677 9.9991E-05 0.653606 0.247426
0.493873 0.156526 0.223819 0.125782
0.265681 9.9991E-05 0.407966 0.326253
0.272896 0.136284 0.179762 0.411058
0.2239 0.133686 0.482194 0.160221
0.151432 0.198246 0.283015 0.367307
0.13634 0.23783 0.269213 0.356617
0.202408 0.068185 0.323608 0.405799
0.119216 0.206773 0.344388 0.329623
9.9991E-05 0.0404827 0.48255 0.476867
0.185909 0.0835143 0.372971 0.357606
0.322684 0.0579491 0.0834769 0.53589
9.998E-05 9.998E-05 9.998E-05 0.9997
0.0993126 9.9991E-05 0.211864 0.688723
0.102426 0.0634141 0.770066 0.0640946
0.318128 0.086753 0.411674 0.183445
0.064354 0.0856112 9.9991E-05 0.849935
0.221281 9.9991E-05 0.426717 0.351902
0.395525 9.9982E-05 0.604275 9.9982E-05
9.998E-05 9.998E-05 0.9997 9.998E-05
0.0982096 0.0822892 0.294255 0.525247
0.300575 0.17336 0.525965 9.9991E-05
0.375431 0.199927 0.418725 0.00591642
9.9991E-05 0.146142 0.384009 0.469748
0.270263 9.9982E-05 0.729537 9.9982E-05
0.0138864 9.9991E-05 0.579288 0.406725
0.310186 9.9991E-05 0.582182 0.107532
0.189326 9.9991E-05 0.481987 0.328587
0.406523 0.020638 0.432693 0.140146
0.987994 0.00683953 0.00506646 9.9991E-05
0.288243 0.158454 0.416271 0.137031
0.372729 0.26316 0.16473 0.199381
0.304981 0.185287 9.9991E-05 0.509632
0.243135 0.06887 0.342815 0.34518
0.0923555 0.244584 0.435518 0.227542
0.203929 0.0181088 0.375386 0.402577
0.9997 9.998E-05 9.998E-05 9.998E-05
0.136305 0.0147499 0.381245 0.4677
0.439781 0.0976995 0.27425 0.188269
0.109436 0.0872673 0.331692 0.471605
0.083803 0.215304 0.564046 0.136847
