9.9973E-05 0.0154054 0.166362 9.9973E-05 9.9973E-05 0.729415 0.0885181
0.0111755 0.0556091 0.119837 0.0358271 0.358616 0.201464 0.217472
0.0560887 0.0462853 0.302402 0.0661571 0.112133 0.0414269 0.375507
0.0875519 0.0498122 0.528235 0.104346 9.9982E-05 0.229855 9.9982E-05
0.134853 9.9973E-05 0.593303 0.190456 9.9973E-05 0.0810883 9.9973E-05
0.0910198 9.9973E-05 0.662652 0.0986914 9.9973E-05 9.9973E-05 0.147337
0.14704 0.0152648 0.349163 0.0347743 9.9991E-05 0.282256 0.171402
0.0584016 0.0676117 0.263198 0.0631937 0.270742 0.113082 0.163771
0.0585167 0.0755076 0.138348 0.0704964 9.9991E-05 0.117712 0.539319
0.180055 0.239141 9.9991E-05 0.27425 0.00771777 0.102987 0.19575
0.097089 9.9991E-05 0.06007 0.258932 0.184419 0.00841275 0.390977
0.0779685 0.0583135 0.0398138 9.9973E-05 9.9973E-05 9.9973E-05 0.823604
0.168923 0.0158096 0.366065 0.127385 9.9991E-05 0.098295 0.223423
0.0482575 0.141818 0.063038 0.0940111 0.181893 0.361204 0.109778
0.135452 9.9973E-05 9.9973E-05 0.0574898 0.635191 9.9973E-05 0.171567
0.171412 0.189574 0.192648 0.0532174 0.374447 0.0132194 0.00548196
0.0846804 0.0405774 0.158136 0.162659 0.553748 9.9982E-05 9.9982E-05
0.149246 0.160893 0.177515 0.146649 0.0640051 0.301592 9.9991E-05
0.124916 9.9982E-05 0.281962 9.9982E-05 0.141418 0.0271604 0.424345
0.109075 0.0660513 0.295274 0.0279459 0.151995 0.126355 0.223304
0.147584 9.9991E-05 0.34421 0.0687353 0.000738231 0.169414 0.269219
0.101514 9.9982E-05 9.9982E-05 0.125145 0.455593 0.12427 0.193279
0.116825 0.0524552 0.460538 9.9991E-05 0.131858 0.132212 0.10601
9.9973E-05 0.248352 0.574923 9.9973E-05 9.9973E-05 0.175296 0.00112909
0.151418 9.9964E-05 9.9964E-05 0.286589 9.9964E-05 9.9964E-05 0.561593
9.9982E-05 0.0898516 0.19093 0.113713 0.298737 0.306569 9.9982E-05
0.0911258 0.202589 9.9991E-05 0.138754 0.282619 0.0675341 0.217279
0.00568472 0.131013 0.0972423 0.129999 0.245398 0.303735 0.0869284
0.0114847 0.0843672 0.371166 0.205267 0.21893 0.108685 9.9991E-05
9.99729E-05 0.717166 0.123876 9.99729E-05 0.0967507 0.0619073 9.99729E-05
0.113333 0.0599584 0.151165 0.134821 0.205436 9.9991E-05 0.335185
0.0577548 0.02137 9.9991E-05 0.0730866 0.0236375 0.171118 0.652933
0.19144 0.107705 0.440249 9.9991E-05 0.168506 0.0533858 0.038614
0.0909435 9.9991E-05 0.551277 0.153272 0.0859076 0.0616521 0.0568486
0.15975 0.0211164 0.153329 0.19512 0.0386737 0.284708 0.147304
0.0826108 9.9955E-05 9.9955E-05 9.9955E-05 9.9955E-05 0.916889 9.9955E-05
0.00262254 0.0374422 0.511498 0.158686 9.9982E-05 0.289551 9.9982E-05
9.9982E-05 0.0835055 9.9982E-05 0.102837 0.0124421 0.50195 0.299066
0.0568444 0.126374 0.237716 0.140534 0.301813 9.9991E-05 0.136618
0.12478 9.9991E-05 0.135645 0.0682361 0.318303 0.0840872 0.268849
0.0227899 9.9991E-05 0.166094 0.125729 0.346863 0.0890105 0.249414
0.0107286 0.0801174 0.475632 0.106036 0.178358 0.149028 9.9991E-05
9.999E-05 0.0588213 0.27535 0.17332 0.117703 0.369206 0.00550033
9.9982E-05 0.0238379 0.0553035 0.0309312 9.9982E-05 0.454834 0.434893
0.079377 0.10693 9.9991E-05 0.0371658 0.0324981 0.198071 0.545858
0.0571049 0.0206032 0.170197 0.218367 0.0664881 0.155041 0.312199
9.9973E-05 0.148269 0.639783 9.9973E-05 9.9973E-05 0.00486141 0.206787
0.0432809 0.0790455 0.666149 9.9982E-05 0.11456 9.9982E-05 0.0967643
0.0596512 0.130858 0.11153 0.115638 0.197989 9.9991E-05 0.384234
0.0223032 0.107394 0.312159 9.9991E-05 0.397305 0.0784335 0.0823053
0.155762 0.0678971 0.0762605 0.090871 0.125218 0.228478 0.255513
0.126324 0.100989 0.37691 9.9991E-05 0.0915159 0.015485 0.288675
9.9973E-05 0.102615 0.153244 0.043051 0.70079 9.9973E-05 9.9973E-05
0.0835674 0.157285 0.216491 0.238361 0.222267 0.081928 9.9991E-05
0.00577714 0.160951 9.9973E-05 9.9973E-05 0.31858 9.9973E-05 0.514393
0.108534 0.0416768 0.597886 0.128274 9.9991E-05 0.0912083 0.032321
0.00525263 0.0379348 9.9991E-05 0.0900154 0.194049 0.0194187 0.65323
0.0768919 0.0866574 0.204144 0.0818452 9.9991E-05 0.153349 0.397012
0.0107399 0.0264859 0.174039 0.135301 0.353542 9.9991E-05 0.299792
0.110295 0.00929737 0.176464 0.183188 9.9991E-05 0.138527 0.382128
0.0258047 0.0586439 0.768133 0.0428716 0.0349 0.0235342 0.0461122
0.13274 0.0704117 0.517911 0.121715 0.0115234 0.0607598 0.0849386
0.0622101 0.00655884 0.537265 9.9982E-05 0.271731 9.9982E-05 0.122034
0.0879522 0.850106 9.9964E-05 9.9964E-05 9.9964E-05 0.0615421 9.9964E-05
9.9982E-05 9.9982E-05 0.0503297 0.207263 0.321477 0.412448 0.0082829
0.0377511 9.9964E-05 0.01088 9.9964E-05 9.9964E-05 0.950969 9.9964E-05
0.0728542 9.9991E-05 0.248674 0.105053 0.0492771 0.422061 0.10198
0.117011 0.0222062 0.417715 9.9982E-05 0.191927 9.9982E-05 0.250941
0.0534125 0.0659184 0.50942 9.9973E-05 9.9973E-05 0.370949 9.9973E-05
0.119252 0.143435 0.254131 0.125662 0.270936 0.0348153 0.0517703
9.9973E-05 0.108525 0.364922 0.220783 9.9973E-05 9.9973E-05 0.30547
0.163372 0.00737879 0.0665739 0.0392948 0.350829 0.282217 0.0903349
0.185194 0.0770887 0.241654 0.0931529 0.173036 0.162945 0.0669298
0.0642411 0.0801878 0.254079 0.0556368 0.306391 9.9991E-05 0.239364
9.9982E-05 0.206127 9.9982E-05 0.201111 0.366446 0.11936 0.106756
0.0266407 0.00297388 9.9982E-05 0.0658407 0.513715 9.9982E-05 0.39063
0.143511 0.1086 0.437115 0.049163 0.0193774 9.9991E-05 0.242133
0.0242377 0.0275195 0.821123 0.12682 9.9973E-05 9.9973E-05 9.9973E-05
9.9973E-05 9.9973E-05 0.7582 0.0822367 0.0892859 0.0699775 9.9973E-05
0.0897021 0.197117 0.617753 0.064095 9.9982E-05 9.9982E-05 0.0311331
0.112324 0.0501844 0.49944 0.0444851 0.0704186 0.141538 0.08161
0.106603 0.0602474 0.491844 0.0976258 9.9991E-05 0.192965 0.0506139
9.9982E-05 0.322183 0.239579 0.0295569 9.9982E-05 0.015639 0.392842
0.0755161 0.0669654 0.526003 0.164904 0.0937008 9.9991E-05 0.0728107
0.120434 0.0230048 0.692536 9.9973E-05 9.9973E-05 0.163726 9.9973E-05
9.9982E-05 9.9982E-05 0.193513 0.167435 0.024577 0.182166 0.43211
0.0444446 0.0406643 0.176119 9.9973E-05 9.9973E-05 0.738472 9.9973E-05
0.107039 9.9973E-05 0.192414 0.0644899 9.9973E-05 9.9973E-05 0.635757
0.102092 0.189719 0.177625 0.124938 0.180938 0.224588 9.9991E-05
0.0493561 9.9982E-05 9.9982E-05 0.0273273 0.0765989 0.343375 0.503142
9.9955E-05 0.936852 9.9955E-05 0.062648 9.9955E-05 9.9955E-05 9.9955E-05
0.0478848 9.9982E-05 9.9982E-05 0.211941 0.224987 0.108303 0.406685
0.184661 9.9973E-05 0.660633 0.040123 9.9973E-05 0.114283 9.9973E-05
0.11873 0.0337203 0.0627113 9.9991E-05 0.582143 0.120549 0.0820457
0.050281 9.9973E-05 0.819439 0.0493875 9.9973E-05 0.080593 9.9973E-05
0.00672807 0.0935119 0.62261 0.122327 0.0924186 0.0623049 9.9991E-05
9.9982E-05 0.0078626 9.9982E-05 0.118672 0.31077 0.351132 0.211363
0.00925477 9.99731E-05 0.578358 0.152912 9.99731E-05 9.99731E-05 0.259176
0.179975 0.416127 0.141902 0.0383491 9.9991E-05 0.0957731 0.127774
9.99729E-05 0.341401 0.345505 9.99729E-05 0.107805 9.99729E-05 0.204989
0.103939 0.163773 0.129419 0.0101845 0.14417 0.137513 0.311001
9.995E-05 0.9994 9.995E-05 9.995E-05 9.995E-05 9.995E-05 9.995E-05
0.0999468 0.075328 0.206781 0.150919 0.265015 9.9991E-05 0.20191
0.00637061 9.99549E-05 9.99549E-05 0.99313 9.99549E-05 9.99549E-05 9.99549E-05
0.11182 0.0322123 9.9991E-05 0.117594 0.364805 0.258722 0.114747
0.00225538 9.9982E-05 0.0608361 9.9982E-05 0.4548 0.122557 0.359351
9.9991E-05 0.0118717 0.402731 0.0448302 0.351259 0.0912188 0.0979891
0.227747 0.0823214 0.219454 0.0831025 0.252237 0.0927869 0.0423517
0.00647743 0.225236 0.13855 0.0934035 0.287824 9.9991E-05 0.248408
0.127041 0.0285184 0.367932 9.9982E-05 9.9982E-05 0.247226 0.229082
0.0969624 9.9982E-05 0.36914 0.204736 0.253287 0.0756749 9.9982E-05
0.220604 0.125886 0.058382 0.0150766 0.0119371 9.9991E-05 0.568013
0.0140549 0.0395688 0.3978 0.0681196 0.294498 0.0142766 0.171682
0.109056 0.387527 0.32378 0.0995008 0.0799364 9.9982E-05 9.9982E-05
0.0405916 0.0291223 0.482969 0.193043 0.0184045 0.171508 0.0643618
9.9955E-05 0.92528 9.9955E-05 9.9955E-05 9.9955E-05 9.9955E-05 0.0742201
9.9982E-05 9.9982E-05 0.105104 0.371109 0.233322 0.0974652 0.1928
0.0694281 0.0733294 0.177293 0.0207082 0.0410062 0.55384 0.0643943
0.0231628 0.13074 0.6045 0.0457203 9.9982E-05 9.9982E-05 0.195677
0.168113 0.0891852 0.0280278 0.177509 9.9991E-05 0.107532 0.429533
0.0804364 0.126476 0.243967 0.0951221 0.077973 0.375926 9.9991E-05
0.217347 0.456821 0.203344 9.9982E-05 0.00954731 0.112741 9.9982E-05
0.14171 0.138469 0.135879 0.225219 0.106337 0.0947826 0.157604
0.0269463 9.9982E-05 0.537685 0.0745649 0.127497 9.9982E-05 0.233107
0.0987049 0.0817191 0.293551 0.0303272 9.9991E-05 0.0381992 0.457398
0.124546 9.9973E-05 0.456877 9.9973E-05 0.220175 9.9973E-05 0.198102
0.107405 9.9973E-05 9.9973E-05 9.9973E-05 0.199315 0.128297 0.564684
0.0221662 0.164145 0.475108 0.0942215 0.0132791 9.9991E-05 0.23098
0.0293758 9.9982E-05 0.264204 9.9982E-05 0.125025 0.0107586 0.570437
0.0204583 0.135806 9.9982E-05 0.10732 9.9982E-05 0.318568 0.417647
0.0342412 0.00686935 0.287237 9.9982E-05 9.9982E-05 0.545639 0.125814
0.175691 0.0626086 0.549393 0.0422613 0.00545434 0.0182811 0.146311
0.0399588 0.300606 0.386809 0.00462386 9.9991E-05 0.00897668 0.258926
0.0649899 0.170168 0.342189 0.0397224 0.311737 9.9991E-05 0.0710946
0.0322499 0.0300852 0.257913 0.0978328 0.0645187 0.184758 0.332643
0.187865 9.9973E-05 0.111322 0.12226 9.9973E-05 9.9973E-05 0.578254
9.9964E-05 9.9964E-05 0.0181491 9.9964E-05 0.963443 9.9964E-05 0.0180085
9.995E-05 9.995E-05 9.995E-05 9.995E-05 0.9994 9.995E-05 9.995E-05
0.102391 9.9991E-05 0.0575766 0.0472531 0.181381 0.164403 0.446896
0.0281227 0.0885798 0.606253 0.176466 9.9982E-05 9.9982E-05 0.100379
0.0651588 0.0964518 0.277062 0.136785 9.9991E-05 0.141973 0.282469
0.192741 9.9982E-05 0.158424 0.168847 0.285993 9.9982E-05 0.193794
9.9964E-05 0.122474 0.408179 9.9964E-05 9.9964E-05 9.9964E-05 0.468947
0.0549323 0.0970829 9.9973E-05 9.9973E-05 9.9973E-05 0.211324 0.636361
0.137657 0.106368 0.533264 0.0488833 0.173628 9.9982E-05 9.9982E-05
0.210849 0.400629 0.161841 0.00143725 0.113231 0.111912 9.9991E-05
0.0884096 9.9982E-05 0.365087 0.119094 0.305602 9.9982E-05 0.121607
0.9994 9.995E-05 9.995E-05 9.995E-05 9.995E-05 9.995E-05 9.995E-05
0.162952 9.9973E-05 0.166123 0.119024 9.9973E-05 0.551601 9.9973E-05
0.0288035 9.9982E-05 0.391007 0.271708 0.135258 0.173024 9.9982E-05
0.155087 9.9964E-05 9.9964E-05 0.00676594 9.9964E-05 9.9964E-05 0.837747
0.0841785 9.9964E-05 0.663803 0.251619 9.9964E-05 9.9964E-05 9.9964E-05
0.122158 0.110963 0.135762 0.125113 9.9991E-05 0.0710173 0.434886
0.0635239 0.14844 0.283755 0.0604556 0.196376 9.9991E-05 0.247349
0.108942 0.0908934 0.261233 9.9991E-05 0.0476197 0.0789862 0.412225
0.092993 0.204491 9.9991E-05 0.148675 0.473164 0.0719774 0.00859948
0.0671284 9.9973E-05 0.448637 9.9973E-05 9.9973E-05 0.211054 0.27288
0.105352 0.124123 0.150119 0.142577 0.0534405 0.252712 0.171676
9.9964E-05 0.0879303 9.9964E-05 9.9964E-05 0.10608 0.80559 9.9964E-05
0.0633204 0.0829329 0.273519 0.0650035 0.205822 0.139233 0.170169
0.106241 9.9982E-05 0.373188 0.0878822 9.9982E-05 0.255436 0.177052
0.9994 9.995E-05 9.995E-05 9.995E-05 9.995E-05 9.995E-05 9.995E-05
0.494578 9.9982E-05 0.202398 0.0172635 0.198384 0.0871766 9.9982E-05
9.9982E-05 0.0452126 0.488783 0.156264 0.247705 0.0618349 9.9982E-05
0.0984451 0.0656905 0.00440699 0.120315 0.177982 0.143902 0.389259
0.0692719 9.9964E-05 9.9964E-05 0.0495518 9.9964E-05 0.880776 9.9964E-05
0.0606746 9.9982E-05 0.295565 9.9982E-05 0.2124 0.161467 0.269694
0.0782965 9.9982E-05 0.272324 0.158431 0.234985 9.9982E-05 0.255763
9.995E-05 9.995E-05 9.995E-05 9.995E-05 0.9994 9.995E-05 9.995E-05
0.0930421 0.103677 0.16333 0.0638036 0.165779 0.353148 0.0572203
9.9982E-05 0.090035 0.234114 0.0117705 0.203657 9.9982E-05 0.460224
0.166666 0.0379104 0.179858 0.125082 0.325154 9.9991E-05 0.16523
0.0644921 0.243055 0.518009 9.9982E-05 9.9982E-05 0.15176 0.022484
0.00365688 9.9991E-05 0.0248608 0.081105 0.445161 0.181297 0.26382
0.119707 9.9982E-05 0.67975 0.027236 0.00423767 0.168869 9.9982E-05
9.9973E-05 0.00250778 0.641167 0.175116 9.9973E-05 9.9973E-05 0.180909
0.153056 9.9982E-05 0.592061 0.041874 0.0310379 9.9982E-05 0.181772
9.9991E-05 0.0427338 0.0896292 0.106625 0.301836 0.0566657 0.40241
9.995E-05 9.995E-05 9.995E-05 0.9994 9.995E-05 9.995E-05 9.995E-05
0.0572573 0.0545892 9.9991E-05 0.0892555 0.250969 0.0204258 0.527403
0.189888 0.0954861 0.0881727 0.0921129 0.534141 9.9982E-05 9.9982E-05
0.205717 0.0704815 0.135813 0.0929188 0.032196 0.216102 0.246772
0.0192667 0.0528935 9.9991E-05 0.122334 0.325767 0.30671 0.172929
9.9973E-05 0.112862 0.429081 9.9973E-05 0.118625 0.339132 9.9973E-05
0.0563873 0.00586093 0.505989 0.00796384 0.0523373 0.282251 0.0892105
9.995E-05 9.995E-05 9.995E-05 0.9994 9.995E-05 9.995E-05 9.995E-05
0.177165 0.0230237 0.466875 9.9991E-05 0.13206 0.058175 0.1426
0.0948477 0.0518783 0.0561463 0.306447 0.159166 0.229848 0.101667
0.0215742 0.0638983 0.548257 0.0191602 0.0987973 0.209354 0.0389589
0.0160367 0.151479 9.9982E-05 9.9982E-05 0.337989 0.181165 0.31313
