0.149886 9.9991E-05 0.520671 0.329343
0.139491 0.151076 0.709333 9.9991E-05
0.109367 0.502919 0.353523 0.034191
0.130664 0.178823 0.463526 0.226986
0.317877 9.9991E-05 0.37923 0.302793
0.0456064 0.267355 0.686939 9.9991E-05
0.133758 9.99911E-05 0.314724 0.551418
0.021522 9.99911E-05 0.864746 0.113632
0.118815 0.276678 9.99911E-05 0.604406
0.0567703 0.618478 9.99911E-05 0.324652
0.137114 0.520894 0.221172 0.120821
0.0265908 9.99911E-05 0.242671 0.730638
0.233643 9.9991E-05 0.433163 0.333094
0.181877 9.9991E-05 0.4507 0.367323
9.999E-05 0.0674844 0.327931 0.604485
0.251573 9.99911E-05 0.273798 0.474529
0.235353 0.259784 0.294983 0.20988
0.276167 0.319499 0.273332 0.131002
9.99911E-05 0.128767 0.429591 0.441542
0.179683 0.0500655 0.605756 0.164496
0.106039 0.730038 9.99911E-05 0.163823
0.370535 0.0851632 0.154105 0.390197
0.330893 0.228499 0.342728 0.0978796
0.810186 9.99821E-05 0.189614 9.99821E-05
0.48134 0.24655 0.27201 9.9991E-05
0.404072 9.9991E-05 0.433298 0.16253
0.0875891 0.23854 9.9991E-05 0.673771
9.99821E-05 0.426056 0.573744 9.99821E-05
9.99821E-05 0.310033 0.689767 9.99821E-05
0.9997 9.998E-05 9.998E-05 9.998E-05
9.99911E-05 0.295031 0.52681 0.178059
0.0390239 9.9991E-05 0.632464 0.328412
0.200104 0.679225 0.120571 9.9991E-05
0.0828714 0.0291563 0.735313 0.15266
0.260063 9.9991E-05 0.598751 0.141086
0.0705172 0.111548 0.293224 0.524711
9.99911E-05 0.0571328 0.690218 0.252549
0.186684 0.642981 0.170235 9.9991E-05
0.117151 0.188319 0.485229 0.209301
9.9991E-05 0.18658 0.614237 0.199083
0.573066 0.109947 9.99911E-05 0.316887
0.132744 0.249028 9.99911E-05 0.618128
0.152209 0.205769 0.326378 0.315644
0.0729529 0.200584 0.428186 0.298277
0.0975766 0.110331 0.596766 0.195326
9.99911E-05 0.0306179 0.389047 0.580235
9.99821E-05 9.99821E-05 0.321925 0.677875
9.9982E-05 0.319258 9.9982E-05 0.680542
9.99822E-05 9.99822E-05 0.541425 0.458375
9.99821E-05 9.99821E-05 0.793711 0.206089
0.414322 9.9982E-05 0.585478 9.9982E-05
0.0236674 0.539003 9.99911E-05 0.43723
0.396511 9.9991E-05 0.166911 0.436478
0.117733 0.0650149 0.800353 0.016899
0.132706 0.107101 0.380094 0.380099
0.0264149 0.122747 0.339714 0.511124
0.345225 9.9991E-05 0.452927 0.201748
9.99911E-05 0.00394393 0.288234 0.707722
9.9991E-05 0.210696 0.291835 0.497369
9.9991E-05 0.372551 0.310832 0.316518
0.0214479 0.306469 0.636733 0.0353498
0.230589 9.9991E-05 0.0843468 0.684964
0.0696748 0.099639 9.9991E-05 0.830586
0.685747 9.99821E-05 0.314053 9.99821E-05
0.228724 0.0554836 0.473226 0.242566
0.147649 0.233082 0.163918 0.455351
0.244724 9.9991E-05 0.621146 0.13403
9.99911E-05 0.0167274 0.22468 0.758493
9.99821E-05 9.99821E-05 0.85813 0.14167
0.0824428 0.472824 0.290405 0.154329
0.0148885 0.301125 0.251797 0.43219
0.206907 9.99911E-05 0.0250995 0.767894
0.072829 0.237265 0.595005 0.0949009
9.99821E-05 9.99821E-05 0.79788 0.20192
0.0955229 9.99911E-05 0.738067 0.16631
9.99821E-05 9.99821E-05 0.202342 0.797458
0.302945 9.99911E-05 0.42668 0.270275
0.145148 0.397392 0.0337526 0.423707
0.0491029 0.361771 0.569425 0.0197007
9.9991E-05 0.209077 0.632311 0.158512
9.99822E-05 9.99822E-05 0.668233 0.331567
0.180709 0.276414 0.396705 0.146172
9.99911E-05 0.375399 0.400032 0.224468
0.334885 0.0908176 0.574198 9.9991E-05
0.23682 9.9991E-05 0.221634 0.541446
0.0107039 0.208468 0.532291 0.248537
9.99911E-05 0.623598 0.0908309 0.285471
0.738423 0.0471059 9.9991E-05 0.214372
0.198873 0.296538 0.504489 9.99911E-05
0.0709181 0.556879 0.317724 0.0544789
0.9997 9.998E-05 9.998E-05 9.998E-05
0.273323 0.113254 9.99911E-05 0.613323
0.283746 9.99822E-05 9.99822E-05 0.716054
0.071241 0.807423 0.121236 9.9991E-05
0.0324057 0.129611 9.9991E-05 0.837883
0.16841 0.348835 0.219989 0.262765
0.276374 0.307502 0.0465766 0.369547
9.9991E-05 0.208921 0.171542 0.619437
0.539054 9.9991E-05 0.412803 0.048044
0.505549 0.216656 0.0577188 0.220076
0.275895 0.394447 9.99911E-05 0.329558
0.9997 9.998E-05 9.998E-05 9.998E-05
0.14516 0.85464 9.99821E-05 9.99821E-05
0.00296563 0.996834 9.99821E-05 9.99821E-05
9.9991E-05 0.070112 0.669015 0.260773
0.165116 9.9991E-05 0.244605 0.590179
0.00735281 0.00212241 0.750722 0.239803
9.99911E-05 0.251376 0.736041 0.0124832
9.99821E-05 0.0536307 0.946169 9.99821E-05
0.0698792 0.477017 0.453004 9.99911E-05
0.358141 0.145532 9.99911E-05 0.496227
0.210569 9.99911E-05 0.662287 0.127044
0.785617 0.0628438 0.151439 9.99911E-05
9.99821E-05 0.0460333 0.953767 9.99821E-05
0.9997 9.998E-05 9.998E-05 9.998E-05
0.0236164 0.597679 0.0940147 0.28469
9.99821E-05 9.99821E-05 0.519828 0.479972
9.9991E-05 0.185852 0.490252 0.323796
0.400223 9.9991E-05 0.431342 0.168335
0.0568442 0.167806 0.77525 9.9991E-05
0.715022 9.9991E-05 0.0528819 0.231996
0.285989 0.23951 0.302037 0.172464
0.0903015 9.9982E-05 0.909499 9.9982E-05
9.99911E-05 0.212127 0.516136 0.271637
0.319722 0.322028 0.266186 0.0920649
0.173086 0.143729 0.235839 0.447346
0.348591 9.99821E-05 9.99821E-05 0.651209
0.0752163 0.0849979 0.766526 0.0732596
0.253086 0.449676 0.297138 9.99911E-05
0.136131 0.413528 0.220621 0.229719
9.99821E-05 0.234398 9.99821E-05 0.765402
0.0615445 0.286749 0.460733 0.190974
9.9991E-05 0.234271 0.236762 0.528867
9.9991E-05 0.582424 0.234316 0.18316
9.9991E-05 0.460391 0.0234844 0.516024
9.99821E-05 0.0855915 0.914209 9.99821E-05
9.998E-05 9.998E-05 0.9997 9.998E-05
9.998E-05 9.998E-05 0.9997 9.998E-05
9.9991E-05 0.259623 0.270516 0.469761
0.0419558 9.99821E-05 0.957844 9.99821E-05
0.0541513 0.280874 0.664875 9.99911E-05
0.180922 0.68007 0.0673832 0.0716251
0.041431 0.448034 0.0238516 0.486683
0.275748 0.593867 9.99911E-05 0.130285
0.741494 0.0488753 9.9991E-05 0.209531
0.22338 0.0331367 0.694234 0.0492493
9.998E-05 9.998E-05 9.998E-05 0.9997
9.99911E-05 0.400818 0.580656 0.0184263
0.292306 9.99911E-05 0.545953 0.16164
9.99822E-05 0.238556 9.99822E-05 0.761244
0.0374682 0.29737 0.439039 0.226122
9.9991E-05 0.183449 0.162266 0.654185
9.9991E-05 0.0866994 0.883299 0.0299012
9.99911E-05 0.387505 0.446858 0.165537
0.508342 9.99822E-05 0.491458 9.99822E-05
9.99911E-05 0.389853 0.575707 0.0343401
9.9991E-05 0.564617 0.417887 0.0173958
9.99911E-05 0.268317 0.276591 0.454992
0.0107308 9.99911E-05 0.866332 0.122837
0.36734 0.146973 0.324827 0.160861
9.998E-05 9.998E-05 9.998E-05 0.9997
9.99821E-05 9.99821E-05 0.332353 0.667447
9.99911E-05 0.253635 0.602109 0.144156
9.99911E-05 0.220276 0.319865 0.459759
9.998E-05 9.998E-05 9.998E-05 0.9997
0.306375 9.9991E-05 0.254469 0.439056
0.0745523 9.99911E-05 0.698208 0.227139
9.998E-05 9.998E-05 0.9997 9.998E-05
0.104761 0.0807757 0.444798 0.369665
0.14947 0.206533 0.280314 0.363682
0.0818767 0.102226 0.776648 0.0392492
0.0267346 0.0384646 0.92116 0.0136404
9.9991E-05 0.498237 0.321247 0.180417
0.225601 0.102807 0.216971 0.454621
0.191719 0.121249 0.686932 9.99911E-05
9.99822E-05 9.99822E-05 0.792147 0.207653
0.311368 0.167764 0.211966 0.308903
9.99911E-05 0.878578 0.118969 0.00235306
0.134639 0.3702 0.281843 0.213318
9.99821E-05 0.608591 9.99821E-05 0.391209
9.99822E-05 0.225593 9.99822E-05 0.774207
0.0800677 0.206139 0.296184 0.417609
0.0937368 9.9991E-05 0.481996 0.424167
0.159961 9.99821E-05 0.839839 9.99821E-05
9.99821E-05 0.869346 0.130454 9.99821E-05
9.99911E-05 0.206461 0.471181 0.322258
9.99911E-05 0.198209 0.702546 0.0991448
0.266319 0.344251 0.38933 9.9991E-05
0.247476 0.251845 0.500579 9.9991E-05
