0.503616 9.9991E-05 0.248472 0.247812
0.43312 0.0923054 0.133245 0.341329
0.297127 9.9991E-05 0.119863 0.58291
0.225819 0.165787 0.185267 0.423127
0.2206 0.127578 0.286226 0.365596
0.0326523 0.01059 0.269795 0.686962
0.226061 0.0880328 0.215115 0.470792
0.5139 0.0394635 0.183269 0.263368
0.204453 0.165518 0.204136 0.425893
0.305333 0.240056 0.454511 9.9991E-05
0.260906 9.9991E-05 0.599368 0.139626
0.124657 0.265563 0.0223826 0.587398
0.140495 0.0831623 0.224249 0.552093
0.337512 0.167394 0.234378 0.260716
0.0899774 0.0546274 0.264248 0.591147
0.480543 0.197198 0.171987 0.150273
0.0112805 0.32116 0.311632 0.355927
0.296066 0.214033 0.39472 0.0951807
0.296674 0.117964 0.0578953 0.527467
0.302474 0.131815 0.286665 0.279046
0.393474 9.9991E-05 0.352618 0.253808
0.354391 9.9991E-05 0.223641 0.421867
0.283576 9.9991E-05 0.376891 0.339432
0.226553 0.138788 0.100727 0.533932
9.9982E-05 9.9982E-05 0.703573 0.296227
0.341809 0.107705 0.134686 0.415799
0.490567 0.116568 0.229938 0.162927
0.300109 0.256422 0.224279 0.21919
0.154453 0.159042 0.161595 0.52491
0.0569752 0.668184 0.0507616 0.224079
0.0158568 0.120647 0.159676 0.70382
0.436463 0.167191 0.236968 0.159378
0.183765 0.138262 0.0914927 0.586481
0.10914 0.0427834 0.336564 0.511512
0.199958 0.0880732 0.433531 0.278438
0.675244 9.9982E-05 0.324556 9.9982E-05
0.0521524 9.9991E-05 0.290766 0.656981
0.515393 0.11296 0.371547 9.9991E-05
9.9991E-05 0.211419 0.192817 0.595664
0.398784 9.9991E-05 0.179905 0.421212
0.387629 0.105101 0.124434 0.382836
0.377816 0.113128 0.301835 0.207221
0.480741 0.016194 0.202806 0.300259
0.462163 0.209515 9.9991E-05 0.328222
0.672736 0.147135 0.166007 0.0141225
0.183839 0.0414412 0.311286 0.463433
0.0273775 0.0761941 0.0788129 0.817615
9.9982E-05 0.195303 9.9982E-05 0.804498
0.404893 0.132832 0.167632 0.294643
0.450544 0.17168 0.0611537 0.316622
0.381125 0.137648 0.299019 0.182208
0.198351 0.125849 0.148172 0.527628
0.631943 0.134813 9.9991E-05 0.233144
0.249254 0.110875 0.366986 0.272885
0.49245 0.342158 9.9991E-05 0.165291
0.149734 0.0297213 0.198427 0.622117
0.63942 0.275556 0.0849243 9.9991E-05
0.192799 0.256692 0.186164 0.364345
0.232004 0.126056 0.248268 0.393672
0.434627 0.0255167 0.32867 0.211187
0.0523064 0.017102 0.0893681 0.841223
0.0915035 0.0617388 0.323938 0.52282
0.0747956 0.045369 0.0428703 0.836965
9.9982E-05 0.924143 0.0756574 9.9982E-05
0.357243 9.9991E-05 0.172166 0.470491
0.714582 9.9991E-05 0.149584 0.135734
0.397851 0.0507422 0.365416 0.185991
9.9991E-05 0.172515 0.115791 0.711594
0.093193 0.0780932 0.0459349 0.782779
0.443194 0.160428 0.194848 0.20153
0.393972 0.108733 0.362076 0.13522
0.437325 0.146955 0.254768 0.160952
0.0999854 0.173381 0.235505 0.491128
0.0875363 0.191065 0.265012 0.456386
0.389531 0.213302 0.3159 0.0812673
0.504533 0.122147 0.0748491 0.298471
0.0491143 0.0244181 0.282676 0.643791
0.0492824 0.0288081 0.160448 0.761462
0.031094 9.9982E-05 9.9982E-05 0.968706
0.0435336 0.179184 0.162832 0.61445
0.336491 0.146146 0.176159 0.341204
0.0253465 0.0990108 0.243358 0.632285
0.206396 0.285859 0.0933355 0.41441
0.102869 0.0942591 0.118975 0.683896
9.9991E-05 0.127416 0.0880809 0.784403
0.576241 0.0254109 0.167261 0.231087
0.404131 0.0723877 0.203896 0.319585
0.24094 9.9991E-05 0.238134 0.520826
0.159586 0.261949 0.35562 0.222845
0.697437 9.9991E-05 0.132282 0.170181
9.9982E-05 0.972362 0.0274383 9.9982E-05
0.271535 0.114794 0.35838 0.255291
9.99862E-05 9.99862E-05 0.173091 0.826709
0.441505 0.0664013 0.091647 0.400447
0.100433 9.9991E-05 0.106993 0.792474
0.170257 0.0982488 0.0901324 0.641362
0.941685 0.0206718 0.0375437 9.9991E-05
9.9991E-05 0.0445779 0.125919 0.829403
9.9991E-05 0.544077 0.125372 0.330451
0.00372787 0.462185 9.9991E-05 0.533987
0.0613213 0.197662 0.154599 0.586417
9.998E-05 0.9997 9.998E-05 9.998E-05
0.0659603 0.0874814 0.361124 0.485434
9.998E-05 9.998E-05 0.9997 9.998E-05
0.506125 0.182522 0.300933 0.010421
0.657942 0.0811208 9.9991E-05 0.260838
0.35407 0.115866 0.0450483 0.485016
9.9991E-05 0.0202353 0.288265 0.6914
0.150691 0.292542 0.167792 0.388976
0.375023 0.0812002 0.132017 0.41176
0.148653 0.0228192 0.195665 0.632863
0.139669 0.133424 0.261406 0.465501
0.398453 0.0917765 0.120724 0.389046
9.9991E-05 0.531067 0.152885 0.315949
0.514467 0.120411 0.0603729 0.304749
9.998E-05 0.9997 9.998E-05 9.998E-05
0.243816 9.9991E-05 0.371893 0.384192
0.622288 0.0606841 0.152333 0.164694
0.261055 0.164943 9.9991E-05 0.573901
0.36054 0.111644 0.313832 0.213985
0.298892 0.153537 0.163434 0.384136
9.9991E-05 0.409014 0.280855 0.310031
0.195211 0.130422 0.270505 0.403861
0.153626 0.0183572 0.137108 0.690909
0.0827305 0.31119 0.196976 0.409103
9.9991E-05 0.104085 0.107747 0.788067
0.244695 0.0628838 0.281357 0.411064
0.190282 0.187184 0.273865 0.348669
0.20852 0.0844016 0.0931254 0.613953
0.395138 0.235239 0.369523 9.9991E-05
0.259164 0.0958891 0.170377 0.47457
9.9991E-05 0.104043 0.0535491 0.842308
0.0121936 0.416848 0.0324418 0.538516
0.228761 0.233354 0.110031 0.427855
0.0712374 0.0397732 0.109278 0.779712
0.130148 0.0216014 0.307262 0.540989
0.723439 0.0472808 9.9991E-05 0.229181
0.918671 0.0811286 9.9982E-05 9.9982E-05
0.579435 0.15774 0.16298 0.0998446
9.9991E-05 0.132869 0.198837 0.668193
0.198021 0.121776 0.324134 0.356069
0.0984173 9.9991E-05 0.332824 0.568659
9.9991E-05 0.265421 0.13464 0.599839
0.350616 0.14745 0.232827 0.269107
0.052235 0.0966985 0.151593 0.699473
0.132381 0.42547 0.223135 0.219014
0.213235 0.0693853 0.178235 0.539145
9.998E-05 9.998E-05 0.9997 9.998E-05
0.422086 0.0344104 0.393576 0.149928
0.411362 9.9991E-05 0.292015 0.296524
9.9991E-05 0.329819 0.0273731 0.642708
0.281572 0.0370671 0.406202 0.275159
0.340111 0.145615 0.28222 0.232054
0.184436 0.146718 0.147278 0.521569
0.179341 0.169797 0.0340023 0.61686
0.283594 0.242986 0.173568 0.299852
0.257351 9.9991E-05 0.200609 0.54194
0.231527 0.0623123 0.292763 0.413397
0.887735 0.112065 9.9982E-05 9.9982E-05
0.0397941 0.174114 0.1739 0.612191
0.109749 0.0619322 0.230574 0.597745
9.9982E-05 0.0351533 0.964647 9.9982E-05
0.136482 9.9991E-05 0.607668 0.255751
0.603706 0.0767588 0.0932285 0.226307
0.560354 0.0465556 0.250808 0.142283
0.5375 0.173924 0.288477 9.9991E-05
0.201025 9.9991E-05 0.136304 0.66257
0.423519 9.9991E-05 0.211675 0.364706
0.9997 9.998E-05 9.998E-05 9.998E-05
0.319978 0.135013 0.191045 0.353965
0.290422 0.125463 0.104801 0.479313
0.27419 0.19703 0.229347 0.299434
0.170641 0.0711101 0.212146 0.546103
0.83206 9.9982E-05 0.16774 9.9982E-05
0.218293 0.0125264 0.186745 0.582436
0.0535784 0.167138 0.10971 0.669573
0.0908729 0.02186 0.219669 0.667598
0.606469 0.194247 0.133197 0.0660872
9.9982E-05 0.0261453 0.973655 9.9982E-05
0.451108 0.148026 0.156726 0.24414
9.9991E-05 0.438862 0.243551 0.317487
0.335819 0.174727 0.330706 0.158748
0.569905 9.9991E-05 0.133838 0.296157
0.375475 0.237782 9.9991E-05 0.386643
0.362483 0.102549 0.147904 0.387064
9.998E-05 9.998E-05 0.9997 9.998E-05
0.108632 0.137477 0.10079 0.653101
0.293827 0.119614 0.439172 0.147386
0.312044 0.110374 0.0178273 0.559754
0.752333 0.198488 9.9991E-05 0.049079
