9.9964E-05 9.9964E-05 9.9964E-05 0.691017 0.0413213 9.9964E-05 0.0385392 0.209141 0.0195821
9.9982E-05 0.166205 9.9982E-05 0.229155 0.00824575 0.309485 0.0752561 0.0493843 0.16207
0.0691451 0.134835 0.0438651 0.239149 9.9982E-05 0.180388 9.9982E-05 0.312781 0.0196375
0.065011 9.9982E-05 0.0864843 0.248769 0.440054 0.127368 0.0252246 9.9982E-05 0.00688852
0.0213916 0.214492 0.118095 9.9982E-05 0.396841 0.169354 0.0571021 9.9982E-05 0.0225247
9.9964E-05 0.267382 0.0546664 9.9964E-05 0.275322 0.319504 0.0827257 9.9964E-05 9.9964E-05
0.0295314 0.138591 0.0813776 0.47159 9.99729E-05 0.211753 0.0668569 9.99729E-05 9.99729E-05
0.0403021 0.241178 0.048502 0.26725 9.9991E-05 0.104931 0.0386548 0.155946 0.103136
9.9973E-05 0.366349 9.9973E-05 0.0357422 0.10265 0.0231813 0.0113653 0.460412 9.9973E-05
0.160431 0.00294011 0.0878696 0.137208 9.9982E-05 0.0815411 0.153767 0.376043 9.9982E-05
9.99639E-05 9.99639E-05 0.0644121 9.99639E-05 9.99639E-05 0.105306 0.145715 0.661729 0.0224372
0.0204426 0.224872 9.99549E-05 9.99549E-05 0.117912 9.99549E-05 9.99549E-05 0.636274 9.99549E-05
0.0312345 9.99639E-05 0.138936 9.99639E-05 0.228836 0.359076 9.99639E-05 0.241517 9.99639E-05
0.0492172 0.5588 0.0625623 0.322514 9.9964E-05 9.9964E-05 9.9964E-05 9.9964E-05 0.00650667
9.99459E-05 0.83222 9.99459E-05 9.99459E-05 9.99459E-05 9.99459E-05 9.99459E-05 0.0192694 0.147911
0.136797 0.125168 0.0948819 0.123662 0.0867202 9.9982E-05 0.00547179 9.9982E-05 0.427099
0.0435879 0.864458 9.9955E-05 9.9955E-05 9.9955E-05 9.9955E-05 0.0858345 9.9955E-05 0.00561974
0.145962 0.266146 0.118447 0.357302 9.9991E-05 0.00134564 0.0162312 0.00649402 0.0879719
9.99639E-05 0.204087 0.0683451 0.102363 0.504831 9.99639E-05 9.99639E-05 0.119974 9.99639E-05
0.0434686 9.9991E-05 0.028724 0.0499516 0.534634 0.0314027 0.0261078 0.19793 0.087682
9.9982E-05 0.0872996 0.0779288 0.319116 0.124883 0.128066 0.0333742 0.229133 9.9982E-05
0.00345325 0.224264 0.0549473 0.0117181 0.200131 0.212943 0.0288315 0.146524 0.117188
0.00766767 0.119842 0.154709 0.11768 0.356028 0.0670732 0.0199719 9.9991E-05 0.156928
0.177911 0.255749 0.00264607 0.0959282 0.107701 0.359765 9.9973E-05 9.9973E-05 9.9973E-05
9.9946E-05 9.9946E-05 0.0727553 9.9946E-05 9.9946E-05 9.9946E-05 0.18722 0.739425 9.9946E-05
0.108342 0.227061 0.0185902 0.325553 9.9973E-05 0.184019 9.9973E-05 0.136134 9.9973E-05
0.086121 0.0172903 0.0375334 0.0497252 0.054543 9.9991E-05 0.127355 0.41736 0.209972
0.107867 0.279341 0.0839669 0.134895 9.9982E-05 0.253843 0.111096 9.9982E-05 0.028791
0.164741 0.241953 9.9973E-05 0.103334 9.9973E-05 0.355333 0.033008 0.101331 9.9973E-05
0.646925 0.0722054 9.99729E-05 0.0465548 0.131396 0.0289873 9.99729E-05 9.99729E-05 0.073631
0.0255278 0.0585464 0.0355674 9.9991E-05 0.131852 0.287552 0.0617848 0.335574 0.0634961
0.068803 9.9955E-05 9.9955E-05 0.123406 9.9955E-05 9.9955E-05 0.0140724 0.793219 9.9955E-05
0.0419878 0.247794 0.0826713 0.0216602 0.515492 0.0900951 9.9973E-05 9.9973E-05 9.9973E-05
9.99639E-05 0.281665 0.083646 9.99639E-05 9.99639E-05 0.522666 0.0341762 9.99639E-05 0.0774475
9.9973E-05 0.155208 0.138875 0.0752272 9.9973E-05 0.423881 0.0337895 0.172719 9.9973E-05
9.9946E-05 9.9946E-05 0.00399292 0.978475 9.9946E-05 9.9946E-05 0.016932 9.9946E-05 9.9946E-05
9.9973E-05 9.9973E-05 0.0349795 0.202839 0.0465433 0.557796 0.114103 9.9973E-05 0.0434387
0.00196586 9.9964E-05 9.9964E-05 0.154491 9.9964E-05 9.9964E-05 0.0826113 0.71966 0.0408726
0.109845 0.438642 0.0222905 9.9982E-05 0.221819 0.157551 0.0431445 9.9982E-05 0.0065082
9.9973E-05 0.0930418 0.115051 0.198762 9.9973E-05 0.165197 9.9973E-05 0.361982 0.0656668
9.9973E-05 0.044992 0.0462947 9.9973E-05 9.9973E-05 0.312192 0.0476666 0.395975 0.15258
0.0974963 0.0648759 0.0547745 0.217366 0.261167 0.148937 0.128026 0.000803989 0.0265531
0.0252637 9.9982E-05 0.0695304 0.136235 0.284026 0.35669 0.0698585 9.9982E-05 0.0581961
0.0720536 9.99551E-05 9.99551E-05 0.0640498 9.99551E-05 0.436762 9.99551E-05 0.426635 9.99551E-05
0.0647176 9.9973E-05 9.9973E-05 0.10142 0.056704 0.0519868 9.9973E-05 0.656973 0.0678984
0.0186684 0.241909 9.9973E-05 0.152368 9.9973E-05 0.0963312 0.207968 0.282456 9.9973E-05
0.0561135 9.9991E-05 0.0413189 0.0568377 0.477336 0.186911 0.0604167 0.0290929 0.091873
0.0817911 0.0569981 0.0249757 9.9973E-05 0.761516 0.0542189 0.0201999 9.9973E-05 9.9973E-05
0.035394 0.0634205 0.0540291 9.9982E-05 9.9982E-05 0.311692 0.00644153 0.41364 0.115184
0.15017 0.337516 0.0534393 0.131053 0.126373 9.9982E-05 9.9982E-05 0.0687636 0.132485
0.0113109 0.464569 0.0948565 0.175956 9.9973E-05 9.9973E-05 0.00814865 0.244859 9.9973E-05
0.079576 0.289078 0.0754434 0.0627926 0.433216 9.9982E-05 0.0228213 9.9982E-05 0.0368735
0.065175 9.9973E-05 0.0320822 9.9973E-05 0.127885 0.26897 0.0171279 9.9973E-05 0.488459
0.107962 0.20812 0.0214257 0.0876616 9.9991E-05 0.17786 0.156326 0.0879307 0.152614
0.0847745 9.9955E-05 9.9955E-05 9.9955E-05 0.532061 9.9955E-05 9.9955E-05 0.203867 0.178798
9.9964E-05 0.304622 0.0493436 0.131294 0.300952 0.213388 9.9964E-05 9.9964E-05 9.9964E-05
0.0513625 9.99641E-05 9.99641E-05 9.99641E-05 0.645192 9.99641E-05 0.0386774 0.095802 0.168566
0.043688 9.9973E-05 0.00638865 9.9973E-05 0.76428 0.0255629 0.00357274 0.156208 9.9973E-05
0.0296501 0.161495 9.9982E-05 9.9982E-05 0.158896 0.0046381 0.12545 0.333753 0.185918
9.999E-05 0.0678844 0.0436225 0.156304 0.0942907 0.0814069 0.129345 0.372296 0.0547503
9.99369E-05 9.99369E-05 0.0226312 9.99369E-05 9.99369E-05 0.976669 9.99369E-05 9.99369E-05 9.99369E-05
9.9982E-05 0.34332 0.131634 0.13366 0.061779 0.233311 0.0416456 0.054451 9.9982E-05
9.999E-05 0.300641 0.0894935 0.0326074 0.449804 0.0493418 0.0101454 0.0251714 0.0426962
0.781869 9.9955E-05 0.0453285 0.152838 9.9955E-05 9.9955E-05 0.0194648 9.9955E-05 9.9955E-05
9.9955E-05 0.313411 9.9955E-05 0.414158 9.9955E-05 0.162163 0.109768 9.9955E-05 9.9955E-05
9.9955E-05 9.9955E-05 0.0160768 0.975415 9.9955E-05 9.9955E-05 0.00444953 9.9955E-05 0.00355877
9.9982E-05 0.00878413 0.0222704 0.348163 0.13637 0.143506 0.124881 0.215826 9.9982E-05
0.079011 0.262471 0.0284766 9.9982E-05 0.284337 0.198866 9.9982E-05 0.10506 0.0415785
0.0506526 9.9973E-05 0.0476824 0.277028 0.0343654 0.461523 9.9973E-05 0.128448 9.9973E-05
0.135052 0.0523257 0.081095 0.160646 0.151486 0.138543 0.0504378 0.0751515 0.155264
0.0783747 0.256524 9.9973E-05 9.9973E-05 0.16074 0.415511 0.0463672 0.0421834 9.9973E-05
0.0115184 0.411407 0.0285109 0.276141 9.9982E-05 0.0496118 9.9982E-05 0.155013 0.0675974
0.0340627 0.182901 0.115947 0.0500867 9.9982E-05 0.247978 9.9982E-05 0.265634 0.103191
0.00603335 0.607641 9.9982E-05 9.9982E-05 0.0632014 0.0240899 0.0414294 0.136327 0.121078
0.0243528 9.9964E-05 9.9964E-05 9.9964E-05 9.9964E-05 0.461466 0.143783 0.203225 0.166773
0.0695525 0.308876 9.9973E-05 9.9973E-05 0.133511 9.9973E-05 0.156818 0.122905 0.208038
9.9964E-05 0.0553674 0.154923 9.9964E-05 9.9964E-05 0.698422 9.9964E-05 0.0612161 0.0296723
9.99549E-05 9.99549E-05 0.0720319 9.99549E-05 9.99549E-05 0.904442 0.00870362 9.99549E-05 0.014323
9.9946E-05 0.0379908 9.9946E-05 0.00537024 9.9946E-05 0.956039 9.9946E-05 9.9946E-05 9.9946E-05
0.0274257 0.0866378 0.0746646 9.9955E-05 9.9955E-05 0.810772 9.9955E-05 9.9955E-05 9.9955E-05
0.0316686 9.9982E-05 0.0538052 0.110694 0.115639 0.299681 9.9982E-05 0.341991 0.0463213
9.9982E-05 0.0886198 0.0531449 0.161136 0.450203 0.180611 0.00976286 0.0563225 9.9982E-05
0.128399 9.9973E-05 9.9973E-05 9.9973E-05 0.259989 0.223852 0.0332509 0.300816 0.0533933
0.0646369 0.0752929 0.0349728 9.9991E-05 0.256588 0.176561 0.0851537 0.0311942 0.275501
0.0490482 0.554684 9.9973E-05 0.204492 0.10294 0.0541189 9.9973E-05 0.0344178 9.9973E-05
9.9973E-05 9.9973E-05 9.9973E-05 0.126831 0.0908982 0.0550253 0.0380893 0.53366 0.155196
9.99549E-05 0.111915 0.0200172 0.740818 0.12675 9.99549E-05 9.99549E-05 9.99549E-05 9.99549E-05
9.99641E-05 0.319724 0.100931 9.99641E-05 0.354238 9.99641E-05 0.0292614 0.195446 9.99641E-05
0.140761 0.327188 0.0590293 0.239481 9.9982E-05 9.9982E-05 0.0844452 0.0422319 0.106663
9.9964E-05 9.9964E-05 0.00915083 0.182508 0.213234 9.9964E-05 9.9964E-05 0.589679 0.00502838
0.907433 0.017983 0.0204232 9.9973E-05 9.9973E-05 0.0261711 0.0199798 9.9973E-05 0.00771041
9.9964E-05 0.489921 0.0391161 0.05745 9.9964E-05 9.9964E-05 0.0848194 0.328293 9.9964E-05
0.0180031 9.9964E-05 0.0871038 0.0147233 0.828108 9.9964E-05 0.0516615 9.9964E-05 9.9964E-05
0.0270822 0.453785 0.0414946 0.0235804 9.9982E-05 0.081974 9.9982E-05 0.162769 0.209115
9.9973E-05 0.0200635 0.0436792 0.238141 0.447796 0.191061 0.0589593 9.9973E-05 9.9973E-05
0.128978 0.105955 0.000267682 0.168971 0.20504 0.301735 0.00304376 0.0859099 9.9991E-05
0.0343732 0.0333692 9.9991E-05 0.249681 0.250473 0.0838108 0.0502928 0.187184 0.110716
9.99731E-05 0.252432 0.000664008 0.0528766 0.338076 0.318796 0.036856 9.99731E-05 9.99731E-05
0.472181 9.9973E-05 0.136218 0.117758 0.189999 0.0322611 9.9973E-05 0.0512836 9.9973E-05
0.271199 0.274059 9.99549E-05 9.99549E-05 0.317897 9.99549E-05 9.99549E-05 0.136345 9.99549E-05
0.0998579 0.400457 0.0131497 0.178943 0.0511345 0.0404118 0.0294624 0.186484 9.9991E-05
0.999201 9.993E-05 9.993E-05 9.993E-05 9.993E-05 9.993E-05 9.993E-05 9.993E-05 9.993E-05
0.0622426 0.307588 0.0677172 0.0137411 0.121915 0.146828 0.109256 0.0505346 0.120178
0.00118163 9.99459E-05 9.99459E-05 0.0316116 9.99459E-05 9.99459E-05 0.966607 9.99459E-05 9.99459E-05
0.0969851 9.9982E-05 0.0149597 0.275777 0.0493226 9.9982E-05 0.0971682 0.34063 0.124957
9.9982E-05 0.150287 9.9982E-05 0.121682 0.283613 0.00186461 0.0265909 0.181583 0.234179
0.0261408 0.332804 9.9982E-05 0.209023 0.238081 0.0825181 0.00858431 9.9982E-05 0.102649
0.0287954 0.157219 0.0200515 0.160414 0.263229 9.9982E-05 0.021799 0.348292 9.9982E-05
0.156086 0.469358 9.9973E-05 9.9973E-05 9.9973E-05 0.157163 0.0383278 0.135638 0.043127
9.9973E-05 0.147094 0.054341 0.215443 9.9973E-05 0.252529 9.9973E-05 0.267509 0.0627842
0.00978594 0.0122238 0.0775021 0.0401198 0.453255 0.141861 0.150216 9.9991E-05 0.114937
0.175519 9.9973E-05 0.116739 9.9973E-05 0.29559 0.0478697 0.0185787 0.345405 9.9973E-05
0.0759132 9.9982E-05 9.9982E-05 0.0369877 0.352465 0.17589 0.0631726 0.166074 0.129299
0.481689 0.0308413 0.0897776 9.9991E-05 0.164512 0.0740179 0.0386361 0.0839502 0.036476
9.9991E-05 0.0929184 0.019355 0.137945 0.357657 0.176215 0.0751151 0.100144 0.0405502
0.999201 9.993E-05 9.993E-05 9.993E-05 9.993E-05 9.993E-05 9.993E-05 9.993E-05 9.993E-05
9.9964E-05 0.328381 9.9964E-05 0.201261 9.9964E-05 0.0327185 0.139338 0.297901 9.9964E-05
9.9964E-05 0.11139 0.0693216 0.587448 9.9964E-05 0.163049 9.9964E-05 0.0683912 9.9964E-05
0.0447941 9.9973E-05 0.0178628 9.9973E-05 0.303009 0.501974 0.00281671 0.129243 9.9973E-05
0.0163144 0.181425 0.0266558 0.253959 9.9973E-05 9.9973E-05 0.0575889 0.463757 9.9973E-05
0.0571875 0.210738 0.097003 0.399238 9.9982E-05 0.198009 0.000132996 9.9982E-05 0.0374912
0.38204 0.115695 0.194228 0.169064 9.9973E-05 0.121407 0.017266 9.9973E-05 9.9973E-05
0.24866 0.107499 0.0606504 9.9955E-05 9.9955E-05 0.582691 9.9955E-05 9.9955E-05 9.9955E-05
9.9982E-05 0.211107 0.0269855 9.9982E-05 0.25308 0.120673 0.0477939 0.13241 0.20775
0.111357 0.102722 0.0228846 9.9964E-05 0.367123 9.9964E-05 9.9964E-05 0.395514 9.9964E-05
9.99371E-05 0.829665 9.99371E-05 9.99371E-05 0.169635 9.99371E-05 9.99371E-05 9.99371E-05 9.99371E-05
9.9973E-05 0.0585012 0.0272117 0.107379 0.0690194 9.9973E-05 9.9973E-05 0.684228 0.0533602
0.144547 9.9982E-05 0.00559266 0.0936094 0.185252 0.168241 0.0273637 0.375194 9.9982E-05
9.9964E-05 0.0856983 9.9964E-05 9.9964E-05 0.39035 0.0697081 9.9964E-05 0.366995 0.0868479
0.107003 9.9964E-05 0.0284341 0.15845 0.0418589 9.9964E-05 9.9964E-05 0.663855 9.9964E-05
9.9964E-05 0.202318 0.0415117 0.574535 9.9964E-05 0.0958894 9.9964E-05 0.0853454 9.9964E-05
9.9955E-05 0.0235751 0.0803135 9.9955E-05 0.355575 0.540036 9.9955E-05 9.9955E-05 9.9955E-05
0.245796 0.311345 9.9973E-05 0.0401627 0.283602 0.096763 0.0220309 9.9973E-05 9.9973E-05
0.179419 0.234071 0.0387621 9.9982E-05 9.9982E-05 0.342522 0.00277168 0.118946 0.0833081
0.0149473 0.0494318 9.9982E-05 0.291505 0.365191 0.0362335 0.092501 0.149991 9.9982E-05
0.0223305 0.255658 0.145903 0.0877935 0.148911 0.0100945 0.0942166 0.234993 9.9991E-05
9.99459E-05 9.99459E-05 9.99459E-05 9.99459E-05 0.0888515 9.99459E-05 9.99459E-05 0.0057823 0.904767
9.993E-05 9.993E-05 9.993E-05 9.993E-05 9.993E-05 9.993E-05 9.993E-05 9.993E-05 0.999201
0.0298882 0.261915 0.070518 0.0583761 0.185517 9.9991E-05 0.0190113 0.287435 0.0872389
9.9964E-05 9.9964E-05 0.0682132 0.128694 9.9964E-05 0.620962 0.0552061 0.126524 9.9964E-05
0.0338247 0.243555 0.0365284 0.0625992 0.185608 0.305632 0.0814554 0.0506972 9.9991E-05
9.9973E-05 0.456244 0.0737708 9.9973E-05 9.9973E-05 0.131271 0.0266751 0.209341 0.102398
0.0214577 0.0310624 9.9973E-05 9.9973E-05 0.437614 0.0805106 0.0888818 0.340174 9.9973E-05
0.0020188 0.153893 0.0544075 0.144182 9.9973E-05 9.9973E-05 0.0189971 0.626202 9.9973E-05
0.0450199 0.12861 0.0754945 0.0482624 0.291291 0.266024 0.0555091 9.9991E-05 0.0896893
0.362996 0.167215 0.115811 0.153296 9.9982E-05 0.174985 0.00316871 0.0223278 9.9982E-05
0.0475368 0.254658 0.0260176 0.277583 0.227165 0.0251155 0.119197 9.9991E-05 0.0226277
9.993E-05 9.993E-05 0.999201 9.993E-05 9.993E-05 9.993E-05 9.993E-05 9.993E-05 9.993E-05
9.9964E-05 9.9964E-05 0.0649688 0.534375 9.9964E-05 0.245252 0.0794066 9.9964E-05 0.0755979
9.9964E-05 9.9964E-05 0.00423196 0.156346 0.470484 9.9964E-05 0.223981 9.9964E-05 0.144557
9.9964E-05 0.0828134 0.0182614 9.9964E-05 0.368065 9.9964E-05 0.00335067 0.527109 9.9964E-05
9.9991E-05 0.260615 0.0430828 0.0838956 0.35703 0.0295036 0.1205 0.0478822 0.0573911
0.0147823 0.147515 0.0836131 0.0753265 9.9982E-05 0.210862 9.9982E-05 0.446329 0.0213726
0.0450142 0.188377 0.0368086 9.9991E-05 0.155337 0.149759 0.00548761 0.256333 0.162784
9.9982E-05 0.353256 0.0489011 0.0440829 0.272033 0.107156 9.9982E-05 0.150342 0.0240298
0.284933 0.0985534 0.054989 0.173813 0.0331432 0.119152 0.0845215 9.9991E-05 0.150795
9.9973E-05 0.0635117 0.102834 0.0700824 0.205526 0.272189 9.9973E-05 0.285556 9.9973E-05
0.12653 0.0871276 0.0819952 0.0571279 0.260853 0.186958 9.9991E-05 0.129355 0.0699527
0.157587 9.9946E-05 9.9946E-05 0.823852 9.9946E-05 9.9946E-05 9.9946E-05 9.9946E-05 0.017962
0.0208815 0.424441 0.086685 0.0683554 0.28253 0.0954307 9.9982E-05 0.0214762 9.9982E-05
9.9973E-05 0.077473 0.0940883 0.32182 9.9973E-05 0.224513 0.0355857 0.24622 9.9973E-05
9.993E-05 9.993E-05 0.999201 9.993E-05 9.993E-05 9.993E-05 9.993E-05 9.993E-05 9.993E-05
9.99729E-05 0.292153 0.338647 0.0370788 0.138516 9.99729E-05 0.0568612 9.99729E-05 0.136444
0.0110597 9.9973E-05 9.9973E-05 0.0640792 0.23984 0.331788 0.0534772 9.9973E-05 0.299456
0.121212 0.0760993 0.0503919 0.149929 0.0147659 0.322997 9.9991E-05 0.205093 0.0594126
9.9955E-05 9.9955E-05 0.0344627 0.691918 9.9955E-05 0.126329 9.9955E-05 0.14679 9.9955E-05
9.9991E-05 0.161906 0.0291748 0.0977963 0.141538 0.237134 0.00700994 0.22668 0.0986611
9.9964E-05 0.693086 0.0218337 0.0414759 0.131033 9.9964E-05 0.112172 9.9964E-05 9.9964E-05
9.993E-05 9.993E-05 9.993E-05 9.993E-05 9.993E-05 9.993E-05 9.993E-05 9.993E-05 0.999201
0.01416 0.528966 0.0827359 0.217355 9.9991E-05 0.127729 0.00236179 0.0203283 0.00626444
0.0380102 0.289954 9.9982E-05 0.0271905 0.0941439 0.0296914 9.9982E-05 0.452184 0.0686261
0.212044 0.265928 0.0658143 0.0281956 0.117429 9.9991E-05 0.137813 0.0356001 0.137077
0.119869 9.9982E-05 0.12241 0.158409 0.560139 0.00385072 0.0126358 9.9982E-05 0.0224861
9.9955E-05 0.38557 9.9955E-05 9.9955E-05 9.9955E-05 0.111579 9.9955E-05 0.0385971 0.463754
9.9982E-05 0.294102 0.0798309 0.133459 0.312899 0.0668425 9.9982E-05 0.110155 0.00251142
9.9955E-05 0.483087 9.9955E-05 9.9955E-05 0.209581 0.175517 0.131315 9.9955E-05 9.9955E-05
9.9964E-05 0.156264 0.0795665 9.9964E-05 0.593133 0.130025 9.9964E-05 9.9964E-05 0.0406113
0.0491666 0.128879 9.9991E-05 0.151284 0.229863 0.102748 0.0901643 0.0201054 0.227689
9.993E-05 9.993E-05 9.993E-05 9.993E-05 9.993E-05 9.993E-05 0.999201 9.993E-05 9.993E-05
0.0574048 0.0772353 0.0155892 0.0778827 0.0820262 0.182806 0.0584888 0.314454 0.134113
0.0459126 0.868534 9.9946E-05 9.9946E-05 9.9946E-05 9.9946E-05 0.0849534 9.9946E-05 9.9946E-05
0.0586222 0.0362523 0.127236 0.112218 0.0327193 0.131626 0.0137892 0.442725 0.0448127
0.0209179 9.9982E-05 0.0108066 0.32566 9.9982E-05 0.0625349 0.0306996 0.245491 0.30369
0.21064 0.0527789 9.9973E-05 0.317438 0.264144 0.0376878 9.9973E-05 0.117011 9.9973E-05
0.0597958 0.139994 0.00712739 0.202193 0.459628 9.9982E-05 0.0443539 9.9982E-05 0.0867073
9.993E-05 9.993E-05 9.993E-05 9.993E-05 9.993E-05 9.993E-05 0.999201 9.993E-05 9.993E-05
0.0269611 0.117449 0.0771464 9.9973E-05 0.647349 0.0660486 9.9973E-05 0.0647453 9.9973E-05
0.104676 0.376612 0.0498285 0.191588 9.9982E-05 9.9982E-05 0.149292 0.0438436 0.0839602
9.99639E-05 9.99639E-05 0.0164755 0.214734 0.401267 0.344205 9.99639E-05 9.99639E-05 0.0229193
0.0715662 0.350132 9.9964E-05 0.276337 0.0738271 9.9964E-05 9.9964E-05 9.9964E-05 0.227738
