9.9982E-05 0.0788578 0.294543 9.9982E-05 0.138092 0.263227 0.22508
9.99731E-05 0.18353 9.99731E-05 0.222848 0.358263 9.99731E-05 0.235059
0.119 0.385196 9.99732E-05 0.317741 0.177763 9.99732E-05 9.99732E-05
0.14192 0.230561 0.10584 9.99821E-05 0.244331 9.99821E-05 0.277148
9.99641E-05 0.013377 9.99641E-05 0.382831 9.99641E-05 0.603392 9.99641E-05
0.0214656 0.152016 0.161136 0.00832665 0.381465 0.27549 9.9991E-05
9.99821E-05 9.99821E-05 0.192931 0.193069 0.133997 0.322774 0.15703
9.99642E-05 9.99642E-05 9.99642E-05 9.99642E-05 0.729963 0.263826 0.00581137
0.126492 0.100705 9.99821E-05 0.188996 9.99821E-05 0.105848 0.477759
0.282654 0.0760184 0.317344 9.99821E-05 0.0192697 9.99821E-05 0.304514
0.315176 0.165834 9.9973E-05 9.9973E-05 0.151741 9.9973E-05 0.366949
9.99731E-05 0.0426586 9.99731E-05 0.391544 9.99731E-05 0.159637 0.405861
0.0989329 9.99821E-05 0.0620719 9.99821E-05 0.0249374 0.515543 0.298315
9.99731E-05 9.99731E-05 0.0824866 0.551534 0.135888 0.229791 9.99731E-05
9.99553E-05 9.99553E-05 9.99553E-05 0.566685 9.99553E-05 9.99553E-05 0.432816
9.99732E-05 0.115231 9.99732E-05 0.362939 9.99732E-05 0.497318 0.0242127
0.136439 0.185086 9.99821E-05 0.382203 0.0571932 9.99821E-05 0.238879
0.0350697 0.116415 0.323641 0.112523 0.313093 9.9991E-05 0.0991586
9.99642E-05 9.99642E-05 0.104791 9.99642E-05 0.383178 9.99642E-05 0.51163
9.9982E-05 0.0430295 0.0402385 0.47533 0.150027 0.291175 9.9982E-05
0.274429 9.99552E-05 0.725071 9.99552E-05 9.99552E-05 9.99552E-05 9.99552E-05
0.209575 9.99731E-05 9.99731E-05 9.99731E-05 0.000884506 0.429813 0.359428
0.110243 0.239967 0.239548 9.9991E-05 0.252405 0.0200082 0.137729
9.99641E-05 0.498671 0.0591954 9.99641E-05 9.99641E-05 0.441733 9.99641E-05
0.227563 0.408405 9.99731E-05 9.99731E-05 0.198704 9.99731E-05 0.165028
9.9973E-05 9.9973E-05 0.0251874 9.9973E-05 0.120123 0.649342 0.205048
9.99821E-05 0.0953965 0.198664 9.99821E-05 0.0198967 0.0140536 0.671789
0.0497052 0.00216442 0.112767 0.077126 0.600884 9.99911E-05 0.157253
0.294457 9.99641E-05 9.99641E-05 0.243306 0.461838 9.99641E-05 9.99641E-05
0.0490262 0.734478 9.99731E-05 9.99731E-05 9.99731E-05 0.159255 0.0569411
0.0789569 9.99732E-05 0.602952 9.99732E-05 0.170609 0.147183 9.99732E-05
9.99731E-05 0.118751 9.99731E-05 0.570291 0.127479 9.99731E-05 0.18318
0.146642 0.11339 0.353164 0.371844 9.99821E-05 9.99821E-05 0.0147603
9.99731E-05 0.000249191 9.99731E-05 0.453941 0.4018 9.99731E-05 0.14371
9.9982E-05 0.254768 0.0721781 9.9982E-05 0.371355 0.223203 0.0782958
9.999E-05 0.0312654 0.485019 0.125003 0.0335182 0.233536 0.0915588
9.99732E-05 9.99732E-05 0.141182 9.99732E-05 0.41204 0.335362 0.111116
0.289567 0.250655 0.45256 9.99731E-05 0.0069183 9.99731E-05 9.99731E-05
9.99821E-05 0.141005 0.195044 0.0301131 0.480706 9.99821E-05 0.152932
9.9982E-05 0.131063 0.147087 0.0914327 0.612776 9.9982E-05 0.0174408
0.00866019 0.350593 9.99732E-05 0.178881 9.99732E-05 9.99732E-05 0.461566
0.0399762 9.99732E-05 0.165591 0.147913 9.99732E-05 9.99732E-05 0.64622
0.00472993 0.00821472 0.248735 9.9991E-05 0.123421 0.465941 0.148858
0.00194282 9.99821E-05 9.99821E-05 0.152186 0.251485 0.148612 0.445573
0.130575 0.152199 9.99821E-05 0.118697 0.275117 9.99821E-05 0.323213
9.99821E-05 0.00118054 0.155513 0.240263 0.377509 9.99821E-05 0.225334
0.0166672 0.00354656 0.136558 0.388892 9.99821E-05 9.99821E-05 0.454136
9.9973E-05 0.0447442 0.223683 0.244244 9.9973E-05 9.9973E-05 0.487029
9.99555E-05 9.99555E-05 9.99555E-05 9.99555E-05 0.32021 9.99555E-05 0.679291
9.9973E-05 0.00173043 0.110344 9.9973E-05 0.643717 0.243909 9.9973E-05
9.9964E-05 0.0834869 9.9964E-05 9.9964E-05 0.586454 0.329659 9.9964E-05
0.199102 0.113177 0.500827 0.186595 9.99731E-05 9.99731E-05 9.99731E-05
9.99641E-05 0.195198 9.99641E-05 9.99641E-05 9.99641E-05 0.382132 0.42227
0.0630436 0.182734 9.99732E-05 9.99732E-05 0.599944 9.99732E-05 0.153978
0.0150808 0.0262939 0.226009 0.40902 9.9991E-05 0.310118 0.0133784
0.0886498 9.99732E-05 0.133028 9.99732E-05 9.99732E-05 0.621239 0.156784
9.99731E-05 0.312682 9.99731E-05 9.99731E-05 0.311909 0.184187 0.190922
9.99733E-05 9.99733E-05 0.289818 0.123454 9.99733E-05 0.478724 0.107704
9.9973E-05 9.9973E-05 0.124052 0.346797 0.192549 9.9973E-05 0.336303
0.0622495 9.9982E-05 0.449832 9.9982E-05 0.169337 0.140666 0.177715
0.0292927 0.125944 9.99731E-05 9.99731E-05 0.655854 9.99731E-05 0.188609
9.9973E-05 0.088606 0.274023 0.129076 9.9973E-05 9.9973E-05 0.507996
9.99821E-05 9.99821E-05 0.00557133 0.0583438 0.00451198 0.10768 0.823693
9.99642E-05 0.544404 9.99642E-05 0.161506 0.29369 9.99642E-05 9.99642E-05
0.0564364 9.99643E-05 9.99643E-05 9.99643E-05 0.439111 0.504053 9.99643E-05
0.108286 0.239415 9.99821E-05 0.0798667 0.0217484 9.99821E-05 0.550484
9.9982E-05 0.117232 0.341201 0.0527439 0.41204 0.0765826 9.9982E-05
9.99642E-05 9.99642E-05 0.0951362 9.99642E-05 0.237076 9.99642E-05 0.667388
9.99731E-05 9.99731E-05 0.132016 9.99731E-05 0.639932 0.0133639 0.214388
0.196962 0.0629598 0.189216 9.99911E-05 0.317087 0.0861399 0.147536
0.0318663 9.99821E-05 0.118628 0.488007 0.276395 9.99821E-05 0.0849034
9.99552E-05 0.0701045 9.99552E-05 9.99552E-05 9.99552E-05 9.99552E-05 0.929396
9.99732E-05 9.99732E-05 0.328303 0.00548293 0.17689 0.489024 9.99732E-05
9.99643E-05 0.11036 9.99643E-05 9.99643E-05 0.50689 9.99643E-05 0.38235
9.99733E-05 0.158274 9.99733E-05 0.0587329 0.506281 0.276413 9.99733E-05
9.99731E-05 9.99731E-05 0.0848435 0.45669 9.99731E-05 0.000375945 0.457791
9.99644E-05 9.99644E-05 9.99644E-05 0.248838 9.99644E-05 0.238708 0.512054
0.335576 0.066959 0.236508 9.99731E-05 9.99731E-05 9.99731E-05 0.360656
0.307296 0.00605796 9.9991E-05 0.0556599 0.297814 0.120417 0.212655
0.0523126 9.99731E-05 9.99731E-05 0.634417 0.179539 0.133431 9.99731E-05
9.99732E-05 9.99732E-05 9.99732E-05 0.145308 0.787149 0.00535041 0.0618932
0.254193 0.0397468 9.9991E-05 0.204259 0.133803 0.31281 0.0550877
9.99553E-05 9.99553E-05 0.727024 9.99553E-05 0.272476 9.99553E-05 9.99553E-05
0.077116 0.309186 9.9991E-05 0.241376 0.235594 0.000238857 0.13639
9.99821E-05 0.213586 0.297484 0.121712 0.067253 9.99821E-05 0.299765
9.9991E-05 0.00480027 0.184851 0.0248885 0.25628 0.0247052 0.504375
9.99821E-05 0.116815 0.441347 0.326089 0.0895054 9.99821E-05 0.0260442
0.00131851 0.607202 9.9982E-05 0.0392863 9.9982E-05 0.267639 0.0843544
0.3381 0.123053 0.0867018 0.0183814 0.365802 9.99911E-05 0.0678624
0.37502 9.99731E-05 9.99731E-05 0.14789 9.99731E-05 0.273256 0.203535
9.99643E-05 0.744225 9.99643E-05 0.117564 9.99643E-05 0.13781 9.99643E-05
0.046189 9.99732E-05 0.447119 0.0687737 9.99732E-05 0.437619 9.99732E-05
0.101927 9.99821E-05 0.267762 0.142458 9.99821E-05 0.00433643 0.483316
0.161479 0.184812 0.163359 0.490051 9.99731E-05 9.99731E-05 9.99731E-05
9.9973E-05 0.0445142 0.200101 0.108609 9.9973E-05 9.9973E-05 0.646476
9.99731E-05 0.0662119 9.99731E-05 0.554844 0.226706 9.99731E-05 0.151938
0.11333 0.00947051 0.192796 0.219518 9.9991E-05 0.445756 0.0190294
9.99641E-05 9.99641E-05 0.211377 0.355836 9.99641E-05 9.99641E-05 0.432387
9.9982E-05 0.313905 0.0790932 0.0263643 0.37624 0.204198 9.9982E-05
9.9973E-05 0.465723 0.252015 9.9973E-05 9.9973E-05 0.156609 0.125353
9.99732E-05 0.0369219 0.438919 0.12131 9.99732E-05 0.402549 9.99732E-05
9.99553E-05 0.985647 0.0138533 9.99553E-05 9.99553E-05 9.99553E-05 9.99553E-05
0.252088 0.124847 0.498429 9.99732E-05 9.99732E-05 9.99732E-05 0.124336
0.9994 9.995E-05 9.995E-05 9.995E-05 9.995E-05 9.995E-05 9.995E-05
9.9982E-05 9.9982E-05 0.0141985 0.168258 0.677779 0.0236205 0.115944
9.9991E-05 0.15408 0.0104665 0.0389492 0.11489 0.0631147 0.6184
9.9991E-05 0.0477809 0.222908 0.283626 0.110053 0.304197 0.0313354
0.00324053 9.99642E-05 0.0545556 9.99642E-05 0.941804 9.99642E-05 9.99642E-05
0.0248555 0.0173541 9.99821E-05 9.99821E-05 0.653303 0.187414 0.116874
0.33359 0.0553858 0.127034 0.0338275 0.449963 9.99821E-05 9.99821E-05
9.99821E-05 0.156077 0.206057 0.429202 9.99821E-05 0.0609099 0.147554
9.99731E-05 0.0154709 9.99731E-05 9.99731E-05 0.228535 0.688666 0.0670279
9.99731E-05 0.412859 0.00501413 0.234838 0.34699 9.99731E-05 9.99731E-05
0.152719 9.99642E-05 9.99642E-05 9.99642E-05 0.475718 0.371163 9.99642E-05
9.995E-05 0.9994 9.995E-05 9.995E-05 9.995E-05 9.995E-05 9.995E-05
0.302433 9.99732E-05 9.99732E-05 0.507414 9.99732E-05 0.100185 0.089668
9.99553E-05 9.99553E-05 9.99553E-05 9.99553E-05 0.192972 9.99553E-05 0.806529
0.047355 0.0830558 0.0174068 9.9991E-05 0.291155 0.218372 0.342555
0.171014 0.035186 9.9973E-05 9.9973E-05 0.34146 0.45204 9.9973E-05
9.9982E-05 0.0995079 0.285045 0.288401 0.258261 9.9982E-05 0.0685846
9.99641E-05 0.285831 9.99641E-05 9.99641E-05 9.99641E-05 0.493074 0.220695
9.99641E-05 0.330982 0.350827 0.317791 9.99641E-05 9.99641E-05 9.99641E-05
9.99731E-05 0.134574 9.99731E-05 0.414356 0.302782 0.147987 9.99731E-05
9.99821E-05 9.99821E-05 0.554357 0.331155 0.0445051 0.0405664 0.0292158
9.99732E-05 0.273714 9.99732E-05 0.305305 0.0965651 9.99732E-05 0.324116
9.9973E-05 9.9973E-05 0.163857 9.9973E-05 0.093053 0.299882 0.442908
9.99642E-05 0.150681 9.99642E-05 0.353284 9.99642E-05 9.99642E-05 0.495635
0.0806836 9.99731E-05 9.99731E-05 0.108795 0.586568 9.99731E-05 0.223653
0.176288 0.278003 0.237746 9.99732E-05 0.307662 9.99732E-05 9.99732E-05
0.0439134 0.219139 0.262547 0.153455 0.320746 9.99821E-05 9.99821E-05
9.99554E-05 9.99554E-05 0.341155 9.99554E-05 9.99554E-05 9.99554E-05 0.658345
0.0486345 0.0552244 0.283506 0.1361 0.156367 0.228204 0.0919644
0.0860662 9.99642E-05 9.99642E-05 9.99642E-05 0.355489 9.99642E-05 0.558045
0.246105 9.99731E-05 0.347751 9.99731E-05 0.296177 9.99731E-05 0.109667
0.0595408 9.99642E-05 0.633954 9.99642E-05 9.99642E-05 9.99642E-05 0.306106
9.99732E-05 9.99732E-05 0.22021 0.169145 0.413495 0.196851 9.99732E-05
0.084369 9.99732E-05 9.99732E-05 0.00653946 0.694367 0.214425 9.99732E-05
9.995E-05 9.995E-05 9.995E-05 9.995E-05 0.9994 9.995E-05 9.995E-05
0.114836 9.99731E-05 0.380719 0.173152 9.99731E-05 9.99731E-05 0.330993
9.99732E-05 9.99732E-05 9.99732E-05 0.0462075 0.836143 0.0796524 0.0376974
0.127574 0.0459715 9.99822E-05 9.99822E-05 0.61667 0.131037 0.0785467
0.105289 0.15271 0.670646 9.99821E-05 0.0271755 9.99821E-05 0.0439798
0.0990945 9.9982E-05 0.179106 0.470445 9.9982E-05 0.0363513 0.214803
0.398901 0.0102751 0.0763251 9.99821E-05 9.99821E-05 0.333966 0.180333
0.00805258 0.404762 0.0482214 9.99821E-05 0.321684 9.99821E-05 0.21708
0.109107 9.9982E-05 9.9982E-05 0.355989 0.194608 0.202455 0.137641
9.99642E-05 9.99642E-05 0.405342 9.99642E-05 0.0243232 9.99642E-05 0.569935
0.11574 0.172172 0.0723641 9.9991E-05 0.501651 0.13415 0.0038235
0.0987633 0.13371 0.381104 0.13182 9.99821E-05 0.254403 9.99821E-05
0.0358248 9.99732E-05 0.416999 0.214604 9.99732E-05 9.99732E-05 0.332272
0.314524 9.99821E-05 0.063032 0.0195405 9.99821E-05 0.281493 0.321211
9.99732E-05 9.99732E-05 9.99732E-05 0.0304608 0.116913 0.0972733 0.755053
0.10473 9.9982E-05 0.0264871 0.0919263 0.52147 0.255186 9.9982E-05
9.9991E-05 0.0157146 0.0899805 0.262471 0.156782 0.466403 0.00854903
9.99643E-05 0.294264 0.476261 9.99643E-05 9.99643E-05 0.229075 9.99643E-05
0.0454311 9.99643E-05 9.99643E-05 0.417836 0.536333 9.99643E-05 9.99643E-05
0.141286 0.0897995 0.126068 0.505294 0.137353 9.99821E-05 9.99821E-05
0.154616 9.99732E-05 9.99732E-05 9.99732E-05 0.177269 0.44341 0.224405
9.99553E-05 9.99553E-05 9.99553E-05 9.99553E-05 0.718784 0.280716 9.99553E-05
0.075446 0.16232 0.292129 9.99821E-05 0.320111 9.99821E-05 0.149795
9.99553E-05 9.99553E-05 0.381319 9.99553E-05 9.99553E-05 9.99553E-05 0.618181
9.99731E-05 9.99731E-05 0.0679128 9.99731E-05 0.348706 0.041941 0.541141
9.99821E-05 0.129914 0.0538597 0.255269 0.364554 9.99821E-05 0.196203
0.0307076 9.99732E-05 0.00351084 0.296944 9.99732E-05 9.99732E-05 0.668537
0.0123755 9.99643E-05 9.99643E-05 9.99643E-05 9.99643E-05 0.19128 0.795945
9.9973E-05 0.118695 0.19135 9.9973E-05 9.9973E-05 0.438817 0.250838
0.000786513 9.99821E-05 0.0538329 0.129834 0.450343 0.365003 9.99821E-05
0.15733 9.99732E-05 9.99732E-05 0.392645 0.433386 9.99732E-05 0.016339
9.99732E-05 0.0053585 0.0668297 0.825391 9.99732E-05 0.102121 9.99732E-05
9.9991E-05 0.196414 0.080271 0.120845 0.179056 0.00845015 0.414863
0.0169093 0.146119 9.99732E-05 9.99732E-05 0.672493 9.99732E-05 0.164179
0.0048855 9.99821E-05 0.136548 0.333119 0.315961 0.209287 9.99821E-05
0.109223 9.99731E-05 0.123978 0.604344 9.99731E-05 9.99731E-05 0.162155
9.99731E-05 0.213039 0.123676 9.99731E-05 0.463273 9.99731E-05 0.199712
9.99731E-05 0.0283168 9.99731E-05 9.99731E-05 0.465867 0.495694 0.0098225
9.99643E-05 9.99643E-05 9.99643E-05 0.230718 0.361782 0.4071 9.99643E-05
9.99911E-05 0.312255 0.243373 0.0164081 0.0330438 0.156195 0.238626
0.707653 9.99552E-05 0.291847 9.99552E-05 9.99552E-05 9.99552E-05 9.99552E-05
0.0313143 0.11266 0.52002 9.99911E-05 0.107891 0.025292 0.202723
0.130208 0.0398488 9.99731E-05 0.367947 9.99731E-05 9.99731E-05 0.461697
9.99553E-05 9.99553E-05 0.539755 9.99553E-05 9.99553E-05 9.99553E-05 0.459745
0.0474782 9.9991E-05 0.543302 0.0233665 0.00825813 0.103981 0.273514
0.018334 9.9982E-05 0.344279 9.9982E-05 0.0234352 0.293401 0.320351
0.01987 9.99643E-05 9.99643E-05 9.99643E-05 0.448661 0.531069 9.99643E-05
0.988964 9.9955E-05 9.9955E-05 9.9955E-05 0.0105365 9.9955E-05 9.9955E-05
9.99732E-05 9.99732E-05 9.99732E-05 0.332488 0.104525 0.144892 0.417796
9.99731E-05 9.99731E-05 0.167898 0.205242 0.475087 9.99731E-05 0.151473
9.99731E-05 0.300924 0.123174 9.99731E-05 0.514716 0.0608855 9.99731E-05
9.9982E-05 0.215485 0.470646 0.223426 0.0771817 0.0130618 9.9982E-05
