0.585495 0.0253744 0.121275 9.99821E-05 0.267656 9.99821E-05
0.409539 0.266052 9.99821E-05 9.99821E-05 0.073919 0.25029
0.350745 0.147707 9.99821E-05 0.168427 0.332921 9.99821E-05
0.144809 0.312679 0.328418 0.0155219 0.198472 9.9991E-05
9.99731E-05 0.242484 9.99731E-05 9.99731E-05 0.135889 0.621327
0.161251 0.114737 9.9991E-05 0.198199 0.264521 0.261191
0.0984492 0.104386 9.99821E-05 9.99821E-05 0.343119 0.453846
0.163841 9.99821E-05 0.0248116 9.99821E-05 0.676043 0.135105
9.99821E-05 0.0592612 0.654025 0.143087 9.99821E-05 0.143427
0.830131 9.99642E-05 9.99642E-05 0.169469 9.99642E-05 9.99642E-05
0.132545 0.182457 0.225459 0.237546 0.221892 9.9991E-05
9.99821E-05 0.0461783 0.561706 9.99821E-05 0.0854436 0.306472
9.99821E-05 0.0962704 0.505423 9.99821E-05 0.203667 0.19444
0.513852 0.0447817 9.99731E-05 9.99731E-05 9.99731E-05 0.441067
0.000223762 9.99911E-05 0.675312 0.0461042 0.250442 0.027818
9.99821E-05 0.254307 0.0380484 9.99821E-05 0.573358 0.134087
0.0108345 0.140918 0.253752 0.274357 0.13663 0.183508
0.451573 0.029637 9.9991E-05 0.20847 0.109964 0.200255
9.99642E-05 9.99642E-05 0.869107 9.99642E-05 0.130494 9.99642E-05
0.926076 9.99732E-05 9.99732E-05 0.016998 9.99732E-05 0.0566257
0.667492 9.99642E-05 9.99642E-05 0.332108 9.99642E-05 9.99642E-05
9.99731E-05 0.195594 0.695444 9.99731E-05 0.108662 9.99731E-05
0.09173 0.227568 9.9991E-05 0.244735 0.275121 0.160746
9.99821E-05 0.642195 0.0164749 0.0893726 9.99821E-05 0.251757
0.0581011 0.340892 9.99821E-05 0.284534 0.316273 9.99821E-05
0.158662 0.374938 0.105956 9.9982E-05 0.360244 9.9982E-05
0.702012 9.99731E-05 0.295197 0.00249073 9.99731E-05 9.99731E-05
9.999E-05 0.00593938 0.134905 0.0765358 0.323056 0.459463
0.139516 9.99821E-05 0.0213659 0.192228 0.646691 9.99821E-05
9.99821E-05 0.974369 0.0055772 0.00301329 0.0168405 9.99821E-05
0.0920229 9.99821E-05 0.118175 0.157931 9.99821E-05 0.631671
0.368767 9.99821E-05 0.108685 9.99821E-05 0.351674 0.170674
0.317965 0.148227 0.000745678 0.388206 0.100894 0.0439618
0.0744649 0.102011 0.236849 9.9991E-05 0.498363 0.0882116
9.99641E-05 0.313359 9.99641E-05 9.99641E-05 0.686241 9.99641E-05
0.787768 9.99821E-05 9.99821E-05 0.0997617 0.0819372 0.0303328
9.99732E-05 9.99732E-05 9.99732E-05 0.0629874 0.450515 0.486198
9.99821E-05 0.187406 9.99821E-05 0.6163 0.186762 0.00933181
0.0916879 0.127731 0.130322 0.0115081 0.399693 0.239058
0.0861523 9.9991E-05 0.0607573 0.250723 0.449363 0.152905
0.30208 0.310591 0.219609 9.99821E-05 9.99821E-05 0.16752
0.424378 0.293636 0.281687 9.99732E-05 9.99732E-05 9.99732E-05
0.55083 9.9991E-05 0.0650529 0.155326 0.0739473 0.154744
0.047416 0.0716923 0.495467 0.0872803 0.25034 0.0478046
0.382376 9.99911E-05 0.016969 0.0413226 0.466984 0.0922487
0.493093 0.0491411 0.0675306 0.0368342 0.353301 9.99911E-05
0.747003 0.044161 0.026506 9.99821E-05 0.18213 9.99821E-05
0.443849 9.9991E-05 0.278428 0.0539877 0.0763705 0.147265
0.550684 9.99733E-05 0.081448 9.99733E-05 0.367568 9.99733E-05
0.427511 9.99641E-05 9.99641E-05 9.99641E-05 0.572089 9.99641E-05
9.99641E-05 0.297187 9.99641E-05 9.99641E-05 0.702413 9.99641E-05
0.0422053 9.99821E-05 0.2045 0.526364 9.99821E-05 0.226731
0.0338017 0.302039 0.488419 0.0337404 0.141899 9.9991E-05
9.99643E-05 9.99643E-05 9.99643E-05 0.218366 0.781234 9.99643E-05
9.99732E-05 9.99732E-05 0.292099 0.06834 9.99732E-05 0.639262
0.00631743 0.00995777 0.543492 0.0367981 0.135142 0.268292
9.9982E-05 0.298622 0.417112 0.156222 9.9982E-05 0.127844
9.99644E-05 9.99644E-05 0.609674 9.99644E-05 9.99644E-05 0.389926
9.9982E-05 9.9982E-05 0.29498 0.092272 0.24875 0.363798
0.690959 9.9982E-05 9.9982E-05 0.189675 0.118798 0.000367856
9.99821E-05 0.186059 0.182335 0.0989734 0.532432 9.99821E-05
0.74501 0.159306 9.99731E-05 9.99731E-05 9.99731E-05 0.0953845
0.0243133 9.9982E-05 0.77993 0.0466228 0.148934 9.9982E-05
0.0426065 0.720107 9.99821E-05 9.99821E-05 0.184913 0.0521735
0.0364733 0.0848989 0.112206 0.0433792 0.633554 0.0894884
0.435685 0.0808083 0.483207 9.99731E-05 9.99731E-05 9.99731E-05
0.375583 0.178457 9.9982E-05 9.9982E-05 0.375986 0.0697743
0.0461252 9.99731E-05 0.779368 9.99731E-05 0.174206 9.99731E-05
9.99641E-05 9.99641E-05 0.428793 9.99641E-05 0.570807 9.99641E-05
0.67281 0.133409 0.0688389 0.0211057 0.103737 9.9991E-05
0.270167 9.9991E-05 0.242849 0.0462875 0.0110796 0.429517
0.172511 0.20989 0.617299 9.99731E-05 9.99731E-05 9.99731E-05
9.99643E-05 9.99643E-05 9.99643E-05 9.99643E-05 0.0689405 0.93066
0.0452198 9.99732E-05 0.331625 9.99732E-05 0.622855 9.99732E-05
9.99732E-05 0.158473 9.99732E-05 9.99732E-05 0.586445 0.254782
0.139122 9.9982E-05 0.425652 9.9982E-05 0.120447 0.314578
0.101501 0.216641 0.681558 9.99733E-05 9.99733E-05 9.99733E-05
0.174219 0.0361924 0.274753 0.141108 9.9991E-05 0.373628
0.0425307 0.0113849 0.257427 0.119726 0.397686 0.171245
0.135265 9.9991E-05 0.107171 0.00528687 0.15806 0.594118
0.149375 9.99732E-05 9.99732E-05 9.99732E-05 0.654978 0.195347
0.0858349 0.258079 0.309358 0.139603 0.207025 9.99911E-05
0.489194 9.99821E-05 9.99821E-05 0.197732 0.134227 0.178646
0.053724 0.379233 0.317652 0.0973754 0.151916 9.9991E-05
0.639654 0.0215394 0.102203 9.99821E-05 9.99821E-05 0.236403
0.731318 9.9982E-05 0.163252 9.9982E-05 0.0442587 0.060971
0.215583 0.0723712 0.182877 0.179153 9.9991E-05 0.349916
9.99731E-05 0.677023 0.102176 9.99731E-05 9.99731E-05 0.220501
9.99821E-05 0.15338 0.037055 0.328628 0.480737 9.99821E-05
0.0846969 0.0731672 0.446306 0.225125 0.170605 9.9991E-05
9.99643E-05 0.780527 9.99643E-05 9.99643E-05 0.219073 9.99643E-05
0.733891 0.0843298 9.99733E-05 9.99733E-05 9.99733E-05 0.18148
0.243286 0.293039 0.338267 0.00790313 0.117405 9.99911E-05
0.248922 0.135087 0.0659544 0.435619 9.9991E-05 0.114318
0.358997 0.0263352 0.608864 9.9982E-05 9.9982E-05 0.00560383
0.110915 0.0360742 0.237528 0.186612 9.9991E-05 0.428771
0.536571 0.156038 0.0393992 0.156123 9.9991E-05 0.111768
0.500292 9.99642E-05 0.499309 9.99642E-05 9.99642E-05 9.99642E-05
0.0671887 0.390681 9.9982E-05 9.9982E-05 0.467568 0.0743623
0.249131 0.52566 0.0458904 0.0799308 9.9991E-05 0.0992885
9.99732E-05 0.0672791 0.242224 9.99732E-05 9.99732E-05 0.690197
9.99642E-05 0.880515 9.99642E-05 0.119086 9.99642E-05 9.99642E-05
9.99821E-05 0.0648706 0.249829 0.55044 9.99821E-05 0.13466
9.996E-05 9.996E-05 9.996E-05 0.9995 9.996E-05 9.996E-05
0.168671 0.0169521 0.344684 0.0393758 0.430216 9.9991E-05
0.127869 0.129129 0.642527 0.0230213 0.0773526 9.9991E-05
0.353561 9.99821E-05 9.99821E-05 0.0560881 0.257444 0.332707
9.99821E-05 0.0480451 9.99821E-05 0.109766 0.738951 0.103038
9.99642E-05 9.99642E-05 0.24502 9.99642E-05 0.754581 9.99642E-05
0.0879619 0.0530359 9.99821E-05 0.453535 0.405267 9.99821E-05
0.045284 0.649882 0.102132 9.99821E-05 9.99821E-05 0.202502
0.280517 0.0690602 0.0782768 9.9991E-05 0.428139 0.143907
0.162822 0.557305 0.0238693 0.00512223 0.199524 0.0513575
9.99732E-05 9.99732E-05 9.99732E-05 0.102336 0.70328 0.194084
9.996E-05 0.9995 9.996E-05 9.996E-05 9.996E-05 9.996E-05
9.99732E-05 9.99732E-05 0.617802 0.305673 0.0762248 9.99732E-05
0.469541 0.0567601 0.361634 9.99821E-05 0.111865 9.99821E-05
0.189696 9.99732E-05 0.580918 9.99732E-05 0.229086 9.99732E-05
9.9991E-05 0.117237 0.236262 0.142936 0.429323 0.0741418
0.435576 0.0778457 9.9991E-05 0.115212 0.17109 0.200176
9.99731E-05 0.648211 0.317695 9.99731E-05 9.99731E-05 0.033794
0.072516 0.332027 9.99821E-05 0.0830839 9.99821E-05 0.512173
9.99731E-05 0.0512535 9.99731E-05 0.191614 0.756832 9.99731E-05
0.655597 9.99821E-05 9.99821E-05 0.0952305 0.16086 0.0881129
0.258205 0.269575 0.339003 0.133017 9.99821E-05 9.99821E-05
0.193196 0.0167588 0.529731 9.9991E-05 0.0587548 0.201459
0.846244 0.153356 9.99643E-05 9.99643E-05 9.99643E-05 9.99643E-05
9.99821E-05 9.99821E-05 0.238246 0.055989 0.659134 0.0464311
0.485169 0.241196 9.99821E-05 0.224697 0.0487379 9.99821E-05
0.357021 0.0424834 9.9991E-05 0.177446 0.35767 0.065279
0.0290814 0.037318 0.737285 0.196115 9.99821E-05 9.99821E-05
0.35998 9.9982E-05 9.9982E-05 0.128498 0.241887 0.269436
9.99821E-05 9.99821E-05 0.444969 0.126588 0.393778 0.0344658
0.046976 9.9982E-05 0.565381 0.333718 9.9982E-05 0.0537246
0.503254 9.99821E-05 0.0804716 0.280189 9.99821E-05 0.135885
0.284701 9.99732E-05 9.99732E-05 0.124827 0.590171 9.99732E-05
0.130161 9.99732E-05 9.99732E-05 0.025062 0.844477 9.99732E-05
9.99643E-05 9.99643E-05 9.99643E-05 0.10537 0.89423 9.99643E-05
0.0703163 9.99821E-05 0.544368 0.17987 9.99821E-05 0.205245
0.287904 9.99642E-05 9.99642E-05 9.99642E-05 0.711696 9.99642E-05
9.99911E-05 0.0185356 0.0144591 0.234416 0.393432 0.339057
9.99911E-05 0.167919 0.117758 0.489603 0.166005 0.0586151
0.447184 0.0143901 0.186576 0.12411 9.9991E-05 0.227639
9.99732E-05 0.165986 0.603718 0.229996 9.99732E-05 9.99732E-05
0.168921 0.655759 0.116479 0.0170728 9.99911E-05 0.0416684
9.9982E-05 0.199439 0.26133 9.9982E-05 0.480452 0.058578
0.0558382 9.99641E-05 9.99641E-05 9.99641E-05 9.99641E-05 0.943762
0.557864 0.0966032 0.150127 0.13652 0.0448048 0.0140806
0.428191 0.135525 9.99911E-05 0.0281469 0.057362 0.350675
9.99732E-05 9.99732E-05 0.260602 0.154124 9.99732E-05 0.584974
9.99733E-05 9.99733E-05 0.513833 9.99733E-05 0.182464 0.303403
0.201534 9.99731E-05 0.766762 9.99731E-05 9.99731E-05 0.0314045
0.0933251 9.99821E-05 0.163108 9.99821E-05 0.713736 0.0296314
0.0394093 0.139577 0.158714 9.9991E-05 0.185264 0.476936
0.182274 0.461367 9.99732E-05 9.99732E-05 9.99732E-05 0.356059
0.305423 9.99911E-05 0.0158155 0.231095 0.309773 0.137793
0.16872 9.99821E-05 9.99821E-05 0.391277 0.0919508 0.347852
0.649775 9.99822E-05 0.203114 0.0637851 0.0831254 9.99822E-05
0.0716992 0.0246401 9.99821E-05 9.99821E-05 0.883502 0.0199589
0.111278 0.358029 0.301801 0.125284 0.103509 9.9991E-05
0.0756307 9.99641E-05 9.99641E-05 9.99641E-05 9.99641E-05 0.923969
0.109794 0.0135914 0.449046 9.99821E-05 0.427369 9.99821E-05
9.99821E-05 0.0840174 0.255384 9.99821E-05 0.26812 0.392279
0.345492 9.99732E-05 0.51677 9.99732E-05 9.99732E-05 0.137438
0.232378 9.99822E-05 0.663159 9.99822E-05 0.00216014 0.102102
0.470763 0.130582 0.0757187 9.99821E-05 0.322736 9.99821E-05
0.0151528 0.0709118 9.99821E-05 0.118535 0.795201 9.99821E-05
9.99733E-05 9.99733E-05 0.248977 0.168632 0.582091 9.99733E-05
0.0567393 9.99643E-05 9.99643E-05 9.99643E-05 9.99643E-05 0.942861
0.102083 0.0793632 0.286346 0.0755695 0.254319 0.20232
9.99732E-05 0.0693257 9.99732E-05 0.0465771 0.883797 9.99732E-05
9.99821E-05 9.99821E-05 0.0271885 0.083313 0.689253 0.200046
9.9973E-05 9.9973E-05 0.529458 0.227248 9.9973E-05 0.242994
0.430167 0.265993 9.99731E-05 9.99731E-05 0.30354 9.99731E-05
9.99731E-05 0.239807 0.223671 9.99731E-05 0.536222 9.99731E-05
9.99643E-05 9.99643E-05 0.152603 9.99643E-05 0.846997 9.99643E-05
0.148657 0.136724 0.363495 9.99911E-05 0.245252 0.105772
9.996E-05 9.996E-05 9.996E-05 0.9995 9.996E-05 9.996E-05
0.449292 9.99821E-05 0.0761245 0.190183 0.2842 9.99821E-05
0.351143 9.99821E-05 0.517088 0.0536294 9.99821E-05 0.07794
0.845124 9.99643E-05 0.154476 9.99643E-05 9.99643E-05 9.99643E-05
0.5445 9.9991E-05 0.230182 0.167889 0.000340601 0.0569879
0.447328 0.17672 9.99731E-05 9.99731E-05 0.375652 9.99731E-05
9.99732E-05 9.99732E-05 0.145198 9.99732E-05 0.644897 0.209605
9.996E-05 9.996E-05 9.996E-05 0.9995 9.996E-05 9.996E-05
0.185308 9.99732E-05 0.53523 9.99732E-05 0.279162 9.99732E-05
0.147831 9.9991E-05 0.232306 0.112915 0.296123 0.210725
9.99821E-05 0.140122 9.99821E-05 0.153338 0.237786 0.468554
0.177805 0.162221 9.9982E-05 0.195278 9.9982E-05 0.464497
