9.9982E-05 0.209661 0.278109 0.0465457 0.465485 9.9982E-05
0.187015 0.197029 0.0989788 0.448602 0.0682761 9.9991E-05
0.129988 0.182095 9.99911E-05 0.332652 0.265369 0.0897953
0.161017 0.0073169 0.279251 0.0459949 0.416478 0.0899425
0.157358 9.99821E-05 0.347158 0.0278517 0.467432 9.99821E-05
0.127821 9.9982E-05 9.9982E-05 0.14945 0.644453 0.0780766
0.26728 0.144777 0.0453518 0.0615521 0.480939 9.99911E-05
0.0143057 9.99821E-05 0.0779628 0.560434 0.347098 9.99821E-05
9.99732E-05 9.99732E-05 0.634771 9.99732E-05 0.105677 0.259252
9.99642E-05 0.664391 9.99642E-05 9.99642E-05 9.99642E-05 0.335209
0.155817 0.0789219 0.0610033 9.9991E-05 0.132106 0.572053
0.114273 9.99821E-05 0.665081 0.106097 0.114349 9.99821E-05
9.99821E-05 0.0833848 0.573332 0.306666 0.0364169 9.99821E-05
0.0995232 0.467643 9.99821E-05 0.0982675 0.334366 9.99821E-05
9.99643E-05 9.99643E-05 0.858847 0.140753 9.99643E-05 9.99643E-05
0.147541 9.99821E-05 0.383459 0.0325882 0.436212 9.99821E-05
0.236523 0.0626924 0.0721935 0.217121 0.202192 0.209278
0.313895 0.285973 9.9982E-05 9.9982E-05 0.2224 0.177532
9.99642E-05 9.99642E-05 0.543086 0.456514 9.99642E-05 9.99642E-05
0.0658175 0.514914 9.99821E-05 0.305783 9.99821E-05 0.113285
9.99731E-05 0.742177 9.99731E-05 9.99731E-05 0.00602384 0.251499
9.9982E-05 9.9982E-05 0.902351 0.0589145 0.0125018 0.0260331
0.300107 9.99821E-05 9.99821E-05 0.160831 0.357803 0.18106
0.197689 9.99731E-05 9.99731E-05 9.99731E-05 0.752344 0.049667
0.0767597 9.99821E-05 9.99821E-05 0.076684 0.519547 0.32681
9.99731E-05 0.087818 0.357509 9.99731E-05 0.554373 9.99731E-05
0.143792 0.585647 0.191337 9.9991E-05 0.0545217 0.0246018
0.0891279 9.99911E-05 0.366104 0.422082 0.00704707 0.115539
0.142315 0.029374 0.024623 0.74285 9.9991E-05 0.0607381
9.99821E-05 0.114068 0.0775435 9.99821E-05 0.670149 0.13804
0.296341 0.0645759 0.166536 0.140293 0.0848173 0.247436
0.292916 0.205479 9.99731E-05 0.501306 9.99731E-05 9.99731E-05
9.99821E-05 0.26215 0.0374499 0.178149 9.99821E-05 0.522052
0.0737512 0.0332935 0.213439 0.433748 0.245668 9.9991E-05
0.16694 9.9973E-05 9.9973E-05 0.128762 0.703998 9.9973E-05
9.99732E-05 0.685424 9.99732E-05 0.114231 0.200045 9.99732E-05
0.373476 9.9991E-05 0.0066708 0.35752 0.0980945 0.164139
0.0374903 9.99821E-05 0.0574258 0.280375 9.99821E-05 0.624509
0.193609 0.00385487 9.9991E-05 0.257692 0.437578 0.107166
0.195606 9.99731E-05 9.99731E-05 0.640569 0.163525 9.99731E-05
0.136357 0.432527 0.123433 9.99821E-05 0.307483 9.99821E-05
0.10292 0.604607 0.0534431 9.9991E-05 0.0482594 0.190671
0.0358758 0.399643 9.9982E-05 0.189211 0.37507 9.9982E-05
0.127845 9.9991E-05 0.346486 0.1894 0.21932 0.116849
0.262041 0.0153629 0.0148804 0.696253 9.9991E-05 0.0113631
0.0978148 0.303119 9.99821E-05 0.352635 0.246231 9.99821E-05
9.99821E-05 0.57639 0.0633504 0.016475 0.343585 9.99821E-05
0.297224 0.342251 0.152825 0.185743 9.9991E-05 0.0218562
9.99644E-05 0.49001 9.99644E-05 0.509591 9.99644E-05 9.99644E-05
0.108456 0.188613 9.9982E-05 0.31488 0.387852 9.9982E-05
9.9982E-05 9.9982E-05 0.0732201 0.114482 0.800806 0.0112915
0.267389 0.103763 0.00706348 0.247415 9.9991E-05 0.374269
9.99641E-05 9.99641E-05 0.561142 9.99641E-05 0.438459 9.99641E-05
9.99732E-05 9.99732E-05 0.106801 0.563593 0.329306 9.99732E-05
0.307044 0.0262683 0.237507 0.326147 9.99911E-05 0.102933
0.137232 0.0971065 0.588909 0.0181409 9.99911E-05 0.158512
0.0561472 9.99821E-05 0.0470807 0.152444 0.744128 9.99821E-05
0.152726 0.0150155 0.567384 0.0895195 0.0931583 0.0821964
0.318227 9.9991E-05 0.242206 0.217489 0.199121 0.0228556
0.0166391 0.530754 9.9991E-05 0.1521 0.214031 0.0863759
9.99821E-05 9.99821E-05 0.301974 0.446714 0.162667 0.088444
0.381874 0.337253 0.0678133 9.9982E-05 0.21286 9.9982E-05
0.10833 0.109851 0.781519 9.99731E-05 9.99731E-05 9.99731E-05
9.99732E-05 0.10287 9.99732E-05 0.0855916 0.811238 9.99732E-05
0.0298043 9.99821E-05 0.290005 0.230875 0.449116 9.99821E-05
9.99732E-05 0.607447 0.351543 9.99732E-05 0.0407098 9.99732E-05
9.99731E-05 0.254707 9.99731E-05 0.140395 0.604598 9.99731E-05
0.270572 9.99821E-05 0.511425 0.14442 0.0733829 9.99821E-05
0.105354 9.9982E-05 0.347655 0.544118 0.00267325 9.9982E-05
9.99731E-05 0.654087 9.99731E-05 0.32506 9.99731E-05 0.020553
0.206669 0.123831 0.267068 0.132927 9.9991E-05 0.269405
0.236556 0.250111 0.346836 9.99821E-05 0.166297 9.99821E-05
0.618896 9.99643E-05 9.99643E-05 0.380704 9.99643E-05 9.99643E-05
0.418954 9.99821E-05 0.160249 0.256075 0.164522 9.99821E-05
0.0256094 9.99732E-05 9.99732E-05 0.486447 0.487644 9.99732E-05
0.190613 0.276633 0.223182 0.269526 0.0399463 9.9991E-05
9.99733E-05 0.0828464 0.623064 9.99733E-05 0.29379 9.99733E-05
0.19505 0.0773812 0.382276 9.9991E-05 0.069231 0.275962
9.99821E-05 9.99821E-05 0.370209 0.466909 0.136831 0.0258497
0.0843902 9.99731E-05 0.286995 0.628315 9.99731E-05 9.99731E-05
0.50422 9.99731E-05 9.99731E-05 0.307744 0.187736 9.99731E-05
0.0353335 9.99911E-05 0.175214 0.151339 0.481567 0.156446
0.0361035 0.487262 9.99821E-05 0.139138 9.99821E-05 0.337297
9.9991E-05 0.107391 0.256632 0.465911 0.0635346 0.106431
0.204495 0.383644 9.99821E-05 0.0467674 0.364893 9.99821E-05
0.25398 0.486343 0.0510534 0.149562 0.0589612 9.9991E-05
0.107627 0.369033 0.100223 0.300708 0.0310719 0.0913364
0.0324246 9.99731E-05 0.226662 9.99731E-05 0.740613 9.99731E-05
9.99911E-05 0.0928384 0.0816113 0.0949628 0.413142 0.317345
9.99821E-05 9.99821E-05 0.381807 0.137504 0.202212 0.278277
9.99645E-05 0.128255 9.99645E-05 9.99645E-05 0.871345 9.99645E-05
0.0407991 0.784585 9.99732E-05 9.99732E-05 0.174316 9.99732E-05
0.212168 0.443928 9.99732E-05 9.99732E-05 0.343604 9.99732E-05
9.9991E-05 0.252778 0.0714262 0.0723287 0.282214 0.321153
0.114134 0.317596 0.56073 9.9982E-05 0.00734044 9.9982E-05
0.074907 0.0400728 0.230768 0.308316 0.251279 0.094657
9.99821E-05 0.405383 0.112614 9.99821E-05 0.337115 0.144689
9.99731E-05 0.48403 0.493587 0.0220838 9.99731E-05 9.99731E-05
0.0732372 0.0411084 9.99821E-05 0.171534 0.713921 9.99821E-05
0.0502492 0.189733 9.9982E-05 9.9982E-05 0.515584 0.244234
0.11662 9.99821E-05 0.332462 9.99821E-05 0.235358 0.31536
9.99642E-05 9.99642E-05 9.99642E-05 9.99642E-05 0.641117 0.358483
0.0253994 9.99821E-05 0.168229 9.99821E-05 0.0613906 0.744781
9.99731E-05 9.99731E-05 9.99731E-05 0.11049 0.0181276 0.871083
0.00344454 0.0111165 0.240844 0.546733 0.197761 9.9991E-05
0.0834049 9.9991E-05 0.351283 0.240199 0.315981 0.00903164
0.11574 0.322405 0.0010869 0.4276 0.133068 9.9991E-05
0.0482536 0.000543568 9.9991E-05 0.42546 0.233903 0.291739
9.99821E-05 9.99821E-05 0.295944 0.416602 0.231984 0.05527
9.99821E-05 0.0251247 9.99821E-05 0.419212 0.383312 0.172151
0.00931646 0.444064 9.99733E-05 9.99733E-05 0.546319 9.99733E-05
0.0445472 9.99821E-05 0.0945564 0.316965 0.543732 9.99821E-05
9.99732E-05 0.130085 9.99732E-05 0.211802 0.657813 9.99732E-05
9.99731E-05 9.99731E-05 0.130973 0.656939 0.211788 9.99731E-05
9.99643E-05 9.99643E-05 9.99643E-05 9.99643E-05 0.977377 0.022223
0.0591003 9.99821E-05 0.605034 9.99821E-05 0.0074675 0.328198
9.99821E-05 0.243783 0.222853 0.395346 0.137818 9.99821E-05
9.99821E-05 0.0199865 0.5328 0.287714 0.1593 9.99821E-05
0.249629 9.9991E-05 0.286762 0.139746 0.0380796 0.285684
0.101745 0.276083 9.9982E-05 0.371051 0.250922 9.9982E-05
9.99731E-05 9.99731E-05 0.219761 9.99731E-05 0.599246 0.180693
0.265322 9.99731E-05 9.99731E-05 0.244506 0.489872 9.99731E-05
9.99731E-05 0.0257801 9.99731E-05 0.634493 0.339427 9.99731E-05
0.0514203 0.522506 9.99731E-05 0.425773 9.99731E-05 9.99731E-05
0.0666495 0.120805 0.147892 0.246449 0.229168 0.189037
0.0144161 0.0669621 0.412441 0.0750158 0.328523 0.102642
0.0498536 0.722781 0.0398047 0.0499976 0.137463 9.99911E-05
0.238924 9.9991E-05 0.0271439 0.371909 0.328986 0.0329373
9.99732E-05 0.319831 9.99732E-05 0.576995 9.99732E-05 0.102875
9.99911E-05 0.131095 0.00555406 0.474199 0.34408 0.0449724
9.99732E-05 0.301939 0.537662 9.99732E-05 9.99732E-05 0.160098
0.138602 0.141375 0.0604967 0.178224 0.351688 0.129615
0.179407 0.246366 0.11233 0.261851 9.9991E-05 0.199947
0.113961 9.9982E-05 0.2161 0.375345 9.9982E-05 0.294394
9.99821E-05 0.73703 0.139278 0.0320524 9.99821E-05 0.0914402
9.99732E-05 0.179665 9.99732E-05 0.573995 0.24604 9.99732E-05
0.0227607 0.0038946 9.99821E-05 0.812861 0.160284 9.99821E-05
9.99732E-05 9.99732E-05 9.99732E-05 0.849271 0.133738 0.0166909
0.174796 9.99911E-05 0.248593 0.23737 0.0806334 0.258508
9.99731E-05 9.99731E-05 0.0352162 0.64839 0.316094 9.99731E-05
0.20781 9.99911E-05 0.0477155 0.160359 0.353375 0.23064
0.13812 9.99821E-05 9.99821E-05 0.210084 0.209036 0.44256
9.9991E-05 0.365041 0.445949 0.014353 0.128964 0.0455941
9.99732E-05 0.0720299 0.442656 9.99732E-05 9.99732E-05 0.485014
0.147 0.126651 0.0120178 9.99911E-05 0.670417 0.0438148
9.9982E-05 0.00258761 0.406853 0.343325 0.247035 9.9982E-05
0.9995 9.996E-05 9.996E-05 9.996E-05 9.996E-05 9.996E-05
9.99911E-05 0.190899 0.0249503 0.464006 0.318752 0.00129283
0.165129 0.255909 9.99821E-05 0.177177 0.401585 9.99821E-05
0.433206 9.99821E-05 0.398134 0.156086 0.012374 9.99821E-05
0.0762258 9.99821E-05 0.578753 0.232532 0.112289 9.99821E-05
0.0325426 0.251881 0.470247 0.245129 9.99821E-05 9.99821E-05
0.0393287 0.147583 0.239728 0.568445 0.00481512 9.9991E-05
0.103678 9.9991E-05 0.447324 0.237787 0.130351 0.0807598
0.309172 0.0323631 9.99732E-05 9.99732E-05 0.658165 9.99732E-05
0.159481 0.173221 0.0181018 0.346478 9.9991E-05 0.302618
0.107341 9.99821E-05 9.99821E-05 0.674429 0.028453 0.189577
0.0426768 0.341866 0.177251 0.118655 0.319452 9.99911E-05
9.99731E-05 9.99731E-05 0.148986 0.383756 0.466958 9.99731E-05
0.00243773 0.220802 0.0462955 0.0700603 0.379056 0.281348
0.9995 9.996E-05 9.996E-05 9.996E-05 9.996E-05 9.996E-05
0.225531 0.0708666 0.566587 0.0464431 0.0904725 9.9991E-05
9.99731E-05 9.99731E-05 0.149649 0.571195 0.278856 9.99731E-05
0.252398 0.280591 0.385603 0.0189934 9.9991E-05 0.0623143
0.207382 0.0956438 0.62654 0.0702349 9.99821E-05 9.99821E-05
0.0517496 0.263063 0.200404 0.0595166 0.416624 0.00864254
0.0259207 0.223272 0.358898 0.327638 0.0641708 9.99911E-05
9.996E-05 9.996E-05 9.996E-05 0.9995 9.996E-05 9.996E-05
0.42675 9.99822E-05 0.0391088 0.279129 0.254813 9.99822E-05
0.13827 0.0869835 0.147971 0.260683 0.364653 0.00144007
9.99732E-05 9.99732E-05 0.161546 0.472897 0.365257 9.99732E-05
0.242978 9.9991E-05 0.209957 0.511945 0.0310353 0.00398482
0.101316 9.99821E-05 0.40781 0.383292 9.99821E-05 0.107382
0.163204 0.271371 0.0368528 0.116947 0.411525 9.9991E-05
9.99731E-05 9.99731E-05 0.4416 0.105357 0.452743 9.99731E-05
0.0660355 9.99821E-05 0.384367 0.504899 0.0444985 9.99821E-05
0.0622894 9.99822E-05 0.335521 0.169791 0.432198 9.99822E-05
9.99732E-05 9.99732E-05 9.99732E-05 0.163272 0.145563 0.690865
0.0951746 0.336837 9.9991E-05 0.169604 0.315438 0.0828467
0.126327 0.411153 0.305727 9.99821E-05 9.99821E-05 0.156593
0.118803 0.87466 0.00623745 9.99731E-05 9.99731E-05 9.99731E-05
0.238593 0.512515 0.0806344 0.0661496 0.102009 9.99911E-05
0.102552 0.217217 0.41291 9.9982E-05 0.26712 9.9982E-05
0.000134635 9.99821E-05 0.398974 0.245007 0.355685 9.99821E-05
9.9964E-05 9.9964E-05 9.9964E-05 0.250369 9.9964E-05 0.749231
0.154428 9.99732E-05 0.593521 0.251751 9.99732E-05 9.99732E-05
0.05162 0.0101564 0.121348 0.723251 0.0862436 0.00738139
0.13565 9.9991E-05 0.11281 0.17593 0.481557 0.0939527
0.159193 0.184574 9.9991E-05 0.273734 0.339709 0.0426896
