0.224788 9.9991E-05 0.00624508 0.768867
0.182701 0.0209949 0.413349 0.382955
0.344974 9.9991E-05 0.240847 0.414079
9.999E-05 0.110818 0.144231 0.744851
9.999E-05 0.202966 0.302906 0.494028
0.148343 0.00797117 0.449325 0.394361
0.110252 0.164136 0.141605 0.584008
0.0808623 0.183109 0.380073 0.355956
0.647831 0.120959 0.019173 0.212038
0.529871 0.357528 0.0102122 0.102389
0.255827 0.0850449 0.525178 0.133949
0.753157 0.170474 9.9991E-05 0.0762687
0.32909 0.178816 0.201575 0.290519
0.194511 0.252529 0.188259 0.364702
0.0867972 0.236389 0.595137 0.0816767
9.9991E-05 0.477801 0.451593 0.070506
9.9991E-05 0.245285 0.594283 0.160332
0.112677 0.564398 0.161502 0.161423
0.346513 0.104265 0.115712 0.43351
0.138128 0.0762265 0.457009 0.328637
0.204717 9.9991E-05 0.311629 0.483554
0.320898 0.210703 0.26385 0.204549
0.338696 9.9991E-05 0.270464 0.39074
0.0368074 0.228068 0.23169 0.503434
0.482985 0.0823921 0.434523 9.9991E-05
0.000616073 0.274623 0.210028 0.514733
0.50382 0.24473 0.25135 9.9991E-05
0.0437869 0.137937 0.278724 0.539551
0.168205 0.183357 0.361554 0.286884
0.116683 0.660231 0.200458 0.0226275
0.131205 0.0966922 0.772003 9.9991E-05
0.930002 0.0424136 9.9991E-05 0.0274844
0.0623978 0.343516 0.199343 0.394743
0.079065 0.0613742 0.447753 0.411807
0.314001 0.180505 0.140711 0.364783
9.998E-05 9.998E-05 9.998E-05 0.9997
9.9982E-05 9.9982E-05 0.329215 0.670586
0.573673 0.200951 0.058147 0.167229
0.0398657 0.127142 0.62664 0.206352
0.233343 0.0958249 0.3555 0.315332
0.32124 0.125418 0.432645 0.120698
9.9991E-05 0.124451 0.540935 0.334514
0.155498 0.0800584 0.394533 0.36991
0.506285 9.9982E-05 9.9982E-05 0.493515
0.860006 0.139794 9.9982E-05 9.9982E-05
0.384449 9.9991E-05 0.319483 0.295969
0.294502 0.0647191 0.227874 0.412905
0.262355 0.102297 0.31055 0.324799
0.574997 0.177589 0.237954 0.00945964
0.283945 0.205733 0.19321 0.317112
0.356564 0.251893 0.201531 0.190012
0.29123 0.208185 0.293247 0.207339
0.11097 0.0683452 0.619444 0.201241
0.13659 0.232439 0.505714 0.125257
0.878503 0.0596398 0.061757 9.9991E-05
0.201823 0.125096 0.260701 0.41238
0.903256 0.00820768 9.9991E-05 0.0884362
0.521086 0.099956 0.0215677 0.35739
0.46022 0.0530006 0.48668 9.9991E-05
0.568675 0.0802992 0.332786 0.0182395
9.9991E-05 0.116014 0.3238 0.560085
0.274228 0.217395 0.312955 0.195421
0.106756 0.138671 0.265196 0.489377
9.9982E-05 0.982787 0.0170133 9.9982E-05
0.0267459 9.9991E-05 0.444565 0.528589
9.998E-05 9.998E-05 9.998E-05 0.9997
0.320049 0.234411 0.096888 0.348653
0.37097 0.145069 0.234836 0.249125
9.9991E-05 0.154535 0.0897424 0.755623
9.9991E-05 0.471684 0.300682 0.227533
0.650337 0.108304 0.241259 9.9991E-05
0.0668192 0.254309 0.285096 0.393776
0.0771903 0.384493 0.341779 0.196538
0.198963 0.0693592 0.612171 0.119506
0.349719 0.105146 0.259953 0.285183
0.393583 0.0353804 0.570937 9.9991E-05
0.420021 0.170393 0.0770121 0.332574
9.9991E-05 0.0676442 0.594129 0.338127
9.9982E-05 9.9982E-05 0.518962 0.480838
0.010774 0.276503 0.450795 0.261928
0.290657 0.105863 0.301483 0.301997
0.144252 0.088031 0.248001 0.519715
0.647316 0.147036 0.0757012 0.129947
9.9991E-05 0.308666 0.684231 0.00700233
0.321622 0.137629 0.0964324 0.444317
0.635366 9.9991E-05 0.188375 0.176159
9.9991E-05 0.0534306 0.112418 0.834051
0.81015 0.0979592 0.0917908 9.9991E-05
0.0325489 0.427418 0.34037 0.199663
0.668087 9.9982E-05 9.9982E-05 0.331713
0.0468434 0.952957 9.9982E-05 9.9982E-05
0.577852 0.0803163 0.259761 0.0820711
9.9991E-05 0.0138351 0.413879 0.572186
0.150301 0.197056 0.342758 0.309885
9.9982E-05 9.9982E-05 0.322094 0.677706
0.0168162 0.0736827 0.41162 0.497881
0.496072 9.9991E-05 0.117388 0.38644
0.479522 9.9991E-05 0.198455 0.321924
0.14764 0.628483 9.9991E-05 0.223778
0.220683 0.391087 0.131738 0.256491
0.133376 0.306999 0.118478 0.441147
9.998E-05 0.9997 9.998E-05 9.998E-05
0.168732 0.220785 0.544771 0.0657125
9.9982E-05 0.232743 0.767057 9.9982E-05
0.30162 0.0688967 0.423681 0.205802
0.263174 9.9991E-05 0.386213 0.350514
0.358065 9.9991E-05 0.284827 0.357008
0.184763 0.0513998 0.410031 0.353806
0.330304 0.207865 0.461731 9.9991E-05
0.234518 0.117499 0.165624 0.48236
0.112409 0.0886123 0.51108 0.287899
0.588535 0.29611 0.115256 9.9991E-05
0.228857 0.00594611 0.467216 0.297981
0.0231995 0.501734 0.331478 0.143588
0.180479 0.104776 0.347636 0.367109
9.998E-05 0.9997 9.998E-05 9.998E-05
0.224911 0.0160332 0.532427 0.226629
0.285157 0.103522 9.9991E-05 0.611221
0.451479 0.0406969 0.202681 0.305143
0.583134 0.342511 0.0159772 0.0583777
9.9991E-05 0.155672 0.165058 0.67917
9.9991E-05 0.611138 0.112428 0.276334
0.211284 0.424927 0.136676 0.227113
0.311543 9.9991E-05 0.398182 0.290175
0.713215 0.118401 0.168284 9.9991E-05
0.249067 0.0940768 0.410785 0.246072
0.444131 0.00937194 0.291281 0.255217
0.336597 0.155533 0.22303 0.28484
0.674939 9.9991E-05 0.164759 0.160201
0.556687 0.222627 0.109858 0.110828
0.124187 9.9982E-05 9.9982E-05 0.875613
0.178822 0.190846 0.215783 0.414549
0.206104 0.308309 0.0996735 0.385914
0.159418 0.276198 0.413174 0.15121
0.212441 0.0348325 0.219242 0.533484
0.399839 0.244268 0.232348 0.123545
0.068893 9.9982E-05 0.930907 9.9982E-05
9.9982E-05 0.0818375 0.917963 9.9982E-05
0.540135 0.0981461 0.0602688 0.30145
0.0319387 0.165344 0.262987 0.539731
0.319783 0.141507 0.118289 0.420421
0.052221 0.11074 0.836939 9.9991E-05
0.577097 0.135194 0.0422826 0.245426
0.572572 0.132899 9.9991E-05 0.294428
0.0474071 0.226291 0.365787 0.360515
9.9991E-05 0.520833 0.115078 0.363989
0.127102 9.9991E-05 0.355646 0.517152
9.998E-05 0.9997 9.998E-05 9.998E-05
9.9991E-05 0.0678632 0.186454 0.745583
9.9982E-05 9.9982E-05 0.528003 0.471797
0.669734 0.11957 0.144355 0.0663414
0.242818 9.9991E-05 0.458187 0.298895
0.565862 0.329987 0.104051 9.9991E-05
0.505876 0.188563 0.290663 0.0148983
0.413795 0.206296 0.147714 0.232196
9.9991E-05 0.301179 0.368089 0.330632
0.573963 0.0267279 0.0301651 0.369144
0.144961 0.278456 0.339942 0.236641
9.9982E-05 0.0409807 9.9982E-05 0.958819
0.223617 0.215236 0.331966 0.229181
9.9991E-05 0.193987 0.168325 0.637588
9.998E-05 0.9997 9.998E-05 9.998E-05
0.00423155 0.304937 0.479264 0.211567
0.151175 9.9991E-05 0.559012 0.289712
0.505299 0.132074 0.133112 0.229515
0.0573807 0.119118 0.022341 0.801161
0.311939 0.0227761 0.263917 0.401367
0.308167 9.9991E-05 0.587514 0.104219
9.998E-05 9.998E-05 0.9997 9.998E-05
0.117481 0.283676 0.282876 0.315968
0.547166 9.9991E-05 0.395994 0.0567399
0.281728 0.262168 0.392391 0.0637126
0.0645211 0.119791 0.26933 0.546358
0.613261 9.9982E-05 0.386539 9.9982E-05
0.180123 0.0864711 0.42732 0.306086
0.334129 9.9991E-05 0.4253 0.240471
0.298165 0.0904312 0.335497 0.275906
0.519867 0.0388615 0.109795 0.331477
9.998E-05 9.998E-05 0.9997 9.998E-05
0.567026 0.0346663 0.128346 0.269961
9.9991E-05 0.414883 0.453267 0.13175
0.273384 0.338811 0.145419 0.242386
0.237783 0.117755 0.413436 0.231026
0.306078 0.155886 0.0201192 0.517917
0.171766 9.9991E-05 0.337704 0.49043
9.998E-05 9.998E-05 0.9997 9.998E-05
0.313484 0.134625 0.161099 0.390791
0.120535 0.169259 0.466723 0.243484
0.145376 9.9991E-05 0.206879 0.647646
0.559453 0.279721 0.111561 0.049265
