0.672516 0.25225 0.0752345
0.439468 0.105022 0.45551
0.589664 0.175117 0.235219
0.571911 0.142353 0.285736
0.554221 0.317887 0.127892
0.641289 0.172987 0.185724
0.789875 0.179546 0.0305785
0.367442 0.501595 0.130963
0.397096 0.399798 0.203106
0.186689 0.208792 0.604519
0.127084 0.484738 0.388178
0.417068 0.250274 0.332658
0.5764 0.19332 0.23028
0.257284 0.540755 0.201961
9.999E-05 0.9998 9.999E-05
9.9991E-05 0.884463 0.115437
9.999E-05 0.9998 9.999E-05
0.310285 0.403897 0.285818
0.385601 0.351714 0.262685
0.664562 0.308243 0.027195
0.561438 0.357937 0.0806252
0.587854 0.237798 0.174348
0.641217 0.358683 9.9991E-05
0.602896 0.258319 0.138785
9.9991E-05 0.609719 0.390181
0.577641 0.422259 9.9991E-05
0.265163 0.304675 0.430162
0.408719 0.407708 0.183573
0.405041 0.292897 0.302061
0.256435 0.0444546 0.699111
0.125263 0.575086 0.299651
0.295827 0.0139201 0.690253
0.51646 0.48344 9.9991E-05
0.512503 0.411843 0.0756532
0.298151 0.490652 0.211197
0.593746 0.406154 9.9991E-05
0.852726 0.147174 9.9991E-05
0.0400053 0.495566 0.464428
0.27503 0.459273 0.265697
0.341913 0.499499 0.158587
0.700688 9.9991E-05 0.299212
0.747365 0.086659 0.165976
0.682963 0.0344138 0.282623
0.589684 9.9991E-05 0.410216
0.300591 0.345451 0.353958
0.43539 0.126244 0.438366
0.546007 0.364307 0.0896853
0.68453 0.180076 0.135393
0.291832 0.32883 0.379338
0.181333 0.60151 0.217157
0.111745 0.619395 0.26886
0.141349 0.60858 0.250071
0.31302 0.559457 0.127523
0.158728 0.480496 0.360775
0.0841216 0.281898 0.633981
0.528961 0.265092 0.205946
0.0700084 0.0908231 0.839169
0.484941 0.0353771 0.479681
0.35175 0.570095 0.0781544
0.276311 0.308638 0.415052
0.916653 0.0832467 9.9991E-05
0.535144 0.464756 9.9991E-05
0.694187 0.305713 9.9991E-05
0.0909303 0.0520277 0.857042
0.526596 0.30014 0.173264
0.739565 0.260335 9.9991E-05
0.736826 0.153152 0.110023
0.499931 0.31517 0.184899
0.721055 0.278845 9.9991E-05
0.389841 0.335982 0.274177
0.235483 0.227726 0.536791
0.416961 0.512582 0.070457
0.331669 0.458525 0.209806
0.270157 0.451953 0.27789
0.28124 0.32909 0.38967
9.9991E-05 0.715836 0.284064
0.743101 9.9991E-05 0.256799
0.749532 0.210712 0.0397558
0.801687 0.188807 0.00950624
0.822 0.0934657 0.0845348
0.539742 0.249513 0.210745
0.530274 0.395011 0.0747144
0.325661 0.121884 0.552455
0.153104 0.503678 0.343218
0.81798 0.107218 0.0748017
0.553977 0.0852682 0.360755
0.679034 0.320866 9.9991E-05
0.172632 0.660123 0.167245
0.154881 0.622167 0.222951
0.615214 0.159788 0.224999
9.999E-05 9.999E-05 0.9998
0.347328 0.399686 0.252986
0.705681 0.260067 0.0342519
0.229919 0.764923 0.00515796
0.931841 0.0568999 0.0112595
0.716925 0.141943 0.141132
0.601655 0.0466213 0.351724
0.598482 9.9991E-05 0.401418
0.365997 0.147668 0.486335
0.348188 0.337004 0.314809
0.369258 0.206223 0.424519
9.999E-05 9.999E-05 0.9998
0.143403 0.561122 0.295475
0.0478633 0.0264227 0.925714
0.129602 0.622463 0.247935
0.325723 0.409197 0.26508
0.507806 0.492094 9.9991E-05
0.701957 0.235645 0.0623978
0.213868 0.467057 0.319075
0.476785 0.398238 0.124976
0.559892 0.427079 0.013029
0.354216 0.166996 0.478788
0.462773 0.308179 0.229048
0.323826 0.303694 0.37248
0.781683 0.155922 0.0623951
9.999E-05 9.999E-05 0.9998
0.227127 0.194163 0.578709
0.641619 0.310641 0.04774
0.750653 9.9991E-05 0.249247
0.244458 0.334563 0.420979
0.57389 0.403689 0.0224216
0.275355 0.456899 0.267746
0.618858 0.155642 0.225499
0.477373 0.522527 9.9991E-05
0.221607 0.336404 0.441988
0.317596 0.649708 0.0326963
0.154019 0.529956 0.316025
0.415669 0.160976 0.423355
0.48738 0.307794 0.204826
9.9991E-05 0.673184 0.326716
0.965899 0.0340015 9.9991E-05
0.820782 0.0968703 0.082348
0.368027 0.318462 0.313511
0.184421 0.662963 0.152616
0.631958 0.0353085 0.332733
0.108241 0.452934 0.438825
0.137918 0.855168 0.00691449
9.9991E-05 0.971195 0.0287053
0.524431 0.205273 0.270297
0.747889 0.19668 0.0554309
0.504526 0.104533 0.390941
9.9991E-05 0.773372 0.226528
0.431235 0.166125 0.40264
0.35355 0.0406536 0.605796
0.738076 0.213029 0.0488951
0.431822 0.376848 0.19133
0.615229 0.24959 0.135181
9.999E-05 0.9998 9.999E-05
0.614257 0.288196 0.0975472
0.781842 9.9991E-05 0.218058
0.255785 0.404809 0.339407
0.528845 0.427108 0.0440465
0.302759 0.389498 0.307743
0.424497 0.381666 0.193836
0.350439 0.513099 0.136462
0.347638 0.449149 0.203213
0.615507 0.129218 0.255275
0.403023 0.427255 0.169722
0.852673 0.0583137 0.0890129
0.458705 0.392559 0.148736
0.583346 0.416554 9.9991E-05
9.999E-05 0.9998 9.999E-05
0.204002 0.795898 9.9991E-05
0.528185 0.155956 0.315859
0.277848 0.299586 0.422565
0.850198 9.9991E-05 0.149702
0.577344 0.319902 0.102755
0.293287 0.620364 0.0863492
9.999E-05 0.9998 9.999E-05
0.448387 0.551513 9.9991E-05
0.256419 0.416118 0.327462
9.9991E-05 0.513222 0.486678
0.476378 0.38282 0.140802
0.00799661 0.688742 0.303261
0.635487 0.364413 9.9991E-05
0.626705 0.181708 0.191587
0.371719 0.572609 0.055672
0.142855 0.448132 0.409013
9.999E-05 9.999E-05 0.9998
0.566683 0.0925663 0.340751
9.9991E-05 0.971806 0.0280944
0.282016 0.46193 0.256054
0.484439 0.312503 0.203058
0.781117 9.9991E-05 0.218783
0.339767 0.660133 9.9991E-05
9.9991E-05 0.0223809 0.977519
0.577605 0.325152 0.0972429
0.136653 0.601676 0.261672
0.855878 0.144022 9.9991E-05
0.0772503 0.715053 0.207697
