0.0714776 9.99729E-05 0.00179029 0.0606297 0.00874389 0.103665 9.99729E-05 0.621264 9.99729E-05 0.132129
9.9982E-05 0.277391 0.0603943 0.0466516 9.9982E-05 0.104599 0.227003 0.199077 0.0155751 0.069108
0.0147877 0.046169 0.0114486 0.000815524 9.9991E-05 0.204511 0.39727 0.0348171 0.102769 0.187313
0.0892116 0.114195 0.0893254 9.9973E-05 0.0483145 9.9973E-05 9.9973E-05 0.150671 0.0616537 0.446329
0.125797 9.9973E-05 0.0859984 9.9973E-05 0.0580746 0.0149131 0.493786 9.9973E-05 0.0202473 0.200883
0.0636907 0.00419791 0.100413 9.9982E-05 0.0328826 0.00538339 0.562091 0.0666939 9.9982E-05 0.164448
0.0883061 9.99729E-05 0.0746163 9.99729E-05 9.99729E-05 0.149129 0.282595 0.239943 0.0918967 0.0732144
9.9964E-05 0.210421 9.9964E-05 9.9964E-05 0.0648825 0.243173 0.411378 0.0670204 0.00272524 9.9964E-05
0.0951101 9.9991E-05 0.0429635 0.0403387 0.0265103 0.283352 0.221817 0.0506668 0.214569 0.0245735
0.0499785 9.9973E-05 0.153465 0.214048 0.065369 9.9973E-05 0.322308 0.0631147 0.131417 9.9973E-05
0.573219 9.9955E-05 0.191501 0.112138 9.9955E-05 9.9955E-05 0.0942913 9.9955E-05 9.9955E-05 0.0283508
0.112916 9.99729E-05 9.99729E-05 0.692243 0.057603 0.0942832 9.99729E-05 0.0107451 0.0219752 0.00993485
0.23869 9.99819E-05 0.0379108 0.00978223 0.0850583 0.25175 0.242067 9.99819E-05 0.0362107 0.0983319
0.0624931 0.0189317 0.0359431 9.9973E-05 0.0476119 0.51445 9.9973E-05 0.230215 0.0900548 9.9973E-05
0.612081 0.129857 9.99549E-05 9.99549E-05 0.0227968 0.186886 0.0478792 9.99549E-05 9.99549E-05 9.99549E-05
9.9973E-05 0.299922 0.0302858 9.9973E-05 0.0769378 0.113954 0.281016 0.10612 0.0914646 9.9973E-05
0.950757 0.0398533 0.00869052 9.99369E-05 9.99369E-05 9.99369E-05 9.99369E-05 9.99369E-05 9.99369E-05 9.99369E-05
0.17967 0.050093 0.0468921 0.0752272 0.0744307 9.9982E-05 0.244615 0.192392 0.13648 9.9982E-05
0.0371613 9.9955E-05 9.9955E-05 0.246092 0.0460227 9.9955E-05 0.551644 9.9955E-05 9.9955E-05 0.118581
0.0642645 0.0870551 0.0246247 0.248457 0.0656647 0.133243 9.9991E-05 0.12287 0.0585562 0.195164
0.176772 9.9982E-05 0.0469559 0.0223963 0.0623388 0.132729 0.235856 0.141559 9.9982E-05 0.181193
0.0904707 0.166985 0.111744 0.138007 0.0822527 0.00768545 0.295728 9.9982E-05 9.9982E-05 0.106928
9.9973E-05 0.082215 0.104723 0.188119 0.155024 9.9973E-05 0.11958 0.115754 9.9973E-05 0.234283
9.9964E-05 0.0706533 9.9964E-05 9.9964E-05 9.9964E-05 0.161201 0.0911889 0.0790398 0.226074 0.371443
0.665905 9.9937E-05 0.194596 0.1388 9.9937E-05 9.9937E-05 9.9937E-05 9.9937E-05 9.9937E-05 9.9937E-05
0.304396 0.136402 0.0256992 9.9964E-05 9.9964E-05 9.9964E-05 9.9964E-05 0.20047 0.0364717 0.296161
0.0286508 0.194777 0.093093 0.37399 0.119855 0.018445 0.035739 9.9991E-05 0.0381219 0.0972294
0.0688826 9.9973E-05 0.075896 9.9973E-05 9.9973E-05 0.108621 0.355147 0.272765 0.060336 0.0580527
0.179388 0.0703439 0.0500469 9.9982E-05 9.9982E-05 0.148624 0.38519 0.086 0.0139818 0.0662259
9.99459E-05 9.99459E-05 9.99459E-05 9.99459E-05 9.99459E-05 0.190981 0.212641 0.0380451 0.557733 9.99459E-05
0.156786 0.0348207 0.0729516 0.00569181 0.018379 9.9973E-05 0.673023 9.9973E-05 0.0380474 9.9973E-05
9.9964E-05 9.9964E-05 0.0440517 0.836456 0.0115129 9.9964E-05 0.0486417 9.9964E-05 0.0101772 0.0487607
0.152618 9.9982E-05 0.0136094 9.9982E-05 0.0422832 0.0950807 0.144772 0.0704169 0.152228 0.328792
0.134441 0.0459621 0.0527878 9.99729E-05 0.0523343 0.350786 9.99729E-05 0.0385647 9.99729E-05 0.324824
0.4477 9.9982E-05 0.0848721 0.0572104 0.0514357 0.109842 0.037659 0.111173 9.9982E-05 0.099907
9.99279E-05 9.99279E-05 9.99279E-05 9.99279E-05 0.00935122 9.99279E-05 9.99279E-05 0.989849 9.99279E-05 9.99279E-05
9.9973E-05 0.01698 0.142725 9.9973E-05 9.9973E-05 0.0706836 0.166295 0.16804 0.0307908 0.404186
0.548874 9.9946E-05 0.0219352 0.185007 9.9946E-05 9.9946E-05 9.9946E-05 0.243584 9.9946E-05 9.9946E-05
9.9955E-05 0.0837052 0.139374 9.9955E-05 9.9955E-05 0.106479 0.53868 9.9955E-05 0.131262 9.9955E-05
0.162042 0.118976 0.0258358 9.99639E-05 0.103399 0.396564 9.99639E-05 9.99639E-05 9.99639E-05 0.192783
9.9964E-05 0.243558 0.0381722 0.200561 0.092357 9.9964E-05 0.258762 9.9964E-05 9.9964E-05 0.16619
0.0590427 0.167558 0.101937 0.200327 0.0204288 9.9991E-05 0.0458012 0.151563 0.0230155 0.230227
9.9946E-05 9.9946E-05 0.0587704 9.9946E-05 0.00973857 9.9946E-05 0.579921 0.35097 9.9946E-05 9.9946E-05
9.9955E-05 0.00360048 9.9955E-05 0.394403 9.9955E-05 9.9955E-05 9.9955E-05 0.350343 0.00769653 0.243458
0.0698859 0.0294618 9.99549E-05 0.8067 0.0503049 9.99549E-05 9.99549E-05 9.99549E-05 0.0431474 9.99549E-05
9.9955E-05 9.9955E-05 0.102933 0.125954 0.0145236 0.719213 9.9955E-05 0.0368761 9.9955E-05 9.9955E-05
0.098181 0.241607 9.9973E-05 9.9973E-05 9.9973E-05 0.0829511 0.140876 0.201891 0.0204948 0.2137
9.9964E-05 0.142536 9.9964E-05 0.262198 0.036925 9.9964E-05 0.198571 9.9964E-05 0.00632986 0.353041
9.9973E-05 0.0718642 9.9973E-05 0.355633 0.0539924 0.0646913 0.155106 9.9973E-05 0.115733 0.18268
0.0249318 0.145793 9.9964E-05 9.9964E-05 0.0604196 9.9964E-05 0.610944 0.098048 0.0594634 9.9964E-05
0.377949 0.0512227 0.0326007 0.119281 0.0501761 0.243642 9.9982E-05 0.0793813 0.0455477 9.9982E-05
9.9982E-05 0.00989749 0.00655214 9.9982E-05 0.0706805 0.400454 0.319824 0.0430746 0.138777 0.0105395
9.9982E-05 0.401215 0.0282388 0.130497 0.0354995 0.0732186 0.0244043 9.9982E-05 0.126247 0.180479
0.0193086 0.182623 0.143209 9.9982E-05 0.00168139 0.0527594 0.3866 0.0854864 0.128133 9.9982E-05
9.9946E-05 0.207924 9.9946E-05 0.458703 9.9946E-05 0.243492 9.9946E-05 9.9946E-05 0.089282 9.9946E-05
9.99461E-05 9.99461E-05 0.0252364 9.99461E-05 0.0593532 9.99461E-05 0.710521 0.20429 9.99461E-05 9.99461E-05
9.99551E-05 0.219128 0.00791016 0.647944 9.99551E-05 9.99551E-05 0.0763231 9.99551E-05 0.0481951 9.99551E-05
0.055961 9.9973E-05 9.9973E-05 0.303653 0.00203943 9.9973E-05 0.196484 0.058709 0.152305 0.230549
0.0450032 0.136118 0.043699 0.0539768 0.0388687 0.137524 0.354682 0.0152341 0.0950818 0.0798127
0.0250725 9.9973E-05 0.161811 0.432387 0.0753875 0.0874334 0.151511 0.0660976 9.9973E-05 9.9973E-05
9.99201E-05 9.99201E-05 9.99201E-05 9.99201E-05 9.99201E-05 9.99201E-05 9.99201E-05 9.99201E-05 9.99201E-05 0.999101
0.370189 0.00675666 0.0437527 0.0306202 0.0651061 0.136772 9.9982E-05 0.00711088 9.9982E-05 0.339493
0.249584 0.0583739 9.9973E-05 9.9973E-05 0.0290375 0.112392 0.167685 9.9973E-05 0.0264633 0.356164
0.0122596 9.9955E-05 9.9955E-05 9.9955E-05 0.0921905 9.9955E-05 9.9955E-05 0.0158165 0.859428 0.0198054
0.0527848 0.201758 0.100548 9.99729E-05 9.99729E-05 0.0821313 0.103171 0.371124 9.99729E-05 0.0881825
9.9946E-05 9.9946E-05 0.0075925 9.9946E-05 9.9946E-05 0.0512009 9.9946E-05 0.895476 9.9946E-05 0.0451311
9.9973E-05 9.9973E-05 0.0710129 0.142655 0.0414541 0.0973176 9.9973E-05 0.217445 0.0419354 0.387879
9.9946E-05 9.9946E-05 9.9946E-05 9.9946E-05 9.9946E-05 0.244493 0.665161 9.9946E-05 0.0747144 0.0150326
0.419713 9.9955E-05 9.9955E-05 9.9955E-05 9.9955E-05 9.9955E-05 0.0106036 0.11167 0.0674965 0.390018
0.00584006 0.22173 0.0823719 9.9973E-05 0.0514271 9.9973E-05 0.450737 0.0269558 0.160638 9.9973E-05
9.9955E-05 9.9955E-05 0.116129 9.9955E-05 9.9955E-05 0.703457 0.0146832 9.9955E-05 0.142463 0.022769
0.155539 0.118319 9.9982E-05 0.0747929 0.0874533 0.277203 9.9982E-05 0.0775955 0.0115452 0.197352
0.283399 0.0985339 0.0559644 9.9991E-05 0.115674 0.02997 0.202545 0.000897318 0.0304971 0.182419
0.113525 0.0924847 0.0539729 0.101041 0.0527272 9.9982E-05 0.487812 9.9982E-05 0.0754202 0.0228172
0.115906 0.0995486 0.0844025 0.241833 9.9982E-05 0.143016 0.145512 0.0709747 0.0986078 9.9982E-05
9.9964E-05 0.11563 0.0612044 0.0133519 0.0144416 0.707467 0.0875047 9.9964E-05 9.9964E-05 9.9964E-05
9.9973E-05 9.9973E-05 0.00794404 0.166984 0.12667 0.048709 0.252294 9.9973E-05 0.0234902 0.373609
9.99459E-05 9.99459E-05 0.0534361 9.99459E-05 0.040173 9.99459E-05 0.0515739 9.99459E-05 9.99459E-05 0.854217
9.99369E-05 0.00753356 9.99369E-05 9.99369E-05 9.99369E-05 9.99369E-05 0.0184803 9.99369E-05 9.99369E-05 0.973287
0.106391 9.99549E-05 9.99549E-05 9.99549E-05 0.0476808 0.180296 9.99549E-05 9.99549E-05 0.0809196 0.584212
0.0759976 0.0544492 0.0527596 0.130379 0.0973 9.9991E-05 0.18 0.0253884 0.0811626 0.302464
0.144406 9.9982E-05 0.0433178 0.111457 0.0409312 9.9982E-05 0.0843079 0.108947 0.0302681 0.436165
9.9964E-05 9.9964E-05 0.0308898 0.258983 9.9964E-05 0.296966 0.113532 9.9964E-05 0.173606 0.125623
0.364344 0.0386979 9.99641E-05 9.99641E-05 0.0387631 9.99641E-05 0.473963 9.99641E-05 0.0108202 0.0730118
9.9964E-05 9.9964E-05 9.9964E-05 0.169367 0.0684151 0.159094 9.9964E-05 0.0533254 0.0147686 0.534631
9.9964E-05 0.146107 0.110542 0.377673 9.9964E-05 0.0362281 9.9964E-05 0.00659218 9.9964E-05 0.322457
9.99369E-05 9.99369E-05 9.99369E-05 9.99369E-05 0.0316768 9.99369E-05 0.27642 0.691204 9.99369E-05 9.99369E-05
0.00128367 9.9973E-05 0.0538961 0.355439 0.0616712 0.363096 0.082881 9.9973E-05 9.9973E-05 0.081433
0.257564 0.139006 0.0892159 9.9973E-05 0.0375782 0.173567 9.9973E-05 0.181607 0.121161 9.9973E-05
0.00931462 9.9964E-05 9.9964E-05 0.468757 0.0696937 0.0451053 0.269244 0.137486 9.9964E-05 9.9964E-05
9.9946E-05 9.9946E-05 0.0523768 9.9946E-05 0.0147349 9.9946E-05 9.9946E-05 0.0189062 0.913382 9.9946E-05
0.136505 0.0107517 0.101316 0.319339 9.9973E-05 0.380406 0.0511086 9.9973E-05 9.9973E-05 0.000273704
0.00714938 0.0292763 0.0126303 0.0204297 0.110718 9.9982E-05 0.367152 0.0919308 9.9982E-05 0.360513
0.261955 0.301634 9.9991E-05 0.0199123 0.0614008 0.129997 0.164009 0.0204273 0.0334157 0.00714872
9.9964E-05 0.0152904 0.0172012 9.9964E-05 0.0401814 9.9964E-05 0.0378757 0.197442 9.9964E-05 0.69161
0.050827 0.14382 0.0713323 9.9964E-05 9.9964E-05 9.9964E-05 0.428231 0.0322365 9.9964E-05 0.273154
9.9973E-05 0.0953622 0.0465295 0.306373 9.9973E-05 0.141753 0.210641 0.193055 0.00598516 9.9973E-05
9.99551E-05 9.99551E-05 0.0866753 0.0725672 9.99551E-05 0.271448 9.99551E-05 0.0960614 9.99551E-05 0.472749
0.231091 0.0516018 0.00288069 0.0600272 0.0765821 9.9982E-05 0.0562358 0.158976 0.362405 9.9982E-05
0.227213 0.0987224 9.9982E-05 0.0709054 9.9982E-05 0.0589141 0.112294 0.030221 0.287771 0.113759
0.25144 9.9973E-05 9.9973E-05 9.9973E-05 0.00193173 0.417172 0.0718558 0.0743048 0.139044 0.0439519
9.99201E-05 9.99201E-05 9.99201E-05 9.99201E-05 9.99201E-05 9.99201E-05 9.99201E-05 9.99201E-05 0.999101 9.99201E-05
0.176781 0.0821932 0.088751 0.00592051 0.00702692 9.9982E-05 0.403045 9.9982E-05 0.152522 0.0835604
9.99369E-05 9.99369E-05 0.975698 9.99369E-05 0.00946241 9.99369E-05 9.99369E-05 0.0141402 9.99369E-05 9.99369E-05
0.148466 0.0465712 0.0788766 0.3051 0.0403803 9.9982E-05 0.265112 0.0617473 0.053546 9.9982E-05
0.0176445 0.144473 9.99549E-05 0.13888 9.99549E-05 9.99549E-05 0.681205 0.017298 9.99549E-05 9.99549E-05
0.215877 0.194974 0.0104561 0.156158 9.9973E-05 0.213226 9.9973E-05 0.0820415 9.9973E-05 0.126967
9.9982E-05 9.9982E-05 0.105544 0.0795377 0.018061 0.0895209 0.137554 0.253905 0.107336 0.208341
0.0243108 9.9973E-05 0.0728245 0.0229858 0.00284818 0.521567 0.271459 9.9973E-05 0.0837046 9.9973E-05
0.161061 0.0310085 0.0179376 0.092281 0.0804029 0.115473 0.161164 0.0875431 0.0834665 0.169663
0.090529 0.0844818 0.10708 9.9964E-05 9.9964E-05 9.9964E-05 0.56892 0.0578958 9.9964E-05 0.0906935
0.063002 9.9964E-05 9.9964E-05 0.466241 0.0682414 0.0391017 0.325883 9.9964E-05 0.0371306 9.9964E-05
0.00238295 0.152005 0.0213662 0.200258 0.00602366 9.9991E-05 0.221508 0.0281305 0.061688 0.306538
0.2349 0.0659865 0.0403371 0.0217958 0.0155611 9.9973E-05 9.9973E-05 9.9973E-05 0.382599 0.23852
0.193968 0.0894178 9.9964E-05 9.9964E-05 0.0163249 9.9964E-05 0.460889 9.9964E-05 0.0590634 0.179937
9.9928E-05 0.0105944 9.9928E-05 9.9928E-05 9.9928E-05 9.9928E-05 9.9928E-05 9.9928E-05 0.988606 9.9928E-05
0.300769 0.0561557 0.172214 9.9955E-05 9.9955E-05 9.9955E-05 0.413648 0.0567134 9.9955E-05 9.9955E-05
0.0981648 0.0345416 9.9982E-05 0.142974 0.0156832 0.0517104 9.9982E-05 0.462502 0.0417657 0.152459
9.9946E-05 9.9946E-05 9.9946E-05 0.265263 9.9946E-05 9.9946E-05 0.517307 9.9946E-05 0.0782932 0.138537
0.422005 9.99549E-05 9.99549E-05 0.30609 0.0650341 9.99549E-05 0.184849 0.0215217 9.99549E-05 9.99549E-05
0.0513914 0.00842994 0.0192136 9.9982E-05 0.0458084 0.294448 9.9982E-05 0.262943 0.124821 0.192745
0.175621 9.9964E-05 9.9964E-05 9.9964E-05 0.0950192 9.9964E-05 0.0714465 0.0355771 0.501901 0.120035
9.9991E-05 0.000218498 0.041169 0.0210763 0.0415182 0.326595 0.0337394 0.104186 0.317686 0.113711
0.187289 0.284014 0.0501657 0.128471 9.9973E-05 0.0435503 0.0621367 9.9973E-05 9.9973E-05 0.244073
9.9973E-05 0.116789 0.0282071 0.543211 0.0807398 0.0950416 9.9973E-05 9.9973E-05 0.0674158 0.0682955
0.337038 9.99371E-05 9.99371E-05 9.99371E-05 9.99371E-05 0.565402 0.0968604 9.99371E-05 9.99371E-05 9.99371E-05
0.0768315 9.9955E-05 9.9955E-05 0.312752 0.0183498 9.9955E-05 0.558019 0.0335479 9.9955E-05 9.9955E-05
9.9982E-05 0.111217 0.0858694 0.247085 0.038356 9.9982E-05 0.0128632 0.0155563 0.0730793 0.415774
9.9964E-05 0.0614069 9.9964E-05 0.462331 0.0376545 0.149168 0.101709 9.9964E-05 9.9964E-05 0.187331
0.643447 9.9955E-05 9.9955E-05 0.11913 9.9955E-05 0.121186 9.9955E-05 0.0912277 0.0245098 9.9955E-05
0.075996 9.9982E-05 9.9982E-05 0.0527273 0.0375418 0.0524869 0.119035 0.592309 0.000562283 0.0691424
9.9955E-05 9.9955E-05 0.00624836 9.9955E-05 0.140416 0.087911 0.417548 9.9955E-05 9.9955E-05 0.347376
0.317188 9.9982E-05 9.9982E-05 0.0527657 0.0153104 0.169697 0.0849725 0.0263368 0.229981 0.103548
0.0577518 0.0220587 9.9973E-05 9.9973E-05 0.0366805 0.069043 0.659197 9.9973E-05 0.073469 0.0815001
9.9946E-05 9.9946E-05 0.0436197 9.9946E-05 9.9946E-05 0.166584 0.504394 0.284802 9.9946E-05 9.9946E-05
0.135005 9.9973E-05 0.0590695 0.382643 0.0450107 0.0557039 0.269848 9.9973E-05 9.9973E-05 0.0524199
9.99369E-05 0.952682 9.99369E-05 0.0408431 9.99369E-05 9.99369E-05 9.99369E-05 9.99369E-05 9.99369E-05 0.00577494
9.99201E-05 0.999101 9.99201E-05 9.99201E-05 9.99201E-05 9.99201E-05 9.99201E-05 9.99201E-05 9.99201E-05 9.99201E-05
0.0390238 0.146202 9.9964E-05 0.318553 0.0668769 0.295316 9.9964E-05 0.13363 9.9964E-05 9.9964E-05
0.184857 0.0139173 0.0900604 0.0588105 0.0329856 9.9964E-05 9.9964E-05 9.9964E-05 9.9964E-05 0.618969
9.9973E-05 9.9973E-05 0.085878 0.0871963 0.0481663 0.374354 0.176967 0.160368 9.9973E-05 0.0667699
0.0900619 9.9955E-05 0.0599683 9.9955E-05 0.0720534 0.00833738 0.769079 9.9955E-05 9.9955E-05 9.9955E-05
0.0725896 9.9973E-05 0.0573619 0.200051 9.9973E-05 0.116272 0.0793987 9.9973E-05 0.0960739 0.377953
0.104128 9.9982E-05 9.9982E-05 0.431612 0.0503461 0.251431 0.0392671 0.0425758 0.0145505 0.06589
9.9964E-05 0.150513 0.0885371 9.9964E-05 0.116563 9.9964E-05 9.9964E-05 0.0513757 0.0285268 0.564084
0.0568583 0.0594919 0.0875793 0.0208192 0.100299 0.0438517 0.116314 0.0146772 0.385202 0.114908
0.0676188 0.12741 0.0446734 0.0293992 9.9982E-05 0.312355 0.208084 0.145343 9.9982E-05 0.0649167
9.99201E-05 9.99201E-05 9.99201E-05 9.99201E-05 0.999101 9.99201E-05 9.99201E-05 9.99201E-05 9.99201E-05 9.99201E-05
9.9973E-05 0.0314896 0.144537 0.0768861 0.0451065 9.9973E-05 0.109985 0.52428 9.9973E-05 0.0674162
9.9964E-05 0.184838 0.277308 9.9964E-05 0.0732519 9.9964E-05 0.205826 0.104529 9.9964E-05 0.153847
0.0899542 9.9964E-05 0.0552392 0.667593 0.072927 9.9964E-05 9.9964E-05 9.9964E-05 0.00859551 0.105292
9.9955E-05 0.0893069 0.202629 9.9955E-05 0.0679861 0.258654 9.9955E-05 9.9955E-05 9.9955E-05 0.380924
0.0566035 9.9982E-05 0.0275726 0.0899885 0.154535 0.521634 0.0091404 0.0174431 0.122882 9.9982E-05
0.0124209 0.161247 0.0303558 0.215962 0.0331699 0.265084 9.9991E-05 0.00478806 0.0858414 0.191031
0.0205232 0.0643808 9.9991E-05 0.431797 0.0615588 0.103695 0.109962 0.0414308 0.0231666 0.143386
0.0876318 0.271972 0.072838 9.9982E-05 0.0314612 9.9982E-05 0.205877 0.141012 0.157564 0.0314431
0.00124613 9.99639E-05 9.99639E-05 0.409414 0.0917149 9.99639E-05 0.0913407 0.169096 9.99639E-05 0.236788
0.116037 0.167336 0.0885982 0.082245 0.0536377 9.9982E-05 0.384564 0.0778314 0.0295513 9.9982E-05
9.9946E-05 0.0458366 9.9946E-05 9.9946E-05 9.9946E-05 9.9946E-05 0.149587 0.712168 0.0918089 9.9946E-05
9.9991E-05 0.0306128 0.0388848 0.0720207 0.00374655 0.0851564 0.450316 0.16735 0.0559186 0.0958938
0.495723 9.9946E-05 0.0408551 9.9946E-05 9.9946E-05 9.9946E-05 9.9946E-05 0.0799452 9.9946E-05 0.382877
9.99201E-05 9.99201E-05 9.99201E-05 9.99201E-05 0.999101 9.99201E-05 9.99201E-05 9.99201E-05 9.99201E-05 9.99201E-05
0.137998 0.107247 9.99549E-05 9.99549E-05 0.372817 0.318397 9.99549E-05 0.0630411 9.99549E-05 9.99549E-05
0.000168975 0.316491 0.0723448 9.9973E-05 9.9973E-05 0.0172256 0.343094 0.0174973 9.9973E-05 0.232878
9.9982E-05 9.9982E-05 0.074457 0.0995551 0.055687 0.0561347 0.423282 0.113712 0.117747 0.0592261
9.9946E-05 9.9946E-05 9.9946E-05 0.165217 0.0702819 9.9946E-05 9.9946E-05 0.626215 9.9946E-05 0.137686
0.0961054 0.101761 9.99819E-05 0.222326 0.0311597 0.0646435 0.00977469 0.168792 9.99819E-05 0.305237
9.9946E-05 9.9946E-05 0.024547 9.9946E-05 0.0129414 0.891663 0.0702488 9.9946E-05 9.9946E-05 9.9946E-05
9.99369E-05 0.975566 9.99369E-05 9.99369E-05 0.00432939 0.0194046 9.99369E-05 9.99369E-05 9.99369E-05 9.99369E-05
0.275238 0.0913895 9.9991E-05 0.0313677 0.0653604 0.149679 0.158258 0.130204 0.0328129 0.0655905
9.99549E-05 0.0916663 9.99549E-05 9.99549E-05 9.99549E-05 0.689674 0.0350181 9.99549E-05 0.107663 0.0754789
0.0878916 0.220831 0.10285 0.20868 0.072586 0.0504628 0.14997 9.9982E-05 0.106528 9.9982E-05
9.9973E-05 0.0381607 9.9973E-05 0.203363 0.105531 9.9973E-05 0.0347372 0.165323 0.156835 0.29575
9.9946E-05 0.212627 9.9946E-05 9.9946E-05 0.0104897 0.656 9.9946E-05 0.120284 9.9946E-05 9.9946E-05
0.023627 0.0852992 9.9982E-05 0.175922 0.148445 0.0690528 0.209882 0.110173 9.9982E-05 0.1774
9.9973E-05 9.9973E-05 0.0767085 0.100102 0.0131678 0.336183 0.216499 9.9973E-05 0.0254832 0.231556
0.25352 9.9973E-05 9.9973E-05 0.0910589 0.0344023 0.0331451 0.469919 0.0335203 9.9973E-05 0.0841345
9.9964E-05 0.0282812 0.02988 0.188392 9.9964E-05 9.9964E-05 0.555695 0.111427 0.085926 9.9964E-05
9.9928E-05 0.0268972 0.972303 9.9928E-05 9.9928E-05 9.9928E-05 9.9928E-05 9.9928E-05 9.9928E-05 9.9928E-05
9.9964E-05 0.0980792 0.0263192 0.517526 9.9964E-05 0.113222 9.9964E-05 9.9964E-05 0.114934 0.12952
0.999101 9.99201E-05 9.99201E-05 9.99201E-05 9.99201E-05 9.99201E-05 9.99201E-05 9.99201E-05 9.99201E-05 9.99201E-05
0.313995 9.9982E-05 0.0190941 0.132541 0.0657692 9.9982E-05 0.259567 0.0987538 0.087122 0.0229587
9.9973E-05 0.401478 0.0202325 0.0827485 0.0518931 0.093587 9.9973E-05 0.185521 9.9973E-05 0.16424
0.0772855 0.110717 9.99639E-05 9.99639E-05 9.99639E-05 9.99639E-05 0.399874 0.20691 0.142823 0.0619918
0.250314 0.0346174 9.9964E-05 9.9964E-05 9.9964E-05 0.0802499 0.0891456 0.369552 9.9964E-05 0.175721
9.99201E-05 9.99201E-05 0.999101 9.99201E-05 9.99201E-05 9.99201E-05 9.99201E-05 9.99201E-05 9.99201E-05 9.99201E-05
0.0901416 0.00865517 9.9982E-05 9.9982E-05 0.0615249 0.497406 0.0771099 0.0259236 0.041152 0.197887
0.0599817 0.025769 0.168695 9.9973E-05 0.036362 0.411093 9.9973E-05 0.224385 0.0734141 9.9973E-05
0.0477064 0.109499 0.031419 9.9982E-05 0.0570497 9.9982E-05 0.117168 0.137467 0.00061167 0.498879
9.9955E-05 0.116921 9.9955E-05 0.2218 9.9955E-05 0.441399 9.9955E-05 0.133543 0.0858382 9.9955E-05
