9.99641E-05 9.99641E-05 9.99641E-05 0.0364598 9.99641E-05 0.103429 0.328237 0.112769 0.418705
0.221106 9.9964E-05 0.163847 9.9964E-05 9.9964E-05 9.9964E-05 0.0886207 0.263438 0.262588
0.0623793 9.99732E-05 0.0099653 0.331537 0.025287 9.99732E-05 9.99732E-05 0.113138 0.457393
9.99641E-05 9.99641E-05 9.99641E-05 0.0924213 0.0743561 0.362477 0.219258 9.99641E-05 0.251088
0.166957 0.156178 9.9964E-05 0.341465 9.9964E-05 0.191279 9.9964E-05 9.9964E-05 0.143721
9.99731E-05 9.99731E-05 0.00224289 0.103836 0.165178 0.0521676 0.497916 9.99731E-05 0.178359
0.259916 9.99641E-05 9.99641E-05 0.150644 9.99641E-05 0.203751 9.99641E-05 0.0813387 0.303951
0.0236747 9.99642E-05 0.0511836 9.99642E-05 9.99642E-05 9.99642E-05 0.124835 0.010016 0.789891
9.99641E-05 9.99641E-05 9.99641E-05 0.0900871 0.143848 0.365099 9.99641E-05 0.28552 0.115046
9.995E-05 9.995E-05 9.995E-05 0.0496157 0.17805 9.995E-05 0.430179 0.341656 9.995E-05
0.176485 0.064701 9.9991E-05 0.128348 0.225532 0.14504 0.15563 0.043136 0.0610283
0.19311 9.99463E-05 0.0393818 9.99463E-05 9.99463E-05 0.766908 9.99463E-05 9.99463E-05 9.99463E-05
9.99374E-05 9.99374E-05 9.99374E-05 9.99374E-05 9.99374E-05 0.420204 9.99374E-05 9.99374E-05 0.579096
0.0990702 0.344485 9.99641E-05 0.0525754 9.99641E-05 9.99641E-05 0.450355 9.99641E-05 0.0531149
9.99642E-05 0.110834 0.0246713 9.99642E-05 9.99642E-05 0.796677 0.0576664 0.00975163 9.99642E-05
0.130455 0.108661 9.99642E-05 0.387524 9.99642E-05 0.117015 9.99642E-05 9.99642E-05 0.255945
9.99731E-05 0.00370848 0.274274 0.135615 0.00654676 0.406464 9.99731E-05 9.99731E-05 0.173092
0.308609 9.99731E-05 0.112022 0.059863 0.18155 9.99731E-05 0.230489 0.107168 9.99731E-05
9.99552E-05 9.99552E-05 9.99552E-05 9.99552E-05 9.99552E-05 0.159791 0.0644404 0.303026 0.472243
9.99552E-05 0.00640304 9.99552E-05 0.0433995 9.99552E-05 9.99552E-05 0.923136 9.99552E-05 0.0265614
0.0245487 9.99553E-05 9.99553E-05 9.99553E-05 0.15894 9.99553E-05 0.69625 0.119762 9.99553E-05
9.9973E-05 0.159657 0.167143 0.0353833 9.9973E-05 0.36667 9.9973E-05 0.0793596 0.191487
0.261758 9.99731E-05 9.99731E-05 0.172275 0.0988012 0.324913 0.0229365 9.99731E-05 0.119016
0.0238128 0.136684 0.0795579 0.650084 0.0659195 0.0436416 9.9973E-05 9.9973E-05 9.9973E-05
0.179414 9.99641E-05 0.140458 0.260194 0.207945 9.99641E-05 0.211589 9.99641E-05 9.99641E-05
0.0389204 0.15543 0.0730191 0.164318 0.0274615 0.0817248 0.329825 0.0300903 0.0992106
0.199242 0.0410159 0.0269294 9.9973E-05 0.0458195 9.9973E-05 0.304796 0.381898 9.9973E-05
9.99552E-05 0.131928 9.99552E-05 9.99552E-05 9.99552E-05 9.99552E-05 0.117635 0.548291 0.201647
0.0454579 0.00313505 9.99641E-05 9.99641E-05 0.147791 9.99641E-05 9.99641E-05 0.140713 0.662503
9.99373E-05 0.124941 9.99373E-05 0.874359 9.99373E-05 9.99373E-05 9.99373E-05 9.99373E-05 9.99373E-05
0.168151 0.220152 0.0822592 9.99731E-05 0.0810448 9.99731E-05 0.195131 0.252963 9.99731E-05
0.255448 9.99462E-05 0.129934 9.99462E-05 9.99462E-05 9.99462E-05 9.99462E-05 9.99462E-05 0.614018
9.99642E-05 9.99642E-05 9.99642E-05 0.139008 0.110085 9.99642E-05 0.133212 0.601271 0.0160244
0.0192195 9.99643E-05 9.99643E-05 0.0852868 9.99643E-05 0.169934 0.00570632 9.99643E-05 0.719453
0.193674 9.99605E-05 9.99605E-05 0.22177 9.99605E-05 9.99605E-05 0.324803 9.99605E-05 0.259254
9.99464E-05 0.0464056 9.99464E-05 9.99464E-05 9.99464E-05 9.99464E-05 0.847058 0.105936 9.99464E-05
0.320181 0.0543347 0.523479 9.99552E-05 9.99552E-05 9.99552E-05 9.99552E-05 0.101506 9.99552E-05
9.99642E-05 9.99642E-05 9.99642E-05 0.166306 0.315174 0.0295149 9.99642E-05 0.417954 0.0706518
0.144433 9.99731E-05 0.125588 0.0258999 9.99731E-05 9.99731E-05 0.151755 0.254831 0.297193
0.0816795 9.9982E-05 0.0274302 0.0206317 0.163482 0.158488 0.194204 9.9982E-05 0.353884
0.0528129 9.99552E-05 0.139306 0.299838 9.99552E-05 9.99552E-05 9.99552E-05 0.507544 9.99552E-05
0.354892 9.99642E-05 0.163828 9.99642E-05 0.0771226 0.385691 9.99642E-05 0.0180659 9.99642E-05
0.0746233 9.99551E-05 0.11551 9.99551E-05 9.99551E-05 9.99551E-05 0.451279 9.99551E-05 0.358088
9.99642E-05 0.0947518 9.99642E-05 9.99642E-05 0.136126 0.244204 0.408315 9.99642E-05 0.116204
0.22736 9.99642E-05 0.184133 0.0184537 9.99642E-05 0.0485369 9.99642E-05 9.99642E-05 0.521116
0.111305 9.99731E-05 0.135938 9.99731E-05 0.00524108 0.14891 0.106318 9.99731E-05 0.491987
0.0143681 9.99551E-05 9.99551E-05 9.99551E-05 9.99551E-05 0.441739 0.455337 9.99551E-05 0.0880559
0.142669 0.125014 9.9982E-05 9.9982E-05 0.0544899 0.169521 0.238759 0.20694 0.0624065
9.994E-05 9.994E-05 0.287231 9.994E-05 9.994E-05 0.273734 0.438435 9.994E-05 9.994E-05
9.99371E-05 9.99371E-05 9.99371E-05 9.99371E-05 9.99371E-05 9.99371E-05 0.580181 9.99371E-05 0.419119
9.9973E-05 9.9973E-05 0.0450045 0.269531 0.108957 0.118524 0.0732746 9.9973E-05 0.384409
0.133646 0.000380886 9.99641E-05 9.99641E-05 0.307055 9.99641E-05 0.11886 0.439659 9.99641E-05
9.995E-05 9.995E-05 9.995E-05 0.274302 9.995E-05 0.300758 9.995E-05 0.358465 0.0659754
9.99463E-05 9.99463E-05 9.99463E-05 0.0877086 0.121343 9.99463E-05 9.99463E-05 9.99463E-05 0.790348
9.99372E-05 0.922239 9.99372E-05 9.99372E-05 9.99372E-05 9.99372E-05 0.0770617 9.99372E-05 9.99372E-05
0.0780744 0.650356 0.0732138 9.99731E-05 9.99731E-05 0.112082 0.0631136 0.0228601 9.99731E-05
9.9973E-05 0.417453 9.9973E-05 0.17423 0.0327422 0.124642 0.250213 0.00041958 9.9973E-05
9.993E-05 0.999201 9.993E-05 9.993E-05 9.993E-05 9.993E-05 9.993E-05 9.993E-05 9.993E-05
0.285721 0.325442 9.9964E-05 9.9964E-05 0.126065 0.000800595 9.9964E-05 9.9964E-05 0.261573
0.0832769 9.9973E-05 9.9973E-05 9.9973E-05 0.114952 0.0460644 0.704662 0.0265301 0.0242148
9.99731E-05 0.0630347 9.99731E-05 0.0875065 0.120676 9.99731E-05 0.195183 0.0330098 0.500291
0.406313 9.99551E-05 9.99551E-05 0.0637187 9.99551E-05 0.341038 0.188431 9.99551E-05 9.99551E-05
0.0740404 0.192757 0.0689493 9.9964E-05 9.9964E-05 0.174712 9.9964E-05 0.489141 9.9964E-05
9.99553E-05 9.99553E-05 9.99553E-05 0.482141 9.99553E-05 9.99553E-05 0.319632 0.0802149 0.117513
0.137349 0.102486 0.210113 0.110508 0.00960952 9.99821E-05 9.99821E-05 0.000512709 0.429222
9.99732E-05 9.99732E-05 0.0705967 0.0535194 9.99732E-05 0.196351 0.451493 0.162748 0.0649923
0.00670374 9.99642E-05 9.99642E-05 0.190147 0.0854009 0.0959054 0.621443 9.99642E-05 9.99642E-05
0.173945 0.126839 9.99641E-05 9.99641E-05 9.99641E-05 0.427096 0.0322377 9.99641E-05 0.239482
0.0234793 0.0413984 0.157641 9.99731E-05 9.99731E-05 0.207668 9.99731E-05 0.101285 0.468228
9.99552E-05 0.0312569 0.249027 9.99552E-05 9.99552E-05 9.99552E-05 0.52834 0.190877 9.99552E-05
0.092678 9.99731E-05 9.99731E-05 9.99731E-05 0.13564 0.309561 0.102581 0.189269 0.169972
0.300464 9.99641E-05 0.151128 9.99641E-05 9.99641E-05 0.471847 0.0279048 0.0482561 9.99641E-05
0.356647 0.225288 9.99553E-05 9.99553E-05 9.99553E-05 9.99553E-05 9.99553E-05 0.091158 0.326407
0.250651 9.99642E-05 0.328644 9.99642E-05 9.99642E-05 9.99642E-05 0.23695 0.0854687 0.0978858
0.0411013 0.0496816 9.99644E-05 0.129453 9.99644E-05 9.99644E-05 0.0503531 9.99644E-05 0.729012
0.249041 0.22332 0.0893865 9.99821E-05 9.99821E-05 0.128778 0.0391554 0.00335708 0.266762
9.99465E-05 9.99465E-05 9.99465E-05 9.99465E-05 0.0330567 0.848083 0.118261 9.99465E-05 9.99465E-05
0.136838 9.99731E-05 9.99731E-05 0.0249482 0.216508 9.99731E-05 0.0903728 0.385022 0.146011
9.9982E-05 0.078112 0.149979 9.9982E-05 0.130052 0.0243088 0.318757 0.0481989 0.250392
0.100103 0.280223 0.0740003 0.0392164 0.0536091 0.0165979 0.175856 0.00280435 0.25759
0.307332 9.99552E-05 9.99552E-05 9.99552E-05 9.99552E-05 9.99552E-05 0.153596 0.0385056 0.500067
9.99732E-05 0.119959 9.99732E-05 0.0947514 0.107864 0.154257 0.234224 9.99732E-05 0.288645
9.99553E-05 9.99553E-05 0.125571 9.99553E-05 9.99553E-05 9.99553E-05 0.529715 0.253703 0.0905113
9.9982E-05 9.9982E-05 0.363633 0.106179 0.101374 0.235082 0.00798194 0.0933293 0.0922214
0.171044 9.99731E-05 9.99731E-05 0.067814 9.99731E-05 0.290099 0.322596 0.0418123 0.106335
0.137999 9.9973E-05 0.0179435 9.9973E-05 9.9973E-05 0.225026 0.451284 0.103809 0.063638
0.0265407 0.00679191 9.99642E-05 9.99642E-05 9.99642E-05 9.99642E-05 0.0592484 0.611115 0.295904
9.99641E-05 0.0524162 9.99641E-05 0.47169 0.0292017 0.323109 0.123183 9.99641E-05 9.99641E-05
9.99643E-05 9.99643E-05 0.0094853 9.99643E-05 0.219082 0.184455 0.0266383 9.99643E-05 0.55994
9.99641E-05 9.99641E-05 0.105656 9.99641E-05 0.00959087 0.20481 9.99641E-05 0.275874 0.403669
9.99464E-05 9.99464E-05 0.132234 0.774296 9.99464E-05 9.99464E-05 0.0928697 9.99464E-05 9.99464E-05
0.115184 9.99643E-05 0.0324105 0.0630985 9.99643E-05 0.0955347 0.693373 9.99643E-05 9.99643E-05
0.373737 9.99643E-05 9.99643E-05 0.00121023 9.99643E-05 0.343235 0.156266 9.99643E-05 0.125152
9.99551E-05 9.99551E-05 9.99551E-05 0.14293 0.361329 9.99551E-05 0.208802 0.28644 9.99551E-05
0.104755 9.9973E-05 0.0315409 0.0676208 9.9973E-05 0.437869 9.9973E-05 0.292896 0.0650179
0.0426662 9.9982E-05 9.9982E-05 0.00628899 0.166721 0.324756 0.0526119 0.0533042 0.353452
9.99731E-05 0.104348 0.02018 0.164102 9.99731E-05 0.0468645 0.434154 0.230051 9.99731E-05
9.99551E-05 9.99551E-05 9.99551E-05 9.99551E-05 0.0322852 0.551314 0.265294 0.150607 9.99551E-05
0.0537314 9.99551E-05 9.99551E-05 0.440369 9.99551E-05 9.99551E-05 0.0708068 9.99551E-05 0.434593
0.216518 9.9964E-05 9.9964E-05 0.287332 9.9964E-05 0.090664 0.215781 0.189306 9.9964E-05
0.0753462 0.252992 9.99642E-05 0.236107 9.99642E-05 0.0637052 9.99642E-05 0.371449 9.99642E-05
9.99373E-05 9.99373E-05 9.99373E-05 0.965523 9.99373E-05 9.99373E-05 9.99373E-05 0.0337778 9.99373E-05
9.99374E-05 9.99374E-05 9.99374E-05 9.99374E-05 0.0503404 9.99374E-05 9.99374E-05 0.94896 9.99374E-05
9.99462E-05 9.99462E-05 9.99462E-05 0.00492054 0.97721 9.99462E-05 9.99462E-05 0.01727 9.99462E-05
9.99641E-05 9.99641E-05 0.146885 9.99641E-05 9.99641E-05 0.116065 0.25036 0.0344565 0.451834
0.104491 9.9982E-05 0.210115 0.107529 0.000452689 0.4852 0.00134316 9.9982E-05 0.0906693
9.99641E-05 0.147766 0.223198 9.99641E-05 9.99641E-05 9.99641E-05 0.36891 0.131974 0.127752
9.99731E-05 9.99731E-05 0.201889 0.0336932 0.00561201 9.99731E-05 0.0390363 0.334008 0.385462
0.100783 9.99642E-05 0.31603 9.99642E-05 9.99642E-05 0.295969 0.0146199 9.99642E-05 0.272199
0.119849 9.99553E-05 9.99553E-05 0.0450638 0.410621 9.99553E-05 9.99553E-05 9.99553E-05 0.423967
0.113286 9.99732E-05 9.99732E-05 0.326148 9.99732E-05 0.0342764 0.0168708 0.304985 0.204135
9.99643E-05 0.0179778 9.99643E-05 0.00863984 9.99643E-05 0.155062 0.427684 9.99643E-05 0.390237
9.99642E-05 0.183115 9.99642E-05 0.559509 0.00201416 9.99642E-05 0.0359565 9.99642E-05 0.219006
0.047738 0.00983248 9.99464E-05 9.99464E-05 9.99464E-05 9.99464E-05 9.99464E-05 9.99464E-05 0.94183
9.99373E-05 9.99373E-05 9.99373E-05 0.97459 9.99373E-05 9.99373E-05 9.99373E-05 0.0247107 9.99373E-05
9.99552E-05 0.429068 9.99552E-05 9.99552E-05 0.20062 0.364626 9.99552E-05 9.99552E-05 0.00518627
9.99462E-05 9.99462E-05 9.99462E-05 9.99462E-05 9.99462E-05 0.364688 0.492969 9.99462E-05 0.141743
9.99552E-05 9.99552E-05 0.109629 9.99552E-05 9.99552E-05 0.0229274 9.99552E-05 0.501116 0.365828
0.246267 9.997E-05 0.118776 0.073527 0.120585 9.997E-05 9.997E-05 0.0242587 0.416287
0.0964191 9.99731E-05 0.0474672 9.99731E-05 0.0473427 9.99731E-05 0.530094 0.103767 0.174609
0.0752881 9.99731E-05 0.132801 0.440084 9.99731E-05 0.26727 0.0750292 0.00922682 9.99731E-05
0.0109064 0.0267875 9.99821E-05 0.249955 0.101927 0.104414 0.492094 0.0137155 9.99821E-05
9.99463E-05 9.99463E-05 9.99463E-05 9.99463E-05 0.135198 9.99463E-05 0.0318649 9.99463E-05 0.832338
0.10699 9.99732E-05 0.0496081 9.99732E-05 0.0439937 9.99732E-05 0.602294 0.0509394 0.145875
9.999E-05 0.0417996 0.054348 0.15851 0.09816 0.280113 0.223756 0.00552219 0.137692
0.112268 9.9973E-05 9.9973E-05 9.9973E-05 0.0221899 0.391824 0.0251519 0.103338 0.344929
0.206702 9.99732E-05 0.107889 0.104892 9.99732E-05 0.214405 0.084332 0.28148 9.99732E-05
0.155011 0.182558 0.136038 9.9982E-05 0.0634905 0.229666 0.00990952 9.9982E-05 0.223126
0.0422178 9.99732E-05 0.0180361 0.092152 0.208604 9.99732E-05 0.565101 0.0735892 9.99732E-05
0.102123 9.99642E-05 9.99642E-05 0.245157 0.0532709 9.99642E-05 9.99642E-05 0.018777 0.580272
9.99642E-05 0.156922 9.99642E-05 9.99642E-05 0.160799 0.60816 0.0310845 0.0426342 9.99642E-05
0.120582 0.0613677 0.00903563 9.9991E-05 0.146779 0.0608693 0.188249 0.091795 0.321222
0.0465221 0.11948 0.0327258 9.99821E-05 0.0649541 0.144432 9.99821E-05 0.217195 0.37449
0.0892422 9.99641E-05 0.327226 9.99641E-05 0.207366 9.99641E-05 9.99641E-05 0.286457 0.0893096
0.0507304 9.99552E-05 9.99552E-05 9.99552E-05 0.143367 9.99552E-05 0.456848 0.348554 9.99552E-05
9.99461E-05 9.99461E-05 0.619865 9.99461E-05 9.99461E-05 0.00706771 0.372467 9.99461E-05 9.99461E-05
9.993E-05 9.993E-05 0.999201 9.993E-05 9.993E-05 9.993E-05 9.993E-05 9.993E-05 9.993E-05
9.99464E-05 9.99464E-05 0.31596 9.99464E-05 0.13601 9.99464E-05 9.99464E-05 9.99464E-05 0.54743
0.272672 9.99643E-05 9.99643E-05 9.99643E-05 0.210157 0.155568 9.99643E-05 0.251048 0.110155
9.99463E-05 9.99463E-05 0.121925 9.99463E-05 9.99463E-05 9.99463E-05 0.419759 9.99463E-05 0.457716
0.0906838 0.420728 9.99642E-05 0.125872 0.214958 9.99642E-05 9.99642E-05 9.99642E-05 0.147358
0.0824125 9.99732E-05 9.99732E-05 0.164416 0.254108 0.135669 9.99732E-05 0.166866 0.196229
0.0418809 9.99641E-05 9.99641E-05 9.99641E-05 9.99641E-05 0.217292 0.051956 0.366379 0.322093
9.99552E-05 9.99552E-05 0.1249 9.99552E-05 0.187438 0.17673 9.99552E-05 0.510433 9.99552E-05
0.0920234 0.0129684 9.99731E-05 0.52537 9.99731E-05 0.0901004 0.245006 9.99731E-05 0.0342319
9.99731E-05 9.99731E-05 0.0374865 0.0231459 9.99731E-05 0.174293 0.0123167 0.0183183 0.73414
0.999201 9.993E-05 9.993E-05 9.993E-05 9.993E-05 9.993E-05 9.993E-05 9.993E-05 9.993E-05
9.99553E-05 9.99553E-05 9.99553E-05 0.0543259 9.99553E-05 9.99553E-05 0.62888 0.189219 0.127075
0.146457 0.0571841 9.99821E-05 0.0867542 0.113224 0.0354386 0.413136 9.99821E-05 0.147607
0.262462 0.320154 9.99642E-05 9.99642E-05 0.0309632 0.218461 9.99642E-05 0.16756 9.99642E-05
0.203566 9.99554E-05 9.99554E-05 9.99554E-05 9.99554E-05 0.119998 9.99554E-05 0.134161 0.541776
0.0933073 0.122566 9.99731E-05 9.99731E-05 9.99731E-05 0.525531 0.00793594 0.222062 0.0282975
9.9955E-05 0.372685 0.212455 9.9955E-05 9.9955E-05 9.9955E-05 0.0966455 9.9955E-05 0.317714
0.093257 9.9982E-05 0.0736712 0.105978 9.9982E-05 0.0507798 0.0429991 0.364066 0.269049
0.343813 9.99553E-05 9.99553E-05 0.343395 9.99553E-05 0.000991917 0.311301 9.99553E-05 9.99553E-05
0.102579 9.99642E-05 0.344542 9.99642E-05 0.251877 0.13559 0.165012 9.99642E-05 9.99642E-05
0.112966 0.15051 9.99731E-05 9.99731E-05 0.271557 9.99731E-05 0.280787 0.0482909 0.135589
0.0129198 0.47448 0.0136184 9.99732E-05 0.0570255 9.99732E-05 0.440196 0.00146041 9.99732E-05
9.99643E-05 9.99643E-05 0.0275585 0.143199 9.99643E-05 9.99643E-05 0.0565605 0.00732215 0.76496
0.0157821 9.99731E-05 9.99731E-05 0.0917764 0.119499 9.99731E-05 0.0519382 0.136657 0.584048
0.999201 9.993E-05 9.993E-05 9.993E-05 9.993E-05 9.993E-05 9.993E-05 9.993E-05 9.993E-05
0.304457 9.99551E-05 9.99551E-05 9.99551E-05 9.99551E-05 0.238273 0.128045 9.99551E-05 0.328726
0.0418415 9.99552E-05 9.99552E-05 9.99552E-05 9.99552E-05 9.99552E-05 0.050788 0.282006 0.624865
0.0743458 0.489561 9.99642E-05 9.99642E-05 9.99642E-05 0.347143 0.0402202 0.0483299 9.99642E-05
0.272272 9.99732E-05 0.0315438 9.99732E-05 9.99732E-05 0.494066 0.0851704 0.00222594 0.114422
0.122171 9.996E-05 9.996E-05 0.057546 9.996E-05 0.318899 0.385449 9.996E-05 0.115535
0.0391927 0.363365 9.99642E-05 9.99642E-05 9.99642E-05 9.99642E-05 0.133985 0.0377053 0.425352
9.993E-05 9.993E-05 0.999201 9.993E-05 9.993E-05 9.993E-05 9.993E-05 9.993E-05 9.993E-05
0.208694 0.302734 9.99732E-05 0.0732138 9.99732E-05 9.99732E-05 0.0119315 0.0841143 0.319013
0.181735 0.0624246 9.998E-05 0.10488 0.121725 0.132023 0.194998 9.998E-05 0.202015
9.99642E-05 9.99642E-05 0.10245 0.0829461 0.110157 0.288605 9.99642E-05 9.99642E-05 0.415442
0.0686436 0.079506 9.99551E-05 9.99551E-05 9.99551E-05 0.00427765 9.99551E-05 9.99551E-05 0.847073
9.9964E-05 0.296213 0.125768 9.9964E-05 0.233397 0.254844 9.9964E-05 9.9964E-05 0.0893785
9.99731E-05 9.99731E-05 0.00869465 0.171348 0.0184237 0.121902 0.59636 0.0829722 9.99731E-05
9.99641E-05 0.019704 0.0651115 0.176183 9.99641E-05 0.248356 9.99641E-05 9.99641E-05 0.490246
9.99463E-05 0.367093 9.99463E-05 9.99463E-05 9.99463E-05 9.99463E-05 0.0146669 9.99463E-05 0.617641
0.0898713 9.998E-05 0.0209872 0.231882 9.998E-05 0.431082 0.184234 0.0277254 0.0140175
0.00154284 0.0300854 9.99463E-05 9.99463E-05 0.967772 9.99463E-05 9.99463E-05 9.99463E-05 9.99463E-05
0.085503 9.99821E-05 0.0169867 0.0123868 0.00978839 9.99821E-05 0.416354 0.29629 0.162491
9.99731E-05 0.0132557 9.99731E-05 9.99731E-05 0.0418971 0.203937 0.0109927 0.576836 0.152782
0.186453 0.0310021 9.99553E-05 9.99553E-05 9.99553E-05 9.99553E-05 0.778523 0.00352285 9.99553E-05
0.256011 9.99821E-05 0.0765221 9.99821E-05 0.139819 0.133492 0.272882 0.120496 0.000578475
0.0958041 9.99641E-05 9.99641E-05 0.0630822 9.99641E-05 0.247287 0.389576 9.99641E-05 0.203851
0.115335 0.00989262 9.99554E-05 9.99554E-05 9.99554E-05 0.153694 9.99554E-05 9.99554E-05 0.720578
9.993E-05 9.993E-05 9.993E-05 9.993E-05 0.999201 9.993E-05 9.993E-05 9.993E-05 9.993E-05
0.0526773 0.164234 9.99643E-05 9.99643E-05 9.99643E-05 0.286713 0.0695727 9.99643E-05 0.426404
0.0632496 9.99731E-05 9.99731E-05 9.99731E-05 0.130562 0.0906654 0.174593 0.123607 0.417023
0.0946394 9.99552E-05 9.99552E-05 0.256344 9.99552E-05 9.99552E-05 9.99552E-05 0.357321 0.291196
0.0713039 0.0339091 9.9982E-05 0.0654776 0.0745965 9.9982E-05 0.497975 0.0880872 0.168451
