0.0513332 0.140842 0.807825
9.999E-05 0.4773 0.5226
0.0460722 0.380763 0.573164
0.108493 0.127042 0.764466
0.247905 0.333379 0.418716
0.156722 0.333994 0.509284
0.163743 0.227484 0.608772
0.233012 0.180691 0.586296
0.23399 0.337613 0.428398
0.326556 0.462784 0.210659
0.212617 0.713655 0.073728
0.380216 0.388636 0.231148
0.320895 0.31032 0.368785
0.274569 0.421323 0.304108
0.306415 0.499089 0.194496
0.330324 0.201172 0.468504
0.381615 0.507319 0.111066
0.453253 0.259773 0.286974
0.193411 0.2532 0.553389
0.175375 0.448657 0.375968
0.11337 0.313086 0.573544
0.21027 0.250963 0.538767
0.182339 0.236727 0.580934
0.492604 0.136957 0.370438
0.246408 0.753492 9.9991E-05
0.408683 0.299566 0.291751
0.261257 0.325564 0.413179
0.457483 0.392086 0.150431
0.337311 0.313796 0.348893
0.798751 0.138229 0.0630201
0.309491 0.668558 0.0219516
0.120503 0.461094 0.418403
0.220044 0.127218 0.652738
0.291379 0.408021 0.3006
0.346553 0.390986 0.262462
0.333177 9.9991E-05 0.666723
0.129258 0.352176 0.518567
0.388714 0.289632 0.321654
0.301725 0.447986 0.25029
0.326187 0.27972 0.394093
0.262297 0.208588 0.529115
0.129058 0.437558 0.433384
0.0240724 0.271093 0.704835
0.261666 0.22709 0.511244
0.243184 0.318073 0.438744
0.00850504 0.703922 0.287573
0.139783 0.127916 0.732302
0.151438 0.162115 0.686447
0.270767 0.434731 0.294502
0.247684 0.0344271 0.717889
0.370988 0.32592 0.303092
0.175324 0.277069 0.547607
0.16339 0.222229 0.614381
0.229285 0.425994 0.344721
0.101856 0.263823 0.634321
0.0983238 0.385965 0.515711
9.9991E-05 0.210048 0.789852
0.188049 0.0991139 0.712837
0.0921927 0.288983 0.618824
0.0453306 0.559475 0.395195
0.288444 0.177057 0.534499
0.315074 0.480146 0.204779
0.0930831 0.219702 0.687215
0.99628 9.9991E-05 0.00361978
0.0391708 0.419526 0.541303
0.0722341 9.9991E-05 0.927666
0.0411585 0.174472 0.78437
0.329027 0.210233 0.460739
0.332704 0.0578401 0.609456
0.393808 0.244227 0.361965
0.0264744 0.842181 0.131344
0.30553 0.276056 0.418414
0.489245 0.262018 0.248737
0.223217 0.427647 0.349136
0.313199 0.48174 0.205061
0.00811106 0.503032 0.488857
0.123313 0.403978 0.472709
0.26533 0.267501 0.467169
0.0798085 0.430151 0.49004
0.379624 0.426575 0.193801
0.349474 0.0710063 0.57952
0.226599 0.2636 0.509801
0.198439 0.41463 0.386931
0.276375 0.351573 0.372052
0.180576 0.290444 0.52898
9.9991E-05 0.249436 0.750464
0.262478 0.0933724 0.644149
0.0102652 0.640363 0.349372
0.364385 0.356521 0.279095
0.0968782 0.243831 0.659291
0.977209 0.0226909 9.9991E-05
0.169585 0.50985 0.320566
0.251216 0.128634 0.62015
0.432802 0.280744 0.286454
0.147764 0.232613 0.619623
0.211926 0.243949 0.544125
0.0226101 0.401539 0.575851
0.0460786 0.596195 0.357727
0.857566 0.00758678 0.134847
0.580487 0.183474 0.23604
0.36229 0.378198 0.259512
0.9998 9.999E-05 9.999E-05
0.275347 0.510582 0.214072
9.999E-05 0.9998 9.999E-05
0.213137 0.286034 0.500829
0.0326751 0.269181 0.698144
0.0765594 0.185483 0.737958
0.12385 0.215588 0.660562
0.372677 0.46663 0.160693
0.288973 0.297042 0.413986
0.102034 0.246426 0.65154
0.437033 0.481816 0.081151
0.0289192 0.319614 0.651467
0.739686 0.0726019 0.187712
0.12206 0.291752 0.586188
0.9998 9.999E-05 9.999E-05
0.149929 0.57017 0.279901
0.12246 0.12573 0.75181
0.114172 0.391922 0.493906
0.435627 0.477291 0.0870825
0.310315 0.219305 0.470379
0.742164 0.161397 0.0964386
0.462199 0.378302 0.159499
9.9991E-05 0.389325 0.610575
0.280497 0.341678 0.377824
0.11743 0.451741 0.430829
0.234693 0.351983 0.413324
0.245595 0.188279 0.566127
0.0366536 0.28148 0.681867
0.491426 0.179245 0.329329
0.285956 9.9991E-05 0.713944
0.250304 0.365292 0.384404
0.501729 0.323936 0.174336
0.375655 0.3367 0.287645
0.0979671 0.217213 0.68482
0.195663 0.556117 0.24822
0.0125119 0.00204308 0.985445
0.140607 9.9991E-05 0.859293
0.210601 0.300585 0.488814
0.314666 0.326394 0.358941
0.154981 0.341907 0.503112
0.258342 0.741558 9.9991E-05
0.237382 0.361644 0.400975
0.13456 0.436938 0.428502
0.19269 0.181698 0.625613
0.735169 0.168304 0.0965273
0.125815 0.368315 0.50587
0.9998 9.999E-05 9.999E-05
0.140876 0.155171 0.703954
9.9991E-05 0.270218 0.729682
0.187031 0.380165 0.432804
9.9991E-05 0.484194 0.515706
0.31742 0.426169 0.256411
0.285314 0.388497 0.326189
0.22579 0.359026 0.415184
0.403544 0.212932 0.383524
0.0695531 0.291815 0.638632
0.297206 0.436189 0.266606
0.063379 9.9991E-05 0.936521
0.380802 0.311581 0.307618
0.311581 0.254212 0.434206
0.9998 9.999E-05 9.999E-05
0.390437 0.293818 0.315745
9.9991E-05 0.337602 0.662298
0.102729 0.408425 0.488846
0.36951 0.0572426 0.573248
0.0574901 0.21056 0.73195
9.9991E-05 0.730963 0.268937
0.105067 0.236293 0.658639
0.365993 0.175388 0.458619
0.131971 0.47922 0.388809
0.0988316 0.38606 0.515108
0.258081 0.247152 0.494767
9.9991E-05 0.745766 0.254134
0.186964 0.082432 0.730604
9.9991E-05 0.676168 0.323732
0.151961 0.242349 0.60569
9.9991E-05 0.33028 0.66962
9.999E-05 0.9998 9.999E-05
0.190723 0.377589 0.431689
0.567707 0.432193 9.9991E-05
0.553702 0.105425 0.340874
0.19126 0.250727 0.558013
0.145961 0.0714491 0.78259
0.138556 0.140492 0.720951
9.999E-05 0.9998 9.999E-05
0.154083 0.240396 0.605522
0.254348 0.574822 0.170831
0.145911 0.142851 0.711239
0.171898 0.244667 0.583435
