0.3782 0.129311 9.9982E-05 9.9982E-05 0.177504 0.314785
0.408801 0.0944215 9.9982E-05 9.9982E-05 0.332503 0.164075
0.295707 0.0919587 0.14749 9.99911E-05 0.415945 0.0487994
0.193295 0.261271 0.193475 0.351759 9.99821E-05 9.99821E-05
0.538761 0.289752 9.99731E-05 0.171187 9.99731E-05 9.99731E-05
0.516632 0.0506958 0.33495 0.0975227 9.9982E-05 9.9982E-05
0.490704 0.102181 9.99822E-05 0.326731 0.0801835 9.99822E-05
0.5172 9.99642E-05 9.99642E-05 9.99642E-05 9.99642E-05 0.4824
9.99821E-05 0.0489851 0.174879 0.433499 9.99821E-05 0.342437
0.0189183 0.16408 0.0709771 9.9991E-05 0.724227 0.0216976
0.0186138 0.194759 0.499121 9.9991E-05 0.162609 0.124797
0.0902877 0.0396386 9.99821E-05 0.737934 9.99821E-05 0.13194
0.0572863 0.167846 9.99821E-05 0.0369055 9.99821E-05 0.737762
0.612965 0.0664824 9.99821E-05 0.238403 0.0819501 9.99821E-05
0.383251 9.99821E-05 0.172297 0.418562 0.0256904 9.99821E-05
0.266847 0.611145 9.99821E-05 0.0533816 9.99821E-05 0.0684262
0.25671 0.0895489 0.0860623 0.228644 0.169907 0.169128
0.300001 0.0258846 0.106275 0.0646641 0.503075 9.9991E-05
0.127219 9.99821E-05 0.0378281 0.0207649 9.99821E-05 0.813988
0.609867 9.99821E-05 0.129937 0.0430112 0.216985 9.99821E-05
0.0053145 0.0603207 0.331761 9.99821E-05 0.602404 9.99821E-05
9.99731E-05 0.209526 9.99731E-05 0.062231 9.99731E-05 0.727943
0.207662 0.208311 0.28888 0.294948 9.99821E-05 9.99821E-05
0.0721088 0.830451 9.99732E-05 0.0971398 9.99732E-05 9.99732E-05
9.99731E-05 0.565311 0.407485 9.99731E-05 9.99731E-05 0.0269048
0.366487 0.301949 9.9991E-05 0.0830056 0.145018 0.10344
9.9982E-05 0.0171781 9.9982E-05 0.110854 0.617853 0.253915
0.523455 9.99822E-05 0.163228 9.99822E-05 0.122479 0.190639
0.281796 9.99731E-05 0.335276 9.99731E-05 9.99731E-05 0.382628
9.99642E-05 0.816697 9.99642E-05 9.99642E-05 0.182903 9.99642E-05
0.283136 9.99731E-05 0.269034 0.447531 9.99731E-05 9.99731E-05
0.293815 0.193099 0.00955197 0.0297878 0.104946 0.3688
9.99731E-05 9.99731E-05 0.233905 9.99731E-05 0.608306 0.157489
0.360316 0.157183 9.99821E-05 0.0492396 9.99821E-05 0.433061
0.43727 0.331088 0.0340862 0.197356 9.9982E-05 9.9982E-05
0.511277 9.99731E-05 9.99731E-05 0.0123716 0.476051 9.99731E-05
0.602042 9.99911E-05 0.00617467 0.296618 0.0246728 0.0703922
9.99821E-05 0.253008 0.469792 9.99821E-05 0.034553 0.242447
0.317219 0.123822 0.0823793 0.369972 9.9991E-05 0.106507
0.475004 0.0530651 0.349312 0.122419 9.99821E-05 9.99821E-05
9.99821E-05 0.202211 9.99821E-05 0.00854794 0.746497 0.0425447
9.99821E-05 0.00840954 0.0431397 0.321766 0.626484 9.99821E-05
0.213703 0.0837182 9.9991E-05 0.0277209 0.398812 0.275946
0.388168 9.99821E-05 0.3321 0.171031 9.99821E-05 0.1085
0.175038 0.185791 0.13247 0.0102097 9.99911E-05 0.496391
0.391893 0.170952 0.0386609 0.249265 9.99911E-05 0.149129
0.36282 0.0601512 9.99821E-05 0.0453062 0.531523 9.99821E-05
0.0616933 9.9982E-05 0.162316 0.296046 0.479745 9.9982E-05
0.519378 9.99733E-05 9.99733E-05 9.99733E-05 0.357791 0.122531
0.80343 0.0261326 9.9991E-05 0.0343046 0.0717666 0.0642661
0.561494 0.417761 0.0204451 9.9973E-05 9.9973E-05 9.9973E-05
0.160153 9.9982E-05 0.304548 0.297487 0.237612 9.9982E-05
0.174313 0.211467 9.9991E-05 0.122888 0.385323 0.10591
0.220767 0.271362 0.301295 9.99821E-05 9.99821E-05 0.206376
0.447483 9.99732E-05 0.150254 0.401963 9.99732E-05 9.99732E-05
0.311676 9.99821E-05 9.99821E-05 0.443577 0.157599 0.0869478
0.152339 0.403781 0.283368 0.160312 9.99821E-05 9.99821E-05
0.101518 9.99911E-05 0.112004 0.60192 0.0311996 0.153258
0.234214 9.9982E-05 0.21451 0.386489 9.9982E-05 0.164588
0.3063 9.9982E-05 0.13103 0.125958 0.436512 9.9982E-05
0.399146 0.0203704 0.322892 0.0256835 0.101109 0.1308
0.0176951 0.0715843 9.9982E-05 0.535142 0.375379 9.9982E-05
9.99731E-05 9.99731E-05 9.99731E-05 0.110186 0.304037 0.585477
0.132591 0.668787 0.0319644 9.99821E-05 0.166457 9.99821E-05
0.457423 0.11712 9.99821E-05 9.99821E-05 0.12086 0.304396
0.088252 0.0707336 0.0646402 0.0120695 0.379788 0.384517
0.571111 0.0567855 0.341347 0.0305568 9.9982E-05 9.9982E-05
0.171912 0.0280189 9.99821E-05 0.536776 9.99821E-05 0.263093
0.206316 9.99821E-05 0.0710071 0.189797 9.99821E-05 0.53268
0.147586 0.0371676 9.99821E-05 9.99821E-05 0.570611 0.244436
0.190423 0.0835545 0.153597 0.552926 0.0193993 9.9991E-05
9.99821E-05 0.181299 9.99821E-05 0.310033 0.161718 0.34675
0.523524 9.99733E-05 9.99733E-05 0.279366 9.99733E-05 0.196811
0.397649 9.99732E-05 9.99732E-05 0.2068 9.99732E-05 0.395251
0.773765 0.125026 9.99822E-05 0.0697096 9.99822E-05 0.0312998
0.366564 9.99821E-05 9.99821E-05 0.447092 0.0721759 0.113968
0.00582486 0.248052 0.161463 0.338895 9.99911E-05 0.245665
9.9991E-05 0.00369232 0.244011 0.294774 0.369331 0.0880908
0.269689 9.99821E-05 0.328523 0.07102 9.99821E-05 0.330569
0.571501 9.99821E-05 0.120787 0.108995 9.99821E-05 0.198517
0.610588 0.0520408 9.99821E-05 0.107566 9.99821E-05 0.229605
0.230799 0.287395 0.163874 0.0185064 9.99911E-05 0.299326
0.470506 9.99911E-05 0.171221 0.0461435 0.27402 0.0380089
0.082757 0.206639 0.104824 9.99821E-05 9.99821E-05 0.60558
0.192567 0.278416 9.99821E-05 0.492196 0.0366215 9.99821E-05
0.399398 0.103912 9.9991E-05 0.17021 0.319378 0.00700071
9.99732E-05 9.99732E-05 9.99732E-05 0.132838 0.378633 0.488229
9.99731E-05 0.635261 9.99731E-05 0.139436 9.99731E-05 0.225002
0.0806516 0.194975 0.306839 9.99821E-05 9.99821E-05 0.417334
9.99821E-05 0.0154911 0.0551404 9.99821E-05 0.256225 0.672944
9.996E-05 0.9995 9.996E-05 9.996E-05 9.996E-05 9.996E-05
0.400657 0.185237 0.0385262 0.0949193 0.28056 9.99911E-05
9.99911E-05 0.0340223 0.166653 0.423788 0.346334 0.0291022
0.159631 0.00832062 0.280777 0.145852 0.405318 9.9991E-05
9.99731E-05 9.99731E-05 9.99731E-05 0.326768 0.431517 0.241416
0.0948397 0.0756346 0.216058 0.314875 9.9991E-05 0.298492
0.26968 0.14486 9.99731E-05 9.99731E-05 0.585161 9.99731E-05
0.127426 9.9991E-05 0.0254578 0.520753 0.303613 0.02265
0.19306 0.686399 9.99731E-05 9.99731E-05 9.99731E-05 0.120241
0.0516559 0.494688 0.0142272 0.30294 0.114697 0.0217914
9.99732E-05 0.156566 9.99732E-05 0.656769 0.186364 9.99732E-05
9.996E-05 0.9995 9.996E-05 9.996E-05 9.996E-05 9.996E-05
9.99732E-05 9.99732E-05 0.14685 9.99732E-05 0.434034 0.418816
9.99642E-05 9.99642E-05 0.9671 9.99642E-05 0.0325005 9.99642E-05
0.518701 0.016092 9.9982E-05 0.0645916 9.9982E-05 0.400415
0.0168286 0.305828 9.9982E-05 0.422449 9.9982E-05 0.254694
0.483858 9.99821E-05 9.99821E-05 0.0205595 0.310029 0.185353
0.63524 9.99821E-05 0.0744782 9.99821E-05 0.171606 0.118476
0.317422 9.99821E-05 0.0994628 0.185574 9.99821E-05 0.397342
0.00785435 0.20361 0.47525 9.99911E-05 0.0351696 0.278016
0.132215 0.589943 9.99821E-05 0.00407901 0.273564 9.99821E-05
0.661286 0.203877 9.99821E-05 0.0260819 9.99821E-05 0.108554
9.99732E-05 0.78875 0.078997 9.99732E-05 9.99732E-05 0.131953
0.541483 0.033157 0.0723689 9.99821E-05 9.99821E-05 0.352791
9.99642E-05 0.951286 9.99642E-05 9.99642E-05 0.0483145 9.99642E-05
0.0331088 9.99821E-05 0.461077 0.281541 9.99821E-05 0.224073
0.302027 0.118884 9.9991E-05 0.184396 0.221211 0.173381
9.99731E-05 0.0145881 9.99731E-05 9.99731E-05 0.141229 0.843883
9.9973E-05 0.354011 0.0456816 9.9973E-05 9.9973E-05 0.600008
0.751427 9.9991E-05 0.0603607 0.0105625 0.0458694 0.13168
9.99731E-05 0.66152 9.99731E-05 0.17735 9.99731E-05 0.16083
0.342257 0.0566279 0.264308 0.336607 9.99821E-05 9.99821E-05
0.845974 0.0469835 0.106743 9.99731E-05 9.99731E-05 9.99731E-05
0.508767 9.99822E-05 0.00800618 9.99822E-05 0.465719 0.0173082
0.0306419 0.295604 0.344098 0.0466887 0.282868 9.9991E-05
0.0619715 0.0789136 9.9991E-05 0.241156 0.24322 0.374639
0.018793 0.175672 9.99821E-05 9.99821E-05 0.705408 0.0999275
0.430137 9.99821E-05 0.182479 0.297566 9.99821E-05 0.0896179
0.221773 0.0231692 0.479528 9.99821E-05 0.27533 9.99821E-05
0.169688 0.151819 0.111045 0.121107 0.229657 0.216683
9.99643E-05 9.99643E-05 0.129572 0.870028 9.99643E-05 9.99643E-05
0.489468 0.0963265 0.0623257 0.162284 9.9991E-05 0.189496
0.0485561 9.9991E-05 0.175258 0.247786 0.139274 0.389025
9.99731E-05 9.99731E-05 0.301635 0.153735 9.99731E-05 0.54433
9.99731E-05 9.99731E-05 0.12641 9.99731E-05 0.670583 0.202707
0.866144 9.99732E-05 0.0472306 9.99732E-05 0.0863251 9.99732E-05
0.873608 9.99642E-05 9.99642E-05 9.99642E-05 0.125992 9.99642E-05
0.770414 0.0359792 0.157893 9.99822E-05 9.99822E-05 0.0355135
0.0624607 9.99821E-05 0.314741 0.337959 9.99821E-05 0.28464
0.908346 0.0912543 9.99642E-05 9.99642E-05 9.99642E-05 9.99642E-05
0.471371 9.99732E-05 0.345397 0.182933 9.99732E-05 9.99732E-05
9.99821E-05 0.177305 0.316247 0.204497 9.99821E-05 0.301752
0.0406746 9.99965E-05 0.00516813 0.168501 0.592414 0.193142
9.99732E-05 9.99732E-05 0.123624 9.99732E-05 0.470826 0.405251
9.99821E-05 0.757509 9.99821E-05 0.205276 0.0129964 0.024019
0.378413 0.213736 9.99731E-05 9.99731E-05 9.99731E-05 0.40755
9.996E-05 9.996E-05 9.996E-05 0.9995 9.996E-05 9.996E-05
0.362719 0.107915 0.184394 9.9991E-05 0.177429 0.167442
0.144537 0.477377 0.177696 0.20019 9.99821E-05 9.99821E-05
0.0800553 9.99731E-05 0.126677 0.792968 9.99731E-05 9.99731E-05
9.99643E-05 9.99643E-05 9.99643E-05 0.228521 9.99643E-05 0.771079
9.99821E-05 0.0889432 9.99821E-05 0.231187 0.306944 0.372725
0.607586 9.99821E-05 9.99821E-05 0.116693 0.156057 0.119464
0.298914 0.0189279 9.9991E-05 0.0134909 0.202759 0.465809
0.344069 0.397611 9.99732E-05 0.25802 9.99732E-05 9.99732E-05
0.370406 9.99821E-05 0.217182 0.2295 0.182712 9.99821E-05
0.1814 0.100023 0.53695 9.9991E-05 0.113014 0.0685133
0.226491 9.99732E-05 0.201746 9.99732E-05 0.571463 9.99732E-05
0.694557 9.99732E-05 9.99732E-05 0.0218405 9.99732E-05 0.283302
0.0884696 0.293273 0.064716 0.15819 0.0986818 0.296669
9.996E-05 9.996E-05 9.996E-05 0.9995 9.996E-05 9.996E-05
0.278528 9.99821E-05 9.99821E-05 0.288259 0.0060245 0.426989
0.345138 0.0842639 9.99821E-05 0.0171312 9.99821E-05 0.553267
0.219244 9.99821E-05 9.99821E-05 0.454449 0.272177 0.0539301
9.99733E-05 9.99733E-05 9.99733E-05 0.046761 0.29275 0.660189
0.284506 0.171422 0.0156201 9.9991E-05 0.179565 0.348786
0.584634 0.0633483 0.0356834 0.0330928 0.283142 9.99911E-05
0.550991 9.99732E-05 0.0359464 9.99732E-05 9.99732E-05 0.412763
0.366812 9.99733E-05 9.99733E-05 0.513858 0.119031 9.99733E-05
0.156848 0.16661 0.255868 0.27826 9.9991E-05 0.142314
0.272571 0.16606 0.245696 0.262327 9.99911E-05 0.0532451
0.483128 9.99642E-05 9.99642E-05 9.99642E-05 9.99642E-05 0.516472
0.142349 9.99821E-05 0.205553 0.45094 9.99821E-05 0.200957
0.479863 0.205573 0.0964758 0.122986 0.0950019 9.9991E-05
0.471081 0.104085 9.99821E-05 0.0313952 9.99821E-05 0.393238
0.807157 9.99643E-05 9.99643E-05 9.99643E-05 9.99643E-05 0.192443
9.99732E-05 0.346739 9.99732E-05 0.15667 9.99732E-05 0.496292
9.99642E-05 9.99642E-05 0.953576 0.0460243 9.99642E-05 9.99642E-05
0.124435 0.123667 0.299803 0.102859 0.349135 9.9991E-05
9.99821E-05 9.99821E-05 0.115841 0.134061 0.672739 0.0771594
9.99732E-05 9.99732E-05 0.0939489 0.403392 0.502359 9.99732E-05
9.9991E-05 0.113835 0.0817831 0.212203 0.363582 0.228496
0.443639 0.0452093 9.9982E-05 0.311128 0.199824 9.9982E-05
0.286157 0.115074 9.99732E-05 9.99732E-05 9.99732E-05 0.59847
9.996E-05 9.996E-05 0.9995 9.996E-05 9.996E-05 9.996E-05
0.0442755 9.99822E-05 9.99822E-05 0.107794 0.160279 0.687452
0.337003 9.99821E-05 0.205149 0.123906 9.99821E-05 0.333742
0.394404 0.109502 0.145044 0.0766102 9.9991E-05 0.27434
0.604535 0.0259286 0.24593 0.123407 9.9982E-05 9.9982E-05
