0.238946 0.70646 0.0312918 0.0233018
0.161847 0.314491 0.161961 0.361701
0.0931683 0.534918 0.0408859 0.331028
0.155199 0.440834 0.190489 0.213477
0.151253 0.360163 0.0540989 0.434486
0.205975 0.114134 0.0322984 0.647592
0.180188 0.631798 0.0262699 0.161744
0.22892 0.397992 0.026928 0.34616
0.230833 0.254174 0.118634 0.39636
0.417762 0.187462 0.303271 0.0915054
0.597905 0.177037 9.9991E-05 0.224957
0.157486 0.131598 0.158779 0.552137
0.216036 0.269997 0.124859 0.389108
0.198405 0.245323 0.184925 0.371347
9.998E-05 9.998E-05 9.998E-05 0.9997
0.0818575 0.315614 0.205778 0.39675
0.0940687 9.9991E-05 0.00333316 0.902498
0.241071 0.48297 0.114561 0.161398
0.133004 0.503175 0.0821604 0.28166
0.201309 0.305627 0.193055 0.300009
0.216008 0.435244 9.9991E-05 0.348648
0.062194 0.322352 0.0456078 0.569847
0.0892843 0.42791 0.0495215 0.433285
9.9991E-05 0.432038 0.19698 0.370882
0.690545 0.194252 9.9991E-05 0.115103
0.0540343 0.46309 0.092524 0.390351
0.15415 0.25411 0.221534 0.370206
0.193862 0.364376 0.168616 0.273145
0.146423 0.0366716 0.22238 0.594525
0.086852 0.00772962 0.634417 0.271002
0.192056 9.9991E-05 0.183054 0.62479
0.503145 0.180677 0.268547 0.0476313
9.9991E-05 0.387526 0.0536668 0.558707
0.243693 0.222657 9.9991E-05 0.53355
0.194485 0.449022 0.00424331 0.35225
9.998E-05 0.9997 9.998E-05 9.998E-05
0.201765 0.436267 0.00135441 0.360613
0.384053 0.434245 0.181602 9.9991E-05
0.204213 9.9991E-05 0.108828 0.686859
0.221989 0.225462 0.0856632 0.466886
0.176524 0.362633 0.096793 0.364049
0.354577 0.218571 0.097691 0.329162
0.245915 0.284807 0.0652044 0.404074
0.21138 0.457633 0.0808707 0.250115
0.298655 0.35959 0.171051 0.170704
0.479715 0.136721 0.105764 0.2778
9.9991E-05 0.273201 0.118004 0.608695
0.0822017 0.245406 0.107867 0.564525
0.252835 0.307076 0.144848 0.295241
0.0189183 0.279899 0.187627 0.513556
0.28074 0.403553 0.163274 0.152434
0.173312 0.265603 0.17253 0.388555
0.0779598 0.04432 0.217234 0.660486
0.103195 0.0597838 0.224797 0.612224
0.248219 0.200603 0.201518 0.34966
0.177378 0.307605 0.0801195 0.434898
0.502698 0.2432 0.254002 9.9991E-05
0.214731 0.559776 0.127599 0.0978938
0.252597 0.188798 0.105133 0.453472
0.337598 0.31313 0.0624902 0.286782
9.9991E-05 0.33693 0.035889 0.627081
0.273557 0.331833 9.9991E-05 0.39451
9.9982E-05 0.442477 9.9982E-05 0.557323
9.998E-05 9.998E-05 0.9997 9.998E-05
0.174074 0.383462 9.9991E-05 0.442364
0.0666214 0.895731 9.9991E-05 0.0375477
0.151156 0.686633 0.149539 0.0126725
0.0172949 0.351969 0.100086 0.53065
0.00436242 0.654598 0.0593728 0.281667
0.1181 0.379462 0.185801 0.316637
0.65888 9.9991E-05 0.120667 0.220353
9.9991E-05 0.38613 0.116212 0.497558
0.0787185 0.388312 0.0763222 0.456648
0.193608 0.030193 0.0595089 0.71669
0.219779 0.176319 0.104264 0.499639
0.290592 9.9991E-05 0.120208 0.589099
0.230185 0.293911 0.0343226 0.441582
0.156846 0.286063 0.0681714 0.48892
0.210414 0.294814 9.9991E-05 0.494673
0.0607668 0.22771 0.212603 0.498921
0.15535 0.429823 0.059858 0.354969
0.209282 0.240286 9.9991E-05 0.550332
0.345523 0.188171 0.250736 0.215571
0.256769 9.9991E-05 0.192647 0.550483
9.9991E-05 0.41374 0.122446 0.463715
0.411332 0.32717 0.0709184 0.190579
0.00903974 0.846848 9.9991E-05 0.144012
0.245622 9.99821E-05 9.99821E-05 0.754178
0.195018 0.264574 0.184738 0.355671
0.280868 0.389405 0.0274958 0.302231
9.998E-05 9.998E-05 0.9997 9.998E-05
0.278885 0.205102 0.095747 0.420266
0.136015 0.469908 9.9991E-05 0.393977
9.9991E-05 0.221183 0.0912437 0.687474
0.315525 0.557959 9.9991E-05 0.126416
0.114777 0.223525 0.142318 0.51938
0.266134 0.43274 0.0713304 0.229796
0.413296 0.109432 9.9991E-05 0.477172
9.9991E-05 0.26694 0.539288 0.193672
0.0590868 0.234869 0.305729 0.400315
0.120935 0.276776 0.20621 0.396078
9.998E-05 9.998E-05 0.9997 9.998E-05
0.325519 0.143702 0.0625465 0.468233
0.9997 9.998E-05 9.998E-05 9.998E-05
0.246174 0.165681 0.133535 0.454609
0.124903 0.189787 0.0667379 0.618572
0.088824 0.228923 0.0366101 0.645643
0.204158 0.464394 9.9991E-05 0.331348
0.246099 0.0247814 0.213984 0.515135
0.201341 0.623578 0.00893325 0.166148
0.127097 0.217701 9.9991E-05 0.655102
0.28169 0.235415 0.261633 0.221262
0.270604 0.164557 0.0670251 0.497815
9.9991E-05 0.0702831 0.527479 0.402137
0.144746 0.369957 0.0218354 0.463462
9.998E-05 9.998E-05 0.9997 9.998E-05
0.499292 0.0170397 0.079083 0.404585
0.120637 0.736026 0.0861864 0.0571505
0.240467 0.150719 0.10881 0.500005
0.404412 0.251623 0.133986 0.209979
0.0804536 0.361106 0.1396 0.418841
9.9991E-05 0.27443 0.47026 0.25521
0.176433 0.191356 0.240833 0.391379
0.203735 0.0732392 0.0247291 0.698297
0.17046 0.274702 0.194164 0.360674
0.0139979 9.9991E-05 0.0173398 0.968562
0.259199 0.183992 0.0600363 0.496772
0.188504 0.408486 0.193986 0.209024
0.17243 0.114517 0.0721212 0.640931
0.274413 0.446623 0.241038 0.0379259
0.0359818 0.751862 9.9991E-05 0.212057
9.9991E-05 0.327568 0.0759961 0.596336
0.226229 0.117118 0.370506 0.286146
0.112394 9.9991E-05 0.196876 0.69063
0.265574 0.408521 0.035996 0.289909
0.336879 0.318835 0.0924204 0.251866
9.9982E-05 9.9982E-05 0.0666299 0.93317
9.9991E-05 0.0545615 0.219508 0.72583
0.280808 0.417456 0.177228 0.124508
0.245372 0.362627 0.0230844 0.368916
0.22711 0.334445 0.127223 0.311222
0.274273 9.9982E-05 9.9982E-05 0.725527
0.197361 0.26788 0.126421 0.408338
0.418964 0.470807 0.0988283 0.0113999
0.0549147 0.421231 0.0592482 0.464606
0.043473 0.353202 0.440581 0.162743
0.158824 0.292682 9.9991E-05 0.548394
9.9982E-05 0.986955 0.0128453 9.9982E-05
0.1918 0.808 9.9982E-05 9.9982E-05
0.328238 0.465128 0.0615534 0.14508
0.147494 0.160135 0.120966 0.571405
0.349128 0.250614 9.9991E-05 0.400158
0.242222 0.339677 0.227354 0.190747
0.115278 0.244273 0.0920363 0.548412
9.9991E-05 0.189476 0.100139 0.710285
9.9991E-05 0.326684 0.253826 0.419391
0.214777 0.513478 0.0351568 0.236588
0.106934 0.320858 0.147796 0.424412
0.00157896 0.832857 0.165464 9.9991E-05
0.100812 0.30584 0.109446 0.483902
0.201143 0.522039 9.9991E-05 0.276718
9.9982E-05 0.942048 0.0577518 9.9982E-05
9.9982E-05 0.505067 9.9982E-05 0.494733
0.331097 0.139018 0.0769196 0.452966
0.295281 0.334187 0.11393 0.256602
0.12322 0.842189 0.0344905 9.9991E-05
0.11845 0.318788 9.9991E-05 0.562662
0.379768 0.115079 0.0419482 0.463205
0.00350482 0.160407 0.126289 0.709799
9.9991E-05 0.418629 0.102809 0.478462
0.239606 0.0632208 0.160886 0.536287
0.310426 9.9991E-05 0.189118 0.500357
9.9991E-05 0.502181 0.180819 0.3169
0.492086 0.171909 9.9991E-05 0.335905
0.0768087 0.579479 9.9991E-05 0.343612
0.362538 0.178623 0.0114202 0.447419
0.168096 0.228886 0.0324755 0.570542
0.333822 0.0765072 0.150276 0.439395
0.997593 9.9982E-05 0.00220673 9.9982E-05
0.342845 0.350959 0.130725 0.175472
9.9991E-05 0.022218 0.0569021 0.92078
0.154972 0.466737 0.14144 0.236851
0.157295 0.443409 0.0857521 0.313545
0.0427409 0.381593 0.257786 0.31788
0.114056 0.256146 0.0705632 0.559235
0.9997 9.998E-05 9.998E-05 9.998E-05
0.211315 0.25951 0.0746467 0.454528
0.219634 0.393754 0.10909 0.277523
0.0404367 0.397035 9.9991E-05 0.562428
0.0342255 0.2993 0.241329 0.425146
