0.237247 0.377096 0.273359 0.112298
0.286621 0.181386 0.479366 0.0526267
0.0525406 0.60469 0.167442 0.175327
0.126951 0.747754 0.125195 9.9991E-05
0.373635 0.419536 0.206729 9.9991E-05
0.0854821 0.789465 0.0686304 0.0564222
0.596011 0.248267 0.155622 9.99911E-05
0.0974663 0.175377 0.727056 9.9991E-05
0.683018 9.99821E-05 9.99821E-05 0.316782
0.226666 0.0514746 9.9991E-05 0.721759
0.0515569 0.30644 0.128231 0.513772
0.937038 9.99821E-05 0.0627621 9.99821E-05
0.429167 0.232515 0.338217 9.9991E-05
0.287745 0.518432 0.193723 9.9991E-05
0.772471 0.0409004 0.186529 9.99911E-05
0.182952 0.558275 0.258673 9.99911E-05
0.170676 0.278221 0.195499 0.355605
0.41482 0.315276 9.9991E-05 0.269804
0.252994 9.9991E-05 0.651697 0.0952089
9.99911E-05 0.548253 0.31677 0.134877
9.99821E-05 0.134427 9.99821E-05 0.865373
0.229134 0.0500094 0.671608 0.049248
0.27504 0.627804 9.9991E-05 0.0970556
0.163098 0.815447 0.0213551 9.9991E-05
9.9991E-05 0.565326 0.121174 0.3134
0.199081 0.446783 0.332034 0.0221024
0.131746 0.351626 0.192545 0.324083
9.99911E-05 0.000101306 0.639966 0.359833
0.123348 9.9991E-05 0.73173 0.144822
9.99822E-05 0.96576 9.99822E-05 0.03404
0.406234 0.0502099 0.201804 0.341752
0.515018 0.146288 0.338594 9.99911E-05
0.183012 9.99821E-05 9.99821E-05 0.816788
0.331403 0.185608 0.453448 0.0295409
9.9982E-05 0.788001 0.211799 9.9982E-05
0.306037 0.523341 9.9991E-05 0.170522
0.183137 0.063944 0.689766 0.0631532
9.99821E-05 0.206334 9.99821E-05 0.793466
0.226581 0.297897 0.266663 0.208858
0.127185 0.421406 0.451309 9.9991E-05
0.552661 0.388077 9.99911E-05 0.0591621
0.532239 0.0257787 9.99911E-05 0.441882
0.300091 0.061448 0.275457 0.363003
0.124475 0.297912 0.442341 0.135272
0.365793 0.166393 0.467713 9.99911E-05
0.37661 0.258694 0.229058 0.135638
0.606364 0.299952 9.9991E-05 0.0935841
0.659954 0.262087 9.9991E-05 0.0778583
0.289441 0.189362 0.521096 9.99911E-05
0.0678784 0.536574 0.395447 9.9991E-05
9.99821E-05 0.630237 0.369563 9.99821E-05
0.247251 0.0571333 0.0176332 0.677982
0.441028 0.388671 0.139842 0.0304586
9.99821E-05 0.5333 0.4665 9.99821E-05
0.305416 0.032027 0.469331 0.193226
0.41813 9.99911E-05 0.413821 0.167949
9.9991E-05 0.615201 0.216776 0.167923
0.59058 9.99911E-05 0.340826 0.0684945
0.346434 0.0134824 0.584682 0.0554024
0.239206 0.336171 0.130543 0.29408
9.9991E-05 0.248186 0.661127 0.0905867
0.695531 0.304269 9.99821E-05 9.99821E-05
0.571997 9.9991E-05 0.193664 0.234239
9.998E-05 0.9997 9.998E-05 9.998E-05
9.99822E-05 0.245997 0.753803 9.99822E-05
0.452368 0.351766 0.195766 9.99911E-05
9.9982E-05 0.828437 0.171363 9.9982E-05
0.497165 0.0702199 0.35786 0.074755
0.375088 0.0376739 0.587138 9.9991E-05
9.9991E-05 0.134796 0.402709 0.462395
0.722864 0.157246 9.9991E-05 0.11979
0.716179 0.21947 0.0139714 0.0503795
0.443226 9.99822E-05 0.556574 9.99822E-05
0.39877 0.113269 0.487861 9.99911E-05
9.99911E-05 0.383401 0.573016 0.0434832
0.571527 0.118277 0.310096 9.9991E-05
0.650569 0.267512 0.0818191 9.99911E-05
0.492397 9.9991E-05 0.145425 0.362078
0.0741718 0.195605 0.670363 0.0598601
0.226959 0.0163102 0.756631 9.9991E-05
0.251881 0.221848 0.526171 9.99911E-05
9.99911E-05 0.302594 0.338938 0.358368
0.0673381 0.110942 0.201449 0.620271
0.136438 0.346369 0.502641 0.0145528
0.578159 0.403819 9.9991E-05 0.0179224
0.432123 0.41885 0.148926 9.9991E-05
0.299838 9.9991E-05 0.161812 0.53825
0.0157221 0.984078 9.99821E-05 9.99821E-05
9.99911E-05 0.332393 0.115313 0.552193
0.172795 9.9991E-05 0.370865 0.45624
9.998E-05 0.9997 9.998E-05 9.998E-05
0.172123 0.61265 9.99911E-05 0.215128
0.714726 0.246072 9.99911E-05 0.0391023
0.322171 0.324808 9.9991E-05 0.352921
0.904449 9.9991E-05 0.0122639 0.0831873
0.487723 0.259422 0.166957 0.0858969
0.210062 0.370073 9.9991E-05 0.419765
0.721476 9.99821E-05 9.99821E-05 0.278324
9.99821E-05 0.816694 0.183106 9.99821E-05
0.239517 0.514905 9.9991E-05 0.245478
0.41999 0.0709027 9.99911E-05 0.509007
9.99822E-05 0.883097 9.99822E-05 0.116703
0.0978827 9.99821E-05 9.99821E-05 0.901917
9.99821E-05 0.0429694 9.99821E-05 0.956831
0.216796 0.164307 0.537969 0.0809278
0.488947 0.303417 0.207536 9.9991E-05
0.363291 0.146987 0.362937 0.126785
9.99911E-05 0.084158 0.607215 0.308527
0.0833338 0.144642 0.655485 0.11654
9.99911E-05 0.317929 0.23134 0.450631
0.316657 0.332605 0.0375297 0.313208
0.0409479 0.261381 0.697572 9.99911E-05
9.99821E-05 0.699957 0.299843 9.99821E-05
9.9991E-05 0.15844 0.815523 0.0259365
9.998E-05 0.9997 9.998E-05 9.998E-05
0.325317 0.0224342 0.208971 0.443278
0.387933 0.330798 0.281169 9.9991E-05
0.247467 0.0396415 0.712791 9.9991E-05
0.0130278 0.292992 0.693881 9.9991E-05
0.113584 0.460557 0.350334 0.0755245
0.101812 0.788596 0.0265599 0.0830328
0.210657 0.627658 0.112486 0.0491991
9.99821E-05 0.578292 0.421508 9.99821E-05
0.367967 0.0981114 0.122598 0.411324
0.288051 0.587536 0.0214962 0.102917
0.441999 0.183597 0.0894775 0.284927
0.601522 0.398278 9.99822E-05 9.99822E-05
0.211261 0.174193 0.449693 0.164853
9.99911E-05 0.376082 0.129739 0.494079
0.185267 0.334293 0.0223237 0.458115
0.727143 9.99821E-05 9.99821E-05 0.272658
0.105717 0.373374 0.225837 0.295072
0.462777 9.99911E-05 0.234525 0.302598
0.151645 9.9991E-05 0.311385 0.53687
0.454594 0.0407575 9.99911E-05 0.504549
9.99911E-05 0.299326 0.403191 0.297383
9.9991E-05 0.0698268 0.670867 0.259206
9.99911E-05 0.270215 0.461488 0.268197
0.287536 9.99911E-05 0.254896 0.457468
9.99821E-05 0.458297 0.541503 9.99821E-05
9.99911E-05 0.269749 0.544547 0.185604
0.025372 0.187598 9.99911E-05 0.78693
0.638835 9.99821E-05 9.99821E-05 0.360965
0.254292 9.99911E-05 0.0283744 0.717234
0.0389071 0.960893 9.99821E-05 9.99821E-05
9.9991E-05 0.240138 0.653285 0.106477
0.99104 0.00875955 9.99821E-05 9.99821E-05
9.99911E-05 0.359509 0.231391 0.409001
0.0434481 0.717577 0.238875 9.99911E-05
0.691247 9.99911E-05 0.0741903 0.234463
0.241149 9.99911E-05 0.630486 0.128265
0.687837 9.99821E-05 0.311963 9.99821E-05
0.00688202 0.201986 0.697843 0.0932886
0.257664 9.9991E-05 0.514091 0.228144
0.271024 0.674737 9.99911E-05 0.0541393
0.51484 0.134738 9.99911E-05 0.350322
9.9991E-05 0.2125 0.310066 0.477334
0.179586 0.134739 0.444566 0.241109
9.99821E-05 0.133018 0.866782 9.99821E-05
9.9991E-05 0.353112 0.266328 0.380461
0.9997 9.998E-05 9.998E-05 9.998E-05
0.61466 0.149041 0.236199 9.9991E-05
0.0701348 0.269748 0.660017 9.9991E-05
0.638325 0.0632705 0.21446 0.0839443
0.799491 9.99822E-05 0.200309 9.99822E-05
0.365246 0.566475 0.0681787 9.9991E-05
0.0436733 0.205724 0.453547 0.297056
9.998E-05 9.998E-05 0.9997 9.998E-05
0.658059 0.26522 0.0766212 9.99911E-05
0.361548 0.351186 0.127477 0.159789
9.99911E-05 0.390639 0.537697 0.0715639
0.0724328 0.159692 0.711034 0.0568412
0.447994 9.9991E-05 0.403566 0.148339
0.0832156 0.656526 0.011334 0.248925
0.256991 0.309968 0.432941 9.9991E-05
0.175044 9.99821E-05 0.824756 9.99821E-05
0.229244 0.386191 0.244144 0.14042
9.99821E-05 9.99821E-05 0.0057367 0.994063
9.99911E-05 0.249664 0.0230319 0.727204
0.585811 0.0924764 9.99911E-05 0.321613
0.629715 0.111155 9.99911E-05 0.259029
0.421463 0.192499 9.9991E-05 0.385938
0.528322 0.407547 9.9991E-05 0.0640308
0.0863426 0.197294 0.716263 9.99911E-05
9.99821E-05 9.99821E-05 0.131681 0.868119
0.502613 9.99822E-05 0.497187 9.99822E-05
0.255764 0.171012 0.52444 0.048784
9.99911E-05 0.234886 0.652773 0.112241
9.9991E-05 0.444903 0.241367 0.313631
