9.9982E-05 0.160233 0.555423 0.284144 9.9982E-05
0.214868 0.00715959 0.391664 0.257764 0.128544
0.233808 0.151069 0.579531 9.9991E-05 0.0354925
0.0040449 0.00680216 0.806003 0.0793269 0.103823
0.0718431 0.125653 0.633096 0.169308 9.9991E-05
0.242497 0.0747546 0.617853 0.0647953 9.9991E-05
0.14514 0.154826 0.528417 0.132671 0.0389457
0.424685 0.260265 0.255493 0.0413261 0.0182319
9.999E-05 0.356262 0.212967 0.370919 0.0597513
0.20814 0.195048 0.0923656 0.437515 0.0669319
0.422531 0.331963 9.9982E-05 0.245306 9.9982E-05
9.999E-05 0.284847 0.108894 0.588556 0.0176029
0.0555304 0.369655 0.407571 0.104395 0.0628489
0.234569 0.176038 0.293177 0.171096 0.12512
0.473187 0.458813 0.000373867 9.9991E-05 0.067526
0.322923 0.311726 0.169831 9.9991E-05 0.195421
0.400987 0.232158 0.221812 9.9991E-05 0.144944
0.231908 0.437375 0.256507 9.9991E-05 0.0741098
0.0508589 0.135289 0.419749 0.347571 0.0465317
0.0520784 0.0678779 0.650875 0.174402 0.0547675
0.168777 0.336584 0.424078 0.0704613 9.9991E-05
0.373364 0.266269 0.115901 0.244366 9.9991E-05
0.0608911 0.244847 0.483595 0.176669 0.0339982
0.273306 9.9982E-05 0.423893 9.9982E-05 0.302601
0.12695 0.537698 9.9982E-05 0.335152 9.9982E-05
0.127803 0.174034 0.384634 0.107918 0.205611
0.268512 0.326284 9.9991E-05 0.247255 0.157849
0.201979 0.176937 0.194027 0.192874 0.234183
0.425011 9.9991E-05 0.356349 0.0465757 0.171964
0.199456 0.111926 0.0466245 9.9991E-05 0.641894
0.393535 0.166578 0.192571 0.106566 0.140751
0.143614 0.143274 0.0297694 0.683243 9.9991E-05
0.0468474 0.231756 0.600589 0.0298129 0.0909942
0.286921 0.20248 0.510399 9.9982E-05 9.9982E-05
0.149131 0.198957 0.364673 0.287139 9.9991E-05
9.9982E-05 0.318658 0.625725 0.0554169 9.9982E-05
0.255988 9.9982E-05 0.735125 9.9982E-05 0.00868703
9.9982E-05 0.232239 9.9982E-05 0.668374 0.0991872
0.422445 0.0797586 0.419384 9.9991E-05 0.0783123
0.185755 0.241146 0.368024 0.204975 9.9991E-05
0.420539 0.130744 0.241727 0.186493 0.0204977
0.49137 0.0674757 0.437499 9.9991E-05 0.00355506
0.507977 0.0395616 0.304206 0.0644524 0.0838021
9.9982E-05 9.9982E-05 0.338644 0.554305 0.106851
0.0261498 0.300329 9.9991E-05 0.646357 0.0270645
0.384595 0.176012 0.225053 0.21424 9.9991E-05
0.143575 9.9991E-05 0.334681 0.415111 0.106534
0.027567 0.0395947 0.572808 0.250864 0.109167
0.404494 0.237093 9.9991E-05 0.272084 0.0862294
0.119342 0.0765923 0.312179 0.317164 0.174723
0.114667 0.488001 0.0542748 0.342957 9.9991E-05
0.036816 0.204685 0.448031 0.1802 0.130268
0.372374 0.141322 0.246919 0.0545031 0.184882
0.435874 0.175043 0.266474 9.9991E-05 0.12251
9.9973E-05 9.9973E-05 9.9973E-05 0.881273 0.118427
0.248081 0.204937 0.531957 9.9991E-05 0.0149254
9.9982E-05 9.9982E-05 0.020398 0.964356 0.0150464
9.9982E-05 9.9982E-05 0.291832 0.644428 0.0635401
0.318085 0.15412 0.201343 0.228916 0.0975361
0.285124 0.202592 0.0658232 0.446361 9.9991E-05
0.0101275 0.0171198 0.931937 9.9991E-05 0.0407157
0.15621 0.420938 0.309196 0.113556 9.9991E-05
0.167634 0.286515 0.516455 9.9991E-05 0.0292963
9.9982E-05 0.15153 0.0748049 9.9982E-05 0.773465
0.294752 9.9982E-05 0.647066 9.9982E-05 0.0579828
9.9973E-05 0.117825 0.881875 9.9973E-05 9.9973E-05
0.117994 0.133469 0.573313 0.175124 9.9991E-05
0.394799 0.155766 0.323258 0.0612309 0.0649465
9.9982E-05 0.260147 0.688365 9.9982E-05 0.0512879
0.313848 0.204749 0.15949 0.115109 0.206804
0.311074 0.0496688 0.0205111 0.547413 0.0713333
0.303262 0.45807 0.179364 0.0592044 9.9991E-05
0.220091 0.331852 0.242379 0.0573619 0.148316
0.453832 0.144126 0.265635 0.0173926 0.119015
0.569296 9.9982E-05 9.9982E-05 0.30908 0.121424
0.346786 0.179 9.9991E-05 0.340676 0.133437
0.179347 0.253882 0.254906 0.311765 9.9991E-05
0.329342 9.9982E-05 0.653068 9.9982E-05 0.0173902
0.150429 9.99877E-05 0.768862 9.99877E-05 0.0805096
0.145743 0.178454 0.539808 9.9991E-05 0.135896
0.208395 0.243057 0.254937 0.221944 0.0716673
0.00128536 0.181604 0.750927 0.0406654 0.0255182
0.237477 0.0947712 0.061698 0.376578 0.229477
0.415313 0.183616 0.337768 9.9991E-05 0.0632041
0.168659 0.195587 0.361073 0.188381 0.0863004
0.14559 0.0259234 0.280608 0.547779 9.9991E-05
0.0120508 0.165225 0.730788 9.9991E-05 0.0918362
9.9982E-05 0.373331 9.9982E-05 0.557255 0.0692143
0.211972 0.368398 0.112088 0.0740763 0.233465
9.9982E-05 0.242254 0.226055 0.531491 9.9982E-05
0.0231588 9.9973E-05 9.9973E-05 9.9973E-05 0.976541
0.404746 0.19542 9.9982E-05 0.399634 9.9982E-05
0.0924331 0.149778 0.757589 9.9982E-05 9.9982E-05
0.357673 0.274326 0.168945 9.9991E-05 0.198956
0.285163 0.107592 0.607045 9.9982E-05 9.9982E-05
0.245573 0.0606469 0.628719 0.00609752 0.0589639
0.242935 0.0845642 0.0541791 0.618222 9.9991E-05
0.235554 0.0966273 0.501556 0.0440236 0.12224
9.9991E-05 0.440545 0.145759 0.0138641 0.399732
0.0703083 0.101577 0.346709 0.0966066 0.384799
9.9991E-05 0.33936 0.274201 0.221975 0.164364
9.997E-05 9.997E-05 9.997E-05 9.997E-05 0.9996
0.505074 0.212469 0.171029 0.100792 0.0106368
0.954492 0.0452081 9.9973E-05 9.9973E-05 9.9973E-05
0.220836 0.191515 0.340923 0.190143 0.0565832
0.389236 0.0243931 0.38729 0.15409 0.0449912
0.168497 0.0715412 0.447972 0.250323 0.061667
0.066305 0.273407 0.638392 0.0217964 9.9991E-05
0.475629 0.244335 0.0474314 0.123744 0.108861
0.0995597 0.320321 0.286115 0.293904 9.9991E-05
0.362896 0.0393314 0.597573 9.9982E-05 9.9982E-05
0.117914 0.304031 0.0583152 0.449891 0.0698485
0.371228 0.0581668 0.311843 0.172627 0.0861358
0.101084 0.265011 0.203652 9.9991E-05 0.430153
0.389185 9.9982E-05 0.403661 0.206954 9.9982E-05
9.997E-05 9.997E-05 9.997E-05 9.997E-05 0.9996
0.361031 0.0721187 0.279957 0.247767 0.0391261
9.9982E-05 0.295351 0.353028 0.351421 9.9982E-05
0.343956 9.9982E-05 0.45507 0.200774 9.9982E-05
0.16901 0.472083 0.0720998 0.233876 0.0529317
0.0125919 0.192326 0.716497 9.9991E-05 0.0784855
0.127626 0.369759 0.116035 9.9991E-05 0.386479
0.159586 0.154788 0.34584 0.207802 0.131984
0.229425 0.0872427 0.489573 0.193659 9.9991E-05
0.0880256 0.298413 0.108704 0.356175 0.148682
0.234874 0.168482 0.358867 0.122577 0.1152
0.241173 0.329849 0.187184 0.241694 9.9991E-05
0.278916 0.0503037 0.304927 0.216077 0.149777
9.9982E-05 0.0592858 0.380267 0.560247 9.9982E-05
9.9991E-05 0.121807 0.101198 0.629405 0.14749
9.9982E-05 0.219467 0.716351 9.9982E-05 0.0639825
0.183159 0.098976 0.567818 0.0897116 0.0603345
0.119043 0.13638 0.350414 0.113811 0.280351
0.393225 0.309667 0.0917295 0.0622534 0.143125
0.0272552 0.0400996 0.734642 0.151331 0.0466723
9.9991E-05 0.393158 0.139386 0.456176 0.0111805
0.649067 9.9991E-05 0.193409 0.0274593 0.129964
0.710166 0.0668286 0.0532496 9.9991E-05 0.169656
0.10923 0.11935 0.227625 0.507646 0.0361479
0.08386 0.0859152 0.64211 0.188015 9.9991E-05
0.139105 0.232803 0.295016 0.26744 0.065636
0.604113 0.362455 0.00312163 0.0302106 9.9991E-05
0.214679 9.9991E-05 0.320744 0.398217 0.0662601
9.9991E-05 0.373198 0.0188108 0.544063 0.0638282
0.307655 0.227656 0.369673 9.9991E-05 0.0949152
9.9982E-05 0.414797 0.293425 9.9982E-05 0.291578
0.363443 0.144621 0.406075 0.0857611 9.9991E-05
9.997E-05 0.9996 9.997E-05 9.997E-05 9.997E-05
0.136946 0.199617 0.663237 9.9982E-05 9.9982E-05
0.519189 0.00392285 0.476688 9.9982E-05 9.9982E-05
9.9991E-05 0.118583 0.258233 0.613459 0.00962389
0.271239 0.245263 0.332787 0.150611 9.9991E-05
0.108971 0.382216 0.191244 0.254828 0.0627399
0.328098 0.225276 0.0780644 0.21105 0.157512
0.000394973 0.144827 0.309318 0.491204 0.0542555
0.35667 0.163564 0.253056 0.0226672 0.204043
9.9982E-05 0.165956 0.408041 0.425803 9.9982E-05
0.240712 0.098498 0.472809 9.9991E-05 0.187881
9.9982E-05 9.9982E-05 0.6944 0.14583 0.15957
0.212865 0.251054 0.232297 0.146825 0.15696
0.051969 0.353303 0.556431 0.0381972 9.9991E-05
9.997E-05 0.9996 9.997E-05 9.997E-05 9.997E-05
0.122607 0.729317 0.147877 9.9982E-05 9.9982E-05
0.487348 9.9982E-05 0.400396 0.112057 9.9982E-05
0.188116 0.0798 0.162383 0.524008 0.045693
9.9991E-05 0.143851 0.639826 0.194052 0.0221713
0.199015 0.111334 0.431429 0.258122 9.9991E-05
0.475535 0.249668 9.9982E-05 0.274597 9.9982E-05
0.736966 0.21372 9.9982E-05 9.9982E-05 0.0491142
0.0879905 0.380156 0.425938 9.9991E-05 0.105816
0.181485 0.0809354 0.169428 0.352729 0.215424
0.296677 0.0455615 0.28643 0.264062 0.107269
0.0719567 0.263397 0.464959 9.9991E-05 0.199588
0.452186 0.122069 9.9982E-05 0.425545 9.9982E-05
0.179263 0.232651 0.549142 0.0388438 9.9991E-05
0.457477 0.0540023 0.376618 0.0811898 0.0307129
0.076982 0.339294 0.246608 0.337017 9.9991E-05
0.176875 9.9991E-05 0.243271 0.481968 0.0977853
0.9996 9.997E-05 9.997E-05 9.997E-05 9.997E-05
0.24769 0.0526695 0.120358 0.495174 0.0841084
0.384975 0.356547 0.0317946 9.9991E-05 0.226583
0.0600735 0.491385 0.158891 0.165711 0.12394
0.239816 0.187135 0.278953 0.240125 0.0539713
9.9991E-05 0.0175834 0.655281 0.128009 0.199027
9.9991E-05 0.251067 0.616854 0.0874917 0.0444875
0.9996 9.997E-05 9.997E-05 9.997E-05 9.997E-05
9.9991E-05 0.185647 0.511909 0.291772 0.0105726
0.556317 0.151454 0.0656362 0.101085 0.125508
0.128972 0.0724976 0.759881 0.00352559 0.0351231
0.00706572 0.224586 0.00434989 0.509535 0.254463
