9.9982E-05 0.887349 9.9982E-05 0.0836998 0.0287514
0.238251 0.258029 0.107002 0.0989933 0.297724
0.256059 0.219829 0.152098 0.13906 0.232954
0.179213 0.505351 0.110849 0.120754 0.0838334
0.258446 0.211483 0.176956 0.0562478 0.296868
0.306615 0.190161 0.101658 0.160489 0.241077
0.0744429 0.380537 0.18614 0.0838815 0.274998
0.541461 0.277842 0.154374 0.0262224 9.9991E-05
0.0113974 0.291143 0.0500932 0.120989 0.526378
0.0641079 0.255643 0.332141 0.337678 0.0104304
0.251977 9.9991E-05 0.0369907 0.410347 0.300585
9.9982E-05 9.9982E-05 0.124002 0.0179432 0.857855
0.0361539 0.25926 0.1891 0.0420252 0.473461
0.305984 0.286273 0.177827 0.120431 0.109486
0.71407 9.9991E-05 0.0460588 0.0700221 0.169749
0.723553 0.0504787 0.159894 0.065974 9.9991E-05
0.621857 9.9982E-05 0.184742 0.193202 9.9982E-05
0.111757 0.329552 0.288937 0.119677 0.150078
0.23489 0.378276 0.0574264 0.0216615 0.307746
0.332041 0.215332 0.0605696 0.0651605 0.326898
0.25448 0.473485 0.0136932 0.182461 0.0758814
0.221762 0.247515 0.166802 0.127919 0.236002
0.251125 0.372744 0.0230795 0.072614 0.280438
0.122274 0.45862 0.321446 0.012324 0.0853364
9.9982E-05 9.9982E-05 0.142884 0.503708 0.353209
0.191459 0.571034 0.127131 0.110276 9.9991E-05
0.15832 0.227958 0.317193 0.152493 0.144036
0.194132 0.185936 0.25301 0.163325 0.203598
0.506292 0.0583885 0.170942 0.132446 0.131932
0.220049 0.11031 0.589833 9.9991E-05 0.0797074
0.272117 9.9991E-05 0.0555046 0.19607 0.476208
0.0817174 0.216899 0.066398 0.22063 0.414356
0.273327 0.305245 0.16864 9.9991E-05 0.252688
0.356349 0.364026 0.090117 0.0924587 0.0970484
0.0574218 0.217735 0.180135 0.179834 0.364875
9.997E-05 0.9996 9.997E-05 9.997E-05 9.997E-05
0.104956 0.427799 0.0850077 0.177625 0.204613
0.0298247 0.599373 0.0856074 0.285095 9.9991E-05
0.411969 0.0732481 0.22669 0.115222 0.172871
0.423538 0.254498 0.0958304 0.0897026 0.136431
0.193526 0.0493158 0.185399 0.0604552 0.511305
0.273615 0.486097 0.11774 0.089866 0.032682
0.289637 0.479697 0.125359 0.0901748 0.0151314
9.99731E-05 0.264005 9.99731E-05 9.99731E-05 0.735695
9.9991E-05 0.234833 0.0894899 0.0632122 0.612365
0.111362 0.235343 0.000447421 0.223463 0.429384
0.289663 0.278788 0.0245078 0.0218625 0.38518
0.389591 0.267368 0.00647106 0.00866292 0.327907
0.0795112 9.9991E-05 0.264802 0.0172619 0.638325
0.516636 0.189919 0.15688 9.9991E-05 0.136465
0.230114 0.193752 0.185081 0.241386 0.149667
0.311806 0.163954 0.159975 0.0918113 0.272454
0.679988 0.161659 0.0771059 9.9991E-05 0.0811469
0.474607 0.113119 0.192939 0.219234 9.9991E-05
0.0952934 9.9991E-05 0.0373106 0.105431 0.761866
0.263258 0.371599 0.0669653 0.064206 0.233971
9.99731E-05 9.99731E-05 9.99731E-05 0.216945 0.782755
9.9991E-05 0.0048415 0.0938061 0.13863 0.762622
0.523051 9.9991E-05 0.0606507 0.17014 0.246059
0.0930175 0.135689 0.102308 0.204654 0.464331
0.104428 0.404217 0.17895 9.9991E-05 0.312305
0.0974093 0.371498 0.107759 0.134349 0.288985
0.102457 0.0947674 0.0365065 9.9991E-05 0.766169
9.9973E-05 0.0433017 0.956398 9.9973E-05 9.9973E-05
0.353703 0.403711 9.9991E-05 0.170594 0.0718914
0.0504164 0.945691 9.9982E-05 0.00369217 9.9982E-05
9.9991E-05 0.658243 0.0994488 0.116211 0.125997
0.373194 0.0364461 0.119599 9.9991E-05 0.470661
0.120613 0.627947 0.082349 9.9991E-05 0.168991
0.423214 0.161319 0.31529 0.100077 9.9991E-05
0.107065 9.9991E-05 0.167457 0.268067 0.457312
0.283623 0.405097 0.205847 0.0891887 0.0162446
0.219465 0.133347 0.275046 0.0201588 0.351982
0.407508 9.9991E-05 0.105252 0.0553797 0.431761
0.298884 0.0686979 0.13008 0.235212 0.267126
0.539265 9.9991E-05 0.0297042 0.158353 0.272578
0.102572 0.208687 0.272424 0.0607362 0.355581
0.194376 0.202702 0.129796 0.114323 0.358804
0.260004 0.253678 9.9991E-05 0.0194558 0.466763
0.319611 0.171052 0.229357 0.0313401 0.24864
0.0957033 0.397952 0.198769 0.0470945 0.260482
0.0863742 0.34451 9.9991E-05 0.049066 0.51995
0.021101 0.166438 0.110909 0.119256 0.582296
0.713144 9.9982E-05 0.175869 0.110787 9.9982E-05
0.119492 0.36086 0.124807 0.0269793 0.367861
0.0826958 0.350806 9.9991E-05 0.213931 0.352467
0.158065 0.796553 0.0451817 9.9982E-05 9.9982E-05
0.179138 9.9991E-05 0.0240252 0.229811 0.566925
0.312917 0.196767 0.296493 0.0918949 0.101928
9.9982E-05 0.358567 9.9982E-05 0.0989129 0.54232
0.0192994 9.9982E-05 0.964933 0.0155677 9.9982E-05
0.227583 0.0360858 0.021017 0.27664 0.438674
0.180881 0.55939 0.0879678 0.00674296 0.165018
0.516471 9.9982E-05 0.154053 9.9982E-05 0.329276
0.115144 0.62768 9.9991E-05 0.122194 0.134882
0.365611 0.463367 0.059857 0.070329 0.0408362
0.117009 0.153606 9.9991E-05 0.198094 0.531191
0.0979177 0.278968 0.0562978 0.104753 0.462064
9.9982E-05 0.0497931 0.714728 9.9982E-05 0.235279
0.225578 0.0386964 0.174182 9.9991E-05 0.561444
0.116946 0.207999 0.135584 0.0645694 0.474901
9.997E-05 9.997E-05 0.9996 9.997E-05 9.997E-05
0.358149 0.0130051 0.201733 0.247804 0.179308
9.997E-05 9.997E-05 9.997E-05 0.9996 9.997E-05
0.281355 0.332015 0.118778 0.173606 0.0942459
0.527963 0.156259 9.9991E-05 0.0660251 0.249653
0.285211 0.320401 9.9991E-05 0.0421814 0.352106
0.108165 0.331959 0.0639772 0.068774 0.427124
0.471568 9.9991E-05 0.229137 0.104903 0.194292
0.0201516 0.399133 0.151727 0.00473915 0.42425
0.429801 0.145999 9.9991E-05 0.23772 0.18638
0.0648005 9.9991E-05 0.235462 0.0822873 0.61735
0.471102 0.194221 0.0141323 0.104378 0.216167
0.158062 0.0295211 0.497525 0.0510579 0.263835
0.366334 0.3618 9.9991E-05 0.0630755 0.208691
9.9973E-05 9.9973E-05 0.829771 9.9973E-05 0.169929
0.325647 0.190438 9.9991E-05 0.326661 0.157153
0.0365507 0.699115 0.180099 0.0841351 9.9991E-05
0.240685 0.0866273 0.122494 0.0724098 0.477783
0.00719464 0.346701 0.207161 0.181795 0.257148
0.223601 0.57088 0.205318 9.9982E-05 9.9982E-05
0.0344065 0.151202 0.605585 0.0581703 0.150636
0.166603 0.302048 0.32484 0.0699419 0.136566
0.508898 0.0162107 9.9991E-05 0.139554 0.335237
9.9973E-05 9.9973E-05 0.151015 9.9973E-05 0.848685
0.668089 9.9991E-05 0.0557653 0.0159676 0.260078
0.296843 0.130659 0.0123085 0.0772676 0.482922
0.0274895 0.26949 0.271386 0.086596 0.345038
0.226346 0.0660463 9.9991E-05 0.010619 0.696889
0.223303 0.404786 0.130753 0.183987 0.0571704
9.9982E-05 0.836783 0.0887106 9.9982E-05 0.0743064
0.295235 0.390892 0.172765 9.9991E-05 0.141008
0.192456 9.9991E-05 0.314038 0.068101 0.425305
0.466633 9.9982E-05 0.326721 9.9982E-05 0.206446
0.133527 0.473135 9.9991E-05 0.0917296 0.301508
0.042789 0.0466134 0.214984 0.152403 0.54321
0.9996 9.997E-05 9.997E-05 9.997E-05 9.997E-05
0.975097 9.9973E-05 0.0246031 9.9973E-05 9.9973E-05
0.0733865 0.234395 0.107628 0.0668236 0.517767
0.0210554 0.377343 0.168713 0.152986 0.279902
0.0285269 0.138119 0.145223 0.165937 0.522194
0.44263 9.9991E-05 0.100491 0.194396 0.262383
9.9991E-05 0.146573 0.121776 0.110873 0.620678
9.9991E-05 0.293037 0.178823 0.112994 0.415046
0.140037 0.370024 0.249647 0.0920308 0.14826
0.0805492 0.142131 0.547755 0.0208591 0.208706
0.446346 0.0523724 0.0410866 0.0767426 0.383452
9.99729E-05 0.0829575 0.916743 9.99729E-05 9.99729E-05
9.9982E-05 0.816157 0.0334773 0.150166 9.9982E-05
0.267048 0.477295 9.9982E-05 0.255457 9.9982E-05
0.0309302 9.9991E-05 0.028854 0.0806176 0.859498
0.135722 0.188421 0.0771626 0.226722 0.371973
0.0644225 0.232426 0.307739 0.105317 0.290095
0.246218 9.9991E-05 0.151749 0.0619437 0.539989
0.140411 0.0474051 0.151987 9.9991E-05 0.660097
0.475885 0.171117 0.272378 0.0805204 9.9991E-05
9.9991E-05 0.428729 0.116241 0.0177624 0.437168
0.282472 0.277113 0.107619 0.0730749 0.259722
0.130824 0.868876 9.9973E-05 9.9973E-05 9.9973E-05
0.16884 0.227255 0.208662 0.0988788 0.296363
0.115788 0.474155 0.177028 0.138321 0.0947089
9.9973E-05 0.0348351 0.964865 9.9973E-05 9.9973E-05
0.385551 0.351132 0.223684 0.0395336 9.9991E-05
0.531296 0.183755 0.0940841 0.099687 0.0911779
0.109573 0.216909 0.0690858 0.16807 0.436362
9.99731E-05 0.950545 0.0491547 9.99731E-05 9.99731E-05
0.195879 0.380648 9.9991E-05 0.0964132 0.32696
0.516496 0.0371531 9.9991E-05 0.191915 0.254336
0.9996 9.997E-05 9.997E-05 9.997E-05 9.997E-05
0.343386 0.263839 0.184075 9.9991E-05 0.2086
0.385816 0.0543904 0.0252125 0.100625 0.433957
0.344343 9.9991E-05 0.216107 0.209055 0.230395
0.0767756 0.371961 0.199049 9.9991E-05 0.352115
0.501866 9.9982E-05 9.9982E-05 0.201145 0.29679
0.436558 0.522063 9.9982E-05 0.0411787 9.9982E-05
0.14433 0.135979 9.9991E-05 0.108596 0.610995
0.348867 0.105699 9.9991E-05 0.110041 0.435293
0.345563 0.251967 0.00608825 0.230908 0.165474
9.997E-05 9.997E-05 9.997E-05 0.9996 9.997E-05
0.090626 0.0957441 0.0686024 0.156882 0.588145
0.549489 9.9991E-05 0.325057 0.0930172 0.0323374
9.9991E-05 0.273749 0.30369 0.120443 0.302017
0.239854 0.433821 0.0881177 0.103848 0.134359
0.206324 0.345431 0.0865121 0.0360963 0.325636
0.298792 0.417851 9.9991E-05 0.0569049 0.226352
9.997E-05 9.997E-05 9.997E-05 0.9996 9.997E-05
0.206108 0.39171 0.077537 9.9991E-05 0.324545
0.398056 0.212446 0.115155 0.274243 9.9991E-05
0.0914108 0.427689 0.0260817 9.9991E-05 0.454718
0.343345 0.132223 0.0798291 9.9991E-05 0.444503
