0.234015 0.235335 0.306075 0.224575
0.308999 0.00156883 0.481953 0.207479
0.275419 0.325755 0.204543 0.194282
0.00347379 0.392981 0.111023 0.492522
0.127194 0.0267369 0.344667 0.501402
9.9982E-05 0.524371 9.9982E-05 0.475429
0.156768 9.99911E-05 0.374447 0.468685
0.108863 0.406715 0.45874 0.0256816
0.0565442 9.99911E-05 0.616922 0.326434
0.518464 0.36615 0.0186769 0.0967098
0.48155 0.33445 9.9991E-05 0.1839
0.00291145 9.99911E-05 0.711276 0.285712
9.999E-05 0.0266936 0.77368 0.199526
0.546423 0.332454 0.121023 9.9991E-05
0.0350282 0.219501 0.55347 0.192001
0.0775049 0.209201 0.315807 0.397487
0.264087 0.363931 0.252169 0.119813
0.647612 0.33695 9.9991E-05 0.0153381
9.99821E-05 9.99821E-05 0.976152 0.0236483
0.297272 0.505052 0.0819665 0.11571
0.735975 0.263825 9.99821E-05 9.99821E-05
9.99821E-05 9.99821E-05 0.803209 0.196591
0.0485567 0.357172 9.99911E-05 0.594171
9.998E-05 9.998E-05 9.998E-05 0.9997
0.169524 0.372786 0.0995983 0.358091
0.094396 0.151808 0.319387 0.434409
0.681528 0.044189 0.199393 0.0748899
9.99911E-05 0.390608 0.406518 0.202774
9.9982E-05 0.425687 0.574113 9.9982E-05
0.0786704 0.0796954 9.99911E-05 0.841534
0.534848 0.404186 0.0497923 0.0111735
0.365186 0.0982652 0.536448 9.99911E-05
0.552285 0.21767 0.0482699 0.181775
0.117918 0.349256 0.38606 0.146766
0.000539837 0.350533 9.9991E-05 0.648828
0.449817 0.273484 9.99911E-05 0.276599
0.115601 0.107322 0.337785 0.439293
9.99821E-05 0.402618 9.99821E-05 0.597182
0.169776 0.402954 0.139961 0.287309
0.0378202 0.682594 0.101582 0.178004
0.584785 9.99911E-05 0.139978 0.275136
0.815394 0.164226 9.99911E-05 0.0202806
0.329864 0.165644 0.411231 0.0932616
0.0567217 0.387596 0.305171 0.250512
0.273744 0.166149 0.500599 0.0595081
0.333296 0.382391 0.211022 0.0732908
0.647013 9.99911E-05 0.303102 0.0497852
0.593068 0.144656 0.262176 9.9991E-05
0.562964 0.206053 0.230883 9.99911E-05
0.25054 0.515184 0.120859 0.113417
9.9991E-05 0.370307 0.188413 0.44118
0.437244 0.300854 0.101499 0.160403
0.0662728 9.9991E-05 0.3167 0.616928
9.9991E-05 0.710651 0.256975 0.0322741
0.302569 0.114654 0.578927 0.00384974
0.236852 0.117139 0.636811 0.0091978
0.186762 0.103003 0.243199 0.467036
0.213282 9.99822E-05 0.786518 9.99822E-05
0.440882 0.201501 0.357517 9.9991E-05
0.403056 0.296778 0.0316083 0.268558
0.0479417 0.729848 0.201122 0.0210885
0.787706 9.9982E-05 9.9982E-05 0.212094
0.300965 9.9991E-05 0.564531 0.134404
0.150402 0.23461 9.99911E-05 0.614888
0.144971 0.0961413 0.521427 0.237461
0.393021 0.0879854 0.463432 0.055562
0.17803 0.34067 9.9991E-05 0.4812
0.250754 0.066535 0.52083 0.16188
0.217751 0.240403 0.541746 9.9991E-05
0.478864 0.438193 0.0828429 9.99911E-05
0.508854 0.232506 0.25854 9.9991E-05
0.549149 9.9991E-05 0.3437 0.107051
0.161132 9.99911E-05 0.646596 0.192171
0.120272 0.147089 0.679055 0.0535838
9.99911E-05 0.561299 0.0802399 0.358361
0.462584 0.00492449 0.532391 9.9991E-05
9.99911E-05 0.131 0.642738 0.226162
0.468255 0.0840443 0.292286 0.155414
9.9991E-05 0.583355 0.349949 0.0665961
0.000743932 0.555378 0.410911 0.0329673
0.188577 0.260257 0.4555 0.095666
9.99911E-05 0.0541248 0.630601 0.315174
0.454625 0.46719 0.0665672 0.0116178
9.9991E-05 0.278702 0.535244 0.185954
0.596028 0.0359244 0.07669 0.291357
0.435101 0.234238 0.192735 0.137925
0.356576 0.0637523 0.4645 0.115172
9.99821E-05 9.99821E-05 0.130148 0.869652
9.99911E-05 0.491544 0.23825 0.270106
9.99911E-05 0.170682 0.758632 0.070586
9.99822E-05 0.152173 9.99822E-05 0.847627
0.553298 0.177938 9.99911E-05 0.268664
0.553774 9.99911E-05 0.128546 0.31758
0.366974 0.365041 9.9991E-05 0.267884
0.598251 9.99821E-05 0.401549 9.99821E-05
0.122154 0.27338 0.334046 0.27042
0.256828 0.200963 9.9991E-05 0.542109
0.555345 0.220555 0.224 9.9991E-05
0.0343405 0.367139 9.9991E-05 0.59842
0.276191 9.99821E-05 9.99821E-05 0.723609
0.220348 9.99911E-05 0.2053 0.574251
9.998E-05 9.998E-05 9.998E-05 0.9997
0.199952 0.0932685 0.221431 0.485349
9.99821E-05 0.697536 9.99821E-05 0.302264
0.0336206 0.398067 0.37147 0.196843
0.180225 9.9991E-05 0.404206 0.415469
0.333635 0.157569 0.508696 9.99911E-05
0.0606029 0.470353 0.200212 0.268833
9.99911E-05 0.400994 0.349857 0.24905
0.057916 0.620482 9.99911E-05 0.321502
0.303069 9.99911E-05 0.186027 0.510804
9.9991E-05 0.15164 0.597912 0.250348
9.99822E-05 0.351121 9.99822E-05 0.648679
9.99821E-05 0.474867 0.524933 9.99821E-05
9.998E-05 9.998E-05 9.998E-05 0.9997
0.468376 0.197052 0.334472 9.99911E-05
0.204397 0.302399 0.383327 0.109878
9.99821E-05 9.99821E-05 0.943885 0.0559153
9.99911E-05 0.209654 0.571124 0.219122
0.26366 0.532681 0.0641569 0.139502
0.0500383 0.0856599 0.154663 0.709638
0.0617959 0.298553 9.9991E-05 0.639551
9.9991E-05 0.634027 0.227935 0.137937
0.5917 0.4081 9.99821E-05 9.99821E-05
0.239135 0.469915 0.0748575 0.216092
0.336383 0.0272513 0.410514 0.225852
0.685394 0.025407 0.223182 0.0660166
0.0761642 0.450072 0.273309 0.200455
0.0510392 0.825983 9.99911E-05 0.122878
0.275392 0.182009 0.167586 0.375012
0.50292 9.99822E-05 0.49688 9.99822E-05
0.406916 0.309246 0.00998511 0.273853
0.283121 0.131633 0.585146 9.99911E-05
0.111611 0.450801 0.437488 9.9991E-05
0.641971 0.357829 9.99821E-05 9.99821E-05
9.99911E-05 0.782246 0.0729881 0.144666
9.99821E-05 0.797784 0.202016 9.99821E-05
9.99821E-05 0.945894 9.99821E-05 0.0539065
0.341162 9.99911E-05 0.588402 0.070335
9.99911E-05 0.568501 0.357324 0.0740746
9.99911E-05 0.491612 0.172525 0.335763
0.0310275 0.27471 0.10562 0.588642
0.427456 0.238804 0.328618 0.00512208
0.282722 0.156339 0.159249 0.40169
0.162064 0.153079 0.0625147 0.622342
9.9991E-05 0.166945 0.613389 0.219566
0.9997 9.998E-05 9.998E-05 9.998E-05
9.9991E-05 0.476538 0.173552 0.34981
0.17326 0.1645 0.213645 0.448596
0.591751 0.210253 0.194951 0.00304518
0.0449174 9.99911E-05 0.837835 0.117147
0.363883 9.99821E-05 0.635917 9.99821E-05
0.29417 0.312258 0.26472 0.128853
0.0491936 0.019891 0.594091 0.336824
0.532444 9.99821E-05 9.99821E-05 0.467356
0.338279 0.661521 9.99821E-05 9.99821E-05
0.0604997 0.421341 0.223218 0.294941
0.517312 0.482488 9.99822E-05 9.99822E-05
9.99911E-05 0.186348 0.663813 0.149739
0.189143 0.0982381 0.30108 0.411539
0.9997 9.998E-05 9.998E-05 9.998E-05
0.318543 9.9991E-05 0.604234 0.0771226
0.0695295 0.179107 0.646101 0.105262
0.62879 9.99821E-05 0.37101 9.99821E-05
0.274329 9.99822E-05 0.725471 9.99822E-05
0.327028 9.9991E-05 0.252107 0.420765
0.197082 0.448523 0.274517 0.0798779
9.99822E-05 0.65221 0.34759 9.99822E-05
0.410526 0.148379 0.243375 0.19772
0.175052 0.189484 0.233344 0.402121
9.99911E-05 0.425335 0.272424 0.302141
9.99821E-05 0.303535 0.696265 9.99821E-05
0.185794 0.263175 0.550931 9.9991E-05
0.253972 0.286741 0.0222137 0.437073
9.9991E-05 0.169162 0.524194 0.306544
9.99822E-05 0.114499 0.885301 9.99822E-05
0.109717 9.99911E-05 0.385171 0.505012
0.0703414 0.763394 9.99911E-05 0.166164
0.227452 0.250535 0.165041 0.356973
0.28622 0.302138 0.332887 0.0787545
0.937255 0.0625448 9.99821E-05 9.99821E-05
0.612282 0.249192 0.138426 9.9991E-05
0.285355 0.13563 0.202613 0.376401
9.99911E-05 0.0981433 0.672321 0.229436
9.998E-05 0.9997 9.998E-05 9.998E-05
0.021999 9.99821E-05 0.977801 9.99821E-05
0.0506812 0.178792 0.631499 0.139028
9.99911E-05 0.207175 0.230561 0.562164
0.20796 0.315404 0.00230266 0.474333
