9.99642E-05 0.0300122 9.99642E-05 0.046043 0.84562 9.99642E-05 9.99642E-05 0.077925
9.9982E-05 0.0542314 0.11646 0.324219 0.36053 9.9982E-05 0.0105271 0.133832
0.720192 0.0500778 9.99642E-05 9.99642E-05 9.99642E-05 9.99642E-05 0.0546779 0.174652
0.581106 9.99642E-05 0.0469375 9.99642E-05 0.263904 9.99642E-05 9.99642E-05 0.107652
0.0864129 9.9982E-05 0.477161 0.0666519 0.102103 0.0962489 9.9982E-05 0.171222
0.709576 9.99462E-05 9.99462E-05 9.99462E-05 0.289824 9.99462E-05 9.99462E-05 9.99462E-05
0.129009 9.99731E-05 0.0885091 0.387263 0.330979 9.99731E-05 9.99731E-05 0.0639403
9.99463E-05 9.99463E-05 0.544891 9.99463E-05 0.45451 9.99463E-05 9.99463E-05 9.99463E-05
9.99643E-05 0.343401 0.302152 0.158792 9.99643E-05 0.195256 9.99643E-05 9.99643E-05
0.483061 0.210239 9.996E-05 0.173212 9.996E-05 9.996E-05 0.133088 9.996E-05
0.00934225 0.434178 0.0735951 0.282449 9.9982E-05 9.9982E-05 0.165554 0.0346811
9.99553E-05 9.99553E-05 0.541471 0.276998 0.181032 9.99553E-05 9.99553E-05 9.99553E-05
9.997E-05 0.174197 0.508072 9.997E-05 0.245147 0.0548028 9.997E-05 0.0174816
0.0341225 9.9973E-05 0.38252 9.9973E-05 0.17784 0.350601 9.9973E-05 0.0546167
0.211797 9.99732E-05 0.0563319 0.0734548 0.525937 0.132179 9.99732E-05 9.99732E-05
0.114852 9.99732E-05 0.320506 9.99732E-05 0.331917 9.99732E-05 0.0599026 0.172523
0.229963 0.230162 9.99731E-05 0.167095 0.309936 9.99731E-05 9.99731E-05 0.0625445
0.394518 0.0231447 9.9991E-05 0.224939 0.212623 0.0243585 0.0882394 0.0320772
9.99642E-05 0.143757 0.298632 0.184195 0.373015 9.99642E-05 9.99642E-05 9.99642E-05
9.99641E-05 0.193554 0.519565 9.99641E-05 0.143599 9.99641E-05 9.99641E-05 0.142881
0.393947 0.335019 9.99731E-05 0.0818879 9.99731E-05 0.186917 9.99731E-05 0.00192817
9.9973E-05 0.349147 0.224715 9.9973E-05 0.216508 0.108316 0.101014 9.9973E-05
0.640091 9.99642E-05 9.99642E-05 0.0955135 0.17697 9.99642E-05 9.99642E-05 0.0870256
9.99552E-05 9.99552E-05 9.99552E-05 9.99552E-05 0.165075 0.191692 9.99552E-05 0.642733
9.99641E-05 0.453975 9.99641E-05 9.99641E-05 0.0276246 9.99641E-05 0.200759 0.317241
9.997E-05 0.142488 9.997E-05 0.0992899 0.505521 9.997E-05 0.0467862 0.205615
9.9973E-05 0.101768 9.9973E-05 0.433045 0.1433 9.9973E-05 0.221442 0.100145
9.99642E-05 0.144281 0.214173 9.99642E-05 0.301754 0.339393 9.99642E-05 9.99642E-05
9.99551E-05 0.196712 0.309425 9.99551E-05 9.99551E-05 9.99551E-05 0.493363 9.99551E-05
0.163936 9.99552E-05 9.99552E-05 9.99552E-05 9.99552E-05 9.99552E-05 0.0980396 0.737525
0.107568 9.99641E-05 9.99641E-05 9.99641E-05 0.0200071 0.849156 0.0228681 9.99641E-05
0.233217 9.99731E-05 0.342058 0.0927922 9.99731E-05 9.99731E-05 0.303352 0.0282809
0.497294 0.314751 0.0437439 9.99642E-05 9.99642E-05 0.143811 9.99642E-05 9.99642E-05
0.307261 9.99731E-05 0.328362 9.99731E-05 0.0447343 9.99731E-05 0.292685 0.0266575
0.33832 9.9964E-05 9.9964E-05 0.107011 0.39385 9.9964E-05 9.9964E-05 0.160419
0.23822 9.99552E-05 9.99552E-05 0.444821 0.316459 9.99552E-05 9.99552E-05 9.99552E-05
9.99551E-05 9.99551E-05 9.99551E-05 0.288637 9.99551E-05 0.0882817 0.622582 9.99551E-05
0.268271 0.558636 9.99552E-05 9.99552E-05 9.99552E-05 9.99552E-05 9.99552E-05 0.172593
0.352269 9.9991E-05 0.0252087 0.0903489 0.043061 0.0724933 0.308002 0.108517
0.471037 0.0182019 0.103133 0.0476384 9.99731E-05 9.99731E-05 0.35969 9.99731E-05
9.99642E-05 9.99642E-05 9.99642E-05 0.379211 9.99642E-05 0.0967493 0.108352 0.415288
0.387856 0.103195 9.99732E-05 0.350859 9.99732E-05 0.0515497 9.99732E-05 0.10624
0.168754 0.174314 0.155482 0.103063 0.281006 9.9982E-05 9.9982E-05 0.11718
0.162207 0.0778357 0.259074 0.0712007 0.403772 9.99821E-05 0.0257107 9.99821E-05
9.99641E-05 9.99641E-05 0.429439 0.142655 9.99641E-05 9.99641E-05 0.387693 0.0398118
0.346913 9.99642E-05 9.99642E-05 0.323835 0.32678 9.99642E-05 0.00207346 9.99642E-05
0.616375 9.99642E-05 0.00752917 0.0764792 0.299216 9.99642E-05 9.99642E-05 9.99642E-05
0.618719 0.0124421 0.0597323 0.216119 9.99731E-05 9.99731E-05 0.0926877 9.99731E-05
0.160724 9.99642E-05 9.99642E-05 0.136704 9.99642E-05 9.99642E-05 0.698533 0.00363885
0.195996 9.99641E-05 9.99641E-05 0.02034 0.531212 9.99641E-05 0.252052 9.99641E-05
0.162252 9.9955E-05 9.9955E-05 9.9955E-05 0.789406 9.9955E-05 9.9955E-05 0.0478419
0.356126 0.187042 0.113671 0.00417076 9.9982E-05 0.311816 9.9982E-05 0.0269752
0.188316 0.166096 0.0624826 0.0870443 0.335932 9.99821E-05 9.99821E-05 0.159929
0.333358 9.99732E-05 0.0600982 9.99732E-05 0.324255 9.99732E-05 0.246263 0.0357266
9.99461E-05 9.99461E-05 0.337372 9.99461E-05 9.99461E-05 0.662029 9.99461E-05 9.99461E-05
9.997E-05 0.0619821 9.997E-05 0.2236 0.214265 0.357082 0.142771 9.997E-05
9.9964E-05 9.9964E-05 0.0304644 9.9964E-05 0.476359 0.306867 9.9964E-05 0.18591
9.99553E-05 9.99553E-05 0.361368 0.00019513 9.99553E-05 0.637937 9.99553E-05 9.99553E-05
0.0732379 0.113655 0.410385 0.212055 0.0183136 0.172155 9.9982E-05 9.9982E-05
0.476154 9.99551E-05 9.99551E-05 0.360206 0.16314 9.99551E-05 9.99551E-05 9.99551E-05
0.0771696 0.106717 0.0645034 9.9991E-05 0.411496 0.0610536 0.216707 0.062254
0.297131 9.99552E-05 9.99552E-05 0.577797 9.99552E-05 9.99552E-05 9.99552E-05 0.124572
0.189791 0.0508797 0.0785362 0.292627 0.0650837 0.0249476 0.298035 9.9991E-05
9.99641E-05 9.99641E-05 9.99641E-05 0.0346192 0.0147203 9.99641E-05 0.219307 0.730954
0.094312 0.12193 0.236706 9.998E-05 0.205046 9.998E-05 0.300166 0.0416402
9.99731E-05 0.0259478 0.0362642 0.398241 9.99731E-05 9.99731E-05 0.347672 0.191576
0.544195 9.996E-05 9.996E-05 9.996E-05 0.28339 0.0568831 9.996E-05 0.115131
0.112602 9.998E-05 0.211528 0.413209 0.182698 0.0607024 0.0190598 9.998E-05
9.99641E-05 0.0257855 9.99641E-05 0.0356485 0.59035 9.99641E-05 0.347816 9.99641E-05
9.99731E-05 0.098371 9.99731E-05 9.99731E-05 0.201213 0.117249 0.448166 0.134701
0.498877 9.99641E-05 0.220851 0.0723347 9.99641E-05 0.207537 9.99641E-05 9.99641E-05
9.99642E-05 0.191718 9.99642E-05 0.637495 0.119618 9.99642E-05 0.0507685 9.99642E-05
9.99642E-05 9.99642E-05 0.457327 0.105112 9.99642E-05 0.336109 0.101053 9.99642E-05
9.99551E-05 9.99551E-05 9.99551E-05 0.273726 0.270971 9.99551E-05 0.454803 9.99551E-05
0.29639 9.996E-05 0.306289 9.996E-05 0.142561 9.996E-05 9.996E-05 0.25436
9.99641E-05 9.99641E-05 0.522636 0.319034 9.99641E-05 0.0174892 0.140441 9.99641E-05
9.99466E-05 0.102629 9.99466E-05 9.99466E-05 0.896772 9.99466E-05 9.99466E-05 9.99466E-05
9.998E-05 0.391735 0.00812333 0.260011 9.998E-05 0.117915 0.13524 0.0867762
9.9973E-05 0.21611 0.209045 9.9973E-05 0.156856 0.237615 0.180074 9.9973E-05
9.997E-05 9.997E-05 0.706359 9.997E-05 0.14091 0.0577379 0.0645382 0.0301547
0.387422 9.997E-05 0.0625347 0.162301 0.279355 9.997E-05 0.108087 9.997E-05
0.0714095 0.317645 0.0513728 9.99732E-05 0.470956 9.99732E-05 9.99732E-05 0.0883177
0.2482 0.0637089 9.99731E-05 9.99731E-05 0.158284 0.527649 0.00185868 9.99731E-05
9.99731E-05 0.242437 0.179973 9.99731E-05 0.0142995 9.99731E-05 0.27784 0.28515
0.312533 9.998E-05 9.998E-05 0.274413 0.0668205 0.0750152 0.12327 0.147748
0.351043 9.9955E-05 9.9955E-05 0.295825 0.352633 9.9955E-05 9.9955E-05 9.9955E-05
9.99553E-05 0.237608 0.56762 0.194272 9.99553E-05 9.99553E-05 9.99553E-05 9.99553E-05
0.0470334 0.0533713 0.466588 9.9973E-05 0.01202 9.9973E-05 9.9973E-05 0.420688
0.259299 0.435929 0.00107105 9.99643E-05 0.303302 9.99643E-05 9.99643E-05 9.99643E-05
9.99641E-05 0.360313 0.189385 9.99641E-05 0.0997862 9.99641E-05 0.350115 9.99641E-05
9.995E-05 9.995E-05 9.995E-05 9.995E-05 0.133172 9.995E-05 0.00393126 0.862397
0.414995 9.99732E-05 0.0711007 0.0114395 9.99732E-05 0.346649 9.99732E-05 0.155516
0.545333 9.99553E-05 9.99553E-05 0.370384 9.99553E-05 9.99553E-05 9.99553E-05 0.0837825
0.806705 0.0698966 0.0147727 9.99731E-05 9.99731E-05 0.06237 9.99731E-05 0.045956
0.116488 9.99731E-05 0.353677 0.43373 9.99731E-05 0.0051879 9.99731E-05 0.0906176
0.26814 0.0104047 0.659202 0.0618535 9.99641E-05 9.99641E-05 9.99641E-05 9.99641E-05
0.338759 0.142659 9.99641E-05 9.99641E-05 0.319868 0.198315 9.99641E-05 9.99641E-05
0.545059 9.99642E-05 9.99642E-05 0.231896 0.194761 0.0278853 9.99642E-05 9.99642E-05
0.264493 9.996E-05 0.254834 9.996E-05 0.0598628 9.996E-05 9.996E-05 0.42041
0.0732252 0.202289 9.9973E-05 0.245283 0.0253193 9.9973E-05 9.9973E-05 0.453583
0.0790354 9.99642E-05 0.103058 9.99642E-05 9.99642E-05 0.708107 9.99642E-05 0.1094
9.99552E-05 0.12651 9.99552E-05 0.00531466 9.99552E-05 9.99552E-05 9.99552E-05 0.867676
9.994E-05 0.9993 9.994E-05 9.994E-05 9.994E-05 9.994E-05 9.994E-05 9.994E-05
0.164752 0.834649 9.99463E-05 9.99463E-05 9.99463E-05 9.99463E-05 9.99463E-05 9.99463E-05
0.389205 9.996E-05 0.278197 9.996E-05 0.244421 9.996E-05 0.0877768 9.996E-05
0.375581 9.99731E-05 0.140963 0.187551 0.234933 9.99731E-05 0.060672 9.99731E-05
0.198531 9.99641E-05 0.395641 9.99641E-05 9.99641E-05 0.195692 0.209736 9.99641E-05
0.48783 0.0241718 9.99731E-05 9.99731E-05 0.272828 0.00121847 0.213652 9.99731E-05
0.0433882 9.996E-05 9.996E-05 0.0473733 0.55044 9.996E-05 0.358398 9.996E-05
0.519054 0.287255 9.996E-05 9.996E-05 9.996E-05 9.996E-05 0.135867 0.0574241
0.184637 9.998E-05 0.236136 0.07428 0.0741477 0.200515 9.998E-05 0.230083
9.99641E-05 9.99641E-05 0.159717 9.99641E-05 0.686446 9.99641E-05 0.036038 0.1174
9.99553E-05 9.99553E-05 0.14893 9.99553E-05 0.155885 9.99553E-05 9.99553E-05 0.694685
9.99642E-05 0.132502 0.458626 9.99642E-05 0.358275 9.99642E-05 0.0501969 9.99642E-05
9.994E-05 9.994E-05 9.994E-05 9.994E-05 9.994E-05 9.994E-05 9.994E-05 0.9993
9.99642E-05 0.351384 0.116905 9.99642E-05 0.374672 0.156639 9.99642E-05 9.99642E-05
0.00083096 9.99642E-05 9.99642E-05 0.218474 0.604262 9.99642E-05 0.176033 9.99642E-05
9.99552E-05 0.0365826 0.67715 9.99552E-05 9.99552E-05 9.99552E-05 0.285768 9.99552E-05
9.9973E-05 0.29112 0.119696 9.9973E-05 0.194664 9.9973E-05 0.306812 0.087409
0.385732 0.0126157 0.224848 9.9991E-05 0.284051 0.0754482 0.01549 0.00171527
0.275528 0.0551649 9.99821E-05 0.0227998 0.317379 0.0305663 9.99821E-05 0.298362
0.096853 9.99642E-05 0.533747 9.99642E-05 9.99642E-05 0.0677909 9.99642E-05 0.301209
0.511188 9.99552E-05 0.00219367 9.99552E-05 0.486118 9.99552E-05 9.99552E-05 9.99552E-05
0.790408 9.99553E-05 9.99553E-05 9.99553E-05 9.99553E-05 0.196458 0.0126346 9.99553E-05
0.683233 0.0106332 9.99643E-05 9.99643E-05 0.135945 9.99643E-05 9.99643E-05 0.169789
0.264886 0.19902 0.234033 0.141703 0.160059 9.997E-05 9.997E-05 9.997E-05
0.210264 0.0367679 9.997E-05 0.487982 9.997E-05 9.997E-05 0.0155389 0.249147
0.0315778 9.996E-05 9.996E-05 9.996E-05 0.607832 0.08431 0.275881 9.996E-05
0.162679 0.220838 9.99642E-05 9.99642E-05 9.99642E-05 9.99642E-05 0.187038 0.429045
0.383102 0.140586 0.326981 9.99642E-05 9.99642E-05 9.99642E-05 9.99642E-05 0.148932
0.129196 0.080906 9.997E-05 0.426123 0.111339 0.252136 9.997E-05 9.997E-05
0.548171 0.070502 0.10467 0.106408 0.128452 0.0415976 9.998E-05 9.998E-05
0.346715 0.113339 0.162016 0.12804 9.997E-05 9.997E-05 0.24959 9.997E-05
0.0717419 0.502985 0.0739405 0.0783587 9.9982E-05 0.018149 0.254625 9.9982E-05
0.318502 0.255145 9.996E-05 0.37042 0.0555337 9.996E-05 9.996E-05 9.996E-05
0.382532 9.99553E-05 9.99553E-05 9.99553E-05 0.454755 9.99553E-05 0.162213 9.99553E-05
9.99551E-05 9.99551E-05 9.99551E-05 9.99551E-05 0.0788018 0.0545724 0.866126 9.99551E-05
0.493704 9.99554E-05 9.99554E-05 9.99554E-05 9.99554E-05 9.99554E-05 0.479791 0.0260047
9.997E-05 0.157299 0.366052 0.234493 0.0286892 0.213167 9.997E-05 9.997E-05
0.164664 9.995E-05 9.995E-05 9.995E-05 0.721713 9.995E-05 0.113123 9.995E-05
9.99642E-05 0.16361 9.99642E-05 9.99642E-05 9.99642E-05 0.334524 0.492392 0.00907371
0.723997 0.185318 9.99553E-05 9.99553E-05 9.99553E-05 9.99553E-05 9.99553E-05 0.0901853
0.490467 0.0474257 0.0669288 0.134784 0.119368 0.140827 9.998E-05 9.998E-05
0.130294 0.628593 9.99642E-05 0.163227 0.0774865 9.99642E-05 9.99642E-05 9.99642E-05
0.0587347 9.99731E-05 0.168089 0.1526 0.161789 9.99731E-05 9.99731E-05 0.458487
0.219425 9.9973E-05 0.547652 9.9973E-05 0.163944 0.0643255 0.00435364 9.9973E-05
9.99461E-05 9.99461E-05 0.0043026 0.995098 9.99461E-05 9.99461E-05 9.99461E-05 9.99461E-05
0.0973839 0.277938 0.339969 9.997E-05 0.17844 9.997E-05 9.997E-05 0.105969
0.338104 9.99642E-05 9.99642E-05 9.99642E-05 0.16651 0.338616 9.99642E-05 0.15637
9.99821E-05 0.0663642 0.203357 0.167072 9.99821E-05 0.403992 0.152799 0.00621577
9.996E-05 0.322502 0.553899 0.0231271 9.996E-05 0.100072 9.996E-05 9.996E-05
9.99731E-05 0.0236717 0.291555 0.373396 0.142675 9.99731E-05 0.168402 9.99731E-05
0.245912 9.996E-05 9.996E-05 9.996E-05 0.111617 0.200922 0.441149 9.996E-05
9.997E-05 0.114403 0.576231 0.0237299 0.223732 9.997E-05 9.997E-05 0.0616042
0.0978602 9.99732E-05 9.99732E-05 9.99732E-05 0.038414 0.423879 0.037131 0.402416
0.548878 9.99553E-05 9.99553E-05 0.166384 9.99553E-05 9.99553E-05 0.284238 9.99553E-05
0.0648585 0.243981 0.475989 9.99732E-05 9.99732E-05 9.99732E-05 0.0335045 0.181367
0.194142 0.17999 9.997E-05 0.106545 0.260343 9.997E-05 0.258679 9.997E-05
9.99553E-05 9.99553E-05 0.00322542 9.99553E-05 0.919291 9.99553E-05 0.0769834 9.99553E-05
0.0712063 0.223236 9.999E-05 0.079663 0.433576 0.00547884 0.0788287 0.107912
9.994E-05 9.994E-05 9.994E-05 0.9993 9.994E-05 9.994E-05 9.994E-05 9.994E-05
0.222514 9.99642E-05 0.125449 0.316507 0.335131 9.99642E-05 9.99642E-05 9.99642E-05
0.235336 0.0133058 0.750859 9.99552E-05 9.99552E-05 9.99552E-05 9.99552E-05 9.99552E-05
9.997E-05 0.150494 9.997E-05 0.364687 0.226224 0.183315 0.0749802 9.997E-05
9.99465E-05 9.99465E-05 0.483469 0.515931 9.99465E-05 9.99465E-05 9.99465E-05 9.99465E-05
0.583459 9.99552E-05 9.99552E-05 0.101384 0.314657 9.99552E-05 9.99552E-05 9.99552E-05
0.131342 0.0133629 9.999E-05 0.0106388 0.410518 0.238547 0.129066 0.0664253
9.994E-05 9.994E-05 9.994E-05 9.994E-05 9.994E-05 9.994E-05 0.9993 9.994E-05
0.0595133 9.99553E-05 0.454176 9.99553E-05 9.99553E-05 0.485811 9.99553E-05 9.99553E-05
0.452875 0.0347983 0.212298 0.122694 0.10418 9.998E-05 9.998E-05 0.0729547
0.0580396 9.99553E-05 9.99553E-05 9.99553E-05 0.509655 9.99553E-05 0.431806 9.99553E-05
0.0692217 0.074341 0.338045 9.998E-05 0.310431 0.00572474 0.202037 9.998E-05
0.508473 0.0230731 0.386868 9.99732E-05 9.99732E-05 0.0667072 0.0145782 9.99732E-05
0.297743 0.0504446 9.997E-05 0.0242464 0.397906 9.997E-05 9.997E-05 0.22936
0.0502784 9.99553E-05 9.99553E-05 9.99553E-05 0.8814 9.99553E-05 0.0678214 9.99553E-05
9.99643E-05 9.99643E-05 0.307621 9.99643E-05 0.478852 0.13249 0.0806363 9.99643E-05
9.99642E-05 0.18432 0.607521 0.0559412 9.99642E-05 9.99642E-05 9.99642E-05 0.151818
0.170794 0.589132 9.99552E-05 9.99552E-05 9.99552E-05 0.239574 9.99552E-05 9.99552E-05
0.0385128 0.258714 9.99731E-05 0.298908 0.379988 0.0235779 9.99731E-05 9.99731E-05
0.114674 0.37313 0.280227 0.231569 9.99642E-05 9.99642E-05 9.99642E-05 9.99642E-05
0.295206 9.99552E-05 9.99552E-05 0.527456 9.99552E-05 0.176838 9.99552E-05 9.99552E-05
0.460422 0.242108 9.996E-05 9.996E-05 0.128058 0.169013 9.996E-05 9.996E-05
0.492514 9.99641E-05 9.99641E-05 0.0935162 0.282947 0.130623 9.99641E-05 9.99641E-05
9.995E-05 9.995E-05 0.503725 9.995E-05 0.456484 9.995E-05 9.995E-05 0.0392911
0.148129 0.774382 9.99551E-05 9.99551E-05 9.99551E-05 9.99551E-05 0.0769895 9.99551E-05
0.00979155 9.997E-05 0.440319 0.0584999 0.446827 0.0442626 9.997E-05 9.997E-05
0.195495 9.99552E-05 0.488543 9.99552E-05 0.315462 9.99552E-05 9.99552E-05 9.99552E-05
9.998E-05 0.140699 0.201078 9.998E-05 0.214696 0.212951 0.0165734 0.213803
0.468588 0.00478207 0.0402039 9.998E-05 0.0975065 0.193843 9.998E-05 0.194877
