0.21338 0.0325684 0.254768 9.99731E-05 9.99731E-05 0.498983 9.99731E-05
0.216233 0.248565 0.0198244 0.115359 0.175539 0.22438 9.9991E-05
0.0443339 0.241759 0.225453 9.99911E-05 0.149186 0.296615 0.0425524
9.99642E-05 0.0759066 9.99642E-05 9.99642E-05 9.99642E-05 0.899042 0.0246514
0.162942 0.238254 9.9982E-05 0.0846227 0.23187 0.282112 9.9982E-05
9.99731E-05 0.0648844 0.147434 9.99731E-05 9.99731E-05 0.713652 0.07373
0.221382 0.196384 9.99821E-05 0.0295923 0.319676 0.232766 9.99821E-05
0.574887 0.0206061 0.183959 9.99821E-05 0.150491 0.0698568 9.99821E-05
9.99731E-05 0.0263731 9.99731E-05 0.71071 9.99731E-05 0.159837 0.10278
9.99731E-05 0.00752086 0.690134 0.142827 9.99731E-05 9.99731E-05 0.159218
0.0882109 0.139308 0.348932 0.0884813 0.102418 0.176124 0.0565272
0.253238 9.99731E-05 9.99731E-05 0.317511 0.127055 0.301897 9.99731E-05
0.0125427 9.99732E-05 9.99732E-05 0.303273 9.99732E-05 0.597396 0.0864882
9.99641E-05 9.99641E-05 0.0850648 9.99641E-05 0.289372 0.625163 9.99641E-05
9.99642E-05 9.99642E-05 9.99642E-05 0.46382 9.99642E-05 0.517255 0.0185245
0.112525 0.254899 0.0495645 9.99821E-05 0.145141 0.437671 9.99821E-05
9.99821E-05 0.148343 0.137879 0.215481 0.0156631 0.482433 9.99821E-05
9.99821E-05 0.0827674 0.486394 9.99821E-05 0.0579167 0.287323 0.0853997
0.249343 9.99642E-05 9.99642E-05 0.429892 9.99642E-05 0.320365 9.99642E-05
0.161988 9.99731E-05 0.241877 9.99731E-05 9.99731E-05 0.346813 0.249022
9.99554E-05 9.99554E-05 0.77896 9.99554E-05 9.99554E-05 9.99554E-05 0.220541
0.346101 0.0902374 9.9973E-05 0.506485 9.9973E-05 0.0568769 9.9973E-05
9.99821E-05 0.0924326 0.00484502 0.188191 9.99821E-05 0.636944 0.0773872
9.99642E-05 0.472222 0.0491964 9.99642E-05 9.99642E-05 0.478181 9.99642E-05
9.99731E-05 0.358739 0.317315 9.99731E-05 0.0350369 9.99731E-05 0.28861
9.9982E-05 0.115608 0.230472 0.0513549 0.0194432 0.582922 9.9982E-05
9.9973E-05 0.0833614 0.571518 0.151135 0.193686 9.9973E-05 9.9973E-05
0.240512 9.99821E-05 9.99821E-05 0.0901855 0.0714274 0.544349 0.0533261
0.260969 9.99731E-05 9.99731E-05 9.99731E-05 0.189443 0.174517 0.374771
9.99553E-05 0.867945 9.99553E-05 0.131555 9.99553E-05 9.99553E-05 9.99553E-05
9.99732E-05 9.99732E-05 0.441746 9.99732E-05 0.272276 0.0912246 0.194454
0.380377 0.119649 9.99731E-05 9.99731E-05 0.251858 0.247816 9.99731E-05
9.99731E-05 0.171896 0.131753 0.473235 9.99731E-05 9.99731E-05 0.222816
0.510054 9.99731E-05 9.99731E-05 0.0619867 0.0412824 0.386377 9.99731E-05
9.99731E-05 0.286889 0.00402926 9.99731E-05 0.110417 0.598365 9.99731E-05
0.0651024 0.138006 0.62156 9.99821E-05 0.0278874 0.147244 9.99821E-05
0.374373 0.0330177 9.99821E-05 0.17128 0.397641 9.99821E-05 0.0234883
0.0161965 0.177532 9.9973E-05 0.373949 9.9973E-05 9.9973E-05 0.432022
0.015915 0.0626062 0.305039 0.0453616 0.148322 0.422656 9.9991E-05
0.10409 9.99731E-05 0.168142 9.99731E-05 9.99731E-05 0.424773 0.302696
9.99821E-05 0.280525 0.484977 0.121977 0.0221428 0.090178 9.99821E-05
9.99554E-05 9.99554E-05 0.92723 0.0722702 9.99554E-05 9.99554E-05 9.99554E-05
0.0898618 9.9982E-05 0.347882 0.121463 0.114529 0.326064 9.9982E-05
0.077336 9.99911E-05 0.106215 0.094898 0.00583626 0.631475 0.0841393
0.424608 0.156766 0.00283462 0.0391594 0.303413 9.9991E-05 0.0731194
0.0867415 0.0600055 0.299256 9.99911E-05 0.0177859 0.527021 0.00909071
0.0238743 9.99731E-05 0.520503 0.269901 9.99731E-05 0.185422 9.99731E-05
9.99821E-05 9.99821E-05 0.518691 0.208118 0.156544 0.0820842 0.0343623
0.422563 9.99643E-05 0.330277 0.24676 9.99643E-05 9.99643E-05 9.99643E-05
0.291457 9.9973E-05 0.248513 9.9973E-05 0.119686 0.340044 9.9973E-05
0.225707 0.0896426 9.9964E-05 9.9964E-05 9.9964E-05 0.684251 9.9964E-05
9.998E-05 0.0413524 0.160964 0.218619 0.265943 9.998E-05 0.312922
9.9973E-05 0.213954 0.245516 0.361922 9.9973E-05 0.178308 9.9973E-05
0.0641087 0.122727 9.99732E-05 9.99732E-05 9.99732E-05 0.621703 0.191161
0.0213596 0.0341061 9.99821E-05 0.24975 0.597888 9.99821E-05 0.0966957
0.276295 9.998E-05 0.0510552 0.418032 0.222579 9.998E-05 0.0318388
0.000449281 0.216644 9.9982E-05 9.9982E-05 0.274384 0.418806 0.0895169
9.99642E-05 9.99642E-05 9.99642E-05 0.517711 0.37399 9.99642E-05 0.107898
0.0112824 9.9982E-05 0.0857273 9.9982E-05 0.482739 0.177554 0.242497
9.996E-05 9.996E-05 0.68645 9.996E-05 9.996E-05 0.232384 0.0807661
0.182473 0.120637 9.99821E-05 0.01713 9.99821E-05 0.600003 0.0795574
9.99821E-05 0.0569775 0.443385 0.0523713 0.147849 0.299218 9.99821E-05
0.0677594 9.9982E-05 0.119981 0.542968 0.077735 0.191357 9.9982E-05
0.10375 0.679055 9.99641E-05 9.99641E-05 0.216795 9.99641E-05 9.99641E-05
0.53362 0.0753549 0.242435 0.0125379 9.99821E-05 0.135853 9.99821E-05
0.209193 0.208628 0.299355 0.205875 9.9991E-05 0.0732003 0.00364849
9.9973E-05 0.135387 0.441404 9.9973E-05 9.9973E-05 0.413797 0.00911203
0.202033 9.99731E-05 9.99731E-05 0.41989 0.165784 0.211994 9.99731E-05
0.537867 9.9982E-05 0.208146 0.143313 9.9982E-05 0.0764067 0.0340668
0.242648 9.99552E-05 0.756852 9.99552E-05 9.99552E-05 9.99552E-05 9.99552E-05
9.99821E-05 9.99821E-05 0.154829 0.167499 0.220435 0.336928 0.120109
9.99731E-05 0.0846253 0.552932 0.193995 0.168148 9.99731E-05 9.99731E-05
0.102031 9.99643E-05 9.99643E-05 9.99643E-05 0.794841 0.102728 9.99643E-05
0.441379 0.0174185 0.310046 0.0264391 0.204518 9.99821E-05 9.99821E-05
0.278336 0.155812 9.99733E-05 9.99733E-05 0.0572654 0.508287 9.99733E-05
9.99731E-05 9.99731E-05 0.11084 0.160643 0.335691 0.392526 9.99731E-05
9.99644E-05 0.016801 9.99644E-05 0.313776 9.99644E-05 0.669024 9.99644E-05
9.9991E-05 0.0708831 0.144815 0.241122 0.272335 0.0668817 0.203864
0.232723 9.99731E-05 9.99731E-05 0.0997135 9.99731E-05 0.43303 0.234233
9.997E-05 9.997E-05 9.997E-05 0.0236175 0.171973 0.785598 0.0185121
0.168823 9.99642E-05 9.99642E-05 9.99642E-05 0.503599 0.327179 9.99642E-05
0.269468 0.153709 0.183723 0.0666645 0.037986 0.208547 0.0799028
0.0988808 9.99642E-05 0.706521 9.99642E-05 9.99642E-05 9.99642E-05 0.194198
0.366781 0.220702 9.9973E-05 0.32055 9.9973E-05 9.9973E-05 0.0916677
9.99732E-05 0.0619703 0.529936 9.99732E-05 0.0680239 0.33977 9.99732E-05
9.9964E-05 9.9964E-05 0.404044 9.9964E-05 0.0104905 0.585066 9.9964E-05
0.105245 0.0609082 0.0216229 0.326467 0.236653 0.203375 0.045729
9.99731E-05 0.512284 9.99731E-05 0.0858474 0.0859472 0.315621 9.99731E-05
0.232867 0.0630086 0.0953452 0.126961 9.9991E-05 0.172089 0.309629
0.419698 0.023091 9.9982E-05 0.499468 9.9982E-05 0.0202074 0.0373359
9.99643E-05 0.737248 0.167008 9.99643E-05 9.99643E-05 0.0953446 9.99643E-05
9.99732E-05 0.104206 0.697052 9.99732E-05 0.113589 0.0848527 9.99732E-05
9.99821E-05 0.286876 0.388443 0.298945 0.0161154 9.99821E-05 0.00942164
9.99821E-05 0.0741998 0.14621 0.0205902 9.99821E-05 0.483746 0.275053
9.9973E-05 0.082003 0.184314 0.6727 0.0606829 9.9973E-05 9.9973E-05
9.99731E-05 9.99731E-05 9.99731E-05 0.0388942 0.031127 0.861147 0.0685314
9.99731E-05 0.115234 0.399725 0.17863 9.99731E-05 0.306111 9.99731E-05
9.99731E-05 9.99731E-05 0.191207 0.457108 9.99731E-05 0.338882 0.0125028
0.155532 0.326012 0.0773056 9.9982E-05 0.080628 0.360323 9.9982E-05
9.9991E-05 0.442158 0.10257 0.119973 0.0620061 0.269689 0.00350277
9.99732E-05 0.0534684 9.99732E-05 0.398849 0.0969668 0.450416 9.99732E-05
9.99553E-05 0.972817 9.99553E-05 9.99553E-05 9.99553E-05 9.99553E-05 0.0266832
9.99642E-05 0.0358529 9.99642E-05 0.658054 9.99642E-05 9.99642E-05 0.305693
9.99642E-05 0.0219625 9.99642E-05 9.99642E-05 9.99642E-05 0.000179692 0.977458
0.22674 9.9982E-05 0.257339 0.012973 0.00234075 0.500408 9.9982E-05
0.206633 0.0952027 0.292683 0.260202 9.9982E-05 0.14508 9.9982E-05
0.298632 9.99821E-05 0.345624 0.0938191 0.250041 9.99821E-05 0.0116834
0.601926 9.99642E-05 0.217982 9.99642E-05 9.99642E-05 0.179693 9.99642E-05
0.604751 9.99732E-05 0.271749 0.0952805 9.99732E-05 9.99732E-05 0.0279195
0.395355 0.131702 0.017036 9.99821E-05 0.0313628 9.99821E-05 0.424345
0.264742 0.365317 0.0955499 0.148433 0.125759 9.99821E-05 9.99821E-05
0.204836 0.113306 9.99821E-05 0.00164216 0.0908893 0.589127 9.99821E-05
0.362286 0.606544 9.99642E-05 9.99642E-05 9.99642E-05 0.0307707 9.99642E-05
0.773087 0.060795 9.99641E-05 9.99641E-05 0.165718 9.99641E-05 9.99641E-05
9.99552E-05 0.976915 9.99552E-05 0.0225854 9.99552E-05 9.99552E-05 9.99552E-05
9.99732E-05 9.99732E-05 9.99732E-05 0.229615 0.183029 0.432822 0.154234
9.99642E-05 9.99642E-05 0.206424 0.0186565 9.99642E-05 0.77452 9.99642E-05
0.388187 0.0556007 9.99731E-05 0.394982 0.160931 9.99731E-05 9.99731E-05
0.317553 0.283392 9.9982E-05 0.0157138 0.350812 9.9982E-05 0.0323291
0.313733 0.0532307 0.0729189 9.9991E-05 0.116891 0.369594 0.0735327
0.0275539 0.402049 0.0865874 0.328842 9.9982E-05 0.154768 9.9982E-05
9.99732E-05 0.258814 9.99732E-05 9.99732E-05 0.024294 0.518592 0.198
0.411827 9.99642E-05 9.99642E-05 9.99642E-05 9.99642E-05 0.562148 0.0256252
0.348064 9.99642E-05 0.583859 9.99642E-05 0.0676777 9.99642E-05 9.99642E-05
9.99732E-05 0.0146433 0.181665 0.0529975 9.99732E-05 0.750394 9.99732E-05
0.0891266 0.00801692 0.495426 0.264487 9.9982E-05 0.142743 9.9982E-05
0.0411936 0.0717484 0.654521 0.177061 0.0552765 9.99821E-05 9.99821E-05
0.330695 9.99731E-05 9.99731E-05 9.99731E-05 0.120709 0.450062 0.0982346
0.120384 0.233167 0.174457 9.99732E-05 9.99732E-05 9.99732E-05 0.471692
0.374479 0.0662719 0.189109 0.111543 9.9991E-05 0.0686562 0.189841
9.99553E-05 9.99553E-05 0.0821913 0.917309 9.99553E-05 9.99553E-05 9.99553E-05
0.174208 9.99731E-05 0.392113 9.99731E-05 0.121444 0.311935 9.99731E-05
0.304218 9.999E-05 0.0549941 0.308798 0.182975 0.0559504 0.0929634
0.134475 9.9991E-05 0.0972043 0.268856 0.0487279 0.122756 0.327881
9.99642E-05 9.99642E-05 0.769767 9.99642E-05 0.0197265 9.99642E-05 0.210107
0.546599 9.99642E-05 0.433764 9.99642E-05 9.99642E-05 9.99642E-05 0.0192374
0.788291 9.99551E-05 0.21121 9.99551E-05 9.99551E-05 9.99551E-05 9.99551E-05
0.87761 0.0275764 9.99642E-05 9.99642E-05 9.99642E-05 9.99642E-05 0.094414
0.121547 9.998E-05 0.0526141 0.307098 0.169382 9.998E-05 0.34916
0.236208 0.0406837 9.99642E-05 9.99642E-05 9.99642E-05 0.722709 9.99642E-05
9.99642E-05 9.99642E-05 9.99642E-05 9.99642E-05 0.308003 0.275732 0.415865
9.99642E-05 0.280751 9.99642E-05 0.310057 9.99642E-05 9.99642E-05 0.408793
9.99641E-05 9.99641E-05 0.244731 0.290771 9.99641E-05 0.464098 9.99641E-05
9.99642E-05 0.00936403 0.399341 0.590896 9.99642E-05 9.99642E-05 9.99642E-05
9.99642E-05 0.447035 0.259149 9.99642E-05 9.99642E-05 0.293416 9.99642E-05
0.479166 0.0357095 0.0684553 9.9973E-05 9.9973E-05 0.416369 9.9973E-05
9.995E-05 9.995E-05 9.995E-05 9.995E-05 0.9994 9.995E-05 9.995E-05
9.99732E-05 0.0485439 0.270669 9.99732E-05 9.99732E-05 0.585318 0.0951696
0.0014534 0.136511 0.380767 9.9991E-05 0.233988 0.176116 0.0710647
9.99731E-05 9.99731E-05 9.99731E-05 0.323276 0.36698 0.146805 0.162639
0.155521 9.99821E-05 9.99821E-05 0.262878 0.351965 0.0722643 0.157172
9.99731E-05 9.99731E-05 0.0338051 0.436599 0.186994 0.342303 9.99731E-05
0.584694 9.99731E-05 0.118073 9.99731E-05 0.0362401 0.260693 9.99731E-05
0.250131 9.99821E-05 0.0674292 0.154264 0.147378 0.380598 9.99821E-05
9.99732E-05 0.270524 0.262405 9.99732E-05 0.311724 0.155047 9.99732E-05
0.0652971 9.99732E-05 0.318291 9.99732E-05 9.99732E-05 0.507671 0.108442
9.99731E-05 0.056476 9.99731E-05 9.99731E-05 0.118631 0.396954 0.427639
0.0493235 9.99911E-05 0.494098 0.0795268 0.129809 0.185369 0.0617744
0.577857 0.0295421 9.99732E-05 9.99732E-05 0.0127591 0.379542 9.99732E-05
0.412936 0.120968 0.168143 0.0445075 0.0377656 9.9991E-05 0.215581
9.995E-05 9.995E-05 9.995E-05 9.995E-05 0.9994 9.995E-05 9.995E-05
0.324287 9.99731E-05 0.311756 0.0990915 0.264566 9.99731E-05 9.99731E-05
0.386068 0.0219324 0.00544025 9.99821E-05 0.240619 0.34574 9.99821E-05
9.99731E-05 9.99731E-05 0.130888 0.379823 0.245542 0.243447 9.99731E-05
9.99643E-05 9.99643E-05 0.345269 0.435546 0.218785 9.99643E-05 9.99643E-05
9.99731E-05 0.109767 0.306874 0.187969 9.99731E-05 0.39509 9.99731E-05
0.354965 9.99642E-05 0.372065 9.99642E-05 9.99642E-05 0.27257 9.99642E-05
0.9994 9.995E-05 9.995E-05 9.995E-05 9.995E-05 9.995E-05 9.995E-05
0.119319 9.99643E-05 9.99643E-05 9.99643E-05 0.492437 0.387845 9.99643E-05
0.0285137 0.0532714 0.217558 0.0143098 0.0742374 0.445096 0.167014
0.671379 0.0611858 9.99731E-05 9.99731E-05 9.99731E-05 0.0780845 0.189051
0.40693 9.99731E-05 9.99731E-05 9.99731E-05 0.288893 0.297263 0.00661417
9.997E-05 9.997E-05 9.997E-05 0.263038 0.0181497 0.586997 0.131515
0.12631 0.0867095 0.541554 9.99821E-05 9.99821E-05 0.178402 0.0668246
0.354242 0.0452534 9.997E-05 0.132577 9.997E-05 0.467628 9.997E-05
0.522067 9.99911E-05 0.0092186 0.120566 0.309169 0.0182753 0.0206035
0.118399 0.239835 0.0049949 0.490904 0.111323 0.0122945 0.0222505
9.99642E-05 9.99642E-05 0.0125981 9.99642E-05 0.0181802 9.99642E-05 0.968822
0.0454236 9.99732E-05 0.585821 9.99732E-05 9.99732E-05 0.0831864 0.285269
9.99553E-05 9.99553E-05 9.99553E-05 0.494967 9.99553E-05 0.504533 9.99553E-05
9.99643E-05 9.99643E-05 0.96613 9.99643E-05 0.0255824 9.99643E-05 0.00788801
9.99821E-05 9.99821E-05 0.800595 0.0298044 0.0412245 0.0329338 0.0952422
9.998E-05 0.1125 0.38821 0.0440315 9.998E-05 0.428375 0.0266832
0.258805 9.99644E-05 9.99644E-05 9.99644E-05 0.0969655 0.64383 9.99644E-05
9.995E-05 9.995E-05 9.995E-05 9.995E-05 9.995E-05 9.995E-05 0.9994
0.0712726 9.99732E-05 9.99732E-05 0.193494 0.149714 0.585219 9.99732E-05
0.284735 9.99821E-05 9.99821E-05 0.0621827 0.117831 0.355831 0.179221
9.99731E-05 0.114736 9.99731E-05 9.99731E-05 0.103373 0.519835 0.261756
9.99821E-05 0.141484 0.1751 9.99821E-05 0.0873506 0.347245 0.24862
