9.9982E-05 0.190459 0.74182 0.0449676 9.9982E-05 0.0225541
0.0124 0.416455 0.343835 0.226405 9.9991E-05 0.000805405
0.0974106 0.308157 0.196213 9.9991E-05 0.332925 0.0651939
0.0785295 0.116011 0.45233 0.238141 0.0409893 0.0739998
0.0745182 0.46694 0.0411962 0.253272 9.9991E-05 0.163974
0.0161652 0.225308 0.151636 0.38783 0.183221 0.0358392
0.0704638 0.331466 0.340691 0.0933039 9.9991E-05 0.163975
0.102911 0.134068 0.393206 0.0155718 0.276598 0.0776449
0.0804131 0.201239 0.135571 0.0987332 0.416773 0.0672704
0.261222 0.0717175 9.9991E-05 0.325883 0.234492 0.106585
9.9982E-05 0.22841 9.9982E-05 0.340376 0.330509 0.100505
0.145596 0.0145477 9.9991E-05 0.0108352 0.757276 0.0716446
0.0156578 0.635048 9.9991E-05 0.0978461 0.120924 0.130424
0.112693 9.9991E-05 0.317214 0.156661 0.358852 0.05448
0.0410499 9.9991E-05 0.240036 0.34766 0.284347 0.0868071
0.158663 9.9982E-05 0.376517 9.9982E-05 0.36977 0.0948503
0.194564 9.9991E-05 0.170355 0.515425 0.0750305 0.0445248
0.221195 0.263223 0.16672 0.125122 9.9991E-05 0.22364
0.0129379 0.220025 0.230546 9.9991E-05 0.368298 0.168094
0.125145 0.110038 0.504581 0.0251636 0.148961 0.0861118
9.999E-05 0.188857 0.522232 0.0862267 0.0688596 0.133725
9.9982E-05 0.481372 0.257342 0.188959 9.9982E-05 0.0721262
9.999E-05 0.210588 0.417678 0.029972 0.220559 0.121103
0.302203 0.305545 0.14873 0.155072 0.0838292 0.00462039
9.9982E-05 0.134663 9.9982E-05 0.418553 0.350658 0.0959262
0.313987 9.9991E-05 0.326676 0.145501 0.174039 0.0396964
0.209633 0.115936 0.159171 0.252202 0.107448 0.155611
0.233572 0.222582 0.24689 0.119724 0.108293 0.0689386
0.116086 0.442537 0.0482825 0.313491 0.0520426 0.0275608
0.718617 9.99729E-05 0.187831 9.99729E-05 0.0932517 9.99729E-05
0.0346297 0.0815172 9.9991E-05 0.150458 0.634511 0.0987846
0.109173 0.041763 9.9991E-05 0.146856 0.659351 0.0427565
0.121248 0.211704 0.412687 0.0236317 0.120979 0.10975
9.999E-05 0.260211 0.240451 0.230168 0.15795 0.11112
0.142516 0.0344086 0.157916 0.421209 0.15087 0.0930806
9.99641E-05 9.99641E-05 0.911435 9.99641E-05 9.99641E-05 0.0881648
9.9991E-05 0.0232075 0.347504 0.311846 0.293656 0.023687
0.20353 9.99731E-05 0.306962 0.489208 9.99731E-05 9.99731E-05
0.183161 9.9991E-05 0.0332772 0.0726597 0.65045 0.0603518
0.053641 0.0987759 0.259272 0.0858192 0.374498 0.127993
0.0475515 0.730156 0.0136107 0.101913 9.9991E-05 0.106669
0.11538 9.9991E-05 0.486618 0.269606 0.0696105 0.0586852
0.0634193 0.224742 0.390112 0.159146 0.0839695 0.0786113
0.106098 0.492891 0.132075 9.9982E-05 0.268735 9.9982E-05
0.170376 0.143041 0.24732 0.167137 0.232533 0.0395939
9.9973E-05 9.9973E-05 9.9973E-05 0.248968 0.676119 0.0746127
0.053803 0.365873 0.237158 9.9991E-05 0.288547 0.0545192
0.10254 0.181336 0.236256 9.9991E-05 0.432384 0.0473836
0.0548761 0.738887 9.9991E-05 0.0118591 0.0485604 0.145717
0.12573 0.281812 0.193654 9.9991E-05 0.305359 0.0933446
0.07368 0.155446 0.323833 0.207224 0.0773105 0.162506
0.00392414 9.9982E-05 0.377607 9.9982E-05 0.50231 0.115959
0.12799 0.000145945 0.413973 0.121841 0.233675 0.102376
0.102799 0.149935 0.242275 0.403776 0.050249 0.0509657
0.169918 0.772399 9.9973E-05 9.9973E-05 9.9973E-05 0.057383
0.060919 0.0555408 0.194216 0.0728974 0.53656 0.0798672
9.99641E-05 0.958205 9.99641E-05 9.99641E-05 9.99641E-05 0.0413952
0.0375846 0.816973 9.9982E-05 0.0436083 9.9982E-05 0.101634
9.9991E-05 0.163894 0.278124 0.179595 0.324542 0.0537452
0.0818226 0.188911 9.9991E-05 0.184277 0.491347 0.0535433
9.9991E-05 0.239992 0.323007 0.305849 0.0839305 0.0471218
0.0523959 0.0920846 0.25863 0.370476 0.0782261 0.148188
0.00608693 0.370719 0.0945752 9.9991E-05 0.357305 0.171214
0.879809 9.9973E-05 0.0321583 9.9973E-05 9.9973E-05 0.0877325
0.0370893 0.0648819 0.454363 0.270776 0.17279 9.9991E-05
9.9964E-05 9.9964E-05 0.972206 9.9964E-05 9.9964E-05 0.0273944
9.9991E-05 0.17126 0.482362 0.183568 0.0561524 0.106557
0.0407313 0.584679 9.9991E-05 0.0328451 0.242502 0.0991421
0.0173338 0.346719 0.484439 0.0402753 0.0258026 0.0854302
0.157149 0.311251 0.297372 0.119961 9.9991E-05 0.114167
0.0112446 0.297268 9.9991E-05 0.187372 0.499102 0.00491326
0.127867 0.267358 0.296998 0.14067 0.10577 0.0613376
0.0537869 0.25344 0.0799917 0.112179 0.329291 0.171311
0.133007 0.148748 0.012782 0.189069 0.460349 0.0560457
0.090359 0.446927 0.0152558 0.397099 9.9991E-05 0.0502593
9.9982E-05 9.9982E-05 0.0302717 0.127207 0.800816 0.0415049
0.0231372 0.530952 9.9991E-05 0.236227 0.066083 0.143501
0.0399712 0.0843075 0.216727 0.42643 0.101021 0.131543
9.9991E-05 0.0617533 0.279092 0.31155 0.330031 0.017474
0.131275 9.9991E-05 0.220475 0.48808 0.0884602 0.0716107
0.0837926 0.452728 0.139153 0.190658 0.00256206 0.131106
0.0761069 0.248746 0.287878 0.142654 0.156048 0.0885676
0.143167 0.137481 0.090952 0.143301 0.485 9.9991E-05
0.0955724 9.9991E-05 0.198631 0.158171 0.472441 0.0750855
0.0196071 0.44256 0.134198 9.9991E-05 0.240198 0.163337
9.9991E-05 0.269582 0.265247 0.17485 0.237823 0.0523982
0.0786318 9.9982E-05 0.758131 9.9982E-05 0.0988555 0.0641813
9.99641E-05 9.99641E-05 9.99641E-05 9.99641E-05 0.894771 0.104829
0.195432 0.262108 0.260792 0.157967 0.0180489 0.105651
9.9982E-05 0.505619 0.144834 9.9982E-05 0.230244 0.119102
0.961814 9.9964E-05 9.9964E-05 0.0377858 9.9964E-05 9.9964E-05
9.9982E-05 0.551611 9.9982E-05 0.347482 0.000120485 0.100587
0.0128154 0.0312123 0.627606 0.0189087 0.126103 0.183354
0.114003 0.198129 0.286412 0.108159 0.179766 0.113531
9.9982E-05 0.196443 0.556485 0.15449 9.9982E-05 0.0923818
0.225069 0.120643 0.345286 0.162877 0.14054 0.00558447
9.9973E-05 0.78768 0.140291 0.0717289 9.9973E-05 9.9973E-05
9.9982E-05 0.517416 9.9982E-05 0.0207207 0.409769 0.0518938
0.611178 0.193618 9.9982E-05 0.0381803 9.9982E-05 0.156824
0.37343 0.24152 0.188841 9.9991E-05 0.195731 0.00037772
0.169184 0.342228 0.0182127 0.0376589 0.345806 0.0869103
0.9995 9.996E-05 9.996E-05 9.996E-05 9.996E-05 9.996E-05
0.0171047 0.230489 0.121321 0.193476 0.341342 0.0962667
9.996E-05 9.996E-05 9.996E-05 0.9995 9.996E-05 9.996E-05
0.0397228 9.9991E-05 0.45995 0.195352 0.260308 0.044567
0.0397412 0.0443347 0.318868 9.9991E-05 0.583438 0.0135183
0.0510752 0.170946 0.342489 0.103283 0.300449 0.0317577
0.0138606 0.386078 0.243252 0.289266 0.0149637 0.0525799
0.231106 0.136625 9.9991E-05 0.0379539 0.543979 0.0502366
0.10601 0.339966 0.279119 0.0792585 0.102128 0.0935182
9.9991E-05 0.243417 0.260902 0.147817 0.263885 0.0838793
0.0966886 0.374128 9.9991E-05 0.0849912 0.331465 0.112627
9.9991E-05 0.0778814 0.405694 0.139008 0.374068 0.00324862
0.681008 9.9982E-05 0.117535 0.150498 9.9982E-05 0.0507586
0.112033 0.194945 0.385507 0.170893 0.113176 0.0234474
0.942061 9.9964E-05 9.9964E-05 9.9964E-05 0.0575391 9.9964E-05
0.0377989 0.270884 0.108354 0.482092 0.0910656 0.00980476
9.9991E-05 0.0793398 0.737598 0.0289055 0.0861125 0.0679445
0.0749672 0.479076 0.0755085 0.128279 0.1998 0.0423693
0.212472 9.9991E-05 0.0725019 0.159769 0.426302 0.128855
0.0267406 0.0776582 0.419684 0.406489 9.9991E-05 0.0693288
0.582189 0.0337769 0.137254 0.129751 9.9991E-05 0.116929
0.16235 0.276105 9.9991E-05 0.319088 0.16898 0.0733768
0.0851481 9.9991E-05 0.437627 0.153671 0.301547 0.0219075
0.240895 0.449074 0.0306339 0.0103041 0.113208 0.155885
0.0308279 9.9991E-05 0.208726 0.197515 0.521928 0.0409031
9.9973E-05 0.337946 9.9973E-05 9.9973E-05 0.52581 0.135944
0.262282 0.333412 0.099478 0.0168156 0.180425 0.107587
9.9982E-05 0.241846 0.0393333 9.9982E-05 0.633105 0.0855156
0.314435 9.9991E-05 0.31178 0.297186 0.0252383 0.0512606
0.139397 0.138527 0.46807 0.118321 0.0719349 0.0637499
0.0323991 0.233459 0.171001 0.144336 0.335522 0.0832829
0.330474 9.9991E-05 0.115606 0.107046 0.415822 0.0309522
0.160006 9.9991E-05 0.203261 0.130432 0.406804 0.0993978
0.0490337 0.355748 0.106087 0.000700862 0.442311 0.0461204
0.0851715 0.258603 9.9991E-05 0.111886 0.424141 0.120098
9.9973E-05 9.9973E-05 0.745788 0.119536 0.134376 9.9973E-05
0.0929007 9.9982E-05 0.736545 0.0493189 9.9982E-05 0.121035
9.9991E-05 0.43851 0.190012 0.0772152 0.196715 0.0974477
0.0398562 0.311653 0.155919 0.317742 0.110263 0.064567
0.103165 0.321041 0.0188858 0.243497 0.206038 0.107374
0.0670109 9.9982E-05 9.9982E-05 0.138872 0.695575 0.0983417
0.101857 0.44686 0.00745095 0.13915 0.252428 0.0522541
0.0687757 0.486218 0.0698043 0.0596911 0.220213 0.0952982
0.0317609 0.526582 0.152069 0.173487 9.9991E-05 0.116001
0.511002 9.9982E-05 0.265312 0.110421 9.9982E-05 0.113065
9.9991E-05 0.342117 0.378779 0.115549 0.0685164 0.0949377
9.996E-05 9.996E-05 9.996E-05 9.996E-05 9.996E-05 0.9995
9.9973E-05 9.9973E-05 0.657205 0.279643 9.9973E-05 0.0628515
9.9991E-05 0.0668884 0.481247 0.303031 0.106757 0.041977
0.019979 0.101023 9.9982E-05 9.9982E-05 0.777531 0.101268
9.9991E-05 0.12711 0.252683 0.413587 0.135646 0.0708743
0.161108 0.0633457 0.0758936 0.129765 0.438977 0.130911
0.170513 0.370389 0.0842241 0.181266 0.0763442 0.117265
0.117994 9.9982E-05 0.152417 9.9982E-05 0.678896 0.0504933
0.205283 0.0902839 0.400575 0.206915 9.9991E-05 0.0968427
9.9991E-05 0.501534 0.232783 0.064582 0.123555 0.0774457
0.0534622 0.289038 0.120649 0.150838 0.26294 0.123072
0.111567 0.108843 0.77929 9.9973E-05 9.9973E-05 9.9973E-05
0.0895663 0.175883 0.298808 0.119006 0.23902 0.0777175
0.0099225 9.9991E-05 0.3647 0.296019 0.246894 0.0823651
9.996E-05 9.996E-05 9.996E-05 9.996E-05 9.996E-05 0.9995
9.9982E-05 9.9982E-05 0.263929 0.0779531 0.186992 0.470926
9.9973E-05 0.269782 0.419503 0.310415 9.9973E-05 9.9973E-05
0.0299641 0.499887 0.0304273 0.087646 0.238318 0.113758
0.0986101 0.0888591 0.610596 0.1182 9.9991E-05 0.0836344
9.9991E-05 0.494144 0.212928 0.0286639 0.169953 0.0942116
9.9991E-05 0.135797 0.216838 0.108455 0.498153 0.0406581
0.00979153 9.9982E-05 0.84412 9.9982E-05 0.123749 0.0221398
0.077966 0.109266 0.422434 0.114419 0.130486 0.145429
0.182953 9.99769E-05 0.114541 9.99769E-05 0.702205 9.99769E-05
0.0549229 0.192016 0.153258 0.111884 0.408461 0.0794584
0.216622 9.9991E-05 0.449935 0.0813794 0.186583 0.0653809
9.9982E-05 0.0322642 0.224526 0.0243567 0.718653 9.9982E-05
0.0362071 0.103631 0.453463 0.0491691 0.277965 0.079564
9.9973E-05 0.210254 9.9973E-05 0.24871 0.540736 9.9973E-05
9.9991E-05 0.0521303 0.369771 0.150241 0.308895 0.118863
0.0741665 9.9982E-05 0.29487 0.101523 0.529241 9.9982E-05
9.996E-05 9.996E-05 9.996E-05 0.9995 9.996E-05 9.996E-05
0.131283 0.397247 0.148269 0.2208 0.102301 9.9991E-05
0.27974 9.9991E-05 0.28096 0.410144 0.00268991 0.0263662
0.129372 0.428348 0.096168 0.199564 9.9991E-05 0.146448
0.000516423 0.427355 0.449852 0.035008 0.0162452 0.0710236
0.181662 0.302658 0.209757 9.9982E-05 0.305724 9.9982E-05
9.9982E-05 9.9982E-05 0.57229 0.11241 0.296289 0.0188107
9.996E-05 9.996E-05 9.996E-05 0.9995 9.996E-05 9.996E-05
0.0119098 0.277159 0.098193 0.0261701 0.41233 0.174239
0.192451 9.9991E-05 0.294944 0.235379 0.22261 0.0545163
0.0284553 0.30584 0.494622 0.154026 9.9991E-05 0.0169574
0.168194 0.0670832 0.504993 9.9991E-05 0.250906 0.0087245
