0.114353 0.449494 0.183584 0.252569
9.999E-05 0.361126 0.121173 0.517601
0.208776 0.357532 0.17997 0.253722
0.0799994 0.405588 0.405139 0.109274
9.999E-05 0.450942 0.392364 0.156594
0.346319 0.474448 0.179133 9.9991E-05
9.999E-05 0.325775 0.367541 0.306584
9.999E-05 0.754765 0.10616 0.138975
0.419588 0.0148263 0.0914563 0.474129
0.478262 9.9991E-05 0.0332832 0.488355
0.377774 0.191173 0.107258 0.323794
9.999E-05 0.514222 0.0540801 0.431598
9.999E-05 0.532289 0.303047 0.164564
0.11731 0.266654 0.280613 0.335423
0.0751149 0.612044 0.139044 0.173797
9.99911E-05 0.29451 0.506071 0.199319
0.109752 0.35151 0.206875 0.331863
0.351414 0.329445 0.0313243 0.287817
0.133612 0.488889 9.99911E-05 0.377399
0.150003 0.61908 0.224001 0.0069156
0.927002 9.99821E-05 0.0727982 9.99821E-05
9.9991E-05 0.380463 0.271104 0.348333
0.381943 0.163165 0.454792 9.9991E-05
0.223796 0.0573724 0.718732 9.99911E-05
0.355932 0.283438 0.360531 9.99911E-05
9.9991E-05 0.514906 0.385638 0.0993561
0.2682 9.9991E-05 0.0898314 0.641869
0.359343 0.624783 9.99911E-05 0.0157741
0.103775 0.751457 9.9991E-05 0.144668
9.99821E-05 9.99821E-05 0.946556 0.0532441
0.588782 0.38777 9.99911E-05 0.0233477
0.0207915 0.711231 9.99911E-05 0.267878
0.660186 0.049112 0.0336396 0.257062
9.99821E-05 0.807112 9.99821E-05 0.192688
9.9991E-05 0.313447 0.526485 0.159967
0.200801 0.265889 0.277703 0.255607
0.138135 0.669104 9.99911E-05 0.192661
0.477264 0.168243 0.354393 9.99911E-05
0.186438 0.400622 0.159026 0.253914
0.0555085 0.470419 0.147512 0.32656
9.99821E-05 9.99821E-05 0.330759 0.669041
0.183375 9.99911E-05 0.0963308 0.720194
0.333281 0.249577 0.0674501 0.349693
0.251688 0.390705 0.228184 0.129423
9.99911E-05 0.680877 0.0770674 0.241956
0.0616213 0.465384 0.0518243 0.421171
0.0201908 0.196374 0.298834 0.484601
0.383826 0.0174411 9.9991E-05 0.598633
9.99822E-05 0.449071 9.99822E-05 0.550729
9.9991E-05 0.732204 0.169154 0.098542
0.0281634 0.461579 0.510158 9.9991E-05
0.890094 0.105624 9.9991E-05 0.00418112
9.9991E-05 0.171 0.336812 0.492088
9.99821E-05 0.623192 0.376608 9.99821E-05
0.515598 0.435961 9.99911E-05 0.0483405
0.290995 0.424203 9.99911E-05 0.284702
0.506241 0.0446879 0.448971 9.9991E-05
0.371041 0.437876 9.99911E-05 0.190983
0.199219 0.438473 9.9991E-05 0.362208
0.270293 0.179132 0.211468 0.339107
9.99911E-05 0.607245 0.28406 0.108594
0.0882457 9.9991E-05 0.138209 0.773446
0.0660727 0.0313342 0.166815 0.735778
9.99911E-05 0.158019 0.752279 0.0896019
0.124642 0.605207 0.113815 0.156336
9.99911E-05 0.25093 0.0829974 0.665972
0.192278 0.442779 0.364843 9.9991E-05
0.0820126 0.439894 9.99911E-05 0.477993
9.99821E-05 0.826853 9.99821E-05 0.172947
0.276917 0.245956 0.139284 0.337843
0.390409 0.143851 0.0515609 0.414179
9.99821E-05 9.99821E-05 0.171254 0.828546
0.226196 0.528263 9.99911E-05 0.245441
9.99821E-05 0.689908 9.99821E-05 0.309892
9.99821E-05 0.689458 0.310342 9.99821E-05
9.9991E-05 0.398781 0.0106386 0.59048
9.99911E-05 0.523994 0.187514 0.288392
0.40052 0.128896 0.0809583 0.389626
0.0242595 0.733633 0.0851176 0.156989
9.99911E-05 0.879511 0.0577467 0.0626426
9.99911E-05 0.669846 0.00192601 0.328128
0.123778 0.38079 0.320073 0.17536
0.622932 0.302815 9.99911E-05 0.0741538
0.000491147 0.84187 0.0916624 0.065976
0.40503 0.0699797 0.396763 0.128227
0.0568764 0.400572 0.104909 0.437642
0.469361 0.0870792 0.0258618 0.417698
0.0747551 9.9991E-05 0.723502 0.201643
0.449712 0.439585 0.110603 9.99911E-05
0.205168 0.38127 0.100973 0.31259
9.998E-05 9.998E-05 0.9997 9.998E-05
0.317597 0.133403 0.391638 0.157362
0.00630863 9.99911E-05 0.140552 0.85304
0.597468 9.9991E-05 0.251191 0.151241
9.9982E-05 9.9982E-05 0.0840358 0.915764
0.387585 0.257254 0.179287 0.175874
0.382771 0.0836848 0.371048 0.162496
0.455501 0.16794 9.9991E-05 0.37646
9.99821E-05 0.230647 0.769153 9.99821E-05
0.33285 9.9991E-05 0.633724 0.0333258
0.758124 9.99821E-05 0.241676 9.99821E-05
0.0683698 9.99822E-05 0.93143 9.99822E-05
0.9997 9.998E-05 9.998E-05 9.998E-05
0.853882 9.99821E-05 0.145918 9.99821E-05
0.00402843 0.663625 0.152361 0.179986
0.109187 0.397202 0.240948 0.252664
0.161078 0.69124 9.9991E-05 0.147582
0.341263 0.476027 0.0212679 0.161442
0.00229582 0.997504 9.99821E-05 9.99821E-05
0.45661 0.341252 0.144144 0.0579932
9.99911E-05 0.0768611 0.546692 0.376347
9.99911E-05 0.681002 0.217843 0.101055
9.99821E-05 0.165847 0.833953 9.99821E-05
9.99821E-05 0.935811 0.0639886 9.99821E-05
9.998E-05 9.998E-05 0.9997 9.998E-05
0.559257 0.083087 0.102843 0.254813
9.9991E-05 0.242626 0.214271 0.543003
9.99911E-05 0.678202 0.0479013 0.273797
9.9991E-05 0.627869 0.250329 0.121702
0.378922 0.414472 0.206507 9.9991E-05
0.0372332 0.0671675 0.644836 0.250763
0.355368 0.179873 0.464659 9.9991E-05
0.0713388 0.774251 0.15431 9.9991E-05
0.402404 0.584587 0.0129091 9.99911E-05
0.0140806 0.333404 0.29973 0.352786
0.284651 0.253866 0.0286619 0.432821
0.0343117 9.99911E-05 0.234616 0.730972
0.0982902 0.615479 0.126882 0.159349
0.321887 0.348511 0.329503 9.99911E-05
0.356112 0.211337 0.301503 0.131048
0.567075 9.99821E-05 9.99821E-05 0.432725
0.422503 0.341795 0.155858 0.0798442
0.113761 0.232681 9.99911E-05 0.653458
0.560085 0.327135 9.9991E-05 0.11268
0.374384 9.99821E-05 9.99821E-05 0.625416
0.3148 0.685 9.99821E-05 9.99821E-05
9.998E-05 0.9997 9.998E-05 9.998E-05
9.998E-05 0.9997 9.998E-05 9.998E-05
0.356314 0.403188 9.99911E-05 0.240398
9.99821E-05 0.897915 0.101885 9.99821E-05
0.268376 0.596943 0.0799668 0.0547138
0.68124 9.99911E-05 0.286633 0.0320269
0.213609 0.0391073 0.153346 0.593938
0.638209 0.0549543 0.0234887 0.283348
9.99821E-05 9.99821E-05 0.773998 0.225802
9.9991E-05 0.704079 0.221489 0.0743318
0.0105671 9.99821E-05 9.99821E-05 0.989233
0.166328 0.453602 0.248793 0.131277
0.102908 0.324379 0.572612 9.9991E-05
0.359355 0.0794794 9.99911E-05 0.561066
0.179494 0.430155 0.120297 0.270054
9.99821E-05 0.166729 9.99821E-05 0.833071
0.0859345 0.89872 9.9991E-05 0.0152456
0.248836 0.526913 0.0258607 0.19839
0.181232 0.29423 0.44862 0.0759171
0.555022 0.282831 9.99911E-05 0.162047
0.475015 0.422677 0.0677333 0.0345744
0.230809 0.11178 0.104488 0.552923
0.00434533 0.976983 0.0185718 9.9991E-05
0.186781 0.0466717 0.572947 0.1936
0.0703711 9.99821E-05 9.99821E-05 0.929429
9.99821E-05 0.30419 9.99821E-05 0.69561
0.0685539 0.641439 0.122612 0.167395
0.301972 0.0794154 9.9991E-05 0.618513
9.998E-05 9.998E-05 9.998E-05 0.9997
0.156828 0.27257 0.360642 0.209961
9.99911E-05 0.707611 0.143153 0.149136
9.998E-05 0.9997 9.998E-05 9.998E-05
0.294213 0.287724 0.101036 0.317027
0.301684 0.208646 0.279139 0.21053
9.99911E-05 0.655753 0.245594 0.0985532
0.134764 0.865036 9.99821E-05 9.99821E-05
0.548703 0.451097 9.99821E-05 9.99821E-05
0.080014 0.253501 0.357788 0.308697
0.0810951 0.589048 0.254771 0.0750866
9.99822E-05 0.857013 9.99822E-05 0.142787
0.202034 0.363588 0.335646 0.0987322
0.964002 0.0357978 9.99821E-05 9.99821E-05
0.316578 0.225202 0.104639 0.353581
0.345709 0.00445858 9.99911E-05 0.649732
0.353532 9.99821E-05 9.99821E-05 0.646269
0.237455 0.192388 9.99911E-05 0.570058
9.9991E-05 0.622184 0.231764 0.145952
9.99911E-05 0.746512 0.131315 0.122074
0.767059 0.232741 9.99821E-05 9.99821E-05
9.99821E-05 0.38097 9.99821E-05 0.61883
0.256311 0.634062 0.0647701 0.044857
0.198776 0.488046 0.313079 9.99911E-05
0.395245 0.270997 0.333658 9.9991E-05
