0.451412 0.345189 0.203399
0.59466 0.158132 0.247208
0.622224 0.180362 0.197414
0.630946 0.0862634 0.282791
0.607865 0.314879 0.0772559
0.724589 0.275311 9.9991E-05
0.47102 0.209963 0.319017
0.459024 0.194329 0.346647
0.368185 0.437261 0.194554
0.0194752 0.731761 0.248764
0.20613 0.722038 0.0718325
0.344991 0.453457 0.201552
0.39076 0.440285 0.168956
0.422565 0.237341 0.340095
0.458858 0.322108 0.219034
0.35558 0.109001 0.53542
0.510301 0.196378 0.293322
0.25065 0.218833 0.530517
0.677673 0.21787 0.104457
0.425553 0.394836 0.179611
0.423117 0.416397 0.160486
0.484112 0.332124 0.183764
0.595886 0.112386 0.291728
0.619945 9.9991E-05 0.379955
9.9991E-05 0.930137 0.0697628
0.42806 0.309134 0.262806
0.27304 0.297992 0.428968
0.393652 0.342395 0.263953
0.494253 0.308883 0.196864
0.18308 0.146216 0.670704
0.511519 0.44567 0.0428113
0.140282 0.69919 0.160529
0.802403 0.0537069 0.14389
0.700937 0.158848 0.140215
0.475934 0.398372 0.125694
0.365756 0.206616 0.427628
0.76465 0.214383 0.0209671
9.9991E-05 0.686651 0.313249
0.617629 0.205097 0.177274
0.531314 0.229706 0.238981
0.425573 0.42526 0.149168
0.659615 0.105864 0.234521
0.661712 0.132323 0.205964
0.448421 0.430748 0.12083
0.103617 0.485042 0.411341
0.389668 0.511711 0.0986211
0.746243 0.0179256 0.235831
0.669132 0.0775839 0.253284
0.323095 0.416024 0.260882
0.643735 0.113116 0.243149
0.0523486 0.523018 0.424634
0.67197 0.0903944 0.237636
0.676589 0.087422 0.235989
0.280017 0.329909 0.390075
0.520566 0.293272 0.186162
0.62533 0.185852 0.188818
0.426947 0.411423 0.16163
0.500535 0.359026 0.140439
0.401871 0.50674 0.0913887
0.2958 0.574863 0.129337
0.9998 9.999E-05 9.999E-05
0.398665 0.368349 0.232987
0.879049 0.0154121 0.105539
9.999E-05 9.999E-05 0.9998
0.596873 0.254607 0.14852
0.641345 0.132945 0.22571
0.663775 0.281816 0.054409
0.676524 0.237696 0.0857798
0.499061 0.204341 0.296598
0.326012 0.22185 0.452138
0.319678 0.545051 0.135271
0.307967 0.309911 0.382123
0.249472 0.391851 0.358678
0.664111 0.197396 0.138493
0.157343 0.604466 0.238191
0.486089 0.3595 0.154411
0.550165 0.133598 0.316238
0.870219 0.0691594 0.0606216
0.965322 0.034578 9.9991E-05
0.639683 0.0312037 0.329114
0.552025 0.275694 0.17228
0.617637 0.2984 0.083963
0.350377 0.366951 0.282672
0.390598 0.271361 0.338041
0.633159 0.104238 0.262603
0.4535 0.5464 9.9991E-05
0.638985 0.0494954 0.311519
0.534795 0.456928 0.00827697
0.291576 0.178779 0.529645
0.24142 0.62739 0.131191
9.999E-05 9.999E-05 0.9998
0.284347 0.610694 0.104959
0.820684 0.108403 0.0709123
0.490192 0.0736177 0.43619
0.615262 0.275236 0.109502
0.540778 0.20943 0.249792
0.273924 0.582158 0.143918
0.676559 0.237418 0.0860232
9.9991E-05 0.251683 0.748217
0.291466 0.203979 0.504555
0.231176 0.461185 0.30764
9.999E-05 9.999E-05 0.9998
0.438072 0.378482 0.183446
9.999E-05 0.9998 9.999E-05
0.151721 0.69731 0.150969
0.576942 0.346633 0.0764247
0.68488 0.288409 0.0267112
0.77374 0.209475 0.0167849
0.376389 0.335012 0.288599
0.281783 0.323857 0.39436
0.610598 0.358235 0.0311671
0.346858 0.391781 0.261362
0.567227 0.341008 0.0917655
0.167612 0.164423 0.667965
0.417558 0.217419 0.365023
0.0277136 9.9991E-05 0.972186
0.278222 0.610874 0.110904
0.591957 0.110204 0.297838
0.629945 0.257715 0.112339
9.9991E-05 0.615633 0.384267
0.715951 0.0148417 0.269208
0.217802 0.11278 0.669418
0.561492 0.105531 0.332978
0.700102 0.299798 9.9991E-05
0.242859 0.424799 0.332342
0.710716 9.9991E-05 0.289184
0.379856 0.620044 9.9991E-05
0.424962 0.317818 0.25722
0.691794 0.308106 9.9991E-05
0.181127 0.498867 0.320006
0.571325 0.0997803 0.328894
0.736871 9.9991E-05 0.263029
0.586257 0.10458 0.309163
0.45998 0.19957 0.34045
0.605419 0.367415 0.0271653
0.293741 0.587249 0.11901
0.813693 0.110115 0.0761917
0.601262 9.9991E-05 0.398638
0.34986 0.362532 0.287609
0.601802 0.293095 0.105103
0.461864 0.299889 0.238247
0.288778 0.615512 0.0957104
0.628098 0.281577 0.0903257
0.223296 0.522439 0.254265
0.560593 0.130007 0.309399
0.159438 0.192011 0.648551
0.408717 0.286138 0.305145
9.999E-05 9.999E-05 0.9998
0.424378 0.256596 0.319026
0.606789 0.302149 0.0910629
0.397307 0.602593 9.9991E-05
0.640481 0.347625 0.0118948
0.267879 0.438748 0.293373
0.434377 0.239379 0.326244
0.688307 0.164433 0.14726
0.312035 0.141333 0.546632
0.694128 0.212724 0.0931478
0.435562 0.220516 0.343922
0.582877 0.0274184 0.389704
0.482084 0.199014 0.318902
0.393524 0.370904 0.235572
9.999E-05 9.999E-05 0.9998
0.443425 0.102257 0.454318
0.503571 0.161639 0.33479
0.444863 0.314332 0.240805
0.33684 0.452776 0.210384
0.745109 0.230632 0.024259
0.416061 0.458604 0.125335
0.529052 0.0863018 0.384646
0.43206 0.131449 0.436491
0.708057 0.248678 0.0432643
0.455284 0.268652 0.276065
0.645727 9.9991E-05 0.354173
0.481704 0.315004 0.203292
0.753754 0.119447 0.1268
0.646266 0.286713 0.0670207
0.442978 0.414095 0.142927
0.531716 0.373722 0.0945628
9.999E-05 0.9998 9.999E-05
0.415397 0.341038 0.243565
0.246787 0.229118 0.524095
0.1468 0.541677 0.311524
0.542296 0.296821 0.160883
0.473218 0.24807 0.278712
0.683776 0.214286 0.101938
9.999E-05 0.9998 9.999E-05
0.635311 0.230588 0.134102
0.251172 0.372238 0.37659
0.696452 0.182814 0.120734
0.509178 0.0863507 0.404471
