0.193301 0.530594 0.0379482 0.139113 0.0806745 0.0183692
0.117033 0.181942 0.241946 0.132968 0.32601 9.9991E-05
0.112893 9.99821E-05 9.99821E-05 0.256736 0.531112 0.0990598
0.270282 0.0475336 0.000463386 0.160147 0.458939 0.0626342
0.28294 0.277982 0.326178 0.0649773 0.047823 9.9991E-05
0.128734 0.407899 0.242985 9.9991E-05 0.132535 0.0877465
0.0902914 0.303679 0.210654 0.395175 9.99821E-05 9.99821E-05
0.0246249 0.575709 0.149658 9.99821E-05 0.249808 9.99821E-05
0.167576 9.99732E-05 9.99732E-05 0.799343 0.0327815 9.99732E-05
0.0211564 0.0434209 9.99821E-05 0.391213 9.99821E-05 0.54401
0.0620621 0.200412 9.9982E-05 0.121372 9.9982E-05 0.615953
9.99821E-05 0.159465 0.0776342 0.653552 0.109148 9.99821E-05
0.0391253 9.99821E-05 0.0582099 0.26604 0.636424 9.99821E-05
0.0682961 0.175703 0.441456 0.0462499 0.268195 9.9991E-05
9.99732E-05 0.0980509 9.99732E-05 0.527043 0.374606 9.99732E-05
0.319058 0.229697 0.0563347 0.222248 0.172562 9.99911E-05
0.155157 0.211197 0.165573 0.377062 0.0909119 9.99911E-05
0.13263 0.0116358 0.409701 0.369981 9.9991E-05 0.0759517
0.0141064 0.155052 9.99821E-05 0.302054 0.528588 9.99821E-05
9.99731E-05 9.99731E-05 0.258253 9.99731E-05 0.617282 0.124165
0.00276905 9.99732E-05 0.207471 9.99732E-05 9.99732E-05 0.78946
0.181095 9.99731E-05 9.99731E-05 0.28971 0.528894 9.99731E-05
0.317015 0.0270077 0.236727 0.20618 0.21297 9.9991E-05
0.68595 9.99821E-05 0.197712 9.99821E-05 0.0579312 0.0582066
0.249445 0.233718 0.0816349 9.99821E-05 9.99821E-05 0.435002
0.205341 0.479591 0.0857567 0.0412252 9.9991E-05 0.187987
0.0667167 0.0863349 0.0772112 0.397387 0.0450952 0.327254
9.99821E-05 0.0939558 0.221571 9.99821E-05 0.429641 0.254632
9.99821E-05 9.99821E-05 0.00623529 0.19612 0.684784 0.112661
0.939341 9.99731E-05 9.99731E-05 9.99731E-05 0.0193924 0.0409668
9.99731E-05 0.327793 0.431369 9.99731E-05 9.99731E-05 0.240538
0.0905579 9.99821E-05 0.0623093 0.277475 0.569458 9.99821E-05
0.0435176 0.0921903 9.99911E-05 0.443163 0.0382981 0.382731
0.117842 0.208666 0.00588728 0.15227 0.515234 9.9991E-05
0.338994 0.472453 0.188253 9.9973E-05 9.9973E-05 9.9973E-05
9.99731E-05 0.387362 0.412685 0.199653 9.99731E-05 9.99731E-05
0.0114067 0.433404 0.554889 9.99732E-05 9.99732E-05 9.99732E-05
0.275175 9.99732E-05 9.99732E-05 9.99732E-05 0.437965 0.28656
0.165527 0.296719 0.434834 9.99821E-05 0.10272 9.99821E-05
0.00985519 0.000723973 0.290701 9.9991E-05 0.633205 0.0654151
0.29805 9.99911E-05 0.0673842 0.519001 0.0404597 0.0750055
0.0511171 9.99821E-05 0.0275176 0.654354 9.99821E-05 0.266811
0.102211 0.258546 0.281858 0.102364 0.175912 0.0791085
9.99911E-05 0.323144 0.106289 0.201178 0.106077 0.263212
0.164259 9.99821E-05 0.00710631 0.327028 0.501407 9.99821E-05
0.0474323 0.17248 0.168697 0.246969 0.364321 9.99911E-05
0.0669003 0.370135 9.99731E-05 0.562665 9.99731E-05 9.99731E-05
9.9982E-05 9.9982E-05 0.0525041 0.781783 0.0478935 0.117619
9.99733E-05 0.595233 9.99733E-05 0.359981 9.99733E-05 0.0444862
9.9973E-05 0.62349 0.313091 9.9973E-05 0.0631189 9.9973E-05
0.274483 0.725117 9.99641E-05 9.99641E-05 9.99641E-05 9.99641E-05
0.0456991 9.9991E-05 0.501755 0.0727908 0.180279 0.199376
0.25508 0.129707 9.9973E-05 0.614913 9.9973E-05 9.9973E-05
0.192829 0.111108 9.99732E-05 9.99732E-05 0.695763 9.99732E-05
9.99732E-05 9.99732E-05 0.326545 0.232966 0.440189 9.99732E-05
9.99732E-05 0.437623 0.198959 0.363119 9.99732E-05 9.99732E-05
0.36641 0.183168 0.205798 9.9991E-05 0.197269 0.0472556
9.99822E-05 0.065339 0.37466 0.499984 0.0598173 9.99822E-05
9.9982E-05 9.9982E-05 0.255233 0.274214 0.332344 0.138008
9.9982E-05 0.310677 0.407743 0.0292834 9.9982E-05 0.252097
0.0465002 0.307418 0.10368 0.0232514 0.319206 0.199945
0.0941634 9.99731E-05 0.223701 0.681835 9.99731E-05 9.99731E-05
9.99731E-05 0.218323 9.99731E-05 0.749153 0.0322242 9.99731E-05
0.621636 9.99821E-05 0.121874 9.99821E-05 0.0548398 0.20145
0.0862098 0.691246 9.99911E-05 0.0512088 0.122299 0.048936
0.165403 9.99821E-05 9.99821E-05 0.484036 0.344829 0.00553161
0.0916391 0.49362 0.414441 9.99731E-05 9.99731E-05 9.99731E-05
0.0843051 9.99821E-05 0.176372 0.317681 0.421443 9.99821E-05
9.99731E-05 0.699123 9.99731E-05 0.192315 0.108261 9.99731E-05
9.99821E-05 0.442582 0.030142 9.99821E-05 0.0276229 0.499453
0.0479511 9.9991E-05 0.237936 0.518529 0.176314 0.0191695
0.145276 0.138549 9.99821E-05 0.655213 9.99821E-05 0.0607621
9.99732E-05 0.180822 0.672658 9.99732E-05 0.14622 9.99732E-05
9.99821E-05 0.644267 0.145577 0.156315 0.0536409 9.99821E-05
0.131838 0.486824 0.165281 9.99821E-05 0.215858 9.99821E-05
9.99731E-05 9.99731E-05 0.0744461 0.674516 0.250738 9.99731E-05
0.13574 0.221623 9.99822E-05 0.513506 0.128931 9.99822E-05
9.9982E-05 0.122016 0.178251 0.157368 9.9982E-05 0.542164
0.103209 0.216738 0.0888499 0.0293394 0.327169 0.234694
0.0495398 0.0868399 0.270417 0.0738601 0.519243 9.9991E-05
9.99821E-05 0.371098 0.331963 0.101657 0.195082 9.99821E-05
0.234204 0.207831 9.99911E-05 0.323905 0.177817 0.0561426
9.99821E-05 0.22549 0.405492 0.0239564 0.344862 9.99821E-05
0.251872 0.185116 9.99821E-05 0.110983 0.451829 9.99821E-05
0.106152 0.259766 0.221996 0.389492 9.9991E-05 0.0224941
0.0439321 0.258945 0.11587 0.373443 0.192298 0.0155112
0.0312089 9.99821E-05 0.59022 0.0107868 0.367585 9.99821E-05
0.674986 9.99821E-05 0.162166 0.0137955 0.148853 9.99821E-05
0.237822 0.0754214 9.99821E-05 9.99821E-05 0.441354 0.245203
0.070073 0.0495566 9.9991E-05 0.295133 0.400423 0.184715
0.709899 0.254063 9.99732E-05 9.99732E-05 9.99732E-05 0.0357388
0.0836194 0.332501 0.380701 0.089314 9.99911E-05 0.113765
9.99643E-05 9.99643E-05 0.0133497 0.98625 9.99643E-05 9.99643E-05
0.025667 9.99821E-05 0.392194 0.313811 9.99821E-05 0.268129
0.184272 9.99731E-05 0.066499 0.748929 9.99731E-05 9.99731E-05
0.00342988 9.9982E-05 0.354242 0.377261 0.264867 9.9982E-05
0.219407 0.218165 0.264335 0.128566 9.9991E-05 0.169427
9.99821E-05 0.00388159 9.99821E-05 0.849179 0.143844 0.00289541
0.488645 0.0485977 9.99731E-05 9.99731E-05 0.462457 9.99731E-05
0.504793 9.9973E-05 0.30897 0.185937 9.9973E-05 9.9973E-05
0.183126 0.069991 0.525485 0.0941423 9.99911E-05 0.127155
0.904995 9.99642E-05 0.0946052 9.99642E-05 9.99642E-05 9.99642E-05
0.118731 9.99821E-05 0.225896 0.215032 9.99821E-05 0.440141
9.99731E-05 9.99731E-05 9.99731E-05 0.000704996 0.0690317 0.929963
9.99821E-05 0.30006 0.118363 0.0816423 0.499735 9.99821E-05
0.168976 0.165604 9.99821E-05 0.501613 0.163608 9.99821E-05
0.00415299 0.481558 0.174947 0.269511 0.0697307 9.9991E-05
9.99732E-05 0.549491 0.199996 9.99732E-05 9.99732E-05 0.250213
9.99643E-05 0.989731 9.99643E-05 9.99643E-05 9.99643E-05 0.00986949
0.106078 9.99731E-05 9.99731E-05 9.99731E-05 0.364951 0.52867
0.328554 0.0732363 0.243318 0.181703 0.173088 9.99911E-05
0.221813 0.36082 9.99731E-05 9.99731E-05 0.417067 9.99731E-05
0.51732 0.0926257 9.99732E-05 9.99732E-05 0.389754 9.99732E-05
0.039593 0.270372 9.99732E-05 9.99732E-05 0.689735 9.99732E-05
0.9995 9.996E-05 9.996E-05 9.996E-05 9.996E-05 9.996E-05
9.99732E-05 9.99732E-05 9.99732E-05 0.492264 0.116463 0.390973
0.135821 9.99821E-05 0.112211 0.230604 0.521163 9.99821E-05
0.172147 0.285326 9.9991E-05 0.219697 0.292223 0.0305064
0.193783 9.99731E-05 9.99731E-05 9.99731E-05 0.669272 0.136646
9.99641E-05 9.99641E-05 0.417311 9.99641E-05 0.582289 9.99641E-05
0.657392 0.117457 9.99821E-05 0.17405 0.0509008 9.99821E-05
0.0306808 9.99731E-05 0.65304 9.99731E-05 0.315979 9.99731E-05
0.041671 0.306147 9.99731E-05 9.99731E-05 0.651882 9.99731E-05
9.99911E-05 0.276092 0.137204 0.0395059 0.521712 0.0253853
0.178045 0.163857 9.9991E-05 0.351309 0.102864 0.203825
9.9973E-05 0.247628 9.9973E-05 0.556544 9.9973E-05 0.195529
0.0844551 0.00616097 9.99732E-05 0.909084 9.99732E-05 9.99732E-05
9.9991E-05 0.430473 0.129786 0.115186 0.190341 0.134114
0.0776213 9.99821E-05 0.0377905 9.99821E-05 0.473295 0.411093
0.150332 9.99911E-05 0.101677 0.233689 0.498159 0.0160422
9.99732E-05 9.99732E-05 0.111239 0.872806 9.99732E-05 0.0156553
0.00450355 0.308494 0.402018 0.031121 0.170339 0.0835237
9.99821E-05 0.0968489 9.99821E-05 0.736287 0.0521343 0.11453
9.99821E-05 9.99821E-05 0.166635 0.152473 0.401764 0.278928
9.9991E-05 0.0627241 0.225403 0.281945 0.0423793 0.387448
0.0207927 0.687117 0.0368728 9.99821E-05 0.255017 9.99821E-05
9.996E-05 0.9995 9.996E-05 9.996E-05 9.996E-05 9.996E-05
9.99732E-05 0.614121 9.99732E-05 9.99732E-05 0.358484 0.0270951
9.99911E-05 0.0626738 0.249671 0.408861 0.168009 0.110686
9.99642E-05 0.715296 9.99642E-05 9.99642E-05 0.284304 9.99642E-05
9.99732E-05 9.99732E-05 0.275991 9.99732E-05 0.367633 0.356076
0.293995 0.116087 0.241726 0.0379472 0.189396 0.120849
0.108946 9.9991E-05 0.168906 0.528991 0.136359 0.0566983
0.027873 0.0088609 9.99821E-05 0.473293 9.99821E-05 0.489773
0.505422 0.0438236 0.0298262 0.147702 0.148626 0.1246
0.108203 0.0685605 9.9991E-05 0.0833424 0.70921 0.0305837
9.99641E-05 9.99641E-05 0.871051 0.128549 9.99641E-05 9.99641E-05
0.307759 9.99821E-05 0.0673309 9.99821E-05 0.513263 0.111447
0.121243 0.38461 0.40661 9.99821E-05 9.99821E-05 0.0873369
9.99821E-05 9.99821E-05 0.41431 0.336903 0.133681 0.114907
0.0040101 9.99821E-05 0.0265313 9.99821E-05 0.784858 0.1844
9.99821E-05 9.99821E-05 0.0735878 0.69382 0.184277 0.0481153
9.99731E-05 0.404104 9.99731E-05 9.99731E-05 0.490696 0.104899
0.111803 0.21108 0.189221 0.329839 0.143004 0.0150534
0.321621 0.244896 0.433183 9.99732E-05 9.99732E-05 9.99732E-05
9.99911E-05 0.215022 0.225236 0.188977 0.246618 0.124047
9.99821E-05 9.99821E-05 0.134133 0.102901 0.536372 0.226394
9.99821E-05 0.24546 0.00110609 0.240109 9.99821E-05 0.513125
9.99642E-05 0.884652 9.99642E-05 9.99642E-05 0.114948 9.99642E-05
0.301593 0.121237 9.9991E-05 0.18823 0.255634 0.133206
9.99641E-05 9.99641E-05 0.872918 0.126682 9.99641E-05 9.99641E-05
9.99731E-05 0.414571 9.99731E-05 0.430123 0.155006 9.99731E-05
0.10789 9.9982E-05 0.233159 0.00984701 0.648904 9.9982E-05
9.99731E-05 9.99731E-05 0.23305 0.686975 9.99731E-05 0.0796741
9.99732E-05 0.0534021 9.99732E-05 0.925989 0.0203092 9.99732E-05
0.23661 0.159924 0.149322 0.351229 0.102815 9.9991E-05
0.00980989 0.674212 9.9991E-05 0.163715 0.0425888 0.109574
9.99643E-05 0.161362 9.99643E-05 9.99643E-05 0.838238 9.99643E-05
9.99732E-05 9.99732E-05 0.80989 0.0198353 0.169975 9.99732E-05
0.167984 9.9982E-05 0.11791 0.254022 0.459883 9.9982E-05
0.0614572 0.616098 9.99911E-05 0.0609041 0.145322 0.116119
9.99731E-05 0.291844 9.99731E-05 0.111622 0.596233 9.99731E-05
9.99731E-05 9.99731E-05 0.094214 0.262172 0.643314 9.99731E-05
0.26816 0.373899 0.272339 0.0824863 9.9991E-05 0.00301501
0.154804 0.667319 9.99731E-05 0.177577 9.99731E-05 9.99731E-05
9.99732E-05 0.655186 9.99732E-05 0.113957 0.230558 9.99732E-05
0.263083 9.9991E-05 0.157222 0.175346 0.382965 0.0212848
9.99642E-05 9.99642E-05 0.10985 9.99642E-05 9.99642E-05 0.88975
0.117188 0.258178 0.131589 0.170617 0.00545949 0.316969
0.0667112 9.99821E-05 9.99821E-05 0.446366 0.235829 0.250894
9.99821E-05 0.153851 0.310105 0.390505 9.99821E-05 0.145339
9.99731E-05 9.99731E-05 9.99731E-05 0.31919 0.369983 0.310527
0.0810041 0.513023 9.9982E-05 0.329194 9.9982E-05 0.0765787
0.0141508 0.423611 0.00536704 9.99821E-05 0.556671 9.99821E-05
9.99641E-05 9.99641E-05 9.99641E-05 9.99641E-05 0.165825 0.833775
9.99643E-05 9.99643E-05 9.99643E-05 0.610015 0.389585 9.99643E-05
9.99821E-05 0.207684 0.248345 0.0934044 0.450367 9.99821E-05
0.202748 9.99821E-05 0.472462 9.99821E-05 0.305021 0.0195694
0.134375 9.99731E-05 0.32416 9.99731E-05 0.541165 9.99731E-05
