9.9991E-05 0.151911 0.290222 0.0738352 0.483932
0.047282 9.99821E-05 0.358922 9.99821E-05 0.593597
0.183333 0.339209 9.99821E-05 0.477258 9.99821E-05
0.342648 0.0843225 0.312726 0.0185722 0.241731
9.99821E-05 0.258499 0.350092 9.99821E-05 0.391209
0.151717 0.155836 0.500537 9.9991E-05 0.191811
9.99911E-05 0.0203544 0.560899 0.383206 0.0354405
9.99732E-05 9.99732E-05 0.322983 9.99732E-05 0.676717
0.00282684 0.158763 0.179617 0.658694 9.99911E-05
0.370644 0.17322 9.99821E-05 0.455936 9.99821E-05
0.405711 0.151471 9.9991E-05 0.106248 0.33647
9.99821E-05 9.99821E-05 0.210189 0.54561 0.244001
0.110981 9.99911E-05 0.362171 0.0514026 0.475345
9.999E-05 0.0184521 0.752534 0.0234585 0.205456
0.248027 9.99911E-05 0.292714 0.226532 0.232627
9.999E-05 0.22337 0.273593 0.238746 0.264191
0.333646 0.00326842 0.321637 0.213831 0.127618
0.159296 0.0462147 0.418652 0.375738 9.9991E-05
0.0989861 9.9991E-05 0.021135 0.463481 0.416298
0.181338 9.9991E-05 0.576778 0.0713045 0.170479
0.450962 9.99732E-05 0.548738 9.99732E-05 9.99732E-05
9.99821E-05 0.148875 9.99821E-05 0.204623 0.646302
0.177519 0.191749 0.630286 0.000346714 9.9991E-05
9.99731E-05 0.454007 0.545693 9.99731E-05 9.99731E-05
0.228296 0.278795 0.361604 9.9991E-05 0.131204
0.0382938 0.195478 0.173638 0.197016 0.395575
0.183018 0.12521 0.00356265 0.486739 0.20147
0.342655 9.99821E-05 0.360854 9.99821E-05 0.296291
0.347284 9.99821E-05 9.99821E-05 0.199905 0.452611
0.0242877 0.794934 9.99821E-05 9.99821E-05 0.180578
0.111678 9.99821E-05 0.856979 9.99821E-05 0.0311433
9.99821E-05 9.99821E-05 0.21571 0.325593 0.458496
0.21852 0.296443 9.99821E-05 0.484836 9.99821E-05
0.0843781 0.0418614 0.136965 0.0316937 0.705102
9.9991E-05 0.23524 0.542407 0.0531805 0.169073
9.99821E-05 9.99821E-05 0.831147 0.123891 0.0447621
9.99822E-05 0.0178525 0.357471 9.99822E-05 0.624477
0.46426 0.418218 0.00700182 0.11042 9.9991E-05
9.99911E-05 0.041156 0.766169 0.0107729 0.181803
0.189845 9.99821E-05 0.316177 9.99821E-05 0.493777
0.200106 0.300222 9.99821E-05 0.499472 9.99821E-05
0.122778 0.102205 0.216665 0.558252 9.99911E-05
9.9982E-05 0.0204419 0.684477 9.9982E-05 0.294882
0.253433 0.0446933 0.305799 0.0576657 0.338409
0.101794 0.00192089 0.110992 0.258155 0.527138
9.99911E-05 0.0108814 0.537903 0.127276 0.323839
9.9991E-05 0.166876 0.168486 0.612544 0.051994
0.0407893 9.9982E-05 0.20296 0.75605 9.9982E-05
9.99733E-05 9.99733E-05 9.99733E-05 0.527528 0.472172
9.9982E-05 0.0300994 0.392215 9.9982E-05 0.577486
0.0114411 0.358953 9.9982E-05 9.9982E-05 0.629406
0.232032 0.135154 0.479346 0.153367 9.9991E-05
9.9973E-05 0.452865 9.9973E-05 0.546835 9.9973E-05
0.333682 0.139843 9.99821E-05 9.99821E-05 0.526275
0.0516078 9.99911E-05 0.226151 0.533422 0.18872
9.99822E-05 9.99822E-05 0.0915414 0.560153 0.348105
0.295751 0.10904 0.517067 9.9991E-05 0.0780416
9.99822E-05 9.99822E-05 0.461376 0.483231 0.0551935
0.0218884 9.9991E-05 0.674821 0.270618 0.0325727
0.0775482 9.9991E-05 0.742988 0.166322 0.0130418
0.478661 0.052384 0.0822948 9.99911E-05 0.38656
9.99821E-05 0.0374566 0.404039 0.558304 9.99821E-05
9.9982E-05 0.0695596 9.9982E-05 0.567981 0.362259
0.0405233 0.614268 0.164459 9.9991E-05 0.18065
9.99911E-05 0.0618811 0.0438645 0.12361 0.770545
0.115457 0.1274 9.9991E-05 0.428343 0.3287
0.0853139 0.246876 0.636383 9.9991E-05 0.0313266
9.99821E-05 9.99821E-05 0.544438 0.254252 0.20111
0.0328391 9.99821E-05 9.99821E-05 0.200509 0.766452
0.444933 0.0991738 9.9991E-05 0.093436 0.362357
0.109038 0.0494096 0.343291 0.498162 9.9991E-05
9.99911E-05 0.0501227 0.242891 0.509805 0.19708
9.99733E-05 9.99733E-05 0.786777 9.99733E-05 0.212923
9.99821E-05 9.99821E-05 0.182072 0.0239676 0.793761
9.99822E-05 0.0794037 0.419574 9.99822E-05 0.500822
9.99821E-05 9.99821E-05 0.367149 0.565844 0.0668068
0.0845322 0.112128 9.99911E-05 0.370165 0.433076
0.502132 9.99821E-05 0.203712 0.293956 9.99821E-05
0.370702 9.9982E-05 0.138258 9.9982E-05 0.49084
0.261687 9.99821E-05 0.39296 9.99821E-05 0.345154
0.0108139 9.99911E-05 0.381996 0.0599837 0.547106
0.0724905 0.1719 0.0444645 0.427594 0.28355
0.14203 9.99822E-05 0.83512 9.99822E-05 0.0226499
9.99821E-05 0.351111 9.99821E-05 0.152269 0.496419
0.0329952 0.0583098 0.523247 0.262199 0.12325
0.258008 9.9991E-05 0.305063 0.318743 0.118086
0.149055 0.0651036 0.457178 0.328563 9.99911E-05
9.99821E-05 0.573084 0.332226 9.99821E-05 0.0944896
0.166003 0.306271 9.99911E-05 0.00462938 0.522997
0.211334 0.0779797 9.9991E-05 0.193261 0.517325
9.99732E-05 0.908689 9.99732E-05 9.99732E-05 0.0910114
9.99733E-05 0.100298 0.899402 9.99733E-05 9.99733E-05
9.99732E-05 0.18156 9.99732E-05 0.81814 9.99732E-05
0.230457 0.267227 0.129508 0.372708 9.9991E-05
0.0104082 0.173422 0.0653666 0.750703 9.9991E-05
0.132807 9.99821E-05 0.626415 0.240578 9.99821E-05
0.114108 0.258445 0.499734 0.127613 9.9991E-05
0.0875619 9.9982E-05 0.15018 0.762058 9.9982E-05
0.00721167 0.520479 0.238628 9.9991E-05 0.233581
9.9982E-05 0.500467 0.467361 0.0319722 9.9982E-05
9.99822E-05 0.244288 0.745581 0.00993144 9.99822E-05
9.997E-05 0.9996 9.997E-05 9.997E-05 9.997E-05
0.486553 0.261769 0.00272724 0.24885 9.99911E-05
0.94503 0.0546703 9.99731E-05 9.99731E-05 9.99731E-05
9.99821E-05 9.99821E-05 0.271284 0.117426 0.61109
9.9991E-05 0.0423631 0.151879 0.37004 0.435618
9.9982E-05 9.9982E-05 0.187222 0.382679 0.429899
0.232033 0.0791967 0.135339 0.00306196 0.550369
9.99732E-05 9.99732E-05 0.0124561 9.99732E-05 0.987244
0.497704 0.0994288 9.99821E-05 9.99821E-05 0.402667
9.99911E-05 0.324051 0.3915 0.15459 0.129759
9.99821E-05 0.0249846 0.258023 9.99821E-05 0.716792
0.0834077 0.531815 9.99821E-05 9.99821E-05 0.384577
9.99732E-05 0.00301078 9.99732E-05 9.99732E-05 0.996689
9.997E-05 0.9996 9.997E-05 9.997E-05 9.997E-05
0.533327 9.99821E-05 0.0484113 0.418062 9.99821E-05
0.10801 9.9991E-05 0.259443 0.16395 0.468497
9.99821E-05 0.159225 9.99821E-05 0.330621 0.509954
0.0876431 0.409253 9.9991E-05 0.00472311 0.49828
0.123396 9.9982E-05 0.49488 9.9982E-05 0.381524
9.9982E-05 0.68979 9.9982E-05 0.0920385 0.217972
0.128876 9.99731E-05 0.870824 9.99731E-05 9.99731E-05
0.121787 9.99821E-05 0.244225 9.99821E-05 0.633789
0.0760533 9.99911E-05 0.357214 0.232847 0.333785
0.206609 0.127382 0.185416 0.404545 0.0760479
0.121778 9.9991E-05 0.366095 0.111496 0.400531
9.99821E-05 0.17714 0.048571 0.774089 9.99821E-05
0.064689 9.99821E-05 0.322358 9.99821E-05 0.612753
0.590542 0.202873 0.087566 9.99911E-05 0.118919
0.20945 0.229289 0.117554 0.313206 0.130501
9.99822E-05 0.000216003 0.127672 0.871912 9.99822E-05
0.117476 9.9991E-05 0.644766 0.0145141 0.223144
0.0916237 9.99821E-05 9.99821E-05 0.698526 0.20965
0.513228 9.9991E-05 0.149068 0.140318 0.197286
0.403715 0.0642676 0.122994 0.402728 0.00629504
9.99821E-05 0.0826669 0.311211 9.99821E-05 0.605922
0.0445816 0.0408186 9.99821E-05 9.99821E-05 0.9144
9.99733E-05 0.187314 9.99733E-05 9.99733E-05 0.812386
0.0608089 9.99822E-05 0.548457 0.390534 9.99822E-05
9.99731E-05 9.99731E-05 0.168652 9.99731E-05 0.831048
0.268592 0.0999645 0.514193 9.99911E-05 0.117151
0.222354 0.307815 0.342451 0.12728 9.9991E-05
0.190977 0.0979587 0.0771054 0.573637 0.0603219
0.347826 0.343607 9.99821E-05 0.308366 9.99821E-05
0.133873 0.369213 0.310329 0.0783141 0.108271
0.00829097 0.121489 0.287321 0.029255 0.553644
9.99732E-05 9.99732E-05 0.797602 0.202098 9.99732E-05
0.283536 0.106823 0.339827 9.99911E-05 0.269714
0.0386464 0.0905653 0.704176 9.99911E-05 0.166512
0.283702 9.99911E-05 0.315609 0.306265 0.0943237
0.190439 0.00672445 0.155368 9.99911E-05 0.647369
0.0647149 9.99911E-05 0.0274871 0.748805 0.158893
0.0293547 9.99821E-05 0.0759114 9.99821E-05 0.894534
0.0250284 0.0879666 0.382693 0.238306 0.266006
9.99733E-05 0.290738 0.708962 9.99733E-05 9.99733E-05
0.268729 9.99911E-05 0.350967 0.230976 0.149229
0.455168 9.99911E-05 0.399483 0.126062 0.019187
0.292517 0.0957914 0.0202832 0.287437 0.303971
9.99821E-05 0.0930043 0.0800981 9.99821E-05 0.826698
0.191043 0.238224 0.141427 0.126996 0.30231
9.99732E-05 9.99732E-05 0.604627 0.395074 9.99732E-05
9.9991E-05 0.0418911 0.0417586 0.497487 0.418763
9.9991E-05 0.00423665 0.515533 0.0200475 0.460083
0.107204 0.000245859 0.175375 0.688602 0.0285724
9.99732E-05 9.99732E-05 9.99732E-05 0.952678 0.0470225
9.9991E-05 0.207741 0.410677 0.132555 0.248926
0.0488993 0.107126 0.101036 0.185893 0.557046
0.114772 9.99733E-05 9.99733E-05 9.99733E-05 0.884928
9.99733E-05 9.99733E-05 0.951793 0.0479067 9.99733E-05
0.0389902 0.0850373 0.587582 0.22443 0.0639608
0.233422 9.99732E-05 9.99732E-05 9.99732E-05 0.766278
0.0757561 9.99821E-05 9.99821E-05 0.240249 0.683795
0.254683 9.9991E-05 0.132608 0.442004 0.170605
0.0652013 0.249843 0.6394 9.9991E-05 0.0454562
9.9991E-05 0.284939 0.00713688 0.00571557 0.702109
9.99911E-05 0.0146998 0.0434785 0.354196 0.587526
0.0406169 0.314857 0.386298 0.170629 0.087599
0.888777 9.99732E-05 0.110924 9.99732E-05 9.99732E-05
0.311791 0.0511203 0.49376 0.0269132 0.116415
0.521485 9.99821E-05 9.99821E-05 0.386491 0.0918238
0.0344525 9.99821E-05 0.557011 0.408337 9.99821E-05
0.298002 0.085681 0.0110369 0.480055 0.125226
9.9991E-05 0.226465 0.257321 0.25694 0.259175
0.146538 9.99821E-05 0.00148103 9.99821E-05 0.851781
0.9996 9.997E-05 9.997E-05 9.997E-05 9.997E-05
9.99732E-05 9.99732E-05 9.99732E-05 0.638197 0.361503
0.0678895 9.9991E-05 0.465224 0.152351 0.314436
0.299842 0.119351 0.286762 9.9991E-05 0.293945
0.168638 0.232049 0.599113 9.9982E-05 9.9982E-05
