0.044236 0.590223 9.99641E-05 9.99641E-05 0.27468 9.99641E-05 0.00272775 9.99641E-05 0.0294691 0.058264
0.0465607 0.359242 9.9964E-05 0.228939 9.9964E-05 0.0323188 0.106072 9.9964E-05 0.226468 9.9964E-05
0.247301 9.99552E-05 9.99552E-05 9.99552E-05 0.148886 9.99552E-05 0.175669 0.0157654 9.99552E-05 0.411879
0.148744 9.99372E-05 9.99372E-05 9.99372E-05 0.346169 9.99372E-05 9.99372E-05 9.99372E-05 9.99372E-05 0.504388
0.223665 0.0194569 9.99551E-05 0.267987 9.99551E-05 9.99551E-05 0.301696 9.99551E-05 0.186695 9.99551E-05
0.0110189 0.17074 0.201887 0.154652 0.29979 9.9964E-05 0.161512 9.9964E-05 9.9964E-05 9.9964E-05
0.155764 9.99731E-05 9.99731E-05 0.0761606 0.00815317 0.401796 0.227013 0.0307314 0.100082 9.99731E-05
9.99551E-05 0.235482 9.99551E-05 9.99551E-05 9.99551E-05 0.0872787 0.552533 9.99551E-05 0.0451369 0.07907
0.137922 0.170062 0.0654821 0.0759349 9.99642E-05 0.213572 9.99642E-05 0.336628 9.99642E-05 9.99642E-05
9.99372E-05 9.99372E-05 0.151703 9.99372E-05 0.523781 9.99372E-05 9.99372E-05 0.323816 9.99372E-05 9.99372E-05
0.0639103 9.9973E-05 0.294725 9.9973E-05 0.0198121 0.284355 9.9973E-05 0.0765545 0.0538624 0.206481
9.99553E-05 0.504219 9.99553E-05 0.136964 9.99553E-05 0.00736063 9.99553E-05 9.99553E-05 0.132505 0.218452
0.0165825 9.99463E-05 9.99463E-05 0.0651756 0.177091 9.99463E-05 9.99463E-05 9.99463E-05 9.99463E-05 0.740551
0.0654372 0.0376541 9.99551E-05 0.49992 0.225731 9.99551E-05 9.99551E-05 9.99551E-05 0.170758 9.99551E-05
9.996E-05 0.515646 0.044162 0.141864 9.996E-05 0.0432619 9.996E-05 0.168187 9.996E-05 0.0864782
0.196827 9.99642E-05 9.99642E-05 9.99642E-05 0.0637806 0.0273637 0.434399 9.99642E-05 0.183011 0.0942188
0.0272655 0.107355 0.158122 0.333565 9.99641E-05 0.277072 9.99641E-05 0.0962208 9.99641E-05 9.99641E-05
9.99551E-05 9.99551E-05 9.99551E-05 9.99551E-05 0.441594 0.00897484 0.217616 0.217696 0.11362 9.99551E-05
9.995E-05 0.365752 9.995E-05 9.995E-05 0.038821 0.0915281 9.995E-05 0.144649 9.995E-05 0.358751
0.0166874 9.99462E-05 9.99462E-05 0.13039 0.747963 9.99462E-05 9.99462E-05 9.99462E-05 9.99462E-05 0.104361
9.99374E-05 9.99374E-05 0.149263 9.99374E-05 0.781734 9.99374E-05 9.99374E-05 0.068303 9.99374E-05 9.99374E-05
0.154173 0.0619913 9.99551E-05 9.99551E-05 9.99551E-05 0.00376921 9.99551E-05 0.219225 9.99551E-05 0.560342
0.223202 9.99552E-05 0.0520336 9.99552E-05 0.29539 9.99552E-05 9.99552E-05 9.99552E-05 0.165926 0.262949
0.360151 0.14098 0.184141 9.99641E-05 0.0607953 9.99641E-05 9.99641E-05 9.99641E-05 0.127552 0.125981
0.210477 9.99641E-05 0.371971 9.99641E-05 0.124436 0.216848 9.99641E-05 9.99641E-05 0.0586589 0.0172093
0.120994 0.539666 0.0288453 9.9964E-05 0.203451 9.9964E-05 0.0403032 9.9964E-05 0.0663406 9.9964E-05
0.0226105 0.0818483 9.998E-05 9.998E-05 0.0697592 0.120738 0.0467172 0.323905 0.170515 0.163706
9.99462E-05 9.99462E-05 9.99462E-05 0.0595114 9.99462E-05 9.99462E-05 0.0228208 0.612073 9.99462E-05 0.304996
9.99551E-05 0.00365902 0.131116 9.99551E-05 9.99551E-05 9.99551E-05 0.24983 9.99551E-05 0.06591 0.548985
0.603331 9.99372E-05 9.99372E-05 9.99372E-05 9.99372E-05 0.238836 0.157134 9.99372E-05 9.99372E-05 9.99372E-05
9.9982E-05 0.00354165 0.0998621 0.0494734 0.0665622 9.9982E-05 0.0964053 0.277227 0.327887 0.0788413
9.996E-05 9.996E-05 9.996E-05 0.0588061 0.221765 0.305039 0.150025 9.996E-05 0.00689513 0.257069
9.99373E-05 9.99373E-05 9.99373E-05 9.99373E-05 0.217471 9.99373E-05 0.21188 0.569949 9.99373E-05 9.99373E-05
0.053835 9.99552E-05 9.99552E-05 0.0863578 9.99552E-05 0.0751072 0.231308 9.99552E-05 9.99552E-05 0.552892
0.252578 0.246497 9.9964E-05 9.9964E-05 0.151633 0.00181749 0.240813 9.9964E-05 0.106262 9.9964E-05
9.99552E-05 0.0389206 9.99552E-05 0.259999 0.578941 0.120998 9.99552E-05 9.99552E-05 0.000641142 9.99552E-05
9.99462E-05 9.99462E-05 0.0238013 9.99462E-05 9.99462E-05 9.99462E-05 0.443439 0.242484 0.289676 9.99462E-05
0.19155 9.99552E-05 0.252175 9.99552E-05 0.108777 9.99552E-05 9.99552E-05 0.267668 9.99552E-05 0.179331
0.00498274 0.0500721 0.0219298 9.99821E-05 0.146724 9.99821E-05 0.263072 0.0821096 0.149621 0.281288
0.0331653 0.0624971 0.282219 0.0407421 0.0685977 0.100744 9.9982E-05 9.9982E-05 0.0111762 0.400659
0.271065 9.99642E-05 9.99642E-05 0.01178 0.0648295 0.536594 9.99642E-05 0.113542 0.00178877 9.99642E-05
9.995E-05 9.995E-05 0.0759594 9.995E-05 0.19257 0.606903 9.995E-05 0.080197 0.0438708 9.995E-05
9.998E-05 0.0276057 0.0828843 0.164491 0.387526 0.048404 0.164523 0.0433092 9.998E-05 0.0810575
0.0280823 0.187303 0.0876772 0.0560839 0.0508887 9.99821E-05 9.99821E-05 0.105095 0.0138172 0.470853
0.105809 9.99552E-05 9.99552E-05 9.99552E-05 0.0250557 0.227593 9.99552E-05 9.99552E-05 0.0986839 0.542359
9.99642E-05 0.311086 0.0714007 9.99642E-05 0.29842 0.050202 9.99642E-05 9.99642E-05 0.0143039 0.254188
9.99461E-05 0.0943134 9.99461E-05 9.99461E-05 0.498909 0.367739 0.0384387 9.99461E-05 9.99461E-05 9.99461E-05
9.9973E-05 9.9973E-05 0.0721591 0.0337102 0.181153 0.480886 0.0627434 0.0566707 0.112377 9.9973E-05
9.99554E-05 0.0716138 9.99554E-05 9.99554E-05 0.241331 0.37621 0.286894 9.99554E-05 9.99554E-05 0.023452
9.9955E-05 0.135537 9.9955E-05 9.9955E-05 0.351727 9.9955E-05 0.298941 9.9955E-05 0.146896 0.0663994
0.174753 0.495763 0.0277933 9.9964E-05 0.0930217 9.9964E-05 0.162467 9.9964E-05 9.9964E-05 0.0458019
9.99551E-05 9.99551E-05 0.24312 0.338257 0.231256 9.99551E-05 9.99551E-05 0.122791 0.0640766 9.99551E-05
0.162124 0.288419 9.9964E-05 9.9964E-05 0.0649524 0.164449 0.0305783 0.289078 9.9964E-05 9.9964E-05
0.0256351 9.99462E-05 9.99462E-05 9.99462E-05 9.99462E-05 0.0207899 0.269712 9.99462E-05 9.99462E-05 0.683263
9.99372E-05 9.99372E-05 0.0185885 0.905397 0.0753147 9.99372E-05 9.99372E-05 9.99372E-05 9.99372E-05 9.99372E-05
9.99374E-05 0.420303 9.99374E-05 0.344511 9.99374E-05 9.99374E-05 9.99374E-05 0.234487 9.99374E-05 9.99374E-05
0.0686484 0.273966 0.130149 0.442273 9.9955E-05 0.0844637 9.9955E-05 9.9955E-05 9.9955E-05 9.9955E-05
9.99374E-05 9.99374E-05 9.99374E-05 0.835669 9.99374E-05 0.0449553 9.99374E-05 0.118676 9.99374E-05 9.99374E-05
0.025248 9.9964E-05 9.9964E-05 0.21784 9.9964E-05 0.280107 0.0866451 9.9964E-05 0.118329 0.271431
9.99461E-05 0.331851 0.150489 9.99461E-05 0.479609 9.99461E-05 9.99461E-05 9.99461E-05 0.0374524 9.99461E-05
0.00368023 0.202985 0.115984 0.0133745 0.0270047 9.99821E-05 0.203362 0.0954764 9.99821E-05 0.337934
9.99641E-05 0.0614945 0.0326665 9.99641E-05 0.280308 0.218056 9.99641E-05 0.109794 0.297281 9.99641E-05
9.9946E-05 9.9946E-05 9.9946E-05 9.9946E-05 9.9946E-05 0.346689 9.9946E-05 0.386457 0.0222092 0.244045
0.441226 9.99463E-05 9.99463E-05 9.99463E-05 0.170809 9.99463E-05 0.22855 9.99463E-05 0.158815 9.99463E-05
9.99373E-05 9.99373E-05 9.99373E-05 9.99373E-05 9.99373E-05 0.150899 0.582717 0.265685 9.99373E-05 9.99373E-05
0.1422 0.176709 9.99551E-05 9.99551E-05 0.129914 0.325549 9.99551E-05 9.99551E-05 9.99551E-05 0.225128
0.0351476 0.353198 9.99551E-05 9.99551E-05 0.507936 9.99551E-05 0.0710486 9.99551E-05 0.0321706 9.99551E-05
9.99641E-05 0.0530213 9.99641E-05 9.99641E-05 0.0892643 0.0374878 9.99641E-05 0.0200979 0.228683 0.571046
9.99371E-05 0.484792 9.99371E-05 9.99371E-05 9.99371E-05 0.210339 9.99371E-05 9.99371E-05 9.99371E-05 0.304169
0.0987689 0.0998053 0.00639232 9.99731E-05 0.326575 0.0902239 0.0562642 0.32167 9.99731E-05 9.99731E-05
9.9982E-05 9.9982E-05 0.0184523 0.12227 0.33506 0.10853 0.00702465 0.117325 0.145385 0.145752
9.99372E-05 0.00840102 0.0339319 9.99372E-05 9.99372E-05 0.956968 9.99372E-05 9.99372E-05 9.99372E-05 9.99372E-05
9.99374E-05 9.99374E-05 9.99374E-05 0.585611 9.99374E-05 9.99374E-05 0.238763 9.99374E-05 0.174927 9.99374E-05
9.99642E-05 0.262841 9.99642E-05 9.99642E-05 0.0554321 0.225921 0.193923 9.99642E-05 0.104796 0.156688
0.0730213 9.99642E-05 0.049475 0.227058 9.99642E-05 9.99642E-05 0.517939 9.99642E-05 0.0630797 0.0690273
9.99551E-05 9.99551E-05 9.99551E-05 0.40137 0.0318362 0.309998 9.99551E-05 9.99551E-05 0.0747564 0.181539
9.99201E-05 0.999101 9.99201E-05 9.99201E-05 9.99201E-05 9.99201E-05 9.99201E-05 9.99201E-05 9.99201E-05 9.99201E-05
0.000574888 9.99731E-05 0.170847 0.0848471 9.99731E-05 0.304335 9.99731E-05 0.228777 0.131315 0.0790043
0.0627135 0.170891 0.269535 0.0450399 9.99731E-05 9.99731E-05 0.0643603 9.99731E-05 0.0077842 0.379376
9.997E-05 0.0166587 0.125461 0.437874 9.997E-05 9.997E-05 0.106387 0.0246294 0.0156712 0.273019
9.99552E-05 9.99552E-05 9.99552E-05 9.99552E-05 0.183678 0.00892505 0.456785 9.99552E-05 0.270785 0.0793276
0.0459146 0.36505 0.208765 0.0541087 0.182086 0.0104189 0.104005 9.99821E-05 9.99821E-05 0.0294522
9.99374E-05 9.99374E-05 9.99374E-05 0.165788 0.676442 9.99374E-05 9.99374E-05 9.99374E-05 9.99374E-05 0.15707
0.187361 0.0966552 0.100504 9.99641E-05 9.99641E-05 0.231342 0.105987 9.99641E-05 9.99641E-05 0.277752
0.110181 9.99641E-05 9.99641E-05 0.03959 0.36461 0.225025 9.99641E-05 9.99641E-05 0.127894 0.132299
9.9955E-05 0.302663 9.9955E-05 0.0236445 0.53671 9.9955E-05 9.9955E-05 0.113791 0.0226917 9.9955E-05
9.99553E-05 9.99553E-05 9.99553E-05 0.350638 0.151327 9.99553E-05 9.99553E-05 0.242409 0.016321 0.238806
0.485004 9.99551E-05 9.99551E-05 0.252381 9.99551E-05 0.103199 9.99551E-05 9.99551E-05 0.0790133 0.0799036
0.0525761 9.99553E-05 0.131045 9.99553E-05 0.146467 9.99553E-05 9.99553E-05 0.0222427 9.99553E-05 0.647169
0.033848 0.108747 0.0972424 9.99731E-05 9.99731E-05 0.0994567 0.00700989 0.22587 9.99731E-05 0.427526
0.715331 9.99284E-05 9.99284E-05 9.99284E-05 9.99284E-05 9.99284E-05 0.28387 9.99284E-05 9.99284E-05 9.99284E-05
0.0284299 9.99553E-05 9.99553E-05 0.161327 0.800615 0.00398701 9.99553E-05 9.99553E-05 0.00514153 9.99553E-05
0.120158 9.99464E-05 9.99464E-05 9.99464E-05 0.591451 0.237133 9.99464E-05 9.99464E-05 0.0506591 9.99464E-05
0.177113 0.0976637 0.300821 0.260782 0.0657618 9.99641E-05 9.99641E-05 0.0974577 9.99641E-05 9.99641E-05
0.0492064 0.0467002 9.9973E-05 9.9973E-05 0.165864 0.22325 9.9973E-05 0.189004 0.0969923 0.228684
9.99461E-05 0.167995 9.99461E-05 0.295573 0.207916 9.99461E-05 9.99461E-05 9.99461E-05 9.99461E-05 0.327916
0.149976 9.99462E-05 9.99462E-05 0.0996465 0.497622 9.99462E-05 9.99462E-05 0.252155 9.99462E-05 9.99462E-05
9.99461E-05 0.193333 9.99461E-05 9.99461E-05 0.219882 0.315185 9.99461E-05 0.271 9.99461E-05 9.99461E-05
0.347355 9.99551E-05 9.99551E-05 9.99551E-05 0.167444 9.99551E-05 0.0986912 9.99551E-05 0.063072 0.322938
0.281908 0.0700739 0.00813971 0.0681775 0.382346 9.9973E-05 9.9973E-05 0.126239 0.0628149 9.9973E-05
0.0661956 9.99463E-05 9.99463E-05 0.0571526 9.99463E-05 9.99463E-05 9.99463E-05 0.793756 0.0822963 9.99463E-05
0.765012 9.99462E-05 0.0238424 9.99462E-05 9.99462E-05 9.99462E-05 9.99462E-05 0.054289 0.156257 9.99462E-05
9.99463E-05 9.99463E-05 0.180515 0.0636333 0.203591 9.99463E-05 9.99463E-05 0.551661 9.99463E-05 9.99463E-05
9.99282E-05 9.99282E-05 0.905997 9.99282E-05 9.99282E-05 9.99282E-05 9.99282E-05 0.0932036 9.99282E-05 9.99282E-05
9.99551E-05 9.99551E-05 9.99551E-05 0.0255728 0.333642 9.99551E-05 0.214855 0.0110981 9.99551E-05 0.414333
0.102608 0.0934105 0.0565419 9.99641E-05 0.153536 0.42771 9.99641E-05 9.99641E-05 9.99641E-05 0.165794
9.994E-05 9.994E-05 9.994E-05 0.415026 0.267864 0.277895 0.0386143 9.994E-05 9.994E-05 9.994E-05
9.99551E-05 9.99551E-05 0.10948 9.99551E-05 0.130837 9.99551E-05 0.457869 0.280577 0.020737 9.99551E-05
9.996E-05 0.426677 0.204872 9.996E-05 9.996E-05 0.0420399 0.090267 9.996E-05 0.122508 0.113236
0.0939533 9.99642E-05 0.384028 9.99642E-05 0.000296714 9.99642E-05 0.121514 9.99642E-05 0.0566647 0.343144
0.291846 9.997E-05 9.997E-05 0.0590302 0.0718096 0.0828503 0.256142 0.148892 0.0891289 9.997E-05
0.138123 0.380363 9.99551E-05 9.99551E-05 9.99551E-05 9.99551E-05 0.191665 9.99551E-05 0.128159 0.16119
0.60634 9.99463E-05 9.99463E-05 0.0188407 0.00923701 9.99463E-05 9.99463E-05 9.99463E-05 9.99463E-05 0.364983
9.99283E-05 9.99283E-05 9.99283E-05 0.28975 9.99283E-05 9.99283E-05 0.70945 9.99283E-05 9.99283E-05 9.99283E-05
0.934349 9.99283E-05 9.99283E-05 9.99283E-05 9.99283E-05 0.0648517 9.99283E-05 9.99283E-05 9.99283E-05 9.99283E-05
9.99553E-05 9.99553E-05 0.175053 0.285219 9.99553E-05 0.357348 9.99553E-05 0.0560103 9.99553E-05 0.12587
9.99552E-05 0.761732 9.99552E-05 9.99552E-05 0.131717 9.99552E-05 0.0172175 9.99552E-05 0.0679789 0.0208544
0.0820841 0.150391 9.9982E-05 0.0202003 9.9982E-05 0.0856151 0.234383 0.167756 0.015791 0.24358
0.187332 9.9973E-05 0.0138788 9.9973E-05 9.9973E-05 0.0546267 0.320852 0.000534625 0.0819373 0.340539
9.99551E-05 9.99551E-05 0.0641902 0.128721 0.45333 9.99551E-05 0.255841 9.99551E-05 9.99551E-05 0.0974176
0.303733 9.99641E-05 9.99641E-05 9.99641E-05 0.0916074 9.99641E-05 0.0812765 0.268616 0.113827 0.14054
0.118219 0.111102 9.99552E-05 0.64804 0.0729252 9.99552E-05 9.99552E-05 9.99552E-05 0.0492143 9.99552E-05
0.00342942 9.99551E-05 0.0352427 0.0606316 0.0827767 9.99551E-05 0.81742 9.99551E-05 9.99551E-05 9.99551E-05
9.99464E-05 9.99464E-05 9.99464E-05 9.99464E-05 0.442132 0.271684 0.242906 0.0426786 9.99464E-05 9.99464E-05
0.073713 9.99642E-05 0.0988469 0.066492 9.99642E-05 0.468315 0.121009 9.99642E-05 9.99642E-05 0.171223
9.99731E-05 9.99731E-05 0.0338779 9.99731E-05 0.105415 0.567361 0.0834428 0.060614 0.0189615 0.130027
0.114935 9.99464E-05 9.99464E-05 9.99464E-05 0.278809 0.58373 0.0219265 9.99464E-05 9.99464E-05 9.99464E-05
9.995E-05 0.273751 0.0694367 9.995E-05 9.995E-05 9.995E-05 0.0995863 9.995E-05 0.274573 0.282154
0.209392 9.994E-05 0.226881 9.994E-05 0.346732 9.994E-05 9.994E-05 9.994E-05 9.994E-05 0.216395
0.119969 9.995E-05 9.995E-05 9.995E-05 0.460197 9.995E-05 0.139872 9.995E-05 0.021914 0.257548
9.99732E-05 0.316893 0.0590234 0.0185402 0.0434411 0.101258 9.99732E-05 0.335528 0.125017 9.99732E-05
0.0216905 9.9982E-05 9.9982E-05 0.0963198 0.271276 0.115271 0.385845 0.063266 0.0354005 0.0107318
9.99551E-05 9.99551E-05 0.156546 0.136491 9.99551E-05 0.532394 0.106989 9.99551E-05 9.99551E-05 0.0670804
9.99551E-05 9.99551E-05 0.158031 9.99551E-05 0.187714 9.99551E-05 9.99551E-05 0.117441 0.0520639 0.484251
9.995E-05 9.995E-05 0.121021 9.995E-05 0.545965 0.0686631 9.995E-05 0.160874 0.102978 9.995E-05
9.99374E-05 0.0548422 9.99374E-05 9.99374E-05 0.533156 9.99374E-05 0.411302 9.99374E-05 9.99374E-05 9.99374E-05
9.99641E-05 0.0295359 0.0216935 9.99641E-05 0.0654936 9.99641E-05 0.851473 0.000314677 0.0310892 9.99641E-05
9.99463E-05 9.99463E-05 0.11176 9.99463E-05 0.0924516 9.99463E-05 0.669717 9.99463E-05 9.99463E-05 0.125472
9.99463E-05 9.99463E-05 0.112485 9.99463E-05 9.99463E-05 0.646922 9.99463E-05 9.99463E-05 0.0683444 0.171649
9.99462E-05 0.58889 9.99462E-05 9.99462E-05 0.114398 9.99462E-05 0.267307 9.99462E-05 9.99462E-05 0.0288056
9.99732E-05 9.99732E-05 0.031484 0.138692 0.0205235 9.99732E-05 0.162875 0.327331 0.0472129 0.271582
0.179714 0.00642348 0.185311 0.193635 0.231476 9.99731E-05 9.99731E-05 0.0464872 9.99731E-05 0.156653
0.0253379 9.99641E-05 9.99641E-05 9.99641E-05 0.359098 0.0331706 9.99641E-05 0.204364 0.0565933 0.321037
9.99373E-05 9.99373E-05 0.163175 9.99373E-05 9.99373E-05 0.00325064 9.99373E-05 0.832875 9.99373E-05 9.99373E-05
0.408725 0.0224273 9.996E-05 9.996E-05 0.350946 9.996E-05 9.996E-05 0.0522055 0.0368822 0.128414
0.0789393 0.129612 0.00808034 9.9982E-05 0.0505756 0.198293 0.162793 0.0458012 9.9982E-05 0.325705
9.99201E-05 9.99201E-05 9.99201E-05 9.99201E-05 9.99201E-05 9.99201E-05 9.99201E-05 9.99201E-05 0.999101 9.99201E-05
0.116111 9.995E-05 9.995E-05 9.995E-05 0.390537 9.995E-05 0.012106 0.0430436 9.995E-05 0.437703
0.195534 9.99552E-05 0.068528 0.226421 0.488627 9.99552E-05 9.99552E-05 9.99552E-05 9.99552E-05 0.0203901
9.99553E-05 9.99553E-05 0.0712456 0.109417 9.99553E-05 9.99553E-05 9.99553E-05 0.00205596 0.352751 0.46403
9.99553E-05 9.99553E-05 0.0230806 9.99553E-05 0.0912134 0.0730071 9.99553E-05 9.99553E-05 0.116151 0.696048
9.995E-05 0.55157 9.995E-05 0.112525 9.995E-05 0.251859 9.995E-05 0.0684896 0.0150564 9.995E-05
9.995E-05 0.121037 9.995E-05 9.995E-05 0.0905729 9.995E-05 0.368746 0.154639 9.995E-05 0.264505
9.996E-05 0.261927 9.996E-05 9.996E-05 0.108336 0.0326749 0.244365 0.282985 0.0693124 9.996E-05
0.232038 0.0420878 9.99553E-05 0.260212 0.217229 9.99553E-05 9.99553E-05 9.99553E-05 0.247934 9.99553E-05
9.99642E-05 9.99642E-05 0.105388 9.99642E-05 0.212061 9.99642E-05 0.0129561 0.258307 0.142527 0.26836
0.00707444 9.99641E-05 0.212617 0.397212 0.124937 9.99641E-05 0.13326 9.99641E-05 9.99641E-05 0.1245
9.996E-05 0.101359 0.0490894 9.996E-05 9.996E-05 0.167726 0.250859 0.28588 0.144686 9.996E-05
9.99374E-05 0.788051 9.99374E-05 9.99374E-05 9.99374E-05 9.99374E-05 0.195076 9.99374E-05 0.016173 9.99374E-05
0.16534 0.0806782 0.0515504 9.996E-05 0.208945 0.208697 9.996E-05 9.996E-05 9.996E-05 0.284389
9.99201E-05 9.99201E-05 9.99201E-05 9.99201E-05 9.99201E-05 9.99201E-05 9.99201E-05 9.99201E-05 0.999101 9.99201E-05
9.996E-05 0.207186 9.996E-05 9.996E-05 0.139211 0.127073 0.0323165 9.996E-05 0.239931 0.253882
9.99463E-05 9.99463E-05 9.99463E-05 9.99463E-05 0.186463 0.0267863 0.374479 9.99463E-05 9.99463E-05 0.411672
9.99552E-05 0.279094 9.99552E-05 0.228817 9.99552E-05 0.274683 9.99552E-05 0.161969 0.054937 9.99552E-05
9.99463E-05 0.0294788 9.99463E-05 9.99463E-05 9.99463E-05 0.751867 9.99463E-05 9.99463E-05 0.126554 0.0915002
0.159407 0.405632 9.99551E-05 9.99551E-05 0.324039 0.084215 0.0262071 9.99551E-05 9.99551E-05 9.99551E-05
0.0667425 9.99462E-05 9.99462E-05 9.99462E-05 9.99462E-05 9.99462E-05 0.537917 0.393159 0.00158211 9.99462E-05
9.99374E-05 9.99374E-05 9.99374E-05 9.99374E-05 9.99374E-05 0.00985086 0.537343 9.99374E-05 9.99374E-05 0.452107
9.99463E-05 9.99463E-05 9.99463E-05 0.754235 0.00459414 9.99463E-05 9.99463E-05 0.0701449 0.170426 9.99463E-05
0.0210655 9.9973E-05 0.0912333 0.178343 0.304784 0.0494761 9.9973E-05 9.9973E-05 0.0342299 0.320568
0.067773 0.303168 0.142097 9.99642E-05 9.99642E-05 0.141477 0.152281 9.99642E-05 9.99642E-05 0.192805
9.99641E-05 0.0273 9.99641E-05 0.27678 9.99641E-05 0.0241736 0.366856 9.99641E-05 0.0209601 0.28353
9.99641E-05 9.99641E-05 0.0169118 0.164064 0.0293193 9.99641E-05 9.99641E-05 0.18711 0.0288357 0.57336
9.99551E-05 0.153832 0.0160384 9.99551E-05 0.598771 0.0208635 0.209995 9.99551E-05 9.99551E-05 9.99551E-05
9.99642E-05 0.64332 0.001471 9.99642E-05 9.99642E-05 9.99642E-05 0.25108 0.0574511 0.0103109 0.0359675
9.99463E-05 0.0603477 9.99463E-05 0.154642 9.99463E-05 0.0260561 0.758355 9.99463E-05 9.99463E-05 9.99463E-05
0.134133 9.99464E-05 9.99464E-05 0.0130324 0.465038 9.99464E-05 9.99464E-05 9.99464E-05 9.99464E-05 0.387196
9.99283E-05 9.99283E-05 0.92106 0.0781407 9.99283E-05 9.99283E-05 9.99283E-05 9.99283E-05 9.99283E-05 9.99283E-05
9.99553E-05 0.116795 0.0810206 9.99553E-05 0.370671 0.405774 9.99553E-05 9.99553E-05 9.99553E-05 0.0252397
9.99552E-05 9.99552E-05 0.0250498 0.125431 9.99552E-05 0.238376 9.99552E-05 0.507244 9.99552E-05 0.1034
9.99464E-05 9.99464E-05 9.99464E-05 9.99464E-05 0.672506 0.162692 9.99464E-05 0.0626343 0.101567 9.99464E-05
9.99552E-05 9.99552E-05 9.99552E-05 9.99552E-05 0.434979 0.182277 0.0167678 0.0932958 9.99552E-05 0.272181
0.0422043 0.382362 0.0127495 9.99641E-05 0.300244 0.0793497 9.99641E-05 9.99641E-05 0.18269 9.99641E-05
0.169419 0.18026 9.99642E-05 0.124707 9.99642E-05 9.99642E-05 0.0426608 9.99642E-05 0.0822565 0.400297
9.99281E-05 9.99281E-05 0.9617 9.99281E-05 9.99281E-05 9.99281E-05 0.0375005 9.99281E-05 9.99281E-05 9.99281E-05
9.99553E-05 0.760134 9.99553E-05 0.116667 9.99553E-05 9.99553E-05 9.99553E-05 0.00567501 0.0137627 0.103261
9.99641E-05 0.362272 0.0219305 0.107613 0.340954 9.99641E-05 9.99641E-05 9.99641E-05 0.0324837 0.134347
0.136562 0.134786 0.145071 0.0956508 9.99731E-05 9.99731E-05 9.99731E-05 0.114732 0.102621 0.270278
0.0169745 9.99551E-05 0.0507147 0.397622 0.497469 9.99551E-05 9.99551E-05 9.99551E-05 9.99551E-05 0.0367197
