0.323135 0.155975 0.52089
0.32539 0.342227 0.332383
0.503467 0.171182 0.325351
0.324906 0.158851 0.516244
0.348227 0.215236 0.436537
0.391974 0.0954106 0.512615
0.247914 0.35395 0.398136
9.999E-05 0.216839 0.783061
0.066185 0.91392 0.0198951
0.542281 0.457619 9.99911E-05
0.393257 0.316345 0.290397
9.99911E-05 0.812889 0.187011
0.117894 0.209222 0.672884
0.24841 0.42119 0.3304
9.99911E-05 0.574603 0.425297
0.245323 0.228758 0.525918
0.30494 0.274141 0.420919
0.241023 0.629466 0.129511
9.9991E-05 0.466826 0.533074
0.188631 0.253192 0.558177
0.633852 0.366048 9.99911E-05
0.201735 0.255993 0.542272
0.35418 0.363096 0.282725
0.912532 9.99911E-05 0.0873676
0.649223 0.0631077 0.287669
0.489264 0.119742 0.390994
0.472294 0.527606 9.9991E-05
0.0223805 0.230046 0.747574
9.9991E-05 0.0629335 0.936967
0.9998 9.999E-05 9.999E-05
0.121554 0.487708 0.390738
9.99911E-05 0.46393 0.53597
0.311981 0.494476 0.193543
9.99911E-05 0.256352 0.743548
0.538341 0.0113638 0.450296
0.364326 0.38605 0.249624
9.99911E-05 0.487176 0.512724
0.555259 9.99911E-05 0.444641
0.228242 0.27873 0.493029
0.205379 0.125854 0.668768
0.546309 0.453591 9.99911E-05
0.298338 0.701562 9.99911E-05
0.343943 0.218496 0.437561
0.136759 0.45515 0.408091
0.117214 0.279431 0.603356
0.031935 0.439614 0.528451
0.158819 0.499818 0.341363
0.0711483 0.928752 9.9991E-05
9.99911E-05 0.558311 0.441589
0.226889 0.141735 0.631376
0.253181 9.9991E-05 0.746719
0.304448 0.475506 0.220046
0.502509 0.497391 9.9991E-05
0.0733902 9.99911E-05 0.92651
0.0283257 0.466252 0.505423
0.279365 0.479299 0.241337
0.446591 0.109423 0.443986
9.99911E-05 0.747877 0.252023
9.9991E-05 0.458066 0.541834
0.455445 0.300704 0.243851
0.103902 0.00364758 0.892451
0.229354 0.770546 9.9991E-05
9.9991E-05 0.713425 0.286475
0.836507 9.99911E-05 0.163393
0.174202 0.22695 0.598848
0.277841 0.51352 0.20864
0.340748 0.0754741 0.583778
9.9991E-05 0.699559 0.300341
9.9991E-05 0.236547 0.763353
0.565448 0.112368 0.322184
0.0842657 0.704158 0.211576
0.180536 0.819364 9.99911E-05
9.99911E-05 0.629345 0.370555
9.99911E-05 0.41939 0.58051
0.249212 9.99911E-05 0.750688
9.9991E-05 0.652219 0.347681
9.99911E-05 0.570632 0.429268
0.352301 0.562184 0.0855152
0.147929 9.9991E-05 0.851971
9.99911E-05 0.165764 0.834136
9.99911E-05 0.262665 0.737235
0.286907 0.18825 0.524842
0.118669 0.3248 0.556531
0.192426 0.00635458 0.801219
0.296152 0.44676 0.257088
0.219983 0.52184 0.258177
0.396215 0.391485 0.2123
0.800042 0.117295 0.0826622
0.194829 0.214074 0.591097
0.306711 0.233811 0.459477
0.9998 9.999E-05 9.999E-05
0.526707 0.469466 0.00382664
0.0566672 0.907161 0.0361714
0.578299 0.276267 0.145435
0.0767405 0.84367 0.0795891
0.100804 0.49381 0.405386
0.521052 0.343756 0.135192
9.9991E-05 0.823206 0.176694
0.586299 9.9991E-05 0.413601
0.65375 0.1468 0.19945
0.277978 0.701608 0.0204143
0.9998 9.999E-05 9.999E-05
0.505783 0.494117 9.99911E-05
0.623588 0.0449303 0.331482
9.9991E-05 0.246506 0.753394
0.179025 0.611806 0.209169
9.99911E-05 0.441372 0.558528
0.0583631 0.0933641 0.848273
0.0551532 0.0909724 0.853874
0.314719 0.0451414 0.640139
0.382931 0.270783 0.346286
0.25163 0.0035831 0.744787
0.659494 9.99911E-05 0.340406
0.0227665 9.99911E-05 0.977133
0.9998 9.999E-05 9.999E-05
0.0454416 0.470712 0.483846
0.250002 0.412286 0.337712
9.99911E-05 0.476342 0.523558
0.185812 0.18047 0.633718
0.283541 0.0842484 0.632211
0.663958 0.335942 9.9991E-05
0.410472 0.168425 0.421103
0.116159 9.99911E-05 0.883741
0.0564209 0.454264 0.489315
0.397869 0.329378 0.272753
0.182133 0.554921 0.262945
0.249514 0.750386 9.99911E-05
0.039856 0.314311 0.645833
0.528941 9.99911E-05 0.470959
0.368817 0.309466 0.321716
0.00857887 0.991321 9.99911E-05
0.282694 0.248159 0.469147
9.99911E-05 0.634047 0.365853
9.9991E-05 0.384292 0.615608
0.386772 0.602549 0.0106789
0.122223 0.0764242 0.801353
9.999E-05 9.999E-05 0.9998
9.999E-05 9.999E-05 0.9998
9.99911E-05 0.590177 0.409723
0.108885 0.130292 0.760823
0.245488 0.161188 0.593324
0.463514 0.109944 0.426542
0.180711 0.547672 0.271617
0.335907 0.614059 0.0500344
0.745873 0.198286 0.0558405
0.238644 0.0598898 0.701466
0.000220873 0.999679 9.99911E-05
0.460274 9.99911E-05 0.539626
0.58503 0.0531514 0.361818
9.99911E-05 0.751558 0.248342
0.0850668 0.130432 0.784502
9.99911E-05 0.808858 0.191042
0.0907069 0.101758 0.807535
0.142627 0.356045 0.501328
0.606428 0.313993 0.0795792
0.0171833 0.407462 0.575355
0.157131 0.157076 0.685792
0.323318 0.413169 0.263513
9.999E-05 9.999E-05 0.9998
0.476729 0.130077 0.393194
9.999E-05 0.9998 9.999E-05
9.99911E-05 0.517053 0.482847
0.181008 0.171959 0.647033
9.99911E-05 0.826516 0.173384
9.99911E-05 0.927629 0.0722706
0.311341 0.360055 0.328604
0.0749278 0.234158 0.690914
9.999E-05 9.999E-05 0.9998
0.176438 0.541599 0.281963
0.162254 0.403463 0.434284
0.228276 9.99911E-05 0.771624
9.9991E-05 0.12912 0.87078
9.9991E-05 0.544586 0.455314
0.414901 0.290217 0.294881
0.236137 0.0696488 0.694215
9.99911E-05 0.0987699 0.90113
0.394587 0.190521 0.414892
0.373527 0.115715 0.510757
0.436209 0.125194 0.438597
0.170624 0.749382 0.079994
0.0828731 0.917027 9.99911E-05
0.200097 0.583324 0.216579
0.127565 0.467184 0.405251
0.180449 9.99911E-05 0.819451
0.251607 9.99911E-05 0.748293
9.99911E-05 0.547417 0.452483
9.9991E-05 0.26581 0.73409
0.27957 9.99911E-05 0.72033
0.394181 0.272956 0.332863
