0.119967 9.99369E-05 9.99369E-05 9.99369E-05 9.99369E-05 0.773626 9.99369E-05 0.105707 9.99369E-05 9.99369E-05
0.0845793 0.162828 0.0635617 9.9973E-05 9.9973E-05 0.0675554 9.9973E-05 0.413333 0.134259 0.0735842
0.0764587 0.137614 0.0215371 0.0636116 9.99729E-05 0.10416 0.10171 0.494609 9.99729E-05 9.99729E-05
0.0811313 0.0648671 0.0337362 0.0822106 0.222203 0.255161 9.9991E-05 0.124236 0.0458597 0.0904956
0.0432144 0.0765152 9.9964E-05 0.0641826 0.36388 9.9964E-05 9.9964E-05 0.343695 9.9964E-05 0.108113
0.0222403 0.0251457 9.9982E-05 0.024745 0.758989 0.00593336 9.9982E-05 0.0177842 0.0214023 0.12356
9.9973E-05 0.213166 9.9973E-05 0.0639671 0.0841928 0.241234 0.169696 0.1462 9.9973E-05 0.0812448
9.999E-05 0.0410856 0.110123 0.0499346 0.00258835 0.0987139 0.256393 0.400489 0.0119542 0.0286187
0.0274155 0.116585 9.9982E-05 0.00934414 0.373625 9.9982E-05 0.248657 0.198977 0.0102716 0.0149251
0.222759 0.049788 9.9982E-05 0.0717503 9.9982E-05 0.0416738 0.177111 0.142347 0.103162 0.19121
0.610765 0.145855 9.9955E-05 9.9955E-05 0.0382761 9.9955E-05 9.9955E-05 0.0603287 9.9955E-05 0.144275
9.99459E-05 0.0186761 9.99459E-05 9.99459E-05 0.167885 9.99459E-05 0.769342 9.99459E-05 0.0434976 9.99459E-05
0.199035 0.312575 9.99639E-05 0.129814 0.175756 9.99639E-05 9.99639E-05 0.146686 9.99639E-05 0.0357341
9.999E-05 0.0792153 0.0881658 0.0480276 0.188326 0.268449 0.0774307 0.0903127 0.0738211 0.0861521
9.99639E-05 9.99639E-05 0.161947 0.0998297 0.492091 0.0359522 0.14017 9.99639E-05 9.99639E-05 0.0696109
0.0105469 9.9991E-05 0.250965 0.128435 0.253375 0.0901006 0.0841529 0.100886 0.0317073 0.0497312
9.9964E-05 9.9964E-05 0.116582 0.0298008 0.515613 0.0361676 9.9964E-05 9.9964E-05 0.133794 0.167642
9.9964E-05 0.0691908 0.115645 0.135493 9.9964E-05 0.121372 0.460594 9.9964E-05 0.0973047 9.9964E-05
0.35759 9.9955E-05 9.9955E-05 0.072306 0.376077 0.167037 0.0264896 9.9955E-05 9.9955E-05 9.9955E-05
0.150914 0.108565 0.0235535 0.0643881 0.126523 0.169341 9.9991E-05 0.0734482 0.108289 0.174879
0.162772 0.192071 9.9982E-05 0.0809396 0.0719335 0.138604 0.0786112 0.243297 9.9982E-05 0.0315714
0.543179 0.0863821 0.063023 0.0417086 9.9982E-05 0.0884452 9.9982E-05 0.127637 0.0250843 0.0243409
0.0150484 0.109467 0.18255 0.140791 0.405755 9.9982E-05 0.0175704 0.0725238 9.9982E-05 0.0560951
0.0540184 0.265756 9.99549E-05 9.99549E-05 0.403512 9.99549E-05 9.99549E-05 0.0658994 0.210315 9.99549E-05
0.792619 9.9946E-05 9.9946E-05 0.0520194 0.0154108 9.9946E-05 9.9946E-05 9.9946E-05 9.9946E-05 0.139352
9.9973E-05 0.19994 0.143718 9.9973E-05 0.0587618 0.246521 0.21822 9.9973E-05 0.100847 0.0316919
9.9973E-05 0.00762755 0.212038 0.031648 9.9973E-05 0.08673 0.514306 9.9973E-05 0.0670153 0.0803353
0.0313855 0.105832 0.0376346 0.0244992 0.0493759 0.28186 0.218045 0.0353957 0.121138 0.0948334
9.9973E-05 0.0564667 9.9973E-05 0.00586476 0.248187 9.9973E-05 0.0658211 0.401009 0.143984 0.0783667
9.99459E-05 0.0410561 0.120497 9.99459E-05 0.257021 9.99459E-05 9.99459E-05 9.99459E-05 0.580826 9.99459E-05
0.460419 0.194705 0.0125213 0.014959 0.295385 9.9982E-05 9.9982E-05 0.00405933 0.00738443 0.010367
0.0687399 9.9937E-05 9.9937E-05 9.9937E-05 9.9937E-05 9.9937E-05 0.919296 9.9937E-05 0.0112647 9.9937E-05
9.9964E-05 0.276742 0.0364948 0.0762258 0.295395 0.174166 9.9964E-05 9.9964E-05 0.140576 9.9964E-05
9.9982E-05 0.602056 0.167377 0.0521865 0.0558101 0.0290675 0.00876804 9.9982E-05 0.0241636 0.060371
0.0772397 0.228189 9.9973E-05 0.0801091 0.216488 0.128295 0.195622 9.9973E-05 9.9973E-05 0.0737568
9.9928E-05 9.9928E-05 9.9928E-05 0.0162575 9.9928E-05 0.982943 9.9928E-05 9.9928E-05 9.9928E-05 9.9928E-05
9.9955E-05 0.32813 9.9955E-05 0.036222 0.359467 0.152023 9.9955E-05 9.9955E-05 9.9955E-05 0.123658
0.498817 9.99461E-05 9.99461E-05 9.99461E-05 9.99461E-05 0.353397 9.99461E-05 9.99461E-05 0.0601075 0.0870781
9.9964E-05 0.0393985 0.0319053 9.9964E-05 0.625977 9.9964E-05 0.116844 9.9964E-05 0.085026 0.100449
0.172125 0.291784 0.0877381 0.0808788 0.0949935 0.119501 0.0967229 0.0513438 9.9991E-05 0.00481271
0.451762 0.331183 0.0729547 9.9964E-05 9.9964E-05 9.9964E-05 9.9964E-05 0.0152939 0.0639331 0.0644734
9.9982E-05 0.200665 0.12407 0.083048 0.0214177 0.173551 9.9982E-05 0.254579 0.0222776 0.120192
9.9973E-05 0.0160308 0.13909 9.9973E-05 0.156322 0.126706 0.178517 0.345604 9.9973E-05 0.0374315
0.159683 0.252821 9.9955E-05 9.9955E-05 9.9955E-05 0.277181 0.233053 9.9955E-05 0.0767624 9.9955E-05
9.9955E-05 9.9955E-05 0.0497755 0.0179035 9.9955E-05 0.0369156 0.75742 0.137486 9.9955E-05 9.9955E-05
9.9973E-05 0.126201 9.9973E-05 0.0700618 0.145475 0.052566 0.391815 0.0621122 9.9973E-05 0.151469
9.9955E-05 0.0716079 9.9955E-05 0.0340112 0.578273 0.140261 9.9955E-05 0.175347 9.9955E-05 9.9955E-05
9.9946E-05 9.9946E-05 0.103755 9.9946E-05 0.420041 9.9946E-05 0.304196 0.171409 9.9946E-05 9.9946E-05
0.0733703 0.28747 0.0665367 0.0479321 9.9973E-05 9.9973E-05 0.471547 0.0165332 0.036311 9.9973E-05
0.0488223 9.9973E-05 0.0342283 0.0964161 0.0568321 0.192661 9.9973E-05 0.444437 0.126303 9.9973E-05
0.0766775 9.9991E-05 0.0300156 0.082355 0.0506724 0.175274 0.196102 0.279118 0.00441563 0.10527
0.114225 0.0113031 0.0622175 0.117835 0.245393 0.0660243 9.9982E-05 0.342571 0.0402306 9.9982E-05
9.9964E-05 0.376794 0.448218 0.0195512 9.9964E-05 9.9964E-05 9.9964E-05 0.0753531 0.0538891 0.0257941
9.9973E-05 9.9973E-05 0.04564 0.029567 0.267081 9.9973E-05 0.157158 0.232814 0.0285024 0.238937
0.845762 9.99371E-05 0.127364 9.99371E-05 9.99371E-05 9.99371E-05 9.99371E-05 9.99371E-05 0.0261742 9.99371E-05
9.9964E-05 0.126247 9.9964E-05 0.0494598 0.350935 0.0516527 0.346933 9.9964E-05 9.9964E-05 0.0743731
0.792427 9.99372E-05 9.99372E-05 9.99372E-05 9.99372E-05 9.99372E-05 0.056966 0.149907 9.99372E-05 9.99372E-05
0.870187 0.0629765 9.99616E-05 0.0431782 9.99616E-05 9.99616E-05 9.99616E-05 9.99616E-05 0.00250761 0.0206506
0.23337 0.100225 0.0152456 9.9982E-05 0.286235 9.9982E-05 0.023138 0.176586 0.0235462 0.141454
0.0386497 9.99639E-05 9.99639E-05 0.0167661 0.211637 0.0746401 0.58656 9.99639E-05 9.99639E-05 0.0713475
9.99279E-05 0.996924 9.99279E-05 0.00227672 9.99279E-05 9.99279E-05 9.99279E-05 9.99279E-05 9.99279E-05 9.99279E-05
9.9973E-05 0.260016 0.0991927 0.136078 0.364902 0.0310744 9.9973E-05 9.9973E-05 0.0478843 0.0605522
0.00416621 0.179914 0.107501 0.0633241 0.314547 0.0374274 0.110829 0.161017 0.0211738 9.9991E-05
9.9946E-05 9.9946E-05 9.9946E-05 0.0697373 9.9946E-05 0.0902584 9.9946E-05 0.0449539 0.794451 9.9946E-05
9.9973E-05 0.0758209 0.0735864 9.9973E-05 0.13769 0.321484 0.102836 0.161025 9.9973E-05 0.127258
9.9937E-05 9.9937E-05 0.0150692 9.9937E-05 0.0856948 0.898536 9.9937E-05 9.9937E-05 9.9937E-05 9.9937E-05
0.102187 0.122372 9.9982E-05 0.0269122 0.0663791 0.416623 0.0749482 0.0763238 9.9982E-05 0.114055
0.376359 9.9946E-05 9.9946E-05 0.0163242 0.580901 9.9946E-05 9.9946E-05 9.9946E-05 0.0258161 9.9946E-05
0.160556 0.197044 9.9955E-05 9.9955E-05 0.23633 0.341196 9.9955E-05 9.9955E-05 0.0643737 9.9955E-05
9.9973E-05 9.9973E-05 0.107665 0.0507751 0.0546747 0.112837 9.9973E-05 0.510414 0.128543 0.0347924
9.9964E-05 0.130852 9.9964E-05 0.013039 9.9964E-05 9.9964E-05 0.371729 0.383752 0.0125037 0.0877242
0.0167614 0.0199584 0.0811205 0.0917557 0.154648 0.345363 0.212297 9.9991E-05 0.0497186 0.028277
0.105446 0.145646 0.0352906 0.138248 0.338162 0.0998409 9.9991E-05 0.0593794 0.0458385 0.0320487
0.151603 0.125661 0.0665429 0.0390065 0.178751 9.9991E-05 0.140255 0.118011 0.0671565 0.112913
0.0460895 0.0400139 0.0935244 9.9991E-05 0.0434318 0.0476273 0.244995 0.107489 0.168115 0.208614
9.9964E-05 9.9964E-05 0.0846731 0.0471858 9.9964E-05 9.9964E-05 0.192768 0.583055 0.00628939 0.0856297
9.9964E-05 0.14981 9.9964E-05 0.133626 0.361129 9.9964E-05 0.324836 0.0276143 0.00258498 9.9964E-05
9.99201E-05 0.999101 9.99201E-05 9.99201E-05 9.99201E-05 9.99201E-05 9.99201E-05 9.99201E-05 9.99201E-05 9.99201E-05
9.99201E-05 0.999101 9.99201E-05 9.99201E-05 9.99201E-05 9.99201E-05 9.99201E-05 9.99201E-05 9.99201E-05 9.99201E-05
9.9946E-05 0.833679 9.9946E-05 0.00937382 9.9946E-05 9.9946E-05 0.107692 9.9946E-05 0.0486557 9.9946E-05
0.114919 0.272068 9.9991E-05 0.0633214 0.182898 0.107046 0.0179748 0.131214 0.0824266 0.0280314
9.9982E-05 0.147034 0.0188584 0.0206083 0.448087 0.0656073 0.202322 9.9982E-05 0.0387304 0.0585521
0.0322527 0.221948 0.0462438 9.9982E-05 0.0979438 0.0824592 0.269099 9.9982E-05 0.160622 0.0892319
9.9964E-05 9.9964E-05 0.018419 0.0388597 0.380593 9.9964E-05 0.0867356 0.428945 9.9964E-05 0.0460478
0.0571728 0.283316 9.9991E-05 0.0525409 0.218036 0.101897 0.141738 0.0641311 0.0661975 0.01487
0.244513 0.262589 0.129498 9.9973E-05 9.9973E-05 0.000832666 0.0827516 0.217554 9.9973E-05 0.0619618
0.068725 0.00504635 9.99729E-05 9.99729E-05 0.0271675 0.746694 0.00945641 0.0835685 0.0590422 9.99729E-05
9.99461E-05 9.99461E-05 9.99461E-05 0.103982 0.178847 9.99461E-05 0.420056 0.296515 9.99461E-05 9.99461E-05
9.9973E-05 9.9973E-05 0.106953 0.081434 0.131688 0.271849 0.140024 9.9973E-05 0.136298 0.131454
0.344308 0.0437909 0.0172878 0.017875 9.9973E-05 0.073375 0.164394 0.338669 9.9973E-05 9.9973E-05
9.99279E-05 9.99279E-05 9.99279E-05 9.99279E-05 9.99279E-05 9.99279E-05 9.99279E-05 9.99279E-05 0.930231 0.0689691
0.443277 0.116354 9.9955E-05 0.0155388 9.9955E-05 9.9955E-05 9.9955E-05 0.392974 9.9955E-05 0.0313567
0.163775 0.00134433 0.0159737 0.0917359 0.535921 0.171639 9.9973E-05 9.9973E-05 9.9973E-05 0.0193116
0.20955 0.147182 0.253305 0.0754946 0.131074 0.109878 9.9982E-05 0.0686444 0.0046719 9.9982E-05
9.9955E-05 0.226752 9.9955E-05 9.9955E-05 0.144626 0.26066 9.9955E-05 0.345854 9.9955E-05 0.0216092
9.9955E-05 0.0448024 9.9955E-05 9.9955E-05 0.375122 0.073719 9.9955E-05 0.443013 0.0628442 9.9955E-05
0.0314914 0.0754165 0.0539304 9.9964E-05 9.9964E-05 0.130119 9.9964E-05 0.610398 9.9964E-05 0.0982445
9.99641E-05 0.11108 9.99641E-05 0.0110023 0.297526 0.0261529 0.519636 9.99641E-05 9.99641E-05 0.0342029
9.99551E-05 9.99551E-05 9.99551E-05 0.152739 0.234075 0.0508877 0.215986 9.99551E-05 0.345813 9.99551E-05
0.116773 9.9973E-05 0.0451039 9.9973E-05 0.388307 0.0338601 0.112854 0.0181072 0.284695 9.9973E-05
0.255133 0.0300874 0.00281816 0.00799243 0.316682 0.117154 0.17712 9.9982E-05 0.0928128 9.9982E-05
9.99201E-05 9.99201E-05 9.99201E-05 9.99201E-05 9.99201E-05 9.99201E-05 9.99201E-05 9.99201E-05 0.999101 9.99201E-05
0.253312 0.00830922 0.139259 0.101427 0.256583 9.9982E-05 9.9982E-05 0.0751411 0.0155697 0.1502
9.99279E-05 9.99279E-05 9.99279E-05 9.99279E-05 9.99279E-05 0.0100992 9.99279E-05 9.99279E-05 9.99279E-05 0.989101
9.9973E-05 9.9973E-05 0.0952081 0.0543562 0.147707 0.181103 9.9973E-05 0.324641 0.0714443 0.12524
0.32462 0.0404348 0.20264 9.9973E-05 0.260345 0.0199408 0.000845356 0.150873 9.9973E-05 9.9973E-05
0.0638354 0.111291 0.23387 9.9973E-05 0.0897715 0.136521 0.0724157 0.291996 9.9973E-05 9.9973E-05
0.0187099 0.188927 9.9973E-05 0.0697773 9.9973E-05 0.0199234 9.9973E-05 0.591277 0.00665359 0.104432
0.196324 0.224985 0.0688355 0.0233153 0.233561 9.9982E-05 9.9982E-05 0.0430976 0.111756 0.0979264
0.0160422 0.0950799 9.9991E-05 0.00487511 0.197498 0.260471 0.197303 0.13945 0.0412962 0.0478846
0.126382 9.9973E-05 0.0713922 0.0410166 0.565752 0.0468731 9.9973E-05 0.0352898 9.9973E-05 0.112994
0.396005 0.0152532 0.00990823 0.117194 0.182429 9.9982E-05 9.9982E-05 0.144786 0.0970194 0.0372056
0.0678622 0.13972 0.0805779 0.0217616 0.149981 0.0722883 9.9991E-05 0.347154 0.0700729 0.0504816
9.99639E-05 0.00653191 9.99639E-05 0.101845 0.301176 9.99639E-05 0.118868 9.99639E-05 0.400466 0.0707133
9.99549E-05 0.127083 9.99549E-05 9.99549E-05 0.238631 0.0745488 9.99549E-05 0.533386 0.0258522 9.99549E-05
9.9928E-05 9.9928E-05 9.9928E-05 0.0127808 9.9928E-05 9.9928E-05 9.9928E-05 9.9928E-05 0.98642 9.9928E-05
0.215398 9.9982E-05 0.025714 0.0165151 0.312511 0.0481055 0.0158001 0.176116 9.9982E-05 0.189641
9.9955E-05 0.238434 9.9955E-05 0.0439099 9.9955E-05 0.407082 0.166937 0.143138 9.9955E-05 9.9955E-05
9.9946E-05 0.136337 9.9946E-05 9.9946E-05 0.213749 9.9946E-05 0.233277 0.416037 9.9946E-05 9.9946E-05
0.0308951 9.99459E-05 9.99459E-05 0.0100839 9.99459E-05 0.189011 0.76941 9.99459E-05 9.99459E-05 9.99459E-05
0.000141223 0.457648 0.0594679 0.0989468 9.9973E-05 0.25152 9.9973E-05 9.9973E-05 0.0655017 0.0664747
0.0201448 9.9955E-05 9.9955E-05 0.124161 0.405538 0.157758 9.9955E-05 9.9955E-05 0.291898 9.9955E-05
0.205309 0.484458 9.9982E-05 0.0843713 9.9982E-05 0.00649172 0.0098344 0.0818127 0.105297 0.0222255
0.0165117 0.131373 0.249742 9.9964E-05 0.423595 9.9964E-05 0.137984 9.9964E-05 9.9964E-05 0.0403945
0.187092 9.9973E-05 0.00519295 0.0206192 0.346642 9.9973E-05 0.354937 9.9973E-05 0.0604275 0.0247894
9.99461E-05 9.99461E-05 0.00529447 0.0193624 0.837124 9.99461E-05 9.99461E-05 0.137619 9.99461E-05 9.99461E-05
0.718804 9.99459E-05 9.99459E-05 0.0994269 0.116527 0.0646424 9.99459E-05 9.99459E-05 9.99459E-05 9.99459E-05
0.424947 0.211971 9.9973E-05 0.0128699 9.9973E-05 0.0603699 0.0961571 9.9973E-05 0.0977471 0.0956373
0.224879 0.139836 0.0281996 9.9964E-05 0.144832 9.9964E-05 0.384071 0.0777815 9.9964E-05 9.9964E-05
0.736782 9.9946E-05 9.9946E-05 0.0538082 9.9946E-05 0.130059 9.9946E-05 9.9946E-05 0.0787509 9.9946E-05
9.9955E-05 0.112209 9.9955E-05 0.0622683 0.113808 0.464077 0.247138 9.9955E-05 9.9955E-05 9.9955E-05
9.9955E-05 0.121291 9.9955E-05 0.0766756 0.720109 9.9955E-05 9.9955E-05 9.9955E-05 0.0661645 0.0152599
9.9973E-05 0.188402 9.9973E-05 0.0398839 0.162331 9.9973E-05 0.0982195 0.314638 0.186958 0.00926776
0.0452944 0.216086 0.0406046 0.0774279 0.156274 0.0062716 9.9982E-05 0.337905 0.119937 9.9982E-05
0.186326 0.0431028 9.9973E-05 9.9973E-05 0.264406 0.113947 0.20909 9.9973E-05 0.1003 0.0825272
0.274634 9.9955E-05 9.9955E-05 0.0946729 0.109376 9.9955E-05 0.39445 9.9955E-05 9.9955E-05 0.126368
9.99279E-05 9.99279E-05 0.86638 9.99279E-05 0.132821 9.99279E-05 9.99279E-05 9.99279E-05 9.99279E-05 9.99279E-05
9.99201E-05 9.99201E-05 0.999101 9.99201E-05 9.99201E-05 9.99201E-05 9.99201E-05 9.99201E-05 9.99201E-05 9.99201E-05
0.072148 9.9973E-05 9.9973E-05 0.056508 9.9973E-05 0.0396635 0.235204 0.518238 0.0140654 0.0638729
9.9955E-05 0.612743 9.9955E-05 0.0446041 0.15927 9.9955E-05 0.12136 9.9955E-05 9.9955E-05 0.0615232
9.9982E-05 0.179438 9.9982E-05 0.074132 0.168673 0.0510445 0.385404 0.0321644 0.0259699 0.0829744
0.348992 9.9973E-05 0.165741 0.080344 0.308455 9.9973E-05 0.0234795 0.0265274 9.9973E-05 0.0461613
0.644255 0.193491 9.9964E-05 9.9964E-05 0.012063 0.0441292 9.9964E-05 9.9964E-05 0.0949141 0.0107479
0.309441 9.9973E-05 9.9973E-05 0.0556972 9.9973E-05 0.134244 0.328329 0.141327 0.0294427 0.00121914
9.9982E-05 0.144456 0.0657554 0.0504046 0.42521 0.110604 0.113139 9.9982E-05 0.0288045 0.0614258
9.9973E-05 0.161355 0.0370776 0.0873299 0.13079 0.109681 9.9973E-05 0.130359 0.343109 9.9973E-05
9.9964E-05 9.9964E-05 9.9964E-05 0.0289752 0.389687 0.206173 9.9964E-05 0.350651 0.00136689 0.0227472
9.99201E-05 9.99201E-05 9.99201E-05 0.999101 9.99201E-05 9.99201E-05 9.99201E-05 9.99201E-05 9.99201E-05 9.99201E-05
0.0898199 0.286203 9.99549E-05 0.0537596 9.99549E-05 0.544975 9.99549E-05 9.99549E-05 9.99549E-05 0.024743
9.9973E-05 0.0731286 0.0921855 0.00234365 0.335974 0.0788645 9.9973E-05 0.198644 9.9973E-05 0.21856
0.230403 0.052734 9.9973E-05 0.0252977 0.110993 9.9973E-05 0.498413 9.9973E-05 0.0802507 0.00160873
9.9964E-05 0.143671 9.9964E-05 0.0379333 0.103181 0.0750057 9.9964E-05 0.437847 9.9964E-05 0.201963
0.0572808 0.107229 9.9982E-05 0.100737 9.9982E-05 0.0020303 0.0802135 0.538702 0.0874277 0.0261801
0.0193335 0.198455 0.233809 0.0127367 0.120124 9.9973E-05 0.397243 9.9973E-05 9.9973E-05 0.0179984
0.0787334 0.0373462 0.00838016 0.063493 0.114672 0.102333 0.320849 0.246377 0.0277157 9.9991E-05
9.9964E-05 9.9964E-05 0.12773 0.115129 0.102923 9.9964E-05 9.9964E-05 0.430796 0.169 0.0540211
0.269465 0.3075 9.99639E-05 0.0440013 0.0863517 0.178656 9.99639E-05 0.113626 9.99639E-05 9.99639E-05
0.342238 0.148491 0.067799 0.0492645 0.140515 0.00517774 0.0770074 0.114633 0.0500758 0.00479978
9.9955E-05 0.0500025 0.0748878 9.9955E-05 9.9955E-05 0.690963 9.9955E-05 0.0207337 0.162913 9.9955E-05
0.0692785 0.146206 0.0509143 0.0691765 0.376278 0.129631 0.046265 9.9991E-05 0.0822776 0.0298736
0.0884893 0.298137 9.9973E-05 0.00447231 0.37549 0.0539443 0.101967 9.9973E-05 9.9973E-05 0.0772003
9.99201E-05 9.99201E-05 9.99201E-05 0.999101 9.99201E-05 9.99201E-05 9.99201E-05 9.99201E-05 9.99201E-05 9.99201E-05
0.0184244 0.00457786 0.0910868 0.367782 0.285254 0.175712 9.99729E-05 0.0568635 9.99729E-05 9.99729E-05
9.9955E-05 0.017317 0.032065 9.9955E-05 0.0954229 9.9955E-05 9.9955E-05 0.846789 9.9955E-05 0.00790607
0.318859 0.12573 9.9973E-05 0.00163655 9.9973E-05 9.9973E-05 0.117354 0.362304 0.0378786 0.0359385
9.9955E-05 0.16603 9.9955E-05 0.0577592 9.9955E-05 0.632067 0.10229 9.9955E-05 9.9955E-05 0.0413538
0.424445 0.219903 0.0807299 0.053505 0.0657988 0.140176 0.0151429 9.99729E-05 9.99729E-05 9.99729E-05
9.9946E-05 9.9946E-05 9.9946E-05 0.0371947 0.0133957 9.9946E-05 9.9946E-05 0.857721 9.9946E-05 0.0910889
9.99201E-05 9.99201E-05 0.999101 9.99201E-05 9.99201E-05 9.99201E-05 9.99201E-05 9.99201E-05 9.99201E-05 9.99201E-05
9.9991E-05 0.170241 0.036504 0.116319 0.141152 0.0226303 0.142551 0.288617 0.0678727 0.0140132
0.401824 0.141407 0.108026 9.9973E-05 0.230504 9.9973E-05 0.0276629 9.9973E-05 0.0879879 0.00228788
0.0562392 9.9973E-05 0.00481341 0.0592527 9.9973E-05 9.9973E-05 0.114185 0.613227 0.0748202 0.077163
9.9973E-05 0.0237572 0.0153248 0.0826901 0.454592 0.289019 9.9973E-05 9.9973E-05 0.0911817 0.0431355
9.9946E-05 0.0797533 0.36014 9.9946E-05 9.9946E-05 9.9946E-05 0.522166 9.9946E-05 9.9946E-05 0.0373406
0.0482434 0.154648 9.9982E-05 0.114473 0.213235 0.131173 0.208372 0.120463 9.9982E-05 0.00919204
9.9964E-05 0.205213 0.0591509 9.9964E-05 0.244987 9.9964E-05 0.311744 0.0427523 9.9964E-05 0.135753
9.9946E-05 9.9946E-05 9.9946E-05 0.0780491 0.777889 9.9946E-05 0.000722805 0.14274 9.9946E-05 9.9946E-05
0.0176278 0.114449 0.110432 9.9991E-05 0.050339 0.00929535 0.264822 0.335183 0.0436037 0.0541482
9.9928E-05 9.9928E-05 9.9928E-05 9.9928E-05 9.9928E-05 9.9928E-05 9.9928E-05 9.9928E-05 0.00538661 0.993814
0.243513 0.18363 0.106595 9.9964E-05 9.9964E-05 9.9964E-05 0.120923 0.331283 0.0136573 9.9964E-05
9.9964E-05 9.9964E-05 9.9964E-05 0.0406189 0.560818 0.0688981 0.0433432 9.9964E-05 0.160484 0.125438
0.433565 0.119725 9.9964E-05 0.0888219 0.181562 0.110422 9.9964E-05 9.9964E-05 0.0655042 9.9964E-05
0.308833 0.0129005 0.130473 0.0142947 9.9982E-05 0.183798 0.00268069 0.343379 9.9982E-05 0.00344175
0.020759 9.9955E-05 9.9955E-05 9.9955E-05 0.104794 0.147814 9.9955E-05 0.608403 0.11773 9.9955E-05
0.130344 9.9973E-05 0.0181445 0.0429059 0.330367 0.317989 9.9973E-05 0.138858 9.9973E-05 0.0210921
9.99201E-05 9.99201E-05 9.99201E-05 9.99201E-05 9.99201E-05 9.99201E-05 9.99201E-05 9.99201E-05 9.99201E-05 0.999101
0.17065 0.0345948 0.0111274 0.063636 0.325629 0.0931873 9.9982E-05 0.266915 0.0340606 9.9982E-05
9.9973E-05 9.9973E-05 0.0359647 0.0521355 0.223832 0.308885 9.9973E-05 0.120583 0.0382697 0.22003
9.99639E-05 0.327859 0.0212318 0.019027 0.263913 0.160722 9.99639E-05 0.206847 9.99639E-05 9.99639E-05
9.9973E-05 0.0330056 0.214205 0.0376678 9.9973E-05 0.0892412 0.408243 0.176279 0.0410588 9.9973E-05
