9.99551E-05 0.739899 9.99551E-05 9.99551E-05 0.096558 9.99551E-05 9.99551E-05 0.0932671 0.0548379 0.0149383
0.295923 0.235298 0.0486958 9.9964E-05 9.9964E-05 9.9964E-05 9.9964E-05 0.00334945 0.0735792 0.342755
9.9955E-05 0.0366888 0.121298 9.9955E-05 9.9955E-05 0.220763 9.9955E-05 0.0866185 9.9955E-05 0.534132
0.0365817 0.740816 0.0349042 0.0745925 9.99732E-05 9.99732E-05 9.99732E-05 0.0257255 0.00167426 0.0854056
0.151855 0.397939 0.146143 0.13207 9.99552E-05 9.99552E-05 0.171493 9.99552E-05 9.99552E-05 9.99552E-05
9.99372E-05 0.725372 9.99372E-05 0.0101273 9.99372E-05 0.263802 9.99372E-05 9.99372E-05 9.99372E-05 9.99372E-05
0.548292 9.99552E-05 9.99552E-05 0.159409 0.0696784 9.99552E-05 0.0391506 9.99552E-05 9.99552E-05 0.18297
9.99553E-05 0.416322 9.99553E-05 0.0570404 9.99553E-05 9.99553E-05 0.110045 0.284899 9.99553E-05 0.131194
0.707566 9.99464E-05 0.0724586 9.99464E-05 9.99464E-05 0.116003 9.99464E-05 0.103373 9.99464E-05 9.99464E-05
0.345333 9.99462E-05 0.0551632 9.99462E-05 0.296032 0.302872 9.99462E-05 9.99462E-05 9.99462E-05 9.99462E-05
9.9964E-05 0.0198641 0.204241 0.00032782 9.9964E-05 0.448972 9.9964E-05 0.256666 9.9964E-05 0.069529
0.406751 0.200237 9.99552E-05 0.120343 9.99552E-05 9.99552E-05 0.022108 0.250061 9.99552E-05 9.99552E-05
9.99374E-05 0.445997 9.99374E-05 9.99374E-05 0.186447 9.99374E-05 9.99374E-05 0.366856 9.99374E-05 9.99374E-05
9.99641E-05 0.371053 0.0389733 0.173289 0.326397 9.99641E-05 0.0758685 9.99641E-05 0.0140182 9.99641E-05
0.613067 0.0296454 9.99373E-05 9.99373E-05 9.99373E-05 9.99373E-05 0.356588 9.99373E-05 9.99373E-05 9.99373E-05
9.99642E-05 0.366344 0.155532 0.105647 9.99642E-05 9.99642E-05 0.23091 0.0514797 0.0896873 9.99642E-05
0.389079 0.273566 9.99641E-05 9.99641E-05 9.99641E-05 0.0875557 0.00415336 9.99641E-05 0.0845105 0.160735
0.0145564 0.164121 0.11277 0.156297 9.99731E-05 0.254007 0.138736 9.99731E-05 9.99731E-05 0.159214
0.284698 0.517222 9.99553E-05 9.99553E-05 9.99553E-05 9.99553E-05 9.99553E-05 0.00277823 0.130432 0.0643697
9.99461E-05 0.481745 9.99461E-05 9.99461E-05 0.352377 0.012859 9.99461E-05 9.99461E-05 0.152419 9.99461E-05
9.99283E-05 9.99283E-05 9.99283E-05 9.99283E-05 0.785166 0.214035 9.99283E-05 9.99283E-05 9.99283E-05 9.99283E-05
0.219205 9.99461E-05 9.99461E-05 9.99461E-05 9.99461E-05 9.99461E-05 9.99461E-05 0.571012 0.109785 0.0993982
0.257746 0.244884 0.156874 0.0576204 9.99641E-05 0.0626834 9.99641E-05 9.99641E-05 9.99641E-05 0.219791
9.99463E-05 0.178134 0.511491 0.299682 9.99463E-05 9.99463E-05 0.0100931 9.99463E-05 9.99463E-05 9.99463E-05
9.994E-05 0.0296763 0.369505 9.994E-05 9.994E-05 0.392773 9.994E-05 9.994E-05 0.207446 9.994E-05
9.99641E-05 0.617533 0.153687 0.0260748 9.99641E-05 0.0747098 0.125075 9.99641E-05 0.00252127 9.99641E-05
9.997E-05 0.0822195 0.190458 0.154822 0.173289 9.997E-05 0.0687371 0.327971 0.00220353 9.997E-05
0.274452 0.112309 9.99463E-05 9.99463E-05 9.99463E-05 9.99463E-05 0.0231924 9.99463E-05 9.99463E-05 0.589446
9.99641E-05 0.0626363 9.99641E-05 9.99641E-05 9.99641E-05 0.115902 0.180562 0.147735 0.0569948 0.43577
9.99374E-05 9.99374E-05 0.865651 9.99374E-05 9.99374E-05 9.99374E-05 0.0640463 0.0696028 9.99374E-05 9.99374E-05
0.112347 9.99642E-05 9.99642E-05 0.265028 0.0472659 0.120113 0.20502 9.99642E-05 9.99642E-05 0.249827
0.0469141 0.16344 0.146953 0.123465 9.99641E-05 9.99641E-05 9.99641E-05 0.161672 0.357155 9.99641E-05
0.0206437 9.99642E-05 0.059973 9.99642E-05 0.440667 0.312755 9.99642E-05 0.050347 9.99642E-05 0.115215
0.190295 0.208393 9.99641E-05 9.99641E-05 0.0257591 9.99641E-05 9.99641E-05 0.274316 0.152032 0.148805
9.994E-05 0.494652 0.0970002 0.188294 9.994E-05 9.994E-05 9.994E-05 9.994E-05 9.994E-05 0.219455
9.99283E-05 0.422783 9.99283E-05 9.99283E-05 0.576417 9.99283E-05 9.99283E-05 9.99283E-05 9.99283E-05 9.99283E-05
9.99461E-05 9.99461E-05 9.99461E-05 0.131087 9.99461E-05 9.99461E-05 9.99461E-05 0.000919452 0.293352 0.574042
9.99373E-05 9.99373E-05 0.0490766 9.99373E-05 9.99373E-05 0.30651 9.99373E-05 9.99373E-05 9.99373E-05 0.643714
0.0128766 0.121771 0.0257029 0.174835 0.00272743 0.0587415 9.99821E-05 9.99821E-05 0.401443 0.201702
9.99552E-05 0.500976 9.99552E-05 9.99552E-05 9.99552E-05 0.0736732 9.99552E-05 0.111912 0.131659 0.18128
0.488664 9.99463E-05 0.131939 9.99463E-05 9.99463E-05 9.99463E-05 9.99463E-05 0.0460822 9.99463E-05 0.332716
0.447186 9.99552E-05 9.99552E-05 0.049725 0.297287 0.0758475 9.99552E-05 9.99552E-05 0.129455 9.99552E-05
9.996E-05 0.303403 9.996E-05 0.0541826 0.266041 9.996E-05 0.0907652 0.165233 0.119975 9.996E-05
0.036849 0.707885 9.99553E-05 9.99553E-05 9.99553E-05 0.225067 0.0199917 0.00970747 9.99553E-05 9.99553E-05
9.99641E-05 9.99641E-05 0.101602 0.104821 9.99641E-05 9.99641E-05 0.029281 0.293168 0.238593 0.232136
0.0240457 0.47698 9.99731E-05 0.0924643 0.146759 0.116844 9.99731E-05 0.0146233 0.127983 9.99731E-05
0.188634 0.197637 0.0939046 9.99641E-05 0.28511 0.0172688 9.99641E-05 0.217046 9.99641E-05 9.99641E-05
0.0673835 0.0968404 9.9982E-05 0.15039 0.125577 0.149719 0.209863 0.191592 9.9982E-05 0.0084359
9.99375E-05 9.99375E-05 9.99375E-05 9.99375E-05 0.122455 9.99375E-05 9.99375E-05 0.616778 0.260068 9.99375E-05
9.99552E-05 0.831171 0.0049152 0.137712 0.00528421 9.99552E-05 9.99552E-05 9.99552E-05 0.0204184 9.99552E-05
9.99372E-05 0.865691 0.0947872 9.99372E-05 9.99372E-05 0.038822 9.99372E-05 9.99372E-05 9.99372E-05 9.99372E-05
0.0203672 9.99821E-05 0.0876765 0.19763 0.143434 0.396474 0.0177676 0.0154677 0.120983 9.99821E-05
0.380039 0.180888 0.175478 9.99551E-05 9.99551E-05 9.99551E-05 9.99551E-05 0.153088 9.99551E-05 0.110007
9.99643E-05 0.532705 0.00167293 9.99643E-05 9.99643E-05 0.0908498 9.99643E-05 0.149769 0.0132254 0.211378
9.99281E-05 9.99281E-05 9.99281E-05 9.99281E-05 0.0536206 9.99281E-05 0.94558 9.99281E-05 9.99281E-05 9.99281E-05
0.212024 9.99551E-05 9.99551E-05 9.99551E-05 9.99551E-05 9.99551E-05 0.632841 0.0159821 0.0164811 0.122173
0.0110412 0.127316 0.256841 0.0722355 9.99731E-05 0.0604952 0.335843 9.99731E-05 9.99731E-05 0.135928
0.255215 9.99283E-05 9.99283E-05 9.99283E-05 9.99283E-05 9.99283E-05 0.743986 9.99283E-05 9.99283E-05 9.99283E-05
9.995E-05 0.157792 9.995E-05 0.216588 9.995E-05 0.209994 0.289581 9.995E-05 0.125545 9.995E-05
9.99551E-05 0.504151 9.99551E-05 0.0978741 0.25005 0.0880398 9.99551E-05 0.0593849 9.99551E-05 9.99551E-05
9.99463E-05 0.611147 9.99463E-05 9.99463E-05 9.99463E-05 0.0535527 9.99463E-05 0.193783 9.99463E-05 0.140918
0.422686 9.99551E-05 0.0932944 0.300985 9.99551E-05 9.99551E-05 9.99551E-05 0.174323 0.00821246 9.99551E-05
0.258288 0.0209714 9.9964E-05 9.9964E-05 9.9964E-05 0.0316712 0.0198332 0.451495 9.9964E-05 0.217341
9.99552E-05 0.112742 0.632535 0.0732139 9.99552E-05 9.99552E-05 9.99552E-05 9.99552E-05 0.019838 0.161171
0.17996 0.213202 0.222209 9.99731E-05 9.99731E-05 9.99731E-05 0.0549478 0.0416812 0.250741 0.0369592
9.99641E-05 9.99641E-05 0.188551 9.99641E-05 0.10608 9.99641E-05 0.0586193 0.52029 0.0635636 0.0624958
9.99553E-05 0.618141 9.99553E-05 0.106586 0.0524126 0.196607 9.99553E-05 9.99553E-05 9.99553E-05 0.0257533
0.334002 0.177298 9.99552E-05 0.252113 9.99552E-05 9.99552E-05 9.99552E-05 0.0861263 0.149962 9.99552E-05
0.122004 0.115851 9.9973E-05 0.0659733 9.9973E-05 9.9973E-05 0.0915955 0.161903 0.230435 0.211938
9.99552E-05 9.99552E-05 0.00386994 9.99552E-05 0.395634 9.99552E-05 9.99552E-05 0.157073 0.38509 0.0578336
0.471032 0.117138 9.99551E-05 0.238954 0.0899104 0.0824663 9.99551E-05 9.99551E-05 9.99551E-05 9.99551E-05
0.181044 9.99551E-05 0.0327575 0.101006 0.0620089 9.99551E-05 9.99551E-05 0.622684 9.99551E-05 9.99551E-05
9.99374E-05 9.99374E-05 9.99374E-05 0.373938 9.99374E-05 9.99374E-05 0.289488 9.99374E-05 9.99374E-05 0.335874
9.99551E-05 9.99551E-05 9.99551E-05 0.0962076 9.99551E-05 9.99551E-05 0.0445222 0.211725 0.272221 0.374825
0.171805 0.647873 0.02776 9.99644E-05 9.99644E-05 9.99644E-05 0.0248819 9.99644E-05 0.0439889 0.083291
0.0333973 0.0373999 9.9973E-05 0.289415 0.0468211 9.9973E-05 0.270008 0.0679941 0.254665 9.9973E-05
0.232149 0.0458222 0.147786 9.99554E-05 9.99554E-05 9.99554E-05 0.390376 0.183366 9.99554E-05 9.99554E-05
0.621239 9.99462E-05 0.0506426 0.0892028 9.99462E-05 0.238316 9.99462E-05 9.99462E-05 9.99462E-05 9.99462E-05
0.132429 0.50438 9.99641E-05 0.0347436 9.99641E-05 0.00295327 9.99641E-05 9.99641E-05 0.292876 0.032219
0.147977 0.456013 9.99641E-05 9.99641E-05 9.99641E-05 0.0295082 0.204279 0.0501848 0.111638 9.99641E-05
9.99463E-05 0.262111 9.99463E-05 0.226061 9.99463E-05 9.99463E-05 0.0987702 9.99463E-05 9.99463E-05 0.412458
9.996E-05 0.341418 0.0833929 9.996E-05 0.0543308 0.218845 0.19584 0.105773 9.996E-05 9.996E-05
9.99283E-05 9.99283E-05 9.99283E-05 9.99283E-05 0.582583 9.99283E-05 9.99283E-05 9.99283E-05 9.99283E-05 0.416618
9.99551E-05 0.0131046 0.257044 9.99551E-05 9.99551E-05 0.106107 9.99551E-05 0.482097 0.141147 9.99551E-05
0.399928 0.100432 0.15324 0.0936231 0.247094 9.99641E-05 9.99641E-05 9.99641E-05 0.00528163 9.99641E-05
0.140051 0.549992 9.99641E-05 0.0155995 0.112821 9.99641E-05 9.99641E-05 0.0948693 9.99641E-05 0.0862664
0.0736681 0.173422 9.99821E-05 0.0766543 0.262695 0.00464024 9.99821E-05 0.0524915 0.0112821 0.344946
9.99461E-05 0.215625 0.43949 0.0297544 9.99461E-05 9.99461E-05 9.99461E-05 0.31453 9.99461E-05 9.99461E-05
9.99642E-05 0.282589 0.0160771 9.99642E-05 0.0028595 0.284625 9.99642E-05 9.99642E-05 0.0402791 0.373171
0.0609196 9.99551E-05 9.99551E-05 9.99551E-05 0.0646104 0.215637 9.99551E-05 0.517276 0.141057 9.99551E-05
0.0235991 9.99374E-05 0.744913 9.99374E-05 9.99374E-05 9.99374E-05 0.230788 9.99374E-05 9.99374E-05 9.99374E-05
9.99462E-05 0.184465 0.0634826 0.0209413 0.730512 9.99462E-05 9.99462E-05 9.99462E-05 9.99462E-05 9.99462E-05
9.99463E-05 9.99463E-05 0.177786 0.1956 0.35071 9.99463E-05 9.99463E-05 0.275304 9.99463E-05 9.99463E-05
0.113412 0.395522 9.99552E-05 9.99552E-05 0.00391655 0.384897 9.99552E-05 9.99552E-05 9.99552E-05 0.101753
0.300802 9.99462E-05 9.99462E-05 0.129277 0.0668056 9.99462E-05 9.99462E-05 0.502516 9.99462E-05 9.99462E-05
0.336161 0.493529 9.99462E-05 0.0165894 9.99462E-05 0.15312 9.99462E-05 9.99462E-05 9.99462E-05 9.99462E-05
0.233072 0.21015 0.0480703 9.99641E-05 0.224298 0.16502 9.99641E-05 0.118991 9.99641E-05 9.99641E-05
0.714532 0.0547109 9.99551E-05 9.99551E-05 0.0597476 0.0296596 0.14085 9.99551E-05 9.99551E-05 9.99551E-05
9.99551E-05 0.524277 0.300755 0.0655027 0.0151421 9.99551E-05 9.99551E-05 9.99551E-05 9.99551E-05 0.0938228
9.99551E-05 9.99551E-05 0.235378 0.168733 0.093676 9.99551E-05 9.99551E-05 0.106911 9.99551E-05 0.394802
0.741745 9.99463E-05 0.0227474 0.0546294 9.99463E-05 9.99463E-05 9.99463E-05 9.99463E-05 9.99463E-05 0.180278
9.99552E-05 0.0361495 0.854399 0.0922684 9.99552E-05 0.0133795 9.99552E-05 9.99552E-05 9.99552E-05 0.00330422
0.331329 9.99553E-05 0.126141 9.99553E-05 9.99553E-05 0.367435 9.99553E-05 9.99553E-05 0.0158849 0.158711
9.99372E-05 0.0625871 0.00593777 9.99372E-05 9.99372E-05 0.930776 9.99372E-05 9.99372E-05 9.99372E-05 9.99372E-05
9.99551E-05 0.617082 9.99551E-05 0.00449407 9.99551E-05 9.99551E-05 9.99551E-05 0.0847593 0.251646 0.0415197
0.357665 0.184349 0.0719609 9.996E-05 9.996E-05 9.996E-05 0.0345483 0.0480676 0.30301 9.996E-05
9.99641E-05 0.0429076 9.99641E-05 9.99641E-05 0.137104 9.99641E-05 0.253338 0.286524 0.192644 0.0870826
0.160589 0.00808993 9.99462E-05 9.99462E-05 9.99462E-05 9.99462E-05 9.99462E-05 9.99462E-05 0.176474 0.654248
9.99642E-05 0.31141 9.99642E-05 0.070544 9.99642E-05 0.0583796 0.0224558 0.237638 0.299173 9.99642E-05
9.99731E-05 0.0979917 0.0674495 9.99731E-05 0.223236 0.313962 9.99731E-05 0.161773 0.0324738 0.102814
0.0618132 9.99553E-05 0.200147 0.119542 0.465332 9.99553E-05 9.99553E-05 9.99553E-05 9.99553E-05 0.152666
9.99464E-05 0.890339 0.059506 9.99464E-05 0.0348403 9.99464E-05 0.0147151 9.99464E-05 9.99464E-05 9.99464E-05
9.99552E-05 0.32982 0.360752 9.99552E-05 0.178572 9.99552E-05 0.0738306 9.99552E-05 0.056526 9.99552E-05
9.99552E-05 0.336502 9.99552E-05 9.99552E-05 9.99552E-05 9.99552E-05 0.281357 0.0416242 0.0369418 0.303075
0.0136504 9.99551E-05 0.872641 9.99551E-05 0.00592009 9.99551E-05 9.99551E-05 0.0716509 9.99551E-05 0.0356374
0.447394 9.99373E-05 9.99373E-05 9.99373E-05 9.99373E-05 0.357423 0.194484 9.99373E-05 9.99373E-05 9.99373E-05
0.0264099 0.693891 9.99463E-05 9.99463E-05 9.99463E-05 9.99463E-05 9.99463E-05 0.246682 0.0324175 9.99463E-05
9.99372E-05 9.99372E-05 9.99372E-05 9.99372E-05 9.99372E-05 9.99372E-05 9.99372E-05 0.957998 0.000968893 0.0403336
9.9964E-05 9.9964E-05 0.251199 0.0992218 9.9964E-05 9.9964E-05 0.30147 0.00376397 0.161768 0.182176
9.99461E-05 0.225123 0.0653441 9.99461E-05 0.316217 9.99461E-05 9.99461E-05 9.99461E-05 9.99461E-05 0.392716
9.996E-05 0.303276 0.284695 0.120202 9.996E-05 0.0263889 9.996E-05 0.160078 0.10496 9.996E-05
0.15619 0.305963 0.0152343 0.00669029 0.0801316 0.0352514 9.99821E-05 9.99821E-05 0.0636057 0.336734
9.99552E-05 0.725741 9.99552E-05 9.99552E-05 0.0278977 0.109245 0.121625 9.99552E-05 9.99552E-05 0.0149919
9.99641E-05 9.99641E-05 9.99641E-05 0.0274971 0.542691 0.00389075 0.092265 0.201847 0.131409 9.99641E-05
0.324222 0.31825 0.096204 9.99553E-05 9.99553E-05 0.106017 9.99553E-05 9.99553E-05 0.154808 9.99553E-05
0.686465 0.127132 0.00823796 0.0330689 0.0485942 0.0661344 9.9973E-05 0.0300671 9.9973E-05 9.9973E-05
0.223808 9.99463E-05 0.0719966 9.99463E-05 0.572705 9.99463E-05 0.130891 9.99463E-05 9.99463E-05 9.99463E-05
9.9964E-05 0.426703 9.9964E-05 0.14581 9.9964E-05 0.103663 0.011187 9.9964E-05 0.203057 0.109181
9.99552E-05 9.99552E-05 0.153815 9.99552E-05 0.265274 0.0847245 9.99552E-05 9.99552E-05 0.171763 0.323923
0.153153 0.073209 0.0198314 0.0772532 0.316059 0.123489 0.00949278 9.9982E-05 9.9982E-05 0.227312
0.451093 0.00531777 9.99641E-05 0.180873 0.133681 0.095539 0.133096 9.99641E-05 9.99641E-05 9.99641E-05
0.0340395 0.486575 9.996E-05 0.130689 0.154744 0.0108496 9.996E-05 9.996E-05 9.996E-05 0.182702
0.30189 0.0465381 9.99731E-05 0.118743 9.99731E-05 0.214775 9.99731E-05 0.22455 0.0649451 0.0282588
0.00222618 0.0256991 9.9964E-05 0.209173 9.9964E-05 0.3142 9.9964E-05 0.067894 0.380407 9.9964E-05
9.995E-05 0.0527867 9.995E-05 0.0906889 0.400613 0.175053 9.995E-05 0.280359 9.995E-05 9.995E-05
9.99552E-05 0.23574 9.99552E-05 9.99552E-05 0.210956 0.0155224 0.00689278 9.99552E-05 0.530389 9.99552E-05
9.99461E-05 0.170401 9.99461E-05 9.99461E-05 0.0152975 9.99461E-05 0.0170045 9.99461E-05 0.796697 9.99461E-05
9.99553E-05 0.122717 9.99553E-05 9.99553E-05 0.0988398 0.00270969 9.99553E-05 9.99553E-05 0.25957 0.515664
0.309803 0.00492428 0.041717 0.0579362 9.99821E-05 0.258753 0.0102926 9.99821E-05 0.252912 0.0634619
9.99374E-05 0.681331 9.99374E-05 9.99374E-05 9.99374E-05 9.99374E-05 9.99374E-05 9.99374E-05 0.262962 0.0550078
9.99643E-05 0.240586 9.99643E-05 0.0118443 9.99643E-05 0.277578 0.0859587 0.075873 9.99643E-05 0.307759
9.99552E-05 9.99552E-05 0.02855 0.0703925 9.99552E-05 0.475621 9.99552E-05 0.0780713 9.99552E-05 0.346866
0.541364 0.0356398 9.99641E-05 0.00392586 0.389381 0.0123356 9.99641E-05 9.99641E-05 9.99641E-05 0.0169542
0.287101 9.99553E-05 0.0148185 9.99553E-05 0.0549579 0.246027 9.99553E-05 0.396596 9.99553E-05 9.99553E-05
0.0143918 0.228727 0.468581 0.0609854 0.126625 9.99731E-05 0.0247203 9.99731E-05 0.0756691 9.99731E-05
0.150573 0.3435 9.995E-05 9.995E-05 0.131695 9.995E-05 9.995E-05 9.995E-05 0.165699 0.208033
9.99201E-05 9.99201E-05 9.99201E-05 0.999101 9.99201E-05 9.99201E-05 9.99201E-05 9.99201E-05 9.99201E-05 9.99201E-05
9.99374E-05 0.615642 9.99374E-05 9.99374E-05 0.207659 0.175999 9.99374E-05 9.99374E-05 9.99374E-05 9.99374E-05
0.0523732 0.218421 0.156301 0.0918654 0.282801 0.0449767 0.152963 9.99731E-05 9.99731E-05 9.99731E-05
0.558513 9.99462E-05 9.99462E-05 0.270108 9.99462E-05 9.99462E-05 0.0526181 9.99462E-05 0.118162 9.99462E-05
9.99553E-05 0.240049 9.99553E-05 0.140052 9.99553E-05 0.133225 9.99553E-05 0.339012 9.99553E-05 0.147162
0.112968 0.0956794 9.99552E-05 0.188013 9.99552E-05 0.0505178 9.99552E-05 0.552323 9.99552E-05 9.99552E-05
0.0236146 0.0556332 0.0307385 9.9982E-05 0.00629994 9.9982E-05 0.179453 0.198754 0.243387 0.26192
0.28496 0.407438 0.0268704 0.0164031 9.99642E-05 9.99642E-05 0.167092 9.99642E-05 0.0968363 9.99642E-05
9.99731E-05 0.0137844 0.479808 0.272736 0.0232543 9.99731E-05 0.0687312 9.99731E-05 0.0195906 0.121796
0.331888 0.0873689 9.99641E-05 0.0345724 0.0287902 0.193682 9.99641E-05 9.99641E-05 0.323299 9.99641E-05
9.99551E-05 9.99551E-05 0.0730101 9.99551E-05 0.105104 0.367233 0.160021 9.99551E-05 9.99551E-05 0.294132
9.99553E-05 0.0185916 9.99553E-05 0.0199394 9.99553E-05 0.154266 0.384915 0.421788 9.99553E-05 9.99553E-05
0.10307 0.546101 9.99643E-05 0.0303077 9.99643E-05 9.99643E-05 0.287072 9.99643E-05 0.0316096 0.0014404
0.0291289 0.0142932 0.190081 0.0252184 0.157385 0.0828101 9.9982E-05 9.9982E-05 0.157057 0.343827
9.99201E-05 9.99201E-05 9.99201E-05 0.999101 9.99201E-05 9.99201E-05 9.99201E-05 9.99201E-05 9.99201E-05 9.99201E-05
9.99462E-05 0.244662 9.99462E-05 0.285739 0.0516889 9.99462E-05 9.99462E-05 0.41731 9.99462E-05 9.99462E-05
9.99552E-05 0.510594 9.99552E-05 0.0835356 0.0528516 9.99552E-05 9.99552E-05 0.278926 9.99552E-05 0.0735935
0.501677 9.99642E-05 0.0290436 9.99642E-05 9.99642E-05 9.99642E-05 0.221216 0.00259938 0.091305 0.15376
0.0238564 9.99464E-05 9.99464E-05 0.175602 9.99464E-05 9.99464E-05 0.00203955 0.797902 9.99464E-05 9.99464E-05
9.99552E-05 0.407341 9.99552E-05 9.99552E-05 0.00972865 0.0424434 9.99552E-05 0.50137 9.99552E-05 0.0386167
0.0299202 0.16042 9.99641E-05 9.99641E-05 0.101874 9.99641E-05 0.43041 0.0184685 9.99641E-05 0.258507
9.99201E-05 9.99201E-05 9.99201E-05 9.99201E-05 9.99201E-05 9.99201E-05 9.99201E-05 9.99201E-05 0.999101 9.99201E-05
0.584358 9.99553E-05 9.99553E-05 0.184787 0.0231795 9.99553E-05 0.0519811 9.99553E-05 9.99553E-05 0.155194
0.21994 0.345127 0.0435713 0.158642 0.115737 0.0747542 9.9973E-05 9.9973E-05 9.9973E-05 0.0419296
0.136542 0.320663 0.0403062 9.996E-05 9.996E-05 0.0213946 9.996E-05 9.996E-05 0.308536 0.172158
9.9946E-05 0.142398 9.9946E-05 9.9946E-05 0.158374 9.9946E-05 0.393175 9.9946E-05 9.9946E-05 0.305453
0.450542 0.0139765 9.99551E-05 9.99551E-05 9.99551E-05 0.0967902 0.0739991 9.99551E-05 0.364192 9.99551E-05
9.99731E-05 0.398975 0.0537352 9.99731E-05 0.291852 0.0875299 0.0527712 0.0513204 9.99731E-05 0.0635162
0.0223917 0.578364 9.99552E-05 9.99552E-05 9.99552E-05 9.99552E-05 0.113281 0.0273759 9.99552E-05 0.258088
9.99552E-05 0.000855761 0.0139046 9.99552E-05 9.99552E-05 9.99552E-05 0.858442 0.102753 9.99552E-05 0.0235444
0.127046 0.201 0.157132 0.111398 0.022058 9.99732E-05 9.99732E-05 0.213162 0.167904 9.99732E-05
9.99372E-05 9.99372E-05 9.99372E-05 0.0631983 9.99372E-05 0.858071 0.0780308 9.99372E-05 9.99372E-05 9.99372E-05
9.99462E-05 0.123156 9.99462E-05 9.99462E-05 0.294634 0.0157058 9.99462E-05 9.99462E-05 9.99462E-05 0.565904
0.569289 0.055743 9.99552E-05 9.99552E-05 9.99552E-05 0.0385535 9.99552E-05 0.0882308 9.99552E-05 0.247684
0.113628 9.99462E-05 9.99462E-05 0.221843 0.633329 9.99462E-05 9.99462E-05 0.0305999 9.99462E-05 9.99462E-05
9.99731E-05 0.0113156 0.0302143 0.163309 0.268005 0.184226 9.99731E-05 0.233417 0.109213 9.99731E-05
0.147084 0.249968 0.0671161 0.127877 0.0325812 0.043959 9.9973E-05 0.331115 9.9973E-05 9.9973E-05
9.99376E-05 0.826527 9.99376E-05 0.0763328 9.99376E-05 9.99376E-05 9.99376E-05 0.0964404 9.99376E-05 9.99376E-05
9.99201E-05 9.99201E-05 9.99201E-05 9.99201E-05 9.99201E-05 0.999101 9.99201E-05 9.99201E-05 9.99201E-05 9.99201E-05
0.0811174 0.26839 9.99553E-05 0.0170128 9.99553E-05 9.99553E-05 0.34772 0.28526 9.99553E-05 9.99553E-05
0.0368187 0.616628 9.99463E-05 0.0814212 9.99463E-05 0.264532 9.99463E-05 9.99463E-05 9.99463E-05 9.99463E-05
9.99373E-05 0.389176 9.99373E-05 9.99373E-05 9.99373E-05 0.0497055 9.99373E-05 9.99373E-05 9.99373E-05 0.560419
9.9964E-05 0.301537 0.006494 0.161074 0.168735 0.179194 9.9964E-05 9.9964E-05 9.9964E-05 0.182567
