9.9973E-05 9.9973E-05 0.127963 0.807352 0.0643852 9.9973E-05
0.369188 0.131736 9.9991E-05 0.153058 0.0445088 0.30141
0.346114 0.00409379 0.139391 0.265606 0.00532796 0.239468
0.294917 0.0541439 0.128647 0.439611 0.0825813 9.9991E-05
0.268233 9.9991E-05 0.115392 0.0843418 0.0399557 0.491978
0.236993 0.00321216 0.00225672 0.210448 0.173069 0.374021
0.0731881 0.1171 0.100373 0.462276 0.0557733 0.19129
0.399434 0.105215 0.043096 0.339523 0.00526147 0.107471
0.184081 0.108159 0.0972788 0.320716 0.0391284 0.250637
0.025287 0.289275 0.113955 0.229075 0.231019 0.11139
9.9982E-05 9.9982E-05 0.0683639 0.0119068 0.202227 0.717303
9.9982E-05 0.159149 0.0615781 0.111396 9.9982E-05 0.667677
0.141222 0.0126199 0.139776 0.153052 0.0741772 0.479152
0.157129 0.0896184 0.13903 0.38385 0.0772898 0.153083
0.0496246 9.9991E-05 0.17357 0.0209305 0.0182601 0.737515
0.630732 0.133912 0.098973 9.9991E-05 0.0898568 0.0464265
0.0943633 0.0782181 0.0650511 9.9991E-05 0.0967901 0.665477
9.9982E-05 0.28421 0.241629 0.396851 0.0771106 9.9982E-05
0.176288 0.122976 0.094489 0.227942 9.9991E-05 0.378206
0.105919 9.9982E-05 0.044687 0.632521 9.9982E-05 0.216673
0.192953 9.9991E-05 0.18766 0.386241 0.0720471 0.160999
0.139539 0.0725244 0.125238 0.391453 0.0420036 0.229243
0.375214 0.0866701 0.116967 0.371762 0.049287 9.9991E-05
0.20548 0.142252 9.9982E-05 0.159347 9.9982E-05 0.492721
9.9973E-05 9.9973E-05 0.153271 9.9973E-05 0.317073 0.529356
9.999E-05 0.0954276 0.0846208 0.384235 0.0280647 0.407552
0.10992 0.262424 0.121905 0.358708 0.146943 9.9991E-05
0.0663515 0.0798839 0.0525598 0.300368 0.172922 0.327915
0.0747199 0.240499 9.9991E-05 0.173227 0.0668379 0.444616
0.114214 0.617935 0.0402162 0.0655209 9.9991E-05 0.162014
0.12374 0.0217518 0.00289684 9.9991E-05 0.0911304 0.760381
0.14874 0.215271 0.0277834 0.307565 0.158749 0.141891
0.133959 0.0324549 0.105933 0.378007 9.9991E-05 0.349546
0.113079 9.9991E-05 0.0657702 0.27936 0.0968613 0.444829
9.9982E-05 9.9982E-05 0.166524 0.101122 0.150133 0.582021
9.99641E-05 9.99641E-05 0.163474 0.836126 9.99641E-05 9.99641E-05
9.9982E-05 0.00421242 9.9982E-05 0.656977 0.186333 0.152277
9.9991E-05 0.222261 0.0800482 0.360825 0.200515 0.136251
0.0901625 0.139812 0.0125073 0.252164 0.0216438 0.48371
0.262891 0.0171762 0.138322 0.256236 9.9991E-05 0.325275
9.9991E-05 0.146123 0.0184455 0.359074 0.0397997 0.436458
0.132252 0.0260853 0.0318969 0.636964 0.172702 9.9991E-05
0.127977 0.0297469 0.0177221 0.721057 0.103397 9.9991E-05
9.9982E-05 0.230934 9.9982E-05 0.513055 0.0133044 0.242507
0.175877 0.240645 0.111318 0.345411 0.0664255 0.0603238
0.0188285 9.9991E-05 0.0239177 0.359398 0.182714 0.415042
0.212754 0.113431 0.0344698 0.301868 9.9991E-05 0.337376
0.297423 0.0924487 9.9991E-05 0.338663 0.0198176 0.251548
0.113976 0.15119 0.0242664 0.0239714 0.0931391 0.593457
0.525091 0.114428 0.0691542 0.03344 9.9991E-05 0.257787
0.0837502 0.0692341 0.23183 0.178989 0.0330991 0.403097
0.484861 0.0237966 0.146919 0.128169 9.9991E-05 0.216154
0.569476 0.094585 9.9982E-05 0.325364 0.0103756 9.9982E-05
0.263933 0.1362 0.0420937 0.2441 0.2619 0.0517727
0.578282 0.187011 9.9982E-05 9.9982E-05 0.0953575 0.139149
9.9991E-05 0.0538425 0.115341 0.508392 0.0535607 0.268764
0.682831 0.15745 9.99731E-05 9.99731E-05 0.159418 9.99731E-05
0.243725 0.18051 9.9991E-05 0.147402 0.154348 0.273915
0.237169 0.142383 0.0242095 9.9991E-05 0.0688641 0.527275
0.198902 0.0879906 0.0495921 0.157159 0.198216 0.308141
9.9982E-05 0.0703555 0.0548673 0.301578 9.9982E-05 0.572999
9.9982E-05 9.9982E-05 0.164171 0.185074 0.0788295 0.571726
0.0437064 9.9982E-05 0.177552 0.244624 9.9982E-05 0.533918
0.072251 0.70721 0.110001 0.110338 9.9982E-05 9.9982E-05
0.193631 9.9991E-05 0.0636058 0.375023 0.171808 0.195833
0.095565 9.9973E-05 0.0998744 0.804261 9.9973E-05 9.9973E-05
9.9982E-05 0.0862148 0.13558 0.654337 0.123668 9.9982E-05
0.0944544 0.0972766 0.0463083 0.0165525 0.0142289 0.731179
9.9982E-05 0.0184658 0.0212194 0.419544 9.9982E-05 0.540571
0.367004 0.196467 0.137683 0.162517 0.0945348 0.0417937
0.361881 0.12379 0.00983819 0.059069 0.29555 0.149872
0.0713466 0.0628715 0.134871 0.418532 9.9991E-05 0.31228
9.9991E-05 0.167665 0.108437 0.0780779 0.0410962 0.604624
0.269121 0.0858803 0.0205327 9.9991E-05 0.13836 0.486006
0.12033 0.244706 9.9991E-05 0.144384 0.212504 0.277975
0.716103 9.9982E-05 0.0060124 9.9982E-05 0.147257 0.130428
0.0909184 0.0990526 0.108884 0.452688 0.0386014 0.209856
9.9991E-05 0.0575819 0.0502279 0.140244 0.0830134 0.668833
9.9973E-05 9.9973E-05 9.9973E-05 0.163751 0.0487303 0.787219
9.9982E-05 0.102918 0.0982263 0.180617 9.9982E-05 0.618038
0.170703 0.160329 0.0925116 0.413769 0.00837749 0.154309
9.9991E-05 0.125857 0.120925 0.247428 0.0374015 0.468288
9.9982E-05 0.287026 9.9982E-05 0.319432 0.0899885 0.303353
0.484127 0.0874216 9.9982E-05 9.9982E-05 0.0727189 0.355532
9.9982E-05 0.0691704 0.0581079 0.482145 9.9982E-05 0.390377
0.324933 0.0249161 0.00313401 0.390601 0.0847379 0.171679
0.0327862 0.00304789 0.126658 0.598132 9.9991E-05 0.239276
0.292745 9.9991E-05 0.188634 0.0408294 0.124686 0.353005
0.0108474 0.265811 0.09738 0.225975 0.107912 0.292074
0.193617 0.0082763 0.0447316 0.49005 0.0192602 0.244065
9.996E-05 0.9995 9.996E-05 9.996E-05 9.996E-05 9.996E-05
9.9991E-05 0.0870651 0.103236 0.0527318 0.143601 0.613266
9.9982E-05 9.9982E-05 0.141723 0.55013 0.00705203 0.300895
0.250564 0.0948621 0.109502 9.9982E-05 9.9982E-05 0.544871
9.9982E-05 9.9982E-05 0.02553 0.534517 0.0629649 0.376789
0.0279097 0.0614094 0.0446473 0.60985 0.0330424 0.223141
0.329375 0.0749002 9.9991E-05 0.429598 0.162245 0.00378192
0.229357 9.9991E-05 0.0705832 0.316628 0.171717 0.211614
9.9982E-05 0.652674 0.113652 0.082808 9.9982E-05 0.150666
9.9973E-05 0.352726 9.9973E-05 0.155588 9.9973E-05 0.491386
0.11409 0.15497 0.0974982 0.181269 0.0353126 0.416861
9.996E-05 0.9995 9.996E-05 9.996E-05 9.996E-05 9.996E-05
0.316166 0.0265715 0.044203 0.0837699 0.11348 0.41581
9.99729E-05 0.0271867 0.00691492 9.99729E-05 0.965598 9.99729E-05
0.255097 0.120318 0.0712892 0.178823 0.136344 0.238128
0.541995 0.0461478 9.9982E-05 0.186898 9.9982E-05 0.224759
0.188998 0.0964049 0.00707475 0.300909 0.0666651 0.339948
0.312181 0.13372 0.0457986 0.350206 9.9991E-05 0.157994
0.0043446 0.185313 0.0507256 0.0401909 0.077355 0.64207
9.9991E-05 0.0409362 0.116525 0.369778 0.0214935 0.451167
0.189183 9.9991E-05 0.0530395 0.279185 0.165852 0.312641
0.0259123 0.214149 0.0710236 0.0627708 0.0766119 0.549533
0.484542 0.0201109 0.00349556 0.205652 0.0556051 0.230594
9.9991E-05 0.513602 0.0913106 0.0685943 0.0449926 0.281401
0.230168 0.0241313 9.9982E-05 0.467741 9.9982E-05 0.277759
9.996E-05 0.9995 9.996E-05 9.996E-05 9.996E-05 9.996E-05
0.288978 9.9991E-05 0.00950236 0.117384 0.182371 0.401665
0.121658 0.0573603 0.117024 0.703759 9.9982E-05 9.9982E-05
0.24309 0.0394603 0.00898382 0.383441 0.0363173 0.288708
0.00020732 0.189942 0.148857 0.360498 0.13591 0.164585
0.229913 0.111967 0.133307 0.452246 0.0724684 9.9991E-05
9.9991E-05 0.482345 0.148513 0.0963053 0.00960686 0.26313
0.116529 0.27684 0.0925547 0.351176 0.125795 0.0371053
0.461436 9.9991E-05 0.023421 0.106372 0.0611693 0.347502
0.016905 0.352121 0.116274 9.9991E-05 0.0873008 0.4273
0.283581 9.9973E-05 0.0655168 9.9973E-05 9.9973E-05 0.650603
0.172363 9.9991E-05 0.111295 0.17773 0.0739387 0.464573
9.9991E-05 0.289862 0.0400248 0.25835 0.0969815 0.314681
0.261536 9.9991E-05 0.0195561 0.226139 0.04359 0.449079
0.202309 0.175398 0.0560352 0.168771 0.124267 0.273219
9.9973E-05 0.0310703 0.122297 0.846333 9.9973E-05 9.9973E-05
0.223688 0.0606529 0.121877 0.393614 0.0556336 0.144535
0.231247 0.254213 0.0323477 0.000811389 0.0295933 0.451788
0.150413 0.100298 0.117728 0.2207 9.9991E-05 0.410761
0.103513 0.185744 0.0347807 0.523801 0.0894581 0.0627033
0.181198 0.139511 0.103049 9.9991E-05 0.200792 0.375351
0.899198 9.9982E-05 9.9982E-05 0.00137958 0.0170281 0.0821939
0.994434 9.9964E-05 0.00516642 9.9964E-05 9.9964E-05 9.9964E-05
0.22158 0.192835 0.111406 0.303811 0.0438069 0.126561
9.9991E-05 0.0826735 0.0159908 0.309797 0.105358 0.486081
0.0535989 0.116091 0.0847345 0.493915 0.161705 0.0899551
0.198253 9.9982E-05 0.0668721 9.9982E-05 0.066079 0.668596
0.131557 0.136034 0.0550683 0.105496 0.120805 0.45104
0.0259421 0.155888 0.0259502 0.346409 0.0755108 0.3703
0.0682371 0.123492 0.0744137 0.387745 0.090478 0.255634
9.9991E-05 0.423442 0.123071 0.226221 0.02285 0.204315
0.114675 0.0294107 0.0315687 0.276719 0.1181 0.429527
9.996E-05 9.996E-05 0.9995 9.996E-05 9.996E-05 9.996E-05
9.9982E-05 0.033519 0.113262 0.763107 0.0899125 9.9982E-05
0.279786 9.9991E-05 0.0064709 0.448314 0.234194 0.031136
0.0389966 0.116107 0.05522 0.0726356 0.125484 0.591557
0.206304 9.9991E-05 0.0910028 0.138846 0.210636 0.353111
0.14367 0.190521 0.16152 0.201776 0.11936 0.183152
0.0140266 0.170376 0.0856904 0.232531 0.0559466 0.441429
0.145895 0.0445245 0.0607332 0.186119 0.027215 0.535513
0.360302 0.168194 0.0651401 0.267225 0.0665547 0.0725842
0.13421 9.9991E-05 0.131497 0.41401 0.0263078 0.293876
0.156537 0.0868486 0.0920836 0.215856 0.0440924 0.404582
0.18319 0.101507 9.9973E-05 0.715002 9.9973E-05 9.9973E-05
0.108326 0.112582 0.0579451 0.265299 0.0278084 0.42804
9.9982E-05 9.9982E-05 0.105322 0.351289 0.0592494 0.48394
9.996E-05 9.996E-05 0.9995 9.996E-05 9.996E-05 9.996E-05
0.127745 9.9982E-05 0.505875 0.124853 9.9982E-05 0.241327
0.472723 9.9973E-05 9.9973E-05 0.354575 0.172402 9.9973E-05
0.365774 0.0954789 0.0874877 0.208857 0.0773423 0.165061
9.9982E-05 0.0555873 0.0911039 0.770768 0.0823407 9.9982E-05
0.0963055 9.9991E-05 0.045713 0.399486 0.0454713 0.412924
0.383021 9.9991E-05 0.0498401 0.179777 0.168117 0.219146
0.9995 9.996E-05 9.996E-05 9.996E-05 9.996E-05 9.996E-05
0.0184678 0.0834372 0.184816 0.360559 9.9991E-05 0.35262
0.156222 0.149428 9.9991E-05 0.0202871 0.0649685 0.608994
0.370106 0.117468 0.0619399 0.0314374 0.137851 0.281197
0.128459 0.0820809 0.175254 0.332642 9.9991E-05 0.281464
0.713737 9.9973E-05 9.9973E-05 9.9973E-05 0.179032 0.106932
0.134295 9.9991E-05 0.0679712 0.566731 0.0138351 0.217068
0.109559 9.9982E-05 9.9982E-05 0.282832 0.164231 0.443179
0.242788 9.9991E-05 0.109466 0.171237 0.0269007 0.449508
0.625359 0.0648773 9.9982E-05 0.230926 0.0786378 9.9982E-05
9.996E-05 9.996E-05 9.996E-05 9.996E-05 0.9995 9.996E-05
0.192716 0.200183 9.9991E-05 0.368405 0.111364 0.127232
9.9973E-05 0.168776 0.143733 9.9973E-05 9.9973E-05 0.687191
0.00511512 0.195667 0.181971 0.113146 0.0570067 0.447095
0.253538 0.0497434 0.0895245 0.303824 0.0474822 0.255887
0.301967 0.226703 9.9982E-05 0.387805 9.9982E-05 0.0833251
0.304546 0.0824664 0.0627485 0.367823 0.0405608 0.141855
9.996E-05 9.996E-05 9.996E-05 9.996E-05 0.9995 9.996E-05
0.153935 9.9991E-05 0.178778 0.386877 0.00558177 0.274728
0.211688 0.0874778 0.0830679 0.186863 0.220448 0.210454
0.121527 9.9982E-05 0.0478511 0.524046 9.9982E-05 0.306376
0.44439 0.251041 0.0409521 0.263417 9.9982E-05 9.9982E-05
