0.669423 0.0470782 9.9991E-05 0.283399
9.999E-05 0.102574 0.534368 0.362958
0.434181 0.387049 9.99911E-05 0.17867
0.443471 0.222526 0.139658 0.194345
9.999E-05 0.282005 0.694518 0.0233772
0.657875 9.9982E-05 0.341925 9.9982E-05
0.0865521 0.0659975 0.828786 0.0186645
0.741914 9.9991E-05 0.0210766 0.236909
9.999E-05 0.160125 0.184341 0.655433
0.457645 0.260709 9.99911E-05 0.281546
0.492152 0.0336751 0.164499 0.309674
9.99821E-05 9.99821E-05 0.376733 0.623067
0.201884 9.9991E-05 0.248704 0.549311
0.330583 9.99821E-05 0.669217 9.99821E-05
0.185345 9.99911E-05 0.147535 0.667021
0.463956 0.282103 0.0606728 0.193269
0.149296 0.0414632 0.146406 0.662835
0.566385 0.117962 0.315553 9.99911E-05
0.00164955 0.0505312 9.9991E-05 0.947719
0.617877 0.163009 0.177943 0.0411708
0.699802 9.99822E-05 0.299998 9.99822E-05
0.0272547 0.35851 9.9991E-05 0.614135
0.101949 0.242108 0.432783 0.22316
9.99821E-05 0.381028 0.618772 9.99821E-05
0.753886 0.219248 0.0267665 9.99911E-05
0.483646 0.232071 9.9991E-05 0.284184
0.0835328 0.274418 9.9991E-05 0.641949
0.552977 9.99911E-05 0.258933 0.18799
0.653971 9.99821E-05 9.99821E-05 0.345829
0.0206231 0.798917 9.9991E-05 0.18036
0.239216 9.99911E-05 0.641888 0.118796
0.16097 0.128118 0.463271 0.24764
0.140981 0.343816 9.99911E-05 0.515103
0.37553 0.0105808 0.276377 0.337512
0.626273 0.172459 0.201168 9.9991E-05
0.409006 9.99911E-05 0.427019 0.163875
0.067704 9.99911E-05 0.74994 0.182256
0.0905452 0.511453 0.0158934 0.382108
0.281646 9.9991E-05 0.400306 0.317948
0.504979 0.0729109 0.207045 0.215065
9.99911E-05 0.334572 0.0609972 0.60433
0.103848 0.0682547 0.483505 0.344392
0.4562 0.136566 0.238748 0.168486
0.550045 0.0629108 9.99911E-05 0.386944
0.211662 0.185538 0.244987 0.357813
0.71263 9.99911E-05 0.0154917 0.271779
0.467438 0.200363 9.9991E-05 0.3321
0.186752 0.00344044 0.344465 0.465343
0.39518 0.00127501 9.99911E-05 0.603445
0.935269 9.9991E-05 0.0596863 0.00494501
0.698137 0.301663 9.9982E-05 9.9982E-05
9.99911E-05 0.130069 0.497136 0.372695
9.9982E-05 0.394426 9.9982E-05 0.605374
0.757579 0.0780974 9.99911E-05 0.164224
9.99821E-05 9.99821E-05 0.701246 0.298555
0.0941739 9.99911E-05 0.288319 0.617408
0.169503 0.117945 0.402839 0.309713
9.99822E-05 9.99822E-05 0.706245 0.293555
0.326679 9.9991E-05 0.307327 0.365893
0.54689 9.9991E-05 0.293943 0.159068
0.659938 0.0248232 9.99911E-05 0.315139
9.9991E-05 0.122491 0.495157 0.382252
9.99821E-05 0.0205394 9.99821E-05 0.979261
0.4919 0.5079 9.99821E-05 9.99821E-05
0.635966 0.235057 0.00863117 0.120346
0.0620932 0.239089 9.9991E-05 0.698718
0.678375 0.125603 0.195921 9.9991E-05
0.297763 0.00728788 0.155362 0.539587
0.373984 9.99821E-05 9.99821E-05 0.625816
0.477886 0.154724 9.99911E-05 0.36729
0.139925 9.9991E-05 0.594565 0.26541
9.99911E-05 0.108334 0.1101 0.781466
9.998E-05 9.998E-05 0.9997 9.998E-05
0.466236 9.99911E-05 0.0833698 0.450294
0.356204 0.265014 0.378682 9.99911E-05
9.99821E-05 9.99821E-05 0.432283 0.567517
0.252484 0.178858 9.99911E-05 0.568557
9.9991E-05 0.105294 0.323043 0.571562
0.576155 0.0577421 9.9991E-05 0.366003
0.260162 9.99911E-05 0.286398 0.45334
0.677267 9.99911E-05 0.120947 0.201686
0.559427 0.157104 9.99911E-05 0.283369
0.413113 9.99911E-05 0.494303 0.0924841
0.315238 0.258658 9.9991E-05 0.426004
0.340263 0.0422262 0.526626 0.0908847
0.412436 0.0468855 0.0566633 0.484015
9.99911E-05 0.229172 0.279007 0.491721
9.9982E-05 0.590571 0.40923 9.9982E-05
0.709466 0.109397 9.99911E-05 0.181037
0.158025 0.228552 9.9991E-05 0.613323
0.188378 0.811422 9.99821E-05 9.99821E-05
0.171799 0.0365232 0.791577 9.99911E-05
9.99911E-05 0.205713 0.382119 0.412068
0.279316 0.209255 0.358311 0.153118
9.9991E-05 0.110149 0.0681797 0.821571
0.0820393 0.104103 0.457197 0.35666
0.267112 0.179813 0.394621 0.158454
0.232191 9.9991E-05 0.111412 0.656296
0.436254 0.524755 0.0388906 9.9991E-05
9.9991E-05 0.447552 0.409904 0.142444
9.99822E-05 0.0638862 0.935914 9.99822E-05
9.998E-05 0.9997 9.998E-05 9.998E-05
9.99911E-05 0.317595 0.194276 0.488029
0.631866 0.367935 9.99821E-05 9.99821E-05
0.619992 9.9991E-05 0.00394159 0.375967
0.0524503 0.215177 0.150961 0.581411
0.437584 9.9991E-05 0.543288 0.0190279
0.580929 0.061305 0.0880896 0.269676
0.577577 9.99911E-05 0.0058637 0.416459
0.67612 0.225226 9.99911E-05 0.0985549
9.9991E-05 0.27716 0.594851 0.12789
0.903829 0.0746263 0.0214449 9.9991E-05
0.259861 0.739939 9.99821E-05 9.99821E-05
0.747206 0.115485 0.00760333 0.129706
9.99821E-05 0.994319 0.00548113 9.99821E-05
0.166564 9.99911E-05 0.165401 0.667936
0.503548 0.00510039 9.9991E-05 0.491252
0.14916 0.149762 9.9991E-05 0.700978
0.408364 0.348669 9.9991E-05 0.242867
0.481796 0.102959 0.333493 0.0817521
9.9991E-05 0.621251 0.0926142 0.286034
0.143116 0.149869 0.706915 9.9991E-05
0.961707 0.0380935 9.99821E-05 9.99821E-05
0.274526 0.00257723 0.623507 0.0993894
0.110227 0.253571 9.9991E-05 0.636102
0.195947 0.135956 0.212569 0.455527
0.205377 0.335201 0.0162293 0.443193
0.558637 9.9991E-05 0.0661067 0.375156
0.723931 0.275869 9.99822E-05 9.99822E-05
0.387282 0.334658 0.177269 0.100791
9.99822E-05 9.99822E-05 0.254022 0.745778
0.379312 0.0867028 0.533885 9.9991E-05
0.0855387 9.99911E-05 0.158783 0.755578
0.351267 9.99821E-05 9.99821E-05 0.648533
0.275138 0.145636 9.9991E-05 0.579126
0.9997 9.998E-05 9.998E-05 9.998E-05
0.839718 9.99821E-05 9.99821E-05 0.160082
0.985682 0.0141183 9.99822E-05 9.99822E-05
0.194444 9.99911E-05 0.295905 0.509551
0.799558 0.087684 9.9991E-05 0.112658
0.419021 9.99822E-05 0.580779 9.99822E-05
9.99911E-05 0.231858 0.47695 0.291092
0.170793 0.104313 0.209471 0.515423
9.99822E-05 0.353641 9.99822E-05 0.646159
0.198644 0.498446 0.30281 9.9991E-05
0.400242 0.153325 0.143507 0.302926
0.0085586 9.9991E-05 0.929803 0.0615383
0.837632 0.162168 9.99821E-05 9.99821E-05
0.267815 0.0957195 0.636366 9.9991E-05
9.99822E-05 9.99822E-05 0.550446 0.449354
0.459898 9.99911E-05 0.367228 0.172774
9.99821E-05 9.99821E-05 0.0779296 0.92187
0.609204 9.9991E-05 0.25259 0.138106
0.297849 0.1442 0.188074 0.369878
0.0415494 0.0624131 0.895938 9.99911E-05
0.30915 9.99911E-05 0.314683 0.376067
0.439042 0.0453605 0.515498 9.99911E-05
0.877393 9.99822E-05 9.99822E-05 0.122407
0.916833 9.99821E-05 9.99821E-05 0.0829666
0.155923 0.313923 0.115431 0.414723
9.99821E-05 9.99821E-05 0.780277 0.219523
0.533414 9.99821E-05 9.99821E-05 0.466386
0.29239 0.0453467 0.423174 0.239089
0.0713727 9.99911E-05 0.351982 0.576546
0.0772031 9.99822E-05 9.99822E-05 0.922597
0.261507 0.222862 0.274263 0.241368
0.878983 9.99821E-05 0.120817 9.99821E-05
0.432767 9.99822E-05 9.99822E-05 0.567033
9.998E-05 9.998E-05 0.9997 9.998E-05
0.311241 0.165667 0.352864 0.170228
0.717748 9.99822E-05 9.99822E-05 0.282052
0.550511 9.9991E-05 0.0231835 0.426206
0.0213403 9.9991E-05 0.312609 0.66595
0.73255 0.167431 0.0935376 0.00648189
0.427959 0.166945 0.0536032 0.351493
0.603107 9.99911E-05 0.11216 0.284633
0.232188 0.219084 0.24144 0.307287
0.925122 9.99822E-05 0.0746784 9.99822E-05
0.747874 9.99911E-05 0.218544 0.0334812
0.216124 0.0501765 9.99911E-05 0.7336
0.280434 9.99911E-05 0.445611 0.273856
0.387097 0.0614911 0.17002 0.381392
0.646971 0.0261296 0.179215 0.147684
0.479946 0.167948 0.0829419 0.269164
0.9997 9.998E-05 9.998E-05 9.998E-05
0.243842 9.99822E-05 9.99822E-05 0.755958
0.39893 9.9991E-05 0.222012 0.378958
0.379441 0.0969803 0.327926 0.195653
0.198153 0.256421 0.545326 9.9991E-05
