0.105331 0.0470661 9.9955E-05 0.00181754 0.00600963 0.839276 9.9955E-05 9.9955E-05 9.9955E-05 9.9955E-05
9.9973E-05 0.164813 0.0609633 0.015729 0.143398 0.170316 9.9973E-05 0.216343 9.9973E-05 0.228138
0.130253 0.0763912 0.0625394 9.99729E-05 0.0446428 9.99729E-05 0.0175143 0.287326 0.381034 9.99729E-05
9.998E-05 0.162178 0.125746 0.0741927 0.0968396 0.0827181 0.0470397 0.125344 0.285742 9.998E-05
9.996E-05 0.214959 9.996E-05 0.0234322 9.996E-05 9.996E-05 0.0615466 0.133675 0.375202 0.190785
9.9964E-05 0.0746009 9.9964E-05 0.0715386 9.9964E-05 9.9964E-05 0.00355029 0.479917 0.0297542 0.340239
0.0845524 0.227957 0.0347326 0.0488881 9.9982E-05 0.205891 0.0972898 0.128186 0.172302 9.9982E-05
0.156389 9.9982E-05 0.0153013 9.9982E-05 0.228323 0.147499 0.0157317 0.0242041 0.408445 0.00390674
0.155493 9.9946E-05 9.9946E-05 0.00401574 9.9946E-05 9.9946E-05 0.0485504 9.9946E-05 0.791342 9.9946E-05
0.520475 0.026618 0.110749 0.121915 9.9973E-05 0.00355408 0.085116 9.9973E-05 9.9973E-05 0.131273
0.12197 0.00625481 9.9955E-05 0.0989819 9.9955E-05 9.9955E-05 9.9955E-05 9.9955E-05 0.525373 0.246921
0.346284 0.0972275 0.0916506 9.99639E-05 9.99639E-05 9.99639E-05 0.000306592 9.99639E-05 0.0558885 0.408243
9.9973E-05 0.163411 0.0410318 0.0864948 9.9973E-05 9.9973E-05 0.0509964 0.215036 0.436047 0.00668351
0.0915839 9.9991E-05 0.0979464 0.0703988 0.0623621 0.241619 0.0759031 0.0390107 0.0623326 0.258743
9.99549E-05 9.99549E-05 9.99549E-05 0.00992997 0.0637304 0.0734596 0.0362112 9.99549E-05 9.99549E-05 0.816169
0.0141201 9.9973E-05 0.159302 9.9973E-05 0.374395 0.131107 0.0560259 9.9973E-05 0.0943576 0.170392
9.99279E-05 9.99279E-05 9.99279E-05 0.0665927 9.99279E-05 9.99279E-05 9.99279E-05 9.99279E-05 9.99279E-05 0.932608
0.101872 9.9982E-05 0.113307 0.0148174 0.123774 0.106837 0.145511 0.260511 0.133172 9.9982E-05
9.9964E-05 0.224568 9.9964E-05 9.9964E-05 9.9964E-05 0.124594 0.029288 0.287322 0.19222 0.141608
0.173386 0.093638 0.109868 0.0388963 0.0704338 0.0087402 0.0389997 0.29909 0.166847 9.9991E-05
0.0730862 0.0389293 9.99549E-05 9.99549E-05 9.99549E-05 0.224041 0.0873382 9.99549E-05 0.576105 9.99549E-05
9.99729E-05 0.395292 9.99729E-05 0.0412783 9.99729E-05 0.195979 0.0145579 0.132517 0.0325391 0.187537
9.9964E-05 0.0719107 9.9964E-05 0.0530078 0.104295 9.9964E-05 0.122105 0.137601 0.51068 9.9964E-05
9.9964E-05 0.0311518 0.212004 9.9964E-05 0.118051 9.9964E-05 0.0209267 0.598103 9.9964E-05 0.0193638
0.18071 9.9964E-05 0.00154869 0.218032 9.9964E-05 9.9964E-05 0.0864086 9.9964E-05 0.348607 0.164294
0.017314 9.9973E-05 0.064216 0.00773353 0.0524822 0.322084 9.9973E-05 9.9973E-05 0.0751086 0.460762
0.564081 9.99824E-05 0.0462593 0.00753217 0.174529 0.0199299 0.0944833 0.0801351 9.99824E-05 0.0128508
0.0901016 0.00532452 0.0871936 0.113016 9.9982E-05 0.138231 0.0611255 0.330351 9.9982E-05 0.174457
0.0542507 0.0162679 0.14423 9.9964E-05 9.9964E-05 9.9964E-05 9.9964E-05 0.340657 0.141139 0.303056
9.99639E-05 9.99639E-05 0.547988 9.99639E-05 0.0894225 0.0969763 0.0105959 0.0609286 0.193689 9.99639E-05
0.169007 0.0446426 0.104587 0.0821669 0.0439849 9.9991E-05 0.0190037 0.239779 0.107258 0.189472
0.999101 9.99201E-05 9.99201E-05 9.99201E-05 9.99201E-05 9.99201E-05 9.99201E-05 9.99201E-05 9.99201E-05 9.99201E-05
9.9973E-05 0.00692075 0.0910866 9.9973E-05 9.9973E-05 0.151205 0.0275452 0.463606 0.0445433 0.214793
0.159138 9.997E-05 9.997E-05 9.997E-05 0.162412 0.0886525 0.0522097 0.383429 0.121806 0.0320532
0.10478 9.9964E-05 9.9964E-05 0.0738754 9.9964E-05 0.143632 0.0695456 9.9964E-05 0.22752 0.380247
9.99281E-05 9.99281E-05 9.99281E-05 9.99281E-05 9.99281E-05 0.968867 0.0303338 9.99281E-05 9.99281E-05 9.99281E-05
9.9946E-05 9.9946E-05 0.0206122 0.160516 9.9946E-05 0.17583 9.9946E-05 0.642442 9.9946E-05 9.9946E-05
0.558586 9.9955E-05 0.108376 0.0724212 9.9955E-05 0.123087 9.9955E-05 9.9955E-05 0.13703 9.9955E-05
9.9973E-05 9.9973E-05 0.057357 0.108418 0.0562241 9.9973E-05 0.0214885 0.447896 0.0375815 0.270735
0.317373 0.0240348 9.9982E-05 9.9982E-05 0.1385 0.124089 0.0661978 0.183149 0.0419781 0.104479
9.9955E-05 0.537388 9.9955E-05 0.0440214 0.0820196 9.9955E-05 0.0544447 0.281627 9.9955E-05 9.9955E-05
0.232878 9.9955E-05 9.9955E-05 0.0560571 0.0747309 9.9955E-05 0.0582173 0.577617 9.9955E-05 9.9955E-05
9.9973E-05 0.11483 9.9973E-05 0.0453845 0.0820656 0.114049 0.0472303 0.555585 9.9973E-05 0.0405559
0.0641805 0.258593 0.162209 9.9955E-05 9.9955E-05 0.280542 9.9955E-05 0.233976 9.9955E-05 9.9955E-05
0.938712 9.99279E-05 9.99279E-05 9.99279E-05 0.0604883 9.99279E-05 9.99279E-05 9.99279E-05 9.99279E-05 9.99279E-05
0.405421 9.9964E-05 9.9964E-05 0.121716 9.9964E-05 0.0850323 0.0374416 0.23443 9.9964E-05 0.11556
9.9964E-05 0.137739 9.9964E-05 9.9964E-05 0.0264643 9.9964E-05 0.0183258 0.311867 0.322957 0.182247
0.19523 0.130583 9.9973E-05 9.9973E-05 0.0145289 9.9973E-05 0.00245429 0.53993 0.0404098 0.0765642
0.263352 0.235492 0.0765259 9.9964E-05 0.0798825 9.9964E-05 0.0202131 0.324134 9.9964E-05 9.9964E-05
9.9964E-05 0.171706 9.9964E-05 9.9964E-05 0.0777045 0.0637703 0.0671914 0.311839 9.9964E-05 0.307389
0.0787072 0.139809 0.122332 0.0920319 9.9982E-05 0.0924353 0.0695941 9.9982E-05 0.10125 0.303641
0.14254 0.026386 9.9991E-05 0.0145984 0.0415281 0.0138818 0.096912 0.189161 0.456986 0.0179066
9.9955E-05 0.0446201 0.0331618 0.0307302 0.587948 9.9955E-05 9.9955E-05 0.30304 9.9955E-05 9.9955E-05
0.138699 9.9973E-05 9.9973E-05 0.0606478 0.154238 0.0833944 0.0205452 0.166602 0.375573 9.9973E-05
0.0217955 0.928249 9.9946E-05 9.9946E-05 0.0398012 9.9946E-05 0.009555 9.9946E-05 9.9946E-05 9.9946E-05
0.106117 9.9955E-05 9.9955E-05 9.9955E-05 9.9955E-05 0.00181959 0.0865249 0.704139 9.9955E-05 0.1009
9.99201E-05 0.999101 9.99201E-05 9.99201E-05 9.99201E-05 9.99201E-05 9.99201E-05 9.99201E-05 9.99201E-05 9.99201E-05
9.99459E-05 0.762096 9.99459E-05 0.00148493 9.99459E-05 9.99459E-05 0.0393297 0.19649 9.99459E-05 9.99459E-05
0.290132 9.99729E-05 0.0681266 9.99729E-05 0.236529 9.99729E-05 0.0118851 0.225288 0.00595571 0.161784
0.550753 9.9964E-05 9.9964E-05 0.0724785 9.9964E-05 0.104095 9.9964E-05 0.0795226 0.0302601 0.162492
9.9973E-05 0.0674558 0.0376824 0.0246128 0.0268391 9.9973E-05 0.00345533 0.526298 0.313357 9.9973E-05
0.144993 9.9973E-05 9.9973E-05 0.0388039 0.0634755 9.9973E-05 0.141367 0.284539 0.18282 0.143702
0.0609806 0.166316 0.0181358 9.9982E-05 9.9982E-05 0.0931074 0.0306667 0.332248 0.0578725 0.240473
9.9937E-05 9.9937E-05 0.842292 9.9937E-05 9.9937E-05 0.0543442 0.102664 9.9937E-05 9.9937E-05 9.9937E-05
0.0121198 9.9973E-05 9.9973E-05 0.161306 0.113896 0.27926 9.9973E-05 0.405043 0.0270527 0.00102228
9.9946E-05 9.9946E-05 9.9946E-05 9.9946E-05 0.0020721 0.984492 0.00264959 9.9946E-05 9.9946E-05 0.0101864
0.129431 0.257092 9.9964E-05 0.0310066 9.9964E-05 0.37419 0.0893042 0.118577 9.9964E-05 9.9964E-05
9.9955E-05 0.0136114 0.0423535 9.9955E-05 9.9955E-05 9.9955E-05 0.0164167 0.574606 0.352513 9.9955E-05
9.9946E-05 9.9946E-05 0.0613011 9.9946E-05 9.9946E-05 0.247784 9.9946E-05 0.453207 0.237109 9.9946E-05
0.0569903 0.0887063 0.121603 9.9991E-05 0.114574 0.0344667 0.0811679 0.267571 0.116087 0.118733
0.661207 9.99644E-05 0.0799999 0.0541599 0.0229206 9.99644E-05 9.99644E-05 0.0429577 0.138355 9.99644E-05
0.0012854 0.214268 9.9964E-05 9.9964E-05 0.0733579 0.242559 0.0930656 9.9964E-05 9.9964E-05 0.375064
9.999E-05 0.0543934 0.0817219 0.0513092 0.0269403 0.013985 0.105696 0.292412 0.113118 0.260325
0.0881807 0.172196 0.0320224 0.0151667 9.99729E-05 9.99729E-05 0.0138201 0.507926 9.99729E-05 0.170388
0.120145 0.364427 0.040879 0.129402 0.0221658 0.147951 9.9973E-05 9.9973E-05 9.9973E-05 0.17473
0.312203 0.0353356 9.9964E-05 0.0238802 0.217072 9.9964E-05 9.9964E-05 0.131347 9.9964E-05 0.279762
0.291115 9.9946E-05 9.9946E-05 9.9946E-05 9.9946E-05 9.9946E-05 0.110291 0.552876 9.9946E-05 0.0451187
9.99596E-05 9.99596E-05 0.0183626 0.0863689 9.99596E-05 9.99596E-05 0.023554 0.553159 0.318056 9.99596E-05
9.99549E-05 9.99549E-05 9.99549E-05 0.00969965 0.0151872 0.0145294 9.99549E-05 0.602919 0.357165 9.99549E-05
0.240208 9.9982E-05 0.0722472 0.0291572 0.0543254 0.0233552 0.00790798 0.50193 9.9982E-05 0.0706685
0.0428157 0.166078 0.0304668 9.9982E-05 0.0453521 0.0447409 0.0439151 0.189639 0.436793 9.9982E-05
9.99281E-05 9.99281E-05 9.99281E-05 9.99281E-05 9.99281E-05 9.99281E-05 0.0169687 9.99281E-05 0.982232 9.99281E-05
0.269359 0.152416 0.132014 0.0604635 0.126644 9.9964E-05 9.9964E-05 0.258703 9.9964E-05 9.9964E-05
9.9973E-05 9.9973E-05 0.0585528 0.0177866 0.253789 9.9973E-05 0.0281196 0.188585 0.161682 0.291185
9.9964E-05 0.324119 0.00844641 9.9964E-05 9.9964E-05 0.00876429 0.0929531 0.533684 9.9964E-05 0.0316335
0.282094 0.280765 9.9955E-05 0.00238603 0.125702 9.9955E-05 9.9955E-05 9.9955E-05 0.308553 9.9955E-05
9.99459E-05 9.99459E-05 9.99459E-05 9.99459E-05 9.99459E-05 0.679066 0.0121993 0.181418 9.99459E-05 0.126718
0.289467 9.99551E-05 9.99551E-05 0.0245485 9.99551E-05 9.99551E-05 0.0595456 9.99551E-05 0.295201 0.330738
9.9982E-05 0.0102409 0.189665 0.0775789 0.00176659 0.325139 0.0314324 9.9982E-05 0.0631689 0.300809
0.13882 0.257187 9.9946E-05 9.9946E-05 9.9946E-05 9.9946E-05 0.0104522 9.9946E-05 0.592941 9.9946E-05
9.99279E-05 9.99279E-05 0.940395 0.0588055 9.99279E-05 9.99279E-05 9.99279E-05 9.99279E-05 9.99279E-05 9.99279E-05
0.171619 0.382517 9.9964E-05 0.0235491 9.9964E-05 9.9964E-05 0.0176796 9.9964E-05 0.175117 0.229119
9.9955E-05 9.9955E-05 9.9955E-05 9.9955E-05 0.0668529 0.104143 0.0486403 0.417668 0.362197 9.9955E-05
9.9973E-05 0.085348 0.016467 9.9973E-05 0.233581 0.125077 0.0573534 9.9973E-05 0.0437668 0.438106
9.9973E-05 0.178184 9.9973E-05 0.0422423 0.0393645 0.0637274 0.02459 0.590672 0.0609202 9.9973E-05
9.9982E-05 0.0127601 0.0578374 0.0203177 0.0893602 0.0594706 9.9982E-05 0.464753 0.283793 0.0115079
0.0123177 0.567666 0.0353581 0.0586712 0.133224 0.110026 9.9973E-05 0.0824368 9.9973E-05 9.9973E-05
0.27176 9.99551E-05 9.99551E-05 0.0767026 9.99551E-05 0.125393 9.99551E-05 0.427208 0.0984374 9.99551E-05
0.0865492 0.0515076 0.390196 9.9982E-05 9.9982E-05 0.00909795 0.092934 0.0169862 0.218802 0.133727
0.0781537 0.102881 0.373552 9.99639E-05 9.99639E-05 9.99639E-05 9.99639E-05 0.123633 0.144474 0.176906
0.115779 0.18593 0.0827185 0.0229222 0.00829836 0.106481 0.0585113 0.21415 0.0285469 0.176662
9.9928E-05 9.9928E-05 0.996621 9.9928E-05 9.9928E-05 9.9928E-05 0.00257965 9.9928E-05 9.9928E-05 9.9928E-05
9.9991E-05 0.177374 0.0534666 0.116553 0.0529861 0.0376105 0.0695469 0.242265 0.014415 0.235684
0.120461 9.99279E-05 9.99279E-05 0.878739 9.99279E-05 9.99279E-05 9.99279E-05 9.99279E-05 9.99279E-05 9.99279E-05
0.078479 0.123655 9.9973E-05 0.0576331 0.122253 0.00677514 9.9973E-05 9.9973E-05 0.247662 0.363242
9.9991E-05 0.281217 0.0014854 0.00720187 0.123512 0.0648298 0.00647624 0.23312 0.129478 0.152581
0.14255 0.168807 9.9982E-05 0.0125615 0.155375 0.122397 9.9982E-05 0.0491273 0.0119541 0.337028
9.99729E-05 0.272091 0.0159091 0.0367599 0.0227316 0.108973 9.99729E-05 0.245198 0.298038 9.99729E-05
0.23934 9.9973E-05 0.0521497 0.00729872 0.0963539 9.9973E-05 0.0304765 0.274449 9.9973E-05 0.299633
0.086591 0.053942 0.102545 9.9973E-05 9.9973E-05 0.199096 0.0187318 0.368495 9.9973E-05 0.170299
9.9973E-05 9.9973E-05 9.9973E-05 0.0698784 0.000257407 0.112305 0.0227711 0.375265 0.278967 0.140256
0.197645 0.25264 9.9946E-05 9.9946E-05 9.9946E-05 9.9946E-05 0.0897665 0.459349 9.9946E-05 9.9946E-05
0.123432 0.0801789 0.0612308 0.046993 0.266679 9.9982E-05 9.9982E-05 0.334516 0.0288847 0.0578852
0.040732 9.9973E-05 0.330078 9.9973E-05 9.9973E-05 0.021703 0.0249855 0.182762 0.313648 0.0857922
0.170756 0.0349063 0.0195224 0.0164922 0.00743018 0.182005 9.9982E-05 0.250651 0.318036 9.9982E-05
9.99201E-05 9.99201E-05 0.999101 9.99201E-05 9.99201E-05 9.99201E-05 9.99201E-05 9.99201E-05 9.99201E-05 9.99201E-05
0.0424507 0.0767062 9.9982E-05 0.105068 0.0176903 0.0189042 9.9982E-05 0.06274 0.399116 0.277124
0.153142 0.0766638 0.0164509 9.9973E-05 0.0847613 0.590588 0.0216319 9.9973E-05 0.0564618 9.9973E-05
0.0891038 0.141897 0.0218898 9.9964E-05 9.9964E-05 9.9964E-05 9.9964E-05 0.461682 0.27485 0.0101786
0.436671 9.9964E-05 9.9964E-05 0.0486092 9.9964E-05 0.0514443 0.0984365 9.9964E-05 0.0734572 0.290982
9.9964E-05 9.9964E-05 0.126542 0.082103 0.175598 0.461612 0.0299605 9.9964E-05 0.123785 9.9964E-05
9.9982E-05 9.9982E-05 0.404467 0.0242932 0.0213691 0.0790113 0.112721 0.243765 0.0428271 0.0713464
0.120743 0.127182 0.184462 0.0850556 0.147547 0.190107 0.0681439 0.0180292 0.0586307 9.9991E-05
0.0899058 9.9955E-05 9.9955E-05 0.0325091 0.26417 9.9955E-05 9.9955E-05 9.9955E-05 0.374408 0.238507
0.272742 0.182288 0.149848 9.9955E-05 9.9955E-05 9.9955E-05 0.0517896 9.9955E-05 0.342833 9.9955E-05
9.99281E-05 9.99281E-05 9.99281E-05 9.99281E-05 9.99281E-05 9.99281E-05 9.99281E-05 0.106699 9.99281E-05 0.892501
0.227108 0.147871 9.9982E-05 9.9982E-05 0.0635667 0.000636345 0.115364 0.408125 0.0026029 0.0345256
0.166216 0.340223 0.0934266 0.0165156 9.9973E-05 9.9973E-05 0.010061 0.242461 0.130797 9.9973E-05
0.108366 0.319833 9.9973E-05 9.9973E-05 0.0874751 9.9973E-05 0.0382365 0.0655365 0.261708 0.118545
0.603314 9.9964E-05 0.120451 0.0374779 0.0392108 9.9964E-05 9.9964E-05 9.9964E-05 0.163628 0.0355183
0.0298437 9.9964E-05 0.0455207 9.9964E-05 9.9964E-05 0.762221 0.0161029 0.0620957 0.0838161 9.9964E-05
9.9973E-05 9.9973E-05 0.0225616 0.00143502 0.00416539 0.125921 0.103693 0.605824 9.9973E-05 0.1361
0.243533 9.9982E-05 0.253585 0.000776059 9.9982E-05 0.012336 0.00748043 0.193116 0.13132 0.157654
0.121504 9.9964E-05 0.171733 9.9964E-05 0.0368867 9.9964E-05 0.0657539 0.412087 9.9964E-05 0.191635
0.0659123 0.116856 9.997E-05 0.0463195 9.997E-05 0.22335 9.997E-05 0.324628 0.186559 0.0360755
0.466261 9.9964E-05 9.9964E-05 0.0116427 9.9964E-05 9.9964E-05 0.0241076 0.110883 0.318637 0.0680682
9.99369E-05 9.99369E-05 9.99369E-05 9.99369E-05 0.889152 9.99369E-05 9.99369E-05 9.99369E-05 0.0384612 0.0716871
9.99201E-05 9.99201E-05 9.99201E-05 9.99201E-05 0.999101 9.99201E-05 9.99201E-05 9.99201E-05 9.99201E-05 9.99201E-05
0.160122 0.384266 0.0422385 9.9982E-05 9.9982E-05 0.0263477 0.0642326 0.0399353 0.244829 0.0378301
9.9955E-05 0.136517 9.9955E-05 0.107555 9.9955E-05 9.9955E-05 0.0176201 0.234859 0.502948 9.9955E-05
0.170776 0.119942 0.00568606 0.0570931 9.999E-05 0.0153265 0.085782 0.238798 0.0682853 0.238212
0.132081 9.9964E-05 9.9964E-05 0.0696473 0.102426 9.9964E-05 0.0475552 0.434162 9.9964E-05 0.213729
0.399863 0.242277 0.0844489 0.0449511 9.9973E-05 9.9973E-05 0.0133046 0.13215 9.9973E-05 0.0827053
0.472337 0.200833 0.0216196 9.9973E-05 9.9973E-05 0.200301 0.0272339 9.9973E-05 0.0311393 0.0462361
9.9991E-05 0.0608283 0.0533896 0.0871144 0.072863 0.0848624 0.0481138 0.468374 0.0850786 0.0392764
0.153411 9.99639E-05 0.331074 9.99639E-05 9.99639E-05 0.0418897 0.0931929 0.318916 0.0611163 9.99639E-05
9.9973E-05 0.326063 9.9973E-05 0.022814 9.9973E-05 0.0932749 0.0155633 0.161624 0.171629 0.208731
9.99201E-05 9.99201E-05 9.99201E-05 9.99201E-05 9.99201E-05 9.99201E-05 0.999101 9.99201E-05 9.99201E-05 9.99201E-05
0.0181542 9.9964E-05 9.9964E-05 0.126938 0.0452492 0.667347 0.0394727 0.102439 9.9964E-05 9.9964E-05
9.9964E-05 0.0726678 9.9964E-05 0.2485 0.0661566 9.9964E-05 0.0577432 0.475813 0.0787194 9.9964E-05
0.232603 0.14598 0.11235 0.0587113 9.9973E-05 9.9973E-05 0.0179727 0.0797878 9.9973E-05 0.352296
0.228915 0.19009 9.9964E-05 0.113448 0.0910611 9.9964E-05 0.0747851 9.9964E-05 0.301301 9.9964E-05
0.435793 9.9973E-05 0.0438112 0.0411011 0.130368 9.9973E-05 0.107001 0.0296927 0.211932 9.9973E-05
0.271595 0.279281 0.0594521 0.0284444 0.223388 0.0500035 0.00565475 0.0267595 0.050104 0.00531828
0.00837156 0.141545 0.0181995 9.9973E-05 9.9973E-05 0.0782845 0.030081 0.140863 9.9973E-05 0.582356
9.9982E-05 0.156785 0.113746 0.0744225 0.136706 0.0130238 0.0714615 0.201232 9.9982E-05 0.232423
0.266577 0.094201 9.99639E-05 9.99639E-05 9.99639E-05 0.0587038 0.0440758 0.434584 0.101459 9.99639E-05
0.0671453 9.9991E-05 0.0592377 0.00589348 0.0766674 0.0212871 0.0401032 0.453028 0.113169 0.163368
9.9955E-05 0.00451431 0.15691 9.9955E-05 0.0577944 0.778232 9.9955E-05 0.00204943 9.9955E-05 9.9955E-05
0.270119 0.00311139 0.0588552 9.9982E-05 0.0562966 0.133399 0.0356224 0.290451 9.9982E-05 0.151945
9.9955E-05 9.9955E-05 0.0621471 9.9955E-05 9.9955E-05 0.0761853 0.0234218 9.9955E-05 0.793067 0.0446794
9.99201E-05 9.99201E-05 9.99201E-05 9.99201E-05 9.99201E-05 9.99201E-05 0.999101 9.99201E-05 9.99201E-05 9.99201E-05
0.0848157 9.997E-05 9.997E-05 0.0061674 0.0737206 0.183039 0.268536 9.997E-05 0.0721737 0.311248
9.9973E-05 0.212056 0.0272664 0.0541775 0.226421 0.0422847 9.9973E-05 0.263365 0.174129 9.9973E-05
9.9973E-05 0.402928 0.0408501 0.0349259 9.9973E-05 0.0258524 0.114808 0.0622549 0.318081 9.9973E-05
0.0749935 0.105916 9.9955E-05 0.0331235 9.9955E-05 0.700337 0.0851303 9.9955E-05 9.9955E-05 9.9955E-05
0.0264879 0.278345 9.9991E-05 0.00388999 0.079938 0.255365 0.0189724 0.0861822 0.0678681 0.182852
0.270165 9.9964E-05 9.9964E-05 0.0618575 0.0835216 9.9964E-05 0.02991 0.31096 9.9964E-05 0.243187
9.99201E-05 9.99201E-05 9.99201E-05 9.99201E-05 0.999101 9.99201E-05 9.99201E-05 9.99201E-05 9.99201E-05 9.99201E-05
0.0198801 9.9973E-05 0.0645566 9.9973E-05 0.0789022 0.166591 0.120267 9.9973E-05 0.390312 0.159192
0.337226 0.00797946 0.0919403 0.0114761 0.0867519 0.0471764 9.9991E-05 0.187791 0.0593714 0.170188
0.0274098 0.265221 0.0177715 0.153568 9.9973E-05 9.9973E-05 0.0439378 9.9973E-05 0.0747885 0.417003
0.0241453 9.9964E-05 0.0567898 9.9964E-05 0.193467 0.159124 0.0696951 0.496379 9.9964E-05 9.9964E-05
0.585954 9.9946E-05 9.9946E-05 9.9946E-05 0.350317 0.0616589 9.9946E-05 9.9946E-05 9.9946E-05 0.00147001
0.211742 9.9964E-05 9.9964E-05 9.9964E-05 0.013437 0.356573 0.0879696 0.305537 9.9964E-05 0.0243413
0.260926 9.9946E-05 9.9946E-05 0.0937147 9.9946E-05 9.9946E-05 9.9946E-05 0.499219 9.9946E-05 0.14554
0.0378734 9.9946E-05 9.9946E-05 9.9946E-05 9.9946E-05 9.9946E-05 0.00368703 9.9946E-05 0.673267 0.284573
0.19727 9.99641E-05 0.0344176 0.0276737 0.143266 9.99641E-05 9.99641E-05 9.99641E-05 0.205067 0.391906
9.9937E-05 9.9937E-05 0.00243752 0.992396 9.9937E-05 9.9937E-05 9.9937E-05 9.9937E-05 9.9937E-05 0.00446706
0.175946 0.470349 9.9973E-05 0.0289762 0.0720206 9.9973E-05 0.0344875 0.205101 9.9973E-05 0.0128193
9.99369E-05 9.99369E-05 0.0300455 9.99369E-05 9.99369E-05 9.99369E-05 0.0100072 9.99369E-05 9.99369E-05 0.959248
9.9964E-05 0.189688 0.0229925 9.9964E-05 9.9964E-05 0.0497265 0.0561588 9.9964E-05 0.611322 0.0697129
9.9964E-05 0.399573 9.9964E-05 0.00132384 0.192728 0.176416 0.0651445 0.164415 9.9964E-05 9.9964E-05
9.9973E-05 0.341813 0.0687404 9.9973E-05 0.025605 0.152981 9.9973E-05 0.0455021 0.315786 0.0492721
0.0790879 9.9973E-05 0.0209657 0.0247015 0.165102 0.182664 0.00940545 9.9973E-05 0.517774 9.9973E-05
9.99201E-05 9.99201E-05 9.99201E-05 0.999101 9.99201E-05 9.99201E-05 9.99201E-05 9.99201E-05 9.99201E-05 9.99201E-05
0.103319 0.251485 9.9973E-05 9.9973E-05 9.9973E-05 0.124903 0.0790636 0.0214182 0.347038 0.0724729
0.00459316 0.034259 0.0543019 0.179717 0.0540652 0.292449 0.00391204 0.0858431 9.9991E-05 0.29076
9.99549E-05 0.183621 9.99549E-05 9.99549E-05 0.0807184 0.0142842 9.99549E-05 0.198612 0.522265 9.99549E-05
0.204175 0.19029 0.0590863 9.9973E-05 0.250068 0.141585 0.0106048 9.9973E-05 9.9973E-05 0.143891
