0.0335918 0.653982 0.312426
0.503517 0.318169 0.178315
0.477292 0.216212 0.306497
0.167991 0.434773 0.397236
0.293278 0.286446 0.420276
0.228481 0.276097 0.495422
0.192829 0.658042 0.149129
0.337574 0.328486 0.333941
0.134845 0.341105 0.524049
0.191457 0.304396 0.504147
0.134841 0.183716 0.681443
0.318342 0.323946 0.357712
0.153297 0.425849 0.420854
0.258306 0.499327 0.242367
0.147124 0.506129 0.346747
0.609858 0.367075 0.0230673
0.154692 0.486434 0.358875
0.304681 0.412806 0.282513
0.307719 0.443447 0.248834
0.298763 0.492367 0.20887
0.0737896 0.536075 0.390135
0.250274 0.257818 0.491908
0.14436 0.44858 0.40706
0.493265 0.441195 0.0655399
9.9991E-05 0.149033 0.850867
0.235497 0.503581 0.260922
0.232884 0.295011 0.472105
0.0959116 0.695018 0.209071
0.461583 0.189597 0.34882
0.683028 0.316872 9.9991E-05
0.459604 0.093294 0.447102
0.400324 9.9991E-05 0.599576
0.320386 0.59086 0.0887538
0.327731 0.34686 0.325409
0.127733 0.472086 0.400181
9.999E-05 0.9998 9.999E-05
0.231646 0.483719 0.284635
0.0735554 0.348534 0.57791
0.256686 0.332757 0.410557
0.315638 0.355661 0.328702
0.410638 0.189925 0.399437
0.334787 0.324481 0.340731
0.292191 0.312386 0.395423
0.22373 0.292442 0.483828
0.450445 0.149119 0.400436
0.0800586 0.338996 0.580946
0.316329 0.367116 0.316555
0.472798 0.309173 0.218029
0.554458 0.142771 0.302771
0.451132 0.282789 0.266079
0.0472621 0.615159 0.337578
0.414936 0.262453 0.322612
0.694798 0.179133 0.126068
0.36271 0.244604 0.392686
0.523943 9.9991E-05 0.475957
0.261028 0.383314 0.355659
0.307052 9.9991E-05 0.692848
0.161811 0.228584 0.609604
0.31535 0.266969 0.417681
0.226842 0.174191 0.598967
0.450319 0.45467 0.0950107
0.0429058 0.50145 0.455644
0.273851 0.62455 0.101599
0.941457 0.0584431 9.9991E-05
0.132583 0.349408 0.518009
0.0197208 0.891547 0.0887323
0.148912 0.489093 0.361995
0.228076 0.315491 0.456433
0.165315 0.554484 0.280201
0.393442 0.352699 0.253859
0.327552 9.9991E-05 0.672348
0.109509 0.618712 0.271779
0.364692 0.443275 0.192034
0.444928 0.136124 0.418948
0.45671 0.0866322 0.456658
0.51161 0.0572068 0.431184
0.17262 0.326505 0.500875
0.312469 0.302033 0.385499
0.351886 0.302892 0.345223
0.541788 0.267625 0.190587
0.292929 0.347089 0.359982
0.0956557 0.418616 0.485728
0.507322 0.10744 0.385238
0.714986 9.9991E-05 0.284914
0.0905351 0.530959 0.378506
0.217613 0.243752 0.538635
0.0812234 0.692195 0.226582
9.9991E-05 0.447505 0.552395
0.251932 0.49537 0.252698
0.0678145 0.293029 0.639157
0.999771 9.9991E-05 0.000128695
0.0545092 0.234688 0.710803
0.0898476 0.581724 0.328428
0.452344 0.38801 0.159646
0.13495 0.43358 0.431469
0.333934 0.34569 0.320376
0.374235 0.131477 0.494288
0.163403 0.210707 0.625889
0.320038 0.512353 0.167609
0.515352 0.205007 0.279641
0.204612 0.417846 0.377542
0.9998 9.999E-05 9.999E-05
0.342074 0.161616 0.496309
9.9991E-05 0.0147259 0.985174
0.169163 0.354471 0.476365
0.309082 0.31244 0.378478
0.368554 0.385548 0.245898
0.0832453 0.389111 0.527644
0.500906 0.235245 0.263849
0.0733888 0.541194 0.385417
0.103058 0.427119 0.469823
0.460436 0.15711 0.382454
0.335885 0.304163 0.359953
0.500356 0.309746 0.189898
0.506946 0.201873 0.291182
0.9998 9.999E-05 9.999E-05
9.9991E-05 0.308583 0.691317
0.115613 0.645818 0.238569
0.409546 0.141444 0.449009
0.108864 0.323046 0.568091
0.34795 0.446913 0.205138
0.401322 0.598578 9.9991E-05
0.653353 0.0866334 0.260014
0.224274 0.304565 0.471161
0.314105 0.203771 0.482124
0.309953 0.474556 0.215491
0.117256 0.342895 0.539849
0.362111 0.177093 0.460796
0.260966 0.309588 0.429447
0.228116 0.310817 0.461067
9.9991E-05 0.723958 0.275942
0.221385 0.459717 0.318898
0.531766 0.160513 0.307721
0.509673 0.347173 0.143154
0.0455487 0.391595 0.562857
0.105052 0.346435 0.548514
0.781221 0.0344254 0.184353
0.986382 0.0135178 9.9991E-05
0.347787 0.184847 0.467367
0.163435 0.451636 0.384929
9.9991E-05 0.456603 0.543297
0.240678 0.112311 0.647011
0.41886 0.149904 0.431236
0.0510615 0.445335 0.503603
0.183713 0.414234 0.402053
0.399173 0.594951 0.00587537
0.196375 0.474276 0.329349
9.999E-05 0.9998 9.999E-05
0.0857622 0.708103 0.206135
0.243977 0.333197 0.422826
0.269042 0.269633 0.461325
9.9991E-05 0.334069 0.665831
0.301656 0.263089 0.435256
0.512206 0.23441 0.253384
0.365833 0.395063 0.239105
0.401555 0.405842 0.192603
0.128387 0.342965 0.528649
0.352752 0.293712 0.353536
0.327661 0.657012 0.015327
0.511789 0.156114 0.332097
9.9991E-05 0.605369 0.394531
9.999E-05 0.9998 9.999E-05
0.00461916 0.860198 0.135183
0.505058 0.139248 0.355695
0.447825 0.111968 0.440206
9.9991E-05 0.741404 0.258496
0.185576 0.461357 0.353067
0.178094 0.369653 0.452252
0.749129 0.218003 0.0328679
0.145227 0.680591 0.174182
0.470771 0.0933519 0.435877
0.333687 0.123154 0.543158
0.406946 0.493535 0.0995189
0.336659 0.120083 0.543258
0.149081 0.572918 0.278001
0.215583 0.176041 0.608376
0.125355 0.423524 0.451121
0.397547 0.124825 0.477628
0.0404176 9.9991E-05 0.959482
0.415486 0.168543 0.41597
0.147923 0.541292 0.310785
0.0706621 0.464992 0.464345
0.272661 0.37754 0.349798
0.350763 0.333457 0.31578
0.20492 0.518766 0.276315
9.999E-05 9.999E-05 0.9998
0.199633 0.382633 0.417734
0.35165 0.332701 0.315649
0.152434 0.51299 0.334576
0.520046 0.40727 0.0726838
