0.617765 9.9991E-05 0.382135
0.341316 0.0638648 0.594819
0.408481 0.050124 0.541395
0.270492 0.148232 0.581276
0.270185 0.153854 0.57596
0.300491 0.276907 0.422602
0.616448 0.0553333 0.328218
0.428169 0.125263 0.446568
0.537945 0.17531 0.286745
0.314767 0.466228 0.219005
0.0658457 0.408106 0.526049
0.312367 0.22744 0.460193
0.637154 0.191141 0.171705
0.610705 0.286518 0.102778
0.719972 0.224125 0.0559034
0.470719 0.29095 0.238331
0.514445 0.453893 0.0316612
0.506075 0.311299 0.182625
0.412768 0.0608835 0.526349
0.324994 0.218737 0.45627
0.533169 9.9991E-05 0.466731
0.526907 0.0205665 0.452526
0.464555 0.0989367 0.436508
0.373874 0.175165 0.450961
0.250493 0.512129 0.237378
0.568982 0.168087 0.262931
0.398291 0.228362 0.373347
0.577749 0.231987 0.190265
0.282855 0.3417 0.375446
0.291057 0.602077 0.106866
0.133813 0.243561 0.622626
0.0563364 0.217984 0.72568
0.640707 0.172748 0.186544
0.424239 0.0830426 0.492718
0.5623 0.194372 0.243328
0.9998 9.999E-05 9.999E-05
0.392143 0.159371 0.448486
0.490692 0.342412 0.166896
0.407729 0.388345 0.203926
0.557016 0.167963 0.275021
0.200375 0.125582 0.674043
0.341196 0.128002 0.530802
0.265566 0.109609 0.624825
0.194866 0.317351 0.487784
0.252291 0.0774492 0.67026
0.282827 0.40785 0.309322
0.228572 9.9991E-05 0.771328
0.20947 0.121618 0.668912
0.249586 0.303753 0.446661
0.372883 0.226418 0.4007
0.615781 0.251471 0.132747
0.526411 9.9991E-05 0.473489
0.334414 0.133968 0.531618
0.463787 0.305805 0.230408
9.9991E-05 0.214539 0.785361
0.452704 0.0712273 0.476069
9.9991E-05 0.0392518 0.960648
0.145286 0.17138 0.683334
0.185426 0.314981 0.499593
0.248033 0.278449 0.473519
0.332317 9.9991E-05 0.667583
0.483753 0.211698 0.304549
0.585955 9.9991E-05 0.413945
0.140893 0.765496 0.0936118
0.529372 0.187876 0.282752
0.742472 9.9991E-05 0.257428
0.589075 0.208949 0.201976
0.301498 0.170329 0.528174
0.498734 9.9991E-05 0.501166
0.45672 0.198046 0.345234
0.106691 0.473103 0.420205
0.731225 0.268675 9.9991E-05
0.450652 0.229341 0.320007
0.22432 0.357031 0.418649
0.288668 0.382375 0.328957
0.115235 0.201563 0.683202
0.348712 0.133314 0.517974
0.236465 0.03699 0.726545
0.390865 9.9991E-05 0.609035
0.366904 0.11342 0.519677
0.355501 0.153694 0.490806
0.324225 0.221589 0.454186
0.156936 0.338364 0.5047
0.0997627 0.286883 0.613354
0.578812 0.20777 0.213418
0.207783 9.9991E-05 0.792117
0.760213 9.9991E-05 0.239687
0.340348 0.216937 0.442715
0.659923 0.339977 9.9991E-05
0.32405 0.0246631 0.651287
9.999E-05 0.9998 9.999E-05
0.427337 0.163769 0.408894
0.437003 9.9991E-05 0.562897
0.508127 0.12473 0.367143
0.38134 0.0479276 0.570732
0.400532 0.150468 0.449
0.29646 0.133208 0.570332
0.220453 0.349739 0.429808
0.41547 0.548038 0.0364918
0.206089 0.33455 0.459361
0.437808 0.29992 0.262272
9.999E-05 0.9998 9.999E-05
0.429169 0.309086 0.261745
0.0765099 0.92339 9.9991E-05
0.405396 0.174661 0.419943
0.310434 0.00830848 0.681258
0.3468 0.117964 0.535236
0.459209 0.0260284 0.514762
0.393826 0.351474 0.2547
0.615618 0.0757959 0.308586
0.416486 0.150517 0.432997
0.235567 0.271059 0.493373
0.255202 0.169597 0.5752
0.396866 0.515894 0.0872399
0.340782 0.289996 0.369222
9.9991E-05 0.930347 0.0695531
0.353062 0.389674 0.257264
0.619915 0.0155229 0.364562
0.100664 0.0376597 0.861677
0.359324 0.259518 0.381158
0.648078 0.0954879 0.256434
0.613318 0.386582 9.9991E-05
0.374838 0.323966 0.301196
0.140649 0.153385 0.705966
0.203663 0.206921 0.589416
0.518673 0.186578 0.294749
0.307482 0.257978 0.434539
0.190496 0.310536 0.498968
0.201276 9.9991E-05 0.798624
0.224074 0.331525 0.444401
0.810241 0.0438437 0.145915
0.439161 0.207879 0.35296
0.11202 0.321681 0.566299
0.562598 0.22121 0.216192
0.33047 0.191135 0.478395
0.279619 0.305541 0.41484
0.0483183 0.0409092 0.910772
0.303731 0.0277365 0.668533
0.274236 0.111429 0.614335
0.35435 0.192107 0.453543
0.377655 0.216398 0.405947
0.344442 0.325914 0.329644
0.129299 0.288558 0.582143
0.376828 0.226418 0.396754
0.520724 0.181015 0.298261
0.637681 0.362219 9.9991E-05
0.489532 0.0427229 0.467745
0.9998 9.999E-05 9.999E-05
0.671353 0.0731839 0.255463
0.267291 0.141484 0.591226
0.147603 0.203826 0.648571
0.442967 0.0156662 0.541367
0.561986 0.185785 0.252229
0.437696 0.0960577 0.466246
0.31922 0.151215 0.529565
0.424799 0.192504 0.382697
0.417589 0.0402126 0.542199
0.34867 0.148244 0.503086
0.487063 9.9991E-05 0.512837
0.359095 0.236592 0.404312
0.557452 0.153973 0.288575
0.9998 9.999E-05 9.999E-05
0.945433 9.9991E-05 0.0544673
0.281688 0.0317887 0.686524
0.231785 0.236531 0.531684
0.645972 0.0550812 0.298947
0.309288 0.0836471 0.607065
0.431487 0.224565 0.343949
0.546088 9.9991E-05 0.453812
0.739917 0.017997 0.242086
0.125222 0.223415 0.651363
0.294235 0.328259 0.377506
0.541375 0.13111 0.327515
0.437353 0.216279 0.346368
0.415373 9.9991E-05 0.584527
0.222933 0.185804 0.591263
0.289804 9.9991E-05 0.710096
0.120804 0.255495 0.6237
9.999E-05 0.9998 9.999E-05
0.104594 0.151534 0.743873
0.607451 0.392449 9.9991E-05
0.677378 0.217854 0.104768
0.483816 0.0423441 0.47384
0.265978 0.0886994 0.645323
0.427085 0.0699433 0.502972
9.999E-05 0.9998 9.999E-05
0.397434 0.0560508 0.546515
0.596018 0.403882 9.9991E-05
0.472406 9.9991E-05 0.527494
0.418551 9.9991E-05 0.581349
