0.140117 9.9982E-05 9.9982E-05 0.746218 0.113465
0.059117 0.423727 0.128434 0.142706 0.246016
0.126579 0.291736 0.114611 0.27083 0.196245
0.23282 9.9991E-05 0.0697034 0.262996 0.434381
0.152995 0.185232 0.0736633 0.0474798 0.54063
0.122131 0.101623 0.00675776 0.0616305 0.707858
0.135055 9.9991E-05 0.112736 0.383782 0.368327
0.0468612 0.571302 0.0597728 0.229356 0.0927085
0.295202 0.204718 0.110385 0.389595 9.9991E-05
0.363271 9.9982E-05 0.262867 0.373662 9.9982E-05
0.524373 0.291138 9.9991E-05 0.153625 0.0307641
0.215123 0.0490208 0.275024 0.129537 0.331296
0.171616 0.214454 0.140619 0.196296 0.277014
0.243714 0.258361 0.194511 0.267501 0.0359121
0.0779064 0.820072 9.9982E-05 0.101822 9.9982E-05
0.000922008 0.677948 0.0601392 0.26089 9.9991E-05
0.148926 0.769813 9.9982E-05 0.0810619 9.9982E-05
0.101905 0.355064 0.157381 0.321006 0.0646439
0.0478334 0.129094 0.0512712 0.26409 0.507711
0.191605 0.140403 0.204679 0.36768 0.095632
0.24498 0.1443 9.9991E-05 0.345201 0.265419
0.0981426 0.442137 9.9991E-05 0.104587 0.355034
0.156073 0.093056 0.00105627 0.250829 0.498985
9.999E-05 0.205725 0.176743 0.262754 0.354677
0.515521 0.193468 9.9982E-05 0.290811 9.9982E-05
9.9991E-05 0.184642 0.0864345 0.271961 0.456863
0.134604 0.1675 0.227956 0.296181 0.173759
0.110681 0.384953 0.0915853 0.293196 0.119585
0.0561038 0.393789 0.170795 0.130666 0.248645
9.9982E-05 0.173219 0.633972 9.9982E-05 0.192609
0.203672 0.446726 0.105791 0.02527 0.218542
0.467218 0.0909017 0.193643 0.248137 9.9991E-05
0.0643538 0.0376762 0.0945722 0.303249 0.500149
0.214223 0.314861 9.9991E-05 0.231684 0.239132
0.162534 0.320922 9.9991E-05 0.275686 0.240759
0.00766736 9.99731E-05 9.99731E-05 0.992033 9.99731E-05
0.134936 0.0135197 0.00500306 0.132301 0.71424
0.216574 9.9982E-05 0.130955 0.652271 9.9982E-05
0.10991 0.331612 0.159285 0.0101639 0.389029
0.225897 0.346767 0.010926 0.334882 0.0815283
0.039401 0.366857 0.0928718 9.9991E-05 0.50077
0.216758 0.146763 0.0961261 0.259754 0.280599
0.140451 0.231706 0.0479585 0.161987 0.417897
0.109591 0.0737214 0.270839 0.0224263 0.523422
0.349694 0.105247 0.182031 0.362928 9.9991E-05
0.408787 0.116246 0.0680274 0.0275802 0.37936
0.0203812 0.176301 0.141039 0.318789 0.34349
0.157627 0.0449378 0.13022 0.0748579 0.592357
0.135869 0.630473 0.130998 0.0562196 0.0464406
9.9991E-05 0.476115 0.15942 0.293661 0.0707045
0.302641 0.140239 0.110809 0.446211 9.9991E-05
0.281044 0.232982 0.122721 0.344079 0.019174
0.000556905 0.5906 0.160254 9.9991E-05 0.248489
0.259605 0.464496 0.0300856 0.17488 0.0709332
0.283508 0.143929 0.346405 9.9991E-05 0.226059
0.160393 0.106918 0.0628766 0.204976 0.464836
0.651555 0.137422 0.198229 9.9991E-05 0.0126939
0.184709 9.9991E-05 0.197264 0.120509 0.497418
0.222797 0.361651 0.0867972 0.0537477 0.275007
0.408346 0.153039 0.128961 0.181791 0.127863
9.9973E-05 9.9973E-05 0.0412751 9.9973E-05 0.958425
0.315142 0.252414 0.0583675 0.279214 0.094863
9.9991E-05 0.221546 0.048485 0.282894 0.446975
9.9973E-05 9.9973E-05 0.901079 0.0986214 9.9973E-05
0.176768 0.174311 9.9991E-05 0.337457 0.311363
9.9973E-05 9.9973E-05 9.9973E-05 0.83344 0.16626
0.221356 9.9991E-05 0.0744197 0.418214 0.28591
0.0429227 0.349549 0.0543603 0.12883 0.424338
9.9982E-05 0.00595941 9.9982E-05 0.373818 0.620023
0.138253 0.29788 0.243159 0.18016 0.140548
0.678998 0.00111397 0.246128 9.9991E-05 0.0736599
9.9991E-05 0.442753 0.00370959 0.42104 0.132397
9.9991E-05 0.383257 0.138323 0.231508 0.246812
0.106231 0.789271 0.104298 9.9982E-05 9.9982E-05
0.111712 0.446808 0.214963 0.0922376 0.134279
0.380419 0.418128 0.159771 9.9991E-05 0.0415814
0.16098 0.0345343 0.0331923 0.0110008 0.760293
9.9982E-05 0.0612712 0.0303508 9.9982E-05 0.908178
0.0995053 0.0205472 9.9982E-05 9.9982E-05 0.879748
9.9991E-05 0.199296 0.107526 0.0584737 0.634605
0.0812415 0.412803 0.0471529 0.214206 0.244597
0.204377 9.9982E-05 9.9982E-05 0.217532 0.577891
0.227657 0.24142 0.358899 0.0296012 0.142423
0.197347 0.569695 0.0630676 0.0255174 0.144373
0.0138672 0.0337697 0.103323 0.0753922 0.773648
0.400151 0.146832 0.0425455 0.223536 0.186936
9.9973E-05 9.9973E-05 9.9973E-05 0.66879 0.33091
0.571019 0.0401398 9.9991E-05 0.242483 0.146258
0.0867262 0.393249 0.146438 0.327909 0.0456775
0.271839 0.170392 9.9991E-05 0.241561 0.316109
9.9973E-05 0.0127716 0.986928 9.9973E-05 9.9973E-05
0.327855 0.432715 0.0325433 0.206787 9.9991E-05
0.114625 9.9982E-05 9.9982E-05 0.24888 0.636295
9.9982E-05 0.756364 0.104243 0.139193 9.9982E-05
0.170387 0.0799893 9.9991E-05 0.191294 0.55823
0.136414 0.17015 0.0960679 0.0447607 0.552608
0.401165 0.26104 0.086762 0.117326 0.133707
0.37505 0.033649 0.0641912 0.0382101 0.4889
0.0109803 9.9991E-05 0.465693 0.284477 0.23875
0.0151132 0.286372 0.315485 0.0990656 0.283963
0.108651 0.223497 0.102784 0.284613 0.280456
9.997E-05 9.997E-05 0.9996 9.997E-05 9.997E-05
0.169079 0.450554 0.0228055 0.138633 0.218929
0.921349 9.99729E-05 9.99729E-05 0.0783508 9.99729E-05
0.261055 0.437734 0.125735 0.175376 9.99955E-05
0.0382834 0.463398 0.0406627 0.0747716 0.382885
0.145739 0.228935 0.145144 0.197357 0.282824
0.123835 0.216716 0.0854369 0.375828 0.198185
0.122712 0.449696 0.224759 9.9991E-05 0.202733
0.167012 0.270147 0.10603 0.194801 0.26201
0.129169 0.195728 0.0139282 0.0264317 0.634743
0.331929 9.9991E-05 0.340956 0.212208 0.114808
0.221891 0.196744 0.0670052 0.0262888 0.488071
0.0859819 0.0921158 0.381644 0.229373 0.210885
0.0501386 0.262445 0.0733898 0.239153 0.374873
9.997E-05 9.997E-05 0.9996 9.997E-05 9.997E-05
0.249095 0.375158 9.9991E-05 0.227981 0.147665
0.196797 0.0470817 9.9991E-05 0.477562 0.27846
0.0777475 0.0970365 0.147857 9.9991E-05 0.677259
0.157436 0.154242 0.0558481 0.41069 0.221784
0.158941 0.255339 9.9991E-05 0.481996 0.103625
9.9991E-05 0.202866 0.31205 0.403905 0.0810782
0.2595 0.12192 0.184258 0.27146 0.162863
0.251686 0.394192 9.9982E-05 9.9982E-05 0.353922
0.342095 0.171852 0.233643 0.0262681 0.226142
0.0427569 0.495907 9.9991E-05 0.0636419 0.397594
0.212185 0.49511 0.00939679 0.267048 0.0162599
0.15533 0.102373 0.216702 0.157706 0.367889
0.239753 0.164265 0.0471152 0.0292385 0.519628
0.136505 0.145244 0.174684 0.543466 9.9991E-05
9.9982E-05 9.9982E-05 0.0394812 0.694655 0.265664
9.9991E-05 0.0436712 0.0270004 0.0941197 0.835109
0.252178 0.0278604 0.351837 0.0902764 0.277848
0.00430751 0.605857 0.205102 0.0650603 0.119673
0.196353 9.9991E-05 0.0774648 0.291045 0.435038
0.455925 0.0360074 0.126339 0.314424 0.0673037
9.9973E-05 0.928459 9.9973E-05 9.9973E-05 0.0712414
9.9982E-05 0.971142 0.0267915 0.0018666 9.9982E-05
0.268244 0.160756 0.107048 0.209806 0.254146
0.155304 0.035214 0.0180824 0.0357796 0.75562
0.341599 9.9991E-05 0.124797 0.0764564 0.457048
0.256318 0.620197 9.9982E-05 9.9982E-05 0.123284
0.239999 9.9991E-05 0.278499 0.130604 0.350799
0.282214 0.0315938 0.195397 0.327939 0.162856
0.0580579 0.105549 0.015096 0.0242116 0.797085
0.0208295 0.156334 0.385326 0.329134 0.108376
0.247054 0.156752 0.0306239 0.152449 0.413121
9.997E-05 9.997E-05 9.997E-05 0.9996 9.997E-05
0.118753 0.0109016 9.9991E-05 0.601149 0.269096
0.394097 0.0597884 9.9991E-05 0.179228 0.366787
0.310453 0.0845229 0.209247 0.0809458 0.314831
0.448039 9.9982E-05 9.9982E-05 0.209943 0.341818
0.265864 0.110096 0.220693 0.328369 0.0749779
0.099572 0.412565 0.129701 0.175166 0.182996
0.125111 0.0649183 0.185939 0.0620148 0.562016
9.9991E-05 0.345811 0.109862 0.246502 0.297724
0.184695 0.044208 0.0153325 0.362953 0.392811
0.0942001 0.0839737 0.209241 0.230523 0.382063
9.9982E-05 9.9982E-05 0.14382 0.467703 0.388276
0.141468 0.411461 0.086646 0.225915 0.134509
0.263864 9.9982E-05 9.9982E-05 0.399089 0.336847
9.997E-05 9.997E-05 9.997E-05 0.9996 9.997E-05
0.0581452 0.252143 9.9982E-05 0.689512 9.9982E-05
0.121783 0.409158 0.0354154 0.0286715 0.404972
0.227985 0.323244 0.158163 0.158604 0.132004
9.9982E-05 9.9982E-05 0.0322405 0.586249 0.381311
0.0703626 0.202077 9.9991E-05 0.265465 0.461995
0.554511 0.300575 9.9991E-05 0.0703575 0.0744561
9.997E-05 0.9996 9.997E-05 9.997E-05 9.997E-05
9.9991E-05 0.270075 0.033921 0.364408 0.331496
0.114565 0.366352 0.262787 0.0546042 0.201692
0.36276 0.288422 0.179549 0.0760667 0.0932022
0.0861722 0.0541493 0.105759 0.317907 0.436012
0.444483 0.555217 9.9973E-05 9.9973E-05 9.9973E-05
0.055274 0.306321 9.9991E-05 0.393222 0.245082
0.384248 0.196176 0.0416158 9.9991E-05 0.37786
0.402962 0.163652 9.9991E-05 0.222454 0.210832
0.330918 0.431073 0.0970041 0.0834277 0.0575769
0.9996 9.997E-05 9.997E-05 9.997E-05 9.997E-05
0.370646 0.0748309 0.273542 0.0660647 0.214916
0.00364509 0.844875 0.0629486 0.0884317 9.9991E-05
0.130831 0.250444 0.0956784 0.433433 0.0896138
0.187772 0.185 0.126661 0.182571 0.317996
9.9991E-05 0.00902913 0.194936 0.240691 0.555244
0.188473 0.296613 0.000550195 0.432923 0.0814411
0.9996 9.997E-05 9.997E-05 9.997E-05 9.997E-05
0.17316 0.0345234 0.0983466 0.187092 0.506878
0.254522 0.375809 0.0224539 0.347115 9.9991E-05
9.9982E-05 0.109115 9.9982E-05 0.241921 0.648764
0.153204 0.481437 0.24441 0.120849 9.9991E-05
