0.167105 9.99549E-05 9.99549E-05 9.99549E-05 0.0160164 9.99549E-05 9.99549E-05 0.816378
9.9973E-05 0.536558 0.146596 9.9973E-05 9.9973E-05 0.192962 0.0763531 0.0472305
0.26518 0.33841 0.0187676 9.9982E-05 0.000860703 9.9982E-05 0.190381 0.186201
0.0479436 0.32539 0.0757368 0.0925895 0.0856234 0.140392 9.9991E-05 0.232225
0.00311636 0.265548 0.0751293 0.158046 0.0821678 0.335705 0.0801874 9.9991E-05
0.0856599 0.630323 9.9991E-05 0.0817638 0.0492875 0.0594438 0.012442 0.08098
9.999E-05 0.270753 0.131467 0.0499067 0.114231 0.0145677 0.0357524 0.383222
0.160401 0.265772 9.9982E-05 0.0295342 0.0573901 9.9982E-05 0.275236 0.211467
0.161248 9.9973E-05 0.0606167 0.0786042 9.9973E-05 0.67858 9.9973E-05 0.020652
0.434403 0.0148131 0.143078 0.140601 0.104311 9.9982E-05 9.9982E-05 0.162594
0.752747 9.9955E-05 9.9955E-05 0.117123 9.9955E-05 9.9955E-05 0.129631 9.9955E-05
9.9964E-05 9.9964E-05 0.12439 9.9964E-05 0.0285581 0.844851 0.001801 9.9964E-05
0.414326 0.283817 0.0315961 0.0905167 0.106977 0.0295447 9.9991E-05 0.0431228
9.9982E-05 9.9982E-05 0.120728 0.0456026 0.0851349 0.395607 0.0824174 0.270309
9.9973E-05 9.9973E-05 9.9973E-05 0.0248229 0.0324247 0.0367519 0.822161 0.0835395
0.0884981 9.9982E-05 0.0226209 0.0657718 0.0728956 9.9982E-05 0.526557 0.223456
9.9964E-05 9.9964E-05 0.158767 0.155395 9.9964E-05 0.105442 0.579997 9.9964E-05
0.177111 0.182596 0.0825349 0.0723808 0.136979 9.9991E-05 0.185142 0.163156
0.0364616 0.370401 9.9973E-05 9.9973E-05 0.0960222 0.286519 9.9973E-05 0.210296
0.0596259 0.275991 0.0938751 0.0879892 0.0822657 0.0719223 0.290576 0.0377545
0.338697 0.0911142 0.0201887 0.07953 0.0686254 0.0989941 9.9991E-05 0.302751
0.267271 0.389821 9.9982E-05 0.0610682 0.00956433 9.9982E-05 0.140202 0.131874
0.0546209 0.410528 9.9991E-05 0.0322123 0.176451 0.152158 0.0703331 0.103596
0.134241 0.174565 0.315706 9.9973E-05 9.9973E-05 9.9973E-05 0.28309 0.0920991
0.866383 9.9955E-05 9.9955E-05 0.114289 0.0188282 9.9955E-05 9.9955E-05 9.9955E-05
0.184657 9.99924E-05 0.0753584 0.0613597 0.00252764 0.0284668 0.247863 0.399668
0.207774 0.30833 0.138443 0.0262981 0.0723235 9.9991E-05 0.243272 0.00345967
9.9982E-05 0.392671 0.0947802 0.0874977 0.0311564 9.9982E-05 0.0640751 0.32962
0.282215 0.249657 0.044117 0.0587444 9.9982E-05 9.9982E-05 0.226786 0.138281
9.9982E-05 0.0676449 0.685691 9.9982E-05 0.00329587 0.00728267 0.206472 0.029413
0.273969 0.232973 0.0665102 9.9982E-05 0.0478231 0.208736 0.169789 9.9982E-05
0.540081 9.9991E-05 0.0313827 0.012361 0.0220959 0.161304 0.107194 0.125482
9.9982E-05 0.358512 0.03653 9.9982E-05 0.118243 0.13067 0.178607 0.177237
0.0157082 0.440506 9.9991E-05 0.0713337 0.076381 0.061546 0.306516 0.0279092
0.0725846 0.160615 0.0244945 0.103954 0.0854449 0.401415 9.9991E-05 0.151392
9.9955E-05 9.9955E-05 9.9955E-05 9.9955E-05 0.0255087 0.029259 9.9955E-05 0.944733
9.9964E-05 0.584641 0.0151791 0.156287 9.9964E-05 9.9964E-05 9.9964E-05 0.243492
0.54456 9.99641E-05 0.0516359 0.0347061 9.99641E-05 9.99641E-05 9.99641E-05 0.368698
9.9982E-05 0.270364 0.144423 0.102565 0.0105117 0.246138 0.225799 9.9982E-05
0.0936762 0.232014 9.9982E-05 9.9982E-05 0.0687607 0.116878 0.32549 0.162981
0.264949 0.430605 0.0568873 0.0667355 9.9973E-05 9.9973E-05 0.180524 9.9973E-05
9.9982E-05 0.485853 0.0260368 0.080784 0.103036 9.9982E-05 0.230362 0.0737289
0.221972 0.43289 9.9991E-05 0.066527 0.0220055 0.0416284 0.0550363 0.159841
0.367781 0.325727 0.0730742 9.9973E-05 9.9973E-05 0.0120558 9.9973E-05 0.221062
0.67699 9.9964E-05 9.9964E-05 9.9964E-05 0.0400213 9.9964E-05 0.105261 0.177329
0.125465 0.243925 9.9991E-05 0.111287 0.040595 0.302064 0.0654622 0.111102
9.99865E-05 0.229225 0.0622642 9.99865E-05 0.0427188 0.497746 0.113873 0.0539736
0.0685357 0.393912 0.0772037 0.0187636 0.0100339 0.24249 0.188961 9.9991E-05
0.345045 0.177337 0.0143699 0.0379097 0.0651377 9.9982E-05 0.360001 9.9982E-05
0.370706 9.9982E-05 0.105649 9.9982E-05 0.0356924 0.100294 0.364261 0.023198
0.275416 9.9991E-05 0.0547826 0.0562804 0.105007 0.28611 0.098047 0.124258
9.9973E-05 0.211436 9.9973E-05 0.0189589 0.14478 0.42315 0.201375 9.9973E-05
9.9973E-05 0.336127 0.0155118 0.0567976 0.011869 9.9973E-05 0.579395 9.9973E-05
0.217967 9.9982E-05 0.134907 0.227539 0.0238862 9.9982E-05 0.214844 0.180657
0.626804 0.175127 0.069656 9.99641E-05 9.99641E-05 9.99641E-05 0.128013 9.99641E-05
0.032249 0.579804 9.9991E-05 0.0533931 0.082655 0.205357 0.032732 0.0137098
0.607643 9.99641E-05 9.99641E-05 0.0974792 0.00961977 0.284858 9.99641E-05 9.99641E-05
0.537179 0.343325 0.0411697 0.0693863 0.00863996 9.9973E-05 9.9973E-05 9.9973E-05
0.387783 0.0688556 0.094579 0.0502719 0.00961471 0.152208 0.236588 9.9991E-05
0.56157 0.0253057 9.9991E-05 0.0859767 0.0268215 0.033501 0.172721 0.0940035
9.99549E-05 0.855496 0.0717131 9.99549E-05 0.0722907 9.99549E-05 9.99549E-05 9.99549E-05
0.219261 0.419819 9.9991E-05 0.0855621 0.141467 0.0281105 0.103493 0.0021875
9.9973E-05 0.141763 9.9973E-05 9.9973E-05 0.000578207 0.442288 0.38751 0.0275609
9.9955E-05 9.9955E-05 0.873488 9.9955E-05 0.0683743 9.9955E-05 9.9955E-05 0.0576378
9.9973E-05 0.155144 9.9973E-05 0.158078 9.9973E-05 0.262891 0.16691 0.256676
9.9946E-05 9.9946E-05 9.9946E-05 0.0120295 9.9946E-05 9.9946E-05 9.9946E-05 0.987371
0.301512 0.0811427 0.0181828 0.0148275 9.9982E-05 0.101468 9.9982E-05 0.482667
0.252892 0.487235 0.0401683 9.9982E-05 0.0601155 0.121077 0.0383128 9.9982E-05
0.243468 0.461448 9.9955E-05 9.9955E-05 9.9955E-05 9.9955E-05 9.9955E-05 0.294584
0.224327 0.342085 0.157771 0.0270547 0.0590078 9.9982E-05 0.189554 9.9982E-05
0.585455 0.26336 0.0105382 0.109045 0.0313019 9.9973E-05 9.9973E-05 9.9973E-05
0.131509 9.9964E-05 9.9964E-05 9.9964E-05 0.0515371 9.9964E-05 0.457846 0.358709
0.296077 0.114055 0.0795362 0.0295757 0.0779505 0.0752235 0.21762 0.109961
0.22684 0.224114 0.051062 0.0556351 0.014327 9.9982E-05 0.427822 9.9982E-05
0.0954082 9.9973E-05 0.167276 0.199613 9.9973E-05 9.9973E-05 0.253852 0.283552
9.9964E-05 9.9964E-05 9.9964E-05 0.0951313 0.0179168 0.36405 0.522502 9.9964E-05
0.242797 0.42744 0.070659 0.0352816 0.150381 9.9991E-05 0.02281 0.0505307
9.99549E-05 0.845471 9.99549E-05 9.99549E-05 0.0787155 9.99549E-05 0.0753132 9.99549E-05
9.9964E-05 0.820332 9.9964E-05 0.0071612 9.9964E-05 0.116518 0.0555892 9.9964E-05
0.035629 0.477279 0.138666 0.0354128 0.0924976 0.0393042 0.151809 0.0294027
0.1133 0.250226 0.000128372 0.0570048 0.0753476 0.0543022 0.11688 0.332812
0.0299771 0.260439 0.0495179 0.0866351 0.0414572 0.324476 9.9991E-05 0.207398
0.132579 0.355584 0.178782 0.0442352 9.9973E-05 0.288521 9.9973E-05 9.9973E-05
9.9982E-05 0.0146881 0.0254635 0.132512 0.0205732 0.277083 0.529481 9.9982E-05
9.9991E-05 0.466536 0.0209975 0.0166711 0.0470401 0.0163281 0.0741321 0.358195
0.309839 0.27457 9.9982E-05 0.0299597 9.9982E-05 0.192686 0.0260483 0.166697
9.9964E-05 0.310109 0.0213137 9.9964E-05 0.00540808 9.9964E-05 9.9964E-05 0.66277
9.99551E-05 9.99551E-05 9.99551E-05 0.010161 0.0433404 0.945999 9.99551E-05 9.99551E-05
0.0395288 9.9982E-05 0.141792 0.0968928 0.0359681 9.9982E-05 0.380467 0.305151
0.440019 0.0233675 9.9973E-05 9.9973E-05 0.0447418 0.294426 9.9973E-05 0.197145
9.9946E-05 9.9946E-05 0.93898 0.0604205 9.9946E-05 9.9946E-05 9.9946E-05 9.9946E-05
0.715118 9.9982E-05 0.0266628 0.0317947 0.016661 0.060685 0.148879 9.9982E-05
9.9991E-05 0.595342 0.00384389 0.0282964 0.0975116 0.186944 0.00370309 0.0842591
9.9982E-05 0.211191 0.0198743 9.9982E-05 0.0395061 0.17032 0.464775 0.094133
9.9964E-05 0.742681 9.9964E-05 0.0691251 0.0442319 9.9964E-05 9.9964E-05 0.143562
0.1287 0.519508 0.108499 0.0148311 0.0321631 0.141774 9.9991E-05 0.0544246
0.460648 0.253211 0.0423943 0.0390172 9.9982E-05 9.9982E-05 0.0498335 0.154696
9.99731E-05 0.364741 9.99731E-05 0.10041 0.0821849 0.295584 9.99731E-05 0.15678
0.021155 9.9973E-05 0.532105 9.9973E-05 0.156092 0.278572 9.9973E-05 0.0117765
0.070254 0.325362 0.191997 9.9982E-05 9.9982E-05 0.142789 0.265146 0.0042519
0.266095 0.34341 0.140091 9.9991E-05 0.017855 0.144052 0.0173646 0.0710336
9.994E-05 9.994E-05 0.9993 9.994E-05 9.994E-05 9.994E-05 9.994E-05 9.994E-05
0.271127 0.237857 0.042714 0.138799 0.057893 0.0238257 0.227685 9.9991E-05
9.99459E-05 9.99459E-05 9.99459E-05 0.957936 0.0414638 9.99459E-05 9.99459E-05 9.99459E-05
0.0809114 0.085421 0.10979 0.0652927 0.00835545 0.16199 0.278256 0.209983
0.149548 0.412449 9.9973E-05 9.9973E-05 9.9973E-05 0.0457 0.358569 0.0334331
0.134047 0.118905 9.9982E-05 0.0295225 9.9982E-05 0.209459 0.355374 0.152493
0.307694 9.9973E-05 0.124996 0.150137 0.0635995 9.9973E-05 9.9973E-05 0.353274
0.318473 0.13843 0.080525 0.0251807 9.9982E-05 9.9982E-05 0.412412 0.0247795
0.373411 0.062417 9.9982E-05 9.9982E-05 0.0209995 0.054974 0.135762 0.352237
0.0910088 0.442712 9.9991E-05 0.101469 0.0590033 0.00482956 0.10954 0.191338
0.493248 0.090464 0.0677569 0.0127919 0.029214 0.306325 9.9982E-05 9.9982E-05
0.133807 0.368844 0.0409257 0.0207871 9.9991E-05 0.115563 0.296452 0.0235212
0.043674 0.304272 0.507065 9.9982E-05 0.0624366 0.0395123 0.0428404 9.9982E-05
0.0865885 0.444028 0.0518458 0.100934 0.0141681 0.000982164 0.134649 0.166805
9.9946E-05 9.9946E-05 0.911026 9.9946E-05 9.9946E-05 0.0883745 9.9946E-05 9.9946E-05
0.336215 0.0290496 9.9982E-05 0.153145 9.9982E-05 0.196813 0.179741 0.104835
0.0121877 0.0681099 9.99903E-05 0.03725 0.0785928 0.113303 0.128635 0.561822
0.240864 0.724472 9.9964E-05 0.0114714 0.0227929 9.9964E-05 9.9964E-05 9.9964E-05
0.320173 9.9982E-05 0.0803043 0.010941 0.11483 0.149378 9.9982E-05 0.324174
9.9982E-05 0.313809 0.0108082 0.0961955 0.0729324 9.9982E-05 0.129226 0.376829
0.225532 0.0951184 0.396616 9.9973E-05 0.154911 9.9973E-05 9.9973E-05 0.127523
0.352149 0.382537 0.102269 0.0553702 0.0854758 9.9982E-05 9.9982E-05 0.0219987
9.9973E-05 0.15523 9.9973E-05 0.0739049 0.0271399 0.562428 0.180997 9.9973E-05
0.276089 0.149195 0.137362 0.0692273 0.0988278 0.195433 0.0737659 9.9991E-05
9.9964E-05 0.112195 0.0270815 9.9964E-05 9.9964E-05 0.53211 0.328214 9.9964E-05
0.765411 9.9964E-05 9.9964E-05 9.9964E-05 0.0271074 9.9964E-05 0.108869 0.0982123
0.396232 0.334574 0.10159 0.0898749 0.00818023 9.9991E-05 0.0313706 0.0380787
0.108542 0.129027 9.9973E-05 0.0326582 9.9973E-05 0.639134 9.9973E-05 0.090339
0.601824 9.9991E-05 0.0534045 0.019047 0.0683082 0.0996884 0.000220252 0.157408
9.9964E-05 0.259573 9.9964E-05 9.9964E-05 0.0158011 0.147799 9.9964E-05 0.576427
0.0429368 0.475717 0.0395582 0.0342519 0.100333 0.205865 9.9991E-05 0.101238
9.9973E-05 0.336865 0.229427 0.0227718 0.0332951 0.377341 9.9973E-05 9.9973E-05
0.227838 0.285608 0.157855 0.017883 0.0125193 9.9982E-05 0.298097 9.9982E-05
0.362021 0.408618 0.0577855 0.0114516 9.9982E-05 0.0680764 9.9982E-05 0.0918469
0.36493 9.9964E-05 9.9964E-05 0.12652 0.0930631 0.415086 9.9964E-05 9.9964E-05
9.9955E-05 0.0196984 9.9955E-05 9.9955E-05 9.9955E-05 0.210241 0.769561 9.9955E-05
9.994E-05 9.994E-05 9.994E-05 9.994E-05 9.994E-05 9.994E-05 0.9993 9.994E-05
0.189719 0.05351 0.0161718 0.0714052 0.00795679 0.340902 0.0884934 0.231842
9.9982E-05 0.428333 0.113396 0.159003 0.0665506 0.196328 0.0361899 9.9982E-05
0.0218669 0.342454 0.0454481 0.0603268 0.0839076 0.295391 0.0327208 0.117884
0.549108 9.9964E-05 9.9964E-05 0.0342968 0.0469189 9.9964E-05 0.369276 9.9964E-05
0.262333 0.635492 0.0990671 9.9964E-05 9.9964E-05 0.00270863 9.9964E-05 9.9964E-05
0.476904 9.9982E-05 0.0289117 9.9982E-05 0.0308558 0.14684 0.00670885 0.309579
9.9982E-05 0.465319 0.0541102 0.111262 0.0863048 9.9982E-05 0.129341 0.153463
0.154947 0.340008 0.375255 9.9973E-05 0.0755316 9.9973E-05 0.0539587 9.9973E-05
0.19165 0.348116 9.9982E-05 0.0408728 0.0402223 9.9982E-05 0.176513 0.202426
9.994E-05 9.994E-05 9.994E-05 9.994E-05 0.9993 9.994E-05 9.994E-05 9.994E-05
0.123815 0.0121409 9.9982E-05 0.0133059 0.0404981 9.9982E-05 0.147599 0.662441
9.9964E-05 0.565541 9.9964E-05 0.258659 0.0311019 9.9964E-05 9.9964E-05 0.144298
0.035893 9.9973E-05 0.115383 0.00200977 9.9973E-05 0.836601 0.00981292 9.9973E-05
0.180413 0.245205 9.9991E-05 0.212976 0.0832442 0.200532 0.0211323 0.056397
0.372586 0.0827058 0.147451 0.0127337 0.111176 0.207095 9.9991E-05 0.0661524
0.160022 0.161905 0.172532 0.0351346 0.028907 0.15097 0.290429 9.9991E-05
9.9982E-05 0.0238672 0.0999592 9.9982E-05 0.0344462 0.732204 0.0357145 0.0736088
9.9991E-05 0.246384 0.210361 0.093135 0.10209 0.0904089 0.205739 0.0517815
0.281177 0.385751 9.9973E-05 9.9973E-05 0.0723237 0.184921 9.9973E-05 0.0755276
0.205299 0.24295 0.119749 9.9973E-05 0.0855493 0.346154 9.9973E-05 9.9973E-05
9.9955E-05 9.9955E-05 0.163166 9.9955E-05 9.9955E-05 9.9955E-05 0.0443929 0.791941
0.0134844 0.293231 0.0848636 0.0876645 0.0405825 0.207896 0.123669 0.148608
9.9982E-05 0.215826 0.106597 0.091709 0.0609118 0.388659 9.9982E-05 0.136097
9.994E-05 9.994E-05 9.994E-05 9.994E-05 0.9993 9.994E-05 9.994E-05 9.994E-05
9.99639E-05 9.99639E-05 9.99639E-05 9.99639E-05 0.347226 0.168519 0.344235 0.13962
0.175147 0.395606 0.00886165 0.0868544 0.0142194 9.9982E-05 0.319111 9.9982E-05
0.399719 0.211246 0.0454693 0.0827748 0.0236896 0.12368 9.9991E-05 0.113321
9.9964E-05 9.9964E-05 0.0311262 0.0939267 0.0391869 9.9964E-05 9.9964E-05 0.83536
0.0839039 0.147611 9.9991E-05 0.0164575 0.0362069 0.352178 0.160069 0.203475
0.112772 0.295113 9.9982E-05 0.102252 0.0395269 0.295659 0.154476 9.9982E-05
9.994E-05 9.994E-05 9.994E-05 9.994E-05 9.994E-05 9.994E-05 0.9993 9.994E-05
9.9982E-05 0.11208 0.173985 9.9982E-05 0.0721621 0.258434 0.141228 0.24191
0.194268 0.0958516 0.0158787 9.99729E-05 9.99729E-05 0.488866 0.204835 9.99729E-05
0.212087 0.0394676 0.0166197 0.135934 0.0682599 0.124285 0.403246 9.9991E-05
9.9973E-05 0.435104 0.117732 9.9973E-05 0.114304 0.246913 9.9973E-05 0.0856466
0.407445 0.0482073 9.99641E-05 0.0533242 9.99641E-05 9.99641E-05 0.490623 9.99641E-05
9.9973E-05 0.168818 9.9973E-05 0.0138455 0.0755376 9.9973E-05 0.363978 0.377521
0.0251613 0.66125 0.0187435 0.090486 9.9982E-05 0.0747932 0.129366 9.9982E-05
0.128501 0.234771 9.9973E-05 9.9973E-05 0.115119 0.419501 0.101808 9.9973E-05
9.9973E-05 9.9973E-05 0.0299027 0.120051 9.9973E-05 0.482349 0.280884 0.0865132
9.99459E-05 9.99459E-05 9.99459E-05 0.986818 9.99459E-05 0.0125825 9.99459E-05 9.99459E-05
0.471592 0.289164 0.0686832 0.0352204 9.9973E-05 9.9973E-05 0.135041 9.9973E-05
9.9973E-05 9.9973E-05 0.201183 0.0501515 0.0113534 0.0624748 0.674537 9.9973E-05
0.391165 0.0608628 0.119466 9.9991E-05 0.122608 0.106733 0.0647018 0.134364
0.321497 0.158555 0.0470334 9.9991E-05 0.0273571 0.0220173 0.135776 0.287664
0.268689 0.241186 0.120221 9.9973E-05 9.9973E-05 0.143692 9.9973E-05 0.225912
0.0103021 0.0357755 0.0246591 0.0352463 0.0630716 0.47716 0.0469785 0.306807
9.994E-05 9.994E-05 9.994E-05 0.9993 9.994E-05 9.994E-05 9.994E-05 9.994E-05
0.214063 0.272085 9.9973E-05 9.9973E-05 0.0659213 0.346656 9.9973E-05 0.100974
0.127692 0.0172499 0.0514281 0.19179 0.054995 0.13285 0.224093 0.199902
9.9982E-05 0.659011 0.0748078 0.0469051 0.0169033 9.9982E-05 0.0421008 0.160072
0.0381194 9.9982E-05 0.181279 9.9982E-05 0.0120611 0.258258 0.382245 0.127838
