0.0617948 0.0137686 9.9982E-05 0.0378784 0.0845094 9.9982E-05 0.0345131 0.767336
0.20061 9.9982E-05 0.140114 0.316828 0.0558098 0.192875 9.9982E-05 0.0935634
0.119718 0.0593165 0.0796045 0.402811 9.9991E-05 0.117051 0.0839701 0.137429
0.0621241 0.105445 0.1317 0.059024 9.9982E-05 9.9982E-05 0.0586954 0.582812
9.999E-05 0.0727904 0.0337408 0.042786 0.102502 0.518499 0.0602878 0.169294
0.0596043 0.0503405 0.00142178 0.254075 9.9982E-05 0.527924 9.9982E-05 0.106435
9.9982E-05 0.123371 0.0985162 0.0495309 9.9982E-05 0.0463336 0.095863 0.586185
0.204041 9.9982E-05 9.9982E-05 0.00998477 0.109313 0.485238 0.0568027 0.134421
9.999E-05 0.0810484 0.023163 0.55012 0.0936776 0.0977684 0.00904681 0.145076
9.9982E-05 0.171156 0.252363 0.297315 0.163827 9.9982E-05 0.11151 0.00362945
9.99459E-05 0.0221598 9.99459E-05 0.97724 9.99459E-05 9.99459E-05 9.99459E-05 9.99459E-05
9.99639E-05 9.99639E-05 9.99639E-05 0.0571406 0.737762 0.178507 0.0261905 9.99639E-05
9.9982E-05 0.0679218 0.00253136 0.3094 9.9982E-05 0.410885 0.0350007 0.174061
0.100253 0.0530608 0.072885 9.9991E-05 0.101949 0.312867 0.0497211 0.309164
0.111522 9.99549E-05 9.99549E-05 0.138941 9.99549E-05 0.749037 9.99549E-05 9.99549E-05
0.485672 0.0765818 0.077113 9.9991E-05 0.0801629 0.19175 0.0858533 0.00276726
0.0563486 0.110832 0.0972018 9.9964E-05 9.9964E-05 0.735218 9.9964E-05 9.9964E-05
0.13022 0.0469456 0.104949 0.00671287 0.170222 0.154502 0.172242 0.214206
9.9982E-05 9.9982E-05 0.0561452 0.243751 0.143377 0.220503 0.0634799 0.272544
0.0314201 0.100103 0.0839439 0.34812 9.9982E-05 9.9982E-05 0.0132385 0.422975
0.012037 0.0307313 9.9991E-05 0.475802 0.0977261 0.0216701 0.10478 0.257154
0.139114 9.9982E-05 9.9982E-05 0.225984 0.0898134 0.447447 0.0650512 0.0323904
0.209611 0.0196467 0.0143475 0.209381 0.19345 0.0739368 0.106344 0.173283
0.0932394 9.9982E-05 0.224324 0.0578894 9.9982E-05 0.302237 0.0184082 0.303702
9.9955E-05 0.0876149 9.9955E-05 0.862131 9.9955E-05 9.9955E-05 0.0497541 9.9955E-05
0.0289421 9.9982E-05 0.057996 0.0254212 0.130253 0.171978 9.9982E-05 0.58521
0.176401 0.0918415 0.136414 9.9982E-05 0.433924 0.036669 0.12455 9.9982E-05
0.141036 0.14428 0.132953 9.9991E-05 0.0993918 0.135529 0.0579488 0.288761
0.0447118 0.041507 0.166156 0.117118 9.9982E-05 0.461876 9.9982E-05 0.168431
0.0445311 9.99729E-05 0.596646 0.231983 9.99729E-05 0.0375158 9.99729E-05 0.089024
9.9964E-05 9.9964E-05 0.0534389 0.718026 9.9964E-05 0.188217 0.0399183 9.9964E-05
9.9973E-05 0.0596076 0.0325824 0.150303 0.656843 9.9973E-05 0.100364 9.9973E-05
9.9982E-05 0.00719549 0.0685504 0.0371852 9.9982E-05 0.391583 0.0487853 0.446501
0.179861 0.0599534 9.9991E-05 0.0961862 0.111167 0.345446 0.0785486 0.128738
9.9973E-05 0.089901 9.9973E-05 9.9973E-05 0.324679 0.382161 0.0813217 0.121638
9.99551E-05 0.0180673 9.99551E-05 9.99551E-05 9.99551E-05 9.99551E-05 0.041779 0.939654
0.00498442 0.163665 0.0657579 0.117414 9.9982E-05 0.193115 9.9982E-05 0.454863
9.9973E-05 0.0893407 0.0872409 0.413033 0.202604 9.9973E-05 9.9973E-05 0.207481
0.0447119 0.141812 0.0496652 0.150576 9.9991E-05 0.55606 0.0103703 0.0467039
0.193012 0.0536074 0.0215524 0.471482 9.9982E-05 9.9982E-05 0.0983466 0.161799
0.28884 0.0253474 0.0432 0.471894 0.000628902 0.0780244 0.0242942 0.0677707
0.198525 0.169571 0.0750035 0.122578 0.0645817 0.0279853 0.0338983 0.307857
0.129826 0.0695789 9.9991E-05 0.174256 0.223993 0.149238 0.0578261 0.195183
9.9964E-05 9.9964E-05 9.9964E-05 0.0229665 0.557499 0.0545627 9.9964E-05 0.364572
0.00303958 9.99549E-05 9.99549E-05 9.99549E-05 0.91031 9.99549E-05 0.0861506 9.99549E-05
9.9982E-05 0.15455 9.9982E-05 0.0455962 0.155553 0.363175 0.0328405 0.248085
9.9982E-05 0.00402188 0.109277 9.9982E-05 0.146952 0.184305 0.047181 0.508062
0.183335 9.9973E-05 0.0996455 9.9973E-05 0.137816 0.384521 9.9973E-05 0.194383
0.193028 9.9991E-05 0.0319684 0.0534359 0.424578 0.184331 0.102124 0.0104341
0.0939725 9.9982E-05 0.120828 0.279468 9.9982E-05 0.290082 0.0399699 0.175479
9.999E-05 0.12093 0.106413 0.265735 0.0256407 0.135362 0.0892143 0.256605
0.145116 0.0602098 9.9982E-05 0.294706 9.9982E-05 0.237571 0.127899 0.134298
0.560293 0.0484642 0.0930333 9.9982E-05 0.172122 9.9982E-05 0.0378019 0.0880863
0.253755 0.182167 0.119963 0.0584135 0.0153155 0.329671 0.0406149 9.9991E-05
0.222892 9.9955E-05 0.202915 9.9955E-05 0.573693 9.9955E-05 9.9955E-05 9.9955E-05
9.9982E-05 0.0260487 9.9982E-05 0.410397 0.168193 0.33763 0.0479541 0.00957774
0.223108 0.0671842 0.0315996 9.99731E-05 0.606624 9.99731E-05 9.99731E-05 0.0711845
0.00694102 0.0907402 0.176375 0.257466 0.23889 9.9991E-05 0.00716698 0.222321
0.176597 0.0150252 0.0903345 0.699406 0.00608204 9.9982E-05 0.0123549 9.9982E-05
9.99729E-05 0.133505 9.99729E-05 0.0275902 0.566102 0.206618 0.0658838 9.99729E-05
0.0527631 9.9991E-05 0.0568892 0.261079 0.0575767 0.0578366 0.0612981 0.452458
0.0763188 0.103335 9.9982E-05 0.298767 9.9982E-05 0.115613 0.0683912 0.337375
9.9964E-05 9.9964E-05 9.9964E-05 0.298453 9.9964E-05 0.500725 0.0987663 0.101656
9.9964E-05 0.00492916 0.939049 9.9964E-05 9.9964E-05 9.9964E-05 0.0313645 0.0242572
0.146947 0.148261 9.9982E-05 0.040502 0.0181778 0.273624 9.9982E-05 0.372287
0.1092 9.9964E-05 9.9964E-05 9.9964E-05 9.9964E-05 0.0449422 0.0237017 0.821756
0.0274084 0.0598926 9.9991E-05 0.00079297 0.0674609 0.066192 0.0936623 0.684491
9.9973E-05 9.9973E-05 0.0189764 0.240166 9.9973E-05 0.72323 0.00183776 0.0154895
0.0427166 9.9982E-05 0.0387144 0.224302 9.9982E-05 0.337719 0.0477146 0.308634
0.172375 9.9982E-05 0.146655 0.365525 9.9982E-05 0.136306 0.119738 0.0592006
9.9982E-05 0.105355 0.13534 0.0814041 0.540978 0.0636921 0.0730303 9.9982E-05
0.14977 0.03794 0.035214 0.0523183 9.9991E-05 0.479151 0.0536642 0.191842
0.0527477 0.020788 0.118268 0.356542 9.9991E-05 0.344048 0.0900618 0.0174443
0.0798776 0.0394112 0.139813 0.287911 0.01302 0.400035 0.0398322 9.9991E-05
0.0360797 0.162101 0.143876 9.9973E-05 0.290271 0.367372 9.9973E-05 9.9973E-05
0.264794 0.123145 9.9982E-05 0.143357 0.248004 0.165238 0.055261 9.9982E-05
9.9973E-05 0.0153315 9.9973E-05 9.9973E-05 0.366932 0.4356 0.160309 0.0215283
0.114591 0.00086426 0.122691 0.526115 9.9991E-05 0.0791182 0.0270412 0.129479
9.9982E-05 0.0438188 9.9982E-05 0.332193 0.0389856 0.179005 0.0017371 0.404061
0.0175463 9.9991E-05 0.216881 0.123646 0.0906813 0.337175 0.0499147 0.164056
0.135518 9.9991E-05 0.094564 0.21832 0.197566 0.0808618 0.107148 0.165921
0.00369041 0.0582789 0.0123287 9.9991E-05 0.216293 0.287828 0.0397997 0.381681
0.0684015 0.0339828 0.187072 0.23458 0.404108 0.0275399 0.000152984 0.0441625
0.190621 0.0473161 0.0639328 0.378247 9.9982E-05 0.242513 0.0771703 9.9982E-05
9.9982E-05 0.00250844 0.118344 9.9982E-05 0.12395 0.439211 0.0454239 0.270362
0.141145 0.0210386 9.9973E-05 0.328788 0.187909 9.9973E-05 9.9973E-05 0.320819
0.0298347 9.9964E-05 0.00253222 9.9964E-05 9.9964E-05 0.34051 9.9964E-05 0.626723
9.9982E-05 0.0239042 9.9982E-05 0.292095 0.346739 0.252659 0.077869 0.00653359
0.108768 0.119572 0.152673 9.9982E-05 9.9982E-05 0.308736 0.0696425 0.240409
9.9964E-05 9.9964E-05 9.9964E-05 0.435952 0.283787 9.9964E-05 0.0817967 0.198065
9.9946E-05 0.0147806 0.98462 9.9946E-05 9.9946E-05 9.9946E-05 9.9946E-05 9.9946E-05
9.9982E-05 0.0332233 0.00395775 0.409051 0.328322 0.203929 0.0213164 9.9982E-05
9.9964E-05 9.9964E-05 9.9964E-05 0.342353 9.9964E-05 0.086837 0.0618854 0.508525
0.122986 9.9973E-05 0.0862143 0.375797 9.9973E-05 0.380152 0.0345512 9.9973E-05
0.0656554 9.9964E-05 9.9964E-05 0.29065 9.9964E-05 0.0355126 9.9964E-05 0.607782
0.0875645 0.0581435 0.0474356 0.16146 9.9991E-05 0.303358 0.0108154 0.331123
0.00971575 0.0451024 0.0831461 0.0941764 0.701137 9.9982E-05 9.9982E-05 0.0665223
9.99731E-05 0.18978 9.99731E-05 9.99731E-05 0.0284016 0.409477 0.0228369 0.349205
9.99641E-05 9.99641E-05 0.392107 9.99641E-05 9.99641E-05 0.213454 0.130487 0.263552
9.9973E-05 9.9973E-05 0.320329 0.280961 0.0829816 0.225164 9.9973E-05 0.0902639
9.9991E-05 0.0736052 0.124172 0.18193 0.155372 0.304035 0.0745296 0.0862564
9.994E-05 9.994E-05 0.9993 9.994E-05 9.994E-05 9.994E-05 9.994E-05 9.994E-05
0.0619276 0.0749026 0.137523 0.348532 9.9982E-05 0.350921 0.025994 9.9982E-05
9.99459E-05 0.986958 9.99459E-05 9.99459E-05 9.99459E-05 9.99459E-05 0.0124428 9.99459E-05
0.206973 0.0749174 0.122189 0.399229 0.00113799 9.9991E-05 0.0319766 0.163478
0.253128 0.0151922 9.9973E-05 0.372933 9.9973E-05 0.162798 9.9973E-05 0.195649
0.122044 9.9982E-05 0.0344284 0.0100672 0.269725 0.441481 9.9982E-05 0.122055
0.0524783 0.021943 0.122932 0.249043 0.0383523 0.140823 0.0315198 0.342909
0.0859456 0.0590771 0.198094 0.0801039 0.186225 0.382368 0.00808648 9.9991E-05
0.0370331 0.000465207 0.138004 0.255389 0.177629 0.198336 0.0351842 0.15796
0.0426248 0.150413 0.00056838 0.142327 9.9991E-05 0.427377 0.00782601 0.228764
0.0178892 0.0168702 0.118034 0.312705 0.306438 0.0935056 0.0465513 0.0880063
0.16272 0.0470845 0.0845899 0.324273 0.133278 9.9982E-05 9.9982E-05 0.247854
0.0282613 0.024053 0.404213 9.9991E-05 0.0473324 0.283685 0.085825 0.126531
0.188781 0.0890356 0.0435892 0.140355 0.31357 0.0667034 9.9991E-05 0.157866
9.9955E-05 9.9955E-05 0.965188 0.00558877 9.9955E-05 9.9955E-05 0.0287236 9.9955E-05
0.074067 0.180947 9.9964E-05 0.465402 9.9964E-05 0.279184 9.9964E-05 9.9964E-05
0.0279303 9.9964E-05 9.9964E-05 9.9964E-05 0.253799 9.9964E-05 0.0821406 0.63573
0.108823 0.0179581 0.0499255 0.170435 0.322322 0.196478 9.9991E-05 0.133959
9.9982E-05 0.057476 9.9982E-05 0.158446 0.460296 0.175063 0.120677 0.0278415
0.0580066 0.167388 0.0395783 0.0310216 9.9991E-05 0.117061 0.083384 0.50346
9.9982E-05 0.0191898 0.460068 0.0126223 9.9982E-05 0.268506 0.110749 0.128665
9.9991E-05 0.104283 0.17423 0.00093641 0.247521 0.227277 0.0633154 0.182337
0.250224 0.0631559 9.9982E-05 0.153045 0.157225 0.21627 9.9982E-05 0.159881
0.0390881 0.0664492 0.187962 0.00716549 0.396416 0.229101 0.0737188 9.9991E-05
9.994E-05 9.994E-05 9.994E-05 9.994E-05 9.994E-05 0.9993 9.994E-05 9.994E-05
0.0100477 9.9964E-05 9.9964E-05 0.845236 9.9964E-05 0.113104 0.0312127 9.9964E-05
0.0585762 0.0835376 0.113529 0.273942 0.117124 0.0447825 0.0230448 0.285464
0.157125 9.9982E-05 9.9982E-05 0.16382 0.48686 0.0163102 0.00957164 0.166113
0.0441254 9.9982E-05 0.168818 0.485177 0.207434 9.9982E-05 0.0277695 0.0664761
9.9955E-05 9.9955E-05 9.9955E-05 9.9955E-05 9.9955E-05 0.198567 0.0334543 0.767479
9.9982E-05 0.0318008 0.075758 9.9982E-05 0.026894 0.443037 0.0960038 0.326306
9.9982E-05 9.9982E-05 0.25971 0.134315 0.0399173 0.312121 0.0309469 0.222789
0.103715 9.9982E-05 0.130171 0.283356 9.9982E-05 0.360435 0.0956605 0.0264616
9.9982E-05 0.057103 0.00732822 0.290437 0.060106 0.300994 9.9982E-05 0.283832
9.9982E-05 0.0844252 9.9982E-05 0.239283 0.419703 0.0349879 0.0537175 0.167684
0.982553 9.9955E-05 9.9955E-05 9.9955E-05 0.00466708 9.9955E-05 9.9955E-05 0.0122805
0.988913 9.99459E-05 9.99459E-05 9.99459E-05 9.99459E-05 9.99459E-05 0.0104872 9.99459E-05
0.111309 0.0135212 0.0276826 0.28582 0.266516 9.9991E-05 0.0630798 0.231971
9.9991E-05 0.124256 0.0748461 0.0359503 0.164121 0.187818 0.0266116 0.386296
9.9973E-05 0.092424 0.0907482 9.9973E-05 0.392168 0.340662 0.0836974 9.9973E-05
0.0553611 9.9973E-05 0.00229805 0.60097 9.9973E-05 0.304066 0.0370049 9.9973E-05
9.9991E-05 0.0119655 0.179789 0.263244 0.137579 0.177606 0.0286197 0.201098
9.9991E-05 0.015173 0.101329 0.267426 0.362536 0.0307101 0.0910443 0.131683
0.0959061 0.0949224 0.00815152 9.9982E-05 9.9982E-05 0.53059 0.00513217 0.265098
0.0902978 0.0437538 0.339202 9.9991E-05 0.150122 0.103245 0.0927759 0.180504
0.135779 0.086876 9.9982E-05 9.9982E-05 0.190059 0.492047 0.0373223 0.0577169
9.994E-05 9.994E-05 9.994E-05 9.994E-05 9.994E-05 9.994E-05 0.9993 9.994E-05
0.124023 0.123554 9.9991E-05 0.0245503 0.0507137 0.028354 0.0821743 0.566531
0.284319 0.206758 0.028284 0.13887 9.9973E-05 9.9973E-05 9.9973E-05 0.341469
0.0181644 0.0374538 0.0543886 0.165669 0.574271 0.068013 0.0425359 0.0395044
0.209092 0.176614 9.9982E-05 0.209668 9.9982E-05 0.0895077 0.0433392 0.271578
0.179734 0.0572143 0.0989261 0.27786 0.0919287 0.0188569 0.13892 0.136559
0.15933 0.0193126 0.0976295 0.0431289 0.268247 0.303692 0.0583098 0.0503511
9.9982E-05 9.9982E-05 0.00346756 0.0843642 0.381828 0.402161 0.0620362 0.0659432
0.223264 0.0826437 0.165167 0.0016329 9.9991E-05 0.347932 0.0582959 0.120964
0.0931764 9.9973E-05 9.9973E-05 0.249463 0.107294 9.9973E-05 0.0881057 0.461661
9.9991E-05 0.0197978 0.0906488 0.395833 0.108423 0.172828 0.0372618 0.175108
0.0441669 9.9955E-05 0.151311 9.9955E-05 9.9955E-05 9.9955E-05 9.9955E-05 0.804022
0.0636443 0.00655292 0.0442716 0.231816 0.0277598 0.326249 0.0336202 0.266086
0.00240407 9.9973E-05 9.9973E-05 0.547961 9.9973E-05 0.00152867 0.0105128 0.437294
9.994E-05 9.994E-05 9.994E-05 9.994E-05 9.994E-05 9.994E-05 0.9993 9.994E-05
0.0203336 9.9982E-05 9.9982E-05 0.108129 0.0994419 0.359539 0.374588 0.037768
0.457285 0.110914 0.0751853 0.0541563 0.0439784 0.229796 9.9991E-05 0.0285841
0.0799503 0.0316957 0.00262304 0.483284 0.186821 0.0495881 0.0593513 0.106686
0.0733854 0.0154543 0.058577 9.9982E-05 0.00204765 9.9982E-05 0.028707 0.821629
0.0329435 9.9982E-05 9.9982E-05 0.280065 0.121095 0.270359 0.0465171 0.248821
0.0774341 0.164525 9.9982E-05 0.228637 0.0775522 0.41747 0.0341816 9.9982E-05
0.9993 9.994E-05 9.994E-05 9.994E-05 9.994E-05 9.994E-05 9.994E-05 9.994E-05
0.0353912 9.9991E-05 0.0520496 0.0882853 0.0548658 0.504261 0.0936803 0.171367
0.0553928 9.9982E-05 0.0668542 0.636091 0.0996566 0.0604958 9.9982E-05 0.0813093
0.140835 0.199196 0.120332 0.0799244 0.0763072 0.313611 0.0696934 9.9991E-05
0.0820003 9.9991E-05 0.136513 0.0239721 0.028772 0.211311 0.088577 0.428754
0.370986 0.0479429 9.9982E-05 0.0202313 0.473377 0.0673555 0.0199071 9.9982E-05
0.216611 9.9973E-05 9.9973E-05 9.9973E-05 0.106231 0.360727 0.102073 0.214057
0.116865 0.101693 0.00164124 9.9982E-05 0.394114 0.37949 9.9982E-05 0.00599707
9.9973E-05 0.0121023 9.9973E-05 0.367937 0.195283 0.333698 0.0906798 9.9973E-05
0.0411878 0.0161956 9.9973E-05 0.307225 0.499711 9.9973E-05 9.9973E-05 0.135381
9.99459E-05 0.976765 0.0226354 9.99459E-05 9.99459E-05 9.99459E-05 9.99459E-05 9.99459E-05
0.0571365 0.093639 0.157339 0.132298 0.492274 9.9982E-05 9.9982E-05 0.0671135
9.9964E-05 0.0173885 0.145631 9.9964E-05 9.9964E-05 0.829771 0.00680938 9.9964E-05
9.9982E-05 0.00403901 0.122875 0.437852 9.9982E-05 0.147454 0.110392 0.177188
0.307267 9.9982E-05 0.0593314 0.222133 0.0948319 9.9982E-05 0.0148984 0.301339
0.0291419 9.9973E-05 0.174669 0.205814 9.9973E-05 0.180118 9.9973E-05 0.409957
0.246184 0.0145216 0.0350629 0.227099 0.0562076 9.9982E-05 9.9982E-05 0.420725
9.994E-05 0.9993 9.994E-05 9.994E-05 9.994E-05 9.994E-05 9.994E-05 9.994E-05
9.9973E-05 9.9973E-05 0.0375457 0.225295 9.9973E-05 0.394001 0.070043 0.272815
0.0749868 0.212445 9.9982E-05 9.9982E-05 0.185911 0.29081 0.0828895 0.152757
0.0946213 9.99639E-05 9.99639E-05 0.24235 9.99639E-05 0.185143 9.99639E-05 0.477486
0.244694 9.9973E-05 0.135087 9.9973E-05 0.433297 0.155046 9.9973E-05 0.0315765
