9.9982E-05 0.339269 0.0192793 9.9982E-05 0.39999 0.241262
0.0097455 0.146248 0.0566025 0.378805 9.9991E-05 0.408499
0.0815543 0.24253 9.9982E-05 0.365977 9.9982E-05 0.309739
0.0925681 0.60493 0.0986616 9.9991E-05 0.11456 0.0891799
0.14191 0.526658 0.102231 9.9991E-05 0.217815 0.0112863
0.108971 0.417248 0.184227 0.165416 9.9991E-05 0.124038
0.0171397 0.344272 0.0684456 9.9991E-05 0.384079 0.185964
0.0448934 0.142141 0.0945474 0.242311 0.179236 0.296872
0.132605 0.0661417 0.0440498 0.558455 0.151268 0.0474805
0.106329 9.9991E-05 0.26636 0.159927 0.298681 0.168603
9.9982E-05 9.9982E-05 0.122651 0.63436 0.0288168 0.213972
0.032474 0.00780029 9.9982E-05 0.860557 0.0989686 9.9982E-05
0.0745687 0.449857 0.179193 0.0379677 0.253333 0.00508075
0.129919 0.176786 0.133618 0.278831 0.280747 9.9991E-05
9.9982E-05 9.9982E-05 0.00497977 0.910247 0.055355 0.0292179
0.133408 0.0767304 0.0286044 0.131491 0.320515 0.309251
0.141828 0.0817647 0.110936 0.592478 0.0728939 9.9991E-05
0.247776 0.159077 0.165104 9.9991E-05 0.336222 0.091722
0.0297374 0.374121 9.9991E-05 0.253955 0.193294 0.148792
0.00666964 0.31568 0.0228113 0.423034 0.137887 0.0939175
9.999E-05 0.321124 0.136393 0.0901327 0.219589 0.232661
9.9991E-05 0.329303 0.02858 0.357797 0.099601 0.184619
0.113171 0.311567 0.0259226 0.143159 0.241599 0.164582
0.180113 0.420967 9.9991E-05 0.175376 0.135416 0.0880277
9.9973E-05 9.9973E-05 0.199782 0.607605 0.192313 9.9973E-05
0.0731261 0.450879 0.0459222 0.142615 0.191407 0.0960505
0.0815227 9.9991E-05 0.103592 0.148466 0.280122 0.386197
0.237283 0.0796619 0.132453 0.202269 0.165266 0.183066
0.289297 0.182328 0.103363 0.303749 0.00414974 0.117113
0.673593 0.0616881 0.0123388 0.222686 0.0295943 9.9991E-05
0.0496302 0.231497 0.0658663 0.652807 9.9982E-05 9.9982E-05
9.999E-05 0.0586838 0.0907731 0.340301 0.000642082 0.5095
0.191763 0.681734 0.00509428 0.107153 9.9991E-05 0.0141549
0.0894846 0.434954 0.111425 0.0415783 0.115757 0.2068
0.0308717 0.23298 0.119264 0.288569 0.318174 0.0101409
9.9982E-05 0.000782013 9.9982E-05 0.138097 0.84424 0.0166812
9.9991E-05 0.51353 0.256567 0.191496 0.0327828 0.00552446
9.9982E-05 9.9982E-05 0.123309 0.154519 0.445018 0.276955
0.133074 0.271421 0.143377 0.451928 9.9982E-05 9.9982E-05
0.0158293 0.396565 0.0938908 0.179796 0.0583246 0.255594
0.029719 0.274882 0.0531121 0.346021 9.9991E-05 0.296166
0.00196195 0.402626 0.160576 9.9991E-05 0.105804 0.328932
0.111138 0.433771 0.192303 0.0364574 0.0627767 0.163554
0.159396 0.410516 0.0275014 0.217927 0.0434121 0.141247
0.00992935 9.9982E-05 9.9982E-05 0.0551653 0.311136 0.623569
9.9991E-05 0.296656 0.174991 0.375392 0.0566795 0.0961811
0.0281044 0.257272 9.9991E-05 0.278535 0.211666 0.224323
0.0787785 0.688031 9.9982E-05 0.112144 9.9982E-05 0.120847
0.111962 0.119859 0.00964859 0.483385 9.9991E-05 0.275046
0.140082 0.175354 9.9991E-05 0.420881 0.0164609 0.247123
9.9991E-05 0.0658766 0.0719465 0.477777 0.361348 0.0229523
0.0139636 0.28929 0.0883408 0.291021 0.20798 0.109405
0.127876 0.153285 0.028542 0.155395 9.9991E-05 0.534802
0.157721 0.111166 0.244189 9.9991E-05 0.196528 0.290295
0.212153 0.0409584 9.9982E-05 0.174299 9.9982E-05 0.57239
9.9982E-05 0.592186 0.0718409 0.206008 0.129766 9.9982E-05
0.0837397 9.9982E-05 0.092788 9.9982E-05 0.0285332 0.794739
0.217477 0.353403 0.0985535 0.102794 0.0115205 0.216252
0.0368315 0.176315 0.0913457 0.446274 9.9991E-05 0.249134
0.0194178 9.9991E-05 0.221174 0.431984 0.102588 0.224737
0.111253 0.879983 0.0084638 9.9973E-05 9.9973E-05 9.9973E-05
9.9982E-05 0.314482 0.108103 0.204683 0.372532 9.9982E-05
0.0168003 0.336513 9.9991E-05 0.495349 0.103775 0.0474635
0.907767 9.9973E-05 9.9973E-05 0.0289495 0.0629833 9.9973E-05
0.0247222 0.272572 0.263642 0.369785 0.069178 9.9991E-05
9.9982E-05 0.311625 0.0190853 9.9982E-05 0.468346 0.200744
9.9991E-05 0.490433 0.055929 0.0325311 0.276106 0.144901
0.089507 0.421246 0.0495372 0.43951 9.9982E-05 9.9982E-05
0.014404 0.71823 9.9982E-05 0.235014 0.0321517 9.9982E-05
0.161521 0.195549 0.0908928 9.9991E-05 0.209878 0.342059
0.147669 0.183281 0.318409 0.0238151 0.0154667 0.311359
0.033304 0.166808 9.9991E-05 0.49392 0.187121 0.118747
0.14001 0.172172 0.0157515 0.474403 0.197564 9.9991E-05
0.0467502 0.0837044 0.0675693 0.600035 9.9991E-05 0.201841
0.156936 9.9991E-05 0.166958 0.26842 0.143043 0.264542
9.9973E-05 9.9973E-05 0.135635 0.3666 9.9973E-05 0.497465
0.0873642 0.575574 0.0055594 9.9991E-05 0.106848 0.224555
0.00951397 0.757503 0.088453 0.14433 9.9982E-05 9.9982E-05
9.9973E-05 0.751924 0.0953499 0.152426 9.9973E-05 9.9973E-05
0.191634 0.580286 9.9982E-05 9.9982E-05 0.144508 0.0833721
0.0650506 0.272478 0.0264398 0.023247 0.361666 0.251118
0.156417 0.504545 0.0937708 0.0440934 0.201073 9.9991E-05
0.210642 0.233736 0.0255638 0.170997 0.0464053 0.312656
0.152584 0.256595 0.0504646 0.338198 9.9991E-05 0.202058
0.025766 0.489246 0.000253156 0.368628 0.0833219 0.0327851
9.9991E-05 0.363415 0.0631802 0.0183854 0.153624 0.401295
9.9973E-05 0.338399 9.9973E-05 0.17224 0.489061 9.9973E-05
9.9982E-05 0.206357 0.0491764 0.467715 0.276551 9.9982E-05
0.150829 0.0330495 0.0503983 0.229552 0.475227 0.060944
9.9982E-05 0.20466 9.9982E-05 0.264295 0.0940809 0.436764
0.962059 9.9964E-05 0.0375407 9.9964E-05 9.9964E-05 9.9964E-05
9.9982E-05 9.9982E-05 0.101725 0.552809 0.137023 0.208243
9.9973E-05 0.696365 9.9973E-05 0.00678049 0.296554 9.9973E-05
0.0933263 9.9982E-05 9.9982E-05 0.675163 0.128339 0.102971
9.9964E-05 0.949873 0.0497273 9.9964E-05 9.9964E-05 9.9964E-05
0.140913 0.595116 0.166532 0.00811521 0.0791641 0.0101596
0.0160807 0.327548 0.114494 0.0933221 9.9991E-05 0.448454
0.036061 0.728674 0.142814 9.9982E-05 9.9982E-05 0.0922508
0.562936 0.0329421 0.0296637 9.9982E-05 0.374258 9.9982E-05
0.277967 0.196266 9.9982E-05 0.427777 0.0977895 9.9982E-05
0.217582 0.246489 9.9982E-05 0.463577 0.072152 9.9982E-05
0.9995 9.996E-05 9.996E-05 9.996E-05 9.996E-05 9.996E-05
0.0586743 0.202508 0.159634 0.498823 9.9991E-05 0.0802614
9.99639E-05 9.99639E-05 0.967234 9.99639E-05 0.0323661 9.99639E-05
0.109459 9.9991E-05 0.141304 0.465262 0.120486 0.16339
9.9973E-05 0.265997 9.9973E-05 0.362941 9.9973E-05 0.370762
0.0282558 0.285151 0.0474573 0.188888 0.0606657 0.389582
9.9973E-05 0.42171 9.9973E-05 0.397697 9.9973E-05 0.180293
0.0855853 9.9991E-05 0.0468464 0.733042 0.0514588 0.0829675
0.0637301 0.391238 0.0301448 0.245222 0.261531 0.00813334
0.0847887 0.423682 0.229056 0.107873 0.00165613 0.152943
0.181234 0.0772723 0.0223494 0.258019 0.373411 0.0877138
0.106005 0.384757 0.0450416 0.159233 9.9991E-05 0.304864
0.494051 0.153739 0.0250254 9.9991E-05 0.252108 0.0749766
0.093704 0.329512 0.0350144 0.22611 0.0499041 0.265756
0.9995 9.996E-05 9.996E-05 9.996E-05 9.996E-05 9.996E-05
0.0290187 0.166458 0.247329 0.400459 0.0856298 0.0711057
9.9982E-05 0.322389 0.0169329 9.9982E-05 0.392106 0.268372
0.173576 0.500089 0.0351845 0.105997 9.9991E-05 0.185053
9.9991E-05 0.153434 0.0659225 0.185298 0.505103 0.0901429
0.0781656 0.463395 0.093472 9.9991E-05 0.10934 0.255528
0.399713 0.0905025 0.0842779 9.9982E-05 0.425307 9.9982E-05
0.237015 0.281761 0.0985674 9.9991E-05 0.0282984 0.354259
9.9982E-05 0.463579 0.138587 0.234063 9.9982E-05 0.163571
0.204089 0.107049 9.9991E-05 0.182055 0.22636 0.280348
9.9982E-05 0.218606 0.0370328 0.594929 9.9982E-05 0.149232
9.9973E-05 0.0431606 9.9973E-05 0.848281 9.9973E-05 0.108258
0.11311 0.370773 0.076249 0.261811 0.0541253 0.123932
0.0161735 0.282374 0.00346309 0.356241 9.9991E-05 0.341648
0.0565432 9.9991E-05 0.0107565 0.322228 0.364937 0.245435
9.9973E-05 0.50025 9.9973E-05 0.129162 0.370288 9.9973E-05
0.0510223 0.622579 0.00783696 0.0886055 0.229856 9.9991E-05
0.294305 0.443675 0.060535 0.156301 9.9991E-05 0.0450839
0.165419 0.228813 0.0447833 0.419719 0.0453731 0.0958939
0.129472 0.602569 0.0981253 0.154721 9.9991E-05 0.0150129
0.130033 0.198188 0.180835 0.205653 0.285191 9.9991E-05
9.9982E-05 0.0959348 0.00472196 0.186711 9.9982E-05 0.712433
9.996E-05 9.996E-05 9.996E-05 9.996E-05 9.996E-05 0.9995
0.064525 0.167937 0.00587062 0.229245 0.187762 0.34466
0.126207 0.523634 0.14101 0.173082 9.9991E-05 0.0359671
0.0612922 0.303684 0.154371 0.182838 0.200587 0.0972276
9.9973E-05 9.9973E-05 0.193966 0.734953 0.0707811 9.9973E-05
0.165929 0.450505 0.156023 0.215721 0.00832643 0.00349663
0.0372901 0.179767 9.9991E-05 0.33576 0.135762 0.311321
0.0626866 0.709777 0.133487 0.0731224 0.0175686 0.00335866
0.250308 0.177572 0.0749029 0.207417 0.289701 9.9991E-05
9.9991E-05 0.28254 0.0732169 0.308097 0.158338 0.177708
9.996E-05 9.996E-05 9.996E-05 9.996E-05 0.9995 9.996E-05
9.9982E-05 0.229692 0.16866 9.9982E-05 0.42419 0.177258
9.9973E-05 0.50093 0.275874 9.9973E-05 9.9973E-05 0.222896
0.0620585 0.0364401 9.9973E-05 0.901201 9.9973E-05 9.9973E-05
9.9982E-05 0.359564 0.222693 9.9982E-05 0.273886 0.143657
0.120863 0.181142 0.0222192 0.262181 0.145716 0.267879
0.0274346 0.143281 0.0450492 0.285983 0.168682 0.329571
0.00704289 0.155278 0.018258 0.68142 0.137901 9.9991E-05
0.198946 0.203874 0.115899 0.168252 0.164349 0.14868
9.9982E-05 0.421906 9.9982E-05 0.255359 0.104599 0.217936
0.102686 0.389814 0.0262359 0.347417 0.0842896 0.0495583
0.164081 0.356259 9.9982E-05 9.9982E-05 0.0232504 0.45621
0.109483 0.27989 0.104665 0.336323 0.16954 9.9991E-05
0.0386584 0.404425 0.110244 0.268772 0.177801 9.9991E-05
9.996E-05 9.996E-05 9.996E-05 9.996E-05 0.9995 9.996E-05
9.9982E-05 0.0653766 9.9982E-05 0.263732 0.659024 0.0116673
0.0220544 0.291703 0.0931581 0.0295739 9.9991E-05 0.563411
0.0794468 0.203204 0.0518793 0.280621 0.103196 0.281654
9.9982E-05 0.259599 0.011655 9.9982E-05 0.613274 0.115272
9.9982E-05 0.452615 9.9982E-05 0.27331 0.0430189 0.230856
9.9991E-05 0.209778 0.190702 0.27277 0.096549 0.230101
9.996E-05 9.996E-05 9.996E-05 9.996E-05 9.996E-05 0.9995
0.0553404 0.25033 9.9982E-05 0.324964 0.369165 9.9982E-05
0.123556 0.170472 0.0422766 0.537963 9.9991E-05 0.125632
0.261353 0.172356 0.191117 0.111983 9.9991E-05 0.263092
0.189095 0.320743 0.0309893 0.111543 0.344891 0.00273826
9.9991E-05 0.0446618 0.109861 0.209484 0.0207993 0.615094
9.9982E-05 0.395478 9.9982E-05 0.191836 0.276854 0.135633
0.0120168 0.39127 0.158682 0.437832 9.9982E-05 9.9982E-05
9.9991E-05 0.258284 0.0168806 0.323611 0.274396 0.126728
0.110055 0.272426 0.151992 0.0386481 9.9991E-05 0.426778
0.0201346 9.99639E-05 0.979466 9.99639E-05 9.99639E-05 9.99639E-05
0.0616406 0.172918 0.112079 0.238505 0.0174917 0.397366
0.145231 9.9982E-05 0.0710414 0.597174 0.186354 9.9982E-05
0.163923 0.212813 0.0553101 0.083756 0.412525 0.0716727
0.0907165 0.161222 0.0288553 0.154892 0.232888 0.331427
0.23898 0.528011 9.9982E-05 9.9982E-05 0.0499892 0.18282
0.0915969 0.225025 0.0428284 9.9991E-05 0.403911 0.236538
9.996E-05 9.996E-05 0.9995 9.996E-05 9.996E-05 9.996E-05
0.0367374 0.708598 9.9982E-05 9.9982E-05 0.232714 0.0217501
0.086684 0.0294136 0.291939 0.283976 0.294737 0.0132503
0.00205413 0.609482 0.0138638 0.154997 0.147374 0.072229
0.0555368 9.9982E-05 9.9982E-05 0.292549 0.158245 0.493468
