0.394047 0.121249 0.425289 0.0594153
0.330264 0.282411 0.387224 9.9991E-05
0.143795 0.257139 0.332153 0.266913
0.272169 0.0731654 0.51213 0.142536
0.227714 0.298248 0.473938 9.9991E-05
0.210917 9.9991E-05 0.428456 0.360527
0.287048 0.318598 0.394254 9.99911E-05
0.663085 0.17666 0.160155 9.9991E-05
0.102942 0.839529 9.99911E-05 0.0574286
9.999E-05 0.357552 0.0333416 0.609006
0.181665 0.0859094 0.226364 0.506062
0.23399 0.76581 9.99821E-05 9.99821E-05
0.514136 0.189115 0.296649 9.9991E-05
0.162172 0.387095 0.450633 9.9991E-05
0.489618 0.510182 9.99821E-05 9.99821E-05
0.358163 0.137975 0.503762 9.99911E-05
0.201945 0.397615 0.237655 0.162785
0.0659461 0.386618 0.123105 0.424332
0.658896 0.340904 9.99821E-05 9.99821E-05
0.604342 9.9991E-05 0.127161 0.268397
9.99821E-05 9.99821E-05 0.227245 0.772555
0.584469 0.389693 0.0214702 0.004368
0.160661 0.201102 0.491003 0.147234
9.998E-05 9.998E-05 0.9997 9.998E-05
9.99821E-05 9.99821E-05 0.431668 0.568132
0.174641 0.167169 0.63677 0.0214198
9.9991E-05 0.443522 0.267666 0.288712
0.581272 0.275492 0.0224832 0.120753
0.616071 0.0830079 9.9991E-05 0.300821
9.998E-05 9.998E-05 0.9997 9.998E-05
0.13142 0.378012 9.99911E-05 0.490467
0.530904 0.34705 0.121947 9.99911E-05
0.0873211 0.311151 9.99911E-05 0.601428
0.698427 0.187129 0.114345 9.9991E-05
0.154613 0.20274 0.642548 9.9991E-05
9.9991E-05 0.319454 0.477815 0.202631
0.508028 0.333683 0.0578454 0.100444
0.150922 9.99911E-05 0.196066 0.652912
0.261288 0.40002 0.243107 0.0955863
0.194967 0.130909 0.129957 0.544168
9.99822E-05 0.505648 0.494152 9.99822E-05
9.99911E-05 0.686919 0.0411055 0.271875
0.256649 0.315546 0.225366 0.202439
0.159601 0.236876 0.197813 0.40571
0.480988 0.308524 0.201163 0.00932446
0.19938 0.414508 0.182759 0.203354
0.244486 0.524694 0.167955 0.0628652
0.0402399 0.597874 9.9991E-05 0.361786
0.761314 0.100898 9.99911E-05 0.137688
0.302313 0.139393 0.478558 0.0797357
0.4574 9.9982E-05 0.5424 9.9982E-05
9.99911E-05 0.376927 0.224661 0.398312
0.108366 0.584529 0.307006 9.9991E-05
0.510888 0.0249331 0.323293 0.140885
0.319252 0.393196 0.100415 0.187137
0.386968 0.413869 0.0125784 0.186585
0.269592 9.9982E-05 0.730208 9.9982E-05
0.0842129 0.836617 0.0568424 0.0223275
0.128073 0.687985 9.9991E-05 0.183843
9.9991E-05 0.200049 0.329245 0.470605
0.661677 0.0296229 0.163131 0.145568
9.99821E-05 0.6342 0.3656 9.99821E-05
0.251956 0.747845 9.99821E-05 9.99821E-05
0.0120993 9.99821E-05 0.987701 9.99821E-05
0.682955 0.181216 0.0858933 0.0499352
0.291935 0.341954 0.209316 0.156794
0.0694546 0.013952 0.519023 0.397571
0.225663 0.741851 0.0323858 9.9991E-05
0.85417 0.109574 0.011896 0.02436
0.363615 9.99911E-05 0.354499 0.281786
0.162385 0.483305 0.0805208 0.273789
0.00499871 0.771288 0.223613 9.99911E-05
0.254741 0.687369 0.0577898 9.99911E-05
0.697233 0.287399 0.0152689 9.99911E-05
0.57337 0.0573751 0.369155 9.99911E-05
0.186644 0.813156 9.99821E-05 9.99821E-05
0.59207 0.184293 0.223537 9.99911E-05
9.9991E-05 0.532721 0.146192 0.320987
0.634753 9.9991E-05 0.139152 0.225995
0.634268 0.271591 9.9991E-05 0.0940409
0.604565 0.23512 0.160215 9.99911E-05
0.368487 9.99911E-05 0.241208 0.390205
0.0865681 0.130376 0.135882 0.647174
0.652452 9.99911E-05 0.298656 0.0487914
0.156603 0.412147 0.416433 0.0148167
0.153414 0.50251 0.222801 0.121275
9.99911E-05 0.500255 0.207358 0.292288
9.99821E-05 0.132869 0.866931 9.99821E-05
0.475094 9.99911E-05 0.30024 0.224566
0.555524 0.00372398 0.0967519 0.344
0.137998 9.99911E-05 0.742722 0.119179
9.99911E-05 0.336756 0.37372 0.289423
0.0333658 0.615102 0.147996 0.203536
9.9991E-05 0.138082 0.425346 0.436472
0.15317 0.794076 9.9991E-05 0.0526536
0.197962 0.580408 0.118271 0.103359
0.0401998 0.237251 0.565305 0.157244
0.263762 0.619387 9.9991E-05 0.116751
0.233011 9.9991E-05 0.711068 0.0558214
9.9991E-05 0.212221 0.737083 0.0505957
9.99911E-05 0.717502 0.231857 0.0505412
9.99822E-05 9.99822E-05 0.960361 0.0394388
9.99911E-05 0.399304 0.141928 0.458668
9.998E-05 9.998E-05 9.998E-05 0.9997
0.674777 0.247277 0.0778459 9.9991E-05
0.244694 0.467755 0.287451 9.9991E-05
0.373293 0.409153 0.0742577 0.143297
0.710767 0.0260895 0.0330616 0.230082
0.724029 9.9991E-05 0.124638 0.151233
0.270253 9.99911E-05 0.0644921 0.665155
0.221893 0.279885 0.498123 9.99911E-05
0.436898 0.1478 0.415201 9.9991E-05
0.207449 9.99911E-05 0.705265 0.0871862
0.800493 9.9991E-05 0.0361338 0.163273
9.998E-05 9.998E-05 0.9997 9.998E-05
0.246159 0.516183 9.99911E-05 0.237558
0.400875 0.22141 0.377615 9.9991E-05
0.512809 0.486991 9.99821E-05 9.99821E-05
0.673195 0.288598 0.00665136 0.0315553
0.565728 9.9991E-05 0.258098 0.176074
0.138029 0.197912 0.656941 0.00711792
0.0522411 0.233702 0.646748 0.0673095
0.655271 9.9991E-05 0.239022 0.105606
0.337297 0.227082 9.99911E-05 0.435522
0.421368 0.014433 0.233695 0.330504
0.156248 0.471817 0.177638 0.194297
0.117188 0.657145 0.144412 0.0812549
0.562229 0.223269 0.117983 0.0965191
0.158023 9.99911E-05 0.35056 0.491317
0.161753 0.105285 0.362454 0.370508
0.0429682 0.7475 0.00226552 0.207266
0.254904 0.107292 0.502537 0.135267
0.297238 0.474587 9.9991E-05 0.228074
0.401087 0.262032 9.9991E-05 0.336781
9.9991E-05 0.426021 0.0220658 0.551813
0.603578 9.99911E-05 0.147861 0.248461
0.840516 9.99821E-05 9.99821E-05 0.159284
0.80144 9.99822E-05 9.99822E-05 0.19836
0.191293 0.46993 0.0244282 0.314349
0.704164 9.9991E-05 0.231406 0.0643308
0.19534 0.21792 0.335745 0.250994
9.99911E-05 0.158836 0.226645 0.614419
0.231317 0.535697 9.9991E-05 0.232886
0.243304 0.184571 9.99911E-05 0.572025
0.0208651 0.226224 0.734132 0.0187785
0.788676 0.0122039 0.19902 9.9991E-05
9.998E-05 0.9997 9.998E-05 9.998E-05
0.245556 9.9991E-05 0.410867 0.343477
0.0143596 0.0633079 0.630366 0.291967
0.0912465 0.859897 9.99911E-05 0.0487569
0.430704 0.440737 0.12846 9.99911E-05
0.287044 0.712756 9.99821E-05 9.99821E-05
0.755291 0.0156305 0.0181984 0.21088
0.453906 0.479008 0.0669865 9.99911E-05
9.99822E-05 0.335131 0.664669 9.99822E-05
0.526024 0.092084 9.9991E-05 0.381792
0.0945311 0.198045 0.170217 0.537207
0.250548 0.286669 0.128087 0.334696
0.921228 9.99821E-05 0.078572 9.99821E-05
0.331153 9.9991E-05 0.411439 0.257308
9.998E-05 0.9997 9.998E-05 9.998E-05
0.501121 0.498679 9.99821E-05 9.99821E-05
0.504335 0.255385 0.210887 0.0293932
0.149673 0.82411 0.0261171 9.99911E-05
9.998E-05 0.9997 9.998E-05 9.998E-05
0.0739556 0.332915 0.593029 9.9991E-05
0.599392 0.136259 9.99911E-05 0.264249
0.9997 9.998E-05 9.998E-05 9.998E-05
0.11906 0.787169 0.0936709 9.99911E-05
0.0779662 0.561825 0.300106 0.0601027
0.704457 9.99911E-05 0.293169 0.00227385
0.648771 0.1719 9.9991E-05 0.179228
0.3991 0.3839 9.9991E-05 0.2169
0.260972 0.197026 0.39593 0.146072
0.561644 0.0654676 0.372789 9.99911E-05
0.808534 0.191266 9.99822E-05 9.99822E-05
0.166219 0.379448 0.454234 9.99911E-05
9.998E-05 9.998E-05 9.998E-05 0.9997
0.0460774 0.00837558 0.483793 0.461754
0.113749 0.602172 0.0570628 0.227016
9.99821E-05 0.445016 9.99821E-05 0.554784
0.187416 0.366036 0.0665321 0.380015
0.235672 0.42329 0.313211 0.0278263
0.684289 0.0323294 0.283282 9.99911E-05
0.0968168 9.99821E-05 9.99821E-05 0.902983
0.576966 0.422834 9.99821E-05 9.99821E-05
0.631356 0.214355 0.106487 0.0478027
0.22252 0.162584 0.52688 0.0880162
9.9991E-05 0.193428 0.480209 0.326262
