9.9973E-05 0.0937902 9.9973E-05 9.9973E-05 0.780411 0.0420149 0.0514463 0.0320381
0.120936 0.0838902 9.9991E-05 0.103196 0.149013 0.00925951 0.388632 0.144974
0.00138665 0.209487 0.0233177 0.256295 0.28289 0.00160147 0.224922 9.9991E-05
0.0652266 0.058342 0.120685 0.0115504 0.100982 0.0752716 0.567842 9.9991E-05
0.0485994 0.118982 0.108518 9.9982E-05 9.9982E-05 0.155166 0.408861 0.159674
9.999E-05 0.090022 0.054648 0.0280152 0.0473337 0.0574136 0.48378 0.238687
0.00095569 0.112574 0.0758775 0.0481868 0.332251 0.0153673 0.399459 0.0153292
0.0725112 0.108738 0.0382145 0.259256 0.271947 9.9991E-05 0.195337 0.0538957
0.0548847 0.372544 0.0178247 9.9982E-05 0.189751 9.9982E-05 0.0215127 0.343283
0.210552 0.235616 0.0897964 9.9982E-05 0.145239 0.188891 9.9982E-05 0.129705
9.999E-05 0.253233 0.0847006 0.0997695 0.0370674 0.101013 0.105042 0.319075
0.0369049 0.466316 9.9964E-05 9.9964E-05 0.187573 9.9964E-05 9.9964E-05 0.308806
0.0591351 0.179134 0.12095 9.9973E-05 9.9973E-05 9.9973E-05 0.45079 0.189692
0.14707 9.9991E-05 0.0113263 0.0502492 0.371364 0.0977454 0.0627287 0.259417
9.994E-05 9.994E-05 9.994E-05 9.994E-05 9.994E-05 9.994E-05 9.994E-05 0.9993
0.0593215 0.00274158 0.107673 0.6401 0.134789 9.9982E-05 9.9982E-05 0.0551759
9.9946E-05 9.9946E-05 9.9946E-05 9.9946E-05 9.9946E-05 0.0787216 9.9946E-05 0.920679
0.168986 9.9991E-05 0.122103 0.143826 0.252167 0.0878064 0.107137 0.117875
0.0613955 0.385632 0.0859089 0.0955699 0.26665 9.9991E-05 0.0542517 0.0504911
0.247779 0.127262 0.0446975 0.0826092 9.9973E-05 9.9973E-05 0.497353 9.9973E-05
0.0411015 0.165277 0.122905 0.0215584 0.138825 0.0856779 0.198756 0.2259
0.0542391 0.29098 0.0513306 0.0633575 0.130001 0.0668377 0.0711898 0.272064
9.999E-05 0.137394 0.149801 0.210484 0.106592 0.0910192 0.195084 0.109526
0.166344 9.9982E-05 0.05806 0.060641 0.140051 9.9982E-05 0.358708 0.215995
9.9973E-05 0.296151 0.111283 9.9973E-05 0.052846 0.14178 9.9973E-05 0.39764
0.17145 9.9982E-05 9.9982E-05 0.124524 0.362284 0.059658 0.0268438 0.25504
0.196767 0.186793 0.101414 0.202022 0.168805 0.128775 9.9991E-05 0.0153229
0.196569 0.0593055 0.0411331 0.104133 0.218075 0.0959208 9.9991E-05 0.284764
0.146556 0.123107 9.9991E-05 0.0349836 0.0141486 0.112057 0.437277 0.13177
0.652452 0.0223924 0.0208412 0.0657297 0.11271 0.0394046 9.9991E-05 0.0863701
0.0575855 0.304207 0.029319 9.9982E-05 9.9982E-05 0.0833748 0.0973104 0.428003
0.012444 0.703253 0.0834265 9.9973E-05 0.146635 0.0539412 9.9973E-05 9.9973E-05
0.0902263 9.9973E-05 0.0271148 9.9973E-05 0.20749 9.9973E-05 0.335569 0.339299
9.999E-05 0.121007 0.0326018 0.0892891 0.101143 0.140469 0.403121 0.11227
0.0180526 9.9982E-05 0.0706266 9.9982E-05 0.297572 0.08496 0.198166 0.330422
9.994E-05 9.994E-05 9.994E-05 9.994E-05 0.9993 9.994E-05 9.994E-05 9.994E-05
9.9964E-05 9.9964E-05 0.00472423 9.9964E-05 9.9964E-05 0.151115 0.752262 0.0914984
0.199123 0.0588333 9.9973E-05 9.9973E-05 0.485568 0.142987 9.9973E-05 0.113188
0.0880331 0.129597 9.9973E-05 9.9973E-05 9.9973E-05 0.0426601 0.224577 0.514833
0.030821 0.126582 0.0615365 0.0558928 0.0889977 9.9991E-05 0.346808 0.289262
0.0439191 0.468093 0.0469984 0.103599 9.9991E-05 0.0628091 0.0450726 0.229409
0.0354776 9.9982E-05 0.0661898 0.262061 0.0905936 0.154965 0.390513 9.9982E-05
0.0677094 0.14784 0.0553003 0.124466 0.24612 0.0584452 0.300019 9.9991E-05
0.0961629 0.360577 9.9964E-05 9.9964E-05 0.183076 9.9964E-05 0.359784 9.9964E-05
0.0717652 0.433926 0.109303 0.0885738 0.257202 9.9982E-05 9.9982E-05 0.0390289
9.9982E-05 0.36759 0.0220547 9.9982E-05 0.115849 0.120109 0.238675 0.135523
0.0342676 0.010148 0.00676486 0.0323986 0.194898 9.9991E-05 0.711248 0.0101744
0.0900269 0.293314 0.0536853 0.281359 9.9982E-05 9.9982E-05 0.249435 0.0319797
0.0466263 0.412405 0.0992927 0.126032 0.0201424 0.00112649 0.269506 0.0248695
0.0496896 0.284757 0.0442932 0.16698 0.0986787 9.9991E-05 0.146532 0.208969
0.0142983 0.204151 0.0861931 9.9991E-05 0.0962271 0.0448461 0.090694 0.463491
0.0468819 0.21569 0.0669113 0.171142 0.273013 9.9991E-05 0.028287 0.197975
0.0782188 0.0707988 0.0412968 0.536011 9.9991E-05 0.0336976 0.125335 0.114542
0.17082 9.9991E-05 0.0106404 0.326728 0.105422 0.209252 0.0509102 0.126127
0.208614 0.627673 9.9955E-05 0.163213 9.9955E-05 9.9955E-05 9.9955E-05 9.9955E-05
9.999E-05 0.101738 0.0915171 0.132084 0.0343577 0.0339501 0.498539 0.107715
9.99551E-05 0.925017 0.0103256 0.0641575 9.99551E-05 9.99551E-05 9.99551E-05 9.99551E-05
0.0925437 0.496757 0.0743367 9.9982E-05 0.116443 0.0176066 0.202113 9.9982E-05
0.0691311 0.334272 9.9991E-05 0.1944 0.112749 0.0645649 0.112259 0.112523
0.0423771 0.458409 0.096891 0.0172099 0.0894618 0.135782 0.0894407 0.0704288
9.9946E-05 9.9946E-05 0.0937604 9.9946E-05 9.9946E-05 9.9946E-05 0.90564 9.9946E-05
0.00787303 9.9991E-05 0.0957918 0.0520676 0.0812437 0.0866395 0.268196 0.408088
9.9982E-05 0.142847 0.0369568 0.0257327 0.00119411 9.9982E-05 0.366961 0.426108
0.90673 9.9964E-05 0.0616062 9.9964E-05 0.0163128 9.9964E-05 0.0149513 9.9964E-05
9.9973E-05 9.9973E-05 9.9973E-05 0.121397 0.360694 0.157233 0.294726 0.0656499
9.9964E-05 9.9964E-05 0.0418856 0.0540494 0.896931 0.00673446 9.9964E-05 9.9964E-05
9.9982E-05 0.0438966 0.016608 9.9982E-05 0.440063 0.0566609 0.442453 0.000118493
0.0252283 0.311473 9.9964E-05 9.9964E-05 9.9964E-05 9.9964E-05 0.158084 0.504814
0.0828708 9.9964E-05 9.9964E-05 9.9964E-05 0.297119 9.9964E-05 0.405579 0.214031
0.195799 0.114288 0.0820584 0.273967 0.0648828 0.0323282 0.236577 9.9991E-05
0.069986 0.470488 0.0141814 0.105327 9.9982E-05 0.137735 0.202083 9.9982E-05
0.0274017 0.164179 0.0521514 0.0149933 0.274165 9.9982E-05 9.9982E-05 0.466909
0.113698 0.130907 0.0975243 9.9991E-05 0.0248741 0.00176397 0.222554 0.408579
0.0209797 0.37724 0.0179832 0.0834633 9.9991E-05 0.0243926 0.107594 0.368248
0.188611 0.246978 9.9991E-05 0.0893719 0.0909744 0.226219 0.0371853 0.12056
9.9973E-05 0.407932 0.0511945 0.366279 9.9973E-05 0.124073 0.0502217 9.9973E-05
9.9964E-05 0.26624 0.179629 9.9964E-05 9.9964E-05 9.9964E-05 0.530467 0.0232633
9.9955E-05 9.9955E-05 0.0717929 9.9955E-05 9.9955E-05 0.124848 0.802859 9.9955E-05
9.99639E-05 9.99639E-05 0.0422907 0.0418798 9.99639E-05 0.0365394 0.87889 9.99639E-05
0.146643 9.99878E-05 0.104886 0.0571904 9.99878E-05 0.02597 0.617087 0.0480241
0.0755836 0.187107 0.112919 0.0370966 0.153956 0.0443159 0.294762 0.0942598
0.0460534 0.0228872 0.0564389 0.0301749 0.173947 0.0457261 0.374482 0.25029
0.174379 0.309822 9.9982E-05 0.105214 0.033706 0.0897461 0.286932 9.9982E-05
0.0280207 9.9982E-05 0.0798752 0.29754 9.9982E-05 0.0920611 0.351652 0.150651
0.0158718 0.15994 0.0678557 9.9982E-05 9.9982E-05 0.00821219 0.492414 0.255507
9.9982E-05 0.553613 0.0210893 0.0908007 0.264075 0.0311539 0.0390676 9.9982E-05
0.0442327 9.99639E-05 9.99639E-05 0.108661 0.824727 9.99639E-05 9.99639E-05 0.02198
9.9991E-05 0.506138 0.111748 0.00305663 0.0922111 0.0462943 0.0115321 0.228919
0.183959 9.9982E-05 0.0225813 0.0787115 0.214026 0.0814129 9.9982E-05 0.419109
9.9973E-05 0.549169 0.0859767 0.0306033 0.196519 9.9973E-05 9.9973E-05 0.137432
0.984801 9.9946E-05 9.9946E-05 9.9946E-05 9.9946E-05 0.0145989 9.9946E-05 9.9946E-05
9.9973E-05 0.29072 9.9973E-05 9.9973E-05 0.0240334 0.129177 0.101787 0.453983
0.00965364 9.9982E-05 0.137943 0.0882818 0.18564 9.9982E-05 0.504666 0.0736165
0.0571688 0.0195203 0.055441 0.158029 0.137274 9.9991E-05 0.0900809 0.482385
9.9973E-05 9.9973E-05 0.0361118 9.9973E-05 0.113942 0.0724466 0.737944 0.0392561
0.0810507 0.109815 9.9991E-05 0.132634 0.0660455 0.0384726 0.480541 0.0913412
9.9982E-05 0.269357 9.9982E-05 0.107933 0.134266 0.0631901 0.40824 0.0168145
9.9982E-05 0.301108 0.00191535 0.100417 0.147481 0.0881366 0.360742 9.9982E-05
0.39296 0.00948822 0.0913535 9.9982E-05 0.132964 9.9982E-05 0.0855589 0.287475
0.299758 0.0513566 9.9982E-05 0.0624441 0.141205 9.9982E-05 0.224985 0.220051
0.195972 0.171922 9.9973E-05 9.9973E-05 0.246189 0.0190151 9.9973E-05 0.366602
0.9993 9.994E-05 9.994E-05 9.994E-05 9.994E-05 9.994E-05 9.994E-05 9.994E-05
9.9982E-05 0.1321 0.0210844 0.0188872 9.9982E-05 0.0849149 0.183307 0.559506
0.0185499 9.99549E-05 9.99549E-05 9.99549E-05 0.0168959 0.964054 9.99549E-05 9.99549E-05
0.0936606 0.0954845 0.00345898 0.129892 0.147122 0.116967 0.0453494 0.368066
9.9964E-05 0.352884 9.9964E-05 0.275619 0.0949935 9.9964E-05 9.9964E-05 0.276104
0.0160095 0.185161 9.9982E-05 0.0905508 0.192485 9.9982E-05 0.133439 0.382155
0.0435759 0.278207 0.0388918 0.044767 0.0577112 0.0913808 0.302911 0.142555
0.19278 0.277682 9.9982E-05 0.0144062 9.9982E-05 0.0233402 0.0787947 0.412797
0.114507 0.187051 0.0323586 9.9982E-05 0.188624 9.9982E-05 0.412425 0.0648347
9.9982E-05 0.0768619 0.053065 0.134 9.9982E-05 0.136698 0.260798 0.338378
0.173356 0.50758 0.0792682 9.9982E-05 9.9982E-05 0.0140014 0.159538 0.0660565
0.0779256 0.175087 9.9973E-05 0.214444 9.9973E-05 0.0326435 0.4996 9.9973E-05
0.473307 9.9982E-05 0.0535725 9.9982E-05 0.058073 0.0216996 0.0412637 0.351885
0.198335 9.9973E-05 9.9973E-05 0.0927836 0.0740657 9.9973E-05 0.276409 0.358107
0.9993 9.994E-05 9.994E-05 9.994E-05 9.994E-05 9.994E-05 9.994E-05 9.994E-05
9.9982E-05 0.295145 9.9982E-05 0.105544 0.145887 0.18509 0.00147586 0.266658
9.9973E-05 9.9973E-05 0.0245157 0.0983736 0.615601 0.0160177 0.245192 9.9973E-05
0.0265487 0.375139 0.0297076 9.9982E-05 9.9982E-05 0.021413 0.493026 0.0539656
9.9973E-05 0.460867 0.0925463 9.9973E-05 0.278615 0.0206025 9.9973E-05 0.147069
0.0241288 9.9991E-05 0.0931801 0.0254038 0.119103 0.0609144 0.377675 0.299495
0.328921 9.9973E-05 0.130573 9.9973E-05 0.0112497 9.9973E-05 0.0254925 0.503464
0.127578 9.9964E-05 0.0764052 9.9964E-05 9.9964E-05 9.9964E-05 0.530197 0.26542
9.9982E-05 0.0876792 0.0202651 0.209281 9.9982E-05 0.0472557 0.336394 0.298924
0.170054 0.447616 0.116619 0.0625542 0.0488536 0.00116836 9.9991E-05 0.153034
9.99641E-05 9.99641E-05 0.0146146 0.181235 9.99641E-05 9.99641E-05 0.165426 0.638324
9.9982E-05 0.469184 0.0417931 0.0137239 0.0508158 9.9982E-05 0.0611688 0.363114
0.128561 0.415503 0.0485219 0.00779531 0.0595799 0.00969001 0.308638 0.0217107
9.9991E-05 0.638037 0.0935639 0.00382856 0.0252104 0.00111303 0.066915 0.171232
0.252379 0.133643 0.0134286 9.9982E-05 0.41421 0.0462967 9.9982E-05 0.139844
0.0254438 9.9973E-05 0.00935651 9.9973E-05 0.646089 9.9973E-05 0.179463 0.139348
0.021476 0.0457454 0.0700176 0.118766 0.136862 0.0114902 0.595543 9.9991E-05
0.317506 9.99641E-05 9.99641E-05 9.99641E-05 9.99641E-05 0.0207864 0.485996 0.175312
0.14222 0.174378 0.0550749 0.0673946 9.9982E-05 9.9982E-05 0.241218 0.319515
0.00914391 0.337417 9.9973E-05 9.9973E-05 0.192133 9.9973E-05 0.276814 0.184192
9.9982E-05 0.549193 0.12487 9.9982E-05 0.0589168 0.1081 0.0947784 0.0639424
9.99549E-05 9.99549E-05 9.99549E-05 0.910591 9.99549E-05 9.99549E-05 0.051441 0.037468
9.99459E-05 9.99459E-05 0.0273147 0.972086 9.99459E-05 9.99459E-05 9.99459E-05 9.99459E-05
0.0741001 0.324709 0.0558016 0.0562982 0.17283 0.0533563 0.262806 9.9991E-05
0.0786473 0.0524329 0.0208675 9.9982E-05 9.9982E-05 0.113734 0.593581 0.140538
9.9982E-05 0.249917 0.0665516 9.9982E-05 0.0059765 0.091986 0.404373 0.180995
0.0295709 0.241358 0.0317927 0.00695055 9.9982E-05 0.0445195 9.9982E-05 0.645609
0.144629 0.408148 0.0342227 9.9991E-05 0.0792029 0.0772579 0.128273 0.128167
0.144869 0.57918 0.0312578 9.9973E-05 0.244164 0.000229311 9.9973E-05 9.9973E-05
0.0645829 9.9982E-05 0.061495 0.0291751 9.9982E-05 0.0419044 0.582602 0.220041
0.301204 9.99729E-05 0.0925776 9.99729E-05 0.312262 9.99729E-05 0.156213 0.137443
9.9991E-05 0.175739 0.0504188 0.181099 0.235739 0.0835042 0.0917076 0.181692
9.994E-05 9.994E-05 0.9993 9.994E-05 9.994E-05 9.994E-05 9.994E-05 9.994E-05
9.9964E-05 9.9964E-05 0.0259453 9.9964E-05 0.712724 0.0888252 0.172105 9.9964E-05
9.9982E-05 0.0303328 0.0505891 0.225383 0.152461 0.206896 0.334138 9.9982E-05
0.0068495 0.458298 9.9964E-05 9.9964E-05 9.9964E-05 0.012966 9.9964E-05 0.521487
9.9991E-05 0.206491 0.0489697 0.186287 0.0868066 0.157406 0.231963 0.0819764
0.115207 0.282822 0.0906103 0.0418081 0.120851 0.0512728 0.197864 0.0995642
0.133148 0.136259 0.0719221 0.09925 9.9991E-05 0.0100343 0.185808 0.363479
0.0572636 0.289397 0.0305914 9.9991E-05 0.0859894 0.00719596 0.221123 0.308339
0.138588 9.9991E-05 0.0253508 0.28804 0.154284 0.0736552 0.0775218 0.24246
9.9973E-05 0.287528 0.0657671 9.9973E-05 0.226396 9.9973E-05 0.405431 0.0145776
0.1829 0.0554489 0.0740392 0.0933208 0.120312 0.0546963 0.264688 0.154595
0.141316 9.9964E-05 9.9964E-05 0.0701323 0.513361 9.9964E-05 0.274791 9.9964E-05
0.184117 0.00666192 0.022736 9.9991E-05 0.191826 0.0317217 0.207316 0.355521
0.0266698 9.9982E-05 0.0454412 9.9982E-05 0.270341 0.0189183 0.375344 0.263086
9.994E-05 9.994E-05 0.9993 9.994E-05 9.994E-05 9.994E-05 9.994E-05 9.994E-05
9.99639E-05 9.99639E-05 0.344601 0.0212546 0.168486 9.99639E-05 9.99639E-05 0.465258
9.9964E-05 0.0132825 9.9964E-05 0.383839 9.9964E-05 0.0718736 0.530605 9.9964E-05
9.9991E-05 0.498936 0.092162 0.00455935 0.107084 0.0521866 0.19248 0.0524913
0.0251857 9.9973E-05 0.0680584 9.9973E-05 0.793728 0.0855296 0.0271985 9.9973E-05
9.9991E-05 0.271134 0.0715678 0.0352883 0.221188 0.0198315 0.140301 0.240589
9.9991E-05 0.20408 0.00615896 0.118959 0.064952 0.101103 0.254529 0.250118
9.994E-05 9.994E-05 9.994E-05 0.9993 9.994E-05 9.994E-05 9.994E-05 9.994E-05
0.0428264 9.9982E-05 0.0655184 0.0657896 0.193328 9.9982E-05 0.225449 0.406889
0.137642 0.436188 9.9991E-05 0.109952 0.146405 0.0096171 0.137347 0.0227493
0.109244 0.249595 0.0466512 0.223398 9.9982E-05 0.146362 9.9982E-05 0.22455
0.229876 0.0392341 0.0635268 0.151503 0.324909 9.9982E-05 0.190752 9.9982E-05
9.9982E-05 0.271257 0.0238008 0.542681 0.146499 0.00299616 9.9982E-05 0.0125659
9.9982E-05 0.0757774 0.0668307 0.000883119 0.301936 9.9982E-05 0.386347 0.168026
9.9964E-05 0.254235 9.9964E-05 9.9964E-05 9.9964E-05 0.0877504 0.389797 0.267817
9.9973E-05 0.206048 0.0952308 9.9973E-05 0.0844178 9.9973E-05 0.204989 0.409015
0.0021925 0.297605 9.9982E-05 0.27456 0.200078 0.107903 0.117462 9.9982E-05
9.994E-05 9.994E-05 9.994E-05 9.994E-05 9.994E-05 0.9993 9.994E-05 9.994E-05
0.138592 0.310332 0.00129149 0.121463 0.0351764 0.0359377 0.357109 9.9991E-05
9.9946E-05 9.9946E-05 9.9946E-05 9.9946E-05 9.9946E-05 0.00598161 9.9946E-05 0.993419
0.0807628 0.182206 0.0936121 9.9991E-05 0.256952 0.0365116 0.100315 0.249541
0.0517918 0.179221 0.0454751 0.209037 0.173553 0.0598384 0.11517 0.165914
0.163066 0.356232 9.9982E-05 0.0141933 0.215437 9.9982E-05 0.204463 0.0464082
9.9991E-05 0.075068 0.00530562 0.0202061 0.251611 0.0727162 0.17974 0.395253
9.994E-05 9.994E-05 9.994E-05 9.994E-05 9.994E-05 0.9993 9.994E-05 9.994E-05
0.0387529 0.278639 0.103057 0.000938566 0.171056 9.9991E-05 0.157212 0.250243
0.057552 0.000573434 0.0609315 0.0671201 0.410931 0.184667 9.9991E-05 0.218125
9.9982E-05 0.00538735 0.0277243 9.9982E-05 0.148867 0.0427639 0.503649 0.271409
0.098796 0.0763603 0.0137578 0.377328 0.18497 9.9982E-05 9.9982E-05 0.248588
