0.0592856 9.9991E-05 0.337161 0.586403 0.0170504
0.374774 0.139074 9.9991E-05 0.381081 0.104971
0.0523032 0.138899 9.9991E-05 0.760199 0.048498
9.999E-05 0.0994388 0.0904804 0.687021 0.122959
0.172668 0.0601339 0.176659 0.493191 0.0973477
0.223068 0.0736439 9.9991E-05 0.607433 0.0957547
0.0187558 0.0749128 0.153663 0.746535 0.00613339
0.266542 0.059584 0.352952 0.234879 0.0860427
9.999E-05 0.227268 0.214343 0.379844 0.178445
0.0755781 0.199738 0.255362 0.130089 0.339233
0.265807 9.9982E-05 0.532618 9.9982E-05 0.201375
0.223699 0.156503 0.557429 9.9991E-05 0.0622686
9.9991E-05 0.0986268 0.356653 0.468712 0.0759081
0.134142 0.139577 0.286025 0.248045 0.19221
0.425373 0.00756462 0.501519 9.9991E-05 0.0654434
0.297878 0.0467855 0.434312 0.220925 9.9991E-05
0.296757 0.134951 0.312567 0.128606 0.127119
0.0675116 0.219551 0.323706 0.376541 0.0126909
0.28423 9.9991E-05 0.435533 0.22235 0.0577872
0.135977 0.0612489 0.131599 0.561439 0.109736
0.100682 9.9991E-05 0.206953 0.611602 0.0806625
0.289117 0.0658535 0.35334 0.101715 0.189974
0.216266 9.9991E-05 0.27451 0.462432 0.0466917
0.291796 0.15957 0.0789961 0.459329 0.0103098
9.9973E-05 9.9973E-05 0.746885 9.9973E-05 0.252815
9.9991E-05 0.10001 0.31626 0.574519 0.00911164
0.3898 0.136995 0.257166 9.9991E-05 0.215939
0.266396 0.162751 0.298369 0.210172 0.062312
9.9991E-05 0.165082 0.1226 0.607806 0.104412
9.9991E-05 0.568721 0.0922807 0.326071 0.0128278
0.164346 0.0511944 0.399523 0.217782 0.167154
0.392367 0.0559609 0.226069 0.149559 0.176044
0.176181 0.0933659 0.170469 0.559885 9.9991E-05
0.212473 9.9991E-05 0.105281 0.575176 0.10697
0.097416 0.0517901 0.421245 0.291672 0.137876
9.99731E-05 9.99731E-05 0.783486 0.216214 9.99731E-05
9.9991E-05 0.0279932 0.0391336 0.7647 0.168073
0.217274 0.00796511 0.624339 9.9991E-05 0.150322
0.0226112 0.110625 0.25322 0.380981 0.232563
0.308461 0.0726731 0.332669 0.132448 0.153749
0.475099 0.112498 0.199768 0.0780487 0.134587
0.295548 0.0199919 0.0915393 0.366962 0.225959
0.37222 0.0504942 9.9991E-05 0.519492 0.0576944
0.200026 0.162842 0.304804 0.298488 0.0338403
0.659889 0.0666747 0.188866 9.9991E-05 0.0844704
9.9991E-05 0.013047 0.232053 0.434815 0.319986
0.266421 0.0436161 0.232507 0.457356 9.9991E-05
0.391175 0.0533709 0.153975 0.355014 0.046465
0.356198 0.0540571 0.411885 0.123413 0.0544474
0.192011 0.164516 0.341076 0.302297 9.9991E-05
0.0693512 0.118098 0.596361 0.112872 0.103318
0.179899 0.04696 0.371516 0.29575 0.105875
0.661169 0.134239 9.9991E-05 0.141073 0.0634199
0.200095 0.18021 0.134186 0.26991 0.215598
0.580749 0.0972741 0.227691 9.9991E-05 0.094186
0.0223041 0.00237705 0.386617 0.501837 0.086864
0.690073 0.0497894 0.0905773 9.9991E-05 0.169461
0.305265 0.0511391 0.370863 0.163803 0.10893
0.315423 0.00430355 0.118155 0.351291 0.210827
0.214126 0.0338961 0.42369 0.14052 0.187767
0.0449258 0.0492853 9.9982E-05 0.905589 9.9982E-05
0.0274617 9.9991E-05 0.4862 0.369545 0.116694
0.071245 9.9982E-05 0.393008 0.535547 9.9982E-05
9.9973E-05 0.906844 0.092856 9.9973E-05 9.9973E-05
0.0834242 9.9991E-05 0.15019 0.535897 0.23039
0.0241072 9.9991E-05 0.345662 0.58289 0.0472406
0.048043 9.9991E-05 0.411312 0.321689 0.218856
0.06888 0.162119 0.315101 0.406848 0.047052
9.9982E-05 0.0502193 0.429573 0.520007 9.9982E-05
0.266725 0.236044 0.105526 0.333673 0.058032
0.167588 0.170985 9.9991E-05 0.356968 0.30436
0.165409 0.0823092 0.594447 0.127324 0.0305108
9.9991E-05 0.0611696 0.563383 0.32594 0.0494066
0.364838 0.183362 0.1303 0.152698 0.168802
0.353459 0.166425 9.9991E-05 0.209222 0.270794
0.63532 0.0801054 9.9991E-05 0.0816518 0.202823
0.180874 0.0968277 0.219182 0.454836 0.0482796
0.133907 0.0333334 0.0333298 0.728559 0.0708703
9.9982E-05 9.9982E-05 0.000621751 0.973992 0.0251866
0.0552577 0.0953215 0.0775522 0.732078 0.0397906
0.157691 0.0831499 0.274502 0.415607 0.0690504
9.9991E-05 0.0700267 0.313864 0.546318 0.0696922
0.135981 0.227384 0.138652 0.365332 0.132651
0.157105 0.0931393 0.2609 0.372606 0.11625
0.153294 0.12123 0.177723 0.425278 0.122476
0.395684 9.9991E-05 0.173182 0.319398 0.111637
9.9982E-05 0.00373201 0.588661 0.407407 9.9982E-05
0.301483 9.9991E-05 0.451017 0.0870912 0.160309
0.127553 0.135816 0.546812 0.133754 0.0560648
0.206006 9.9982E-05 0.353549 0.440245 9.9982E-05
9.9973E-05 0.974703 9.9973E-05 9.9973E-05 0.0249973
0.308403 0.0775938 0.35789 0.0633786 0.192734
9.9982E-05 9.9982E-05 0.365203 0.57417 0.0604264
0.406711 0.0834815 0.351955 0.157753 9.9991E-05
0.0725131 9.9991E-05 0.141227 0.662336 0.123824
0.0912861 0.090798 0.145406 0.621047 0.0514631
0.527941 9.9991E-05 0.172917 0.209081 0.0899615
9.99821E-05 9.99821E-05 0.141851 0.765824 0.0921253
9.9982E-05 0.513114 0.459837 9.9982E-05 0.026849
0.301701 0.244932 0.298889 0.154377 9.9991E-05
0.0318753 0.100827 0.525386 0.324959 0.0169528
9.997E-05 0.9996 9.997E-05 9.997E-05 9.997E-05
0.227343 0.0120373 0.386585 0.164095 0.209939
9.997E-05 9.997E-05 9.997E-05 9.997E-05 0.9996
0.228003 0.0977693 0.388575 0.097759 0.187893
0.397943 9.9991E-05 0.275474 0.21529 0.111193
0.463816 9.9991E-05 0.128325 0.373515 0.0342452
9.9991E-05 0.14197 0.211213 0.618777 0.0279392
0.16723 0.188931 0.216783 0.199586 0.22747
0.0539164 0.0561641 0.568499 0.315809 0.00561154
0.0411719 9.9991E-05 0.115695 0.604007 0.239026
0.132812 0.0710705 0.355716 0.236027 0.204375
0.316954 0.119503 0.09349 0.411622 0.0584314
0.0882765 0.514846 0.234179 0.132774 0.0299245
0.351386 0.0499268 0.0190902 0.520368 0.0592297
9.997E-05 0.9996 9.997E-05 9.997E-05 9.997E-05
0.110886 0.0136199 0.334847 0.316756 0.223891
0.109705 0.00474887 0.277611 0.54825 0.0596852
0.192939 9.9982E-05 9.9982E-05 0.757028 0.049833
0.0642167 9.9991E-05 0.543293 0.2879 0.10449
0.0136613 0.113699 0.191284 0.662808 0.0185486
9.9991E-05 0.390169 0.356751 0.217483 0.035497
0.0884483 0.213993 0.0789378 0.559908 0.058713
0.358565 9.9991E-05 0.0380306 0.489134 0.114171
0.43718 0.222212 0.304233 9.9991E-05 0.0362744
0.510275 0.0826687 0.198235 0.208721 9.9991E-05
0.143056 0.0206512 0.599694 0.138811 0.0977878
0.0245377 0.16778 0.331965 0.349142 0.126574
0.369965 9.9991E-05 0.0854868 0.458672 0.0857759
0.338608 0.060847 0.513005 9.9991E-05 0.08744
9.9982E-05 0.121157 0.280667 0.597976 9.9982E-05
0.0249406 0.0655322 0.16509 0.661069 0.0833684
9.9991E-05 0.28924 0.0837777 0.558154 0.0687284
0.353823 0.21121 0.193753 0.211686 0.029527
9.9991E-05 0.091272 0.264807 0.612158 0.0316631
0.0389505 9.9991E-05 0.527315 0.256721 0.176914
0.9996 9.997E-05 9.997E-05 9.997E-05 9.997E-05
0.978536 0.0146462 9.9982E-05 9.9982E-05 0.00661747
0.360784 0.0765067 0.155341 0.335155 0.0722131
0.111689 0.0125763 0.17821 0.590123 0.107402
0.230734 0.172198 0.187359 0.260989 0.148721
0.18679 0.0148554 0.559494 9.9991E-05 0.238761
0.304728 0.123172 0.139353 0.286873 0.145874
0.167973 0.0815942 0.424329 0.166201 0.159904
0.164937 0.0614239 0.276927 0.372532 0.12418
9.9991E-05 0.459002 0.177682 0.307002 0.0562141
0.402497 0.020238 0.237996 0.242881 0.0963884
9.997E-05 9.997E-05 0.9996 9.997E-05 9.997E-05
0.114417 9.9991E-05 0.372914 0.399772 0.112797
0.19608 9.9991E-05 0.0369306 0.375028 0.391862
0.320527 0.0660184 0.347975 0.0370555 0.228424
0.173032 9.9991E-05 0.261774 0.312525 0.252569
0.110384 0.153827 0.420166 0.273697 0.0419259
0.568483 0.0201677 0.228058 0.146342 0.0369487
0.350977 0.0459107 0.365137 0.176307 0.0616691
0.284646 0.143032 0.358551 0.110026 0.103744
0.180276 9.9991E-05 0.361463 0.440405 0.0177552
0.0721558 0.0667288 0.246922 0.545973 0.0682208
9.9982E-05 0.0982964 0.0625386 0.838965 9.9982E-05
0.206352 0.0902136 0.370659 0.271298 0.0614764
9.9982E-05 9.9982E-05 0.519298 0.430206 0.0502965
9.997E-05 9.997E-05 0.9996 9.997E-05 9.997E-05
0.31104 9.9991E-05 0.624475 0.0292269 0.0351581
0.440302 0.0834911 9.9991E-05 0.353448 0.122659
0.299078 0.0619455 0.243914 0.333327 0.0617353
9.9991E-05 0.00707125 0.523261 0.380685 0.0888828
0.349527 9.9991E-05 0.240369 0.380338 0.0296659
0.337776 9.9991E-05 0.32957 0.112851 0.219703
0.9996 9.997E-05 9.997E-05 9.997E-05 9.997E-05
0.0872188 0.130574 0.37812 0.384511 0.0195766
0.250523 0.0502748 0.221001 0.381394 0.0968072
0.327497 0.156241 0.0950988 0.181478 0.239685
0.191055 0.0648586 0.377863 0.316205 0.0500176
0.606734 9.9991E-05 0.149662 0.0919059 0.151598
0.261849 9.9991E-05 0.354744 0.282997 0.100309
0.34509 0.022657 0.0612593 0.355708 0.215286
0.287323 9.9982E-05 0.438524 0.273953 9.9982E-05
0.328237 0.0864421 0.0562024 0.256882 0.272236
9.997E-05 9.997E-05 9.997E-05 9.997E-05 0.9996
0.60258 0.0696405 0.107125 0.0612039 0.15945
0.176237 0.282761 0.529894 9.9991E-05 0.011008
0.0138614 0.146737 0.69845 0.104956 0.0359953
0.318406 9.9991E-05 0.330562 0.27701 0.0739225
0.0805127 0.182462 9.9991E-05 0.732391 0.00453513
0.179484 0.0797243 0.27662 0.382237 0.081935
9.997E-05 9.997E-05 9.997E-05 9.997E-05 0.9996
0.127632 0.0368622 0.212848 0.602974 0.0196837
0.149927 0.0274699 0.566763 0.0612883 0.194552
0.29583 9.9991E-05 0.141559 0.510388 0.0521224
0.699212 0.0649891 0.235599 9.9982E-05 9.9982E-05
