9.9982E-05 0.295911 0.296884 0.112739 0.0403961 0.248689 9.9982E-05 0.00517999
9.99641E-05 0.0316999 0.255146 0.297625 9.99641E-05 0.41513 9.99641E-05 9.99641E-05
0.765381 9.99553E-05 9.99553E-05 0.133561 9.99553E-05 9.99553E-05 0.100558 9.99553E-05
0.730489 0.0530858 9.99642E-05 0.0210892 9.99642E-05 9.99642E-05 9.99642E-05 0.194936
0.0402425 0.381433 9.9964E-05 9.9964E-05 0.296504 0.28142 9.9964E-05 9.9964E-05
0.651328 0.0401055 9.9973E-05 9.9973E-05 0.174713 0.0137034 0.119851 9.9973E-05
9.99642E-05 9.99642E-05 9.99642E-05 0.0373315 0.540256 0.284735 9.99642E-05 0.137278
0.181201 9.99731E-05 0.294207 9.99731E-05 0.459815 0.0424242 9.99731E-05 0.0220528
9.99554E-05 0.0692945 9.99554E-05 0.0948869 9.99554E-05 9.99554E-05 9.99554E-05 0.835319
9.99731E-05 9.99731E-05 0.0958223 0.220013 9.99731E-05 0.0058411 0.462594 0.21543
0.240911 9.9973E-05 9.9973E-05 0.0585831 0.000759804 9.9973E-05 0.461503 0.237943
0.248187 0.0555786 0.0657474 9.99732E-05 0.0116538 9.99732E-05 9.99732E-05 0.618533
0.0844503 0.0647234 9.99641E-05 9.99641E-05 0.163231 9.99641E-05 9.99641E-05 0.687196
0.190856 0.118022 0.359173 9.99731E-05 0.0248766 0.306772 9.99731E-05 9.99731E-05
9.99552E-05 9.99552E-05 9.99552E-05 0.609386 0.226388 9.99552E-05 9.99552E-05 0.163727
0.0690032 0.426176 0.142977 9.99821E-05 0.268851 0.0413669 9.99821E-05 0.0514259
0.180287 0.00494263 9.99821E-05 0.534361 0.00611617 0.0454258 9.99821E-05 0.228667
0.139042 0.0383911 0.005669 9.9982E-05 0.142478 0.437818 0.236402 9.9982E-05
0.133021 9.996E-05 0.0464215 0.477256 9.996E-05 9.996E-05 9.996E-05 0.342902
0.0807036 0.0793528 0.373815 9.9982E-05 0.225756 0.16155 9.9982E-05 0.078622
9.99552E-05 9.99552E-05 9.99552E-05 0.168788 9.99552E-05 0.187748 0.642964 9.99552E-05
9.996E-05 0.165817 0.0304691 0.521739 9.996E-05 9.996E-05 9.996E-05 0.281575
0.79339 9.99552E-05 9.99552E-05 9.99552E-05 9.99552E-05 0.113694 9.99552E-05 0.0924162
0.20622 0.573971 9.99552E-05 9.99552E-05 9.99552E-05 0.219309 9.99552E-05 9.99552E-05
0.227506 0.176757 0.0395533 0.167544 0.0237302 9.9991E-05 0.228996 0.135814
9.998E-05 0.36469 0.310185 0.0819759 9.998E-05 0.14207 0.00664787 0.0942312
9.998E-05 0.139986 0.0899578 0.104565 9.998E-05 0.354183 0.12289 0.188218
9.994E-05 9.994E-05 9.994E-05 0.9993 9.994E-05 9.994E-05 9.994E-05 9.994E-05
0.186058 9.99731E-05 0.459551 0.0252654 0.238167 9.99731E-05 9.99731E-05 0.0906579
9.99462E-05 0.866017 9.99462E-05 9.99462E-05 9.99462E-05 9.99462E-05 9.99462E-05 0.133383
9.99642E-05 9.99642E-05 0.22187 0.301773 9.99642E-05 0.441239 0.0347188 9.99642E-05
0.381626 9.99642E-05 0.113633 9.99642E-05 0.277592 9.99642E-05 9.99642E-05 0.226749
9.996E-05 0.194337 9.996E-05 0.119972 9.996E-05 9.996E-05 0.387131 0.298159
0.362536 9.99642E-05 0.139538 9.99642E-05 0.239362 9.99642E-05 9.99642E-05 0.258164
0.703074 0.165775 9.99641E-05 9.99641E-05 0.049762 0.0809897 9.99641E-05 9.99641E-05
0.199126 0.0480595 9.99731E-05 9.99731E-05 0.241256 0.506873 0.00438595 9.99731E-05
9.99642E-05 9.99642E-05 0.383627 0.255129 0.0200283 0.340816 9.99642E-05 9.99642E-05
0.483918 0.023707 9.99641E-05 0.167892 9.99641E-05 9.99641E-05 0.324083 9.99641E-05
0.411168 0.00473076 0.442366 9.99731E-05 9.99731E-05 0.0499902 9.99731E-05 0.0914457
0.784925 9.99462E-05 0.214476 9.99462E-05 9.99462E-05 9.99462E-05 9.99462E-05 9.99462E-05
9.99642E-05 0.165841 9.99642E-05 0.362093 9.99642E-05 0.330862 9.99642E-05 0.140804
9.995E-05 9.995E-05 9.995E-05 9.995E-05 9.995E-05 0.149818 0.263774 0.585908
9.998E-05 0.224498 0.289161 9.998E-05 0.0488006 0.206153 0.164629 0.0665589
0.461142 9.99642E-05 0.204066 0.199091 9.99642E-05 9.99642E-05 9.99642E-05 0.135301
0.232772 9.99641E-05 0.375111 9.99641E-05 0.10065 9.99641E-05 9.99641E-05 0.291068
0.192644 0.00689294 0.190169 9.99821E-05 0.186109 0.155514 9.99821E-05 0.268471
9.996E-05 0.072524 0.096968 9.996E-05 0.15686 9.996E-05 9.996E-05 0.673248
0.554113 9.99731E-05 9.99731E-05 9.99731E-05 0.0436919 0.0212462 0.0901364 0.290512
0.014696 9.99642E-05 0.223649 9.99642E-05 0.0547173 9.99642E-05 9.99642E-05 0.706538
0.260084 0.0255855 0.357195 9.9973E-05 0.167358 0.189478 9.9973E-05 9.9973E-05
0.338643 0.450841 0.123697 0.0181038 0.0684158 9.9973E-05 9.9973E-05 9.9973E-05
0.190415 9.99732E-05 0.117946 9.99732E-05 9.99732E-05 0.303201 0.366724 0.0214148
0.095314 0.26096 9.99641E-05 0.293633 9.99641E-05 9.99641E-05 9.99641E-05 0.349692
0.396756 9.99731E-05 0.153649 0.14877 0.196895 9.99731E-05 9.99731E-05 0.10363
9.99731E-05 9.99731E-05 0.0960507 0.0300417 0.492963 0.268805 0.11184 9.99731E-05
9.99642E-05 9.99642E-05 9.99642E-05 0.576312 0.270663 0.12576 0.0268648 9.99642E-05
0.00279308 0.341827 9.9973E-05 0.375007 9.9973E-05 0.245274 0.0347983 9.9973E-05
9.99554E-05 9.99554E-05 9.99554E-05 9.99554E-05 0.481345 0.333724 9.99554E-05 0.184431
0.0672843 9.9982E-05 0.516106 0.0216394 0.0225062 0.187219 9.9982E-05 0.185046
0.306712 9.9964E-05 0.0957347 9.9964E-05 9.9964E-05 0.307324 0.289829 9.9964E-05
0.212241 0.0851059 0.209317 0.247385 0.0286737 9.99821E-05 9.99821E-05 0.217078
0.174873 9.99551E-05 9.99551E-05 9.99551E-05 9.99551E-05 0.579675 9.99551E-05 0.244952
0.120466 9.99552E-05 9.99552E-05 0.345389 9.99552E-05 9.99552E-05 9.99552E-05 0.533645
9.99552E-05 0.684759 0.133928 9.99552E-05 9.99552E-05 0.180814 9.99552E-05 9.99552E-05
9.99731E-05 0.310433 0.16573 0.00704509 0.400093 9.99731E-05 9.99731E-05 0.116399
9.997E-05 0.0643054 0.222854 0.1847 9.997E-05 0.120099 9.997E-05 0.407742
0.360482 0.221479 0.136059 9.99731E-05 9.99731E-05 0.237501 9.99731E-05 0.0441787
0.301032 9.997E-05 0.216143 0.0527532 9.997E-05 0.109762 9.997E-05 0.32001
0.0872659 9.99821E-05 0.375286 0.179335 0.0363096 0.0450335 9.99821E-05 0.276571
9.997E-05 0.124851 0.508062 0.0452763 9.997E-05 0.0704402 0.251071 9.997E-05
0.233584 9.99731E-05 9.99731E-05 9.99731E-05 0.0060221 0.162151 0.198228 0.399715
9.99463E-05 9.99463E-05 9.99463E-05 9.99463E-05 9.99463E-05 0.0701713 9.99463E-05 0.929229
0.163188 9.99553E-05 9.99553E-05 9.99553E-05 0.602684 0.233628 9.99553E-05 9.99553E-05
0.218883 9.997E-05 0.129039 0.446699 0.151089 0.0539903 9.997E-05 9.997E-05
0.418017 0.00517396 9.99553E-05 9.99553E-05 0.57631 9.99553E-05 9.99553E-05 9.99553E-05
9.99641E-05 9.99641E-05 0.392064 9.99641E-05 0.0347998 0.272816 9.99641E-05 0.29992
9.99553E-05 0.0855188 9.99553E-05 0.632355 9.99553E-05 9.99553E-05 9.99553E-05 0.281627
0.0622839 9.99731E-05 9.99731E-05 0.324432 9.99731E-05 0.161748 0.226386 0.22485
0.0649449 0.13676 0.3624 0.300954 9.998E-05 0.13144 0.00330128 9.998E-05
0.355545 9.99731E-05 0.149623 0.224908 0.24821 0.0214139 9.99731E-05 9.99731E-05
0.424129 9.99642E-05 9.99642E-05 0.172065 0.271879 0.131527 9.99642E-05 9.99642E-05
9.997E-05 0.232029 0.177536 9.997E-05 0.136624 9.997E-05 0.160149 0.293362
9.99642E-05 9.99642E-05 0.348697 0.210977 9.99642E-05 0.303048 0.136877 9.99642E-05
9.997E-05 0.198434 0.329469 9.997E-05 0.0091929 9.997E-05 0.0322031 0.430401
0.586431 9.99641E-05 9.99641E-05 9.99641E-05 0.0598184 0.205025 9.99641E-05 0.148326
0.331748 9.9964E-05 9.9964E-05 0.332402 9.9964E-05 0.0502147 9.9964E-05 0.285236
0.18127 9.99642E-05 0.316633 0.0849158 9.99642E-05 0.416781 9.99642E-05 9.99642E-05
0.554219 0.390053 9.99642E-05 9.99642E-05 0.00408071 9.99642E-05 9.99642E-05 0.0512472
9.99821E-05 0.141986 0.160484 0.251411 0.0595142 9.99821E-05 0.293897 0.092507
9.99641E-05 0.0336333 0.45197 9.99641E-05 9.99641E-05 9.99641E-05 0.234269 0.279728
0.199097 0.800303 9.99465E-05 9.99465E-05 9.99465E-05 9.99465E-05 9.99465E-05 9.99465E-05
9.998E-05 0.256464 0.0117416 9.998E-05 0.0317948 0.245534 0.211809 0.242456
9.99732E-05 0.0418403 9.99732E-05 9.99732E-05 0.176663 0.0556163 0.0541759 0.671405
0.451207 9.996E-05 9.996E-05 9.996E-05 9.996E-05 0.268877 0.25874 0.0207764
9.99731E-05 0.000999831 9.99731E-05 0.00646898 0.019921 0.216078 9.99731E-05 0.756232
0.742367 9.99462E-05 9.99462E-05 9.99462E-05 9.99462E-05 9.99462E-05 9.99462E-05 0.257034
9.997E-05 0.404184 0.0980874 0.192686 9.997E-05 0.153145 0.151598 9.997E-05
9.99552E-05 9.99552E-05 9.99552E-05 9.99552E-05 0.0495175 9.99552E-05 0.113014 0.836969
0.365784 0.499648 0.102322 9.997E-05 0.00730999 0.0246364 9.997E-05 9.997E-05
0.159927 0.356637 9.997E-05 0.11116 9.997E-05 0.260024 9.997E-05 0.111952
0.0658773 0.128126 9.99642E-05 0.592435 9.99642E-05 0.213161 9.99642E-05 9.99642E-05
9.99463E-05 0.91258 9.99463E-05 9.99463E-05 9.99463E-05 0.0868207 9.99463E-05 9.99463E-05
9.997E-05 0.0469042 0.0419993 0.23715 9.997E-05 0.108534 0.565113 9.997E-05
9.99461E-05 9.99461E-05 9.99461E-05 0.204262 9.99461E-05 9.99461E-05 0.795138 9.99461E-05
0.436627 9.9973E-05 0.415725 0.00997591 0.00683059 9.9973E-05 9.9973E-05 0.130542
0.311236 0.071408 0.0612277 9.996E-05 9.996E-05 9.996E-05 9.996E-05 0.555729
0.0512347 9.99731E-05 0.149703 9.99731E-05 0.594456 0.145437 9.99731E-05 0.0588687
0.318209 9.99731E-05 0.0582025 0.422776 0.10168 9.99731E-05 0.0988329 9.99731E-05
0.0139702 0.107474 0.474771 9.998E-05 0.14783 9.998E-05 0.00482565 0.25093
0.224936 0.0246991 0.405876 9.99642E-05 9.99642E-05 9.99642E-05 0.344089 9.99642E-05
9.99643E-05 0.461689 0.167926 9.99643E-05 0.069401 0.300584 9.99643E-05 9.99643E-05
9.997E-05 0.319015 0.282416 0.157187 0.16488 0.0762019 9.997E-05 9.997E-05
0.142978 0.678801 0.136489 0.041332 9.99643E-05 9.99643E-05 9.99643E-05 9.99643E-05
0.00108884 0.0577897 0.200059 0.134757 0.576409 9.99821E-05 0.0296976 9.99821E-05
0.0673356 0.784254 9.99552E-05 9.99552E-05 9.99552E-05 0.147911 9.99552E-05 9.99552E-05
0.0381866 9.99642E-05 9.99642E-05 0.298376 9.99642E-05 9.99642E-05 0.222324 0.440713
0.0665431 0.104468 0.32584 0.265424 9.9973E-05 9.9973E-05 9.9973E-05 0.237425
9.99731E-05 0.0416951 0.338842 0.0926422 0.189669 9.99731E-05 9.99731E-05 0.336852
9.99731E-05 0.289375 0.458321 0.141127 0.0850711 9.99731E-05 9.99731E-05 0.0258052
0.307048 9.998E-05 0.128924 0.299541 0.0201206 0.183746 0.0604195 9.998E-05
9.99641E-05 0.606635 0.0736743 9.99641E-05 9.99641E-05 9.99641E-05 0.00240553 0.316885
0.734347 9.99464E-05 9.99464E-05 9.99464E-05 9.99464E-05 0.265053 9.99464E-05 9.99464E-05
0.279298 9.99551E-05 9.99551E-05 9.99551E-05 0.657524 9.99551E-05 0.0626779 9.99551E-05
0.0574403 9.99641E-05 9.99641E-05 9.99641E-05 0.325518 0.287327 0.329314 9.99641E-05
0.479244 0.0945793 9.99642E-05 0.177764 9.99642E-05 9.99642E-05 9.99642E-05 0.248013
0.104569 9.998E-05 9.998E-05 0.28557 0.0746965 0.110611 0.104621 0.319733
9.997E-05 0.142135 9.997E-05 9.997E-05 0.0220458 0.202664 0.0422256 0.590629
0.0488741 9.99641E-05 0.549453 0.291945 9.99641E-05 0.109327 9.99641E-05 9.99641E-05
0.261923 9.99643E-05 0.31565 9.99643E-05 9.99643E-05 0.0429762 0.379051 9.99643E-05
0.404814 0.149428 9.99821E-05 9.99821E-05 0.20846 0.0808765 0.090881 0.0653403
9.99643E-05 9.99643E-05 9.99643E-05 0.0745827 9.99643E-05 0.0878661 0.114178 0.722973
0.296916 0.0376328 0.0826159 9.9982E-05 0.190652 0.241796 0.150188 9.9982E-05
0.134193 9.99821E-05 0.154173 0.129548 0.00753153 9.99821E-05 0.0012732 0.573082
0.0440558 9.99731E-05 0.527635 0.238779 9.99731E-05 0.0636461 0.125584 9.99731E-05
9.99731E-05 9.99731E-05 0.0496287 0.143446 9.99731E-05 0.327832 0.262048 0.216745
0.0206533 9.99642E-05 0.748025 9.99642E-05 0.167356 9.99642E-05 0.0635653 9.99642E-05
9.994E-05 9.994E-05 0.9993 9.994E-05 9.994E-05 9.994E-05 9.994E-05 9.994E-05
0.111726 9.99643E-05 0.425304 9.99643E-05 0.272411 9.99643E-05 0.190159 9.99643E-05
9.99642E-05 9.99642E-05 0.231551 9.99642E-05 9.99642E-05 0.288903 0.0130913 0.466055
0.100585 9.99641E-05 0.186383 0.525894 0.186738 9.99641E-05 9.99641E-05 9.99641E-05
0.363866 0.0295564 0.482248 0.12393 9.99643E-05 9.99643E-05 9.99643E-05 9.99643E-05
0.628125 9.99553E-05 9.99553E-05 9.99553E-05 9.99553E-05 0.112048 0.259327 9.99553E-05
0.198232 0.0967641 0.0786513 0.16194 9.9991E-05 0.034217 0.139857 0.290239
9.99552E-05 0.146537 9.99552E-05 9.99552E-05 9.99552E-05 9.99552E-05 0.533395 0.319568
0.0137536 0.482611 9.99642E-05 0.311001 9.99642E-05 9.99642E-05 9.99642E-05 0.192234
0.042829 0.131678 0.272727 0.166647 0.225524 9.998E-05 9.998E-05 0.160395
9.994E-05 9.994E-05 9.994E-05 9.994E-05 9.994E-05 0.9993 9.994E-05 9.994E-05
0.419725 0.153748 0.283899 9.996E-05 9.996E-05 9.996E-05 0.142228 9.996E-05
0.216881 0.217892 9.99731E-05 9.99731E-05 0.305902 0.140746 0.118279 9.99731E-05
0.179618 9.99643E-05 0.31345 0.178376 9.99643E-05 0.328156 9.99643E-05 9.99643E-05
9.999E-05 0.202349 0.251696 0.146341 0.0551914 0.166443 0.022825 0.155055
0.134956 0.0285426 0.0583981 0.0579491 9.99821E-05 0.14378 9.99821E-05 0.576174
0.164919 9.999E-05 0.183422 0.163351 0.301968 0.0819746 0.0696197 0.0346463
9.99731E-05 0.275641 0.375721 0.170647 9.99731E-05 0.107595 9.99731E-05 0.0700956
9.99553E-05 0.172312 9.99553E-05 9.99553E-05 0.286022 0.541167 9.99553E-05 9.99553E-05
0.473255 9.99554E-05 0.339135 9.99554E-05 9.99554E-05 9.99554E-05 9.99554E-05 0.18711
0.759238 9.99463E-05 9.99463E-05 9.99463E-05 9.99463E-05 9.99463E-05 0.240163 9.99463E-05
9.998E-05 0.00310716 0.186705 9.998E-05 0.0858274 0.194246 0.422619 0.107296
9.99552E-05 9.99552E-05 0.230146 0.357014 0.412341 9.99552E-05 9.99552E-05 9.99552E-05
9.998E-05 0.199619 0.396703 0.139007 9.998E-05 0.0687967 0.00624186 0.189432
9.994E-05 9.994E-05 9.994E-05 9.994E-05 9.994E-05 0.9993 9.994E-05 9.994E-05
9.99731E-05 0.0301932 0.00960456 9.99731E-05 0.310329 0.108772 9.99731E-05 0.540801
0.445969 0.0425291 0.1664 9.99821E-05 0.17798 9.99821E-05 0.0435212 0.1234
9.99642E-05 9.99642E-05 0.00435171 0.433246 9.99642E-05 0.197116 9.99642E-05 0.364887
9.997E-05 9.997E-05 0.0223712 0.0349125 0.0610616 0.116136 9.997E-05 0.765219
0.395675 0.170981 9.9982E-05 0.0333581 0.0732774 0.0711246 9.9982E-05 0.255384
9.997E-05 9.997E-05 9.997E-05 0.174799 0.530042 0.0692949 0.199648 0.0259162
9.994E-05 9.994E-05 0.9993 9.994E-05 9.994E-05 9.994E-05 9.994E-05 9.994E-05
0.415819 9.99554E-05 9.99554E-05 9.99554E-05 0.362199 0.221481 9.99554E-05 9.99554E-05
0.475262 0.0254272 9.9973E-05 0.130405 9.9973E-05 0.172746 9.9973E-05 0.195861
0.421083 0.00349297 0.395337 0.115277 9.99732E-05 9.99732E-05 9.99732E-05 0.0645096
0.0941865 9.99731E-05 0.0570263 0.234847 0.529626 0.0840142 9.99731E-05 9.99731E-05
0.454922 9.99731E-05 0.282483 0.060757 9.99731E-05 9.99731E-05 0.016132 0.185406
0.471139 0.0878282 9.99821E-05 0.213754 9.99821E-05 0.0194695 0.144617 0.0629928
0.111366 0.154183 0.307825 0.166731 0.0826155 9.998E-05 9.998E-05 0.17708
9.99462E-05 9.99462E-05 9.99462E-05 9.99462E-05 0.999053 9.99462E-05 9.99462E-05 0.000346938
0.453769 0.188064 0.129912 9.998E-05 0.046444 0.0386623 9.998E-05 0.142949
9.99462E-05 9.99462E-05 9.99462E-05 9.99462E-05 0.0979723 9.99462E-05 0.901428 9.99462E-05
0.10381 9.99731E-05 0.044555 0.323144 9.99731E-05 0.362137 0.166054 9.99731E-05
0.11103 9.996E-05 9.996E-05 0.53568 9.996E-05 9.996E-05 0.0764709 0.276419
9.99552E-05 9.99552E-05 9.99552E-05 9.99552E-05 9.99552E-05 0.496808 0.18619 0.316502
9.998E-05 0.0592371 0.158192 9.998E-05 0.00779249 0.22515 0.17616 0.373269
9.9973E-05 0.117292 0.139169 9.9973E-05 0.249155 0.228498 9.9973E-05 0.265586
0.241919 0.211919 0.049217 0.0379086 0.458737 9.99732E-05 9.99732E-05 9.99732E-05
9.99461E-05 9.99461E-05 0.0679401 9.99461E-05 9.99461E-05 9.99461E-05 0.93146 9.99461E-05
9.99552E-05 9.99552E-05 9.99552E-05 0.277244 0.206772 9.99552E-05 9.99552E-05 0.515484
0.468229 0.0197839 0.162365 0.0302536 0.0764207 0.0232218 9.9991E-05 0.219626
0.290278 0.0635811 9.99641E-05 0.463449 9.99641E-05 0.182292 9.99641E-05 9.99641E-05
0.345614 0.146813 9.998E-05 0.0314097 0.188055 0.153093 0.134816 9.998E-05
