0.068016 9.9991E-05 0.209232 0.091119 0.520732 0.110801
0.160932 9.9991E-05 0.244105 0.0341413 0.38932 0.171401
0.267804 0.240299 0.188208 0.215951 0.0876385 9.9991E-05
0.233325 0.0745838 0.120298 0.0698201 0.501873 9.9991E-05
0.180314 9.99821E-05 9.99821E-05 0.0603727 0.496479 0.262635
0.00517693 0.106319 9.99731E-05 9.99731E-05 0.888204 9.99731E-05
0.00863787 9.99911E-05 0.192076 0.158621 0.56563 0.074935
9.99642E-05 9.99642E-05 9.99642E-05 0.462721 0.536879 9.99642E-05
0.0780399 0.12106 0.322757 9.99821E-05 9.99821E-05 0.477943
9.99731E-05 0.508207 0.343977 9.99731E-05 0.147516 9.99731E-05
0.0553529 0.360716 0.425258 0.0528783 0.100885 0.00490939
0.161489 9.99821E-05 0.518118 0.284563 9.99821E-05 0.0356306
0.1086 9.9991E-05 0.0479561 0.488068 0.274458 0.0808183
9.99732E-05 9.99732E-05 0.177099 9.99732E-05 0.700074 0.122527
9.99821E-05 9.99821E-05 0.216748 0.177501 0.232543 0.373009
0.0939739 9.9991E-05 0.10564 0.17512 0.464935 0.160231
0.225655 0.0830908 0.24313 9.9991E-05 0.23536 0.212665
9.99731E-05 0.301879 0.266258 9.99731E-05 0.431563 9.99731E-05
9.99731E-05 9.99731E-05 0.237546 0.469283 9.99731E-05 0.292871
9.9982E-05 0.090942 0.319396 0.157971 0.431491 9.9982E-05
9.99731E-05 0.472194 0.0197343 9.99731E-05 0.507772 9.99731E-05
0.25865 9.9973E-05 9.9973E-05 0.39919 9.9973E-05 0.34186
0.360848 0.118523 0.187101 0.0896691 0.243759 9.9991E-05
0.636956 9.9973E-05 9.9973E-05 9.9973E-05 0.176374 0.186371
0.472037 0.236354 0.0236156 0.128609 0.139284 9.9991E-05
0.103252 0.0543081 0.165377 0.133259 0.515227 0.0285764
0.0780128 0.143334 0.654953 9.9991E-05 0.0819295 0.0416711
9.99642E-05 9.99642E-05 9.99642E-05 9.99642E-05 0.220152 0.779448
9.99641E-05 0.287924 9.99641E-05 0.711677 9.99641E-05 9.99641E-05
0.795668 9.99731E-05 0.0560356 0.147996 9.99731E-05 9.99731E-05
9.99731E-05 0.0181138 9.99731E-05 9.99731E-05 0.429023 0.552563
9.99731E-05 9.99731E-05 0.332386 0.527637 0.139677 9.99731E-05
9.99821E-05 0.571805 0.0796292 0.20735 9.99821E-05 0.141016
0.129115 9.9991E-05 0.0241725 0.432252 0.261013 0.153348
0.0684837 9.99641E-05 9.99641E-05 9.99641E-05 0.931116 9.99641E-05
9.99643E-05 9.99643E-05 0.0907176 9.99643E-05 0.908882 9.99643E-05
9.99732E-05 9.99732E-05 9.99732E-05 0.0362617 0.654122 0.309316
0.156913 0.55864 9.99731E-05 0.284147 9.99731E-05 9.99731E-05
0.123017 0.0432011 0.088238 0.0917647 0.419482 0.234297
0.160895 0.0297185 0.103164 0.171076 0.535046 9.9991E-05
0.314737 9.99731E-05 0.426437 9.99731E-05 9.99731E-05 0.258527
0.0273432 0.166356 0.695852 9.99911E-05 0.0360278 0.0743215
9.99821E-05 0.150606 0.207446 0.00660958 0.635138 9.99821E-05
0.0737607 0.00244179 0.270217 9.99911E-05 0.44342 0.210061
0.135133 9.99731E-05 0.294015 0.570552 9.99731E-05 9.99731E-05
0.0494154 9.99821E-05 0.509286 0.0910899 0.350009 9.99821E-05
0.0436469 9.99821E-05 0.626931 0.155748 0.173474 9.99821E-05
9.9991E-05 0.0477708 0.633881 0.035772 0.153022 0.129453
9.99732E-05 9.99732E-05 0.445306 0.539762 0.0146321 9.99732E-05
9.99731E-05 9.99731E-05 0.0105064 0.142601 0.846592 9.99731E-05
0.168897 9.9982E-05 9.9982E-05 0.204959 0.620998 0.00494529
0.00537223 0.572815 0.0739256 9.9991E-05 0.143974 0.203813
0.251277 9.9982E-05 0.459522 9.9982E-05 0.1499 0.139101
0.239175 0.0530969 9.9991E-05 0.582656 0.0820187 0.0429529
0.0111413 0.122981 0.0589842 0.15194 9.9991E-05 0.654853
9.99821E-05 0.0430366 0.148785 0.25481 9.99821E-05 0.553168
0.512164 9.99731E-05 9.99731E-05 9.99731E-05 0.36168 0.125857
0.0327861 9.99821E-05 0.10077 9.99821E-05 0.234369 0.631876
9.9982E-05 9.9982E-05 0.190465 0.0249857 0.331001 0.453349
9.99731E-05 0.202103 0.0490365 9.99731E-05 0.748561 9.99731E-05
0.113852 9.99821E-05 9.99821E-05 0.173687 0.49172 0.220542
0.0206819 9.99731E-05 0.726328 9.99731E-05 0.25269 9.99731E-05
0.0309637 9.9982E-05 0.343054 0.22575 9.9982E-05 0.400033
0.366631 0.0456135 9.99821E-05 0.0906183 0.496937 9.99821E-05
0.00117124 9.99821E-05 0.321938 0.22773 0.448961 9.99821E-05
0.17462 0.0819475 0.464654 0.278579 9.99821E-05 9.99821E-05
0.00440659 9.99642E-05 9.99642E-05 9.99642E-05 0.995194 9.99642E-05
9.99821E-05 9.99821E-05 0.411152 0.100779 0.238331 0.249537
9.9982E-05 9.9982E-05 0.226466 0.565229 0.113028 0.0950775
0.0330086 0.336228 0.0492323 0.137794 0.375259 0.0684789
9.9991E-05 0.13291 0.356936 0.0157921 0.219802 0.27446
0.234747 9.99731E-05 0.763712 0.00124109 9.99731E-05 9.99731E-05
9.99911E-05 0.0526932 0.0433572 0.338803 0.336539 0.228508
0.00824878 9.99821E-05 0.382285 0.393157 0.21611 9.99821E-05
0.0754319 9.99733E-05 9.99733E-05 0.13568 0.788588 9.99733E-05
9.99821E-05 9.99821E-05 0.43995 0.0373668 0.173169 0.349314
0.309284 9.99911E-05 0.284394 0.315402 0.000596964 0.0902229
0.139075 0.223172 0.395892 9.9991E-05 0.008217 0.233544
0.0438213 0.182363 9.9991E-05 0.195765 0.295353 0.282598
9.99731E-05 9.99731E-05 9.99731E-05 0.226189 0.40512 0.368391
9.99821E-05 0.000182709 0.0836761 0.322412 0.59353 9.99821E-05
0.0486269 0.43351 9.99821E-05 0.175808 0.341855 9.99821E-05
9.99821E-05 0.119581 9.99821E-05 0.0598867 0.710223 0.110109
0.252207 0.153664 9.99821E-05 0.541001 0.0529282 9.99821E-05
0.125922 9.99821E-05 0.632274 0.00434665 0.237257 9.99821E-05
0.0235586 0.0754174 0.373948 0.0756853 0.404302 0.0470884
0.0219745 0.11485 0.0778281 0.110841 0.282544 0.391962
0.758044 9.99821E-05 0.0124195 9.99821E-05 0.158933 0.0704035
0.107469 0.460805 9.99822E-05 0.193137 0.238388 9.99822E-05
0.0597128 0.219476 9.99821E-05 0.671424 9.99821E-05 0.0491866
0.796405 9.99821E-05 0.113381 0.0514166 0.0385981 9.99821E-05
0.0843616 9.99733E-05 0.173153 9.99733E-05 0.742185 9.99733E-05
9.99733E-05 0.0832845 0.675775 9.99733E-05 0.240641 9.99733E-05
0.0500019 0.437113 9.99821E-05 9.99821E-05 0.413255 0.0994301
0.143438 9.9982E-05 0.609011 0.104799 9.9982E-05 0.142552
9.9991E-05 0.0597913 0.166698 0.0698326 0.599551 0.104027
9.99731E-05 0.180989 9.99731E-05 9.99731E-05 0.611517 0.207194
9.99821E-05 0.0839488 0.771939 0.0108955 9.99821E-05 0.133017
0.332508 9.99821E-05 9.99821E-05 0.139829 0.469513 0.0579497
0.387804 0.0672179 0.0972551 9.9991E-05 0.417356 0.0302671
9.99642E-05 9.99642E-05 9.99642E-05 9.99642E-05 0.0965915 0.903009
0.835978 0.163622 9.99642E-05 9.99642E-05 9.99642E-05 9.99642E-05
0.0145943 0.716885 0.000907892 9.99821E-05 9.99821E-05 0.267413
9.99642E-05 0.948293 9.99642E-05 9.99642E-05 9.99642E-05 0.0513067
9.99731E-05 9.99731E-05 9.99731E-05 0.353532 0.644389 0.00177928
0.182298 9.99821E-05 0.388005 0.185479 0.244018 9.99821E-05
9.99731E-05 9.99731E-05 0.121218 0.354797 0.523685 9.99731E-05
9.99821E-05 0.0965912 9.99821E-05 0.159281 0.469701 0.274227
0.0372583 9.99821E-05 0.0116177 0.547713 0.403211 9.99821E-05
9.99731E-05 0.487637 9.99731E-05 0.461751 0.0503124 9.99731E-05
0.22041 9.99821E-05 0.0296391 9.99821E-05 0.356888 0.392863
0.0469041 9.99732E-05 9.99732E-05 0.202094 0.750702 9.99732E-05
0.570071 9.99821E-05 9.99821E-05 0.114528 0.147545 0.167656
0.00706016 9.99732E-05 9.99732E-05 0.388896 0.603744 9.99732E-05
0.9995 9.996E-05 9.996E-05 9.996E-05 9.996E-05 9.996E-05
9.99821E-05 0.166401 0.133522 0.1829 9.99821E-05 0.516978
0.204885 9.99821E-05 0.383749 0.0433415 0.367825 9.99821E-05
0.0795123 9.9991E-05 0.0587962 0.537563 0.143293 0.180735
0.273052 9.99731E-05 9.99731E-05 0.497662 0.228986 9.99731E-05
0.0853059 0.165109 9.99821E-05 0.197542 0.551843 9.99821E-05
0.591554 0.02105 0.0920597 0.0388651 0.183326 0.0731451
0.16288 0.0892443 9.9991E-05 0.0246433 0.55544 0.167692
0.0282406 9.99731E-05 9.99731E-05 0.42191 0.54955 9.99731E-05
9.99821E-05 0.189316 0.303935 0.188962 0.317587 9.99821E-05
0.127058 0.0741991 0.36339 0.258182 0.177071 9.9991E-05
9.9982E-05 9.9982E-05 0.344888 0.201539 0.412828 0.040545
0.134715 9.99732E-05 0.816094 0.0488906 9.99732E-05 9.99732E-05
9.99821E-05 0.170878 9.99821E-05 0.33842 0.446304 0.0441988
0.218449 0.521073 0.0683266 0.0392417 0.15281 9.99911E-05
0.0633092 0.309215 0.240595 0.192588 0.194194 9.9991E-05
9.99643E-05 9.99643E-05 0.61073 9.99643E-05 9.99643E-05 0.38887
9.9982E-05 0.0542704 0.198405 0.156489 0.590635 9.9982E-05
9.9991E-05 0.0492904 0.451502 0.335357 0.124402 0.0393492
9.9982E-05 0.497325 0.050156 0.213262 9.9982E-05 0.239057
9.99731E-05 0.449567 0.312893 9.99731E-05 0.237241 9.99731E-05
9.99732E-05 0.147842 9.99732E-05 0.231757 0.620101 9.99732E-05
9.99732E-05 0.0784232 9.99732E-05 0.551636 0.36964 9.99732E-05
9.99732E-05 0.0841009 9.99732E-05 0.538894 0.376705 9.99732E-05
9.99821E-05 0.0715185 0.524008 0.160491 9.99821E-05 0.243784
9.99642E-05 9.99642E-05 9.99642E-05 0.440679 0.558921 9.99642E-05
9.99643E-05 9.99643E-05 9.99643E-05 9.99643E-05 0.310858 0.688742
0.146939 0.456653 9.99911E-05 0.235961 0.0850688 0.0752786
9.9991E-05 0.205669 0.364711 0.11034 0.117954 0.201226
0.180943 0.489261 0.248858 9.99821E-05 9.99821E-05 0.080738
0.452654 9.99821E-05 0.0373119 0.0162229 0.493612 9.99821E-05
9.9973E-05 9.9973E-05 9.9973E-05 0.480996 0.376681 0.142024
9.99642E-05 9.99642E-05 0.621192 9.99642E-05 0.378409 9.99642E-05
0.136612 0.293606 9.99821E-05 0.0372575 0.532324 9.99821E-05
0.144202 9.99643E-05 9.99643E-05 9.99643E-05 0.855398 9.99643E-05
9.99732E-05 9.99732E-05 0.419 0.1761 9.99732E-05 0.4046
9.99821E-05 0.0433498 9.99821E-05 0.388973 0.28121 0.286267
0.0488427 9.9991E-05 0.483714 0.166286 0.0490047 0.252053
9.99731E-05 9.99731E-05 9.99731E-05 0.330695 0.319285 0.349721
0.0299189 9.9991E-05 0.12614 0.131103 0.319761 0.392977
0.189989 0.0443869 9.99733E-05 9.99733E-05 0.765324 9.99733E-05
9.99911E-05 0.310103 0.355514 0.145616 0.08355 0.105117
0.00342444 0.353555 9.99911E-05 0.173852 0.42029 0.0487784
9.99733E-05 0.265538 0.48422 9.99733E-05 0.249943 9.99733E-05
9.99642E-05 9.99642E-05 9.99642E-05 0.365894 0.633706 9.99642E-05
0.164076 0.218519 0.0629751 0.427134 0.075724 0.0515727
9.99642E-05 9.99642E-05 0.796556 9.99642E-05 0.203044 9.99642E-05
9.99731E-05 9.99731E-05 0.396764 0.283826 0.31911 9.99731E-05
0.0191973 9.99821E-05 9.99821E-05 0.320712 0.627664 0.0322261
9.99731E-05 9.99731E-05 0.356565 9.99731E-05 0.128002 0.515134
9.99643E-05 9.99643E-05 0.818004 0.181596 9.99643E-05 9.99643E-05
0.123979 0.0814048 0.12315 0.184104 0.477156 0.0102067
9.99821E-05 0.0909548 0.100046 9.99821E-05 0.595003 0.213796
9.99732E-05 0.000587012 9.99732E-05 0.706334 9.99732E-05 0.292779
9.99732E-05 9.99732E-05 9.99732E-05 0.0847177 0.362119 0.552863
0.0342075 0.0848434 0.226999 9.9991E-05 0.545974 0.107876
0.212248 9.99821E-05 0.0235239 0.551622 0.212406 9.99821E-05
9.99731E-05 9.99731E-05 9.99731E-05 0.627284 0.299885 0.0725308
9.9982E-05 0.168202 0.165399 0.140679 9.9982E-05 0.52552
0.10446 0.0374231 0.178899 9.99821E-05 0.679017 9.99821E-05
0.115298 0.000867287 9.9991E-05 0.306092 0.447579 0.130063
9.99732E-05 9.99732E-05 9.99732E-05 0.577957 0.300726 0.121017
0.319052 9.99911E-05 0.161259 0.276729 0.23846 0.00439935
9.99642E-05 0.882776 9.99642E-05 9.99642E-05 0.116824 9.99642E-05
9.99821E-05 0.252412 0.278816 9.99821E-05 0.438777 0.0297949
0.0119192 0.169831 0.614792 9.99821E-05 9.99821E-05 0.203257
9.99732E-05 0.0986236 0.557933 9.99732E-05 0.343144 9.99732E-05
9.99731E-05 0.391128 0.400727 9.99731E-05 0.207846 9.99731E-05
9.99821E-05 9.99821E-05 0.311315 0.071095 0.61523 0.00216042
0.190424 9.99732E-05 9.99732E-05 0.520721 0.288555 9.99732E-05
9.99641E-05 0.993679 9.99641E-05 0.00592164 9.99641E-05 9.99641E-05
9.99821E-05 9.99821E-05 0.294226 0.315057 0.221492 0.169025
9.99731E-05 0.0398164 9.99731E-05 0.525524 0.434359 9.99731E-05
0.138521 0.0384807 9.99821E-05 9.99821E-05 0.561138 0.26166
0.00635915 0.282138 9.9973E-05 9.9973E-05 0.711203 9.9973E-05
