0.000257399 0.807448 0.051014 0.0140287 9.9973E-05 0.107999 0.0102907 0.00866174 9.9973E-05 9.9973E-05
0.284986 0.152074 9.9991E-05 0.0552444 0.0243769 0.0508623 0.107481 0.149308 0.0281699 0.147398
0.289586 0.281341 0.163394 0.0578407 0.0496193 0.00285682 0.0896773 0.0654859 9.9982E-05 9.9982E-05
0.203418 0.344949 9.9982E-05 0.105873 0.0970345 9.9982E-05 0.0477153 0.0879771 0.0510121 0.061821
0.357591 0.00428796 9.9964E-05 0.103727 0.0932763 9.9964E-05 9.9964E-05 9.9964E-05 0.189956 0.250762
0.455695 0.0700039 9.9982E-05 0.0770082 0.0465103 0.129831 9.9982E-05 0.0454865 0.00331197 0.171954
0.210865 0.487608 0.152142 9.9964E-05 0.0699783 9.9964E-05 9.9964E-05 0.0115639 9.9964E-05 0.0674429
9.99639E-05 0.200088 0.539237 9.99639E-05 0.031578 9.99639E-05 0.0380766 0.138127 0.052494 9.99639E-05
9.9955E-05 0.140671 0.0522803 9.9955E-05 9.9955E-05 0.342206 9.9955E-05 9.9955E-05 0.25601 0.208333
9.99729E-05 0.131266 0.232657 0.19911 0.0817604 0.205585 0.132061 9.99729E-05 9.99729E-05 0.0172604
0.117156 9.99459E-05 9.99459E-05 0.0868317 9.99459E-05 0.793388 9.99459E-05 0.00202433 9.99459E-05 9.99459E-05
9.99549E-05 9.99549E-05 0.119922 9.99549E-05 0.0558875 9.99549E-05 0.0423202 9.99549E-05 0.283699 0.497671
0.21539 0.147461 9.9982E-05 0.0328827 0.128297 0.0926359 9.9982E-05 0.0177696 0.0280713 0.337293
9.9973E-05 0.225331 9.9973E-05 0.0817253 0.0210126 9.9973E-05 0.127329 0.00144012 0.419705 0.123157
0.0331948 0.0633586 0.0174608 9.99729E-05 0.0341483 0.202208 9.99729E-05 0.0971756 0.552154 9.99729E-05
0.00151288 0.124852 0.175423 0.0336722 0.092539 0.0726449 0.0545787 0.303061 0.141615 9.9991E-05
9.99369E-05 9.99369E-05 9.99369E-05 0.0834796 9.99369E-05 9.99369E-05 9.99369E-05 0.000163822 0.915657 9.99369E-05
0.0439766 0.174455 0.182322 0.07611 0.124327 9.9991E-05 0.0996085 0.0800106 0.157931 0.0611593
9.9964E-05 0.121976 0.223835 9.9964E-05 0.0526206 0.147114 9.9964E-05 9.9964E-05 0.237503 0.216552
0.110335 0.172705 0.0106187 0.0334842 0.0346471 0.181445 0.114697 0.0417516 0.276193 0.024122
0.0758837 0.314118 0.10582 0.0582201 0.0261107 0.319611 9.9982E-05 0.0286159 0.0714201 9.9982E-05
0.221606 0.252588 9.9973E-05 0.0305887 0.0167232 0.148008 9.9973E-05 0.0876785 9.9973E-05 0.242507
0.161356 0.148562 0.0698879 0.0261003 0.10849 0.0921129 0.00734161 0.00111163 0.106362 0.278675
0.447885 0.241922 9.9973E-05 9.9973E-05 0.0157571 9.9973E-05 0.181499 0.0465295 0.0576553 0.00845197
9.9928E-05 9.9928E-05 9.9928E-05 0.105282 9.9928E-05 0.893919 9.9928E-05 9.9928E-05 9.9928E-05 9.9928E-05
0.322918 0.112949 9.9982E-05 0.0215109 0.00745421 0.0609085 0.126055 0.0214446 0.326559 9.9982E-05
9.9964E-05 0.00832824 0.651616 0.036575 0.0609901 9.9964E-05 0.144467 0.0976238 9.9964E-05 9.9964E-05
0.147024 0.287808 9.9991E-05 0.0966618 0.0103798 0.0702105 0.234001 0.0476357 0.083475 0.0227037
0.293311 0.0795723 0.225438 0.0276854 9.9982E-05 0.0816584 0.047479 0.0998561 0.1448 9.9982E-05
0.0572646 0.0743331 9.9955E-05 9.9955E-05 9.9955E-05 0.121724 0.703789 0.0423887 9.9955E-05 9.9955E-05
0.309586 9.9973E-05 9.9973E-05 0.00415551 0.0190152 0.45672 0.022942 9.9973E-05 0.171401 0.0158806
9.9946E-05 9.9946E-05 0.796301 0.0358244 0.00325465 0.16402 9.9946E-05 9.9946E-05 9.9946E-05 9.9946E-05
0.133659 0.15307 9.9964E-05 9.9964E-05 0.0566198 9.9964E-05 0.0238727 9.9964E-05 0.462633 0.169746
0.460802 0.0307774 0.166464 0.0446949 0.0586012 0.127314 9.9982E-05 0.0841617 0.0269841 9.9982E-05
0.394656 0.0147782 0.108916 0.120182 0.082096 0.0690386 9.9982E-05 9.9982E-05 0.134564 0.0755692
9.99281E-05 0.957315 9.99281E-05 9.99281E-05 0.0418855 9.99281E-05 9.99281E-05 9.99281E-05 9.99281E-05 9.99281E-05
0.412235 0.356014 9.9973E-05 0.108233 0.013739 9.9973E-05 0.00425546 0.031178 9.9973E-05 0.0740451
9.9955E-05 0.156306 9.9955E-05 0.0649597 9.9955E-05 0.619149 0.121096 9.9955E-05 0.0379896 9.9955E-05
0.118176 9.9964E-05 0.417402 0.043277 0.0162188 9.9964E-05 0.0695332 9.9964E-05 0.334994 9.9964E-05
0.0304771 0.24202 0.295025 9.99729E-05 0.0521924 0.143938 9.99729E-05 0.139653 0.0963951 9.99729E-05
0.31937 9.9973E-05 0.161472 9.9973E-05 0.00144038 0.198191 0.0485175 0.076371 9.9973E-05 0.194338
0.0493574 0.0874832 0.700252 0.0902635 0.0187291 9.9973E-05 0.016986 0.0366288 9.9973E-05 9.9973E-05
0.111357 0.230015 0.551494 9.9955E-05 0.06631 9.9955E-05 9.9955E-05 0.0403248 9.9955E-05 9.9955E-05
0.126691 0.280997 9.99551E-05 9.99551E-05 9.99551E-05 0.133189 0.112325 9.99551E-05 9.99551E-05 0.346298
9.9955E-05 0.0231982 0.782596 9.9955E-05 0.064609 0.0747405 9.9955E-05 9.9955E-05 9.9955E-05 0.054357
0.0748173 0.184622 0.26873 0.109019 0.0316912 0.186942 9.9982E-05 9.9982E-05 0.0953202 0.0486592
0.183126 0.135524 9.9973E-05 9.9973E-05 0.0688915 0.2382 0.0707543 9.9973E-05 0.187049 0.116156
0.133539 9.9964E-05 0.518265 9.9964E-05 9.9964E-05 9.9964E-05 0.0578936 0.103125 0.0921357 0.0946419
0.221311 9.9964E-05 0.321827 9.9964E-05 0.0322885 0.166431 0.0857436 0.171999 9.9964E-05 9.9964E-05
9.9973E-05 0.129071 0.0404724 9.9973E-05 0.0345285 0.337392 0.0739892 0.177669 0.206579 9.9973E-05
9.999E-05 0.140222 0.0253112 0.00771123 0.0642507 0.251265 0.0429536 0.0108825 0.386266 0.071037
9.9973E-05 0.112012 0.342454 9.9973E-05 0.0745294 9.9973E-05 0.0478334 0.0497753 0.180201 0.192896
0.223629 9.9973E-05 0.29286 9.9973E-05 0.0259568 9.9973E-05 0.0317051 0.379135 0.00340054 0.0430145
0.0681246 0.154468 0.199271 0.175989 0.0283298 0.0976678 0.0547185 0.216487 0.00484442 9.9991E-05
9.99459E-05 9.99459E-05 9.99459E-05 9.99459E-05 0.0166625 9.99459E-05 0.0394291 0.0829122 9.99459E-05 0.860396
0.0258751 0.152127 0.514191 9.9964E-05 0.0955021 0.101333 9.9964E-05 9.9964E-05 0.110572 9.9964E-05
9.99371E-05 9.99371E-05 9.99371E-05 0.0513853 9.99371E-05 9.99371E-05 9.99371E-05 0.123982 9.99371E-05 0.823933
9.99369E-05 9.99369E-05 9.99369E-05 9.99369E-05 0.0476677 0.0298425 9.99369E-05 9.99369E-05 9.99369E-05 0.92179
0.270281 9.9982E-05 0.11586 0.00595649 0.00638215 0.353573 9.9982E-05 0.0484771 0.0904296 0.10884
0.142404 0.0377202 0.497146 0.0866173 0.0378841 0.138378 9.9982E-05 9.9982E-05 0.00155468 0.0580955
0.999101 9.99201E-05 9.99201E-05 9.99201E-05 9.99201E-05 9.99201E-05 9.99201E-05 9.99201E-05 9.99201E-05 9.99201E-05
0.340315 9.9964E-05 0.181942 0.0179076 0.0629456 0.180647 9.9964E-05 9.9964E-05 0.215842 9.9964E-05
9.9973E-05 0.190944 0.13466 9.9973E-05 0.0500338 0.0714337 9.9973E-05 0.015477 0.465996 0.0711553
9.9937E-05 9.9937E-05 9.9937E-05 9.9937E-05 0.0623729 9.9937E-05 0.906894 0.0300335 9.9937E-05 9.9937E-05
0.0712636 0.301623 0.00073515 0.180961 9.9973E-05 0.0429243 9.9973E-05 0.177501 0.224692 9.9973E-05
9.9937E-05 0.944446 9.9937E-05 0.0150162 9.9937E-05 9.9937E-05 9.9937E-05 0.0398382 9.9937E-05 9.9937E-05
0.0719022 0.419375 0.110957 0.103783 0.024112 0.0672786 0.0809566 0.00868925 0.0500735 0.0628733
0.256037 0.174107 9.9955E-05 9.9955E-05 9.9955E-05 0.29689 0.101176 9.9955E-05 0.171291 9.9955E-05
0.332606 0.155099 9.9964E-05 9.9964E-05 0.0177483 0.336934 0.105478 9.9964E-05 0.0517348 9.9964E-05
0.179304 0.103427 0.0724684 0.0369179 0.0407927 0.0687283 0.217371 0.252855 0.0280353 9.9991E-05
9.9955E-05 0.0265755 0.495954 0.14095 9.9955E-05 9.9955E-05 0.0848959 9.9955E-05 9.9955E-05 0.251124
0.0332616 0.246489 0.237503 9.9973E-05 0.0522673 0.215608 9.9973E-05 0.0980071 0.116565 9.9973E-05
0.161023 0.0237867 9.9982E-05 9.9982E-05 0.135739 0.336178 0.0165365 0.0121562 0.161606 0.152775
0.0459243 9.9991E-05 0.524322 0.0103758 0.0149792 0.151374 0.0149115 0.0754308 0.0723685 0.0902145
0.302279 0.0621782 0.211408 0.09144 0.0165057 0.0776698 0.098608 0.0520223 0.0219973 0.0658917
9.9955E-05 9.9955E-05 0.575749 0.0540317 9.9955E-05 9.9955E-05 9.9955E-05 0.178768 0.0307967 0.160155
0.322199 0.0856175 0.21126 0.0135235 0.158571 9.9973E-05 9.9973E-05 0.0837981 9.9973E-05 0.12473
0.999101 9.99201E-05 9.99201E-05 9.99201E-05 9.99201E-05 9.99201E-05 9.99201E-05 9.99201E-05 9.99201E-05 9.99201E-05
0.999101 9.99201E-05 9.99201E-05 9.99201E-05 9.99201E-05 9.99201E-05 9.99201E-05 9.99201E-05 9.99201E-05 9.99201E-05
0.934245 9.9937E-05 9.9937E-05 9.9937E-05 0.0266268 9.9937E-05 0.0384282 9.9937E-05 9.9937E-05 9.9937E-05
0.29186 0.0517505 0.319717 0.0208651 0.0554307 0.0978743 0.0501483 0.0178069 9.9991E-05 0.0944466
0.267403 0.130519 9.9964E-05 0.0608654 0.00239762 9.9964E-05 9.9964E-05 9.9964E-05 0.314324 0.224091
0.0145379 9.9955E-05 0.519116 9.9955E-05 9.9955E-05 0.112911 0.124159 9.9955E-05 9.9955E-05 0.228776
9.9946E-05 9.9946E-05 0.359485 9.9946E-05 9.9946E-05 9.9946E-05 0.0970217 0.14373 0.399163 9.9946E-05
0.28141 0.111466 0.292185 0.0113468 0.0364266 9.9982E-05 0.0204938 9.9982E-05 0.0947622 0.15171
0.027021 0.117798 0.166347 9.9964E-05 9.9964E-05 0.276232 9.9964E-05 0.0885874 9.9964E-05 0.323616
0.108101 0.770297 0.0236351 9.99639E-05 0.0241368 0.0142211 0.059209 9.99639E-05 9.99639E-05 9.99639E-05
0.000107248 0.0422202 9.9973E-05 0.0691798 0.100063 0.228204 9.9973E-05 9.9973E-05 0.241482 0.318444
0.0367773 0.26501 0.0609718 0.0963028 0.0698813 0.0729167 0.160072 0.113482 0.124486 9.9991E-05
9.9946E-05 0.219305 0.127523 9.9946E-05 9.9946E-05 0.38353 9.9946E-05 9.9946E-05 9.9946E-05 0.269042
9.99369E-05 9.99369E-05 9.99369E-05 0.0196525 0.0236313 9.99369E-05 0.956017 9.99369E-05 9.99369E-05 9.99369E-05
0.187049 9.9964E-05 9.9964E-05 0.0252278 0.00162301 0.554737 9.9964E-05 9.9964E-05 0.106306 0.124658
0.363267 0.185376 0.0991228 0.0136896 0.0542545 0.106227 0.0154539 0.00105502 0.161455 9.9991E-05
0.0206351 0.0976884 0.0829739 9.9991E-05 0.0432226 0.0202849 0.0911489 0.177126 0.427436 0.039385
0.505882 0.198589 0.15161 0.0424318 9.9973E-05 0.052744 9.9973E-05 0.0269777 0.0214652 9.9973E-05
0.223346 0.166821 0.301441 0.018905 0.00150163 0.0910769 0.00663539 0.0193549 0.170818 9.9991E-05
0.0912692 0.147617 9.9964E-05 0.0548201 9.9964E-05 0.220195 9.9964E-05 0.103102 9.9964E-05 0.382596
9.99551E-05 0.390298 0.366861 0.0497051 0.00016737 9.99551E-05 9.99551E-05 9.99551E-05 0.192469 9.99551E-05
9.99551E-05 0.0526749 9.99551E-05 9.99551E-05 0.084949 0.227777 0.453718 9.99551E-05 0.180382 9.99551E-05
0.102253 0.0497468 0.108194 9.99729E-05 9.99729E-05 0.0831737 0.177286 9.99729E-05 0.186826 0.292222
0.144389 0.235238 9.99639E-05 9.99639E-05 9.99639E-05 0.152721 0.0877885 9.99639E-05 0.204863 0.174602
9.99201E-05 9.99201E-05 9.99201E-05 9.99201E-05 9.99201E-05 9.99201E-05 0.999101 9.99201E-05 9.99201E-05 9.99201E-05
0.133839 9.9982E-05 9.9982E-05 0.112712 0.0446087 0.332497 0.0552036 0.127737 0.122777 0.0704256
9.99279E-05 9.99279E-05 9.99279E-05 0.987164 0.0120368 9.99279E-05 9.99279E-05 9.99279E-05 9.99279E-05 9.99279E-05
9.9991E-05 0.0194164 0.146638 0.0737359 0.0226164 0.0319157 0.0348177 0.104595 0.455032 0.111133
9.9964E-05 0.14815 0.237175 9.9964E-05 9.9964E-05 0.251024 9.9964E-05 0.187332 0.0654516 0.110467
0.0781623 0.102735 0.150416 9.99729E-05 9.99729E-05 9.99729E-05 0.0324259 0.115195 0.320779 0.199987
0.368117 0.100127 0.313369 9.9964E-05 0.0691898 0.103471 0.0453264 9.9964E-05 9.9964E-05 9.9964E-05
0.228564 9.9955E-05 0.408641 9.9955E-05 9.9955E-05 0.174537 0.134409 9.9955E-05 0.0533493 9.9955E-05
0.182109 0.106477 0.31696 9.9964E-05 0.0292414 0.342739 0.0220748 9.9964E-05 9.9964E-05 9.9964E-05
0.209796 0.163649 0.0229312 0.0883952 0.0415715 9.9982E-05 9.9982E-05 0.0734132 0.219854 0.180189
0.152921 9.9973E-05 0.0233186 0.0189312 0.122561 0.390048 0.0414963 9.9973E-05 9.9973E-05 0.250424
0.223827 0.0119798 0.318116 0.0232892 9.9982E-05 0.103218 9.9982E-05 0.159382 0.12318 0.0368076
0.207865 0.00988604 9.9973E-05 0.0298391 0.00351564 9.9973E-05 0.496242 9.9973E-05 0.0929179 0.159434
0.114416 0.309317 0.415097 9.9973E-05 9.9973E-05 0.0454026 0.00573033 9.9973E-05 0.0606925 0.0490441
9.9928E-05 9.9928E-05 9.9928E-05 9.9928E-05 9.9928E-05 9.9928E-05 0.877653 9.9928E-05 9.9928E-05 0.121548
9.9955E-05 0.114972 9.9955E-05 0.172498 9.9955E-05 0.385784 9.9955E-05 0.0483176 0.277929 9.9955E-05
0.000746254 0.478908 0.203309 9.9964E-05 0.0164755 9.9964E-05 0.00913649 9.9964E-05 0.291026 9.9964E-05
0.518723 9.9964E-05 0.13404 9.9964E-05 0.00274145 9.9964E-05 0.00785486 0.00957022 9.9964E-05 0.32667
9.9964E-05 0.0782547 0.482096 9.9964E-05 0.0717246 0.0831256 9.9964E-05 9.9964E-05 0.207916 0.0764829
0.268603 0.392281 0.160858 9.9973E-05 0.0233208 9.9973E-05 0.0950335 0.0442631 0.0153406 9.9973E-05
0.28648 0.0298731 9.9973E-05 9.9973E-05 0.169947 0.107561 0.342988 0.00941431 0.0534375 9.9973E-05
0.146814 0.329531 0.132747 0.0147885 0.0544841 0.0631704 0.148788 0.0995664 9.9991E-05 0.0100102
0.14309 9.9955E-05 9.9955E-05 0.027167 9.9955E-05 9.9955E-05 9.9955E-05 0.154335 0.582648 0.0922596
9.99639E-05 9.99639E-05 0.378047 9.99639E-05 0.0759243 0.0644944 0.0464885 9.99639E-05 0.0509593 0.383687
0.124365 0.0627824 0.0216737 9.9973E-05 0.0345057 9.9973E-05 9.9973E-05 0.0777907 0.567406 0.111176
9.9937E-05 0.0410026 9.9937E-05 9.9937E-05 9.9937E-05 0.884581 9.9937E-05 0.0737169 9.9937E-05 9.9937E-05
0.244569 9.9973E-05 0.235422 0.0515918 0.0340647 0.291146 0.0981245 9.9973E-05 9.9973E-05 0.0447824
0.120217 9.9955E-05 9.9955E-05 9.9955E-05 0.0422988 9.9955E-05 9.9955E-05 0.0684564 0.196632 0.571896
9.9955E-05 9.9955E-05 0.222578 9.9955E-05 0.0054276 0.493621 0.162768 9.9955E-05 0.115105 9.9955E-05
0.00155659 0.741037 0.172866 9.9964E-05 0.0026322 9.9964E-05 0.0204619 9.9964E-05 0.0610464 9.9964E-05
0.331219 0.10446 0.164248 0.0578854 0.104439 9.9973E-05 9.9973E-05 9.9973E-05 0.111937 0.125512
0.116839 0.0176784 9.9955E-05 9.9955E-05 9.9955E-05 9.9955E-05 0.209444 9.9955E-05 0.490472 0.165066
0.187232 9.9964E-05 0.302064 9.9964E-05 0.0633517 0.259719 0.0969557 0.0902786 9.9964E-05 9.9964E-05
9.9964E-05 0.483433 0.231506 0.00336215 9.9964E-05 0.238089 9.9964E-05 9.9964E-05 0.0371466 0.00606319
9.9973E-05 0.05519 0.0629379 0.079174 0.0794371 0.322709 9.9973E-05 9.9973E-05 0.250056 0.150196
9.99279E-05 9.99279E-05 9.99279E-05 9.99279E-05 9.99279E-05 9.99279E-05 9.99279E-05 0.800424 0.198776 9.99279E-05
9.99201E-05 9.99201E-05 9.99201E-05 9.99201E-05 9.99201E-05 9.99201E-05 9.99201E-05 0.999101 9.99201E-05 9.99201E-05
9.9982E-05 0.150015 0.288015 0.0303062 0.0549731 9.9982E-05 0.0150525 0.0396768 0.18573 0.236031
0.495641 9.9964E-05 0.0704294 0.0872777 0.0513872 9.9964E-05 9.9964E-05 9.9964E-05 0.216923 0.0779422
0.146752 0.174891 0.322518 0.0637136 0.0571975 9.9973E-05 9.9973E-05 9.9973E-05 0.0429543 0.191674
0.123804 9.9964E-05 0.146034 9.9964E-05 0.0113764 0.660549 9.9964E-05 0.0246636 0.0331722 9.9964E-05
0.19837 0.0721709 0.0960148 0.018415 0.016357 0.038338 0.109228 9.9991E-05 0.0314476 0.419559
9.9964E-05 0.246406 0.145273 9.9964E-05 0.0232498 0.484739 0.0774446 9.9964E-05 9.9964E-05 0.0224885
0.350132 0.0911225 9.9973E-05 0.0167354 0.0394197 9.9973E-05 0.064693 0.307282 0.130316 9.9973E-05
0.294642 0.0763828 0.0428039 9.9973E-05 0.114418 9.9973E-05 0.404033 9.9973E-05 0.0412635 0.0261566
0.0843583 0.40934 9.9982E-05 0.0896004 0.0122246 0.186546 9.9982E-05 0.0567811 0.0606308 0.100319
9.99201E-05 9.99201E-05 9.99201E-05 9.99201E-05 0.999101 9.99201E-05 9.99201E-05 9.99201E-05 9.99201E-05 9.99201E-05
0.1461 0.698869 9.9946E-05 0.099236 0.0551947 9.9946E-05 9.9946E-05 9.9946E-05 9.9946E-05 9.9946E-05
0.131528 0.146699 0.208572 0.19314 0.0542939 9.9973E-05 9.9973E-05 0.203363 9.9973E-05 0.0621043
9.99459E-05 9.99459E-05 9.99459E-05 0.0188856 0.0294704 9.99459E-05 9.99459E-05 9.99459E-05 0.344853 0.606191
0.196464 0.0913717 0.148982 0.175754 0.0192804 0.065856 9.9982E-05 9.9982E-05 0.0942865 0.207805
9.9964E-05 0.125318 0.440042 9.9964E-05 0.102768 0.141861 9.9964E-05 9.9964E-05 0.000771006 0.188841
0.166883 0.131926 0.283294 0.00843688 0.0374421 0.0581398 0.0191493 0.121728 9.9991E-05 0.172901
9.99459E-05 0.0118504 9.99459E-05 9.99459E-05 0.0921926 9.99459E-05 9.99459E-05 9.99459E-05 0.416449 0.478908
0.143762 9.9973E-05 9.9973E-05 0.0371492 0.0509581 0.193074 0.151074 0.261148 0.162534 9.9973E-05
0.143812 0.152485 0.193431 9.997E-05 0.0481588 0.222462 9.997E-05 9.997E-05 0.100806 0.138545
0.295857 0.186827 9.9991E-05 0.087964 0.0562299 0.192959 0.0670851 0.0585088 0.0140534 0.0404154
9.9937E-05 0.865909 9.9937E-05 9.9937E-05 9.9937E-05 9.9937E-05 0.0931663 0.0402253 9.9937E-05 9.9937E-05
0.133922 0.0784494 0.180139 9.9973E-05 0.054014 0.121788 0.122888 9.9973E-05 0.308499 9.9973E-05
0.0911531 0.164619 9.9973E-05 0.0225202 0.0171408 0.28345 0.0884969 9.9973E-05 0.33232 9.9973E-05
9.99201E-05 9.99201E-05 9.99201E-05 9.99201E-05 0.999101 9.99201E-05 9.99201E-05 9.99201E-05 9.99201E-05 9.99201E-05
0.0850718 0.0243926 0.140995 9.99729E-05 0.321949 0.0261905 9.99729E-05 0.0177465 0.383354 9.99729E-05
0.243498 0.0859559 0.236567 0.0178787 9.9973E-05 0.0226671 9.9973E-05 0.307828 9.9973E-05 0.0853054
9.997E-05 0.199056 0.17958 0.0157071 0.0380801 0.337984 9.997E-05 0.098656 9.997E-05 0.130637
9.9955E-05 0.589224 0.13437 0.00229414 0.0852849 9.9955E-05 9.9955E-05 9.9955E-05 9.9955E-05 0.188328
0.107619 0.208383 0.0115974 9.99729E-05 9.99729E-05 0.186034 9.99729E-05 0.082077 0.213305 0.190685
9.9955E-05 9.9955E-05 0.31763 0.0305259 9.9955E-05 0.343466 9.9955E-05 0.0120614 0.295817 9.9955E-05
9.99201E-05 9.99201E-05 9.99201E-05 9.99201E-05 9.99201E-05 9.99201E-05 9.99201E-05 0.999101 9.99201E-05 9.99201E-05
0.206282 0.114674 0.00507125 0.000149341 0.0652491 9.9982E-05 0.0298162 0.0719027 0.506655 9.9982E-05
0.114212 9.9964E-05 0.405115 9.9964E-05 9.9964E-05 0.147699 0.0995984 9.9964E-05 0.144298 0.0886771
9.9982E-05 0.0564459 0.221117 0.164754 0.0289689 9.9982E-05 0.136633 0.147319 0.197138 0.047424
0.0848319 0.122989 0.213573 0.0244099 0.0841809 0.116727 0.0709247 9.9982E-05 0.282163 9.9982E-05
9.9955E-05 0.17904 0.230285 0.0122775 9.9955E-05 9.9955E-05 9.9955E-05 0.267799 9.9955E-05 0.310098
0.0627993 0.162738 0.477525 9.9964E-05 0.0604522 0.0185735 9.9964E-05 9.9964E-05 0.217512 9.9964E-05
0.154366 9.9955E-05 0.49645 0.0844103 9.9955E-05 9.9955E-05 9.9955E-05 9.9955E-05 0.057532 0.206742
9.9955E-05 0.0139919 0.215835 9.9955E-05 0.0341282 0.26094 9.9955E-05 9.9955E-05 0.474605 9.9955E-05
9.9964E-05 0.0390995 0.143907 0.0374737 9.9964E-05 9.9964E-05 9.9964E-05 0.133164 0.251553 0.394403
9.9928E-05 9.9928E-05 9.9928E-05 0.969395 9.9928E-05 9.9928E-05 9.9928E-05 9.9928E-05 9.9928E-05 0.0298053
0.109719 0.0865103 0.354523 9.9973E-05 0.0169128 0.134788 9.9973E-05 0.073562 9.9973E-05 0.223685
9.99201E-05 9.99201E-05 9.99201E-05 9.99201E-05 9.99201E-05 9.99201E-05 9.99201E-05 9.99201E-05 0.999101 9.99201E-05
9.9973E-05 0.0677203 9.9973E-05 9.9973E-05 0.0745688 0.327244 0.0872672 0.0424515 0.219404 0.181044
0.115151 0.246955 9.9982E-05 0.0335016 0.0254962 0.180759 0.0311053 0.226204 9.9982E-05 0.140628
0.0593177 0.327087 0.116643 9.9973E-05 9.9973E-05 0.040007 0.171058 9.9973E-05 0.119853 0.165735
9.9973E-05 0.292219 0.0747301 0.0475425 9.9973E-05 9.9973E-05 0.0186873 0.0269072 0.399349 0.140265
9.99201E-05 9.99201E-05 9.99201E-05 0.999101 9.99201E-05 9.99201E-05 9.99201E-05 9.99201E-05 9.99201E-05 9.99201E-05
0.0294626 0.171546 0.233279 9.9973E-05 0.0573379 9.9973E-05 0.0456757 9.9973E-05 0.168347 0.294052
9.9982E-05 0.188317 0.172881 0.128948 0.05949 0.157042 0.056315 0.0157967 0.22101 9.9982E-05
0.413992 0.137292 9.9973E-05 0.0278603 0.0111955 9.9973E-05 9.9973E-05 0.0040833 0.146643 0.258635
9.9973E-05 0.278019 0.281988 9.9973E-05 9.9973E-05 0.042916 0.0522327 0.187876 0.10223 0.0544381
