9.9973E-05 9.9973E-05 9.9973E-05 0.393294 0.361089 0.12328 0.0889837 0.0330529
0.0297468 0.0884898 0.130189 0.338839 0.0385103 0.175765 0.167262 0.0311979
9.9973E-05 9.9973E-05 0.342213 0.23853 9.9973E-05 0.155139 0.202094 0.0617238
0.0597825 0.0940618 0.0198323 0.449055 9.9991E-05 0.131024 0.185439 0.0607057
0.105545 0.0402293 0.227435 0.1006 9.9991E-05 0.444076 0.00552891 0.0764861
0.0933182 9.9973E-05 0.0934887 0.473215 9.9973E-05 0.288389 9.9973E-05 0.051289
9.999E-05 0.0780255 0.24941 0.244099 0.129675 0.205409 0.00744307 0.0858379
0.0185972 0.0660127 0.0713906 0.207375 0.171593 0.0731225 0.328333 0.0635758
9.9973E-05 0.0370059 0.296238 0.058728 0.385305 0.222424 9.9973E-05 9.9973E-05
0.178991 0.0991374 0.241742 9.99729E-05 0.401393 9.99729E-05 9.99729E-05 0.0784371
0.156185 9.9982E-05 0.0147876 9.9982E-05 0.537754 0.056373 0.2076 0.0271009
9.9973E-05 0.0917936 0.122531 9.9973E-05 0.463964 0.300697 9.9973E-05 0.0207143
0.0314756 0.130604 0.281003 0.180789 0.00287034 0.228806 0.0457593 0.0986923
0.0892972 0.0984696 0.218596 0.00121108 9.9982E-05 0.500835 9.9982E-05 0.0913911
0.0664559 9.9982E-05 9.9982E-05 0.0467849 0.205425 0.500132 0.100519 0.0804833
9.9964E-05 0.0741218 9.9964E-05 9.9964E-05 9.9964E-05 0.379713 0.451231 0.0945345
0.136631 0.0459374 9.99639E-05 9.99639E-05 9.99639E-05 0.717438 0.0995942 9.99639E-05
0.0454889 0.144106 9.9991E-05 0.0861204 0.303606 0.169811 0.10545 0.145317
9.9964E-05 9.9964E-05 0.430644 0.134703 9.9964E-05 0.332833 9.9964E-05 0.10142
0.0278806 0.0967049 0.161987 0.247175 0.114781 0.0753565 0.227416 0.0486995
0.0709134 9.9991E-05 0.124676 0.227171 0.167188 0.162016 0.121147 0.126788
0.0156955 9.9991E-05 0.315823 0.305042 0.141637 0.0125463 0.149256 0.0599005
0.0420055 0.00234858 0.100287 0.304434 0.124106 0.156583 0.110691 0.159544
9.9955E-05 0.254446 0.26885 0.476204 9.9955E-05 9.9955E-05 9.9955E-05 9.9955E-05
0.217504 9.9973E-05 0.144973 9.9973E-05 0.430167 0.159276 9.9973E-05 0.0477803
9.9973E-05 0.0200888 9.9973E-05 0.0952085 0.45523 0.319684 0.109489 9.9973E-05
0.141818 0.0849492 9.9982E-05 0.10242 0.435729 9.9982E-05 0.172768 0.062116
0.0250731 0.068902 9.9991E-05 0.0498295 0.241665 0.447745 0.144669 0.0220165
0.0199122 0.116921 0.0538143 0.424869 0.105611 0.12156 0.156635 0.000677741
9.99729E-05 0.61307 0.16646 0.117034 9.99729E-05 0.00520366 0.0979328 9.99729E-05
0.053074 9.9982E-05 0.491149 0.0104182 9.9982E-05 0.383282 0.0179504 0.0439265
9.9964E-05 9.9964E-05 0.176372 9.9964E-05 0.740329 9.9964E-05 0.0664469 0.0164523
9.9973E-05 0.0883366 9.9973E-05 0.331845 9.9973E-05 0.427793 0.059144 0.0925808
0.0162133 9.9991E-05 0.136365 0.35158 0.19127 0.04843 0.177231 0.0788107
0.144663 9.9982E-05 0.057412 0.120774 0.329055 0.291724 9.9982E-05 0.0561726
9.9955E-05 9.9955E-05 9.9955E-05 9.9955E-05 0.344343 0.557669 9.9955E-05 0.0974882
0.122428 9.9973E-05 0.0414246 0.624886 9.9973E-05 0.16756 9.9973E-05 0.0434005
0.0960713 0.0803784 9.99551E-05 9.99551E-05 0.82305 9.99551E-05 9.99551E-05 9.99551E-05
0.0832154 0.175079 0.327037 0.0792423 9.9991E-05 0.299233 0.00802117 0.0280726
0.0819301 9.9991E-05 0.205213 0.164717 0.082411 0.0497872 0.281658 0.134184
0.0466144 9.9982E-05 0.386319 0.208268 0.171328 9.9982E-05 0.15646 0.0308103
0.119228 9.9973E-05 9.9973E-05 0.454937 0.133754 9.9973E-05 0.226108 0.0656731
0.0635538 0.0387207 9.9982E-05 0.541989 0.114978 9.9982E-05 0.170291 0.0702677
9.9973E-05 0.0259972 0.0656559 0.241142 0.483797 0.183108 9.9973E-05 9.9973E-05
9.9955E-05 0.0165722 9.9955E-05 9.9955E-05 0.881782 9.9955E-05 0.101146 9.9955E-05
0.196273 9.9973E-05 0.261929 0.244228 0.104848 0.192422 9.9973E-05 9.9973E-05
9.9964E-05 0.00492713 0.259466 0.405797 9.9964E-05 0.32941 9.9964E-05 9.9964E-05
9.9982E-05 0.127443 0.128182 0.337802 9.9982E-05 0.121998 0.250543 0.033832
0.0123174 0.059886 0.0590259 0.128832 0.566856 9.9991E-05 0.12455 0.0484328
9.9982E-05 0.0793385 0.342463 0.059748 9.9982E-05 0.153218 0.313392 0.0516397
0.0903818 0.114536 0.0673956 0.00322611 0.324901 0.271576 0.0598468 0.0681367
0.0171605 0.00850347 0.492069 0.03933 9.9991E-05 0.183975 0.158753 0.100109
0.0342202 0.0360417 9.9991E-05 0.0852181 0.0157147 0.0767437 0.709834 0.0421277
0.106729 0.148388 0.0858771 0.103415 0.103112 0.127378 0.279073 0.0460295
9.9946E-05 9.9946E-05 0.970524 9.9946E-05 9.9946E-05 9.9946E-05 0.0288768 9.9946E-05
0.0711439 0.0358089 9.9982E-05 0.260437 0.256255 0.278204 9.9982E-05 0.0979517
0.011461 9.99551E-05 0.88144 9.99551E-05 0.106599 9.99551E-05 9.99551E-05 9.99551E-05
0.0361344 0.0525936 0.635874 0.243696 9.9973E-05 9.9973E-05 9.9973E-05 0.0314012
0.0772618 0.0251157 0.11271 0.230778 0.0146485 0.140712 0.343726 0.0550484
0.0697451 9.9991E-05 0.0706602 0.0263718 0.595523 0.142409 0.0663778 0.0288123
0.0084493 0.075837 0.0334804 0.837811 9.9973E-05 9.9973E-05 9.9973E-05 0.044122
0.0474585 0.0659123 9.9991E-05 0.269736 0.202171 0.225045 0.0695138 0.120064
9.9973E-05 9.9973E-05 0.144625 0.185108 9.9973E-05 0.482616 0.137356 0.0499945
9.9955E-05 0.850088 9.9955E-05 0.102561 9.9955E-05 9.9955E-05 9.9955E-05 0.0468511
0.156928 9.9973E-05 9.9973E-05 0.265793 0.116077 0.238769 0.222134 9.9973E-05
0.0311936 9.9982E-05 9.9982E-05 0.569092 0.0691158 0.188481 0.070086 0.0718324
0.0690595 9.9982E-05 0.103382 0.504775 0.265835 0.00483133 9.9982E-05 0.0519173
9.9973E-05 0.0565385 0.416557 0.204969 9.9973E-05 0.316715 9.9973E-05 0.00492013
9.9973E-05 0.0359253 9.9973E-05 0.438229 0.210999 0.28883 9.9973E-05 0.0257174
0.0231921 0.120257 9.9982E-05 9.9982E-05 0.281334 0.198172 0.267042 0.109803
0.203357 0.057233 0.609619 0.119815 9.9973E-05 9.9973E-05 9.9973E-05 0.00967671
9.9991E-05 0.0576769 0.171076 0.212022 0.337539 0.133827 0.0355919 0.0521676
0.0667757 0.10877 0.255054 0.0752731 0.188738 0.223298 0.00194006 0.0801509
0.00901701 0.0550561 0.363531 0.223396 0.0164843 9.9991E-05 0.28369 0.0487254
0.157571 0.12512 0.162698 0.147256 0.335334 9.9982E-05 0.0718207 9.9982E-05
0.12597 9.9964E-05 0.500801 9.9964E-05 9.9964E-05 9.9964E-05 0.315812 0.0570167
0.0462968 0.0792108 9.9973E-05 0.591508 0.224715 9.9973E-05 9.9973E-05 0.0579688
0.0811046 0.0342438 9.9982E-05 0.706717 0.0650143 9.9982E-05 0.0886919 0.0240285
0.00479417 9.9955E-05 9.9955E-05 0.774924 9.9955E-05 0.219782 9.9955E-05 9.9955E-05
9.9964E-05 0.140364 9.9964E-05 0.669473 0.101238 9.9964E-05 9.9964E-05 0.0885246
0.0544723 0.054908 0.193888 0.306799 0.30579 9.9991E-05 0.0126977 0.0713455
0.0243564 0.0353207 0.0294488 0.27676 0.0617096 0.554144 9.9991E-05 0.0181607
0.040001 0.116316 0.393396 0.0324281 0.366534 9.9982E-05 0.0511238 9.9982E-05
0.134857 0.0709652 0.00450404 0.0384503 9.9991E-05 0.336189 0.374284 0.0406509
9.99641E-05 9.99641E-05 0.270737 0.579847 9.99641E-05 0.0888522 9.99641E-05 0.0601648
9.9964E-05 9.9964E-05 0.175151 0.220869 0.413466 9.9964E-05 0.190113 9.9964E-05
9.9973E-05 9.9973E-05 0.0509527 0.309359 0.0442024 0.519063 9.9973E-05 0.0761236
0.157375 9.99641E-05 0.238226 9.99641E-05 9.99641E-05 0.574095 9.99641E-05 0.0299036
0.0508831 0.14397 9.9991E-05 0.0716114 0.290485 0.244965 0.166952 0.0310346
9.9973E-05 9.9973E-05 0.0429933 0.0944559 0.643642 9.9973E-05 0.178877 0.0397318
0.0382983 0.961102 9.9946E-05 9.9946E-05 9.9946E-05 9.9946E-05 9.9946E-05 9.9946E-05
0.0100974 9.9982E-05 0.482167 0.0721438 0.294538 0.106238 9.9982E-05 0.0346153
0.0606074 0.0294465 0.106684 0.364939 9.9991E-05 0.308505 0.0403909 0.0893266
9.9982E-05 0.0263221 0.232191 9.9982E-05 0.0806209 0.296147 0.323772 0.0407469
0.076549 9.9973E-05 9.9973E-05 0.602108 9.9973E-05 0.185709 0.112008 0.023326
9.9973E-05 0.108959 9.9973E-05 0.511167 0.0238817 0.19509 0.160602 9.9973E-05
0.072284 9.9964E-05 9.9964E-05 0.0442919 0.567183 9.9964E-05 0.315842 9.9964E-05
0.1037 9.9982E-05 0.156394 0.342298 0.0292717 0.36271 9.9982E-05 0.00542625
9.9964E-05 0.357376 9.9964E-05 9.9964E-05 0.206971 0.347749 9.9964E-05 0.0875047
9.9982E-05 0.218038 0.100501 0.0568607 0.173663 0.377334 0.073403 9.9982E-05
9.9982E-05 0.126637 0.164648 9.9982E-05 0.0837013 0.559365 0.0186695 0.0467798
9.994E-05 0.9993 9.994E-05 9.994E-05 9.994E-05 9.994E-05 9.994E-05 9.994E-05
0.132567 0.0717731 0.290456 0.136505 9.9991E-05 0.221748 0.0815323 0.0653192
0.897415 9.99459E-05 9.99459E-05 9.99459E-05 0.101985 9.99459E-05 9.99459E-05 9.99459E-05
0.158423 0.0561726 9.9982E-05 9.9982E-05 0.269387 0.137531 0.372819 0.00546802
9.9982E-05 9.9982E-05 0.480995 0.0251541 0.0742079 0.081913 0.303306 0.0342233
9.9982E-05 0.00467521 0.226757 0.195326 0.0953165 0.34834 0.129386 9.9982E-05
0.0494499 0.101432 0.239083 0.0558022 0.194727 9.9982E-05 0.359306 9.9982E-05
0.106666 0.185512 0.430531 0.153758 0.0483158 0.0210703 0.0364726 0.0176734
9.9982E-05 0.0693268 0.18721 0.349273 0.255282 0.105945 9.9982E-05 0.0327633
0.126381 9.9982E-05 0.053661 0.412125 9.9982E-05 0.304294 0.0442815 0.0590573
0.00393999 0.139727 0.472278 9.9991E-05 0.182187 0.05607 0.0327461 0.112951
0.0609351 0.0472761 0.216605 0.319356 9.9991E-05 0.000205805 0.340441 0.0150802
9.9973E-05 0.427428 9.9973E-05 0.128311 9.9973E-05 0.387772 0.0280593 0.0281293
0.042961 0.0651666 9.9991E-05 0.621602 0.0988191 0.0260522 0.111746 0.0335537
9.9946E-05 0.941522 0.0578782 9.9946E-05 9.9946E-05 9.9946E-05 9.9946E-05 9.9946E-05
0.157202 9.9964E-05 9.9964E-05 9.9964E-05 0.272644 0.464225 0.105529 9.9964E-05
9.9982E-05 0.0106929 9.9982E-05 0.406597 0.342928 0.100461 0.0973277 0.041793
9.9973E-05 0.0958597 0.144018 0.596117 0.0941714 9.9973E-05 0.069534 9.9973E-05
9.9955E-05 9.9955E-05 9.9955E-05 9.9955E-05 0.654121 0.295335 9.9955E-05 0.0500447
0.0387899 0.088079 9.9982E-05 0.507448 9.9982E-05 0.0941587 0.17734 0.0939846
0.00671299 0.505564 0.0613803 0.124789 9.9982E-05 0.254425 9.9982E-05 0.0469288
0.0432171 0.204755 0.102 0.359351 0.0718434 9.9991E-05 0.152521 0.0662125
0.0258971 9.9973E-05 0.0197331 0.0682043 9.9973E-05 0.632072 0.253793 9.9973E-05
9.9982E-05 0.134347 0.28142 0.0781347 0.293936 0.176367 9.9982E-05 0.035595
9.9964E-05 9.9964E-05 0.071955 0.173905 9.9964E-05 0.740439 9.9964E-05 0.0133014
9.9973E-05 9.9973E-05 0.409927 9.9973E-05 0.251789 0.117613 0.142553 0.0778193
0.0433321 0.136726 0.377137 0.22612 0.176728 9.9982E-05 9.9982E-05 0.0397569
0.00310381 9.9982E-05 0.414642 0.215115 9.9982E-05 0.211867 0.142709 0.0123638
0.0461878 0.0966266 0.186777 9.9991E-05 0.578213 0.0462076 0.0268098 0.0190786
9.9973E-05 0.0128306 9.9973E-05 0.487978 0.130125 0.336785 9.9973E-05 0.031982
0.0598939 0.0378928 0.0457709 0.646554 9.9982E-05 0.136924 9.9982E-05 0.0727637
0.0805736 0.354905 0.139913 0.105484 9.9982E-05 0.315645 0.00327833 9.9982E-05
9.9973E-05 0.141766 0.348782 0.209399 9.9973E-05 9.9973E-05 0.225054 0.0746991
0.0367147 0.0528797 0.352997 0.288339 0.00629368 0.254667 9.9991E-05 0.00800887
0.0756387 9.9973E-05 0.275248 9.9973E-05 0.0777605 0.458401 9.9973E-05 0.112652
9.9946E-05 9.9946E-05 9.9946E-05 9.9946E-05 9.9946E-05 0.196494 0.802906 9.9946E-05
9.994E-05 9.994E-05 9.994E-05 9.994E-05 9.994E-05 9.994E-05 0.9993 9.994E-05
0.0671914 0.0619803 0.202547 0.138236 0.399494 9.9991E-05 0.0807928 0.049659
0.0773432 0.136716 0.012226 0.371243 0.34179 9.9991E-05 0.0293187 0.0312637
0.0430499 0.087111 0.0511978 0.165649 0.384713 0.247986 9.9991E-05 0.0201934
0.115204 0.0205898 0.541851 9.9973E-05 9.9973E-05 0.256488 9.9973E-05 0.0655661
0.0750763 0.054947 0.611488 0.105068 9.9982E-05 0.131396 9.9982E-05 0.0218249
9.9973E-05 0.0116839 0.379193 0.126673 0.451876 9.9973E-05 9.9973E-05 0.0302734
0.10438 0.138116 9.9982E-05 0.527887 9.9982E-05 0.165504 0.017938 0.045975
9.9982E-05 0.420622 9.9982E-05 0.0839771 0.141017 0.219338 0.0825568 0.0522893
0.0551625 0.0372032 0.0399926 0.313949 9.9991E-05 0.413786 0.137661 0.00214502
9.994E-05 9.994E-05 9.994E-05 9.994E-05 9.994E-05 9.994E-05 9.994E-05 0.9993
0.0167572 9.9973E-05 9.9973E-05 0.525892 0.30318 9.9973E-05 0.0640238 0.0898476
0.275052 9.9973E-05 9.9973E-05 0.294791 9.9973E-05 0.0324141 0.317599 0.079844
0.0310636 0.00151006 0.191217 9.9982E-05 0.11661 0.610714 0.0486862 9.9982E-05
0.170003 9.9982E-05 0.183789 0.359166 9.9982E-05 0.169377 0.101885 0.0155799
0.0348713 0.123599 0.313197 0.099464 0.235043 9.9991E-05 0.0872731 0.106452
9.9982E-05 9.9982E-05 0.12547 0.189227 0.46094 0.0508636 0.161439 0.0118605
0.0141465 0.0517462 0.25504 0.0441124 0.119072 0.44398 9.9991E-05 0.0718036
0.0534519 0.136098 9.9991E-05 0.0271889 0.179497 0.287744 0.286449 0.0294708
9.9964E-05 9.9964E-05 0.295436 0.405002 0.241463 9.9964E-05 9.9964E-05 0.0576998
0.00928182 0.0630611 0.0315774 0.202972 0.161277 0.354493 0.138583 0.0387551
9.9964E-05 0.136342 9.9964E-05 0.545125 0.148434 9.9964E-05 0.169699 9.9964E-05
0.0205016 0.0743785 0.0811165 0.177339 0.245731 0.195569 0.148609 0.0567561
0.0713434 0.0462413 9.9991E-05 0.285135 0.321799 0.22775 0.0102027 0.0374294
9.994E-05 9.994E-05 9.994E-05 9.994E-05 9.994E-05 9.994E-05 9.994E-05 0.9993
0.0342968 9.9982E-05 0.0403137 0.0316715 9.9982E-05 0.366439 0.1706 0.356479
0.0719702 9.9955E-05 9.9955E-05 0.452343 9.9955E-05 9.9955E-05 0.475187 9.9955E-05
0.0223309 0.0286783 0.526355 0.0522337 0.198192 9.9991E-05 0.11478 0.0573298
9.99641E-05 0.00454596 9.99641E-05 0.442153 0.449721 9.99641E-05 9.99641E-05 0.10318
9.9982E-05 9.9982E-05 0.173794 0.224876 0.171212 0.208585 0.214173 0.00716124
0.171277 9.9973E-05 0.222241 9.9973E-05 9.9973E-05 0.374083 0.187836 0.0442634
9.994E-05 9.994E-05 9.994E-05 9.994E-05 9.994E-05 9.994E-05 0.9993 9.994E-05
9.9973E-05 0.121197 9.9973E-05 0.30115 0.163234 0.340579 9.9973E-05 0.0735411
0.0209895 0.0257331 0.731495 0.112476 0.0456341 0.00932088 0.054251 9.9991E-05
0.0927248 0.0471414 0.168209 9.9982E-05 9.9982E-05 0.281675 0.381936 0.0281139
0.0952433 0.0525006 0.101049 0.179891 9.9991E-05 0.380154 0.0864948 0.104568
0.12235 9.9991E-05 0.431892 0.0810187 0.100361 0.023868 0.237232 0.00317738
9.9973E-05 9.9973E-05 0.138225 0.670501 0.00843558 9.9973E-05 0.0844077 0.0981313
0.16795 9.9973E-05 0.226158 0.287889 9.9973E-05 0.226535 0.0911685 9.9973E-05
0.049178 9.9991E-05 0.118712 0.13523 0.0948266 0.481362 0.0765046 0.0440866
0.111882 0.0338146 0.256673 9.9982E-05 0.24577 0.135201 0.216458 9.9982E-05
0.9993 9.994E-05 9.994E-05 9.994E-05 9.994E-05 9.994E-05 9.994E-05 9.994E-05
0.0415976 0.0266831 0.376793 0.0980553 0.304564 9.9982E-05 0.152107 9.9982E-05
0.0303181 0.0858629 9.9964E-05 9.9964E-05 9.9964E-05 0.871504 9.9964E-05 0.0119152
9.9973E-05 0.116011 0.0906937 9.9973E-05 0.40365 0.289125 9.9973E-05 0.10022
0.0670714 0.0134064 0.262713 0.161742 0.0783409 0.143472 0.211553 0.0617013
9.9973E-05 0.191914 0.194784 0.166815 9.9973E-05 0.325653 0.120534 9.9973E-05
9.9982E-05 0.050775 0.143429 0.0333127 9.9982E-05 0.540974 0.207115 0.024194
0.9993 9.994E-05 9.994E-05 9.994E-05 9.994E-05 9.994E-05 9.994E-05 9.994E-05
0.036963 9.9973E-05 0.283542 0.306076 9.9973E-05 0.268081 9.9973E-05 0.105038
0.174015 0.0368088 0.179717 9.9991E-05 0.0122497 0.402623 0.117352 0.0771351
9.9982E-05 0.0090312 0.0531143 0.411425 0.14819 0.173851 0.204188 9.9982E-05
9.9982E-05 0.137776 0.107609 9.9982E-05 0.344403 0.172628 0.222761 0.014622
