9.9982E-05 0.0920135 0.907786 9.9982E-05
0.112457 0.207164 0.205933 0.474447
0.0871367 0.223149 0.400467 0.289248
0.169256 0.263232 0.510563 0.0569496
0.0866462 0.31485 0.33788 0.260623
0.0660689 0.211195 0.100768 0.621968
0.094877 0.211993 0.453251 0.239879
0.0180291 0.171488 0.29538 0.515103
0.0453675 0.352205 0.187735 0.414692
0.198161 0.539102 0.262637 9.9991E-05
9.9991E-05 0.635631 0.162489 0.20178
0.237965 0.312785 9.9991E-05 0.449151
0.12563 0.312693 0.345173 0.216504
0.118078 0.111638 0.343695 0.426589
9.9982E-05 0.00671751 9.9982E-05 0.993083
0.22933 0.065992 0.152441 0.552237
0.0842455 0.0657042 0.0956395 0.754411
0.261487 0.13018 0.574255 0.0340783
0.0865558 0.157801 0.277169 0.478474
0.20213 0.0681655 0.40193 0.327774
9.9991E-05 0.200894 0.583666 0.21534
9.9991E-05 0.314163 0.295525 0.390212
0.060837 0.185575 0.37065 0.382938
0.313983 0.0989708 0.212134 0.374912
0.0387757 0.727836 0.0560435 0.177345
0.129403 0.133487 0.436513 0.300597
0.304232 0.270705 0.251247 0.173816
0.172124 0.246045 0.303699 0.278132
0.290269 0.280487 0.195051 0.234193
0.488035 9.9991E-05 0.202584 0.309281
0.126893 0.350577 0.0035559 0.518974
0.167774 0.792688 0.0393286 0.00020975
0.129184 9.9991E-05 0.447407 0.423309
0.093869 0.167923 0.230811 0.507397
0.0937992 0.315414 0.368497 0.22229
9.998E-05 9.998E-05 0.9997 9.998E-05
0.0338908 0.283137 0.38657 0.296401
0.0684812 0.440302 0.491117 9.9991E-05
0.147447 0.176977 0.138 0.537576
0.0854655 0.133999 0.392853 0.387682
0.114669 0.317569 0.10877 0.458992
0.133737 0.223616 0.490212 0.152435
0.021704 0.354354 0.434892 0.189051
0.216237 0.354656 0.263267 0.165841
0.211951 0.566743 0.221206 9.9991E-05
0.0649489 0.561118 0.0937649 0.280168
0.236046 0.181578 0.0990978 0.483278
0.22229 0.0917209 0.248976 0.437013
0.252315 0.257745 0.0896292 0.400311
0.183223 0.0941967 0.238461 0.484119
0.00385398 0.173624 0.469164 0.353358
0.131608 0.088455 0.375711 0.404226
0.155034 0.0408648 9.9991E-05 0.804001
0.103696 0.363733 0.282226 0.250346
0.310378 0.432436 9.9991E-05 0.257086
0.0763434 0.23132 0.347081 0.345255
0.172641 0.754106 9.9991E-05 0.0731532
0.241874 0.540414 0.217612 9.9991E-05
0.0569669 0.288725 0.101743 0.552565
9.9991E-05 0.606395 0.276511 0.116994
0.0623497 0.0375177 0.322345 0.577788
0.135336 0.13611 0.403059 0.325495
0.146123 9.9991E-05 0.217348 0.636429
0.820654 9.9982E-05 0.179146 9.9982E-05
9.9991E-05 0.237777 0.401194 0.360929
9.9991E-05 0.0151658 0.930742 0.0539922
0.0831279 0.197012 0.705322 0.0145381
0.129984 0.127753 0.182761 0.559502
0.117849 9.9991E-05 0.677157 0.204894
0.190799 0.179049 0.445176 0.184976
0.182703 0.657757 9.9991E-05 0.15944
0.136324 0.0400222 0.304002 0.519652
0.105531 0.121833 0.344055 0.428581
0.140955 0.181303 9.9991E-05 0.677642
0.11221 0.437718 0.147998 0.302075
9.9982E-05 0.403382 9.9982E-05 0.596418
0.219795 0.364266 0.0360037 0.379935
0.015983 0.173434 0.218787 0.591795
9.9991E-05 0.149996 0.218125 0.631779
0.206691 0.110824 0.264619 0.417866
0.166166 0.217612 0.342018 0.274204
0.0714603 0.276694 0.428734 0.223112
0.268992 0.342282 0.132678 0.256049
0.131032 0.129723 0.0859822 0.653263
0.140817 0.221097 0.37102 0.267066
9.9991E-05 0.541782 0.263229 0.194889
0.00103796 0.0293598 0.772554 0.197048
9.9991E-05 0.412912 0.0522089 0.534779
0.202949 0.0742016 0.438003 0.284846
9.9991E-05 0.458115 0.350652 0.191133
0.9997 9.998E-05 9.998E-05 9.998E-05
0.0623973 0.509706 0.178514 0.249383
9.9991E-05 0.212107 0.622955 0.164838
0.160871 9.9991E-05 0.113472 0.725558
0.0718542 0.164912 0.546408 0.216826
0.144311 0.12244 0.377656 0.355592
0.00743339 0.414355 0.298569 0.279643
0.128135 0.441884 0.133282 0.2967
0.598008 0.0652203 0.336671 9.9991E-05
0.444558 9.9991E-05 0.157696 0.397647
0.301983 0.213387 0.174782 0.309849
0.9997 9.998E-05 9.998E-05 9.998E-05
0.115756 0.226114 0.155508 0.502623
9.9982E-05 0.983642 0.0161585 9.9982E-05
9.9991E-05 0.267285 0.35287 0.379745
0.0533287 0.124486 0.0210731 0.801112
0.0431876 0.112859 0.269741 0.574212
9.9991E-05 0.29892 0.478144 0.222836
0.201932 0.263076 0.0108845 0.524107
0.0860823 0.163039 0.526638 0.224241
0.0164711 0.22733 0.473918 0.282281
0.265569 0.402311 0.267024 0.0650966
0.0990234 0.299261 0.157435 0.44428
0.472935 0.0368633 0.160384 0.329818
0.0306572 0.204486 0.456539 0.308318
0.9997 9.998E-05 9.998E-05 9.998E-05
0.102791 0.551392 0.132645 0.213172
0.0175294 0.156341 0.714169 0.111961
0.135446 0.393569 0.177436 0.29355
0.203797 0.491054 0.305049 9.9991E-05
0.130348 0.0978475 0.463589 0.308215
0.492307 0.0231188 0.342432 0.142142
0.386719 0.274781 0.172065 0.166435
9.9982E-05 0.208603 9.9982E-05 0.791197
0.357178 0.397788 0.0745714 0.170462
0.0456278 9.9982E-05 9.9982E-05 0.954172
0.0535776 0.419279 0.0737838 0.45336
0.234709 0.334761 0.327176 0.103354
9.9991E-05 0.385742 0.0726437 0.541514
0.276215 0.297506 0.297047 0.129232
0.0565984 0.0172707 0.850576 0.0755553
0.20558 0.051189 0.378614 0.364617
0.395503 0.118767 0.0512306 0.434499
0.11787 0.0677189 0.258968 0.555443
0.050519 0.244494 0.357227 0.34776
0.157349 0.449035 0.213071 0.180544
0.00147962 9.9982E-05 9.9982E-05 0.99832
0.0672224 9.9991E-05 0.0048405 0.927837
0.121222 0.309713 0.410051 0.159014
0.0918225 0.304116 0.363292 0.24077
0.0907283 0.426346 0.190402 0.292524
9.9982E-05 0.335817 9.9982E-05 0.663984
0.279655 0.331715 0.0882038 0.300426
0.140632 0.40898 0.364682 0.0857061
0.13323 0.135728 0.373121 0.357921
0.361354 0.062435 0.502908 0.0733034
0.0372815 0.209951 0.247517 0.50525
9.998E-05 9.998E-05 0.9997 9.998E-05
9.9991E-05 0.251697 0.741397 0.00680573
9.9991E-05 0.408854 0.361251 0.229795
0.0495521 0.437765 9.9991E-05 0.512583
9.9991E-05 0.375209 0.340697 0.283994
0.0946459 0.259763 0.384058 0.261533
0.165166 0.223593 0.165298 0.445944
0.0824997 0.182553 0.19756 0.537388
0.249749 0.0791177 0.259915 0.411219
0.138621 0.250947 0.340354 0.270077
0.0676637 0.234232 0.357785 0.34032
0.179715 9.9982E-05 0.820085 9.9982E-05
0.166166 0.0509123 0.272673 0.510249
9.9991E-05 0.236732 0.551715 0.211453
0.0199859 9.9982E-05 0.979814 9.9982E-05
9.9982E-05 9.9982E-05 0.558936 0.440864
0.109934 0.270187 0.219432 0.400446
0.146745 0.443765 0.193266 0.216224
0.0787863 0.182066 0.739048 9.9991E-05
9.9991E-05 0.210453 0.310809 0.478638
9.9991E-05 0.218655 0.17152 0.609725
9.9982E-05 9.9982E-05 0.0224607 0.977339
0.0579561 0.0122851 0.545148 0.384611
0.205803 0.247203 9.9991E-05 0.546894
0.119233 0.376367 0.16595 0.33845
0.181446 9.9991E-05 0.520326 0.298127
0.00349718 0.369818 9.9991E-05 0.626585
0.0233136 0.078989 0.337555 0.560142
0.14365 0.344757 9.9991E-05 0.511493
9.9991E-05 0.191514 0.265734 0.542651
0.0578605 0.444441 9.9991E-05 0.497599
0.00138006 0.995972 9.9991E-05 0.00254751
0.244223 0.487829 0.138102 0.129846
0.234462 0.0302119 9.9991E-05 0.735226
0.0855553 0.288911 0.471768 0.153766
0.0445195 0.164726 0.567444 0.22331
0.255889 0.146665 0.491993 0.105453
0.015685 0.128614 0.410761 0.444939
9.998E-05 0.9997 9.998E-05 9.998E-05
0.0804189 0.190025 0.517421 0.212135
0.164775 0.20553 0.252135 0.377561
9.9991E-05 0.00828566 0.481574 0.51004
0.204592 0.0788592 0.209537 0.507012
