0.0752015 0.0344704 0.0738699 0.0237248 0.152782 9.9991E-05 0.639851
0.13615 0.0250757 0.0309176 0.265731 0.0904426 0.204174 0.24751
9.99821E-05 0.402252 9.99821E-05 0.282732 0.0204033 0.171211 0.123203
9.99821E-05 9.99821E-05 0.215727 0.116713 0.371457 0.10956 0.186344
0.0908639 0.0384228 0.00177277 0.0316372 0.105316 9.99911E-05 0.731888
9.9964E-05 9.9964E-05 9.9964E-05 0.119614 0.324293 9.9964E-05 0.555693
0.208512 0.404614 0.0300807 0.0106354 0.00736245 9.99911E-05 0.338695
9.995E-05 9.995E-05 9.995E-05 9.995E-05 9.995E-05 9.995E-05 0.9994
0.105474 0.295077 0.277875 0.1808 9.99821E-05 0.140574 9.99821E-05
0.191021 0.454726 9.99732E-05 0.00234253 0.351611 9.99732E-05 9.99732E-05
0.295371 0.261179 9.9991E-05 0.139449 0.0123176 0.0869935 0.20459
0.083695 9.99731E-05 0.441844 9.99731E-05 0.182015 9.99731E-05 0.292146
9.99731E-05 9.99731E-05 0.123095 9.99731E-05 0.408281 0.298333 0.169991
0.14273 9.99731E-05 9.99731E-05 9.99731E-05 0.53033 0.0790764 0.247564
9.99641E-05 9.99641E-05 0.41687 9.99641E-05 9.99641E-05 0.323444 0.259287
9.99732E-05 9.99732E-05 0.13765 0.119029 9.99732E-05 0.240852 0.502169
9.99731E-05 9.99731E-05 0.428505 0.162849 9.99731E-05 0.25146 0.156887
0.249961 9.99821E-05 0.197789 0.186282 0.291552 0.0742162 9.99821E-05
9.99642E-05 0.606532 0.0675971 9.99642E-05 9.99642E-05 9.99642E-05 0.325471
9.99731E-05 9.99731E-05 0.227409 9.99731E-05 0.556087 0.176005 0.0401982
0.341131 9.99731E-05 9.99731E-05 0.168188 0.437422 0.052959 9.99731E-05
9.9982E-05 0.477398 0.189896 0.0609995 9.9982E-05 0.169586 0.101921
0.0742206 0.0382935 0.0758601 0.364846 0.294282 0.152398 9.9991E-05
0.0553824 9.99731E-05 9.99731E-05 0.594826 0.00508501 9.99731E-05 0.344406
0.340097 9.99731E-05 9.99731E-05 0.286768 9.99731E-05 0.18403 0.188805
0.0426735 9.9982E-05 0.286708 0.0417787 0.178442 9.9982E-05 0.450198
0.351987 0.358669 0.0500447 0.0208306 0.0565039 9.9991E-05 0.161866
0.00471055 0.202488 9.99821E-05 9.99821E-05 0.10484 0.179344 0.508418
9.99641E-05 0.247223 9.99641E-05 9.99641E-05 0.181212 0.571166 9.99641E-05
0.07958 0.087845 9.99821E-05 0.716656 0.0294215 9.99821E-05 0.0862972
0.51553 9.99641E-05 9.99641E-05 9.99641E-05 9.99641E-05 0.248138 0.235932
9.99732E-05 0.29349 9.99732E-05 9.99732E-05 0.43742 0.107993 0.160797
9.99552E-05 0.867674 9.99552E-05 9.99552E-05 0.131826 9.99552E-05 9.99552E-05
9.99642E-05 0.240884 9.99642E-05 9.99642E-05 0.144783 9.99642E-05 0.613933
0.136478 9.9982E-05 0.00558414 0.0839979 0.194531 9.9982E-05 0.579209
9.99553E-05 9.99553E-05 9.99553E-05 9.99553E-05 0.938087 9.99553E-05 0.0614128
0.328435 0.18457 9.99821E-05 0.105028 9.99821E-05 0.0456298 0.336137
9.99642E-05 0.597043 9.99642E-05 0.260087 9.99642E-05 0.142471 9.99642E-05
0.194764 0.00401842 0.059355 0.0896653 0.0221956 0.124556 0.505446
9.999E-05 0.0277969 0.18857 0.0373596 0.172508 0.165542 0.408124
0.251106 0.102029 0.231827 0.266412 0.0882471 9.9991E-05 0.0602784
0.342393 0.128233 0.320142 0.040051 0.168981 9.99821E-05 9.99821E-05
9.9982E-05 0.161933 0.002591 0.0301815 0.507651 9.9982E-05 0.297443
0.0610723 9.9991E-05 0.183573 0.000891867 0.196604 0.175195 0.382564
0.0453476 0.240406 0.0557423 9.9991E-05 0.253676 0.15467 0.250058
9.99821E-05 9.99821E-05 0.304471 0.0214816 0.13423 0.0811276 0.45849
9.99641E-05 9.99641E-05 0.345616 0.0455159 0.608468 9.99641E-05 9.99641E-05
0.350304 0.28042 0.1292 9.9982E-05 0.175579 9.9982E-05 0.0642973
9.99821E-05 0.195243 0.485084 9.99821E-05 0.206791 0.0893261 0.0233565
9.99551E-05 9.99551E-05 9.99551E-05 9.99551E-05 0.391334 9.99551E-05 0.608166
9.9982E-05 9.9982E-05 0.179468 0.0734707 0.0931285 0.0111787 0.642555
0.0363574 0.127257 9.99821E-05 0.173397 0.363776 0.299012 9.99821E-05
9.99731E-05 0.372908 0.339229 0.103771 9.99731E-05 9.99731E-05 0.183792
9.99642E-05 9.99642E-05 9.99642E-05 0.182591 9.99642E-05 0.32929 0.487719
0.269381 0.0286814 9.99732E-05 9.99732E-05 0.240093 0.461545 9.99732E-05
0.304719 0.280719 0.124177 9.99821E-05 9.99821E-05 0.145899 0.144287
0.209171 9.9991E-05 0.0260531 0.208027 0.0585996 0.0779257 0.420124
0.207776 0.0772367 0.00420855 9.99911E-05 0.566113 0.137301 0.00726434
0.342074 9.9982E-05 0.133946 9.9982E-05 0.12691 0.218401 0.178469
0.204159 9.99641E-05 9.99641E-05 9.99641E-05 0.692496 9.99641E-05 0.102945
9.99731E-05 9.99731E-05 9.99731E-05 0.102655 0.142882 0.306339 0.447824
0.47185 9.9973E-05 0.226798 0.0894176 0.211634 9.9973E-05 9.9973E-05
0.0497671 0.652878 0.169089 9.9991E-05 0.0791365 0.0487897 0.000239925
9.99641E-05 9.99641E-05 9.99641E-05 0.510869 0.17084 9.99641E-05 0.317892
9.99731E-05 0.152929 0.0197282 9.99731E-05 0.300037 9.99731E-05 0.527006
0.134518 0.308511 0.162639 0.196892 0.052747 0.0368201 0.107873
9.9973E-05 9.9973E-05 0.0830662 0.102078 0.601494 9.9973E-05 0.213062
0.318994 0.00177294 0.199889 9.99821E-05 9.99821E-05 0.150338 0.328806
0.202886 0.196367 0.089429 9.99821E-05 9.99821E-05 0.0107496 0.500369
9.99732E-05 0.235979 9.99732E-05 9.99732E-05 0.507099 0.0854019 0.17122
0.247994 0.0695917 0.0199968 0.0428948 0.219163 0.0305676 0.369793
0.277168 0.0255761 0.527745 0.0343019 0.00699522 9.9991E-05 0.128113
0.23293 0.306427 9.99733E-05 9.99733E-05 0.178512 9.99733E-05 0.28183
0.137971 0.217281 0.0724126 9.99732E-05 9.99732E-05 9.99732E-05 0.572035
9.99732E-05 9.99732E-05 9.99732E-05 0.139542 0.090887 0.0622335 0.707038
0.310672 9.9982E-05 0.232368 9.9982E-05 0.12022 0.20498 0.131559
9.99732E-05 9.99732E-05 0.766149 0.0682817 9.99732E-05 0.0705485 0.0947209
0.552091 0.131253 9.99821E-05 0.105765 9.99821E-05 0.00246425 0.208227
0.113229 9.9982E-05 9.9982E-05 0.0624241 0.0986742 0.474095 0.251378
9.99642E-05 9.99642E-05 9.99642E-05 9.99642E-05 0.241989 0.40373 0.353881
0.121755 0.218517 9.99821E-05 9.99821E-05 0.138367 0.0265432 0.494618
9.99821E-05 0.216505 0.27627 0.0729479 0.246067 0.188011 9.99821E-05
0.0302335 0.100217 9.99911E-05 0.0241755 0.644869 0.185735 0.0146707
9.9982E-05 0.149222 0.118822 0.339009 9.9982E-05 0.332252 0.0604945
0.373366 0.0176246 0.115088 0.0416695 0.2481 9.9991E-05 0.204052
0.118611 0.0994656 0.106176 9.9982E-05 0.429431 9.9982E-05 0.246117
9.99642E-05 0.37749 9.99642E-05 0.010435 0.611675 9.99642E-05 9.99642E-05
0.0470307 9.99821E-05 0.051103 0.563102 0.0460256 9.99821E-05 0.292539
9.99911E-05 0.188784 0.0983486 0.342192 0.112513 0.244414 0.0136479
9.99641E-05 0.841821 9.99641E-05 9.99641E-05 9.99641E-05 0.100111 0.0576685
9.99552E-05 9.99552E-05 0.544946 0.454554 9.99552E-05 9.99552E-05 9.99552E-05
9.99554E-05 9.99554E-05 0.188699 9.99554E-05 0.810801 9.99554E-05 9.99554E-05
0.0481315 0.594036 0.221201 0.0150025 0.121429 9.99821E-05 9.99821E-05
9.99821E-05 0.111235 0.0122289 0.200733 0.507419 0.168185 9.99821E-05
0.0860402 0.432303 0.260946 9.9973E-05 0.220411 9.9973E-05 9.9973E-05
9.9991E-05 0.0367297 0.121957 0.069636 0.525494 0.0393102 0.206773
9.99641E-05 0.237189 9.99641E-05 0.172598 0.589813 9.99641E-05 9.99641E-05
0.0416375 0.0419167 0.43716 9.9982E-05 0.383792 0.0952933 9.9982E-05
9.99641E-05 9.99641E-05 9.99641E-05 0.346529 0.394747 9.99641E-05 0.258325
0.00115716 0.0670965 0.278898 0.407491 0.235577 9.9991E-05 0.00968019
0.41825 0.202754 9.99731E-05 0.150086 9.99731E-05 9.99731E-05 0.22861
9.99552E-05 9.99552E-05 9.99552E-05 0.97319 9.99552E-05 9.99552E-05 0.0263107
0.12612 0.584831 0.00369458 0.231412 9.99821E-05 0.0537426 9.99821E-05
9.99731E-05 0.0490156 9.99731E-05 0.301838 0.00626223 0.642585 9.99731E-05
9.99731E-05 0.207684 9.99731E-05 9.99731E-05 0.273293 0.0833978 0.435325
0.0975254 9.9991E-05 0.345762 0.0513347 0.134285 0.00206554 0.368928
9.99731E-05 0.239289 9.99731E-05 9.99731E-05 0.249176 0.0675842 0.443651
9.99642E-05 0.359996 9.99642E-05 9.99642E-05 0.00240995 9.99642E-05 0.637195
0.0248594 0.0596806 0.0976774 9.99821E-05 9.99821E-05 0.0897872 0.727795
9.99821E-05 0.256983 9.99821E-05 0.118277 0.00797321 0.434516 0.182051
9.99643E-05 0.386405 9.99643E-05 0.202502 9.99643E-05 9.99643E-05 0.410693
0.206966 9.99643E-05 9.99643E-05 9.99643E-05 0.157458 9.99643E-05 0.635176
9.99732E-05 9.99732E-05 9.99732E-05 0.293368 0.630874 0.0645621 0.010896
9.99732E-05 0.00478629 9.99732E-05 0.0727935 9.99732E-05 0.193801 0.728319
9.99551E-05 0.0556416 9.99551E-05 0.943859 9.99551E-05 9.99551E-05 9.99551E-05
0.0811689 9.99821E-05 0.261694 9.99821E-05 0.0707313 0.51124 0.0749658
9.99641E-05 9.99641E-05 0.303134 9.99641E-05 0.486491 9.99641E-05 0.209975
9.99552E-05 0.574394 9.99552E-05 9.99552E-05 9.99552E-05 9.99552E-05 0.425107
0.0962741 0.331135 0.0687742 0.0498127 9.9991E-05 0.17708 0.276824
9.99731E-05 9.99731E-05 9.99731E-05 0.20168 0.189107 0.270469 0.338444
9.99731E-05 0.109559 0.297581 0.370076 9.99731E-05 9.99731E-05 0.222483
0.0407954 9.99821E-05 9.99821E-05 0.305599 0.599528 0.00796221 0.0459147
9.9964E-05 9.9964E-05 9.9964E-05 9.9964E-05 0.223583 0.271777 0.50424
0.0900658 0.091254 9.99821E-05 9.99821E-05 0.511112 0.130016 0.177352
0.0422085 0.0529185 0.324196 0.0390646 0.214737 0.221865 0.105011
0.319515 0.151048 9.99731E-05 9.99731E-05 0.0799041 9.99731E-05 0.449233
9.99642E-05 0.107367 0.610632 9.99642E-05 0.281601 9.99642E-05 9.99642E-05
0.127061 0.119497 0.127979 9.9982E-05 9.9982E-05 0.419489 0.205774
9.99643E-05 9.99643E-05 9.99643E-05 0.266144 0.439175 0.294282 9.99643E-05
9.99731E-05 0.270074 9.99731E-05 0.12704 0.54916 0.0534254 9.99731E-05
0.334632 0.198369 0.466599 9.99642E-05 9.99642E-05 9.99642E-05 9.99642E-05
0.0307315 0.0508905 9.9973E-05 9.9973E-05 0.429534 9.9973E-05 0.488544
0.12369 0.473498 0.104123 9.99821E-05 9.99821E-05 0.0716684 0.226821
0.20465 0.22151 9.9982E-05 9.9982E-05 0.0380948 0.530206 0.00533923
0.346412 0.189119 0.0229684 0.0435074 0.316462 0.0814312 9.9991E-05
9.99731E-05 9.99731E-05 0.0299904 9.99731E-05 0.41784 0.283325 0.268546
0.00428721 0.0246128 0.0668569 9.99821E-05 9.99821E-05 0.525693 0.37835
9.99732E-05 0.174124 9.99732E-05 9.99732E-05 0.0888003 0.0917631 0.645013
0.41728 9.99821E-05 0.199654 9.99821E-05 0.0401694 0.258767 0.0839298
9.99642E-05 9.99642E-05 0.162719 9.99642E-05 9.99642E-05 0.0133617 0.823519
0.17245 0.11739 9.99821E-05 0.118632 9.99821E-05 0.361667 0.229661
0.0286777 0.296838 9.99821E-05 0.240772 0.369488 0.0640241 9.99821E-05
0.1746 0.270967 0.014844 9.99821E-05 0.418957 0.120432 9.99821E-05
9.9991E-05 0.436858 0.382575 0.117578 0.0225638 0.0322336 0.00809136
0.134583 9.99821E-05 0.107297 0.260219 0.270189 9.99821E-05 0.227513
9.9973E-05 0.112614 9.9973E-05 9.9973E-05 0.119718 0.277436 0.489932
0.963771 9.99551E-05 9.99551E-05 9.99551E-05 9.99551E-05 9.99551E-05 0.0357293
9.99731E-05 0.0714302 9.99731E-05 0.0721391 0.618055 9.99731E-05 0.238076
0.0948891 9.99821E-05 9.99821E-05 0.107165 0.494063 0.0694939 0.234188
0.579876 9.99642E-05 9.99642E-05 9.99642E-05 0.0364565 0.383268 9.99642E-05
0.205353 0.0876732 9.99821E-05 0.092273 9.99821E-05 0.495343 0.119158
0.0205499 0.331144 0.330272 9.9982E-05 0.131002 9.9982E-05 0.186833
9.99731E-05 0.177161 9.99731E-05 9.99731E-05 0.30591 0.17885 0.33778
0.108846 0.0833741 9.99911E-05 0.0595838 0.302877 0.0147611 0.430458
0.381067 9.99642E-05 9.99642E-05 0.504341 9.99642E-05 9.99642E-05 0.114192
9.99732E-05 0.163774 0.0482291 9.99732E-05 0.570194 0.217504 9.99732E-05
9.99732E-05 0.065554 9.99732E-05 0.00644016 0.681321 0.246385 9.99732E-05
0.118769 0.0871509 0.296669 9.99911E-05 0.314884 0.0543855 0.128041
9.99642E-05 0.0203128 9.99642E-05 9.99642E-05 9.99642E-05 0.0447135 0.934574
0.0335703 0.497315 9.99821E-05 0.162807 9.99821E-05 0.0927144 0.213393
0.9994 9.995E-05 9.995E-05 9.995E-05 9.995E-05 9.995E-05 9.995E-05
0.183803 0.232416 0.0787742 9.99731E-05 9.99731E-05 9.99731E-05 0.504707
0.00961977 0.195076 9.99731E-05 9.99731E-05 0.216215 9.99731E-05 0.578789
0.213839 0.265547 0.271005 9.99821E-05 9.99821E-05 0.103934 0.145475
0.153914 0.192657 0.431209 9.99911E-05 0.0906447 0.0141387 0.117337
0.0634289 0.00512359 0.240774 0.207499 0.193631 9.9991E-05 0.289444
9.99731E-05 0.265257 0.00742155 9.99731E-05 9.99731E-05 0.276505 0.450517
9.99553E-05 9.99553E-05 9.99553E-05 9.99553E-05 9.99553E-05 0.984981 0.0145189
9.99643E-05 0.214201 9.99643E-05 9.99643E-05 0.759978 0.0254211 9.99643E-05
0.192418 0.0545262 9.9991E-05 0.109385 0.467242 0.0627353 0.113594
0.0243282 9.99821E-05 0.147187 0.0652932 9.99821E-05 0.221268 0.541724
0.0372491 0.102192 9.99731E-05 9.99731E-05 9.99731E-05 0.235875 0.624383
0.127326 0.0581738 0.0523955 9.99821E-05 0.229295 0.532609 9.99821E-05
9.99731E-05 9.99731E-05 0.24852 0.107694 0.392894 9.99731E-05 0.250592
9.99642E-05 0.0436884 0.246474 9.99642E-05 9.99642E-05 9.99642E-05 0.709438
9.99553E-05 9.99553E-05 9.99553E-05 9.99553E-05 9.99553E-05 0.239028 0.760472
0.119457 0.0681661 0.194903 0.276034 0.0793062 0.0489837 0.21315
0.0949758 9.99642E-05 9.99642E-05 0.293556 9.99642E-05 0.611068 9.99642E-05
0.2622 0.0446766 0.127747 9.9991E-05 0.435332 0.0273702 0.102574
9.99731E-05 0.593002 0.248835 9.99731E-05 0.142391 9.99731E-05 0.0154722
0.234928 9.99642E-05 0.198415 9.99642E-05 0.566257 9.99642E-05 9.99642E-05
0.332335 0.0672339 9.9991E-05 0.0128358 0.270161 0.193862 0.123473
0.149126 0.118924 0.0369582 0.0596859 0.18308 9.9991E-05 0.452125
9.99821E-05 0.0759204 9.99821E-05 0.0398253 0.223432 0.0959169 0.564706
9.9955E-05 9.9955E-05 9.9955E-05 0.22735 9.9955E-05 0.77215 9.9955E-05
0.0518795 0.00852799 0.265304 9.99911E-05 0.063584 0.0392166 0.571388
9.99731E-05 0.211848 9.99731E-05 9.99731E-05 0.441397 0.0453734 0.301082
0.0389041 9.99821E-05 9.99821E-05 0.306078 0.0391981 0.115976 0.499644
0.147878 9.9982E-05 9.9982E-05 0.248264 0.346203 0.152638 0.104818
