9.9991E-05 0.0849343 0.242964 0.46443 0.207572
0.362038 0.0571566 0.131548 0.170228 0.279029
0.0853503 0.431971 0.272422 0.210157 9.99911E-05
0.49339 9.9991E-05 0.267455 0.0472472 0.191807
9.99821E-05 9.99821E-05 0.322021 0.289024 0.388755
0.664736 9.9982E-05 0.153216 0.181847 9.9982E-05
0.0266299 9.9991E-05 0.131198 0.521966 0.320105
0.0598109 9.9991E-05 0.181732 0.693623 0.0647343
0.249188 0.215334 0.122292 0.0229285 0.390258
0.17407 0.729128 0.0466243 9.9991E-05 0.0500782
0.316876 0.435933 0.102733 0.0871385 0.0573188
9.99821E-05 9.99821E-05 0.0359761 0.24918 0.714644
0.461933 9.9991E-05 0.12544 0.304842 0.107685
0.24132 9.9991E-05 0.295244 0.00939394 0.453942
0.242047 0.0764223 9.99911E-05 0.249043 0.432388
9.99821E-05 9.99821E-05 0.490712 0.165209 0.343879
0.55127 0.03254 0.0989924 9.9991E-05 0.317098
0.303993 0.264655 0.129303 9.9991E-05 0.301949
0.151438 0.0998376 9.9991E-05 0.519415 0.229209
0.647898 9.9991E-05 0.0173736 0.271548 0.0630808
0.427558 0.572142 9.99732E-05 9.99732E-05 9.99732E-05
9.999E-05 0.427227 0.125144 0.368557 0.0789722
0.643093 9.99821E-05 0.168089 9.99821E-05 0.188618
0.251125 9.99821E-05 0.716949 9.99821E-05 0.0317263
0.261752 0.294286 0.370011 0.0738507 9.9991E-05
0.0866276 0.0495636 0.391124 0.286166 0.18652
9.9991E-05 0.383982 0.152278 0.0171776 0.446463
0.484281 0.196649 9.99911E-05 0.23196 0.0870109
0.494755 9.99731E-05 9.99731E-05 0.504945 9.99731E-05
9.99732E-05 0.0183217 0.981378 9.99732E-05 9.99732E-05
0.405 0.0686143 9.99911E-05 0.216803 0.309483
9.9991E-05 0.285957 0.100308 0.309102 0.304533
0.136259 0.863441 9.99731E-05 9.99731E-05 9.99731E-05
0.12738 0.124258 0.229734 0.357883 0.160746
0.0133516 9.9991E-05 0.519528 0.264709 0.202312
0.388484 0.142493 0.229613 0.0509004 0.18851
0.221578 0.118821 9.9991E-05 0.407791 0.251709
0.536319 0.368553 0.094928 9.99821E-05 9.99821E-05
0.261903 9.9991E-05 0.217606 0.185119 0.335272
0.622986 9.99821E-05 0.11908 9.99821E-05 0.257733
9.99821E-05 0.429728 0.283183 9.99821E-05 0.286889
9.99821E-05 0.521532 0.128542 9.99821E-05 0.349726
0.281392 0.165126 0.243195 0.177345 0.132942
0.604194 9.99821E-05 0.0166715 9.99821E-05 0.378935
0.330225 0.0109661 0.215936 0.154931 0.287942
0.114344 9.9991E-05 0.147507 0.281722 0.456327
9.9991E-05 0.445816 0.103022 0.195305 0.255758
0.1028 0.459879 9.9982E-05 9.9982E-05 0.437122
9.99732E-05 0.285532 9.99732E-05 0.714168 9.99732E-05
0.0312048 9.9991E-05 0.301878 0.493351 0.173466
0.221404 9.9982E-05 0.373495 0.404901 9.9982E-05
0.694936 0.0749276 9.99821E-05 9.99821E-05 0.229937
9.9991E-05 0.35684 0.36747 0.0987439 0.176846
0.0109273 9.99821E-05 0.32709 0.661782 9.99821E-05
0.419995 9.99911E-05 0.0556501 0.0155973 0.508658
9.99821E-05 0.294337 9.99821E-05 0.321034 0.384429
0.306637 9.99821E-05 0.549986 9.99821E-05 0.143177
0.179331 0.066861 9.99911E-05 0.193715 0.559993
0.160549 9.9991E-05 0.0114695 0.182159 0.645722
0.618624 0.145742 0.0149051 9.9991E-05 0.220629
0.453653 0.00486678 0.019026 0.472337 0.050117
9.9982E-05 0.191259 0.0868255 9.9982E-05 0.721715
9.9982E-05 0.440895 9.9982E-05 0.0245147 0.53439
0.139426 9.99821E-05 0.777019 0.0833557 9.99821E-05
9.99821E-05 0.295917 0.123915 0.579968 9.99821E-05
0.0471361 0.288464 0.125833 0.248826 0.289741
0.46871 9.9982E-05 0.324651 9.9982E-05 0.206438
9.99821E-05 9.99821E-05 0.0327583 0.257365 0.709677
9.99821E-05 0.0852672 9.99821E-05 0.732018 0.182515
0.148954 0.59532 0.158338 0.0972874 9.9991E-05
0.340775 0.141377 0.0131153 9.9991E-05 0.504633
9.9991E-05 0.270707 0.231242 0.0104319 0.487519
0.31382 9.99822E-05 9.99822E-05 0.26132 0.42466
9.99911E-05 0.16594 0.167637 0.379549 0.286775
0.0154929 9.99911E-05 0.382348 0.594151 0.00790844
9.99821E-05 9.99821E-05 0.131392 0.264228 0.604181
9.99911E-05 0.0459348 0.146721 0.487488 0.319756
0.379294 0.270402 0.00437315 0.0215361 0.324394
0.458732 9.9991E-05 0.0238643 0.487309 0.029995
0.413914 9.99821E-05 9.99821E-05 0.431773 0.154113
0.0857765 0.0122234 0.190623 0.373364 0.338013
0.037057 0.310258 0.235131 0.386178 0.0313763
0.439978 0.508105 9.99821E-05 0.0517169 9.99821E-05
0.0234972 0.126963 0.329165 0.520275 9.9991E-05
0.12171 0.213007 0.219485 0.164348 0.28145
0.391143 0.287347 0.0294625 9.9991E-05 0.291947
0.653498 0.104965 0.0565957 9.99911E-05 0.184841
0.0837449 9.99821E-05 0.68064 9.99821E-05 0.235415
0.117962 0.395548 0.184791 0.301599 9.99911E-05
0.0443564 0.465106 0.0502188 0.440218 9.9991E-05
9.997E-05 9.997E-05 0.9996 9.997E-05 9.997E-05
0.359436 0.187695 0.376349 0.0697482 0.00677232
9.99821E-05 0.587708 0.208166 9.99821E-05 0.203926
0.648558 0.0326065 0.166071 9.9991E-05 0.152664
9.9991E-05 0.295222 0.155381 0.00336404 0.545933
0.45136 9.99821E-05 0.0796318 9.99821E-05 0.468808
0.267132 0.564832 0.167836 9.99821E-05 9.99821E-05
9.99821E-05 0.34896 9.99821E-05 0.14382 0.50702
0.164598 0.0262175 0.698469 0.110616 9.9991E-05
0.26372 0.147854 0.484696 9.9991E-05 0.103629
0.139039 0.4707 0.13359 9.99911E-05 0.256571
9.997E-05 9.997E-05 0.9996 9.997E-05 9.997E-05
0.319238 0.676742 9.99821E-05 9.99821E-05 0.00381996
0.958881 0.0408192 9.99732E-05 9.99732E-05 9.99732E-05
0.398923 9.9991E-05 0.0923414 0.448086 0.0605494
9.9991E-05 0.164759 0.305686 0.217342 0.312114
9.9991E-05 0.276339 0.138209 0.572731 0.0126215
0.254089 0.377875 9.99821E-05 0.367836 9.99821E-05
9.99732E-05 9.99732E-05 9.99732E-05 0.945473 0.0542267
0.313193 0.176003 0.239936 0.270767 9.99911E-05
9.99821E-05 0.122942 0.630309 9.99821E-05 0.246548
0.0693456 9.9991E-05 0.240812 0.640929 0.0488138
0.234332 9.99732E-05 0.765368 9.99732E-05 9.99732E-05
9.99821E-05 0.0474071 0.155016 0.797377 9.99821E-05
9.99732E-05 0.00861513 0.991085 9.99732E-05 9.99732E-05
0.329684 0.203229 9.99911E-05 0.111176 0.355811
0.306237 9.9991E-05 0.16476 0.12159 0.407312
9.9991E-05 0.225965 0.191884 0.468623 0.113428
9.9991E-05 0.0892717 0.334073 0.511718 0.0648378
0.666717 9.9991E-05 0.138294 0.130442 0.0644472
9.99821E-05 0.187062 0.608664 9.99821E-05 0.204074
0.572007 9.99821E-05 0.373421 9.99821E-05 0.0543723
0.205484 9.99821E-05 0.329896 0.46442 9.99821E-05
0.0434087 0.513307 0.0483141 0.247698 0.147272
0.537757 0.0737466 0.248964 0.139432 9.99911E-05
0.0937194 0.389786 9.9991E-05 0.211724 0.304671
9.99821E-05 0.40362 0.332776 9.99821E-05 0.263404
0.320551 9.9991E-05 0.0859387 0.204885 0.388525
0.816706 0.0196597 0.163434 9.99822E-05 9.99822E-05
0.354518 0.239907 0.138893 0.159616 0.107067
0.17673 0.374524 9.99821E-05 9.99821E-05 0.448546
0.304893 0.145766 0.285808 9.9991E-05 0.263433
0.145316 0.308325 9.9991E-05 0.160461 0.385798
0.647269 0.13194 9.9991E-05 0.0573754 0.163315
0.361231 0.372087 9.99821E-05 9.99821E-05 0.266482
0.0366353 0.0584926 0.196067 0.661862 0.0469426
9.99821E-05 0.101622 0.0221152 0.876063 9.99821E-05
0.0672379 0.126255 0.105089 0.701317 9.99911E-05
0.209502 0.0434286 9.99911E-05 0.336892 0.410078
0.320542 9.99821E-05 0.0775586 0.6017 9.99821E-05
0.593622 9.99911E-05 0.113198 0.193839 0.0992408
0.576012 0.182304 0.118335 9.99911E-05 0.123249
0.156437 0.459606 0.0482065 0.157257 0.178494
9.99732E-05 0.797582 9.99732E-05 0.202118 9.99732E-05
0.252282 9.99732E-05 0.747418 9.99732E-05 9.99732E-05
0.33335 9.9982E-05 0.130709 0.535741 9.9982E-05
9.997E-05 9.997E-05 9.997E-05 9.997E-05 0.9996
0.6157 9.99821E-05 0.296006 0.0880934 9.99821E-05
0.358573 9.99911E-05 0.479683 0.10066 0.0609843
0.184645 0.0182998 9.99822E-05 9.99822E-05 0.796855
0.271083 0.0702712 0.173172 0.440844 0.0446301
9.99821E-05 0.152263 9.99821E-05 0.0673353 0.780202
0.0824069 0.283949 9.9991E-05 0.595488 0.0380563
0.292605 0.0559916 0.0282757 0.309659 0.313468
0.130172 0.00929424 0.444049 9.99911E-05 0.416385
0.615954 0.0999002 9.99821E-05 9.99821E-05 0.283946
0.857318 0.0564995 0.0859828 9.99821E-05 9.99821E-05
9.99911E-05 0.43579 0.0737676 0.411353 0.0789895
9.99732E-05 9.99732E-05 0.037818 0.961882 9.99732E-05
0.354989 0.186185 0.249271 0.209455 9.9991E-05
9.997E-05 9.997E-05 9.997E-05 9.997E-05 0.9996
9.9991E-05 0.124219 0.14528 0.310699 0.419702
0.154374 0.0111581 0.226026 0.437172 0.171269
9.99821E-05 0.443146 9.99821E-05 0.0292756 0.527378
9.99822E-05 0.101369 9.99822E-05 0.225842 0.672589
0.163678 0.147271 0.262502 0.0967248 0.329824
9.99821E-05 0.420534 0.127936 0.45133 9.99821E-05
0.0817106 9.99732E-05 9.99732E-05 0.917989 9.99732E-05
0.530501 9.99733E-05 9.99733E-05 9.99733E-05 0.469199
0.53708 0.0675869 0.214662 9.99957E-05 0.180572
0.270518 9.99821E-05 0.0221344 0.707147 9.99821E-05
0.102923 0.0256583 9.9991E-05 0.719603 0.151716
0.455728 9.99821E-05 9.99821E-05 0.138783 0.405289
0.153178 0.194706 0.396894 0.0359271 0.219294
9.9982E-05 9.9982E-05 0.283588 0.424848 0.291364
9.99911E-05 0.0437912 0.00362347 0.901351 0.0511348
9.99911E-05 0.22847 0.376502 0.259584 0.135344
0.880607 0.119094 9.99733E-05 9.99733E-05 9.99733E-05
0.497898 0.212677 0.214457 0.0748679 9.99911E-05
0.258459 0.43337 9.99821E-05 9.99821E-05 0.307971
0.0818298 0.50327 9.99821E-05 9.99821E-05 0.4147
0.148863 0.478632 9.99911E-05 0.108032 0.264373
9.9991E-05 0.20299 0.255913 0.106367 0.43463
0.065085 9.99911E-05 0.1243 0.465063 0.345451
0.995058 0.00464217 9.99732E-05 9.99732E-05 9.99732E-05
0.136925 0.0275312 9.99911E-05 0.201967 0.633477
0.40081 9.99821E-05 9.99821E-05 0.422256 0.176735
0.59703 9.9991E-05 0.179224 0.159178 0.0644682
0.6211 0.0413298 0.33737 9.99821E-05 9.99821E-05
