0.143602 0.616148 0.240151 9.9991E-05
0.328129 0.232709 0.367078 0.0720845
0.108104 0.688718 0.00340776 0.199769
0.123141 0.548788 0.194309 0.133761
0.307822 0.283399 0.408679 9.9991E-05
9.9991E-05 0.488796 0.103804 0.4073
0.23477 0.531227 0.0134754 0.220527
9.99821E-05 0.953254 0.0465458 9.99821E-05
0.500401 9.99911E-05 0.125031 0.374468
0.41895 0.035004 0.0455142 0.500532
0.302321 0.0176186 0.358979 0.321081
0.711048 0.1126 0.176252 9.99911E-05
0.103672 0.644615 0.247943 0.00377017
0.186042 0.424723 0.305427 0.0838085
0.705493 0.185194 9.99911E-05 0.109213
0.198783 0.411348 0.389769 9.99911E-05
0.514574 0.200148 0.237669 0.0476088
0.372567 0.0646067 0.0227025 0.540124
0.466073 0.533727 9.99821E-05 9.99821E-05
0.164935 0.641803 0.128573 0.0646884
9.99821E-05 9.99821E-05 0.305135 0.694665
0.362537 0.254997 0.382366 9.9991E-05
0.125614 0.311712 0.209408 0.353266
0.149306 9.99911E-05 0.664615 0.185979
9.9991E-05 0.113092 0.513165 0.373642
0.170873 0.4518 0.346005 0.0313221
0.431391 9.9991E-05 0.479231 0.0892782
0.0336734 0.671029 9.99911E-05 0.295198
9.99821E-05 0.79512 9.99821E-05 0.20468
9.99821E-05 0.0428265 0.956974 9.99821E-05
0.0196504 0.253423 9.9991E-05 0.726827
0.460524 0.493409 0.0459667 9.99911E-05
0.0743682 0.0413949 0.159337 0.7249
0.123619 0.647158 0.229122 9.9991E-05
0.0143088 0.670879 0.231861 0.082952
0.232777 0.208213 0.123717 0.435293
0.246294 0.493512 9.99911E-05 0.260094
9.99911E-05 0.154917 0.226457 0.618527
0.160958 0.534724 0.137781 0.166537
0.221019 0.454056 0.147005 0.177919
0.391383 9.99911E-05 0.453067 0.15545
0.433845 9.99911E-05 0.282851 0.283204
0.0674086 0.469849 0.145912 0.31683
0.303003 0.28221 0.0716104 0.343177
0.27085 0.394842 0.269185 0.0651235
0.512537 0.48571 9.99911E-05 0.00165278
0.541205 0.21048 0.236948 0.0113674
0.639 0.0386044 9.9991E-05 0.322295
0.59413 0.322109 0.0836607 9.99911E-05
0.0196602 0.810026 0.170214 9.9991E-05
9.99821E-05 0.801966 0.197834 9.99821E-05
0.18488 9.9991E-05 0.0613357 0.753684
0.478457 0.179996 0.341447 9.9991E-05
9.99911E-05 0.848947 0.133044 0.0179098
0.458834 0.0985223 0.130928 0.311716
0.61362 0.155401 0.00936092 0.221618
0.0439877 0.281752 0.616987 0.0572733
0.390919 0.0691513 9.99911E-05 0.53983
0.40311 0.345542 9.9991E-05 0.251248
0.173738 0.376518 0.0937444 0.355999
0.0553104 0.749593 0.120137 0.0749599
0.644476 9.9991E-05 0.299113 0.0563105
0.70183 0.143986 0.0772659 0.0769187
9.99821E-05 0.0865603 0.91324 9.99821E-05
0.197222 0.693486 0.0462959 0.062997
0.537632 0.0636085 0.39866 9.99911E-05
9.9991E-05 0.439994 0.274697 0.28521
0.620314 0.379486 9.99821E-05 9.99821E-05
0.322748 0.677052 9.99821E-05 9.99821E-05
0.0299121 0.231986 0.576409 0.161693
0.539352 0.0913672 9.9991E-05 0.369181
0.716564 0.0028185 0.280518 9.9991E-05
0.130764 0.56056 9.99911E-05 0.308576
0.416946 0.54842 0.0345346 9.99911E-05
9.99822E-05 0.784567 0.215233 9.99822E-05
0.611602 0.388198 9.99821E-05 9.99821E-05
0.445368 0.345112 0.209421 9.99911E-05
0.374626 9.9991E-05 0.225372 0.399902
9.9991E-05 0.557943 0.188834 0.253122
0.283938 0.508551 0.0196694 0.187842
0.243601 0.756199 9.99821E-05 9.99821E-05
0.114008 0.637169 0.198967 0.0498561
9.99821E-05 0.324209 9.99821E-05 0.675591
0.130704 0.544578 0.324618 9.99911E-05
0.477938 0.146565 0.335525 0.0399733
0.373267 0.402089 0.124396 0.100247
0.103793 0.336531 0.166709 0.392967
0.0911965 9.99911E-05 0.859155 0.0495488
9.99911E-05 0.493314 0.238873 0.267713
0.138047 0.495294 0.25396 0.1127
9.998E-05 9.998E-05 0.9997 9.998E-05
0.037184 0.235006 0.431874 0.295936
0.828479 0.0176587 0.104265 0.0495971
9.9991E-05 0.0943608 0.24899 0.656549
0.819842 9.9982E-05 0.179958 9.9982E-05
0.27202 0.440599 0.0318327 0.255549
0.120623 0.0993504 0.370858 0.409169
0.70301 0.06074 9.9991E-05 0.23615
9.99821E-05 0.455227 0.544573 9.99821E-05
0.322722 0.00860417 0.490316 0.178358
0.097609 9.99821E-05 9.99821E-05 0.902191
9.998E-05 9.998E-05 0.9997 9.998E-05
0.0651596 9.99911E-05 0.286311 0.648429
9.99821E-05 0.0983123 9.99821E-05 0.901488
0.141034 0.858766 9.99821E-05 9.99821E-05
0.526205 0.237225 0.23647 9.9991E-05
0.238543 0.38802 0.0785839 0.294853
9.99821E-05 0.76951 9.99821E-05 0.23029
0.183821 0.714897 0.101182 9.99911E-05
9.99911E-05 0.424122 0.236295 0.339483
0.202475 0.29356 0.398078 0.105888
9.99821E-05 0.763858 0.235942 9.99821E-05
9.99821E-05 0.243733 0.756067 9.99821E-05
9.99821E-05 0.867813 0.131987 9.99821E-05
9.998E-05 9.998E-05 0.9997 9.998E-05
0.35847 0.243488 9.99911E-05 0.397942
0.263386 0.546472 0.190042 9.9991E-05
0.4339 0.454235 0.111765 9.99911E-05
0.310116 0.550079 0.139705 9.9991E-05
9.9991E-05 0.488958 0.21141 0.299532
0.39003 0.0240088 0.585861 9.9991E-05
9.9991E-05 0.189105 0.266406 0.544388
9.998E-05 0.9997 9.998E-05 9.998E-05
0.284167 0.222967 0.0648626 0.428003
0.0977223 0.392904 0.320106 0.189267
0.260419 0.258759 9.9991E-05 0.480723
0.699355 9.99821E-05 0.300445 9.99821E-05
0.145963 0.689119 0.0348436 0.130074
9.99911E-05 0.272172 0.227629 0.500099
0.18686 0.351518 0.186855 0.274766
0.514011 9.99821E-05 9.99821E-05 0.485789
0.0810609 0.255479 0.169266 0.494194
0.438372 0.243223 0.0550295 0.263376
0.184033 0.328999 9.9991E-05 0.486868
0.385202 9.9991E-05 0.160974 0.453725
9.99821E-05 0.824061 9.99821E-05 0.175739
9.998E-05 0.9997 9.998E-05 9.998E-05
9.99822E-05 0.952438 0.0473625 9.99822E-05
0.391318 0.0567819 9.99911E-05 0.5518
9.99821E-05 0.989405 9.99821E-05 0.0103946
9.99911E-05 0.551075 0.0744528 0.374372
9.99911E-05 0.124588 0.170776 0.704536
0.363223 0.293852 0.0332755 0.309649
0.590975 9.99911E-05 0.175967 0.232958
0.0385951 0.229759 0.710627 0.0210189
0.0708927 0.736797 0.19221 9.9991E-05
0.780805 9.9991E-05 0.0114911 0.207603
9.9991E-05 0.540504 0.284622 0.174774
9.9991E-05 0.295358 0.461338 0.243204
0.516572 9.99911E-05 0.0282868 0.455041
0.107181 0.506167 0.198818 0.187834
0.86775 0.0656289 0.0665211 9.99911E-05
0.0766841 0.735245 9.9991E-05 0.18797
0.218368 0.479667 9.99911E-05 0.301864
0.0391733 9.99911E-05 0.482096 0.478631
0.264829 0.28106 9.99911E-05 0.454012
9.99911E-05 0.379846 0.0501607 0.569893
0.544265 0.0952015 0.243215 0.117318
9.99821E-05 0.954651 0.0451487 9.99821E-05
9.9991E-05 0.411926 0.395657 0.192317
0.837011 9.99821E-05 9.99821E-05 0.162789
0.48106 0.430814 0.088026 9.9991E-05
9.9991E-05 0.739988 0.179085 0.0808276
0.776811 9.99911E-05 0.169248 0.0538412
0.9997 9.998E-05 9.998E-05 9.998E-05
0.253393 0.519574 0.111657 0.115376
0.187617 0.583495 0.0644851 0.164403
9.998E-05 0.9997 9.998E-05 9.998E-05
0.130882 0.311106 9.99911E-05 0.557912
0.21295 0.416168 0.0310366 0.339846
9.99821E-05 0.850002 0.149798 9.99821E-05
0.0501854 0.777228 9.99911E-05 0.172486
0.329614 0.231889 9.9991E-05 0.438397
0.148737 0.523282 0.327881 9.99911E-05
0.134628 0.784536 0.0807366 9.9991E-05
0.288283 0.711517 9.99822E-05 9.99822E-05
0.378195 0.14944 0.472266 9.99911E-05
9.998E-05 9.998E-05 9.998E-05 0.9997
9.9991E-05 0.422634 0.0126917 0.564574
0.614784 9.99821E-05 9.99821E-05 0.385016
0.663822 9.99821E-05 9.99821E-05 0.335978
0.353594 0.199687 0.103371 0.343348
0.384312 0.303119 0.125656 0.186913
0.13027 0.771435 0.0981947 9.99911E-05
9.99821E-05 0.286996 9.99821E-05 0.712804
0.484289 0.515512 9.99822E-05 9.99822E-05
0.116495 0.730635 9.9991E-05 0.15277
9.9991E-05 0.459191 0.272216 0.268494
9.9991E-05 0.381397 0.245595 0.372908
