9.99821E-05 0.158505 0.639953 0.0702381 9.99821E-05 0.053763 0.01883 0.0585108
9.9982E-05 0.0706323 0.164579 0.131456 9.9982E-05 0.243992 0.18909 0.200051
0.0901167 9.99732E-05 0.443906 9.99732E-05 9.99732E-05 0.0430495 0.0567856 0.365843
0.142863 9.99553E-05 0.776382 9.99553E-05 9.99553E-05 9.99553E-05 0.0802556 9.99553E-05
9.9973E-05 0.239092 0.253625 9.9973E-05 0.102039 0.395053 9.9973E-05 0.00989178
0.24561 9.99641E-05 0.749039 9.99641E-05 0.000394053 9.99641E-05 9.99641E-05 0.00455646
9.999E-05 0.049416 0.0809533 0.173027 0.267123 0.213872 0.142858 0.0726501
9.99553E-05 0.179851 0.684223 0.135426 9.99553E-05 9.99553E-05 9.99553E-05 9.99553E-05
0.0788981 0.0340839 9.99821E-05 0.284706 9.99821E-05 0.014387 0.534256 0.0534699
0.330646 0.00819993 0.243162 9.99821E-05 0.279936 9.99821E-05 0.0668606 0.0709955
0.301741 9.9991E-05 0.0897271 0.234377 0.236501 0.000127578 0.0639657 0.0734609
9.99731E-05 0.0637144 0.0195987 0.404131 9.99731E-05 0.224376 0.28788 9.99731E-05
9.99552E-05 9.99552E-05 0.463494 0.529757 9.99552E-05 9.99552E-05 0.00624924 9.99552E-05
9.99731E-05 9.99731E-05 0.459529 9.99731E-05 0.204934 0.25251 0.0492959 0.0334308
0.0471585 0.0293833 0.299176 9.99642E-05 9.99642E-05 9.99642E-05 0.623883 9.99642E-05
9.99731E-05 0.0928723 0.354684 9.99731E-05 9.99731E-05 0.226729 0.106848 0.218566
0.0722074 9.99731E-05 0.324615 9.99731E-05 9.99731E-05 0.00915306 0.554169 0.039555
0.105465 0.229027 0.061908 9.9991E-05 0.0869023 0.276526 0.0928344 0.147237
9.99552E-05 9.99552E-05 0.251807 0.70961 9.99552E-05 9.99552E-05 0.0380833 9.99552E-05
0.063892 0.237708 0.446813 9.99731E-05 0.179773 0.071514 9.99731E-05 9.99731E-05
0.36247 9.99551E-05 9.99551E-05 9.99551E-05 0.548441 9.99551E-05 9.99551E-05 0.0885894
9.99551E-05 0.0894866 9.99551E-05 0.811302 9.99551E-05 9.99551E-05 9.99551E-05 0.0987115
0.146519 9.99731E-05 0.350476 9.99731E-05 9.99731E-05 0.014575 0.359963 0.128168
9.99641E-05 9.99641E-05 0.317803 9.99641E-05 0.0330776 0.214524 9.99641E-05 0.434196
0.253279 0.00341742 0.0453344 0.197696 0.277978 9.9982E-05 9.9982E-05 0.222096
9.999E-05 0.320991 0.17193 0.114027 0.0455475 0.137214 0.118782 0.0914086
0.0719423 9.9982E-05 9.9982E-05 0.161412 0.248952 0.165048 0.126829 0.225616
0.284871 0.085667 0.168724 0.032337 9.99731E-05 0.428102 9.99731E-05 9.99731E-05
0.162979 0.0460467 0.481332 0.309242 9.99641E-05 9.99641E-05 9.99641E-05 9.99641E-05
0.108257 9.99552E-05 9.99552E-05 9.99552E-05 9.99552E-05 9.99552E-05 0.0395522 0.851691
0.170253 0.111146 9.99641E-05 9.99641E-05 0.25038 0.467821 9.99641E-05 9.99641E-05
9.99821E-05 0.00521056 0.352915 0.180469 0.212457 0.146532 9.99821E-05 0.102216
0.384469 9.99731E-05 9.99731E-05 0.0828269 0.366805 9.99731E-05 0.0274313 0.138168
9.99642E-05 9.99642E-05 0.539543 0.39924 0.0323773 9.99642E-05 0.0284396 9.99642E-05
9.99462E-05 9.99462E-05 0.862337 9.99462E-05 9.99462E-05 9.99462E-05 9.99462E-05 0.137063
9.99462E-05 9.99462E-05 0.511803 9.99462E-05 0.487597 9.99462E-05 9.99462E-05 9.99462E-05
0.125484 0.356285 9.99551E-05 9.99551E-05 9.99551E-05 0.517732 9.99551E-05 9.99551E-05
0.422834 0.0863394 0.151848 0.153134 9.99731E-05 9.99731E-05 9.99731E-05 0.185545
0.0677245 9.99731E-05 0.326804 0.268545 9.99731E-05 0.197152 9.99731E-05 0.139475
0.0380547 0.0645816 0.672094 0.197784 9.99731E-05 9.99731E-05 9.99731E-05 0.0271858
9.99552E-05 9.99552E-05 9.99552E-05 9.99552E-05 9.99552E-05 0.134635 0.507389 0.357476
0.000407727 0.018196 9.99731E-05 9.99731E-05 0.524255 9.99731E-05 0.39552 0.0613212
0.0941565 0.0811163 0.235509 0.0623677 0.453908 0.0727425 9.9982E-05 9.9982E-05
0.104131 0.0413339 0.537645 0.0689205 9.99732E-05 9.99732E-05 0.24767 9.99732E-05
0.0129828 9.99821E-05 0.438538 0.333373 9.99821E-05 0.0420574 0.0301007 0.142748
9.99732E-05 0.0280161 0.65448 0.0311614 9.99732E-05 9.99732E-05 0.262558 0.0234841
9.99731E-05 0.0629235 0.11044 9.99731E-05 0.14757 9.99731E-05 0.617416 0.0613511
0.0778579 9.9982E-05 0.157385 0.0102297 0.255681 0.0350182 0.463629 9.9982E-05
9.99553E-05 0.462735 9.99553E-05 9.99553E-05 0.363989 9.99553E-05 0.172776 9.99553E-05
9.99641E-05 0.0630372 0.866605 9.99641E-05 0.0449986 0.0249598 9.99641E-05 9.99641E-05
9.99641E-05 0.154323 0.741872 9.99641E-05 9.99641E-05 9.99641E-05 0.0016162 0.101789
0.397813 9.99731E-05 0.154355 9.99731E-05 0.188694 0.153976 9.99731E-05 0.104862
0.056389 9.9973E-05 0.151131 0.14479 9.9973E-05 9.9973E-05 0.412449 0.234941
0.0895265 9.99642E-05 0.616052 0.174782 9.99642E-05 9.99642E-05 9.99642E-05 0.11924
9.99821E-05 0.0800014 9.99821E-05 0.0174881 0.430084 0.446745 0.0150942 0.0103875
9.99731E-05 0.234106 9.99731E-05 0.236746 0.107727 0.270401 0.15072 9.99731E-05
0.0207565 9.9991E-05 0.261231 0.113571 0.137782 0.0429948 0.201539 0.222026
9.99643E-05 9.99643E-05 0.109213 0.187512 0.58671 0.116166 9.99643E-05 9.99643E-05
0.0474731 0.0327847 0.215738 0.189862 9.9982E-05 0.388536 0.125406 9.9982E-05
9.99461E-05 9.99461E-05 0.66298 9.99461E-05 0.33642 9.99461E-05 9.99461E-05 9.99461E-05
0.0703077 0.253945 0.570465 9.99732E-05 9.99732E-05 9.99732E-05 0.0829072 0.0220751
9.997E-05 9.997E-05 0.156694 9.997E-05 0.10455 0.19238 0.439753 0.106322
0.0647578 0.0376869 0.000685136 0.54071 9.9982E-05 0.101655 0.254306 9.9982E-05
9.99552E-05 9.99552E-05 0.124228 9.99552E-05 9.99552E-05 0.0917612 9.99552E-05 0.783511
0.0593849 0.474843 9.99641E-05 0.267018 9.99641E-05 0.198354 9.99641E-05 9.99641E-05
9.99731E-05 9.99731E-05 0.184089 0.164405 0.0281527 9.99731E-05 0.361406 0.261647
9.99463E-05 9.99463E-05 0.694091 9.99463E-05 0.30531 9.99463E-05 9.99463E-05 9.99463E-05
9.99642E-05 9.99642E-05 0.14619 0.59567 9.99642E-05 0.124541 0.133199 9.99642E-05
0.00542725 0.153428 0.15804 0.622982 0.059823 9.99731E-05 9.99731E-05 9.99731E-05
0.0996894 0.15511 9.99731E-05 0.152186 0.40531 9.99731E-05 9.99731E-05 0.187406
0.196648 9.9982E-05 0.384644 0.0080477 0.0157163 0.151714 0.243029 9.9982E-05
9.99641E-05 9.99641E-05 9.99641E-05 0.67515 0.248489 9.99641E-05 0.0346129 0.0413483
0.11392 0.0642192 0.358239 9.99643E-05 9.99643E-05 0.463222 9.99643E-05 9.99643E-05
9.99732E-05 9.99732E-05 0.306429 0.556379 0.0240271 0.0520029 9.99732E-05 0.0608617
9.99555E-05 0.143481 0.808076 9.99555E-05 9.99555E-05 9.99555E-05 9.99555E-05 0.0479428
9.997E-05 0.0108234 0.209089 0.22686 9.997E-05 0.240491 0.312437 9.997E-05
9.99554E-05 0.187963 9.99554E-05 9.99554E-05 9.99554E-05 9.99554E-05 0.760675 0.0508622
0.262434 9.9982E-05 0.0594654 0.132208 0.192803 0.277425 9.9982E-05 0.075463
0.0734427 0.180493 0.332589 0.239988 9.9991E-05 0.0254532 0.134364 0.0135702
9.99641E-05 0.186678 0.5618 9.99641E-05 9.99641E-05 0.162513 0.0886089 9.99641E-05
9.99553E-05 9.99553E-05 0.715701 0.107753 9.99553E-05 0.176046 9.99553E-05 9.99553E-05
0.00818801 0.0659765 0.365989 0.376931 0.182615 9.99732E-05 9.99732E-05 9.99732E-05
0.0672972 9.99732E-05 0.234572 0.119861 0.574598 9.99732E-05 0.00337184 9.99732E-05
9.9973E-05 0.344761 9.9973E-05 0.181777 0.0346742 9.9973E-05 0.222183 0.216305
9.997E-05 9.997E-05 0.392393 9.997E-05 0.281379 0.0256445 0.166602 0.133682
9.99551E-05 9.99551E-05 0.662732 9.99551E-05 0.0538565 9.99551E-05 0.282911 9.99551E-05
0.16945 9.99911E-05 0.0552361 0.275888 0.0601092 0.209368 0.135624 0.0942248
9.99821E-05 9.99821E-05 0.209652 0.192233 0.0383544 0.0816113 0.06026 0.417689
0.158758 9.99732E-05 0.173492 0.410786 9.99732E-05 9.99732E-05 0.196083 0.0605813
0.131757 9.99731E-05 9.99731E-05 0.51388 0.11302 9.99731E-05 0.141005 0.100038
9.99463E-05 0.305903 9.99463E-05 9.99463E-05 9.99463E-05 9.99463E-05 9.99463E-05 0.693498
9.99552E-05 9.99552E-05 0.157004 9.99552E-05 0.782863 0.0596337 9.99552E-05 9.99552E-05
9.99553E-05 9.99553E-05 9.99553E-05 0.216291 0.58591 9.99553E-05 0.197299 9.99553E-05
0.320065 9.99641E-05 0.378699 9.99641E-05 9.99641E-05 9.99641E-05 0.28027 0.0205659
9.9973E-05 9.9973E-05 9.9973E-05 0.465394 0.1304 0.0496971 0.231652 0.122558
0.186622 9.99641E-05 0.55318 0.0813631 9.99641E-05 9.99641E-05 0.178435 9.99641E-05
0.128096 0.161058 0.160074 9.9991E-05 0.256618 0.0409839 0.170229 0.0828421
9.99551E-05 9.99551E-05 0.134166 9.99551E-05 0.148793 9.99551E-05 0.716542 9.99551E-05
9.99641E-05 9.99641E-05 0.383888 0.212216 9.99641E-05 0.0309953 9.99641E-05 0.372501
0.149852 9.9982E-05 0.246826 9.9982E-05 0.177516 0.0779038 0.0112574 0.336445
0.355097 9.99732E-05 9.99732E-05 9.99732E-05 0.0526019 0.352257 0.0679151 0.171828
0.215727 9.99462E-05 9.99462E-05 9.99462E-05 9.99462E-05 9.99462E-05 9.99462E-05 0.783674
0.502741 9.99821E-05 9.99821E-05 0.267822 0.0378018 0.0902643 0.026159 0.0750113
0.9993 9.994E-05 9.994E-05 9.994E-05 9.994E-05 9.994E-05 9.994E-05 9.994E-05
9.99641E-05 0.0293676 0.766647 0.146523 9.99641E-05 9.99641E-05 0.0570626 9.99641E-05
0.0803132 9.99641E-05 0.284618 0.580305 0.0543649 9.99641E-05 9.99641E-05 9.99641E-05
9.99641E-05 0.195559 0.222473 9.99641E-05 0.566467 0.0151015 9.99641E-05 9.99641E-05
0.236552 0.211963 0.316662 0.175654 9.99731E-05 9.99731E-05 9.99731E-05 0.0588683
9.99641E-05 0.241696 0.101788 0.524852 0.131264 9.99641E-05 9.99641E-05 9.99641E-05
0.301621 9.99732E-05 0.00146094 0.41211 0.0108301 9.99732E-05 9.99732E-05 0.273678
9.99732E-05 9.99732E-05 9.99732E-05 0.173225 0.150094 0.185437 0.121208 0.369737
9.99731E-05 0.256953 0.538928 9.99731E-05 9.99731E-05 0.0118177 0.10183 0.0901713
9.99552E-05 0.0643375 9.99552E-05 0.251852 9.99552E-05 9.99552E-05 9.99552E-05 0.683311
0.151721 0.503205 0.168595 0.100069 9.99731E-05 0.0761097 9.99731E-05 9.99731E-05
9.994E-05 9.994E-05 9.994E-05 9.994E-05 9.994E-05 9.994E-05 9.994E-05 0.9993
0.250969 9.99642E-05 9.99642E-05 0.249367 0.0855801 9.99642E-05 0.413684 9.99642E-05
9.99552E-05 9.99552E-05 0.69608 0.00261478 9.99552E-05 9.99552E-05 0.300805 9.99552E-05
9.99821E-05 0.0928986 0.0969709 0.480812 0.0673684 0.0604518 9.99821E-05 0.201299
0.0153557 0.339122 9.9973E-05 0.456542 9.9973E-05 0.0767625 9.9973E-05 0.111918
0.141979 9.99821E-05 0.681209 9.99821E-05 0.00300309 0.0357539 0.0225949 0.11526
9.99821E-05 0.0812116 0.15698 0.250536 9.99821E-05 0.0124982 0.141995 0.35658
0.0279561 9.99821E-05 0.293723 0.0886448 0.106155 0.113215 9.99821E-05 0.370106
0.0112013 0.372489 0.615809 9.99552E-05 9.99552E-05 9.99552E-05 9.99552E-05 9.99552E-05
9.99641E-05 0.21387 0.180411 9.99641E-05 0.597874 9.99641E-05 0.00744598 9.99641E-05
0.0887121 0.100409 0.19033 9.99731E-05 9.99731E-05 9.99731E-05 0.532477 0.0877725
0.250681 9.9973E-05 0.0791566 0.307143 0.324263 9.9973E-05 0.0384579 9.9973E-05
9.99642E-05 0.138507 9.99642E-05 9.99642E-05 0.422698 9.99642E-05 0.281838 0.156557
9.99731E-05 0.0924467 0.270218 0.421291 9.99731E-05 0.0238631 0.191881 9.99731E-05
0.216969 9.99643E-05 0.317357 9.99643E-05 0.15161 9.99643E-05 9.99643E-05 0.313664
0.170794 0.118695 0.0986175 0.28493 0.126724 9.99821E-05 9.99821E-05 0.20004
0.084811 9.99553E-05 9.99553E-05 9.99553E-05 0.15044 9.99553E-05 0.764249 9.99553E-05
0.138082 0.0297618 0.476988 9.9973E-05 0.351409 0.00345908 9.9973E-05 9.9973E-05
0.181928 0.121431 0.197467 0.116295 9.99731E-05 9.99731E-05 0.382579 9.99731E-05
0.386236 9.9964E-05 0.179183 0.399575 9.9964E-05 0.034607 9.9964E-05 9.9964E-05
0.318222 9.99821E-05 0.230453 0.100653 0.22378 0.107349 0.0193425 9.99821E-05
9.99552E-05 0.629252 0.287026 9.99552E-05 0.0832219 9.99552E-05 9.99552E-05 9.99552E-05
9.99641E-05 0.879167 0.108828 9.99641E-05 0.00617428 9.99641E-05 9.99641E-05 0.00543078
9.99464E-05 0.66216 0.33724 9.99464E-05 9.99464E-05 9.99464E-05 9.99464E-05 9.99464E-05
0.142734 9.99642E-05 9.99642E-05 0.567842 0.168 9.99642E-05 0.121024 9.99642E-05
9.99641E-05 0.393449 0.528582 0.0207439 9.99641E-05 9.99641E-05 0.0568249 9.99641E-05
0.315747 9.997E-05 0.265937 0.0717605 9.997E-05 0.335616 0.010639 9.997E-05
0.340866 9.99821E-05 0.32963 0.102905 0.0984382 9.99821E-05 0.0351359 0.0928239
0.10822 9.99821E-05 0.224344 0.142408 0.223878 0.0370015 0.263948 9.99821E-05
0.265793 0.178316 9.99821E-05 0.254793 0.113044 9.99821E-05 0.15907 0.028784
9.99641E-05 9.99641E-05 0.332152 0.191874 9.99641E-05 0.047466 9.99641E-05 0.428108
9.99731E-05 0.0619245 0.361067 0.504336 9.99731E-05 9.99731E-05 0.0529083 0.0194641
9.994E-05 9.994E-05 9.994E-05 9.994E-05 9.994E-05 0.9993 9.994E-05 9.994E-05
9.99553E-05 9.99553E-05 0.765901 0.0612915 9.99553E-05 9.99553E-05 9.99553E-05 0.172308
9.99642E-05 9.99642E-05 0.301583 9.99642E-05 0.647728 0.00780343 9.99642E-05 0.042485
0.0645095 9.99642E-05 9.99642E-05 0.0983341 9.99642E-05 0.58057 0.256187 9.99642E-05
0.0143312 9.99553E-05 9.99553E-05 0.8778 9.99553E-05 0.107369 9.99553E-05 9.99553E-05
9.99552E-05 9.99552E-05 0.400089 0.0851346 9.99552E-05 9.99552E-05 0.514277 9.99552E-05
9.9973E-05 0.284013 0.270217 0.127784 0.118672 0.199014 9.9973E-05 9.9973E-05
0.0698815 0.257268 0.108491 0.190675 9.9991E-05 0.355252 0.0179752 0.000356326
9.99642E-05 0.137475 9.99642E-05 9.99642E-05 0.305493 0.301714 9.99642E-05 0.254918
0.239297 0.075979 0.232134 9.99731E-05 9.99731E-05 0.169954 0.282336 9.99731E-05
0.305035 9.99642E-05 0.457352 9.99642E-05 0.110642 0.126571 9.99642E-05 9.99642E-05
9.99643E-05 0.414686 0.184522 9.99643E-05 0.269329 0.131063 9.99643E-05 9.99643E-05
9.99642E-05 0.279046 0.55255 0.0716341 9.99642E-05 0.0963695 9.99642E-05 9.99642E-05
0.122303 9.99731E-05 0.112503 0.44994 0.0582027 9.99731E-05 9.99731E-05 0.256751
9.994E-05 9.994E-05 9.994E-05 9.994E-05 9.994E-05 0.9993 9.994E-05 9.994E-05
9.99731E-05 0.0201423 0.186464 0.751686 9.99731E-05 0.035132 9.99731E-05 0.00627622
9.99553E-05 9.99553E-05 0.632984 0.319579 9.99553E-05 9.99553E-05 9.99553E-05 0.0469371
9.99642E-05 9.99642E-05 0.00662548 9.99642E-05 0.147374 0.115629 0.729971 9.99642E-05
9.99643E-05 0.131849 0.199226 0.193233 9.99643E-05 9.99643E-05 0.475293 9.99643E-05
9.99731E-05 9.99731E-05 0.652874 0.111956 0.20207 9.99731E-05 0.0165043 0.0162956
9.99731E-05 0.384118 0.284876 9.99731E-05 0.108042 0.177438 0.0452261 9.99731E-05
9.99463E-05 0.741861 9.99463E-05 0.257539 9.99463E-05 9.99463E-05 9.99463E-05 9.99463E-05
9.99643E-05 9.99643E-05 0.000661855 9.99643E-05 0.191648 0.706572 0.100718 9.99643E-05
0.0240507 9.9982E-05 0.540336 0.222655 9.9982E-05 0.0183026 0.174196 0.0202605
9.99732E-05 0.21495 0.361097 0.328981 9.99732E-05 9.99732E-05 0.0227817 0.0718901
0.156109 0.228445 0.339705 0.0701594 0.0426051 0.162777 9.9982E-05 9.9982E-05
0.222352 9.99731E-05 0.136931 0.109144 9.99731E-05 0.0856193 0.445654 9.99731E-05
9.99731E-05 0.0115537 0.492777 0.0839094 0.183533 9.99731E-05 9.99731E-05 0.227927
0.0975999 0.217959 0.257539 0.160874 9.99731E-05 9.99731E-05 0.265728 9.99731E-05
9.99732E-05 0.492989 0.357408 0.102944 0.02542 0.020939 9.99732E-05 9.99732E-05
9.99732E-05 0.0156555 0.0586397 0.521875 0.230998 9.99732E-05 9.99732E-05 0.172532
0.563268 9.99552E-05 0.00129307 9.99552E-05 0.434939 9.99552E-05 9.99552E-05 9.99552E-05
0.106136 9.99821E-05 0.445221 0.18245 0.185238 9.99821E-05 0.0763274 0.00442827
0.214966 9.99642E-05 0.0265359 9.99642E-05 9.99642E-05 0.0267895 0.731309 9.99642E-05
9.99643E-05 9.99643E-05 0.234206 0.106984 0.647326 0.0110837 9.99643E-05 9.99643E-05
0.171222 0.000435371 0.194883 0.308328 0.154086 0.170846 9.99821E-05 9.99821E-05
9.99731E-05 0.0830463 0.502577 9.99731E-05 0.271173 9.99731E-05 0.118491 0.0244134
9.99554E-05 0.109372 0.456306 0.433823 9.99554E-05 9.99554E-05 9.99554E-05 9.99554E-05
0.761351 0.0676097 0.17054 9.99551E-05 9.99551E-05 9.99551E-05 9.99551E-05 9.99551E-05
9.99732E-05 0.0429145 0.222689 0.442263 9.99732E-05 0.0848799 0.206954 9.99732E-05
0.118962 0.0176204 0.589915 0.249158 0.0240451 9.99731E-05 9.99731E-05 9.99731E-05
0.149341 9.99731E-05 0.367761 0.0592472 9.99731E-05 0.283935 9.99731E-05 0.139416
0.109204 9.99731E-05 0.544885 9.99731E-05 0.171659 0.0564549 9.99731E-05 0.117497
