9.99731E-05 0.269349 0.409163 0.104474 9.99731E-05 0.133719 9.99731E-05 0.0265784 0.056416
9.99641E-05 0.339867 0.152272 9.99641E-05 0.420306 9.99641E-05 9.99641E-05 0.027135 0.0600191
0.0499412 0.152083 9.99732E-05 9.99732E-05 0.581845 0.0292885 9.99732E-05 0.0203575 0.166185
9.99641E-05 0.0181845 0.0878248 0.349841 0.281022 9.99641E-05 9.99641E-05 9.99641E-05 0.262727
9.99641E-05 0.25633 9.99641E-05 9.99641E-05 0.225373 9.99641E-05 0.144715 0.137698 0.235484
0.109036 0.139206 0.0775957 0.110194 0.180121 9.9982E-05 0.164782 9.9982E-05 0.218866
9.997E-05 0.293225 9.997E-05 0.144357 0.0283746 9.997E-05 0.340073 0.129345 0.064326
9.99552E-05 0.688355 0.126421 9.99552E-05 0.116521 9.99552E-05 9.99552E-05 0.0682031 9.99552E-05
9.99553E-05 9.99553E-05 9.99553E-05 0.430705 0.333667 0.230309 0.00481883 9.99553E-05 9.99553E-05
0.134448 9.99642E-05 0.371339 9.99642E-05 0.0501908 0.422703 9.99642E-05 0.0209196 9.99642E-05
0.141887 0.082098 0.0115529 9.9991E-05 0.273066 0.200407 0.0107022 0.202905 0.077282
9.99731E-05 0.373568 9.99731E-05 0.38647 0.0573412 0.0832191 0.0106087 0.0884933 9.99731E-05
9.99642E-05 0.337664 0.22211 0.234139 0.0912461 0.114441 9.99642E-05 9.99642E-05 9.99642E-05
9.99641E-05 0.0207678 0.376452 9.99641E-05 0.447936 9.99641E-05 9.99641E-05 0.096012 0.058432
9.99462E-05 9.99462E-05 9.99462E-05 0.878754 0.0162933 9.99462E-05 0.104353 9.99462E-05 9.99462E-05
9.99642E-05 0.0864166 0.0412255 0.292888 9.99642E-05 9.99642E-05 9.99642E-05 0.25346 0.32561
9.99731E-05 0.0235164 0.0302322 0.350132 0.369547 9.99731E-05 9.99731E-05 0.038354 0.187918
0.220831 9.9982E-05 0.111973 0.0671343 0.206162 9.9982E-05 0.0450167 0.192303 0.156381
9.99463E-05 0.557063 9.99463E-05 9.99463E-05 0.0875869 0.35475 9.99463E-05 9.99463E-05 9.99463E-05
9.99641E-05 0.277459 0.615279 0.0155777 0.0613027 9.99641E-05 9.99641E-05 9.99641E-05 0.0299818
0.228383 9.99464E-05 0.766817 9.99464E-05 9.99464E-05 9.99464E-05 0.00420099 9.99464E-05 9.99464E-05
9.99551E-05 0.436311 9.99551E-05 9.99551E-05 9.99551E-05 0.443069 0.105229 9.99551E-05 0.0148912
9.99641E-05 0.0569917 9.99641E-05 0.339536 0.0415076 9.99641E-05 0.268534 9.99641E-05 0.29303
9.99552E-05 9.99552E-05 0.00889055 9.99552E-05 0.1322 9.99552E-05 0.312499 9.99552E-05 0.545911
0.357795 9.99641E-05 0.085647 9.99641E-05 9.99641E-05 9.99641E-05 0.080841 0.107687 0.36763
0.0101034 0.170343 0.320336 0.043374 0.118479 0.183613 9.9982E-05 9.9982E-05 0.153552
9.9964E-05 0.0496232 0.197911 9.9964E-05 0.0564707 0.383269 9.9964E-05 0.312326 9.9964E-05
9.99554E-05 0.170543 9.99554E-05 9.99554E-05 0.66989 0.108348 0.0507188 9.99554E-05 9.99554E-05
0.208763 0.503457 0.0331539 9.99551E-05 0.254126 9.99551E-05 9.99551E-05 9.99551E-05 9.99551E-05
9.99463E-05 9.99463E-05 9.99463E-05 9.99463E-05 0.133733 0.210419 9.99463E-05 9.99463E-05 0.655248
0.0299741 9.99641E-05 0.170524 9.99641E-05 0.0553676 9.99641E-05 0.717698 0.0260369 9.99641E-05
9.99553E-05 0.741998 9.99553E-05 9.99553E-05 0.0892055 9.99553E-05 9.99553E-05 0.156896 0.0114013
0.221118 9.99551E-05 0.0247605 9.99551E-05 0.183713 0.569908 9.99551E-05 9.99551E-05 9.99551E-05
9.997E-05 0.556502 0.0370717 0.17173 0.218172 9.997E-05 9.997E-05 0.00530122 0.0109241
0.0157754 0.199867 0.0343586 9.9982E-05 0.199275 9.9982E-05 0.0540906 0.145061 0.351373
9.99553E-05 9.99553E-05 0.799894 9.99553E-05 0.019203 0.0835074 9.99553E-05 0.0968957 9.99553E-05
9.99552E-05 0.201045 9.99552E-05 9.99552E-05 0.211978 9.99552E-05 0.401361 0.185116 9.99552E-05
0.233293 0.124947 0.0510142 9.99731E-05 9.99731E-05 0.392881 0.0114511 9.99731E-05 0.186113
9.99642E-05 0.260582 0.159487 0.140649 0.294503 9.99642E-05 9.99642E-05 0.144378 9.99642E-05
0.156326 0.196171 0.045332 0.1716 0.368459 9.9982E-05 9.9982E-05 0.038022 0.0238895
9.99642E-05 9.99642E-05 9.99642E-05 9.99642E-05 0.591932 0.232962 0.0422891 0.0798695 0.0525476
0.12201 9.99821E-05 0.0849932 0.202261 0.0609148 0.158344 0.192525 0.178752 9.99821E-05
9.9973E-05 0.197164 0.550775 9.9973E-05 0.00925331 0.213494 0.0145407 0.0144725 9.9973E-05
0.0683517 0.176894 9.99821E-05 0.273948 0.329207 0.00923262 9.99821E-05 0.0250515 0.117115
0.073793 0.579681 0.0539682 0.00400523 9.99731E-05 9.99731E-05 9.99731E-05 0.211738 0.0765145
9.99641E-05 0.101378 0.288933 0.549789 9.99641E-05 9.99641E-05 9.99641E-05 0.0405925 0.0189085
9.99641E-05 0.0645722 0.303476 0.590983 9.99641E-05 9.99641E-05 9.99641E-05 0.0322853 0.00828391
0.0263681 9.99731E-05 9.99731E-05 0.146134 0.421008 0.178909 0.133 0.0942806 9.99731E-05
9.995E-05 0.189106 0.305425 0.385237 9.995E-05 0.119732 9.995E-05 9.995E-05 9.995E-05
9.99461E-05 0.450993 0.410111 9.99461E-05 9.99461E-05 9.99461E-05 9.99461E-05 0.138297 9.99461E-05
0.0214609 0.481462 9.9964E-05 0.00893129 0.151384 9.9964E-05 9.9964E-05 9.9964E-05 0.336361
0.234545 9.99731E-05 0.178814 9.99731E-05 0.255139 0.146341 0.178499 0.00636102 9.99731E-05
9.995E-05 9.995E-05 9.995E-05 0.100725 0.273768 0.492008 9.995E-05 9.995E-05 0.132999
0.165986 0.324601 9.99641E-05 0.349528 0.0166417 9.99641E-05 9.99641E-05 9.99641E-05 0.142843
0.0269952 0.132462 0.0577174 9.99821E-05 0.117871 9.99821E-05 0.528736 0.123882 0.0121367
9.99552E-05 0.113868 9.99552E-05 0.044034 9.99552E-05 0.122468 0.719131 9.99552E-05 9.99552E-05
0.0132325 0.0856044 0.0506984 0.0843331 0.155305 9.99821E-05 0.208516 9.99821E-05 0.402111
9.99372E-05 9.99372E-05 9.99372E-05 9.99372E-05 9.99372E-05 0.212382 0.786919 9.99372E-05 9.99372E-05
0.196057 0.0704447 0.0143826 0.0786309 0.390418 9.9991E-05 0.0347694 0.211552 0.00364592
0.0206935 9.99641E-05 0.737211 9.99641E-05 0.13985 0.0325129 9.99641E-05 0.0693329 9.99641E-05
0.0496949 0.0781928 9.99552E-05 9.99552E-05 0.728511 9.99552E-05 9.99552E-05 9.99552E-05 0.143101
9.9973E-05 9.9973E-05 0.0848701 0.266309 0.175423 9.9973E-05 0.0762276 0.270694 0.126176
9.9973E-05 0.0103303 9.9973E-05 0.00894991 0.29717 0.563622 0.0884616 0.0311667 9.9973E-05
9.99553E-05 0.00265295 0.114363 9.99553E-05 9.99553E-05 9.99553E-05 9.99553E-05 0.151465 0.73102
9.995E-05 0.414654 9.995E-05 9.995E-05 9.995E-05 0.228989 0.246297 9.995E-05 0.109561
9.99731E-05 0.0574206 0.245983 0.0974267 0.379204 0.157827 9.99731E-05 9.99731E-05 0.061839
9.9955E-05 0.101318 0.620757 9.9955E-05 9.9955E-05 9.9955E-05 0.124623 9.9955E-05 0.152801
9.9982E-05 0.276009 0.0387716 0.351596 9.9982E-05 0.10104 0.0521953 0.135576 0.0446131
0.0863256 0.601137 0.0405342 0.070211 9.99821E-05 0.0279315 0.162316 0.0113449 9.99821E-05
9.99463E-05 0.0202881 0.695989 9.99463E-05 9.99463E-05 0.283124 9.99463E-05 9.99463E-05 9.99463E-05
0.165405 0.00989341 9.9982E-05 0.23788 0.231928 0.0108865 0.126355 0.217452 9.9982E-05
9.99551E-05 9.99551E-05 0.000351255 0.233321 9.99551E-05 0.456783 9.99551E-05 0.309045 9.99551E-05
9.99554E-05 0.378199 9.99554E-05 9.99554E-05 0.121084 9.99554E-05 0.238386 0.26183 9.99554E-05
9.99732E-05 0.503854 0.0281077 0.159799 9.99732E-05 0.0201462 0.0854695 0.202324 9.99732E-05
9.99643E-05 0.349914 9.99643E-05 0.028008 0.345796 9.99643E-05 0.138712 9.99643E-05 0.137171
9.99641E-05 0.151967 9.99641E-05 0.269355 0.352906 9.99641E-05 0.0333977 0.191974 9.99641E-05
9.99375E-05 9.99375E-05 9.99375E-05 0.857603 9.99375E-05 9.99375E-05 9.99375E-05 9.99375E-05 0.141697
0.108379 9.99641E-05 9.99641E-05 9.99641E-05 0.588165 0.0782162 0.0970564 0.127783 9.99641E-05
0.126632 0.205576 9.99552E-05 0.0371112 0.630181 9.99552E-05 9.99552E-05 9.99552E-05 9.99552E-05
9.99463E-05 0.117604 9.99463E-05 0.0428264 0.838969 9.99463E-05 9.99463E-05 9.99463E-05 9.99463E-05
9.99463E-05 0.580342 9.99463E-05 9.99463E-05 0.119402 9.99463E-05 9.99463E-05 0.299657 9.99463E-05
0.0498399 0.352651 0.166497 9.99642E-05 9.99642E-05 0.232983 9.99642E-05 9.99642E-05 0.19763
0.0107894 9.99552E-05 0.737289 9.99552E-05 9.99552E-05 0.000944933 0.250477 9.99552E-05 9.99552E-05
0.11456 0.353674 9.99641E-05 0.160102 9.99641E-05 0.226105 9.99641E-05 9.99641E-05 0.145159
9.99731E-05 9.99731E-05 0.152227 0.40116 0.205246 9.99731E-05 0.0545143 0.0753043 0.111249
9.9964E-05 9.9964E-05 0.411253 0.0974714 0.421652 0.00389105 9.9964E-05 0.0653329 9.9964E-05
9.99553E-05 9.99553E-05 0.270175 9.99553E-05 0.538248 0.147615 9.99553E-05 0.0434621 9.99553E-05
9.99731E-05 9.99731E-05 9.99731E-05 0.0155642 0.287484 0.000424772 0.00637378 0.0921453 0.597708
0.367288 0.1803 0.106374 0.253203 0.00966602 0.00567508 9.99821E-05 9.99821E-05 0.0772931
0.0375587 0.454498 9.99462E-05 9.99462E-05 9.99462E-05 0.507344 9.99462E-05 9.99462E-05 9.99462E-05
0.038019 0.0212743 9.99643E-05 0.0958334 9.99643E-05 9.99643E-05 9.99643E-05 0.000135089 0.844338
9.99554E-05 9.99554E-05 0.911589 0.00626462 9.99554E-05 9.99554E-05 9.99554E-05 0.0517839 0.0298626
9.99731E-05 0.0455802 0.219459 0.0841077 9.99731E-05 0.449181 9.99731E-05 0.0806577 0.120715
0.1374 9.99552E-05 0.0979263 9.99552E-05 0.646274 0.1179 9.99552E-05 9.99552E-05 9.99552E-05
9.99641E-05 9.99641E-05 0.0912743 0.0962571 9.99641E-05 0.671641 0.0895121 0.0509159 9.99641E-05
0.0623411 0.227161 9.99641E-05 0.00993172 0.635684 9.99641E-05 9.99641E-05 9.99641E-05 0.0644828
9.99641E-05 9.99641E-05 0.52999 0.0859599 0.0882879 0.165609 0.129753 9.99641E-05 9.99641E-05
0.0220263 9.99641E-05 0.0276481 0.812835 0.0797762 0.0573149 9.99641E-05 9.99641E-05 9.99641E-05
9.99551E-05 0.317702 0.172213 9.99551E-05 9.99551E-05 9.99551E-05 9.99551E-05 0.0823725 0.427212
9.9973E-05 9.9973E-05 0.241846 0.0646568 0.000866406 0.112257 0.156717 9.9973E-05 0.423357
9.99462E-05 9.99462E-05 9.99462E-05 9.99462E-05 0.117993 9.99462E-05 0.766421 9.99462E-05 0.114986
0.0126681 9.99464E-05 9.99464E-05 9.99464E-05 9.99464E-05 0.0119025 9.99464E-05 9.99464E-05 0.97483
0.18672 9.99642E-05 9.99642E-05 9.99642E-05 0.140147 0.462244 0.198554 9.99642E-05 0.0119352
0.841765 9.99462E-05 9.99462E-05 9.99462E-05 0.089772 0.0678637 9.99462E-05 9.99462E-05 9.99462E-05
9.99641E-05 0.679299 0.139832 9.99641E-05 0.0339419 0.0740521 9.99641E-05 0.0724759 9.99641E-05
0.0492952 0.0876279 9.9982E-05 0.459948 9.9982E-05 0.0486971 0.0744431 0.0384553 0.241333
9.99641E-05 0.268886 0.2152 0.0973571 0.0142677 9.99641E-05 0.403889 9.99641E-05 9.99641E-05
9.99553E-05 0.618703 9.99553E-05 9.99553E-05 0.109966 0.0922899 0.178542 9.99553E-05 9.99553E-05
0.133707 0.33015 0.135104 0.328398 9.99641E-05 9.99641E-05 0.0722411 9.99641E-05 9.99641E-05
0.561114 0.354958 9.99552E-05 9.99552E-05 9.99552E-05 9.99552E-05 9.99552E-05 0.0715405 0.0118875
9.99643E-05 0.141373 0.158497 9.99643E-05 9.99643E-05 0.261747 0.127868 9.99643E-05 0.310115
9.99732E-05 0.328624 0.329604 0.143136 0.11302 9.99732E-05 9.99732E-05 0.000962137 0.0843541
9.99463E-05 0.280043 0.133996 9.99463E-05 9.99463E-05 9.99463E-05 9.99463E-05 9.99463E-05 0.585362
0.0336872 0.771639 9.99642E-05 9.99642E-05 9.99642E-05 0.0657891 9.99642E-05 0.0331249 0.0953595
9.99372E-05 9.99372E-05 9.99372E-05 9.99372E-05 9.99372E-05 0.146369 9.99372E-05 9.99372E-05 0.852932
0.179129 9.99732E-05 9.99732E-05 0.25219 0.419257 0.00235896 0.0549665 0.0917983 9.99732E-05
9.99641E-05 0.184787 0.190938 0.116053 0.493522 9.99641E-05 9.99641E-05 9.99641E-05 0.0142999
9.99462E-05 0.356699 9.99462E-05 9.99462E-05 9.99462E-05 0.56078 9.99462E-05 0.0819212 9.99462E-05
9.99551E-05 0.364709 9.99551E-05 9.99551E-05 9.99551E-05 0.296021 9.99551E-05 0.154536 0.184234
9.99551E-05 0.202733 0.352776 0.0385208 0.40547 9.99551E-05 9.99551E-05 9.99551E-05 9.99551E-05
9.99641E-05 9.99641E-05 9.99641E-05 0.184643 9.99641E-05 0.232108 0.0129788 0.0512503 0.51862
0.0254721 9.99731E-05 0.264749 0.0940421 0.230717 9.99731E-05 0.11307 9.99731E-05 0.271651
0.0992113 0.659574 0.0673634 0.143481 9.99642E-05 9.99642E-05 9.99642E-05 9.99642E-05 0.0299705
9.99552E-05 0.163356 0.365582 9.99552E-05 9.99552E-05 9.99552E-05 0.377422 0.0931398 9.99552E-05
0.0575977 9.99642E-05 9.99642E-05 0.330461 0.355101 0.188559 9.99642E-05 9.99642E-05 0.0678815
0.0411499 0.179715 0.0233297 0.153866 0.00519308 0.176544 0.38142 9.9991E-05 0.0386819
9.99553E-05 0.102618 0.278655 9.99553E-05 9.99553E-05 0.574885 9.99553E-05 0.0433427 9.99553E-05
0.112246 0.489152 0.0683051 0.113116 0.0103821 9.9982E-05 0.105905 0.100693 9.9982E-05
0.214746 0.0262347 0.65412 9.99643E-05 0.00145449 9.99643E-05 9.99643E-05 9.99643E-05 0.103044
0.0268657 0.427231 0.399071 0.0623288 9.99821E-05 0.0214364 9.99821E-05 0.025504 0.0373635
9.99463E-05 9.99463E-05 9.99463E-05 0.473151 9.99463E-05 0.262677 0.263573 9.99463E-05 9.99463E-05
0.0702109 0.248101 0.117041 9.9982E-05 0.332334 9.9982E-05 0.120905 0.0723022 0.0389062
0.132722 0.303291 9.99821E-05 0.0677311 0.0374202 0.25132 0.0719973 0.135318 9.99821E-05
0.239937 0.105519 0.083667 0.110122 0.146644 0.147382 0.0521271 0.114503 9.999E-05
0.139261 9.99641E-05 0.415189 9.99641E-05 0.0952332 0.21181 9.99641E-05 0.138107 9.99641E-05
0.0108478 0.0969427 0.438603 0.453107 9.99553E-05 9.99553E-05 9.99553E-05 9.99553E-05 9.99553E-05
0.00199137 0.67312 0.128328 9.99552E-05 9.99552E-05 9.99552E-05 0.196061 9.99552E-05 9.99552E-05
0.129723 0.837138 0.00164145 9.99554E-05 9.99554E-05 9.99554E-05 9.99554E-05 9.99554E-05 0.0309983
0.238188 9.99553E-05 9.99553E-05 0.453912 0.281926 9.99553E-05 0.0254738 9.99553E-05 9.99553E-05
0.0205851 0.501529 0.176232 0.257275 0.00733158 9.99821E-05 0.00624584 9.99821E-05 0.0306013
0.137025 9.99553E-05 0.0720344 9.99553E-05 0.646528 9.99553E-05 0.143913 9.99553E-05 9.99553E-05
0.275065 9.99642E-05 9.99642E-05 0.144158 9.99642E-05 0.017444 0.233048 9.99642E-05 0.329885
9.99641E-05 9.99641E-05 0.165517 0.0698193 0.435165 0.282266 0.0468326 9.99641E-05 9.99641E-05
0.0885813 9.99462E-05 0.0613169 9.99462E-05 9.99462E-05 0.849502 9.99462E-05 9.99462E-05 9.99462E-05
0.0269869 9.99641E-05 0.169255 9.99641E-05 9.99641E-05 0.130128 9.99641E-05 0.134114 0.539116
9.99731E-05 0.681135 0.22914 0.0394308 0.00120805 9.99731E-05 0.0214605 9.99731E-05 0.0273261
9.993E-05 9.993E-05 9.993E-05 9.993E-05 9.993E-05 9.993E-05 9.993E-05 0.999201 9.993E-05
9.99642E-05 0.127553 0.233039 9.99642E-05 0.435386 0.131388 9.99642E-05 9.99642E-05 0.0722335
0.0596111 0.0576749 0.335737 9.99641E-05 9.99641E-05 9.99641E-05 0.28178 9.99641E-05 0.264798
0.202209 0.0798013 9.99641E-05 0.0208593 9.99641E-05 9.99641E-05 0.488111 0.208619 9.99641E-05
0.0480179 0.229126 9.99821E-05 0.288001 0.251439 0.010186 0.00196099 0.171069 9.99821E-05
9.99641E-05 0.0884876 9.99641E-05 0.183303 0.314587 0.305142 9.99641E-05 0.10808 9.99641E-05
9.99551E-05 0.538811 0.0687705 9.99551E-05 9.99551E-05 9.99551E-05 0.38727 0.00464886 9.99551E-05
9.99552E-05 0.0391509 0.133961 9.99552E-05 0.585025 0.241364 9.99552E-05 9.99552E-05 9.99552E-05
9.99462E-05 9.99462E-05 0.20904 9.99462E-05 9.99462E-05 9.99462E-05 0.466462 9.99462E-05 0.323899
0.10649 0.162692 0.176728 0.0732606 0.35991 9.99731E-05 9.99731E-05 0.120619 9.99731E-05
0.270974 9.99552E-05 0.00302189 9.99552E-05 0.523222 9.99552E-05 9.99552E-05 9.99552E-05 0.202282
0.125118 9.99642E-05 0.124976 9.99642E-05 0.251725 0.405019 9.99642E-05 0.0927625 9.99642E-05
9.99642E-05 0.801878 0.0801915 9.99642E-05 0.0448922 9.99642E-05 0.0331021 9.99642E-05 0.039536
0.0133553 0.475198 0.277167 9.99731E-05 9.99731E-05 0.0943276 9.99731E-05 0.00589362 0.133759
9.993E-05 9.993E-05 9.993E-05 9.993E-05 9.993E-05 9.993E-05 9.993E-05 0.999201 9.993E-05
9.99641E-05 0.245821 0.136471 0.148625 9.99641E-05 0.179181 9.99641E-05 0.289502 9.99641E-05
9.99463E-05 0.481724 9.99463E-05 9.99463E-05 0.437383 0.0802929 9.99463E-05 9.99463E-05 9.99463E-05
9.99731E-05 0.0545151 9.99731E-05 0.176116 0.328875 0.10602 0.256155 0.0780193 9.99731E-05
9.99553E-05 0.000852572 9.99553E-05 0.226262 9.99553E-05 0.374339 9.99553E-05 0.398047 9.99553E-05
9.99641E-05 9.99641E-05 0.257897 0.239426 0.303612 0.116078 9.99641E-05 9.99641E-05 0.0825882
9.99551E-05 0.36163 0.213506 9.99551E-05 9.99551E-05 0.0991774 0.325186 9.99551E-05 9.99551E-05
0.0510273 0.802854 9.99465E-05 0.145519 9.99465E-05 9.99465E-05 9.99465E-05 9.99465E-05 9.99465E-05
9.99553E-05 0.0990123 9.99553E-05 9.99553E-05 0.504101 9.99553E-05 0.327255 0.0691321 9.99553E-05
0.0250003 0.0920469 0.196196 0.277388 0.358105 9.9973E-05 9.9973E-05 9.9973E-05 0.0509634
0.152246 0.712816 9.99553E-05 0.0614161 9.99553E-05 9.99553E-05 9.99553E-05 9.99553E-05 0.0730213
0.0500311 0.687791 0.0321123 9.99731E-05 9.99731E-05 0.0454308 0.0733921 0.110942 9.99731E-05
0.0661735 0.0683457 9.99641E-05 0.339083 0.280799 9.99641E-05 0.245199 9.99641E-05 9.99641E-05
9.99731E-05 0.145669 0.50053 0.175873 9.99731E-05 9.99731E-05 0.0554047 0.0287107 0.0935123
9.99552E-05 0.652221 9.99552E-05 0.183775 9.99552E-05 0.128552 9.99552E-05 9.99552E-05 0.0349515
0.00172008 0.578254 9.99731E-05 0.066062 9.99731E-05 0.0535763 0.278706 0.0213819 9.99731E-05
9.99731E-05 0.0403608 0.0376047 0.37445 9.99731E-05 0.211001 9.99731E-05 0.0499796 0.286304
0.93499 9.99462E-05 9.99462E-05 9.99462E-05 9.99462E-05 9.99462E-05 0.0402856 0.0241248 9.99462E-05
0.0643127 0.0433004 0.629921 0.0152571 9.99732E-05 9.99732E-05 0.169313 9.99732E-05 0.0775959
9.99462E-05 9.99462E-05 9.99462E-05 0.220447 0.495725 0.283228 9.99462E-05 9.99462E-05 9.99462E-05
9.995E-05 9.995E-05 0.607271 9.995E-05 9.995E-05 0.161776 0.112735 0.117718 9.995E-05
0.106846 9.99642E-05 0.332282 0.0622615 9.99642E-05 0.114165 9.99642E-05 0.384046 9.99642E-05
0.0455797 9.9982E-05 0.273993 0.27859 9.9982E-05 0.0386623 0.0985694 0.0452672 0.219139
9.99643E-05 0.707244 9.99643E-05 0.0100476 0.184516 9.99643E-05 0.028302 9.99643E-05 0.0694902
0.999201 9.993E-05 9.993E-05 9.993E-05 9.993E-05 9.993E-05 9.993E-05 9.993E-05 9.993E-05
9.99643E-05 0.196657 9.99643E-05 0.311742 0.221721 0.115077 9.99643E-05 0.154403 9.99643E-05
0.0582046 0.599356 9.99552E-05 9.99552E-05 0.334466 9.99552E-05 0.00747384 9.99552E-05 9.99552E-05
0.029617 0.0382642 0.015936 9.99642E-05 0.837069 9.99642E-05 9.99642E-05 9.99642E-05 0.0787139
0.0275176 0.0349701 0.446734 0.00326137 0.0941232 9.9982E-05 0.176305 9.9982E-05 0.216889
