0.668719 0.00475926 0.0533422 0.101647 0.148144 9.9973E-05 0.0230895 9.9973E-05 9.9973E-05
0.156123 9.9973E-05 9.9973E-05 0.0457009 0.189765 0.192361 0.219578 9.9973E-05 0.196173
0.14418 0.0084426 0.0641876 0.0232806 0.0511723 0.0613254 0.173614 0.221767 0.25203
0.225722 0.0798527 9.9982E-05 0.109734 9.9982E-05 0.0522576 0.155626 0.155517 0.221091
0.0703389 0.0490853 0.204242 0.0878997 9.9991E-05 0.0414204 0.0298918 0.384626 0.132396
0.0757674 0.0162852 0.378087 0.0788297 0.0725391 9.9982E-05 9.9982E-05 0.316943 0.0613488
0.309386 0.00485447 0.166406 0.105388 0.0198792 0.0173294 0.101328 0.275328 9.9991E-05
0.145738 0.0393221 0.204478 0.0774127 9.9991E-05 0.0763056 0.333375 0.118098 0.00517001
9.9955E-05 9.9955E-05 0.296785 0.107792 0.100648 9.9955E-05 9.9955E-05 0.494275 9.9955E-05
0.234702 0.0117426 0.0251454 0.180232 0.383825 0.164053 9.99729E-05 9.99729E-05 9.99729E-05
9.99639E-05 0.0557791 0.0588903 0.134729 0.484921 9.99639E-05 9.99639E-05 9.99639E-05 0.26528
9.99639E-05 0.00937421 0.03445 9.99639E-05 0.253767 0.104262 9.99639E-05 0.597746 9.99639E-05
0.0782625 0.044466 0.247485 0.0683324 0.157801 0.041608 9.9991E-05 0.218634 0.143312
0.104008 0.060082 0.0372694 0.103794 9.9982E-05 0.114288 0.107006 0.473352 9.9982E-05
9.9946E-05 9.9946E-05 0.897688 0.0237651 9.9946E-05 9.9946E-05 0.077947 9.9946E-05 9.9946E-05
0.201503 0.0941819 0.156954 0.0831958 9.9982E-05 0.036787 0.412612 0.014566 9.9982E-05
9.9955E-05 9.9955E-05 0.74964 0.0927264 9.9955E-05 9.9955E-05 0.0765172 0.0806171 9.9955E-05
0.0227915 0.151188 0.168994 0.0490221 9.9991E-05 0.137409 0.121387 0.0089353 0.340173
0.279249 0.0841555 0.0814996 9.9973E-05 0.338267 9.9973E-05 9.9973E-05 0.0781561 0.138373
0.0185013 0.0367394 9.9991E-05 0.0530358 0.0262584 0.0412774 0.148251 0.418471 0.257365
0.187142 0.0699986 0.273991 0.0328422 0.129012 9.9991E-05 0.0949479 0.018309 0.193657
0.0141269 0.0191915 0.642861 0.0260563 0.286688 9.9973E-05 9.9973E-05 9.9973E-05 0.0107765
0.100906 0.168934 9.9991E-05 0.0567367 0.00145516 0.0279614 0.20638 0.0900895 0.347437
0.0662322 0.0352733 0.13411 9.9982E-05 9.9982E-05 0.228611 0.0755779 0.208151 0.251845
9.9955E-05 0.0636005 0.15562 0.233232 0.547048 9.9955E-05 9.9955E-05 9.9955E-05 9.9955E-05
0.230762 0.0275911 0.249077 0.0552798 0.018419 0.137761 0.0976431 9.9991E-05 0.183367
0.0711434 0.0628465 0.114506 0.100795 0.249386 0.153448 0.187699 9.9991E-05 0.0600759
0.478927 0.0738608 0.0517391 0.147067 0.00995217 0.136403 0.0617266 9.9991E-05 0.0402248
0.057426 9.9973E-05 0.493423 0.0118124 0.0315303 0.162972 9.9973E-05 9.9973E-05 0.242536
9.99549E-05 9.99549E-05 9.99549E-05 9.99549E-05 9.99549E-05 0.618626 0.0892494 0.0765916 0.215033
9.9982E-05 0.0394472 0.173901 0.0312188 0.152491 0.0136315 9.9982E-05 0.195692 0.393418
0.00594062 0.0440665 9.9982E-05 0.0340801 0.758973 0.0424666 0.00374001 9.9982E-05 0.110533
0.30189 9.9955E-05 0.27985 9.9955E-05 9.9955E-05 9.9955E-05 9.9955E-05 0.0826505 0.33511
9.99729E-05 0.0548525 0.326089 0.059493 9.99729E-05 9.99729E-05 0.0996351 0.00466258 0.454968
0.243096 0.0836495 0.192093 0.149438 0.119462 9.9982E-05 9.9982E-05 0.0447752 0.167286
0.986206 0.0130945 9.9937E-05 9.9937E-05 9.9937E-05 9.9937E-05 9.9937E-05 9.9937E-05 9.9937E-05
0.312322 0.00189125 0.00900858 0.0705069 9.9973E-05 0.0259511 9.9973E-05 9.9973E-05 0.58002
0.249994 9.9964E-05 0.133062 0.111355 0.439034 0.0661553 9.9964E-05 9.9964E-05 9.9964E-05
9.9973E-05 9.9973E-05 0.17545 0.0611968 9.9973E-05 0.0886117 0.0714326 0.410158 0.192851
0.186292 0.0138067 0.187292 0.00809521 9.9982E-05 9.9982E-05 0.214551 0.154356 0.235408
9.9973E-05 0.0339341 0.183393 9.9973E-05 0.380449 0.0039957 0.0907722 9.9973E-05 0.307156
9.9964E-05 0.0316912 9.9964E-05 0.101725 0.201717 9.9964E-05 0.213869 9.9964E-05 0.450598
0.276916 0.0434356 9.9982E-05 0.0180761 0.145614 9.9982E-05 0.15407 0.0404663 0.321222
0.387175 9.99551E-05 9.99551E-05 9.99551E-05 0.313597 0.10892 9.99551E-05 9.99551E-05 0.189809
9.9964E-05 0.0564789 0.0565602 9.9964E-05 0.790197 9.9964E-05 0.0935184 0.0028456 9.9964E-05
0.0255266 0.0338614 0.0330363 0.201001 0.10976 9.9982E-05 9.9982E-05 0.346341 0.250274
0.131728 9.99549E-05 9.99549E-05 9.99549E-05 9.99549E-05 0.0840512 9.99549E-05 0.445927 0.337794
0.0770928 9.9973E-05 9.9973E-05 9.9973E-05 0.0673824 0.130156 0.131399 0.326029 0.267641
9.9982E-05 0.0273824 0.311096 0.0106684 0.273981 0.0334506 0.0859026 9.9982E-05 0.257319
0.167079 0.0483797 0.123712 9.9991E-05 0.0693998 0.0451175 0.181881 0.0653176 0.299013
0.0905227 0.125279 0.31278 0.106691 0.128524 0.00618626 0.177804 0.0521137 9.9991E-05
0.122119 0.0899766 9.9982E-05 0.000172073 9.9982E-05 0.0752059 0.140898 0.225793 0.345634
0.112791 0.077959 9.9991E-05 0.0141407 0.0401981 0.0894731 0.51643 0.0239928 0.124915
9.99639E-05 9.99639E-05 0.305306 0.206324 9.99639E-05 0.13603 0.191554 0.160386 9.99639E-05
9.9955E-05 0.0252631 9.9955E-05 9.9955E-05 0.676002 0.122138 0.176097 9.9955E-05 9.9955E-05
0.161079 0.0833917 0.129534 0.0447598 0.075655 9.9973E-05 9.9973E-05 9.9973E-05 0.50528
9.99551E-05 0.00959333 9.99551E-05 9.99551E-05 0.713154 9.99551E-05 0.133773 0.14298 9.99551E-05
0.0359393 0.0512132 0.0366348 0.0191943 0.481564 0.0326566 0.0105114 0.332187 9.9991E-05
9.99729E-05 9.99729E-05 0.180546 0.0448384 0.188829 9.99729E-05 0.0138615 0.0186747 0.55295
0.0345825 0.0148471 0.218896 0.116314 0.440671 9.9982E-05 0.0330756 9.9982E-05 0.141413
9.9964E-05 0.0193789 0.0561823 9.9964E-05 9.9964E-05 0.0465998 9.9964E-05 0.0501852 0.827254
0.00849713 0.078916 0.132771 0.0885694 0.0150503 9.9982E-05 9.9982E-05 0.0938801 0.582116
0.0997111 0.0110431 0.482884 9.9982E-05 0.0290002 9.9982E-05 0.00820333 0.16922 0.199739
9.9955E-05 0.0520207 9.9955E-05 0.00383258 9.9955E-05 0.848894 9.9955E-05 9.9955E-05 0.0947524
0.21697 9.9964E-05 9.9964E-05 0.175394 9.9964E-05 9.9964E-05 0.227848 0.0672458 0.312141
0.97426 0.0101926 9.9946E-05 0.0149476 9.9946E-05 9.9946E-05 9.9946E-05 9.9946E-05 9.9946E-05
0.252558 0.0739068 9.9982E-05 0.0838448 0.177516 9.9982E-05 0.014974 0.127091 0.26991
9.9955E-05 9.9955E-05 0.604272 9.9955E-05 9.9955E-05 0.0360888 9.9955E-05 0.20605 0.153089
0.232391 9.9955E-05 0.320224 9.9955E-05 9.9955E-05 0.0679491 9.9955E-05 9.9955E-05 0.378937
0.0298194 0.0578186 0.0123143 0.0573365 0.042465 0.193668 0.216805 0.0368962 0.352876
9.9982E-05 9.9982E-05 0.0456904 0.133339 0.331751 0.0609952 0.102614 0.267824 0.0575872
0.150486 0.032726 0.707766 9.9964E-05 0.0473965 9.9964E-05 0.0612262 9.9964E-05 9.9964E-05
0.0525842 0.13601 0.337623 0.0013623 0.158243 0.0525991 9.9991E-05 0.0313699 0.230108
9.9982E-05 0.00835996 0.307396 0.0149148 0.320897 0.0484181 0.0918284 9.9982E-05 0.207985
0.0755719 9.9973E-05 0.229572 0.11768 0.434264 0.137269 0.00534333 9.9973E-05 9.9973E-05
9.9964E-05 9.9964E-05 9.9964E-05 0.0629513 0.163607 9.9964E-05 0.235106 0.313584 0.224352
0.00230181 0.134544 0.189095 0.0172619 0.260518 9.9991E-05 0.0705386 0.291036 0.0346046
9.9937E-05 0.0179293 9.9937E-05 9.9937E-05 9.9937E-05 9.9937E-05 9.9937E-05 9.9937E-05 0.981371
0.0203515 9.9937E-05 9.9937E-05 9.9937E-05 9.9937E-05 9.9937E-05 9.9937E-05 9.9937E-05 0.978949
9.9973E-05 0.0494045 0.100787 0.0106955 0.00828297 0.0678143 9.9973E-05 9.9973E-05 0.762716
0.141303 0.121899 0.226902 0.0193101 0.12787 0.0736475 9.9982E-05 9.9982E-05 0.288868
0.253341 0.0294429 0.199636 0.0379158 9.9982E-05 0.0374864 9.9982E-05 0.144598 0.29738
9.9964E-05 9.9964E-05 9.9964E-05 0.0125334 0.312739 0.140814 9.9964E-05 0.0460384 0.487475
9.99641E-05 0.0915504 9.99641E-05 0.0163447 9.99641E-05 0.0648148 0.260503 9.99641E-05 0.566388
0.0547819 0.0546723 0.412845 9.9982E-05 0.0558288 0.0127533 9.9982E-05 0.128189 0.28073
0.235007 9.9964E-05 9.9964E-05 0.0206587 0.55946 9.9964E-05 0.152064 0.0324106 9.9964E-05
0.660275 9.99639E-05 0.0964535 9.99639E-05 9.99639E-05 0.0282344 9.99639E-05 0.0808332 0.133804
9.99461E-05 0.0327907 9.99461E-05 0.0459537 9.99461E-05 9.99461E-05 9.99461E-05 0.920656 9.99461E-05
0.146749 0.0632222 0.500908 0.0752335 9.9973E-05 0.134118 0.0794685 9.9973E-05 9.9973E-05
0.154713 0.0484611 0.126388 9.9973E-05 0.517211 9.9973E-05 0.0684946 0.0844321 9.9973E-05
0.0138283 9.99459E-05 9.99459E-05 0.0174865 9.99459E-05 0.968086 9.99459E-05 9.99459E-05 9.99459E-05
9.9964E-05 0.0216856 0.562274 0.0853269 0.308641 9.9964E-05 9.9964E-05 0.0216727 9.9964E-05
0.0921533 0.0420834 0.00098542 0.0130631 9.9973E-05 9.9973E-05 9.9973E-05 0.20727 0.644144
0.119518 0.06781 0.514259 9.9982E-05 0.0129291 0.0560771 0.139267 9.9982E-05 0.0899403
0.147838 0.00204051 0.109173 0.0497021 9.9973E-05 9.9973E-05 0.043422 9.9973E-05 0.647524
0.146967 9.9982E-05 0.214142 0.0401456 9.9982E-05 0.0141491 0.0960284 0.154571 0.333797
0.169603 9.9964E-05 9.9964E-05 0.186279 0.333203 0.00680416 0.303711 9.9964E-05 9.9964E-05
0.117143 9.9982E-05 0.156612 0.162051 0.0631085 0.00668533 9.9982E-05 0.194291 0.299909
0.0119886 0.110946 0.152151 0.00996422 9.9973E-05 0.456289 9.9973E-05 0.258361 9.9973E-05
0.147751 9.9982E-05 0.265552 9.9982E-05 0.0375835 0.236194 0.0173014 0.0419973 0.253421
0.223414 0.0215156 0.366908 0.0185613 9.9982E-05 0.121399 9.9982E-05 0.115285 0.132716
9.993E-05 9.993E-05 9.993E-05 9.993E-05 9.993E-05 0.999201 9.993E-05 9.993E-05 9.993E-05
9.9991E-05 0.0676464 0.367225 0.146535 0.0728885 0.0634641 0.184855 0.00892054 0.0883648
9.99369E-05 0.00609257 9.99369E-05 0.993208 9.99369E-05 9.99369E-05 9.99369E-05 9.99369E-05 9.99369E-05
0.240128 0.00590253 9.9991E-05 0.0828368 0.17875 0.0830456 0.192484 0.0910073 0.125746
0.168937 9.9964E-05 9.9964E-05 9.9964E-05 0.298001 9.9964E-05 0.278784 0.0375137 0.216364
0.129077 9.9982E-05 0.310083 9.9982E-05 0.0715424 0.0589176 0.172176 0.214903 0.0431013
0.0471496 0.078613 0.0624924 0.10064 0.352587 0.0281772 0.100023 0.10032 0.129998
9.9973E-05 9.9973E-05 0.192377 0.0323497 0.190668 0.177043 0.00235549 9.9973E-05 0.404906
0.0763077 0.0239026 0.315537 9.9973E-05 0.173336 0.00887155 9.9973E-05 9.9973E-05 0.401746
0.198002 0.03098 0.334151 0.0852393 9.9991E-05 0.00688398 0.138972 0.073729 0.131943
9.9964E-05 0.033908 9.9964E-05 9.9964E-05 0.29878 0.118246 9.9964E-05 0.399587 0.149079
0.0659375 0.046613 9.9973E-05 0.0194667 0.120974 9.9973E-05 0.324594 9.9973E-05 0.422115
0.123009 9.99639E-05 0.303106 0.0364547 9.99639E-05 0.496031 9.99639E-05 0.041 9.99639E-05
0.0562177 0.0348586 0.0956723 0.0306174 0.168932 0.036775 0.0849481 0.147139 0.34484
9.993E-05 9.993E-05 9.993E-05 9.993E-05 9.993E-05 0.999201 9.993E-05 9.993E-05 9.993E-05
0.0855543 9.9973E-05 0.497431 0.223631 0.124483 9.9973E-05 0.0683323 0.000268436 9.9973E-05
0.476968 0.0322621 9.9982E-05 0.0779564 0.0377982 0.0253102 0.177203 9.9982E-05 0.172303
9.9973E-05 9.9973E-05 0.0388873 9.9973E-05 0.214158 0.0505813 0.0703569 0.305762 0.319955
0.141848 0.100168 0.0846464 0.0316565 0.502964 0.0387216 9.9982E-05 0.0997946 9.9982E-05
0.292888 0.0174188 0.414838 9.9982E-05 9.9982E-05 0.0508244 0.0940261 0.0777645 0.0520409
0.131681 0.0818353 0.429384 9.9964E-05 9.9964E-05 0.347822 9.9964E-05 0.00887822 9.9964E-05
0.0725502 0.0430691 0.45062 0.022087 9.9973E-05 0.182639 9.9973E-05 0.228734 9.9973E-05
9.9973E-05 0.0186568 0.14085 0.036421 9.9973E-05 9.9973E-05 0.214277 0.520707 0.0687881
9.9964E-05 0.0340598 0.387534 9.9964E-05 0.486334 0.0328565 9.9964E-05 0.0588163 9.9964E-05
9.9964E-05 0.000850329 0.194318 9.9964E-05 9.9964E-05 0.00569207 0.132941 0.665799 9.9964E-05
0.115779 0.0512384 0.109769 9.9982E-05 0.39842 9.9982E-05 0.059771 0.0632289 0.201593
0.0288659 0.0365819 0.102818 0.0374081 0.342916 0.0763147 9.9982E-05 9.9982E-05 0.374895
0.0939169 0.00555557 9.9973E-05 0.00273444 0.10555 9.9973E-05 0.121376 0.670567 9.9973E-05
0.16594 0.0120642 9.9991E-05 0.0646702 0.413519 0.0902258 0.0153535 0.013131 0.224996
0.619996 9.9955E-05 0.209921 9.9955E-05 9.9955E-05 0.00705952 9.9955E-05 0.162523 9.9955E-05
0.130596 0.0713402 0.0854075 0.0601549 9.9982E-05 9.9982E-05 0.0375649 0.386725 0.228011
0.0315625 9.9973E-05 9.9973E-05 0.0207802 9.9973E-05 0.243607 0.0168893 0.612245 0.0746157
9.9973E-05 0.0496078 0.0984455 9.9973E-05 0.259501 0.0755841 0.0514428 9.9973E-05 0.465119
0.277737 9.9991E-05 0.0174429 0.0948497 0.00705109 0.0274437 0.063449 0.379791 0.132135
0.00346975 0.0563795 0.0382986 0.160859 0.141006 9.9982E-05 9.9982E-05 0.302501 0.297286
9.99459E-05 9.99459E-05 0.0994068 9.99459E-05 9.99459E-05 9.99459E-05 0.880716 0.0192774 9.99459E-05
9.993E-05 9.993E-05 9.993E-05 9.993E-05 9.993E-05 9.993E-05 0.999201 9.993E-05 9.993E-05
0.0714738 0.0211377 9.9991E-05 0.00528937 0.253975 0.0288445 0.145281 0.335206 0.138693
0.0643172 0.0499555 0.136142 0.154681 9.9973E-05 9.9973E-05 0.0346932 9.9973E-05 0.559911
0.114268 0.0286287 0.153462 0.0751904 0.0941345 0.00253366 9.9991E-05 0.468792 0.0628909
9.9973E-05 0.0505868 0.294435 9.9973E-05 0.160302 9.9973E-05 0.0339332 0.00425513 0.456188
9.9973E-05 0.0114154 9.9973E-05 0.0177101 0.317303 0.115194 9.9973E-05 0.389605 0.148473
0.151801 0.014186 0.124089 0.0592644 0.451076 0.0859379 9.9982E-05 0.113445 9.9982E-05
0.0841203 0.0326772 0.55729 0.0234791 9.9991E-05 0.0747734 0.137343 0.0730467 0.0171708
0.186147 0.0763037 0.402018 9.9964E-05 9.9964E-05 0.259706 9.9964E-05 9.9964E-05 0.0754253
0.103144 0.00605229 0.327452 0.091518 0.058967 9.9973E-05 9.9973E-05 0.412567 9.9973E-05
9.993E-05 0.999201 9.993E-05 9.993E-05 9.993E-05 9.993E-05 9.993E-05 9.993E-05 9.993E-05
0.592996 0.030806 0.0601848 0.125283 9.9964E-05 9.9964E-05 9.9964E-05 9.9964E-05 0.19033
0.159024 0.00599429 9.9964E-05 0.182412 9.9964E-05 9.9964E-05 0.194325 9.9964E-05 0.457845
0.0403002 0.0176166 9.9973E-05 0.00721565 0.149196 0.0170719 9.9973E-05 0.7683 9.9973E-05
9.9973E-05 0.019246 0.313789 0.1694 9.9973E-05 9.9973E-05 0.0243861 0.386693 0.0861873
0.0236037 0.103401 9.9973E-05 9.9973E-05 0.210383 0.0609864 0.0311524 0.570174 9.9973E-05
9.9982E-05 0.0286861 0.419174 0.0546469 0.211567 0.0468875 0.0902161 0.148623 9.9982E-05
0.037146 0.0480277 9.99639E-05 9.99639E-05 0.0923407 0.0188925 9.99639E-05 0.803193 9.99639E-05
0.140046 0.0711166 0.104163 0.0588446 9.9982E-05 0.170756 0.287919 9.9982E-05 0.166955
0.0753893 0.0789931 0.0417263 9.99729E-05 0.428198 9.99729E-05 9.99729E-05 0.13469 0.240703
9.9982E-05 0.026597 0.077507 0.0875194 9.9982E-05 0.028482 0.0827173 0.252591 0.444386
0.703288 9.9946E-05 9.9946E-05 9.9946E-05 9.9946E-05 0.0973113 0.198801 9.9946E-05 9.9946E-05
0.247444 0.0504351 0.238418 9.9991E-05 0.0444602 0.0311513 0.085342 0.0760992 0.22655
0.19665 0.0604482 0.334254 0.086513 9.9964E-05 9.9964E-05 9.9964E-05 9.9964E-05 0.321735
9.993E-05 0.999201 9.993E-05 9.993E-05 9.993E-05 9.993E-05 9.993E-05 9.993E-05 9.993E-05
0.0922948 0.32659 0.246287 9.99639E-05 9.99639E-05 9.99639E-05 0.0576646 0.276763 9.99639E-05
0.050842 9.9982E-05 0.0122586 0.101083 0.117598 0.0456756 0.410945 9.9982E-05 0.261397
0.153175 0.0764687 9.9973E-05 0.0423868 0.579629 0.0504471 0.0975934 9.9973E-05 9.9973E-05
0.73051 0.0719808 9.9946E-05 9.9946E-05 0.19691 9.9946E-05 9.9946E-05 9.9946E-05 9.9946E-05
0.126406 0.0324125 0.270987 9.9982E-05 0.210188 9.9982E-05 0.0694537 0.207246 0.083107
9.9973E-05 0.010954 9.9973E-05 0.0909065 0.00987433 9.9973E-05 0.130956 0.501708 0.255301
9.993E-05 9.993E-05 9.993E-05 9.993E-05 9.993E-05 9.993E-05 0.999201 9.993E-05 9.993E-05
0.0540168 0.0236998 0.515359 9.9982E-05 9.9982E-05 0.0310445 0.150642 0.113352 0.111685
9.99549E-05 9.99549E-05 9.99549E-05 9.99549E-05 0.314192 0.15741 9.99549E-05 0.143063 0.384835
9.9982E-05 0.0103459 0.158139 0.150495 9.9982E-05 0.171941 0.250795 0.107784 0.150301
0.378388 0.0646853 9.9955E-05 0.0190744 9.9955E-05 9.9955E-05 9.9955E-05 9.9955E-05 0.537352
9.9964E-05 9.9964E-05 9.9964E-05 0.061456 0.273897 9.9964E-05 0.51028 0.111242 0.0427248
0.214413 0.061683 0.132652 9.9973E-05 9.9973E-05 9.9973E-05 0.0652993 0.0150852 0.510568
9.9964E-05 9.9964E-05 0.230372 0.10134 0.116 9.9964E-05 9.9964E-05 0.362426 0.189462
0.0860342 0.0662939 0.253191 9.9973E-05 9.9973E-05 9.9973E-05 0.0753874 0.223003 0.295791
0.0428743 0.0051596 9.9973E-05 0.0706708 0.16022 9.9973E-05 0.301797 0.418979 9.9973E-05
9.9937E-05 9.9937E-05 9.9937E-05 0.996317 9.9937E-05 9.9937E-05 0.00298311 9.9937E-05 9.9937E-05
9.9982E-05 9.9982E-05 0.174267 0.0457183 0.392988 0.0740756 0.0699092 0.197065 0.0457771
9.9946E-05 0.0251943 0.949307 0.0248988 9.9946E-05 9.9946E-05 9.9946E-05 9.9946E-05 9.9946E-05
0.183985 0.0828258 0.335686 0.0337372 0.275274 0.0881919 9.9973E-05 9.9973E-05 9.9973E-05
0.201316 9.9982E-05 0.0410876 0.00880941 0.229634 0.0933179 0.296462 9.9982E-05 0.129173
0.173658 9.9973E-05 9.9973E-05 9.9973E-05 0.118112 0.211446 0.0738211 0.309709 0.112954
0.184105 0.0273533 9.9973E-05 0.0157732 9.9973E-05 9.9973E-05 0.194266 0.387825 0.190377
9.993E-05 9.993E-05 9.993E-05 0.999201 9.993E-05 9.993E-05 9.993E-05 9.993E-05 9.993E-05
0.157592 0.0233879 0.107793 9.9982E-05 0.0857672 0.0719074 0.0194102 0.533943 9.9982E-05
0.308769 0.0567175 0.293659 0.190671 9.9982E-05 0.0701612 0.0145423 9.9982E-05 0.0652804
0.205907 0.000527873 0.222859 0.0346542 9.9982E-05 9.9982E-05 0.104559 0.196835 0.234458
0.0762014 0.0231388 0.113453 9.9982E-05 0.219343 0.0428553 0.346795 0.178013 9.9982E-05
