0.0246803 0.0193755 9.9973E-05 0.0144566 0.831716 9.9973E-05 9.9973E-05 0.109471
0.00974383 0.0297688 9.9991E-05 0.122047 0.0217143 0.353112 0.094787 0.368727
0.0440347 0.0109819 9.9991E-05 0.175636 0.206806 0.0760183 0.27139 0.215033
0.0930492 0.0463927 0.106535 0.0887537 0.240763 9.9991E-05 0.0584828 0.365923
0.0733691 0.0705393 0.10423 9.9982E-05 9.9982E-05 0.284375 0.13902 0.328266
0.0718263 0.0629237 9.9982E-05 0.0129472 9.9982E-05 0.23285 0.231852 0.387401
0.0121292 0.0683423 9.9973E-05 9.9973E-05 0.260776 0.381059 9.9973E-05 0.277394
0.0243394 0.101287 9.9982E-05 0.232159 0.148309 0.273305 0.220401 9.9982E-05
9.9964E-05 9.9964E-05 0.0390125 9.9964E-05 0.146277 9.9964E-05 0.652982 0.161329
0.161975 0.0420373 0.105997 9.9982E-05 0.167763 0.281946 0.240082 9.9982E-05
0.168776 0.0521209 0.0155028 0.118136 0.186294 0.0781566 0.354508 0.0265064
9.9973E-05 0.115351 0.052466 9.9973E-05 0.150673 0.0506081 0.630602 9.9973E-05
0.0975193 0.100725 0.124344 9.99729E-05 9.99729E-05 0.414149 9.99729E-05 0.262962
0.0848186 0.0764342 0.185207 0.038257 0.200234 0.00732601 0.0500935 0.35763
0.0598762 0.207054 9.9991E-05 0.311649 0.00780001 0.216247 0.00892555 0.188348
0.00143259 0.0577895 0.17487 0.396563 0.226314 9.9991E-05 0.107353 0.0355775
0.120532 0.0748857 0.0993172 0.231329 9.9973E-05 9.9973E-05 9.9973E-05 0.473636
0.0572042 0.103984 0.156575 9.9982E-05 0.305077 0.153497 9.9982E-05 0.223462
9.9973E-05 0.117043 9.9973E-05 9.9973E-05 0.165176 0.0126473 0.380876 0.323957
0.0626548 0.0202605 0.073702 0.229435 0.250079 9.9991E-05 0.209323 0.154446
0.0687017 0.109614 9.9991E-05 0.0971295 0.23559 0.147837 0.100656 0.240372
0.0141523 0.0528908 9.9982E-05 0.038487 0.107345 0.782325 9.9982E-05 0.00459991
0.00982615 0.169035 9.9991E-05 0.111455 0.0663341 0.158122 0.219357 0.265771
9.9982E-05 0.035298 0.213371 0.202964 0.169546 9.9982E-05 0.0886865 0.289934
0.209372 0.08506 9.9964E-05 9.9964E-05 0.20519 9.9964E-05 0.499977 9.9964E-05
0.0142913 0.0101146 0.122254 0.102996 0.359135 9.9982E-05 9.9982E-05 0.391009
0.0942126 0.10209 0.0791384 0.292333 0.206551 0.198428 0.0188468 0.00840061
0.101828 0.0944651 0.0818532 9.9991E-05 0.122114 0.188444 0.137405 0.273791
0.0479252 9.9991E-05 0.151884 0.0964946 0.107514 0.115239 0.226486 0.254358
9.9982E-05 0.0216837 0.660478 0.0396395 9.9982E-05 0.104922 0.0101284 0.162949
0.0261217 0.0954358 0.0689102 0.0432178 9.9982E-05 9.9982E-05 0.428236 0.337878
0.0337388 0.0060054 9.9973E-05 9.9973E-05 0.406655 0.101812 0.451489 9.9973E-05
9.9964E-05 0.177737 0.0815757 0.101432 9.9964E-05 9.9964E-05 9.9964E-05 0.638856
0.124188 0.0903892 0.0201629 0.136173 0.0297314 0.0787653 9.9991E-05 0.520489
0.154141 0.0875244 0.0796268 0.00562358 0.22843 0.0430044 0.10446 0.297189
9.9946E-05 0.0399882 9.9946E-05 9.9946E-05 0.959412 9.9946E-05 9.9946E-05 9.9946E-05
0.138434 0.0257633 9.9991E-05 0.0224114 0.0678746 0.106073 0.0259788 0.613365
0.0881475 9.9955E-05 0.0894744 9.9955E-05 0.821878 9.9955E-05 9.9955E-05 9.9955E-05
0.113332 0.0327053 0.146698 0.0844451 9.9991E-05 0.0278469 0.381993 0.21288
0.0094168 0.147037 9.9982E-05 0.203062 0.174721 9.9982E-05 0.236496 0.229067
0.0901872 0.0609797 0.0268143 0.138455 0.0833418 0.540388 9.9991E-05 0.0597339
0.0929288 0.0217323 0.0177112 0.192333 0.122258 0.318796 9.9991E-05 0.234141
0.044402 0.0623736 0.0230295 0.187369 0.0473248 0.626045 9.9991E-05 0.00935693
9.9973E-05 9.9973E-05 0.087716 9.9973E-05 0.234704 0.279552 0.234221 0.163507
9.9964E-05 0.0863516 9.9964E-05 9.9964E-05 0.292436 0.609235 0.0115781 9.9964E-05
0.180742 0.0199084 0.00210219 9.9991E-05 0.169149 0.0302935 0.354591 0.243114
0.00750623 0.09901 0.0549806 9.9982E-05 9.9982E-05 0.336126 0.144742 0.357436
9.9982E-05 0.0197218 0.0635152 0.210436 9.9982E-05 0.315758 0.132553 0.257815
9.999E-05 0.0434731 0.0797264 0.217006 0.261705 0.286436 0.0509038 0.0606488
9.9982E-05 0.03043 0.144635 0.249528 0.0448744 0.0521828 0.47815 9.9982E-05
0.0192957 0.131382 0.13788 0.0635053 0.480609 9.9991E-05 0.125439 0.0417893
0.00107124 0.104332 0.0305623 0.0320269 0.025403 9.9991E-05 0.533209 0.273296
0.0348966 0.016871 0.102037 0.620204 9.9973E-05 9.9973E-05 9.9973E-05 0.225691
0.129405 0.0734798 0.0422637 0.237981 0.00206944 0.127443 0.306082 0.0812762
0.0104283 9.99862E-05 0.228413 0.24575 0.13636 0.200708 0.178141 9.99862E-05
9.9964E-05 0.0910138 9.9964E-05 9.9964E-05 9.9964E-05 0.607498 0.0905922 0.210496
9.99641E-05 9.99641E-05 0.0516615 9.99641E-05 0.0723334 0.333115 0.542491 9.99641E-05
0.0477942 0.00920166 0.110699 9.9991E-05 0.134669 0.408584 0.265549 0.0234029
0.032514 0.0499752 0.14777 0.159181 0.0023334 9.9991E-05 0.432111 0.176016
0.118507 0.0420666 0.0184147 0.111362 0.236814 0.126979 0.345757 9.9991E-05
9.994E-05 9.994E-05 9.994E-05 9.994E-05 9.994E-05 9.994E-05 9.994E-05 0.9993
9.9964E-05 0.134529 9.9964E-05 9.9964E-05 0.0793209 0.352644 9.9964E-05 0.433105
9.9973E-05 0.0987349 9.9973E-05 9.9973E-05 0.0805184 0.155362 0.194412 0.470673
9.9955E-05 0.0381257 0.885835 9.9955E-05 0.0755399 9.9955E-05 9.9955E-05 9.9955E-05
0.110089 9.9973E-05 9.9973E-05 0.134442 0.281791 9.9973E-05 0.199369 0.274008
9.9955E-05 9.9955E-05 9.9955E-05 0.0169027 0.788925 9.9955E-05 9.9955E-05 0.193673
9.9955E-05 0.115758 9.9955E-05 9.9955E-05 0.413815 9.9955E-05 9.9955E-05 0.469927
9.99861E-05 0.0453753 0.0732193 0.0327295 9.99861E-05 0.330152 0.265209 0.253115
9.9964E-05 0.0190433 0.0435002 9.9964E-05 0.41222 9.9964E-05 9.9964E-05 0.524837
0.102699 0.127114 0.0608156 0.140032 9.9991E-05 0.231559 0.0701765 0.267505
0.168461 0.0257247 0.148361 0.052285 9.9991E-05 0.0303424 0.330335 0.244392
9.9973E-05 0.124596 0.10144 0.152802 0.418461 0.202402 9.9973E-05 9.9973E-05
0.0355245 0.130237 0.21412 0.0289107 0.159607 0.165434 9.9991E-05 0.266066
0.102479 0.0396761 0.0114192 0.291117 9.9991E-05 0.190353 0.320157 0.0446993
0.176072 0.0184371 0.064192 0.0999431 0.134707 0.506449 9.9982E-05 9.9982E-05
0.117289 0.03798 0.048733 0.332522 9.9982E-05 9.9982E-05 0.425627 0.0376496
0.0452363 0.147777 9.9973E-05 0.0363106 9.9973E-05 0.6643 9.9973E-05 0.106076
0.0685824 0.0393001 9.9964E-05 9.9964E-05 9.9964E-05 0.196128 9.9964E-05 0.695589
0.00679675 9.9955E-05 9.9955E-05 9.9955E-05 9.9955E-05 9.9955E-05 0.00976407 0.982939
0.0428773 0.0893243 9.9973E-05 0.0259258 9.9973E-05 0.102028 9.9973E-05 0.739544
0.0220338 0.0837183 0.069247 0.10422 0.263296 0.0776261 0.153405 0.226454
0.0171095 0.0852561 0.0074953 9.9982E-05 0.117962 9.9982E-05 0.304513 0.467464
0.0899233 9.9991E-05 0.189626 0.0695632 0.0850365 0.130777 0.252703 0.182271
0.0118142 0.106584 0.0371013 0.212523 9.9982E-05 9.9982E-05 0.384997 0.24678
9.9991E-05 0.106917 0.118306 0.0265731 0.117536 0.0254457 0.0487505 0.556371
0.130356 9.9982E-05 9.9982E-05 0.0793752 0.43619 0.252387 0.0372599 0.064232
9.9973E-05 0.023376 9.9973E-05 0.0830437 0.518668 0.152989 9.9973E-05 0.221623
0.0286401 0.162643 9.9964E-05 9.9964E-05 9.9964E-05 0.265027 0.543291 9.9964E-05
0.102395 0.111651 0.155772 0.113125 0.28456 0.095451 9.9991E-05 0.136946
9.9964E-05 0.101378 9.9964E-05 9.9964E-05 0.217913 0.250026 0.430283 9.9964E-05
0.0527246 9.99459E-05 0.946676 9.99459E-05 9.99459E-05 9.99459E-05 9.99459E-05 9.99459E-05
0.104083 0.0381351 9.9982E-05 0.0517258 0.137542 0.447847 0.220466 9.9982E-05
9.9982E-05 0.0941022 0.0092188 0.195254 0.0548781 9.9982E-05 0.184927 0.461419
9.9991E-05 0.112216 0.0324572 0.304782 0.030569 0.190842 0.105541 0.223492
9.9973E-05 0.0304462 9.9973E-05 0.0905514 0.221589 0.00938882 9.9973E-05 0.647724
0.0327516 0.0164959 0.0910349 0.02737 0.0764305 0.342299 0.0316714 0.381947
0.0361936 9.9964E-05 9.9964E-05 0.0973158 0.246114 0.619977 9.9964E-05 9.9964E-05
0.146972 0.0703394 9.9982E-05 0.0640643 9.9982E-05 0.331256 0.143623 0.243546
9.99666E-05 0.104463 0.428955 9.99666E-05 9.99666E-05 0.27983 0.186352 9.99666E-05
9.9982E-05 0.00303138 0.239073 0.0460206 0.0834572 0.299518 9.9982E-05 0.328699
0.0538502 0.0599671 0.116117 9.9991E-05 0.228828 0.246627 0.22673 0.0677807
9.994E-05 9.994E-05 0.9993 9.994E-05 9.994E-05 9.994E-05 9.994E-05 9.994E-05
0.150729 0.0836035 0.0277351 0.208022 9.9991E-05 0.137428 0.188301 0.204082
0.95198 0.0100061 9.99639E-05 9.99639E-05 0.0362407 9.99639E-05 9.99639E-05 0.00137304
0.0393435 0.0232147 0.0833458 0.226903 0.214369 9.9982E-05 0.412624 9.9982E-05
0.00574841 9.99639E-05 9.99639E-05 0.303258 9.99639E-05 0.447892 0.242702 9.99639E-05
0.00506415 0.0512702 9.9991E-05 0.191498 0.120597 0.217459 0.0766378 0.337374
0.120952 0.0518455 9.9991E-05 0.0155404 0.183247 0.373952 0.0152851 0.239078
9.9973E-05 9.9973E-05 0.191009 0.13471 9.9973E-05 0.0260789 0.252597 0.395305
9.9982E-05 0.0600079 0.120894 0.0142365 0.438433 0.149278 9.9982E-05 0.216951
0.0896698 0.0795196 9.9991E-05 0.10561 0.0267209 0.0785106 0.266715 0.353155
0.0461222 0.0624383 0.0899916 9.9973E-05 9.9973E-05 0.550847 0.250301 9.9973E-05
0.0505659 9.9982E-05 0.0602587 0.376362 0.155054 9.9982E-05 0.210695 0.146864
9.9982E-05 0.0958159 0.416846 9.9982E-05 0.0768112 0.14842 0.0461301 0.215776
0.0770382 9.9982E-05 0.0093124 0.229598 0.0354424 0.466195 9.9982E-05 0.182215
9.994E-05 9.994E-05 0.9993 9.994E-05 9.994E-05 9.994E-05 9.994E-05 9.994E-05
0.144061 0.0478757 9.9991E-05 0.0736258 0.159429 0.184884 0.353706 0.0363186
9.9982E-05 0.0955844 0.0217071 0.0127113 0.549383 0.0458614 9.9982E-05 0.274553
9.9964E-05 0.0282429 9.9964E-05 9.9964E-05 9.9964E-05 0.673715 0.136368 0.161275
0.0596528 0.039956 9.9973E-05 9.9973E-05 0.34335 0.34531 0.211432 9.9973E-05
0.0602179 0.111487 9.9982E-05 0.0823788 0.161041 0.0298326 9.9982E-05 0.554843
9.9973E-05 0.103787 0.407694 9.9973E-05 0.227356 9.9973E-05 0.00374976 0.257113
0.0320739 0.0713441 0.158565 0.0217364 9.9982E-05 0.374448 9.9982E-05 0.341632
0.0400983 0.0051995 9.9982E-05 0.161116 9.9982E-05 0.049397 0.303675 0.440314
0.0307424 0.0842318 0.0905025 0.0118353 0.0872757 0.426997 0.268315 9.9991E-05
9.9982E-05 0.0439327 0.0551609 0.125325 9.9982E-05 0.127111 0.329385 0.318886
9.9973E-05 0.0515309 9.9973E-05 0.291276 0.0739812 0.10524 0.477672 9.9973E-05
0.0181961 9.9982E-05 0.103973 0.0292848 0.289592 9.9982E-05 0.208826 0.349928
9.9973E-05 0.0250742 9.9973E-05 0.0590422 9.9973E-05 0.0314651 0.753159 0.130959
0.0670951 0.00692349 0.206823 9.9982E-05 0.536735 0.0668445 0.115379 9.9982E-05
9.9964E-05 0.0704877 9.9964E-05 9.9964E-05 0.443564 0.370787 9.9964E-05 0.114761
0.0406537 0.097151 0.208753 0.0664263 9.9982E-05 0.122955 9.9982E-05 0.463861
9.9973E-05 0.0186189 0.250346 9.9973E-05 9.9973E-05 0.258702 0.22402 0.248014
9.9982E-05 0.0962182 0.0906641 0.206754 9.9982E-05 0.125327 0.104913 0.375924
0.0176049 0.0413476 9.9982E-05 9.9982E-05 0.104996 0.135052 0.505184 0.195615
0.0163931 0.0618691 9.9973E-05 9.9973E-05 0.00328899 9.9973E-05 0.677889 0.24026
9.9955E-05 9.9955E-05 9.9955E-05 0.902502 9.9955E-05 9.9955E-05 0.0831966 0.0138021
9.994E-05 9.994E-05 9.994E-05 0.9993 9.994E-05 9.994E-05 9.994E-05 9.994E-05
9.9964E-05 0.0969601 9.9964E-05 9.9964E-05 0.0592442 0.711209 0.132187 9.9964E-05
0.0900917 0.0350754 0.064493 9.9982E-05 0.0826884 9.9982E-05 0.121773 0.605679
0.103744 0.102248 9.9973E-05 9.9973E-05 9.9973E-05 0.574929 0.199572 0.0192072
0.0940645 0.0894345 9.9973E-05 0.238119 9.9973E-05 9.9973E-05 0.398921 0.179161
0.111895 0.018747 0.0784671 9.9991E-05 0.00417406 0.00686983 0.181952 0.597795
0.070177 0.0543459 0.014808 9.9982E-05 0.324302 0.215345 0.320822 9.9982E-05
0.09739 0.102157 0.0438061 0.150234 0.0258804 0.0966214 9.9991E-05 0.483811
0.0751279 0.0768504 0.439706 9.9982E-05 0.257242 0.0982229 9.9982E-05 0.0526515
0.0586278 0.0537768 9.9982E-05 0.107132 0.0288355 0.606509 9.9982E-05 0.144919
9.994E-05 0.9993 9.994E-05 9.994E-05 9.994E-05 9.994E-05 9.994E-05 9.994E-05
0.103572 0.135046 9.9973E-05 9.9973E-05 0.511155 0.0622716 9.9973E-05 0.187656
0.172297 0.0657311 9.9991E-05 0.089302 0.1202 0.184642 0.17572 0.192007
9.9964E-05 0.0958509 0.0425378 9.9964E-05 9.9964E-05 9.9964E-05 0.779699 0.0815124
0.136925 0.0454436 9.9982E-05 9.9982E-05 0.0915215 0.221132 0.252161 0.252616
0.0540285 0.131168 0.0940466 0.0423886 0.063628 0.230477 0.384163 9.9991E-05
0.0287522 0.107309 0.0420344 0.214471 9.9982E-05 0.443034 9.9982E-05 0.164199
9.9982E-05 0.0908799 0.0337277 0.0347052 9.9982E-05 0.189588 0.428242 0.222658
0.0581613 0.103071 0.109137 0.205718 9.9982E-05 0.492274 9.9982E-05 0.0314389
0.0183057 0.0326104 9.9982E-05 9.9982E-05 0.22813 0.206541 0.292322 0.221891
0.0145363 0.0639705 0.107924 9.9991E-05 0.093023 0.235723 0.18641 0.298313
9.9964E-05 9.9964E-05 0.176151 0.0712951 0.701735 9.9964E-05 9.9964E-05 0.0504192
0.0350977 0.0906559 0.0288783 0.130874 0.141614 0.340669 0.0903743 0.141837
0.0415661 0.0807382 9.9982E-05 9.9982E-05 0.342204 0.0653459 0.1472 0.322746
9.994E-05 0.9993 9.994E-05 9.994E-05 9.994E-05 9.994E-05 9.994E-05 9.994E-05
0.0360846 0.454606 9.9991E-05 0.20822 0.137043 0.0136097 0.0768991 0.0734373
0.0776025 9.9973E-05 0.00455699 0.304377 9.9973E-05 0.566459 9.9973E-05 0.0467044
0.0506231 0.0988317 0.0109521 0.0468899 0.112691 0.412457 0.247394 0.0201603
0.0789915 0.0409665 0.00964514 0.00531583 0.780246 0.0846354 9.9982E-05 9.9982E-05
0.0276486 0.124908 9.9991E-05 0.166622 0.155373 0.111489 0.0910309 0.32283
0.142149 0.0554907 9.9982E-05 0.201337 9.9982E-05 0.211414 0.25512 0.134289
9.994E-05 9.994E-05 9.994E-05 0.9993 9.994E-05 9.994E-05 9.994E-05 9.994E-05
9.9982E-05 0.142745 0.0981801 0.0955285 0.049479 0.318416 9.9982E-05 0.295452
9.99729E-05 9.99729E-05 0.107002 0.145071 0.0567927 9.99729E-05 0.455367 0.235467
0.0839693 0.0367796 0.0611031 0.238798 0.0521251 9.9991E-05 0.367469 0.159656
0.00854385 0.146155 0.0857444 0.0827164 0.139522 0.161167 0.108688 0.267464
0.110447 9.9973E-05 9.9973E-05 0.410412 0.105419 9.9973E-05 0.273849 0.0995738
9.9982E-05 0.11633 9.9982E-05 0.185689 0.333494 0.00982141 0.0798167 0.274649
0.113236 9.9982E-05 0.0556254 0.117878 9.9982E-05 0.216327 0.125442 0.371292
0.0110557 0.121354 9.9982E-05 0.0705787 9.9982E-05 0.231088 0.419414 0.14631
0.0562353 0.021147 9.9982E-05 0.213082 9.9982E-05 0.0120352 0.551338 0.145963
0.97418 9.99459E-05 0.02522 9.99459E-05 9.99459E-05 9.99459E-05 9.99459E-05 9.99459E-05
0.0442834 9.9982E-05 0.0323457 0.0969411 0.154241 0.62248 0.0495089 9.9982E-05
0.0303803 0.107258 0.189095 0.126486 0.109185 9.9982E-05 9.9982E-05 0.437395
0.0513697 0.104411 0.13158 9.9991E-05 0.329166 0.082984 0.198472 0.101917
0.0837236 0.0409847 0.0422759 0.279872 0.30049 0.115328 0.015852 0.121475
9.9973E-05 9.9973E-05 0.09452 9.9973E-05 0.101947 0.463023 0.227641 0.112568
9.9982E-05 0.0574279 0.0242909 0.143916 0.181206 9.9982E-05 0.217764 0.375195
0.9993 9.994E-05 9.994E-05 9.994E-05 9.994E-05 9.994E-05 9.994E-05 9.994E-05
9.9973E-05 0.115203 9.9973E-05 0.00496877 9.9973E-05 0.435342 0.0697081 0.374478
0.172902 0.0683563 0.117819 0.0795577 0.408436 9.9991E-05 0.104981 0.0478482
9.9973E-05 0.0305695 9.9973E-05 0.0935222 0.113536 0.294152 9.9973E-05 0.46792
9.9982E-05 0.00854552 0.0823844 0.229326 0.0806035 0.532862 0.0660789 9.9982E-05
