9.9964E-05 0.149953 0.808186 9.9964E-05 0.0148337 9.9964E-05 9.9964E-05 0.0266274
0.116635 0.101069 0.141615 0.147645 0.0770836 0.0108168 0.206555 0.198582
0.240243 0.224897 0.176449 0.0364211 0.0427309 0.0983883 0.131225 0.0496451
0.501711 9.9982E-05 0.185939 0.000547788 0.0793821 0.0915254 9.9982E-05 0.140694
0.291682 0.0406292 0.210319 0.0665964 0.0101221 0.0547778 0.325774 9.9991E-05
0.634873 0.0900427 9.9973E-05 9.9973E-05 0.0464092 0.0311863 0.197189 9.9973E-05
0.0745892 0.151688 0.252796 0.155819 0.0370285 0.0786093 0.216971 0.0324984
0.217929 0.217334 0.199731 0.0278982 9.9991E-05 0.07018 0.0579524 0.208876
0.0728498 0.279553 0.224419 0.0248611 9.9973E-05 9.9973E-05 0.398017 9.9973E-05
9.9982E-05 0.392048 0.170288 0.0844042 0.183137 0.0597134 0.11021 9.9982E-05
0.219942 0.523378 9.9973E-05 9.9973E-05 0.158524 0.0348941 9.9973E-05 0.0629617
9.99549E-05 0.212896 9.99549E-05 0.0349345 9.99549E-05 9.99549E-05 0.75167 9.99549E-05
0.370241 0.302263 9.9982E-05 0.0813954 0.0619156 0.0877845 0.0962004 9.9982E-05
0.0226758 9.9991E-05 0.315664 0.0992525 0.116912 0.0300459 0.380827 0.0345224
9.99729E-05 0.108933 9.99729E-05 9.99729E-05 0.0111908 0.0808973 0.592676 0.206003
9.9982E-05 9.9982E-05 0.192199 0.0963339 0.0244453 0.0878516 0.147213 0.451758
9.9955E-05 9.9955E-05 9.9955E-05 9.9955E-05 0.0840006 9.9955E-05 0.876277 0.0392225
0.247263 0.279074 0.146344 0.154542 9.9991E-05 0.12002 0.0256302 0.0270277
0.296116 0.185804 0.27652 0.0547826 9.9982E-05 0.0648401 0.121737 9.9982E-05
0.294328 0.0991339 0.171969 0.101429 0.0723456 9.9991E-05 0.223876 0.036818
0.132713 0.246853 0.382222 0.0278549 0.0603881 0.0665399 0.0569359 0.0264935
0.145928 0.294788 0.112809 9.9982E-05 9.9982E-05 0.125855 0.289677 0.0307426
0.250186 0.0822858 0.219358 0.00466404 0.00577544 0.194667 0.242964 9.9991E-05
0.32221 9.9982E-05 0.262581 0.244403 0.0647776 9.9982E-05 0.0200558 0.0857726
9.9964E-05 0.591297 9.9964E-05 9.9964E-05 0.197102 0.121685 0.0895158 9.9964E-05
9.9973E-05 0.100158 0.491482 0.0496943 9.9973E-05 9.9973E-05 0.344141 0.0142246
9.9982E-05 0.310345 9.9982E-05 0.0647618 0.138044 0.1433 0.209485 0.133865
0.0896558 0.0165944 0.182202 0.187185 0.147726 0.0572069 0.198232 0.121198
0.378473 0.196286 0.0256054 0.137342 9.9982E-05 9.9982E-05 0.239113 0.0229813
0.0341775 0.00255867 0.14311 0.697663 9.9991E-05 0.0406957 0.0542194 0.0274755
0.333975 0.0678216 9.9982E-05 0.111927 0.105662 0.0548896 0.325524 9.9982E-05
9.9946E-05 0.927941 9.9946E-05 9.9946E-05 9.9946E-05 9.9946E-05 9.9946E-05 0.0714589
0.324299 9.9973E-05 0.264553 0.0410222 9.9973E-05 0.0373106 0.332515 9.9973E-05
0.552034 0.0183733 0.0858584 9.9991E-05 0.098169 0.0615574 0.0804286 0.103479
9.9973E-05 0.0459905 0.372701 9.9973E-05 0.0904985 0.0116744 0.478836 9.9973E-05
9.9946E-05 9.9946E-05 0.994535 9.9946E-05 9.9946E-05 0.00486485 9.9946E-05 9.9946E-05
0.513399 9.9991E-05 0.207305 0.0294406 0.21091 0.00526468 0.00748487 0.0260968
9.9973E-05 0.50487 0.314329 9.9973E-05 0.148357 0.000998309 0.0311464 9.9973E-05
0.391166 9.9982E-05 9.9982E-05 0.104964 0.119847 0.0343974 0.3309 0.0185256
0.24846 0.199875 0.156891 9.9991E-05 0.00485028 0.107853 0.0412709 0.2407
0.201311 0.407655 9.9991E-05 0.0772245 0.00595042 0.0617091 0.0190312 0.227019
0.53212 9.9973E-05 0.133732 9.9973E-05 0.152803 0.0689316 9.9973E-05 0.112114
0.483187 0.0736489 0.152278 0.0812339 0.0555648 0.0791799 9.9991E-05 0.0748077
0.166022 0.333987 0.261677 0.237914 9.99641E-05 9.99641E-05 9.99641E-05 9.99641E-05
9.9955E-05 0.872323 9.9955E-05 9.9955E-05 9.9955E-05 0.0832139 9.9955E-05 0.0439628
0.326584 0.44095 0.0280655 0.014352 0.1219 0.0408867 0.0268944 0.000367376
0.292469 0.12082 0.161757 0.024914 9.9982E-05 9.9982E-05 0.234855 0.164985
0.511781 0.0363685 9.9982E-05 0.0222608 9.9982E-05 0.0261903 0.290389 0.11281
0.17676 0.48696 9.9973E-05 0.0792976 9.9973E-05 0.105008 9.9973E-05 0.151674
0.110696 0.0730717 0.282703 0.039914 9.9991E-05 0.0240363 0.120358 0.349121
9.9982E-05 0.251318 0.208557 0.0461495 0.0314799 0.0992399 0.363055 9.9982E-05
0.269853 0.0945922 0.177775 0.0792727 0.00876107 0.0929907 0.0109761 0.265779
0.196281 9.9973E-05 9.9973E-05 0.0387492 0.0363608 0.0217453 9.9973E-05 0.706564
0.0717716 0.034428 0.11942 0.01044 0.208757 0.00225182 0.312761 0.24017
9.9973E-05 0.275972 0.045772 0.314847 9.9973E-05 0.00159509 9.9973E-05 0.361513
0.557577 0.114572 0.0726153 9.9991E-05 0.00945771 0.0759122 0.100971 0.0687962
9.99641E-05 0.497823 9.99641E-05 0.0537266 9.99641E-05 9.99641E-05 0.0391534 0.408897
0.308451 0.249829 0.0562488 0.182514 0.0906081 0.0833542 9.9991E-05 0.0288944
0.415386 0.24067 9.9982E-05 0.0845394 0.072492 0.0316256 9.9982E-05 0.155087
0.0824293 0.570745 0.0291248 9.9982E-05 0.0647609 0.0592262 0.193513 9.9982E-05
0.893447 9.9955E-05 9.9955E-05 9.9955E-05 9.9955E-05 0.104289 9.9955E-05 0.00176469
0.497632 0.194654 9.9973E-05 9.9973E-05 0.0487701 0.159304 0.0993401 9.9973E-05
0.348623 0.065465 0.218642 9.9982E-05 9.9982E-05 0.057196 0.232073 0.0778005
0.00278733 9.9964E-05 0.0169505 0.855674 9.9964E-05 0.124188 9.9964E-05 9.9964E-05
0.170014 0.0245683 0.374996 0.014239 0.133858 9.9991E-05 0.185706 0.0965196
9.9964E-05 9.9964E-05 0.858359 9.9964E-05 0.00138078 0.0144444 9.9964E-05 0.125416
0.299878 0.158455 0.358354 0.02463 0.0894019 0.0414187 9.9991E-05 0.0277627
0.527398 0.148233 0.01265 0.0774491 9.9991E-05 0.0662231 0.159095 0.00885092
0.679939 9.99731E-05 0.241322 0.0575402 9.99731E-05 0.0186127 0.00228647 9.99731E-05
0.328919 0.147878 0.028095 0.116499 0.0498231 0.158489 0.0749274 0.0953692
0.319899 0.332857 9.9964E-05 0.195322 0.151523 9.9964E-05 9.9964E-05 9.9964E-05
9.9982E-05 0.157669 0.319173 9.9982E-05 0.0204337 0.0230668 0.338594 0.140864
0.284255 0.0668266 9.9991E-05 0.134187 0.00463363 0.19161 0.263916 0.0544711
0.331005 0.125403 9.9991E-05 0.100833 0.128192 0.00638879 0.189579 0.1185
9.9991E-05 0.404895 0.0582038 0.0500076 0.122931 0.00886709 0.261579 0.0934155
0.0509681 0.125366 9.9991E-05 0.128847 0.0672398 0.0606307 0.145763 0.421085
0.589659 0.282974 9.9964E-05 9.9964E-05 0.0034111 0.123557 9.9964E-05 9.9964E-05
0.82976 9.9955E-05 9.9955E-05 9.9955E-05 0.0631618 0.106578 9.9955E-05 9.9955E-05
0.773986 9.9964E-05 0.0856736 9.9964E-05 0.0281893 9.9964E-05 0.111751 9.9964E-05
0.557938 0.148129 9.9973E-05 0.0945963 9.9973E-05 0.108831 0.0902053 9.9973E-05
0.203053 0.198835 0.218097 0.0583688 0.0617592 0.0849881 0.0536587 0.121241
0.219497 0.100869 0.350479 9.9982E-05 0.00436205 0.0360766 0.288516 9.9982E-05
0.334239 0.344367 0.0328726 0.180589 0.0217995 9.9982E-05 9.9982E-05 0.0859326
0.447315 0.0316143 9.9982E-05 0.164039 0.0517091 0.0362975 9.9982E-05 0.268825
0.439414 0.14174 0.0347312 0.052247 9.9982E-05 0.0940218 0.237646 9.9982E-05
0.175931 0.481389 0.0967157 9.9982E-05 0.00371687 0.0323675 9.9982E-05 0.20968
0.235658 9.9955E-05 0.717614 9.9955E-05 9.9955E-05 0.0462282 9.9955E-05 9.9955E-05
0.043585 0.297868 9.99731E-05 9.99731E-05 0.0456714 0.0474619 0.565114 9.99731E-05
0.0285854 0.00420295 0.358524 0.103577 0.106363 0.0146136 0.279647 0.104487
0.0965997 0.662318 0.156157 9.9973E-05 9.9973E-05 0.0496393 9.9973E-05 0.0349854
9.9955E-05 9.9955E-05 9.9955E-05 0.944257 0.0395244 0.0157186 9.9955E-05 9.9955E-05
9.9973E-05 0.520385 0.0662313 9.9973E-05 0.0410592 0.0201191 0.351906 9.9973E-05
0.715872 9.9964E-05 0.157867 9.9964E-05 0.0114853 0.114376 9.9964E-05 9.9964E-05
9.9982E-05 0.00389127 0.0973516 0.12063 9.9982E-05 0.146898 0.366339 0.26469
0.682668 9.9964E-05 0.130993 9.9964E-05 0.053134 0.132805 9.9964E-05 9.9964E-05
0.550546 9.9991E-05 0.204224 0.0894318 0.0462159 0.0124125 0.0963611 0.000709076
9.9973E-05 0.439443 0.249143 0.141284 0.0277392 9.9973E-05 9.9973E-05 0.14209
0.526746 0.269438 0.0108322 0.0429686 0.0775141 0.0215645 0.0212504 0.0296865
9.9973E-05 0.149692 0.115923 0.318295 9.9973E-05 0.0585153 0.357275 9.9973E-05
0.230635 0.0410192 9.9973E-05 0.347942 9.9973E-05 9.9973E-05 0.341864 0.0382404
0.245327 0.282233 0.0954641 0.141105 9.9982E-05 0.0570687 0.178602 9.9982E-05
9.994E-05 9.994E-05 9.994E-05 0.9993 9.994E-05 9.994E-05 9.994E-05 9.994E-05
0.47255 0.0177491 9.9991E-05 0.0490475 0.160601 0.071527 0.123149 0.105277
9.99549E-05 9.99549E-05 0.0444124 9.99549E-05 0.947155 0.00793292 9.99549E-05 9.99549E-05
9.9991E-05 0.142803 0.086126 0.0746848 0.0924829 0.0226687 0.435873 0.145262
0.192689 0.335522 9.9964E-05 9.9964E-05 9.9964E-05 9.9964E-05 0.0913763 0.380013
0.205651 0.232575 0.243001 9.9973E-05 9.9973E-05 9.9973E-05 0.178068 0.140406
0.202831 0.182103 0.154022 0.0823493 0.0586662 0.0890708 0.0129063 0.218051
0.11253 0.247516 9.9991E-05 0.188342 0.0438981 0.00607469 0.227927 0.173613
0.330482 0.0870886 0.33928 0.106477 9.9982E-05 0.0234047 0.113067 9.9982E-05
0.412611 9.9991E-05 0.0660136 0.0103305 0.138845 0.0678836 0.245322 0.0588938
0.19681 0.559754 9.9991E-05 0.0555181 0.0103493 0.103393 0.0131443 0.0609307
0.312806 0.151695 0.0628562 0.0689741 0.0827913 9.9991E-05 0.0526265 0.268152
0.0378917 0.0165562 9.9991E-05 0.363953 0.0643685 0.0390767 0.445481 0.0325728
0.624862 0.286633 0.084309 0.00379623 9.9964E-05 9.9964E-05 9.9964E-05 9.9964E-05
9.9946E-05 9.9946E-05 9.9946E-05 0.972402 9.9946E-05 9.9946E-05 9.9946E-05 0.0269979
0.0788595 0.311498 0.077544 9.9973E-05 0.180144 9.9973E-05 0.351655 9.9973E-05
9.9991E-05 0.116343 0.704793 0.0161615 0.0459634 0.00362088 0.0582884 0.0547305
0.545156 0.247718 9.9973E-05 0.0423554 9.9973E-05 0.0434575 0.121013 9.9973E-05
9.9982E-05 0.540286 0.024892 0.0723582 0.00617918 0.0984074 0.257677 9.9982E-05
0.329796 9.9991E-05 0.380128 0.0139419 0.0154869 0.0110383 0.0673921 0.182117
0.111101 9.9982E-05 0.157898 0.396427 0.0265734 0.1525 0.155301 9.9982E-05
0.295784 0.247748 0.0972384 0.0863674 0.0334281 0.0757342 9.9991E-05 0.1636
0.27728 0.0731768 9.9973E-05 9.9973E-05 0.0503557 9.9973E-05 0.361583 0.237304
0.129094 0.436963 9.9982E-05 0.168385 0.0405384 0.0513625 0.173457 9.9982E-05
0.221274 9.9964E-05 9.9964E-05 9.9964E-05 9.9964E-05 0.0153317 0.747225 0.0157699
0.177164 0.55703 9.9973E-05 0.0309911 9.9973E-05 0.105019 9.9973E-05 0.129496
0.217209 0.28165 0.176936 0.118585 0.0235259 0.0516102 0.00617972 0.124304
0.0972325 0.18496 9.9973E-05 9.9973E-05 0.0122868 9.9973E-05 0.477302 0.227919
9.9973E-05 0.38783 0.376947 0.143491 0.0445355 9.9973E-05 9.9973E-05 0.0468972
0.0702183 0.0851255 0.814524 9.9973E-05 0.0283487 0.00148399 9.9973E-05 9.9973E-05
0.839437 9.9964E-05 9.9964E-05 0.0508722 9.9964E-05 0.0829358 0.0263554 9.9964E-05
0.284489 0.0219676 9.99641E-05 0.349403 9.99641E-05 9.99641E-05 0.34374 9.99641E-05
0.211332 0.162581 9.9991E-05 0.153952 0.0397774 0.0979376 0.100625 0.233695
0.486583 0.27539 0.083934 0.0603677 0.0513168 0.042208 9.9982E-05 9.9982E-05
0.0722933 0.335636 0.163061 9.9982E-05 0.0431732 0.0281154 0.357521 9.9982E-05
9.9946E-05 9.9946E-05 9.9946E-05 9.9946E-05 9.9946E-05 9.9946E-05 0.181498 0.817902
9.994E-05 9.994E-05 9.994E-05 9.994E-05 9.994E-05 9.994E-05 9.994E-05 0.9993
0.036324 0.541273 0.137948 0.066332 9.9991E-05 0.0493256 0.0988018 0.0698956
0.364741 9.9982E-05 0.0591188 9.9982E-05 0.131792 0.0438781 0.392376 0.00789385
0.26129 0.443367 9.9973E-05 9.9973E-05 0.0451948 0.10889 0.140958 9.9973E-05
0.251501 0.121641 9.9991E-05 0.0115562 0.0767804 0.0788822 0.288263 0.171276
0.274471 0.224366 9.9982E-05 0.187056 0.0851368 0.0679674 0.160802 9.9982E-05
0.104368 0.608146 0.0956571 0.0290489 0.0430219 0.0811477 0.0385107 9.9991E-05
0.316261 9.9991E-05 0.144234 0.0716206 0.0796254 0.0506867 0.262097 0.0753757
0.222031 0.000617589 0.231159 0.34156 0.048791 0.109103 0.00303693 0.0437008
0.305034 0.153328 0.0173101 9.9991E-05 0.0833521 0.0654547 0.367169 0.00825264
9.994E-05 9.994E-05 9.994E-05 9.994E-05 9.994E-05 0.9993 9.994E-05 9.994E-05
0.132585 9.9964E-05 0.703641 9.9964E-05 0.103892 0.0594822 9.9964E-05 9.9964E-05
0.426044 9.9973E-05 0.131674 9.9973E-05 0.260289 0.00361558 9.9973E-05 0.178078
9.9982E-05 0.0582355 9.9982E-05 0.00319391 0.0744344 0.0036694 0.820733 0.0395335
0.325417 9.9982E-05 0.192108 9.9982E-05 0.172559 0.065728 0.173341 0.0706473
0.138386 0.316301 0.137168 0.14802 0.0512754 0.138622 9.9991E-05 0.070128
0.187149 0.201098 0.0457963 9.9982E-05 9.9982E-05 0.0914667 0.353338 0.120952
0.153293 9.9964E-05 0.0258397 9.9964E-05 9.9964E-05 0.0754316 0.745036 9.9964E-05
0.0731237 9.9991E-05 0.132567 0.170482 0.0388146 0.0402828 0.305384 0.239246
0.330905 0.31794 0.215502 9.9973E-05 0.0702879 0.0650661 9.9973E-05 9.9973E-05
0.396262 0.0802087 0.146526 0.0869009 0.0570687 0.113516 0.0862903 0.0332268
0.0901192 9.9964E-05 0.705477 0.0638114 9.9964E-05 9.9964E-05 9.9964E-05 0.140192
0.33914 0.208617 0.0827415 0.0833867 9.9991E-05 0.0754285 0.171064 0.0395219
0.260135 0.197589 0.171261 9.9982E-05 0.0248071 0.0241281 0.321879 9.9982E-05
9.994E-05 9.994E-05 9.994E-05 9.994E-05 9.994E-05 0.9993 9.994E-05 9.994E-05
9.9982E-05 0.0269425 0.21965 9.9982E-05 0.0307701 0.386882 0.323196 0.0123591
0.368432 0.169128 9.9964E-05 9.9964E-05 0.102595 9.9964E-05 9.9964E-05 0.359445
0.029069 0.291226 0.289771 0.12329 0.0313479 0.0449274 9.9991E-05 0.190269
9.9982E-05 0.11886 0.75582 0.0466672 0.0260175 0.0115411 0.0408937 9.9982E-05
0.193541 0.279558 0.199804 9.9982E-05 9.9982E-05 0.0319393 0.134633 0.160326
0.469053 9.9982E-05 9.9982E-05 0.0203553 0.144202 0.0232723 0.182316 0.160602
9.994E-05 9.994E-05 9.994E-05 9.994E-05 9.994E-05 9.994E-05 9.994E-05 0.9993
0.083321 0.101311 0.196631 9.9973E-05 9.9973E-05 0.0439786 0.574459 9.9973E-05
0.277793 0.308535 9.9973E-05 0.142594 9.9973E-05 9.9973E-05 0.128923 0.141854
9.9973E-05 9.9973E-05 9.9973E-05 0.0534556 0.15399 0.0917679 0.480992 0.219494
0.392486 0.0185503 0.214946 0.142 0.0162824 0.102808 9.9991E-05 0.112828
0.0150556 0.258114 0.0598704 9.9991E-05 0.0934945 0.0238168 0.103668 0.44588
0.414348 0.0537201 0.298085 9.9982E-05 9.9982E-05 0.107346 0.0536082 0.0726935
0.597157 0.0503543 9.9973E-05 0.0374321 0.110672 9.9973E-05 0.204085 9.9973E-05
0.384343 0.179111 0.0935291 9.9991E-05 0.00455537 0.114043 0.219757 0.00456107
0.0451572 0.107789 0.193963 0.070793 0.0828624 9.9991E-05 0.257141 0.242195
9.99459E-05 9.99459E-05 9.99459E-05 0.0140725 0.985328 9.99459E-05 9.99459E-05 9.99459E-05
0.263745 0.533387 0.0368371 0.0175036 0.0433122 9.9982E-05 9.9982E-05 0.105015
9.9964E-05 9.9964E-05 9.9964E-05 0.00761211 0.0349484 0.0135416 0.943498 9.9964E-05
9.9973E-05 0.35609 0.195641 0.138393 9.9973E-05 0.149267 0.16031 9.9973E-05
0.0272786 0.0659899 0.369659 0.035773 0.0383596 0.0764102 0.148736 0.237793
0.293459 0.251337 0.190446 0.137219 9.9982E-05 9.9982E-05 0.0604814 0.0668583
0.0230182 9.9982E-05 0.429311 0.020689 0.0484564 9.9982E-05 0.203178 0.275147
9.994E-05 9.994E-05 9.994E-05 9.994E-05 0.9993 9.994E-05 9.994E-05 9.994E-05
0.446753 0.0689748 0.186586 0.0852 9.9982E-05 0.0684218 0.143865 9.9982E-05
9.9973E-05 9.9973E-05 0.44331 0.127569 0.205519 0.0276116 0.19569 9.9973E-05
0.513259 9.9991E-05 0.119853 0.00663682 0.0187627 0.0521324 0.148869 0.140387
9.9973E-05 0.0559374 0.271262 0.0494068 9.9973E-05 9.9973E-05 0.157234 0.465859
