0.724327 0.131073 0.1446
0.182749 0.742465 0.0747863
0.602267 0.178793 0.218939
0.136867 0.62813 0.235003
0.195937 0.547277 0.256786
0.170131 0.829769 9.9991E-05
0.466893 0.299086 0.234021
0.43664 0.35983 0.203531
0.455452 0.342825 0.201723
0.591874 0.0238475 0.384279
0.781041 0.16691 0.0520488
0.693792 0.188906 0.117302
0.23474 0.583992 0.181269
0.325998 0.418603 0.255399
0.273538 0.55666 0.169802
0.293744 0.249957 0.456299
9.9991E-05 0.716632 0.283268
0.299716 0.313563 0.386722
0.509573 0.292884 0.197543
0.523185 0.199993 0.276822
0.459463 0.418826 0.121711
0.560594 0.325903 0.113504
0.361407 0.445635 0.192958
0.203544 0.384403 0.412053
0.943535 9.9991E-05 0.0563651
0.363262 0.36088 0.275858
0.227203 0.367854 0.404943
0.420327 0.207077 0.372596
0.0251204 0.712872 0.262007
0.0536102 0.255663 0.690727
0.41429 0.498166 0.0875443
0.81275 9.9991E-05 0.18715
0.137756 0.63843 0.223814
0.181133 0.606973 0.211894
0.129578 0.5713 0.299121
0.964176 9.9991E-05 0.0357241
0.024227 0.842227 0.133546
0.840017 9.9991E-05 0.159883
9.9991E-05 0.822766 0.177134
0.501906 0.3262 0.171893
0.528055 0.449209 0.0227352
9.9991E-05 0.825576 0.174324
0.219214 0.687737 0.0930493
0.866382 0.0727252 0.0608931
0.724379 0.00558908 0.270032
0.41621 0.418136 0.165654
0.473032 0.378781 0.148187
0.0188625 0.792579 0.188559
0.71824 0.171291 0.110469
0.572503 0.261408 0.166089
0.59292 0.151488 0.255593
0.17375 0.55552 0.27073
0.00979335 0.793485 0.196721
0.162853 0.466803 0.370344
0.756358 0.188943 0.0546996
0.111772 0.713602 0.174626
0.792305 0.207595 9.9991E-05
0.536955 0.375739 0.0873059
0.438454 0.473174 0.0883718
0.648029 0.224655 0.127316
9.9991E-05 0.814665 0.185235
0.180379 0.588107 0.231514
0.252707 0.621035 0.126257
9.999E-05 9.999E-05 0.9998
0.351061 0.627683 0.0212561
0.692462 0.253675 0.0538628
0.25011 0.668306 0.0815847
0.137263 0.660642 0.202095
0.470576 0.310867 0.218556
0.39532 0.331492 0.273188
0.406495 0.384077 0.209428
0.525694 0.258215 0.216091
0.361783 0.368581 0.269636
0.235408 0.611013 0.153579
0.295606 0.484409 0.219985
0.267429 0.546332 0.186239
0.0399048 0.676029 0.284067
9.9991E-05 0.792965 0.206935
0.0454452 0.954455 9.9991E-05
9.9991E-05 0.644157 0.355743
0.353059 0.466163 0.180779
0.348127 0.459668 0.192205
0.435329 0.292637 0.272034
9.9991E-05 0.788239 0.211661
0.0200452 0.728005 0.25195
0.741237 0.200177 0.0585854
0.536415 0.284508 0.179077
0.693933 0.218211 0.0878565
0.381455 0.220013 0.398532
0.805899 0.126614 0.0674869
9.999E-05 9.999E-05 0.9998
0.609583 0.23076 0.159658
0.211611 0.516217 0.272172
0.399199 0.417312 0.183489
0.0102103 0.930195 0.0595952
0.213013 0.676368 0.110619
0.731997 0.267903 9.9991E-05
0.515177 0.484723 9.9991E-05
0.30346 9.9991E-05 0.69644
0.488079 0.239051 0.27287
0.650537 0.211341 0.138123
9.999E-05 9.999E-05 0.9998
0.254572 0.660563 0.0848653
9.9991E-05 0.883525 0.116375
0.244593 0.504929 0.250477
0.334934 0.627509 0.0375572
0.42505 0.386575 0.188375
0.434495 0.248546 0.316959
0.0963252 0.616486 0.287189
0.685091 0.197247 0.117662
9.9991E-05 0.790248 0.209652
0.572718 0.219996 0.207286
0.181436 0.724435 0.0941288
0.129165 0.137367 0.733468
0.240339 0.707476 0.0521855
0.0590974 9.9991E-05 0.940803
0.691591 0.308309 9.9991E-05
0.552047 0.277447 0.170506
0.098379 0.74634 0.155281
0.572847 0.201046 0.226107
0.0741511 0.671544 0.254304
0.0754626 0.201819 0.722718
0.176323 0.641397 0.182281
0.174762 0.778541 0.046697
0.733843 0.0761064 0.19005
0.0215159 0.745284 0.2332
0.872095 0.127805 9.9991E-05
0.499558 0.317922 0.182519
0.455744 0.53074 0.0135157
0.756464 9.9991E-05 0.243436
0.529759 0.276968 0.193274
0.0670464 0.709638 0.223315
0.113973 0.516181 0.369846
0.152784 0.549409 0.297806
0.505226 0.476338 0.0184358
0.594486 0.136952 0.268562
0.254662 0.745238 9.9991E-05
0.287006 0.549074 0.163919
0.60931 0.175518 0.215173
0.000810061 0.896938 0.102252
0.212449 0.457729 0.329823
0.44021 0.419053 0.140737
0.418338 0.479995 0.101667
0.783193 9.9991E-05 0.216707
9.9991E-05 0.783561 0.216339
9.9991E-05 0.330477 0.669423
0.424182 0.35048 0.225338
9.999E-05 9.999E-05 0.9998
0.512946 0.276611 0.210442
0.0277235 0.928308 0.0439686
0.467931 0.467809 0.06426
0.372246 0.541994 0.08576
0.47358 0.16249 0.363929
0.558185 0.24251 0.199305
0.412529 0.472483 0.114988
0.203006 0.426292 0.370702
0.693137 0.216953 0.08991
0.245766 0.533882 0.220352
0.573755 0.260531 0.165714
0.320491 0.390957 0.288552
0.411289 0.445774 0.142937
9.999E-05 9.999E-05 0.9998
0.151726 0.340029 0.508245
0.0727688 0.816561 0.11067
0.71432 0.156693 0.128986
0.666824 0.101944 0.231232
0.552935 0.421353 0.0257125
0.415732 0.540286 0.0439824
0.44473 0.410699 0.144571
0.263959 0.379204 0.356837
0.556559 0.300765 0.142677
0.259506 0.479622 0.260873
0.367232 0.319887 0.312881
0.723454 0.174761 0.101785
0.19893 0.680358 0.120712
0.129992 0.863498 0.00650976
0.408967 0.328 0.263034
0.313996 0.544103 0.1419
0.0694237 0.930476 9.9991E-05
0.688862 0.260419 0.0507182
0.137774 0.480073 0.382154
0.582936 0.18599 0.231074
0.659253 0.211718 0.129029
0.501236 0.207632 0.291132
0.48606 0.342563 0.171378
9.999E-05 0.9998 9.999E-05
0.313093 0.345895 0.341012
0.547181 0.286239 0.166581
0.327754 0.635631 0.0366144
0.675091 0.0224927 0.302416
