0.134447 9.99461E-05 9.99461E-05 9.99461E-05 9.99461E-05 0.385724 9.99461E-05 0.284877 0.194353 9.99461E-05
9.99641E-05 0.0141901 9.99641E-05 0.00167832 9.99641E-05 0.151312 0.24384 9.99641E-05 0.551059 0.0375204
9.99551E-05 0.132683 0.283789 0.21491 9.99551E-05 9.99551E-05 9.99551E-05 0.0463092 0.321809 9.99551E-05
0.354034 9.99641E-05 0.0217997 9.99641E-05 0.0220508 9.99641E-05 0.183037 9.99641E-05 0.335178 0.0835011
9.995E-05 0.101512 0.0828759 0.26991 9.995E-05 0.413352 9.995E-05 9.995E-05 9.995E-05 0.13185
0.063486 9.9964E-05 9.9964E-05 0.0782924 0.177341 9.9964E-05 9.9964E-05 0.0112969 0.534317 0.134867
0.0538927 9.99642E-05 0.157085 0.160013 9.99642E-05 0.238247 9.99642E-05 9.99642E-05 0.0222794 0.368082
9.99552E-05 9.99552E-05 9.99552E-05 0.173106 9.99552E-05 0.248329 0.0883551 0.0572446 0.432465 9.99552E-05
0.30812 0.45257 0.0644651 9.99731E-05 0.0229797 9.99731E-05 0.0133253 9.99731E-05 0.0988877 0.0393524
9.99552E-05 0.067086 0.0129637 9.99552E-05 0.0907312 9.99552E-05 9.99552E-05 0.733012 0.0957075 9.99552E-05
9.9964E-05 0.0948506 0.131256 0.0115661 0.236916 9.9964E-05 0.401446 0.123566 9.9964E-05 9.9964E-05
0.550791 0.034922 9.99462E-05 0.273697 9.99462E-05 0.13999 9.99462E-05 9.99462E-05 9.99462E-05 9.99462E-05
0.076941 9.99641E-05 9.99641E-05 0.0242293 9.99641E-05 0.0218587 0.317676 9.99641E-05 0.126499 0.432396
0.0776795 9.99641E-05 0.0212906 0.333386 9.99641E-05 0.0172639 9.99641E-05 9.99641E-05 0.23366 0.31632
0.58162 0.0133739 9.99463E-05 9.99463E-05 9.99463E-05 0.0310586 9.99463E-05 9.99463E-05 0.373347 9.99463E-05
0.289499 9.99462E-05 0.291314 0.1017 9.99462E-05 0.316887 9.99462E-05 9.99462E-05 9.99462E-05 9.99462E-05
0.343412 9.99641E-05 0.0138192 9.99641E-05 0.0716487 9.99641E-05 9.99641E-05 0.124978 0.380873 0.0648697
0.0133718 9.99821E-05 0.0481275 0.175217 0.0601315 0.0908826 9.99821E-05 0.387236 0.135546 0.0892878
9.99372E-05 0.351997 9.99372E-05 9.99372E-05 9.99372E-05 0.00558893 9.99372E-05 9.99372E-05 0.641715 9.99372E-05
9.9973E-05 9.9973E-05 9.9973E-05 0.112028 0.0334616 0.0901484 0.14008 0.0763869 0.398137 0.149458
9.99462E-05 9.99462E-05 9.99462E-05 9.99462E-05 0.116692 9.99462E-05 0.0311074 0.511797 9.99462E-05 0.339804
0.018769 0.266771 0.0910825 9.9973E-05 9.9973E-05 0.266702 0.264583 9.9973E-05 0.0348254 0.0569664
0.416753 9.99551E-05 0.130753 9.99551E-05 0.0438449 9.99551E-05 9.99551E-05 9.99551E-05 0.295164 0.112985
0.147586 0.0211548 0.337211 9.99551E-05 9.99551E-05 9.99551E-05 9.99551E-05 9.99551E-05 0.0100442 0.483505
9.9973E-05 0.115401 0.187632 0.00521154 0.227121 0.0321728 0.122641 9.9973E-05 9.9973E-05 0.309521
0.291246 0.131275 0.0577741 0.0682741 9.9973E-05 0.33283 9.9973E-05 0.0730672 9.9973E-05 0.0452325
9.9955E-05 0.0655954 0.02297 0.292953 9.9955E-05 9.9955E-05 0.170684 0.447298 9.9955E-05 9.9955E-05
9.99375E-05 0.440446 9.99375E-05 9.99375E-05 9.99375E-05 9.99375E-05 9.99375E-05 0.0205911 0.538264 9.99375E-05
9.99641E-05 0.0270604 9.99641E-05 0.113594 0.156132 0.132032 0.329893 9.99641E-05 0.240889 9.99641E-05
0.00526922 9.99372E-05 0.841548 9.99372E-05 9.99372E-05 9.99372E-05 0.152483 9.99372E-05 9.99372E-05 9.99372E-05
9.99551E-05 0.407814 9.99551E-05 0.067685 9.99551E-05 0.324651 9.99551E-05 0.0404066 9.99551E-05 0.158944
9.99463E-05 9.99463E-05 9.99463E-05 0.426619 9.99463E-05 9.99463E-05 0.171569 9.99463E-05 0.269444 0.131768
9.99642E-05 0.10351 0.293329 9.99642E-05 0.125801 9.99642E-05 0.062269 0.381332 0.0333585 9.99642E-05
0.00514493 9.99731E-05 0.00119057 0.0765473 9.99731E-05 0.194806 0.453035 9.99731E-05 0.190951 0.0780248
0.0975474 0.0303683 0.281213 0.14214 9.99641E-05 0.229803 9.99641E-05 9.99641E-05 0.218528 9.99641E-05
9.99373E-05 9.99373E-05 9.99373E-05 9.99373E-05 9.99373E-05 9.99373E-05 9.99373E-05 0.613771 0.28308 0.10245
9.99462E-05 0.576106 9.99462E-05 0.226187 9.99462E-05 0.115162 9.99462E-05 9.99462E-05 0.0819451 9.99462E-05
9.99552E-05 0.11082 0.244889 9.99552E-05 0.237165 9.99552E-05 9.99552E-05 0.0673523 0.339274 9.99552E-05
0.00641495 0.132961 0.14056 0.346921 0.0208585 0.0401705 9.9982E-05 9.9982E-05 0.204237 0.107677
9.99551E-05 0.0145418 9.99551E-05 0.260364 0.172705 0.0581092 9.99551E-05 9.99551E-05 0.49378 9.99551E-05
0.0507312 0.134217 0.153473 9.99642E-05 9.99642E-05 9.99642E-05 0.0537007 0.494503 0.112975 9.99642E-05
0.201545 9.99641E-05 0.0038723 0.21775 0.0186204 9.99641E-05 9.99641E-05 0.52954 9.99641E-05 0.0282733
9.9964E-05 9.9964E-05 9.9964E-05 0.0330252 9.9964E-05 0.119451 0.0278641 0.346543 0.0986521 0.374065
0.208692 0.210187 9.99641E-05 0.0907433 0.100438 0.144827 9.99641E-05 9.99641E-05 0.244714 9.99641E-05
9.99373E-05 9.99373E-05 9.99373E-05 0.224461 9.99373E-05 9.99373E-05 0.487044 9.99373E-05 0.287795 9.99373E-05
0.163096 9.99553E-05 9.99553E-05 0.138495 0.0331154 9.99553E-05 9.99553E-05 0.0454898 0.619305 9.99553E-05
0.374907 9.99372E-05 9.99372E-05 9.99372E-05 9.99372E-05 9.99372E-05 9.99372E-05 0.296176 0.328217 9.99372E-05
0.161645 0.127075 9.9973E-05 0.221643 0.0118518 9.9973E-05 0.0975199 0.296462 0.083503 9.9973E-05
0.0107988 9.99465E-05 9.99465E-05 9.99465E-05 9.99465E-05 0.0280962 0.896754 0.0637511 9.99465E-05 9.99465E-05
9.9946E-05 9.9946E-05 9.9946E-05 0.179881 9.9946E-05 0.352077 0.221764 9.9946E-05 0.245678 9.9946E-05
0.16408 9.9955E-05 0.198024 9.9955E-05 0.0975442 0.423408 9.9955E-05 9.9955E-05 0.116444 9.9955E-05
9.99641E-05 0.208673 0.0015503 0.172002 0.179979 9.99641E-05 9.99641E-05 0.0453691 0.392027 9.99641E-05
0.0678722 0.270586 0.23146 9.9955E-05 9.9955E-05 9.9955E-05 9.9955E-05 0.205734 0.223848 9.9955E-05
0.0900959 9.99731E-05 0.148231 0.0711442 0.154087 0.0920557 0.0916756 9.99731E-05 0.352411 9.99731E-05
9.99552E-05 0.277861 9.99552E-05 0.0223562 0.0205217 9.99552E-05 9.99552E-05 9.99552E-05 0.160732 0.51803
0.153101 0.41873 9.99462E-05 9.99462E-05 9.99462E-05 0.333329 9.99462E-05 9.99462E-05 9.99462E-05 0.0942412
0.0310017 0.0471267 0.0401451 9.9973E-05 0.117927 0.0161802 0.10407 9.9973E-05 9.9973E-05 0.643249
9.99284E-05 0.309279 9.99284E-05 9.99284E-05 9.99284E-05 9.99284E-05 9.99284E-05 9.99284E-05 9.99284E-05 0.689921
9.9964E-05 0.394806 9.9964E-05 0.176083 0.0776994 0.103092 9.9964E-05 9.9964E-05 0.223084 0.0248354
0.0934625 9.9964E-05 9.9964E-05 0.0280922 0.151378 0.25801 9.9964E-05 0.376854 9.9964E-05 0.0918044
9.99462E-05 9.99462E-05 9.99462E-05 9.99462E-05 0.131684 0.175155 0.411082 9.99462E-05 0.281479 9.99462E-05
0.19799 0.00778531 9.99641E-05 0.24984 9.99641E-05 9.99641E-05 0.0119515 0.425106 9.99641E-05 0.106928
0.0377227 0.537125 0.0813104 9.9955E-05 9.9955E-05 9.9955E-05 0.319673 0.0236685 9.9955E-05 9.9955E-05
9.99372E-05 9.99372E-05 0.46287 9.99372E-05 9.99372E-05 9.99372E-05 0.412798 9.99372E-05 0.123632 9.99372E-05
9.99551E-05 0.260828 0.0878784 0.00730568 9.99551E-05 0.477927 9.99551E-05 0.165561 9.99551E-05 9.99551E-05
9.99462E-05 9.99462E-05 9.99462E-05 0.0101151 9.99462E-05 9.99462E-05 0.812781 0.0354574 0.141047 9.99462E-05
9.99641E-05 9.99641E-05 0.0264599 0.041541 9.99641E-05 0.114279 9.99641E-05 0.125731 0.379708 0.311881
0.347882 0.266752 9.99462E-05 0.201302 9.99462E-05 9.99462E-05 9.99462E-05 9.99462E-05 0.183463 9.99462E-05
0.0704521 0.161172 9.9982E-05 0.135019 9.9982E-05 0.360048 0.163066 0.0345729 0.0526256 0.0228441
9.99373E-05 9.99373E-05 9.99373E-05 9.99373E-05 9.99373E-05 0.0952703 0.522599 0.381432 9.99373E-05 9.99373E-05
0.169299 0.172243 0.0375122 0.320171 0.0099807 9.99731E-05 9.99731E-05 9.99731E-05 0.283206 0.00728709
0.156994 0.0196649 9.99641E-05 0.169456 9.99641E-05 9.99641E-05 0.244956 0.232401 9.99641E-05 0.176128
9.99553E-05 0.0188545 9.99553E-05 0.362894 9.99553E-05 0.0791546 9.99553E-05 9.99553E-05 0.0864681 0.452129
9.99642E-05 0.223232 9.99642E-05 0.305168 9.99642E-05 0.0472262 0.218401 9.99642E-05 0.181764 0.0238092
9.99465E-05 9.99465E-05 0.0624315 9.99465E-05 9.99465E-05 0.251985 9.99465E-05 9.99465E-05 0.551641 0.133343
0.0103083 0.251431 9.99641E-05 0.240544 9.99641E-05 0.203916 9.99641E-05 9.99641E-05 0.285046 0.00835412
0.999101 9.99201E-05 9.99201E-05 9.99201E-05 9.99201E-05 9.99201E-05 9.99201E-05 9.99201E-05 9.99201E-05 9.99201E-05
9.9973E-05 0.256916 0.0167117 0.145915 0.227841 9.9973E-05 0.202235 0.08225 9.9973E-05 0.0678322
9.99551E-05 0.0541885 9.99551E-05 9.99551E-05 0.238105 0.173128 0.402336 9.99551E-05 0.131742 9.99551E-05
9.99552E-05 9.99552E-05 9.99552E-05 0.0518568 0.0165656 0.268896 0.0984946 9.99552E-05 0.563687 9.99552E-05
9.99552E-05 9.99552E-05 0.0256295 0.598558 9.99552E-05 0.00549535 0.0147649 9.99552E-05 0.355052 9.99552E-05
0.14458 9.99821E-05 0.00533041 0.0243368 0.182217 0.179036 0.108582 9.99821E-05 0.142772 0.212945
9.99374E-05 9.99374E-05 9.99374E-05 9.99374E-05 9.99374E-05 9.99374E-05 9.99374E-05 0.447647 0.109329 0.442324
0.076848 0.0612944 0.189763 9.99641E-05 9.99641E-05 9.99641E-05 0.498276 0.053601 0.119817 9.99641E-05
0.0914811 9.99731E-05 0.0166186 0.128935 9.99731E-05 9.99731E-05 0.0466756 0.296744 0.175222 0.244024
0.232655 9.9955E-05 9.9955E-05 0.0909352 9.9955E-05 9.9955E-05 0.101618 0.192196 0.382097 9.9955E-05
9.99553E-05 0.111909 9.99553E-05 0.0903607 9.99553E-05 9.99553E-05 0.120284 0.321659 0.355288 9.99553E-05
0.0180003 9.99461E-05 0.347002 9.99461E-05 9.99461E-05 9.99461E-05 0.300532 9.99461E-05 9.99461E-05 0.333866
0.152792 9.99821E-05 0.155249 9.99821E-05 0.158706 0.0422314 0.0556907 0.0282239 0.352969 0.0539376
0.0601762 9.99551E-05 9.99551E-05 9.99551E-05 0.170421 0.0303971 0.61153 0.126976 9.99551E-05 9.99551E-05
9.99284E-05 9.99284E-05 0.807181 9.99284E-05 9.99284E-05 0.192019 9.99284E-05 9.99284E-05 9.99284E-05 9.99284E-05
0.0101955 9.99642E-05 0.0253699 0.102914 9.99642E-05 9.99642E-05 0.0311322 0.13444 9.99642E-05 0.695548
0.0623182 9.99642E-05 0.0871582 0.314327 9.99642E-05 9.99642E-05 0.00746087 0.228291 9.99642E-05 0.300045
0.275341 0.0155386 0.0541587 9.99642E-05 0.182317 9.99642E-05 9.99642E-05 0.110465 0.36178 9.99642E-05
0.144752 9.9973E-05 0.033345 0.299818 9.9973E-05 9.9973E-05 0.173353 0.240366 0.00107917 0.106987
0.113781 9.99551E-05 9.99551E-05 0.130816 0.0718047 9.99551E-05 9.99551E-05 9.99551E-05 0.574197 0.108901
0.0385154 0.0839841 0.122449 9.9982E-05 9.9982E-05 0.121523 0.0744437 0.442899 0.0116695 0.104317
0.581483 0.0467804 9.99462E-05 9.99462E-05 9.99462E-05 9.99462E-05 9.99462E-05 0.267649 0.103487 9.99462E-05
9.9955E-05 9.9955E-05 0.489462 0.0839546 9.9955E-05 0.183164 9.9955E-05 9.9955E-05 0.189184 0.0537361
0.0886167 9.9955E-05 0.242764 9.9955E-05 9.9955E-05 9.9955E-05 9.9955E-05 0.105521 0.169372 0.393227
9.99552E-05 0.497224 0.0611185 9.99552E-05 9.99552E-05 0.0941531 9.99552E-05 0.0573368 9.99552E-05 0.289668
9.99284E-05 9.99284E-05 0.990519 0.00868138 9.99284E-05 9.99284E-05 9.99284E-05 9.99284E-05 9.99284E-05 9.99284E-05
9.99552E-05 0.456314 0.20665 9.99552E-05 0.104738 9.99552E-05 9.99552E-05 0.0702598 0.161539 9.99552E-05
9.99372E-05 9.99372E-05 0.0150888 9.99372E-05 0.929708 9.99372E-05 9.99372E-05 0.0545034 9.99372E-05 9.99372E-05
0.00736892 0.177151 9.99372E-05 9.99372E-05 9.99372E-05 9.99372E-05 9.99372E-05 9.99372E-05 0.814781 9.99372E-05
0.305087 0.180264 0.0161831 0.0315919 9.9982E-05 9.9982E-05 0.014749 0.0521211 0.229051 0.170753
9.99641E-05 0.0143932 9.99641E-05 9.99641E-05 9.99641E-05 0.0666119 0.198014 0.0727452 0.181798 0.466037
9.99552E-05 0.243591 0.124121 9.99552E-05 9.99552E-05 0.125529 9.99552E-05 0.059631 0.446629 9.99552E-05
0.180958 9.99552E-05 9.99552E-05 9.99552E-05 0.111382 0.473525 0.228464 9.99552E-05 9.99552E-05 0.00517136
9.99642E-05 9.99642E-05 0.113654 0.151095 0.449479 0.0723332 0.0773264 9.99642E-05 0.135713 9.99642E-05
9.99642E-05 0.0563806 0.377037 0.115697 9.99642E-05 0.203087 9.99642E-05 0.206758 0.0406405 9.99642E-05
0.361707 9.99552E-05 9.99552E-05 0.0332121 9.99552E-05 0.415785 9.99552E-05 9.99552E-05 0.139408 0.0493885
9.99463E-05 9.99463E-05 0.575499 9.99463E-05 0.00870309 0.287461 9.99463E-05 9.99463E-05 0.127738 9.99463E-05
9.99373E-05 9.99373E-05 9.99373E-05 9.99373E-05 9.99373E-05 0.534026 0.152237 9.99373E-05 0.313037 9.99373E-05
9.99372E-05 9.99372E-05 0.898542 9.99372E-05 9.99372E-05 9.99372E-05 0.0953277 9.99372E-05 9.99372E-05 0.00543078
0.316392 0.168433 9.99463E-05 9.99463E-05 0.385832 9.99463E-05 9.99463E-05 9.99463E-05 9.99463E-05 0.128742
0.417329 9.99371E-05 9.99371E-05 9.99371E-05 9.99371E-05 9.99371E-05 0.219076 9.99371E-05 0.362895 9.99371E-05
9.99551E-05 0.204219 0.0338514 0.158591 9.99551E-05 9.99551E-05 0.528499 9.99551E-05 0.0743399 9.99551E-05
9.99551E-05 0.219544 0.191048 0.145871 9.99551E-05 0.399563 0.0434733 9.99551E-05 9.99551E-05 9.99551E-05
9.99283E-05 9.99283E-05 9.99283E-05 9.99283E-05 9.99283E-05 0.0843025 9.99283E-05 9.99283E-05 0.914898 9.99283E-05
0.360124 0.15044 0.371087 9.99551E-05 9.99551E-05 0.0836891 9.99551E-05 9.99551E-05 9.99551E-05 0.0341606
0.0324809 9.99373E-05 9.99373E-05 9.99373E-05 9.99373E-05 9.99373E-05 9.99373E-05 9.99373E-05 0.514397 0.452423
0.126007 9.99461E-05 9.99461E-05 9.99461E-05 0.156423 0.461206 9.99461E-05 9.99461E-05 0.255764 9.99461E-05
9.99642E-05 9.99642E-05 9.99642E-05 0.225658 9.99642E-05 0.158542 0.0756177 0.368951 0.0946097 0.0762225
0.392236 9.99642E-05 0.104647 9.99642E-05 0.026078 9.99642E-05 0.096149 0.228699 0.151791 9.99642E-05
0.234984 0.181002 9.9964E-05 0.0254797 9.9964E-05 0.120263 9.9964E-05 0.395375 9.9964E-05 0.0424962
0.166492 9.99553E-05 0.129919 0.163006 9.99553E-05 9.99553E-05 9.99553E-05 0.536988 9.99553E-05 0.00309525
0.232825 0.0323515 9.9982E-05 0.193197 0.107707 0.185726 0.0254207 9.9982E-05 0.121936 0.100637
9.995E-05 9.995E-05 0.226472 9.995E-05 0.221693 0.0072614 0.0658644 9.995E-05 0.478209 9.995E-05
0.070144 9.99731E-05 0.221978 0.0810836 0.0654001 0.108338 9.99731E-05 0.138432 0.314324 9.99731E-05
0.498794 0.378902 9.99373E-05 9.99373E-05 9.99373E-05 9.99373E-05 9.99373E-05 0.121604 9.99373E-05 9.99373E-05
0.103751 0.131418 0.00363008 0.120469 9.9982E-05 0.0922287 9.9982E-05 0.194274 0.186255 0.167773
9.99552E-05 0.245958 9.99552E-05 0.179342 9.99552E-05 9.99552E-05 0.220809 0.14832 0.205072 9.99552E-05
9.99462E-05 0.306153 9.99462E-05 0.0249529 0.120529 9.99462E-05 9.99462E-05 9.99462E-05 0.547766 9.99462E-05
9.99552E-05 9.99552E-05 9.99552E-05 0.0363541 0.0793891 9.99552E-05 0.0822808 0.593331 0.208146 9.99552E-05
0.0631092 9.99462E-05 9.99462E-05 9.99462E-05 9.99462E-05 0.373999 9.99462E-05 0.246341 0.315951 9.99462E-05
9.99282E-05 9.99282E-05 9.99282E-05 9.99282E-05 9.99282E-05 0.754817 9.99282E-05 0.244384 9.99282E-05 9.99282E-05
9.99464E-05 9.99464E-05 0.0699819 9.99464E-05 9.99464E-05 0.697803 9.99464E-05 0.0593051 0.17231 9.99464E-05
0.0678815 0.401915 9.99642E-05 0.168066 0.103373 9.99642E-05 0.0622419 9.99642E-05 9.99642E-05 0.196122
0.183443 9.99373E-05 9.99373E-05 9.99373E-05 9.99373E-05 0.333146 9.99373E-05 9.99373E-05 0.482712 9.99373E-05
9.99642E-05 0.676461 0.0835759 9.99642E-05 0.077858 9.99642E-05 0.127647 9.99642E-05 0.0104193 0.0236382
9.99642E-05 0.106701 0.147237 9.99642E-05 0.215169 9.99642E-05 9.99642E-05 0.135753 0.153028 0.241712
0.0934302 9.9991E-05 0.0187429 0.123241 0.0765791 0.124126 0.0660641 0.480375 0.0115336 0.00580957
9.99463E-05 0.144769 9.99463E-05 9.99463E-05 0.0868447 0.0345562 9.99463E-05 0.73323 9.99463E-05 9.99463E-05
0.00911468 9.99731E-05 0.426647 0.0239104 0.010733 9.99731E-05 9.99731E-05 0.0527353 0.333893 0.142666
0.210999 9.9964E-05 9.9964E-05 9.9964E-05 0.000511585 0.217135 0.233475 9.9964E-05 0.336854 0.0006263
9.99201E-05 9.99201E-05 9.99201E-05 0.999101 9.99201E-05 9.99201E-05 9.99201E-05 9.99201E-05 9.99201E-05 9.99201E-05
9.99463E-05 9.99463E-05 0.104748 9.99463E-05 9.99463E-05 9.99463E-05 0.228963 0.121507 0.544183 9.99463E-05
9.99373E-05 9.99373E-05 0.0254715 9.99373E-05 0.0402409 9.99373E-05 9.99373E-05 9.99373E-05 9.99373E-05 0.933588
0.198971 0.219458 9.99552E-05 0.444441 0.133457 9.99552E-05 9.99552E-05 0.00317301 9.99552E-05 9.99552E-05
0.0514435 0.162014 9.99731E-05 0.126588 9.99731E-05 0.0289638 0.285618 9.99731E-05 0.1996 0.145472
0.326596 0.293208 9.99551E-05 0.15385 9.99551E-05 9.99551E-05 0.201106 9.99551E-05 0.0247412 9.99551E-05
9.9955E-05 0.189572 9.9955E-05 9.9955E-05 9.9955E-05 0.411467 0.263932 0.00958556 9.9955E-05 0.124944
9.99552E-05 0.256932 0.0172612 9.99552E-05 9.99552E-05 0.441211 9.99552E-05 0.139116 0.14498 9.99552E-05
9.99642E-05 9.99642E-05 0.106865 0.0264537 9.99642E-05 0.0162422 0.0994138 0.00352628 9.99642E-05 0.747099
0.0201182 0.040899 9.99732E-05 0.0978261 0.188749 9.99732E-05 0.0430069 0.169908 0.439192 9.99732E-05
9.995E-05 0.33858 9.995E-05 0.047893 0.148999 9.995E-05 9.995E-05 9.995E-05 0.20115 0.262878
9.99643E-05 0.00522514 9.99643E-05 0.15049 0.0341898 0.282338 0.267595 0.259763 9.99643E-05 9.99643E-05
0.0431218 9.99374E-05 9.99374E-05 9.99374E-05 9.99374E-05 0.732729 9.99374E-05 9.99374E-05 0.22345 9.99374E-05
0.0267839 0.0500047 0.101617 9.9991E-05 0.0203438 0.0315377 0.27848 0.0209709 0.293543 0.176619
9.99201E-05 9.99201E-05 9.99201E-05 0.999101 9.99201E-05 9.99201E-05 9.99201E-05 9.99201E-05 9.99201E-05 9.99201E-05
0.0585541 9.9973E-05 0.0015371 0.320228 9.9973E-05 0.0755338 0.290461 0.112197 0.141189 9.9973E-05
9.99462E-05 0.0441554 9.99462E-05 0.170464 9.99462E-05 9.99462E-05 0.229415 9.99462E-05 0.555365 9.99462E-05
0.345231 0.207233 9.99641E-05 0.054443 9.99641E-05 9.99641E-05 0.320646 0.0444357 0.0276103 9.99641E-05
0.038309 9.99463E-05 9.99463E-05 0.483383 9.99463E-05 9.99463E-05 0.269445 0.208264 9.99463E-05 9.99463E-05
0.270734 9.9973E-05 0.109285 0.0441204 9.9973E-05 0.11239 9.9973E-05 0.109416 0.163805 0.189949
9.99552E-05 0.120816 0.00788446 9.99552E-05 9.99552E-05 0.638457 9.99552E-05 0.209642 9.99552E-05 0.0227006
9.99464E-05 0.258273 9.99464E-05 9.99464E-05 9.99464E-05 0.37143 0.162455 9.99464E-05 0.207243 9.99464E-05
9.99464E-05 9.99464E-05 9.99464E-05 0.223696 9.99464E-05 9.99464E-05 0.0449682 9.99464E-05 0.0306099 0.700126
0.131528 0.104583 0.0402714 0.0775897 9.9973E-05 9.9973E-05 9.9973E-05 0.094985 0.429585 0.121157
0.286031 9.99462E-05 9.99462E-05 9.99462E-05 0.202945 0.315441 0.194982 9.99462E-05 9.99462E-05 9.99462E-05
9.99551E-05 0.0992855 9.99551E-05 0.225958 0.0982143 0.405989 9.99551E-05 9.99551E-05 0.170053 9.99551E-05
0.253901 0.341516 9.99461E-05 9.99461E-05 0.0303823 9.99461E-05 9.99461E-05 9.99461E-05 0.373601 9.99461E-05
9.9982E-05 0.030219 0.168903 0.0428506 0.000264753 9.9982E-05 0.187647 0.155545 0.282401 0.131971
0.300936 0.113227 0.0843459 9.99641E-05 0.0235509 0.473271 9.99641E-05 0.0042695 9.99641E-05 9.99641E-05
0.00315959 9.99463E-05 9.99463E-05 9.99463E-05 9.99463E-05 0.63445 0.110633 9.99463E-05 9.99463E-05 0.251158
9.99642E-05 9.99642E-05 0.00854658 0.0841832 9.99642E-05 9.99642E-05 0.104866 0.104376 0.214317 0.483311
9.99282E-05 9.99282E-05 9.99282E-05 9.99282E-05 0.864276 9.99282E-05 9.99282E-05 9.99282E-05 9.99282E-05 0.134925
0.0372537 0.140604 9.99731E-05 9.99731E-05 0.00428708 0.0800727 9.99731E-05 0.559554 0.0165023 0.161427
0.060662 0.0889638 9.99552E-05 9.99552E-05 9.99552E-05 9.99552E-05 0.296412 0.168565 0.384897 9.99552E-05
9.99372E-05 9.99372E-05 9.99372E-05 0.0554939 9.99372E-05 9.99372E-05 9.99372E-05 0.616055 9.99372E-05 0.327752
0.122457 0.0783647 9.99821E-05 0.225168 0.0227387 9.99821E-05 0.0430557 0.457897 0.0279702 0.0221481
0.0514366 0.0697392 9.9973E-05 0.0709038 9.9973E-05 0.234141 0.206192 0.175306 9.9973E-05 0.191981
0.0587057 9.99732E-05 0.0102939 0.0878928 9.99732E-05 0.442973 0.0498535 9.99732E-05 0.185452 0.164529
9.99371E-05 9.99371E-05 9.99371E-05 9.99371E-05 0.974341 0.0123598 9.99371E-05 9.99371E-05 0.0125999 9.99371E-05
0.300589 9.99732E-05 9.99732E-05 0.256899 0.115542 0.159185 0.0591064 0.0712455 0.0371327 9.99732E-05
9.99551E-05 0.11565 9.99551E-05 0.109794 9.99551E-05 0.0258782 9.99551E-05 9.99551E-05 0.668845 0.0793334
9.99642E-05 0.13081 0.164647 9.99642E-05 9.99642E-05 0.0360889 0.0816542 9.99642E-05 0.534618 0.0517821
9.99372E-05 9.99372E-05 0.0328 9.99372E-05 9.99372E-05 9.99372E-05 9.99372E-05 9.99372E-05 0.644696 0.321805
