0.196489 9.9991E-05 0.53111 0.272301
9.99821E-05 9.99821E-05 0.572975 0.426825
0.530927 0.183856 0.257203 0.0280142
0.304787 0.139826 0.387697 0.16769
0.331238 9.9991E-05 0.32478 0.343882
0.244295 0.243229 0.33676 0.175716
0.128796 9.99911E-05 0.223097 0.648007
0.0685505 9.9991E-05 0.740807 0.190543
0.0852958 0.604139 0.194088 0.116477
0.0754282 0.499851 9.99911E-05 0.424621
0.30505 0.652068 0.0427825 9.9991E-05
0.0172527 9.99911E-05 0.70601 0.276638
0.120297 0.0167194 0.808298 0.0546858
0.182562 9.9991E-05 0.157627 0.659711
9.999E-05 0.176074 0.805115 0.0187114
0.498653 9.99911E-05 0.475036 0.0262111
0.005935 0.151178 0.415346 0.427542
0.118828 0.241328 9.9991E-05 0.639744
9.99821E-05 0.195776 0.804024 9.99821E-05
0.145994 0.419011 0.240775 0.19422
0.0354267 0.52581 9.99911E-05 0.438663
0.181172 0.247012 0.571716 9.9991E-05
0.411533 0.0808626 0.266701 0.240904
0.552611 0.103507 9.9991E-05 0.343782
0.479442 0.249413 0.271045 9.9991E-05
0.342806 0.0503996 0.606695 9.9991E-05
0.0978164 0.291252 0.129322 0.48161
9.99911E-05 0.408749 0.431424 0.159727
9.9991E-05 0.223548 0.748986 0.0273661
0.982622 0.0171778 9.99821E-05 9.99821E-05
0.0191233 0.433711 0.153084 0.394082
9.99821E-05 9.99821E-05 0.512817 0.486983
0.162667 0.718341 0.0825342 0.0364572
0.0465732 9.9991E-05 0.825183 0.128143
0.390781 9.9991E-05 0.351567 0.257552
9.99821E-05 9.99821E-05 0.0571701 0.94263
0.116175 0.171832 0.534973 0.177021
0.123749 0.70796 0.168191 9.99911E-05
0.177566 0.0915246 0.421725 0.309184
0.0923885 0.0342229 0.824048 0.0493406
0.344182 0.0814117 0.0817045 0.492702
0.1217 0.303877 9.99911E-05 0.574323
0.0773326 9.9991E-05 0.417306 0.505262
9.99821E-05 0.509498 0.490302 9.99821E-05
0.0560692 9.9991E-05 0.683982 0.259849
0.0798137 9.99911E-05 0.551284 0.368802
0.167348 0.102278 0.411991 0.318383
9.9991E-05 0.306472 0.216773 0.476655
0.0600979 0.0193047 0.861617 0.0589804
0.14802 9.9991E-05 0.403569 0.448311
0.475323 9.9982E-05 0.524477 9.9982E-05
9.99821E-05 0.515183 9.99821E-05 0.484617
0.369721 0.307847 0.229391 0.0930402
0.332586 9.99821E-05 0.667214 9.99821E-05
9.99911E-05 0.346114 0.219695 0.434091
9.99911E-05 0.283782 0.532307 0.18381
0.221577 9.9991E-05 0.402347 0.375976
9.99911E-05 0.216181 0.249962 0.533757
9.9991E-05 0.319212 0.397076 0.283612
0.0787108 0.244902 0.219125 0.457262
0.309223 0.161829 0.528848 9.9991E-05
0.121418 9.9991E-05 0.0901968 0.788285
9.9991E-05 0.376442 0.421108 0.20235
0.771084 9.9991E-05 0.0546032 0.174213
0.146549 0.141505 0.711846 9.9991E-05
0.198333 0.139201 0.499159 0.163307
0.275333 9.9991E-05 0.482201 0.242366
9.9991E-05 0.14104 0.583735 0.275125
9.99821E-05 9.99821E-05 0.927688 0.072112
0.0418956 0.394103 0.341238 0.222763
0.0474062 0.43647 0.0944083 0.421715
0.0176704 9.99911E-05 0.536246 0.445984
9.99822E-05 9.99822E-05 0.345686 0.654114
9.99821E-05 9.99821E-05 0.861873 0.137927
0.305001 9.99911E-05 0.479912 0.214987
9.99821E-05 9.99821E-05 0.46664 0.53316
0.175836 9.99822E-05 0.823964 9.99822E-05
0.0286809 0.539034 0.0710542 0.361231
0.18855 0.260802 0.541103 0.00954477
9.9991E-05 0.362148 0.371036 0.266717
0.0459852 9.99911E-05 0.694532 0.259383
0.23458 0.105984 0.538561 0.120875
9.99911E-05 0.260481 0.0979409 0.641478
0.312442 0.119112 0.568346 9.9991E-05
0.205648 0.0571408 0.231154 0.506057
9.9991E-05 0.110039 0.303665 0.586195
9.99911E-05 0.262527 0.00683903 0.730534
0.65204 9.9991E-05 0.213322 0.134538
0.261763 0.393592 0.344546 9.99911E-05
0.0496881 0.346591 0.603621 9.9991E-05
0.9997 9.998E-05 9.998E-05 9.998E-05
0.112312 0.212828 0.021154 0.653706
0.205138 9.99911E-05 0.255483 0.539279
0.266618 0.456768 9.9991E-05 0.276515
9.9991E-05 0.243818 0.233536 0.522546
0.116553 0.240763 0.197106 0.445577
0.282639 0.390703 0.0299284 0.296729
9.9991E-05 0.441857 0.170389 0.387655
0.558433 9.9991E-05 0.258886 0.182581
0.467108 0.0657348 9.9991E-05 0.467057
0.175101 0.600152 9.99911E-05 0.224646
0.9997 9.998E-05 9.998E-05 9.998E-05
0.0494932 0.925301 9.99911E-05 0.0251061
0.132413 0.867387 9.99821E-05 9.99821E-05
9.9982E-05 9.9982E-05 0.726766 0.273034
0.0706277 0.114906 0.755323 0.059143
9.99821E-05 9.99821E-05 0.553938 0.445862
0.149568 0.281792 0.525933 0.0427072
0.0181407 0.0705419 0.911217 9.99911E-05
0.240008 0.271312 0.488581 9.99911E-05
0.297578 9.99911E-05 0.10016 0.602162
0.221023 9.99821E-05 0.778777 9.99821E-05
0.561111 9.99821E-05 0.438689 9.99821E-05
0.0969829 9.99822E-05 0.902817 9.99822E-05
0.968641 9.99821E-05 9.99821E-05 0.0311586
0.0238671 0.685879 0.257679 0.0325749
0.13146 0.0108849 0.64733 0.210324
0.0090269 0.0955406 0.757073 0.13836
0.253869 0.129264 0.616767 9.9991E-05
0.0826161 0.0724763 0.59015 0.254758
0.602421 0.127575 0.269904 9.9991E-05
0.164005 0.0657946 0.303599 0.466602
0.175346 9.99821E-05 0.824454 9.99821E-05
9.9991E-05 0.240401 0.362259 0.39724
0.325408 0.272885 0.401607 9.99911E-05
0.042776 0.333792 0.516663 0.106769
0.257678 9.99911E-05 0.337783 0.404439
0.0185988 9.9991E-05 0.71377 0.267531
0.30441 0.177118 0.344216 0.174256
0.321207 0.0875731 0.460323 0.130897
9.99911E-05 0.517344 0.0960169 0.386539
0.162121 0.199607 0.230949 0.407323
9.99911E-05 0.348441 0.375361 0.276098
9.99821E-05 0.60205 0.39775 9.99821E-05
0.0464033 0.396133 0.0934289 0.464035
9.99911E-05 0.0399263 0.823099 0.136875
0.0669271 9.99821E-05 0.932873 9.99821E-05
0.214528 0.069439 0.673417 0.042616
9.99911E-05 0.339228 0.498268 0.162404
0.0421043 9.99821E-05 0.957696 9.99821E-05
0.208945 0.315801 0.372501 0.102753
0.172507 0.345824 0.211879 0.269789
0.157498 0.327995 0.227404 0.287103
0.121058 0.878742 9.99821E-05 9.99821E-05
0.61152 0.260165 0.0802265 0.0480881
0.158545 0.0545503 0.72203 0.0648746
9.998E-05 9.998E-05 9.998E-05 0.9997
0.246556 0.215518 0.334672 0.203254
0.124263 9.99911E-05 0.316615 0.559022
9.99911E-05 0.406102 0.198596 0.395202
9.99822E-05 0.328876 0.670924 9.99822E-05
9.9991E-05 0.1601 0.510839 0.328961
9.9991E-05 0.111757 0.850524 0.0376191
9.99911E-05 0.27722 0.531508 0.191173
0.311311 9.99911E-05 0.0539663 0.634623
0.0236298 0.493063 0.309087 0.17422
0.0409627 0.445514 0.288786 0.224738
0.233087 0.287647 0.449116 0.0301492
0.223956 9.99821E-05 0.775844 9.99821E-05
0.306081 0.20089 0.383231 0.109798
9.998E-05 9.998E-05 9.998E-05 0.9997
9.99821E-05 9.99821E-05 0.647715 0.352085
0.0682466 0.0865555 0.586904 0.258293
9.99911E-05 0.405231 0.250642 0.344027
9.99822E-05 9.99822E-05 0.645573 0.354227
0.0319426 0.0547458 0.617603 0.295709
0.173283 0.148863 0.677755 9.99911E-05
9.998E-05 9.998E-05 0.9997 9.998E-05
9.99822E-05 9.99822E-05 0.0967922 0.903008
0.157564 0.127329 0.405902 0.309205
0.221952 9.99821E-05 0.777848 9.99821E-05
9.9991E-05 0.047601 0.810778 0.141521
9.99821E-05 0.55441 0.44539 9.99821E-05
0.331995 9.9991E-05 0.302654 0.365252
0.215498 0.0709191 0.713483 9.9991E-05
9.99821E-05 0.0202455 0.979555 9.99821E-05
0.0536689 0.186133 0.524815 0.235383
0.128655 0.804738 0.0212595 0.045347
0.0592169 0.189218 0.366816 0.384749
0.0164812 0.436973 0.0712916 0.475254
9.99821E-05 0.164574 9.99821E-05 0.835226
0.0377232 0.372588 0.23383 0.355859
0.187178 0.0700597 0.467965 0.274798
0.224105 9.99911E-05 0.730203 0.0455916
0.157107 0.838222 0.00457102 9.9991E-05
9.99822E-05 9.99822E-05 0.885064 0.114736
9.9991E-05 0.195979 0.589271 0.214649
0.370343 0.16478 0.29838 0.166497
0.0805718 0.167677 0.104392 0.64736
