0.26187 0.245124 9.99641E-05 9.99641E-05 0.454665 9.99641E-05 0.00425173 0.0336896 9.99641E-05
0.41481 0.133369 9.99641E-05 0.267814 0.130898 9.99641E-05 9.99641E-05 9.99641E-05 0.0527091
0.335757 9.99731E-05 9.99731E-05 0.0506367 0.0566854 9.99731E-05 0.15963 0.182285 0.214706
0.0800592 0.0480951 0.225763 9.99731E-05 0.423717 9.99731E-05 0.124961 9.99731E-05 0.0971052
9.99551E-05 0.132345 9.99551E-05 9.99551E-05 0.581078 0.272426 0.0136511 9.99551E-05 9.99551E-05
9.9964E-05 9.9964E-05 0.00223312 9.9964E-05 0.60312 0.0666598 9.9964E-05 0.0978883 0.229699
9.99642E-05 0.130259 0.224678 9.99642E-05 0.554714 0.0461728 0.0437772 9.99642E-05 9.99642E-05
0.0544783 0.0851513 9.99552E-05 0.0903314 0.769539 9.99552E-05 9.99552E-05 9.99552E-05 9.99552E-05
9.99552E-05 9.99552E-05 0.79278 9.99552E-05 9.99552E-05 0.031587 0.0406786 9.99552E-05 0.134455
0.107359 0.084574 9.99642E-05 9.99642E-05 9.99642E-05 9.99642E-05 0.0690409 0.468216 0.270409
0.251235 0.111664 0.0160759 9.99731E-05 0.145041 9.99731E-05 0.0286469 9.99731E-05 0.447038
0.0360859 0.0998968 0.495313 0.0299099 0.338394 9.99642E-05 9.99642E-05 9.99642E-05 9.99642E-05
0.29115 9.99641E-05 0.192123 0.160889 0.306881 9.99641E-05 0.0485581 9.99641E-05 9.99641E-05
9.99641E-05 0.188991 0.0540067 9.99641E-05 0.331162 9.99641E-05 0.0493134 0.376127 9.99641E-05
0.183778 9.99552E-05 0.593576 9.99552E-05 0.183511 9.99552E-05 9.99552E-05 9.99552E-05 0.0386352
9.99552E-05 0.242661 0.172384 9.99552E-05 0.331227 9.99552E-05 0.253228 9.99552E-05 9.99552E-05
0.257857 9.99731E-05 0.206544 9.99731E-05 0.20811 0.0294453 0.0481339 9.99731E-05 0.24961
9.99641E-05 0.254422 9.99641E-05 9.99641E-05 9.99641E-05 0.189425 0.185163 0.282416 0.0881742
0.513353 9.99463E-05 0.399159 9.99463E-05 0.0868886 9.99463E-05 9.99463E-05 9.99463E-05 9.99463E-05
9.99641E-05 9.99641E-05 0.0227502 0.442297 0.119073 9.99641E-05 0.0492901 0.36619 9.99641E-05
9.99374E-05 9.99374E-05 9.99374E-05 9.99374E-05 9.99374E-05 9.99374E-05 9.99374E-05 0.949854 0.049446
0.543274 9.99551E-05 9.99551E-05 0.228135 9.99551E-05 0.155549 0.0725423 9.99551E-05 9.99551E-05
9.99642E-05 0.0763518 0.150487 9.99642E-05 0.352087 9.99642E-05 0.268611 9.99642E-05 0.152064
9.99463E-05 9.99463E-05 9.99463E-05 9.99463E-05 0.414196 0.23141 0.353794 9.99463E-05 9.99463E-05
9.99731E-05 0.0258337 9.99731E-05 9.99731E-05 0.196289 0.0776564 0.304455 0.106668 0.288798
0.0457131 0.110085 0.0709479 9.9973E-05 0.520044 9.9973E-05 0.208823 0.0440875 9.9973E-05
0.470062 0.272147 9.9955E-05 9.9955E-05 9.9955E-05 9.9955E-05 0.115268 0.142023 9.9955E-05
0.266362 9.99552E-05 9.99552E-05 9.99552E-05 0.138204 0.564947 9.99552E-05 9.99552E-05 0.0299868
0.0919741 0.100495 9.9973E-05 0.66056 0.0525159 0.00845503 9.9973E-05 9.9973E-05 0.0856998
9.99463E-05 9.99463E-05 9.99463E-05 9.99463E-05 0.0125169 0.125587 0.861296 9.99463E-05 9.99463E-05
9.99551E-05 0.176233 9.99551E-05 9.99551E-05 9.99551E-05 0.589202 9.99551E-05 0.130314 0.103751
9.99642E-05 0.000471459 0.138672 0.626955 0.172753 9.99642E-05 0.0607476 9.99642E-05 9.99642E-05
0.297011 9.99731E-05 9.99731E-05 0.0802424 9.99731E-05 0.243097 0.167619 0.136584 0.0751465
0.130889 9.99641E-05 0.125708 0.257056 0.402403 0.0835435 9.99641E-05 9.99641E-05 9.99641E-05
9.99551E-05 0.226088 9.99551E-05 9.99551E-05 0.629421 9.99551E-05 0.11927 9.99551E-05 0.0247214
9.99463E-05 0.0393417 9.99463E-05 9.99463E-05 0.278442 9.99463E-05 9.99463E-05 0.681616 9.99463E-05
9.99551E-05 0.227277 9.99551E-05 0.40384 9.99551E-05 0.367394 9.99551E-05 9.99551E-05 0.000988084
0.295082 0.029868 9.99641E-05 0.162024 9.99641E-05 9.99641E-05 0.225987 9.99641E-05 0.286639
9.999E-05 0.0831448 0.121235 0.192154 0.275786 0.127803 0.122696 0.0421479 0.034935
9.99641E-05 0.085438 9.99641E-05 0.225421 0.447481 9.99641E-05 0.0478737 9.99641E-05 0.193386
0.609169 9.99463E-05 9.99463E-05 9.99463E-05 9.99463E-05 0.131451 0.25878 9.99463E-05 9.99463E-05
0.00507702 9.99552E-05 0.381309 9.99552E-05 9.99552E-05 9.99552E-05 0.130041 0.483073 9.99552E-05
0.306647 9.9955E-05 9.9955E-05 9.9955E-05 0.332843 9.9955E-05 0.0209046 0.339106 9.9955E-05
0.256423 0.0076497 0.245781 9.99642E-05 0.347096 9.99642E-05 9.99642E-05 9.99642E-05 0.14265
9.99461E-05 0.103342 9.99461E-05 0.818478 9.99461E-05 9.99461E-05 0.077581 9.99461E-05 9.99461E-05
9.99731E-05 0.158326 0.261351 0.0850652 0.292053 9.99731E-05 9.99731E-05 0.11041 0.0924946
9.9964E-05 9.9964E-05 0.278986 0.392036 0.094581 9.9964E-05 0.0562743 0.177723 9.9964E-05
0.167279 0.12374 0.318944 9.9982E-05 0.053526 0.0317127 9.9982E-05 0.192062 0.112537
0.263586 9.99553E-05 0.079356 0.532202 9.99553E-05 9.99553E-05 9.99553E-05 0.124356 9.99553E-05
9.99551E-05 0.225966 9.99551E-05 0.145549 0.549597 9.99551E-05 9.99551E-05 0.078388 9.99551E-05
9.99462E-05 9.99462E-05 9.99462E-05 9.99462E-05 0.851311 9.99462E-05 0.098806 9.99462E-05 0.0492836
9.99731E-05 0.0160591 0.305496 9.99731E-05 9.99731E-05 0.0906708 0.0329507 0.251905 0.302618
0.317561 9.9964E-05 0.172652 9.9964E-05 0.295624 9.9964E-05 0.211007 9.9964E-05 0.00275571
9.99642E-05 9.99642E-05 0.142289 0.0595857 0.502846 9.99642E-05 0.119091 9.99642E-05 0.175788
9.99641E-05 9.99641E-05 0.152526 0.223142 9.99641E-05 0.477236 9.99641E-05 0.121627 0.025069
0.354169 0.0745122 9.99641E-05 9.99641E-05 0.0456075 0.475664 9.99641E-05 0.0496474 9.99641E-05
0.142281 9.99641E-05 9.99641E-05 9.99641E-05 0.328837 0.1166 0.145543 9.99641E-05 0.26634
9.99553E-05 9.99553E-05 0.0614418 9.99553E-05 0.101759 0.797261 9.99553E-05 0.0390386 9.99553E-05
9.9964E-05 0.237497 0.369822 9.9964E-05 0.0084956 9.9964E-05 0.0669141 9.9964E-05 0.316871
0.123835 0.0570314 9.9964E-05 9.9964E-05 0.313735 9.9964E-05 9.9964E-05 0.421054 0.0839449
0.310304 9.99642E-05 0.0323452 9.99642E-05 0.42383 0.0394428 9.99642E-05 9.99642E-05 0.193678
0.138974 0.273756 0.377241 9.9964E-05 9.9964E-05 9.9964E-05 0.0819718 0.127658 9.9964E-05
0.721602 0.00836379 0.114255 9.9955E-05 9.9955E-05 0.155279 9.9955E-05 9.9955E-05 9.9955E-05
9.99462E-05 0.111323 9.99462E-05 0.121901 9.99462E-05 9.99462E-05 0.766177 9.99462E-05 9.99462E-05
9.99821E-05 0.0374327 0.1175 0.168236 0.61078 0.0429275 0.0157153 9.99821E-05 0.00720786
0.640981 9.99462E-05 9.99462E-05 0.237113 9.99462E-05 9.99462E-05 0.121306 9.99462E-05 9.99462E-05
9.99462E-05 9.99462E-05 0.109042 9.99462E-05 0.609186 9.99462E-05 9.99462E-05 0.281172 9.99462E-05
9.99551E-05 0.308531 0.604103 0.0568305 0.030036 9.99551E-05 9.99551E-05 9.99551E-05 9.99551E-05
0.126383 0.102865 0.0564938 0.286483 0.307292 9.9982E-05 9.9982E-05 0.103534 0.0167493
0.26191 9.99461E-05 9.99461E-05 0.299885 9.99461E-05 9.99461E-05 9.99461E-05 0.437605 9.99461E-05
9.9991E-05 0.148901 0.261407 0.129163 0.0468128 0.130078 0.0662918 0.0850362 0.13221
0.731773 0.161398 0.0216794 9.99642E-05 9.99642E-05 9.99642E-05 0.0626506 0.0220986 9.99642E-05
9.99553E-05 0.258779 9.99553E-05 0.352075 0.0686721 0.319975 9.99553E-05 9.99553E-05 9.99553E-05
0.338703 0.0466745 0.0173789 0.279573 0.291739 0.025631 9.99732E-05 9.99732E-05 9.99732E-05
9.99555E-05 9.99555E-05 0.0470315 0.0298296 0.875705 9.99555E-05 9.99555E-05 9.99555E-05 0.0469344
0.0776171 0.342989 0.265942 0.223477 0.0234445 0.0247168 0.023903 0.0178102 9.9991E-05
0.215126 9.99554E-05 0.511062 9.99554E-05 0.0949698 9.99554E-05 0.178342 9.99554E-05 9.99554E-05
0.37673 0.0918698 0.00180471 9.9973E-05 0.14817 0.144376 9.9973E-05 9.9973E-05 0.23675
0.446233 9.99462E-05 9.99462E-05 9.99462E-05 0.409535 9.99462E-05 9.99462E-05 9.99462E-05 0.143633
0.210394 0.0743839 9.99641E-05 9.99641E-05 0.400583 0.19663 9.99641E-05 9.99641E-05 0.117609
9.99553E-05 0.268431 9.99553E-05 0.073447 0.608596 9.99553E-05 9.99553E-05 9.99553E-05 0.0490262
0.117499 9.99821E-05 0.00148391 0.0076326 0.571237 9.99821E-05 0.00914047 0.175063 0.117744
9.99462E-05 9.99462E-05 9.99462E-05 0.131953 9.99462E-05 0.14972 9.99462E-05 0.717728 9.99462E-05
0.286624 9.99551E-05 9.99551E-05 0.408464 9.99551E-05 9.99551E-05 0.260088 9.99551E-05 0.0443238
9.99641E-05 0.078994 0.22851 9.99641E-05 0.25351 9.99641E-05 0.0768771 0.361709 9.99641E-05
0.362921 0.116937 9.9955E-05 9.9955E-05 0.285558 9.9955E-05 9.9955E-05 0.234085 9.9955E-05
0.449671 0.10878 9.99731E-05 0.0723858 9.99731E-05 0.0465306 9.99731E-05 0.319382 0.00295005
0.220281 9.99731E-05 9.99731E-05 9.99731E-05 0.258287 0.0438503 0.397329 0.0733843 0.00656964
9.99731E-05 9.99731E-05 0.236335 0.206274 0.079921 9.99731E-05 0.182863 0.0106651 0.283642
0.570201 9.99641E-05 9.99641E-05 0.310174 0.0269596 9.99641E-05 0.00133566 9.99641E-05 0.0909306
9.99464E-05 9.99464E-05 0.00577151 9.99464E-05 0.309906 9.99464E-05 0.683723 9.99464E-05 9.99464E-05
9.99464E-05 9.99464E-05 9.99464E-05 9.99464E-05 0.10367 9.99464E-05 0.0221032 0.873627 9.99464E-05
9.99642E-05 0.150744 0.22483 0.203177 9.99642E-05 9.99642E-05 0.0579451 0.362904 9.99642E-05
0.0883502 9.9982E-05 0.196738 9.9982E-05 0.104378 0.0466922 0.0359315 0.248976 0.278734
0.281869 0.234637 0.281164 0.128008 9.9964E-05 9.9964E-05 9.9964E-05 0.0739222 9.9964E-05
0.0201242 9.99641E-05 0.459458 9.99641E-05 0.279084 9.99641E-05 0.0817009 9.99641E-05 0.159233
0.146649 0.0343384 0.0657528 0.125155 0.0876386 0.088022 0.0777739 0.329586 0.0450843
9.99462E-05 9.99462E-05 0.684532 9.99462E-05 0.0529658 9.99462E-05 9.99462E-05 0.261902 9.99462E-05
9.9973E-05 0.0741358 9.9973E-05 0.00832351 0.360199 0.0374337 0.490167 0.0294411 9.9973E-05
0.167274 0.0864063 0.0501736 0.0160897 0.0108022 0.063636 0.454506 0.0797182 0.0713939
9.99461E-05 9.99461E-05 0.173422 9.99461E-05 9.99461E-05 0.721612 0.104366 9.99461E-05 9.99461E-05
9.99463E-05 0.0654517 9.99463E-05 9.99463E-05 9.99463E-05 9.99463E-05 0.888362 9.99463E-05 0.0455868
0.526678 9.99642E-05 9.99642E-05 9.99642E-05 9.99642E-05 0.182785 0.0411728 0.0506744 0.19829
9.993E-05 9.993E-05 9.993E-05 9.993E-05 9.993E-05 9.993E-05 9.993E-05 9.993E-05 0.999201
0.0288381 0.0292985 0.0742216 0.307622 0.48444 0.00226916 9.9991E-05 0.0569125 0.0162988
9.99641E-05 9.99641E-05 0.491163 0.273991 0.169332 9.99641E-05 0.045009 0.020105 9.99641E-05
9.99641E-05 9.99641E-05 0.00630914 0.228253 0.27001 0.289479 9.99641E-05 0.205549 9.99641E-05
9.99551E-05 9.99551E-05 9.99551E-05 0.328167 0.285454 0.234591 9.99551E-05 9.99551E-05 0.151289
9.99553E-05 9.99553E-05 0.151478 0.270217 0.549711 9.99553E-05 9.99553E-05 9.99553E-05 0.0280936
9.99642E-05 0.0846546 9.99642E-05 0.300585 9.99642E-05 9.99642E-05 0.175556 0.202404 0.236401
9.99642E-05 0.117339 0.271149 9.99642E-05 0.0348966 9.99642E-05 0.341883 0.234333 9.99642E-05
9.99553E-05 0.160383 0.000180402 9.99553E-05 0.726995 9.99553E-05 0.111942 9.99553E-05 9.99553E-05
9.99462E-05 9.99462E-05 9.99462E-05 0.302546 9.99462E-05 9.99462E-05 0.593129 0.103726 9.99462E-05
9.99551E-05 0.0819436 9.99551E-05 0.244188 0.415178 9.99551E-05 9.99551E-05 9.99551E-05 0.258191
0.0970068 9.99461E-05 9.99461E-05 9.99461E-05 9.99461E-05 9.99461E-05 0.888641 9.99461E-05 0.0137527
9.99463E-05 9.99463E-05 0.647551 9.99463E-05 9.99463E-05 0.0124659 9.99463E-05 9.99463E-05 0.339383
0.406221 0.048533 9.99551E-05 9.99551E-05 0.486133 9.99551E-05 9.99551E-05 0.0586133 9.99551E-05
0.524458 0.0616462 9.99731E-05 0.271554 0.0321667 0.0750186 0.0348565 9.99731E-05 9.99731E-05
0.0359971 0.110926 9.99641E-05 0.450662 9.99641E-05 9.99641E-05 0.288747 9.99641E-05 0.113267
0.170095 0.0395711 9.9991E-05 0.224397 0.227889 0.0206963 0.0640392 0.163912 0.0893001
0.216388 0.223853 0.0214554 9.99731E-05 0.0235325 9.99731E-05 0.491299 9.99731E-05 0.0231715
9.9991E-05 0.0185617 0.0339185 0.08938 0.218979 0.266107 0.245719 0.122041 0.00519308
9.99373E-05 9.99373E-05 9.99373E-05 9.99373E-05 0.721094 9.99373E-05 9.99373E-05 9.99373E-05 0.278206
0.184445 0.00621814 9.99731E-05 0.139536 0.0159794 9.99731E-05 9.99731E-05 0.617287 0.0362343
0.229728 9.99731E-05 0.104978 9.99731E-05 0.269555 9.99731E-05 0.0673588 0.0505594 0.277521
0.134246 9.9964E-05 0.225097 9.9964E-05 0.322983 0.140107 9.9964E-05 0.177167 9.9964E-05
0.261015 0.0427554 0.0117272 0.158886 9.99732E-05 9.99732E-05 0.205907 0.31941 9.99732E-05
0.0480847 0.215592 0.0741494 0.238164 0.294826 0.0676015 0.0235437 9.9991E-05 0.0379385
0.11868 9.99642E-05 9.99642E-05 0.287749 9.99642E-05 9.99642E-05 0.206305 0.180094 0.206773
9.99641E-05 0.0784708 0.209568 0.255884 9.99641E-05 9.99641E-05 0.13362 0.322057 9.99641E-05
9.99375E-05 9.99375E-05 0.961884 9.99375E-05 9.99375E-05 9.99375E-05 9.99375E-05 0.0374169 9.99375E-05
0.0898906 0.00919819 9.9982E-05 0.0499634 0.454537 0.0273497 9.9982E-05 0.305324 0.0635373
0.0163925 0.183102 0.218063 0.328052 9.99641E-05 9.99641E-05 9.99641E-05 9.99641E-05 0.253991
0.222136 0.120794 0.13814 0.188667 9.9973E-05 0.0617497 9.9973E-05 9.9973E-05 0.268214
0.522167 0.0931375 9.99552E-05 9.99552E-05 9.99552E-05 9.99552E-05 9.99552E-05 0.329675 0.0545209
9.99642E-05 9.99642E-05 0.00720074 0.241757 0.320341 9.99642E-05 9.99642E-05 0.413215 0.0170858
9.99373E-05 9.99373E-05 9.99373E-05 0.752772 0.246529 9.99373E-05 9.99373E-05 9.99373E-05 9.99373E-05
9.99642E-05 9.99642E-05 9.99642E-05 0.524269 0.268035 9.99642E-05 0.0596222 0.068377 0.079297
0.024851 0.155826 0.44667 0.141536 0.0547451 9.99731E-05 9.99731E-05 9.99731E-05 0.176071
9.99552E-05 9.99552E-05 0.116777 0.23076 0.628952 9.99552E-05 9.99552E-05 0.0230107 9.99552E-05
9.99642E-05 0.122006 9.99642E-05 0.0696737 0.0848365 0.513183 9.99642E-05 9.99642E-05 0.209901
0.123021 0.184595 0.0972697 9.99911E-05 0.00721175 0.0345174 0.175283 0.109909 0.268093
0.370556 0.0773789 0.134768 0.00775022 0.264865 0.00603726 9.99821E-05 0.138445 9.99821E-05
0.621225 9.99643E-05 0.0575768 9.99643E-05 9.99643E-05 0.00890903 9.99643E-05 0.0584388 0.25345
0.137258 0.113873 0.105229 9.99731E-05 9.99731E-05 9.99731E-05 0.378533 0.220791 0.0440156
9.99551E-05 9.99551E-05 0.11914 0.405084 0.460389 9.99551E-05 0.0148867 9.99551E-05 9.99551E-05
9.993E-05 0.999201 9.993E-05 9.993E-05 9.993E-05 9.993E-05 9.993E-05 9.993E-05 9.993E-05
0.282241 0.00986128 9.99731E-05 9.99731E-05 0.371067 9.99731E-05 0.0288605 0.199559 0.108111
9.99731E-05 9.99731E-05 0.0160103 9.99731E-05 0.371717 0.093952 0.110694 0.310142 0.0971848
9.99821E-05 0.355115 0.357558 0.0384968 0.0514478 0.142197 0.0109345 0.044051 9.99821E-05
0.351671 0.0349171 0.107846 0.111709 0.233537 0.0777612 9.99821E-05 0.0823581 9.99821E-05
0.564229 0.159348 0.103487 9.99552E-05 0.172436 9.99552E-05 9.99552E-05 9.99552E-05 9.99552E-05
9.9955E-05 9.9955E-05 9.9955E-05 0.2219 0.269679 0.320064 9.9955E-05 0.187858 9.9955E-05
0.337288 0.0602901 0.0404711 9.99731E-05 0.431772 0.105206 9.99731E-05 9.99731E-05 0.0246737
9.99641E-05 0.0476448 9.99641E-05 9.99641E-05 0.0441881 0.3228 0.359636 0.225331 9.99641E-05
0.0357844 0.0600696 0.216625 0.405037 0.0269318 0.0276444 9.9991E-05 0.0315172 0.19629
9.99821E-05 9.99821E-05 0.0246947 0.100189 0.125722 0.243362 0.0630285 0.254109 0.188695
0.280242 0.252509 9.99643E-05 9.99643E-05 0.234979 9.99643E-05 9.99643E-05 0.194616 0.0372544
0.0589505 0.0728498 0.13229 9.99643E-05 0.696736 0.0387745 9.99643E-05 9.99643E-05 9.99643E-05
0.000802322 9.9982E-05 0.181497 0.438432 0.0289081 9.9982E-05 0.189952 0.0344291 0.12578
9.993E-05 0.999201 9.993E-05 9.993E-05 9.993E-05 9.993E-05 9.993E-05 9.993E-05 9.993E-05
0.219689 0.324044 0.0353811 0.113096 0.30739 9.99642E-05 9.99642E-05 9.99642E-05 9.99642E-05
0.196407 9.99375E-05 9.99375E-05 9.99375E-05 0.802894 9.99375E-05 9.99375E-05 9.99375E-05 9.99375E-05
0.210933 0.0222478 0.498388 0.104417 9.99641E-05 0.163615 9.99641E-05 9.99641E-05 9.99641E-05
0.492365 0.306629 0.0994182 0.0503723 0.050816 9.99643E-05 9.99643E-05 9.99643E-05 9.99643E-05
0.280005 9.99551E-05 0.0290604 9.99551E-05 0.518685 9.99551E-05 9.99551E-05 0.17175 9.99551E-05
0.176498 9.99731E-05 9.99731E-05 9.99731E-05 0.390239 0.167603 0.04799 0.136803 0.0805668
9.99374E-05 9.99374E-05 0.12288 0.87642 9.99374E-05 9.99374E-05 9.99374E-05 9.99374E-05 9.99374E-05
9.99821E-05 0.0173313 0.00338692 0.117153 0.18198 0.479829 0.0857963 0.114323 9.99821E-05
0.0301414 0.0712019 0.218792 0.00144874 0.373452 0.0331335 0.0654644 0.0331413 0.173224
9.99553E-05 9.99553E-05 0.120906 0.280686 0.538919 9.99553E-05 9.99553E-05 9.99553E-05 0.058989
9.99642E-05 0.182096 0.0641489 0.192892 0.398883 9.99642E-05 9.99642E-05 9.99642E-05 0.161581
9.9955E-05 9.9955E-05 0.660243 0.0803217 9.9955E-05 0.0818159 9.9955E-05 9.9955E-05 0.17712
0.153549 9.99642E-05 9.99642E-05 9.99642E-05 0.485254 9.99642E-05 0.132064 0.188227 0.0405069
0.270784 9.99731E-05 0.00692976 0.0054914 0.627157 9.99731E-05 0.00445102 9.99731E-05 0.0848874
9.99643E-05 0.00024472 0.0171512 0.234179 0.613127 0.134899 9.99643E-05 9.99643E-05 9.99643E-05
0.0412893 9.99731E-05 0.384087 0.0913054 0.0891173 9.99731E-05 0.195784 0.198117 9.99731E-05
9.99373E-05 9.99373E-05 9.99373E-05 9.99373E-05 9.99373E-05 9.99373E-05 9.99373E-05 0.240024 0.759276
0.253806 0.0514593 0.030296 0.000945646 0.196254 0.0058258 0.0570882 0.325759 0.0785654
0.872661 9.99464E-05 0.0878418 9.99464E-05 0.0388978 9.99464E-05 9.99464E-05 9.99464E-05 9.99464E-05
0.166234 0.11191 9.99463E-05 9.99463E-05 9.99463E-05 9.99463E-05 9.99463E-05 0.721256 9.99463E-05
0.214597 0.230642 0.00553196 9.9991E-05 0.000612457 0.108166 0.0563403 0.356317 0.027693
0.0165153 0.125777 0.181667 0.00415474 0.421918 0.0441198 0.0413621 0.164387 9.9991E-05
0.211208 0.0211552 9.99643E-05 0.000686679 0.757505 9.99643E-05 0.00904546 9.99643E-05 9.99643E-05
9.993E-05 9.993E-05 9.993E-05 9.993E-05 9.993E-05 9.993E-05 9.993E-05 9.993E-05 0.999201
0.342809 0.126573 0.0839715 9.99643E-05 0.405145 9.99643E-05 9.99643E-05 0.0411012 9.99643E-05
0.166225 9.99642E-05 0.110379 0.188401 0.452231 9.99642E-05 9.99642E-05 9.99642E-05 0.0823647
0.240094 0.0111376 9.9982E-05 0.0162889 0.233619 0.238491 0.148412 9.9982E-05 0.111758
9.9973E-05 9.9973E-05 0.0361449 9.9973E-05 0.254498 0.0899642 0.127743 0.30537 0.185981
