0.0081491 0.888489 0.000414527 9.9982E-05 0.102747 9.9982E-05
0.265513 0.383965 0.0294845 0.116442 9.9991E-05 0.204497
0.292613 0.334573 0.0383765 0.130581 0.123815 0.0800416
0.0541951 0.494328 0.134366 0.1298 0.132096 0.0552142
0.29545 0.300627 0.138937 0.0643562 0.112488 0.0881405
0.341556 0.0544364 0.192638 0.301709 0.109561 9.9991E-05
0.0905919 0.626898 0.0263245 0.0611029 0.184414 0.0106683
0.458323 0.293403 0.0560273 0.0439223 0.0690441 0.0792809
0.177695 0.205787 0.125805 0.357239 0.103981 0.029492
9.999E-05 0.258382 0.194047 0.249595 0.168079 0.129796
0.144056 0.100622 0.205685 0.326823 0.222715 9.9991E-05
9.9973E-05 9.9973E-05 9.9973E-05 0.841709 0.130411 0.0275799
0.15279 0.384077 0.160467 0.0897389 0.155026 0.0579007
0.226381 0.309519 0.186329 0.0948355 0.0685716 0.114364
0.793064 9.9973E-05 0.0724356 9.9973E-05 0.134201 9.9973E-05
0.571266 0.0483883 0.079339 0.00884184 0.120774 0.171391
0.680101 9.9982E-05 0.185189 9.9982E-05 0.0973298 0.0371801
0.232803 0.184334 0.106402 0.167486 0.162295 0.14668
0.234801 0.022593 9.9991E-05 0.493264 0.172724 0.0765183
0.196182 0.414337 0.126899 0.0960745 0.0501106 0.116397
0.226446 0.332613 0.0946535 0.225144 0.121043 9.9991E-05
0.3637 0.291089 0.0958457 0.0935914 0.148298 0.00747564
0.285065 0.194541 0.0206211 0.198645 0.194207 0.106922
0.174689 0.494809 9.9991E-05 0.0806832 0.0390575 0.210661
9.9973E-05 9.9973E-05 0.26667 0.413385 0.319646 9.9973E-05
0.373576 0.434487 0.0497644 9.9991E-05 0.0682515 0.0738215
0.28823 0.337431 0.0710785 0.0456793 0.210358 0.0472233
0.189084 0.32114 0.145806 9.9991E-05 0.0892579 0.254612
0.502551 0.177862 0.126272 0.0284432 0.0385398 0.126332
0.347476 9.9982E-05 0.0220604 9.9982E-05 0.0340906 0.596173
0.352983 9.9991E-05 0.140983 0.361609 0.129075 0.0152508
9.999E-05 0.087415 0.0432527 0.74046 0.118265 0.0105075
0.462758 0.34557 0.0142689 9.9991E-05 0.107499 0.0698045
0.586402 0.0430798 0.156004 0.116866 0.0932189 0.0044286
0.136063 0.229322 0.233466 0.159973 0.204983 0.0361932
9.9964E-05 0.828944 9.9964E-05 9.9964E-05 0.170656 9.9964E-05
0.182282 0.494959 0.228091 0.0399705 0.0354868 0.019211
0.0778874 0.479559 0.200509 9.9991E-05 0.0731911 0.168754
0.596557 9.9991E-05 0.0661806 0.1269 0.108967 0.101295
0.630416 9.9982E-05 0.121294 0.0743273 0.173763 9.9982E-05
0.456987 0.238445 0.084251 0.0678848 0.0712887 0.0811431
0.257394 0.443357 0.0730467 9.9991E-05 0.185882 0.0402199
0.177007 0.559373 0.115472 9.9991E-05 0.0726112 0.0754365
0.0184075 0.428524 0.0163993 0.374217 9.9991E-05 0.162352
9.9982E-05 0.3825 9.9982E-05 0.414876 0.100797 0.101627
0.20025 0.11828 0.329797 0.249437 0.0771945 0.0250424
0.124876 0.353567 9.9982E-05 0.402045 0.119312 9.9982E-05
0.330109 9.9982E-05 9.9982E-05 0.537548 0.117846 0.0142963
0.47061 9.9991E-05 0.0366687 0.3032 0.0520111 0.13741
0.59666 0.0629868 9.9991E-05 0.147416 0.0909734 0.101863
0.178799 0.203245 0.067276 0.217229 0.223807 0.109643
0.293651 0.145784 0.0694237 0.265797 0.169003 0.0563414
0.821214 0.00713272 0.0868215 0.0217919 0.0412728 0.021767
0.505864 0.207947 0.197471 9.9991E-05 0.0411027 0.0475155
0.06384 9.9973E-05 9.9973E-05 0.703267 9.9973E-05 0.232593
0.19501 0.390109 0.0594383 0.227199 0.128143 9.9991E-05
9.9982E-05 9.9982E-05 0.0322736 0.92486 0.0288024 0.013864
9.9991E-05 0.229926 0.0693865 0.452193 0.112572 0.135823
0.500812 9.9991E-05 0.0979259 0.222122 0.0495526 0.129488
0.000457869 0.211752 0.135179 0.466126 0.13937 0.0471147
0.469861 0.372043 0.0432342 0.0312392 0.0385861 0.0450361
0.206798 0.342656 0.0813667 0.150531 0.206958 0.01169
0.56426 9.9973E-05 9.9973E-05 0.28023 0.15521 9.9973E-05
9.9973E-05 0.0163328 9.9973E-05 9.9973E-05 0.0605488 0.922819
0.363492 0.39286 0.211125 9.9982E-05 0.0323229 9.9982E-05
9.9973E-05 0.963478 0.00311309 9.9973E-05 0.0331085 9.9973E-05
0.123178 0.571098 9.9982E-05 0.193886 0.111638 9.9982E-05
0.334581 0.0830459 0.0254834 0.415627 0.109057 0.0322055
0.233598 0.441786 9.9991E-05 0.128287 0.0872489 0.10898
0.429697 0.237364 0.0779767 0.0437855 0.0868787 0.124298
0.128358 9.9991E-05 0.280399 0.40906 0.0120266 0.170056
0.494329 0.310979 0.0364883 9.9982E-05 0.158003 9.9982E-05
0.296532 0.143531 0.0516963 0.24258 0.176775 0.0888865
0.599061 9.9991E-05 0.0409186 0.198933 0.0273565 0.133632
0.39857 0.165664 0.200952 0.10238 9.9991E-05 0.132333
0.571633 9.9991E-05 0.169332 0.241697 0.00525469 0.0119835
0.26224 0.101096 0.0457257 0.265187 0.214491 0.11126
0.391225 0.282364 0.157464 0.0415204 0.0900759 0.0373504
0.622522 0.253951 0.123227 9.9973E-05 9.9973E-05 9.9973E-05
0.491795 0.207962 0.120444 0.0482486 0.0815647 0.0499861
0.259003 0.388436 0.0159224 0.146118 0.119702 0.0708183
0.0695625 0.285221 0.180516 0.354502 0.0848739 0.0253248
0.0499866 0.131476 0.123002 0.419661 9.9991E-05 0.275775
0.549676 9.9991E-05 0.0945516 0.192702 0.104522 0.058448
0.311245 0.183982 0.0206168 0.261017 0.157132 0.0660074
9.9982E-05 0.460805 0.0942171 0.395867 0.04891 9.9982E-05
0.0231705 0.771942 0.0183502 0.0693894 0.117048 9.9991E-05
9.9973E-05 9.9973E-05 0.0686878 0.748437 0.182575 9.9973E-05
0.395209 0.23667 0.104898 9.9991E-05 0.105179 0.157944
0.0195454 0.353843 9.9982E-05 0.506121 0.120291 9.9982E-05
9.9964E-05 9.9964E-05 0.0382272 9.9964E-05 9.9964E-05 0.961373
0.368757 0.0666434 0.112633 0.253994 0.136904 0.0610673
0.175589 0.387717 0.0409879 0.163807 0.231799 9.9991E-05
0.691063 9.9982E-05 9.9982E-05 0.0923717 0.131372 0.0849942
0.195506 0.424527 0.124951 0.0982156 0.1567 9.9991E-05
0.236118 0.529607 0.0739781 9.9991E-05 0.0640822 0.0961143
0.217716 0.441562 0.0817906 0.159651 9.9991E-05 0.0991812
0.0782721 0.12378 0.21198 0.545843 0.0400253 9.9991E-05
9.9991E-05 0.177146 0.00821514 0.180989 0.309818 0.323732
0.27174 0.196945 0.00505862 0.159015 9.9991E-05 0.367141
0.284257 0.134203 0.0316443 0.295348 0.126594 0.127953
9.996E-05 9.996E-05 9.996E-05 9.996E-05 9.996E-05 0.9995
0.384488 9.9991E-05 0.173568 0.159175 0.166891 0.115779
9.996E-05 9.996E-05 0.9995 9.996E-05 9.996E-05 9.996E-05
0.387651 0.383147 0.0966195 9.9991E-05 0.0596812 0.0728012
0.553856 0.213116 0.0261662 0.15476 0.0173075 0.034794
0.353026 0.249355 0.0608459 0.262454 0.0264012 0.0479176
0.310573 0.401829 9.9982E-05 9.9982E-05 0.153506 0.133892
0.703147 9.9982E-05 0.0839187 9.9982E-05 0.0151903 0.197544
0.211583 0.409055 9.9991E-05 0.185723 0.0943696 0.0991699
0.324642 0.300008 0.161693 0.110456 0.1031 9.9991E-05
0.024485 9.9982E-05 9.9982E-05 0.639173 0.210147 0.125995
0.477159 0.0744774 0.0745229 0.210452 9.9991E-05 0.163288
0.0829541 0.0665169 0.0759392 0.241075 0.188824 0.344691
0.243791 0.518061 9.9982E-05 0.19344 9.9982E-05 0.0445082
9.996E-05 9.996E-05 9.996E-05 9.996E-05 9.996E-05 0.9995
0.342913 0.173878 0.277342 0.148058 9.9991E-05 0.0577089
0.125417 0.65051 0.00775813 0.0470772 0.106272 0.0629654
0.220264 0.210341 9.9991E-05 0.324176 0.0536653 0.191453
9.9991E-05 0.274998 0.0734274 0.38112 0.203758 0.0665966
0.399693 0.374155 0.083345 0.0189252 0.0906646 0.0332175
0.10783 0.230796 0.0849191 9.9991E-05 0.238225 0.33813
0.165483 0.114639 0.160303 0.298926 0.0826377 0.178011
0.319846 0.0251025 0.115625 0.466686 0.0726406 9.9991E-05
9.9982E-05 0.11018 9.9982E-05 0.623796 0.116473 0.149351
0.668607 9.99731E-05 9.99731E-05 0.209271 0.121822 9.99731E-05
0.328728 0.0848738 9.9982E-05 0.403413 0.182786 9.9982E-05
0.179727 0.0828681 0.033515 0.430436 0.164386 0.109068
0.126707 0.140471 0.00863691 0.681417 0.0426684 9.9991E-05
0.0510365 0.314656 0.073088 0.223573 0.113899 0.223747
9.9973E-05 0.778183 9.9973E-05 0.112336 0.109181 9.9973E-05
0.201842 0.294939 0.118029 0.174032 0.18606 0.0250992
0.140695 0.166471 0.04707 0.239334 0.0437534 0.362678
0.63966 0.0816534 0.0431657 9.9991E-05 0.0725233 0.162898
0.123301 0.383339 0.0844816 0.304187 0.07629 0.0284017
0.10756 0.0364139 0.126168 0.480473 0.193083 0.0563018
0.823225 9.9964E-05 9.9964E-05 0.176376 9.9964E-05 9.9964E-05
0.935081 9.99641E-05 9.99641E-05 9.99641E-05 0.064519 9.99641E-05
9.9991E-05 0.417553 0.0590848 0.32776 0.0927683 0.102733
0.148714 0.251228 0.12725 0.278558 0.12606 0.0681894
9.9991E-05 0.282551 0.169048 0.380015 0.137742 0.0305437
0.628431 9.9982E-05 0.159672 0.0612302 0.150467 9.9982E-05
0.162702 0.0223067 0.0455844 0.504295 0.111946 0.153166
0.0918398 0.179541 0.0242071 0.518499 0.0734751 0.112438
0.429739 0.197592 0.0807706 0.100375 0.137812 0.0537113
0.0865744 0.313816 0.00579412 9.9991E-05 0.232034 0.361682
0.276917 0.333133 0.071675 0.193376 0.124799 9.9991E-05
9.996E-05 9.996E-05 9.996E-05 9.996E-05 0.9995 9.996E-05
0.0346433 0.657566 0.119995 0.00718189 0.180514 9.9991E-05
0.104525 0.366531 0.213591 0.18008 0.135173 9.9991E-05
9.9982E-05 9.9982E-05 0.0206885 0.825615 0.110981 0.042515
0.149357 0.385916 0.200561 0.157044 0.107022 9.9991E-05
0.113026 0.26211 0.065983 0.213359 0.218466 0.127055
0.441041 0.00217292 0.0355912 0.324062 0.148234 0.0488993
0.153992 0.0718788 9.9991E-05 0.581042 0.109182 0.0838049
0.337943 0.226306 0.053391 0.0392204 0.148812 0.194327
0.140726 0.369885 9.9991E-05 0.281466 0.147276 0.0605468
0.138112 0.353212 0.0823986 0.221297 0.0963427 0.108637
0.0283377 0.860833 9.9973E-05 9.9973E-05 9.9973E-05 0.11053
0.332694 0.220246 0.0992864 0.0798438 0.0805058 0.187424
9.9991E-05 0.379477 0.128552 0.301483 0.180309 0.0100797
9.996E-05 9.996E-05 9.996E-05 9.996E-05 0.9995 9.996E-05
0.388453 0.0756979 9.9973E-05 9.9973E-05 0.535549 9.9973E-05
0.509219 0.372335 0.118146 9.9973E-05 9.9973E-05 9.9973E-05
0.161686 0.194562 0.0955066 0.35167 0.104571 0.0920041
9.9973E-05 0.863589 9.9973E-05 9.9973E-05 0.127566 0.00854498
0.240602 0.169902 0.0107659 0.437436 0.141194 9.9991E-05
0.614689 0.0797594 0.2308 0.0150577 0.0595946 9.9991E-05
0.9995 9.996E-05 9.996E-05 9.996E-05 9.996E-05 9.996E-05
0.40749 0.314047 9.9991E-05 0.032839 0.140916 0.104608
0.332687 9.9991E-05 0.0690093 0.460907 0.00277395 0.134523
0.460871 9.9991E-05 0.22395 0.224325 0.0350977 0.0556556
0.363002 9.9991E-05 0.0241578 0.262025 0.217672 0.133043
0.53211 9.9982E-05 0.221492 0.234752 0.0114455 9.9982E-05
0.473136 0.224991 0.00102584 0.126147 0.1746 9.9991E-05
0.255957 0.154889 0.158317 0.348267 0.00384961 0.0787198
0.216771 0.0964735 0.0659683 0.452552 0.168135 9.9991E-05
0.25857 9.9991E-05 0.153446 0.389868 0.0455167 0.152499
9.996E-05 9.996E-05 0.9995 9.996E-05 9.996E-05 9.996E-05
0.0470702 0.180756 0.0854743 0.552147 0.0376273 0.096925
0.634454 0.000588317 0.110632 9.9991E-05 0.110306 0.14392
0.210919 0.277508 0.0276294 0.135011 0.158942 0.189992
0.19173 0.535448 0.0151751 0.132877 0.12467 9.9991E-05
0.193551 0.532326 9.9991E-05 0.134623 0.0155923 0.123808
0.164277 0.355699 0.0683049 0.281174 0.130444 9.9991E-05
9.996E-05 9.996E-05 0.9995 9.996E-05 9.996E-05 9.996E-05
0.190684 0.272985 9.9982E-05 0.374848 0.161283 9.9982E-05
0.420691 0.120336 0.286569 9.9991E-05 0.0916647 0.0806397
0.308438 0.636361 9.9991E-05 0.0374891 0.0158392 0.00177174
0.332425 0.315753 9.9991E-05 0.198839 0.0588819 0.0940011
