9.99639E-05 9.99639E-05 0.202948 0.0325773 0.0193863 0.042682 0.702007 9.99639E-05 9.99639E-05
0.152176 0.128308 9.9982E-05 9.9982E-05 0.0823493 0.031443 0.127493 0.316345 0.161685
0.421836 0.00124424 0.230556 9.99819E-05 0.0515005 0.0598185 0.0890306 9.99819E-05 0.145814
0.356302 0.0519635 0.065847 0.0644936 0.0926209 0.0605375 0.102013 9.9991E-05 0.206123
0.176408 0.296564 9.9991E-05 0.0656654 0.00512087 0.0803506 0.114571 0.236458 0.0247621
0.248732 0.130481 9.9973E-05 0.0917298 9.9973E-05 0.0276311 9.9973E-05 0.476575 0.0245518
0.139087 9.9982E-05 0.205474 0.0343381 0.0558414 0.0720696 0.413881 9.9982E-05 0.079109
0.0281373 0.110154 0.187442 0.0103585 0.0176433 0.0371363 0.211672 0.103057 0.2944
0.0329998 9.9982E-05 0.572232 0.0452686 0.0678072 9.9982E-05 0.0382271 0.163064 0.0802013
0.0416648 0.0825491 0.311384 0.271057 0.0863155 0.0979336 0.0866347 9.9991E-05 0.0223608
0.172499 9.99549E-05 0.707987 0.088572 9.99549E-05 0.0304424 9.99549E-05 9.99549E-05 9.99549E-05
9.9946E-05 9.9946E-05 0.535241 9.9946E-05 9.9946E-05 0.026959 9.9946E-05 0.437201 9.9946E-05
0.254377 0.115333 0.23275 0.0177717 0.0320103 0.0287334 0.0674751 0.220911 0.0306387
9.9982E-05 0.0678023 9.9982E-05 0.0812656 0.0953254 0.0367731 0.214815 0.458349 0.0454696
9.99549E-05 9.99549E-05 9.99549E-05 0.0267316 9.99549E-05 0.050171 9.99549E-05 0.885501 0.0370965
0.0229034 0.15009 9.9991E-05 0.0108373 0.0957197 0.154661 0.125784 0.0504532 0.389451
9.99459E-05 9.99459E-05 9.99459E-05 0.0610901 9.99459E-05 0.00947148 9.99459E-05 0.928839 9.99459E-05
0.156199 0.25071 9.9973E-05 0.036079 0.19293 0.121016 0.242767 9.9973E-05 9.9973E-05
0.265196 0.297688 0.159408 9.9982E-05 9.9982E-05 0.101949 0.0406112 0.115065 0.0198827
0.232957 9.9991E-05 0.189825 0.0956865 0.134762 0.0274689 0.0240185 0.101872 0.19331
0.263919 9.9982E-05 0.186102 0.0723115 9.9982E-05 0.0610838 0.205575 0.0456654 0.165144
0.14376 0.302619 0.0572938 0.0648587 9.9991E-05 0.0029113 0.120042 0.299238 0.00917642
0.357587 0.3561 9.9973E-05 0.0337566 9.9973E-05 0.151267 0.0126118 9.9973E-05 0.0883785
0.476583 0.0604529 9.9964E-05 9.9964E-05 0.098108 9.9964E-05 9.9964E-05 0.33982 0.0246356
9.9946E-05 9.9946E-05 0.820728 0.158862 9.9946E-05 0.0198108 9.9946E-05 9.9946E-05 9.9946E-05
0.0629298 9.9991E-05 0.16599 0.02958 0.184474 0.00339297 0.287017 0.136803 0.129714
0.0227124 0.00527867 0.352369 0.0911447 0.0949958 0.0811427 0.0422218 0.121819 0.188316
0.109251 0.0722329 9.9991E-05 0.143793 0.148422 0.0458565 0.0566826 0.284082 0.13958
0.229259 9.9982E-05 0.104707 9.9982E-05 0.121586 0.0164461 0.0777125 0.281032 0.169057
0.0860694 9.9982E-05 0.00774502 0.0143697 0.633694 9.9982E-05 0.105694 0.0120439 0.140185
0.559092 9.9964E-05 0.168018 0.0971885 0.00743116 9.9964E-05 9.9964E-05 0.16787 9.9964E-05
9.9946E-05 9.9946E-05 0.937738 9.9946E-05 0.0164972 9.9946E-05 9.9946E-05 9.9946E-05 0.0451653
0.314351 0.0290881 9.9982E-05 9.9982E-05 0.077083 0.0992848 0.194491 0.241286 0.0442153
0.469068 9.99639E-05 9.99639E-05 0.0525788 9.99639E-05 0.0751932 9.99639E-05 0.244123 0.158637
0.160547 0.0447466 0.109612 0.124719 0.0190587 0.116706 0.049662 0.374848 9.9991E-05
9.993E-05 9.993E-05 9.993E-05 9.993E-05 9.993E-05 9.993E-05 0.999201 9.993E-05 9.993E-05
0.387348 0.0485537 9.9973E-05 0.195846 9.9973E-05 9.9973E-05 0.120143 0.218824 0.0289844
9.9973E-05 9.9973E-05 0.522125 0.093927 0.147131 9.9973E-05 0.129023 0.0559836 0.0515102
0.207265 9.9991E-05 0.0505678 0.0859719 0.14676 0.0151669 0.0241065 0.332197 0.137865
0.214718 0.0387164 0.22825 0.0401554 9.9982E-05 0.121553 9.9982E-05 0.132943 0.223464
0.461983 0.176287 0.0706416 0.073637 0.0278692 9.9982E-05 0.0876325 9.9982E-05 0.10175
0.510221 9.9982E-05 0.0467833 0.0611489 0.0414718 0.0595553 0.0888208 9.9982E-05 0.191799
0.250041 9.9982E-05 0.070058 0.0973509 0.1175 0.0354961 0.199289 9.9982E-05 0.230065
0.161568 0.142892 0.30314 9.9973E-05 0.0958531 9.9973E-05 0.192261 0.103985 9.9973E-05
9.9973E-05 0.0688514 0.693601 9.9973E-05 0.0484385 0.0271078 0.0391194 9.9973E-05 0.122582
0.144351 9.9982E-05 0.364563 0.127844 0.0109773 0.0247547 0.0586146 0.268695 9.9982E-05
0.395081 0.0422945 0.144075 9.9982E-05 9.9982E-05 0.0377129 0.135369 0.129211 0.116057
0.333586 0.0863947 0.111414 9.9982E-05 0.0778134 0.0240283 9.9982E-05 0.133957 0.232606
0.249452 0.360597 0.1777 9.9973E-05 0.0343181 0.118028 9.9973E-05 9.9973E-05 0.0596042
0.051119 0.0131175 0.0580637 9.9991E-05 0.113344 0.0311063 0.170495 0.11651 0.446143
9.9991E-05 0.233051 0.0909093 0.123654 0.0403662 0.144737 0.1461 0.188212 0.0328714
0.379135 0.096184 0.0784847 0.0322841 0.0813307 0.1456 0.040529 9.9991E-05 0.146352
0.110927 9.9973E-05 9.9973E-05 0.00920973 0.0428159 0.0599861 9.9973E-05 0.0730364 0.703725
9.9982E-05 9.9982E-05 0.188219 0.162702 0.0989294 0.0658986 0.0897371 0.132374 0.26194
9.993E-05 0.999201 9.993E-05 9.993E-05 9.993E-05 9.993E-05 9.993E-05 9.993E-05 9.993E-05
0.442397 0.121626 0.130676 9.9982E-05 9.9982E-05 0.150435 0.0631481 0.0630929 0.0284254
9.9937E-05 0.977639 9.9937E-05 0.0216614 9.9937E-05 9.9937E-05 9.9937E-05 9.9937E-05 9.9937E-05
9.99549E-05 0.920272 9.99549E-05 0.0302856 9.99549E-05 0.0266482 0.0222942 9.99549E-05 9.99549E-05
0.225728 9.9982E-05 0.183481 0.0941017 0.147928 0.0469477 9.9982E-05 0.0279935 0.273621
9.999E-05 0.196563 0.414794 0.0861144 0.0307121 0.0314971 0.046456 0.131059 0.062704
0.991767 9.9937E-05 9.9937E-05 9.9937E-05 0.00753378 9.9937E-05 9.9937E-05 9.9937E-05 9.9937E-05
0.392576 9.9991E-05 0.124254 0.0688185 0.0536684 0.0868175 0.0462101 0.194018 0.033538
0.428997 0.0112562 0.0222848 9.9991E-05 0.0350411 0.058211 0.14386 0.288801 0.0114498
0.0194313 9.9955E-05 9.9955E-05 0.0434422 0.869848 0.0667783 9.9955E-05 9.9955E-05 9.9955E-05
0.0999278 9.9973E-05 0.0131287 0.230728 9.9973E-05 9.9973E-05 0.398969 0.0759966 0.18095
9.99605E-05 9.99605E-05 9.99605E-05 0.0534698 9.99605E-05 0.0119377 0.911139 9.99605E-05 0.0229537
0.30744 9.9991E-05 0.158008 0.0644684 0.00303094 0.059028 0.31647 0.00745232 0.0840011
0.44943 0.161483 0.0498816 9.9973E-05 0.0939807 0.0343515 9.9973E-05 0.210573 9.9973E-05
0.414506 9.9964E-05 9.9964E-05 9.9964E-05 0.112007 0.00541235 0.341957 0.125718 9.9964E-05
0.287607 9.9991E-05 0.0984931 0.0642544 0.110781 0.0734988 0.136773 0.0383441 0.190149
0.124079 0.473103 9.9964E-05 0.134768 0.0970475 9.9964E-05 9.9964E-05 0.170603 9.9964E-05
9.9964E-05 9.9964E-05 0.253604 9.9964E-05 9.9964E-05 0.0102545 0.261431 0.417881 0.0564299
0.130533 0.0702746 0.112325 0.0263887 0.102605 0.0579211 0.110955 0.388898 9.9991E-05
0.249226 0.0804911 0.0838618 0.085465 0.0187205 0.0278634 9.9991E-05 0.268027 0.186245
0.0298338 0.111607 0.120687 0.191706 0.125752 0.00489219 0.053832 0.308441 0.0532483
0.00517344 9.9973E-05 0.11901 0.120215 0.0101162 9.9973E-05 9.9973E-05 0.319502 0.425683
0.161503 9.9973E-05 0.346177 0.043027 0.00229528 0.124309 9.9973E-05 0.322389 9.9973E-05
0.944797 9.99459E-05 9.99459E-05 0.042268 9.99459E-05 0.0123355 9.99459E-05 9.99459E-05 9.99459E-05
0.999201 9.993E-05 9.993E-05 9.993E-05 9.993E-05 9.993E-05 9.993E-05 9.993E-05 9.993E-05
0.710791 9.9973E-05 0.0519271 0.02153 0.0945378 0.0241445 9.9973E-05 0.0967696 9.9973E-05
0.29044 0.0549736 0.205601 0.0112286 0.0204496 0.119454 0.0770628 0.0788098 0.141981
0.266586 0.118379 0.160091 9.9964E-05 9.9964E-05 9.9964E-05 0.168666 0.285878 9.9964E-05
0.303006 0.0474003 0.364895 0.0293992 0.154682 9.9973E-05 9.9973E-05 9.9973E-05 0.100318
0.377287 9.9973E-05 0.151203 0.00067246 0.0549947 0.0350545 9.9973E-05 9.9973E-05 0.380489
0.197898 9.9964E-05 9.9964E-05 9.9964E-05 0.0727035 0.0322535 0.214945 0.4818 9.9964E-05
0.308281 0.181579 0.291631 0.0584599 9.9973E-05 9.9973E-05 0.0675538 9.9973E-05 0.0921961
0.0982197 9.99549E-05 9.99549E-05 9.99549E-05 9.99549E-05 0.0416387 0.720298 0.139344 9.99549E-05
0.104359 9.99641E-05 0.527425 0.0566246 9.99641E-05 0.028149 9.99641E-05 0.283043 9.99641E-05
9.9982E-05 9.9982E-05 0.00919055 0.0675654 0.149474 0.0545755 0.181886 0.500171 0.0369377
9.9964E-05 0.0731455 0.564838 9.9964E-05 9.9964E-05 0.0199433 0.127823 9.9964E-05 0.213851
9.9946E-05 9.9946E-05 9.9946E-05 0.0276457 0.9683 9.9946E-05 0.00345458 9.9946E-05 9.9946E-05
0.0677268 0.115317 0.374338 0.101547 9.9973E-05 0.0535142 9.9973E-05 0.287257 9.9973E-05
0.734166 9.9955E-05 9.9955E-05 0.00676519 9.9955E-05 0.110603 0.147967 9.9955E-05 9.9955E-05
0.135767 0.182287 9.9982E-05 9.9982E-05 0.0465894 0.0973662 0.0929917 0.319222 0.125577
0.719612 9.99551E-05 9.99551E-05 0.070131 9.99551E-05 0.0317553 0.178002 9.99551E-05 9.99551E-05
0.397969 9.9973E-05 0.0425672 0.0454447 0.105858 9.9973E-05 0.255918 9.9973E-05 0.151944
9.9973E-05 0.574415 0.0554316 0.0778266 0.00881755 9.9973E-05 0.138019 9.9973E-05 0.145191
0.407213 0.129979 0.306131 0.0321981 9.9982E-05 0.0276935 0.0694983 0.0270873 9.9982E-05
9.9964E-05 9.9964E-05 0.298472 9.9964E-05 0.453108 0.117548 0.0763909 0.0540815 9.9964E-05
0.284148 0.175494 9.99639E-05 9.99639E-05 0.23117 9.99639E-05 0.0908408 0.217947 9.99639E-05
0.143554 0.176145 0.25026 9.9982E-05 0.113223 0.0896847 0.132495 0.0944385 9.9982E-05
9.993E-05 9.993E-05 9.993E-05 9.993E-05 0.999201 9.993E-05 9.993E-05 9.993E-05 9.993E-05
0.132503 0.104168 0.058045 0.130994 0.00851545 0.0483319 9.9991E-05 0.367912 0.149431
9.99369E-05 9.99369E-05 9.99369E-05 0.987007 0.0122936 9.99369E-05 9.99369E-05 9.99369E-05 9.99369E-05
9.9982E-05 9.9982E-05 0.187002 0.101542 0.0591015 0.0395893 0.123222 0.0593083 0.430035
0.195896 0.195151 0.153163 9.99639E-05 9.99639E-05 9.99639E-05 0.0407066 9.99639E-05 0.414684
0.0754621 0.157146 0.14308 9.9973E-05 9.9973E-05 9.9973E-05 0.16275 0.273214 0.188048
0.148473 9.9982E-05 0.0568793 0.0100522 0.0824137 0.0761808 0.324262 0.301539 9.9982E-05
0.323748 0.0215221 0.0994358 0.0281104 0.26636 9.9973E-05 9.9973E-05 0.260524 9.9973E-05
0.13697 0.0245316 0.11838 0.0390292 0.0789588 0.0547933 0.178184 0.34391 0.0252438
0.258403 0.0411964 9.9991E-05 0.094557 0.0191731 0.028777 0.0886422 0.370542 0.0986093
0.278335 0.154916 0.365565 0.0179952 0.107956 0.0520485 0.0229831 9.9982E-05 9.9982E-05
0.43872 0.0737395 0.0484588 0.000370921 0.0050712 0.0343285 9.9982E-05 9.9982E-05 0.399111
0.162061 0.112356 0.0526245 9.99729E-05 0.438759 0.0506108 9.99729E-05 0.183289 9.99729E-05
0.253602 9.9982E-05 9.9982E-05 0.13404 0.0675481 0.0504973 0.0596276 0.277315 0.15717
9.9946E-05 0.0516668 9.9946E-05 9.9946E-05 0.946058 0.00167527 9.9946E-05 9.9946E-05 9.9946E-05
0.0424747 9.9973E-05 0.41912 0.16085 9.9973E-05 9.9973E-05 0.0665449 0.226225 0.0844854
0.125525 0.0235844 0.286664 9.9973E-05 0.0147488 0.0717387 0.477439 9.9973E-05 9.9973E-05
0.516809 0.288102 0.101902 9.9964E-05 0.0255359 9.9964E-05 9.9964E-05 9.9964E-05 0.0672511
9.9982E-05 0.04001 0.581856 0.0424171 0.0606593 0.0728261 0.17546 0.0265717 9.9982E-05
0.232093 9.9991E-05 0.0160914 0.0904008 0.114923 0.107333 0.0482536 0.127016 0.26379
0.043017 0.058957 0.0519383 9.9982E-05 0.409965 0.0847524 0.12443 0.22674 9.9982E-05
0.0706773 9.9982E-05 0.300137 0.048827 0.213876 0.0601061 9.9982E-05 0.0836569 0.22252
0.236795 9.9964E-05 0.247267 0.015873 9.9964E-05 9.9964E-05 9.9964E-05 0.193737 0.305928
0.112581 0.425588 0.309 9.9964E-05 0.110421 0.0420107 9.9964E-05 9.9964E-05 9.9964E-05
9.99461E-05 9.99461E-05 9.99461E-05 9.99461E-05 0.0449497 0.0425439 9.99461E-05 0.911907 9.99461E-05
0.0284039 0.0651796 0.60415 9.9964E-05 9.9964E-05 0.0576323 9.9964E-05 9.9964E-05 0.244235
0.458362 0.21879 0.0943846 0.0132171 0.0988359 0.0184859 0.0977239 9.9982E-05 9.9982E-05
0.118422 0.117078 0.24278 9.9964E-05 9.9964E-05 9.9964E-05 9.9964E-05 0.215531 0.305788
0.0862151 0.168281 0.380124 0.0181559 0.165518 0.0336106 0.0428595 9.9991E-05 0.105136
0.120682 9.9964E-05 0.240284 9.9964E-05 9.9964E-05 0.032859 0.50923 0.0965455 9.9964E-05
0.282734 0.119396 9.9982E-05 0.0106371 9.9982E-05 0.172157 0.00157135 0.348449 0.0648554
0.238366 0.217117 0.144161 9.9973E-05 0.272652 0.0123912 9.9973E-05 0.115014 9.9973E-05
0.264166 9.9982E-05 0.194301 0.000865081 0.159905 0.0484855 9.9982E-05 0.136771 0.195306
0.178382 0.147294 0.320017 0.0135633 9.9982E-05 9.9982E-05 0.198434 0.0916502 0.0504599
0.204059 0.274013 0.331651 0.0486376 9.9973E-05 0.110941 9.9973E-05 0.0303986 9.9973E-05
9.9937E-05 9.9937E-05 9.9937E-05 9.9937E-05 9.9937E-05 9.9937E-05 9.9937E-05 0.0123383 0.986962
9.993E-05 9.993E-05 9.993E-05 9.993E-05 9.993E-05 9.993E-05 9.993E-05 9.993E-05 0.999201
0.0166079 0.138293 0.25448 0.0668673 0.0724457 0.0811501 0.0932471 0.143671 0.133238
0.360045 9.9982E-05 0.0528131 0.136739 0.086212 0.0202817 0.00328561 0.340424 9.9982E-05
0.0970282 0.0976722 0.228919 0.089004 0.0151889 0.111816 9.9982E-05 0.360173 9.9982E-05
0.402489 0.0186145 0.0879071 0.054952 9.9982E-05 0.0156302 9.9982E-05 0.264315 0.155892
0.48095 0.138343 0.233739 0.0157739 0.130795 9.9964E-05 9.9964E-05 9.9964E-05 9.9964E-05
9.9982E-05 0.242686 0.437798 0.0393591 0.0213665 0.0986578 0.0367533 0.123179 9.9982E-05
0.213388 9.9973E-05 9.9973E-05 0.0487973 0.0774998 0.0161424 0.187768 0.456105 9.9973E-05
0.046016 9.9991E-05 0.112267 0.0551177 0.403247 0.130401 0.0219949 0.188812 0.0420449
0.201708 0.118422 0.0146393 0.0758414 9.9982E-05 0.00388735 0.194749 0.390553 9.9982E-05
9.993E-05 9.993E-05 9.993E-05 9.993E-05 9.993E-05 0.999201 9.993E-05 9.993E-05 9.993E-05
0.0367874 9.9973E-05 0.000248827 0.143766 9.9973E-05 0.0533977 0.646793 0.118707 9.9973E-05
0.237237 9.9973E-05 9.9973E-05 0.224765 0.0215744 0.0315779 0.219982 9.9973E-05 0.264564
0.13269 0.0495701 0.279792 0.0540091 9.9964E-05 9.9964E-05 9.9964E-05 0.483539 9.9964E-05
0.191682 9.9982E-05 0.149689 0.130472 9.9982E-05 0.0673702 0.177066 0.113063 0.170459
0.0115202 9.9991E-05 0.575423 0.0648226 0.054151 0.101022 0.0495359 0.0875326 0.0558924
0.159884 0.103781 0.281844 0.00334025 9.9991E-05 0.0879223 0.0584354 0.209419 0.0952728
0.112227 9.99815E-05 0.101479 0.010742 0.0212344 9.99815E-05 0.140821 0.613197 9.99815E-05
0.0315986 9.9982E-05 9.9982E-05 0.0701109 0.187405 0.0425206 0.234325 0.204902 0.228938
0.303642 0.162678 0.371364 9.9973E-05 9.9973E-05 0.0691646 0.0888807 0.00397038 9.9973E-05
0.445414 9.9991E-05 0.211262 0.00877182 0.0351021 0.0975697 0.117471 0.0728245 0.0114852
9.9955E-05 0.0392231 9.9955E-05 9.9955E-05 0.0999578 9.9955E-05 0.633283 9.9955E-05 0.227037
0.278839 9.9982E-05 0.207963 0.00478914 0.126798 0.112445 9.9982E-05 0.138675 0.130291
0.279838 9.9964E-05 0.399731 9.9964E-05 9.9964E-05 0.0552015 0.114074 0.150756 9.9964E-05
9.993E-05 9.993E-05 9.993E-05 9.993E-05 9.993E-05 0.999201 9.993E-05 9.993E-05 9.993E-05
0.0264757 9.9973E-05 9.9973E-05 0.0288037 9.9973E-05 0.411714 0.156762 0.320712 0.0552335
0.122408 0.151796 9.9973E-05 0.0993185 9.9973E-05 9.9973E-05 0.0375128 0.111269 0.477395
0.069944 0.331124 0.291764 0.0332401 0.000730575 0.0851727 0.0552055 9.9991E-05 0.132719
9.9964E-05 0.0284434 0.125573 0.0627212 9.9964E-05 0.0604695 0.722393 9.9964E-05 9.9964E-05
0.233153 0.149107 0.137377 0.0246108 9.9991E-05 0.022308 0.185442 0.108384 0.139518
0.107229 0.0863755 0.0885515 0.0979162 9.9982E-05 0.0949494 9.9982E-05 0.306744 0.218034
9.99369E-05 9.99369E-05 9.99369E-05 9.99369E-05 9.99369E-05 9.99369E-05 0.0226844 9.99369E-05 0.976616
0.208349 9.9982E-05 9.9982E-05 0.0129206 0.123783 0.0824249 0.233619 0.330701 0.00800219
0.336361 9.99639E-05 0.333622 9.99639E-05 0.13955 9.99639E-05 9.99639E-05 0.0406122 0.149455
9.9991E-05 0.122022 0.0108641 0.108387 0.12305 0.061332 0.0260653 0.290094 0.258085
0.308639 0.0467762 9.9982E-05 0.0213451 0.192427 0.14158 0.201148 9.9982E-05 0.0878838
9.9973E-05 0.453512 0.0514413 0.0539015 9.9973E-05 9.9973E-05 0.0178234 0.212259 0.210763
0.384569 9.9964E-05 9.9964E-05 9.9964E-05 9.9964E-05 0.169891 0.222688 0.157508 0.0649452
0.324693 0.168 9.9964E-05 0.122253 9.9964E-05 9.9964E-05 9.9964E-05 0.371439 0.0132152
0.152296 0.211965 0.170952 9.9973E-05 9.9973E-05 0.0682491 9.9973E-05 0.238533 0.157705
0.0124543 9.9964E-05 0.41307 0.0110506 9.9964E-05 9.9964E-05 9.9964E-05 0.158116 0.404909
9.99369E-05 0.0407025 9.99369E-05 0.958598 9.99369E-05 9.99369E-05 9.99369E-05 9.99369E-05 9.99369E-05
0.0996259 0.251606 0.349682 0.0754279 0.0686257 0.00166938 9.9991E-05 0.0922248 0.0610386
9.9946E-05 9.9946E-05 9.9946E-05 0.00568607 0.0468902 9.9946E-05 9.9946E-05 0.946824 9.9946E-05
0.203691 0.153407 0.244101 9.9973E-05 0.134219 0.115887 0.148394 9.9973E-05 9.9973E-05
0.0448891 0.132501 9.9982E-05 0.0755169 0.0255745 9.9982E-05 0.40768 0.140473 0.173165
0.151543 0.0620193 0.0901979 9.9973E-05 0.210873 9.9973E-05 0.359636 9.9973E-05 0.125431
0.162404 9.9973E-05 0.120777 0.0420241 0.0267549 9.9973E-05 0.311082 9.9973E-05 0.336659
9.993E-05 9.993E-05 9.993E-05 0.999201 9.993E-05 9.993E-05 9.993E-05 9.993E-05 9.993E-05
0.345992 0.168083 0.0282094 9.9982E-05 0.0648646 0.0942832 0.140436 0.157932 9.9982E-05
9.9982E-05 0.164301 9.9982E-05 0.150171 0.0512943 0.0819746 0.29716 0.117224 0.137674
0.440221 0.171366 9.99729E-05 9.99729E-05 9.99729E-05 0.00181898 0.182791 0.042569 0.160934
9.9973E-05 0.127857 0.0244868 9.9973E-05 0.0642558 9.9973E-05 0.233127 0.384584 0.165389
