9.99731E-05 0.00990771 0.229108 9.99731E-05 0.0889832 0.671701 9.99731E-05
9.9973E-05 0.329537 0.188187 9.9973E-05 0.173841 9.9973E-05 0.308135
0.0903503 0.42953 0.0502459 0.172242 0.257432 9.99821E-05 9.99821E-05
0.0468967 9.99732E-05 0.0382165 0.0119671 9.99732E-05 0.90262 9.99732E-05
9.998E-05 0.131704 0.216707 9.998E-05 0.268674 0.229591 0.153125
0.170102 9.99641E-05 9.99641E-05 9.99641E-05 9.99641E-05 0.775038 0.0544606
9.998E-05 9.998E-05 0.110837 0.252513 0.0880147 0.308699 0.239737
9.997E-05 0.418182 0.190857 9.997E-05 0.121194 0.269467 9.997E-05
9.99821E-05 0.00121856 9.99821E-05 0.815573 0.012697 0.0173409 0.152971
0.362019 9.99731E-05 0.133726 0.281613 9.99731E-05 0.222342 9.99731E-05
0.501985 0.0258729 0.0756225 0.272042 0.115171 0.00920617 9.9991E-05
9.997E-05 0.473344 0.147185 0.275986 9.997E-05 0.103184 9.997E-05
9.997E-05 0.338633 0.0585854 9.997E-05 0.0191306 0.583351 9.997E-05
9.998E-05 0.111573 0.271036 9.998E-05 0.0989076 0.455263 0.06302
9.99643E-05 0.354981 9.99643E-05 0.297085 9.99643E-05 0.347534 9.99643E-05
9.997E-05 0.153586 0.226739 9.997E-05 0.052248 0.567127 9.997E-05
0.0360936 0.0267068 0.0188962 0.370787 0.03939 0.406171 0.101956
0.22688 9.9991E-05 0.257062 0.199201 0.0021405 0.304256 0.0103617
9.998E-05 0.313903 0.11327 0.337978 9.998E-05 0.219319 0.0153292
0.0881112 0.35524 0.0935334 9.99821E-05 9.99821E-05 0.454525 0.00838978
0.508463 9.99642E-05 0.194283 9.99642E-05 9.99642E-05 0.296854 9.99642E-05
0.0960521 0.488035 9.9973E-05 0.360595 0.0550189 9.9973E-05 9.9973E-05
0.0247285 9.99731E-05 9.99731E-05 0.117691 9.99731E-05 0.677168 0.180112
9.996E-05 9.996E-05 9.996E-05 9.996E-05 0.431988 0.106073 0.461539
0.473315 0.0950061 9.998E-05 9.998E-05 0.321594 0.0261475 0.0837379
0.0199071 0.015885 0.180554 0.14746 0.153818 0.482276 9.9991E-05
0.0236457 0.0488011 0.341398 0.394183 0.191772 9.9982E-05 9.9982E-05
0.071511 0.155343 9.99731E-05 0.250194 9.99731E-05 9.99731E-05 0.522652
0.217203 0.621482 9.99641E-05 9.99641E-05 9.99641E-05 9.99641E-05 0.160915
9.99551E-05 9.99551E-05 9.99551E-05 0.177304 0.822196 9.99551E-05 9.99551E-05
0.126576 9.99821E-05 0.076195 0.153267 9.99821E-05 0.0204653 0.623296
9.99821E-05 0.592715 0.0830934 0.0989604 0.0156802 0.209351 9.99821E-05
0.30389 9.99642E-05 9.99642E-05 0.511617 9.99642E-05 9.99642E-05 0.184094
9.99731E-05 0.468477 9.99731E-05 0.298896 0.101697 0.130631 9.99731E-05
9.998E-05 9.998E-05 0.0733244 0.00077324 0.147392 0.693392 0.0849182
9.99553E-05 9.99553E-05 0.210103 9.99553E-05 9.99553E-05 0.789397 9.99553E-05
9.997E-05 0.321763 0.0521334 0.165092 9.997E-05 9.997E-05 0.460712
0.378918 0.100307 9.9991E-05 0.102478 0.155165 0.138773 0.124258
0.0381811 0.114899 0.0782095 0.0832215 0.0181388 0.502899 0.164451
0.163122 0.347002 0.0128695 9.99821E-05 9.99821E-05 0.432446 0.0443602
9.99731E-05 9.99731E-05 0.175652 0.408821 0.382671 9.99731E-05 0.0325565
0.127574 9.99821E-05 0.017717 0.745507 0.0313675 0.0776346 9.99821E-05
0.0506894 0.0259103 0.203089 0.0184052 0.0391258 0.613187 0.0495943
0.0734494 0.029823 0.0261603 0.312585 9.99821E-05 0.557783 9.99821E-05
0.0382056 0.529505 0.160987 9.9982E-05 0.138568 0.132534 9.9982E-05
9.99732E-05 0.083788 0.109265 0.131854 9.99732E-05 0.674793 9.99732E-05
9.99552E-05 9.99552E-05 9.99552E-05 0.312387 9.99552E-05 0.687114 9.99552E-05
0.0457999 9.9982E-05 0.172223 0.555687 9.9982E-05 0.168129 0.0579613
9.99643E-05 0.482347 9.99643E-05 0.395888 9.99643E-05 0.121366 9.99643E-05
9.997E-05 0.0314216 0.238813 9.997E-05 0.00454117 0.724924 9.997E-05
9.996E-05 0.0767072 9.996E-05 9.996E-05 0.126216 0.796677 9.996E-05
0.328075 0.0329604 0.152711 9.9982E-05 9.9982E-05 0.134065 0.351989
9.99641E-05 9.99641E-05 9.99641E-05 0.583508 0.0530255 0.363067 9.99641E-05
0.158376 0.232111 9.99731E-05 9.99731E-05 0.127165 0.482047 9.99731E-05
0.159839 0.355164 0.0781989 9.997E-05 9.997E-05 9.997E-05 0.406498
0.191038 9.99911E-05 0.0679618 0.440858 0.0146826 0.19326 0.0920998
0.00089982 0.039339 9.9982E-05 9.9982E-05 0.435991 0.154947 0.368624
9.996E-05 9.996E-05 9.996E-05 0.467351 9.996E-05 0.0175149 0.514735
0.0713748 0.0908589 0.180918 0.26335 9.999E-05 0.198486 0.194912
0.190176 9.99641E-05 0.103824 9.99641E-05 9.99641E-05 0.7056 9.99641E-05
0.190849 0.383897 9.999E-05 0.0961203 0.101796 0.142315 0.0849229
9.998E-05 9.998E-05 0.29358 0.363711 0.0187351 0.268927 0.0548481
9.9982E-05 0.196003 0.00458275 0.787985 9.9982E-05 0.00271558 0.00851384
9.99642E-05 9.99642E-05 0.207997 9.99642E-05 0.732468 0.0591351 9.99642E-05
9.99643E-05 0.301186 9.99643E-05 0.443459 9.99643E-05 0.254955 9.99643E-05
9.997E-05 0.234853 0.184308 0.245938 0.334601 9.997E-05 9.997E-05
9.99551E-05 9.99551E-05 9.99551E-05 9.99551E-05 9.99551E-05 0.914427 0.0850734
9.997E-05 0.055962 0.233553 0.366421 9.997E-05 0.343764 9.997E-05
0.0435625 0.631206 0.0160177 0.128765 9.998E-05 0.180249 9.998E-05
0.197428 0.226243 9.998E-05 0.336397 0.123217 0.116514 9.998E-05
0.0930561 9.998E-05 0.110475 0.359184 9.998E-05 0.331817 0.105267
9.99731E-05 0.020153 0.128744 0.615009 0.235794 9.99731E-05 9.99731E-05
9.99642E-05 0.0742248 0.203685 9.99642E-05 9.99642E-05 9.99642E-05 0.721691
9.9991E-05 0.590259 0.108111 0.171739 0.104466 0.00858248 0.0167435
9.997E-05 0.263779 9.997E-05 9.997E-05 0.0180064 0.64406 0.0738544
9.998E-05 0.120636 0.157031 0.258162 9.998E-05 0.251091 0.21288
9.998E-05 0.477428 0.182051 0.0572578 0.190434 0.0926291 9.998E-05
0.210047 9.998E-05 0.10899 0.294342 0.18181 9.998E-05 0.204611
0.302941 0.276717 0.0490568 0.184734 0.0583942 9.999E-05 0.128057
0.0691067 0.524715 0.147111 9.99821E-05 9.99821E-05 0.172635 0.0862327
9.99642E-05 0.298822 0.245428 9.99642E-05 9.99642E-05 0.455351 9.99642E-05
0.190719 0.183174 9.998E-05 0.208734 0.162093 0.25508 9.998E-05
0.0690211 9.99643E-05 9.99643E-05 9.99643E-05 9.99643E-05 0.39594 0.53464
0.0604656 0.608253 9.998E-05 0.0739249 0.22074 0.0364167 9.998E-05
9.998E-05 9.998E-05 0.0376169 0.29767 0.081738 0.50632 0.0764555
9.997E-05 0.0472102 0.240491 0.0245582 9.997E-05 0.687441 9.997E-05
0.0370487 9.999E-05 0.14183 0.181206 0.046088 0.162072 0.431655
9.997E-05 9.997E-05 9.997E-05 0.0442646 0.571597 0.262727 0.121111
0.164885 0.0240233 9.998E-05 0.230153 0.0895739 0.491165 9.998E-05
0.148376 0.285131 9.99731E-05 0.387671 0.178521 9.99731E-05 9.99731E-05
9.99732E-05 0.0313879 9.99732E-05 0.037004 0.778726 0.152582 9.99732E-05
9.99644E-05 9.99644E-05 0.0988288 0.0459084 9.99644E-05 0.854863 9.99644E-05
9.99555E-05 9.99555E-05 9.99555E-05 0.428709 9.99555E-05 0.570791 9.99555E-05
0.299805 9.999E-05 0.09823 0.150433 0.0478471 0.37087 0.0327145
9.998E-05 0.061908 0.256728 0.584818 0.0663822 0.0299638 9.998E-05
0.00868602 0.069559 0.0833246 0.245434 9.9991E-05 0.435334 0.157562
0.0861702 9.99732E-05 9.99732E-05 0.197035 0.00768182 0.708813 9.99732E-05
9.99551E-05 9.99551E-05 9.99551E-05 0.70872 9.99551E-05 0.290781 9.99551E-05
9.99641E-05 0.0335286 9.99641E-05 9.99641E-05 0.290974 0.675097 9.99641E-05
0.00843883 9.999E-05 0.0110951 0.0116409 0.317166 0.367468 0.284091
9.997E-05 9.997E-05 9.997E-05 0.243421 0.0465623 0.0348184 0.674898
0.0664981 9.996E-05 0.009108 9.996E-05 0.923994 9.996E-05 9.996E-05
0.24289 9.99731E-05 9.99731E-05 0.366875 0.0178602 9.99731E-05 0.372076
0.987508 9.99552E-05 9.99552E-05 0.0119927 9.99552E-05 9.99552E-05 9.99552E-05
9.99641E-05 0.245069 0.128461 9.99641E-05 9.99641E-05 0.62607 9.99641E-05
9.99642E-05 0.0348949 9.99642E-05 0.409481 9.99642E-05 0.555225 9.99642E-05
9.997E-05 0.35514 9.997E-05 0.161011 9.997E-05 0.20585 0.277698
0.0631083 0.176511 9.998E-05 0.122487 9.998E-05 0.291991 0.345702
0.143161 0.569404 9.99821E-05 0.0148444 9.99821E-05 0.264496 0.00789421
0.556605 0.199249 9.99731E-05 9.99731E-05 0.0339111 0.209936 9.99731E-05
9.99821E-05 0.0235742 9.99821E-05 0.25335 0.426154 0.0919087 0.204813
9.997E-05 0.34227 0.175421 9.997E-05 0.19302 0.288989 9.997E-05
9.996E-05 0.237846 9.996E-05 9.996E-05 0.450049 0.311706 9.996E-05
0.179283 0.457344 9.999E-05 0.0422446 0.114684 0.0616288 0.144715
9.995E-05 9.995E-05 9.995E-05 9.995E-05 0.9994 9.995E-05 9.995E-05
0.245031 9.99642E-05 9.99642E-05 0.631995 9.99642E-05 9.99642E-05 0.122574
9.99731E-05 0.237345 0.226306 9.99731E-05 0.144098 0.391951 9.99731E-05
9.99731E-05 0.505827 0.173735 0.205434 0.114703 9.99731E-05 9.99731E-05
9.9973E-05 0.497307 0.0703758 0.227971 0.204046 9.9973E-05 9.9973E-05
9.998E-05 0.31617 0.0392933 9.998E-05 0.0156627 0.29996 0.328713
9.99641E-05 9.99641E-05 9.99641E-05 0.217134 0.416984 0.365482 9.99641E-05
9.996E-05 9.996E-05 9.996E-05 9.996E-05 0.0367073 0.383728 0.579164
0.0381404 0.257333 9.996E-05 9.996E-05 9.996E-05 0.704127 9.996E-05
0.122268 0.268313 9.99732E-05 0.0550372 9.99732E-05 0.554082 9.99732E-05
0.136197 9.99732E-05 9.99732E-05 0.3742 0.10294 0.386363 9.99732E-05
0.00909434 9.997E-05 9.997E-05 0.627545 9.997E-05 0.336856 0.026204
9.99732E-05 9.99732E-05 0.103629 0.699392 0.183722 0.0129566 9.99732E-05
0.00941074 0.392733 0.0433053 0.0628684 9.9991E-05 0.42456 0.0670226
0.527807 0.166906 0.0226969 9.998E-05 0.177883 0.104506 9.998E-05
0.0843504 0.121817 0.125477 0.0722964 9.998E-05 0.595859 9.998E-05
9.99553E-05 9.99553E-05 9.99553E-05 0.751662 9.99553E-05 9.99553E-05 0.247838
0.0773834 9.9982E-05 0.00672858 0.221776 9.9982E-05 0.511946 0.181966
0.0257582 0.140847 0.00489978 0.631107 9.9991E-05 0.0456568 0.151631
0.339949 0.394337 0.117744 0.0139576 9.9982E-05 0.133813 9.9982E-05
0.253981 9.997E-05 0.302535 0.0912252 9.997E-05 0.351959 9.997E-05
0.116905 0.159311 9.99643E-05 9.99643E-05 9.99643E-05 0.723383 9.99643E-05
0.0771262 0.702434 9.99642E-05 9.99642E-05 9.99642E-05 0.22004 9.99642E-05
0.291452 0.505393 9.996E-05 9.996E-05 9.996E-05 0.202755 9.996E-05
0.0534652 0.0260959 9.997E-05 0.410604 9.997E-05 9.997E-05 0.509535
9.99552E-05 0.292088 9.99552E-05 9.99552E-05 9.99552E-05 0.707412 9.99552E-05
0.196441 9.998E-05 9.998E-05 0.0930741 0.0677563 0.25359 0.388939
0.297372 9.99643E-05 9.99643E-05 9.99643E-05 9.99643E-05 0.290601 0.411627
0.0798919 0.0380289 0.0948826 0.563817 9.99821E-05 0.22318 9.99821E-05
0.335499 9.99553E-05 9.99553E-05 0.664002 9.99553E-05 9.99553E-05 9.99553E-05
0.061333 9.99731E-05 0.00963309 9.99731E-05 0.431685 0.497049 9.99731E-05
9.998E-05 0.33056 9.998E-05 0.0824621 0.00788355 0.545756 0.0331385
9.995E-05 9.995E-05 0.9994 9.995E-05 9.995E-05 9.995E-05 9.995E-05
0.25847 9.99731E-05 0.144449 9.99731E-05 0.147079 0.449702 9.99731E-05
0.0243189 9.99821E-05 0.0136221 9.99821E-05 0.212762 0.441103 0.307994
0.186038 0.0925319 0.374622 0.214243 9.99821E-05 9.99821E-05 0.132365
0.140645 0.442556 0.143177 9.999E-05 0.00243187 0.127111 0.143979
9.99821E-05 0.179973 0.294146 0.49777 0.0124931 0.0154184 9.99821E-05
9.997E-05 0.394358 9.997E-05 0.174439 9.997E-05 0.428618 0.00228538
0.0353674 0.233994 0.189174 0.28102 9.999E-05 0.0956508 0.164694
9.997E-05 9.997E-05 0.0666666 9.997E-05 0.265377 0.279892 0.387765
0.255334 0.140582 0.0202518 0.329628 9.99821E-05 0.254004 9.99821E-05
0.268891 0.228101 9.99641E-05 9.99641E-05 9.99641E-05 9.99641E-05 0.502608
0.180959 0.0506816 0.353099 0.242456 0.0965653 0.0761389 9.999E-05
9.99732E-05 0.67384 0.0208502 9.99732E-05 9.99732E-05 0.19515 0.109859
0.0250897 0.123694 9.999E-05 0.11728 0.281501 0.303784 0.148552
9.995E-05 9.995E-05 0.9994 9.995E-05 9.995E-05 9.995E-05 9.995E-05
9.997E-05 0.20806 0.306381 0.161946 9.997E-05 0.323313 9.997E-05
9.999E-05 0.34254 0.0552174 0.0519586 0.140319 0.192097 0.217769
9.99731E-05 0.0437711 0.047409 0.669469 9.99731E-05 9.99731E-05 0.239051
9.99643E-05 0.0561112 0.398475 0.545014 9.99643E-05 9.99643E-05 9.99643E-05
9.99731E-05 0.00959323 0.0544036 9.99731E-05 0.0308305 0.904873 9.99731E-05
0.0936992 0.287351 9.99732E-05 0.413379 9.99732E-05 0.205271 9.99732E-05
0.0053243 0.994176 9.99554E-05 9.99554E-05 9.99554E-05 9.99554E-05 9.99554E-05
9.996E-05 9.996E-05 9.996E-05 0.247091 9.996E-05 0.186128 0.566381
0.129645 0.0846806 0.0526885 9.998E-05 9.998E-05 0.551412 0.181374
0.126021 0.492536 9.997E-05 9.997E-05 0.135198 0.245945 9.997E-05
0.108829 0.428643 9.998E-05 0.0338675 9.998E-05 0.159524 0.268936
0.0862222 0.190697 0.0395854 0.308284 9.999E-05 0.267541 0.10757
0.0120658 9.99911E-05 0.0401189 0.047461 0.104691 0.758925 0.0366386
0.043101 0.279643 9.998E-05 0.1777 0.0929509 0.406405 9.998E-05
9.99642E-05 0.567148 9.99642E-05 0.146566 9.99642E-05 0.285886 9.99642E-05
9.998E-05 0.197124 0.128443 9.998E-05 0.17836 0.370061 0.125811
0.899153 9.996E-05 9.996E-05 9.996E-05 9.996E-05 0.0103609 0.0900863
0.199773 9.997E-05 9.997E-05 0.13887 9.997E-05 0.34957 0.311487
0.206233 9.99731E-05 0.0791846 0.688325 9.99731E-05 9.99731E-05 0.0259575
0.0864411 9.99822E-05 0.241715 0.333139 9.99822E-05 0.311305 0.0272009
0.168092 9.998E-05 0.159483 0.167707 0.0867162 0.417802 9.998E-05
9.99821E-05 0.0318413 0.000577826 0.328861 0.0693617 0.569158 9.99821E-05
9.99732E-05 0.449147 0.173409 9.99732E-05 0.0395056 0.337638 9.99732E-05
0.9994 9.995E-05 9.995E-05 9.995E-05 9.995E-05 9.995E-05 9.995E-05
0.029009 0.388959 0.211683 0.223003 9.998E-05 0.147146 9.998E-05
9.998E-05 0.335535 0.0252908 0.00764275 9.998E-05 0.374766 0.256565
0.0628328 0.165064 0.00199183 9.9982E-05 0.132824 9.9982E-05 0.637088
9.99641E-05 9.99641E-05 9.99641E-05 9.99641E-05 0.0127178 0.684726 0.302156
