9.99552E-05 9.99552E-05 0.737849 9.99552E-05 0.0271484 0.159687 9.99552E-05 9.99552E-05 0.0748156
0.596377 9.99551E-05 0.054448 0.16063 9.99551E-05 9.99551E-05 0.188045 9.99551E-05 9.99551E-05
0.286262 0.131743 9.99731E-05 9.99731E-05 0.221177 0.176002 0.105982 0.0785344 9.99731E-05
0.103483 0.115872 0.194692 0.0420198 0.0252502 0.420495 0.0979882 9.99821E-05 9.99821E-05
9.9973E-05 9.9973E-05 0.219909 0.0501273 0.1694 0.127861 0.0547968 0.377606 9.9973E-05
0.249307 0.140282 0.489225 9.99551E-05 9.99551E-05 0.120686 9.99551E-05 9.99551E-05 9.99551E-05
0.103157 9.99821E-05 9.99821E-05 0.0057227 0.125491 0.195731 0.154708 0.183185 0.231805
0.116789 9.99641E-05 0.478414 0.0856009 0.025334 9.99641E-05 0.293462 9.99641E-05 9.99641E-05
0.0181862 9.99642E-05 9.99642E-05 9.99642E-05 9.99642E-05 0.547849 0.126287 0.128159 0.179119
9.99551E-05 0.203068 0.162334 9.99551E-05 0.111593 9.99551E-05 9.99551E-05 9.99551E-05 0.522506
9.9982E-05 0.427376 0.0252896 0.159106 0.0436009 0.104626 0.215872 9.9982E-05 0.0239304
0.0232376 9.99642E-05 0.0363927 0.0813451 9.99642E-05 0.624217 0.234408 9.99642E-05 9.99642E-05
0.234895 9.99641E-05 0.0292787 9.99641E-05 9.99641E-05 0.270434 0.375529 0.0894629 9.99641E-05
9.99641E-05 9.99641E-05 0.320755 0.15769 0.112408 0.0267037 9.99641E-05 0.382043 9.99641E-05
9.99642E-05 0.0616938 0.102818 9.99642E-05 9.99642E-05 0.190128 0.474924 0.170036 9.99642E-05
9.99731E-05 9.99731E-05 0.163436 0.181211 0.298306 0.247364 0.0872329 0.0221511 9.99731E-05
0.167907 9.99731E-05 0.223802 0.0164733 9.99731E-05 0.448204 0.129984 0.0133297 9.99731E-05
0.198215 0.0449631 0.362477 0.128613 0.0445904 9.99731E-05 9.99731E-05 9.99731E-05 0.220841
0.285762 9.99552E-05 9.99552E-05 9.99552E-05 9.99552E-05 0.218714 0.36725 9.99552E-05 0.127773
0.101553 0.0195038 0.667002 9.99642E-05 0.0203887 9.99642E-05 9.99642E-05 9.99642E-05 0.191153
9.99641E-05 0.25449 0.124243 0.0666643 0.0543361 9.99641E-05 9.99641E-05 9.99641E-05 0.499867
9.9955E-05 0.0526946 9.9955E-05 9.9955E-05 9.9955E-05 0.383429 0.333552 0.229825 9.9955E-05
0.215574 0.24529 9.99642E-05 0.0546654 0.0474049 0.436666 9.99642E-05 9.99642E-05 9.99642E-05
9.99461E-05 9.99461E-05 9.99461E-05 9.99461E-05 0.220112 0.596973 9.99461E-05 0.182315 9.99461E-05
9.99641E-05 0.425843 0.142944 0.104605 0.303815 9.99641E-05 0.0223926 9.99641E-05 9.99641E-05
9.99641E-05 0.00431958 0.517336 0.0138133 0.0252943 0.438837 9.99641E-05 9.99641E-05 9.99641E-05
9.9973E-05 9.9973E-05 0.0114494 0.316091 0.167447 9.9973E-05 0.120021 0.00495313 0.379739
0.372438 0.190098 0.0917684 9.99553E-05 9.99553E-05 9.99553E-05 9.99553E-05 0.345195 9.99553E-05
0.317752 0.168686 9.99731E-05 0.0344206 9.99731E-05 9.99731E-05 0.357816 0.0359525 0.085073
9.99552E-05 0.0174383 9.99552E-05 9.99552E-05 0.914101 9.99552E-05 0.0233243 0.0446366 9.99552E-05
9.99641E-05 0.123451 0.126791 0.133005 9.99641E-05 9.99641E-05 9.99641E-05 0.41685 0.199503
0.311524 9.99731E-05 0.0502845 0.118504 0.0664928 9.99731E-05 0.3747 9.99731E-05 0.078194
0.0917485 0.0147801 9.99642E-05 9.99642E-05 0.161052 9.99642E-05 0.0460066 9.99642E-05 0.686013
9.99641E-05 9.99641E-05 0.3624 9.99641E-05 0.0555858 9.99641E-05 0.402015 0.0786734 0.100926
9.9955E-05 9.9955E-05 0.480178 0.0969714 0.148302 0.274048 9.9955E-05 9.9955E-05 9.9955E-05
0.00726174 9.99642E-05 0.431674 0.0394789 9.99642E-05 0.0376851 9.99642E-05 9.99642E-05 0.483501
0.302513 9.99642E-05 0.151156 0.196531 9.99642E-05 0.200036 9.99642E-05 0.149365 9.99642E-05
0.555732 0.227313 0.00134931 9.99731E-05 0.0513168 9.99731E-05 0.0772101 9.99731E-05 0.0867795
0.209748 0.131268 0.197193 0.185977 0.0794227 0.0431603 0.153032 9.99821E-05 9.99821E-05
0.138546 0.311971 0.0537008 0.0758127 0.0685401 9.99731E-05 0.351129 9.99731E-05 9.99731E-05
0.318139 9.99732E-05 9.99732E-05 0.0212547 0.117348 0.218306 9.99732E-05 0.126997 0.197655
9.99642E-05 9.99642E-05 0.0107704 0.0175641 0.0257322 0.261303 9.99642E-05 9.99642E-05 0.684231
0.349298 9.99641E-05 0.440321 0.0606283 9.99641E-05 0.104565 9.99641E-05 9.99641E-05 0.0447879
9.99731E-05 0.226913 0.412185 9.99731E-05 9.99731E-05 0.240526 0.0586845 0.0197777 0.0416135
0.0841382 0.030872 9.99641E-05 0.155817 0.10123 9.99641E-05 0.627543 9.99641E-05 9.99641E-05
0.0666167 0.0121716 0.464109 0.161989 9.99732E-05 9.99732E-05 0.108651 9.99732E-05 0.186163
9.99641E-05 9.99641E-05 0.356836 9.99641E-05 0.0555444 0.0335341 0.0180653 9.99641E-05 0.53562
9.9973E-05 0.0206203 9.9973E-05 0.003184 9.9973E-05 0.254887 0.124698 0.0897597 0.506551
9.99374E-05 9.99374E-05 9.99374E-05 9.99374E-05 9.99374E-05 9.99374E-05 0.697479 9.99374E-05 0.301821
9.99461E-05 9.99461E-05 0.85138 0.120039 9.99461E-05 9.99461E-05 0.0279806 9.99461E-05 9.99461E-05
9.99551E-05 0.0148506 0.514944 9.99551E-05 0.0734785 0.396227 9.99551E-05 9.99551E-05 9.99551E-05
0.43437 0.292185 9.99641E-05 0.0109918 9.99641E-05 9.99641E-05 9.99641E-05 0.0529795 0.209074
0.13641 9.99641E-05 0.0506308 9.99641E-05 0.114913 0.591195 9.99641E-05 9.99641E-05 0.106452
9.99551E-05 0.219363 0.204783 9.99551E-05 0.193254 9.99551E-05 0.3821 9.99551E-05 9.99551E-05
0.0946048 9.99372E-05 9.99372E-05 9.99372E-05 9.99372E-05 9.99372E-05 9.99372E-05 0.904696 9.99372E-05
9.99731E-05 0.0279093 0.101704 0.0333496 9.99731E-05 0.246297 0.0749917 0.515449 9.99731E-05
0.0901389 0.242217 9.99641E-05 9.99641E-05 0.0182643 0.402017 9.99641E-05 0.246963 9.99641E-05
0.0484636 9.99373E-05 9.99373E-05 9.99373E-05 9.99373E-05 9.99373E-05 9.99373E-05 0.950837 9.99373E-05
9.9973E-05 0.310017 0.0385526 0.171324 9.9973E-05 9.9973E-05 0.190224 0.226959 0.0626226
9.9964E-05 0.131427 0.311019 0.0285051 9.9964E-05 0.218843 9.9964E-05 9.9964E-05 0.309806
0.123263 0.168738 0.274136 0.0219733 9.99821E-05 0.128262 0.165015 0.118414 9.99821E-05
0.0406597 9.9964E-05 0.185338 0.301012 9.9964E-05 0.221508 9.9964E-05 9.9964E-05 0.251083
9.99641E-05 9.99641E-05 9.99641E-05 0.0590477 9.99641E-05 0.556581 0.0570901 0.104804 0.222077
9.99551E-05 9.99551E-05 0.147197 0.197606 0.604458 9.99551E-05 0.0502386 9.99551E-05 9.99551E-05
9.99732E-05 9.99732E-05 0.582737 9.99732E-05 0.130169 0.0481771 0.0855656 0.147906 0.00514588
9.99731E-05 0.0309125 9.99731E-05 0.0249977 0.0589217 0.000402933 0.598333 9.99731E-05 0.286132
9.99552E-05 0.0830939 0.717505 9.99552E-05 0.0766792 9.99552E-05 9.99552E-05 9.99552E-05 0.122222
9.99731E-05 9.99731E-05 0.253552 0.223894 9.99731E-05 0.134474 0.271796 0.0789821 0.0370016
9.99552E-05 9.99552E-05 0.731384 0.0242324 9.99552E-05 0.0260271 0.217857 9.99552E-05 9.99552E-05
0.0253128 9.99731E-05 0.241262 9.99731E-05 0.125974 9.99731E-05 0.0450155 0.168132 0.394004
0.00929353 0.120777 0.0632822 0.0819724 0.00342544 0.182545 0.136589 0.119991 0.282124
9.99641E-05 9.99641E-05 9.99641E-05 0.162546 0.0519206 0.159836 0.463213 9.99641E-05 0.162084
0.547901 9.99463E-05 9.99463E-05 0.159711 9.99463E-05 9.99463E-05 9.99463E-05 0.291789 9.99463E-05
9.99553E-05 9.99553E-05 0.294433 0.234355 9.99553E-05 9.99553E-05 0.469554 0.00115797 9.99553E-05
0.229214 9.99643E-05 0.541857 9.99643E-05 0.180614 9.99643E-05 0.00629161 0.0416234 9.99643E-05
0.0836439 9.9973E-05 0.0413742 0.121341 9.9973E-05 9.9973E-05 0.125913 0.369849 0.257579
9.99466E-05 9.99466E-05 0.0672949 9.99466E-05 9.99466E-05 0.636633 0.295473 9.99466E-05 9.99466E-05
0.0239716 0.305979 9.9982E-05 0.160409 9.9982E-05 0.145425 0.0433823 0.127669 0.192965
0.0869274 0.179714 0.166709 0.0604354 9.9973E-05 9.9973E-05 0.356984 0.148931 9.9973E-05
0.242343 0.128568 9.9973E-05 0.0519575 0.00409615 9.9973E-05 0.310963 0.261772 9.9973E-05
0.240505 9.99553E-05 0.330182 0.405579 9.99553E-05 9.99553E-05 0.0232337 9.99553E-05 9.99553E-05
9.99731E-05 0.274173 0.22428 9.99731E-05 0.0116329 0.289441 0.145507 9.99731E-05 0.0546664
9.99552E-05 0.0948045 0.35836 9.99552E-05 9.99552E-05 9.99552E-05 9.99552E-05 0.0906597 0.455676
0.0542113 9.99551E-05 0.204781 9.99551E-05 0.182473 9.99551E-05 0.558036 9.99551E-05 9.99551E-05
0.109408 9.99821E-05 0.141331 0.0480838 0.113737 0.336621 0.0685034 9.99821E-05 0.182115
0.304264 9.9973E-05 0.2215 0.096546 9.9973E-05 0.197323 0.059356 9.9973E-05 0.120711
0.69251 9.99553E-05 9.99553E-05 0.0526938 9.99553E-05 9.99553E-05 0.00154478 9.99553E-05 0.252752
0.0784841 9.99552E-05 9.99552E-05 9.99552E-05 0.242994 0.599777 0.0782446 9.99552E-05 9.99552E-05
9.99554E-05 0.29738 0.650362 9.99554E-05 0.0394788 9.99554E-05 0.0122795 9.99554E-05 9.99554E-05
0.0301005 0.0916565 0.0641141 9.99731E-05 9.99731E-05 0.153008 0.552993 9.99731E-05 0.107827
9.99374E-05 9.99374E-05 9.99374E-05 9.99374E-05 0.989898 0.00940219 9.99374E-05 9.99374E-05 9.99374E-05
9.99643E-05 9.99643E-05 0.144479 0.000484078 0.126095 9.99643E-05 9.99643E-05 0.383226 0.345317
9.99374E-05 9.99374E-05 9.99374E-05 9.99374E-05 9.99374E-05 0.162571 9.99374E-05 9.99374E-05 0.836729
0.410934 0.137525 9.99642E-05 9.99642E-05 9.99642E-05 0.171908 9.99642E-05 0.069496 0.209737
0.00169072 9.9964E-05 9.9964E-05 0.0579547 9.9964E-05 9.9964E-05 0.421876 0.00344749 0.514632
0.548742 0.106028 0.103206 9.99731E-05 9.99731E-05 0.154881 0.000634985 9.99731E-05 0.0862081
0.0990835 9.99731E-05 0.251305 9.99731E-05 0.0184603 0.319277 9.99731E-05 0.106215 0.205359
9.99641E-05 9.99641E-05 0.257257 9.99641E-05 9.99641E-05 0.123291 0.0825868 0.037381 0.499085
9.99641E-05 9.99641E-05 0.27477 0.0452444 0.509557 9.99641E-05 0.013065 0.156963 9.99641E-05
0.526396 9.99641E-05 9.99641E-05 0.0267199 0.214634 0.141952 9.99641E-05 9.99641E-05 0.0898977
0.0136064 9.99642E-05 9.99642E-05 9.99642E-05 0.102575 0.226817 9.99642E-05 0.525478 0.131124
9.99463E-05 9.99463E-05 9.99463E-05 0.194368 0.798651 0.00638164 9.99463E-05 9.99463E-05 9.99463E-05
0.503124 0.223453 9.99554E-05 9.99554E-05 9.99554E-05 0.186053 9.99554E-05 9.99554E-05 0.0868704
9.99373E-05 0.993488 9.99373E-05 9.99373E-05 9.99373E-05 9.99373E-05 9.99373E-05 9.99373E-05 0.00581201
0.233791 9.99551E-05 0.598004 9.99551E-05 9.99551E-05 0.118796 0.0489104 9.99551E-05 9.99551E-05
9.99731E-05 0.0675613 0.159573 9.99731E-05 9.99731E-05 0.404365 0.255209 0.00131599 0.111676
0.113673 9.99641E-05 0.407655 9.99641E-05 9.99641E-05 9.99641E-05 0.114402 0.193434 0.170436
0.476332 0.0765516 0.29297 9.99642E-05 9.99642E-05 9.99642E-05 9.99642E-05 0.0113332 0.142414
9.99464E-05 0.00081947 0.669264 9.99464E-05 9.99464E-05 9.99464E-05 0.329317 9.99464E-05 9.99464E-05
9.99731E-05 0.414379 0.0845485 0.0760944 0.200462 9.99731E-05 0.116099 9.99731E-05 0.108118
9.99463E-05 9.99463E-05 9.99463E-05 9.99463E-05 0.433328 9.99463E-05 9.99463E-05 0.0945518 0.47152
9.99642E-05 9.99642E-05 0.495463 0.094151 0.0695638 0.167458 0.172964 9.99642E-05 9.99642E-05
9.99463E-05 9.99463E-05 0.159004 9.99463E-05 0.695201 9.99463E-05 9.99463E-05 0.145195 9.99463E-05
0.0114939 0.0324161 0.451383 0.066929 9.99731E-05 9.99731E-05 0.435384 0.00209411 9.99731E-05
0.0582628 9.99462E-05 9.99462E-05 9.99462E-05 0.726178 0.21496 9.99462E-05 9.99462E-05 9.99462E-05
9.99553E-05 0.29615 9.99553E-05 9.99553E-05 9.99553E-05 0.422199 0.0198485 0.261303 9.99553E-05
0.153043 9.99551E-05 0.235378 9.99551E-05 9.99551E-05 0.402247 0.208832 9.99551E-05 9.99551E-05
0.230599 9.99641E-05 9.99641E-05 0.0618524 0.0543525 9.99641E-05 0.580867 0.0719292 9.99641E-05
0.0408375 0.138542 9.9973E-05 0.225761 0.346936 9.9973E-05 0.159568 0.0880549 9.9973E-05
0.833155 9.99461E-05 0.097296 9.99461E-05 9.99461E-05 9.99461E-05 0.0689495 9.99461E-05 9.99461E-05
9.99551E-05 9.99551E-05 9.99551E-05 0.0623819 0.289825 0.615852 0.0314413 9.99551E-05 9.99551E-05
0.766495 9.99463E-05 0.0892862 9.99463E-05 9.99463E-05 0.143619 9.99463E-05 9.99463E-05 9.99463E-05
0.00454172 0.104134 0.626728 9.99731E-05 0.060496 0.0846741 0.119126 9.99731E-05 9.99731E-05
0.00586795 9.99642E-05 0.34371 9.99642E-05 9.99642E-05 9.99642E-05 0.236749 0.149522 0.263752
0.132706 0.00765292 0.0406804 9.99732E-05 9.99732E-05 0.482457 0.287865 9.99732E-05 0.0483389
0.0492529 9.99641E-05 0.258355 0.0161931 9.99641E-05 0.374247 9.99641E-05 9.99641E-05 0.301552
9.99463E-05 9.99463E-05 9.99463E-05 9.99463E-05 0.346058 9.99463E-05 0.0192871 9.99463E-05 0.634055
9.99642E-05 0.0739329 0.535878 0.224974 9.99642E-05 0.0968777 9.99642E-05 0.0679372 9.99642E-05
0.24981 0.412989 0.139805 0.0165817 0.180414 9.99642E-05 9.99642E-05 9.99642E-05 9.99642E-05
0.335221 9.99643E-05 0.248717 0.018951 0.183634 9.99643E-05 9.99643E-05 9.99643E-05 0.213076
9.99463E-05 9.99463E-05 9.99463E-05 0.00940523 9.99463E-05 0.414309 9.99463E-05 9.99463E-05 0.575686
0.268207 9.9973E-05 0.368962 0.00206188 9.9973E-05 0.203657 9.9973E-05 0.118537 0.0382743
9.99552E-05 0.110326 9.99552E-05 9.99552E-05 9.99552E-05 0.076128 0.325715 9.99552E-05 0.487331
0.207533 0.225871 0.268443 0.112379 9.99731E-05 9.99731E-05 0.0811599 9.99731E-05 0.104315
0.266252 0.109573 0.0570108 9.99552E-05 9.99552E-05 9.99552E-05 9.99552E-05 9.99552E-05 0.566665
9.993E-05 9.993E-05 0.999201 9.993E-05 9.993E-05 9.993E-05 9.993E-05 9.993E-05 9.993E-05
9.99553E-05 9.99553E-05 0.812787 0.0107548 9.99553E-05 9.99553E-05 0.113367 0.0625914 9.99553E-05
9.99466E-05 9.99466E-05 0.948185 9.99466E-05 0.0405166 9.99466E-05 0.0106986 9.99466E-05 9.99466E-05
0.0495665 0.198452 9.99642E-05 0.0751236 9.99642E-05 9.99642E-05 0.408115 9.99642E-05 0.268343
0.0383281 9.99642E-05 0.498334 9.99642E-05 0.00635424 0.105577 0.351007 9.99642E-05 9.99642E-05
9.99642E-05 0.21361 0.204578 0.106784 9.99642E-05 0.155559 9.99642E-05 0.319069 9.99642E-05
0.576446 0.113709 9.99553E-05 9.99553E-05 9.99553E-05 0.208488 9.99553E-05 9.99553E-05 0.100857
9.9991E-05 0.0279121 0.137405 0.0604476 0.000521092 0.0500925 0.0971589 0.138847 0.487515
0.0417345 0.25927 9.99642E-05 9.99642E-05 9.99642E-05 0.252538 0.0502339 9.99642E-05 0.395824
9.99641E-05 0.137245 0.0751196 0.0659119 0.556023 0.165301 9.99641E-05 9.99641E-05 9.99641E-05
0.215017 0.00174475 0.179017 9.9991E-05 0.107978 0.127207 0.176773 0.181432 0.0107312
9.993E-05 9.993E-05 9.993E-05 0.999201 9.993E-05 9.993E-05 9.993E-05 9.993E-05 9.993E-05
0.104566 0.245472 0.488108 9.99732E-05 0.0383981 9.99732E-05 0.122141 9.99732E-05 0.00101596
9.99731E-05 0.113459 0.257563 0.0318037 0.301733 9.99731E-05 9.99731E-05 0.260651 0.0344906
9.99731E-05 0.179893 0.0604608 0.380521 0.00619357 9.99731E-05 9.99731E-05 0.339796 0.0328355
0.336309 0.0563557 9.99732E-05 0.147553 9.99732E-05 9.99732E-05 0.180557 0.262707 0.0162189
9.99551E-05 9.99551E-05 9.99551E-05 0.0557627 9.99551E-05 0.487656 0.280812 9.99551E-05 0.17527
9.9964E-05 9.9964E-05 0.38792 9.9964E-05 0.0384579 0.0366268 0.0799466 0.456648 9.9964E-05
0.447959 9.99642E-05 0.234265 0.0250107 9.99642E-05 0.152468 9.99642E-05 0.139898 9.99642E-05
0.228711 9.99732E-05 0.332252 0.183085 0.128219 0.123046 9.99732E-05 0.00438601 9.99732E-05
0.199739 0.153045 0.311549 0.121324 9.99642E-05 9.99642E-05 9.99642E-05 9.99642E-05 0.213943
0.413186 0.275986 9.99641E-05 9.99641E-05 0.0579523 9.99641E-05 9.99641E-05 0.172276 0.0802002
9.99731E-05 0.203398 0.169063 0.0833022 9.99731E-05 9.99731E-05 0.240434 0.121235 0.182267
0.040072 9.99553E-05 0.847241 9.99553E-05 9.99553E-05 0.0109412 0.101246 9.99553E-05 9.99553E-05
0.0544101 0.0368786 0.139624 9.99821E-05 0.174958 0.125451 0.218684 9.99821E-05 0.249794
9.993E-05 9.993E-05 9.993E-05 0.999201 9.993E-05 9.993E-05 9.993E-05 9.993E-05 9.993E-05
9.99641E-05 9.99641E-05 0.306861 0.217225 9.99641E-05 0.0407539 0.206229 9.99641E-05 0.228531
0.436016 9.99551E-05 0.0293383 0.045486 9.99551E-05 9.99551E-05 0.48866 9.99551E-05 9.99551E-05
0.0572627 9.99731E-05 9.99731E-05 0.0995452 9.99731E-05 0.255362 0.121497 0.200279 0.265754
9.99642E-05 0.00032722 9.99642E-05 0.175397 9.99642E-05 0.0403755 0.559032 9.99642E-05 0.224469
0.246807 9.99462E-05 0.152194 9.99462E-05 9.99462E-05 0.6004 9.99462E-05 9.99462E-05 9.99462E-05
9.99642E-05 0.0588796 0.3566 9.99642E-05 0.0916683 9.99642E-05 9.99642E-05 0.265399 0.227053
9.99553E-05 0.0387058 0.0417584 9.99553E-05 9.99553E-05 9.99553E-05 0.579637 0.339399 9.99553E-05
0.484928 9.99553E-05 9.99553E-05 0.0398828 9.99553E-05 9.99553E-05 9.99553E-05 0.437869 0.0368197
0.435948 0.0195686 0.140807 0.0478762 0.0306417 0.190916 0.0065918 9.9991E-05 0.127551
9.99642E-05 0.0769688 0.285297 9.99642E-05 0.0302028 0.286709 0.320422 9.99642E-05 9.99642E-05
0.212422 0.0531062 0.387689 9.99641E-05 9.99641E-05 9.99641E-05 0.186778 0.159605 9.99641E-05
0.258571 0.191775 9.99641E-05 9.99641E-05 9.99641E-05 0.0753499 0.166141 0.307763 9.99641E-05
0.0315495 0.042717 0.471035 0.0469757 0.117615 0.212948 9.99821E-05 9.99821E-05 0.0769599
9.99372E-05 9.99372E-05 0.492962 9.99372E-05 9.99372E-05 0.506338 9.99372E-05 9.99372E-05 9.99372E-05
9.99463E-05 9.99463E-05 0.317721 9.99463E-05 9.99463E-05 9.99463E-05 0.251198 0.430481 9.99463E-05
0.353936 9.99732E-05 0.235631 0.093658 0.0323469 0.0256339 0.258495 9.99732E-05 9.99732E-05
9.99373E-05 0.955098 9.99373E-05 9.99373E-05 9.99373E-05 9.99373E-05 9.99373E-05 9.99373E-05 0.0442027
0.0590627 9.99553E-05 0.237869 9.99553E-05 9.99553E-05 0.241843 9.99553E-05 9.99553E-05 0.460725
0.288706 9.99552E-05 9.99552E-05 9.99552E-05 9.99552E-05 0.0110023 0.35624 9.99552E-05 0.343553
9.99553E-05 9.99553E-05 0.133827 0.18304 9.99553E-05 9.99553E-05 0.00302386 9.99553E-05 0.679609
9.99731E-05 0.0483776 0.302347 0.0679122 9.99731E-05 0.102409 9.99731E-05 0.051367 0.427287
9.99462E-05 9.99462E-05 0.668286 9.99462E-05 9.99462E-05 0.181488 9.99462E-05 9.99462E-05 0.149626
0.243506 9.99642E-05 0.188908 9.99642E-05 9.99642E-05 0.0464675 0.379615 0.141104 9.99642E-05
9.993E-05 0.999201 9.993E-05 9.993E-05 9.993E-05 9.993E-05 9.993E-05 9.993E-05 9.993E-05
9.99731E-05 9.99731E-05 0.000279 0.110971 9.99731E-05 0.32935 0.390272 0.166642 0.00218552
0.60905 9.99642E-05 0.304848 0.00858265 9.99642E-05 0.0193505 0.0577691 9.99642E-05 9.99642E-05
0.887072 9.99552E-05 0.026196 9.99552E-05 0.0157746 9.99552E-05 9.99552E-05 0.0704571 9.99552E-05
0.416143 9.9973E-05 0.309651 9.9973E-05 0.167538 0.00722027 9.9973E-05 0.0863608 0.0127873
