0.0109664 0.616773 0.00504421 9.99459E-05 0.366617 9.99459E-05 9.99459E-05 9.99459E-05 9.99459E-05 9.99459E-05
9.9982E-05 0.216538 9.9982E-05 0.118833 0.115121 0.0449383 0.150797 0.294627 0.0329475 0.0259987
0.0610884 0.0697519 0.0216973 9.9991E-05 0.252808 0.228542 0.01004 0.0902737 0.210535 0.0551632
0.0717712 0.145617 0.145214 0.0599452 9.9982E-05 0.0311615 0.00479898 0.0209206 0.520372 9.9982E-05
0.0524044 0.144976 0.0839098 0.0196862 0.00259379 0.0411717 0.106631 0.0947357 0.408932 0.0449596
9.9964E-05 9.9964E-05 0.0119529 9.9964E-05 0.230036 0.0754054 9.9964E-05 0.0385939 0.4403 0.203312
0.0919493 0.307847 9.99459E-05 9.99459E-05 0.370792 9.99459E-05 9.99459E-05 9.99459E-05 0.228813 9.99459E-05
0.0591453 0.118744 0.0102303 0.0232555 0.237758 0.00203528 0.0616689 0.170522 0.31654 9.9991E-05
0.0276206 9.9964E-05 9.9964E-05 9.9964E-05 0.169514 0.0857061 0.405274 9.9964E-05 0.0172217 0.294263
0.0762571 0.0076255 0.10915 0.0451385 0.365955 9.9982E-05 0.0562123 9.9982E-05 0.0696797 0.269783
9.99369E-05 9.99369E-05 0.106996 9.99369E-05 9.99369E-05 0.10479 9.99369E-05 9.99369E-05 9.99369E-05 0.787514
0.0283494 9.99639E-05 9.99639E-05 0.080751 0.0564998 0.0372559 0.571298 9.99639E-05 9.99639E-05 0.225446
0.0703047 9.9973E-05 0.0447075 9.9973E-05 0.139196 0.310432 0.179612 9.9973E-05 0.152178 0.10327
0.0221235 0.196007 0.0757888 0.0603717 0.0612438 9.9991E-05 0.0622186 0.278688 0.0579686 0.185491
0.0183329 9.99549E-05 9.99549E-05 9.99549E-05 0.0873383 0.0268462 9.99549E-05 0.175253 9.99549E-05 0.69173
0.102611 0.0821315 0.0352348 0.0785742 9.9973E-05 9.9973E-05 0.00873512 0.561718 0.130695 9.9973E-05
9.99549E-05 9.99549E-05 0.0467417 0.0662524 9.99549E-05 9.99549E-05 9.99549E-05 0.101902 0.115517 0.669087
0.132827 0.202821 9.9964E-05 0.0883292 0.379618 9.9964E-05 9.9964E-05 0.0419728 9.9964E-05 0.154031
0.0289615 0.108892 9.9982E-05 0.035657 9.9982E-05 0.269994 0.123325 0.0348807 0.22394 0.17415
0.0160051 0.173362 0.10736 0.064298 9.9991E-05 0.266161 0.0290644 0.0713982 0.0902469 0.182004
0.110169 0.330319 0.0649901 9.9982E-05 0.105832 0.0247511 0.185488 9.9982E-05 0.0595284 0.118722
0.0283184 9.9982E-05 0.0282243 9.9982E-05 0.0353023 0.124225 0.58089 0.0629517 0.0971132 0.0427751
0.117678 0.0503932 0.0648558 0.0322233 0.15195 0.0547964 0.189092 0.0492458 0.230101 0.0596651
9.9964E-05 0.171899 0.0510953 0.173907 9.9964E-05 0.349918 9.9964E-05 9.9964E-05 0.12342 0.129361
9.9928E-05 9.9928E-05 0.0750731 9.9928E-05 9.9928E-05 9.9928E-05 9.9928E-05 9.9928E-05 9.9928E-05 0.924127
9.9955E-05 0.328275 9.9955E-05 0.08506 9.9955E-05 0.123993 9.9955E-05 0.0549165 9.9955E-05 0.407256
0.0533252 0.0470916 0.103577 0.0770322 0.19233 9.9973E-05 9.9973E-05 0.244428 0.281916 9.9973E-05
9.9982E-05 0.281594 0.0586946 0.221808 0.06436 9.9982E-05 0.0771203 0.113811 0.0570542 0.125358
9.9982E-05 0.0509328 0.044915 0.030993 0.414493 0.0542975 9.9982E-05 0.193315 0.0678705 0.142983
0.0213547 0.0337688 0.068416 0.541941 9.99729E-05 9.99729E-05 9.99729E-05 0.182954 0.0306658 0.1206
9.9973E-05 9.9973E-05 0.0561281 9.9973E-05 0.0181468 0.0662059 0.0709554 0.245627 0.202378 0.340259
9.9937E-05 9.9937E-05 9.9937E-05 9.9937E-05 0.929358 9.9937E-05 0.0126785 9.9937E-05 9.9937E-05 0.0572638
0.0472595 0.0897588 9.9964E-05 0.0548905 9.9964E-05 0.322278 0.126199 9.9964E-05 0.359215 9.9964E-05
0.0398164 9.99729E-05 0.0604794 9.99729E-05 0.2612 0.233055 9.99729E-05 0.13858 0.172702 0.093867
0.0790063 0.10915 0.0432262 9.9973E-05 0.159621 0.0983754 0.130931 9.9973E-05 9.9973E-05 0.37939
0.0146109 0.98459 9.9928E-05 9.9928E-05 9.9928E-05 9.9928E-05 9.9928E-05 9.9928E-05 9.9928E-05 9.9928E-05
0.0282601 0.114683 0.168657 9.9964E-05 0.198459 0.280327 9.9964E-05 9.9964E-05 0.209214 9.9964E-05
9.99551E-05 0.191501 0.0395695 0.0845386 0.131293 9.99551E-05 9.99551E-05 9.99551E-05 9.99551E-05 0.552598
0.0552216 9.9973E-05 0.0660796 0.0523926 9.9973E-05 0.0976346 0.0729029 9.9973E-05 0.511764 0.143705
0.0559248 9.9973E-05 9.9973E-05 9.9973E-05 0.0371903 0.342252 0.00240918 0.163256 0.138311 0.260356
0.0142565 0.0113173 0.0571591 0.0140151 9.9982E-05 0.364815 0.523355 0.0118183 9.9982E-05 0.00306389
0.0866826 0.0667238 0.0561989 9.9964E-05 0.214294 0.352121 9.9964E-05 9.9964E-05 0.22358 9.9964E-05
0.0278382 0.316745 0.0700413 0.0125144 0.250821 9.9973E-05 9.9973E-05 0.152132 0.169609 9.9973E-05
9.9964E-05 0.467663 9.9964E-05 0.143893 0.15138 0.0268311 0.142182 9.9964E-05 9.9964E-05 0.0676512
0.0101026 9.9928E-05 9.9928E-05 9.9928E-05 0.989098 9.9928E-05 9.9928E-05 9.9928E-05 9.9928E-05 9.9928E-05
0.0233928 0.121319 0.157561 9.9964E-05 0.408215 9.9964E-05 9.9964E-05 0.0808251 0.208287 9.9964E-05
9.9973E-05 0.0936535 9.9973E-05 0.0031903 0.140754 0.271999 9.9973E-05 0.127166 0.238712 0.124224
0.00800631 9.9964E-05 9.9964E-05 0.0807932 0.107868 0.0189152 9.9964E-05 0.154181 0.629837 9.9964E-05
9.9964E-05 9.9964E-05 9.9964E-05 0.0247249 0.285756 0.205986 0.00812028 0.29595 9.9964E-05 0.179062
0.0330468 0.139323 9.9973E-05 0.0413806 9.9973E-05 9.9973E-05 0.139322 0.198163 0.176826 0.271638
0.114271 0.184378 0.0329884 9.9973E-05 0.047161 9.9973E-05 9.9973E-05 0.0475838 0.10975 0.463567
0.13062 0.109682 0.0133685 9.9982E-05 9.9982E-05 0.112705 0.191206 0.154781 0.275331 0.0121075
0.0402189 0.0158841 0.0343475 0.0319268 9.9982E-05 0.061879 0.172623 0.541991 0.10093 9.9982E-05
0.0174179 9.9964E-05 0.145688 0.0689488 0.397855 9.9964E-05 9.9964E-05 0.216046 0.153645 9.9964E-05
9.9937E-05 9.9937E-05 9.9937E-05 0.0612523 9.9937E-05 9.9937E-05 0.720406 0.217642 9.9937E-05 9.9937E-05
0.0563852 0.0522749 9.9964E-05 9.9964E-05 0.264762 0.181913 9.9964E-05 9.9964E-05 0.385478 0.058787
9.99281E-05 9.99281E-05 0.0512131 9.99281E-05 9.99281E-05 9.99281E-05 0.947987 9.99281E-05 9.99281E-05 9.99281E-05
9.9964E-05 9.9964E-05 0.018031 0.0816416 9.9964E-05 0.0546451 0.730282 9.9964E-05 0.0851037 0.0298967
9.99639E-05 9.99639E-05 0.0450425 9.99639E-05 0.18597 0.176191 9.99639E-05 0.209483 0.0776371 0.305277
0.0456441 0.103497 0.0560991 9.9973E-05 0.546571 9.9973E-05 0.0290008 0.0193617 9.9973E-05 0.199526
9.99201E-05 9.99201E-05 9.99201E-05 9.99201E-05 9.99201E-05 0.999101 9.99201E-05 9.99201E-05 9.99201E-05 9.99201E-05
0.0850292 0.113783 0.057268 9.9973E-05 0.0509484 0.122861 9.9973E-05 9.9973E-05 0.119332 0.450478
0.0367438 0.0886599 9.9973E-05 0.0163133 9.9973E-05 0.00357307 9.9973E-05 0.00214803 0.648771 0.203491
0.102346 9.9937E-05 9.9937E-05 0.868345 9.9937E-05 0.0286092 9.9937E-05 9.9937E-05 9.9937E-05 9.9937E-05
9.9964E-05 0.316862 0.129174 9.9964E-05 9.9964E-05 0.166836 9.9964E-05 0.098306 0.178724 0.109698
0.0551227 0.913473 0.0307044 9.9937E-05 9.9937E-05 9.9937E-05 9.9937E-05 9.9937E-05 9.9937E-05 9.9937E-05
0.0585205 0.469218 0.0661906 9.9955E-05 0.254514 0.151057 9.9955E-05 9.9955E-05 9.9955E-05 9.9955E-05
9.9955E-05 9.9955E-05 9.9955E-05 0.106023 0.337345 9.9955E-05 0.043589 9.9955E-05 0.463364 0.049179
9.9946E-05 0.326334 9.9946E-05 0.0125749 9.9946E-05 0.374926 9.9946E-05 9.9946E-05 9.9946E-05 0.285566
0.0544194 0.150236 0.0215011 0.115007 0.16201 0.20641 9.9991E-05 0.21386 0.0210335 0.0554235
9.9964E-05 9.9964E-05 0.113661 0.0729898 0.536313 9.9964E-05 9.9964E-05 0.262259 0.0119832 0.00239501
0.0879037 0.27323 0.0138414 0.0769031 0.0516556 0.102012 0.0584638 0.0951721 0.0262324 0.214585
0.0912033 0.110782 0.0360189 0.0623159 0.0819053 0.214988 0.0224713 0.106792 0.0214935 0.252029
0.00861137 9.9991E-05 0.022138 0.128044 0.16915 0.200871 0.140335 0.0592516 0.0425498 0.22895
9.9964E-05 9.9964E-05 0.163176 0.0552356 0.51541 9.9964E-05 0.0174795 0.222939 9.9964E-05 0.02536
0.0236911 9.9964E-05 0.0416785 9.9964E-05 0.134576 0.0479598 0.246699 0.504996 9.9964E-05 9.9964E-05
0.0859188 9.9946E-05 9.9946E-05 9.9946E-05 0.726762 0.158465 9.9946E-05 9.9946E-05 0.028254 9.9946E-05
9.99201E-05 9.99201E-05 9.99201E-05 9.99201E-05 9.99201E-05 0.999101 9.99201E-05 9.99201E-05 9.99201E-05 9.99201E-05
9.99201E-05 9.99201E-05 9.99201E-05 9.99201E-05 9.99201E-05 0.999101 9.99201E-05 9.99201E-05 9.99201E-05 9.99201E-05
0.0367843 9.9937E-05 9.9937E-05 9.9937E-05 0.258394 0.704123 9.9937E-05 9.9937E-05 9.9937E-05 9.9937E-05
0.0808842 0.0980361 0.0852098 0.0218088 0.26076 0.100599 0.198492 0.112827 9.9991E-05 0.0412837
0.0402929 9.9982E-05 0.0160724 0.0216878 0.226764 0.0563831 0.224966 9.9982E-05 0.212638 0.200995
9.9982E-05 0.0856976 0.119375 0.140674 0.340672 0.113043 0.0487297 0.09216 0.0594495 9.9982E-05
0.0284963 9.9973E-05 0.0226517 0.0690999 9.9973E-05 0.261934 9.9973E-05 0.139108 0.0830468 0.395364
0.0293386 0.0367327 9.9991E-05 0.0641754 0.124265 0.187766 0.144639 0.036021 0.313821 0.0631415
9.9973E-05 0.110155 0.0746684 9.9973E-05 0.243528 0.127759 0.317178 0.113519 0.0128932 9.9973E-05
0.0681282 0.584538 0.00700087 9.99549E-05 9.99549E-05 0.041785 9.99549E-05 9.99549E-05 0.298048 9.99549E-05
0.0426479 9.99731E-05 0.0647045 9.99731E-05 0.213841 9.99731E-05 0.123989 0.137083 0.263765 0.153669
0.0508197 0.149685 0.0412219 0.202805 0.191754 0.0704203 0.0218071 0.111366 0.00767983 0.152441
0.0396007 0.254812 9.9964E-05 9.9964E-05 0.164165 9.9964E-05 0.416113 0.0282211 9.9964E-05 0.0966886
0.00350319 0.0291207 0.0383315 0.928445 9.99459E-05 9.99459E-05 9.99459E-05 9.99459E-05 9.99459E-05 9.99459E-05
0.0140411 9.9964E-05 0.0377039 9.9964E-05 0.371328 9.9964E-05 0.298598 9.9964E-05 0.0138359 0.264094
0.00589492 9.9937E-05 0.0325965 9.9937E-05 9.9937E-05 9.9937E-05 9.9937E-05 9.9937E-05 0.960809 9.9937E-05
0.010848 0.0759803 9.9982E-05 0.0382498 9.9982E-05 0.0520741 0.0970741 0.250273 0.169921 0.30538
9.9937E-05 0.0389598 0.143333 9.9937E-05 9.9937E-05 9.9937E-05 9.9937E-05 9.9937E-05 0.817007 9.9937E-05
9.9982E-05 0.267876 0.0357553 0.0200282 0.127418 0.113059 9.9982E-05 0.0299758 0.359158 0.0465304
9.9955E-05 0.518822 0.0587106 9.9955E-05 9.9955E-05 9.9955E-05 0.340818 0.0477306 9.9955E-05 0.0334194
9.99461E-05 9.99461E-05 0.10006 9.99461E-05 0.415833 9.99461E-05 9.99461E-05 0.0857593 0.397748 9.99461E-05
0.102817 0.0277074 9.9964E-05 0.375523 0.0635552 9.9964E-05 9.9964E-05 9.9964E-05 0.171508 0.258489
9.99639E-05 0.0303166 9.99639E-05 0.193894 9.99639E-05 0.162327 0.148778 9.99639E-05 0.187972 0.276312
9.9973E-05 0.0900307 9.9973E-05 0.126579 0.0590012 9.9973E-05 0.0984189 0.0913199 0.199983 0.334367
9.99201E-05 9.99201E-05 9.99201E-05 0.999101 9.99201E-05 9.99201E-05 9.99201E-05 9.99201E-05 9.99201E-05 9.99201E-05
0.0431055 9.99729E-05 0.151434 9.99729E-05 9.99729E-05 0.136016 0.0185296 0.162707 0.188001 0.299907
0.0183733 9.99279E-05 0.980827 9.99279E-05 9.99279E-05 9.99279E-05 9.99279E-05 9.99279E-05 9.99279E-05 9.99279E-05
0.0367055 0.117424 0.101122 9.9973E-05 9.9973E-05 0.0286228 0.277934 0.0651456 9.9973E-05 0.372747
9.9973E-05 0.0988911 9.9973E-05 0.000362085 0.0328142 9.9973E-05 0.376758 0.140024 0.164128 0.186722
9.9982E-05 0.101355 0.0281011 9.9982E-05 0.30646 0.085356 0.0610621 0.155333 0.0798852 0.182247
0.0524247 0.254095 0.11649 9.9982E-05 0.0114218 0.250296 0.205409 0.0221574 0.0875066 9.9982E-05
0.0232666 9.9982E-05 0.0117862 0.0413479 0.211004 9.9982E-05 0.115785 0.272591 0.133814 0.190205
0.0296158 0.26876 9.9973E-05 9.9973E-05 0.00337664 0.292785 0.132045 0.0692435 9.9973E-05 0.203875
0.0509931 0.0132767 0.0604598 9.9982E-05 0.229794 0.0480684 9.9982E-05 0.0922073 0.460559 0.0444416
0.0542547 9.9964E-05 9.9964E-05 0.0271856 0.568508 0.0707291 9.9964E-05 9.9964E-05 0.154541 0.124381
9.9982E-05 9.9982E-05 0.0453173 0.0251847 0.178074 0.0651626 0.14322 0.163482 0.203618 0.175741
0.0106825 9.99639E-05 9.99639E-05 0.466231 0.094341 0.00403862 9.99639E-05 9.99639E-05 0.246103 0.178205
0.0399427 0.148628 0.0900277 0.0257109 0.146272 0.150964 9.9982E-05 0.0135813 0.384673 9.9982E-05
9.99201E-05 9.99201E-05 9.99201E-05 0.999101 9.99201E-05 9.99201E-05 9.99201E-05 9.99201E-05 9.99201E-05 9.99201E-05
9.9973E-05 0.0804126 0.146131 9.9973E-05 0.152239 9.9973E-05 0.0026925 0.120392 0.0702102 0.427623
0.0693976 0.512633 9.9955E-05 9.9955E-05 0.186688 0.212643 9.9955E-05 9.9955E-05 0.0181374 9.9955E-05
9.9946E-05 9.9946E-05 9.9946E-05 9.9946E-05 0.63897 0.0302568 0.00393443 9.9946E-05 0.326239 9.9946E-05
0.074683 0.198302 0.00337103 0.0200773 0.309908 9.9973E-05 0.00219203 9.9973E-05 9.9973E-05 0.391167
0.0687053 0.134561 0.0488949 9.9973E-05 0.528302 0.12271 0.0825621 9.9973E-05 0.0139661 9.9973E-05
0.0795657 9.9955E-05 9.9955E-05 0.427486 0.180004 9.9955E-05 9.9955E-05 9.9955E-05 0.124755 0.187689
0.0312437 0.00128492 9.9964E-05 0.0945782 0.738702 9.9964E-05 9.9964E-05 0.0513223 0.0824694 9.9964E-05
9.9946E-05 9.9946E-05 0.031252 9.9946E-05 9.9946E-05 9.9946E-05 9.9946E-05 0.197061 0.544768 0.226319
0.0330291 9.9973E-05 0.0449334 0.102063 0.395938 9.9973E-05 0.378157 9.9973E-05 0.00477847 0.0408006
0.00415565 9.99461E-05 9.99461E-05 9.99461E-05 9.99461E-05 9.99461E-05 9.99461E-05 0.206511 0.327876 0.460858
0.0388945 0.135476 9.9973E-05 9.9973E-05 0.0394741 9.9973E-05 0.178985 0.0400019 0.119074 0.447795
0.0216307 9.9982E-05 0.0573864 0.137187 0.0615924 0.201569 0.304555 9.9982E-05 0.213677 0.00220327
0.0265614 9.9964E-05 9.9964E-05 9.9964E-05 0.0943878 9.9964E-05 0.718598 0.00572455 0.0610541 0.0932743
9.9964E-05 0.198763 0.00214693 0.0811558 0.215792 9.9964E-05 9.9964E-05 0.0251867 9.9964E-05 0.476555
0.0367735 0.378439 9.9946E-05 9.9946E-05 0.406888 9.9946E-05 9.9946E-05 9.9946E-05 0.177299 9.9946E-05
0.0639664 9.9964E-05 9.9964E-05 0.0129338 0.304037 0.22035 0.0563743 9.9964E-05 0.341939 9.9964E-05
9.9973E-05 0.0291608 9.9973E-05 0.273844 9.9973E-05 0.142053 0.0764615 0.00613806 0.24933 0.222712
0.0483113 9.9973E-05 9.9973E-05 0.140427 0.246376 0.0025887 9.9973E-05 0.264953 0.179615 0.117429
9.9955E-05 0.120576 0.0706304 0.0267098 0.0798416 9.9955E-05 9.9955E-05 9.9955E-05 0.701742 9.9955E-05
0.0418931 9.9973E-05 0.13769 9.9973E-05 0.118215 0.0130688 0.133175 9.9973E-05 0.375141 0.180518
9.9946E-05 9.9946E-05 9.9946E-05 9.9946E-05 9.9946E-05 0.0174395 9.9946E-05 0.907886 0.0649004 0.00917475
9.99201E-05 9.99201E-05 9.99201E-05 9.99201E-05 9.99201E-05 9.99201E-05 9.99201E-05 0.999101 9.99201E-05 9.99201E-05
0.0519751 0.209469 0.0122826 0.0276777 0.348382 0.0511965 0.179142 0.0578173 0.0219763 0.0400817
9.9955E-05 9.9955E-05 0.0770806 9.9955E-05 9.9955E-05 0.290244 0.243661 9.9955E-05 0.180265 0.208249
0.0605824 0.0607315 0.0531831 9.9973E-05 0.36068 0.0840511 0.311623 9.9973E-05 0.0688489 9.9973E-05
0.0260879 9.9973E-05 0.0841217 9.9973E-05 9.9973E-05 0.0700478 0.0171216 0.153244 0.0656993 0.583377
9.9955E-05 9.9955E-05 0.102636 0.0688478 9.9955E-05 0.030436 0.114893 9.9955E-05 0.682687 9.9955E-05
9.9982E-05 0.132874 0.0211156 0.015055 0.308242 0.0471646 0.199161 0.0770189 9.9982E-05 0.199169
0.103737 9.9973E-05 0.0756803 0.10318 9.9973E-05 0.180594 0.117934 0.0363017 0.382274 9.9973E-05
0.0782692 0.0671405 9.9964E-05 0.583611 0.0767668 9.9964E-05 9.9964E-05 9.9964E-05 0.0719603 0.121852
9.9973E-05 0.318582 0.0770532 9.9973E-05 0.0591187 9.9973E-05 0.0337731 0.152891 0.25845 0.0998324
0.999101 9.99201E-05 9.99201E-05 9.99201E-05 9.99201E-05 9.99201E-05 9.99201E-05 9.99201E-05 9.99201E-05 9.99201E-05
0.0402723 0.342643 0.081646 9.9955E-05 0.215213 0.319725 9.9955E-05 9.9955E-05 9.9955E-05 9.9955E-05
0.0271941 0.209117 0.203826 9.9973E-05 9.9973E-05 0.232176 0.111275 0.0292001 0.186912 9.9973E-05
0.0276509 9.9946E-05 9.9946E-05 9.9946E-05 9.9946E-05 0.0142036 0.767772 9.9946E-05 9.9946E-05 0.189774
0.0430008 0.115103 0.173088 9.9964E-05 9.9964E-05 0.30122 0.293456 9.9964E-05 0.073733 9.9964E-05
0.118594 0.00110053 9.9991E-05 0.0537728 0.31651 0.174982 0.135392 0.10453 0.0859715 0.00904809
0.00569655 0.00462046 0.0316971 9.9982E-05 0.331357 0.273394 0.00873109 0.167069 9.9982E-05 0.177235
0.100293 0.0399214 9.9982E-05 9.9982E-05 0.0186357 0.070621 0.489557 0.0427775 0.209989 0.0280046
0.0795094 0.17839 0.0614005 0.135853 9.9982E-05 0.153692 9.9982E-05 0.157286 0.0961457 0.137523
0.0518842 0.0277445 9.9973E-05 9.9973E-05 0.247781 0.249982 0.29178 9.9973E-05 0.0760073 0.0545209
0.0331538 0.240706 0.0185577 0.0674977 0.045643 0.335272 9.9982E-05 0.0135557 0.245414 9.9982E-05
9.9946E-05 0.806209 9.9946E-05 0.0455524 9.9946E-05 9.9946E-05 9.9946E-05 0.0668123 0.0808264 9.9946E-05
0.0839876 0.0730702 0.0370692 0.0571705 0.184603 0.126274 0.0346577 0.0173178 0.368547 0.0173034
0.0436763 0.112076 9.9964E-05 0.0152699 9.9964E-05 0.189015 9.9964E-05 9.9964E-05 0.227881 0.411682
0.999101 9.99201E-05 9.99201E-05 9.99201E-05 9.99201E-05 9.99201E-05 9.99201E-05 9.99201E-05 9.99201E-05 9.99201E-05
0.384721 9.99549E-05 9.99549E-05 9.99549E-05 0.0387806 9.99549E-05 9.99549E-05 0.153302 0.148266 0.27443
9.9955E-05 0.0822854 0.00546183 9.9955E-05 0.341449 0.125445 9.9955E-05 0.444859 9.9955E-05 9.9955E-05
0.0299104 0.215192 0.0119944 0.0246887 0.0438931 0.067267 0.263414 0.161641 0.166271 0.0157286
0.0632561 0.508289 9.9955E-05 9.9955E-05 0.0680866 0.132273 0.227595 9.9955E-05 9.9955E-05 9.9955E-05
0.0370826 0.132434 0.0177237 9.9991E-05 0.113444 0.185068 0.160848 0.010534 0.178862 0.163904
0.00799674 0.154299 0.162726 9.9973E-05 0.0383516 9.9973E-05 9.9973E-05 0.243841 0.219384 0.173102
9.99201E-05 9.99201E-05 9.99201E-05 9.99201E-05 9.99201E-05 9.99201E-05 9.99201E-05 0.999101 9.99201E-05 9.99201E-05
0.0915277 0.178123 9.9982E-05 0.0334407 0.146807 0.245464 9.9982E-05 0.0200191 0.0715708 0.212848
9.9973E-05 9.9973E-05 9.9973E-05 0.0194657 0.203957 0.209557 0.0516622 0.283389 0.0385223 0.193147
0.0619506 0.0278132 0.139399 0.159929 9.9982E-05 9.9982E-05 0.152914 0.225682 0.148677 0.0834352
0.119874 0.14517 9.9964E-05 0.0481889 9.9964E-05 0.127663 9.9964E-05 0.168269 0.390435 9.9964E-05
0.00607925 0.0159948 0.039465 9.9964E-05 0.221942 9.9964E-05 9.9964E-05 0.7109 9.9964E-05 0.00521851
0.0819765 0.146701 9.9973E-05 9.9973E-05 0.322718 0.136629 0.030001 0.0517931 0.229882 9.9973E-05
9.9964E-05 9.9964E-05 0.0504119 9.9964E-05 0.213532 0.111708 0.333535 0.0925643 0.197849 9.9964E-05
0.0116779 0.0497343 0.00984856 9.9973E-05 0.131194 9.9973E-05 9.9973E-05 0.0303385 0.385703 0.381203
9.9964E-05 0.0492555 0.0755426 9.9964E-05 0.156314 9.9964E-05 0.419857 0.10689 0.191742 9.9964E-05
9.99459E-05 9.99459E-05 0.924831 0.0442763 9.99459E-05 0.0143124 9.99459E-05 0.0159806 9.99459E-05 9.99459E-05
9.9973E-05 0.0131887 0.120145 0.080256 0.429948 0.170019 0.111428 0.074716 9.9973E-05 9.9973E-05
9.9928E-05 9.9928E-05 9.9928E-05 0.149085 9.9928E-05 9.9928E-05 9.9928E-05 9.9928E-05 9.9928E-05 0.850115
0.12641 0.0305818 9.9964E-05 0.0590683 9.9964E-05 0.0895763 0.332691 9.9964E-05 9.9964E-05 0.361272
0.0409175 0.344882 0.0557062 9.9973E-05 9.9973E-05 0.0677975 0.0955704 0.386139 9.9973E-05 0.00868771
9.9964E-05 0.359242 9.9964E-05 0.136811 0.174795 0.00837025 9.9964E-05 9.9964E-05 0.264466 0.055915
9.9982E-05 0.37316 0.0303798 0.0173822 0.102267 9.9982E-05 0.0389571 0.000389879 0.207067 0.230197
9.99201E-05 9.99201E-05 0.999101 9.99201E-05 9.99201E-05 9.99201E-05 9.99201E-05 9.99201E-05 9.99201E-05 9.99201E-05
0.0774532 9.9955E-05 9.9955E-05 9.9955E-05 0.23867 9.9955E-05 0.0494051 0.010487 0.623485 9.9955E-05
0.0432803 0.258225 0.188254 0.0386247 9.9973E-05 0.0836663 9.9973E-05 0.171513 9.9973E-05 0.216136
0.0274096 0.100942 0.0178943 9.99729E-05 9.99729E-05 0.180434 0.30081 9.99729E-05 0.370368 0.00184241
9.9955E-05 0.301655 9.9955E-05 0.0165737 0.257881 9.9955E-05 0.132473 0.290916 9.9955E-05 9.9955E-05
