9.9955E-05 9.9955E-05 0.798752 9.9955E-05 0.0319296 9.9955E-05 0.0217701 0.140943 9.9955E-05 0.00610542
0.0145222 0.0378371 0.125399 0.0734936 0.0612249 0.145095 0.187634 9.9991E-05 0.167483 0.18721
0.0254738 0.0169665 0.093009 0.0553399 0.0346538 0.0797725 0.0662093 0.0576576 0.429215 0.141702
0.0428096 9.9973E-05 0.146624 0.105225 0.0822971 0.160804 0.331962 9.9973E-05 9.9973E-05 0.129978
0.0474507 0.174888 9.9982E-05 9.9982E-05 0.0617085 0.0157314 0.0333305 0.0672988 0.591071 0.0083206
0.0212973 0.164809 9.9964E-05 9.9964E-05 0.060169 0.0428323 0.383928 9.9964E-05 0.326565 9.9964E-05
0.0952661 9.99459E-05 0.42355 9.99459E-05 9.99459E-05 9.99459E-05 9.99459E-05 0.164497 0.316087 9.99459E-05
0.0638178 0.0672899 0.248287 0.0657385 0.0232699 9.9982E-05 0.275486 9.9982E-05 0.0712907 0.184621
0.044449 0.00429001 0.140395 0.0704305 0.00905976 0.589112 9.9991E-05 0.0807285 0.054242 0.00719339
0.101094 0.0126044 0.171908 0.0928173 0.168954 0.220978 9.99729E-05 0.231345 9.99729E-05 9.99729E-05
9.9973E-05 0.373048 9.9973E-05 0.00955197 0.179953 0.0592207 9.9973E-05 0.175724 0.144556 0.057647
0.0481175 0.0811492 9.99639E-05 0.0720218 9.99639E-05 0.590123 9.99639E-05 0.0799268 0.128262 9.99639E-05
0.0939053 0.221932 9.9982E-05 0.0252731 0.0136749 0.0183657 0.0824467 0.157425 0.386777 9.9982E-05
0.0578189 0.0939709 0.349723 0.081951 0.0997745 0.171911 9.9982E-05 9.9982E-05 0.107861 0.0367897
9.99279E-05 0.908715 9.99279E-05 9.99279E-05 9.99279E-05 9.99279E-05 9.99279E-05 9.99279E-05 9.99279E-05 0.0904852
0.0866085 0.198474 0.0867987 0.02967 0.0093834 0.0638353 0.0192163 9.9991E-05 0.0088081 0.497106
9.9937E-05 0.910186 9.9937E-05 0.0124365 0.0766775 9.9937E-05 9.9937E-05 9.9937E-05 9.9937E-05 9.9937E-05
0.114673 0.103589 0.217257 0.151148 0.0550094 9.9982E-05 0.251931 9.9982E-05 0.0747968 0.0313968
0.020382 0.236121 0.121098 9.9973E-05 9.9973E-05 0.0161514 0.364986 0.210195 9.9973E-05 0.0307673
0.0194627 9.9982E-05 0.120729 0.063444 0.0710908 9.9982E-05 0.397638 0.0247488 0.197139 0.105548
0.0998741 0.201817 0.331778 9.9991E-05 0.0173691 0.13358 0.0131117 0.0772361 0.118328 0.00680598
0.014709 0.253409 0.0683563 9.9973E-05 9.9973E-05 0.0068996 0.436419 0.140926 9.9973E-05 0.0789816
0.0958864 0.170942 0.106167 0.0184487 9.9991E-05 0.138459 0.243217 0.0976257 0.0686844 0.0604693
0.0460414 0.0197995 0.0401831 0.255478 9.9973E-05 9.9973E-05 0.076076 9.9973E-05 0.509722 0.0524006
0.0473453 0.568905 9.9946E-05 9.9946E-05 0.241764 9.9946E-05 9.9946E-05 0.141386 9.9946E-05 9.9946E-05
9.9964E-05 0.292589 0.488291 0.0639491 0.000747159 0.104819 9.9964E-05 9.9964E-05 9.9964E-05 0.0492045
0.0539132 0.0480234 0.00971088 0.0441895 0.0973311 0.0152919 0.345908 0.303772 9.9991E-05 0.0817602
0.0579443 0.225715 0.341143 0.0806709 0.126386 9.9964E-05 9.9964E-05 9.9964E-05 0.167741 9.9964E-05
9.9964E-05 0.302793 0.0251124 0.140463 9.9964E-05 9.9964E-05 0.148439 9.9964E-05 0.372592 0.0101993
0.00134694 0.0267447 0.0453557 0.563394 0.0278874 0.0524904 9.9982E-05 9.9982E-05 0.130575 0.152006
9.9973E-05 0.432588 9.9973E-05 9.9973E-05 0.0484665 0.130119 0.0222779 0.124589 0.216897 0.0247614
0.00804541 9.9973E-05 0.18954 0.0343539 0.0133983 0.0355824 0.0286367 0.690144 9.9973E-05 9.9973E-05
0.0142858 0.170375 0.0231912 0.0974567 9.9973E-05 0.199964 0.275761 9.9973E-05 0.218667 9.9973E-05
0.0342847 0.16987 0.11745 9.99729E-05 0.0337815 9.99729E-05 0.0118045 9.99729E-05 0.540957 0.0915518
0.0727408 0.267133 0.150958 9.9973E-05 0.0834028 0.101615 9.9973E-05 0.0161775 0.307673 9.9973E-05
0.0092191 9.9928E-05 0.989981 9.9928E-05 9.9928E-05 9.9928E-05 9.9928E-05 9.9928E-05 9.9928E-05 9.9928E-05
0.00580612 9.9955E-05 0.0384397 9.9955E-05 0.11953 9.9955E-05 0.464351 9.9955E-05 0.371374 9.9955E-05
9.9946E-05 0.34113 0.23906 9.9946E-05 0.0691466 9.9946E-05 9.9946E-05 0.350063 9.9946E-05 9.9946E-05
9.9964E-05 0.151525 9.9964E-05 0.0923779 0.0582874 0.265105 0.416068 9.9964E-05 9.9964E-05 0.0162368
0.0883887 0.183798 9.9982E-05 9.9982E-05 0.0297033 0.11828 0.245039 0.0421463 0.199623 0.0928223
0.0156752 0.0373751 9.9973E-05 0.0402859 9.9973E-05 9.9973E-05 0.323173 0.488827 0.0439833 0.0503804
0.0105476 0.0385677 0.180568 0.0524625 0.0522214 9.9982E-05 0.405678 9.9982E-05 0.198253 0.0615021
0.0441585 9.9973E-05 0.0679399 0.0241446 0.0258467 0.0768458 0.686291 9.9973E-05 9.9973E-05 0.0744735
9.9955E-05 9.9955E-05 0.254722 0.0261597 9.9955E-05 0.0284772 9.9955E-05 0.354482 0.335659 9.9955E-05
0.0742708 9.9973E-05 0.151466 0.0382339 0.00683813 0.0917184 9.9973E-05 0.57361 9.9973E-05 0.0635629
9.9964E-05 0.0739635 0.0906031 9.9964E-05 0.121472 9.9964E-05 0.377139 0.10755 0.228872 9.9964E-05
9.9982E-05 0.169345 0.125916 0.106119 9.9982E-05 0.156884 0.0717763 0.0994367 0.206526 0.0637961
9.9955E-05 9.9955E-05 9.9955E-05 0.0167686 9.9955E-05 0.283192 0.581291 0.0701724 9.9955E-05 0.0480766
0.0364849 0.133982 9.9964E-05 0.0460568 9.9964E-05 9.9964E-05 9.9964E-05 0.527503 0.180734 0.0748386
0.00493594 0.190254 9.9964E-05 0.152918 9.9964E-05 0.499214 0.0370183 9.9964E-05 9.9964E-05 0.11526
0.0674742 0.370162 0.191323 0.101832 0.0446287 0.0930441 9.9973E-05 0.131236 9.9973E-05 9.9973E-05
0.0954874 9.9973E-05 0.0313527 0.0265168 9.9973E-05 0.267037 0.309599 0.175891 9.9973E-05 0.0938162
0.0288881 9.9973E-05 0.10096 0.0370598 0.07186 0.228149 0.111018 9.9973E-05 9.9973E-05 0.421766
0.0720607 9.9982E-05 0.00153737 0.117999 0.196381 0.0444683 0.187104 9.9982E-05 0.182774 0.197475
9.9946E-05 9.9946E-05 9.9946E-05 0.0369664 9.9946E-05 9.9946E-05 0.0285048 0.791622 9.9946E-05 0.142307
0.0418412 0.149826 0.0298547 0.00539448 0.00372562 0.106778 0.655197 9.9982E-05 0.00718347 9.9982E-05
0.0252169 9.99461E-05 9.99461E-05 9.99461E-05 9.99461E-05 0.091613 9.99461E-05 0.864162 9.99461E-05 0.0184085
0.0622044 9.9955E-05 9.9955E-05 9.9955E-05 0.0432093 9.9955E-05 0.320823 0.531716 0.0415468 9.9955E-05
0.000324914 0.128422 9.99729E-05 9.99729E-05 0.0787876 0.252626 0.254527 0.0581829 9.99729E-05 0.226829
0.0821113 9.9973E-05 0.173171 9.9973E-05 0.0660781 0.0941542 0.024782 0.42624 0.133163 9.9973E-05
9.9937E-05 9.9937E-05 0.011776 9.9937E-05 9.9937E-05 0.0686283 9.9937E-05 9.9937E-05 0.918896 9.9937E-05
0.0784303 0.382049 0.0440089 0.00186044 0.048252 0.0125037 0.284401 9.9991E-05 0.0538572 0.0945367
0.000774553 0.368546 9.9964E-05 0.0227471 9.9964E-05 0.206415 0.363609 9.9964E-05 0.0375082 9.9964E-05
0.081507 9.9937E-05 9.9937E-05 0.859896 9.9937E-05 9.9937E-05 0.0578969 9.9937E-05 9.9937E-05 9.9937E-05
9.9964E-05 0.0435498 0.405025 9.9964E-05 0.110457 0.0684239 9.9964E-05 9.9964E-05 0.308126 0.0640193
0.00828833 9.9955E-05 0.926277 9.9955E-05 0.00291665 9.9955E-05 0.0360712 9.9955E-05 9.9955E-05 0.0259468
0.00742201 9.9955E-05 0.312223 9.9955E-05 0.0778239 9.9955E-05 0.445151 0.15688 9.9955E-05 9.9955E-05
0.0216149 0.243167 9.9955E-05 9.9955E-05 9.9955E-05 9.9955E-05 0.520965 0.136173 9.9955E-05 0.0775799
9.9964E-05 0.419422 0.195026 0.00908592 9.9964E-05 9.9964E-05 0.194337 0.0478383 0.13389 9.9964E-05
0.0653725 9.99729E-05 9.99729E-05 0.129752 0.0798722 0.0745137 9.99729E-05 0.0413868 0.389213 0.21959
0.0385222 9.9964E-05 9.9964E-05 0.0392994 0.106057 9.9964E-05 0.00535536 0.399483 0.410883 9.9964E-05
0.0453818 0.394525 0.201909 0.00937399 9.9973E-05 0.00934022 0.20117 9.9973E-05 9.9973E-05 0.138
0.129963 0.373792 0.0718183 0.0100843 0.0164724 0.0602247 9.9982E-05 9.9982E-05 0.277723 0.0597228
9.9982E-05 0.291568 9.9982E-05 0.111724 0.032656 0.0620684 0.020395 0.0494197 0.354581 0.0773878
0.00262355 0.12837 0.115135 0.138313 0.142671 9.9982E-05 9.9982E-05 0.230597 0.203624 0.038466
0.00909048 0.0263366 9.9982E-05 0.00312344 0.0857741 0.325301 9.9982E-05 0.240222 0.0801167 0.229836
0.0847852 9.9973E-05 9.9973E-05 0.0374523 0.0281893 0.0581888 0.248253 0.108994 0.433838 9.9973E-05
9.99369E-05 9.99369E-05 9.99369E-05 9.99369E-05 0.029438 9.99369E-05 9.99369E-05 9.99369E-05 0.884315 0.085547
9.9937E-05 0.0186131 9.9937E-05 9.9937E-05 9.9937E-05 0.0584058 9.9937E-05 9.9937E-05 0.922282 9.9937E-05
0.0437699 9.9955E-05 0.0134658 0.107453 9.9955E-05 9.9955E-05 9.9955E-05 9.9955E-05 0.819533 0.0152784
0.110255 0.0243079 0.153229 0.0622255 0.0272644 0.0148729 0.234939 0.0676397 0.205787 0.0994795
0.0373551 0.211617 0.158888 9.9982E-05 0.0281792 0.187215 0.23763 0.00411163 0.134804 9.9982E-05
0.0488415 9.9982E-05 9.9982E-05 0.152075 0.04581 0.142537 0.0599989 0.389989 0.127386 0.0331633
9.9964E-05 0.245006 9.9964E-05 0.0378344 0.0821103 0.373584 0.108504 9.9964E-05 9.9964E-05 0.152562
0.035135 9.99551E-05 9.99551E-05 0.0182746 9.99551E-05 9.99551E-05 0.851266 0.0486123 0.0462125 9.99551E-05
0.016353 9.9982E-05 0.210843 9.9982E-05 0.0681474 0.0424603 0.0402893 0.417269 0.156392 0.0480464
0.00791548 0.0414104 0.707424 0.0465327 9.99549E-05 9.99549E-05 0.196218 9.99549E-05 9.99549E-05 9.99549E-05
0.0626782 9.99371E-05 9.99371E-05 9.99371E-05 0.073771 0.862851 9.99371E-05 9.99371E-05 9.99371E-05 9.99371E-05
0.0460714 0.26849 0.253515 0.173417 0.108679 9.998E-05 9.998E-05 0.019236 0.0290752 0.101317
0.140914 9.9946E-05 0.232647 9.9946E-05 9.9946E-05 0.316376 9.9946E-05 0.309464 9.9946E-05 9.9946E-05
9.9928E-05 9.9928E-05 9.9928E-05 0.982561 9.9928E-05 9.9928E-05 9.9928E-05 9.9928E-05 0.0166392 9.9928E-05
0.0298948 0.191517 0.0608349 9.9973E-05 0.0842451 9.9973E-05 9.9973E-05 0.320163 0.283057 0.0299881
0.0872052 0.0563638 0.0551995 9.9946E-05 9.9946E-05 9.9946E-05 0.800632 9.9946E-05 9.9946E-05 9.9946E-05
0.0607281 0.459309 0.0304262 9.9964E-05 9.9964E-05 9.9964E-05 0.00513789 9.9964E-05 0.276022 0.167977
9.9937E-05 9.9937E-05 9.9937E-05 9.9937E-05 0.0513052 9.9937E-05 0.916807 9.9937E-05 9.9937E-05 0.0311879
9.9982E-05 0.100205 0.0180632 0.0226453 0.0426055 0.10732 0.518246 9.9982E-05 0.109877 0.0808381
9.99461E-05 9.99461E-05 0.176108 9.99461E-05 9.99461E-05 9.99461E-05 9.99461E-05 0.554959 0.167875 0.100458
0.0625597 0.103885 0.0267125 0.0176697 0.0774574 9.9973E-05 0.357496 0.353919 9.9973E-05 9.9973E-05
0.176277 0.158865 0.0271451 0.362168 9.9973E-05 0.0930298 9.9973E-05 9.9973E-05 0.169569 0.0126476
9.9982E-05 0.419158 0.0217467 0.2438 9.9982E-05 0.0213065 0.162525 0.111851 0.0166728 0.00274072
0.0559871 0.310884 0.272614 0.0856875 9.9982E-05 0.0587778 0.062423 0.122995 0.0304318 9.9982E-05
9.99201E-05 9.99201E-05 9.99201E-05 0.999101 9.99201E-05 9.99201E-05 9.99201E-05 9.99201E-05 9.99201E-05 9.99201E-05
0.00431436 0.360465 9.9982E-05 0.109142 0.121584 9.9982E-05 0.216014 0.0181419 0.052293 0.117846
0.0289132 9.99369E-05 0.0347739 9.99369E-05 0.935613 9.99369E-05 9.99369E-05 9.99369E-05 9.99369E-05 9.99369E-05
0.066063 0.0216958 0.187238 0.107262 0.0602278 0.42068 9.9973E-05 9.9973E-05 9.9973E-05 0.136534
9.9964E-05 0.235686 0.070087 9.9964E-05 9.9964E-05 0.188812 0.188993 0.1325 9.9964E-05 0.183521
9.9982E-05 0.196258 0.175893 9.9982E-05 0.000146382 0.249876 0.0513614 0.097868 0.079285 0.149112
0.0906833 9.997E-05 0.325858 0.0900652 0.0237648 9.997E-05 0.220871 0.0797089 9.997E-05 0.168748
9.9964E-05 0.270469 9.9964E-05 0.104384 9.9964E-05 9.9964E-05 0.277784 0.195311 0.102168 0.0494836
0.0536156 0.30126 0.176139 0.0145948 0.00185918 9.999E-05 0.149055 0.166641 0.132384 0.0043521
9.9937E-05 0.174264 9.9937E-05 9.9937E-05 0.115318 9.9937E-05 0.709719 9.9937E-05 9.9937E-05 9.9937E-05
0.0760798 0.057978 9.9973E-05 0.0843336 0.0160176 0.27183 9.9973E-05 0.437951 0.0555101 9.9973E-05
9.9982E-05 0.0237866 9.9982E-05 0.0999593 0.0221446 0.179557 0.305277 0.0855835 0.0901904 0.193302
0.11208 0.199813 0.101222 0.372869 0.0579108 0.0143756 0.125985 9.9982E-05 0.0155446 9.9982E-05
0.0308314 9.99729E-05 0.136531 0.102409 0.117574 9.99729E-05 0.201367 9.99729E-05 0.31809 0.092898
9.9937E-05 9.9937E-05 9.9937E-05 0.955111 9.9937E-05 0.0216372 9.9937E-05 0.0225522 9.9937E-05 9.9937E-05
9.996E-05 0.40601 0.200275 9.996E-05 0.128861 0.0478312 9.996E-05 0.15018 9.996E-05 0.0664434
0.0528887 9.9964E-05 0.663762 9.9964E-05 9.9964E-05 9.9964E-05 0.0262855 0.0660002 0.152436 0.0382283
9.9955E-05 9.9955E-05 9.9955E-05 0.0662959 9.9955E-05 0.118506 0.393137 0.222769 0.198793 9.9955E-05
0.0980164 0.304985 0.179738 0.0312115 0.0710978 0.180787 9.997E-05 0.133864 9.997E-05 9.997E-05
0.0869439 9.9973E-05 0.411661 0.0469829 0.00672532 9.9973E-05 0.283878 9.9973E-05 0.160071 0.00343861
0.147656 0.238218 0.0487793 0.375717 0.00825387 9.9973E-05 0.0945623 9.9973E-05 0.0865141 9.9973E-05
0.0871451 0.0490652 0.0776953 0.168427 0.0163304 9.9991E-05 0.131209 0.053391 0.40062 0.0160177
9.9964E-05 0.0844091 9.9964E-05 9.9964E-05 0.0738963 0.296683 0.0386808 9.9964E-05 0.159938 0.345993
0.120125 0.191237 9.99459E-05 9.99459E-05 9.99459E-05 9.99459E-05 0.0759776 0.612061 9.99459E-05 9.99459E-05
0.00963701 0.417125 9.99461E-05 9.99461E-05 9.99461E-05 0.134709 9.99461E-05 9.99461E-05 0.437929 9.99461E-05
0.0854127 0.290386 9.9964E-05 9.9964E-05 9.9964E-05 0.0828439 0.235057 0.235062 9.9964E-05 0.0708381
0.0195772 0.0484752 9.998E-05 0.131801 0.0149164 0.0920262 0.316568 0.260368 9.998E-05 0.116068
0.0151926 9.99549E-05 0.00506702 9.99549E-05 9.99549E-05 0.791737 0.134024 9.99549E-05 9.99549E-05 0.0534799
9.9946E-05 0.436343 0.147303 0.0252171 9.9946E-05 9.9946E-05 9.9946E-05 0.390537 9.9946E-05 9.9946E-05
9.9955E-05 0.15557 0.611882 0.0138267 9.9955E-05 0.176589 0.0416319 9.9955E-05 9.9955E-05 9.9955E-05
0.0717182 9.9964E-05 9.9964E-05 0.0295416 9.9964E-05 9.9964E-05 0.70618 0.0315687 0.12265 0.0379417
0.00184198 9.995E-05 0.0512319 0.216777 9.995E-05 0.153717 9.995E-05 9.995E-05 0.575932 9.995E-05
0.0692772 0.157245 9.999E-05 0.1077 0.0270692 0.0920989 0.368832 0.0878683 0.00659658 0.0832134
0.0336285 0.00519334 0.162337 0.02769 0.0486833 0.313561 0.301235 0.107472 9.9982E-05 9.9982E-05
0.110875 0.246289 0.00232013 9.9964E-05 9.9964E-05 0.29667 9.9964E-05 0.14991 0.193536 9.9964E-05
9.99279E-05 9.99279E-05 9.99279E-05 9.99279E-05 9.99279E-05 0.0865099 9.99279E-05 9.99279E-05 9.99279E-05 0.912691
0.00246154 9.99279E-05 9.99279E-05 9.99279E-05 9.99279E-05 9.99279E-05 9.99279E-05 9.99279E-05 9.99279E-05 0.996739
0.0577444 9.9973E-05 0.183266 0.0441263 9.9973E-05 0.0976886 9.9973E-05 0.254638 0.299659 0.0625774
0.0260417 0.04743 0.104237 0.00427134 0.0620152 0.121112 9.9982E-05 0.110141 0.524552 9.9982E-05
0.0919636 9.9964E-05 9.9964E-05 9.9964E-05 0.0611688 0.140355 0.157148 0.129643 0.419321 9.9964E-05
0.015766 0.499163 9.9982E-05 9.9982E-05 0.0940478 0.00865852 0.141031 0.0415041 0.0572162 0.142414
9.997E-05 0.0753867 9.997E-05 0.0515035 0.0330421 0.192126 0.208537 0.344271 0.0948338 9.997E-05
0.061721 0.0407465 0.269181 0.00289265 9.99639E-05 0.215814 9.99639E-05 0.409245 9.99639E-05 9.99639E-05
0.0596349 9.9973E-05 0.0287227 0.0428576 0.0565409 9.9973E-05 0.678987 0.024312 9.9973E-05 0.108645
0.0649064 9.99549E-05 0.186882 0.345752 9.99549E-05 9.99549E-05 0.178776 9.99549E-05 0.223185 9.99549E-05
0.04115 0.113279 0.078041 9.9982E-05 0.0691696 9.9982E-05 0.0976183 0.152012 0.352315 0.0962146
0.999101 9.99201E-05 9.99201E-05 9.99201E-05 9.99201E-05 9.99201E-05 9.99201E-05 9.99201E-05 9.99201E-05 9.99201E-05
0.0292524 9.9946E-05 0.536352 9.9946E-05 0.0839705 9.9946E-05 9.9946E-05 9.9946E-05 0.349825 9.9946E-05
9.9946E-05 9.9946E-05 0.0147732 9.9946E-05 0.16818 9.9946E-05 0.664111 9.9946E-05 9.9946E-05 0.152336
9.9928E-05 9.9928E-05 9.9928E-05 9.9928E-05 0.0409327 0.958268 9.9928E-05 9.9928E-05 9.9928E-05 9.9928E-05
0.105926 0.168134 0.0645786 9.9991E-05 0.18012 0.028261 0.14099 0.0387866 0.169131 0.103973
0.0752743 9.9982E-05 0.0396304 0.0823753 0.0299939 0.251236 9.9982E-05 0.0461044 0.351921 0.123265
0.071467 9.9964E-05 9.9964E-05 0.0409234 9.9964E-05 9.9964E-05 0.0442824 0.310242 0.302603 0.230083
0.0297335 0.0216322 0.0817573 0.0476904 9.9964E-05 0.585284 9.9964E-05 9.9964E-05 0.233502 9.9964E-05
0.0307065 0.210991 0.123535 0.122742 0.0719998 0.0542695 9.998E-05 9.998E-05 0.180647 0.204909
0.0919648 9.99639E-05 0.180489 9.99639E-05 9.99639E-05 0.0742632 0.125714 0.325182 0.201987 9.99639E-05
0.024045 0.130268 0.147504 9.9982E-05 0.0791572 0.154723 9.9982E-05 0.0514452 0.301899 0.110759
9.9946E-05 9.9946E-05 0.848912 0.112207 9.9946E-05 9.9946E-05 0.00254534 9.9946E-05 9.9946E-05 0.0357364
0.0188354 0.140136 0.184805 0.108579 0.00548796 9.9991E-05 0.296943 0.195088 0.0179068 0.0321188
0.0702186 0.492544 0.193568 9.9955E-05 0.00866425 9.9955E-05 9.9955E-05 9.9955E-05 0.234506 9.9955E-05
0.999101 9.99201E-05 9.99201E-05 9.99201E-05 9.99201E-05 9.99201E-05 9.99201E-05 9.99201E-05 9.99201E-05 9.99201E-05
0.319823 0.303903 0.092801 9.9973E-05 0.0120025 0.190018 9.9973E-05 9.9973E-05 0.0298163 0.0513359
9.9973E-05 9.9973E-05 0.00330893 0.0242449 0.0357356 9.9973E-05 0.221228 0.107937 0.267254 0.339991
0.11136 9.9991E-05 0.073765 0.0866344 0.0787407 0.0209065 0.0964503 0.293403 0.155495 0.0831456
0.080449 9.99371E-05 0.889415 9.99371E-05 0.0294364 9.99371E-05 9.99371E-05 9.99371E-05 9.99371E-05 9.99371E-05
0.0099839 0.140027 0.153972 9.99819E-05 9.99819E-05 0.252931 0.150386 0.216786 0.0341616 0.0415529
0.0403086 0.0755401 9.997E-05 9.997E-05 0.134847 0.196283 0.199922 9.997E-05 0.32868 0.0241192
9.99201E-05 9.99201E-05 9.99201E-05 9.99201E-05 9.99201E-05 9.99201E-05 9.99201E-05 9.99201E-05 9.99201E-05 0.999101
0.096715 0.186304 0.228679 0.0266419 9.9973E-05 0.0374381 9.9973E-05 9.9973E-05 0.392229 0.031694
9.99639E-05 0.230338 9.99639E-05 9.99639E-05 9.99639E-05 0.239803 0.0726575 0.205627 0.104937 0.146238
0.0617341 0.0197554 9.9973E-05 0.081265 0.105329 0.569027 0.00540519 9.9973E-05 9.9973E-05 0.157185
0.0626719 0.133262 0.104901 0.0684668 0.0296159 0.0973849 0.442374 9.998E-05 9.998E-05 0.061124
0.0501276 9.9964E-05 0.0855547 9.9964E-05 0.0368669 9.9964E-05 9.9964E-05 0.376318 0.128446 0.322286
0.0163094 0.224324 0.253623 9.997E-05 9.997E-05 0.0167712 0.355828 0.0364486 0.0963959 9.997E-05
9.9964E-05 9.9964E-05 9.9964E-05 0.0101335 0.11392 0.0476546 0.437583 0.111205 0.279103 9.9964E-05
0.0406472 0.334177 9.9973E-05 9.9973E-05 0.00723976 0.162497 0.313062 9.9973E-05 0.0985693 0.0435074
9.9955E-05 9.9955E-05 0.120576 0.00812892 0.0907758 0.689733 9.9955E-05 9.9955E-05 9.9955E-05 0.090286
9.9937E-05 0.0319116 9.9937E-05 0.00305456 0.964334 9.9937E-05 9.9937E-05 9.9937E-05 9.9937E-05 9.9937E-05
9.9946E-05 9.9946E-05 9.9946E-05 0.0820129 9.9946E-05 9.9946E-05 9.9946E-05 0.510701 0.367076 0.0396107
9.99279E-05 0.952011 9.99279E-05 0.0471898 9.99279E-05 9.99279E-05 9.99279E-05 9.99279E-05 9.99279E-05 9.99279E-05
0.129127 0.425607 0.184392 9.9955E-05 9.9955E-05 9.9955E-05 9.9955E-05 0.225385 0.0349893 9.9955E-05
0.061087 0.00872406 0.297925 9.9973E-05 0.0341427 9.9973E-05 9.9973E-05 0.236386 0.100773 0.260662
9.9955E-05 9.9955E-05 0.226539 0.173694 9.9955E-05 0.344442 0.157073 9.9955E-05 9.9955E-05 0.0977532
9.9973E-05 0.0512619 0.235784 0.00258035 0.0182724 0.481692 9.9973E-05 9.9973E-05 0.013559 0.19655
9.99201E-05 9.99201E-05 9.99201E-05 9.99201E-05 0.999101 9.99201E-05 9.99201E-05 9.99201E-05 9.99201E-05 9.99201E-05
0.0471942 0.0802893 0.0567891 0.0213227 9.9982E-05 0.159128 0.551589 0.0818073 0.00168075 9.9982E-05
0.0453392 0.347944 0.246163 0.0775164 0.146263 9.9973E-05 9.9973E-05 9.9973E-05 0.105904 0.0305707
9.9973E-05 9.9973E-05 0.153413 9.9973E-05 0.000676812 0.110662 0.442994 0.0745303 0.17027 0.0471543
0.0143758 9.9964E-05 0.105213 9.9964E-05 9.9964E-05 0.198576 9.9964E-05 0.325367 0.185432 0.170636
