0.0703013 9.9991E-05 0.189218 0.632822 0.107559
0.00242129 9.9991E-05 0.533385 0.349135 0.114959
9.99821E-05 0.232147 9.99821E-05 0.421621 0.346032
0.00980103 0.0805898 0.237959 0.300069 0.371582
0.392544 9.9991E-05 0.0482218 0.238306 0.320828
0.10555 0.181389 9.9991E-05 0.484691 0.22827
0.481784 9.99822E-05 9.99822E-05 0.43268 0.0853364
0.0499703 9.99821E-05 9.99821E-05 0.937636 0.0121938
9.99821E-05 0.154155 0.748846 9.99821E-05 0.0967987
0.355681 0.512316 0.036131 0.0957713 9.9991E-05
0.194965 0.486262 0.186305 0.000996341 0.131472
0.134339 9.99911E-05 0.482497 0.236112 0.146952
0.0901841 9.9991E-05 0.397424 0.204777 0.307515
0.38881 9.9991E-05 0.00769243 0.408762 0.194635
0.132633 0.0235821 0.72017 0.123515 9.99911E-05
0.311808 9.99911E-05 0.00945775 0.385348 0.293286
9.99821E-05 9.99821E-05 0.473712 0.399286 0.126802
0.569056 0.306985 9.99821E-05 9.99821E-05 0.123759
9.99821E-05 0.0253017 0.769444 0.205055 9.99821E-05
0.0386823 9.99821E-05 9.99821E-05 0.690008 0.27111
0.443302 0.556398 9.99731E-05 9.99731E-05 9.99731E-05
9.999E-05 0.0161932 0.667908 0.069222 0.246577
0.102055 0.0225013 0.0662496 0.356462 0.452733
0.0654585 9.99732E-05 9.99732E-05 9.99732E-05 0.934242
0.200306 0.320329 9.99821E-05 9.99821E-05 0.479165
9.9982E-05 9.9982E-05 0.0882499 0.471833 0.439717
0.265863 0.0731115 0.543504 9.9991E-05 0.117421
0.0586593 0.0979519 0.555216 0.288073 9.99911E-05
9.9982E-05 0.261858 0.0808676 0.657074 9.9982E-05
9.99821E-05 0.045018 0.142834 9.99821E-05 0.811948
0.424654 0.299616 0.0829458 0.192684 9.99911E-05
0.185753 9.99911E-05 0.271884 0.467251 0.075012
9.99821E-05 0.61613 0.23803 0.14564 9.99821E-05
0.0611149 9.9991E-05 0.16876 0.606776 0.163248
0.236598 9.9982E-05 9.9982E-05 0.325276 0.437926
0.472979 0.0580689 9.99911E-05 0.410276 0.0585752
0.280454 9.99732E-05 9.99732E-05 0.719246 9.99732E-05
9.99821E-05 0.680886 0.0358416 9.99821E-05 0.283072
0.190438 0.0281862 0.0688886 0.458146 0.254342
0.0927691 0.188474 9.9991E-05 0.556919 0.161739
9.99732E-05 9.99732E-05 0.776092 9.99732E-05 0.223608
0.426278 0.0915888 0.344634 9.99911E-05 0.1374
0.319033 0.145292 9.9991E-05 0.327392 0.208182
0.126072 0.177582 0.32474 0.294911 0.0766952
0.123606 0.0299676 0.183146 0.663181 9.99911E-05
0.268529 0.0471313 0.0934395 0.484785 0.106115
0.207268 9.9991E-05 0.103482 0.468725 0.220425
0.255296 0.0981264 0.353175 0.263065 0.0303376
9.99733E-05 9.99733E-05 0.409389 0.590311 9.99733E-05
0.20565 9.9982E-05 9.9982E-05 0.696424 0.097726
9.9973E-05 9.9973E-05 9.9973E-05 0.599714 0.399986
0.188633 0.55219 0.188567 0.0221226 0.0484874
9.9982E-05 9.9982E-05 0.637825 0.139355 0.22262
9.99911E-05 0.0616023 0.0613897 0.660423 0.216485
0.324447 0.0511197 0.361381 0.205161 0.0578916
0.356409 0.0252381 0.520458 0.0977956 9.99911E-05
0.0423412 9.9991E-05 0.330987 0.0967677 0.529804
0.553318 9.99732E-05 0.446382 9.99732E-05 9.99732E-05
0.266345 0.0513428 0.288675 0.393537 9.9991E-05
0.455251 0.1972 9.9982E-05 0.34735 9.9982E-05
9.99911E-05 0.0151588 0.219223 0.661272 0.104246
0.521844 9.99821E-05 0.358973 9.99821E-05 0.118983
0.039424 9.99731E-05 0.960276 9.99731E-05 9.99731E-05
0.0121417 0.000273715 9.99911E-05 0.191944 0.795541
0.292448 9.99821E-05 9.99821E-05 0.585295 0.122057
9.9991E-05 0.142404 0.638929 0.00627017 0.212297
0.269335 0.0675245 9.9991E-05 0.394409 0.268631
0.461273 9.99821E-05 0.310547 0.227979 9.99821E-05
9.99731E-05 9.99731E-05 0.264702 0.734998 9.99731E-05
9.99911E-05 0.270115 0.184698 0.425661 0.119426
0.431202 0.226914 0.201975 0.120305 0.0196044
0.251826 9.99821E-05 0.553448 9.99821E-05 0.194526
0.617448 0.0349509 9.99911E-05 0.298889 0.0486116
0.432922 9.99821E-05 0.279933 0.286946 9.99821E-05
0.0591965 9.99821E-05 9.99821E-05 0.760501 0.180103
0.197037 9.99911E-05 0.312728 0.473278 0.0168567
9.99733E-05 9.99733E-05 0.648972 9.99733E-05 0.350728
0.0748298 0.173226 0.615971 9.9991E-05 0.135873
9.9991E-05 0.00695216 0.487917 0.305302 0.199729
9.9991E-05 0.0290559 0.469991 0.46213 0.0387238
0.371671 9.99732E-05 9.99732E-05 0.628029 9.99732E-05
0.118702 0.109826 0.0723204 0.323142 0.37601
0.306837 0.283531 0.10481 0.304722 9.99911E-05
9.9991E-05 0.131404 0.171978 0.288263 0.408254
0.513244 9.9991E-05 0.231742 0.114196 0.140719
0.19586 0.014453 0.442627 0.240586 0.106474
0.17995 0.284762 0.392776 0.130576 0.0119358
9.99731E-05 9.99731E-05 0.223538 9.99731E-05 0.776162
9.99911E-05 0.492351 0.00436082 0.398763 0.104425
9.9991E-05 0.192446 0.460482 0.326049 0.0209231
9.997E-05 9.997E-05 9.997E-05 9.997E-05 0.9996
0.629544 9.99732E-05 9.99732E-05 9.99732E-05 0.370156
0.540423 0.0302835 9.99911E-05 0.281176 0.148017
9.9991E-05 0.403964 0.112577 0.280223 0.203137
0.23169 9.9982E-05 0.636729 9.9982E-05 0.131381
0.106729 0.164922 0.363872 0.254388 0.110089
0.279534 0.2519 0.165863 0.189323 0.11338
0.0785673 0.152521 0.597988 0.114289 0.0566339
0.199037 9.99821E-05 9.99821E-05 0.282732 0.518031
0.141435 0.117726 9.9982E-05 9.9982E-05 0.740639
0.451771 0.14312 0.327961 9.99911E-05 0.0770479
9.99732E-05 0.131508 9.99732E-05 9.99732E-05 0.868192
9.99821E-05 0.728787 0.266324 9.99821E-05 0.00468855
9.997E-05 0.9996 9.997E-05 9.997E-05 9.997E-05
0.058545 0.0102741 0.195416 0.735665 9.9991E-05
0.246191 9.9991E-05 0.307403 0.374247 0.0720594
0.110301 0.0741646 0.122746 0.692688 9.9991E-05
9.99732E-05 0.135269 9.99732E-05 0.864431 9.99732E-05
9.99732E-05 9.99732E-05 9.99732E-05 0.993948 0.00575158
0.0640653 0.503015 9.99821E-05 0.43272 9.99821E-05
0.402104 9.99822E-05 9.99822E-05 0.316146 0.28155
0.249112 9.9991E-05 0.0686346 0.58838 0.0937731
9.99732E-05 9.99732E-05 9.99732E-05 0.249537 0.750163
0.0079644 9.99821E-05 9.99821E-05 0.884628 0.107208
9.997E-05 9.997E-05 9.997E-05 9.997E-05 0.9996
0.0570731 0.222117 0.72061 9.99821E-05 9.99821E-05
9.99821E-05 9.99821E-05 0.479805 0.457631 0.0623636
9.99821E-05 9.99821E-05 0.470768 0.503033 0.0259994
0.022674 0.265951 0.0316396 0.449137 0.230598
9.9991E-05 0.132776 0.0389946 0.512211 0.315918
0.136342 9.99821E-05 0.282703 9.99821E-05 0.580755
0.144507 0.112677 9.9991E-05 0.267715 0.475001
9.99732E-05 0.00237566 9.99732E-05 0.997324 9.99732E-05
0.569366 0.20423 0.107731 0.118574 9.9991E-05
9.99911E-05 0.0695756 0.506563 0.201554 0.222208
0.461282 0.0809581 0.442552 0.0151077 9.9991E-05
0.364858 9.99911E-05 0.336133 0.0774101 0.221499
0.158305 0.133416 0.0146354 0.686961 0.00668255
0.0542983 0.350649 9.99911E-05 0.302256 0.292696
0.215504 0.246902 9.99911E-05 0.449782 0.0877118
0.135751 0.182823 0.681226 9.99821E-05 9.99821E-05
0.285541 0.225847 0.111874 0.27939 0.0973479
0.082667 0.136495 0.165881 0.614857 9.99911E-05
0.208684 0.454499 0.336617 9.9982E-05 9.9982E-05
0.108097 0.464693 0.42701 9.99821E-05 9.99821E-05
0.067508 0.064934 9.99821E-05 0.867358 9.99821E-05
9.997E-05 9.997E-05 9.997E-05 0.9996 9.997E-05
9.99733E-05 0.0862476 9.99733E-05 0.913452 9.99733E-05
0.20952 0.215224 0.369233 0.205923 9.99911E-05
0.13564 9.9991E-05 0.0163484 0.755277 0.0926353
9.99822E-05 0.214819 0.127898 0.657082 9.99822E-05
0.307341 0.457506 9.99911E-05 0.0899301 0.145123
0.205192 0.11867 0.532229 0.0716444 0.0722638
9.99821E-05 0.372929 0.424893 9.99821E-05 0.201978
0.279227 0.0847966 9.9991E-05 0.0357376 0.600139
0.102758 9.9991E-05 0.217028 0.591557 0.0885564
0.9996 9.997E-05 9.997E-05 9.997E-05 9.997E-05
9.9991E-05 0.183371 0.318322 0.253023 0.245183
0.589665 9.99821E-05 9.99821E-05 0.0911585 0.318977
0.441913 9.99732E-05 0.557787 9.99732E-05 9.99732E-05
9.99911E-05 0.303454 0.462899 0.216752 0.0167951
0.113743 9.99821E-05 0.79089 0.0951672 9.99821E-05
0.166237 0.0325608 0.202656 0.598446 9.9991E-05
0.0457404 9.9991E-05 0.401039 0.432154 0.120967
0.468806 0.0550435 9.99911E-05 0.0638143 0.412237
0.054525 0.283529 0.236849 0.424998 9.99911E-05
0.138412 0.382366 9.99911E-05 0.303154 0.175967
0.292792 0.143613 0.225827 0.273425 0.064342
9.99732E-05 9.99732E-05 0.118699 0.881001 9.99732E-05
0.0267783 0.254038 0.0650262 0.40067 0.253488
0.9996 9.997E-05 9.997E-05 9.997E-05 9.997E-05
0.400588 9.99821E-05 0.161841 0.437371 9.99821E-05
0.0739929 0.0109193 0.218669 0.506384 0.190034
0.210161 9.99821E-05 0.760052 9.99821E-05 0.0295879
0.170967 9.99732E-05 0.828733 9.99732E-05 9.99732E-05
0.124643 0.146378 0.240259 0.255167 0.233553
0.192974 0.0322682 0.0636985 0.59495 0.116109
9.99822E-05 0.0576575 0.27655 0.665593 9.99822E-05
0.441368 9.99911E-05 0.175821 0.314752 0.0679581
0.26193 0.133796 0.206747 0.232083 0.165444
9.99821E-05 9.99821E-05 0.184485 0.767312 0.0480028
0.156852 9.99821E-05 0.108802 0.734146 9.99821E-05
9.99821E-05 0.153261 0.719968 0.126571 9.99821E-05
0.174168 0.0200273 0.11598 0.344522 0.345303
9.99821E-05 9.99821E-05 0.171876 0.69455 0.133374
0.163576 9.99822E-05 0.0826289 0.753595 9.99822E-05
0.266758 9.99911E-05 0.225356 0.161721 0.346064
0.145721 0.853979 9.99732E-05 9.99732E-05 9.99732E-05
0.211639 0.386822 9.99821E-05 0.401339 9.99821E-05
9.99822E-05 0.0773638 0.868338 0.0540982 9.99822E-05
0.751647 0.151484 0.0966686 9.99821E-05 9.99821E-05
0.312038 0.32788 0.310787 0.0491954 9.9991E-05
0.285827 0.035349 0.1511 0.383561 0.144164
9.99821E-05 9.99821E-05 0.305797 0.597238 0.0967656
9.997E-05 0.9996 9.997E-05 9.997E-05 9.997E-05
0.0999741 9.99822E-05 0.559384 0.340442 9.99822E-05
0.0615618 0.0773052 0.295023 0.53277 0.0333399
9.9991E-05 0.208587 0.143028 0.408613 0.239672
0.147619 0.220625 9.9991E-05 0.220391 0.411264
