0.0675129 0.37261 0.373564 0.0129964 0.173317
0.0916634 0.126798 0.392042 0.166664 0.222833
0.302923 0.0980376 0.321472 0.277467 9.9991E-05
0.330856 0.610227 0.00232587 0.0564913 9.9991E-05
0.499621 0.0527574 0.246741 9.9991E-05 0.200781
0.14274 9.9982E-05 0.747813 0.109247 9.9982E-05
0.365655 0.163939 0.135362 9.99911E-05 0.334944
9.99731E-05 0.213394 0.786306 9.99731E-05 9.99731E-05
0.182156 0.321939 9.9991E-05 0.140013 0.355792
0.119163 9.9991E-05 0.159329 0.406098 0.315311
0.083032 9.9991E-05 0.0665302 0.577153 0.273185
0.0536377 0.559113 9.99821E-05 9.99821E-05 0.387049
0.183044 0.722059 9.99821E-05 9.99821E-05 0.0946973
0.0870939 0.183591 0.574018 9.9991E-05 0.155197
9.99821E-05 0.739693 9.99821E-05 0.0718363 0.18827
0.412226 0.361107 0.154822 9.99911E-05 0.0717459
0.162852 0.644181 9.9991E-05 0.0810554 0.111812
9.99821E-05 9.99821E-05 0.335932 0.185045 0.478823
9.99821E-05 0.818933 9.99821E-05 0.0213153 0.159552
0.0819014 0.20154 0.397608 0.169929 0.149021
9.99821E-05 9.99821E-05 0.396349 0.475023 0.128428
0.187655 0.632004 9.9991E-05 0.00856246 0.171679
0.36242 0.39401 0.0567239 0.176113 0.0107334
0.696811 9.99821E-05 0.264405 0.0385848 9.99821E-05
0.28475 0.0519189 0.0824722 0.369714 0.211145
0.295855 0.256021 0.183531 9.9991E-05 0.264493
0.00221078 0.0983419 0.0367395 0.199383 0.663325
0.0913269 0.0282229 0.28852 0.59183 9.9991E-05
9.9982E-05 0.588098 0.101375 0.310327 9.9982E-05
0.994663 0.00503708 9.99732E-05 9.99732E-05 9.99732E-05
9.99821E-05 9.99821E-05 0.395274 0.362435 0.242091
9.99821E-05 0.3562 0.449114 9.99821E-05 0.194486
0.0116008 9.99911E-05 0.0498836 0.647409 0.291007
0.0506282 0.408297 0.478806 9.99911E-05 0.0621696
0.336336 0.334667 0.144002 9.9991E-05 0.184895
0.0699866 9.9991E-05 0.438195 0.115451 0.376268
0.0803364 0.0798248 0.186122 0.497755 0.155962
0.0589629 9.99731E-05 9.99731E-05 0.940737 9.99731E-05
0.0728228 0.114837 0.565356 0.0734655 0.173518
0.036806 0.659075 0.0882706 0.215749 9.9991E-05
0.44693 9.99732E-05 9.99732E-05 9.99732E-05 0.55277
0.0654189 9.99911E-05 0.120876 0.0310279 0.782577
9.9982E-05 9.9982E-05 0.585975 0.0851875 0.328638
0.0220855 0.531512 9.99911E-05 0.385294 0.0610081
0.032258 0.386393 0.222871 0.192732 0.165746
9.99821E-05 0.489228 0.347291 9.99821E-05 0.163281
0.0945042 0.153477 0.369096 9.9991E-05 0.382823
9.9982E-05 0.202935 9.9982E-05 0.223254 0.573611
9.99822E-05 0.328844 0.380047 9.99822E-05 0.290909
0.0564542 0.127552 0.815794 9.9982E-05 9.9982E-05
0.315729 0.457577 0.226494 9.9982E-05 9.9982E-05
9.99821E-05 9.99821E-05 0.190214 0.627993 0.181593
0.413777 0.32333 9.9982E-05 9.9982E-05 0.262694
0.26457 0.646901 0.0883292 9.99821E-05 9.99821E-05
9.99821E-05 9.99821E-05 0.388241 0.341572 0.269986
0.047244 0.375917 9.99911E-05 0.104073 0.472666
0.350124 0.325206 0.00879215 0.296105 0.0197732
9.99911E-05 0.327819 0.0905042 0.141856 0.43972
9.9982E-05 0.312162 9.9982E-05 0.246973 0.440665
0.0497487 0.0553283 0.302492 0.279335 0.313096
0.268987 0.543884 0.0605788 0.12645 9.9991E-05
0.149331 9.99821E-05 0.176626 9.99821E-05 0.673843
9.9982E-05 0.442387 9.9982E-05 0.206329 0.351084
0.649972 9.99732E-05 0.349728 9.99732E-05 9.99732E-05
0.0354825 0.25319 0.420348 9.99911E-05 0.29088
0.159106 0.45622 0.00863842 9.99911E-05 0.375935
0.146706 9.9991E-05 0.676289 0.0479845 0.12892
9.9991E-05 0.469387 0.149068 0.000734765 0.38071
9.99821E-05 0.538591 0.229391 9.99821E-05 0.231818
0.0707151 9.99911E-05 0.515971 0.138782 0.274431
9.9991E-05 0.335978 0.264756 0.0934451 0.30572
9.99732E-05 0.163017 9.99732E-05 9.99732E-05 0.836683
9.99911E-05 0.204339 0.49939 0.0645927 0.231578
9.99732E-05 9.99732E-05 0.644473 9.99732E-05 0.355228
0.296426 0.126044 0.577331 9.99822E-05 9.99822E-05
9.99821E-05 0.32536 0.14181 9.99821E-05 0.53263
0.17738 0.722345 9.99822E-05 9.99822E-05 0.100075
0.198973 0.0476689 9.9991E-05 0.492056 0.261202
0.110856 0.437651 0.238467 0.0362319 0.176794
9.9991E-05 0.612022 0.125318 0.11928 0.14328
9.99821E-05 0.242495 0.57732 9.99821E-05 0.179986
0.014281 0.33535 0.290359 0.169415 0.190595
9.99911E-05 0.0158251 0.566344 0.271452 0.146279
0.0861163 0.342838 0.499864 0.071082 9.99911E-05
0.221358 0.157406 0.242439 9.9991E-05 0.378696
0.0731055 0.20354 0.193406 0.0560111 0.473937
0.0210488 0.23308 0.050859 0.424916 0.270096
0.646555 0.254589 9.99821E-05 9.99821E-05 0.0986562
0.0720949 0.373537 0.326643 0.227625 9.99911E-05
9.99821E-05 0.561223 0.133582 0.304995 9.99821E-05
0.825457 0.151259 9.99822E-05 9.99822E-05 0.0230841
0.222688 9.99822E-05 0.354086 9.99822E-05 0.423025
9.997E-05 9.997E-05 9.997E-05 9.997E-05 0.9996
0.260863 0.285514 0.0557786 0.397744 9.9991E-05
0.0624678 0.305038 9.9982E-05 9.9982E-05 0.632294
0.0966061 0.565846 9.9991E-05 0.129386 0.208062
0.229191 0.0721514 0.347731 0.21297 0.137956
9.99821E-05 0.536053 0.0979091 9.99821E-05 0.365838
0.603505 0.0355134 0.360781 9.9982E-05 9.9982E-05
0.380089 9.9991E-05 0.106241 0.236308 0.277261
0.351369 9.99821E-05 9.99821E-05 0.34935 0.299081
0.9996 9.997E-05 9.997E-05 9.997E-05 9.997E-05
0.00877531 9.99821E-05 9.99821E-05 0.918464 0.0725609
9.99731E-05 0.0309845 9.99731E-05 0.968716 9.99731E-05
9.99731E-05 0.508929 0.490771 9.99731E-05 9.99731E-05
0.103978 0.518233 9.99821E-05 9.99821E-05 0.377589
9.99821E-05 0.050863 0.695497 9.99821E-05 0.25344
0.0430304 9.99821E-05 0.658561 0.298208 9.99821E-05
9.99822E-05 0.406864 0.550086 9.99822E-05 0.0428499
9.99732E-05 9.99732E-05 0.479212 0.520488 9.99732E-05
0.408365 9.99821E-05 0.293255 9.99821E-05 0.298179
0.185285 0.573847 0.230485 9.99911E-05 0.0102829
0.706303 0.293397 9.99732E-05 9.99732E-05 9.99732E-05
9.99821E-05 0.297954 0.633005 0.0688416 9.99821E-05
0.9996 9.997E-05 9.997E-05 9.997E-05 9.997E-05
0.0405695 0.644641 9.99911E-05 0.149081 0.165609
0.0174403 0.75473 0.22088 9.9991E-05 0.006849
9.9991E-05 0.244625 0.35176 0.170487 0.233028
0.13076 0.594712 0.0140552 0.108686 0.151786
0.0619763 0.124754 0.546059 0.267111 9.9991E-05
0.38296 0.360113 0.0517905 0.0320818 0.173055
0.36428 9.99911E-05 0.475273 0.147678 0.0126697
0.00297605 0.407402 0.589422 9.99821E-05 9.99821E-05
9.99821E-05 9.99821E-05 0.741107 0.0438625 0.214831
0.192411 0.681639 9.99821E-05 0.12575 9.99821E-05
0.0630593 0.339682 0.0186032 0.125579 0.453076
0.146345 9.99732E-05 9.99732E-05 9.99732E-05 0.853355
9.99821E-05 0.537061 0.343728 9.99821E-05 0.119011
0.0916218 9.99822E-05 0.249207 0.658971 9.99822E-05
0.32664 0.0159049 0.259113 0.192336 0.206006
0.0251564 0.334673 9.99911E-05 0.216417 0.423654
0.0116308 0.0634481 0.531103 0.263781 0.130037
9.9991E-05 0.536544 0.0135173 0.109922 0.339917
9.99821E-05 0.363074 9.99821E-05 0.543407 0.0933194
0.00205545 0.050023 0.0827558 0.33431 0.530855
9.997E-05 9.997E-05 0.9996 9.997E-05 9.997E-05
9.99821E-05 0.166891 0.75996 0.0729496 9.99821E-05
9.99733E-05 9.99733E-05 0.973676 0.026024 9.99733E-05
9.99822E-05 0.18594 9.99822E-05 0.407928 0.405932
0.0335006 0.475731 0.490568 9.99821E-05 9.99821E-05
0.0578175 0.252068 0.304828 0.385187 9.99911E-05
0.192282 0.211325 9.99821E-05 0.596193 9.99821E-05
0.203408 0.282234 9.9991E-05 0.0788505 0.435407
9.99821E-05 9.99821E-05 0.0878177 0.558526 0.353456
0.576288 0.126789 9.99821E-05 9.99821E-05 0.296723
0.132702 0.497204 0.369895 9.9982E-05 9.9982E-05
9.997E-05 9.997E-05 9.997E-05 9.997E-05 0.9996
0.178782 0.249734 0.233103 0.299005 0.0393769
0.237562 0.0112899 0.400674 9.99911E-05 0.350374
0.0812234 0.349854 9.99911E-05 0.144878 0.423944
0.189426 0.389625 0.180656 0.0476779 0.192614
9.99731E-05 0.712025 9.99731E-05 9.99731E-05 0.287675
9.9991E-05 0.173824 0.705541 0.0627114 0.0578238
0.228406 0.157306 0.184101 0.264256 0.165931
0.357347 9.99821E-05 0.518794 9.99821E-05 0.123659
9.99911E-05 0.238307 0.422266 0.202013 0.137313
0.00769779 0.196578 0.0393069 0.739952 0.0164651
9.99911E-05 0.0445563 0.42052 0.300845 0.233978
0.232553 0.172067 0.595179 9.99821E-05 9.99821E-05
0.0889115 0.447645 0.262051 0.201292 9.9991E-05
9.997E-05 9.997E-05 9.997E-05 9.997E-05 0.9996
9.99821E-05 0.24272 0.239423 9.99821E-05 0.517657
9.99821E-05 0.355239 0.531261 0.1133 9.99821E-05
9.99821E-05 0.456574 9.99821E-05 0.0793235 0.463903
9.99733E-05 0.450881 9.99733E-05 9.99733E-05 0.548819
0.142053 0.36693 0.320878 0.035812 0.134326
0.0438645 0.122579 0.562039 0.0726658 0.198852
9.99733E-05 0.512424 0.487276 9.99733E-05 9.99733E-05
0.165859 9.99822E-05 0.500519 9.99822E-05 0.333422
0.191304 0.312835 0.0206762 0.138678 0.336507
0.346689 0.621427 0.0223117 0.00947208 9.99911E-05
9.99821E-05 0.514811 0.42524 0.0597486 9.99821E-05
9.99821E-05 0.691035 9.99821E-05 0.298223 0.0105424
0.255879 9.9991E-05 0.495758 0.00299289 0.24527
0.207194 0.434323 0.282799 0.0755841 9.9991E-05
9.99821E-05 0.251851 0.705907 9.99821E-05 0.0420424
0.393818 0.20781 0.0802158 0.0423956 0.275761
9.99732E-05 9.99732E-05 0.307928 0.691772 9.99732E-05
0.149157 9.99911E-05 0.151191 0.471008 0.228544
9.99821E-05 0.415017 9.99821E-05 0.35184 0.232943
9.99731E-05 9.99731E-05 0.164259 9.99731E-05 0.835441
9.99911E-05 0.0717456 0.347354 0.062261 0.518539
0.0573988 0.0117238 0.637336 9.9991E-05 0.293442
0.09232 0.707104 0.200376 9.99821E-05 9.99821E-05
9.99821E-05 0.157362 0.0795762 0.762862 9.99821E-05
9.99732E-05 0.695489 9.99732E-05 9.99732E-05 0.304211
9.99821E-05 0.550568 0.286053 0.163179 9.99821E-05
0.585996 0.0491139 0.169368 0.195422 9.9991E-05
0.136715 9.9991E-05 0.514999 0.276323 0.0718631
