9.9973E-05 9.9973E-05 0.0303534 9.9973E-05 0.0226897 0.879629 0.0670276
0.130969 0.144053 0.274161 0.366078 9.9982E-05 0.0845391 9.9982E-05
0.0188098 0.0605519 0.0757537 0.452751 0.0993311 0.265979 0.0268234
0.0602401 9.9991E-05 0.0229661 0.388846 0.0583875 0.352567 0.116893
0.0473667 9.9991E-05 0.00412307 0.684489 0.108471 0.123908 0.0315413
9.9973E-05 0.0255061 9.9973E-05 0.811875 0.0162818 9.9973E-05 0.146037
0.0649216 0.115901 9.9991E-05 0.192637 0.0315222 0.512021 0.0828965
0.0723672 0.281485 0.0462197 0.225636 0.142834 0.231358 9.9991E-05
0.062557 9.9991E-05 0.373916 0.328348 0.0378549 0.130407 0.0668163
0.153861 9.9991E-05 0.259854 0.00753997 0.0746417 0.264752 0.239251
9.9982E-05 0.100842 0.454719 0.136671 0.0948025 9.9982E-05 0.212767
0.0853034 9.9982E-05 0.681265 0.0351504 0.0765338 0.121548 9.9982E-05
0.0362385 9.9991E-05 0.0520471 0.5743 0.155181 0.127473 0.0546607
0.0399074 0.239553 0.0284262 0.141758 0.0521233 0.359697 0.138536
0.00149329 0.620989 0.105625 0.0277095 0.0750691 0.0629439 0.106171
0.169076 0.531369 0.0811213 0.102051 0.11396 0.00232269 9.9991E-05
0.0379196 0.658774 9.9991E-05 0.15077 0.01556 0.0239054 0.112971
0.166899 0.0570551 9.9991E-05 0.230838 0.159614 0.270757 0.114736
0.0423657 0.0489126 0.376112 0.261209 0.0989506 0.17235 9.9991E-05
0.086846 0.0726488 0.0672553 0.518162 0.0868292 0.079149 0.0891096
9.999E-05 0.0790384 0.0734165 0.232696 0.149258 0.38142 0.0840718
9.999E-05 0.220415 0.205785 0.251156 0.1034 0.192214 0.0269303
9.9973E-05 0.0965564 0.145173 0.589629 0.168342 9.9973E-05 9.9973E-05
0.299645 0.0921582 0.00274554 0.553328 0.0155703 9.9991E-05 0.0364535
9.9964E-05 9.9964E-05 0.568148 9.9964E-05 0.177045 9.9964E-05 0.254407
0.0577639 0.228212 0.0118212 0.103636 9.9991E-05 0.514963 0.0835042
0.16166 0.242976 0.192343 0.017304 0.089091 0.124334 0.172292
0.140338 0.0224578 0.0510759 0.287156 0.0238137 0.310352 0.164807
0.222977 0.118382 9.9982E-05 0.448032 9.9982E-05 0.145326 0.0650823
0.599025 0.206151 9.99819E-05 0.111198 0.0449117 0.0385146 9.99819E-05
0.0499591 0.157849 0.296287 0.282103 0.0383098 9.9991E-05 0.175393
0.0647621 9.9982E-05 0.5285 9.9982E-05 0.00895132 0.30162 0.0959662
0.0915606 0.153283 9.9982E-05 0.46369 0.122864 0.168403 9.9982E-05
9.9982E-05 0.261744 9.9982E-05 0.45738 0.0479945 0.116665 0.116016
9.999E-05 0.0959091 0.237724 0.219261 0.0989008 0.277788 0.0703172
9.9955E-05 9.9955E-05 9.9955E-05 9.9955E-05 0.0855113 0.913989 9.9955E-05
9.9973E-05 9.9973E-05 9.9973E-05 0.592305 0.0044973 0.224532 0.178366
0.0612297 0.122288 0.270578 9.9991E-05 0.0765845 0.370107 0.0991129
0.0916029 0.177706 9.9982E-05 0.497412 0.12085 9.9982E-05 0.112229
0.0336548 0.184304 0.037996 0.487376 0.150961 0.105608 9.9991E-05
0.0290863 0.261359 0.104147 0.200525 0.0981946 0.187858 0.118829
0.0394782 0.154897 9.9991E-05 0.415903 0.062846 0.188781 0.137995
0.0067889 0.237259 9.9991E-05 0.407349 0.0455618 0.205675 0.0972659
0.0418072 9.9973E-05 0.442823 0.155199 9.9973E-05 0.35987 9.9973E-05
0.0991636 0.136028 0.360051 9.9982E-05 0.0481703 0.356387 9.9982E-05
9.999E-05 0.0382466 0.256459 0.305201 0.0451688 0.112874 0.24195
0.0906713 0.172261 0.130279 0.319968 0.0656983 0.221022 9.9991E-05
0.0547134 0.134149 0.279652 0.488079 0.043207 9.9982E-05 9.9982E-05
0.148617 0.436171 0.219869 9.9991E-05 0.0551937 0.104444 0.0356054
0.124584 0.240566 0.225391 0.227037 0.0696791 0.112643 9.9991E-05
0.0679073 0.188137 0.11513 0.027322 0.173224 0.278978 0.149302
0.0352951 0.0257675 0.202803 0.532367 0.157983 0.0348113 0.0109722
0.0595459 0.527672 0.0639191 0.199043 9.9991E-05 0.118499 0.0312216
0.171196 0.293918 9.9991E-05 0.210592 0.082252 0.0962436 0.145699
0.08788 0.0891568 0.81973 9.9973E-05 0.00293379 9.9973E-05 9.9973E-05
0.00399617 9.9982E-05 9.9982E-05 0.614262 0.153674 0.17594 0.0519281
0.0419434 9.9982E-05 0.863381 9.9982E-05 0.0349679 0.00310635 0.0564018
0.0961302 9.9982E-05 0.622341 0.133526 0.0824833 9.9982E-05 0.0653203
0.0807261 0.356573 0.235951 0.109279 0.0942126 9.9991E-05 0.123159
0.105099 0.0156716 0.352972 0.153507 0.0399307 0.210087 0.122732
0.00852615 0.0453408 9.9982E-05 0.875896 0.0498487 9.9982E-05 0.0201884
9.9991E-05 0.139542 0.0442668 0.499814 0.145822 0.0861578 0.084297
0.0313471 0.144878 0.300039 0.400198 0.123338 9.9982E-05 9.9982E-05
0.78806 9.9973E-05 9.9973E-05 9.9973E-05 0.112918 0.0554444 0.0432782
9.9982E-05 0.0661191 0.000642925 0.355161 9.9982E-05 0.437718 0.14016
9.9982E-05 0.0630402 9.9982E-05 0.0145715 0.0150383 0.872703 0.0344467
9.9982E-05 9.9982E-05 0.113331 0.120365 0.0822342 0.4735 0.21037
0.169363 0.143599 0.172597 0.454447 0.0317102 9.9991E-05 0.0281832
0.0557704 0.134707 9.9982E-05 0.348126 0.00361632 0.457581 9.9982E-05
0.164265 0.220899 0.0878635 0.137835 0.10116 0.230456 0.0575216
0.113811 9.9982E-05 0.399973 0.365196 0.00715864 9.9982E-05 0.113661
0.033215 0.449342 9.9973E-05 9.9973E-05 0.13187 0.385274 9.9973E-05
0.102555 0.244763 0.0960352 0.185445 0.158352 0.163927 0.0489223
0.148112 0.260122 0.177995 0.290629 0.0249171 9.9991E-05 0.0981248
0.167907 0.300755 0.0271898 9.9982E-05 9.9982E-05 0.295365 0.208584
0.026885 0.421031 0.353235 0.0348993 0.0795625 9.9991E-05 0.0842866
9.9991E-05 0.100998 0.185047 0.491227 0.157695 0.0551104 0.00982288
9.9973E-05 0.0723653 9.9973E-05 0.832408 0.00346231 9.9973E-05 0.0914644
9.9955E-05 9.9955E-05 9.9955E-05 0.958172 9.9955E-05 9.9955E-05 0.0413284
0.0611494 0.0766444 9.9991E-05 0.50922 0.0696424 0.183274 0.0999701
0.0362829 0.0940369 0.0684249 0.348134 0.133714 0.261633 0.057774
0.0362036 9.9991E-05 0.0788738 0.675408 0.040654 0.13567 0.0330907
0.2344 0.137533 0.339947 0.163515 0.00664257 0.0391827 0.0787804
0.0468239 0.194717 9.9982E-05 0.582003 0.0848572 9.9982E-05 0.0913992
0.12049 9.9991E-05 0.103624 0.474252 0.0912824 0.11596 0.0942907
9.9991E-05 0.124625 0.440144 0.0919402 0.00156077 0.240252 0.101378
9.99639E-05 9.99639E-05 9.99639E-05 0.275868 0.0941207 0.629611 9.99639E-05
9.9982E-05 0.0234888 0.499649 0.242861 0.154762 9.9982E-05 0.0790402
0.198825 0.273224 9.9991E-05 0.113994 0.0939973 0.230543 0.0893159
9.9982E-05 0.051864 0.529703 0.0376604 0.0830051 0.297567 9.9982E-05
0.9994 9.995E-05 9.995E-05 9.995E-05 9.995E-05 9.995E-05 9.995E-05
0.0144741 0.248353 0.367775 0.0344735 0.0899489 0.0758536 0.169121
0.0125343 9.9982E-05 9.9982E-05 0.58821 0.187781 0.125156 0.0861182
0.0799156 0.427359 0.169879 0.130051 0.0951984 0.0645565 0.0330405
0.00284259 0.0162472 9.9991E-05 0.5517 0.118186 0.132909 0.178016
0.0484581 0.0649434 9.9991E-05 0.530495 0.0156737 0.289621 0.0507081
0.0131323 0.106389 0.424173 9.9982E-05 9.9982E-05 0.397211 0.0588948
9.9991E-05 0.0432284 0.217729 0.414813 0.0483925 0.188073 0.0876642
0.457472 9.9982E-05 0.0204175 0.14219 0.197521 0.1822 9.9982E-05
0.367186 0.0947543 0.110293 0.318104 9.9982E-05 0.109463 9.9982E-05
0.188721 0.0609892 0.275584 0.214077 0.0524356 0.16778 0.0404142
0.9994 9.995E-05 9.995E-05 9.995E-05 9.995E-05 9.995E-05 9.995E-05
0.0643592 0.294343 0.0664722 0.264428 0.0858945 0.0360985 0.188404
9.99549E-05 9.99549E-05 9.99549E-05 9.99549E-05 9.99549E-05 0.00242595 0.997074
0.0894616 0.224346 0.103105 0.126297 0.0942694 0.243925 0.118596
0.0948495 0.236976 0.246588 0.313638 9.9991E-05 0.0537879 0.0540602
0.0369557 0.35641 0.250577 0.0692039 0.00363208 0.210749 0.0724721
0.00595081 0.171897 0.109302 0.144654 0.0915659 0.363394 0.113237
0.0992113 0.223825 0.156793 0.317915 0.0454598 0.0186239 0.138172
0.0192528 0.126221 0.172722 0.0920057 0.102484 0.444385 0.0429293
0.0487438 0.0758723 9.9991E-05 0.664705 0.0329007 0.0205667 0.157111
0.180918 0.0456353 0.427447 0.152037 0.13625 0.0165912 0.0411214
0.0515444 0.240917 0.202733 0.380092 0.0507587 9.9991E-05 0.0738554
0.55001 9.9973E-05 9.9973E-05 0.346487 0.0833991 9.9973E-05 0.0198033
0.0302812 0.371302 9.9982E-05 0.1519 9.9982E-05 0.406186 0.0401312
0.9994 9.995E-05 9.995E-05 9.995E-05 9.995E-05 9.995E-05 9.995E-05
9.9982E-05 0.131599 0.124642 0.297251 9.9982E-05 0.225145 0.221163
9.9982E-05 0.012062 0.188055 9.9982E-05 0.130163 0.640058 0.0294613
0.120517 9.9973E-05 0.17757 0.691992 0.00962099 9.9973E-05 9.9973E-05
0.0184797 0.0402525 0.243892 9.9991E-05 0.116458 0.456785 0.124033
0.0387724 0.101022 9.9991E-05 0.347742 0.0922693 0.393584 0.0265115
0.421301 0.0802099 9.9991E-05 0.240001 0.169034 0.0357156 0.0536386
0.135153 9.9991E-05 0.179508 0.293139 0.13352 0.212419 0.0461602
0.00152817 0.306022 0.23266 0.404379 9.9982E-05 9.9982E-05 0.0552114
0.242325 0.101483 0.336955 0.0619533 0.116677 0.0839063 0.0567003
0.0532879 0.420013 0.0349521 0.48271 0.00883755 9.9982E-05 9.9982E-05
9.9991E-05 0.170908 0.471409 0.0947626 0.125066 0.132091 0.00566409
0.156268 0.0082869 0.332542 0.258167 0.0745963 0.0790759 0.0910638
9.9982E-05 0.0120415 0.561732 0.376266 0.0412799 9.9982E-05 0.00848085
0.102145 0.103415 0.354596 9.9991E-05 0.0942271 0.303354 0.0421628
0.0362114 9.9973E-05 9.9973E-05 0.217053 0.0685752 0.67786 9.9973E-05
0.034417 0.064559 9.9982E-05 0.667706 0.15215 0.0809689 9.9982E-05
0.293364 9.9982E-05 0.287187 0.407454 0.00236853 9.9982E-05 0.00942701
0.162103 0.324787 9.9991E-05 0.259601 0.124652 0.0533774 0.07538
0.0860131 9.9991E-05 0.136865 0.448588 0.00137376 0.263062 0.0639977
0.00777575 9.9982E-05 0.42957 0.358597 0.152203 9.9982E-05 0.0516543
9.99617E-05 0.985133 0.0143676 9.99617E-05 9.99617E-05 9.99617E-05 9.99617E-05
9.995E-05 0.9994 9.995E-05 9.995E-05 9.995E-05 9.995E-05 9.995E-05
0.0198425 0.134178 0.26993 0.129003 0.105212 0.341735 9.9991E-05
9.9982E-05 9.9982E-05 0.139489 0.496959 0.115917 0.151939 0.0954966
0.0756454 9.9991E-05 0.25788 0.349793 0.0967535 0.0978935 0.121935
9.9982E-05 0.339766 0.129359 0.286591 0.0705983 9.9982E-05 0.173486
0.0535714 9.9973E-05 0.541851 0.302663 9.9973E-05 9.9973E-05 0.101614
0.0837303 9.9982E-05 0.459347 9.9982E-05 0.074187 0.277252 0.105283
0.0783939 0.0949138 0.00448363 0.556384 0.142546 0.0344443 0.0888351
0.333015 9.9982E-05 9.9982E-05 0.39025 0.155318 0.0973276 0.0238892
0.00214934 0.279635 0.078257 0.141297 0.0117148 0.33141 0.155537
9.995E-05 9.995E-05 9.995E-05 9.995E-05 0.9994 9.995E-05 9.995E-05
9.9982E-05 0.0776874 9.9982E-05 0.0690736 0.0769851 0.630842 0.145212
0.0189945 0.0578874 0.0128472 0.392945 0.0678827 0.142683 0.306761
9.9982E-05 0.0306534 0.773679 0.0289895 0.0580348 9.9982E-05 0.108443
9.9982E-05 0.0782516 0.16496 0.467805 0.154589 9.9982E-05 0.134194
0.0833325 9.9991E-05 0.275398 0.33528 0.234506 0.0504282 0.0209554
0.057644 0.40101 0.216992 0.0432298 0.0976656 0.120354 0.0631043
0.00433368 0.186099 0.556236 0.1197 0.0674331 0.0660982 9.9991E-05
0.166547 0.31775 9.9991E-05 0.165931 0.155183 0.158434 0.0360546
9.9973E-05 9.9973E-05 0.330968 0.389652 0.138994 0.140086 9.9973E-05
0.0401577 0.0747566 0.0819191 0.368913 0.0638454 0.222394 0.148015
0.0593762 9.9955E-05 9.9955E-05 9.9955E-05 9.9955E-05 0.940124 9.9955E-05
0.140421 0.27702 0.0096843 0.244526 0.0916666 0.191078 0.045604
9.9991E-05 0.0471236 0.0693213 0.357614 0.130708 0.298869 0.0962637
9.995E-05 9.995E-05 9.995E-05 9.995E-05 0.9994 9.995E-05 9.995E-05
9.99729E-05 0.344291 0.134316 9.99729E-05 0.437273 0.0838203 9.99729E-05
0.0121675 0.29689 9.9982E-05 0.394362 9.9982E-05 0.188486 0.107894
0.0234805 9.9991E-05 0.418501 0.210187 0.0815612 0.232835 0.0333349
0.0369768 9.99641E-05 9.99641E-05 9.99641E-05 0.0704948 0.892129 9.99641E-05
9.9991E-05 0.219042 0.272615 0.159877 0.081945 0.21688 0.049541
9.9991E-05 0.319315 0.19139 0.206113 0.102805 0.039564 0.140714
9.995E-05 0.9994 9.995E-05 9.995E-05 9.995E-05 9.995E-05 9.995E-05
0.0769864 0.253772 9.9991E-05 0.255059 0.102868 0.298803 0.0124111
0.10318 0.248426 0.453933 0.159284 9.9982E-05 9.9982E-05 0.0349771
0.14621 0.175216 0.239268 0.251475 0.0755243 0.00268272 0.109623
0.0607469 0.14755 0.0971492 0.37489 0.131639 0.187925 9.9991E-05
9.9991E-05 0.453129 0.305159 0.0493033 0.0278698 0.0837125 0.0807268
9.9982E-05 0.180044 9.9982E-05 0.373875 0.114177 0.26925 0.0624548
0.0912082 0.0287277 0.155108 0.461267 9.9991E-05 0.103546 0.160043
9.9991E-05 0.225652 0.169478 0.399784 0.0901526 0.0917456 0.0230874
0.0392367 0.179828 0.462284 0.167875 0.00332828 0.056892 0.0905557
9.995E-05 9.995E-05 9.995E-05 9.995E-05 9.995E-05 9.995E-05 0.9994
0.133994 0.247944 0.420358 0.0269271 0.0422632 0.0613503 0.0671641
0.127489 0.651512 9.9982E-05 9.9982E-05 0.0375013 0.0760726 0.107225
0.133079 0.125174 0.185898 0.121854 0.239273 0.166178 0.0285451
0.0418588 0.259348 0.206898 9.9991E-05 0.0451213 0.409718 0.0369562
0.183173 9.9973E-05 0.0242173 0.346273 9.9973E-05 0.446037 9.9973E-05
0.0435479 0.182554 0.118673 0.314712 0.0695344 0.254115 0.0168646
9.995E-05 9.995E-05 9.995E-05 9.995E-05 9.995E-05 9.995E-05 0.9994
9.9982E-05 0.00917036 0.168471 0.463227 0.116798 0.242133 9.9982E-05
0.093234 0.28328 0.0661136 9.9991E-05 0.0571194 0.283685 0.216468
0.00312617 0.0804802 0.0377911 0.576519 0.0646026 0.200683 0.0367979
0.0767385 0.41459 0.373963 9.9982E-05 0.0159455 0.118564 9.9982E-05
