0.152792 9.9991E-05 0.847108
0.168345 0.408395 0.42326
0.413439 0.198126 0.388435
0.345655 0.0992881 0.555057
0.3047 0.23861 0.45669
0.367648 0.205412 0.42694
0.193826 0.168467 0.637707
0.35593 0.260234 0.383836
0.586768 0.17096 0.242272
0.604196 0.305262 0.0905423
0.917496 9.9991E-05 0.0824045
0.608537 0.391363 9.9991E-05
0.300096 0.260359 0.439544
0.258901 0.397587 0.343512
9.9991E-05 0.375271 0.624629
0.0484781 0.346207 0.605315
9.9991E-05 0.43037 0.56953
0.12873 0.240652 0.630617
0.394909 0.235243 0.369848
0.411697 0.151272 0.437031
0.419964 9.9991E-05 0.579936
0.215234 0.322749 0.462017
0.224945 0.27892 0.496134
0.0750677 0.33307 0.591862
0.968154 0.0270028 0.00484329
0.0529119 0.217147 0.729941
0.347623 0.262727 0.389649
0.234859 0.342229 0.422913
0.227619 0.345517 0.426864
0.00188099 0.788178 0.209941
0.516223 0.124136 0.359641
0.813048 0.0901846 0.0967671
0.0130658 0.284137 0.702797
0.190731 0.101411 0.707858
0.331445 0.163696 0.504859
9.9991E-05 0.145812 0.854089
0.214116 0.103719 0.682164
0.638016 0.263006 0.0989778
0.44906 0.281195 0.269745
0.391281 0.0811667 0.527552
0.281976 0.415553 0.302471
0.464145 0.0344903 0.501364
0.21028 0.287439 0.502282
0.538849 0.372045 0.0891053
0.654988 0.165246 0.179766
0.628686 0.11241 0.258903
0.147805 0.254186 0.598009
0.22306 0.319807 0.457132
0.395677 0.266048 0.338275
0.114544 0.449128 0.436327
0.311437 0.274269 0.414294
0.368359 0.220971 0.41067
0.09494 0.342249 0.562811
0.377606 0.26883 0.353564
0.411298 0.588602 9.9991E-05
0.287147 0.116152 0.5967
0.646646 0.353254 9.9991E-05
0.412583 0.321812 0.265605
0.712724 0.0755815 0.211695
0.735299 0.097527 0.167174
0.0892781 0.0644007 0.846321
0.361516 0.0433275 0.595157
0.142725 0.0952078 0.762067
9.9991E-05 0.911564 0.0883364
0.313728 0.0688559 0.617416
9.999E-05 9.999E-05 0.9998
0.286219 0.037789 0.675992
0.289226 0.408253 0.302521
0.0975919 0.140034 0.762374
0.151089 0.333802 0.51511
0.807558 0.148414 0.0440274
0.00882106 0.276621 0.714558
0.158217 0.320914 0.520869
0.449468 0.394516 0.156016
0.25586 0.455454 0.288686
0.500971 0.290237 0.208793
0.314152 0.188304 0.497544
0.237613 0.0293184 0.733068
0.0443454 9.9991E-05 0.955555
0.0920171 0.156338 0.751645
0.255069 0.158449 0.586482
0.273687 0.0995795 0.626734
0.521095 0.344921 0.133984
0.406098 0.219783 0.374118
0.273436 0.175605 0.550959
0.51212 9.9991E-05 0.48778
9.9991E-05 0.161205 0.838695
0.666054 0.125274 0.208673
0.083371 0.404372 0.512257
0.633774 0.00648762 0.359738
9.999E-05 0.9998 9.999E-05
0.551735 0.247784 0.200481
0.164404 9.9991E-05 0.835496
0.0301604 0.437176 0.532663
0.0291308 9.9991E-05 0.970769
0.322715 0.191129 0.486156
0.544462 0.257829 0.197709
0.353921 0.0172201 0.628859
0.173894 0.666669 0.159437
0.187271 0.437303 0.375425
0.339836 0.305289 0.354876
9.999E-05 0.9998 9.999E-05
0.409768 0.288971 0.301261
0.988688 9.9991E-05 0.0112125
0.454157 0.186875 0.358968
0.357996 0.343373 0.298631
0.271156 0.256217 0.472627
0.474518 0.256953 0.268529
0.291319 0.553118 0.155563
0.377911 0.178934 0.443155
0.427016 9.9991E-05 0.572884
0.576291 0.396969 0.0267405
0.416918 0.185384 0.397699
9.9991E-05 0.622559 0.377341
0.334191 0.147312 0.518497
9.999E-05 0.9998 9.999E-05
0.556339 0.100561 0.3431
0.189621 0.0417217 0.768658
0.271566 0.345675 0.382759
0.508248 0.180266 0.311486
0.215025 0.0143052 0.77067
0.0261975 0.512816 0.460987
0.361226 0.317088 0.321686
0.471695 0.0832671 0.445037
0.560033 0.439867 9.9991E-05
0.229703 0.529769 0.240527
0.713304 0.286596 9.9991E-05
0.318934 0.34119 0.339876
0.608686 0.137287 0.254027
0.55192 0.30116 0.146921
0.0716989 0.190743 0.737558
0.214938 0.0759885 0.709073
0.218034 0.456271 0.325695
0.078487 0.48815 0.433364
0.416283 0.192742 0.390975
0.727778 0.13098 0.141242
0.112678 0.300559 0.586764
9.9991E-05 0.363389 0.636511
0.470615 0.33217 0.197215
0.333738 0.0347982 0.631464
0.400168 0.295844 0.303988
0.551105 0.224464 0.224431
0.457826 0.356781 0.185393
0.576747 0.256656 0.166597
0.000704902 0.219266 0.780029
0.214544 0.390867 0.39459
0.441287 0.246357 0.312356
9.999E-05 9.999E-05 0.9998
0.130046 0.0834984 0.786456
0.483642 0.064168 0.45219
0.661244 0.277407 0.0613487
0.60867 9.9991E-05 0.39123
0.492819 0.187595 0.319586
0.259874 0.330688 0.409438
0.370277 0.335002 0.294721
0.0257412 0.515232 0.459027
0.403051 0.134788 0.462162
0.418657 0.285576 0.295767
0.0909099 0.12348 0.78561
0.267354 0.292587 0.440059
0.352802 9.9991E-05 0.647098
9.9991E-05 0.0673517 0.932548
0.120774 9.9991E-05 0.879126
0.282449 0.358983 0.358568
0.490407 0.365495 0.144098
0.202254 0.00702286 0.790723
0.323311 0.106417 0.570272
0.751589 0.159542 0.0888693
9.9991E-05 0.192483 0.807417
0.120767 0.263836 0.615397
0.576015 0.244476 0.179509
0.37068 0.362568 0.266752
0.0723518 0.234357 0.693291
0.489682 0.141292 0.369025
0.0387409 0.167952 0.793307
0.51557 0.239671 0.244759
0.477616 0.0991397 0.423245
0.572464 0.277394 0.150142
0.967438 0.0324616 9.9991E-05
0.621533 0.344615 0.0338515
9.9991E-05 0.551434 0.448466
0.265908 0.306136 0.427956
0.256517 0.166021 0.577462
0.16538 0.336378 0.498242
0.350644 0.15854 0.490816
0.9998 9.999E-05 9.999E-05
0.331356 0.123239 0.545405
0.292099 0.277307 0.430595
0.189114 0.164958 0.645928
0.221087 0.442617 0.336296
