0.117791 0.0632822 0.128203 0.340155 0.0733146 0.277054 9.9982E-05 9.9982E-05
0.137085 9.99641E-05 9.99641E-05 9.99641E-05 0.51918 0.276279 9.99641E-05 0.0670567
0.0861402 0.208192 9.99821E-05 0.0706953 0.18943 0.0396785 0.405665 9.99821E-05
0.0902823 0.151099 0.0934288 9.99821E-05 0.512199 0.0004523 0.152339 9.99821E-05
0.20411 9.99731E-05 0.168756 0.284489 0.301381 9.99731E-05 9.99731E-05 0.0409636
9.99641E-05 9.99641E-05 9.99641E-05 0.210957 0.370235 0.240382 0.178026 9.99641E-05
0.223666 0.00568941 0.158868 0.243079 0.243831 0.0555466 9.99911E-05 0.0692204
9.99731E-05 0.234275 0.0399145 0.376958 0.231756 0.116796 9.99731E-05 9.99731E-05
0.0966879 0.388094 0.161798 9.99821E-05 0.00778767 9.99821E-05 0.0912887 0.254144
0.0181739 0.000371711 0.341893 0.0574579 9.9991E-05 0.13084 0.445972 0.00519145
0.0769355 0.141307 0.18799 0.0122495 9.9991E-05 0.0940179 0.332221 0.155179
0.121394 0.177156 0.376679 0.0193768 0.305094 9.99732E-05 9.99732E-05 9.99732E-05
0.27873 0.205279 9.99642E-05 9.99642E-05 0.511129 9.99642E-05 9.99642E-05 0.00446162
0.0346312 9.99731E-05 0.305955 0.10573 0.479006 0.0743777 9.99731E-05 9.99731E-05
9.99732E-05 0.300575 0.0328037 0.167669 0.276168 9.99732E-05 9.99732E-05 0.222483
0.491395 9.99642E-05 0.339474 0.148222 9.99642E-05 9.99642E-05 9.99642E-05 0.0205092
0.172181 0.206416 9.99731E-05 0.0502264 0.389471 9.99731E-05 9.99731E-05 0.181406
9.99731E-05 9.99731E-05 0.355044 0.399146 0.0161941 0.0990702 0.130246 9.99731E-05
9.99552E-05 0.26998 9.99552E-05 9.99552E-05 0.421569 9.99552E-05 9.99552E-05 0.307952
0.0510747 9.99731E-05 0.0938529 9.99731E-05 0.610567 0.23427 0.00993526 9.99731E-05
9.99552E-05 9.99552E-05 0.11059 9.99552E-05 9.99552E-05 0.589157 0.299753 9.99552E-05
0.323386 0.361455 9.9955E-05 9.9955E-05 9.9955E-05 9.9955E-05 9.9955E-05 0.314659
0.264963 0.0486208 0.032806 9.99821E-05 0.4857 0.0216292 0.146082 9.99821E-05
0.42397 9.9964E-05 9.9964E-05 9.9964E-05 0.0728122 0.456699 9.9964E-05 0.0461192
0.280662 0.0534842 0.106504 0.00775454 9.9991E-05 0.271633 0.199172 0.0806905
0.180251 0.0103477 0.0594659 0.564824 9.9982E-05 0.125693 9.9982E-05 0.0592183
0.111958 0.0620738 0.411829 0.0699625 9.9982E-05 0.225486 9.9982E-05 0.11849
9.99643E-05 9.99643E-05 9.99643E-05 0.189222 0.417114 9.99643E-05 0.00886318 0.384401
9.99551E-05 9.99551E-05 9.99551E-05 0.180285 0.576393 9.99551E-05 0.242823 9.99551E-05
0.586393 0.363205 9.99552E-05 0.0499023 9.99552E-05 9.99552E-05 9.99552E-05 9.99552E-05
9.99551E-05 9.99551E-05 9.99551E-05 0.131781 9.99551E-05 0.322007 9.99551E-05 0.545712
9.99553E-05 0.135921 0.142017 9.99553E-05 0.721562 9.99553E-05 9.99553E-05 9.99553E-05
9.99821E-05 0.234672 9.99821E-05 0.0655729 0.00830638 0.108348 0.432007 0.150894
9.99641E-05 0.338384 9.99641E-05 0.140497 0.502866 0.0178532 9.99641E-05 9.99641E-05
0.263874 9.9982E-05 0.0432089 0.213225 0.24074 0.217698 9.9982E-05 0.0210546
9.99642E-05 9.99642E-05 0.186352 0.0969166 0.285652 0.430679 9.99642E-05 9.99642E-05
9.99732E-05 9.99732E-05 0.140531 0.40336 0.092627 0.046068 9.99732E-05 0.317113
0.17009 0.0350887 9.99821E-05 0.000151743 0.0663109 0.150095 0.578064 9.99821E-05
0.231463 9.9991E-05 0.16419 0.00913297 0.23045 0.154971 0.0175092 0.192184
0.166027 9.9973E-05 0.170666 0.132052 0.415874 9.9973E-05 0.115081 9.9973E-05
0.143218 0.413536 9.99642E-05 9.99642E-05 9.99642E-05 0.427209 9.99642E-05 0.015637
9.99732E-05 0.248682 0.255853 9.99732E-05 9.99732E-05 0.321122 0.0528775 0.121165
9.9973E-05 0.0846224 0.0738969 0.10036 0.345938 0.394883 9.9973E-05 9.9973E-05
0.0759586 0.00727841 0.201861 0.287129 0.18449 9.9991E-05 0.131015 0.112168
0.124526 0.162047 0.16118 0.0665454 0.382748 9.99821E-05 0.102753 9.99821E-05
9.99642E-05 9.99642E-05 0.456665 0.184883 0.355437 0.00261486 9.99642E-05 9.99642E-05
9.99731E-05 0.448195 0.305392 0.0494706 0.0943072 0.102336 9.99731E-05 9.99731E-05
9.9964E-05 0.221834 0.449813 9.9964E-05 9.9964E-05 9.9964E-05 0.214281 0.113673
9.99643E-05 0.366788 0.167129 0.161306 9.99643E-05 0.304377 9.99643E-05 9.99643E-05
9.9964E-05 9.9964E-05 0.158303 0.444634 0.157423 0.239241 9.9964E-05 9.9964E-05
0.241373 0.0553664 9.9964E-05 0.517362 0.185499 9.9964E-05 9.9964E-05 9.9964E-05
9.99731E-05 9.99731E-05 0.0119035 9.99731E-05 0.109884 0.324633 0.261985 0.291295
0.358644 0.255456 0.0720794 0.140351 0.00625811 9.9982E-05 9.9982E-05 0.167012
0.187451 0.145535 9.99731E-05 0.128547 0.361015 9.99731E-05 0.177152 9.99731E-05
9.99731E-05 9.99731E-05 0.050288 0.0640484 0.305877 0.0694052 9.99731E-05 0.510081
9.99552E-05 0.0516306 9.99552E-05 0.374317 9.99552E-05 9.99552E-05 9.99552E-05 0.573552
0.15418 0.000754983 9.9982E-05 0.138958 0.0791046 0.3482 9.9982E-05 0.278602
9.99553E-05 9.99553E-05 9.99553E-05 9.99553E-05 0.239554 0.0356019 9.99553E-05 0.724344
9.9973E-05 9.9973E-05 0.480596 0.0393608 0.0605138 9.9973E-05 0.0471414 0.372088
9.9982E-05 9.9982E-05 0.190795 0.134361 0.0431579 0.441355 0.177653 0.0124778
0.0672356 9.99731E-05 9.99731E-05 0.166606 0.276648 9.99731E-05 0.101171 0.388039
9.99641E-05 0.082605 0.417088 0.107084 9.99641E-05 0.392823 9.99641E-05 9.99641E-05
9.9955E-05 0.521128 0.0347486 9.9955E-05 9.9955E-05 9.9955E-05 9.9955E-05 0.443623
0.38035 0.0424176 9.99641E-05 0.0374069 9.99641E-05 0.539426 9.99641E-05 9.99641E-05
0.104506 0.135853 9.99642E-05 0.635732 9.99642E-05 9.99642E-05 9.99642E-05 0.12351
0.0158225 0.483117 0.0468206 0.00636668 0.184304 0.263071 0.000398541 9.9991E-05
9.9973E-05 9.9973E-05 0.0788061 0.326854 0.087384 0.501475 0.00518084 9.9973E-05
9.99641E-05 0.0918098 0.488839 0.0360121 9.99641E-05 9.99641E-05 9.99641E-05 0.382939
9.997E-05 0.226286 9.997E-05 0.421877 0.046192 0.179339 9.997E-05 0.126005
0.0128047 9.99731E-05 9.99731E-05 0.160779 9.99731E-05 0.554098 0.172205 0.0998128
9.99821E-05 0.0173523 0.327958 0.0250987 0.250078 9.99821E-05 0.203569 0.175744
9.99641E-05 0.561952 0.192638 9.99641E-05 9.99641E-05 0.17333 9.99641E-05 0.0716809
9.99554E-05 9.99554E-05 0.0584367 9.99554E-05 0.925378 9.99554E-05 9.99554E-05 0.0156859
9.99642E-05 0.231124 0.164402 0.441611 9.99642E-05 0.162464 9.99642E-05 9.99642E-05
0.0772278 9.99554E-05 9.99554E-05 0.238368 0.683905 9.99554E-05 9.99554E-05 9.99554E-05
9.99641E-05 9.99641E-05 0.458776 0.115082 0.178066 9.99641E-05 9.99641E-05 0.247677
9.99554E-05 0.440266 9.99554E-05 0.391038 0.168197 9.99554E-05 9.99554E-05 9.99554E-05
0.0795316 0.0114482 0.107612 9.9991E-05 0.227709 0.225606 0.0298284 0.318165
0.103607 0.0880257 9.9991E-05 0.139693 0.249072 0.223027 0.0150349 0.18144
0.0545731 9.99642E-05 9.99642E-05 0.0219066 0.90081 9.99642E-05 9.99642E-05 0.0223101
9.99553E-05 9.99553E-05 0.277575 0.144571 0.577354 9.99553E-05 9.99553E-05 9.99553E-05
0.0401503 0.0753672 0.0447133 0.0939596 0.376136 0.169732 0.179681 0.0202596
9.99642E-05 9.99642E-05 9.99642E-05 9.99642E-05 0.0423619 0.64039 0.0157742 0.301075
9.99641E-05 0.606511 9.99641E-05 0.189121 0.0675259 0.136442 9.99641E-05 9.99641E-05
0.151551 0.0408105 0.301693 9.99731E-05 0.371956 0.133689 9.99731E-05 9.99731E-05
9.9964E-05 9.9964E-05 0.127121 0.11131 0.587639 0.17353 9.9964E-05 9.9964E-05
0.0671642 0.0363505 0.0639459 9.99821E-05 0.539465 0.102246 9.99821E-05 0.190628
0.521622 0.187776 9.99731E-05 9.99731E-05 0.0530907 0.206539 0.0306717 9.99731E-05
0.10584 0.154686 9.99731E-05 0.271566 0.0688697 9.99731E-05 0.398738 9.99731E-05
9.99551E-05 0.586321 9.99551E-05 9.99551E-05 0.180138 9.99551E-05 0.233041 9.99551E-05
0.889946 9.99463E-05 9.99463E-05 0.109455 9.99463E-05 9.99463E-05 9.99463E-05 9.99463E-05
0.0687199 9.99643E-05 0.114292 9.99643E-05 0.230527 0.586062 9.99643E-05 9.99643E-05
0.0325521 0.186455 0.721441 9.99643E-05 9.99643E-05 0.0591518 9.99643E-05 9.99643E-05
9.99731E-05 0.0188474 9.99731E-05 9.99731E-05 0.393389 0.145268 0.426336 0.0158599
0.0399771 0.420564 0.438344 9.9964E-05 9.9964E-05 9.9964E-05 9.9964E-05 0.100716
0.0221208 0.103687 0.111719 9.99821E-05 0.621756 9.99821E-05 0.0902255 0.050291
0.171981 0.0682764 0.0327735 0.114928 0.0420779 0.265293 0.0894368 0.215233
9.99731E-05 0.309429 0.250871 0.189002 0.124352 9.99731E-05 9.99731E-05 0.126046
0.511333 9.99731E-05 0.0609262 0.370537 9.99731E-05 0.0403243 0.0165797 9.99731E-05
0.148374 0.102432 0.120111 0.0186125 0.160751 0.411186 9.9991E-05 0.0384339
0.18437 9.99552E-05 9.99552E-05 9.99552E-05 9.99552E-05 0.0201077 9.99552E-05 0.795022
0.869364 9.99553E-05 9.99553E-05 9.99553E-05 9.99553E-05 0.0744804 0.0556555 9.99553E-05
9.99642E-05 0.0272514 9.99642E-05 9.99642E-05 9.99642E-05 0.284379 0.352121 0.335848
0.0253696 9.99552E-05 9.99552E-05 9.99552E-05 0.0222661 9.99552E-05 0.951865 9.99552E-05
9.99641E-05 0.234132 0.153182 0.170348 0.441937 9.99641E-05 9.99641E-05 9.99641E-05
0.184368 0.189019 0.177312 9.99731E-05 0.0967426 9.99731E-05 9.99731E-05 0.352258
9.99641E-05 0.110958 9.99641E-05 0.174702 0.478472 0.235469 9.99641E-05 9.99641E-05
9.99716E-05 9.99716E-05 9.99716E-05 0.316383 0.20653 9.99716E-05 0.186499 0.290188
9.99731E-05 0.0370458 9.99731E-05 0.628982 9.99731E-05 0.180187 0.0511549 0.102331
0.0760223 9.99731E-05 0.149782 0.214798 9.99731E-05 0.00729984 0.551798 9.99731E-05
0.395618 0.0627041 0.310469 9.99732E-05 9.99732E-05 0.0335851 9.99732E-05 0.197324
0.154051 9.99641E-05 0.0769836 0.400466 0.3681 9.99641E-05 9.99641E-05 9.99641E-05
0.770655 9.99552E-05 9.99552E-05 0.164227 0.0646185 9.99552E-05 9.99552E-05 9.99552E-05
9.99643E-05 0.00687912 9.99643E-05 0.429646 0.55343 9.99643E-05 0.0096446 9.99643E-05
0.52784 0.191543 9.99551E-05 9.99551E-05 9.99551E-05 0.280118 9.99551E-05 9.99551E-05
0.107717 0.0598051 9.99731E-05 9.99731E-05 0.137894 9.99731E-05 0.316355 0.377929
9.997E-05 0.233212 0.038121 0.097563 0.439288 0.191515 9.997E-05 9.997E-05
9.99731E-05 0.606964 0.0079355 9.99731E-05 0.370794 0.00787454 9.99731E-05 0.00613182
0.196541 0.206729 9.9982E-05 0.200625 0.241304 9.9982E-05 0.079034 0.0755682
9.99551E-05 9.99551E-05 9.99551E-05 0.0443359 0.538036 0.417128 9.99551E-05 9.99551E-05
0.43349 0.260545 0.108127 0.126076 0.0161187 9.9982E-05 0.0554432 9.9982E-05
0.0196254 9.99642E-05 9.99642E-05 9.99642E-05 0.51671 0.454014 9.99642E-05 0.00925055
0.0133484 9.99641E-05 9.99641E-05 0.491021 0.254538 9.99641E-05 0.240693 9.99641E-05
9.99731E-05 0.145011 9.99731E-05 0.191864 0.00540155 0.606752 0.0506725 9.99731E-05
0.149468 0.329103 9.99731E-05 0.0553855 0.295337 9.99731E-05 0.170407 9.99731E-05
0.108277 0.133896 0.121149 0.0361277 0.0456234 0.196824 0.0479641 0.310138
0.106379 0.350741 0.500803 0.00689672 9.99821E-05 0.0340096 0.000970494 9.99821E-05
9.9982E-05 9.9982E-05 0.136146 0.406018 0.145572 0.0380997 0.00327899 0.270685
0.148841 9.99732E-05 9.99732E-05 0.0186559 0.00931138 0.431543 0.391349 9.99732E-05
0.2094 9.997E-05 0.242255 0.0758027 0.164027 9.997E-05 0.308216 9.997E-05
9.99731E-05 0.0315543 0.318271 9.99731E-05 9.99731E-05 0.00474051 0.0482237 0.596911
9.9991E-05 0.0118741 0.0906641 0.266982 0.311145 0.259143 0.04565 0.0144406
9.99731E-05 0.19068 0.307279 9.99731E-05 0.147749 9.99731E-05 0.150496 0.203496
9.99731E-05 9.99731E-05 0.0236795 9.99731E-05 0.353853 0.0485367 0.28237 0.291261
9.99731E-05 0.1835 0.123933 9.99731E-05 0.00738114 0.520528 0.164358 9.99731E-05
9.99642E-05 9.99642E-05 0.00485464 0.792818 9.99642E-05 0.103954 0.0979729 9.99642E-05
9.99463E-05 9.99463E-05 9.99463E-05 0.93025 9.99463E-05 9.99463E-05 9.99463E-05 0.0691505
9.99465E-05 9.99465E-05 9.99465E-05 0.679144 9.99465E-05 9.99465E-05 0.320257 9.99465E-05
9.99731E-05 0.12379 0.162078 9.99731E-05 0.124321 0.326692 9.99731E-05 0.262819
9.99641E-05 9.99641E-05 9.99641E-05 0.650551 0.300183 0.0203544 9.99641E-05 0.0285111
0.0900441 9.99821E-05 9.99821E-05 0.26168 0.00620825 0.0312642 0.0195974 0.591006
0.0787285 0.0549897 9.99821E-05 9.99821E-05 0.0141829 0.311106 0.41891 0.121883
0.0684083 0.222577 0.147559 0.0190612 0.121576 0.0839171 0.15836 0.178541
9.99731E-05 0.475415 9.99731E-05 0.101863 9.99731E-05 0.0311771 0.314 0.0772448
0.629543 9.99551E-05 0.228042 9.99551E-05 0.141915 9.99551E-05 9.99551E-05 9.99551E-05
0.238993 0.0862257 9.99731E-05 0.188056 0.455436 0.0309889 9.99731E-05 9.99731E-05
9.994E-05 9.994E-05 0.9993 9.994E-05 9.994E-05 9.994E-05 9.994E-05 9.994E-05
0.0370791 0.167518 9.99821E-05 0.0397245 0.407521 0.0917578 0.2562 9.99821E-05
0.0949971 9.99732E-05 0.103396 0.0869991 0.242122 0.472186 9.99732E-05 9.99732E-05
0.114322 9.99642E-05 0.365516 9.99642E-05 0.0724371 9.99642E-05 9.99642E-05 0.447325
0.0434641 0.383037 9.9991E-05 0.0184418 0.148955 0.202037 0.125778 0.0781877
9.99641E-05 0.510555 0.263728 9.99641E-05 0.0810445 9.99641E-05 9.99641E-05 0.144273
9.99641E-05 9.99641E-05 9.99641E-05 0.510768 0.100094 0.0573058 9.99641E-05 0.331432
0.0612386 0.13672 0.0699899 0.225594 0.351682 0.0252148 9.9991E-05 0.12946
9.99465E-05 9.99465E-05 9.99465E-05 0.160213 9.99465E-05 0.839187 9.99465E-05 9.99465E-05
9.99821E-05 0.0175493 0.0415733 0.162132 0.305556 9.99821E-05 0.169895 0.303095
0.0360964 9.99642E-05 9.99642E-05 9.99642E-05 0.613444 9.99642E-05 0.195969 0.154091
9.99732E-05 9.99732E-05 0.29766 0.396589 9.99732E-05 0.0451665 0.212008 0.0482765
0.0920922 9.99642E-05 9.99642E-05 0.707586 0.136525 0.0633968 9.99642E-05 9.99642E-05
0.222456 0.122572 0.0256828 0.115534 0.0590611 0.384619 0.0605929 0.00948208
9.994E-05 9.994E-05 0.9993 9.994E-05 9.994E-05 9.994E-05 9.994E-05 9.994E-05
9.99731E-05 0.193308 0.480247 0.236018 0.0740101 9.99731E-05 0.0161165 9.99731E-05
9.99552E-05 0.114494 9.99552E-05 9.99552E-05 0.663756 0.22125 9.99552E-05 9.99552E-05
9.99731E-05 0.0066384 0.248411 9.99731E-05 0.244225 0.0713397 9.99731E-05 0.429085
9.99464E-05 0.644902 0.354498 9.99464E-05 9.99464E-05 9.99464E-05 9.99464E-05 9.99464E-05
0.0112488 0.453009 0.0431969 0.0746547 0.218225 0.185275 0.0142903 9.9991E-05
0.026204 0.0494307 0.0844741 0.635481 9.99821E-05 9.99821E-05 0.0429027 0.161307
9.99643E-05 0.0358087 9.99643E-05 0.628207 0.152878 9.99643E-05 9.99643E-05 0.182706
9.99465E-05 9.99465E-05 9.99465E-05 9.99465E-05 0.831551 9.99465E-05 9.99465E-05 0.167849
0.170942 0.000693957 0.209529 9.9991E-05 0.417463 0.0735273 0.0811807 0.046564
0.401362 9.99642E-05 9.99642E-05 0.371024 9.99642E-05 9.99642E-05 0.193034 0.0341794
9.99731E-05 0.100636 0.0247844 0.278469 0.444775 9.99731E-05 9.99731E-05 0.151036
9.99551E-05 9.99551E-05 9.99551E-05 9.99551E-05 0.460837 9.99551E-05 0.200085 0.338578
0.045861 0.0514151 0.205278 0.129996 0.00897444 0.505631 0.00428131 0.0485634
0.0669114 0.236017 9.99821E-05 0.441227 0.117457 9.99821E-05 0.0287006 0.109486
0.0226504 0.0291488 9.99732E-05 0.538237 0.111339 9.99732E-05 9.99732E-05 0.298324
0.267522 0.143344 0.220659 0.0106991 0.0282196 0.288997 9.99911E-05 0.0404587
9.99642E-05 9.99642E-05 0.0313287 9.99642E-05 9.99642E-05 0.136285 0.810882 0.0211042
0.122156 0.0149906 9.9982E-05 0.135809 0.0126039 0.510837 9.9982E-05 0.203403
9.99731E-05 0.332733 0.0167329 9.99731E-05 0.385353 9.99731E-05 0.106635 0.158246
9.99642E-05 9.99642E-05 0.597661 9.99642E-05 9.99642E-05 0.333489 0.00951472 0.0589356
9.99731E-05 0.180937 0.352414 0.186351 9.99731E-05 0.0660368 0.213961 9.99731E-05
9.9973E-05 0.207924 0.160503 0.326464 9.9973E-05 0.278575 0.0262342 9.9973E-05
0.0880105 0.156629 9.99642E-05 0.322238 0.432723 9.99642E-05 9.99642E-05 9.99642E-05
9.99461E-05 9.99461E-05 9.99461E-05 0.0451096 9.99461E-05 9.99461E-05 0.954291 9.99461E-05
9.99643E-05 0.334756 0.132832 0.212057 0.319955 9.99643E-05 9.99643E-05 9.99643E-05
9.99821E-05 0.180898 0.109291 0.0656917 0.503506 0.0877947 0.0526186 9.99821E-05
0.231445 9.99641E-05 9.99641E-05 9.99641E-05 0.336986 0.190199 9.99641E-05 0.24097
0.0220885 9.99641E-05 9.99641E-05 9.99641E-05 0.464697 0.302122 0.210692 9.99641E-05
