9.9973E-05 0.0171159 0.05141 9.9973E-05 0.0186579 0.109541 0.720372 9.9973E-05 0.0826036
9.99729E-05 9.99729E-05 0.16358 9.99729E-05 0.226483 0.181398 0.0819271 0.326406 0.0199057
0.244277 0.023941 0.216247 0.086641 0.177082 9.9982E-05 0.117695 0.133917 9.9982E-05
9.999E-05 0.120987 0.0237899 0.081795 0.212587 0.0623978 0.205804 0.26142 0.0311191
0.149589 0.0840676 0.148237 0.00515038 0.162776 9.9982E-05 0.0627267 0.387254 9.9982E-05
0.273133 0.027326 9.9973E-05 9.9973E-05 0.186232 9.9973E-05 0.0930421 0.368559 0.0514087
0.044933 0.123223 0.0908844 0.043032 0.0836225 9.9991E-05 0.327592 0.173217 0.113397
0.202147 0.10637 0.115576 0.0338725 9.9991E-05 0.149876 0.117888 0.247403 0.0267683
0.41265 9.9973E-05 0.252894 0.0575314 0.108565 9.9973E-05 0.0468269 9.9973E-05 0.121233
9.9964E-05 0.128573 0.422269 0.155818 0.103006 9.9964E-05 9.9964E-05 9.9964E-05 0.189935
0.125683 0.0835946 0.23799 9.9982E-05 0.401483 0.0194075 0.0224842 9.9982E-05 0.109157
0.3546 0.0226871 0.518459 0.085267 0.0185411 9.99729E-05 9.99729E-05 0.000145561 9.99729E-05
0.304112 0.0463205 0.211229 0.0188727 9.9982E-05 9.9982E-05 0.103955 0.229062 0.086249
0.354043 0.0730149 0.153147 0.151183 9.9982E-05 0.0711044 0.133294 9.9982E-05 0.0640142
0.90156 0.0489956 9.99549E-05 9.99549E-05 0.00181455 0.0471299 9.99549E-05 9.99549E-05 9.99549E-05
9.999E-05 0.140034 0.00218177 0.0849144 0.0486279 0.431202 0.182435 0.0559807 0.0545246
0.95389 9.99369E-05 9.99369E-05 9.99369E-05 9.99369E-05 9.99369E-05 9.99369E-05 9.99369E-05 0.0454102
9.999E-05 0.145815 0.127232 0.198634 0.0851984 0.0948765 0.255988 0.0289145 0.0632426
0.31217 0.0602667 0.0683229 0.0236749 0.308357 9.9982E-05 0.197908 0.0291013 9.9982E-05
0.134422 0.0767064 0.0246323 0.0780473 0.275659 9.9991E-05 0.117683 0.244166 0.0485846
0.203771 0.12525 0.343287 9.99819E-05 0.0789492 0.000362163 0.140141 9.99819E-05 0.10804
0.574084 0.0682166 0.0269412 9.9973E-05 0.0698247 9.9973E-05 0.144271 0.116363 9.9973E-05
0.196772 0.156592 0.113367 9.9991E-05 0.0906156 0.0527601 0.168101 0.165324 0.056369
0.00679554 0.0282636 9.9982E-05 0.237589 0.11261 0.184906 0.140163 0.289472 9.9982E-05
0.0634292 0.0696698 0.0772301 9.9964E-05 0.611098 9.9964E-05 9.9964E-05 9.9964E-05 0.178173
0.389512 0.0184994 0.0812415 0.0823391 9.9982E-05 0.056087 0.292766 0.0793546 9.9982E-05
0.0740653 0.1062 0.293655 0.157387 0.0540683 0.091269 9.9991E-05 0.126436 0.0968189
0.285845 0.0767595 9.9973E-05 0.11237 0.117352 9.9973E-05 0.294484 9.9973E-05 0.11289
0.0720387 0.00978853 0.110855 0.0887834 0.310432 0.0486765 9.9991E-05 0.30612 0.0532059
0.158761 0.0363276 0.0555751 0.564299 9.9982E-05 0.112639 0.0426531 0.029545 9.9982E-05
0.200365 0.0267277 9.9991E-05 0.0417881 0.606199 0.0159173 0.0091674 0.0288379 0.0708974
9.9964E-05 0.0328872 0.537427 9.9964E-05 0.364911 0.0594553 0.00491899 9.9964E-05 9.9964E-05
0.32721 0.070803 0.000354906 0.0192746 0.00567841 0.0594354 0.146109 0.371034 9.9991E-05
0.24191 0.0908429 0.002889 0.0124664 0.2969 9.9973E-05 9.9973E-05 0.354691 9.9973E-05
0.37897 0.065699 0.259896 9.9973E-05 9.9973E-05 9.9973E-05 0.167014 0.048972 0.0791494
9.993E-05 9.993E-05 9.993E-05 9.993E-05 9.993E-05 9.993E-05 0.999201 9.993E-05 9.993E-05
9.9973E-05 9.9973E-05 9.9973E-05 0.0075642 0.0547983 0.0115634 0.21765 0.575636 0.132488
0.159928 9.9964E-05 0.622854 0.0356885 9.9964E-05 9.9964E-05 0.0829194 9.9964E-05 0.0982099
0.351262 0.0342458 9.9973E-05 0.0894232 0.247991 9.9973E-05 9.9973E-05 0.249715 0.0270633
9.9982E-05 0.175069 0.135062 9.9982E-05 0.305257 0.199957 0.0913519 0.0899005 0.00320284
0.409755 9.9973E-05 9.9973E-05 0.0743872 0.206535 0.136329 9.9973E-05 0.0145817 0.158112
9.9973E-05 0.0879307 9.9973E-05 9.9973E-05 0.0933182 0.099818 0.206164 0.418126 0.0943437
9.9982E-05 0.0826656 0.218816 0.0696071 9.9982E-05 0.11329 0.224444 0.282907 0.00806982
9.9973E-05 9.9973E-05 0.350348 0.126258 0.0845668 0.0053668 0.367824 0.0653363 9.9973E-05
9.99549E-05 0.0514339 0.850966 9.99549E-05 9.99549E-05 0.0599331 9.99549E-05 0.0371675 9.99549E-05
0.064706 0.0331945 0.168586 9.9982E-05 0.41737 9.9982E-05 0.113851 0.0720678 0.130024
0.105371 0.0244314 0.232547 0.0587885 0.06308 0.130331 0.0797715 0.249364 0.056316
0.0207218 0.0389172 9.9982E-05 0.0631177 0.246554 0.180686 0.0995245 0.350279 9.9982E-05
9.9982E-05 0.111801 0.00990417 0.0756463 0.608621 0.0699432 9.9982E-05 0.104951 0.018934
0.124739 0.0517142 0.0808495 0.0761123 0.41343 0.204978 0.0479773 9.9982E-05 9.9982E-05
0.320845 0.142494 0.280998 0.0560937 9.9982E-05 0.0390768 0.0798523 9.9982E-05 0.0804401
9.999E-05 0.129956 0.19333 0.122261 0.215077 0.128997 0.066665 0.101547 0.0420673
0.258919 0.0248155 9.9973E-05 0.0266647 9.9973E-05 0.495025 9.9973E-05 0.191266 0.00301029
0.0956912 0.0733909 0.0265681 0.0800509 0.16361 0.142703 0.0448789 0.203121 0.169986
9.99461E-05 9.99461E-05 9.99461E-05 0.144941 0.658373 0.196087 9.99461E-05 9.99461E-05 9.99461E-05
0.024173 0.131434 0.0895899 0.00549975 0.200253 9.9973E-05 9.9973E-05 0.54875 9.9973E-05
9.99641E-05 9.99641E-05 0.40852 0.0254024 0.3308 0.17243 9.99641E-05 9.99641E-05 0.0624474
9.9982E-05 0.0137222 0.0630541 0.114264 0.461355 9.9982E-05 0.129292 0.144143 0.0739699
9.99729E-05 0.127171 9.99729E-05 0.0372394 0.48094 0.182866 9.99729E-05 0.147733 0.0237516
0.0262709 0.0881538 0.446798 9.9991E-05 0.168942 0.0184862 0.0426867 0.124188 0.084374
9.9946E-05 0.0504051 9.9946E-05 0.0253781 9.9946E-05 9.9946E-05 9.9946E-05 0.923617 9.9946E-05
0.28956 0.161198 0.100479 0.0387719 0.0258655 0.0386374 9.9991E-05 0.253999 0.0913893
0.393919 0.00146758 9.9964E-05 9.9964E-05 0.484079 0.0526739 0.0674604 9.9964E-05 9.9964E-05
9.9964E-05 0.0795431 9.9964E-05 0.854941 0.00313242 9.9964E-05 0.0194517 9.9964E-05 0.0425323
9.9964E-05 9.9964E-05 9.9964E-05 9.9964E-05 0.166631 0.112988 0.324096 0.235102 0.160782
9.9946E-05 9.9946E-05 9.9946E-05 9.9946E-05 9.9946E-05 9.9946E-05 0.927948 0.0487206 0.0227321
9.9973E-05 0.0863527 0.075698 9.9973E-05 0.2038 9.9973E-05 0.404867 0.193473 0.0355098
0.387696 9.9955E-05 9.9955E-05 0.0582847 0.526349 9.9955E-05 9.9955E-05 0.0271706 9.9955E-05
0.140522 0.0442549 9.9973E-05 0.00727875 0.209431 9.9973E-05 0.337739 0.260474 9.9973E-05
9.9982E-05 0.125376 0.191956 0.103138 9.9982E-05 0.150466 0.0530034 0.349922 0.025939
9.9973E-05 0.0424629 0.438863 0.0714184 0.181692 9.9973E-05 9.9973E-05 0.229804 0.0354607
0.582971 0.0448602 9.9973E-05 0.0102342 0.106454 9.9973E-05 0.17374 0.0814408 9.9973E-05
0.179927 0.176634 0.0425004 0.0826231 0.302881 9.9991E-05 0.0536048 0.152243 0.0094869
0.269756 9.99549E-05 9.99549E-05 9.99549E-05 0.497434 9.99549E-05 9.99549E-05 0.218106 0.0142045
0.391616 9.9964E-05 0.195527 0.102227 9.9964E-05 0.10758 9.9964E-05 9.9964E-05 0.202649
0.0609513 0.0504244 0.209997 0.0244536 0.170151 0.352636 9.9991E-05 0.0613397 0.0699467
0.0259663 0.132297 0.205971 9.9964E-05 0.108074 9.9964E-05 9.9964E-05 0.527292 9.9964E-05
9.9955E-05 0.0481392 9.9955E-05 9.9955E-05 9.9955E-05 0.00720249 9.9955E-05 0.918911 0.0252471
0.0395808 9.9946E-05 9.9946E-05 9.9946E-05 9.9946E-05 9.9946E-05 0.0270213 0.932798 9.9946E-05
9.9955E-05 0.0736042 9.9955E-05 0.0715137 9.9955E-05 9.9955E-05 9.9955E-05 0.83337 0.0210118
0.118947 0.112463 0.259957 0.0618584 9.9991E-05 0.0724224 0.0642558 0.276129 0.0338678
0.151899 0.0434498 0.148077 0.00293683 0.188954 9.9991E-05 0.196255 0.220527 0.0478003
9.9973E-05 9.9973E-05 0.270224 0.238842 0.293396 0.0810167 9.9973E-05 0.0891602 0.0270608
9.9982E-05 0.176308 0.15821 0.0710655 0.00735389 0.34529 9.9982E-05 0.148457 0.0931158
0.215624 0.0879955 9.9982E-05 0.0903599 0.209455 9.9982E-05 0.194983 0.191193 0.0101898
9.9982E-05 0.00547993 0.455415 9.9982E-05 0.00868512 0.154439 0.125387 0.155938 0.0944559
0.112074 0.0013622 9.9964E-05 0.00858272 9.9964E-05 9.9964E-05 0.721283 0.156299 9.9964E-05
9.99461E-05 0.0994072 0.879289 9.99461E-05 9.99461E-05 9.99461E-05 9.99461E-05 0.0207044 9.99461E-05
0.397962 0.0351348 9.9982E-05 0.116051 0.0601096 0.056418 0.257813 9.9982E-05 0.0763121
0.00714387 0.0572435 0.523293 9.9973E-05 0.27372 0.0328463 0.105454 9.9973E-05 9.9973E-05
9.99369E-05 9.99369E-05 9.99369E-05 0.98775 9.99369E-05 9.99369E-05 9.99369E-05 9.99369E-05 0.0115505
0.282032 0.0197893 0.263048 9.9973E-05 0.276018 9.9973E-05 0.095374 9.9973E-05 0.0634391
0.00154266 0.132199 9.9982E-05 9.9982E-05 0.309631 0.0870004 0.15972 0.286755 0.0229509
0.540785 0.0965161 9.9964E-05 9.9964E-05 0.0937889 0.114636 0.153874 9.9964E-05 9.9964E-05
9.9964E-05 0.126055 9.9964E-05 9.9964E-05 0.13053 9.9964E-05 0.284182 0.411721 0.0471124
0.127264 0.0563552 0.0916921 0.111244 9.9991E-05 0.0559402 0.033287 0.478412 0.0457052
9.9964E-05 9.9964E-05 0.529794 9.9964E-05 9.9964E-05 0.163231 0.167399 0.0845495 0.0546275
9.99641E-05 0.0476018 9.99641E-05 9.99641E-05 0.739252 0.021667 9.99641E-05 0.0810587 0.110021
0.0801431 0.121111 0.248756 0.36303 9.9973E-05 0.00609697 0.180563 9.9973E-05 9.9973E-05
0.447345 9.9964E-05 9.9964E-05 0.285253 0.00445378 9.9964E-05 0.125984 0.136564 9.9964E-05
0.295371 0.0685205 0.0175076 0.144254 0.376372 9.9973E-05 0.0976745 9.9973E-05 9.9973E-05
9.993E-05 9.993E-05 9.993E-05 0.999201 9.993E-05 9.993E-05 9.993E-05 9.993E-05 9.993E-05
0.346498 0.0560788 9.9982E-05 0.0580701 0.279683 0.000902766 9.9982E-05 0.198349 0.0602186
9.99369E-05 0.0248501 9.99369E-05 9.99369E-05 9.99369E-05 9.99369E-05 9.99369E-05 9.99369E-05 0.97445
0.244151 0.0627197 0.311076 9.9973E-05 9.9973E-05 0.144448 0.112077 9.9973E-05 0.125228
0.207156 9.9982E-05 0.00379509 9.9982E-05 0.384177 0.212338 0.0623712 0.120941 0.0090215
0.233238 9.9991E-05 0.179104 0.00247924 0.0377213 0.14146 0.188632 0.181803 0.035463
0.269955 0.0208043 9.99639E-05 9.99639E-05 0.502741 9.99639E-05 0.182965 9.99639E-05 0.0231353
0.4626 0.117896 9.99641E-05 0.146959 0.242022 9.99641E-05 9.99641E-05 0.030123 9.99641E-05
0.222709 0.0740309 0.134131 0.0117766 0.229805 0.0552684 0.152574 0.100435 0.0192707
0.231047 0.0777974 9.9982E-05 9.9982E-05 0.145771 0.0994444 0.126819 0.178673 0.140248
9.9973E-05 0.117965 0.294326 0.196109 0.364212 9.9973E-05 9.9973E-05 0.0255789 0.00150898
9.9973E-05 0.0174303 0.182135 9.9973E-05 0.24566 0.202762 9.9973E-05 0.329847 0.0218653
0.293499 0.0353292 0.139979 0.41133 0.00961077 9.9982E-05 0.0790954 9.9982E-05 0.0309567
0.0763233 0.00915507 0.110145 0.0898739 9.9982E-05 0.117787 0.00914233 0.587373 9.9982E-05
9.993E-05 9.993E-05 9.993E-05 0.999201 9.993E-05 9.993E-05 9.993E-05 9.993E-05 9.993E-05
0.334436 9.9973E-05 0.300562 9.9973E-05 0.243393 0.00303105 0.0199633 9.9973E-05 0.0983153
9.9964E-05 0.0745761 0.268008 9.9964E-05 9.9964E-05 9.9964E-05 0.530536 0.100203 0.0262769
9.9964E-05 0.0724708 0.211336 0.0372473 0.144955 9.9964E-05 9.9964E-05 0.533591 9.9964E-05
0.16533 0.159652 0.579364 0.0352452 9.9973E-05 9.9973E-05 0.0249814 9.9973E-05 0.0351275
0.290995 0.0607829 0.0273884 0.0475487 0.107778 9.9991E-05 0.185335 0.272545 0.00752662
0.140164 0.122055 9.99797E-05 0.441206 0.10928 9.99797E-05 0.182003 0.00499209 9.99797E-05
0.0149243 0.0196468 0.270067 0.193196 0.0334585 9.9982E-05 0.0679621 0.400545 9.9982E-05
0.010803 9.9973E-05 0.198172 9.9973E-05 0.178338 0.356145 9.9973E-05 0.191436 0.0648067
0.114166 0.0650751 0.188894 0.202272 0.27761 0.0924838 0.0337251 9.9991E-05 0.025673
0.546156 9.99551E-05 0.138875 9.99551E-05 9.99551E-05 0.0534824 9.99551E-05 0.260987 9.99551E-05
0.0714025 0.051826 9.9946E-05 9.9946E-05 0.876172 9.9946E-05 9.9946E-05 9.9946E-05 9.9946E-05
9.9964E-05 0.0189244 9.9964E-05 0.105687 0.767213 9.9964E-05 0.0898309 9.9964E-05 0.0179451
0.141378 0.0306378 0.474277 9.9973E-05 0.147957 0.1854 9.9973E-05 0.020049 9.9973E-05
0.074719 0.0453233 0.497418 0.144318 0.094427 0.0568073 0.0532863 9.9991E-05 0.0336014
0.241076 0.0359721 0.198247 9.9973E-05 0.0154334 9.9973E-05 0.483404 0.0255678 9.9973E-05
9.9973E-05 0.159629 0.0417312 0.086823 9.9973E-05 0.00641543 0.00738082 0.697721 9.9973E-05
0.0516965 9.9973E-05 0.355032 0.256134 9.9973E-05 0.0130522 9.9973E-05 0.297241 0.0265447
0.262413 0.0806019 9.9991E-05 0.0696045 0.282348 0.0468793 0.0278462 0.21499 0.0152161
9.9973E-05 0.00444655 0.0517976 0.0798075 0.57181 9.9973E-05 0.110821 0.181017 9.9973E-05
9.9973E-05 0.100682 0.461295 0.0161057 0.353345 9.9973E-05 9.9973E-05 0.039406 0.0288667
9.99369E-05 9.99369E-05 9.99369E-05 9.99369E-05 0.0458221 0.953478 9.99369E-05 9.99369E-05 9.99369E-05
9.993E-05 9.993E-05 9.993E-05 9.993E-05 9.993E-05 0.999201 9.993E-05 9.993E-05 9.993E-05
0.0506573 0.0470502 0.518303 0.0295919 9.9982E-05 0.0846253 0.139622 0.12995 9.9982E-05
0.0719864 0.0606151 0.0155542 9.9982E-05 0.138005 9.9982E-05 0.0266317 0.552813 0.134195
9.9955E-05 0.098915 0.420839 9.9955E-05 9.9955E-05 9.9955E-05 9.9955E-05 0.438974 0.0407723
0.443139 0.0478694 9.9955E-05 9.9955E-05 0.508179 9.9955E-05 9.9955E-05 9.9955E-05 0.000312374
0.0483608 9.9982E-05 0.0606959 0.157624 0.531287 9.9982E-05 0.0317163 0.0611945 0.108921
9.9973E-05 0.0498628 0.196338 0.0491994 0.542625 9.9973E-05 0.102699 9.9973E-05 0.0589762
0.158133 0.102005 9.9991E-05 0.000350161 0.0173092 0.102872 0.205004 0.37558 0.0386454
0.216584 0.0845499 9.99729E-05 0.330988 9.99729E-05 9.99729E-05 0.164234 0.139601 0.0637432
0.429326 0.0106589 9.9982E-05 9.9982E-05 0.0224506 0.0753077 0.163955 0.199205 0.0988961
9.993E-05 0.999201 9.993E-05 9.993E-05 9.993E-05 9.993E-05 9.993E-05 9.993E-05 9.993E-05
9.9973E-05 0.0786935 0.074226 9.9973E-05 0.020412 9.9973E-05 0.459154 0.29948 0.067734
9.9973E-05 0.0410561 9.9973E-05 9.9973E-05 0.0458022 0.179186 0.301663 0.16998 0.262012
0.398128 0.0260131 0.415095 0.0231754 0.0849517 9.9973E-05 9.9973E-05 9.9973E-05 0.0523372
0.226863 0.0573477 0.151616 9.9973E-05 9.9973E-05 9.9973E-05 0.0309357 0.299833 0.233105
9.9982E-05 0.16136 0.386965 0.0797435 0.109669 9.9982E-05 0.0609608 0.183895 0.0172074
0.195903 0.0841521 0.242719 0.09011 0.0508559 0.0809181 0.00962168 0.24562 9.9991E-05
0.271368 0.0568149 0.276681 0.0160025 9.9973E-05 9.9973E-05 0.0387414 0.340092 9.9973E-05
0.102147 0.0227632 9.9982E-05 0.172598 9.9982E-05 0.292568 0.126777 0.248511 0.034436
9.99639E-05 0.0673414 0.103692 9.99639E-05 0.459233 9.99639E-05 0.1781 0.191234 9.99639E-05
0.132267 0.11552 0.194884 0.0843288 0.0759007 0.0356109 0.135039 0.194128 0.0323227
9.9964E-05 9.9964E-05 9.9964E-05 0.137722 0.000576912 0.112821 0.675807 0.0726725 9.9964E-05
0.308787 0.035768 0.0532619 0.177347 0.19564 9.9991E-05 0.0917392 0.133857 0.00349921
0.180932 0.0846632 0.175597 9.9982E-05 0.157061 9.9982E-05 0.158204 0.134268 0.109074
9.993E-05 0.999201 9.993E-05 9.993E-05 9.993E-05 9.993E-05 9.993E-05 9.993E-05 9.993E-05
0.401477 0.3704 0.0608614 9.99639E-05 9.99639E-05 0.122367 0.0444957 9.99639E-05 9.99639E-05
9.9964E-05 0.0166289 0.0465981 9.9964E-05 9.9964E-05 0.314115 9.9964E-05 0.610336 0.0119221
0.0505119 0.11963 0.290352 0.0671188 0.279755 0.0588245 0.109383 9.9991E-05 0.0243249
0.107472 0.0102714 9.9973E-05 0.00824498 9.9973E-05 9.9973E-05 0.794759 0.0424837 0.036469
0.196966 0.070021 0.097592 9.9991E-05 0.294589 0.151304 0.14946 0.0393899 0.000577622
0.0407632 0.0739938 0.326456 9.9982E-05 0.144803 0.055188 9.9982E-05 0.277282 0.0813139
9.993E-05 9.993E-05 9.993E-05 9.993E-05 9.993E-05 0.999201 9.993E-05 9.993E-05 9.993E-05
0.316601 0.114831 0.163113 0.0668449 9.9973E-05 9.9973E-05 0.161885 0.176425 9.9973E-05
9.99639E-05 9.99639E-05 9.99639E-05 0.13961 0.600783 0.149968 9.99639E-05 0.0912049 0.0180335
0.234082 0.0871812 0.163602 0.0386428 0.134924 0.172352 0.0446519 9.9991E-05 0.124465
9.9973E-05 0.0477595 0.140374 0.229311 0.0608767 9.9973E-05 0.416469 0.10491 9.9973E-05
0.109876 9.9973E-05 0.308142 9.9973E-05 0.104634 0.347737 9.9973E-05 0.106569 0.0227424
0.0918096 0.195618 9.9973E-05 9.9973E-05 0.221831 0.0364173 0.0195731 0.434451 9.9973E-05
0.281646 9.9982E-05 0.138153 0.00435475 0.0725097 9.9982E-05 0.0372388 0.406096 0.0598022
0.206266 0.143531 0.496112 9.9973E-05 0.0357353 0.00569328 9.9973E-05 0.112363 9.9973E-05
0.191288 9.9955E-05 0.469599 9.9955E-05 9.9955E-05 0.252041 9.9955E-05 9.9955E-05 0.0865732
9.993E-05 9.993E-05 9.993E-05 9.993E-05 9.993E-05 9.993E-05 9.993E-05 9.993E-05 0.999201
0.000336066 9.9991E-05 0.192903 0.0497271 0.195972 0.123673 0.0735212 0.276641 0.0871264
0.999201 9.993E-05 9.993E-05 9.993E-05 9.993E-05 9.993E-05 9.993E-05 9.993E-05 9.993E-05
0.255465 0.138726 0.150486 0.0624852 0.126036 0.00630403 0.258897 9.9991E-05 0.00150081
0.0924901 0.0155446 9.9991E-05 0.0514829 0.142488 0.232 0.328345 0.0844519 0.0530977
0.0892877 9.9982E-05 0.168978 0.15179 0.101626 0.061653 0.272868 0.153598 9.9982E-05
0.133423 0.00628737 0.334339 0.0663656 9.9982E-05 0.168823 0.272772 9.9982E-05 0.0177901
9.993E-05 9.993E-05 9.993E-05 9.993E-05 9.993E-05 9.993E-05 9.993E-05 9.993E-05 0.999201
0.220387 0.067456 0.14025 0.0318173 0.0915712 9.9991E-05 0.155786 0.273259 0.0193739
0.219369 0.0813118 0.0606778 0.0454296 0.0447264 9.9982E-05 0.296077 9.9982E-05 0.252208
0.285346 0.00960512 0.0217605 9.9982E-05 9.9982E-05 0.0123656 0.237825 0.421344 0.0115536
0.0323572 9.99814E-05 0.420345 0.101043 9.99814E-05 0.196271 0.0998816 0.149801 9.99814E-05
