9.99549E-05 9.99549E-05 9.99549E-05 0.0794667 9.99549E-05 0.0185425 9.99549E-05 0.186008 0.715483
9.9973E-05 0.231664 0.0957301 0.00323355 0.405355 0.0156896 9.9973E-05 9.9973E-05 0.248029
0.152779 0.0574593 0.0982148 0.00184327 0.319352 9.9991E-05 0.052797 0.241632 0.0758219
0.510113 0.0724981 0.0173969 0.115348 9.9982E-05 0.121148 0.0678505 9.9982E-05 0.0954453
0.457273 0.251928 0.0151032 0.0103172 0.118822 0.0113571 0.0906477 9.9991E-05 0.0444517
0.703672 0.0756055 9.9964E-05 0.0867075 0.129229 9.9964E-05 0.00438569 9.9964E-05 9.9964E-05
0.478367 0.190665 9.99549E-05 9.99549E-05 9.99549E-05 9.99549E-05 0.167711 9.99549E-05 0.162757
0.105651 0.0781969 0.159343 9.9991E-05 0.0126805 0.139648 0.0677221 0.334475 0.102184
0.0680898 0.14251 0.0833821 9.9973E-05 0.0542202 9.9973E-05 0.0628831 0.588615 9.9973E-05
9.9982E-05 0.106276 0.137119 0.15952 0.0941933 9.9982E-05 0.111937 0.386258 0.00449677
0.0202715 9.99639E-05 9.99639E-05 0.209738 0.363249 9.99639E-05 0.0340766 0.372264 9.99639E-05
9.9964E-05 0.263527 0.0470692 9.9964E-05 0.270183 9.9964E-05 0.00928549 0.409536 9.9964E-05
0.375086 0.12574 0.056068 0.0384897 0.0376791 9.9991E-05 0.144939 0.202898 0.0189998
9.999E-05 0.107825 0.0860538 0.0356285 0.332666 0.0747932 0.0456634 0.10361 0.21366
9.9964E-05 9.9964E-05 0.01948 9.9964E-05 0.704129 0.150971 0.0738462 9.9964E-05 0.0511744
0.093495 9.9982E-05 0.0204187 9.9982E-05 0.224825 0.376769 0.105325 0.0813029 0.0976649
9.9973E-05 9.9973E-05 0.0971406 0.158716 0.459005 0.2357 0.038993 9.9973E-05 0.0101451
0.303602 9.9982E-05 0.143205 0.0225586 0.226026 0.0106263 0.116772 9.9982E-05 0.177011
0.23977 0.0645162 9.9973E-05 9.9973E-05 0.280365 9.9973E-05 0.066137 0.227959 0.120952
0.289904 0.172428 0.149628 0.0359756 0.283168 9.9982E-05 0.0384321 9.9982E-05 0.0302633
0.103506 0.0903791 9.99639E-05 9.99639E-05 9.99639E-05 9.99639E-05 0.15202 0.548913 0.104783
0.127688 0.496923 9.9991E-05 0.0657009 0.119164 0.0123068 0.0897801 0.0360217 0.0523162
0.362921 0.157326 9.9973E-05 0.0101742 9.9973E-05 0.13645 0.119063 0.213765 9.9973E-05
0.334347 0.219998 0.227093 9.9964E-05 0.0599325 9.9964E-05 9.9964E-05 9.9964E-05 0.15823
9.9955E-05 9.9955E-05 9.9955E-05 0.20363 0.314441 9.9955E-05 0.0622725 0.419156 9.9955E-05
0.100734 9.9991E-05 0.043764 0.0357571 0.0300189 0.151533 0.000754959 0.262589 0.374749
0.217465 9.9982E-05 0.0619096 0.0801923 9.9982E-05 0.244038 0.105496 0.289662 0.00103769
0.084377 0.0192049 0.244005 0.0714429 0.205195 0.0273623 0.014995 0.0305215 0.302897
0.236971 9.9964E-05 0.153052 9.9964E-05 0.404964 0.0403058 9.9964E-05 0.164308 9.9964E-05
0.0919018 9.99729E-05 0.624201 9.99729E-05 0.089659 0.0241502 0.0694761 9.99729E-05 0.100312
0.0693514 9.9964E-05 0.0775185 0.0945054 0.726232 9.9964E-05 0.031993 9.9964E-05 9.9964E-05
9.9964E-05 0.125482 9.9964E-05 0.0059449 0.050861 9.9964E-05 0.046384 0.770928 9.9964E-05
0.330929 9.9982E-05 0.0572267 9.9982E-05 0.288318 0.0315195 0.0170144 0.0810992 0.193694
0.364925 0.131721 9.99729E-05 0.0222724 0.314167 0.0501815 0.116433 9.99729E-05 9.99729E-05
0.17212 9.9973E-05 9.9973E-05 0.139605 0.194344 9.9973E-05 0.0520633 0.217083 0.224484
9.993E-05 9.993E-05 9.993E-05 9.993E-05 9.993E-05 9.993E-05 9.993E-05 9.993E-05 0.999201
0.587941 9.9955E-05 9.9955E-05 0.210869 9.9955E-05 0.0173414 9.9955E-05 9.9955E-05 0.183348
9.9964E-05 9.9964E-05 0.123056 0.0706805 9.9964E-05 0.0480584 9.9964E-05 0.658962 0.0988428
0.258431 0.116885 0.0295907 0.0905654 0.454303 9.9973E-05 0.0499249 9.9973E-05 9.9973E-05
0.211633 9.9964E-05 9.9964E-05 9.9964E-05 0.428672 0.0706731 0.160235 9.9964E-05 0.128388
0.0617826 0.582962 0.0646494 0.11822 9.9991E-05 0.0476834 0.0247471 0.0695643 0.0302914
0.375252 0.0144092 9.9991E-05 0.0837065 0.141301 0.218357 0.0931052 0.0101678 0.0636009
0.310454 0.201746 9.9982E-05 0.126127 9.9982E-05 0.0162803 0.00202558 0.103607 0.23956
0.0278217 9.9964E-05 0.0299532 9.9964E-05 0.335957 9.9964E-05 9.9964E-05 0.196312 0.409557
9.9973E-05 0.136051 0.0477658 9.9973E-05 9.9973E-05 0.0413988 0.0560508 0.649735 0.0686983
0.187126 9.9982E-05 0.0272939 0.15794 0.339615 9.9982E-05 0.0144506 0.222278 0.0510967
0.296528 0.0368986 0.0634312 9.9982E-05 0.197957 0.197538 9.9982E-05 0.201926 0.00552111
0.538539 0.150291 0.0078458 9.9982E-05 0.0735376 0.114835 0.0350023 0.0797497 9.9982E-05
9.9973E-05 0.153544 0.0945399 9.9973E-05 0.68605 9.9973E-05 0.0305708 0.0314285 0.00356735
0.143035 0.0161914 0.0483288 9.9991E-05 0.355703 0.167904 0.03222 0.195959 0.0405597
9.9973E-05 9.9973E-05 0.122458 0.0473083 0.409919 9.9973E-05 0.0455336 0.303512 0.0709693
0.162162 0.138891 0.0226755 9.9991E-05 0.298148 0.0681735 0.116415 0.138479 0.0549557
0.132088 0.192792 0.0103573 0.0257599 0.0430727 0.44988 0.00500167 9.9991E-05 0.140949
0.280769 9.9991E-05 0.0306108 0.107011 0.0144886 0.17382 0.0727627 0.317419 0.00301882
9.9955E-05 0.888397 0.0181699 9.9955E-05 0.0293411 0.0635927 9.9955E-05 9.9955E-05 9.9955E-05
0.5052 0.0706592 9.9982E-05 0.0304537 0.202829 9.9982E-05 0.124758 0.0266161 0.0392836
9.993E-05 0.999201 9.993E-05 9.993E-05 9.993E-05 9.993E-05 9.993E-05 9.993E-05 9.993E-05
0.1945 0.635101 0.0586028 0.105861 9.9964E-05 9.9964E-05 9.9964E-05 0.00553476 9.9964E-05
9.99729E-05 0.14186 9.99729E-05 0.054317 0.532325 0.152801 0.099411 0.0189867 9.99729E-05
0.106011 9.9973E-05 9.9973E-05 0.0781294 0.33738 9.9973E-05 0.0272079 0.360677 0.0902955
0.839203 0.0907391 0.036921 9.99639E-05 9.99639E-05 9.99639E-05 0.0298823 9.99639E-05 0.00285449
0.134386 9.9982E-05 9.9982E-05 0.0724424 0.513137 0.039774 0.108826 0.0573536 0.0738817
0.444406 0.174239 9.9973E-05 9.9973E-05 0.153455 9.9973E-05 0.0564945 0.161359 0.00974644
9.9955E-05 9.9955E-05 0.923823 0.00726962 9.9955E-05 9.9955E-05 0.0479024 9.9955E-05 0.0205048
0.184075 9.9973E-05 9.9973E-05 0.157511 0.111396 0.126586 9.9973E-05 0.133873 0.286259
9.9937E-05 9.9937E-05 9.9937E-05 9.9937E-05 9.9937E-05 0.0405077 9.9937E-05 9.9937E-05 0.958793
0.0381555 0.233249 9.9973E-05 0.171813 0.147378 9.9973E-05 0.0362019 9.9973E-05 0.372903
0.413641 0.119952 0.142039 9.9973E-05 0.294797 9.9973E-05 0.0172671 0.0120046 9.9973E-05
0.107792 9.99551E-05 0.0194128 9.99551E-05 0.518347 9.99551E-05 9.99551E-05 9.99551E-05 0.353948
0.367048 9.9973E-05 0.0984663 0.0147604 9.9973E-05 0.212388 0.0762598 0.230778 9.9973E-05
0.00886423 0.0823421 0.049357 0.0384619 0.771696 9.9973E-05 9.9973E-05 0.0489788 9.9973E-05
9.9982E-05 9.9982E-05 0.0744619 0.0126717 0.256677 0.132568 0.0965692 0.222285 0.204567
0.0395832 0.147011 0.0772663 9.9982E-05 0.468597 0.001049 0.140011 9.9982E-05 0.126283
0.0935415 0.282719 0.0562294 0.0518459 0.457278 9.9982E-05 0.0313117 0.0268745 9.9982E-05
0.0174638 0.219684 0.124903 0.198611 0.09587 0.0709072 9.9991E-05 0.193156 0.0793049
9.9973E-05 0.268655 9.9973E-05 0.0572505 0.176097 0.244214 0.0544833 0.199 9.9973E-05
0.576054 9.9964E-05 0.00941092 0.00355977 9.9964E-05 9.9964E-05 0.0968949 0.313681 9.9964E-05
0.46508 9.9973E-05 0.0109703 0.114416 0.306691 0.0483476 0.0541946 9.9973E-05 9.9973E-05
0.482359 9.9946E-05 9.9946E-05 9.9946E-05 0.38311 9.9946E-05 9.9946E-05 9.9946E-05 0.133932
0.38357 0.0624645 0.138601 9.9982E-05 0.259246 0.0066617 0.0837148 9.9982E-05 0.0655425
0.0870468 0.263136 0.103097 0.0218007 9.9991E-05 0.0867499 0.109848 0.233302 0.0949195
0.446559 9.9973E-05 0.0228581 0.0358237 9.9973E-05 9.9973E-05 0.0328088 0.359024 0.102627
0.111114 9.9991E-05 0.184415 0.0721768 0.327817 0.0726638 0.00158562 0.224497 0.00563111
0.124117 9.9973E-05 0.0352492 9.9973E-05 0.643298 0.0758896 0.0197119 0.101435 9.9973E-05
0.377778 0.0401034 0.0800834 9.9982E-05 0.290673 0.0236717 0.0602689 9.9982E-05 0.127222
0.0602146 0.434305 9.9973E-05 0.0655894 9.9973E-05 0.0513298 9.9973E-05 0.344594 0.0436676
0.126844 9.99549E-05 9.99549E-05 9.99549E-05 0.0402714 9.99549E-05 0.0335987 9.99549E-05 0.798786
0.0914111 9.99641E-05 9.99641E-05 0.0720182 0.219456 9.99641E-05 0.0230005 0.593714 9.99641E-05
0.10621 9.9982E-05 0.169751 0.105013 0.215096 0.0803356 0.0253318 9.9982E-05 0.298063
0.0364859 0.0916032 9.9973E-05 9.9973E-05 9.9973E-05 0.0203414 0.0587563 0.734787 0.0577259
9.9955E-05 9.9955E-05 0.912813 0.0446627 9.9955E-05 9.9955E-05 9.9955E-05 0.019265 0.0227596
0.0853745 0.284214 0.0259168 0.0559228 0.0457118 9.9982E-05 0.0410675 0.461593 9.9982E-05
0.747671 9.9964E-05 9.9964E-05 0.0855458 9.9964E-05 0.00441672 0.0763229 9.9964E-05 0.0856435
9.9973E-05 0.108607 0.0621695 9.9973E-05 0.384372 0.156608 0.0865886 9.9973E-05 0.201356
0.556404 9.9955E-05 9.9955E-05 0.167669 9.9955E-05 0.0621289 9.9955E-05 9.9955E-05 0.213298
0.529161 9.9991E-05 0.0520707 0.0270507 0.0315547 0.0841078 0.0145469 0.182854 0.0785538
9.9964E-05 0.141383 9.9964E-05 0.0585105 9.9964E-05 0.0686589 9.9964E-05 0.460925 0.270122
0.536931 9.99461E-05 9.99461E-05 0.0593851 0.403085 9.99461E-05 9.99461E-05 9.99461E-05 9.99461E-05
0.236409 9.9973E-05 0.382906 9.9973E-05 9.9973E-05 0.034941 0.0920992 0.236915 0.0164301
0.181273 0.195252 0.25581 9.9964E-05 0.277781 9.9964E-05 9.9964E-05 9.9964E-05 0.0894843
0.0619521 0.140699 0.0808927 9.9982E-05 0.326934 9.9982E-05 0.0714587 0.16593 0.151934
9.993E-05 9.993E-05 0.999201 9.993E-05 9.993E-05 9.993E-05 9.993E-05 9.993E-05 9.993E-05
0.162125 0.0886291 9.99729E-05 0.167678 0.421362 0.135338 0.0245677 9.99729E-05 9.99729E-05
9.99369E-05 9.99369E-05 9.99369E-05 0.97171 9.99369E-05 9.99369E-05 0.0275907 9.99369E-05 9.99369E-05
9.9982E-05 0.0698279 0.0354242 0.16083 9.9982E-05 0.141885 0.0246591 0.419508 0.147665
0.134158 0.142336 9.9982E-05 0.0193707 0.156697 0.194099 9.9982E-05 0.28373 0.0694083
0.0987881 0.454058 9.9973E-05 0.00637193 0.173019 0.147032 9.9973E-05 9.9973E-05 0.120432
0.219372 0.576227 9.99603E-05 9.99603E-05 9.99603E-05 9.99603E-05 0.158679 9.99603E-05 0.0452219
9.9982E-05 0.24231 0.139075 0.03414 0.47592 0.04434 0.049391 9.9982E-05 0.0146237
0.0180913 0.127053 0.0288565 9.9973E-05 0.480773 9.9973E-05 0.0273451 9.9973E-05 0.317581
0.658 9.9973E-05 9.9973E-05 0.102712 9.9973E-05 0.0498824 0.0349666 0.0994348 0.054705
0.109476 0.467466 0.084729 9.9973E-05 0.214893 9.9973E-05 0.105697 0.0174387 9.9973E-05
0.285848 0.0553828 0.0168701 0.125046 0.0489781 0.174774 0.00538655 0.287615 9.9991E-05
0.379153 9.9964E-05 0.458432 9.9964E-05 9.9964E-05 0.0835276 0.0236813 0.0548056 9.9964E-05
0.389756 0.175235 0.0989257 0.0393517 0.0429266 0.0601652 0.0731022 0.0933044 0.0272341
9.993E-05 9.993E-05 0.999201 9.993E-05 9.993E-05 9.993E-05 9.993E-05 9.993E-05 9.993E-05
0.112585 9.9964E-05 9.9964E-05 0.149387 0.0244573 0.115472 9.9964E-05 0.597699 9.9964E-05
0.114782 9.9973E-05 0.0717128 0.0203892 9.9973E-05 9.9973E-05 0.0820954 0.229979 0.480742
0.596278 0.298591 0.0727467 9.9955E-05 9.9955E-05 9.9955E-05 0.0318848 9.9955E-05 9.9955E-05
9.9964E-05 9.9964E-05 0.0602373 9.9964E-05 0.267176 9.9964E-05 0.0791278 0.461084 0.131974
0.278564 0.221394 0.0296283 0.115244 9.9991E-05 0.0370539 0.158653 0.0155373 0.143825
0.19427 9.9973E-05 0.4149 0.00117053 0.159528 9.9973E-05 0.0942816 9.9973E-05 0.135549
0.21787 0.185986 0.177415 9.9982E-05 0.109833 0.0268503 0.0758447 0.206 9.9982E-05
0.357623 9.9973E-05 9.9973E-05 0.00552048 0.173876 0.224842 0.00466765 0.233171 9.9973E-05
0.145298 0.516055 0.144347 9.99669E-05 0.107466 9.99669E-05 0.0864343 9.99669E-05 9.99669E-05
0.374188 9.99551E-05 9.99551E-05 9.99551E-05 0.315858 0.0591708 9.99551E-05 0.250284 9.99551E-05
9.9973E-05 0.0321272 9.9973E-05 9.9973E-05 0.402884 0.0778737 0.0459129 0.409827 0.0310754
0.25166 0.326319 0.159235 0.104556 0.0952772 9.9982E-05 0.00212987 9.9982E-05 0.0606231
0.136171 0.372156 9.9964E-05 9.9964E-05 9.9964E-05 0.0228251 0.0168262 0.451622 9.9964E-05
9.9982E-05 9.9982E-05 0.114519 0.0350533 0.00643961 0.0555323 0.0628897 0.63478 0.0905862
0.26709 9.9964E-05 0.0388402 9.9964E-05 9.9964E-05 9.9964E-05 0.06023 0.198228 0.435213
0.57708 9.9982E-05 0.00108939 0.00480248 0.215794 0.0067992 0.0906164 9.9982E-05 0.103618
0.197288 0.109638 0.348324 9.9973E-05 0.211489 9.9973E-05 0.00694976 0.126012 9.9973E-05
0.215454 9.9982E-05 0.118664 0.0230571 0.301474 0.106827 0.113494 0.120829 9.9982E-05
0.652206 9.9964E-05 0.000364801 9.9964E-05 0.0108834 9.9964E-05 9.9964E-05 0.293032 0.0431131
0.171513 9.9964E-05 9.9964E-05 0.0499613 0.298192 9.9964E-05 0.0116718 0.468262 9.9964E-05
9.99459E-05 0.01176 9.99459E-05 9.99459E-05 9.99459E-05 0.968175 9.99459E-05 0.0194659 9.99459E-05
9.993E-05 9.993E-05 9.993E-05 9.993E-05 9.993E-05 0.999201 9.993E-05 9.993E-05 9.993E-05
0.0633304 0.519505 0.0296692 0.00272344 0.0506987 9.9991E-05 0.104073 0.110328 0.119572
0.510804 0.113149 0.0483019 0.112713 9.9973E-05 9.9973E-05 0.00908434 0.205648 9.9973E-05
0.258312 0.105543 0.0290295 0.0467812 9.9982E-05 9.9982E-05 0.0870164 0.444581 0.028538
9.9946E-05 9.9946E-05 9.9946E-05 0.030572 0.903678 9.9946E-05 0.0651506 9.9946E-05 9.9946E-05
0.445067 0.205899 0.102833 0.0955518 0.14177 9.9982E-05 0.00826685 0.000412748 9.9982E-05
9.9973E-05 0.0737098 0.0595547 9.9973E-05 0.42204 9.9973E-05 0.0266316 0.286724 0.13104
0.60248 9.9973E-05 0.046383 0.140313 9.9973E-05 0.106419 0.0782891 9.9973E-05 0.0258153
0.242069 9.9982E-05 0.474118 9.9982E-05 0.000800094 0.00527602 0.141475 0.0670416 0.0690205
0.187936 0.272342 0.0828927 0.0438558 0.174415 0.00337759 0.0680664 0.0562445 0.11087
9.993E-05 9.993E-05 9.993E-05 9.993E-05 9.993E-05 9.993E-05 0.999201 9.993E-05 9.993E-05
0.0967802 0.245218 9.9973E-05 0.0408872 9.9973E-05 0.0589728 0.0681441 9.9973E-05 0.489698
0.251422 0.15498 9.9964E-05 0.320108 9.9964E-05 0.152374 9.9964E-05 9.9964E-05 0.120716
9.9991E-05 0.548707 0.0454977 0.044256 0.163246 0.00448227 0.0277759 0.147887 0.0180473
0.122276 0.481759 9.9982E-05 0.160621 9.9982E-05 0.0213816 0.132275 0.0695895 0.0118968
0.0660362 0.0811559 0.121181 0.025072 0.0767502 0.0530669 0.128498 0.448139 9.9991E-05
0.173031 0.250614 0.0728059 0.0392769 0.233277 0.0704675 0.085973 0.0744556 9.9991E-05
0.0623322 0.514751 9.9964E-05 9.9964E-05 0.185127 9.9964E-05 0.0758069 9.9964E-05 0.161582
0.110681 0.0567132 0.140808 0.150149 0.00211598 0.227703 0.0731947 0.176142 0.0624929
0.321434 0.205285 9.9982E-05 0.005281 0.069652 9.9982E-05 0.0693501 0.207315 0.121483
0.24256 0.0925099 0.166428 0.0618474 0.151972 9.9991E-05 0.0402772 0.033514 0.210791
0.230122 9.9946E-05 0.106226 9.9946E-05 9.9946E-05 9.9946E-05 9.9946E-05 9.9946E-05 0.663052
0.116335 0.305078 0.0766142 0.0228276 0.31834 0.00679333 0.0899613 9.9991E-05 0.0639501
0.261667 9.9973E-05 0.0531759 0.103284 9.9973E-05 9.9973E-05 0.0991943 0.441655 0.0407244
9.993E-05 9.993E-05 9.993E-05 9.993E-05 9.993E-05 9.993E-05 0.999201 9.993E-05 9.993E-05
0.0484696 9.9973E-05 9.9973E-05 9.9973E-05 0.144305 0.0408498 0.447209 0.207861 0.111006
0.280117 0.334577 9.9964E-05 0.0618317 0.00814916 0.314925 9.9964E-05 9.9964E-05 9.9964E-05
0.123445 0.2325 0.0308449 9.9982E-05 0.0741451 9.9982E-05 0.0729994 0.31969 0.146176
9.9955E-05 9.9955E-05 9.9955E-05 9.9955E-05 9.9955E-05 0.000964909 0.0781146 0.159542 0.760879
0.138753 0.176853 9.9991E-05 0.0362615 0.209235 0.0146016 0.0320174 0.251013 0.141166
9.9982E-05 0.017272 9.9982E-05 0.0789451 0.708149 0.00926355 0.0771005 0.0366048 0.0724656
9.99369E-05 9.99369E-05 9.99369E-05 9.99369E-05 9.99369E-05 0.988454 0.0108468 9.99369E-05 9.99369E-05
0.277478 0.0820952 0.0445913 9.9991E-05 0.0729228 0.114691 0.0941287 0.123439 0.190555
0.0385798 0.212172 0.0634779 9.9973E-05 0.535226 9.9973E-05 9.9973E-05 0.107407 0.0428385
0.100829 0.0938357 0.0632781 0.14663 0.253898 0.1973 0.0593093 0.0848195 9.9991E-05
0.261824 9.9973E-05 0.0981526 9.9973E-05 0.263717 0.0984207 0.0838083 9.9973E-05 0.193777
9.9955E-05 9.9955E-05 9.9955E-05 0.0218903 0.651959 0.273496 9.9955E-05 9.9955E-05 0.052154
0.0923181 0.233513 9.9973E-05 9.9973E-05 0.276399 0.072889 0.114352 9.9973E-05 0.210229
0.248241 0.404894 9.9955E-05 0.0507651 0.2956 9.9955E-05 9.9955E-05 9.9955E-05 9.9955E-05
0.210546 9.9973E-05 9.9973E-05 9.9973E-05 0.187703 0.0205801 0.0959204 0.38251 0.102441
0.158217 9.9955E-05 9.9955E-05 0.0395273 9.9955E-05 0.160854 9.9955E-05 0.640902 9.9955E-05
9.99369E-05 9.99369E-05 0.0158544 0.983446 9.99369E-05 9.99369E-05 9.99369E-05 9.99369E-05 9.99369E-05
0.101532 0.476573 0.0225704 0.0946349 9.9982E-05 0.0368513 0.0543004 0.213338 9.9982E-05
9.9973E-05 9.9973E-05 0.140139 0.0542286 0.575524 0.0780663 0.0681073 9.9973E-05 0.0836349
0.0395643 0.0294305 0.135206 0.00288891 9.9982E-05 9.9982E-05 0.139199 0.538383 0.115128
9.9973E-05 0.296916 9.9973E-05 0.0686671 0.0894217 0.180927 0.0255043 9.9973E-05 0.338264
0.0905851 0.318003 0.151368 9.9982E-05 0.00721633 0.0196431 9.9982E-05 0.218679 0.194305
0.0863597 0.0138647 0.0192917 0.0169895 0.122942 0.159774 0.0210756 0.236981 0.322722
9.993E-05 9.993E-05 9.993E-05 0.999201 9.993E-05 9.993E-05 9.993E-05 9.993E-05 9.993E-05
0.381763 0.353628 9.9964E-05 9.9964E-05 0.150223 9.9964E-05 0.094634 9.9964E-05 0.0193519
9.9964E-05 0.00227894 9.9964E-05 0.170006 0.550701 9.9964E-05 0.0217237 9.9964E-05 0.25489
0.360143 0.346985 0.0114892 0.0150178 9.9982E-05 0.00113163 0.0352054 9.9982E-05 0.229827
0.034349 0.28304 0.08959 9.9991E-05 0.0609434 0.147135 0.0237775 0.0842 0.276865
