0.63803 0.192207 0.169763
0.476012 0.234149 0.289839
0.311215 0.209651 0.479134
0.491919 0.13283 0.375251
0.568886 0.431014 9.9991E-05
0.251059 0.0783467 0.670595
0.607542 0.392358 9.9991E-05
0.78057 0.185973 0.0334567
0.637158 0.118606 0.244236
0.0175446 0.0989313 0.883524
0.308057 0.147995 0.543949
0.754837 0.245063 9.99911E-05
0.742911 0.256989 9.9991E-05
0.636891 0.170546 0.192563
0.9998 9.999E-05 9.999E-05
0.55413 0.44577 9.99911E-05
0.734064 0.0586623 0.207274
0.0584841 0.195162 0.746354
0.9998 9.999E-05 9.999E-05
0.204722 0.16957 0.625709
9.99911E-05 0.0423244 0.957576
0.515159 0.484741 9.9991E-05
0.335314 0.121254 0.543432
9.9991E-05 0.691249 0.308651
9.9991E-05 0.366053 0.633847
0.337718 0.43981 0.222472
0.419611 0.198105 0.382284
0.508555 9.99911E-05 0.491345
0.751419 9.9991E-05 0.248481
0.0203499 0.97955 9.99911E-05
0.258658 9.99911E-05 0.741242
0.710516 0.268848 0.0206365
0.181805 0.0820739 0.736121
0.786547 0.213353 9.9991E-05
0.383092 0.260559 0.35635
0.280419 9.99911E-05 0.719481
0.368825 0.0392951 0.59188
9.99911E-05 0.0666121 0.933288
0.385353 0.241358 0.373289
0.468855 9.9991E-05 0.531045
0.281056 0.587656 0.131288
0.145741 0.374554 0.479705
0.216843 0.173324 0.609833
0.625762 9.99911E-05 0.374138
0.726011 0.242844 0.0311452
0.603547 0.15764 0.238814
0.750783 0.249117 9.99911E-05
0.427845 0.0794979 0.492657
0.756245 0.243655 9.99911E-05
0.576054 0.10767 0.316276
0.62059 0.37931 9.9991E-05
0.348652 9.99911E-05 0.651248
0.582019 0.417881 9.9991E-05
0.721017 0.273332 0.00565082
0.626144 9.99911E-05 0.373756
0.80064 0.0326983 0.166662
0.370526 0.171644 0.45783
0.976184 9.99911E-05 0.0237158
0.739985 9.9991E-05 0.259915
0.088744 9.9991E-05 0.911156
0.55228 0.114228 0.333492
0.344024 0.322022 0.333954
0.917048 0.0828524 9.9991E-05
0.0191434 0.95829 0.0225665
0.503944 0.411075 0.0849806
0.635153 0.236092 0.128756
0.0887021 0.212616 0.698682
0.97639 9.9991E-05 0.0235101
0.9998 9.999E-05 9.999E-05
0.178587 0.208929 0.612484
0.593786 0.0392972 0.366917
0.649233 0.350667 9.99911E-05
0.70035 9.99911E-05 0.29955
0.897849 0.102051 9.99911E-05
0.551678 0.273464 0.174858
0.96097 0.0186159 0.0204142
0.748943 0.250957 9.99911E-05
0.40914 0.198811 0.39205
0.482005 0.12657 0.391425
0.837743 9.9991E-05 0.162157
0.895459 9.99911E-05 0.104441
0.259451 0.246749 0.4938
0.130707 9.99911E-05 0.869193
0.496062 0.4629 0.0410374
0.511508 0.208145 0.280347
0.541287 9.9991E-05 0.458613
0.340847 9.99911E-05 0.659053
0.124087 0.578363 0.29755
0.322287 0.212511 0.465202
0.692527 0.257491 0.0499819
9.999E-05 0.9998 9.999E-05
0.0846522 0.227133 0.688215
0.408315 0.468576 0.123109
0.199756 9.9991E-05 0.800144
0.802514 0.197386 9.9991E-05
0.625023 0.0359253 0.339052
0.123786 0.255972 0.620242
0.798405 9.9991E-05 0.201495
0.0143496 0.685846 0.299805
9.9991E-05 0.449166 0.550734
0.178816 0.252033 0.569151
9.99911E-05 0.930585 0.0693146
9.99911E-05 0.0615536 0.938346
9.999E-05 9.999E-05 0.9998
0.846536 9.9991E-05 0.153364
0.697887 0.254502 0.0476118
0.817934 0.0916273 0.0904382
0.457626 0.0927475 0.449626
0.654377 0.0969553 0.248668
0.0224455 0.431865 0.545689
0.342971 0.656929 9.99911E-05
0.390844 0.499803 0.109353
9.99911E-05 0.771728 0.228172
0.413755 0.233215 0.35303
9.999E-05 0.9998 9.999E-05
0.785844 9.99911E-05 0.214056
0.815128 0.00769392 0.177179
0.75573 0.24417 9.9991E-05
0.485777 0.514123 9.9991E-05
0.164814 9.9991E-05 0.835086
0.170328 0.678787 0.150885
0.0390718 0.107558 0.85337
0.455834 0.315062 0.229104
0.0806449 0.125717 0.793638
0.388001 0.182734 0.429265
0.592586 0.234906 0.172508
0.472401 0.527499 9.99911E-05
0.649712 9.99911E-05 0.350188
9.99911E-05 0.157217 0.842683
0.101269 0.287675 0.611056
0.442149 9.99911E-05 0.557751
0.307887 9.9991E-05 0.692013
0.755336 9.99911E-05 0.244564
0.49976 9.9991E-05 0.50014
0.177281 9.99911E-05 0.822619
0.348184 9.99911E-05 0.651716
0.721299 0.162829 0.115873
0.313783 0.130528 0.555689
0.566846 0.136655 0.296499
0.60934 0.184834 0.205827
0.467638 9.99911E-05 0.532262
0.138602 0.013971 0.847427
0.482289 0.109787 0.407924
0.0711858 0.22776 0.701055
0.144453 0.606178 0.249369
0.538761 0.461139 9.9991E-05
0.511262 9.9991E-05 0.488638
0.249756 0.0132259 0.737018
0.365537 0.287235 0.347228
0.855246 9.99911E-05 0.144654
0.556297 0.281371 0.162332
0.9998 9.999E-05 9.999E-05
0.496306 0.175802 0.327891
0.629061 0.121541 0.249398
9.99911E-05 0.54008 0.45982
0.523518 9.99911E-05 0.476382
0.229494 9.99911E-05 0.770406
0.236817 0.141706 0.621477
0.839198 0.160702 9.99911E-05
0.386968 0.353837 0.259195
0.51983 9.99911E-05 0.48007
0.801447 0.155396 0.043157
0.48647 0.14845 0.36508
0.788889 0.0328344 0.178277
0.9998 9.999E-05 9.999E-05
0.508411 0.314392 0.177197
0.445285 0.251619 0.303096
0.815757 0.184143 9.99911E-05
0.615763 0.083736 0.300501
0.340418 0.0895363 0.570045
0.477377 0.356028 0.166595
0.885636 0.034497 0.0798669
0.717502 9.9991E-05 0.282398
0.268661 0.13286 0.59848
0.760617 0.239283 9.99911E-05
0.9998 9.999E-05 9.999E-05
0.303741 0.4784 0.217858
9.999E-05 9.999E-05 0.9998
0.251394 0.0811824 0.667423
0.592792 9.99911E-05 0.407108
0.164607 9.99911E-05 0.835293
0.308935 0.235182 0.455883
0.447656 0.329174 0.22317
0.703592 0.296308 9.99911E-05
9.999E-05 9.999E-05 0.9998
0.987891 0.0120086 9.99911E-05
0.71707 9.9991E-05 0.28283
0.239083 0.210266 0.550651
0.113226 0.0664898 0.820284
