0.0164729 0.0963999 9.9973E-05 0.877025 9.9973E-05 0.00980269 9.9973E-05
0.0182373 0.160884 0.340093 0.189357 0.0947724 0.0845756 0.11208
0.0792571 0.0238267 0.569688 0.247195 9.9982E-05 9.9982E-05 0.0798325
0.0845045 9.9991E-05 0.208174 0.455057 0.0548552 0.122791 0.0745187
0.0776026 0.0746386 0.612999 0.0638423 0.0979571 0.0585417 0.0144183
0.0660193 0.00291791 0.800333 0.0402905 0.022213 0.0681261 9.9991E-05
0.0860822 0.0506292 0.366709 0.426964 9.9982E-05 0.0694155 9.9982E-05
0.0927274 9.9991E-05 0.222638 0.243514 0.103172 0.0522151 0.285634
0.0812141 0.45408 0.0955743 0.150638 0.0771479 0.0216902 0.119655
0.08744 0.267068 0.0399834 0.187526 0.176291 0.24159 9.9991E-05
0.0998525 0.314038 0.176608 0.0672084 0.0815235 0.260669 9.9991E-05
0.0986056 0.819598 0.0535519 9.9973E-05 0.0279448 9.9973E-05 9.9973E-05
0.0569731 0.185996 0.260205 0.144423 0.155957 0.196346 9.9991E-05
0.0825547 0.153147 0.226301 0.250592 0.0673357 0.105475 0.114595
0.134157 0.002439 0.336675 0.0232813 9.9991E-05 0.145334 0.358013
0.14679 0.0769882 0.230576 0.126969 0.0948887 0.0156546 0.308133
0.0543413 9.9991E-05 0.32477 0.0278811 0.171614 0.205077 0.216216
0.157516 9.9991E-05 0.115754 0.373469 0.196205 0.059352 0.0976037
0.155769 0.4174 0.369307 9.9973E-05 9.9973E-05 9.9973E-05 0.0572239
0.148487 0.292567 0.0197118 0.282839 0.0153403 0.040885 0.20017
0.173134 0.223424 0.138763 0.361015 9.9991E-05 0.0749792 0.0285853
0.126638 0.36505 0.0515631 0.0917563 0.0283694 0.103043 0.23358
0.155639 0.100312 0.256705 0.393612 9.9991E-05 0.00248965 0.0911429
0.00778301 9.9982E-05 0.520029 0.0447572 0.309498 9.9982E-05 0.117733
0.158086 0.483374 9.9982E-05 9.9982E-05 0.0243267 0.305341 0.0286722
0.00664206 9.9991E-05 0.136473 0.624516 0.128208 0.0691395 0.0349221
0.180165 0.0602813 9.9991E-05 0.176568 0.153263 0.160696 0.268927
0.110609 0.295814 0.143831 0.294469 0.0311895 0.123988 9.9991E-05
9.9982E-05 9.9982E-05 0.416438 0.20306 0.211542 0.096005 0.0727553
0.0726608 9.9991E-05 0.273471 0.0350918 0.483237 0.0161067 0.119333
0.0548137 0.224755 0.601636 9.9991E-05 0.0402538 0.0698527 0.00858865
0.0517347 0.538655 9.9991E-05 0.189301 0.0804924 0.0888109 0.050906
0.102106 9.9982E-05 0.466697 0.321046 0.0762673 9.9982E-05 0.0336846
0.114835 0.0547963 0.383487 0.270838 9.9991E-05 0.0918969 0.084047
0.1573 0.361757 0.236724 0.132889 9.9982E-05 0.11113 9.9982E-05
0.0717372 9.9955E-05 9.9955E-05 0.927763 9.9955E-05 9.9955E-05 9.9955E-05
0.0350702 9.9982E-05 0.408115 0.344847 9.9982E-05 0.183424 0.0283432
0.0652275 0.418839 9.9991E-05 0.280299 0.121033 0.113081 0.00142082
0.0846235 0.0554284 0.482435 9.9991E-05 0.113553 0.131539 0.132321
0.174395 0.0204645 0.321229 0.18168 9.9991E-05 0.0883309 0.213802
0.111743 0.528447 0.047747 0.0620973 0.0201552 0.0200368 0.209773
0.0467116 9.9991E-05 0.345082 0.338087 0.0378367 0.152654 0.0795278
0.108297 0.0240884 0.414481 0.192192 0.0280043 0.0833257 0.149612
9.99641E-05 0.563684 9.99641E-05 0.366304 0.0696119 9.99641E-05 9.99641E-05
0.105769 0.528625 9.9991E-05 0.209464 0.0389255 0.0404443 0.0766729
0.0453051 0.234548 0.348851 0.183986 9.9982E-05 0.187109 9.9982E-05
0.0786439 0.119621 0.606055 0.162757 0.0327239 9.9982E-05 9.9982E-05
0.0313632 0.179374 0.509358 0.0455589 0.162246 9.9991E-05 0.0720001
0.146862 0.40912 0.252141 9.9991E-05 0.0649308 0.0352839 0.0915619
0.0765019 0.0408443 0.298365 0.218835 0.223771 9.9991E-05 0.141584
0.161454 0.153159 9.9991E-05 0.187866 0.110948 0.191961 0.194512
0.186096 0.0224566 0.450527 0.174521 0.0449119 0.00250192 0.118985
0.0784313 0.115191 0.145495 0.0503563 0.0804371 0.0423823 0.487707
0.0673151 9.9991E-05 0.24939 0.143774 0.127084 0.20618 0.206157
9.9973E-05 0.53098 9.9973E-05 0.0820823 0.155392 9.9973E-05 0.231246
0.11905 0.0987626 0.517054 0.208504 9.9982E-05 0.0564297 9.9982E-05
0.0204333 0.549366 9.9982E-05 9.9982E-05 0.229068 0.0303464 0.170587
0.0890362 0.505275 0.171585 0.184846 0.049058 9.9982E-05 9.9982E-05
0.0851804 0.177241 0.350658 0.096319 0.108226 0.0502184 0.132156
0.068856 0.314393 0.178748 0.204864 9.9991E-05 0.184045 0.0489949
0.073608 0.00594694 0.696256 0.209645 0.0143446 9.9982E-05 9.9982E-05
0.163272 0.0533324 0.350676 0.193832 0.0177035 0.153078 0.0681056
0.102564 0.247175 0.360114 0.135867 0.0597393 9.9991E-05 0.0944411
0.0718405 9.9973E-05 9.9973E-05 0.00841118 0.913604 9.9973E-05 0.00584419
0.00929887 9.9982E-05 0.378512 0.319643 9.9982E-05 0.201826 0.0905206
0.0329074 9.9964E-05 9.9964E-05 0.905777 9.9964E-05 9.9964E-05 0.0609155
0.107871 0.122041 0.0439563 0.472966 9.9991E-05 0.138898 0.114167
0.0567076 0.21818 0.514898 9.9991E-05 0.128185 0.00992011 0.0720101
0.0546908 0.0606896 0.412815 0.44328 0.0283247 9.9982E-05 9.9982E-05
0.175446 9.9991E-05 0.260008 0.115534 0.230887 0.0396922 0.178333
0.00433776 0.193996 0.370989 9.9982E-05 0.181469 0.249009 9.9982E-05
0.144572 9.9991E-05 0.0943373 0.271693 0.0564544 0.0504882 0.382354
0.116079 0.11626 0.436013 0.0785251 0.164366 0.0330544 0.0557027
0.0203545 0.224227 0.338703 9.9991E-05 0.107445 0.121977 0.187193
9.9991E-05 0.239549 0.100758 0.23875 0.148376 0.232162 0.040305
0.0797246 0.0989678 0.429033 9.9991E-05 0.0659084 0.101543 0.224724
0.132261 0.192051 0.450024 0.0846501 0.0800483 0.0608656 9.9991E-05
0.0752345 9.9955E-05 0.924266 9.9955E-05 9.9955E-05 9.9955E-05 9.9955E-05
0.0269834 9.9973E-05 0.826073 0.129212 9.9973E-05 0.0174319 9.9973E-05
0.0735475 9.99778E-05 0.741553 0.0829876 0.101612 9.99778E-05 9.99778E-05
0.0769054 0.181365 0.140626 0.382829 0.106171 0.0792474 0.0328568
0.0632736 0.158251 0.349234 0.359815 9.9982E-05 0.0692268 9.9982E-05
0.0188358 0.3978 0.0859465 0.153066 0.151354 0.100166 0.0928323
0.063588 9.9982E-05 0.533953 9.9982E-05 0.0788152 0.150608 0.172835
0.103995 0.230995 0.365488 0.288963 0.0103574 9.9982E-05 9.9982E-05
0.0259718 0.560276 9.9982E-05 0.240633 9.9982E-05 0.0430305 0.129889
0.11375 9.9973E-05 0.213747 0.662165 0.0100385 9.9973E-05 9.9973E-05
0.145413 0.492432 0.361755 9.99641E-05 9.99641E-05 9.99641E-05 9.99641E-05
0.0810882 0.121357 0.0430804 0.35937 0.197894 0.0832447 0.113966
0.115891 0.531261 9.9973E-05 0.337599 9.9973E-05 9.9973E-05 0.0149491
9.9955E-05 9.9955E-05 9.9955E-05 9.9955E-05 0.967164 0.0323367 9.9955E-05
0.0652215 0.494952 9.9991E-05 0.071071 0.0718599 0.155854 0.140941
0.17217 0.00785306 0.489548 0.270728 9.9991E-05 0.0267588 0.0328419
0.117793 0.217106 0.212954 0.0335146 0.0757443 0.0110663 0.331821
0.0896568 9.9982E-05 0.479772 0.2698 9.9982E-05 0.145708 0.0148646
0.0321097 9.9991E-05 0.445295 0.269338 0.119815 0.0679623 0.06538
9.9991E-05 0.247246 0.0700067 0.40732 0.04019 0.153672 0.0814648
0.00840051 0.0894448 0.59139 0.183181 0.0271745 0.100309 9.9991E-05
0.0598004 0.137446 0.187356 0.0611578 0.512088 0.0420523 9.9991E-05
9.9982E-05 0.247309 0.194822 0.20008 0.297372 9.9982E-05 0.0602166
0.0879897 0.183702 0.225854 0.358079 0.105129 0.036272 0.00297351
9.995E-05 9.995E-05 9.995E-05 9.995E-05 0.9994 9.995E-05 9.995E-05
0.0652947 0.0794072 0.335311 9.9991E-05 0.0505342 0.236665 0.232688
0.00419737 9.99639E-05 9.99639E-05 0.00135907 9.99639E-05 0.994044 9.99639E-05
0.0687626 0.27108 0.000751961 0.209786 0.0775412 0.173771 0.198307
0.00420717 0.203756 0.352094 0.0949059 9.9991E-05 0.0286661 0.316271
9.9982E-05 0.226143 0.193475 0.335707 0.0396033 9.9982E-05 0.204871
0.118452 0.16734 0.0304203 0.442628 0.170202 0.0708574 9.9991E-05
0.0496223 0.228491 0.171025 0.0317763 0.170413 0.131539 0.217133
0.146688 0.214943 0.339155 0.174155 0.0114302 0.0535226 0.0601056
0.084348 0.00780474 0.434418 0.196078 9.9991E-05 0.159363 0.117888
0.100837 0.617328 0.113073 9.9982E-05 0.134755 0.0338071 9.9982E-05
0.0592681 9.9991E-05 0.360401 0.216913 0.00194722 0.138563 0.222808
0.0279255 0.1406 0.0798897 0.11001 0.512211 0.0604107 0.0689532
9.9991E-05 0.00912946 0.398932 0.299456 0.147027 0.0760021 0.0693529
9.995E-05 9.995E-05 9.995E-05 9.995E-05 0.9994 9.995E-05 9.995E-05
9.9982E-05 0.178141 0.343801 0.0978858 9.9982E-05 0.209188 0.170784
0.147415 0.0426971 9.9982E-05 0.725237 9.9982E-05 0.0457194 0.0387313
0.0123045 0.209746 0.599416 0.0112485 0.159027 0.0081579 9.9991E-05
0.139447 0.26499 0.0770289 0.327563 0.0686859 0.122186 9.9991E-05
0.0513507 0.0549176 0.112464 0.516031 0.132029 0.0448558 0.0883516
0.10687 9.9982E-05 0.28344 0.109154 0.484958 9.9982E-05 0.0153782
0.0929818 0.106492 0.0690359 0.255646 0.348849 0.0863856 0.0406088
0.0429483 0.102623 0.421922 9.9982E-05 9.9982E-05 0.0827256 0.349582
0.0794226 0.763219 0.012587 9.9973E-05 0.144472 9.9973E-05 9.9973E-05
0.0623597 9.99641E-05 0.790808 9.99641E-05 9.99641E-05 9.99641E-05 0.146432
0.108888 0.536198 0.0759848 9.9982E-05 9.9982E-05 0.0433337 0.235396
0.0708122 0.257711 0.227186 0.202746 0.190262 0.0511833 9.9991E-05
0.0412114 0.709999 0.0601093 0.114373 9.9982E-05 9.9982E-05 0.0741082
0.0833509 0.320062 9.9991E-05 0.322232 0.173495 0.0916856 0.00907472
0.0376063 9.9973E-05 0.131876 0.763016 0.0672015 9.9973E-05 9.9973E-05
0.142458 9.9973E-05 0.633497 0.175023 0.0487226 9.9973E-05 9.9973E-05
9.9973E-05 0.0375564 0.508892 0.138627 0.314624 9.9973E-05 9.9973E-05
0.17439 0.123125 0.394272 9.9991E-05 0.151855 0.00112568 0.155132
0.0762125 0.107372 0.26584 0.351175 0.103661 0.095639 9.9991E-05
0.123507 0.463863 0.26678 9.9973E-05 9.9973E-05 0.145549 9.9973E-05
9.99549E-05 0.0239136 9.99549E-05 9.99549E-05 9.99549E-05 9.99549E-05 0.975587
9.995E-05 9.995E-05 9.995E-05 9.995E-05 9.995E-05 9.995E-05 0.9994
0.0876425 0.394213 0.104118 0.223966 0.0953505 9.9991E-05 0.0946089
0.0666369 0.0663606 0.507637 0.260822 9.9982E-05 0.0983444 9.9982E-05
0.138069 0.263579 0.392749 0.138801 9.9982E-05 0.0666013 9.9982E-05
0.062122 0.221518 0.428045 9.9982E-05 9.9982E-05 0.10479 0.183325
0.0410674 0.447402 0.35209 9.9982E-05 0.116268 0.0429731 9.9982E-05
0.0861516 0.507358 0.0256235 0.229701 0.101161 0.0499054 9.9991E-05
0.059054 9.9991E-05 0.353348 0.212278 0.0308017 0.10855 0.235868
0.1427 0.0456276 0.156308 0.241969 0.324922 0.0239101 0.0645642
0.11867 0.204295 0.472426 0.0749922 9.9991E-05 0.0751358 0.0543808
0.9994 9.995E-05 9.995E-05 9.995E-05 9.995E-05 9.995E-05 9.995E-05
0.0989562 9.9973E-05 0.176191 0.647831 9.9973E-05 0.0767222 9.9973E-05
0.029457 9.9982E-05 0.0972655 0.323516 9.9982E-05 0.317212 0.23235
0.074741 0.914246 9.9964E-05 9.9964E-05 9.9964E-05 0.0106128 9.9964E-05
0.0995365 0.086724 0.348035 0.170787 9.9991E-05 0.11535 0.179467
0.236464 0.276393 0.203473 0.0933348 0.12735 9.9991E-05 0.0628854
0.069143 0.358882 0.130471 0.0881707 0.119132 0.0384419 0.19576
0.0983484 0.555978 0.27734 0.0115692 0.0348632 9.9991E-05 0.0218015
0.107809 0.0207013 0.319535 0.0851154 0.163956 0.0558125 0.247071
0.106065 0.462545 0.151471 0.253936 0.0257838 9.9982E-05 9.9982E-05
0.0933544 0.116216 0.49791 0.0902227 0.0442343 0.0994256 0.0586363
9.9964E-05 9.9964E-05 9.9964E-05 0.902791 0.0549679 9.9964E-05 0.0418414
0.0618712 0.230812 0.313129 0.188049 0.120938 0.0102688 0.0749317
0.123067 0.0845086 0.179844 0.436252 9.9991E-05 0.156284 0.0199444
0.9994 9.995E-05 9.995E-05 9.995E-05 9.995E-05 9.995E-05 9.995E-05
0.512231 9.9982E-05 0.229685 0.191869 9.9982E-05 0.0194648 0.0465497
9.9982E-05 9.9982E-05 0.304325 0.193238 0.0465538 0.0902425 0.365441
0.148192 0.399539 0.0762181 0.071508 0.0823678 0.0949208 0.127254
0.0432113 0.17308 9.9973E-05 0.773776 9.9973E-05 0.00963333 9.9973E-05
0.0898347 0.282319 0.188078 0.376596 9.9982E-05 9.9982E-05 0.0629723
0.0963105 0.0294698 0.50345 0.0361152 9.9991E-05 0.18267 0.151885
9.995E-05 9.995E-05 9.995E-05 9.995E-05 9.995E-05 9.995E-05 0.9994
0.0997587 0.0972134 0.32038 0.285066 0.0826464 0.000335729 0.1146
9.9991E-05 0.296596 0.353318 0.0538182 0.200836 0.00782971 0.087502
0.0647837 0.0906602 0.217478 0.0816016 0.12014 0.17949 0.245847
0.0977167 9.9982E-05 0.368352 0.277862 0.226526 9.9982E-05 0.0293434
9.9973E-05 0.355066 0.0757885 9.9973E-05 9.9973E-05 0.173773 0.395073
0.181661 0.0658632 0.334072 0.418104 9.9973E-05 9.9973E-05 9.9973E-05
0.0175861 0.192926 0.537601 0.095351 9.9982E-05 0.156336 9.9982E-05
0.160976 9.9982E-05 0.572663 0.128077 9.9982E-05 0.101401 0.0366838
0.0700222 0.309347 0.258133 0.148421 9.9991E-05 0.121122 0.0928551
9.995E-05 9.995E-05 9.995E-05 9.995E-05 9.995E-05 0.9994 9.995E-05
9.9991E-05 0.400312 0.133801 0.0819579 0.123949 0.103057 0.156824
0.090328 9.9982E-05 0.353758 9.9982E-05 0.202771 0.1739 0.179042
0.168469 0.400313 0.0693782 0.102426 0.158077 0.0262589 0.0750778
0.05959 0.248158 9.9982E-05 0.286142 9.9982E-05 0.0263933 0.379517
9.9973E-05 0.0422111 0.407924 0.397087 0.152479 9.9973E-05 9.9973E-05
0.0655724 0.0187385 0.233063 0.37087 0.0510572 0.0507813 0.209917
9.995E-05 9.995E-05 9.995E-05 9.995E-05 9.995E-05 0.9994 9.995E-05
0.115413 0.165289 0.372165 0.234334 0.0957672 0.0169307 9.9991E-05
0.123344 0.0218987 0.229657 0.132538 0.0893873 0.283571 0.119604
0.0747808 0.0727507 0.346382 0.355606 9.9991E-05 0.0616725 0.0887081
0.010119 0.357832 0.160701 0.22643 0.0718931 9.9991E-05 0.172925
