0.370791 9.99551E-05 9.99551E-05 0.34588 0.117689 9.99551E-05 9.99551E-05 0.16514 9.99551E-05
0.61507 0.125361 9.9955E-05 9.9955E-05 0.03634 9.9955E-05 0.222729 9.9955E-05 9.9955E-05
0.0924448 9.9964E-05 9.9964E-05 9.9964E-05 0.279969 0.0848688 0.428243 9.9964E-05 0.114074
9.996E-05 9.996E-05 9.996E-05 0.440514 0.305506 0.0687798 9.996E-05 0.151298 0.0335024
9.99641E-05 9.99641E-05 0.00785638 0.528202 0.215322 9.99641E-05 9.99641E-05 0.0402863 0.207933
9.99551E-05 9.99551E-05 9.99551E-05 0.328727 0.449955 0.18119 9.99551E-05 9.99551E-05 0.0396283
9.997E-05 0.608203 0.0156579 0.0649777 0.0790723 9.997E-05 9.997E-05 0.0574732 0.174316
0.0195907 9.99641E-05 9.99641E-05 9.99641E-05 0.607019 9.99641E-05 0.0636669 0.235748 0.0735761
0.0887412 0.117824 0.436373 0.215272 9.99642E-05 9.99642E-05 9.99642E-05 0.14139 9.99642E-05
9.99641E-05 0.371535 0.234997 9.99641E-05 0.0289313 0.186077 0.17806 9.99641E-05 9.99641E-05
0.155269 9.996E-05 0.172819 9.996E-05 9.996E-05 0.270198 0.295684 0.10563 9.996E-05
9.996E-05 9.996E-05 0.145079 0.106914 0.0794888 9.996E-05 9.996E-05 0.549749 0.11837
9.995E-05 9.995E-05 0.199958 0.447962 0.0666169 9.995E-05 9.995E-05 0.284963 9.995E-05
0.088238 0.245024 9.99641E-05 9.99641E-05 0.337755 9.99641E-05 0.105862 9.99641E-05 0.222721
0.10037 0.137239 0.286281 9.99731E-05 0.033102 0.0262012 9.99731E-05 0.416507 9.99731E-05
9.99553E-05 9.99553E-05 9.99553E-05 0.356362 0.36513 9.99553E-05 0.193731 9.99553E-05 0.0842767
0.275575 9.99731E-05 0.194109 0.139188 0.273086 0.0363795 0.0813627 9.99731E-05 9.99731E-05
0.314493 0.127876 9.99731E-05 9.99731E-05 0.208011 0.0994515 0.06903 9.99731E-05 0.180838
0.275096 9.99462E-05 0.217937 9.99462E-05 9.99462E-05 9.99462E-05 9.99462E-05 0.506367 9.99462E-05
0.229892 0.0316267 9.9973E-05 0.28802 0.34122 0.0981056 9.9973E-05 0.010836 9.9973E-05
9.99463E-05 0.695341 9.99463E-05 9.99463E-05 9.99463E-05 0.300732 0.00332729 9.99463E-05 9.99463E-05
9.99461E-05 9.99461E-05 0.296562 0.306008 9.99461E-05 9.99461E-05 9.99461E-05 0.396831 9.99461E-05
0.263887 0.08156 9.99731E-05 0.438361 0.0155812 0.143647 9.99731E-05 9.99731E-05 0.0566641
0.11707 9.99373E-05 9.99373E-05 0.882231 9.99373E-05 9.99373E-05 9.99373E-05 9.99373E-05 9.99373E-05
0.153933 9.99821E-05 0.0245902 0.141534 0.081921 0.379126 0.176243 0.0424535 9.99821E-05
9.999E-05 0.0658139 0.0053819 0.236466 0.196856 0.0938061 0.0208461 0.283866 0.0968643
0.208243 0.167391 0.144973 9.9973E-05 9.9973E-05 9.9973E-05 0.295065 0.0675717 0.116457
0.451398 9.99463E-05 0.295663 9.99463E-05 0.25234 9.99463E-05 9.99463E-05 9.99463E-05 9.99463E-05
0.269895 9.99552E-05 9.99552E-05 9.99552E-05 0.230447 0.146924 9.99552E-05 0.352234 9.99552E-05
9.99373E-05 9.99373E-05 9.99373E-05 9.99373E-05 0.064324 9.99373E-05 0.934976 9.99373E-05 9.99373E-05
0.514909 9.99553E-05 0.148298 9.99553E-05 0.177596 9.99553E-05 9.99553E-05 9.99553E-05 0.158697
9.99731E-05 0.0287172 9.99731E-05 9.99731E-05 0.481718 0.0364428 0.198856 0.142449 0.111518
9.99642E-05 0.515283 0.245567 9.99642E-05 9.99642E-05 0.105496 0.125581 0.00767369 9.99642E-05
9.99641E-05 0.0415572 9.99641E-05 0.0201639 0.402492 9.99641E-05 0.051173 0.484214 9.99641E-05
0.0805964 9.9964E-05 9.9964E-05 0.314977 0.449641 9.9964E-05 0.0208177 9.9964E-05 0.133568
0.0783468 0.630357 9.99552E-05 9.99552E-05 0.18236 9.99552E-05 0.108436 9.99552E-05 9.99552E-05
0.424975 9.99821E-05 0.083102 0.0174494 0.317227 0.0391193 9.99821E-05 0.000361744 0.117566
0.194656 9.99553E-05 0.0438733 0.444661 9.99553E-05 0.316311 9.99553E-05 9.99553E-05 9.99553E-05
0.144804 0.07319 9.99821E-05 0.0402282 0.123896 0.215294 9.99821E-05 0.29095 0.111438
0.214403 9.99731E-05 9.99731E-05 0.108018 0.360008 0.205584 0.000383549 0.111304 9.99731E-05
0.352526 9.99462E-05 0.0898566 9.99462E-05 9.99462E-05 9.99462E-05 0.557018 9.99462E-05 9.99462E-05
9.99552E-05 0.657186 0.123504 9.99552E-05 9.99552E-05 0.135255 0.0835547 9.99552E-05 9.99552E-05
0.0471016 0.183478 0.0281531 0.21541 0.525457 9.99641E-05 9.99641E-05 9.99641E-05 9.99641E-05
0.00461784 9.99732E-05 0.226515 0.232908 0.424766 0.0216855 0.0892074 9.99732E-05 9.99732E-05
0.195493 9.99731E-05 9.99731E-05 9.99731E-05 0.00195366 0.0612085 0.187692 0.485974 0.0673784
0.295399 0.24389 9.99821E-05 0.0411776 0.37283 0.0444326 9.99821E-05 0.000441711 0.00162896
0.11247 0.553451 9.9973E-05 0.0974129 0.0517696 9.9973E-05 0.0205668 0.16403 9.9973E-05
9.9964E-05 0.227772 0.265064 9.9964E-05 0.320369 9.9964E-05 0.134962 9.9964E-05 0.0514324
0.13179 0.111377 9.99643E-05 9.99643E-05 0.103646 9.99643E-05 0.18237 0.470418 9.99643E-05
0.10225 0.015407 9.99551E-05 9.99551E-05 0.720059 9.99551E-05 9.99551E-05 9.99551E-05 0.161784
9.9964E-05 9.9964E-05 9.9964E-05 0.305181 0.387401 0.101458 0.118077 0.087482 9.9964E-05
0.190616 0.0206606 0.225108 9.99731E-05 9.99731E-05 0.216737 0.16857 9.99731E-05 0.178009
0.0826348 9.99641E-05 0.24157 0.247735 9.99641E-05 9.99641E-05 0.237378 0.190283 9.99641E-05
9.99552E-05 9.99552E-05 9.99552E-05 9.99552E-05 0.308273 0.31129 0.187122 0.192815 9.99552E-05
0.156143 0.123794 0.200885 9.99821E-05 0.225463 9.99821E-05 0.0326659 0.00345545 0.257394
0.0345656 0.160253 0.24942 9.99732E-05 0.0908494 9.99732E-05 9.99732E-05 0.308963 0.15565
0.434692 9.99731E-05 0.178598 9.99731E-05 0.0901686 9.99731E-05 0.136816 0.152455 0.00697061
9.99642E-05 0.0752397 0.526495 9.99642E-05 0.234956 9.99642E-05 9.99642E-05 0.0702771 0.0926324
0.0700661 9.99729E-05 0.210973 9.99729E-05 0.399201 0.0539387 9.99729E-05 0.0539105 0.211611
0.201176 0.335814 9.9973E-05 0.21979 0.138944 0.0604468 9.9973E-05 9.9973E-05 0.043529
0.192411 9.99731E-05 0.186111 9.99731E-05 0.247928 0.09257 0.135192 0.145488 9.99731E-05
0.422174 0.0980125 0.00118897 0.285313 9.99641E-05 9.99641E-05 9.99641E-05 9.99641E-05 0.192912
9.99551E-05 9.99551E-05 0.349833 9.99551E-05 9.99551E-05 9.99551E-05 0.283885 0.347817 0.0179645
0.297946 9.99641E-05 9.99641E-05 0.02453 9.99641E-05 9.99641E-05 0.623795 0.00327055 0.0500588
9.99554E-05 9.99554E-05 0.123556 9.99554E-05 0.855879 9.99554E-05 0.0123383 9.99554E-05 0.00772686
0.267554 9.99461E-05 9.99461E-05 9.99461E-05 9.99461E-05 9.99461E-05 0.357524 0.374322 9.99461E-05
0.370465 0.0719065 9.99731E-05 0.29755 0.162631 9.99731E-05 9.99731E-05 0.0195136 0.0776341
9.996E-05 9.996E-05 0.326365 0.132818 0.0808685 9.996E-05 9.996E-05 0.237807 0.221741
0.150102 9.99641E-05 0.0216373 9.99641E-05 9.99641E-05 0.0110094 9.99641E-05 0.810036 0.0068153
0.222473 0.285345 9.99642E-05 9.99642E-05 9.99642E-05 0.0471816 0.135411 0.30919 9.99642E-05
9.9973E-05 0.198573 0.162436 9.9973E-05 0.299523 0.0977893 9.9973E-05 0.101286 0.140094
0.174515 9.99641E-05 0.124243 9.99641E-05 9.99641E-05 9.99641E-05 0.229309 0.325989 0.145543
9.99464E-05 9.99464E-05 0.0654883 9.99464E-05 0.482596 9.99464E-05 9.99464E-05 9.99464E-05 0.451316
0.307916 9.99463E-05 9.99463E-05 9.99463E-05 9.99463E-05 9.99463E-05 9.99463E-05 0.535901 0.155583
9.99377E-05 9.99377E-05 9.99377E-05 0.112607 0.886693 9.99377E-05 9.99377E-05 9.99377E-05 9.99377E-05
0.190758 0.0649689 0.0468959 9.99731E-05 0.377769 9.99731E-05 9.99731E-05 0.136555 0.182752
0.190564 9.99733E-05 0.26705 0.0925913 9.99733E-05 9.99733E-05 0.0116722 0.430483 0.00733879
0.22364 9.9973E-05 0.387836 9.9973E-05 9.9973E-05 0.0991978 0.189015 0.00100158 0.0990094
0.28399 9.99641E-05 0.185364 9.99641E-05 0.27919 0.137529 9.99641E-05 0.113528 9.99641E-05
9.99641E-05 9.99641E-05 0.205124 9.99641E-05 0.725461 0.0215529 0.0447839 9.99641E-05 0.0026781
0.0117763 9.99553E-05 9.99553E-05 9.99553E-05 0.472495 9.99553E-05 9.99553E-05 0.119754 0.395475
9.99642E-05 0.270839 9.99642E-05 0.133152 0.381582 0.154666 9.99642E-05 0.0593613 9.99642E-05
0.435423 0.336446 9.996E-05 0.148545 0.0600031 0.0191833 9.996E-05 9.996E-05 9.996E-05
9.99642E-05 9.99642E-05 0.224896 9.99642E-05 0.360098 0.0621205 0.121431 0.231055 9.99642E-05
0.132618 0.262649 0.090501 0.0845931 0.122561 9.9991E-05 0.190185 0.0127824 0.104012
0.180418 0.0222216 9.9991E-05 0.229501 0.184342 0.0259003 0.00147265 0.30849 0.0475547
0.128048 0.387121 0.115389 0.15699 0.0928404 9.99731E-05 9.99731E-05 9.99731E-05 0.119311
9.99462E-05 9.99462E-05 0.0736767 0.663305 9.99462E-05 9.99462E-05 0.262419 9.99462E-05 9.99462E-05
0.0522563 0.0670694 0.0168493 0.501901 0.0637864 0.294802 9.99821E-05 0.00313534 9.99821E-05
9.99731E-05 0.272114 0.0858026 0.00759111 9.99731E-05 0.108038 0.0811726 0.444982 9.99731E-05
9.99463E-05 9.99463E-05 9.99463E-05 0.134522 0.102986 9.99463E-05 0.761893 9.99463E-05 9.99463E-05
9.99463E-05 0.62566 9.99463E-05 0.290115 9.99463E-05 9.99463E-05 9.99463E-05 9.99463E-05 0.0836248
9.99463E-05 0.43404 9.99463E-05 0.239295 9.99463E-05 9.99463E-05 9.99463E-05 0.326065 9.99463E-05
0.152116 0.133705 0.0644856 0.0276422 0.16989 0.248554 0.130428 9.999E-05 0.0730782
9.99551E-05 0.112784 0.228972 9.99551E-05 9.99551E-05 9.99551E-05 9.99551E-05 0.59633 0.0614152
9.99731E-05 0.0384395 0.275157 0.148717 0.327228 0.136488 9.99731E-05 9.99731E-05 0.0736715
0.0214478 0.376331 0.0608635 0.433597 0.0906768 0.0167844 9.997E-05 9.997E-05 9.997E-05
9.99461E-05 0.444455 0.402772 9.99461E-05 0.152173 9.99461E-05 9.99461E-05 9.99461E-05 9.99461E-05
9.99461E-05 9.99461E-05 9.99461E-05 0.562124 0.287391 9.99461E-05 0.149885 9.99461E-05 9.99461E-05
0.447371 9.99461E-05 0.032121 0.519908 9.99461E-05 9.99461E-05 9.99461E-05 9.99461E-05 9.99461E-05
9.99552E-05 0.13884 0.388696 0.416315 9.99552E-05 9.99552E-05 9.99552E-05 9.99552E-05 0.0556497
9.99552E-05 9.99552E-05 9.99552E-05 0.412475 9.99552E-05 0.0325566 0.518329 9.99552E-05 0.0361397
0.42799 9.99463E-05 0.527432 9.99463E-05 9.99463E-05 0.0439789 9.99463E-05 9.99463E-05 9.99463E-05
9.99462E-05 9.99462E-05 9.99462E-05 0.0993455 9.99462E-05 0.847048 0.053007 9.99462E-05 9.99462E-05
9.99551E-05 0.0719573 0.0837308 9.99551E-05 0.693145 9.99551E-05 9.99551E-05 0.150668 9.99551E-05
9.99731E-05 0.0368864 0.253628 0.225449 0.0951582 0.00081144 9.99731E-05 0.387767 9.99731E-05
0.177915 0.334115 0.0552352 9.99641E-05 0.380599 9.99641E-05 9.99641E-05 0.0517358 9.99641E-05
0.0718214 0.163684 9.99732E-05 0.00245381 0.364827 0.0510848 9.99732E-05 0.345829 9.99732E-05
9.99552E-05 0.182077 9.99552E-05 0.0560138 0.049712 9.99552E-05 9.99552E-05 0.711698 9.99552E-05
9.99641E-05 0.0478786 9.99641E-05 9.99641E-05 9.99641E-05 0.456441 0.189386 0.281604 0.0242908
9.99553E-05 0.667138 9.99553E-05 0.289398 9.99553E-05 9.99553E-05 0.0233197 9.99553E-05 0.0196451
0.178832 9.99553E-05 9.99553E-05 0.0599019 0.636725 9.99553E-05 9.99553E-05 0.124041 9.99553E-05
9.99641E-05 0.0789967 9.99641E-05 0.303134 0.019771 9.99641E-05 0.499293 0.0984061 9.99641E-05
9.99376E-05 9.99376E-05 0.0396767 9.99376E-05 0.959624 9.99376E-05 9.99376E-05 9.99376E-05 9.99376E-05
9.99372E-05 9.99372E-05 9.99372E-05 0.399266 9.99372E-05 9.99372E-05 0.600034 9.99372E-05 9.99372E-05
9.99552E-05 9.99552E-05 0.607724 9.99552E-05 9.99552E-05 0.173818 0.176511 9.99552E-05 0.0414464
0.347067 9.99552E-05 9.99552E-05 9.99552E-05 0.195267 9.99552E-05 0.0344266 0.422739 9.99552E-05
9.99552E-05 0.0134987 0.191863 9.99552E-05 0.19132 9.99552E-05 9.99552E-05 0.602818 9.99552E-05
9.997E-05 9.997E-05 0.137826 9.997E-05 0.100895 0.26337 0.195905 0.193054 0.108649
0.719142 9.99461E-05 9.99461E-05 9.99461E-05 0.265054 9.99461E-05 9.99461E-05 9.99461E-05 0.015204
9.99731E-05 0.00452687 0.0791494 0.791262 0.0411132 0.00638986 9.99731E-05 9.99731E-05 0.0772591
0.276054 0.154081 9.997E-05 0.196498 0.205702 9.997E-05 0.146996 9.997E-05 0.0203688
9.99372E-05 9.99372E-05 9.99372E-05 0.139045 0.860255 9.99372E-05 9.99372E-05 9.99372E-05 9.99372E-05
0.0805686 0.426651 9.99642E-05 9.99642E-05 0.35653 0.0397031 9.99642E-05 9.99642E-05 0.0961475
9.99463E-05 9.99463E-05 0.242002 9.99463E-05 0.428648 9.99463E-05 0.32875 9.99463E-05 9.99463E-05
9.9964E-05 0.0992443 0.333327 0.0496819 0.410168 9.9964E-05 9.9964E-05 0.10718 9.9964E-05
9.99463E-05 0.487989 9.99463E-05 9.99463E-05 9.99463E-05 9.99463E-05 0.509108 9.99463E-05 0.00230327
0.138407 9.9964E-05 9.9964E-05 9.9964E-05 0.224045 0.139786 9.9964E-05 0.271904 0.225458
0.51132 9.99463E-05 9.99463E-05 9.99463E-05 9.99463E-05 0.24109 0.24699 9.99463E-05 9.99463E-05
9.99642E-05 0.332172 9.99642E-05 0.355152 0.124716 0.151146 9.99642E-05 0.0364154 9.99642E-05
9.99551E-05 0.204397 0.650758 0.0891233 9.99551E-05 9.99551E-05 9.99551E-05 9.99551E-05 0.0552219
0.0490432 0.142325 0.0413737 0.0398308 0.636862 0.027532 0.00640959 9.9991E-05 0.056524
9.997E-05 0.0222187 0.363768 9.997E-05 0.451465 0.0577661 9.997E-05 0.0601417 0.0443412
0.181954 9.997E-05 0.276738 9.997E-05 0.0463758 0.374883 9.997E-05 0.0392704 0.0804801
0.606689 0.226003 0.0132578 9.99731E-05 9.99731E-05 0.095254 0.03419 9.99731E-05 0.0243064
9.99463E-05 0.33006 9.99463E-05 9.99463E-05 0.593359 0.0759813 9.99463E-05 9.99463E-05 9.99463E-05
0.0194093 0.199845 9.99552E-05 9.99552E-05 0.644811 0.135435 9.99552E-05 9.99552E-05 9.99552E-05
9.99464E-05 0.135931 9.99464E-05 9.99464E-05 0.706851 0.156619 9.99464E-05 9.99464E-05 9.99464E-05
0.108236 0.350166 0.138174 9.99732E-05 9.99732E-05 0.181188 9.99732E-05 0.195648 0.0262877
0.189672 9.99463E-05 9.99463E-05 9.99463E-05 0.513173 9.99463E-05 9.99463E-05 0.296556 9.99463E-05
0.591601 9.99553E-05 0.0850236 0.0970054 9.99553E-05 0.225871 9.99553E-05 9.99553E-05 9.99553E-05
0.0492629 9.99553E-05 9.99553E-05 0.525166 9.99553E-05 0.39848 9.99553E-05 9.99553E-05 0.0265914
9.9982E-05 0.409958 0.284441 9.9982E-05 0.0549264 0.0984574 0.00451886 0.115587 0.031911
9.99552E-05 0.166476 0.669864 9.99552E-05 9.99552E-05 0.00552991 0.157631 9.99552E-05 9.99552E-05
9.996E-05 9.996E-05 9.996E-05 0.507272 9.996E-05 0.0714709 0.0854306 0.261362 0.0740638
9.996E-05 0.101895 9.996E-05 0.129259 0.263911 0.044735 9.996E-05 0.4598 9.996E-05
9.993E-05 9.993E-05 9.993E-05 9.993E-05 9.993E-05 9.993E-05 9.993E-05 9.993E-05 0.999201
0.232104 0.052523 0.0636838 9.99731E-05 0.539989 0.0831471 0.0282536 9.99731E-05 9.99731E-05
9.997E-05 0.266435 9.997E-05 0.329219 0.0921702 0.123366 0.0576299 9.997E-05 0.13088
9.99641E-05 9.99641E-05 0.387702 0.00497423 9.99641E-05 0.177902 9.99641E-05 0.029298 0.399725
0.184203 9.997E-05 0.182983 0.123906 9.997E-05 0.0493526 9.997E-05 0.342866 0.11639
0.236977 9.996E-05 0.339921 9.996E-05 0.155946 9.996E-05 9.996E-05 0.2253 0.041456
0.0282648 0.0896664 9.9982E-05 9.9982E-05 0.386306 0.0772284 0.0970435 0.316714 0.00457692
9.99731E-05 0.122917 0.218392 0.014092 0.48171 9.99731E-05 0.0632249 9.99731E-05 0.0993633
0.599555 0.0241262 9.99552E-05 0.229876 9.99552E-05 9.99552E-05 9.99552E-05 9.99552E-05 0.145943
9.99641E-05 0.394435 0.0250226 9.99641E-05 0.125305 0.40583 9.99641E-05 9.99641E-05 0.0490077
0.142112 0.0990772 0.0690624 9.99641E-05 0.40722 0.282128 9.99641E-05 9.99641E-05 9.99641E-05
9.99554E-05 9.99554E-05 0.187321 9.99554E-05 0.461229 9.99554E-05 0.222332 9.99554E-05 0.128619
0.202224 9.995E-05 9.995E-05 0.0588338 0.535754 9.995E-05 9.995E-05 0.202689 9.995E-05
0.253937 0.179857 9.997E-05 0.029425 9.997E-05 0.0704922 0.0715714 0.394417 9.997E-05
9.993E-05 9.993E-05 9.993E-05 9.993E-05 9.993E-05 9.993E-05 9.993E-05 9.993E-05 0.999201
9.99641E-05 0.0432603 9.99641E-05 9.99641E-05 0.149037 9.99641E-05 0.0120288 0.584467 0.210807
0.0552072 9.99552E-05 0.111827 9.99552E-05 0.763009 9.99552E-05 9.99552E-05 9.99552E-05 0.0694567
0.381751 0.156427 0.334386 9.99731E-05 9.99731E-05 9.99731E-05 0.112951 0.0112406 0.00294404
9.99643E-05 9.99643E-05 0.348546 9.99643E-05 0.144426 9.99643E-05 0.00463419 0.328587 0.173407
0.144074 0.00743871 0.0375191 0.382803 0.425463 9.99731E-05 9.99731E-05 0.00240198 9.99731E-05
0.110558 0.263792 0.0382497 9.99552E-05 0.5869 9.99552E-05 9.99552E-05 9.99552E-05 9.99552E-05
9.99464E-05 9.99464E-05 9.99464E-05 9.99464E-05 0.453915 0.269101 9.99464E-05 0.276384 9.99464E-05
9.995E-05 0.369101 9.995E-05 0.125769 0.173769 9.995E-05 9.995E-05 9.995E-05 0.330862
0.0990988 0.00693827 0.205942 0.290618 0.333409 9.9982E-05 0.0430199 9.9982E-05 0.0207738
9.99462E-05 9.99462E-05 9.99462E-05 0.0859546 9.99462E-05 0.311353 9.99462E-05 0.602093 9.99462E-05
9.99552E-05 9.99552E-05 9.99552E-05 9.99552E-05 0.562748 0.0167984 9.99552E-05 0.292086 0.127868
9.996E-05 9.996E-05 0.501358 9.996E-05 0.268203 0.168564 9.996E-05 0.0201319 0.0413431
0.266114 0.0262096 9.99641E-05 0.304417 0.259579 9.99641E-05 0.14328 9.99641E-05 9.99641E-05
9.99731E-05 9.99731E-05 0.0132484 0.330722 0.307605 0.0460022 0.022312 0.279811 9.99731E-05
9.99375E-05 9.99375E-05 9.99375E-05 9.99375E-05 0.415589 9.99375E-05 9.99375E-05 0.583711 9.99375E-05
9.99553E-05 9.99553E-05 0.281096 0.420157 0.0757141 9.99553E-05 9.99553E-05 0.222533 9.99553E-05
9.99461E-05 0.15491 9.99461E-05 9.99461E-05 9.99461E-05 0.775051 9.99461E-05 9.99461E-05 0.0694392
0.746059 0.219661 9.99553E-05 0.0074753 9.99553E-05 0.0263054 9.99553E-05 9.99553E-05 9.99553E-05
0.33567 0.183136 0.421664 9.99731E-05 0.00397845 9.99731E-05 0.0509119 0.00433948 9.99731E-05
0.0219546 0.635255 0.175155 0.0290449 9.99642E-05 9.99642E-05 9.99642E-05 9.99642E-05 0.13819
0.0540323 0.290118 9.998E-05 0.00782118 0.191866 0.0909605 9.998E-05 0.291578 0.0734234
0.158425 0.0854238 9.9973E-05 0.263121 9.9973E-05 0.0318329 9.9973E-05 0.399979 0.0609186
9.995E-05 9.995E-05 9.995E-05 0.177303 0.398476 9.995E-05 9.995E-05 0.340874 0.0828471
9.993E-05 9.993E-05 9.993E-05 9.993E-05 9.993E-05 0.999201 9.993E-05 9.993E-05 9.993E-05
9.99643E-05 9.99643E-05 0.0310546 9.99643E-05 9.99643E-05 0.0237058 0.0283554 0.808727 0.107757
9.99731E-05 0.0647745 0.20787 9.99731E-05 0.491845 0.114229 9.99731E-05 0.0290507 0.0919311
0.702128 9.99642E-05 0.00420525 0.165901 0.0572053 0.0701606 9.99642E-05 9.99642E-05 9.99642E-05
0.310079 0.0148095 9.9964E-05 0.366178 0.181715 0.126819 9.9964E-05 9.9964E-05 9.9964E-05
