0.337903 9.9991E-05 0.20511 0.456887
0.288794 0.203819 0.271805 0.235582
0.457091 9.9991E-05 0.155299 0.38751
0.466448 0.141664 0.1026 0.289289
0.571921 0.174813 0.0758966 0.177369
0.558335 0.0718198 0.0635621 0.306284
0.631385 9.9982E-05 9.9982E-05 0.368415
0.349934 0.105908 0.391598 0.15256
0.35305 0.071455 9.9991E-05 0.575396
0.00844729 0.154158 0.493641 0.343754
0.221387 0.00393768 0.604552 0.170123
0.138444 0.0922068 0.0195408 0.749808
0.592361 0.0311575 0.260299 0.116183
0.474334 0.117492 0.163417 0.244756
0.409556 9.9982E-05 0.590244 9.9982E-05
0.362248 0.0814218 0.302704 0.253627
0.263656 0.126461 0.609783 9.9991E-05
0.597896 0.158172 0.156531 0.0874018
0.420275 0.0995381 0.0129313 0.467256
0.575253 0.139445 0.0819404 0.203361
0.523243 9.9991E-05 0.197337 0.27932
0.20201 0.0675692 0.53049 0.199931
0.584363 0.0268535 9.9991E-05 0.388683
0.55734 0.321593 0.120967 9.9991E-05
0.256346 9.9991E-05 0.521044 0.22251
0.380193 0.159025 0.38674 0.0740428
0.258197 0.10885 0.339018 0.293934
0.494025 0.216725 0.134601 0.154649
0.310134 0.270561 0.340547 0.0787575
0.333884 0.665141 0.000874708 9.9991E-05
0.277129 0.12902 0.426646 0.167205
9.9991E-05 0.0927244 0.114658 0.792518
0.564839 0.204377 9.9991E-05 0.230685
0.558301 0.104094 0.232458 0.105147
0.437146 0.103271 0.252263 0.207321
0.526775 9.9982E-05 9.9982E-05 0.473025
0.578113 0.00981532 0.188105 0.223966
9.9991E-05 0.0981701 0.588975 0.312755
0.546152 0.109767 0.165265 0.178815
0.42052 9.9991E-05 0.261685 0.317695
0.133736 9.9991E-05 0.6428 0.223364
0.641718 0.0514579 0.227481 0.079343
0.388666 0.0734528 0.501322 0.0365595
0.106916 0.187996 0.154057 0.551031
0.0770357 0.0994475 0.129866 0.69365
0.397254 9.9991E-05 0.215953 0.386693
0.40444 0.0491919 9.9991E-05 0.546268
0.380724 0.138128 9.9991E-05 0.481049
0.00141689 0.189687 0.441567 0.367329
0.261139 0.171184 0.173986 0.393692
0.320827 0.127149 0.295069 0.256955
0.474065 0.0328826 9.9991E-05 0.492952
0.12753 0.0907028 0.397222 0.384546
0.355899 0.077293 0.278001 0.288807
9.9991E-05 0.134968 0.0807008 0.784231
0.656717 0.00869043 0.0878256 0.246767
9.998E-05 9.998E-05 9.998E-05 0.9997
0.201493 0.100067 0.128084 0.570357
0.268732 0.225475 0.178716 0.327077
0.154719 0.0562147 0.380564 0.408502
0.654011 0.0830737 0.0934574 0.169458
0.582053 0.0365744 0.324907 0.0564657
0.5759 0.0014022 9.9991E-05 0.422598
0.0867206 0.913079 9.9982E-05 9.9982E-05
0.204759 9.9991E-05 0.381014 0.414127
0.637307 9.9991E-05 0.0587574 0.303836
0.466288 0.0413326 0.206212 0.286167
0.476102 0.185861 0.133848 0.204188
0.536788 0.137671 0.262883 0.0626586
0.34979 0.262285 0.314598 0.0733272
0.00979381 0.213511 0.264767 0.511927
0.338088 0.0744919 0.479916 0.107505
0.472507 0.145287 0.314977 0.0672288
0.320118 0.179069 0.313154 0.187659
9.9991E-05 0.173438 0.627334 0.199129
0.0961537 0.0527338 0.257782 0.59333
0.590734 0.0790693 9.9991E-05 0.330097
0.468746 0.120263 0.41089 9.9991E-05
0.541019 9.9991E-05 0.243874 0.215007
0.403985 0.224145 0.215998 0.155872
0.327087 0.112804 0.284289 0.275819
0.485568 0.0448464 0.128632 0.340954
0.0795113 0.219897 0.159932 0.54066
0.3997 0.133585 0.37635 0.0903652
0.495012 0.122011 9.9991E-05 0.382877
0.119976 9.9991E-05 0.297619 0.582305
0.639625 0.0233603 0.0393025 0.297712
0.311053 9.9982E-05 9.9982E-05 0.688747
0.339006 0.25493 0.297888 0.108176
0.256978 0.037812 0.131481 0.57373
9.9982E-05 0.99661 0.00318993 9.9982E-05
0.215333 0.0572167 0.282141 0.445309
0.680375 9.9982E-05 9.9982E-05 0.319425
0.337404 0.123126 0.332124 0.207345
0.600484 9.9991E-05 0.190596 0.20882
0.547256 0.138169 0.204178 0.110397
9.9991E-05 0.100297 0.311037 0.588566
0.390534 0.0120574 0.110589 0.486819
0.543553 0.435594 9.9991E-05 0.0207531
0.253121 0.359989 0.0735978 0.313292
0.352 0.114898 0.157393 0.375709
9.998E-05 0.9997 9.998E-05 9.998E-05
0.377254 0.114069 0.417326 0.0913514
0.0033535 9.9982E-05 0.996447 9.9982E-05
0.203787 0.0533172 0.462847 0.280048
0.215157 0.0159323 0.338236 0.430675
0.308869 0.0035089 0.262837 0.424785
0.375958 0.0752714 0.311385 0.237386
0.207089 0.222732 0.38502 0.18516
0.370418 0.0667194 0.419386 0.143476
0.607397 0.0287076 0.15292 0.210975
0.362497 0.105572 0.100494 0.431437
0.147895 0.129883 0.297919 0.424304
0.485036 0.42616 9.9991E-05 0.088704
0.311101 0.24442 0.208911 0.235568
9.998E-05 0.9997 9.998E-05 9.998E-05
0.224717 9.9991E-05 0.589424 0.185759
0.51409 0.0827836 9.9991E-05 0.403026
0.355713 0.186976 0.120048 0.337263
0.357796 0.047475 0.326625 0.268103
0.637862 0.162225 9.9991E-05 0.199813
0.515132 0.484668 9.9982E-05 9.9982E-05
0.352537 0.288734 0.152953 0.205776
0.443104 9.9991E-05 0.0197025 0.537093
0.255296 0.175848 0.117294 0.451563
0.531848 0.0738104 9.9991E-05 0.394242
0.316446 0.0474936 0.235088 0.400973
0.255632 0.187017 0.138866 0.418486
0.153013 9.9982E-05 9.9982E-05 0.846787
0.112592 0.109586 0.362194 0.415628
0.716567 9.9982E-05 9.9982E-05 0.283233
0.662559 0.151477 0.020672 0.165293
0.412715 0.358607 9.9991E-05 0.228578
0.330709 0.211514 0.390435 0.0673418
0.542133 0.0374198 9.9991E-05 0.420347
0.386129 0.00445536 9.9991E-05 0.609316
0.00237231 0.0827532 0.636988 0.277887
9.9991E-05 0.0368491 0.783844 0.179207
0.285654 0.110286 0.0873613 0.516699
0.46222 0.035532 0.204833 0.297415
0.472706 0.0125689 0.0367549 0.47797
0.212509 0.0125935 0.721492 0.0534057
0.391689 0.170156 9.9991E-05 0.438055
0.247722 0.0815871 0.078145 0.592546
0.581971 0.0744021 0.137162 0.206465
0.39516 0.47072 0.13402 9.9991E-05
0.41272 0.0307514 0.265977 0.290552
0.9997 9.998E-05 9.998E-05 9.998E-05
0.591785 0.0412804 0.23656 0.130375
0.492849 9.9991E-05 0.468622 0.0384296
0.158947 0.161298 9.9991E-05 0.679655
0.42054 9.9991E-05 0.265257 0.314103
0.427341 0.113438 0.15768 0.301541
0.268658 0.0842214 0.294716 0.352405
0.310261 0.0553799 9.9991E-05 0.634259
0.405419 0.179008 0.408488 0.00708461
0.493395 9.9982E-05 9.9982E-05 0.506405
0.596915 0.212717 0.112583 0.0777848
0.414542 0.289538 9.9991E-05 0.295819
0.374514 0.155045 0.178167 0.292274
0.708617 9.9991E-05 0.122628 0.168655
0.9997 9.998E-05 9.998E-05 9.998E-05
0.798235 9.9991E-05 0.111445 0.0902196
0.342168 0.115757 0.411142 0.130934
0.234784 0.0773107 0.225262 0.462643
0.279976 0.0983833 0.31413 0.30751
0.295095 9.9991E-05 0.214533 0.490272
0.387238 9.9991E-05 0.249374 0.363288
9.998E-05 9.998E-05 0.9997 9.998E-05
0.666181 0.0998224 0.0485909 0.185406
0.134562 0.170289 0.127042 0.568107
0.159892 0.197607 0.271858 0.370643
0.465163 0.174489 9.9991E-05 0.360248
9.9982E-05 9.9982E-05 0.572248 0.427552
0.518322 9.9991E-05 0.105369 0.376209
0.315244 0.0995869 0.236759 0.34841
0.480437 9.9991E-05 0.187417 0.332045
0.135168 0.134058 0.0462784 0.684495
9.998E-05 9.998E-05 0.9997 9.998E-05
0.108889 0.137731 0.29674 0.45664
0.349421 0.118986 0.531493 9.9991E-05
0.389467 0.138924 0.257775 0.213834
0.254872 0.0268521 0.40804 0.310236
0.394999 0.2476 0.000325021 0.357076
0.410545 9.9991E-05 0.120004 0.469351
9.998E-05 9.998E-05 0.9997 9.998E-05
0.519836 0.0390716 9.9991E-05 0.440993
0.062979 0.139526 0.58133 0.216165
0.496815 0.0477131 0.158881 0.296591
0.27589 0.153331 9.9991E-05 0.570679
