0.675877 9.99821E-05 0.108121 0.167097 9.99821E-05 0.00877039 0.0399346
0.201361 9.9982E-05 9.9982E-05 0.172551 0.329852 0.150231 0.145805
9.99821E-05 0.165248 0.373713 0.0935197 0.118108 0.249211 9.99821E-05
0.506671 0.137476 0.061919 0.2046 9.99821E-05 9.99821E-05 0.0891336
0.62116 9.99731E-05 0.0268693 9.99731E-05 9.99731E-05 0.0308373 0.320834
0.623853 0.317782 9.9964E-05 9.9964E-05 9.9964E-05 9.9964E-05 0.0579653
0.57002 9.99821E-05 0.058945 9.99821E-05 0.0166578 0.0536452 0.300532
0.572938 9.99731E-05 9.99731E-05 0.0874472 0.167247 9.99731E-05 0.172068
9.99642E-05 0.0292721 0.836561 9.99642E-05 9.99642E-05 0.133767 9.99642E-05
9.999E-05 0.193365 0.13113 0.317886 0.0634394 0.25421 0.0398697
0.300567 0.284871 9.9982E-05 0.300364 9.9982E-05 0.0902755 0.0237221
0.447542 9.99642E-05 0.468978 9.99642E-05 9.99642E-05 9.99642E-05 0.0830806
0.285094 9.99821E-05 0.222302 0.342626 0.145633 9.99821E-05 0.00414426
0.198577 0.123031 9.99821E-05 0.0793741 0.0815195 9.99821E-05 0.517298
0.422799 0.0556462 0.485678 0.0355773 9.99732E-05 9.99732E-05 9.99732E-05
0.413125 9.99821E-05 0.150568 9.99821E-05 0.122108 0.181366 0.132633
0.298122 0.0889709 0.361382 9.999E-05 0.114451 0.0929602 0.0440138
9.99821E-05 0.193295 0.183067 9.99821E-05 0.0225381 0.227676 0.373223
0.427512 9.99732E-05 0.22321 0.32685 0.0221277 9.99732E-05 9.99732E-05
0.3023 0.101183 9.9982E-05 0.297701 0.259807 9.9982E-05 0.0388095
0.00501612 0.461033 9.99732E-05 9.99732E-05 9.99732E-05 0.220334 0.313317
9.9973E-05 9.9973E-05 0.252365 0.350309 0.335099 0.061927 9.9973E-05
0.209997 0.0952343 0.326992 9.99821E-05 9.99821E-05 0.218484 0.149093
0.467995 0.133468 0.148549 9.99821E-05 9.99821E-05 0.243739 0.00604934
0.485559 0.336014 9.99731E-05 9.99731E-05 0.0402313 0.137896 9.99731E-05
0.734349 9.9982E-05 0.0111943 0.0781812 9.9982E-05 0.0595665 0.116509
9.9973E-05 9.9973E-05 0.0399567 0.634642 9.9973E-05 0.20898 0.116121
0.42476 0.116996 0.0236242 0.276803 0.0590139 9.99911E-05 0.0987033
9.99641E-05 9.99641E-05 9.99641E-05 0.474735 0.466634 9.99641E-05 0.0582311
9.99552E-05 9.99552E-05 9.99552E-05 0.127866 9.99552E-05 0.871635 9.99552E-05
0.289371 0.255431 9.99731E-05 0.105856 9.99731E-05 9.99731E-05 0.349042
0.0120476 0.0162246 0.0842282 9.99821E-05 0.737738 9.99821E-05 0.149562
9.99821E-05 0.099941 0.477351 9.99821E-05 0.0906669 0.327459 0.00438231
0.33711 9.99731E-05 0.0815618 0.266478 0.31455 9.99731E-05 9.99731E-05
0.755657 9.99641E-05 9.99641E-05 9.99641E-05 9.99641E-05 0.11571 0.128234
0.466252 0.262139 9.99732E-05 9.99732E-05 9.99732E-05 0.0572862 0.214023
0.0991597 9.99821E-05 0.11881 9.99821E-05 0.402076 0.0433442 0.33641
0.0202783 0.198822 0.239012 9.99821E-05 0.14537 0.396318 9.99821E-05
0.291371 0.0689646 9.99731E-05 9.99731E-05 0.45518 9.99731E-05 0.184184
0.302644 0.340639 9.9973E-05 0.0953762 0.261041 9.9973E-05 9.9973E-05
9.99642E-05 9.99642E-05 0.217973 0.455033 9.99642E-05 0.326594 9.99642E-05
9.99821E-05 0.18781 0.483849 9.99821E-05 0.137735 0.176927 0.0134798
0.172422 0.0903557 0.139143 0.0846211 0.213884 0.0595018 0.240072
0.574115 0.114615 0.144162 0.166808 9.99732E-05 9.99732E-05 9.99732E-05
9.99642E-05 9.99642E-05 9.99642E-05 0.138901 0.765047 9.99642E-05 0.0956528
0.285318 0.0179979 0.236288 9.99911E-05 0.259456 0.0209761 0.179864
0.244089 9.99731E-05 0.453653 9.99731E-05 0.272578 0.0293807 9.99731E-05
0.0212756 0.187254 0.657951 9.99731E-05 9.99731E-05 9.99731E-05 0.133219
9.99643E-05 9.99643E-05 0.0711311 0.513372 0.415097 9.99643E-05 9.99643E-05
0.503081 9.997E-05 9.997E-05 0.198421 0.0489706 9.997E-05 0.249227
0.9994 9.995E-05 9.995E-05 9.995E-05 9.995E-05 9.995E-05 9.995E-05
9.99731E-05 0.629638 0.306046 9.99731E-05 9.99731E-05 0.026156 0.03786
0.213275 9.9973E-05 0.407901 0.146257 9.9973E-05 0.232266 9.9973E-05
0.283658 0.161945 9.99821E-05 0.278012 0.156135 0.120051 9.99821E-05
9.99821E-05 0.411087 0.278862 0.00697309 0.110006 9.99821E-05 0.192872
0.176079 0.0380373 0.33048 0.241192 9.99821E-05 9.99821E-05 0.214011
0.44642 0.276069 9.99821E-05 0.0529205 9.99821E-05 0.155916 0.0684743
0.0361793 0.23119 0.504917 0.0617701 9.99822E-05 9.99822E-05 0.165743
0.262487 0.36964 0.105756 0.0786265 0.0212846 9.9991E-05 0.162106
0.395612 0.169186 0.176602 9.9973E-05 9.9973E-05 9.9973E-05 0.2583
0.270385 0.111305 9.99641E-05 0.617909 9.99641E-05 9.99641E-05 9.99641E-05
0.0956886 9.9982E-05 0.360195 0.00694448 9.9982E-05 0.211433 0.325538
9.99641E-05 9.99641E-05 0.636985 0.339315 9.99641E-05 9.99641E-05 0.0232998
9.99641E-05 9.99641E-05 9.99641E-05 0.317362 9.99641E-05 0.678242 0.00399582
0.48556 9.99821E-05 0.117131 9.99821E-05 0.338667 0.0382331 0.0202093
9.99642E-05 9.99642E-05 9.99642E-05 0.905324 0.0260192 0.0682567 9.99642E-05
0.6692 0.158394 9.99731E-05 0.131113 9.99731E-05 9.99731E-05 0.0409928
0.236655 9.99821E-05 0.425109 0.0755431 0.0817983 9.99821E-05 0.180695
0.510844 9.99731E-05 0.192824 0.057134 0.238898 9.99731E-05 9.99731E-05
9.99641E-05 9.99641E-05 9.99641E-05 0.627772 0.325758 0.04607 9.99641E-05
0.0655499 0.235664 0.300023 9.9982E-05 0.217709 9.9982E-05 0.180854
0.0414639 9.99821E-05 0.366532 0.39446 9.99821E-05 0.124804 0.0725408
9.99553E-05 9.99553E-05 9.99553E-05 9.99553E-05 0.355159 9.99553E-05 0.644341
0.482507 9.99732E-05 9.99732E-05 0.0947183 0.289088 9.99732E-05 0.133386
0.613165 9.99733E-05 9.99733E-05 9.99733E-05 0.245503 0.0470369 0.0939955
0.0240029 9.9982E-05 0.267566 0.109501 0.261616 9.9982E-05 0.337114
0.461998 9.99733E-05 0.379639 0.121926 9.99733E-05 0.036138 9.99733E-05
0.2357 0.23091 9.99731E-05 0.3778 9.99731E-05 9.99731E-05 0.15529
0.309062 0.201432 9.99641E-05 0.489106 9.99641E-05 9.99641E-05 9.99641E-05
0.222188 0.340371 9.99731E-05 0.340232 9.99731E-05 9.99731E-05 0.0969088
0.206561 9.99732E-05 9.99732E-05 0.113208 0.193881 9.99732E-05 0.486051
0.550403 0.19175 0.106237 0.0438166 0.0980568 9.99911E-05 0.00963671
0.299644 0.162323 0.0522421 0.00130729 0.334917 9.99911E-05 0.149467
9.998E-05 0.104598 0.263498 0.159087 0.297701 0.174916 9.998E-05
0.51553 0.0268486 0.132057 9.99821E-05 9.99821E-05 0.00134819 0.324016
0.287172 9.9982E-05 0.000557248 0.348542 0.00310512 9.9982E-05 0.360423
9.9991E-05 0.198397 0.224168 0.17029 0.04244 0.150079 0.214526
0.206955 0.0229125 0.135095 0.262063 9.99821E-05 0.372774 9.99821E-05
0.218097 0.0830068 0.0400552 0.067834 0.353164 0.224536 0.0133076
9.99731E-05 9.99731E-05 0.15003 0.31335 0.38186 0.15446 9.99731E-05
0.371332 9.99553E-05 9.99553E-05 9.99553E-05 9.99553E-05 0.628168 9.99553E-05
0.111205 0.213546 0.0816294 9.99911E-05 0.0193027 0.153345 0.420872
9.99642E-05 9.99642E-05 0.454108 9.99642E-05 0.331531 9.99642E-05 0.213961
9.9973E-05 0.482519 0.430532 9.9973E-05 9.9973E-05 0.0812259 0.00542295
0.012914 9.9991E-05 0.618244 0.0330881 0.0792211 0.127087 0.129346
0.213744 0.217612 0.452613 9.9982E-05 9.9982E-05 0.0852391 0.0305916
9.999E-05 0.0111463 0.300208 0.273599 0.09827 0.202087 0.114591
0.187343 9.99641E-05 0.76573 0.0465272 9.99641E-05 9.99641E-05 9.99641E-05
0.227011 9.9982E-05 9.9982E-05 0.000237018 0.231641 0.413287 0.127623
0.0990542 0.0505552 0.188026 9.9991E-05 0.0772797 0.437573 0.147412
0.131542 9.99732E-05 0.359458 9.99732E-05 9.99732E-05 0.262932 0.245768
9.995E-05 9.995E-05 9.995E-05 9.995E-05 9.995E-05 0.9994 9.995E-05
9.99821E-05 0.213065 0.349618 0.115579 9.99821E-05 0.277335 0.0442033
9.99552E-05 0.739915 9.99552E-05 9.99552E-05 9.99552E-05 0.259585 9.99552E-05
0.185191 0.0121757 0.245234 9.9982E-05 0.554156 9.9982E-05 0.00304333
0.449551 9.99641E-05 0.371247 9.99641E-05 0.178803 9.99641E-05 9.99641E-05
0.17641 0.113174 0.137477 0.100365 0.315534 9.9991E-05 0.15694
0.363036 0.0156215 9.99642E-05 9.99642E-05 0.620942 9.99642E-05 9.99642E-05
0.756801 9.996E-05 0.095075 9.996E-05 0.147725 9.996E-05 9.996E-05
9.99731E-05 0.234242 9.99731E-05 9.99731E-05 0.509247 0.240845 0.0153656
9.997E-05 9.997E-05 0.323558 9.997E-05 0.23566 0.367902 0.0725808
0.678284 9.99821E-05 9.99821E-05 0.176879 0.0189327 0.0460072 0.0796978
0.124343 0.104014 9.997E-05 9.997E-05 0.265702 0.50564 9.997E-05
0.210075 0.18482 9.9982E-05 9.9982E-05 0.46825 0.127441 0.00921337
9.99641E-05 9.99641E-05 0.0589076 0.029795 9.99641E-05 0.910898 9.99641E-05
0.115177 0.363953 0.52047 9.996E-05 9.996E-05 9.996E-05 9.996E-05
0.286565 9.99641E-05 9.99641E-05 0.684893 9.99641E-05 9.99641E-05 0.0281423
9.99821E-05 9.99821E-05 0.0702627 0.668577 0.254317 0.0041024 0.0025412
0.0232704 9.9982E-05 9.9982E-05 0.221673 0.384713 0.191607 0.178537
0.178253 0.226163 9.9991E-05 0.125181 0.290431 0.0666776 0.113194
0.168796 9.9982E-05 0.218881 9.9982E-05 0.0172504 0.475233 0.11964
0.276322 0.385409 0.109526 9.99821E-05 9.99821E-05 0.133376 0.0951673
0.589119 0.238861 9.99642E-05 9.99642E-05 0.17162 9.99642E-05 9.99642E-05
9.99731E-05 0.5033 0.156584 9.99731E-05 0.251265 9.99731E-05 0.0885514
0.260801 0.23625 0.310387 0.100258 9.99821E-05 0.0921039 9.99821E-05
0.628564 9.99641E-05 0.319781 9.99641E-05 9.99641E-05 9.99641E-05 0.051256
9.99732E-05 9.99732E-05 0.419588 9.99732E-05 0.162431 0.27957 0.138112
0.536419 9.99821E-05 0.00280159 0.139483 0.210506 9.99821E-05 0.110591
9.99731E-05 0.357315 9.99731E-05 0.32477 0.142672 0.174943 9.99731E-05
0.0190275 0.0980711 0.169491 9.9991E-05 0.330299 0.305759 0.0772522
9.995E-05 9.995E-05 0.9994 9.995E-05 9.995E-05 9.995E-05 9.995E-05
0.364214 0.247481 0.0804144 9.9982E-05 0.120634 9.9982E-05 0.187056
0.0753155 0.0741685 0.393366 0.0711561 0.385794 9.99821E-05 9.99821E-05
9.99821E-05 0.246805 0.23495 0.169727 0.297749 9.99821E-05 0.0505686
9.99821E-05 0.153786 0.11969 0.442166 9.99821E-05 0.0505802 0.233577
0.26651 0.201051 0.0788683 9.99731E-05 0.453271 9.99731E-05 9.99731E-05
0.194083 9.99552E-05 9.99552E-05 9.99552E-05 0.805417 9.99552E-05 9.99552E-05
0.159546 0.0455729 9.99731E-05 9.99731E-05 0.71985 0.0747307 9.99731E-05
0.395332 0.193278 0.407157 9.99732E-05 9.99732E-05 9.99732E-05 0.00393419
0.70367 9.99642E-05 9.99642E-05 0.0398727 0.256057 9.99642E-05 9.99642E-05
9.99732E-05 0.153154 9.99732E-05 0.594696 0.104298 9.99732E-05 0.147552
0.000926249 0.213093 0.43121 9.99821E-05 9.99821E-05 0.289638 0.064933
0.296483 0.0387485 0.461341 0.0969446 0.0625456 9.9991E-05 0.0438372
9.99642E-05 0.256691 0.59715 9.99642E-05 9.99642E-05 0.145759 9.99642E-05
0.366101 9.99821E-05 9.99821E-05 0.0462227 0.157003 0.213716 0.216758
0.563615 9.99641E-05 9.99641E-05 9.99641E-05 0.430488 9.99641E-05 0.00549633
9.995E-05 9.995E-05 9.995E-05 9.995E-05 9.995E-05 9.995E-05 0.9994
0.0994862 0.420828 9.99641E-05 0.479286 9.99641E-05 9.99641E-05 9.99641E-05
0.461452 0.289892 9.99642E-05 9.99642E-05 9.99642E-05 9.99642E-05 0.248257
0.241794 0.0387469 0.222796 0.166721 0.0298313 9.99911E-05 0.300011
0.126819 0.116173 0.110806 0.464424 0.122313 9.99911E-05 0.0593652
0.030743 9.99641E-05 0.396323 0.572535 9.99641E-05 9.99641E-05 9.99641E-05
0.1666 9.99641E-05 9.99641E-05 0.368233 0.464767 9.99641E-05 9.99641E-05
0.409185 0.161626 0.317437 0.0499002 9.99821E-05 9.99821E-05 0.0616521
0.234991 9.99642E-05 9.99642E-05 9.99642E-05 9.99642E-05 0.367561 0.397048
9.99821E-05 0.146242 0.267215 0.0566884 0.452119 9.99821E-05 0.0775356
0.182335 0.649243 0.08114 9.99731E-05 0.0869822 9.99731E-05 9.99731E-05
9.99643E-05 0.160794 9.99643E-05 0.710969 9.99643E-05 9.99643E-05 0.127838
0.987493 9.99554E-05 9.99554E-05 9.99554E-05 0.0120069 9.99554E-05 9.99554E-05
0.392153 9.9991E-05 0.0257264 0.078255 0.290476 0.202413 0.0108771
9.995E-05 9.995E-05 9.995E-05 9.995E-05 9.995E-05 9.995E-05 0.9994
0.268547 9.9991E-05 0.128822 0.109101 0.226448 0.0223914 0.24459
0.398924 0.200913 0.0175669 0.114288 0.157865 9.99911E-05 0.110343
9.99731E-05 9.99731E-05 0.419729 0.455681 0.00247606 9.99731E-05 0.121814
9.99643E-05 9.99643E-05 0.510841 0.285159 9.99643E-05 9.99643E-05 0.2036
0.48231 9.99821E-05 0.346094 0.11713 0.0491869 0.00507879 9.99821E-05
0.540109 0.0613433 0.20498 0.114131 0.00846731 0.0708694 9.99911E-05
9.995E-05 9.995E-05 9.995E-05 9.995E-05 0.9994 9.995E-05 9.995E-05
0.0343294 0.0592624 0.0130646 0.0816553 0.304232 9.99911E-05 0.507356
0.409025 0.213325 0.24791 9.9982E-05 9.9982E-05 0.0907213 0.0388183
0.696289 9.99553E-05 9.99553E-05 9.99553E-05 0.303211 9.99553E-05 9.99553E-05
0.323507 0.106048 9.99731E-05 9.99731E-05 0.436098 9.99731E-05 0.134047
9.99641E-05 0.350705 0.564133 9.99641E-05 0.0847618 9.99641E-05 9.99641E-05
0.576692 0.226639 9.99731E-05 0.103979 9.99731E-05 0.0923896 9.99731E-05
0.769327 9.99642E-05 0.0978177 9.99642E-05 9.99642E-05 0.132455 9.99642E-05
0.307375 9.99821E-05 0.0325728 0.0829923 0.488231 9.99821E-05 0.0886287
0.236054 9.99821E-05 0.216109 9.99821E-05 0.204441 0.172275 0.17092
9.995E-05 0.9994 9.995E-05 9.995E-05 9.995E-05 9.995E-05 9.995E-05
0.662002 0.0492845 9.99821E-05 0.0630909 9.99821E-05 0.0865874 0.138836
9.99642E-05 9.99642E-05 0.315879 0.665774 9.99642E-05 9.99642E-05 0.0179468
0.0111334 0.237151 0.190331 0.143051 9.99821E-05 9.99821E-05 0.418134
9.999E-05 0.083248 0.283499 0.168287 0.239909 0.0158684 0.209088
0.423065 9.999E-05 0.221337 0.132525 0.0922299 0.045581 0.0851631
0.700721 9.99643E-05 9.99643E-05 0.170436 9.99643E-05 9.99643E-05 0.128443
9.99551E-05 0.999143 9.99551E-05 9.99551E-05 0.000356879 9.99551E-05 9.99551E-05
0.148107 9.99821E-05 0.269263 0.374097 0.0537938 9.99821E-05 0.15454
0.358562 0.182057 0.298396 0.0846227 9.99821E-05 9.99821E-05 0.0761632
0.282663 0.0644664 9.99731E-05 0.445544 9.99731E-05 0.207027 9.99731E-05
0.184744 0.353916 9.9982E-05 9.9982E-05 0.0609954 0.164831 0.235313
