9.99642E-05 9.99642E-05 0.0690478 9.99642E-05 9.99642E-05 0.0399396 0.890613
0.620262 9.9982E-05 0.22192 0.0250624 9.9982E-05 0.0256336 0.106921
9.99732E-05 0.132197 9.99732E-05 9.99732E-05 0.354211 0.155001 0.358291
0.137428 9.99731E-05 0.528855 9.99731E-05 0.030859 9.99731E-05 0.302558
0.485643 0.121121 9.99731E-05 9.99731E-05 9.99731E-05 0.0267677 0.366168
0.120964 9.99731E-05 0.264856 9.99731E-05 0.212928 9.99731E-05 0.400953
0.263271 9.99821E-05 0.1449 0.085166 9.99821E-05 0.22924 0.277224
0.0169136 9.99642E-05 9.99642E-05 0.394522 9.99642E-05 9.99642E-05 0.588165
9.99642E-05 0.176146 0.650357 0.173097 9.99642E-05 9.99642E-05 9.99642E-05
9.99821E-05 0.333563 0.0511831 9.99821E-05 0.232426 0.167533 0.215095
0.200552 0.414997 0.050067 9.9982E-05 0.0993322 9.9982E-05 0.234852
0.265871 9.99642E-05 0.342599 0.391131 9.99642E-05 9.99642E-05 9.99642E-05
9.9973E-05 9.9973E-05 0.199568 0.493488 9.9973E-05 0.0911659 0.215478
0.540777 9.99641E-05 0.109581 9.99641E-05 9.99641E-05 9.99641E-05 0.349241
9.99732E-05 0.0392995 0.921868 0.0382597 9.99732E-05 9.99732E-05 0.000272962
0.136023 0.121707 0.0877615 0.0219449 9.99911E-05 0.253299 0.379164
0.0369382 0.0349932 0.706793 9.9991E-05 0.0718342 0.0567267 0.0926148
0.309122 0.0494494 0.282728 9.9991E-05 0.114392 0.102604 0.141604
9.99821E-05 0.148728 0.185098 0.491122 0.0489502 9.99821E-05 0.125901
0.0923977 9.99821E-05 0.311469 0.100483 0.0782957 9.99821E-05 0.417155
0.266536 9.99821E-05 0.173584 9.99821E-05 0.317264 0.200282 0.0421336
9.9964E-05 0.515344 9.9964E-05 0.214992 9.9964E-05 0.269265 9.9964E-05
0.311451 9.99641E-05 0.502967 9.99641E-05 0.185183 9.99641E-05 9.99641E-05
0.460951 9.99821E-05 0.0111817 9.99821E-05 0.208125 0.253503 0.0660395
0.143457 0.113966 9.9991E-05 0.0300943 0.26635 0.137927 0.308106
0.131798 0.129989 9.9982E-05 0.0192523 9.9982E-05 0.105398 0.613363
0.0934498 0.276741 0.0359731 9.9982E-05 9.9982E-05 0.366005 0.227631
0.0736063 0.417317 9.99642E-05 9.99642E-05 9.99642E-05 9.99642E-05 0.508677
9.99641E-05 9.99641E-05 9.99641E-05 0.517412 0.351546 9.99641E-05 0.130642
9.99731E-05 0.0503686 0.0377373 9.99731E-05 9.99731E-05 0.855885 0.0557094
0.4083 0.499848 9.99731E-05 9.99731E-05 0.0129491 9.99731E-05 0.0786038
0.481858 9.99552E-05 9.99552E-05 0.517642 9.99552E-05 9.99552E-05 9.99552E-05
9.99642E-05 0.355984 9.99642E-05 9.99642E-05 0.354692 0.288924 9.99642E-05
0.167993 9.99821E-05 0.00209166 0.428335 9.99821E-05 0.0774667 0.323914
0.109176 9.99552E-05 9.99552E-05 9.99552E-05 9.99552E-05 9.99552E-05 0.890324
0.136991 9.99643E-05 9.99643E-05 9.99643E-05 9.99643E-05 0.330702 0.531907
0.369932 0.454095 9.99732E-05 0.153857 9.99732E-05 9.99732E-05 0.0218154
9.99821E-05 0.0658024 0.0199647 0.112516 0.514975 0.286542 9.99821E-05
0.364514 0.0068401 0.173144 0.304323 0.130446 9.9991E-05 0.0206329
0.0329931 9.9991E-05 0.0775192 0.376141 0.215965 0.0499835 0.247299
0.199441 0.169195 0.288079 9.99732E-05 9.99732E-05 0.342985 9.99732E-05
0.476304 9.99732E-05 0.256762 9.99732E-05 0.0414344 0.2252 9.99732E-05
0.191914 9.9982E-05 9.9982E-05 0.241406 0.0210763 0.177526 0.367876
9.99642E-05 0.15393 0.359491 9.99642E-05 9.99642E-05 9.99642E-05 0.48618
0.380574 9.99731E-05 9.99731E-05 0.492213 0.08629 0.0406229 9.99731E-05
9.99642E-05 9.99642E-05 0.453451 0.159067 9.99642E-05 9.99642E-05 0.387082
9.99551E-05 9.99551E-05 0.581805 0.417695 9.99551E-05 9.99551E-05 9.99551E-05
0.222468 0.261144 0.360448 0.0288271 0.0150623 9.9991E-05 0.111951
9.99733E-05 9.99733E-05 0.352665 0.605554 9.99733E-05 0.0180193 0.0234619
0.138291 9.99551E-05 9.99551E-05 9.99551E-05 9.99551E-05 9.99551E-05 0.861209
9.99641E-05 9.99641E-05 0.224562 9.99641E-05 9.99641E-05 0.0243179 0.75072
0.305755 9.99731E-05 0.192858 0.110279 0.390808 9.99731E-05 9.99731E-05
9.9973E-05 0.22209 0.318731 9.9973E-05 9.9973E-05 0.221712 0.237167
9.99731E-05 9.99731E-05 0.0862117 0.201229 0.188637 9.99731E-05 0.523622
0.0946884 0.507306 9.99731E-05 0.289731 0.107975 9.99731E-05 9.99731E-05
9.99911E-05 0.685226 0.0896782 0.117231 0.0498384 0.0152378 0.0426893
0.132445 0.208531 0.127717 0.159717 9.9991E-05 0.0185683 0.352923
0.0428082 0.627109 9.99643E-05 0.329683 9.99643E-05 9.99643E-05 9.99643E-05
0.230171 0.446473 9.9973E-05 0.0821329 9.9973E-05 9.9973E-05 0.240923
0.184443 9.9973E-05 0.276608 9.9973E-05 0.155134 9.9973E-05 0.383515
9.99821E-05 0.105757 0.119391 9.99821E-05 0.107391 0.168228 0.499033
0.631808 9.99552E-05 0.367692 9.99552E-05 9.99552E-05 9.99552E-05 9.99552E-05
0.0324003 0.454345 0.23312 0.23494 9.9982E-05 0.0449949 9.9982E-05
0.316984 9.99641E-05 9.99641E-05 9.99641E-05 9.99641E-05 0.530213 0.152404
9.99642E-05 0.304677 9.99642E-05 9.99642E-05 9.99642E-05 0.0182325 0.676691
0.149712 9.99731E-05 0.423647 0.242201 9.99731E-05 0.18414 9.99731E-05
0.11826 9.9982E-05 0.0279725 9.9982E-05 0.00650417 0.0729625 0.774101
9.99731E-05 0.293053 0.265367 0.104974 9.99731E-05 9.99731E-05 0.336306
9.99731E-05 0.155858 9.99731E-05 0.372977 0.00743498 9.99731E-05 0.46343
0.000843008 0.116536 9.9991E-05 0.102238 0.0292213 0.410186 0.340877
0.315101 0.121651 0.358588 0.0143446 0.190115 9.99821E-05 9.99821E-05
0.110695 9.99731E-05 0.10174 0.551737 9.99731E-05 0.235528 9.99731E-05
0.435971 0.0617501 9.99643E-05 0.501879 9.99643E-05 9.99643E-05 9.99643E-05
0.0729964 0.0476281 9.99732E-05 0.449954 9.99732E-05 9.99732E-05 0.429122
0.4123 9.99554E-05 9.99554E-05 9.99554E-05 9.99554E-05 9.99554E-05 0.5872
0.325106 0.164249 0.0388996 0.471445 9.99731E-05 9.99731E-05 9.99731E-05
9.99555E-05 0.0633149 0.936185 9.99555E-05 9.99555E-05 9.99555E-05 9.99555E-05
0.468222 0.289704 9.99731E-05 0.0544979 0.187276 9.99731E-05 9.99731E-05
0.307259 9.99731E-05 9.99731E-05 0.185132 0.224791 9.99731E-05 0.282518
0.357294 0.0831192 0.126358 0.173587 9.99821E-05 9.99821E-05 0.259442
0.149717 9.99643E-05 9.99643E-05 0.211337 9.99643E-05 9.99643E-05 0.638546
9.99821E-05 0.000135307 9.99821E-05 0.327318 0.208698 0.0609645 0.402685
0.221045 0.118149 0.0399995 0.163504 0.184729 9.99911E-05 0.272474
9.99731E-05 9.99731E-05 9.99731E-05 0.574898 0.177568 0.199697 0.047537
0.392811 9.99732E-05 0.467377 0.0104562 9.99732E-05 9.99732E-05 0.129055
9.9955E-05 9.9955E-05 0.548032 9.9955E-05 9.9955E-05 9.9955E-05 0.451468
0.236223 0.135524 9.99821E-05 0.25334 0.172787 0.201926 9.99821E-05
0.455664 9.99821E-05 0.130468 0.0527782 9.99821E-05 0.258786 0.102104
9.9991E-05 0.210707 0.182882 0.147817 0.191963 0.100181 0.166351
9.99731E-05 9.99731E-05 9.99731E-05 0.694953 0.179547 0.0947062 0.0304948
9.99554E-05 9.99554E-05 9.99554E-05 9.99554E-05 9.99554E-05 0.838378 0.161123
0.446819 9.99732E-05 0.0698105 9.99732E-05 9.99732E-05 0.285504 0.197567
0.0242309 9.99731E-05 0.265176 0.327138 9.99731E-05 0.383155 9.99731E-05
0.0640224 9.99821E-05 0.388203 9.99821E-05 0.371091 0.148949 0.0275347
9.9973E-05 0.0830899 0.229907 0.426606 9.9973E-05 0.260098 9.9973E-05
0.309225 9.99821E-05 0.495545 0.0965815 0.0527669 9.99821E-05 0.0456812
0.120053 0.324462 0.276873 9.99821E-05 9.99821E-05 0.126505 0.151908
9.99641E-05 9.99641E-05 0.845555 0.0599137 9.99641E-05 9.99641E-05 0.0941312
0.0133388 0.0606552 9.99731E-05 9.99731E-05 9.99731E-05 0.400025 0.525681
0.310482 9.9982E-05 0.109941 0.120646 0.0532696 0.405461 9.9982E-05
0.270174 0.729326 9.99552E-05 9.99552E-05 9.99552E-05 9.99552E-05 9.99552E-05
0.0139148 9.99732E-05 0.0600625 9.99732E-05 0.1223 0.803422 9.99732E-05
9.99821E-05 0.370017 0.0268372 0.0053516 0.444976 0.152618 9.99821E-05
9.99641E-05 9.99641E-05 0.0467536 9.99641E-05 0.928049 0.0247971 9.99641E-05
9.99731E-05 9.99731E-05 0.356722 0.314974 0.011604 9.99731E-05 0.316399
9.99731E-05 0.166736 0.27928 0.489277 9.99731E-05 0.0644076 9.99731E-05
0.172817 0.0343001 9.9991E-05 0.482623 0.101879 0.0213422 0.186938
9.99821E-05 0.265076 0.0735494 9.99821E-05 0.146937 0.00553199 0.508706
9.99642E-05 9.99642E-05 9.99642E-05 0.396429 0.0714397 9.99642E-05 0.531732
9.99642E-05 9.99642E-05 9.99642E-05 9.99642E-05 0.662898 0.191625 0.145077
0.325479 0.0586693 9.99731E-05 0.192675 9.99731E-05 0.422878 9.99731E-05
0.0862238 9.99732E-05 0.129911 0.00562391 9.99732E-05 9.99732E-05 0.777942
9.99642E-05 0.118095 9.99642E-05 9.99642E-05 9.99642E-05 0.650643 0.230863
9.99642E-05 9.99642E-05 9.99642E-05 0.271048 0.0371706 9.99642E-05 0.691381
0.120637 9.99552E-05 9.99552E-05 9.99552E-05 9.99552E-05 0.878863 9.99552E-05
9.99822E-05 0.264492 0.540723 0.0971904 0.0801881 9.99822E-05 0.0172067
9.99641E-05 9.99641E-05 0.487514 0.117557 9.99641E-05 9.99641E-05 0.394529
0.0555472 0.0841533 9.99731E-05 0.71563 9.99731E-05 0.14437 9.99731E-05
9.9982E-05 0.312604 9.9982E-05 0.220462 0.00208428 0.28258 0.182068
0.271939 9.9982E-05 0.264872 0.0701531 0.123589 9.9982E-05 0.269246
9.99821E-05 0.184775 0.227798 0.0491687 9.99821E-05 0.392461 0.145598
0.506929 9.9991E-05 0.209409 0.0253966 0.0875246 0.165329 0.00531187
9.99641E-05 9.99641E-05 0.0563405 9.99641E-05 0.148168 9.99641E-05 0.795092
0.405242 9.99731E-05 9.99731E-05 0.236664 0.196298 9.99731E-05 0.161496
9.99642E-05 9.99642E-05 0.813959 9.99642E-05 9.99642E-05 0.0549445 0.130697
0.10905 0.313894 0.13101 0.268287 9.99821E-05 9.99821E-05 0.177559
9.99731E-05 9.99731E-05 0.0264242 0.308289 9.99731E-05 0.613608 0.0513792
0.0331279 0.272605 0.0841822 0.0148549 0.0440685 9.9991E-05 0.551061
0.166435 9.99732E-05 9.99732E-05 9.99732E-05 0.511165 0.218028 0.104071
0.0502604 9.99911E-05 0.0585864 0.0281971 0.218832 0.181007 0.463017
9.99643E-05 0.37734 0.476326 9.99643E-05 0.145934 9.99643E-05 9.99643E-05
0.355908 0.158061 0.0139496 9.9982E-05 0.0130816 9.9982E-05 0.4588
9.99821E-05 0.296429 0.163749 0.392847 0.0652708 9.99821E-05 0.0815042
0.0939209 0.119814 0.0648647 0.212068 0.509133 9.9982E-05 9.9982E-05
0.253361 9.99821E-05 0.319428 0.0417448 0.306291 0.0789752 9.99821E-05
9.99732E-05 9.99732E-05 0.00150123 0.01662 0.168481 9.99732E-05 0.813097
9.99732E-05 0.14327 9.99732E-05 0.0763598 0.0789416 9.99732E-05 0.701129
0.0131772 9.99644E-05 9.99644E-05 9.99644E-05 0.248824 9.99644E-05 0.737599
0.159074 9.99642E-05 9.99642E-05 0.60986 0.230666 9.99642E-05 9.99642E-05
9.99642E-05 9.99642E-05 0.323101 0.0711506 9.99642E-05 9.99642E-05 0.605349
0.105142 0.549943 9.99732E-05 9.99732E-05 0.0704994 9.99732E-05 0.274116
0.0180418 0.00388544 0.198754 0.238218 0.497516 0.0434847 9.99911E-05
0.155222 0.0500891 0.349091 0.0768561 0.168331 0.126775 0.0736351
9.99732E-05 0.248334 0.168929 9.99732E-05 0.207532 0.374905 9.99732E-05
0.4026 0.0967482 0.126897 9.99821E-05 9.99821E-05 0.339417 0.0341368
0.0657605 9.9991E-05 0.188825 0.375855 0.0454877 0.0298105 0.294162
0.9994 9.995E-05 9.995E-05 9.995E-05 9.995E-05 9.995E-05 9.995E-05
0.0341581 9.99821E-05 0.129617 9.99821E-05 0.245036 0.00737491 0.583614
0.30618 9.99821E-05 9.99821E-05 0.27418 0.0856354 0.271732 0.0620727
0.493699 0.419358 9.99643E-05 9.99643E-05 0.0865436 9.99643E-05 9.99643E-05
0.14198 0.00867729 9.99821E-05 0.668912 0.177533 9.99821E-05 0.00269698
9.99731E-05 0.2185 0.501601 0.235019 9.99731E-05 9.99731E-05 0.0445804
0.00940926 0.394235 9.9964E-05 9.9964E-05 9.9964E-05 9.9964E-05 0.595956
0.211797 0.149808 9.99732E-05 0.258495 9.99732E-05 9.99732E-05 0.3796
0.953343 9.99643E-05 9.99643E-05 9.99643E-05 9.99643E-05 0.00793898 0.0383184
0.0885178 0.0348887 0.588888 9.99822E-05 0.204453 9.99822E-05 0.0830524
0.297264 9.99821E-05 9.99821E-05 0.104344 0.513963 0.0556894 0.0285396
9.99733E-05 0.133164 9.99733E-05 9.99733E-05 0.0127341 0.116813 0.736988
9.995E-05 9.995E-05 9.995E-05 9.995E-05 9.995E-05 9.995E-05 0.9994
0.18453 9.9982E-05 0.230764 0.194265 0.222284 0.167957 9.9982E-05
0.9994 9.995E-05 9.995E-05 9.995E-05 9.995E-05 9.995E-05 9.995E-05
9.99821E-05 0.0466128 0.0644913 0.205204 9.99821E-05 0.109242 0.57425
0.383681 9.99731E-05 9.99731E-05 0.426244 0.0102568 9.99731E-05 0.179519
0.323548 0.306475 0.261222 0.0171522 9.9991E-05 0.0321859 0.0593171
0.0492127 9.99643E-05 0.169177 0.78121 9.99643E-05 9.99643E-05 9.99643E-05
0.105812 9.9991E-05 0.406752 0.115097 0.0186407 0.0134941 0.340104
9.99731E-05 0.20969 9.99731E-05 9.99731E-05 0.0229146 0.119026 0.648069
9.99733E-05 0.198941 9.99733E-05 0.62599 0.146177 9.99733E-05 0.0285921
0.847743 9.99554E-05 9.99554E-05 0.151757 9.99554E-05 9.99554E-05 9.99554E-05
0.0811473 0.0711441 0.242084 0.142362 0.244281 0.0530608 0.165922
9.99732E-05 0.0209406 9.99732E-05 0.217396 0.240721 9.99732E-05 0.520642
9.99731E-05 0.179815 9.99731E-05 0.250692 0.0200143 9.99731E-05 0.549178
9.99731E-05 0.407878 0.300414 0.0870879 0.20432 9.99731E-05 9.99731E-05
0.108098 9.99732E-05 0.23532 9.99732E-05 9.99732E-05 0.0907676 0.565514
9.99731E-05 0.0874755 0.246627 9.99731E-05 0.0111066 9.99731E-05 0.654491
9.99732E-05 0.104059 0.078238 0.420932 9.99732E-05 9.99732E-05 0.396471
0.188099 9.99821E-05 0.0332138 0.490396 9.99821E-05 0.263759 0.0243314
9.99552E-05 9.99552E-05 9.99552E-05 9.99552E-05 0.951703 9.99552E-05 0.0477971
0.152801 9.99643E-05 9.99643E-05 9.99643E-05 0.294383 9.99643E-05 0.552416
9.99821E-05 0.0621796 0.703527 0.0854089 0.0920829 0.0566016 9.99821E-05
0.212296 0.094114 0.0462546 0.254424 0.00861545 0.206943 0.177353
0.0561246 0.13192 0.320255 0.0837591 0.296679 9.9991E-05 0.111163
0.143636 0.0169775 0.278181 0.0273627 9.99821E-05 9.99821E-05 0.533643
9.99732E-05 0.0301275 0.0208852 0.346379 9.99732E-05 9.99732E-05 0.602309
9.995E-05 9.995E-05 9.995E-05 9.995E-05 0.9994 9.995E-05 9.995E-05
9.99732E-05 0.0850216 0.352045 0.363115 9.99732E-05 9.99732E-05 0.199519
0.059499 0.0444274 9.99821E-05 0.498663 0.186368 9.99821E-05 0.210842
0.226892 0.0139488 9.9991E-05 0.109288 0.255732 0.0937029 0.300335
0.250001 9.9982E-05 0.198774 9.9982E-05 0.263497 0.0865492 0.200979
