0.198395 0.801505 9.9991E-05
0.221869 0.502097 0.276034
0.292248 0.30196 0.405791
0.21151 0.391276 0.397214
0.359981 0.639919 9.9991E-05
0.303954 0.180681 0.515364
0.537792 0.323714 0.138494
0.0891265 0.910773 9.99911E-05
0.714347 9.99911E-05 0.285553
0.46125 9.99911E-05 0.53865
0.0582324 0.177041 0.764726
0.594918 0.404982 9.99911E-05
0.332484 0.595213 0.0723021
0.265741 0.653973 0.0802864
0.679141 0.320759 9.99911E-05
0.139921 0.759822 0.100258
0.544548 0.338843 0.116608
0.581886 0.151892 0.266222
0.41505 0.58485 9.99911E-05
0.0814634 0.526513 0.392023
0.0662172 9.99911E-05 0.933683
0.413136 0.508922 0.0779423
0.157132 0.343767 0.499101
9.99911E-05 0.340471 0.659429
9.9991E-05 0.202593 0.797307
0.053432 0.672807 0.273761
0.673511 0.0398895 0.2866
0.595161 0.269607 0.135233
0.356406 0.520714 0.12288
0.216231 0.103135 0.680634
0.76981 0.0635117 0.166678
0.363129 0.636771 9.9991E-05
0.446806 9.99911E-05 0.553094
0.20872 0.774649 0.016631
9.9991E-05 0.803453 0.196447
0.391833 0.313407 0.29476
0.435712 0.392825 0.171464
0.00632136 0.0900133 0.903665
0.171826 0.545384 0.282789
9.9991E-05 0.586337 0.413563
0.59286 9.99911E-05 0.40704
0.62752 9.99911E-05 0.37238
0.126114 0.546255 0.32763
0.294505 0.651371 0.0541245
0.125393 0.590627 0.28398
0.0916939 0.711074 0.197232
0.197836 0.566184 0.23598
0.548547 0.259394 0.19206
0.074855 0.838931 0.0862139
9.9991E-05 0.917967 0.0819329
9.9991E-05 0.987148 0.0127517
0.301203 9.99911E-05 0.698697
0.658121 0.193044 0.148835
9.99911E-05 0.835745 0.164155
0.652841 0.270731 0.0764287
0.780971 0.218929 9.99911E-05
0.304372 0.435418 0.260211
0.9998 9.999E-05 9.999E-05
0.599876 0.400024 9.9991E-05
0.179379 0.304269 0.516352
0.212165 0.520069 0.267766
0.771656 9.9991E-05 0.228244
0.824352 0.175548 9.9991E-05
9.9991E-05 0.231694 0.768206
0.179222 0.820678 9.99911E-05
0.442408 0.172749 0.384843
9.9991E-05 0.600046 0.399854
0.430387 0.569513 9.99911E-05
0.259802 0.740098 9.99911E-05
9.9991E-05 0.369795 0.630105
0.737352 0.2461 0.0165477
0.754937 0.244963 9.99911E-05
0.518615 0.481285 9.99911E-05
0.358503 0.641397 9.99911E-05
9.99911E-05 0.800939 0.198961
0.601915 0.397985 9.9991E-05
0.339491 0.615281 0.0452279
0.682932 9.9991E-05 0.316968
0.107577 0.555042 0.337382
0.544437 0.455463 9.99911E-05
0.423595 0.576305 9.99911E-05
9.99911E-05 0.691063 0.308837
0.22915 0.429933 0.340918
0.0780599 0.534396 0.387544
0.550295 0.299834 0.149871
0.531317 0.314748 0.153935
0.596585 0.0118691 0.391546
9.9991E-05 0.287782 0.712118
9.99911E-05 0.523499 0.476401
0.105278 0.577606 0.317117
9.99911E-05 0.513307 0.486593
0.00110687 0.654186 0.344707
0.493876 0.3295 0.176624
0.303567 9.9991E-05 0.696333
0.932006 9.9991E-05 0.0678942
0.465148 0.326025 0.208828
0.312919 0.0991938 0.587887
0.860096 0.139804 9.9991E-05
9.9991E-05 0.643887 0.356013
0.14249 0.093312 0.764198
0.840008 9.99911E-05 0.159892
9.999E-05 9.999E-05 0.9998
0.442311 9.99911E-05 0.557589
9.999E-05 9.999E-05 0.9998
0.197055 0.802845 9.9991E-05
0.524529 0.442356 0.0331145
0.441999 0.557901 9.99911E-05
0.204708 0.451982 0.34331
9.99911E-05 0.880315 0.119585
9.99911E-05 0.445398 0.554502
0.377657 0.320833 0.301509
9.999E-05 0.9998 9.999E-05
9.99911E-05 0.526798 0.473102
9.999E-05 0.9998 9.999E-05
9.999E-05 9.999E-05 0.9998
0.765546 0.212524 0.02193
0.298878 0.667846 0.0332756
0.371306 0.628594 9.99911E-05
0.149386 0.850514 9.9991E-05
0.0587292 0.480243 0.461028
0.166144 0.592069 0.241787
0.166471 9.9991E-05 0.833429
9.999E-05 0.9998 9.999E-05
0.446143 0.419151 0.134706
0.186746 0.361196 0.452058
0.712712 0.175819 0.111469
0.749405 0.250495 9.99911E-05
0.207896 0.792004 9.9991E-05
9.99911E-05 0.0981035 0.901797
0.198226 0.310337 0.491437
0.97888 9.99911E-05 0.0210196
0.23128 0.487196 0.281524
0.742107 0.257793 9.9991E-05
0.548406 0.238148 0.213447
0.641219 9.9991E-05 0.358681
9.99911E-05 0.86271 0.13719
9.999E-05 0.9998 9.999E-05
9.99911E-05 0.961268 0.0386324
0.585702 0.248601 0.165697
9.999E-05 0.9998 9.999E-05
0.425052 0.178818 0.39613
0.247772 0.254974 0.497254
0.598263 0.279289 0.122448
0.552322 9.99911E-05 0.447578
9.99911E-05 0.495656 0.504244
0.00594268 0.853889 0.140168
0.870673 9.9991E-05 0.129227
9.99911E-05 0.55213 0.44777
0.0290301 0.593809 0.377161
0.776749 0.159883 0.0633675
0.317493 0.386083 0.296424
0.929789 0.0701115 9.9991E-05
0.197956 0.801944 9.9991E-05
0.349416 0.602214 0.0483698
0.130626 0.232088 0.637286
0.328433 0.433952 0.237614
0.190986 0.217827 0.591187
0.413743 0.325156 0.261101
0.0570492 0.878368 0.0645832
0.184431 0.472537 0.343032
0.813756 0.00472822 0.181516
0.378798 0.621102 9.99911E-05
0.112019 0.670605 0.217376
0.805146 0.151792 0.0430626
0.659982 0.339918 9.99911E-05
0.0842806 0.732644 0.183075
0.315993 0.639103 0.0449036
9.999E-05 0.9998 9.999E-05
0.825226 0.131732 0.0430422
0.304611 0.29919 0.396199
9.99911E-05 0.884036 0.115864
0.272141 0.727759 9.9991E-05
0.820641 0.17926 9.9991E-05
0.0781218 0.436106 0.485772
0.149983 0.778912 0.0711046
0.141056 0.858844 9.99911E-05
0.0444891 0.546134 0.409377
0.0524099 9.99911E-05 0.94749
0.522599 0.144876 0.332524
0.871468 9.9991E-05 0.128432
0.811544 0.0691459 0.11931
0.714073 0.195844 0.0900835
0.28039 0.47639 0.243221
9.999E-05 0.9998 9.999E-05
9.99911E-05 0.107322 0.892578
0.406031 0.593869 9.99911E-05
0.301753 0.698147 9.99911E-05
0.199006 0.131721 0.669273
0.129192 0.367403 0.503406
