9.99641E-05 9.99641E-05 0.00316895 0.157999 9.99641E-05 0.771405 9.99641E-05 0.0670272
0.0770257 0.291761 0.0435915 0.260771 0.0674362 9.9982E-05 9.9982E-05 0.259214
0.0426603 0.415045 0.034185 9.99821E-05 0.128429 9.99821E-05 0.221727 0.157754
9.99731E-05 0.0232891 9.99731E-05 0.0828964 9.99731E-05 0.590535 0.186761 0.116219
0.412065 0.0970802 0.0551168 0.0410284 9.99821E-05 0.19556 9.99821E-05 0.19895
0.392217 9.99551E-05 9.99551E-05 9.99551E-05 9.99551E-05 0.360929 0.246354 9.99551E-05
0.740073 0.116945 9.99643E-05 9.99643E-05 9.99643E-05 0.0429387 9.99643E-05 0.0996428
9.99642E-05 0.347983 9.99642E-05 0.115809 9.99642E-05 0.455469 9.99642E-05 0.0803386
0.568169 0.230475 9.99554E-05 9.99554E-05 0.200857 9.99554E-05 9.99554E-05 9.99554E-05
0.294758 9.9991E-05 0.0827929 0.0113115 0.240933 0.00561774 0.31538 0.0491062
9.9973E-05 9.9973E-05 9.9973E-05 0.00974917 0.356789 0.131423 0.477414 0.0243239
0.13373 0.418658 9.99732E-05 0.158442 0.0350669 0.253803 9.99732E-05 9.99732E-05
0.0120519 0.558506 0.0029846 9.99821E-05 0.30284 0.1031 9.99821E-05 0.0203181
0.323407 0.193133 9.99731E-05 0.28375 9.99731E-05 0.187928 9.99731E-05 0.0114817
0.211259 0.0141103 9.99821E-05 0.0466081 0.138048 0.505986 0.0837889 9.99821E-05
9.99642E-05 0.0606668 9.99642E-05 0.216486 9.99642E-05 0.470545 9.99642E-05 0.251903
0.342438 9.99821E-05 9.99821E-05 0.0688719 0.138411 0.315084 0.115642 0.0193529
0.331595 0.00390678 9.99731E-05 0.23562 9.99731E-05 0.247089 0.18149 9.99731E-05
9.99642E-05 0.457785 0.0287077 9.99642E-05 0.314713 0.198395 9.99642E-05 9.99642E-05
9.99731E-05 0.0586761 9.99731E-05 0.107487 9.99731E-05 0.247051 0.333307 0.253178
0.453191 9.99642E-05 9.99642E-05 0.0285514 0.053506 9.99642E-05 0.464351 9.99642E-05
9.9973E-05 0.159285 0.148732 9.9973E-05 0.485262 0.0536662 9.9973E-05 0.152755
0.397185 9.99641E-05 9.99641E-05 9.99641E-05 9.99641E-05 0.296902 0.22115 0.0843629
0.286696 9.99552E-05 0.191928 9.99552E-05 9.99552E-05 9.99552E-05 9.99552E-05 0.520876
9.99551E-05 9.99551E-05 0.265246 9.99551E-05 9.99551E-05 9.99551E-05 0.419332 0.314922
9.99731E-05 9.99731E-05 9.99731E-05 0.0856449 0.0842379 0.682048 0.14384 0.00393024
0.0103573 9.9982E-05 9.9982E-05 0.36634 0.371462 0.167874 0.0215899 0.0621773
9.99732E-05 0.277185 0.174 0.123121 9.99732E-05 0.280576 0.144818 9.99732E-05
9.99641E-05 0.462997 0.289153 0.0931105 9.99641E-05 9.99641E-05 0.15434 9.99641E-05
9.99552E-05 9.99552E-05 9.99552E-05 9.99552E-05 0.0635321 0.289515 9.99552E-05 0.646453
0.243253 9.99642E-05 0.513366 0.138758 9.99642E-05 9.99642E-05 0.104223 9.99642E-05
0.122801 0.601872 9.99642E-05 0.10626 9.99642E-05 9.99642E-05 9.99642E-05 0.168667
0.251255 0.205369 0.0378936 9.99821E-05 0.369472 9.99821E-05 0.124961 0.0108494
0.102847 0.322428 0.125151 0.0046342 0.0701875 0.300393 9.9991E-05 0.0742586
0.0137864 0.0457406 9.9973E-05 0.176004 9.9973E-05 0.518342 9.9973E-05 0.245827
0.599103 9.99642E-05 0.0197224 0.0625136 9.99642E-05 0.318261 9.99642E-05 9.99642E-05
0.0191246 9.99732E-05 0.610444 0.233955 9.99732E-05 9.99732E-05 0.0786054 0.0575703
9.99731E-05 0.0388191 0.222844 9.99731E-05 0.191399 9.99731E-05 0.263051 0.283588
0.134621 9.99731E-05 0.52269 0.124327 9.99731E-05 9.99731E-05 0.113776 0.104286
9.99731E-05 0.0782338 0.409651 9.99731E-05 9.99731E-05 0.212426 0.193196 0.106194
0.302134 9.99642E-05 9.99642E-05 0.0239063 0.638627 9.99642E-05 9.99642E-05 0.0349327
0.634603 9.99642E-05 0.0341393 9.99642E-05 0.284803 9.99642E-05 9.99642E-05 0.046055
0.274442 0.22756 0.049061 0.0347095 0.131071 0.104436 0.121884 0.0568364
9.99731E-05 0.135579 9.99731E-05 0.0540987 0.0357486 0.563332 0.210942 9.99731E-05
9.999E-05 0.326293 0.13973 0.0730061 0.183406 0.0519335 0.12334 0.102191
0.0043583 0.00521032 0.0915787 0.26195 0.0256653 0.521224 0.0443026 0.0457105
0.35566 0.0561556 9.99641E-05 9.99641E-05 0.295104 0.292681 9.99641E-05 9.99641E-05
0.494988 9.9964E-05 9.9964E-05 9.9964E-05 0.405789 0.0466458 0.0521779 9.9964E-05
9.99643E-05 0.0890153 0.237831 9.99643E-05 0.610999 0.0617543 9.99643E-05 9.99643E-05
9.9964E-05 9.9964E-05 0.150051 0.231039 9.9964E-05 0.605683 9.9964E-05 0.0128274
9.99551E-05 9.99551E-05 0.0455787 9.99551E-05 9.99551E-05 0.918494 0.035428 9.99551E-05
0.22895 0.0273568 0.383599 0.110446 9.99821E-05 9.99821E-05 0.229662 0.0197864
0.00402303 9.99552E-05 9.99552E-05 9.99552E-05 0.349714 0.645763 9.99552E-05 9.99552E-05
9.99642E-05 0.0932536 9.99642E-05 9.99642E-05 9.99642E-05 0.694766 0.180666 0.0309146
0.293525 0.473977 9.99732E-05 0.0359137 0.039329 9.99732E-05 0.156956 9.99732E-05
0.15579 0.093044 0.0595725 0.116361 0.176524 0.244054 0.154554 9.99911E-05
9.9973E-05 0.246604 0.00775011 9.9973E-05 9.9973E-05 0.195099 0.329503 0.220743
0.530349 0.356767 0.0682045 0.0442791 9.99643E-05 9.99643E-05 9.99643E-05 9.99643E-05
0.00287679 0.487091 9.9973E-05 0.24138 9.9973E-05 0.048263 0.22009 9.9973E-05
0.192965 9.9982E-05 0.187354 0.0375879 0.122674 0.269394 0.189825 9.9982E-05
9.99821E-05 0.0978837 0.358824 0.0472107 0.0575077 0.247296 0.191077 9.99821E-05
0.140545 9.9973E-05 9.9973E-05 0.490762 0.157644 0.0211247 9.9973E-05 0.189625
0.0145782 9.9982E-05 0.228052 0.0644858 0.680617 0.00763246 0.00443396 9.9982E-05
9.99641E-05 9.99641E-05 9.99641E-05 0.191541 9.99641E-05 0.166876 0.0270607 0.614122
0.0720988 0.379987 0.07573 9.99821E-05 0.0403295 0.401855 9.99821E-05 0.0297999
9.99731E-05 0.0312842 9.99731E-05 0.0760599 0.594763 0.22836 0.0692333 9.99731E-05
0.0438193 9.9964E-05 0.449621 9.9964E-05 9.9964E-05 0.368658 9.9964E-05 0.137501
9.99641E-05 9.99641E-05 0.260935 0.290325 0.175223 0.273117 9.99641E-05 9.99641E-05
9.99641E-05 9.99641E-05 0.477738 0.0599649 0.0560578 0.405839 9.99641E-05 9.99641E-05
0.149746 9.99641E-05 0.688756 9.99641E-05 0.120822 9.99641E-05 9.99641E-05 0.0402759
0.672593 0.156688 9.99731E-05 0.000222672 9.99731E-05 0.0927085 0.0774878 9.99731E-05
9.99552E-05 9.99552E-05 9.99552E-05 0.120419 0.750553 9.99552E-05 9.99552E-05 0.128529
0.017026 0.642951 9.99643E-05 0.330475 9.99643E-05 9.99643E-05 9.99643E-05 0.00914829
9.99731E-05 9.99731E-05 0.468935 0.105434 0.219199 0.194564 9.99731E-05 0.0115686
0.117401 0.530291 0.00635018 9.99732E-05 9.99732E-05 0.136415 9.99732E-05 0.209243
9.99551E-05 0.518664 9.99551E-05 0.336007 0.144829 9.99551E-05 9.99551E-05 9.99551E-05
9.99466E-05 9.99466E-05 9.99466E-05 9.99466E-05 0.322478 0.676922 9.99466E-05 9.99466E-05
0.191982 0.169822 9.9982E-05 0.171641 0.0570399 9.9982E-05 0.369516 0.0397997
9.9982E-05 0.30332 0.163992 0.0528763 0.147216 0.0841054 0.24829 9.9982E-05
9.99731E-05 0.606278 9.99731E-05 0.110957 9.99731E-05 0.1306 0.150139 0.00172651
9.99642E-05 0.260579 0.110743 0.374021 9.99642E-05 0.254257 9.99642E-05 9.99642E-05
9.99731E-05 0.237726 9.99731E-05 9.99731E-05 0.221932 0.066306 0.273061 0.200675
0.260562 0.201481 0.512086 9.99731E-05 0.000956898 9.99731E-05 0.0246138 9.99731E-05
9.99731E-05 0.388649 9.99731E-05 9.99731E-05 0.246683 0.202501 0.00847334 0.153394
0.568857 9.99641E-05 9.99641E-05 9.99641E-05 0.0951008 0.321692 9.99641E-05 0.0139501
0.233279 0.0938315 9.9982E-05 0.113609 0.0348269 0.508574 0.0156796 9.9982E-05
0.0151776 0.449635 0.134771 0.318296 9.99732E-05 9.99732E-05 9.99732E-05 0.0818215
0.264522 0.00196973 9.99641E-05 9.99641E-05 0.21514 9.99641E-05 9.99641E-05 0.517968
9.99732E-05 9.99732E-05 0.0870401 9.99732E-05 0.130974 0.434103 0.334159 0.0134235
9.99641E-05 0.141882 9.99641E-05 9.99641E-05 0.548706 0.0769406 0.232071 9.99641E-05
9.99465E-05 9.99465E-05 9.99465E-05 9.99465E-05 9.99465E-05 0.296419 9.99465E-05 0.702982
0.737947 9.99643E-05 9.99643E-05 9.99643E-05 9.99643E-05 0.0863965 0.117249 0.0580072
0.366911 9.99553E-05 9.99553E-05 9.99553E-05 0.615932 9.99553E-05 9.99553E-05 0.0166579
0.664881 9.99642E-05 0.0214521 9.99642E-05 0.0729367 9.99642E-05 0.240331 9.99642E-05
0.361317 0.0211313 0.0963827 0.147379 0.373491 9.9973E-05 9.9973E-05 9.9973E-05
0.365449 0.502992 9.99731E-05 0.0367367 9.99731E-05 9.99731E-05 0.0536248 0.0408975
0.450862 9.9991E-05 0.19364 0.0284832 0.00606932 0.112231 0.0420169 0.166598
0.468499 0.0103403 9.99731E-05 0.0253838 0.150316 0.34516 9.99731E-05 9.99731E-05
9.99731E-05 0.258567 0.0426112 0.00893542 9.99731E-05 0.243236 9.99731E-05 0.446351
0.173916 9.9964E-05 0.200468 9.9964E-05 0.121348 9.9964E-05 9.9964E-05 0.503868
0.740358 9.99643E-05 0.158953 0.0467263 9.99643E-05 9.99643E-05 9.99643E-05 0.053563
9.99553E-05 9.99553E-05 9.99553E-05 0.0695323 9.99553E-05 9.99553E-05 0.0123235 0.917644
9.99642E-05 9.99642E-05 9.99642E-05 0.0728272 0.344587 9.99642E-05 0.458339 0.123847
0.00961396 9.99462E-05 9.99462E-05 9.99462E-05 9.99462E-05 9.99462E-05 0.989786 9.99462E-05
9.9964E-05 0.303049 0.252511 0.0686177 9.9964E-05 0.375422 9.9964E-05 9.9964E-05
0.251877 9.99731E-05 0.22449 9.99731E-05 0.206265 0.257178 9.99731E-05 0.0598903
0.531127 0.390858 0.0396268 9.996E-05 0.0379882 9.996E-05 9.996E-05 9.996E-05
0.141683 9.99642E-05 0.788946 9.99642E-05 9.99642E-05 0.0097485 0.0592225 9.99642E-05
9.99463E-05 9.99463E-05 0.66798 9.99463E-05 9.99463E-05 0.331421 9.99463E-05 9.99463E-05
9.99821E-05 9.99821E-05 0.221329 0.0302647 0.181544 0.06753 0.422139 0.0769935
0.0567442 0.171419 0.183137 0.136127 9.99731E-05 9.99731E-05 9.99731E-05 0.452273
0.0191007 0.156033 9.99732E-05 0.090088 9.99732E-05 0.730365 9.99732E-05 0.00411251
9.99553E-05 9.99553E-05 0.25405 9.99553E-05 9.99553E-05 0.130108 9.99553E-05 0.615342
9.99731E-05 0.664252 9.99731E-05 9.99731E-05 0.0209399 0.172739 0.0493795 0.0923898
9.994E-05 9.994E-05 9.994E-05 9.994E-05 9.994E-05 9.994E-05 9.994E-05 0.9993
0.29712 0.102865 9.99732E-05 9.99732E-05 0.184462 0.108304 0.306949 9.99732E-05
9.99731E-05 0.0690643 0.16055 0.0749217 0.0538221 0.641342 9.99731E-05 9.99731E-05
9.99731E-05 0.439831 0.0462158 0.0429455 0.294435 9.99731E-05 9.99731E-05 0.176273
9.9991E-05 0.0751135 0.0478078 0.152266 0.173287 0.234147 0.168285 0.148994
9.9991E-05 0.179104 0.305703 0.098721 0.00289258 0.0840585 0.0186808 0.310741
9.9982E-05 9.9982E-05 0.11405 0.0275 0.227082 0.169391 0.0201638 0.441612
0.488623 0.142427 0.121851 9.99641E-05 9.99641E-05 9.99641E-05 9.99641E-05 0.2467
9.99462E-05 0.48301 9.99462E-05 9.99462E-05 9.99462E-05 0.51639 9.99462E-05 9.99462E-05
0.39709 0.281321 0.232715 9.99821E-05 0.0486043 9.99821E-05 0.00791423 0.0321559
0.180818 9.99643E-05 9.99643E-05 9.99643E-05 0.248569 0.49532 0.0748929 9.99643E-05
0.400582 0.0476775 9.99641E-05 9.99641E-05 0.239327 0.312013 9.99641E-05 9.99641E-05
0.323078 9.99553E-05 9.99553E-05 0.000764107 0.675658 9.99553E-05 9.99553E-05 9.99553E-05
9.99641E-05 9.99641E-05 0.395279 0.237967 9.99641E-05 0.356481 0.00987374 9.99641E-05
9.99553E-05 9.99553E-05 0.477397 9.99553E-05 9.99553E-05 9.99553E-05 0.281856 0.240247
0.366697 0.177522 0.264618 9.99731E-05 9.99731E-05 0.0320667 9.99731E-05 0.158796
0.210231 9.99731E-05 0.215097 0.0712627 0.376922 9.99731E-05 0.126187 9.99731E-05
0.46416 0.0986533 9.9973E-05 0.0312495 9.9973E-05 0.269521 0.136116 9.9973E-05
0.268717 0.321592 9.99731E-05 0.0639545 0.216636 9.99731E-05 0.128801 9.99731E-05
9.99641E-05 9.99641E-05 0.383011 0.204009 0.054122 9.99641E-05 0.358458 9.99641E-05
0.126799 9.99821E-05 0.148385 0.125525 0.362392 0.0954116 0.141288 9.99821E-05
0.220805 9.99641E-05 0.370395 9.99641E-05 9.99641E-05 0.383014 0.0253869 9.99641E-05
9.99552E-05 0.00075921 0.733623 9.99552E-05 9.99552E-05 0.265118 9.99552E-05 9.99552E-05
9.99732E-05 0.105432 0.563231 9.99732E-05 9.99732E-05 0.285455 0.0011247 0.0444572
0.00478995 0.397426 9.99732E-05 0.1577 0.232667 9.99732E-05 0.207117 9.99732E-05
9.99463E-05 9.99463E-05 0.0959461 9.99463E-05 9.99463E-05 0.903454 9.99463E-05 9.99463E-05
9.99732E-05 0.193707 0.147588 0.1165 9.99732E-05 0.0780045 0.4639 9.99732E-05
0.0979979 9.99731E-05 0.461176 9.99731E-05 0.0949005 9.99731E-05 0.108763 0.236863
0.564799 0.0738782 0.0816772 0.115375 0.163971 9.99731E-05 9.99731E-05 9.99731E-05
0.0935326 9.99732E-05 0.0157874 9.99732E-05 0.683208 0.0202717 0.1869 9.99732E-05
9.99731E-05 9.99731E-05 0.00826891 0.0643273 9.99731E-05 0.261403 0.114082 0.55162
0.0988355 0.447697 0.0628156 9.9991E-05 0.0170019 0.24302 0.106983 0.0235475
9.994E-05 9.994E-05 9.994E-05 0.9993 9.994E-05 9.994E-05 9.994E-05 9.994E-05
9.99731E-05 0.208453 9.99731E-05 0.0347071 9.99731E-05 0.318121 0.300201 0.138218
0.529403 0.0854918 0.0340046 9.99731E-05 9.99731E-05 9.99731E-05 0.0645927 0.286208
0.0952554 9.99732E-05 0.0232662 0.64352 9.99732E-05 0.097131 0.140528 9.99732E-05
9.99643E-05 0.668692 9.99643E-05 0.102784 0.185347 9.99643E-05 0.0427778 9.99643E-05
9.99731E-05 0.121289 9.99731E-05 0.239797 0.318258 0.294551 0.0258061 9.99731E-05
0.132984 0.169662 0.431923 9.99731E-05 0.0153795 0.249752 9.99731E-05 9.99731E-05
9.99731E-05 0.632477 0.074421 0.113422 9.99731E-05 0.14768 9.99731E-05 0.0317006
0.391018 0.148139 9.99642E-05 0.0941801 9.99642E-05 9.99642E-05 9.99642E-05 0.366263
0.247902 9.99641E-05 0.526562 0.0448119 9.99641E-05 9.99641E-05 0.180324 9.99641E-05
9.99552E-05 0.667045 9.99552E-05 9.99552E-05 9.99552E-05 9.99552E-05 0.271717 0.0607392
9.99642E-05 9.99642E-05 9.99642E-05 0.139392 0.277929 0.293825 0.288454 9.99642E-05
9.99642E-05 0.185846 0.102814 0.0160527 9.99642E-05 0.694887 9.99642E-05 9.99642E-05
0.0532435 9.9991E-05 0.233745 0.0219183 0.19271 0.172935 0.114573 0.210775
9.994E-05 9.994E-05 9.994E-05 0.9993 9.994E-05 9.994E-05 9.994E-05 9.994E-05
0.0272393 0.100411 0.0966228 0.204212 0.358879 0.212435 9.9982E-05 9.9982E-05
9.99551E-05 0.779245 9.99551E-05 0.0450634 9.99551E-05 9.99551E-05 9.99551E-05 0.175192
0.183359 0.0335526 9.99821E-05 0.270077 0.263129 0.109339 0.140343 9.99821E-05
0.094999 0.0603227 9.99732E-05 0.162857 0.573585 0.107936 9.99732E-05 9.99732E-05
0.327032 9.99641E-05 9.99641E-05 9.99641E-05 0.232778 0.247055 9.99641E-05 0.192735
0.0730753 0.164311 0.260243 0.0301275 0.064592 0.277536 0.0699787 0.0601373
9.99463E-05 0.410941 0.588459 9.99463E-05 9.99463E-05 9.99463E-05 9.99463E-05 9.99463E-05
0.764416 0.21447 9.99553E-05 0.0206143 9.99553E-05 9.99553E-05 9.99553E-05 9.99553E-05
0.252695 0.274043 0.169143 9.9973E-05 0.140972 9.9973E-05 9.9973E-05 0.162848
9.99821E-05 0.0108228 0.291182 9.99821E-05 0.0164318 0.52472 0.10984 0.0468042
9.99731E-05 0.63136 0.0854998 0.0393217 9.99731E-05 0.235197 0.00832089 9.99731E-05
0.228388 0.554396 9.99642E-05 9.99642E-05 0.0141041 9.99642E-05 0.202712 9.99642E-05
0.115478 9.99821E-05 0.255475 0.0132205 9.99821E-05 0.38688 0.019498 0.209248
9.99552E-05 9.99552E-05 0.112062 9.99552E-05 0.212363 0.675075 9.99552E-05 9.99552E-05
9.99643E-05 0.447634 9.99643E-05 9.99643E-05 0.0392064 0.463066 0.0496936 9.99643E-05
0.106645 0.202207 0.113502 0.00315474 0.292101 9.99821E-05 9.99821E-05 0.282191
0.173673 9.99462E-05 9.99462E-05 9.99462E-05 9.99462E-05 9.99462E-05 0.825727 9.99462E-05
0.0603896 0.0580103 0.163809 0.0416524 0.206064 0.334067 0.135907 9.9991E-05
0.173993 0.138109 9.99733E-05 0.0715103 0.404434 9.99733E-05 0.211653 9.99733E-05
0.358617 9.99642E-05 0.233039 0.140675 0.267269 9.99642E-05 9.99642E-05 9.99642E-05
0.232015 0.015439 0.0152614 0.185927 0.242273 0.162671 0.146315 9.9991E-05
0.286515 9.99821E-05 0.234174 0.0131353 0.000794021 0.402532 9.99821E-05 0.0626501
9.99643E-05 0.549829 9.99643E-05 0.0470829 0.0450895 0.357599 9.99643E-05 9.99643E-05
9.994E-05 9.994E-05 9.994E-05 9.994E-05 9.994E-05 9.994E-05 0.9993 9.994E-05
9.99642E-05 0.436585 9.99642E-05 0.105614 0.191117 0.266284 9.99642E-05 9.99642E-05
0.0910619 0.550739 0.193406 0.0974504 9.99821E-05 0.0528066 9.99821E-05 0.0143355
9.99641E-05 0.116562 0.522652 0.142329 9.99641E-05 9.99641E-05 9.99641E-05 0.218057
0.373674 0.239984 9.9973E-05 9.9973E-05 9.9973E-05 0.0309658 0.168204 0.186873
