9.99552E-05 9.99552E-05 9.99552E-05 9.99552E-05 0.805245 9.99552E-05 0.190364 0.00389065
0.0555418 0.520777 9.99821E-05 0.193628 0.171369 9.99821E-05 0.0196063 0.0388783
0.07027 9.99732E-05 0.271538 9.99732E-05 0.470143 0.11525 9.99732E-05 0.0724987
9.99641E-05 9.99641E-05 0.24409 9.99641E-05 0.45162 0.116879 9.99641E-05 0.187011
0.164542 0.192892 0.066575 9.99731E-05 0.458506 9.99731E-05 0.117185 9.99731E-05
0.00922615 0.177647 9.99641E-05 9.99641E-05 0.718033 0.0946938 9.99641E-05 9.99641E-05
0.0522064 0.354177 0.0923952 0.0741896 0.28666 9.9991E-05 0.0471166 0.0931546
9.99552E-05 0.0640387 9.99552E-05 0.326292 0.60917 9.99552E-05 9.99552E-05 9.99552E-05
9.99821E-05 0.151338 0.0875458 0.0951983 9.99821E-05 0.124818 0.346291 0.194609
0.0197194 9.99641E-05 9.99641E-05 9.99641E-05 0.331382 0.203639 0.44486 9.99641E-05
0.0672617 9.9991E-05 0.110932 0.0524048 0.318144 0.265927 0.14361 0.0416209
0.140393 0.187053 0.0496651 0.182085 9.99731E-05 9.99731E-05 9.99731E-05 0.440504
9.99641E-05 0.258587 0.164367 0.453291 9.99641E-05 9.99641E-05 9.99641E-05 0.123355
0.138736 0.415746 9.99552E-05 9.99552E-05 0.445019 9.99552E-05 9.99552E-05 9.99552E-05
9.99642E-05 9.99642E-05 9.99642E-05 0.00184405 0.0115085 0.054681 9.99642E-05 0.931567
0.140661 9.99642E-05 0.224977 9.99642E-05 0.554478 9.99642E-05 9.99642E-05 0.0794848
9.997E-05 0.258765 0.0320466 9.997E-05 0.110406 0.0648791 9.997E-05 0.533603
0.211788 9.99821E-05 0.157735 9.99821E-05 0.351316 0.126563 0.081506 0.0708915
9.99642E-05 9.99642E-05 9.99642E-05 0.737349 0.0367187 9.99642E-05 0.217061 0.00847141
0.0351091 0.0767921 0.0703596 0.106178 0.507911 0.0540899 9.99911E-05 0.14946
0.21274 9.99732E-05 0.0565201 9.99732E-05 0.231629 0.304949 0.193861 9.99732E-05
9.996E-05 9.996E-05 0.103951 0.422951 9.996E-05 9.996E-05 0.404404 0.0682944
0.0757813 0.118858 0.315827 9.9973E-05 9.9973E-05 0.316034 9.9973E-05 0.173199
9.996E-05 0.0368902 0.470761 9.996E-05 0.209351 9.996E-05 0.282598 9.996E-05
0.105323 9.99641E-05 0.336861 0.282327 9.99641E-05 0.275089 9.99641E-05 9.99641E-05
0.0826722 9.9964E-05 0.133 9.9964E-05 0.634233 9.9964E-05 0.149695 9.9964E-05
0.220791 9.9982E-05 0.0233474 9.9982E-05 0.0504544 0.0416905 0.604304 0.0592129
9.99643E-05 0.160307 9.99643E-05 9.99643E-05 0.376501 0.00351121 0.459281 9.99643E-05
9.9964E-05 0.0777978 9.9964E-05 0.553971 0.0969984 0.270833 9.9964E-05 9.9964E-05
9.99642E-05 9.99642E-05 0.774766 0.111196 9.99642E-05 9.99642E-05 0.110548 0.00309124
0.166696 0.113778 9.99731E-05 9.99731E-05 0.208603 0.195004 0.31562 9.99731E-05
9.99731E-05 0.45153 0.00360311 0.384916 0.073842 9.99731E-05 9.99731E-05 0.085809
9.99552E-05 0.120102 9.99552E-05 9.99552E-05 9.99552E-05 0.239753 0.639645 9.99552E-05
9.997E-05 0.254246 9.997E-05 0.416963 0.275019 9.997E-05 0.0346136 0.0188583
0.0915698 9.99641E-05 0.233296 9.99641E-05 0.671505 9.99641E-05 0.00322891 9.99641E-05
0.0434827 0.212494 9.99642E-05 9.99642E-05 0.611549 9.99642E-05 0.132074 9.99642E-05
0.228323 9.99821E-05 0.10768 0.383198 0.0965993 0.0229835 0.161017 9.99821E-05
9.99641E-05 9.99641E-05 0.244856 0.0441037 9.99641E-05 0.406085 0.304555 9.99641E-05
0.161831 9.99732E-05 9.99732E-05 0.347061 0.194987 0.0311773 0.264643 9.99732E-05
9.99731E-05 0.150265 0.0508612 0.309757 0.132472 0.356345 9.99731E-05 9.99731E-05
0.0389379 0.0249008 0.170437 9.99731E-05 9.99731E-05 9.99731E-05 0.582841 0.182583
0.10281 9.99731E-05 0.0226868 9.99731E-05 9.99731E-05 0.155274 0.246428 0.472501
9.996E-05 0.399874 9.996E-05 0.00284478 0.350886 9.996E-05 0.245996 9.996E-05
0.0688407 9.99732E-05 9.99732E-05 0.206504 0.442118 0.0807983 9.99732E-05 0.201439
0.053969 0.110594 0.0841152 0.634645 9.99821E-05 0.0950787 9.99821E-05 0.0213977
0.0837796 0.00440141 0.0718431 0.0811885 0.394923 9.99821E-05 9.99821E-05 0.363664
9.99463E-05 9.99463E-05 9.99463E-05 9.99463E-05 0.43176 9.99463E-05 9.99463E-05 0.56764
0.145447 0.087479 9.9982E-05 9.9982E-05 0.221603 0.140247 0.188495 0.216529
9.99465E-05 9.99465E-05 9.99465E-05 0.545913 9.99465E-05 9.99465E-05 9.99465E-05 0.453488
0.103751 9.99551E-05 9.99551E-05 0.0466897 0.849059 9.99551E-05 9.99551E-05 9.99551E-05
9.99551E-05 9.99551E-05 0.201634 0.00682142 0.791045 9.99551E-05 9.99551E-05 9.99551E-05
0.0610966 0.303447 9.99641E-05 9.99641E-05 9.99641E-05 0.396465 0.238592 9.99641E-05
9.99641E-05 9.99641E-05 0.124404 9.99641E-05 0.424017 9.99641E-05 0.282654 0.168525
9.997E-05 9.997E-05 0.0602427 0.145413 0.519171 0.182294 9.997E-05 0.0925796
0.086898 0.784293 9.99552E-05 9.99552E-05 9.99552E-05 9.99552E-05 0.128309 9.99552E-05
0.198379 9.99732E-05 9.99732E-05 0.110111 0.117742 9.99732E-05 0.457581 0.115887
9.999E-05 0.318708 0.242242 0.0336176 0.233153 0.00349135 0.118104 0.0505841
9.99465E-05 0.676765 9.99465E-05 9.99465E-05 9.99465E-05 9.99465E-05 0.322635 9.99465E-05
0.218945 0.251939 9.9982E-05 0.105727 0.264969 0.0490162 9.9982E-05 0.109205
0.0524622 9.99731E-05 0.00714068 9.99731E-05 0.571388 0.173921 0.194788 9.99731E-05
9.99732E-05 9.99732E-05 0.00656135 0.0859106 0.59951 0.18806 0.119659 9.99732E-05
0.299816 9.99641E-05 0.174531 9.99641E-05 0.120283 9.99641E-05 9.99641E-05 0.404969
0.00716339 9.9973E-05 9.9973E-05 0.340364 0.0167612 9.9973E-05 0.624435 0.0109768
0.119181 9.99642E-05 0.560436 0.0347039 0.28528 9.99642E-05 9.99642E-05 9.99642E-05
9.99642E-05 9.99642E-05 0.111112 0.342451 0.537498 9.99642E-05 0.00853803 9.99642E-05
0.0146117 9.99821E-05 0.102505 0.369316 0.0648865 9.99821E-05 0.24913 0.199351
0.0190384 0.0866196 0.0932021 0.0837813 0.459734 0.115679 0.0351698 0.106775
0.236224 9.99641E-05 9.99641E-05 0.231562 0.15923 9.99641E-05 9.99641E-05 0.372585
9.99641E-05 9.99641E-05 9.99641E-05 0.569755 0.223326 9.99641E-05 0.176133 0.0303855
9.99642E-05 9.99642E-05 9.99642E-05 0.146848 0.192886 0.0395446 0.620321 9.99642E-05
0.117478 0.0575563 9.99821E-05 9.99821E-05 0.497263 0.113385 0.0862449 0.127873
0.0258904 9.99641E-05 9.99641E-05 0.268464 9.99641E-05 9.99641E-05 0.365292 0.339954
0.134323 0.865078 9.99464E-05 9.99464E-05 9.99464E-05 9.99464E-05 9.99464E-05 9.99464E-05
0.117949 9.99642E-05 9.99642E-05 0.534745 0.122205 9.99642E-05 0.224701 9.99642E-05
9.99643E-05 0.315791 0.0377883 0.0282316 0.617789 9.99643E-05 9.99643E-05 9.99643E-05
0.234836 0.31205 9.99641E-05 0.210824 9.99641E-05 9.99641E-05 9.99641E-05 0.24189
9.99464E-05 9.99464E-05 0.203181 9.99464E-05 9.99464E-05 9.99464E-05 9.99464E-05 0.796219
0.0999509 0.267905 9.9982E-05 0.041247 0.0347975 0.260371 0.295528 9.9982E-05
9.9982E-05 0.0955384 0.0148903 0.442693 0.175322 0.190232 0.0811244 9.9982E-05
0.0134327 0.574986 9.99821E-05 0.0435623 0.274093 0.0917792 9.99821E-05 0.00194693
0.223577 0.110669 9.99642E-05 0.245238 0.420117 9.99642E-05 9.99642E-05 9.99642E-05
9.999E-05 0.032536 0.0441899 0.118164 0.45582 0.00195762 0.302709 0.0445234
9.99643E-05 0.257373 9.99643E-05 0.0610296 0.308176 9.99643E-05 0.373022 9.99643E-05
9.99731E-05 9.99731E-05 0.139563 0.390897 0.160589 9.99731E-05 0.218084 0.090567
0.10592 0.152929 0.176506 0.0320542 0.262684 9.9982E-05 9.9982E-05 0.269706
0.15227 9.996E-05 9.996E-05 9.996E-05 0.443142 9.996E-05 0.352491 0.0516973
0.00523998 0.49057 9.99553E-05 9.99553E-05 9.99553E-05 9.99553E-05 0.50369 9.99553E-05
0.0327504 0.265738 0.538573 9.99731E-05 0.154775 9.99731E-05 9.99731E-05 0.00786463
9.99732E-05 9.99732E-05 0.102743 0.249291 0.383548 0.125664 0.138455 9.99732E-05
9.99641E-05 9.99641E-05 9.99641E-05 0.382401 0.0470005 0.142716 0.427483 9.99641E-05
9.99465E-05 9.99465E-05 0.772515 9.99465E-05 9.99465E-05 9.99465E-05 9.99465E-05 0.226885
0.123132 0.274397 0.0824827 9.99911E-05 0.072915 0.0534344 0.3182 0.075339
0.150359 0.142034 0.163662 0.0330721 0.0984214 9.99911E-05 0.173712 0.238641
9.99641E-05 0.157939 9.99641E-05 9.99641E-05 0.263925 0.46065 0.117086 9.99641E-05
0.084993 0.164671 0.0472864 0.0708176 9.9982E-05 9.9982E-05 0.336023 0.296009
9.99731E-05 0.541281 0.021714 9.99731E-05 0.0638713 0.0970157 9.99731E-05 0.275818
9.99462E-05 9.99462E-05 9.99462E-05 9.99462E-05 0.598107 9.99462E-05 0.401293 9.99462E-05
9.99641E-05 9.99641E-05 9.99641E-05 9.99641E-05 0.134639 0.058847 0.0058802 0.800234
0.0615678 9.99641E-05 0.532019 0.0443926 0.36162 9.99641E-05 9.99641E-05 9.99641E-05
9.9982E-05 0.0990106 0.424815 9.9982E-05 0.00308626 0.0049369 0.312211 0.15574
0.132444 0.182607 9.99553E-05 9.99553E-05 9.99553E-05 9.99553E-05 0.684449 9.99553E-05
0.0300053 9.99552E-05 0.966682 9.99552E-05 9.99552E-05 9.99552E-05 0.00281273 9.99552E-05
9.99553E-05 9.99553E-05 0.152326 9.99553E-05 9.99553E-05 0.0906466 0.756528 9.99553E-05
0.012309 9.99462E-05 9.99462E-05 9.99462E-05 9.99462E-05 0.987091 9.99462E-05 9.99462E-05
9.99551E-05 0.113559 9.99551E-05 0.359956 0.525984 9.99551E-05 9.99551E-05 9.99551E-05
9.997E-05 0.0358822 0.165102 0.468331 0.0899582 9.997E-05 9.997E-05 0.240427
9.997E-05 0.516886 9.997E-05 0.0516422 0.249521 9.997E-05 0.177423 0.00422787
9.99553E-05 9.99553E-05 9.99553E-05 0.293756 0.471353 9.99553E-05 0.234391 9.99553E-05
0.0139259 9.99821E-05 9.99821E-05 0.66233 0.199269 0.0370119 0.0270775 0.0601859
0.0579471 0.0387496 0.138501 0.236929 0.0695776 0.457869 0.000326248 9.99911E-05
0.074005 0.149001 0.183738 0.000617284 0.261699 9.99911E-05 0.291463 0.0393762
0.00730168 9.996E-05 0.0832975 0.116596 0.792405 9.996E-05 9.996E-05 9.996E-05
9.99641E-05 0.221104 0.600732 0.163813 9.99641E-05 0.0139509 9.99641E-05 9.99641E-05
9.99642E-05 0.382557 9.99642E-05 0.141404 0.464309 0.0113305 9.99642E-05 9.99642E-05
9.99462E-05 0.0593381 0.940062 9.99462E-05 9.99462E-05 9.99462E-05 9.99462E-05 9.99462E-05
9.99553E-05 0.333171 9.99553E-05 9.99553E-05 9.99553E-05 0.188527 9.99553E-05 0.477802
9.996E-05 9.996E-05 9.996E-05 0.298998 0.448923 9.996E-05 0.0506306 0.201048
9.99552E-05 0.113323 9.99552E-05 0.488889 9.99552E-05 9.99552E-05 0.397288 9.99552E-05
0.0556959 9.9973E-05 0.31331 0.554266 0.0012141 0.0752141 9.9973E-05 9.9973E-05
9.9982E-05 0.29291 0.147959 0.22502 0.222125 0.0311913 0.0805942 9.9982E-05
9.99641E-05 9.99641E-05 0.484458 9.99641E-05 0.181837 9.99641E-05 0.265639 0.0676666
9.99552E-05 0.714915 0.255756 9.99552E-05 9.99552E-05 0.0288289 9.99552E-05 9.99552E-05
9.99552E-05 9.99552E-05 9.99552E-05 9.99552E-05 0.828927 0.142339 9.99552E-05 0.0282344
0.163893 0.100257 9.9991E-05 0.0677339 0.313245 0.170975 0.129989 0.0538071
9.99821E-05 0.0467516 0.170281 0.00694351 0.19026 0.171722 9.99821E-05 0.413842
0.0468273 0.0207755 9.999E-05 0.149098 0.296986 0.000730112 0.150374 0.335109
0.0132092 0.157962 0.126826 9.99732E-05 9.99732E-05 9.99732E-05 0.368619 0.333084
0.164051 0.193206 9.99641E-05 0.400974 0.241369 9.99641E-05 9.99641E-05 9.99641E-05
0.019613 9.99821E-05 0.203136 0.109534 0.0954149 0.539358 0.0327445 9.99821E-05
0.0125205 9.99732E-05 0.254333 0.190493 0.28353 0.258825 9.99732E-05 9.99732E-05
0.00856207 9.99642E-05 9.99642E-05 9.99642E-05 9.99642E-05 0.0493062 0.105157 0.836575
9.997E-05 0.402191 9.997E-05 0.00861025 0.427161 0.0308375 0.130901 9.997E-05
9.99821E-05 0.134711 9.99821E-05 0.0106559 0.312686 0.0933404 0.136034 0.312372
0.0461476 0.0405133 9.99731E-05 0.435112 9.99731E-05 0.276737 0.20119 9.99731E-05
0.187206 9.99642E-05 9.99642E-05 9.99642E-05 0.0798362 0.289948 0.44261 9.99642E-05
0.000109324 9.99732E-05 9.99732E-05 0.105135 0.770944 0.11989 9.99732E-05 0.00362267
9.99642E-05 9.99642E-05 9.99642E-05 0.446854 0.43534 0.0860249 0.0313812 9.99642E-05
9.99555E-05 9.99555E-05 9.99555E-05 0.12555 0.66072 0.21323 9.99555E-05 9.99555E-05
0.0924128 9.99732E-05 9.99732E-05 0.443866 9.99732E-05 0.12115 0.246043 0.0962284
9.995E-05 9.995E-05 9.995E-05 0.327463 0.659119 9.995E-05 9.995E-05 0.0129187
0.104269 0.0229218 9.99821E-05 0.170977 0.376459 0.10167 0.223502 9.99821E-05
9.9991E-05 0.208549 0.238792 0.0128885 0.00224471 0.294526 0.225479 0.0174205
0.0570568 0.136216 9.999E-05 0.000550836 0.179279 0.0997685 0.335698 0.191331
9.99642E-05 9.99642E-05 0.0874067 9.99642E-05 9.99642E-05 0.149485 0.685331 0.0773767
0.112934 9.99821E-05 0.586372 0.0046501 0.120955 9.99821E-05 0.00326638 0.171623
9.997E-05 0.133048 0.100537 0.440016 0.31133 9.997E-05 9.997E-05 0.0147691
0.9993 9.994E-05 9.994E-05 9.994E-05 9.994E-05 9.994E-05 9.994E-05 9.994E-05
9.99643E-05 9.99643E-05 0.0624576 9.99643E-05 0.590852 0.225267 0.121024 9.99643E-05
0.0701274 0.638146 0.21047 0.01091 0.0700464 9.99732E-05 9.99732E-05 9.99732E-05
0.446106 0.173609 9.99731E-05 0.0197327 9.99731E-05 0.205246 0.155007 9.99731E-05
0.278547 9.99553E-05 9.99553E-05 0.500328 9.99553E-05 9.99553E-05 0.220625 9.99553E-05
9.99642E-05 9.99642E-05 9.99642E-05 0.0017055 0.162573 9.99642E-05 0.385231 0.45009
0.0292411 9.99641E-05 9.99641E-05 0.333337 0.476735 9.99641E-05 0.160287 9.99641E-05
0.0346924 9.99642E-05 9.99642E-05 0.100466 0.395553 9.99642E-05 0.468888 9.99642E-05
0.221316 0.248984 0.381792 0.0334106 0.114197 9.99732E-05 9.99732E-05 9.99732E-05
0.0988342 0.0553325 9.99821E-05 0.155108 0.0546264 0.346397 9.99821E-05 0.289502
9.99641E-05 0.469944 0.00425455 9.99641E-05 9.99641E-05 0.442526 0.082876 9.99641E-05
0.160336 9.99644E-05 9.99644E-05 9.99644E-05 0.579014 0.071791 0.188458 9.99644E-05
9.99554E-05 9.99554E-05 0.00995572 0.349623 0.639922 9.99554E-05 9.99554E-05 9.99554E-05
9.99731E-05 9.99731E-05 0.10942 0.504035 0.128282 0.114683 0.14328 9.99731E-05
0.9993 9.994E-05 9.994E-05 9.994E-05 9.994E-05 9.994E-05 9.994E-05 9.994E-05
0.275032 9.997E-05 9.997E-05 0.15547 0.369618 9.997E-05 0.0948201 0.10476
9.996E-05 0.337441 9.996E-05 0.203639 0.33401 9.996E-05 0.12451 9.996E-05
0.0512655 0.206117 9.99642E-05 9.99642E-05 9.99642E-05 9.99642E-05 0.120296 0.621921
0.237005 9.99732E-05 9.99732E-05 0.119954 0.0243823 9.99732E-05 0.0249314 0.593427
9.99731E-05 0.165554 0.0755803 0.0875647 0.5624 9.99731E-05 0.108601 9.99731E-05
0.0452579 9.99732E-05 9.99732E-05 0.0177646 0.612928 0.0959938 0.227756 9.99732E-05
9.994E-05 9.994E-05 9.994E-05 0.9993 9.994E-05 9.994E-05 9.994E-05 9.994E-05
9.994E-05 0.9993 9.994E-05 9.994E-05 9.994E-05 9.994E-05 9.994E-05 9.994E-05
0.0558298 0.327846 0.133592 0.107691 0.223345 0.0247804 0.00748497 0.11943
9.99731E-05 9.99731E-05 0.0741425 0.469856 0.158173 0.292815 9.99731E-05 0.00471306
9.99552E-05 0.401863 9.99552E-05 0.0773277 0.52031 9.99552E-05 9.99552E-05 9.99552E-05
9.99641E-05 0.350234 9.99641E-05 0.201216 9.99641E-05 0.143358 9.99641E-05 0.304793
0.0122691 9.99821E-05 0.235701 9.99821E-05 0.493276 0.0629683 0.100699 0.0948867
9.99642E-05 9.99642E-05 0.0705061 9.99642E-05 0.719319 9.99642E-05 0.0708712 0.138903
9.99643E-05 0.0193529 9.99643E-05 0.32114 0.655252 0.00385535 9.99643E-05 9.99643E-05
0.126766 0.206632 0.403714 0.0370104 0.000844009 9.998E-05 9.998E-05 0.224834
0.0138001 9.99463E-05 9.99463E-05 9.99463E-05 9.99463E-05 0.9856 9.99463E-05 9.99463E-05
9.99731E-05 9.99731E-05 0.100168 0.170516 0.272956 0.238494 0.217566 9.99731E-05
9.99731E-05 0.120794 9.99731E-05 9.99731E-05 0.0264458 0.095545 0.2815 0.475415
0.308739 9.99642E-05 9.99642E-05 9.99642E-05 0.0620252 9.99642E-05 0.333516 0.29532
0.18194 9.99731E-05 9.99731E-05 9.99731E-05 0.26151 0.0582517 0.359439 0.138559
0.0796251 9.99642E-05 9.99642E-05 9.99642E-05 0.667195 9.99642E-05 0.118644 0.134137
0.043112 0.159565 0.105526 0.473398 0.218098 9.99732E-05 9.99732E-05 9.99732E-05
9.994E-05 9.994E-05 9.994E-05 9.994E-05 9.994E-05 0.9993 9.994E-05 9.994E-05
0.0832161 0.0302722 9.99821E-05 0.101612 0.268801 9.99821E-05 0.363027 0.152872
9.99731E-05 0.454603 9.99731E-05 0.33803 0.0774468 0.0697434 0.0598764 9.99731E-05
0.0631313 9.99821E-05 0.322558 0.256244 0.0814058 0.140978 0.135483 9.99821E-05
9.996E-05 0.424258 0.139935 9.996E-05 0.389215 0.0461931 9.996E-05 9.996E-05
