0.0714626 0.00020841 0.928129 9.9982E-05 9.9982E-05
0.275894 0.0898623 0.172048 0.121518 0.340678
0.0611717 0.188894 0.352594 0.146366 0.250975
0.00795509 0.237054 0.329107 0.0477296 0.378155
0.0869602 0.288261 0.171215 0.103883 0.349681
0.198881 0.117938 0.0025588 9.9991E-05 0.680522
0.210377 0.173784 0.580753 0.0178367 0.0172497
0.0332357 0.176239 0.453913 0.336512 9.9991E-05
0.29204 0.0675708 0.266906 0.022478 0.351006
0.353786 0.106835 0.20955 0.262121 0.0677078
0.662174 0.0794249 0.204981 0.0533196 9.9991E-05
0.196762 0.223634 9.9991E-05 0.113668 0.465836
0.115571 0.284631 0.259358 9.9991E-05 0.34034
0.172552 0.275635 0.257909 0.0848782 0.209026
0.192063 0.466193 0.111321 0.107228 0.123196
0.017166 0.307328 0.274041 0.401365 9.9991E-05
0.167714 0.457386 9.9991E-05 0.268062 0.106738
0.239149 0.398593 0.123939 0.23822 9.9991E-05
9.9991E-05 0.302531 0.130238 0.120744 0.446387
0.120712 0.235515 0.353502 0.142851 0.14742
0.13587 0.250638 0.455904 9.9991E-05 0.157488
0.126633 0.327157 0.113839 0.0949448 0.337426
0.109473 0.34317 0.271073 0.0510555 0.225228
9.999E-05 0.102429 0.343352 0.253767 0.300352
0.702642 0.171063 0.126095 9.9982E-05 9.9982E-05
0.0846131 9.9991E-05 0.479423 0.164323 0.271541
0.253295 0.185813 0.121787 0.385695 0.053409
0.26858 0.19082 0.225939 0.116646 0.198014
0.169226 0.0837221 0.135978 0.24107 0.370004
9.9991E-05 0.0641507 0.170406 0.642391 0.122953
0.246231 0.205718 9.9991E-05 0.0433533 0.504597
0.384228 9.9991E-05 0.343265 0.235429 0.0369776
9.9991E-05 0.24302 0.189506 0.0248945 0.54248
0.143111 0.180681 0.183805 0.0537893 0.438614
0.207133 0.134186 0.276696 9.9991E-05 0.381885
9.9973E-05 0.179108 0.820592 9.9973E-05 9.9973E-05
0.205899 0.0812634 0.218032 9.9991E-05 0.494706
0.341854 0.0990395 0.366689 0.192318 9.9991E-05
0.104671 0.231469 9.9991E-05 0.202133 0.461628
0.151233 0.138689 0.283412 0.0648554 0.36181
0.163752 0.0834774 0.132352 0.237146 0.383273
0.104441 0.11472 0.315189 0.207019 0.258632
0.0333027 0.0622542 0.235002 0.207972 0.461469
0.0280667 9.9991E-05 0.334558 0.131674 0.505602
0.27018 0.101217 0.338731 0.289772 9.9991E-05
0.403063 0.116289 0.129671 0.00430327 0.346674
0.0351316 0.228077 0.259039 0.115375 0.362377
0.0140827 0.147523 0.11363 0.19528 0.529485
0.170267 0.124969 0.018969 0.305499 0.380296
9.9991E-05 0.194809 0.114136 0.362907 0.328048
0.278585 0.255625 0.329878 0.0886075 0.0473046
0.00487873 0.423928 0.220281 0.10387 0.247042
0.018026 0.0137278 0.135021 0.507828 0.325397
0.230113 0.265968 0.264779 0.23904 9.9991E-05
0.18226 9.9991E-05 0.0664909 0.418501 0.332648
0.187368 0.214691 0.124287 0.016897 0.456758
0.385991 9.9991E-05 0.107241 0.464877 0.0417912
0.205785 0.0948843 0.138327 0.0334627 0.527541
0.149818 0.141854 0.0128592 0.230076 0.465392
0.307341 0.139813 0.231341 0.0759198 0.245586
9.9973E-05 0.0460253 9.9973E-05 9.9973E-05 0.953675
0.166945 0.300686 0.146165 9.9991E-05 0.386104
9.9982E-05 0.390876 0.0499367 9.9982E-05 0.558988
9.9973E-05 0.235684 9.9973E-05 0.764016 9.9973E-05
0.212378 0.0292022 0.386388 0.0710405 0.300992
9.9973E-05 0.0487779 0.950922 9.9973E-05 9.9973E-05
0.0825757 0.275842 0.344052 9.9991E-05 0.297431
0.0299441 0.234344 9.9991E-05 0.170228 0.565384
9.9982E-05 0.0707793 0.499519 9.9982E-05 0.429502
0.176745 0.138384 0.201107 0.483664 9.9991E-05
0.448559 0.0157763 0.0889941 0.148169 0.298502
0.108332 0.35151 0.294523 0.158674 0.0869617
0.106029 0.371926 0.114258 0.143755 0.264032
0.176892 0.12955 9.9991E-05 0.293714 0.399743
0.37702 0.0441903 0.269044 0.21257 0.0971761
0.272615 0.100623 9.9991E-05 0.33358 0.293083
0.20644 0.133195 0.216437 0.0789009 0.365027
0.146584 0.0288283 9.9982E-05 9.9982E-05 0.824388
9.9982E-05 0.042405 0.0113394 9.9982E-05 0.946056
0.0474099 0.113038 0.152706 0.0878694 0.598976
0.0955916 0.16252 0.348248 0.108887 0.284753
0.168434 0.200224 0.382728 9.9991E-05 0.248514
0.136293 9.9991E-05 0.171283 0.335503 0.35682
0.0917168 0.170818 0.140522 0.355844 0.241099
9.9991E-05 0.280181 0.204749 0.00891117 0.506059
0.282649 9.9991E-05 0.375924 0.106503 0.234824
9.9973E-05 0.184445 0.815255 9.9973E-05 9.9973E-05
0.179778 0.353559 9.9982E-05 9.9982E-05 0.466463
0.116479 0.383112 0.34053 0.159779 9.9991E-05
0.254436 0.0300206 0.481773 0.112725 0.121045
0.0353682 0.0307873 9.9982E-05 0.933644 9.9982E-05
0.401264 0.161419 0.228667 0.0462599 0.162389
9.9982E-05 0.317077 0.1773 9.9982E-05 0.505422
9.9991E-05 0.40407 0.0544565 0.181196 0.360177
9.9982E-05 0.258301 0.139257 9.9982E-05 0.602242
0.0364866 0.11521 0.275714 0.243745 0.328845
0.271994 9.9991E-05 0.313133 0.13732 0.277453
0.193381 0.279207 0.180355 9.9991E-05 0.346957
0.0671064 0.295996 0.162072 0.474725 9.9991E-05
0.0244368 0.201214 0.208761 0.443437 0.12215
0.162502 0.191486 0.227337 0.109453 0.309223
9.997E-05 9.997E-05 9.997E-05 0.9996 9.997E-05
0.233754 0.286209 9.9991E-05 0.156114 0.323823
0.9996 9.997E-05 9.997E-05 9.997E-05 9.997E-05
0.248163 0.116335 0.22787 0.237109 0.170522
0.104097 0.00768663 0.196304 0.2607 0.431212
0.120152 0.122317 0.246475 0.229208 0.281848
0.0231493 0.100873 0.417125 0.292669 0.166183
0.15934 0.180425 9.9991E-05 0.249698 0.410437
0.120917 0.150266 0.328746 0.117788 0.282283
0.19296 0.171383 0.229573 9.9991E-05 0.405984
0.165938 0.134972 9.9991E-05 0.271375 0.427614
0.0799059 0.104643 0.0816921 0.237336 0.496423
0.0545637 0.400791 0.0503724 0.40742 0.0868532
0.258051 0.119307 0.290843 0.0376942 0.294106
9.997E-05 9.997E-05 9.997E-05 0.9996 9.997E-05
0.360594 0.134672 0.277312 0.0787298 0.148693
0.0512623 0.178977 0.568244 0.101673 0.0998436
0.0925958 0.0348997 0.198288 0.079929 0.594288
0.263756 0.165469 0.347599 0.223076 9.9991E-05
0.0820455 0.261098 0.433135 9.9991E-05 0.223622
0.0391638 0.348289 0.162369 0.400484 0.0496939
0.209513 0.119193 0.010988 0.294353 0.365954
0.193609 0.201892 0.088795 9.9991E-05 0.515604
0.178673 0.178485 0.186073 0.278996 0.177774
0.0379572 0.271578 9.9991E-05 0.114063 0.576302
0.260537 0.0973149 0.160362 0.162092 0.319694
0.17996 0.233013 0.0548307 0.149425 0.382771
0.141851 0.106639 0.11669 9.9991E-05 0.63472
0.271996 9.9982E-05 0.52587 0.201934 9.9982E-05
9.9982E-05 0.167017 0.760342 9.9982E-05 0.0724417
9.9991E-05 0.0941373 0.222322 0.0475461 0.635894
0.0964461 0.141531 0.120021 0.294393 0.34761
0.0160491 0.340902 9.9991E-05 0.203947 0.439002
0.213574 9.9991E-05 0.42213 0.0405044 0.323691
0.342813 0.369624 0.118749 0.0164784 0.152336
9.9982E-05 0.100161 9.9982E-05 0.589087 0.310551
9.9982E-05 0.0439652 0.139142 0.816692 9.9982E-05
0.20807 0.0935162 0.299128 0.203364 0.195922
0.132863 0.2006 0.151745 9.9991E-05 0.514692
0.256367 0.210659 0.167815 9.9991E-05 0.365059
0.303586 0.287875 9.9991E-05 0.104069 0.30437
0.159567 0.131682 0.011191 0.121623 0.575937
0.304516 0.0732551 0.392517 0.0911204 0.138592
0.20929 0.358639 0.139359 0.0621711 0.230541
0.0643387 0.335254 0.168951 0.287453 0.144004
0.0901259 0.229084 0.283657 0.158329 0.238803
9.997E-05 0.9996 9.997E-05 9.997E-05 9.997E-05
0.123274 0.193157 0.654743 9.9991E-05 0.0287257
0.218557 0.0811503 0.247615 0.110219 0.342459
0.267567 0.125802 9.9991E-05 0.0817945 0.524736
0.283333 0.273609 0.205451 9.9991E-05 0.237507
0.175871 0.191144 0.229464 0.196683 0.206838
0.0461205 0.25798 0.136729 0.192457 0.366713
9.9982E-05 0.320296 9.9982E-05 0.0460806 0.633424
9.9991E-05 0.26131 0.152657 0.41417 0.171762
0.0547323 0.226252 0.401334 9.9991E-05 0.317582
0.0756256 0.152276 0.239985 0.128592 0.403521
9.9973E-05 9.9973E-05 0.839505 0.160195 9.9973E-05
0.0602987 0.326789 0.0762464 0.165018 0.371647
0.112069 0.266132 0.491607 9.9991E-05 0.130092
9.997E-05 0.9996 9.997E-05 9.997E-05 9.997E-05
0.035691 0.705164 0.140435 9.9991E-05 0.11861
0.155691 0.0116156 0.449898 0.218089 0.164707
0.207382 0.0648863 0.124245 0.159586 0.443901
0.0913127 0.0116854 0.876726 9.9991E-05 0.0201763
0.0613357 0.205634 0.241888 9.9991E-05 0.491042
0.358708 0.233214 0.0444359 0.0626872 0.300954
0.00394209 0.0832954 0.348145 0.564518 9.9991E-05
9.9982E-05 0.410061 0.291329 9.9982E-05 0.29841
0.124403 9.9991E-05 0.0563219 0.322922 0.496253
0.205109 0.246981 9.9991E-05 0.284856 0.262955
0.0118227 0.271268 0.301655 0.0336276 0.381627
0.343103 0.0257084 0.225271 0.150919 0.254998
9.9991E-05 0.266296 0.400299 0.0116713 0.321633
0.28436 0.0975539 9.9991E-05 0.0561877 0.561798
0.105482 0.387314 0.270642 9.9991E-05 0.236462
0.240716 9.9991E-05 0.135512 0.305224 0.318448
0.9996 9.997E-05 9.997E-05 9.997E-05 9.997E-05
0.233945 0.0017031 0.0877965 0.351384 0.325171
0.0617316 0.553105 0.0344005 0.285551 0.0652117
0.159628 0.308583 0.175224 0.135423 0.221142
0.173139 0.172724 0.388186 0.198686 0.0672638
9.9991E-05 0.028949 0.425788 0.328925 0.216238
0.0511624 0.268052 0.347572 0.107176 0.226038
0.9996 9.997E-05 9.997E-05 9.997E-05 9.997E-05
0.061275 0.294616 0.130843 9.9991E-05 0.513166
0.190176 0.27795 0.236335 0.141274 0.154266
9.9982E-05 0.240664 0.279945 9.9982E-05 0.47919
0.0378478 0.115404 0.445716 0.400932 9.9991E-05
