9.9982E-05 0.0356362 9.9982E-05 0.826302 0.0117228 0.0128572 0.0660944 0.0471873
0.287232 9.9982E-05 0.0633748 0.213288 9.9982E-05 0.031781 0.346724 0.0574005
0.332829 0.0594333 0.108447 0.182051 0.0209528 0.095464 0.162269 0.0385536
0.471468 9.9982E-05 0.0427123 0.312195 0.0820749 9.9982E-05 0.0304078 0.0609424
0.555927 0.0394735 0.133678 9.9991E-05 0.0090695 0.1732 0.0678467 0.0207052
0.547664 0.187602 0.00838235 0.0284711 0.0198224 0.13591 0.022213 0.0499357
0.146387 0.308579 0.0398652 0.365453 0.0551912 0.0623479 9.9991E-05 0.0220767
0.103549 0.0517713 0.117086 0.310581 0.0627398 0.149467 0.125982 0.0788247
0.26958 0.259319 0.104032 0.264227 0.0298656 0.0518843 9.9991E-05 0.0209921
0.0260297 0.328788 0.104914 0.236182 0.122756 9.9982E-05 9.9982E-05 0.18113
0.230515 0.316318 9.9982E-05 0.124411 0.0507464 0.142724 9.9982E-05 0.135085
9.9964E-05 0.761366 0.0246203 9.9964E-05 0.0449123 0.168701 9.9964E-05 9.9964E-05
0.441474 0.130707 0.0644163 0.0472252 0.12454 0.168422 9.9991E-05 0.0231166
9.9982E-05 9.9982E-05 0.0769392 0.299106 0.0725103 0.271516 0.147952 0.131777
9.994E-05 9.994E-05 9.994E-05 9.994E-05 9.994E-05 0.9993 9.994E-05 9.994E-05
0.0943642 9.9982E-05 0.163543 0.0482813 0.120271 0.133786 0.439556 9.9982E-05
9.9946E-05 9.9946E-05 9.9946E-05 9.9946E-05 9.9946E-05 0.962986 9.9946E-05 0.0364142
0.109622 0.12606 0.205717 0.120489 0.117739 9.9991E-05 0.242284 0.0779899
0.216457 0.354528 9.9982E-05 0.111834 0.0849837 0.231068 9.9982E-05 0.0009281
0.341932 0.120988 0.159561 0.268601 0.0373688 9.9982E-05 9.9982E-05 0.0713492
0.343062 0.0493723 9.9991E-05 0.289119 0.0664297 0.0984413 0.0481814 0.105295
0.0603844 0.0877661 9.9982E-05 0.303578 0.0734878 0.322058 0.152525 9.9982E-05
0.221407 9.9982E-05 0.063292 0.119548 0.158404 9.9982E-05 0.368125 0.0690244
0.459968 9.9982E-05 0.149216 0.0307225 0.00361151 0.118981 0.2373 9.9982E-05
0.0447699 0.433047 9.9982E-05 0.048163 0.067147 0.222386 9.9982E-05 0.184287
0.179797 9.9973E-05 0.0821993 0.470239 9.9973E-05 0.194972 9.9973E-05 0.0724926
9.999E-05 0.141081 0.145822 0.263852 0.056206 0.0876023 0.134428 0.170909
9.9991E-05 0.0879731 0.203668 0.249317 0.037133 0.144817 0.145003 0.13199
0.228621 0.0619167 0.111717 0.114533 9.9982E-05 0.425112 9.9982E-05 0.0579001
0.0983562 9.9982E-05 0.711376 9.9982E-05 0.00876938 0.0884835 0.0344669 0.0583476
0.413917 0.276785 0.00841065 9.9982E-05 0.0362141 0.227559 9.9982E-05 0.036915
9.9973E-05 0.720592 9.9973E-05 0.140314 0.0642329 0.0119229 9.9973E-05 0.0626384
0.430041 9.9973E-05 9.9973E-05 0.17477 0.109343 0.197469 0.088077 9.9973E-05
0.489063 0.0313768 0.00141535 0.00855099 0.0618934 0.191387 0.16776 0.0485537
0.153545 0.138816 0.0932173 0.206591 0.0662467 0.237551 9.9991E-05 0.103933
9.9955E-05 9.9955E-05 9.9955E-05 0.952091 0.0185792 0.0288299 9.9955E-05 9.9955E-05
0.370095 0.0713895 9.9982E-05 0.172944 0.0523457 9.9982E-05 0.0560886 0.276938
9.9973E-05 0.137843 0.0392746 0.541227 9.9973E-05 0.176957 9.9973E-05 0.1044
0.346333 0.11917 0.107992 9.9982E-05 0.0031274 0.324501 9.9982E-05 0.0986762
0.326895 0.108697 9.9982E-05 0.10914 0.0832712 0.203558 0.168239 9.9982E-05
0.0526782 0.222407 0.0119238 0.136232 0.0113349 0.226093 0.211879 0.127452
0.318725 9.9982E-05 0.0870405 0.181669 0.119455 9.9982E-05 0.134857 0.158053
0.175121 0.0403099 0.0846065 0.302073 0.0412467 0.0584591 0.148267 0.149917
9.9964E-05 0.466033 0.176139 0.352152 9.9964E-05 9.9964E-05 9.9964E-05 0.00527617
9.9973E-05 0.578972 9.9973E-05 0.225735 0.0533035 9.9973E-05 0.136047 0.0056423
0.244269 0.280074 9.9982E-05 0.0751124 0.0179029 0.194316 9.9982E-05 0.188126
0.310016 0.311683 0.0775822 9.9982E-05 0.0876457 0.0582821 0.154591 9.9982E-05
0.500623 0.29533 0.0947765 9.9973E-05 0.0265814 9.9973E-05 0.0823887 9.9973E-05
9.9982E-05 0.438448 0.0526233 9.9982E-05 0.0275629 0.310966 0.166601 0.00359809
0.152333 0.0912231 0.0462012 0.142707 0.0484515 0.429808 0.0891763 9.9991E-05
9.999E-05 0.154388 0.0610215 0.240112 0.102475 0.285311 0.0517718 0.104821
0.472547 9.9991E-05 0.0862811 0.0865294 0.109789 0.0993339 0.110726 0.0346947
0.130674 0.0545217 0.151578 0.0896314 0.0181822 0.0160639 0.489089 0.0502593
0.274811 9.9991E-05 0.109866 0.0546697 0.020158 0.143842 0.241053 0.1555
9.9955E-05 0.446534 0.0846554 9.9955E-05 9.9955E-05 9.9955E-05 0.468311 9.9955E-05
0.592049 0.0230074 0.0383608 0.196563 0.0158348 0.0928031 9.9991E-05 0.0412814
9.99551E-05 0.835987 0.0235759 9.99551E-05 9.99551E-05 9.99551E-05 0.139938 9.99551E-05
0.222531 0.47045 0.123216 0.0386432 0.0755232 9.9991E-05 0.0644839 0.00505308
0.196015 0.239835 0.0565449 9.9991E-05 0.04865 0.152756 0.286295 0.0198043
0.0507576 0.51826 0.0613286 0.0856646 0.0613368 0.0320563 0.00179978 0.188796
0.839638 9.9964E-05 0.0816275 0.0699795 0.00835557 9.9964E-05 9.9964E-05 9.9964E-05
0.462919 9.9982E-05 0.0148762 0.091782 0.0835399 0.250105 9.9982E-05 0.0965788
0.345412 0.0930627 9.9982E-05 0.0642395 0.00721388 0.472755 0.017117 9.9982E-05
9.9955E-05 9.9955E-05 0.958788 0.00385889 0.0368529 9.9955E-05 9.9955E-05 9.9955E-05
0.25333 9.9973E-05 9.9973E-05 0.349658 9.9973E-05 0.0484496 0.189108 0.159154
0.0908412 9.9955E-05 9.9955E-05 0.904212 9.9955E-05 9.9955E-05 9.9955E-05 0.00444709
0.245983 0.0798879 9.9991E-05 0.354591 0.0415008 0.0686589 0.0273485 0.18193
0.325103 0.17142 0.0418018 9.9973E-05 0.0201427 0.441233 9.9973E-05 9.9973E-05
0.482685 9.9973E-05 0.0846532 0.192517 0.0159491 0.223896 9.9973E-05 9.9973E-05
0.286602 9.9982E-05 0.218741 0.122911 0.07866 9.9982E-05 0.265352 0.0275352
0.354819 0.281431 0.118989 9.9973E-05 9.9973E-05 9.9973E-05 0.0887634 0.155697
9.9973E-05 9.9973E-05 9.9973E-05 0.299711 0.0078046 0.621057 0.0414582 0.0296693
0.175089 0.112129 0.118566 0.0798577 0.0778744 0.436285 9.9982E-05 9.9982E-05
0.275803 0.1638 0.00900399 9.9991E-05 0.0556664 0.308566 0.150647 0.0364136
9.9973E-05 0.144967 0.116026 0.0998174 9.9973E-05 0.492315 9.9973E-05 0.146574
0.157199 0.30844 9.9973E-05 9.9973E-05 0.0120664 9.9973E-05 0.361702 0.160292
0.334207 0.340309 0.033645 9.9991E-05 0.13094 0.114985 0.0100323 0.0357818
0.924559 9.9964E-05 9.9964E-05 9.9964E-05 0.0132826 9.9964E-05 0.0234217 0.038337
0.9993 9.994E-05 9.994E-05 9.994E-05 9.994E-05 9.994E-05 9.994E-05 9.994E-05
0.680728 9.9982E-05 0.101107 0.0263886 0.0594359 0.125615 9.9982E-05 0.00652576
0.320435 0.149817 0.0515185 0.226134 0.0702587 0.133982 9.9991E-05 0.0477546
0.555855 0.116761 0.0896715 0.128753 0.0312382 0.0765326 9.9991E-05 0.001088
0.16729 0.371604 0.305528 0.0538737 9.9982E-05 0.0428051 9.9982E-05 0.0586991
0.522988 9.9982E-05 0.117834 9.9982E-05 0.0870165 0.14142 0.044499 0.0860427
0.329606 0.115535 0.0563999 9.9982E-05 0.0796502 0.376123 9.9982E-05 0.0424864
0.205369 0.366856 9.9973E-05 0.259084 9.9973E-05 9.9973E-05 0.131558 0.0368324
0.074539 9.99639E-05 9.99639E-05 0.723054 0.0231121 0.178895 9.99639E-05 9.99639E-05
0.339019 0.468492 9.99731E-05 9.99731E-05 0.0775703 0.0821861 9.99731E-05 0.0324327
9.9982E-05 9.9982E-05 0.0894288 0.272658 0.0142185 0.421228 0.140937 0.0613299
9.9964E-05 0.443976 9.9964E-05 0.377955 0.0728774 9.9964E-05 0.104791 9.9964E-05
9.9955E-05 9.9955E-05 0.957446 0.0124925 9.9955E-05 9.9955E-05 9.9955E-05 0.0295618
0.137243 0.219473 9.99856E-05 9.99856E-05 0.0225859 0.490016 0.0418474 0.0886342
0.646323 0.0959613 9.9973E-05 0.161051 0.0909162 9.9973E-05 9.9973E-05 0.00544809
0.0490875 0.0877028 0.0288316 9.9982E-05 0.014037 0.593538 0.226603 9.9982E-05
0.702255 9.9964E-05 9.9964E-05 0.22638 0.0163714 9.9964E-05 9.9964E-05 0.0545937
0.446924 0.0476114 0.153419 0.253916 9.9982E-05 0.00813997 9.9982E-05 0.0897894
9.99641E-05 0.147607 9.99641E-05 0.431123 9.99641E-05 9.99641E-05 0.296634 0.124236
0.368503 0.360457 9.9991E-05 0.115484 0.0586078 0.00890229 0.0032258 0.0847207
0.0748073 0.11997 0.495958 0.0886284 0.129588 0.0908485 9.9982E-05 9.9982E-05
0.276542 0.171344 0.317253 0.0066884 9.9982E-05 0.156894 0.0710784 9.9982E-05
0.0759081 0.145527 0.0908842 0.174544 0.0476003 0.402049 0.046642 0.0168455
9.994E-05 9.994E-05 0.9993 9.994E-05 9.994E-05 9.994E-05 9.994E-05 9.994E-05
0.177872 0.099719 9.9991E-05 0.0122596 0.0425917 0.414199 0.125004 0.128255
9.99459E-05 9.99459E-05 9.99459E-05 9.99459E-05 0.0275213 9.99459E-05 9.99459E-05 0.971879
0.0125161 0.109392 0.141854 0.360908 0.0242159 0.100536 0.0893063 0.161271
0.160225 0.091521 9.9982E-05 0.29107 9.9982E-05 0.301172 0.119256 0.0365548
0.117959 0.179358 0.0248113 0.156945 9.9991E-05 0.290579 0.218072 0.0121764
0.196492 0.060763 0.0435952 0.486916 0.06708 9.9991E-05 0.0671311 0.0779234
0.0638187 0.0380026 0.164048 0.0609018 9.9991E-05 0.55598 0.0124303 0.104718
0.195368 0.177805 0.0197269 0.110287 0.0724093 0.206095 0.157984 0.0603253
0.400897 0.0572612 0.0396417 0.103005 0.0607894 0.190681 0.0126885 0.135036
0.180921 0.525412 0.118365 9.9973E-05 0.0549599 0.120043 9.9973E-05 9.9973E-05
0.36579 0.0994203 0.0852711 0.17971 9.9982E-05 9.9982E-05 0.184517 0.0850924
0.247757 0.0802646 0.494228 0.0225844 0.0610571 0.0577578 0.0362516 9.9991E-05
0.34672 9.9991E-05 0.231689 0.119783 0.0406292 0.118988 0.0944026 0.0476884
0.00879648 9.9946E-05 0.990604 9.9946E-05 9.9946E-05 9.9946E-05 9.9946E-05 9.9946E-05
0.205066 0.0575981 9.9982E-05 0.155537 9.9982E-05 0.361679 0.0453268 0.174593
0.0773825 9.9982E-05 9.9982E-05 0.585453 0.0731763 0.0674334 0.110916 0.0854386
0.43424 0.313165 0.187724 9.9973E-05 0.0216089 9.9973E-05 0.0429622 9.9973E-05
9.9982E-05 0.381989 0.042207 0.267523 0.116351 0.0993781 9.9982E-05 0.0923512
0.239778 9.9991E-05 0.114675 0.258482 0.0693877 0.174921 0.0643074 0.0783482
0.285788 9.9982E-05 0.42038 9.9982E-05 0.17088 0.0999281 0.00610895 0.0167152
0.165903 0.088035 0.182494 9.9991E-05 0.106033 0.229778 0.196729 0.0309277
0.368319 0.173279 9.9982E-05 9.9982E-05 0.0343084 0.053645 0.301703 0.0685449
0.0765933 0.534747 0.234801 0.0106567 0.0213014 9.9982E-05 0.121701 9.9982E-05
0.343295 9.99641E-05 0.0043277 9.99641E-05 9.99641E-05 0.522767 0.12921 9.99641E-05
9.9964E-05 0.402207 9.9964E-05 0.136868 0.042592 0.417932 9.9964E-05 9.9964E-05
0.175962 0.443761 0.0817751 0.000878415 0.0466585 0.190133 0.0307269 0.030106
0.085305 0.599596 9.9973E-05 0.037095 0.053624 9.9973E-05 0.22408 9.9973E-05
9.9982E-05 0.267341 0.0791519 0.348833 0.0571613 9.9982E-05 0.153722 0.0935909
0.0264838 9.9973E-05 0.0440539 0.86147 0.0119799 0.0557119 9.9973E-05 9.9973E-05
0.483771 0.137171 0.0687465 0.0844072 0.103512 0.075727 9.9991E-05 0.0465649
0.518469 0.0503908 0.414765 9.99731E-05 9.99731E-05 9.99731E-05 0.00658168 0.00949369
0.261649 0.0152001 0.11519 9.9991E-05 0.0436311 0.411098 0.121791 0.0313415
0.238507 0.226791 0.0184472 0.401788 0.0397811 0.0548115 9.9991E-05 0.0197742
0.221476 0.418059 0.0494177 0.0900704 0.124745 9.9982E-05 9.9982E-05 0.0960315
9.9946E-05 9.9946E-05 9.9946E-05 9.9946E-05 9.9946E-05 9.9946E-05 0.971482 0.0279187
9.994E-05 9.994E-05 9.994E-05 9.994E-05 9.994E-05 9.994E-05 0.9993 9.994E-05
0.145458 0.228522 0.0705689 0.258151 0.0488115 9.9991E-05 0.173643 0.0747457
0.465661 0.215562 0.0688677 9.9982E-05 0.037945 0.0217672 9.9982E-05 0.189997
0.324033 0.237231 0.0646238 0.168712 0.0605631 0.0213933 9.9991E-05 0.123344
0.313748 0.0918269 9.9973E-05 9.9973E-05 0.0080474 0.533388 9.9973E-05 0.0526906
0.0806962 0.517332 0.127303 9.9982E-05 0.00808992 0.154802 9.9982E-05 0.111577
9.9973E-05 0.517076 0.0653814 0.251617 0.0461531 0.119473 9.9973E-05 9.9973E-05
0.462204 9.9991E-05 0.0503258 0.195239 0.0231238 0.125233 0.0382343 0.10554
0.0986329 9.9991E-05 0.439211 0.161343 0.111485 0.141188 0.0326542 0.0153853
0.252216 0.0265555 0.0285704 0.163548 0.0466385 0.361723 0.0752001 0.0455485
9.994E-05 9.994E-05 9.994E-05 9.994E-05 0.9993 9.994E-05 9.994E-05 9.994E-05
0.257532 9.9964E-05 9.9964E-05 0.611343 0.0244806 9.9964E-05 9.9964E-05 0.106245
0.481481 9.9973E-05 9.9973E-05 0.0849988 0.0262939 9.9973E-05 0.194883 0.212043
9.9964E-05 0.837521 0.0551176 9.9964E-05 0.0917453 0.0152159 9.9964E-05 9.9964E-05
0.736639 9.9964E-05 9.9964E-05 9.9964E-05 0.0443993 9.9964E-05 0.0995926 0.118969
0.219532 0.249413 0.147418 9.9991E-05 0.127101 0.00894737 0.189551 0.0579386
0.20837 0.222169 0.0613915 9.9991E-05 0.0821916 0.123736 0.214824 0.087218
0.0978402 0.540399 0.00906394 0.0839299 0.0699624 0.198604 9.9982E-05 9.9982E-05
0.0514537 9.9991E-05 0.180474 0.136669 0.0580885 0.282627 0.194745 0.0958432
0.286036 0.321255 0.00502593 0.18298 0.101276 9.9991E-05 0.0830143 0.0203131
0.341344 0.0625367 0.121112 0.146051 0.0913644 0.0941017 0.143391 9.9991E-05
0.00792819 9.9964E-05 0.126913 0.747823 9.9964E-05 9.9964E-05 0.116936 9.9964E-05
0.130125 0.144732 0.103125 0.225455 0.0330131 0.303404 9.9991E-05 0.0600464
0.410145 9.9982E-05 0.101454 0.164006 0.0392063 0.192117 9.9982E-05 0.0928714
9.994E-05 9.994E-05 9.994E-05 9.994E-05 0.9993 9.994E-05 9.994E-05 9.994E-05
0.102149 9.9973E-05 9.9973E-05 0.133633 0.425547 0.277452 0.0609196 9.9973E-05
0.38912 9.9973E-05 0.0413274 0.159996 9.9973E-05 9.9973E-05 0.377564 0.0316923
0.232532 0.304993 0.0167559 0.0769857 0.0529971 0.126252 0.117029 0.0724549
9.9955E-05 0.128725 9.9955E-05 0.775684 0.0950911 9.9955E-05 9.9955E-05 9.9955E-05
0.0108718 0.268555 9.9982E-05 0.265346 0.0333181 0.271583 0.150126 9.9982E-05
0.245569 0.188021 9.9982E-05 0.0258138 9.9982E-05 0.0813756 0.280493 0.178527
9.994E-05 9.994E-05 9.994E-05 9.994E-05 9.994E-05 9.994E-05 0.9993 9.994E-05
0.250326 9.9982E-05 0.0908638 0.179426 0.0276561 0.351934 0.0995948 9.9982E-05
0.203798 0.400704 0.0716344 0.0115138 9.9991E-05 0.12793 0.155697 0.0286225
0.12666 0.142705 0.134916 0.0305567 0.0256069 0.0442423 0.358293 0.13702
0.472965 9.9991E-05 0.160379 0.180499 0.0576106 0.0383434 0.0687072 0.0213954
0.0423609 0.271502 9.9973E-05 0.0105506 9.9973E-05 9.9973E-05 0.59867 0.0766161
0.387597 0.101713 0.0106404 0.241272 0.100116 0.0228022 0.0929718 0.0428874
0.395919 0.260395 0.0354739 9.9982E-05 9.9982E-05 0.0822972 0.0996575 0.126058
0.602973 0.132252 0.0272438 9.9991E-05 0.08991 0.110045 0.0265133 0.0109635
0.183296 0.370156 0.0282325 0.139194 0.00510287 0.0693099 0.109501 0.0952083
9.9946E-05 9.9946E-05 0.0152659 9.9946E-05 9.9946E-05 9.9946E-05 9.9946E-05 0.984134
0.0986457 0.385967 0.15591 0.093019 0.00138944 9.9991E-05 0.144291 0.120678
9.994E-05 9.994E-05 9.994E-05 9.994E-05 9.994E-05 0.9993 9.994E-05 9.994E-05
0.165794 0.0825418 0.154395 0.253991 0.0634804 0.279597 9.9982E-05 9.9982E-05
0.121894 0.0348372 9.9991E-05 0.257374 0.0252165 0.130777 0.404323 0.0254788
0.427143 0.00456913 0.218955 0.286856 9.9973E-05 9.9973E-05 0.0621765 9.9973E-05
0.453827 9.9973E-05 0.105662 0.217509 9.9973E-05 9.9973E-05 0.207248 0.0154537
9.994E-05 9.994E-05 9.994E-05 9.994E-05 9.994E-05 9.994E-05 9.994E-05 0.9993
0.42165 0.178843 0.125208 0.157253 0.0762758 0.0405705 9.9982E-05 9.9982E-05
9.9982E-05 9.9982E-05 0.0292181 0.176633 0.065399 0.341303 0.111482 0.275765
0.486874 9.9973E-05 0.07669 0.269134 9.9973E-05 0.153686 0.0133161 9.9973E-05
9.9973E-05 0.0852011 0.100829 0.354989 9.9973E-05 0.0922242 0.366457 9.9973E-05
