0.00187215 9.9973E-05 9.9973E-05 0.0279041 9.9973E-05 0.830323 0.139601
9.999E-05 0.219885 0.16577 0.114815 0.148334 0.186857 0.164239
0.045421 0.52843 9.9991E-05 0.0136787 0.0196287 0.380524 0.0122176
0.0899338 0.266731 0.0560265 0.144866 0.114254 0.328089 9.9991E-05
0.0549297 0.337456 0.19858 0.0643827 0.110128 0.234424 9.9991E-05
0.0130465 0.6635 0.103677 0.0875292 9.9982E-05 0.132048 9.9982E-05
0.0643612 0.181627 0.0156328 0.0399266 0.11856 0.509684 0.0702079
0.0343548 0.115283 0.385763 9.9991E-05 0.132777 0.262905 0.0688183
9.9982E-05 0.228962 0.0821817 0.119546 9.9982E-05 0.218162 0.350948
0.0690185 9.9982E-05 9.9982E-05 0.225262 0.133245 0.126164 0.44611
0.0346849 0.28391 0.190377 0.249613 9.9982E-05 9.9982E-05 0.241215
0.0496343 0.0407874 0.097011 9.9982E-05 0.0355926 9.9982E-05 0.776775
0.0863206 0.1953 0.0036429 0.0824342 0.129456 0.223813 0.279034
0.0941444 0.0245461 0.284089 0.0804169 0.139692 0.235815 0.141297
0.0442799 9.9973E-05 0.77872 9.9973E-05 9.9973E-05 0.103176 0.0735241
0.180428 0.140383 0.289068 0.00998122 0.097779 0.282261 9.9991E-05
0.032931 9.99639E-05 0.810254 0.156415 9.99639E-05 9.99639E-05 9.99639E-05
0.143543 0.234556 0.00283849 0.095082 0.115148 0.318144 0.0906897
0.12019 0.481355 9.9973E-05 9.9973E-05 9.9973E-05 0.112515 0.285641
9.9973E-05 0.626631 9.9973E-05 0.0315784 0.124734 0.216756 9.9973E-05
0.121053 0.331036 9.9991E-05 0.0729693 0.0319472 0.364758 0.0781363
0.0229708 0.229368 0.265526 0.037027 9.9991E-05 0.177762 0.267246
0.0959635 0.437062 9.9991E-05 0.0351249 0.0136904 0.189874 0.228185
9.9982E-05 0.333507 0.158774 0.0205193 0.236264 0.250736 9.9982E-05
0.0899181 0.285164 9.9982E-05 0.268405 0.0161204 9.9982E-05 0.340192
9.9982E-05 9.9982E-05 0.273236 0.0276823 0.173165 0.456474 0.0692427
0.100734 9.9991E-05 0.300997 0.177119 0.0912992 0.0459337 0.283817
0.0462406 0.167105 0.234606 0.0939408 0.138964 0.313898 0.00524715
9.999E-05 0.48099 0.131167 0.0484894 0.10034 0.205651 0.0332635
9.9973E-05 9.9973E-05 0.157435 0.0945326 0.685862 0.06187 9.9973E-05
0.0489781 0.435286 0.0143166 0.161717 0.0893272 9.9991E-05 0.250275
0.0133436 0.158412 9.9982E-05 0.069702 0.0909909 9.9982E-05 0.667352
0.0761525 0.268883 0.179201 9.9982E-05 0.107799 0.367764 9.9982E-05
0.0914987 0.550992 0.17737 0.0104091 0.0180408 0.124791 0.0268993
0.124459 9.9982E-05 0.127475 0.141599 9.9982E-05 0.210578 0.39569
0.0832934 9.9964E-05 9.9964E-05 9.9964E-05 9.9964E-05 0.91595 0.000356963
9.9982E-05 0.279778 0.0863202 0.185965 0.00950223 0.438235 9.9982E-05
9.9973E-05 9.9973E-05 9.9973E-05 0.200639 0.0491136 0.213033 0.536914
0.0530588 0.28131 0.342606 0.144688 0.173316 9.9991E-05 0.00492188
0.193329 0.452067 9.9973E-05 0.127634 9.9973E-05 9.9973E-05 0.22667
0.0749332 0.186729 0.238862 0.0517358 9.9991E-05 0.0793826 0.368258
0.110538 0.348958 0.290573 0.199496 9.9982E-05 0.0502363 9.9982E-05
0.0601987 0.413391 0.18341 0.124718 0.0217827 0.196399 9.9991E-05
9.9973E-05 0.16114 9.9973E-05 9.9973E-05 0.139651 0.300756 0.398152
0.0706549 9.9991E-05 0.20312 0.00229346 0.0679521 0.121524 0.534355
0.0544614 0.392134 0.0527496 0.188807 9.9991E-05 0.0346227 0.277126
9.9982E-05 0.544287 0.169901 9.9982E-05 0.0202378 0.128602 0.136773
0.0339609 0.436089 0.331055 9.9991E-05 0.0434484 0.0372198 0.118127
0.0868814 0.355218 0.0225069 9.9991E-05 0.13391 0.00788404 0.3935
0.0512258 0.169785 0.376728 9.9991E-05 0.122297 0.256364 0.0235
0.137246 0.104792 0.0753942 0.104317 0.173242 0.127506 0.277503
0.102331 0.46875 0.0816748 0.0424206 0.134407 0.0570505 0.113367
0.0334499 0.0301495 0.848548 0.0448265 9.9982E-05 9.9982E-05 0.0428264
0.0686392 0.176977 0.2813 0.142803 0.0498132 0.280368 9.9991E-05
9.9955E-05 9.9955E-05 0.181021 9.9955E-05 9.9955E-05 9.9955E-05 0.818479
0.123795 0.540238 0.0889202 0.0650257 9.9991E-05 0.168627 0.0132947
9.99641E-05 9.99641E-05 0.0593672 0.0748841 9.99641E-05 9.99641E-05 0.865349
0.0265483 0.321858 9.9982E-05 9.9982E-05 0.0730335 0.0628354 0.515525
9.9991E-05 0.601999 0.0114768 0.00555283 0.185917 0.0687448 0.126211
0.0235096 0.121209 0.180213 0.0964206 0.0662784 0.10551 0.406859
0.0359612 0.713791 0.0244268 9.9982E-05 0.0811815 0.144439 9.9982E-05
0.17443 0.44264 0.134772 0.191141 0.000120552 0.0567969 9.9991E-05
0.0823015 0.461583 0.172705 9.9991E-05 0.029375 0.2154 0.0385349
0.0454067 9.9955E-05 9.9955E-05 9.9955E-05 0.954094 9.9955E-05 9.9955E-05
9.9973E-05 0.214713 0.110586 0.166584 9.9973E-05 0.507816 9.9973E-05
0.00484293 9.9973E-05 0.00767957 0.0543488 9.9973E-05 0.932829 9.9973E-05
0.0502238 0.00222972 0.0530224 0.125863 9.9991E-05 0.482033 0.286528
0.000408545 0.42371 0.140081 0.0447994 0.115342 0.237734 0.0379253
9.9973E-05 0.399552 9.9973E-05 9.9973E-05 0.145377 0.422838 0.0319324
0.084134 0.185171 0.261145 0.0383103 0.243182 0.187957 9.9991E-05
0.00917052 0.343389 9.9982E-05 0.207711 0.189412 9.9982E-05 0.250118
0.158469 9.9973E-05 0.36376 9.9973E-05 9.9973E-05 0.277035 0.200436
0.107662 0.301313 0.21385 0.0351876 0.0644866 0.0684565 0.209043
0.021899 0.359275 0.334871 0.131154 0.152601 9.9982E-05 9.9982E-05
0.0295572 9.9991E-05 0.181972 0.160053 0.128246 0.102139 0.397934
0.0359839 0.251614 0.46808 0.0870884 0.0347772 9.9991E-05 0.122356
0.207477 0.280541 0.293486 0.0172454 9.9991E-05 0.0690525 0.132098
0.0584287 0.870928 9.9973E-05 0.045567 0.024776 9.9973E-05 9.9973E-05
9.9955E-05 0.832042 9.9955E-05 9.9955E-05 9.9955E-05 0.167458 9.9955E-05
0.0961021 0.37866 0.109719 9.9991E-05 0.177584 0.13709 0.100745
0.113567 0.305151 0.0906741 0.0884616 9.9991E-05 0.187052 0.214994
0.0979811 0.429712 0.0115181 9.9991E-05 0.0726115 0.177025 0.211052
9.9982E-05 0.277411 0.0370254 0.0805195 0.260842 9.9982E-05 0.344002
0.0418005 0.457366 0.191858 0.123769 0.185006 9.9982E-05 9.9982E-05
0.084111 0.418025 0.188712 9.9991E-05 0.0175124 0.142396 0.149144
0.0187461 0.2895 9.9982E-05 0.107665 9.9982E-05 0.0933549 0.490534
0.0561355 9.9964E-05 0.0955907 9.9964E-05 9.9964E-05 0.847874 9.9964E-05
0.125372 0.492957 0.094166 0.0354057 9.9982E-05 9.9982E-05 0.251899
0.0832898 9.9982E-05 0.331434 0.102897 0.11603 0.36615 9.9982E-05
0.0605574 0.231439 9.9973E-05 9.9973E-05 9.9973E-05 0.128817 0.578887
0.000116848 9.9964E-05 9.9964E-05 0.0480963 0.951387 9.9964E-05 9.9964E-05
0.00440607 0.174735 0.165205 0.0919043 0.0400226 0.0129565 0.51077
0.103791 0.754344 0.013444 0.0885911 9.9982E-05 0.0396301 9.9982E-05
0.0380473 0.245509 0.497675 9.9991E-05 0.0565979 0.0696786 0.0923916
0.0590443 0.595886 9.9973E-05 0.16237 9.9973E-05 0.1824 9.9973E-05
0.0274062 0.46214 0.100957 0.129398 0.0844194 0.195579 9.9991E-05
9.9982E-05 9.9982E-05 0.172262 0.125579 0.0424551 0.262866 0.396638
0.0464868 0.589495 9.9991E-05 0.142417 0.00857477 0.19168 0.0212464
0.128138 0.105122 9.9991E-05 0.0135328 0.495166 0.105374 0.152567
9.9982E-05 0.163631 0.236109 9.9982E-05 0.29317 0.200633 0.106257
0.0762651 0.239151 0.0142881 0.0511418 0.166231 0.268247 0.184677
9.995E-05 9.995E-05 9.995E-05 9.995E-05 0.9994 9.995E-05 9.995E-05
0.0558905 0.166105 0.205855 0.182068 0.135677 0.163986 0.090418
9.995E-05 9.995E-05 9.995E-05 0.9994 9.995E-05 9.995E-05 9.995E-05
0.00944676 0.138209 0.236883 0.105072 0.1264 9.9991E-05 0.383889
0.0240368 0.208748 0.446265 9.9991E-05 0.00858179 0.0332968 0.278972
9.9982E-05 0.12711 0.394368 0.0156812 9.9982E-05 0.226915 0.235726
0.0300295 0.121321 0.0241606 9.9991E-05 0.155914 0.482466 0.186009
0.036895 0.226337 0.429042 0.124551 0.126509 9.9991E-05 0.0565657
0.0703553 0.169269 0.0926853 0.0270688 9.9991E-05 0.36868 0.271842
0.0498596 0.496459 0.0832633 0.0996931 9.9982E-05 0.270526 9.9982E-05
0.0991969 0.359623 9.9982E-05 0.0354813 0.142542 9.9982E-05 0.362957
0.0292771 0.491832 0.160416 0.0660565 0.135183 9.9991E-05 0.117135
0.086115 0.25737 0.160784 0.0423808 0.32352 0.0229015 0.106929
0.0349167 0.3769 0.0262666 0.0759523 0.106379 0.379485 9.9991E-05
9.995E-05 9.995E-05 9.995E-05 9.995E-05 0.9994 9.995E-05 9.995E-05
0.00221258 0.324921 0.144853 0.192076 9.9991E-05 0.0808113 0.255026
0.0778727 9.9991E-05 0.101826 0.0254755 0.0129027 0.645255 0.136568
0.00819311 0.647781 9.9991E-05 0.0163652 0.123321 0.10173 0.102511
0.142297 9.9991E-05 0.0385876 0.126076 0.111891 0.0867829 0.494266
0.150428 9.9973E-05 0.318259 0.140824 9.9973E-05 0.390189 9.9973E-05
0.152167 0.192609 9.9982E-05 0.028274 0.382308 0.244443 9.9982E-05
0.167596 0.0983098 0.112997 0.111167 0.0111913 0.417202 0.0815361
9.9982E-05 0.327388 0.385294 0.108057 9.9982E-05 0.0928588 0.0862033
0.09461 0.24596 9.9973E-05 9.9973E-05 0.170737 9.9973E-05 0.488393
9.9982E-05 0.294726 0.534776 0.0278828 0.0273979 0.115017 9.9982E-05
0.0970685 0.339632 0.137771 0.0203908 0.00959537 0.0350941 0.360448
0.0345962 0.332134 9.9991E-05 0.0469334 0.109654 0.145212 0.33137
0.0193302 0.395434 0.0799422 9.9982E-05 9.9982E-05 0.0320273 0.473066
0.00871191 9.9991E-05 0.0717451 0.124356 0.119488 0.223711 0.451888
0.0903352 0.0484473 9.9973E-05 9.9973E-05 0.00828111 0.852636 9.9973E-05
0.150932 0.473423 0.236199 0.070617 0.0210809 0.0476484 9.9991E-05
0.0124299 0.542474 0.0320573 9.9982E-05 0.354353 9.9982E-05 0.0584855
0.0874855 0.508007 0.220144 9.9973E-05 0.184064 9.9973E-05 9.9973E-05
9.9982E-05 0.326306 9.9982E-05 0.0549479 0.126037 0.47073 0.0217788
0.0995366 0.423993 9.9982E-05 0.114565 9.9982E-05 0.00155415 0.360152
9.995E-05 9.995E-05 0.9994 9.995E-05 9.995E-05 9.995E-05 9.995E-05
0.0296973 9.9955E-05 0.969803 9.9955E-05 9.9955E-05 9.9955E-05 9.9955E-05
0.089011 0.196607 0.162456 0.0721003 0.0176277 0.0950714 0.367126
0.0537864 0.338873 0.115394 0.125192 0.0409073 0.131606 0.194241
0.143766 0.0825055 0.344665 0.0675559 9.9991E-05 0.166587 0.194821
0.0438689 0.462155 0.272374 0.119672 9.9982E-05 9.9982E-05 0.10173
0.0241725 0.29623 9.9991E-05 0.0787136 0.106885 0.156604 0.337296
0.0508496 0.0574309 9.9991E-05 0.0443498 0.0980523 0.164916 0.584301
0.0370262 0.1615 0.445117 0.113317 0.0269895 0.215951 9.9991E-05
0.0875287 0.416707 9.9982E-05 0.0339917 0.38283 0.0787435 9.9982E-05
0.0334091 0.1796 0.31436 0.03352 9.9991E-05 0.381194 0.0578172
0.9994 9.995E-05 9.995E-05 9.995E-05 9.995E-05 9.995E-05 9.995E-05
0.0823468 9.9973E-05 9.9973E-05 0.132409 9.9973E-05 0.675025 0.109919
0.035335 0.513529 0.0275068 0.277747 9.9982E-05 0.145683 9.9982E-05
0.0463152 0.173454 0.0569118 0.0176263 0.00994197 9.9991E-05 0.69565
0.112371 0.555087 0.122454 0.122784 9.9991E-05 0.0752801 0.0119242
0.18466 0.113007 9.9991E-05 0.0683863 0.123369 0.144228 0.366249
0.0961925 0.0491727 0.345606 0.0359531 0.0137078 0.182543 0.276825
0.0645846 0.000358041 0.443228 9.9982E-05 9.9982E-05 0.130567 0.361062
0.142098 9.9991E-05 0.360137 0.0642649 0.160552 0.221754 0.0510937
0.0654539 0.413387 0.0293651 9.9982E-05 9.9982E-05 0.191321 0.300273
0.0634554 0.283198 0.0350213 0.028705 0.133945 0.34757 0.108106
9.9955E-05 9.9955E-05 9.9955E-05 9.9955E-05 0.134719 0.864781 9.9955E-05
0.0691566 0.237407 0.285693 0.0447122 0.126813 0.14812 0.0880995
0.0719298 0.462647 9.9991E-05 0.106754 0.105025 0.169859 0.0836849
0.9994 9.995E-05 9.995E-05 9.995E-05 9.995E-05 9.995E-05 9.995E-05
0.435631 0.100196 0.287334 0.0352821 9.9982E-05 0.141357 9.9982E-05
9.9991E-05 0.304707 0.282244 0.09213 0.0261736 0.240076 0.054569
0.106285 0.161684 9.9991E-05 0.0525818 0.0848428 0.269079 0.325428
0.122553 9.9973E-05 9.9973E-05 0.00137544 9.9973E-05 0.496238 0.379534
0.0698348 0.31052 0.103608 9.9982E-05 9.9982E-05 0.279314 0.236523
0.0776886 0.412607 0.229031 0.227427 9.9982E-05 9.9982E-05 0.0530469
0.0296296 9.9964E-05 0.939311 9.9964E-05 9.9964E-05 0.0306591 9.9964E-05
0.147501 0.262129 0.213748 9.9991E-05 0.133008 0.212609 0.0309057
9.9982E-05 0.417169 0.0453196 0.0426465 0.174183 9.9982E-05 0.320482
0.0502832 0.191322 0.349968 0.159747 0.0443449 0.0604942 0.143841
0.0780141 0.533435 0.0363994 9.9982E-05 0.116895 0.235056 9.9982E-05
0.0202526 9.9982E-05 0.475164 0.0702102 9.9982E-05 0.0955105 0.338663
0.133338 0.257331 0.236821 9.9982E-05 9.9982E-05 0.327434 0.0448756
9.9991E-05 0.494303 0.309179 0.137728 0.0139316 0.00539457 0.039364
0.101289 0.423774 0.290316 0.0293442 9.9991E-05 0.0190909 0.136086
9.9991E-05 0.147989 0.31109 0.0645369 0.0963015 0.0952101 0.284773
9.995E-05 9.995E-05 9.995E-05 0.9994 9.995E-05 9.995E-05 9.995E-05
0.0218244 0.193167 0.220549 0.0611945 0.0977337 0.0753325 0.330199
0.0478954 9.9982E-05 0.82459 0.0979629 0.0269972 0.00235494 9.9982E-05
0.149273 0.182215 9.9991E-05 0.00184796 0.145767 0.152664 0.368133
0.0260173 0.080618 0.212 0.0830459 9.9991E-05 0.33736 0.260859
9.9982E-05 0.171724 0.0864726 9.9982E-05 0.168729 0.386831 0.186043
0.00418075 0.345292 0.243185 0.0594733 0.0284538 0.297592 0.0218228
9.995E-05 9.995E-05 9.995E-05 0.9994 9.995E-05 9.995E-05 9.995E-05
0.0627209 0.402875 0.0542099 9.9991E-05 0.0458227 0.277652 0.156619
0.0705654 0.0148834 0.184175 0.223299 0.0744478 0.386941 0.0456886
0.0492146 0.230684 0.309472 0.000193075 0.00139063 0.370318 0.0387276
0.0105672 9.9982E-05 0.459886 9.9982E-05 0.0450071 0.324798 0.159542
