0.266894 0.00753332 0.224361 0.501212
0.0400646 0.203654 0.359599 0.396682
0.437965 0.33498 0.0959664 0.131088
0.682619 0.0817434 0.0458913 0.189746
0.294614 9.9991E-05 0.290759 0.414527
0.180137 0.482367 9.9991E-05 0.337396
0.164835 0.142919 0.299497 0.392749
0.0434923 9.99821E-05 9.99821E-05 0.956308
9.99822E-05 0.26188 0.73792 9.99822E-05
0.0283714 0.716168 0.255361 9.99911E-05
0.261625 0.442667 0.21392 0.0817879
0.0248331 9.99911E-05 0.721051 0.254016
0.101478 9.9991E-05 0.489324 0.409098
0.309288 0.0939009 0.291477 0.305334
9.999E-05 0.118991 0.470706 0.410203
0.50482 9.99911E-05 0.154987 0.340093
0.286441 0.282762 0.380646 0.0501518
0.332375 0.361822 0.230134 0.0756686
9.99821E-05 9.99821E-05 0.502209 0.497591
0.167434 0.276958 9.99911E-05 0.555508
0.192294 0.807506 9.99821E-05 9.99821E-05
0.16826 0.0316379 0.2214 0.578702
0.502073 0.22202 0.154094 0.121814
0.729696 0.0590028 0.15428 0.0570219
0.545262 0.357271 9.9991E-05 0.0973668
0.385076 0.0729016 0.317513 0.22451
0.134876 0.252317 0.612707 9.9991E-05
9.99911E-05 0.54611 0.0362399 0.41755
9.9991E-05 0.0643557 0.0954681 0.840076
0.9997 9.998E-05 9.998E-05 9.998E-05
9.99911E-05 0.601802 0.234772 0.163327
0.100878 9.9991E-05 0.225771 0.673251
0.081761 0.755426 0.110279 0.0525337
0.0819618 9.9991E-05 0.232483 0.685455
0.606196 9.9991E-05 0.136279 0.257425
0.0255098 0.463112 0.334444 0.176934
9.99911E-05 0.398683 0.0667593 0.534458
0.348797 0.502771 9.99911E-05 0.148333
0.201503 0.205346 0.232961 0.36019
0.239094 0.0753746 9.9991E-05 0.685431
0.265651 0.0987822 0.635467 9.99911E-05
0.196235 0.257891 0.545774 9.99911E-05
0.112008 0.216917 0.33574 0.335335
0.22673 0.193378 0.302518 0.277374
0.15834 9.99911E-05 0.191488 0.650072
0.32025 9.99911E-05 0.264767 0.414883
0.257724 9.9991E-05 0.546818 0.195358
0.027046 0.236222 0.666209 0.0705237
9.99822E-05 9.99822E-05 0.695112 0.304688
0.196852 9.9991E-05 0.0428659 0.760183
0.608813 9.9982E-05 9.9982E-05 0.390987
0.0443382 0.761574 0.193988 9.99911E-05
0.272431 0.198884 0.45084 0.077845
0.301591 0.00706167 9.99911E-05 0.691247
9.99911E-05 0.229731 0.460398 0.309771
9.99911E-05 0.331262 0.519529 0.14911
0.513467 0.0683249 0.158463 0.259744
9.99911E-05 0.321627 0.38139 0.296883
9.9991E-05 0.102348 0.399286 0.498267
0.00794655 0.359918 0.397994 0.234141
0.166997 0.227431 0.100597 0.504975
0.273668 0.114622 0.61161 9.9991E-05
9.99821E-05 0.16955 0.83025 9.99821E-05
0.86483 9.99821E-05 9.99821E-05 0.13497
0.0548245 0.232631 9.99911E-05 0.712444
0.326143 0.0478946 0.536793 0.0891699
0.305999 0.320352 0.0345269 0.339123
0.106462 0.0119227 0.507108 0.374507
9.99821E-05 9.99821E-05 0.305483 0.694317
9.99911E-05 0.377868 0.249344 0.372688
0.0554077 0.376829 0.437953 0.12981
0.0581476 9.99821E-05 0.941652 9.99821E-05
9.99911E-05 0.0751704 0.160178 0.764552
9.99821E-05 9.99821E-05 0.361996 0.637804
0.249557 9.99822E-05 9.99822E-05 0.750243
9.99821E-05 9.99821E-05 0.564597 0.435203
0.416577 9.99911E-05 0.540919 0.0424038
9.99821E-05 0.610854 0.388946 9.99821E-05
9.9991E-05 0.192261 0.232669 0.57497
0.0348524 0.117338 0.112206 0.735604
0.055097 9.99911E-05 0.134234 0.810569
0.404028 0.0448689 0.245115 0.305988
9.99911E-05 0.503454 0.208415 0.288031
0.324287 0.00932409 0.17099 0.495399
0.407017 0.0086197 0.584263 9.99911E-05
0.182974 0.160073 0.558676 0.0982771
9.99911E-05 0.591304 0.376637 0.0319585
0.69231 0.0214904 0.211392 0.0748081
0.205866 0.351141 9.99911E-05 0.442893
0.0288307 0.206298 0.284306 0.480565
0.9997 9.998E-05 9.998E-05 9.998E-05
0.250351 0.305157 0.444392 9.99911E-05
0.221513 9.99911E-05 0.542095 0.236292
0.226932 0.711802 0.0578596 0.00340732
0.0559311 0.160053 0.656817 0.127199
0.134184 0.298473 0.212177 0.355166
0.147224 0.645424 0.195817 0.0115347
9.9991E-05 0.321503 0.631005 0.0473918
0.535623 9.99821E-05 9.99821E-05 0.464177
0.571776 0.28624 0.141884 9.9991E-05
9.99821E-05 0.877483 0.122317 9.99821E-05
0.749436 0.250364 9.99821E-05 9.99821E-05
0.126971 0.829588 0.043341 9.99911E-05
9.998E-05 0.9997 9.998E-05 9.998E-05
0.0130336 0.164092 0.071525 0.751349
0.262138 0.0635209 0.274733 0.399607
9.99911E-05 0.0639509 0.207444 0.728505
9.99821E-05 0.515028 9.99821E-05 0.484772
9.99911E-05 0.0672009 0.026732 0.905967
0.293165 0.258199 9.99911E-05 0.448537
0.208774 0.0565949 0.328038 0.406593
0.249317 9.9991E-05 0.216381 0.534203
0.683691 9.99821E-05 9.99821E-05 0.316109
9.998E-05 9.998E-05 9.998E-05 0.9997
0.9997 9.998E-05 9.998E-05 9.998E-05
9.99911E-05 0.352497 0.49438 0.153023
0.137718 9.9991E-05 0.457493 0.404689
0.10524 0.0395487 0.0710048 0.784207
0.341685 9.9991E-05 0.131217 0.526998
0.14737 0.186602 9.9991E-05 0.665928
0.766229 9.99821E-05 0.233571 9.99821E-05
0.571007 0.156437 9.99911E-05 0.272457
0.068199 9.99821E-05 9.99821E-05 0.931601
0.0583769 0.169328 0.231152 0.541143
0.407025 0.16823 0.302281 0.122464
9.9991E-05 0.339805 0.173563 0.486532
0.259415 9.99821E-05 0.740385 9.99821E-05
0.125711 0.070072 0.169852 0.634365
0.374646 0.3944 9.99911E-05 0.230853
0.0789612 0.249766 0.157265 0.514008
9.99821E-05 0.29827 0.70153 9.99821E-05
0.102983 0.383941 0.194855 0.318222
9.9991E-05 0.208758 0.25481 0.536332
9.9991E-05 0.525014 0.194882 0.280005
9.99821E-05 0.569348 0.430452 9.99821E-05
0.111439 0.2216 9.99911E-05 0.666861
0.0823851 9.99821E-05 9.99821E-05 0.917415
0.106123 9.99822E-05 9.99822E-05 0.893677
9.99911E-05 0.0965695 0.632096 0.271234
0.281888 9.99821E-05 9.99821E-05 0.717912
0.0894386 0.486514 0.0363725 0.387674
0.286288 0.502429 0.211182 9.99911E-05
9.9991E-05 0.437884 0.3411 0.220916
0.0462096 0.790009 0.163681 9.99911E-05
0.903423 9.99821E-05 0.0963774 9.99821E-05
0.120424 9.9991E-05 0.088859 0.790616
0.0944817 9.99821E-05 0.905318 9.99821E-05
0.4526 0.150407 0.0407844 0.356208
0.438383 0.0516083 0.133137 0.376871
0.00138382 0.249195 0.51745 0.231971
9.99911E-05 0.0970571 0.186219 0.716624
0.0513295 9.9991E-05 0.794793 0.153777
0.00350289 0.167847 0.231543 0.597108
9.9991E-05 0.300161 0.291344 0.408395
0.467027 0.15954 0.0209154 0.352518
9.9991E-05 0.571316 0.354285 0.0742995
0.161885 0.394732 9.9991E-05 0.443282
0.170819 0.108226 0.462915 0.258039
9.998E-05 9.998E-05 9.998E-05 0.9997
0.2947 0.176359 0.13061 0.398331
0.0824276 9.99821E-05 0.917372 9.99821E-05
9.99821E-05 9.99821E-05 0.547254 0.452546
0.0809911 9.99821E-05 9.99821E-05 0.918809
9.99911E-05 0.225799 0.716056 0.0580447
9.99822E-05 9.99822E-05 0.825793 0.174007
0.452746 9.9991E-05 0.153373 0.393781
0.0174268 0.0941385 0.153911 0.734524
9.998E-05 9.998E-05 9.998E-05 0.9997
9.99911E-05 0.319733 0.241916 0.438251
0.16374 0.238336 0.255142 0.342782
0.198663 9.99911E-05 0.0747411 0.726496
9.99821E-05 0.0162747 9.99821E-05 0.983525
9.9991E-05 0.364008 0.269064 0.366828
0.433152 0.176646 0.198294 0.191909
0.173417 0.0855913 0.19087 0.550122
9.998E-05 9.998E-05 9.998E-05 0.9997
0.326809 0.0248031 0.183441 0.464947
9.99821E-05 0.938307 9.99821E-05 0.0614933
0.120347 0.341338 0.40672 0.131595
0.0252925 0.510543 0.464065 9.99911E-05
9.99822E-05 0.214232 0.785568 9.99822E-05
0.0502403 0.347079 0.414456 0.188225
0.193105 0.146973 0.299517 0.360405
0.115868 9.99822E-05 9.99822E-05 0.883932
9.99821E-05 0.862824 9.99821E-05 0.136976
9.99822E-05 9.99822E-05 0.430557 0.569243
9.9991E-05 0.168789 0.213212 0.617898
0.13378 0.464254 9.99911E-05 0.401866
0.399311 0.176054 0.0576455 0.36699
