0.0429679 0.0605131 0.142179 9.9991E-05 0.0652043 0.025298 0.663738
0.287941 0.00648934 0.158547 0.0355882 0.200611 0.0284082 0.282415
0.200244 0.055895 0.32718 0.116287 0.211781 0.0796265 0.0089873
9.9982E-05 0.0793298 0.661007 0.0885941 9.9982E-05 0.0765346 0.0943347
9.999E-05 0.0980003 0.426473 0.166439 0.0543257 0.025554 0.229108
0.0333592 0.0716025 0.733809 0.00384547 0.110576 0.0467077 9.9991E-05
0.223446 9.9973E-05 0.496784 9.9973E-05 9.9973E-05 0.179506 0.0999646
0.141257 0.0296277 0.261288 0.0513344 0.247094 0.0815561 0.187843
0.776579 9.9973E-05 0.157689 0.00704161 9.9973E-05 0.0583911 9.9973E-05
0.447706 0.198844 9.9982E-05 0.121321 9.9982E-05 0.14389 0.088039
0.43735 0.251968 9.9982E-05 0.00478591 0.24362 9.9982E-05 0.062076
0.580646 0.0211429 0.103061 0.104725 0.0071202 0.0598072 0.123498
0.161734 0.0258099 0.508464 0.0360813 9.9991E-05 0.158411 0.1094
0.0599622 0.154631 0.118459 0.0366515 0.22583 0.0795098 0.324957
0.00361268 0.0889113 9.9982E-05 9.9982E-05 0.850833 0.0197645 0.0366787
9.999E-05 0.0393599 0.0506111 0.11676 0.576467 0.10503 0.111672
9.9973E-05 0.189685 0.102312 0.190614 0.51709 9.9973E-05 9.9973E-05
0.0376735 0.0254521 0.192193 0.151374 0.231032 0.131848 0.230428
0.284294 9.9991E-05 0.35695 0.0359167 0.0472003 0.135836 0.139703
0.221613 0.0660889 0.35306 9.9991E-05 0.0486071 0.0698343 0.240697
0.391213 0.140347 0.136792 0.0265695 9.9991E-05 0.104836 0.200143
0.378285 0.0133486 0.00529102 0.0453975 0.295959 0.0407279 0.220992
0.272988 9.9973E-05 0.462724 9.9973E-05 9.9973E-05 0.188612 0.0753765
0.0192534 0.0314901 0.441335 0.180647 0.13457 0.0193298 0.173376
0.467761 0.353295 9.9973E-05 9.9973E-05 0.0821952 0.0964495 9.9973E-05
9.999E-05 0.0865385 0.0564992 0.124791 0.185795 0.00280557 0.543471
0.0182917 0.0913705 0.208743 0.103271 0.22342 0.181063 0.173841
9.999E-05 0.0985969 0.186783 0.101409 0.185063 0.0265956 0.401453
0.0054262 0.135014 0.452351 0.111861 0.220971 9.9991E-05 0.0742765
9.999E-05 0.0165996 0.0580049 0.663607 0.139084 0.0506912 0.071913
0.340606 0.15295 0.259301 0.00550995 0.235296 0.00623726 9.9991E-05
0.880874 0.013845 9.9964E-05 0.104881 9.9964E-05 9.9964E-05 9.9964E-05
9.9991E-05 0.028379 0.372329 0.107023 0.173182 0.0903928 0.228596
9.9982E-05 0.117814 0.545758 9.9982E-05 0.22057 0.0818217 0.0338367
0.0125829 0.193146 0.285364 9.9982E-05 9.9982E-05 0.117513 0.391194
9.9955E-05 9.9955E-05 9.9955E-05 9.9955E-05 9.9955E-05 0.053239 0.946261
9.999E-05 0.183401 0.573138 0.00263851 0.0507042 0.0472376 0.142781
0.207159 0.195744 9.9973E-05 0.113161 9.9973E-05 9.9973E-05 0.483636
0.178208 0.102605 0.432997 0.122049 0.0843592 0.0796812 9.9991E-05
0.0517314 0.0596893 0.2131 9.9991E-05 0.385152 0.101764 0.188464
0.295773 0.131706 0.0209733 0.0224858 0.279158 0.0397729 0.210131
9.999E-05 0.139723 0.428955 0.0258757 0.192421 0.137727 0.0751985
0.00627584 0.13493 0.308275 0.0918465 0.0535244 0.0641005 0.341048
0.158001 9.9982E-05 0.229194 0.0693716 0.0329734 9.9982E-05 0.51026
0.528827 0.00119074 9.9982E-05 0.114044 9.9982E-05 0.0468187 0.30892
0.42431 0.15466 0.265267 9.9991E-05 0.0120317 0.0584188 0.0852132
0.024614 9.9991E-05 0.631423 0.0983592 0.00262461 0.058448 0.184431
0.0861668 9.9982E-05 0.591885 0.102819 0.196611 0.0223184 9.9982E-05
0.322518 0.0177884 9.9991E-05 0.0840506 0.464095 0.0457539 0.0656939
0.241552 9.9991E-05 0.109709 0.162959 0.293631 0.0896787 0.102369
0.35307 0.11392 9.9991E-05 0.0802994 0.129364 0.111716 0.211531
0.274197 0.00309015 0.277354 0.095375 0.125191 0.184777 0.0400156
0.0341523 9.9991E-05 0.213196 0.0509791 0.524522 0.0422544 0.134796
0.0863989 0.195786 0.19727 0.0957007 0.352865 0.071879 9.9991E-05
0.429737 9.9991E-05 0.0226495 0.132489 0.23755 0.0428292 0.134646
9.9991E-05 0.109919 0.509827 0.0981095 0.00408414 0.137419 0.140542
0.873852 9.99641E-05 9.99641E-05 0.123355 0.0023936 9.99641E-05 9.99641E-05
0.50812 0.0213599 0.168109 0.0225573 9.9991E-05 0.117695 0.162059
0.159428 0.0928637 0.309674 9.9991E-05 0.413671 0.0211977 0.00306496
0.340111 0.1565 0.0266213 0.0259839 0.127993 0.0967256 0.226065
9.9964E-05 9.9964E-05 0.900784 0.0191493 9.9964E-05 0.0796668 9.9964E-05
0.0363012 0.193862 0.455467 0.00878669 0.0631305 0.102034 0.140418
0.276359 9.9973E-05 0.312238 9.9973E-05 0.300721 0.110382 9.9973E-05
0.0700337 9.9973E-05 9.9973E-05 0.870524 9.9973E-05 0.0506201 0.00852276
0.0697846 0.153115 0.261987 9.9991E-05 0.113299 0.0626759 0.339039
9.9973E-05 0.00903398 0.102376 9.9973E-05 9.9973E-05 0.0453689 0.842921
0.211023 0.0489155 0.210679 9.9982E-05 9.9982E-05 0.0451702 0.484012
0.298426 9.9982E-05 0.344272 0.147694 0.135835 0.073573 9.9982E-05
9.9973E-05 9.9973E-05 0.334597 0.0196187 0.170088 9.9973E-05 0.475396
9.9991E-05 0.114947 0.173622 0.221977 0.389111 0.0934828 0.00675953
0.282779 0.228453 0.239606 0.0619897 0.186972 9.9982E-05 9.9982E-05
0.109898 0.028821 9.9991E-05 0.0763977 0.406901 0.11654 0.261342
0.0979032 0.029633 0.173924 0.0904697 0.29735 0.169679 0.14104
0.363726 0.0828269 0.093201 0.150882 0.285375 0.0238886 9.9991E-05
0.100017 0.268183 0.205694 0.0985773 0.253464 9.9991E-05 0.0739654
0.426073 0.0753823 0.0259605 0.000724128 0.453254 0.0185069 9.9991E-05
0.187848 0.0230114 0.665043 9.9973E-05 9.9973E-05 0.123797 9.9973E-05
9.9973E-05 0.110892 0.799579 0.0144389 9.9973E-05 0.0747904 9.9973E-05
9.9973E-05 9.9973E-05 0.823439 9.9973E-05 0.109036 0.0396668 0.0275578
9.9973E-05 9.9973E-05 0.608251 0.124254 0.203253 0.063942 9.9973E-05
0.150477 0.0356152 0.348508 0.052594 0.112875 0.0987831 0.201147
0.248232 0.079736 0.437439 0.0380259 0.0313686 0.0524205 0.112779
0.355429 0.0593886 0.382905 0.176085 9.9982E-05 0.0259928 9.9982E-05
0.115177 0.100267 0.216364 0.116274 0.38345 0.068369 9.9991E-05
0.14455 9.9991E-05 0.546364 0.0352573 0.131061 0.119328 0.0233391
0.468146 0.0869145 0.151977 9.9982E-05 0.089401 9.9982E-05 0.203362
9.9982E-05 9.9982E-05 0.221747 0.0420544 0.0413167 0.0616765 0.633005
0.460339 0.121113 0.303629 9.9982E-05 0.0159748 0.0987449 9.9982E-05
9.9982E-05 0.0558745 9.9982E-05 0.156516 0.432741 0.065079 0.28959
0.600784 9.9964E-05 9.9964E-05 9.9964E-05 9.9964E-05 0.0777244 0.321092
9.9955E-05 0.0267503 9.9955E-05 0.97275 9.9955E-05 9.9955E-05 9.9955E-05
0.643307 0.101825 0.0796594 9.9991E-05 0.057769 0.0888564 0.0284831
9.9973E-05 0.0185021 0.796974 9.9973E-05 9.9973E-05 0.129546 0.0546781
0.0770041 0.0099655 0.0439951 0.0550725 0.565017 0.0796106 0.169336
0.0601131 0.123985 0.624227 9.9982E-05 9.9982E-05 0.0613696 0.130105
9.9973E-05 0.0981225 0.586873 0.151804 9.9973E-05 9.9973E-05 0.1629
0.17827 0.090018 9.9973E-05 9.9973E-05 0.0695585 9.9973E-05 0.661853
0.116032 0.119362 0.614361 0.0679265 0.0449542 0.0372644 9.9991E-05
0.0496297 0.0321497 0.120778 0.400191 9.9991E-05 0.126382 0.27077
0.190859 9.99895E-05 0.163039 0.327274 0.111281 9.99895E-05 0.207346
0.218375 9.9991E-05 0.213043 0.107256 0.0483184 0.0560398 0.356868
9.995E-05 9.995E-05 9.995E-05 0.9994 9.995E-05 9.995E-05 9.995E-05
0.177578 0.201906 0.0880547 0.0858736 0.356266 0.0303163 0.0600055
9.99549E-05 0.986791 9.99549E-05 9.99549E-05 9.99549E-05 0.0127093 9.99549E-05
0.362351 0.197136 9.9982E-05 9.9982E-05 0.0458524 0.0877396 0.306721
0.467915 9.9991E-05 0.104949 0.0251339 0.270483 0.0571296 0.0742903
0.180809 9.9982E-05 0.325223 0.0544083 0.316973 9.9982E-05 0.122387
0.139658 0.0690349 0.124551 0.0439725 0.0817756 0.148998 0.39201
0.308792 0.102713 0.118539 0.104129 0.325609 0.0401188 9.9991E-05
0.0153191 0.0954209 0.208856 0.0317093 0.127024 0.0391633 0.482507
0.0377432 0.163309 0.446426 9.9991E-05 0.177211 0.0597537 0.115457
0.628978 0.0266296 0.161374 0.0867042 9.9982E-05 0.0961144 9.9982E-05
0.350876 0.0953182 0.327449 0.0947679 0.0972943 0.0341945 9.9991E-05
9.9982E-05 0.0225921 0.363098 0.527475 0.0314767 0.055159 9.9982E-05
0.0894546 0.152041 0.561361 0.0545445 0.073321 0.0542341 0.0150443
9.995E-05 9.995E-05 9.995E-05 0.9994 9.995E-05 9.995E-05 9.995E-05
0.340934 0.291366 9.9982E-05 0.00645723 0.205396 9.9982E-05 0.155646
0.0613876 0.0205842 0.14291 0.0661358 0.0442742 0.130055 0.534653
0.340827 9.9982E-05 0.517254 0.0457786 0.0447027 0.0512378 9.9982E-05
0.385777 0.0778055 9.9982E-05 0.157681 9.9982E-05 0.0406916 0.337845
0.0356875 0.024558 0.476242 0.0752727 0.0381901 0.123364 0.226686
9.9991E-05 0.0390996 0.218745 0.470385 0.0728507 0.138792 0.0600279
0.166987 0.0618038 0.415808 0.155066 0.0616448 0.053411 0.085279
0.0910707 0.0706039 0.500112 9.9982E-05 0.293176 0.0448373 9.9982E-05
0.359875 9.9991E-05 0.323192 0.180908 0.0362935 0.0478345 0.0517973
0.0447206 0.00646065 0.518363 0.00884881 0.391989 0.0295175 9.9991E-05
0.53821 9.9982E-05 9.9982E-05 0.00914927 0.269027 0.0800641 0.10335
0.440655 0.0462166 0.183638 0.190951 0.00423358 0.0744506 0.0598542
0.627681 9.9973E-05 0.272909 9.9973E-05 9.9973E-05 0.0508784 0.0482323
0.224733 0.0996087 0.0135578 0.17956 0.0787138 0.0889027 0.314923
9.9982E-05 0.0139837 0.358089 0.0361472 9.9982E-05 0.095713 0.495867
9.9991E-05 0.0447488 0.627591 0.0269949 0.0727565 0.113404 0.114405
0.167366 0.0159894 0.444593 0.282404 0.0362896 0.0532578 9.9991E-05
0.163439 0.00780404 0.199615 0.165825 0.373508 0.0897089 9.9991E-05
0.140502 0.0408415 0.587671 0.0520727 9.9991E-05 0.0404663 0.138347
0.420472 0.139578 0.18036 0.0324288 9.9991E-05 0.111157 0.115904
9.9955E-05 9.9955E-05 0.0284566 9.9955E-05 0.971044 9.9955E-05 9.9955E-05
9.9955E-05 9.9955E-05 9.9955E-05 9.9955E-05 0.99449 0.00500974 9.9955E-05
0.426124 0.00551437 0.158798 0.113727 0.0423961 0.0731536 0.180287
0.263385 0.123418 0.442382 0.0374729 9.9991E-05 0.0681957 0.0650459
0.228105 0.0511145 0.376824 0.0782842 9.9991E-05 0.146123 0.11945
0.36502 0.184867 9.9973E-05 9.9973E-05 0.369996 0.0798167 9.9973E-05
0.310131 0.0868116 0.42907 0.132571 9.9982E-05 0.0412152 9.9982E-05
0.502728 0.0297581 0.088899 0.006832 0.131499 0.0499887 0.190295
0.08893 0.0414697 0.434334 0.0824941 0.204942 0.10346 0.0443704
9.9982E-05 9.9982E-05 0.244418 0.487451 0.0293228 0.125996 0.112612
0.0193694 0.125326 0.330288 0.0219353 0.297369 0.0606699 0.145042
9.995E-05 9.995E-05 9.995E-05 9.995E-05 9.995E-05 0.9994 9.995E-05
0.00247753 0.0805017 0.364896 9.9991E-05 0.0267292 0.122728 0.402567
0.0292568 0.284425 0.325614 9.9991E-05 0.0691567 0.0751623 0.216285
0.648124 0.0445782 0.0118417 0.0601184 0.0783532 0.0834832 0.0735019
0.316574 0.160425 0.38718 9.9982E-05 0.0367287 0.0988924 9.9982E-05
0.355361 0.0233708 0.234941 0.115234 0.0730241 0.176606 0.021462
0.122466 0.0939367 0.190889 0.0554693 0.469432 0.0677075 9.9991E-05
0.311963 9.9991E-05 0.191857 0.0582679 0.186144 0.0844207 0.167248
9.9991E-05 0.0647227 0.134918 0.213998 0.25301 0.0434437 0.289808
0.392304 9.9973E-05 0.381638 9.9973E-05 9.9973E-05 0.126925 0.0988323
0.0335548 0.0153593 0.385526 0.170549 0.170949 0.137067 0.0869949
9.9964E-05 9.9964E-05 0.121722 0.12787 9.9964E-05 9.9964E-05 0.750009
0.286792 0.0612078 0.169601 0.129194 0.223632 0.0500139 0.0795587
0.231336 0.0728861 0.278277 0.104041 9.9991E-05 0.114223 0.199136
9.995E-05 9.995E-05 9.995E-05 9.995E-05 9.995E-05 0.9994 9.995E-05
0.0875651 0.0865931 0.181457 9.9991E-05 0.0929473 0.442848 0.108489
9.9982E-05 0.129075 0.38327 9.9982E-05 0.436012 0.0220186 0.0294243
0.33637 0.0315855 0.21222 0.0720677 0.0640738 0.0885833 0.1951
0.0434813 0.00623663 9.9973E-05 9.9973E-05 9.9973E-05 0.0768607 0.873122
0.363403 0.00469238 0.157832 9.9991E-05 0.216675 0.0350093 0.222288
0.09764 0.237119 0.213565 9.9991E-05 0.230774 0.0174778 0.203324
9.995E-05 9.995E-05 9.995E-05 9.995E-05 0.9994 9.995E-05 9.995E-05
0.0747277 9.9991E-05 0.342571 0.0153237 0.288483 0.132858 0.145938
0.441282 0.0289196 0.195153 0.0812312 0.248702 0.00187831 0.00283372
0.170504 0.145891 0.15023 0.193537 0.291593 0.0481447 9.9991E-05
9.9991E-05 0.0198659 0.312523 0.121177 0.11391 0.138694 0.29373
0.141364 0.101897 9.9982E-05 9.9982E-05 0.576285 0.00952742 0.170727
0.221162 9.9982E-05 0.342834 9.9982E-05 0.143318 0.114727 0.177759
0.213242 0.186682 0.482799 9.9982E-05 0.11286 9.9982E-05 0.00421766
0.0998589 0.154876 0.47097 0.0227571 0.0264421 0.128251 0.0968442
0.53937 0.0647952 0.281636 0.0510007 0.0146841 0.0313437 0.0171699
9.99549E-05 0.961435 9.99549E-05 0.038065 9.99549E-05 9.99549E-05 9.99549E-05
0.387466 0.0927121 0.183081 0.1452 0.130456 9.9991E-05 0.0609852
9.9973E-05 0.180163 9.9973E-05 0.231023 0.575772 0.0127421 9.9973E-05
0.368032 0.0385092 9.9991E-05 0.0912478 0.0287762 0.124052 0.349284
0.0167636 0.024319 9.9982E-05 9.9982E-05 0.469458 0.0581836 0.431076
0.171924 9.9973E-05 0.293607 0.174947 9.9973E-05 9.9973E-05 0.359223
0.0967223 0.0607899 0.404722 0.0316416 9.9991E-05 0.0907594 0.315265
9.995E-05 0.9994 9.995E-05 9.995E-05 9.995E-05 9.995E-05 9.995E-05
0.201592 0.0201236 0.572165 0.0383638 9.9991E-05 0.110341 0.057314
9.9982E-05 0.285695 9.9982E-05 0.129462 0.263005 0.0394465 0.282191
9.9982E-05 9.9982E-05 0.64591 0.0337389 0.0146171 0.0546813 0.250852
0.149474 9.9991E-05 0.0316164 0.027975 0.329398 0.0126438 0.448793
