9.99731E-05 0.515537 0.0580992 0.0987791 0.0325445 0.26237 9.99731E-05 9.99731E-05 0.0323703
0.00625723 0.172005 9.9973E-05 0.289276 0.366567 0.105932 9.9973E-05 9.9973E-05 0.0596615
9.99642E-05 0.581584 0.019915 0.0769259 9.99642E-05 0.127779 0.193396 9.99642E-05 9.99642E-05
9.99642E-05 0.628953 0.151808 9.99642E-05 0.00505241 9.99642E-05 0.0910651 0.122722 9.99642E-05
0.0946512 0.350326 0.229533 0.199384 0.125706 9.99641E-05 9.99641E-05 9.99641E-05 9.99641E-05
0.0323843 0.73631 9.99552E-05 9.99552E-05 9.99552E-05 9.99552E-05 0.155704 0.075102 9.99552E-05
0.100583 0.0243905 0.120697 0.16712 0.150689 9.99821E-05 9.99821E-05 0.210059 0.226262
9.99552E-05 0.637369 0.100611 9.99552E-05 9.99552E-05 0.141873 9.99552E-05 9.99552E-05 0.119647
9.99642E-05 9.99642E-05 9.99642E-05 0.0737897 0.140957 0.563768 9.99642E-05 0.17121 0.0498753
9.99731E-05 0.167012 0.213161 9.99731E-05 0.00706885 0.121858 0.398752 0.0918486 9.99731E-05
9.99551E-05 0.170522 0.158036 9.99551E-05 0.324176 9.99551E-05 0.346767 9.99551E-05 9.99551E-05
9.99642E-05 0.0836427 0.365883 0.0897311 9.99642E-05 0.153409 9.99642E-05 9.99642E-05 0.306935
0.19808 0.263199 9.99641E-05 0.180676 9.99641E-05 9.99641E-05 9.99641E-05 0.0367904 0.320855
0.240502 0.369294 0.230353 0.159351 9.99552E-05 9.99552E-05 9.99552E-05 9.99552E-05 9.99552E-05
0.145498 0.108014 9.99821E-05 9.99821E-05 0.0589366 0.123922 0.0223603 0.0611687 0.4799
9.99552E-05 0.253975 0.21924 0.315268 0.211017 9.99552E-05 9.99552E-05 9.99552E-05 9.99552E-05
0.275696 0.17761 9.99821E-05 0.136004 0.0423561 0.100365 0.176871 9.99821E-05 0.0908979
9.99731E-05 0.211882 0.223486 0.0252254 9.99731E-05 0.0895738 0.065735 0.383798 9.99731E-05
9.99462E-05 0.136528 9.99462E-05 9.99462E-05 9.99462E-05 0.464727 9.99462E-05 9.99462E-05 0.398146
9.99553E-05 0.729275 0.103895 9.99553E-05 9.99553E-05 9.99553E-05 0.105628 0.0607019 9.99553E-05
9.99552E-05 9.99552E-05 0.0261205 9.99552E-05 0.210607 9.99552E-05 0.301926 0.460846 9.99552E-05
9.9964E-05 9.9964E-05 9.9964E-05 0.214442 0.205674 0.197756 0.0200765 9.9964E-05 0.361652
0.0629917 0.210476 0.0202247 0.0682209 9.99731E-05 9.99731E-05 0.204372 0.433415 9.99731E-05
0.116207 0.0544636 9.99641E-05 0.596218 0.199642 9.99641E-05 9.99641E-05 9.99641E-05 0.0330687
9.9973E-05 9.9973E-05 0.130335 0.243023 0.179069 9.9973E-05 0.221814 0.0922506 0.133208
9.9964E-05 0.330351 0.0614991 0.224246 9.9964E-05 0.215689 9.9964E-05 9.9964E-05 0.167815
9.9973E-05 9.9973E-05 0.39959 0.107021 0.0983111 0.2483 0.0427964 9.9973E-05 0.103682
9.99463E-05 0.393512 9.99463E-05 9.99463E-05 0.391501 0.214387 9.99463E-05 9.99463E-05 9.99463E-05
0.135014 0.497607 9.99552E-05 9.99552E-05 9.99552E-05 9.99552E-05 0.143066 9.99552E-05 0.223812
9.99642E-05 0.0252903 0.00197111 0.754855 0.0632436 0.15424 9.99642E-05 9.99642E-05 9.99642E-05
9.99641E-05 0.0847687 0.0336315 9.99641E-05 0.703978 9.99641E-05 0.000277142 0.176945 9.99641E-05
9.99552E-05 0.316385 0.476539 0.0268816 9.99552E-05 9.99552E-05 9.99552E-05 9.99552E-05 0.179694
9.99552E-05 9.99552E-05 9.99552E-05 9.99552E-05 0.0931607 0.552512 0.138093 0.215734 9.99552E-05
0.0499254 0.516621 9.99731E-05 0.0711167 0.0235627 9.99731E-05 0.00301719 9.99731E-05 0.335457
9.9964E-05 0.598973 0.0936177 0.147834 0.0287037 9.9964E-05 9.9964E-05 0.130473 9.9964E-05
0.0635778 0.435568 0.147595 9.99731E-05 0.00503851 0.120958 9.99731E-05 0.226963 9.99731E-05
9.99463E-05 0.173184 0.204995 9.99463E-05 0.621221 9.99463E-05 9.99463E-05 9.99463E-05 9.99463E-05
9.99552E-05 9.99552E-05 9.99552E-05 0.045104 9.99552E-05 0.336731 0.357085 0.26058 9.99552E-05
9.99731E-05 0.334746 0.187393 0.116791 0.187313 9.99731E-05 0.0491457 9.99731E-05 0.124311
9.99641E-05 0.511914 0.0981905 0.00839936 9.99641E-05 9.99641E-05 0.194263 9.99641E-05 0.186833
0.126133 9.99552E-05 9.99552E-05 0.242227 0.0381334 0.593007 9.99552E-05 9.99552E-05 9.99552E-05
9.99642E-05 9.99642E-05 0.198322 0.0431875 0.261251 9.99642E-05 0.0861457 0.410694 9.99642E-05
0.0586839 0.453306 0.105289 0.017277 9.9991E-05 0.260056 0.0886317 0.0140914 0.00256545
9.99732E-05 0.417117 0.177513 9.99732E-05 0.136255 0.0701327 0.137642 9.99732E-05 0.0610391
0.106642 0.173059 0.18916 0.0980796 9.99821E-05 9.99821E-05 0.0119215 0.0558143 0.365123
9.99642E-05 0.390558 0.277846 9.99642E-05 9.99642E-05 9.99642E-05 0.0171735 0.268567 0.0454564
9.99462E-05 0.497666 9.99462E-05 9.99462E-05 9.99462E-05 0.0513917 9.99462E-05 0.450342 9.99462E-05
0.0208629 0.18398 0.295096 9.9982E-05 0.00742313 0.246419 0.0706724 0.175346 9.9982E-05
9.99643E-05 0.0730729 0.0350625 9.99643E-05 9.99643E-05 0.041526 9.99643E-05 0.434684 0.415255
9.99503E-05 0.828923 0.050977 9.99503E-05 9.99503E-05 9.99503E-05 9.99503E-05 0.119501 9.99503E-05
9.99462E-05 0.612174 9.99462E-05 0.345307 0.0419202 9.99462E-05 9.99462E-05 9.99462E-05 9.99462E-05
0.337961 9.99641E-05 0.154642 9.99641E-05 9.99641E-05 0.121648 0.335804 0.0495452 9.99641E-05
9.99551E-05 0.241548 9.99551E-05 0.183069 0.102962 0.471921 9.99551E-05 9.99551E-05 9.99551E-05
9.99551E-05 0.374057 9.99551E-05 0.104871 9.99551E-05 9.99551E-05 0.184864 9.99551E-05 0.335708
0.999201 9.993E-05 9.993E-05 9.993E-05 9.993E-05 9.993E-05 9.993E-05 9.993E-05 9.993E-05
0.239395 9.99552E-05 9.99552E-05 9.99552E-05 0.274948 0.255214 9.99552E-05 9.99552E-05 0.229943
0.260452 0.303508 9.9973E-05 0.266946 0.0456441 9.9973E-05 0.0783475 9.9973E-05 0.044802
0.885417 9.99372E-05 9.99372E-05 9.99372E-05 0.113883 9.99372E-05 9.99372E-05 9.99372E-05 9.99372E-05
0.028431 0.220926 0.409822 9.9973E-05 0.12911 9.9973E-05 0.160289 9.9973E-05 0.051122
9.9964E-05 0.464483 0.0742309 9.9964E-05 0.123664 9.9964E-05 0.123398 0.213824 9.9964E-05
0.00742208 0.701921 9.99553E-05 9.99553E-05 0.217134 9.99553E-05 0.0730236 9.99553E-05 9.99553E-05
9.9964E-05 0.204054 0.311573 0.132643 9.9964E-05 0.0943751 9.9964E-05 0.256955 9.9964E-05
9.9964E-05 0.0196645 0.113403 9.9964E-05 0.313702 0.512778 9.9964E-05 9.9964E-05 0.0400524
9.99642E-05 0.300753 0.0188156 0.644963 9.99642E-05 9.99642E-05 0.00711545 0.0279531 9.99642E-05
0.0543467 0.463595 9.99642E-05 0.11074 0.169999 0.20092 9.99642E-05 9.99642E-05 9.99642E-05
9.99641E-05 0.167799 0.0209424 0.0667936 9.99641E-05 0.447113 9.99641E-05 9.99641E-05 0.296952
9.9946E-05 0.5721 9.9946E-05 0.123479 9.9946E-05 9.9946E-05 9.9946E-05 0.303821 9.9946E-05
0.0113795 0.0640355 0.432625 9.9973E-05 0.28162 0.0521418 9.9973E-05 9.9973E-05 0.157899
9.9964E-05 0.0806092 0.00156417 9.9964E-05 9.9964E-05 0.0196364 9.9964E-05 0.22917 0.668621
9.99731E-05 0.402687 9.99731E-05 0.115748 0.256487 0.0270738 0.116967 9.99731E-05 0.080737
0.143037 0.205881 0.299386 9.9991E-05 0.0799481 0.0168576 0.0868503 0.157075 0.010865
9.99552E-05 9.99552E-05 0.363585 0.0391053 9.99552E-05 0.337128 9.99552E-05 9.99552E-05 0.259682
0.466921 0.173847 0.358632 9.99463E-05 9.99463E-05 9.99463E-05 9.99463E-05 9.99463E-05 9.99463E-05
9.99552E-05 0.00731049 0.228426 9.99552E-05 0.159224 9.99552E-05 9.99552E-05 9.99552E-05 0.60454
9.99466E-05 0.87837 9.99466E-05 0.0284072 0.0926229 9.99466E-05 9.99466E-05 9.99466E-05 9.99466E-05
0.135231 0.312336 0.431091 9.99641E-05 0.0665861 0.0543563 9.99641E-05 9.99641E-05 9.99641E-05
9.99643E-05 0.0351072 9.99643E-05 0.103656 9.99643E-05 0.145513 9.99643E-05 0.176936 0.538388
0.0830595 0.159629 0.261126 0.0196187 0.0413761 0.260418 0.174573 9.99821E-05 9.99821E-05
9.99731E-05 0.444767 9.99731E-05 0.0448928 0.00778049 0.092299 0.170561 9.99731E-05 0.239399
0.0547448 0.797808 0.0324576 9.99642E-05 0.113628 9.99642E-05 9.99642E-05 9.99642E-05 0.000962508
0.0161938 0.542393 0.427005 9.99554E-05 9.99554E-05 9.99554E-05 9.99554E-05 9.99554E-05 0.0139085
0.0920916 0.501816 0.0231641 0.0804023 9.998E-05 0.162932 9.998E-05 0.133605 0.00578864
9.99372E-05 9.99372E-05 9.99372E-05 9.99372E-05 0.246278 9.99372E-05 9.99372E-05 0.753023 9.99372E-05
9.99641E-05 0.0548523 9.99641E-05 0.125288 9.99641E-05 0.267393 9.99641E-05 0.125768 0.426299
9.99731E-05 0.242335 0.281965 0.104459 0.055321 9.99731E-05 9.99731E-05 0.165854 0.149766
9.99731E-05 0.708018 0.219971 9.99731E-05 0.016609 0.0322305 9.99731E-05 0.010363 0.0125089
0.112909 0.227581 0.105599 0.103325 9.99641E-05 0.450186 9.99641E-05 9.99641E-05 9.99641E-05
0.2135 0.194904 0.0459923 0.530212 9.99731E-05 0.00697984 0.00811176 9.99731E-05 9.99731E-05
9.99821E-05 0.138666 9.99821E-05 0.109804 0.051849 0.0603677 0.232907 0.192142 0.214065
9.99551E-05 9.99551E-05 9.99551E-05 0.0378829 9.99551E-05 0.541089 0.062744 9.99551E-05 0.357784
9.99643E-05 9.99643E-05 0.0998047 0.719584 9.99643E-05 0.0244596 0.0725087 9.99643E-05 0.0832435
0.0632954 0.059607 0.151086 0.0631336 0.0342814 9.99732E-05 9.99732E-05 0.628297 9.99732E-05
0.0381355 9.99553E-05 0.384082 0.00639061 9.99553E-05 9.99553E-05 9.99553E-05 0.570892 9.99553E-05
9.99641E-05 0.384585 9.99641E-05 0.016773 9.99641E-05 0.262422 0.23035 0.10547 9.99641E-05
9.99551E-05 9.99551E-05 0.371824 0.0481802 9.99551E-05 0.429383 9.99551E-05 9.99551E-05 0.150113
0.00181036 0.614502 0.0790932 9.99641E-05 9.99641E-05 0.23749 0.0667046 9.99641E-05 9.99641E-05
9.99551E-05 0.128243 9.99551E-05 0.167683 0.465038 9.99551E-05 9.99551E-05 0.238536 9.99551E-05
0.0163702 0.293057 9.9964E-05 9.9964E-05 9.9964E-05 0.346794 9.9964E-05 0.295721 0.047658
9.99552E-05 0.401835 0.1094 0.437603 0.0506633 9.99552E-05 9.99552E-05 9.99552E-05 9.99552E-05
0.01871 0.0989486 0.0850495 0.27513 9.9973E-05 0.215101 9.9973E-05 0.306761 9.9973E-05
9.99373E-05 9.99373E-05 9.99373E-05 0.0842534 0.915047 9.99373E-05 9.99373E-05 9.99373E-05 9.99373E-05
9.99373E-05 9.99373E-05 9.99373E-05 0.932012 9.99373E-05 9.99373E-05 0.0672883 9.99373E-05 9.99373E-05
0.0510979 9.99731E-05 9.99731E-05 0.0206866 0.0667231 0.428293 0.252834 0.180066 9.99731E-05
9.99372E-05 9.99372E-05 9.99372E-05 9.99372E-05 9.99372E-05 0.047419 0.951881 9.99372E-05 9.99372E-05
9.99552E-05 0.682115 0.0584967 9.99552E-05 9.99552E-05 0.139392 9.99552E-05 9.99552E-05 0.119496
0.0474774 0.0161991 0.15829 0.0796907 0.288028 9.9991E-05 0.0265178 0.070816 0.31288
0.171562 0.440609 9.99551E-05 9.99551E-05 9.99551E-05 9.99551E-05 9.99551E-05 0.306207 0.0811218
9.99552E-05 0.511469 0.0289449 9.99552E-05 0.447835 9.99552E-05 0.0112515 9.99552E-05 9.99552E-05
9.99642E-05 0.10299 9.99642E-05 9.99642E-05 0.109357 9.99642E-05 0.0367161 0.102895 0.647642
9.99551E-05 9.99551E-05 0.152931 0.0880839 9.99551E-05 9.99551E-05 0.4761 9.99551E-05 0.282385
9.99643E-05 9.99643E-05 0.129505 0.467802 0.0915579 0.0454541 9.99643E-05 0.265281 9.99643E-05
9.99551E-05 0.484258 0.144046 0.175768 9.99551E-05 9.99551E-05 9.99551E-05 9.99551E-05 0.195429
0.0869483 9.99552E-05 9.99552E-05 0.5921 9.99552E-05 9.99552E-05 0.0786979 9.99552E-05 0.241754
9.99464E-05 0.725144 9.99464E-05 9.99464E-05 9.99464E-05 0.256034 0.0182222 9.99464E-05 9.99464E-05
9.99372E-05 9.99372E-05 9.99372E-05 0.865404 9.99372E-05 0.133897 9.99372E-05 9.99372E-05 9.99372E-05
0.270664 9.99642E-05 0.00493494 9.99642E-05 0.345368 0.0638114 0.314822 9.99642E-05 9.99642E-05
9.99642E-05 0.677524 0.0648327 0.050853 9.99642E-05 0.0576315 9.99642E-05 9.99642E-05 0.148759
9.99462E-05 0.331913 9.99462E-05 9.99462E-05 9.99462E-05 0.395739 9.99462E-05 9.99462E-05 0.271747
9.9973E-05 9.9973E-05 0.276806 0.0631909 0.0625939 0.0870317 0.213506 9.9973E-05 0.296572
0.0840249 0.598135 9.99641E-05 9.99641E-05 9.99641E-05 9.99641E-05 0.00638788 0.285535 0.0255174
9.9982E-05 9.9982E-05 0.0747879 0.435802 0.154663 0.18088 0.04948 0.0717708 0.0324166
0.337593 0.345521 9.99731E-05 0.224569 0.0020761 0.0805262 9.99731E-05 0.00941458 9.99731E-05
0.044319 0.819523 9.99551E-05 9.99551E-05 9.99551E-05 9.99551E-05 0.107322 0.0283367 9.99551E-05
9.99462E-05 9.99462E-05 0.0210019 9.99462E-05 9.99462E-05 9.99462E-05 9.99462E-05 0.781732 0.196667
9.99731E-05 0.346004 9.99731E-05 0.0975678 0.0229916 0.326649 0.125621 9.99731E-05 0.0808654
9.9964E-05 0.3237 9.9964E-05 9.9964E-05 0.469088 0.081697 0.036223 0.0888914 9.9964E-05
9.99552E-05 9.99552E-05 0.323236 0.095667 9.99552E-05 0.538625 9.99552E-05 0.0419721 9.99552E-05
9.99641E-05 0.281345 0.0539915 9.99641E-05 0.408702 9.99641E-05 0.0328875 9.99641E-05 0.222674
9.99643E-05 0.187078 9.99643E-05 0.158602 9.99643E-05 9.99643E-05 0.408518 0.183634 0.0617683
9.99731E-05 0.133013 0.0564825 0.210734 9.99731E-05 9.99731E-05 0.153304 0.343282 0.102885
0.0802312 9.99641E-05 0.08381 9.99641E-05 0.185948 0.186371 9.99641E-05 0.46324 9.99641E-05
0.0995774 0.529916 9.9973E-05 9.9973E-05 0.0868563 0.111568 0.117995 0.0537875 9.9973E-05
9.99731E-05 0.311783 0.177149 9.99731E-05 0.134402 0.262348 0.0878413 0.0261773 9.99731E-05
9.9973E-05 0.0282979 0.133697 9.9973E-05 0.0132139 0.165394 0.372939 9.9973E-05 0.286159
9.99641E-05 0.124508 0.174633 9.99641E-05 9.99641E-05 0.259298 0.136655 0.304507 9.99641E-05
9.99552E-05 0.269256 9.99552E-05 9.99552E-05 9.99552E-05 9.99552E-05 0.142215 0.279387 0.308642
9.99463E-05 0.258782 9.99463E-05 9.99463E-05 0.321574 9.99463E-05 9.99463E-05 9.99463E-05 0.419045
9.99733E-05 0.710217 9.99733E-05 0.0359593 0.0259115 9.99733E-05 0.0774123 0.147122 0.00307752
0.0160034 0.0352024 0.103709 9.99731E-05 9.99731E-05 0.260445 9.99731E-05 0.301125 0.283215
9.99462E-05 0.364722 9.99462E-05 9.99462E-05 9.99462E-05 9.99462E-05 9.99462E-05 0.0925543 0.542124
9.99464E-05 0.436541 9.99464E-05 9.99464E-05 0.55348 9.99464E-05 0.00937883 9.99464E-05 9.99464E-05
0.247563 9.99731E-05 0.0153025 0.0608103 9.99731E-05 0.124703 0.225345 0.325977 9.99731E-05
9.9991E-05 0.0803482 0.0572313 0.0772526 0.123604 0.246652 0.0916109 0.295404 0.0277961
9.99462E-05 9.99462E-05 9.99462E-05 9.99462E-05 0.00474411 0.725706 0.26895 9.99462E-05 9.99462E-05
9.99552E-05 0.149156 0.234274 0.569106 9.99552E-05 9.99552E-05 0.0469644 9.99552E-05 9.99552E-05
0.0090071 0.334621 9.9973E-05 0.162127 0.0554348 9.9973E-05 9.9973E-05 0.0679457 0.370564
9.993E-05 9.993E-05 0.999201 9.993E-05 9.993E-05 9.993E-05 9.993E-05 9.993E-05 9.993E-05
9.99553E-05 0.716671 9.99553E-05 0.0107514 9.99553E-05 0.227789 0.0442889 9.99553E-05 9.99553E-05
0.213291 0.251351 0.0650827 0.0312518 9.99821E-05 9.99821E-05 0.0678367 0.324023 0.0469637
0.13304 9.99642E-05 0.308761 9.99642E-05 0.413221 9.99642E-05 0.0748026 9.99642E-05 0.0697758
9.99731E-05 9.99731E-05 0.140934 0.00524363 9.99731E-05 0.0469576 0.117784 0.162066 0.526715
9.99641E-05 0.297869 0.198763 9.99641E-05 0.0124598 0.476216 9.99641E-05 9.99641E-05 0.0142927
0.087047 0.181573 9.9964E-05 9.9964E-05 0.339463 9.9964E-05 9.9964E-05 0.0846114 0.306906
9.99462E-05 0.501272 9.99462E-05 9.99462E-05 0.215967 0.282161 9.99462E-05 9.99462E-05 9.99462E-05
9.99553E-05 0.0498399 0.058633 0.230787 9.99553E-05 9.99553E-05 9.99553E-05 0.66024 9.99553E-05
9.99553E-05 0.306928 9.99553E-05 9.99553E-05 0.541265 9.99553E-05 0.102025 0.049283 9.99553E-05
0.331293 0.377879 9.99552E-05 9.99552E-05 9.99552E-05 9.99552E-05 0.27426 0.0160691 9.99552E-05
9.99732E-05 0.335227 0.158722 0.0165616 0.0163326 0.380126 0.0927308 9.99732E-05 9.99732E-05
9.99464E-05 0.605392 9.99464E-05 0.16379 9.99464E-05 9.99464E-05 9.99464E-05 9.99464E-05 0.230218
9.99731E-05 0.0817303 9.99731E-05 0.281664 0.0249005 0.0310156 9.99731E-05 0.342715 0.237674
9.993E-05 9.993E-05 0.999201 9.993E-05 9.993E-05 9.993E-05 9.993E-05 9.993E-05 9.993E-05
9.99641E-05 0.284721 0.34531 9.99641E-05 9.99641E-05 0.139685 9.99641E-05 0.0675557 0.162328
9.99463E-05 0.830162 0.0886072 9.99463E-05 9.99463E-05 0.0806309 9.99463E-05 9.99463E-05 9.99463E-05
0.0159303 0.169564 0.217688 9.99821E-05 0.457845 0.116848 0.0116749 9.99821E-05 0.0102505
9.99554E-05 0.116635 0.357584 9.99554E-05 9.99554E-05 0.515069 9.99554E-05 9.99554E-05 0.0102122
9.99731E-05 0.449418 9.99731E-05 0.0155311 0.0702205 0.165524 9.99731E-05 0.274864 0.0241436
9.99642E-05 0.431586 9.99642E-05 0.00770616 0.506055 0.0372816 9.99642E-05 0.0169708 9.99642E-05
0.039137 9.99553E-05 9.99553E-05 9.99553E-05 0.0739506 9.99553E-05 0.099429 9.99553E-05 0.786984
0.490359 0.257046 0.083677 0.0570775 0.111441 9.99643E-05 9.99643E-05 9.99643E-05 9.99643E-05
0.0447205 0.429542 0.141224 0.0335401 0.139359 0.0454464 0.0995638 0.0665042 9.9991E-05
9.99641E-05 0.0318335 9.99641E-05 0.183883 0.17662 9.99641E-05 0.174259 9.99641E-05 0.433005
0.172688 0.387985 0.159464 9.99821E-05 0.0709093 0.0509556 9.99821E-05 0.0690461 0.0887519
0.273032 0.0611617 0.028372 9.9982E-05 0.0330887 0.215661 0.149126 9.9982E-05 0.239358
9.99642E-05 0.542769 0.0940031 0.0594785 0.095287 9.99642E-05 9.99642E-05 0.208063 9.99642E-05
9.99552E-05 0.499042 9.99552E-05 9.99552E-05 0.235909 0.238401 9.99552E-05 9.99552E-05 0.0261488
0.532853 0.451079 9.99464E-05 9.99464E-05 9.99464E-05 9.99464E-05 9.99464E-05 9.99464E-05 0.0154687
9.99731E-05 9.99731E-05 0.13331 0.198414 9.99731E-05 0.0944206 0.0574848 0.210942 0.305129
0.0593613 9.99462E-05 9.99462E-05 9.99462E-05 9.99462E-05 9.99462E-05 0.803043 0.136996 9.99462E-05
9.99552E-05 0.222884 9.99552E-05 9.99552E-05 0.305119 0.0962644 9.99552E-05 0.375234 9.99552E-05
0.0542116 0.341702 9.99553E-05 9.99553E-05 9.99553E-05 0.478208 0.125379 9.99553E-05 9.99553E-05
9.99552E-05 9.99552E-05 0.423956 9.99552E-05 9.99552E-05 0.140834 0.0281876 0.406522 9.99552E-05
9.99731E-05 9.99731E-05 0.170435 0.00297143 9.99731E-05 0.00234448 0.144998 0.469585 0.209366
9.99551E-05 0.434633 0.0559585 9.99551E-05 0.206489 9.99551E-05 9.99551E-05 0.30242 9.99551E-05
0.0453308 0.584507 9.99553E-05 0.100424 9.99553E-05 9.99553E-05 9.99553E-05 9.99553E-05 0.269238
9.993E-05 9.993E-05 9.993E-05 9.993E-05 9.993E-05 9.993E-05 0.999201 9.993E-05 9.993E-05
0.0552793 0.0444584 0.14856 9.99642E-05 9.99642E-05 0.266064 9.99642E-05 9.99642E-05 0.485239
0.0331901 0.527042 0.0354294 9.99731E-05 9.99731E-05 0.193703 0.0337583 9.99731E-05 0.176577
0.00400443 0.323301 9.99552E-05 0.349725 0.32247 9.99552E-05 9.99552E-05 9.99552E-05 9.99552E-05
0.23168 0.257572 9.9964E-05 0.0465572 9.9964E-05 9.9964E-05 0.0399147 0.423876 9.9964E-05
