9.9982E-05 0.043685 0.0614085 0.065458 0.123842 0.705407 9.9982E-05
0.0319282 0.0172069 0.057265 9.9991E-05 0.578797 0.140569 0.174134
0.10542 0.068513 0.108114 0.0737252 0.491562 0.152566 9.9991E-05
0.0360133 9.9982E-05 0.0925071 0.0684715 0.516216 0.286593 9.9982E-05
0.0379463 9.9991E-05 0.155703 0.0606898 0.320257 0.0736316 0.351673
9.999E-05 0.0816318 0.127202 0.0165827 0.387092 0.036884 0.350507
0.0908899 0.18762 0.0712895 0.0848917 0.0540106 0.308784 0.202514
0.0647028 0.126257 9.9991E-05 0.037383 0.319218 0.272754 0.179585
0.0472505 0.242295 0.0546485 0.0529011 0.0485504 0.197932 0.356422
0.172783 0.264779 0.292861 0.0623379 0.067757 0.139382 9.9991E-05
0.0243019 0.448652 0.154197 0.122231 0.231005 0.0195117 9.9991E-05
0.0231144 0.613624 9.9973E-05 0.0685657 9.9973E-05 9.9973E-05 0.294396
0.03958 0.0728944 0.0605055 0.0696362 0.136285 0.251896 0.369204
0.120348 9.9982E-05 0.119775 0.0647598 9.9982E-05 0.269502 0.425414
9.9955E-05 9.9955E-05 9.9955E-05 0.029286 9.9955E-05 9.9955E-05 0.970214
0.108158 9.9991E-05 0.0356024 0.18628 0.407379 0.0831065 0.179373
9.9955E-05 9.9955E-05 0.103169 9.9955E-05 9.9955E-05 9.9955E-05 0.896331
0.234029 0.20911 9.9982E-05 0.179861 9.9982E-05 0.204507 0.172293
9.9982E-05 0.264504 9.9982E-05 0.126522 0.226246 0.206319 0.176209
0.135709 9.9991E-05 0.0470798 0.0415243 0.592378 0.0905167 0.0926915
9.999E-05 0.058542 0.124989 0.08021 0.252907 0.369579 0.113673
0.0275042 0.184142 0.150342 0.0373187 9.9991E-05 0.238464 0.362129
0.0106032 0.0527629 0.0423981 0.196064 0.409848 0.0699239 0.2184
0.102266 0.0971477 9.9982E-05 9.9982E-05 0.357855 0.179965 0.262566
9.9991E-05 0.517032 0.195639 0.17888 0.00457217 0.0437037 0.0600727
0.106461 9.9991E-05 0.0727838 0.0174437 0.222747 0.384275 0.196189
0.106062 0.374359 0.163935 0.124362 9.9991E-05 0.118996 0.112185
0.0165693 9.9991E-05 0.114922 0.0355713 0.0295229 0.380939 0.422375
0.164041 0.0532887 0.082561 0.00417521 0.314466 0.161269 0.220199
0.543471 9.9982E-05 0.084934 0.0396723 0.247125 0.0845983 9.9982E-05
0.080339 0.394108 0.130474 0.123585 0.207086 9.9991E-05 0.0643079
0.0135604 0.789133 0.0540257 0.0862928 0.0261215 0.0307667 9.9991E-05
0.0814722 9.9982E-05 9.9982E-05 0.0688214 0.336811 0.154668 0.358028
9.9982E-05 9.9982E-05 0.183694 0.120968 0.346261 0.0765072 0.272371
9.999E-05 0.0697794 0.178539 0.0723426 0.0626359 0.217414 0.39919
9.9955E-05 9.9955E-05 9.9955E-05 0.0408161 9.9955E-05 0.958684 9.9955E-05
0.0966323 9.9991E-05 0.22598 0.0583156 0.273008 0.282427 0.063537
0.0849535 0.255993 0.149037 0.0512371 9.9991E-05 0.453696 0.00498331
0.0887508 9.9973E-05 0.201843 9.9973E-05 0.18467 9.9973E-05 0.524436
9.999E-05 0.139903 0.0557801 0.162322 0.298646 0.242305 0.100943
0.034422 0.251085 0.105412 0.0265581 0.0608969 0.208758 0.312867
0.0588993 0.109411 0.1477 0.070656 0.389974 0.110381 0.112979
0.0566935 9.9982E-05 0.0482852 0.0552394 0.513828 0.325754 9.9982E-05
0.0942619 0.359374 9.9973E-05 9.9973E-05 9.9973E-05 0.439635 0.106429
0.00669654 0.835459 9.9973E-05 0.10147 9.9973E-05 0.0560744 9.9973E-05
9.9982E-05 0.263782 0.185397 0.0454178 9.9982E-05 0.228878 0.276325
0.0925421 0.110485 9.9991E-05 0.0290373 0.692971 0.0603139 0.0145507
0.0558893 0.332011 9.9982E-05 0.0573963 0.42203 9.9982E-05 0.132473
9.9991E-05 0.515632 0.0200415 0.176913 0.239633 0.0246438 0.0230369
0.126612 0.0251554 9.9991E-05 0.076779 0.358554 0.160102 0.252697
0.0812693 0.217407 0.0389006 0.0869999 0.0294382 0.260561 0.285424
0.118992 0.0822397 0.0618635 0.188235 0.394815 0.0168395 0.137014
0.0954322 0.0606582 0.0119376 0.0304097 0.40609 9.9991E-05 0.395372
0.168531 0.00851117 0.258151 9.9991E-05 0.287825 0.01327 0.263612
0.11425 0.775075 9.9973E-05 0.0424488 0.0679255 9.9973E-05 9.9973E-05
9.9991E-05 0.100861 0.0707366 0.125736 0.273978 0.148348 0.28024
9.99641E-05 0.847061 0.0211369 9.99641E-05 9.99641E-05 0.131403 9.99641E-05
0.108026 0.417225 0.0778195 0.0494653 0.122609 0.224755 9.9991E-05
9.9982E-05 0.202839 0.170815 0.168161 0.321634 9.9982E-05 0.13635
9.9991E-05 0.58168 0.104839 0.0820151 0.0792609 0.0531728 0.0989327
0.00191639 9.9991E-05 0.0418301 0.0435907 0.80913 0.0241381 0.0792943
9.9991E-05 0.0814977 0.100403 0.165831 0.0945996 0.0517405 0.505828
9.9982E-05 0.109338 9.9982E-05 0.0468848 0.270276 0.117573 0.455727
0.883093 9.9955E-05 9.9955E-05 0.116407 9.9955E-05 9.9955E-05 9.9955E-05
9.9973E-05 9.9973E-05 0.13926 9.9973E-05 0.127096 0.471655 0.261689
9.9973E-05 9.9973E-05 0.0357342 0.0160267 0.0341769 0.913762 9.9973E-05
0.00446141 0.215176 0.17258 0.111865 0.070323 0.36073 0.0648639
0.0488248 0.10068 0.0261802 9.9991E-05 0.300623 0.0131471 0.510445
0.000907214 0.0642024 9.9991E-05 0.113194 0.39816 0.315488 0.107948
0.188948 0.0595139 9.9991E-05 0.0560729 0.547811 0.0674755 0.0800786
0.110343 0.586883 0.158473 0.0435973 0.100504 9.9982E-05 9.9982E-05
9.9973E-05 9.9973E-05 0.0242368 0.0429428 9.9973E-05 0.356541 0.575979
0.103936 0.079439 0.0489156 0.161408 0.0445404 0.213938 0.347824
0.0306582 0.236932 0.0806437 0.0492708 0.264769 9.9991E-05 0.337627
0.153375 0.166269 0.260864 9.9982E-05 9.9982E-05 0.0521085 0.367184
0.0569662 0.350667 0.0552945 0.0852318 0.335193 9.9991E-05 0.116547
9.9973E-05 0.285007 0.0591426 0.135261 9.9973E-05 9.9973E-05 0.520289
9.9964E-05 9.9964E-05 0.103037 0.0948145 0.801748 9.9964E-05 9.9964E-05
9.9964E-05 9.9964E-05 0.104735 9.9964E-05 0.772692 0.122173 9.9964E-05
0.0780915 0.166 0.0722133 0.108822 0.512272 9.9991E-05 0.0625018
0.0439675 0.0429067 0.112114 0.115245 0.381806 0.22236 0.0816
0.0617835 0.0652601 0.129793 0.0384932 0.311996 0.234579 0.158095
0.152222 0.350469 0.0712458 0.054792 0.165936 0.126424 0.0789118
0.0705801 0.225424 0.0473671 0.11289 0.522932 9.9991E-05 0.0207068
9.9991E-05 0.223873 0.086381 0.0897717 0.0611867 0.0811591 0.457529
9.9982E-05 0.28727 0.0934045 0.06571 0.414577 0.138839 9.9982E-05
9.9973E-05 9.9973E-05 9.9973E-05 0.0185554 0.107162 0.727587 0.146396
9.9982E-05 0.331274 0.119177 0.125038 0.295399 9.9982E-05 0.128912
0.130104 9.9982E-05 0.0869849 0.0343461 9.9982E-05 0.272433 0.475932
9.9973E-05 0.445714 0.000802614 0.0723926 9.9973E-05 0.480791 9.9973E-05
0.933515 9.9964E-05 0.0425914 9.9964E-05 9.9964E-05 0.0234934 9.9964E-05
9.9991E-05 0.349491 0.181062 0.0490938 0.099273 0.0132338 0.307747
9.9973E-05 9.9973E-05 0.0899657 0.170694 0.64804 0.0910009 9.9973E-05
0.0897412 0.0937223 9.9991E-05 0.0644621 0.105206 0.142365 0.504403
9.9982E-05 9.9982E-05 0.094238 0.0975839 0.713494 0.0933004 0.00118362
0.114901 9.9982E-05 0.115278 9.9982E-05 0.474273 0.149665 0.145683
9.9973E-05 0.516097 0.0122434 9.9973E-05 0.0204276 0.450932 9.9973E-05
9.9991E-05 0.335231 0.120416 0.042677 0.113216 0.140966 0.247394
0.433192 0.047451 9.9982E-05 0.0873485 9.9982E-05 0.0989663 0.332842
0.277135 0.189675 9.9982E-05 9.9982E-05 0.125486 0.122669 0.284834
0.0697567 0.260033 0.0237576 0.0655969 0.00402023 0.136442 0.440393
0.9994 9.995E-05 9.995E-05 9.995E-05 9.995E-05 9.995E-05 9.995E-05
0.0201863 0.129411 0.126445 0.0891185 0.277231 9.99946E-05 0.357509
9.995E-05 9.995E-05 0.9994 9.995E-05 9.995E-05 9.995E-05 9.995E-05
0.082492 9.9991E-05 0.12876 0.0531327 0.294417 0.25687 0.184228
0.0717143 0.0876239 9.9982E-05 9.9982E-05 0.428972 0.15149 0.260001
0.0411356 0.214571 0.0275431 9.9991E-05 0.427584 0.100352 0.188714
0.0194683 0.231865 0.0323462 0.0399886 0.376428 0.092571 0.207333
0.201505 0.154673 0.0855231 0.0500467 0.146011 9.9991E-05 0.362141
0.00646452 0.137715 0.00561155 0.0932988 0.24111 0.339369 0.176431
9.9982E-05 9.9982E-05 0.167031 0.0784649 0.316305 0.171316 0.266684
0.0903372 0.527917 0.0546412 0.163176 0.0728979 9.9991E-05 0.0909315
0.0195795 0.148931 0.0280815 0.0704194 0.705293 0.0248179 0.00287831
0.358378 9.9991E-05 0.0138975 0.0788147 0.222336 0.0562982 0.270176
0.0588474 9.9982E-05 0.0658498 9.9982E-05 0.432305 0.219083 0.223715
0.9994 9.995E-05 9.995E-05 9.995E-05 9.995E-05 9.995E-05 9.995E-05
0.019329 0.0768772 0.17005 0.0225971 0.232327 0.205073 0.273747
0.00348565 0.17384 0.0375763 0.0785091 9.9991E-05 0.687693 0.0187961
0.0482573 0.351221 0.094817 0.0225061 0.482998 9.9982E-05 9.9982E-05
0.0891647 0.384435 0.0529582 0.194604 9.9991E-05 0.260741 0.017997
0.0270807 0.0695068 0.143667 0.0696078 0.0973755 0.475042 0.11772
0.361905 9.9991E-05 0.101939 0.116626 0.139785 0.0353048 0.244341
0.0983848 0.259623 0.181607 0.0667052 0.00204664 0.276802 0.114831
9.9973E-05 0.231874 0.0274442 9.9973E-05 0.543532 9.9973E-05 0.196849
0.0998822 0.643431 0.0605841 0.132035 0.0317518 9.9991E-05 0.0322153
9.995E-05 9.995E-05 9.995E-05 9.995E-05 9.995E-05 9.995E-05 0.9994
9.9982E-05 0.355763 9.9982E-05 0.12941 0.182125 0.187096 0.145406
0.21514 0.232108 0.0917803 0.0438095 0.318732 0.0983295 9.9991E-05
9.9982E-05 0.451939 0.0265091 0.0895974 0.41738 0.0143749 9.9982E-05
0.152426 0.357561 0.0514219 0.0633505 0.0415097 0.333631 9.9991E-05
0.041733 9.9982E-05 0.0379168 0.00394622 9.9982E-05 0.495511 0.420693
0.078328 9.9991E-05 0.117932 0.095562 0.335598 0.132538 0.239943
0.347553 0.150044 0.0468132 0.0149325 0.208983 0.0135459 0.218129
0.123513 9.9982E-05 0.00757537 0.0890842 0.539157 9.9982E-05 0.24047
0.029318 0.241589 0.0391946 9.9991E-05 0.0916118 0.398108 0.200079
0.00643377 0.340869 0.126573 0.114418 0.0689835 0.141944 0.200778
9.9973E-05 0.0117841 9.9973E-05 0.0303489 0.9023 9.9973E-05 0.0552671
0.0897756 9.9964E-05 9.9964E-05 0.146848 0.762977 9.9964E-05 9.9964E-05
0.0950498 0.349942 0.0585352 0.053046 0.149728 0.212344 0.0813549
9.9991E-05 0.147704 0.191618 0.0270991 0.122165 0.148238 0.363075
9.9982E-05 0.266949 0.152504 0.0246116 0.0535997 9.9982E-05 0.502136
0.000653748 0.0499748 0.135418 0.121613 0.371215 9.9991E-05 0.321025
0.120856 0.407789 0.163739 0.00374143 0.0818466 0.07677 0.145258
0.0482507 0.471726 0.0561123 0.0921489 9.9991E-05 0.169601 0.162061
0.0648283 0.0243292 0.0675642 0.0852713 0.0840498 0.11566 0.558298
0.281448 9.9991E-05 0.0811493 0.0877685 0.0625756 0.162766 0.324193
9.9991E-05 0.252666 0.074872 0.0138404 0.306072 0.102211 0.250239
9.995E-05 9.995E-05 9.995E-05 0.9994 9.995E-05 9.995E-05 9.995E-05
9.9973E-05 9.9973E-05 0.202502 0.0496021 0.240057 0.507539 9.9973E-05
9.9973E-05 9.9973E-05 0.306193 0.0976876 0.435478 0.160341 9.9973E-05
9.9973E-05 0.53394 0.086683 0.103878 9.9973E-05 9.9973E-05 0.275198
9.9973E-05 9.9973E-05 0.324917 0.0615805 0.527872 9.9973E-05 0.0853307
0.0995532 0.249631 0.105304 0.172554 0.143111 0.14892 0.0809275
0.0204083 0.321802 0.0827401 0.0815447 0.261389 0.00541004 0.226706
0.0564663 0.384321 0.0298007 0.0332098 0.155959 0.0642103 0.276033
0.158235 9.9991E-05 0.0654163 0.106276 0.220173 0.114955 0.334845
9.9982E-05 0.378178 9.9982E-05 0.0801571 0.216155 0.226888 0.098422
0.133288 0.163218 0.0906121 0.0825243 0.0936955 0.304789 0.131873
0.0995251 9.9955E-05 9.9955E-05 9.9955E-05 9.9955E-05 0.899975 9.9955E-05
0.0942367 0.100443 0.106938 0.0718762 0.0448496 0.262861 0.318796
9.9991E-05 0.0397417 0.102087 0.0699896 0.22826 0.383366 0.176457
9.995E-05 9.995E-05 9.995E-05 0.9994 9.995E-05 9.995E-05 9.995E-05
9.9982E-05 0.112297 0.0108295 0.449571 0.0367153 9.9982E-05 0.390388
9.9973E-05 0.145871 0.128437 9.9973E-05 0.684771 9.9973E-05 0.0406202
0.0962202 0.254411 0.0882342 0.0716571 0.214548 0.27483 9.9991E-05
9.9964E-05 9.9964E-05 0.0888302 0.0569753 9.9964E-05 0.853795 9.9964E-05
9.9991E-05 0.303614 0.0143708 0.0805954 0.229782 0.202245 0.169292
9.9982E-05 0.2274 0.116333 0.0181797 0.180934 9.9982E-05 0.456953
0.020857 9.9973E-05 9.9973E-05 0.1683 0.706674 0.103869 9.9973E-05
0.0961588 9.9991E-05 0.0164524 0.065588 0.12493 0.235534 0.461236
0.0837994 0.377581 9.9991E-05 0.0651976 0.387716 0.00590556 0.0797008
0.102363 0.108342 0.143209 0.0254209 0.366484 9.9991E-05 0.254081
0.0849386 0.0888973 9.9991E-05 0.190701 0.2997 0.178823 0.15684
9.9991E-05 0.403615 0.0554768 0.0824329 0.0802855 0.216597 0.161492
9.9991E-05 0.284779 0.0436158 0.148961 0.150917 0.280009 0.091618
0.000307235 0.175234 0.152259 9.9982E-05 0.171807 9.9982E-05 0.500193
9.9982E-05 0.252145 0.0104798 0.0780628 0.571392 9.9982E-05 0.08772
0.0921313 0.225648 0.106777 9.9991E-05 0.348241 0.0808887 0.146214
9.995E-05 9.995E-05 0.9994 9.995E-05 9.995E-05 9.995E-05 9.995E-05
0.00738675 0.594714 0.0747379 9.9991E-05 0.0782726 0.0734892 0.171299
0.0489369 9.9964E-05 9.9964E-05 0.00299054 9.9964E-05 9.9964E-05 0.947673
0.11287 0.0980128 0.0656058 0.102751 0.0944462 0.327812 0.198503
9.9991E-05 0.205574 0.0742508 0.0753675 0.338431 0.29509 0.0111875
0.211038 0.034281 9.9973E-05 9.9973E-05 0.491017 0.263364 9.9973E-05
0.034514 0.0240826 0.0506943 0.095467 0.499675 0.255694 0.0398731
9.995E-05 9.995E-05 0.9994 9.995E-05 9.995E-05 9.995E-05 9.995E-05
0.0314595 0.229963 0.0305881 0.0523905 0.33391 0.112977 0.208713
0.0276238 0.0446606 0.224275 0.119897 9.9991E-05 0.400109 0.183334
9.9982E-05 0.0934342 0.0712108 9.9982E-05 0.434327 0.220532 0.180295
0.0921593 0.360857 9.9982E-05 0.0091476 9.9982E-05 0.213948 0.323689
