0.469792 0.0880024 0.442105 9.9991E-05
0.394541 0.209689 0.315346 0.0804247
0.57152 0.148701 9.99911E-05 0.27968
0.395401 0.344623 0.204848 0.0551286
0.334381 0.321254 0.344265 9.9991E-05
0.625726 0.132408 9.9991E-05 0.241766
0.34291 0.197213 0.459777 9.99911E-05
0.887723 9.99821E-05 0.112077 9.99821E-05
9.999E-05 0.16427 0.538912 0.296718
9.999E-05 0.124995 0.351377 0.523528
0.0270377 0.296259 0.299061 0.377643
0.227247 9.99821E-05 0.772553 9.99821E-05
0.559312 0.0769152 0.363672 9.99911E-05
0.261308 0.191097 0.547495 9.9991E-05
0.3761 9.99911E-05 0.317316 0.306485
0.538592 0.325752 0.135556 9.9991E-05
0.255203 0.0934468 0.300102 0.351249
9.9991E-05 0.232569 0.375829 0.391501
0.566007 9.99821E-05 0.433793 9.99821E-05
0.309857 9.99911E-05 0.522637 0.167406
9.99911E-05 0.323558 0.0727236 0.603619
0.468373 0.165502 0.366025 9.99911E-05
0.298499 0.44935 0.00990104 0.24225
0.0739089 0.820862 0.105129 9.99911E-05
0.202368 0.535151 9.9991E-05 0.262381
0.240837 0.401467 0.357596 9.9991E-05
9.9991E-05 0.116031 0.835309 0.04856
0.626272 0.00262603 0.0629278 0.308174
0.684237 9.9991E-05 0.0678889 0.247774
9.99911E-05 0.910792 0.0382014 0.0509064
0.219972 9.99911E-05 0.29135 0.488578
0.477916 9.99821E-05 0.521884 9.99821E-05
0.141591 9.99911E-05 0.0397785 0.81853
0.806591 0.0679575 0.125351 9.9991E-05
0.436393 0.473521 0.089986 9.9991E-05
0.134181 0.09854 0.364013 0.403266
0.52666 0.0969265 0.239905 0.136509
0.00487872 0.0683352 0.0583598 0.868426
0.504397 0.180983 0.31452 9.99911E-05
0.643091 0.249846 0.0539264 0.0531373
9.99911E-05 0.398532 0.492137 0.109231
9.99911E-05 0.274893 0.543474 0.181533
0.368833 0.122715 0.508353 9.9991E-05
0.464292 0.219534 0.213632 0.102543
0.570563 9.9991E-05 0.325402 0.103935
0.518867 0.0796463 0.392363 0.00912375
0.104495 0.283695 0.458146 0.153664
9.9991E-05 0.03508 0.529829 0.434991
0.535046 9.99822E-05 0.464754 9.99822E-05
0.747077 9.9982E-05 0.252723 9.9982E-05
0.659578 0.340222 9.9982E-05 9.9982E-05
9.99821E-05 9.99821E-05 0.373655 0.626145
0.235829 0.538485 0.225587 9.9991E-05
0.807181 0.126205 9.99911E-05 0.0665137
0.240027 9.9991E-05 0.410075 0.349798
0.129266 0.0259607 0.667323 0.177451
0.0613826 0.53672 0.18022 0.221677
0.154625 9.99911E-05 0.568254 0.277021
0.34618 9.9991E-05 0.592249 0.0614713
0.0893137 0.0485801 0.457985 0.404121
0.858202 0.118734 0.0213507 0.00171258
9.9991E-05 0.172617 0.808691 0.0185922
0.218697 0.016415 0.657576 0.107312
0.156223 0.843577 9.99821E-05 9.99821E-05
0.618817 0.169803 0.21128 9.99911E-05
0.147196 0.279287 0.573417 9.99911E-05
0.698482 0.210291 9.9991E-05 0.0911273
0.40797 0.00798988 0.58394 9.9991E-05
0.646721 9.99821E-05 0.353079 9.99821E-05
0.205929 0.191426 0.365375 0.23727
0.15238 0.0150723 0.511178 0.32137
9.99821E-05 0.190474 0.809326 9.99821E-05
0.501862 0.0285305 0.469507 9.99911E-05
0.676826 0.0487176 0.274356 9.99911E-05
0.813342 0.186458 9.99822E-05 9.99822E-05
0.285206 9.99821E-05 0.714594 9.99821E-05
0.248882 0.42158 0.314627 0.0149119
9.9991E-05 0.111407 0.623693 0.2648
0.870223 0.129577 9.99821E-05 9.99821E-05
0.829439 9.9991E-05 0.115707 0.054754
0.769802 9.99821E-05 0.229998 9.99821E-05
0.51186 0.311778 0.101596 0.0747661
0.277749 9.99911E-05 0.13077 0.591381
0.692222 0.141993 9.9991E-05 0.165685
0.0713166 0.376416 0.490729 0.0615377
0.227 0.0942216 0.579186 0.0995922
0.129643 9.99911E-05 0.528222 0.342035
0.0426549 0.801731 0.155514 9.9991E-05
0.325773 0.249113 9.99911E-05 0.425014
0.432654 9.9991E-05 0.143489 0.423758
0.0996309 0.900169 9.99822E-05 9.99822E-05
0.135814 0.330922 0.434079 0.0991848
0.0692694 0.228619 0.702012 9.99911E-05
0.159091 0.143272 0.161078 0.536559
9.9991E-05 0.000136134 0.872225 0.127539
0.452296 0.126597 0.311162 0.109945
9.9991E-05 0.317999 0.319518 0.362383
0.130413 9.9991E-05 0.500715 0.368772
0.347026 0.620918 0.0319556 9.9991E-05
9.9991E-05 0.57309 0.33713 0.0896798
9.9991E-05 0.333748 0.171165 0.494987
9.99821E-05 0.97202 9.99821E-05 0.0277805
9.99911E-05 0.158755 0.125594 0.715551
9.99821E-05 0.231514 9.99821E-05 0.768286
0.802704 0.00553058 0.164592 0.0271739
0.416947 0.250077 0.332876 9.9991E-05
0.571278 9.9991E-05 0.260132 0.16849
0.784505 9.99821E-05 9.99821E-05 0.215295
0.80986 9.99911E-05 0.087381 0.102659
0.465044 0.120102 9.99911E-05 0.414754
0.312612 0.405521 0.243198 0.0386683
0.649281 0.33968 0.0109387 9.9991E-05
0.37778 0.62202 9.99821E-05 9.99821E-05
0.801338 0.106765 0.0114172 0.0804803
9.998E-05 0.9997 9.998E-05 9.998E-05
9.99911E-05 0.0734325 0.474068 0.452399
0.306799 0.0780754 0.615026 9.9991E-05
0.613445 9.99821E-05 0.386355 9.99821E-05
0.436836 0.481809 0.0812552 9.9991E-05
0.686366 0.0917945 9.9991E-05 0.22174
0.0678665 0.627245 0.304789 9.9991E-05
0.0725862 0.47916 0.163301 0.284953
0.833873 0.165927 9.99821E-05 9.99821E-05
0.281523 9.99911E-05 0.20435 0.514027
0.338481 0.149514 0.166325 0.34568
0.166699 0.296859 0.35717 0.179271
0.0158455 0.280327 0.703728 9.99911E-05
0.635177 0.174288 0.190435 9.9991E-05
0.370963 0.0808178 9.99911E-05 0.548119
0.427317 0.19302 0.0804739 0.299189
9.99821E-05 9.99821E-05 0.517816 0.481984
0.339603 0.228077 0.326928 0.105391
0.222744 9.99911E-05 0.498071 0.279085
0.402469 9.9991E-05 0.264811 0.33262
9.99821E-05 9.99821E-05 0.603164 0.396636
0.64907 9.99821E-05 9.99821E-05 0.35073
0.90298 9.99821E-05 9.99821E-05 0.0968195
0.789375 9.99822E-05 9.99822E-05 0.210425
0.269219 9.99911E-05 0.472611 0.25807
0.921425 0.078375 9.99821E-05 9.99821E-05
0.448435 0.313706 0.0585974 0.179261
0.112303 0.0220397 0.120991 0.744667
0.230489 0.0219902 0.394343 0.353177
0.0238331 0.176136 0.158418 0.641613
0.170592 0.670084 0.159224 9.9991E-05
0.768076 0.171926 9.9991E-05 0.0598983
9.998E-05 9.998E-05 0.9997 9.998E-05
0.437171 0.278307 0.126098 0.158424
0.475528 0.425997 0.0912817 0.00719312
0.158029 9.99911E-05 0.679491 0.16238
0.557866 0.152018 0.18047 0.109646
0.0206635 9.99821E-05 0.979137 9.99821E-05
0.857864 9.9991E-05 0.00729368 0.134743
0.431311 0.0315218 0.438583 0.0985841
0.154365 0.681408 0.0567094 0.107518
0.453253 9.99911E-05 0.243081 0.303566
0.455332 9.9991E-05 0.0642968 0.480271
0.157116 0.0890482 0.647364 0.106472
0.958844 0.0409558 9.99821E-05 9.99821E-05
0.172189 0.410975 0.179927 0.23691
9.998E-05 9.998E-05 0.9997 9.998E-05
0.411798 0.0390316 0.54907 9.9991E-05
0.735084 0.145202 0.119614 9.99911E-05
9.99911E-05 0.026226 0.839134 0.13454
9.998E-05 9.998E-05 0.9997 9.998E-05
0.299996 0.281637 0.364614 0.053754
0.652325 0.0851709 0.0972631 0.165241
0.9997 9.998E-05 9.998E-05 9.998E-05
0.339677 0.0116934 0.515823 0.132807
0.219328 0.168717 0.410273 0.201682
0.728471 0.271329 9.99822E-05 9.99822E-05
0.766649 9.9991E-05 0.0413312 0.19192
0.363055 9.9991E-05 0.304892 0.331953
0.35661 0.302045 0.267421 0.0739233
0.593485 0.262477 0.143938 9.9991E-05
0.861921 0.0453113 0.0926677 9.99911E-05
0.367514 0.306634 0.259301 0.0665511
9.998E-05 9.998E-05 9.998E-05 0.9997
9.99911E-05 0.161743 0.210184 0.627972
9.99821E-05 9.99821E-05 0.551678 0.448122
9.99821E-05 9.99821E-05 0.812964 0.186836
0.193832 0.0613794 0.522063 0.222726
0.193319 0.173857 0.455195 0.177629
0.785096 0.11054 0.104264 9.99911E-05
0.0893168 9.99821E-05 9.99821E-05 0.910483
0.49281 0.00478576 0.502305 9.99911E-05
0.619386 9.9991E-05 0.316858 0.063656
0.503593 0.358921 0.0548082 0.0826782
0.215591 0.18174 9.9991E-05 0.602568
