0.0126216 0.611949 9.9973E-05 9.9973E-05 0.0411613 0.0146267 9.9973E-05 0.0584588 0.260883
0.059051 0.243219 0.269928 0.125363 0.00133252 0.143644 0.048174 0.0668998 0.0423885
0.0877775 0.348511 0.184323 0.275062 9.9982E-05 0.0486347 0.0128539 0.0426381 9.9982E-05
0.0808133 0.122108 9.9982E-05 0.342115 0.0731912 0.238908 0.0540263 0.0886379 9.9982E-05
0.0835547 0.0174793 0.173887 0.246401 0.0869478 0.143591 9.9982E-05 0.24794 9.9982E-05
0.0726869 0.0146055 0.366904 0.351373 0.0339716 0.124267 9.9982E-05 0.0359917 9.9982E-05
0.0459054 0.403683 0.00961823 0.109557 0.131594 9.9991E-05 0.0233248 0.0762581 0.19996
9.9982E-05 0.291723 0.201402 0.134315 0.0486371 0.217338 0.02805 9.9982E-05 0.078335
0.040498 0.187396 0.0178676 0.0893694 0.00787747 0.319045 0.0375907 9.9991E-05 0.300256
0.30689 0.0179122 0.0743517 0.0410291 0.0521622 0.019686 0.0869954 0.183964 0.21701
0.155783 0.0123678 0.677867 0.104862 0.04872 9.9964E-05 9.9964E-05 9.9964E-05 9.9964E-05
9.9973E-05 9.9973E-05 0.00896962 0.029992 0.0232905 0.132004 0.0628487 9.9973E-05 0.742596
0.0324273 9.9991E-05 0.0719299 0.312331 0.0904304 0.0601599 0.00714779 0.246621 0.178853
0.0686428 0.137797 0.263694 0.0499336 0.0737881 0.209455 0.0497254 9.9991E-05 0.146864
9.9946E-05 9.9946E-05 0.843309 9.9946E-05 0.0621687 0.0939229 9.9946E-05 9.9946E-05 9.9946E-05
0.038496 0.211825 0.0794458 9.9982E-05 0.182093 0.375847 0.0863591 0.0257342 9.9982E-05
0.107366 9.9955E-05 0.851369 9.9955E-05 0.0127491 9.9955E-05 0.0280162 9.9955E-05 9.9955E-05
0.0152348 0.100998 0.15102 0.0557687 0.10945 0.093681 0.120182 9.9991E-05 0.353566
9.9982E-05 0.138257 0.265235 0.032924 0.100125 0.0497038 0.00901516 0.40454 9.9982E-05
0.0145517 0.346628 0.0439831 0.293902 9.9982E-05 0.117252 0.175033 9.9982E-05 0.00844956
0.0298505 0.314365 0.0634615 0.243408 0.0870263 0.101004 9.9991E-05 0.00533515 0.155449
9.9973E-05 0.0928512 0.281967 0.176585 0.0353049 9.9973E-05 9.9973E-05 0.319652 0.09334
0.000712507 0.125213 0.197335 0.286477 0.144384 0.00544896 0.00444129 0.235888 9.9991E-05
9.999E-05 0.280299 0.221487 0.219672 0.0143425 0.0381242 0.201686 0.00838459 0.0159055
0.148906 9.9964E-05 0.733573 9.9964E-05 0.04994 9.9964E-05 9.9964E-05 0.0669639 0.000217221
0.0372166 0.39918 0.27175 9.9982E-05 9.9982E-05 0.022036 0.0244921 0.0118014 0.233324
0.0564403 0.0804286 0.00656993 9.9973E-05 0.0813175 9.9973E-05 0.0466777 9.9973E-05 0.728266
0.0700054 0.280221 0.290473 0.180171 0.0512127 9.9973E-05 0.127616 9.9973E-05 9.9973E-05
0.0117844 0.0887885 0.264997 0.147361 9.9991E-05 0.0429015 0.174559 0.0418669 0.227642
9.99639E-05 0.126863 0.140697 0.0812524 9.99639E-05 0.0619154 0.588873 9.99639E-05 9.99639E-05
0.0620109 9.9964E-05 0.565921 0.181214 0.0404144 0.15004 9.9964E-05 9.9964E-05 9.9964E-05
0.0182541 9.9946E-05 9.9946E-05 9.9946E-05 9.9946E-05 9.9946E-05 0.00165588 9.9946E-05 0.97949
9.999E-05 0.123448 0.094974 0.334858 0.0608578 0.25546 0.0599437 0.0508991 0.0194594
0.00601037 0.0387948 0.216504 0.398577 0.0667246 9.99729E-05 9.99729E-05 9.99729E-05 0.273089
0.111396 0.0832885 0.358742 0.0182971 0.0882631 0.0703953 9.9982E-05 9.9982E-05 0.269418
9.9937E-05 0.980088 9.9937E-05 9.9937E-05 0.0192124 9.9937E-05 9.9937E-05 9.9937E-05 9.9937E-05
0.129496 0.153974 0.0526404 0.649934 0.0135558 9.9964E-05 9.9964E-05 9.9964E-05 9.9964E-05
0.0628857 0.392424 0.205298 9.9973E-05 9.9973E-05 9.9973E-05 0.0722561 0.140319 0.126517
0.0246742 9.9982E-05 0.319996 0.196662 0.0244553 0.29985 0.0685777 9.9982E-05 0.0655855
9.9973E-05 0.124636 0.351115 0.261478 0.108772 9.9973E-05 9.9973E-05 0.0911421 0.062556
0.0417064 0.0661679 0.16405 0.182229 0.0227452 9.9991E-05 0.0392718 0.333345 0.150384
0.0550094 9.9982E-05 0.000898165 0.46323 0.0594931 0.119909 0.0797477 9.9982E-05 0.221513
0.0356972 0.169408 0.165484 0.16713 0.0564685 0.190074 0.0507524 9.9991E-05 0.164886
9.9973E-05 0.24468 0.231127 0.1812 9.9973E-05 9.9973E-05 0.134544 0.0918133 0.116335
9.9955E-05 0.0380435 9.9955E-05 9.9955E-05 0.00812822 0.0744217 9.9955E-05 9.9955E-05 0.878907
0.119597 9.9982E-05 0.0917755 0.119485 0.0563131 0.127857 9.9982E-05 0.053791 0.430982
9.9982E-05 0.160197 0.17997 0.394608 0.0101072 0.139541 9.9982E-05 0.00840695 0.106971
9.9973E-05 9.9973E-05 9.9973E-05 0.264829 0.0387216 0.3313 0.00731379 0.109962 0.247574
9.9973E-05 9.9973E-05 0.198905 0.123384 0.0384743 9.9973E-05 0.0291421 0.0864388 0.523356
9.9982E-05 0.0638826 0.343855 0.00674214 0.0587116 0.133284 0.0858437 0.307481 9.9982E-05
0.136575 0.161822 0.162713 9.9991E-05 0.128644 0.0248364 0.0176311 0.278983 0.0886971
0.0187912 0.0376394 9.9982E-05 0.175247 0.068813 0.518836 0.0557472 0.124726 9.9982E-05
9.9973E-05 0.155686 9.9973E-05 0.0902415 0.0658663 0.619626 0.0612859 9.9973E-05 0.00699476
0.140747 0.0513633 0.0756487 0.0281909 0.0161375 0.297994 0.0786088 9.9991E-05 0.31121
9.993E-05 9.993E-05 9.993E-05 9.993E-05 9.993E-05 9.993E-05 9.993E-05 0.999201 9.993E-05
0.0374319 0.055128 0.202165 0.254348 0.0480266 9.9973E-05 9.9973E-05 9.9973E-05 0.4026
9.99371E-05 9.99371E-05 9.99371E-05 9.99371E-05 9.99371E-05 0.0710555 9.99371E-05 0.928245 9.99371E-05
0.0121401 9.99549E-05 9.99549E-05 0.164856 0.0263974 9.99549E-05 9.99549E-05 0.796107 9.99549E-05
0.0518217 9.9991E-05 0.0308606 0.124054 0.0385465 0.348856 0.0928181 0.22946 0.0834839
0.130477 0.054111 0.0245255 0.078394 0.0126338 0.16318 9.9991E-05 0.104349 0.432229
9.9946E-05 9.9946E-05 9.9946E-05 0.904099 9.9946E-05 9.9946E-05 0.058153 0.0371488 9.9946E-05
0.0388957 0.00727515 0.106341 0.510787 0.114461 9.9973E-05 9.9973E-05 9.9973E-05 0.22194
9.9964E-05 9.9964E-05 0.349151 0.225818 0.0633663 9.9964E-05 9.9964E-05 0.0153804 0.345885
9.9946E-05 9.9946E-05 9.9946E-05 0.126628 0.0579821 9.9946E-05 0.81479 9.9946E-05 9.9946E-05
0.161907 0.32907 0.114484 0.158286 9.9982E-05 0.0681589 0.00976052 9.9982E-05 0.158134
0.022767 0.893376 9.9964E-05 0.0157639 0.0125189 0.0551745 9.9964E-05 9.9964E-05 9.9964E-05
0.0648662 0.247082 9.9973E-05 0.248769 0.0914345 9.9973E-05 9.9973E-05 0.155248 0.1923
9.9973E-05 9.9973E-05 0.171134 0.403652 0.00637284 9.9973E-05 0.0530239 0.227988 0.137529
9.9964E-05 0.291024 0.199271 0.379903 0.00208634 9.9964E-05 9.9964E-05 0.127316 9.9964E-05
0.0580097 0.286213 0.246491 0.122723 0.0568589 0.0302401 0.17987 0.0194941 9.9991E-05
0.196911 9.9982E-05 9.9982E-05 0.289092 0.00807149 0.110774 0.0967976 0.0302508 0.267903
9.9973E-05 0.142887 0.26833 9.9973E-05 0.101332 0.00727066 9.9973E-05 0.152408 0.327473
9.999E-05 0.0706429 0.241469 0.0821997 0.0979235 0.0553394 0.0969262 0.276378 0.0790205
0.0270577 9.9964E-05 0.614267 0.107964 9.9964E-05 9.9964E-05 0.0857228 0.164588 9.9964E-05
0.170802 0.0851063 0.165869 0.00376994 0.0183997 0.038128 0.12849 0.0143988 0.375037
0.0426756 9.9955E-05 9.9955E-05 9.9955E-05 0.0451648 0.899149 0.0125108 9.9955E-05 9.9955E-05
9.9946E-05 9.9946E-05 9.9946E-05 0.429446 0.14801 9.9946E-05 9.9946E-05 9.9946E-05 0.421944
0.02959 9.9955E-05 9.9955E-05 0.949365 0.00860514 9.9955E-05 0.0119404 9.9955E-05 9.9955E-05
9.9946E-05 0.0452646 0.116671 0.837464 9.9946E-05 9.9946E-05 9.9946E-05 9.9946E-05 9.9946E-05
9.9955E-05 9.9955E-05 9.9955E-05 0.654872 0.0528313 9.9955E-05 0.0584576 9.9955E-05 0.23334
9.9982E-05 0.130807 9.9982E-05 0.269109 0.026395 0.109262 0.0423049 0.114276 0.307646
0.0224911 0.111283 0.186947 0.304555 0.0380308 0.0965007 0.0128894 0.134448 0.0928561
0.0118172 0.00892257 9.9982E-05 0.146759 9.9982E-05 0.220213 0.180172 0.058329 0.373587
0.0422173 9.9964E-05 0.195877 0.0869317 0.0226455 0.651929 9.9964E-05 9.9964E-05 9.9964E-05
9.9964E-05 0.0469423 9.9964E-05 0.314507 0.0510735 9.9964E-05 9.9964E-05 0.3468 0.240277
0.071455 0.140618 9.9973E-05 0.128036 9.9973E-05 0.325469 9.9973E-05 0.249048 0.0850745
9.99639E-05 0.733662 0.120867 0.0916205 0.0145534 9.99639E-05 0.0388971 9.99639E-05 9.99639E-05
0.0318578 9.9973E-05 0.0184228 0.0983917 0.115542 0.473496 9.9973E-05 9.9973E-05 0.261989
0.0788269 0.157314 0.361537 9.9982E-05 0.0781915 9.9982E-05 0.142826 0.0174279 0.163677
9.9973E-05 0.0989616 0.115716 9.9973E-05 0.0404086 0.0725659 9.9973E-05 0.465878 0.206171
0.0141846 9.9937E-05 9.9937E-05 9.9937E-05 9.9937E-05 9.9937E-05 0.985116 9.9937E-05 9.9937E-05
0.0689413 9.9964E-05 0.268431 9.9964E-05 0.00012627 9.9964E-05 9.9964E-05 0.343145 0.318956
9.9955E-05 0.12448 0.133261 0.648052 0.0937076 9.9955E-05 9.9955E-05 9.9955E-05 9.9955E-05
9.9964E-05 0.198871 0.617727 9.9964E-05 0.0903842 0.0907193 0.0018987 9.9964E-05 9.9964E-05
0.0364034 0.142996 9.9964E-05 0.558012 0.0411184 9.9964E-05 9.9964E-05 0.221071 9.9964E-05
9.9973E-05 0.149694 0.0383979 0.459036 9.9973E-05 0.134541 0.0767264 9.9973E-05 0.141305
0.0607422 0.369367 0.0329397 9.9964E-05 9.9964E-05 9.9964E-05 9.9964E-05 0.37637 0.160182
0.0363191 9.99551E-05 9.99551E-05 0.304272 9.99551E-05 9.99551E-05 9.99551E-05 0.270646 0.388263
9.9973E-05 0.0876259 0.0145951 9.9973E-05 0.082501 9.9973E-05 0.368328 0.0178127 0.428837
9.9973E-05 0.0610796 0.478893 0.130855 9.9973E-05 9.9973E-05 0.203317 0.0317875 0.0937682
0.021379 0.204225 0.303483 9.9982E-05 0.0575295 9.9982E-05 0.0689716 0.208964 0.135248
9.993E-05 9.993E-05 9.993E-05 9.993E-05 9.993E-05 9.993E-05 0.999201 9.993E-05 9.993E-05
0.142187 9.9973E-05 0.37464 0.216455 0.062925 9.9973E-05 0.0241469 0.179346 9.9973E-05
0.999201 9.993E-05 9.993E-05 9.993E-05 9.993E-05 9.993E-05 9.993E-05 9.993E-05 9.993E-05
0.0158257 0.190841 0.174215 9.9982E-05 0.0446233 0.508217 0.0227349 0.0433427 9.9982E-05
9.9964E-05 0.106871 0.376285 0.0627683 9.9964E-05 0.326952 9.9964E-05 0.126723 9.9964E-05
9.9973E-05 0.124556 0.0950326 0.164961 9.9973E-05 0.360382 9.9973E-05 0.141869 0.112899
0.00309208 0.103975 0.172009 0.148441 0.0428145 9.9991E-05 0.0297401 0.42822 0.0716074
0.0670582 9.9991E-05 0.354259 0.0257439 0.0770979 0.0345195 0.144738 0.0309758 0.265508
9.9982E-05 0.246586 0.165646 0.243541 0.0434031 9.9982E-05 0.0164536 0.181795 0.102375
0.121225 0.0375479 0.210025 0.203665 0.0463244 0.206119 0.0453653 0.129629 9.9991E-05
9.9973E-05 9.9973E-05 9.9973E-05 0.078404 0.101043 0.0579266 0.0799356 0.124594 0.557797
9.9973E-05 0.100068 0.115921 0.261483 9.9973E-05 0.364769 0.112895 0.0445642 9.9973E-05
9.9973E-05 0.00999869 0.0293841 0.19734 0.0379295 9.9973E-05 0.355708 9.9973E-05 0.36934
0.0194976 0.155662 0.00489157 0.493909 9.9982E-05 0.0121319 0.0983507 9.9982E-05 0.215358
9.9937E-05 9.9937E-05 9.9937E-05 9.9937E-05 9.9937E-05 9.9937E-05 0.991814 0.00748611 9.9937E-05
0.140015 0.150397 0.493888 9.9964E-05 9.9964E-05 0.0880018 9.9964E-05 0.127299 9.9964E-05
0.0160431 0.524627 9.9973E-05 0.084484 0.0544497 9.9973E-05 9.9973E-05 0.00820965 0.311886
9.9964E-05 9.9964E-05 9.9964E-05 0.563909 9.9964E-05 0.18386 0.0748246 0.0950691 0.0819371
0.0105485 0.094351 0.0975375 9.9973E-05 0.058342 0.0513893 9.9973E-05 9.9973E-05 0.687532
0.0627132 0.181746 0.148559 0.129874 0.0647428 9.9973E-05 9.9973E-05 9.9973E-05 0.412065
0.028191 0.0430652 0.108313 0.188716 0.146069 9.9982E-05 0.413541 0.0719049 9.9982E-05
0.0963641 9.9973E-05 0.00117786 0.217557 0.0145957 9.9973E-05 0.136071 9.9973E-05 0.533934
0.0322357 9.9955E-05 0.113211 0.160515 9.9955E-05 0.693539 9.9955E-05 9.9955E-05 9.9955E-05
9.9982E-05 9.9982E-05 0.124663 0.0418304 0.0200072 0.00827942 0.134081 0.224595 0.446344
9.99551E-05 9.99551E-05 0.534639 0.211969 0.0261634 0.226729 9.99551E-05 9.99551E-05 9.99551E-05
9.9973E-05 0.0901856 0.558844 0.0469754 0.0671149 9.9973E-05 9.9973E-05 0.199871 0.0367099
0.0464853 9.9982E-05 0.0339139 0.118294 0.0108945 9.9982E-05 0.0709335 0.428339 0.290941
9.9964E-05 9.9964E-05 9.9964E-05 0.0961907 0.0310492 0.557871 9.9964E-05 0.189479 0.12501
0.102851 0.256358 0.308536 9.9991E-05 0.0583833 0.0165715 0.0574754 0.011871 0.187854
9.9964E-05 0.450661 0.0446186 0.127848 0.0188077 9.9964E-05 9.9964E-05 9.9964E-05 0.357665
9.9982E-05 0.0694767 9.9982E-05 0.54288 0.115906 0.0501603 0.0168953 0.0987499 0.105732
0.0195895 9.9973E-05 0.112627 0.410389 9.9973E-05 0.185382 0.257913 9.9973E-05 0.0137986
9.9964E-05 9.9964E-05 0.351937 0.315382 0.115727 0.0541613 0.162392 9.9964E-05 9.9964E-05
0.0120181 0.146193 0.123441 0.147555 9.9982E-05 0.0255598 9.9982E-05 0.279377 0.265656
0.0247587 9.9991E-05 0.186482 0.190036 0.046508 0.0482655 0.00747421 0.183948 0.312427
9.9937E-05 9.9937E-05 0.133425 9.9937E-05 9.9937E-05 0.865875 9.9937E-05 9.9937E-05 9.9937E-05
9.9973E-05 0.243182 0.0614305 9.9973E-05 0.0203467 0.604665 0.0677309 0.00234487 9.9973E-05
0.0555639 0.193708 0.0420875 0.0751303 0.0671232 0.168888 9.9991E-05 0.0843948 0.313004
0.0141389 9.9964E-05 9.9964E-05 0.686131 0.0268134 9.9964E-05 9.9964E-05 0.121815 0.150702
0.11311 9.9982E-05 9.9982E-05 0.173037 0.0799236 0.171123 0.057267 0.126361 0.27898
0.0638656 9.9955E-05 0.751919 0.164261 0.0194545 9.9955E-05 9.9955E-05 9.9955E-05 9.9955E-05
0.0627172 9.9973E-05 0.124131 0.354146 0.0199937 9.9973E-05 0.10878 0.329933 9.9973E-05
9.9973E-05 0.117359 0.0144685 9.9973E-05 0.0520113 9.9973E-05 0.00529999 0.40329 0.407271
0.074923 9.9973E-05 0.0909076 0.425994 0.0611497 9.9973E-05 0.0997023 0.247024 9.9973E-05
9.99549E-05 0.297114 9.99549E-05 0.188178 0.0853033 9.99549E-05 0.428905 9.99549E-05 9.99549E-05
0.0593287 0.309414 0.0458642 0.236551 0.0556112 0.162595 0.022039 9.9991E-05 0.108497
9.993E-05 9.993E-05 9.993E-05 9.993E-05 0.999201 9.993E-05 9.993E-05 9.993E-05 9.993E-05
0.0578999 0.601657 9.9964E-05 0.278433 0.05965 9.9964E-05 9.9964E-05 9.9964E-05 0.00196015
0.211281 0.287526 9.9973E-05 0.209151 0.00847393 0.230474 9.9973E-05 0.0527938 9.9973E-05
9.9973E-05 9.9973E-05 9.9973E-05 0.0670284 0.0251124 0.521647 0.0214773 0.132129 0.232306
0.11711 0.0980461 9.9982E-05 0.339728 0.0819346 0.341955 9.9982E-05 0.0189715 0.00205378
0.0414701 0.0234758 9.9991E-05 0.0634254 0.139092 0.289791 0.111842 0.0455852 0.285219
9.9982E-05 0.0212052 0.112059 0.167031 0.0453934 9.9982E-05 0.0346581 0.0240409 0.595413
0.0108023 0.0744084 0.0793702 0.16198 0.0540549 0.498378 0.00924692 9.9991E-05 0.111659
0.0254093 0.225743 0.17174 0.0313608 0.0975208 0.229081 0.165574 0.0234306 0.0301409
9.9973E-05 0.1414 0.0656908 0.431795 0.044419 9.9973E-05 9.9973E-05 0.164512 0.151883
9.9982E-05 0.0815574 0.431007 0.323735 0.065156 0.0032927 9.9982E-05 0.0529288 0.0421234
9.9955E-05 0.732014 9.9955E-05 0.0420886 9.9955E-05 9.9955E-05 0.108985 0.116412 9.9955E-05
9.9982E-05 0.0312314 0.2035 0.358552 0.0460722 0.0299416 0.0904596 9.9982E-05 0.240043
0.0297778 0.209716 0.312905 0.402271 9.9964E-05 9.9964E-05 9.9964E-05 9.9964E-05 0.04493
9.993E-05 9.993E-05 9.993E-05 9.993E-05 0.999201 9.993E-05 9.993E-05 9.993E-05 9.993E-05
9.99639E-05 0.0278982 0.141537 9.99639E-05 0.456449 0.312012 9.99639E-05 9.99639E-05 0.0617043
0.0300635 0.181356 0.0404023 0.33012 0.010689 0.280619 0.0516923 0.0749573 9.9991E-05
0.0430498 0.0530311 0.288746 0.0395656 0.0696127 0.00275734 0.0642495 0.438888 9.9991E-05
9.9955E-05 0.675922 9.9955E-05 0.00653554 0.084628 9.9955E-05 9.9955E-05 9.9955E-05 0.232415
9.99819E-05 0.0760723 0.172463 0.0903528 0.0278991 0.191496 9.99819E-05 0.297888 0.143629
0.121434 9.9973E-05 0.140826 0.157174 0.124112 0.343086 9.9973E-05 0.113069 9.9973E-05
9.9955E-05 0.335224 0.346115 9.9955E-05 0.00131574 0.316845 9.9955E-05 9.9955E-05 9.9955E-05
9.9982E-05 0.221289 0.130065 0.169987 0.121321 0.0186939 0.057931 9.9982E-05 0.280512
9.9982E-05 0.00573332 0.178839 0.0536663 9.9982E-05 0.395408 0.0802633 0.0684275 0.217462
0.0597677 9.9982E-05 0.220317 9.9982E-05 0.0243044 0.246589 0.0687187 0.361492 0.0186113
9.9973E-05 0.276895 0.107454 0.26538 0.148567 9.9973E-05 0.0578125 9.9973E-05 0.143591
0.0551764 0.132327 0.212534 0.0528218 9.9982E-05 0.00527277 9.9982E-05 0.0309334 0.510734
9.9973E-05 0.17993 0.0126526 0.276259 0.0474395 0.0989088 9.9973E-05 9.9973E-05 0.38451
0.091844 9.9973E-05 0.119176 0.444348 9.9973E-05 0.074675 0.0205001 9.9973E-05 0.249157
9.9973E-05 0.0208503 0.129397 0.389911 0.0951735 0.325492 9.9973E-05 0.0388769 9.9973E-05
9.9964E-05 0.026963 0.127038 9.9964E-05 9.9964E-05 0.732398 0.104205 9.9964E-05 0.00899651
0.990984 0.00831687 9.9937E-05 9.9937E-05 9.9937E-05 9.9937E-05 9.9937E-05 9.9937E-05 9.9937E-05
0.0008654 0.105676 9.9973E-05 0.291781 9.9973E-05 9.9973E-05 0.114615 0.28289 0.203873
0.00302435 9.9946E-05 0.966566 9.9946E-05 9.9946E-05 9.9946E-05 0.0298104 9.9946E-05 9.9946E-05
0.0182975 0.114995 0.348086 0.0639813 0.0997912 0.0560728 0.0749716 0.213785 0.0100195
9.9982E-05 0.383672 0.0781003 0.0941964 0.0505577 0.159302 9.9982E-05 0.212563 0.0214079
9.99729E-05 0.211814 9.99729E-05 0.0401727 9.99729E-05 0.264638 0.148256 0.270218 0.0646016
0.0240913 0.30544 9.9964E-05 0.0398792 0.0694676 0.560722 9.9964E-05 9.9964E-05 9.9964E-05
0.999201 9.993E-05 9.993E-05 9.993E-05 9.993E-05 9.993E-05 9.993E-05 9.993E-05 9.993E-05
9.9991E-05 0.0243305 0.0812586 0.321168 0.0946533 0.255262 0.0502274 0.172466 0.000533917
0.217611 0.287271 0.36479 9.9973E-05 0.042917 9.9973E-05 0.0151863 9.9973E-05 0.071924
9.99549E-05 0.261032 9.99549E-05 0.467817 9.99549E-05 0.193322 9.99549E-05 0.0773288 9.99549E-05
9.9973E-05 0.208483 0.122514 9.9973E-05 0.0193512 0.248016 0.0636565 9.9973E-05 0.337679
