9.99731E-05 0.359315 0.214129 9.99731E-05 0.0753377 0.191878 0.15904 9.99731E-05
9.9982E-05 0.0317562 0.245933 0.165668 0.0252611 0.148293 9.9982E-05 0.382889
0.132692 9.99732E-05 0.115567 9.99732E-05 0.252371 0.461666 9.99732E-05 0.0374039
9.99553E-05 9.99553E-05 9.99553E-05 0.115468 0.15086 0.733173 9.99553E-05 9.99553E-05
9.99731E-05 0.0780943 0.0439407 9.99731E-05 0.275066 0.229261 9.99731E-05 0.373338
0.157586 0.0490821 9.99731E-05 9.99731E-05 0.138806 0.616335 0.0378908 9.99731E-05
9.998E-05 0.0660347 9.998E-05 0.0773582 0.159963 0.142748 0.158941 0.394756
9.99642E-05 0.192307 0.082496 9.99642E-05 9.99642E-05 0.652558 9.99642E-05 0.072239
0.0402742 9.99553E-05 9.99553E-05 0.881481 0.0777453 9.99553E-05 9.99553E-05 9.99553E-05
0.271669 9.99642E-05 0.215222 9.99642E-05 9.99642E-05 0.138964 0.373745 9.99642E-05
0.150516 0.0954431 0.216476 9.9991E-05 0.195534 0.244344 0.0951121 0.00247569
9.99731E-05 0.0695478 0.036763 0.610771 9.99731E-05 0.0909783 9.99731E-05 0.19164
9.99641E-05 9.99641E-05 0.283399 0.205013 9.99641E-05 0.496582 0.0146062 9.99641E-05
9.99731E-05 0.0593362 9.99731E-05 0.0440183 9.99731E-05 0.405991 0.328277 0.162077
9.99642E-05 0.0492838 0.0399495 0.67163 9.99642E-05 0.238737 9.99642E-05 9.99642E-05
9.99553E-05 9.99553E-05 9.99553E-05 9.99553E-05 0.377528 0.525345 9.99553E-05 0.0966269
0.00525884 9.99821E-05 0.0745473 0.357451 0.0993467 0.398481 9.99821E-05 0.0647153
0.165432 9.99821E-05 9.99821E-05 0.10588 0.157552 0.148247 0.222178 0.200512
9.99642E-05 0.0170775 0.535935 0.192361 9.99642E-05 0.254226 9.99642E-05 9.99642E-05
9.99552E-05 9.99552E-05 9.99552E-05 9.99552E-05 9.99552E-05 0.792334 0.202368 0.00479819
0.248095 9.99462E-05 9.99462E-05 9.99462E-05 9.99462E-05 9.99462E-05 0.751305 9.99462E-05
9.99551E-05 0.261223 0.731843 9.99551E-05 0.00643404 9.99551E-05 9.99551E-05 9.99551E-05
9.99551E-05 9.99551E-05 9.99551E-05 0.3468 0.240152 0.412548 9.99551E-05 9.99551E-05
0.148665 9.9973E-05 9.9973E-05 0.106902 0.475396 9.9973E-05 0.0431147 0.225623
0.153972 0.236363 9.99731E-05 9.99731E-05 0.320222 0.143085 0.146058 9.99731E-05
9.9982E-05 0.45359 0.00611853 0.097338 0.280482 0.0109217 0.151349 9.9982E-05
0.0124185 0.0240873 0.523082 0.0746563 0.00944986 9.9991E-05 0.239925 0.116282
9.99642E-05 0.0947806 0.413389 9.99642E-05 9.99642E-05 0.205125 9.99642E-05 0.286305
0.162634 9.99641E-05 0.219791 9.99641E-05 9.99641E-05 0.566973 9.99641E-05 0.0502022
9.99553E-05 9.99553E-05 0.00760973 0.124715 0.867175 9.99553E-05 9.99553E-05 9.99553E-05
0.11913 0.235093 9.99641E-05 9.99641E-05 9.99641E-05 9.99641E-05 0.040185 0.605192
9.99821E-05 0.0287103 9.99821E-05 0.212159 0.0107447 0.557056 0.131615 0.0595151
0.14103 9.99642E-05 0.562083 9.99642E-05 0.0750165 9.99642E-05 0.221471 9.99642E-05
9.99642E-05 0.148752 0.231334 0.0232274 9.99642E-05 0.596287 9.99642E-05 9.99642E-05
9.9973E-05 0.149407 9.9973E-05 9.9973E-05 0.344138 0.422783 0.0150401 0.0683318
9.99463E-05 9.99463E-05 9.99463E-05 9.99463E-05 9.99463E-05 0.126332 0.873068 9.99463E-05
0.0367442 0.185824 0.110916 9.99731E-05 9.99731E-05 0.0165073 9.99731E-05 0.649708
0.276173 9.99552E-05 0.379505 9.99552E-05 0.343822 9.99552E-05 9.99552E-05 9.99552E-05
0.0383049 0.136526 9.9991E-05 0.335352 0.0411383 0.286472 0.0215332 0.140573
0.0503748 9.99731E-05 9.99731E-05 0.190607 0.0111967 0.712263 9.99731E-05 0.0352587
0.0168164 9.99821E-05 0.376508 9.99821E-05 0.292304 0.00789838 0.0697262 0.236547
0.0228243 9.99731E-05 9.99731E-05 0.503479 0.0860134 9.99731E-05 0.38035 0.00703326
0.0738971 0.154637 0.169999 9.99731E-05 9.99731E-05 0.299842 0.301325 9.99731E-05
0.011195 0.100732 9.99821E-05 0.434248 0.109199 0.332941 9.99821E-05 0.0114852
9.999E-05 0.106837 0.17642 0.135155 0.086409 0.364226 0.0321689 0.098683
0.0278952 0.0402327 9.99821E-05 0.252513 9.99821E-05 0.612564 0.0496164 0.0169785
9.99641E-05 9.99641E-05 9.99641E-05 0.226653 0.16225 0.410038 0.200659 9.99641E-05
0.0137069 9.9982E-05 0.126596 0.141883 9.9982E-05 0.319119 0.30343 0.0950645
9.99732E-05 0.174544 0.249179 0.197235 9.99732E-05 0.222111 0.156631 9.99732E-05
9.99731E-05 0.351364 9.99731E-05 9.99731E-05 0.018266 0.47782 0.0866768 0.0655739
9.99551E-05 0.314653 9.99551E-05 9.99551E-05 0.173111 0.511736 9.99551E-05 9.99551E-05
0.310908 9.9982E-05 0.0267311 0.0973208 9.9982E-05 0.220281 0.20986 0.134699
9.9964E-05 9.9964E-05 0.381121 0.188464 0.300962 0.129053 9.9964E-05 9.9964E-05
0.183402 0.140237 9.99642E-05 9.99642E-05 0.0545741 0.621387 9.99642E-05 9.99642E-05
0.00311945 0.269503 9.99821E-05 0.105123 9.99821E-05 0.174098 0.160054 0.287902
9.99552E-05 0.506878 0.299832 9.99552E-05 9.99552E-05 9.99552E-05 9.99552E-05 0.192789
9.998E-05 0.389318 0.0460318 0.136282 0.273163 0.0894273 9.998E-05 0.0655777
9.997E-05 9.997E-05 0.110895 0.230199 9.997E-05 0.190146 0.174737 0.293723
0.0817474 0.339933 9.9973E-05 0.209827 9.9973E-05 0.241995 9.9973E-05 0.126196
0.0498598 0.180876 0.0234192 0.0984056 9.9991E-05 0.130209 0.501453 0.0156773
0.165316 0.0759728 0.262025 9.99731E-05 0.0158012 0.480584 9.99731E-05 9.99731E-05
9.99641E-05 9.99641E-05 9.99641E-05 0.473913 0.172766 9.99641E-05 0.193513 0.159407
9.9964E-05 9.9964E-05 0.56659 0.338131 9.9964E-05 0.0463524 9.9964E-05 0.0485266
9.99553E-05 9.99553E-05 9.99553E-05 9.99553E-05 0.656373 0.284904 0.0582227 9.99553E-05
9.99821E-05 0.476048 0.0450609 0.128154 0.147663 0.180288 0.0225869 9.99821E-05
9.99642E-05 9.99642E-05 0.488126 9.99642E-05 0.0221603 0.352001 0.137313 9.99642E-05
9.9973E-05 0.0441109 9.9973E-05 0.0402447 0.200499 0.544639 0.170207 9.9973E-05
9.9982E-05 0.0444458 0.159839 0.492017 0.039739 0.192715 9.9982E-05 0.071044
9.99641E-05 0.520924 0.169817 0.248773 9.99641E-05 0.060085 9.99641E-05 9.99641E-05
0.0916778 0.235017 0.242877 9.99731E-05 0.0369096 9.99731E-05 0.393218 9.99731E-05
0.121756 9.99731E-05 9.99731E-05 0.277279 9.99731E-05 0.334085 0.0463833 0.220197
9.996E-05 9.996E-05 0.188251 0.447071 0.192926 9.996E-05 0.171352 9.996E-05
9.99554E-05 9.99554E-05 0.0366322 9.99554E-05 9.99554E-05 0.36018 9.99554E-05 0.602688
9.99731E-05 0.384287 0.13782 0.107937 9.99731E-05 0.147863 9.99731E-05 0.221793
9.99553E-05 9.99553E-05 9.99553E-05 9.99553E-05 0.278149 0.585668 9.99553E-05 0.135683
9.99731E-05 0.0663994 9.99731E-05 0.267757 9.99731E-05 0.338025 0.117122 0.210397
9.99554E-05 0.356347 9.99554E-05 0.537112 0.106041 9.99554E-05 9.99554E-05 9.99554E-05
0.267214 9.99641E-05 0.278674 9.99641E-05 9.99641E-05 0.0524384 9.99641E-05 0.401274
0.28863 0.185874 0.269584 0.0307302 9.9982E-05 0.125721 9.9982E-05 0.0992604
0.060009 9.99731E-05 0.0660464 0.0470514 9.99731E-05 0.47025 9.99731E-05 0.356343
9.99553E-05 9.99553E-05 0.0277584 9.99553E-05 9.99553E-05 0.621743 9.99553E-05 0.349999
0.181097 0.254096 0.210402 0.0720498 9.99821E-05 0.194104 0.0880514 9.99821E-05
0.0239073 0.124247 0.0489567 9.99732E-05 9.99732E-05 0.0543645 0.748225 9.99732E-05
0.0827621 0.294963 0.470316 9.99731E-05 0.0730966 0.0785629 9.99731E-05 9.99731E-05
9.99731E-05 9.99731E-05 9.99731E-05 0.20147 0.141663 0.285701 0.280792 0.0900743
9.99641E-05 9.99641E-05 0.0749535 0.296862 9.99641E-05 0.438835 0.18895 9.99641E-05
0.00641667 9.99821E-05 0.445033 9.99821E-05 0.0031226 0.14755 0.281093 0.116584
9.99731E-05 9.99731E-05 0.0487282 0.136333 0.463399 0.312052 9.99731E-05 0.0391874
0.167607 0.280371 0.339702 9.99731E-05 0.204132 0.00788808 9.99731E-05 9.99731E-05
0.0513885 0.178999 0.697473 9.99731E-05 9.99731E-05 0.047173 0.0246659 9.99731E-05
9.99464E-05 0.283187 9.99464E-05 9.99464E-05 0.716213 9.99464E-05 9.99464E-05 9.99464E-05
9.99642E-05 0.0589791 9.99642E-05 9.99642E-05 0.0137862 0.0422258 0.884609 9.99642E-05
9.99642E-05 9.99642E-05 0.0811739 0.0499225 0.134193 9.99642E-05 0.73431 9.99642E-05
0.38995 9.99731E-05 0.0626412 9.99731E-05 0.0445692 0.340174 0.162366 9.99731E-05
9.9973E-05 9.9973E-05 0.556051 0.209366 9.9973E-05 0.0960583 0.10284 0.0353843
0.0405902 9.99551E-05 9.99551E-05 0.332714 9.99551E-05 0.626196 9.99551E-05 9.99551E-05
0.00164454 9.9982E-05 0.213454 0.141169 0.223162 0.181711 0.23866 9.9982E-05
9.99551E-05 9.99551E-05 9.99551E-05 0.736518 9.99551E-05 0.140016 0.122966 9.99551E-05
9.99641E-05 0.131271 9.99641E-05 9.99641E-05 0.516998 0.33578 0.0155514 9.99641E-05
9.9973E-05 9.9973E-05 0.230869 9.9973E-05 0.53198 0.0757773 0.118161 0.0429133
9.997E-05 0.129881 0.0567865 0.155666 0.219505 9.997E-05 9.997E-05 0.437862
0.0784492 9.99553E-05 9.99553E-05 9.99553E-05 0.919265 9.99553E-05 9.99553E-05 0.00178593
0.219397 9.99642E-05 0.559408 9.99642E-05 0.0834515 9.99642E-05 9.99642E-05 0.137343
0.964844 9.99462E-05 9.99462E-05 9.99462E-05 0.0345561 9.99462E-05 9.99462E-05 9.99462E-05
9.99552E-05 9.99552E-05 0.0218037 0.163496 9.99552E-05 0.814201 9.99552E-05 9.99552E-05
9.99731E-05 0.0712086 9.99731E-05 0.592252 0.132445 0.152178 0.0516169 9.99731E-05
9.99731E-05 0.233528 0.0671003 9.99731E-05 9.99731E-05 0.236495 0.366676 0.0959014
0.144291 0.166239 0.0724597 9.99821E-05 0.0147051 0.483237 9.99821E-05 0.118868
9.99552E-05 0.770936 9.99552E-05 0.123443 9.99552E-05 9.99552E-05 0.105122 9.99552E-05
0.417486 0.0570627 0.0957394 9.99821E-05 0.162994 0.00586377 0.260654 9.99821E-05
9.99642E-05 9.99642E-05 9.99642E-05 0.149444 0.335867 9.99642E-05 0.381646 0.132643
9.99821E-05 0.559102 9.99821E-05 0.0363844 0.0728215 0.251215 0.0313971 0.0488801
9.99552E-05 0.297226 9.99552E-05 9.99552E-05 0.575908 9.99552E-05 0.126366 9.99552E-05
0.0831565 0.255262 0.280649 9.99642E-05 9.99642E-05 0.380532 9.99642E-05 9.99642E-05
9.994E-05 9.994E-05 9.994E-05 9.994E-05 0.9993 9.994E-05 9.994E-05 9.994E-05
0.281963 9.99464E-05 9.99464E-05 0.717437 9.99464E-05 9.99464E-05 9.99464E-05 9.99464E-05
9.99552E-05 9.99552E-05 0.130865 0.1909 9.99552E-05 0.677735 9.99552E-05 9.99552E-05
9.99552E-05 9.99552E-05 0.709162 9.99552E-05 9.99552E-05 0.272352 9.99552E-05 0.0179864
9.9964E-05 0.394786 0.27696 9.9964E-05 0.183207 9.9964E-05 9.9964E-05 0.144647
0.118392 0.0852055 9.9982E-05 9.9982E-05 0.0103607 0.485861 0.159129 0.140851
9.99641E-05 9.99641E-05 0.196738 0.254347 0.493018 0.055497 9.99641E-05 9.99641E-05
0.0316983 9.9982E-05 9.9982E-05 0.143699 0.25495 0.359389 0.158768 0.0512955
0.0423355 0.173116 9.99552E-05 9.99552E-05 9.99552E-05 0.784049 9.99552E-05 9.99552E-05
0.038421 0.144135 9.99731E-05 0.282729 9.99731E-05 0.0444076 0.490008 9.99731E-05
0.0386093 9.99642E-05 9.99642E-05 0.444165 0.170522 0.346303 9.99642E-05 9.99642E-05
9.9982E-05 0.0743629 0.0585557 0.642913 0.129986 9.9982E-05 0.0668526 0.0271302
9.99732E-05 9.99732E-05 0.118484 0.0902126 0.145041 0.0264513 0.619511 9.99732E-05
0.0412345 0.380255 0.0148812 0.19337 9.9982E-05 0.292816 9.9982E-05 0.0772426
0.298929 9.99642E-05 9.99642E-05 9.99642E-05 0.19885 0.216124 0.285697 9.99642E-05
0.088846 0.00747561 9.99821E-05 0.232553 0.285115 0.181941 0.203869 9.99821E-05
0.0740229 9.99553E-05 9.99553E-05 0.721162 9.99553E-05 9.99553E-05 0.204315 9.99553E-05
0.0727669 0.0405894 9.999E-05 0.157737 0.114383 0.340706 0.253406 0.0203109
0.0967119 9.99731E-05 0.204659 0.327459 9.99731E-05 0.21216 9.99731E-05 0.158711
0.303275 9.99821E-05 0.0992543 0.145255 9.99821E-05 0.215964 0.0509705 0.185082
0.244913 9.99731E-05 0.325013 9.99731E-05 9.99731E-05 0.0632872 0.321426 0.0450608
0.0013835 0.56358 9.99642E-05 9.99642E-05 9.99642E-05 0.170853 0.263784 9.99642E-05
0.00207785 0.883196 9.99641E-05 9.99641E-05 9.99641E-05 9.99641E-05 0.0713054 0.0430214
0.0515589 0.633044 9.99642E-05 9.99642E-05 0.244992 0.0700059 9.99642E-05 9.99642E-05
0.157174 0.131685 0.0314143 0.574063 9.99732E-05 9.99732E-05 9.99732E-05 0.105363
9.99642E-05 0.486929 9.99642E-05 0.0499461 0.0571238 0.405601 9.99642E-05 9.99642E-05
0.156547 9.99732E-05 0.0392441 9.99732E-05 0.0515998 0.438849 9.99732E-05 0.31346
0.265582 9.99821E-05 0.154912 0.22318 0.160767 0.0162683 0.179091 9.99821E-05
0.1174 0.0165525 0.305908 0.12518 9.9991E-05 0.0569837 0.351491 0.0263834
0.270168 0.00432418 0.601262 0.113286 9.99732E-05 9.99732E-05 0.0106599 9.99732E-05
9.99731E-05 9.99731E-05 0.0152884 0.174634 0.665246 0.135888 0.00864303 9.99731E-05
9.9982E-05 0.247404 0.0245147 0.222277 0.151059 0.301023 0.0535224 9.9982E-05
9.994E-05 9.994E-05 9.994E-05 9.994E-05 9.994E-05 9.994E-05 9.994E-05 0.9993
0.106828 9.99732E-05 0.190296 9.99732E-05 0.0416955 0.646773 0.0141086 9.99732E-05
0.0430028 0.062589 9.99821E-05 9.99821E-05 0.179844 0.148366 0.489407 0.0765914
9.99463E-05 9.99463E-05 9.99463E-05 0.497722 9.99463E-05 9.99463E-05 9.99463E-05 0.501679
0.10509 0.186498 0.394038 0.0184062 9.99821E-05 0.245558 9.99821E-05 0.0502102
9.99642E-05 9.99642E-05 0.395956 0.242269 9.99642E-05 0.305946 9.99642E-05 0.0554286
9.9991E-05 0.447403 0.182976 0.0111384 0.0427111 0.19827 0.0565734 0.0608276
9.99821E-05 0.438946 0.0714817 0.187724 0.129282 0.148808 9.99821E-05 0.0235575
9.99642E-05 0.201616 9.99642E-05 9.99642E-05 0.262144 9.99642E-05 0.14034 0.395499
0.146214 9.996E-05 9.996E-05 0.329027 9.996E-05 0.311054 0.213305 9.996E-05
0.323329 9.99731E-05 9.99731E-05 9.99731E-05 0.0593156 0.404953 0.0923613 0.119741
0.138632 0.303205 0.26096 9.99822E-05 9.99822E-05 0.175505 0.0751276 0.0463709
9.99731E-05 0.621856 9.99731E-05 0.0786898 0.0708327 0.176214 9.99731E-05 0.0521073
0.108238 0.0589766 0.209141 0.253203 0.294328 9.9982E-05 0.0759145 9.9982E-05
9.99551E-05 9.99551E-05 9.99551E-05 0.010275 9.99551E-05 9.99551E-05 0.00545458 0.983771
9.99821E-05 0.172278 0.345965 0.106116 9.99821E-05 0.198997 0.123856 0.0525879
9.99552E-05 9.99552E-05 0.167834 9.99552E-05 9.99552E-05 0.782161 9.99552E-05 0.0495052
9.9991E-05 0.0171676 0.0848754 0.456547 0.0188403 0.0764664 0.0601404 0.285863
9.99555E-05 9.99555E-05 0.605406 0.167327 9.99555E-05 0.226767 9.99555E-05 9.99555E-05
9.99821E-05 0.0105311 0.127685 0.109175 0.136328 0.368805 0.247277 9.99821E-05
0.112228 0.416913 0.217537 9.99821E-05 0.0471681 0.168218 0.0377359 9.99821E-05
9.99464E-05 0.74817 9.99464E-05 0.25123 9.99464E-05 9.99464E-05 9.99464E-05 9.99464E-05
9.99643E-05 9.99643E-05 9.99643E-05 0.0259656 9.99643E-05 0.464357 0.0421204 0.467157
0.0553834 9.9991E-05 0.0102288 0.262209 0.193755 0.387926 0.0557368 0.0346611
0.0770364 0.494549 9.99642E-05 0.384904 0.0431103 9.99642E-05 9.99642E-05 9.99642E-05
0.00950612 0.405305 0.0485257 9.99731E-05 9.99731E-05 0.454406 9.99731E-05 0.0819576
0.0980145 9.99552E-05 9.99552E-05 0.666868 9.99552E-05 0.234617 9.99552E-05 9.99552E-05
9.99642E-05 9.99642E-05 0.0303399 9.99642E-05 0.207938 0.631289 0.130034 9.99642E-05
9.99731E-05 0.428812 0.0496153 0.1758 0.196762 0.148712 9.99731E-05 9.99731E-05
9.996E-05 0.519427 0.0676729 9.996E-05 9.996E-05 0.316681 0.0958194 9.996E-05
9.99821E-05 0.0422303 0.184777 0.250927 0.246775 0.0794112 0.195679 9.99821E-05
0.929316 0.0309973 9.99552E-05 9.99552E-05 9.99552E-05 9.99552E-05 0.0391866 9.99552E-05
0.0310122 0.140057 9.99821E-05 0.182907 0.227309 9.99821E-05 0.311671 0.106844
9.99553E-05 9.99553E-05 0.390804 0.100829 9.99553E-05 0.507867 9.99553E-05 9.99553E-05
9.99641E-05 0.0198144 0.197934 9.99641E-05 9.99641E-05 9.99641E-05 0.663003 0.118848
0.136203 0.0905645 0.0979113 0.162695 9.9991E-05 0.123121 0.227006 0.162399
9.99731E-05 0.198926 9.99731E-05 0.175471 0.190879 0.202642 0.231781 9.99731E-05
9.99643E-05 0.312845 0.10348 9.99643E-05 0.0316247 0.551651 9.99643E-05 9.99643E-05
0.992988 0.00641268 9.9946E-05 9.9946E-05 9.9946E-05 9.9946E-05 9.9946E-05 9.9946E-05
9.99732E-05 0.180481 0.151859 0.251925 9.99732E-05 0.337893 9.99732E-05 0.0775424
9.99642E-05 0.0373583 0.091028 0.242363 9.99642E-05 0.62885 9.99642E-05 9.99642E-05
0.0926148 9.997E-05 0.0498464 9.997E-05 0.160234 0.432923 9.997E-05 0.264082
0.128573 9.9973E-05 9.9973E-05 9.9973E-05 0.257179 0.343071 0.157162 0.113715
