9.9982E-05 0.0306105 0.000518641 0.00905723 0.0686003 0.139098 9.9982E-05 0.751915
0.0642852 0.0521544 0.200528 9.9991E-05 0.00966594 0.277405 0.207529 0.188333
0.161709 0.0594459 0.266787 0.0164962 0.0778864 9.9991E-05 0.110936 0.306639
0.0721603 9.9982E-05 0.408408 0.0465301 0.0912563 0.201866 9.9982E-05 0.179579
0.0570689 9.9991E-05 0.478011 0.137023 0.14079 0.0133747 0.117548 0.0560851
9.999E-05 0.0936909 0.389982 0.0464776 0.127466 0.0744548 0.248 0.0198298
0.103337 0.00125878 0.0760187 0.121166 9.9991E-05 0.0485888 0.0179775 0.631553
0.0761948 9.9991E-05 0.032949 0.0694845 0.00628332 0.328554 0.212979 0.273456
0.0427592 0.207582 0.058721 0.0581616 0.0961866 0.0760223 0.252045 0.208522
0.153664 0.272197 9.9991E-05 0.0562929 0.247331 0.0464548 0.112809 0.111151
9.9982E-05 0.223473 0.0878898 0.0127347 0.122056 0.00536001 0.548287 9.9982E-05
9.9964E-05 0.667029 0.00412123 0.033574 9.9964E-05 9.9964E-05 0.294876 9.9964E-05
0.0830699 0.0484219 0.174485 0.131366 0.206646 9.9991E-05 0.128027 0.227884
0.0451096 0.0425511 0.0239243 0.0766713 0.172878 9.9991E-05 0.253205 0.385562
9.9964E-05 9.9964E-05 0.0273441 0.0773611 9.9964E-05 0.0657646 0.82913 9.9964E-05
0.10713 9.9991E-05 0.105005 0.106701 0.0677527 0.446044 0.0369839 0.130284
9.9955E-05 9.9955E-05 9.9955E-05 9.9955E-05 0.0953209 0.0195442 0.884635 9.9955E-05
0.198963 0.020812 0.117643 0.134198 0.136371 0.0026686 0.199206 0.190139
9.9973E-05 0.361856 9.9973E-05 0.0626153 9.9973E-05 0.063445 0.244243 0.267541
0.0309829 0.140385 0.41572 0.0274059 0.0825093 0.0912252 9.9991E-05 0.211672
0.00336696 0.141074 0.122547 0.109057 0.0997523 0.0515457 0.0869918 0.385665
9.999E-05 0.194549 0.0632977 0.0420654 0.0764282 0.0636077 0.42352 0.136432
9.9982E-05 0.111597 0.362359 0.0700555 0.117066 9.9982E-05 0.107719 0.231004
0.191881 0.24327 0.217897 0.0457581 9.9982E-05 0.00926775 9.9982E-05 0.291727
9.9964E-05 0.122148 9.9964E-05 0.0187703 0.166522 9.9964E-05 0.69216 9.9964E-05
0.00396463 9.9973E-05 9.9973E-05 9.9973E-05 0.020445 0.0804898 0.320533 0.574268
0.173617 0.279842 9.9991E-05 0.0842807 0.145336 0.0459006 0.171442 0.0994821
0.180316 9.9991E-05 0.080588 0.00547655 0.0687148 0.0733977 0.307003 0.284404
0.135198 9.9982E-05 0.127252 9.9982E-05 0.11737 0.0329378 0.320972 0.26607
0.640114 9.99729E-05 0.0164668 0.0114787 9.99729E-05 0.084622 9.99729E-05 0.247019
0.0254917 0.261342 0.300932 0.00672453 0.0316921 9.9982E-05 0.373618 9.9982E-05
0.00599377 0.753376 9.9982E-05 0.0560041 0.07381 0.0567696 0.0538464 9.9982E-05
0.0706699 9.9982E-05 0.291474 0.036655 9.9982E-05 0.0947501 0.279933 0.226317
9.9982E-05 0.191104 0.200883 0.0746411 0.0742762 9.9982E-05 0.340718 0.118178
9.9982E-05 0.164589 0.102069 0.0623571 0.129624 9.9982E-05 0.430436 0.110726
9.9946E-05 9.9946E-05 9.9946E-05 0.063695 9.9946E-05 9.9946E-05 9.9946E-05 0.935705
9.9964E-05 9.9964E-05 0.626972 9.9964E-05 0.151621 9.9964E-05 0.01736 0.203647
0.00858801 0.297926 9.9982E-05 9.9982E-05 0.216419 0.0379694 0.241672 0.197226
0.123315 0.0250659 0.290668 0.0625457 0.0647144 0.0767426 0.356848 9.9991E-05
9.999E-05 0.144079 0.00670008 0.106348 0.070496 0.263264 0.358915 0.0500988
0.0194083 0.262876 0.157074 0.0654621 0.0922094 0.07687 0.163147 0.162953
9.9982E-05 0.0982987 0.374899 0.106065 0.121925 0.276999 0.021614 9.9982E-05
0.10595 0.0530734 0.195701 0.0621215 0.0630604 0.125527 0.0719784 0.322589
0.0945037 0.377066 0.130924 9.9973E-05 9.9973E-05 9.9973E-05 0.0360707 0.361136
9.9973E-05 0.74573 9.9973E-05 0.0990263 0.0706187 0.0125047 9.9973E-05 0.0718201
9.9991E-05 0.283695 0.151904 0.0398524 0.177733 9.9991E-05 0.207824 0.138791
0.00896275 0.138004 0.53937 9.9991E-05 0.00173774 0.0093436 0.0263713 0.276111
0.0213885 0.321229 0.435904 0.0459635 9.9973E-05 0.175215 9.9973E-05 9.9973E-05
0.148428 0.467163 0.020564 0.0503719 0.0282791 0.036981 0.19177 0.0564419
0.174188 9.9964E-05 9.9964E-05 9.9964E-05 9.9964E-05 0.308066 0.320486 0.19686
0.0301925 0.191909 9.9991E-05 0.145264 0.14981 0.082701 0.183101 0.216922
0.0952857 0.173945 0.299221 0.0530543 0.0207385 0.312275 9.9991E-05 0.0453797
0.0816586 9.9973E-05 0.142655 0.0208793 0.0484851 0.706022 9.9973E-05 9.9973E-05
0.15326 9.9982E-05 9.9982E-05 0.0485226 0.31078 0.158183 0.184025 0.14503
9.9946E-05 0.864596 9.9946E-05 9.9946E-05 9.9946E-05 0.134804 9.9946E-05 9.9946E-05
9.9973E-05 9.9973E-05 0.500716 0.0445852 0.0236797 9.9973E-05 0.280449 0.15027
9.99641E-05 0.664827 9.99641E-05 0.0211265 0.0812008 0.232446 9.99641E-05 9.99641E-05
0.026763 0.510765 0.278235 0.0486593 0.0700814 9.9982E-05 9.9982E-05 0.0652961
0.0357147 0.433269 0.108615 0.0639655 0.015415 0.165229 0.177691 9.9991E-05
9.999E-05 0.421515 0.159083 0.0158972 0.156664 0.00329397 0.0900772 0.153369
0.0310545 9.9973E-05 0.905459 0.0237964 0.00331736 9.9973E-05 9.9973E-05 0.036073
9.999E-05 0.0376593 0.439274 0.11981 0.0758958 0.00109663 0.308198 0.0179659
9.9964E-05 9.9964E-05 0.245601 0.025651 9.9964E-05 9.9964E-05 0.600582 0.127766
0.838117 9.9946E-05 9.9946E-05 0.161283 9.9946E-05 9.9946E-05 9.9946E-05 9.9946E-05
0.0601705 9.9982E-05 0.105845 9.9982E-05 0.207023 0.154953 0.0376257 0.434183
9.9973E-05 9.9973E-05 0.00969071 0.0801094 0.0283746 0.0643957 9.9973E-05 0.81713
9.9982E-05 0.103691 0.174541 0.0302279 0.203066 0.0318484 9.9982E-05 0.456426
0.159383 9.9973E-05 0.278609 0.0570374 9.9973E-05 9.9973E-05 0.378598 0.126072
0.0892609 9.9964E-05 0.36574 9.9964E-05 9.9964E-05 9.9964E-05 0.219209 0.32539
0.141762 0.0358099 0.121909 0.0580983 0.172151 0.201206 0.0646453 0.204419
0.0817846 0.51831 0.212212 0.0242824 0.163112 9.9973E-05 9.9973E-05 9.9973E-05
0.0118353 0.00663905 9.9991E-05 0.12204 0.047255 0.149863 0.476912 0.185356
0.135101 0.118297 0.111141 0.0927412 0.0827014 0.011258 0.275698 0.173061
0.107214 0.17128 0.154057 9.9982E-05 0.0387494 0.14513 0.383369 9.9982E-05
0.165307 0.170284 9.9982E-05 9.9982E-05 0.280747 0.00512564 0.188089 0.190247
0.0448928 0.522803 9.9973E-05 0.0702702 0.0393099 0.322424 9.9973E-05 9.9973E-05
0.00832696 0.177908 0.378169 0.160735 0.0866666 9.9991E-05 0.15901 0.0290836
0.0472486 9.9973E-05 0.876753 0.0515561 0.00992068 0.0142219 9.9973E-05 9.9973E-05
9.99459E-05 9.99459E-05 0.867552 9.99459E-05 9.99459E-05 0.131849 9.99459E-05 9.99459E-05
0.141707 0.0915586 0.588317 0.0772964 0.0593625 9.9991E-05 0.00145429 0.0402037
0.0510864 0.138663 0.345983 0.0289397 0.0721809 0.0997586 0.000463105 0.262925
0.040824 9.9982E-05 0.466447 0.0468251 0.0955292 9.9982E-05 0.23667 0.113505
0.180516 0.359835 0.250958 9.9982E-05 0.110688 0.0153118 9.9982E-05 0.0824919
0.107342 9.9973E-05 0.423576 0.0415535 9.9973E-05 0.340007 0.0872213 9.9973E-05
9.9973E-05 0.281161 0.200881 0.0419825 9.9973E-05 9.9973E-05 0.0826438 0.393031
9.9973E-05 0.356397 0.184777 9.9973E-05 0.0914367 0.153811 9.9973E-05 0.213278
9.99549E-05 9.99549E-05 9.99549E-05 0.0776246 9.99549E-05 9.99549E-05 0.200295 0.721581
9.99731E-05 0.327787 0.38561 0.0738384 0.0697987 9.99731E-05 0.142666 9.99731E-05
0.189109 0.00301636 9.9991E-05 0.0500396 0.168507 0.0779034 0.388177 0.123148
9.9982E-05 0.411628 9.9982E-05 0.0591234 0.0592054 0.0410279 0.105089 0.323726
0.9993 9.994E-05 9.994E-05 9.994E-05 9.994E-05 9.994E-05 9.994E-05 9.994E-05
0.011723 0.39314 9.9982E-05 0.0156869 0.153442 9.9982E-05 0.254907 0.170901
9.9982E-05 9.9982E-05 0.666267 0.12868 0.00141462 0.0226394 0.155986 0.0248127
0.019035 0.0588487 9.9982E-05 0.0573344 9.9982E-05 0.217746 0.532657 0.114179
9.9973E-05 9.9973E-05 0.51494 0.0796938 0.0572495 9.9973E-05 0.0867225 0.261094
0.0926646 9.9991E-05 0.362636 0.0181175 0.05009 0.128596 0.0896855 0.25811
9.9964E-05 0.270222 9.9964E-05 9.9964E-05 0.18996 0.124035 9.9964E-05 0.415383
9.9982E-05 0.189669 0.417847 0.00989347 0.10116 9.9982E-05 0.166516 0.114715
0.488228 9.9982E-05 0.0875949 0.0961092 0.0329678 9.9982E-05 0.144654 0.150246
0.217444 0.106164 0.0590979 9.9973E-05 9.9973E-05 9.9973E-05 0.491293 0.125701
0.126918 0.162382 9.9973E-05 0.0272399 9.9973E-05 9.9973E-05 0.427503 0.255658
0.9993 9.994E-05 9.994E-05 9.994E-05 9.994E-05 9.994E-05 9.994E-05 9.994E-05
0.0316122 9.9982E-05 0.0863968 0.0816895 0.135858 0.139761 0.524483 9.9982E-05
9.994E-05 9.994E-05 9.994E-05 9.994E-05 0.9993 9.994E-05 9.994E-05 9.994E-05
0.0629364 0.0887436 0.125429 0.0550853 0.105804 0.395617 0.0339332 0.132452
9.9964E-05 9.9964E-05 0.198264 9.9964E-05 9.9964E-05 0.341432 0.283569 0.176335
9.9973E-05 0.152199 0.374768 9.9973E-05 9.9973E-05 0.136302 0.107108 0.229324
0.00321847 0.296274 0.18385 0.0216332 0.14205 0.145423 9.9991E-05 0.207452
0.130881 0.24712 0.0965572 0.0449179 0.0605402 0.0522483 0.367635 9.9991E-05
9.9973E-05 0.355241 0.172772 0.0564847 9.9973E-05 9.9973E-05 0.163317 0.251886
9.9982E-05 9.9982E-05 0.286805 0.0434103 0.137407 0.0929806 0.28123 0.157966
0.127777 0.461062 0.0517822 0.114012 0.096209 9.9991E-05 0.0784614 0.0705959
0.0697615 0.12795 0.287664 0.0367607 0.076635 0.401028 9.9982E-05 9.9982E-05
0.454653 9.9991E-05 0.275634 0.049466 0.0787188 0.00143877 0.112043 0.0279468
0.032126 0.269205 0.151319 0.00070312 0.0936183 0.0905669 0.166433 0.196028
0.9993 9.994E-05 9.994E-05 9.994E-05 9.994E-05 9.994E-05 9.994E-05 9.994E-05
9.9982E-05 0.0413334 0.0134455 9.9982E-05 0.256779 0.0147307 0.44557 0.227941
9.9973E-05 0.135461 9.9973E-05 0.0635534 0.0602639 0.0674052 9.9973E-05 0.673016
0.110088 0.205093 0.68432 9.9955E-05 9.9955E-05 9.9955E-05 9.9955E-05 9.9955E-05
9.9973E-05 0.306429 9.9973E-05 0.0579119 0.01915 9.9973E-05 0.442233 0.173976
9.9982E-05 9.9982E-05 0.0703264 0.0905855 0.167054 0.0977306 0.311144 0.262959
0.377976 9.9982E-05 0.289925 0.113185 0.0561462 9.9982E-05 0.136077 0.0264905
0.0181567 0.131096 0.0765896 0.0696476 0.255619 0.0586769 0.340111 0.050103
9.9982E-05 0.0648195 0.384895 0.00456464 0.0441739 0.323072 0.178275 9.9982E-05
0.0340255 0.593438 0.0912246 0.121964 0.0603115 9.9982E-05 0.0988366 9.9982E-05
9.99641E-05 0.0925425 0.262016 0.0293495 9.99641E-05 9.99641E-05 0.615692 9.99641E-05
0.0511684 0.163819 9.9982E-05 0.0275894 9.9982E-05 0.135001 0.503184 0.119038
0.147269 0.34627 0.105069 9.9982E-05 0.0791107 9.9982E-05 0.118571 0.203511
9.9973E-05 0.362279 0.403125 0.0297134 9.9973E-05 0.176958 9.9973E-05 0.0276246
0.0758077 0.423042 9.9991E-05 0.0477545 0.0246751 0.11061 0.191583 0.126428
0.0201815 9.9973E-05 0.0650059 0.0241824 9.9973E-05 9.9973E-05 0.223128 0.667202
0.0156584 0.075157 0.509287 0.218991 9.9973E-05 9.9973E-05 9.9973E-05 0.180607
0.300517 9.99551E-05 0.597183 9.99551E-05 9.99551E-05 9.99551E-05 0.101801 9.99551E-05
0.186324 0.00285247 0.196371 0.114882 0.0714921 0.235242 0.192736 9.9991E-05
0.0822795 0.0232197 0.206707 0.0186474 0.130704 9.9991E-05 0.187229 0.351113
0.0579375 0.186277 0.339667 0.0574224 0.0388801 9.9982E-05 0.319616 9.9982E-05
9.99459E-05 9.99459E-05 0.0565596 9.99459E-05 9.99459E-05 0.942841 9.99459E-05 9.99459E-05
9.994E-05 9.994E-05 9.994E-05 9.994E-05 9.994E-05 0.9993 9.994E-05 9.994E-05
0.0216766 0.391759 0.213578 0.0573151 0.0657031 9.9982E-05 9.9982E-05 0.249769
0.0189702 0.106987 0.679238 0.0647442 0.114122 9.9982E-05 0.0157386 9.9982E-05
0.096423 0.18631 0.425568 0.0577964 0.215268 9.9982E-05 9.9982E-05 0.0184348
0.0122015 0.00660255 0.160019 0.0201471 0.080649 0.0729407 0.647341 9.9991E-05
0.108786 0.222778 0.25115 9.9982E-05 0.0719208 9.9982E-05 0.301701 0.0434651
0.0517645 0.493872 9.9982E-05 0.0681385 0.0222613 9.9982E-05 0.194095 0.169669
0.0772806 9.9991E-05 0.519971 0.116668 0.073418 0.0860606 0.0601508 0.0663513
0.515053 9.9973E-05 0.0785489 0.0967944 0.0671388 9.9973E-05 9.9973E-05 0.242165
9.9982E-05 0.254163 0.116449 0.0207776 0.147184 9.9982E-05 0.169877 0.291349
9.994E-05 9.994E-05 9.994E-05 0.9993 9.994E-05 9.994E-05 9.994E-05 9.994E-05
9.9973E-05 0.0128077 0.199849 0.120842 0.226543 9.9973E-05 9.9973E-05 0.439658
9.9973E-05 9.9973E-05 0.209302 0.00838292 0.185741 0.383312 9.9973E-05 0.212963
9.9982E-05 0.540774 0.224914 0.0235801 0.0147306 0.0173196 0.178481 9.9982E-05
9.9973E-05 0.0701512 0.538635 0.116393 0.175045 0.0994766 9.9973E-05 9.9973E-05
0.117541 0.182588 0.12021 0.200609 0.124013 0.126995 9.9991E-05 0.127943
0.106395 0.44127 9.9982E-05 9.9982E-05 0.0471948 0.0539573 0.199765 0.151218
9.9973E-05 0.333224 0.312304 0.0488395 9.9973E-05 9.9973E-05 0.182655 0.122678
0.192045 9.9991E-05 0.119262 0.0865132 0.0929122 0.153273 0.128269 0.227626
0.00151458 0.206777 0.425729 0.0887377 0.0341924 0.0426315 0.0598671 0.140551
0.212812 0.0122721 0.132454 0.0285821 0.0980142 0.0293178 0.237346 0.249202
0.0998465 9.9955E-05 9.9955E-05 9.9955E-05 9.9955E-05 0.0205149 9.9955E-05 0.879139
0.148439 0.103671 0.284399 0.0814797 0.0114546 0.0935045 0.242887 0.0341662
9.9973E-05 9.9973E-05 0.460654 0.0299766 0.0437589 9.9973E-05 0.367995 0.0973159
9.994E-05 9.994E-05 9.994E-05 0.9993 9.994E-05 9.994E-05 9.994E-05 9.994E-05
9.9991E-05 0.0189936 0.0466949 0.384171 0.0683015 0.0733918 0.262456 0.145891
0.0824743 0.0565083 0.348431 9.9973E-05 0.144122 0.368165 9.9973E-05 9.9973E-05
0.0665983 0.297714 0.0503203 0.0430373 0.0880307 0.13297 0.127902 0.193428
9.99551E-05 0.160303 9.99551E-05 0.131539 9.99551E-05 9.99551E-05 9.99551E-05 0.707658
9.9982E-05 0.155157 0.136178 9.9982E-05 0.0114367 0.118401 0.261929 0.316698
9.9991E-05 0.214455 0.195174 0.06971 0.0939694 0.0604989 0.283894 0.0821977
9.994E-05 9.994E-05 9.994E-05 9.994E-05 9.994E-05 0.9993 9.994E-05 9.994E-05
0.132452 9.9973E-05 0.346896 0.0869014 9.9973E-05 9.9973E-05 0.12485 0.3086
0.0460977 0.55275 0.0509306 9.9982E-05 9.9982E-05 0.109552 0.152685 0.0877842
0.0947207 0.216733 9.9982E-05 0.0313065 0.119267 0.259829 0.277944 9.9982E-05
0.244248 9.9991E-05 0.368127 0.0903165 0.0552786 0.0608905 0.107416 0.0736246
9.9973E-05 0.478847 9.9973E-05 9.9973E-05 0.0215358 0.229831 0.114838 0.154648
9.9991E-05 0.172871 0.261555 0.127642 0.000834656 0.116146 0.128467 0.192384
9.9982E-05 0.130768 0.515464 0.019531 0.0847149 0.0278908 0.221431 9.9982E-05
9.9982E-05 0.226299 0.550673 0.0759431 0.00746303 0.00786706 0.131555 9.9982E-05
9.9982E-05 0.251972 9.9982E-05 0.036138 0.0272045 0.429328 0.206059 0.0490986
9.994E-05 9.994E-05 9.994E-05 9.994E-05 0.9993 9.994E-05 9.994E-05 9.994E-05
0.113981 0.562671 0.0733109 0.0189094 0.0637092 0.0450864 0.0301051 0.0922268
9.994E-05 9.994E-05 9.994E-05 9.994E-05 9.994E-05 9.994E-05 0.9993 9.994E-05
0.133178 0.0522095 0.0659456 0.123345 0.0796894 0.115128 0.269249 0.161256
9.9982E-05 0.273758 0.0451372 0.0272346 0.0792016 0.210017 9.9982E-05 0.364451
0.167824 0.0170501 0.147362 9.9973E-05 9.9973E-05 0.110369 9.9973E-05 0.557095
9.9973E-05 9.9973E-05 0.351276 0.056931 0.0449826 0.298086 9.9973E-05 0.248424
9.994E-05 9.994E-05 9.994E-05 9.994E-05 0.9993 9.994E-05 9.994E-05 9.994E-05
0.0845996 0.105467 0.3234 0.103842 9.9991E-05 0.0646371 0.193403 0.124552
0.0651082 0.00329346 9.9991E-05 0.0407544 0.262283 0.110596 0.261765 0.2561
9.99639E-05 9.99639E-05 0.63204 0.0307703 9.99639E-05 0.0724686 9.99639E-05 0.264322
0.0621778 0.403796 0.0250708 0.0764351 9.9991E-05 0.104621 0.148524 0.179275
