0.249567 0.111894 0.638538
0.140636 0.244475 0.614889
0.48689 9.99911E-05 0.51301
0.465357 0.000274353 0.534369
0.197588 0.279029 0.523383
0.388666 0.111833 0.499501
0.0421565 0.279219 0.678625
0.0940273 0.0427544 0.863218
0.104227 0.580403 0.31537
0.369144 0.630756 9.99911E-05
0.392235 0.488063 0.119702
9.99911E-05 0.624289 0.375611
0.109369 0.149552 0.741079
0.171201 0.32684 0.501959
9.99911E-05 0.330979 0.668921
0.255459 0.21778 0.526761
0.135644 0.149601 0.714756
0.251996 0.410541 0.337463
0.0378944 0.257573 0.704533
0.127907 9.9991E-05 0.871993
0.509913 0.489987 9.99911E-05
0.176895 0.434064 0.389041
0.403591 0.0514632 0.544946
0.870045 9.9991E-05 0.129855
0.71668 0.106001 0.177319
0.357416 0.336213 0.30637
0.250871 0.749029 9.9991E-05
9.99911E-05 0.220006 0.779894
9.999E-05 9.999E-05 0.9998
0.9998 9.999E-05 9.999E-05
9.99911E-05 0.583269 0.416631
9.99911E-05 0.304217 0.695683
0.443569 0.480964 0.0754673
0.0401928 0.207613 0.752194
0.498527 0.0646825 0.436791
0.226474 0.529952 0.243574
0.0991025 0.240426 0.660472
0.649761 0.0808755 0.269363
0.211005 0.275284 0.513711
0.21526 9.9991E-05 0.78464
0.304459 0.695441 9.99911E-05
0.188809 0.811091 9.99911E-05
0.266036 0.423694 0.31027
0.229374 0.213891 0.556734
0.226991 0.30537 0.467639
0.0556368 0.193344 0.75102
0.030064 0.356372 0.613564
0.0728159 0.789218 0.137966
0.0833442 0.464845 0.451811
0.171621 0.0935271 0.734852
0.349726 9.9991E-05 0.650174
0.50749 0.360878 0.131632
0.415764 0.373378 0.210858
0.09436 9.99911E-05 0.90554
9.99911E-05 0.609788 0.390112
9.99911E-05 0.761318 0.238582
0.431031 0.356933 0.212036
9.99911E-05 0.828333 0.171567
9.9991E-05 0.578234 0.421666
0.281769 0.466053 0.252178
0.129813 0.0315336 0.838653
0.253479 0.746421 9.9991E-05
9.9991E-05 0.905478 0.0944217
0.74668 0.000313695 0.253006
0.130032 0.333842 0.536126
0.248381 0.562528 0.189092
0.388538 0.0467239 0.564738
0.0202406 0.5666 0.413159
9.9991E-05 0.249005 0.750895
0.454192 0.246314 0.299494
9.99911E-05 0.445064 0.554836
0.132266 0.867634 9.9991E-05
9.99911E-05 0.468694 0.531206
9.99911E-05 0.570948 0.428952
0.127742 9.99911E-05 0.872158
9.9991E-05 0.596337 0.403563
0.206413 0.236415 0.557172
0.282815 0.565629 0.151556
0.163822 0.184312 0.651866
9.9991E-05 0.139169 0.860731
9.99911E-05 0.250835 0.749065
0.383708 0.215054 0.401238
0.0909014 0.369437 0.539662
0.251726 0.0103284 0.737945
0.22951 0.543778 0.226712
0.159713 0.422004 0.418283
0.145149 0.496052 0.358799
0.685097 0.314803 9.9991E-05
0.299162 0.0682943 0.632544
0.198272 0.278374 0.523354
0.9998 9.999E-05 9.999E-05
0.402919 0.559342 0.0377389
0.282386 0.717514 9.99911E-05
0.513625 0.153712 0.332663
0.151981 0.814415 0.0336039
9.9991E-05 0.328536 0.671364
0.443807 0.38771 0.168483
9.9991E-05 0.591715 0.408185
0.563526 0.0250331 0.411441
0.730858 0.226682 0.0424598
0.243201 0.749267 0.00753261
0.9998 9.999E-05 9.999E-05
0.60322 0.39668 9.99911E-05
0.766297 9.99911E-05 0.233603
9.9991E-05 0.0606577 0.939242
0.300159 0.337058 0.362783
0.0646897 0.293955 0.641356
0.18661 0.113012 0.700378
0.0590944 0.124649 0.816256
0.520864 9.99911E-05 0.479036
0.38329 0.364241 0.252469
0.119626 9.99911E-05 0.880274
0.770652 9.99911E-05 0.229248
0.0862993 9.99911E-05 0.913601
0.9998 9.999E-05 9.999E-05
9.99911E-05 0.388981 0.610919
0.0478796 0.084817 0.867303
0.0483628 0.532556 0.419081
0.243934 0.20375 0.552316
0.261559 9.9991E-05 0.738341
0.774918 0.0789815 0.1461
0.366824 0.122658 0.510518
0.0535934 9.9991E-05 0.946307
0.105726 0.540924 0.35335
0.252932 0.299239 0.447829
0.0850978 0.516129 0.398773
0.412273 0.587627 9.99911E-05
0.0597755 0.113361 0.826864
0.503312 9.99911E-05 0.496588
0.416432 0.134298 0.449269
0.132429 0.776258 0.0913135
0.245201 0.338429 0.41637
9.99911E-05 0.59712 0.40278
9.9991E-05 0.20326 0.79664
0.218004 0.612839 0.169157
0.0648174 9.99911E-05 0.935083
9.999E-05 9.999E-05 0.9998
0.0183657 9.99911E-05 0.981534
0.139699 0.430513 0.429789
0.220786 9.99911E-05 0.779114
0.219501 0.134719 0.64578
0.523965 0.231668 0.244367
9.99911E-05 0.438225 0.561675
0.481923 0.517977 9.99911E-05
0.759751 0.112537 0.127712
0.124642 0.025281 0.850077
9.999E-05 0.9998 9.999E-05
0.248552 0.0835628 0.667885
0.450676 0.38243 0.166893
9.99911E-05 0.73399 0.26591
9.99911E-05 0.272094 0.727806
9.9991E-05 0.661783 0.338117
9.9991E-05 0.271529 0.728371
0.0570503 0.290599 0.652351
0.509706 0.30932 0.180974
9.99911E-05 0.381135 0.618765
0.252588 9.99911E-05 0.747312
0.175003 0.70498 0.120017
9.999E-05 9.999E-05 0.9998
0.368908 0.0766416 0.55445
9.999E-05 0.9998 9.999E-05
9.9991E-05 0.638258 0.361642
0.0352275 0.237627 0.727146
9.99911E-05 0.715155 0.284745
9.99911E-05 0.885461 0.114439
0.370919 0.17001 0.459071
9.99911E-05 0.295391 0.704509
9.999E-05 9.999E-05 0.9998
0.064876 0.614757 0.320367
0.205511 0.296345 0.498144
0.164638 9.99911E-05 0.835262
9.99911E-05 0.112972 0.886928
9.99911E-05 0.184991 0.814909
0.414513 0.277861 0.307627
0.163959 0.0741549 0.761886
9.99911E-05 0.228195 0.771705
0.306347 0.411113 0.28254
0.507368 0.171974 0.320658
0.3127 0.285613 0.401688
9.99911E-05 0.684669 0.315231
0.00840816 0.991492 9.99911E-05
0.124823 0.659632 0.215546
0.448101 0.352271 0.199628
0.0258748 0.0215298 0.952595
0.383275 9.99911E-05 0.616625
9.99911E-05 0.413238 0.586662
0.0423773 0.129804 0.827819
0.230859 9.99911E-05 0.769041
0.478869 0.0528418 0.468289
