0.234261 0.0277841 0.00976702 0.104016 0.566954 0.0530943 9.9973E-05 9.9973E-05 9.9973E-05 0.00382307
0.194031 0.0350358 0.125233 0.0483019 0.0190551 0.235367 0.0695343 0.0482708 0.225071 9.9991E-05
0.229202 9.99729E-05 0.128229 0.316305 0.158777 9.99729E-05 0.0762151 9.99729E-05 0.0743765 0.0165958
0.0586433 0.0872276 9.9982E-05 0.146817 0.210754 0.0587379 0.0798129 9.9982E-05 0.317828 0.03998
0.233367 0.015048 9.9964E-05 9.9964E-05 9.9964E-05 0.230758 9.9964E-05 0.134448 0.356591 0.0293873
0.619351 0.0903564 9.9973E-05 9.9973E-05 0.0808095 0.0242551 9.9973E-05 0.0438232 0.125017 0.0160873
0.0582972 0.0816951 9.9991E-05 0.157975 0.391781 0.0311325 0.075007 0.0186013 0.176252 0.00915893
0.125314 9.9991E-05 0.167451 0.175884 0.217422 0.0206754 0.0136036 0.102613 0.140298 0.0366392
0.199758 0.0194305 0.0531412 0.418589 0.176398 9.9973E-05 0.083654 9.9973E-05 9.9973E-05 0.0487292
0.0386472 0.253087 9.9973E-05 0.216367 0.125593 9.9973E-05 0.165946 0.100149 9.9973E-05 0.0999103
9.99639E-05 0.134586 0.00550921 0.503804 9.99639E-05 9.99639E-05 9.99639E-05 0.169728 0.161129 0.0248427
0.148359 9.99549E-05 9.99549E-05 0.521839 0.0782443 9.99549E-05 0.0431195 0.207939 9.99549E-05 9.99549E-05
0.130612 0.0443876 9.9973E-05 9.9973E-05 0.0839466 0.0370335 9.9973E-05 0.238256 0.364395 0.10107
0.153892 0.070394 9.9982E-05 0.0955523 0.253704 0.0146711 0.0267037 0.321231 9.9982E-05 0.0636515
0.0519568 9.99369E-05 9.99369E-05 9.99369E-05 9.99369E-05 9.99369E-05 9.99369E-05 0.928282 9.99369E-05 0.0190618
0.220161 0.00162472 0.359557 0.0927809 0.121758 0.00751217 0.115667 9.9982E-05 9.9982E-05 0.0807396
9.99279E-05 0.077081 9.99279E-05 9.99279E-05 9.99279E-05 9.99279E-05 9.99279E-05 0.92212 9.99279E-05 9.99279E-05
0.0288986 0.00675964 0.160384 9.9982E-05 0.268265 0.0945949 0.108683 9.9982E-05 0.196183 0.136032
0.0441145 9.9973E-05 9.9973E-05 0.218602 0.199477 0.197471 9.9973E-05 0.106484 0.184898 0.0486533
9.9973E-05 0.026621 0.13252 0.105444 0.0915241 9.9973E-05 0.163434 9.9973E-05 0.437294 0.0428635
0.0692984 0.0827171 0.00537174 0.29519 0.200611 9.9982E-05 0.0369393 9.9982E-05 0.232026 0.0776473
9.9973E-05 0.0012139 0.0534834 9.9973E-05 0.148889 0.306979 9.9973E-05 0.328918 0.125782 0.0344342
0.335781 9.997E-05 0.0195156 0.0906067 0.0417857 0.18563 9.997E-05 9.997E-05 0.171241 0.155141
0.276524 9.9964E-05 0.214965 9.9964E-05 0.129075 0.0463347 0.118085 9.9964E-05 0.214616 9.9964E-05
9.995E-05 0.159325 9.995E-05 0.439122 9.995E-05 0.0720858 9.995E-05 0.2753 9.995E-05 0.0536669
9.9946E-05 0.0440187 9.9946E-05 9.9946E-05 0.363481 9.9946E-05 9.9946E-05 0.295556 0.296345 9.9946E-05
9.9982E-05 0.036467 0.154603 0.247335 0.200462 0.0148022 0.182746 0.0622141 9.9982E-05 0.101171
0.101592 0.01925 0.0970147 0.292409 0.174636 9.9991E-05 0.141577 0.122481 0.0408789 0.0100608
0.403694 0.0560167 9.9973E-05 0.0153926 0.0252887 9.9973E-05 0.124509 0.243706 0.131092 9.9973E-05
0.17348 9.99639E-05 0.0897528 9.99639E-05 0.078092 9.99639E-05 0.52462 0.129244 0.00441031 9.99639E-05
9.9964E-05 0.0827056 0.081281 0.256832 9.9964E-05 9.9964E-05 0.0115655 0.171186 0.39603 9.9964E-05
9.9973E-05 0.00626073 0.0234316 0.786265 0.0137053 0.0743422 0.0661561 9.9973E-05 9.9973E-05 0.0295393
0.284907 9.9991E-05 0.00735776 0.0178322 0.113871 0.0579646 0.0588902 0.109875 0.228465 0.120738
0.169289 0.0669487 0.137991 0.104569 9.99729E-05 9.99729E-05 9.99729E-05 0.116517 0.358457 0.0459268
0.293546 0.0585353 9.9982E-05 0.0640861 0.202738 0.0109281 9.9982E-05 0.109799 0.205722 0.0544451
9.99201E-05 9.99201E-05 9.99201E-05 9.99201E-05 0.999101 9.99201E-05 9.99201E-05 9.99201E-05 9.99201E-05 9.99201E-05
0.712933 0.119168 9.9937E-05 9.9937E-05 0.167199 9.9937E-05 9.9937E-05 9.9937E-05 9.9937E-05 9.9937E-05
9.997E-05 0.118461 9.997E-05 0.24441 0.254266 0.0546198 0.124993 0.202689 9.997E-05 0.000261281
0.738123 0.0354699 0.0098905 9.9964E-05 0.0230723 9.9964E-05 0.0374456 0.155599 9.9964E-05 9.9964E-05
0.115431 0.0399087 0.103851 0.308116 9.9982E-05 0.0916198 9.9982E-05 0.0578716 0.186097 0.0969045
9.9973E-05 0.0612138 0.0212469 9.9973E-05 0.0144843 0.268676 9.9973E-05 0.22911 0.390618 0.0143511
0.166382 0.0834201 0.179626 9.9982E-05 0.119992 0.0567695 0.00877496 9.9982E-05 0.281021 0.103815
0.523642 9.9955E-05 0.0606041 9.9955E-05 0.224837 0.0861383 9.9955E-05 9.9955E-05 9.9955E-05 0.104279
0.0279821 9.9973E-05 9.9973E-05 0.245917 0.365017 0.129271 0.0449826 0.0889335 0.0975979 9.9973E-05
0.0577281 9.9973E-05 0.0849068 0.602594 0.0460805 9.9973E-05 0.0747398 0.0693875 9.9973E-05 0.064263
0.314425 0.164677 9.9964E-05 0.359203 0.0461669 9.9964E-05 9.9964E-05 0.101362 9.9964E-05 0.0137657
0.0743314 9.9973E-05 0.0799932 0.293067 9.9973E-05 0.104692 0.0684041 9.9973E-05 0.348035 0.031177
0.538752 9.9964E-05 0.0283554 0.0953053 9.9964E-05 0.0740258 0.0609173 9.9964E-05 0.202244 9.9964E-05
9.9973E-05 9.9973E-05 0.11398 0.0312156 9.9973E-05 0.315076 0.0474013 0.0581206 0.346397 0.0875097
0.16752 9.9973E-05 0.116013 0.114037 9.9973E-05 0.185017 0.0985782 0.276998 9.9973E-05 0.0415374
9.999E-05 0.105451 0.039909 0.115836 0.14758 0.0222368 0.0626541 0.292472 0.0827513 0.131011
0.34156 9.9973E-05 0.0814349 0.302218 9.9973E-05 0.0410481 0.0583622 9.9973E-05 0.0796672 0.0954093
0.107554 9.9973E-05 0.41203 0.188364 0.122744 9.9973E-05 0.0576047 9.9973E-05 0.0780062 0.0333969
0.350323 0.118432 0.210028 0.113245 0.0718713 9.9973E-05 0.11597 0.0198312 9.9973E-05 9.9973E-05
9.99201E-05 9.99201E-05 9.99201E-05 9.99201E-05 9.99201E-05 0.999101 9.99201E-05 9.99201E-05 9.99201E-05 9.99201E-05
0.440433 9.996E-05 9.996E-05 0.140945 0.0389286 9.996E-05 0.0914777 9.996E-05 0.136721 0.151094
9.99201E-05 9.99201E-05 9.99201E-05 9.99201E-05 9.99201E-05 0.999101 9.99201E-05 9.99201E-05 9.99201E-05 9.99201E-05
9.99369E-05 9.99369E-05 9.99369E-05 9.99369E-05 9.99369E-05 0.806902 9.99369E-05 9.99369E-05 0.140963 0.0514353
0.0911222 0.0994533 0.0848509 0.283059 9.9991E-05 0.0170586 0.0384267 0.119568 0.244242 0.0221193
0.378146 0.106835 0.0151449 0.362685 0.0714952 9.9973E-05 9.9973E-05 0.0555966 9.9973E-05 0.00979762
9.99201E-05 9.99201E-05 9.99201E-05 9.99201E-05 9.99201E-05 9.99201E-05 9.99201E-05 9.99201E-05 0.999101 9.99201E-05
9.996E-05 0.0971676 0.0635699 9.996E-05 9.996E-05 0.086962 9.996E-05 0.125745 0.479486 0.14667
0.298534 9.9973E-05 0.0423396 0.0846764 9.9973E-05 9.9973E-05 0.0549805 0.146439 0.287875 0.0848554
9.9928E-05 9.9928E-05 9.9928E-05 9.9928E-05 9.9928E-05 9.9928E-05 0.86412 9.9928E-05 9.9928E-05 0.135081
0.136751 0.153824 0.0909276 0.0158206 0.420911 9.9964E-05 9.9964E-05 9.9964E-05 0.181367 9.9964E-05
9.9928E-05 9.9928E-05 0.0645119 9.9928E-05 0.934689 9.9928E-05 9.9928E-05 9.9928E-05 9.9928E-05 9.9928E-05
0.481913 0.0598725 9.997E-05 9.997E-05 0.25554 0.071338 0.0592123 9.997E-05 0.00283149 0.0689927
0.434744 9.9973E-05 0.0596667 0.182879 9.9973E-05 0.023877 0.0377138 0.207891 9.9973E-05 0.0529278
9.99515E-05 9.99515E-05 9.99515E-05 9.99515E-05 0.203028 9.99515E-05 0.101333 0.0770852 0.609069 0.00898544
9.9982E-05 0.0313372 0.172851 0.124635 0.151012 9.9982E-05 0.135076 0.0152339 0.293671 0.0759836
0.508776 0.13588 9.9946E-05 9.9946E-05 9.9946E-05 0.297215 0.0575287 9.9946E-05 9.9946E-05 9.9946E-05
0.1359 9.9973E-05 0.106403 9.9973E-05 0.223184 0.0371445 9.9973E-05 0.402444 0.0138564 0.080768
0.0791902 0.0496044 9.9991E-05 0.0326412 0.134241 0.0728302 0.0304496 0.359285 0.167732 0.0739267
0.523872 0.017896 0.0785804 0.00279759 9.9991E-05 0.135615 0.0472113 0.114456 0.0578907 0.0215813
0.202332 0.129766 0.140981 9.9973E-05 9.9973E-05 0.0286346 0.166164 0.322642 0.00918141 9.9973E-05
0.0733141 0.0793006 0.270315 0.463642 9.9955E-05 9.9955E-05 9.9955E-05 0.112928 9.9955E-05 9.9955E-05
0.56211 0.0131371 9.9964E-05 0.186492 9.9964E-05 0.0893879 0.010596 9.9964E-05 9.9964E-05 0.137877
9.9946E-05 0.0665232 0.0303532 9.9946E-05 9.9946E-05 9.9946E-05 9.9946E-05 9.9946E-05 0.888778 0.0137456
9.99201E-05 9.99201E-05 9.99201E-05 9.99201E-05 9.99201E-05 9.99201E-05 9.99201E-05 9.99201E-05 0.999101 9.99201E-05
0.153155 9.9955E-05 9.9955E-05 9.9955E-05 9.9955E-05 9.9955E-05 0.0859408 0.112308 0.603982 0.0441143
0.163433 0.0525941 9.9991E-05 0.0601417 0.0460314 0.0790217 0.0605016 0.0821893 0.417815 0.0381729
0.0850314 0.0135601 9.9973E-05 0.177255 0.16673 9.9973E-05 0.00207481 0.0887506 0.466298 9.9973E-05
0.143386 0.0541695 0.0946274 0.305744 9.9973E-05 0.0843679 0.120842 9.9973E-05 0.196563 9.9973E-05
0.262458 0.0567043 0.222815 0.165743 9.9973E-05 9.9973E-05 0.00206682 9.9973E-05 0.202611 0.0873027
0.614218 9.9973E-05 9.9973E-05 9.9973E-05 0.046308 0.125648 0.00466562 0.0216456 0.107177 0.080038
9.996E-05 0.0538291 0.0464654 0.203963 0.0421174 0.245606 9.996E-05 9.996E-05 0.407619 9.996E-05
0.0898051 9.99459E-05 9.99459E-05 9.99459E-05 0.829672 9.99459E-05 9.99459E-05 0.061254 9.99459E-05 0.0186689
9.99461E-05 0.0555276 9.99461E-05 0.840967 9.99461E-05 9.99461E-05 9.99461E-05 0.10239 9.99461E-05 0.000516151
0.172488 0.0725747 9.9973E-05 9.9973E-05 0.194818 0.0930498 0.15661 0.240846 9.9973E-05 0.0693133
9.996E-05 9.996E-05 0.0222984 0.652929 0.0440416 0.144573 9.996E-05 9.996E-05 0.0779478 0.0578098
9.99369E-05 0.012645 9.99369E-05 9.99369E-05 0.00894589 9.99369E-05 0.97771 9.99369E-05 9.99369E-05 9.99369E-05
0.0697325 0.0823623 0.0800232 0.35865 9.9973E-05 0.0569041 9.9973E-05 0.337856 9.9973E-05 0.0141719
9.996E-05 9.996E-05 0.0212766 0.217334 0.060379 9.996E-05 0.0166089 9.996E-05 0.640705 0.0432966
9.9973E-05 9.9973E-05 0.169601 0.0360154 0.111631 0.0560147 0.00888358 0.526504 9.9973E-05 0.0910502
9.9964E-05 0.0313379 0.00299835 9.9964E-05 0.0693551 0.0784609 9.9964E-05 9.9964E-05 0.791264 0.0261843
0.381918 0.0525341 0.0433108 9.9973E-05 0.141122 9.9973E-05 0.0568998 0.0312067 0.292708 9.9973E-05
0.0136081 0.0688831 0.0558616 0.101642 0.216364 0.47919 9.9973E-05 9.9973E-05 0.0641511 9.9973E-05
0.561939 0.106213 9.99461E-05 0.173109 9.99461E-05 0.158139 9.99461E-05 9.99461E-05 9.99461E-05 9.99461E-05
9.995E-05 9.995E-05 9.995E-05 0.114693 0.196217 9.995E-05 0.279159 0.311952 9.995E-05 0.0974791
9.99549E-05 9.99549E-05 9.99549E-05 9.99549E-05 0.0911846 0.130569 0.244349 0.0885512 0.444846 9.99549E-05
0.0777554 9.99729E-05 9.99729E-05 0.173302 0.203974 0.114718 0.0557185 0.249444 0.124788 9.99729E-05
9.99279E-05 9.99279E-05 9.99279E-05 9.99279E-05 9.99279E-05 0.0219345 0.977266 9.99279E-05 9.99279E-05 9.99279E-05
0.257584 0.125614 9.9982E-05 0.0429594 9.9982E-05 0.0656102 0.0679672 0.300403 0.0550957 0.0845662
9.99279E-05 0.991875 9.99279E-05 9.99279E-05 0.00732532 9.99279E-05 9.99279E-05 9.99279E-05 9.99279E-05 9.99279E-05
9.9973E-05 0.0889742 0.11654 0.369059 0.177078 9.9973E-05 0.0215046 0.1853 9.9973E-05 0.0412444
9.99639E-05 9.99639E-05 0.1839 0.19885 0.199574 0.131831 9.99639E-05 0.247717 0.0377289 9.99639E-05
0.225308 9.997E-05 0.0963458 0.173264 0.102682 0.0568059 0.00300789 0.342287 9.997E-05 9.997E-05
0.0318641 0.0390357 9.9973E-05 0.203071 0.15186 0.00398308 0.0541682 9.9973E-05 0.515718 9.9973E-05
0.33624 0.0166974 0.0897414 9.9973E-05 9.9973E-05 0.0875884 0.173992 0.260353 0.0350879 9.9973E-05
0.128204 9.9982E-05 9.9982E-05 0.0231107 0.197293 0.100701 0.0629089 0.0999491 0.340859 0.0467739
0.511125 0.0714297 0.00829984 9.997E-05 0.0946638 9.997E-05 9.997E-05 0.214784 0.0494465 0.0499507
9.9964E-05 0.0894236 9.9964E-05 0.435929 9.9964E-05 9.9964E-05 0.122793 0.109742 0.161996 0.0797167
9.9982E-05 0.0516597 0.140823 0.253132 0.0192508 0.0643296 0.0422783 9.9982E-05 0.413419 0.0149069
0.226593 0.0226329 9.9973E-05 0.0234264 9.9973E-05 9.9973E-05 0.380864 0.122079 0.202402 0.0217034
0.508195 0.0217248 0.0677899 9.999E-05 0.141747 0.102058 0.0736421 0.0159323 0.059479 0.00933184
9.9928E-05 9.9928E-05 9.9928E-05 0.0706194 9.9928E-05 9.9928E-05 0.928581 9.9928E-05 9.9928E-05 9.9928E-05
0.0634833 0.17859 0.0875441 0.28083 0.022738 0.00125231 9.9982E-05 0.25392 0.111442 9.9982E-05
0.117084 9.9973E-05 9.9973E-05 0.053718 0.424148 0.150306 9.9973E-05 0.0398866 0.128329 0.086228
0.587574 0.0670812 0.0426826 0.0193553 9.9982E-05 0.104992 0.0429822 9.9982E-05 0.131074 0.00405837
9.9964E-05 0.0444923 9.9964E-05 0.275818 0.203847 9.9964E-05 0.104336 0.29065 9.9964E-05 0.0804572
0.525025 9.9973E-05 0.0142687 0.00996651 0.164494 9.9973E-05 0.122788 0.108741 9.9973E-05 0.0544166
0.518527 9.9964E-05 0.00908686 9.9964E-05 0.0504019 9.9964E-05 0.301813 0.0204483 9.9964E-05 0.0993233
0.495716 0.0367903 9.9964E-05 9.9964E-05 9.9964E-05 0.0986974 0.212108 0.0781625 9.9964E-05 0.0781259
0.417272 0.0476858 0.175032 0.226852 9.9955E-05 9.9955E-05 9.9955E-05 9.9955E-05 0.132659 9.9955E-05
0.132294 0.0095286 9.9982E-05 0.0625329 9.9982E-05 0.379412 0.111394 0.0376857 0.224676 0.0422757
0.619023 9.99371E-05 9.99371E-05 0.0361715 9.99371E-05 9.99371E-05 9.99371E-05 0.344106 9.99371E-05 9.99371E-05
0.0276256 9.9982E-05 0.0317096 0.464002 0.0800994 0.0676655 9.9982E-05 0.253109 0.019008 0.056581
0.0207846 0.0607531 9.9973E-05 9.9973E-05 0.0562909 0.330124 0.116619 9.9973E-05 0.408523 0.00660517
0.205294 9.9955E-05 0.0213453 0.578685 9.9955E-05 9.9955E-05 9.9955E-05 9.9955E-05 0.192697 0.00147909
9.9982E-05 0.0543338 0.0471548 0.243913 0.151038 0.116177 0.18616 9.9982E-05 0.185895 0.0151277
0.161559 9.9964E-05 9.9964E-05 0.114997 0.541282 9.9964E-05 9.9964E-05 0.0408387 0.125013 0.0159101
0.508435 9.996E-05 9.996E-05 9.996E-05 0.203725 9.996E-05 0.0173234 0.0530206 0.12248 0.0946154
0.144949 0.0199669 9.9982E-05 0.275374 0.0359623 9.9982E-05 0.213333 0.119143 0.170515 0.020558
0.406469 9.9964E-05 0.0715565 9.9964E-05 9.9964E-05 9.9964E-05 0.0663747 0.313398 0.0628587 0.0789431
0.244737 0.0133568 9.9973E-05 0.460964 0.199785 9.9973E-05 0.0594961 9.9973E-05 0.00853928 0.0128222
9.996E-05 0.0861937 9.996E-05 0.544132 9.996E-05 9.996E-05 0.0758159 0.0581283 0.215688 0.0196426
0.0511991 9.99369E-05 0.841195 0.106906 9.99369E-05 9.99369E-05 9.99369E-05 9.99369E-05 9.99369E-05 9.99369E-05
9.99201E-05 9.99201E-05 0.999101 9.99201E-05 9.99201E-05 9.99201E-05 9.99201E-05 9.99201E-05 9.99201E-05 9.99201E-05
0.194888 9.999E-05 0.120601 0.227446 0.0891425 0.0935718 0.114265 0.0233271 0.100065 0.0365933
0.136191 0.0608392 9.9964E-05 9.9964E-05 9.9964E-05 0.0392207 0.0180155 9.9964E-05 0.732645 0.0126888
0.479336 0.0410528 9.9973E-05 0.25587 0.0271827 9.9973E-05 0.0722234 0.00957149 9.9973E-05 0.114464
0.123893 0.0360625 0.060775 0.0874437 9.997E-05 9.997E-05 9.997E-05 0.560016 0.0948562 0.0366532
0.112017 0.02923 9.9964E-05 0.220297 9.9964E-05 0.199017 0.143208 9.9964E-05 0.295831 9.9964E-05
9.9982E-05 0.031715 9.9982E-05 0.434145 0.13245 0.183832 0.0468701 0.0208282 0.11583 0.0341293
0.336761 0.0394304 0.0757605 9.9991E-05 0.188796 0.0502474 0.0129704 0.0523255 0.191294 0.0523159
0.161583 0.0324475 9.997E-05 9.997E-05 0.191609 9.997E-05 0.262719 0.0240928 0.182836 0.144413
0.223416 0.0549661 9.9973E-05 0.154424 0.191905 0.161753 9.9973E-05 0.194997 0.0182388 9.9973E-05
9.99201E-05 9.99201E-05 9.99201E-05 9.99201E-05 9.99201E-05 9.99201E-05 9.99201E-05 9.99201E-05 9.99201E-05 0.999101
0.22343 0.0884682 9.9973E-05 0.0571077 0.517672 9.9973E-05 0.00597715 9.9973E-05 0.0530134 0.0540313
0.305673 0.243399 0.20008 0.00686734 0.18539 9.997E-05 9.997E-05 9.997E-05 0.0208541 0.0374361
9.9973E-05 0.0213145 0.0143894 0.713423 0.0237041 9.9973E-05 0.0803561 0.121137 0.0253757 9.9973E-05
0.250167 0.146876 0.0385031 0.0720897 0.0702131 0.0460853 9.998E-05 9.998E-05 0.343997 0.0318691
0.333508 0.0213576 0.0823058 0.244461 0.0914686 9.9982E-05 0.0675143 0.0228223 9.9982E-05 0.136362
0.236794 0.0517314 0.0258812 0.0899713 0.0207355 0.135004 0.0408462 0.192747 0.181529 0.0247606
0.420618 9.99639E-05 9.99639E-05 0.273399 0.124466 9.99639E-05 0.0447577 0.120192 9.99639E-05 0.0161678
9.997E-05 0.0127713 0.238539 9.997E-05 0.139529 9.997E-05 0.116126 0.139475 0.276696 0.0765641
0.267145 9.996E-05 9.996E-05 0.22379 0.0673009 0.246934 9.996E-05 9.996E-05 0.133104 0.0613252
0.0814245 0.0614649 0.0637176 0.252299 0.10917 9.9982E-05 0.0807299 9.9982E-05 0.281013 0.0699809
9.9946E-05 9.9946E-05 9.9946E-05 9.9946E-05 0.776949 0.0863455 0.123046 9.9946E-05 0.0130593 9.9946E-05
0.286326 9.997E-05 0.00201319 0.093078 9.997E-05 9.997E-05 0.13464 0.155667 0.229813 0.098164
9.9964E-05 0.0338041 9.9964E-05 0.252798 0.0788994 9.9964E-05 9.9964E-05 0.088124 0.461945 0.0840297
9.99201E-05 9.99201E-05 9.99201E-05 9.99201E-05 9.99201E-05 9.99201E-05 9.99201E-05 9.99201E-05 9.99201E-05 0.999101
0.238791 9.99729E-05 0.137106 0.0964979 0.00227197 9.99729E-05 9.99729E-05 0.15666 0.00341019 0.364963
0.489118 0.0309035 0.247708 9.9964E-05 0.0792398 0.117403 0.0352282 9.9964E-05 9.9964E-05 9.9964E-05
0.147734 9.9973E-05 0.0616841 0.150962 0.106186 0.294411 9.9973E-05 0.1777 9.9973E-05 0.0610219
9.9955E-05 0.0344725 0.0578734 9.9955E-05 0.824976 0.0477279 9.9955E-05 9.9955E-05 9.9955E-05 0.0344503
0.14056 0.0442906 0.0338114 0.188569 0.0479741 0.191127 9.999E-05 0.0753264 0.244499 0.0337428
0.479208 0.0870714 0.115554 0.167412 0.000783736 0.0229934 9.999E-05 0.0609273 0.0271273 0.0388235
9.99201E-05 9.99201E-05 0.999101 9.99201E-05 9.99201E-05 9.99201E-05 9.99201E-05 9.99201E-05 9.99201E-05 9.99201E-05
0.137836 9.997E-05 0.0783911 9.997E-05 0.134105 9.997E-05 0.0809297 0.226749 0.270125 0.0715635
0.172832 9.997E-05 0.0859008 0.467457 9.997E-05 0.0843818 0.0419975 0.0323531 0.114778 9.997E-05
0.0440064 0.0545742 0.178354 0.441707 9.9982E-05 0.107818 0.0600931 0.0558277 9.9982E-05 0.0574195
0.173745 0.0506304 9.9964E-05 9.9964E-05 0.190367 9.9964E-05 0.145564 9.9964E-05 0.381888 0.0574053
0.158691 0.0611492 0.299896 9.9955E-05 9.9955E-05 0.37291 9.9955E-05 0.106854 9.9955E-05 9.9955E-05
0.440205 9.9955E-05 9.9955E-05 0.0665624 0.124699 9.9955E-05 9.9955E-05 9.9955E-05 0.229885 0.138149
0.622989 0.0344293 9.996E-05 9.996E-05 9.996E-05 0.160851 0.0229153 0.0508899 0.107525 9.996E-05
0.233573 9.9955E-05 9.9955E-05 0.350478 9.9955E-05 9.9955E-05 9.9955E-05 0.171276 0.213051 0.031122
0.00235039 0.0551891 0.144403 0.69815 0.0994075 9.9955E-05 9.9955E-05 9.9955E-05 9.9955E-05 9.9955E-05
9.99279E-05 0.983517 0.0156837 9.99279E-05 9.99279E-05 9.99279E-05 9.99279E-05 9.99279E-05 9.99279E-05 9.99279E-05
0.0830871 0.0611901 0.129969 0.217332 0.0474059 0.191283 0.10285 9.9982E-05 0.166682 9.9982E-05
9.99201E-05 9.99201E-05 9.99201E-05 9.99201E-05 9.99201E-05 9.99201E-05 9.99201E-05 0.999101 9.99201E-05 9.99201E-05
9.9973E-05 9.9973E-05 9.9973E-05 0.0462794 0.153971 0.104926 0.0791534 0.248899 0.240266 0.126206
9.9964E-05 0.00178063 0.104383 9.9964E-05 0.384391 0.0994035 9.9964E-05 0.191936 0.217706 9.9964E-05
0.193319 9.9973E-05 0.0337166 0.292896 0.246562 9.9973E-05 0.154992 0.0597709 0.0184442 9.9973E-05
0.248528 9.9955E-05 0.097456 0.303766 0.277868 9.9955E-05 9.9955E-05 0.0718828 9.9955E-05 9.9955E-05
9.99201E-05 0.999101 9.99201E-05 9.99201E-05 9.99201E-05 9.99201E-05 9.99201E-05 9.99201E-05 9.99201E-05 9.99201E-05
0.25865 9.999E-05 0.0102112 0.121545 0.137412 0.0901523 0.0308256 0.118785 0.0836868 0.148632
0.174922 0.182033 0.0358541 9.999E-05 0.266766 0.119288 0.0341188 0.131432 0.0178439 0.0376419
0.0509005 9.997E-05 0.0382368 9.997E-05 0.185169 0.0589666 9.997E-05 0.122251 0.541158 0.00301842
0.0897199 9.997E-05 0.143604 0.249431 0.190227 0.0175054 0.115832 0.193382 9.997E-05 9.997E-05
