9.9991E-05 0.601588 0.0248213 0.373491
0.27475 0.285082 0.175813 0.264354
9.999E-05 0.271088 0.415912 0.3129
0.067272 0.330419 9.9991E-05 0.602209
0.467781 0.388011 9.9991E-05 0.144108
9.9991E-05 0.236808 0.157563 0.605529
0.438277 0.345648 9.99911E-05 0.215975
0.283087 0.641247 9.9991E-05 0.0755659
0.443029 9.99911E-05 0.388599 0.168272
0.262196 9.99911E-05 0.56353 0.174174
0.0345184 0.190711 0.491448 0.283323
0.721828 0.277972 9.99821E-05 9.99821E-05
0.380636 0.429768 9.9991E-05 0.189496
0.387692 0.249861 9.9991E-05 0.362347
0.342137 0.369177 0.191872 0.0968135
0.0458064 0.356645 9.99911E-05 0.597448
0.242915 0.127696 0.26847 0.36092
9.9991E-05 0.197315 0.335862 0.466723
0.449517 0.370708 0.179675 9.9991E-05
0.0561471 0.443972 9.9991E-05 0.499781
9.99821E-05 9.99821E-05 0.680903 0.318897
0.330413 0.351481 0.318006 9.9991E-05
9.9991E-05 0.188253 0.0706467 0.741
0.0452789 9.99911E-05 0.0842221 0.870399
9.99911E-05 0.0602299 0.211832 0.727838
0.153611 0.351353 0.0756364 0.4194
0.506007 0.12554 0.317853 0.050599
0.0590656 0.358825 0.58201 9.99911E-05
0.0667529 0.820372 0.112775 9.9991E-05
0.0693979 0.182915 9.99911E-05 0.747587
0.324393 0.147292 0.438766 0.0895497
0.414269 0.32518 9.99911E-05 0.260451
9.9991E-05 0.0869193 0.798216 0.114765
0.145699 0.630342 9.9991E-05 0.22386
0.224202 0.315666 9.9991E-05 0.460032
0.338866 0.152609 0.16271 0.345814
0.383886 0.301097 0.133762 0.181255
9.99911E-05 0.0741568 0.679139 0.246604
0.365206 0.238602 0.0539914 0.342201
0.0906048 0.608378 0.0416601 0.259357
0.171518 0.0324435 0.540424 0.255615
0.364095 9.99911E-05 0.185616 0.450189
0.551228 0.0330667 0.167818 0.247887
0.257109 0.32631 0.124647 0.291934
0.438536 0.547221 9.99911E-05 0.0141433
0.144397 0.355319 9.99911E-05 0.500184
0.0516885 0.222621 0.111601 0.614089
0.491702 0.166848 0.284906 0.0565439
0.208807 0.661513 9.99911E-05 0.12958
0.163159 0.532013 9.9991E-05 0.304727
9.9982E-05 0.604741 9.9982E-05 0.395059
0.398421 9.9991E-05 0.474628 0.126851
0.265002 0.15389 0.146373 0.434735
9.99821E-05 0.78495 9.99821E-05 0.21485
0.651056 0.168185 0.180659 9.99911E-05
0.522875 0.260531 0.216494 9.99911E-05
0.392246 9.9991E-05 0.197921 0.409732
0.838453 9.99822E-05 0.161347 9.99822E-05
0.563606 0.202052 0.161901 0.0724413
0.217438 0.199737 0.275624 0.3072
9.99911E-05 0.805911 0.165844 0.0281451
0.462751 9.9991E-05 0.0434989 0.49365
0.616899 0.0999203 0.274746 0.00843539
9.99821E-05 0.158424 9.99821E-05 0.841376
0.0366198 0.573619 0.139144 0.250618
0.369602 0.315202 0.126425 0.18877
9.9991E-05 0.204216 0.0885827 0.707101
0.73905 0.201391 0.0192716 0.040288
0.260613 0.739187 9.99821E-05 9.99821E-05
0.0648072 0.494778 0.352954 0.0874608
0.398977 0.233963 0.282774 0.0842862
0.981282 9.99821E-05 0.018518 9.99821E-05
0.6382 0.3616 9.99822E-05 9.99822E-05
0.577027 0.272484 9.9991E-05 0.150388
0.144229 0.39585 9.99911E-05 0.45982
0.668681 0.331119 9.99821E-05 9.99821E-05
0.0926705 0.272822 0.125778 0.50873
0.470743 0.016378 0.512779 9.9991E-05
0.137096 0.541625 0.32118 9.9991E-05
0.316961 0.63293 0.0500093 9.9991E-05
0.322837 0.529418 9.99911E-05 0.147645
0.121175 0.330992 0.144842 0.402991
0.158801 0.160077 0.394786 0.286336
9.99911E-05 0.467496 0.378107 0.154298
0.43947 0.0332839 0.0348777 0.492368
0.260176 0.195849 0.138656 0.405319
0.324515 0.211836 0.452366 0.0112835
0.179767 9.99821E-05 9.99821E-05 0.820033
9.99911E-05 0.373491 0.226713 0.399695
0.0283075 0.532554 0.439038 9.9991E-05
9.99822E-05 0.086535 9.99822E-05 0.913265
0.514007 0.0355957 9.99911E-05 0.450297
0.474585 9.99822E-05 9.99822E-05 0.525215
9.9991E-05 0.163234 0.453165 0.383501
0.756117 0.00968795 0.164516 0.0696788
0.337136 0.371956 0.0553937 0.235514
9.99911E-05 0.0578907 0.460529 0.481481
0.299291 0.203629 0.365945 0.131136
9.99821E-05 0.244148 9.99821E-05 0.755653
0.141189 9.9991E-05 0.234375 0.624336
0.143418 9.99911E-05 0.552685 0.303797
9.99822E-05 9.99822E-05 0.155347 0.844453
9.998E-05 9.998E-05 0.9997 9.998E-05
9.998E-05 9.998E-05 0.9997 9.998E-05
0.241776 0.551337 9.9991E-05 0.206787
0.476347 0.172727 9.9991E-05 0.350826
0.377848 0.230244 9.99911E-05 0.391808
0.123199 0.450401 0.352776 0.0736231
0.260841 0.638928 9.99911E-05 0.100131
9.99911E-05 0.48728 0.394182 0.118437
0.320853 0.204569 9.99911E-05 0.474477
0.0236291 0.695416 9.9991E-05 0.280855
9.99822E-05 0.342844 9.99822E-05 0.656956
0.0768561 0.877303 0.000361405 0.0454799
9.998E-05 9.998E-05 9.998E-05 0.9997
0.213215 0.260716 0.479616 0.0464531
0.201487 0.485438 9.9991E-05 0.312975
0.464037 0.511362 0.0245016 9.99911E-05
0.184432 0.715867 0.0497644 0.0499365
9.9991E-05 0.256151 0.174407 0.569342
0.0968159 0.112001 0.0309497 0.760234
0.0972128 0.0594349 0.13645 0.706903
9.99821E-05 0.775739 9.99821E-05 0.224061
0.229906 0.262922 0.3 0.207172
9.99911E-05 0.366341 0.349387 0.284172
0.391716 0.118637 0.283616 0.206031
0.57138 0.0408035 0.287105 0.100712
0.237048 0.597069 9.9991E-05 0.165783
9.99911E-05 0.333852 0.388572 0.277476
9.99911E-05 0.489104 0.259018 0.251778
0.545277 9.99911E-05 0.427389 0.0272341
0.29963 0.254978 0.158792 0.2866
0.360211 0.403488 0.236202 9.99911E-05
0.185181 0.284941 0.529778 9.9991E-05
0.29466 9.9991E-05 0.501253 0.203987
9.99911E-05 0.566733 0.0546132 0.378554
9.998E-05 0.9997 9.998E-05 9.998E-05
9.99911E-05 0.966788 0.0186188 0.0144933
0.463886 0.135334 0.40068 9.99911E-05
9.99821E-05 0.756005 9.99821E-05 0.243795
0.0899581 0.268726 0.297749 0.343567
0.0709403 0.00975195 0.6243 0.295007
0.286012 0.357694 0.316265 0.0400288
0.0863998 9.99821E-05 0.9134 9.99821E-05
0.0859827 9.99821E-05 9.99821E-05 0.913817
0.0974681 0.738868 9.9991E-05 0.163564
0.9997 9.998E-05 9.998E-05 9.998E-05
9.9991E-05 0.378858 0.305234 0.315809
0.41137 0.0610417 9.99911E-05 0.527488
0.657473 0.221328 0.121099 9.99911E-05
0.360708 0.283219 0.238243 0.11783
0.620497 0.264175 0.115229 9.9991E-05
0.153235 0.751338 0.0456225 0.049805
0.292566 0.419028 0.179476 0.10893
9.998E-05 9.998E-05 9.998E-05 0.9997
0.228312 0.457109 0.314479 9.99911E-05
9.99911E-05 0.388519 0.487748 0.123633
0.115513 0.423171 0.35402 0.107297
9.99821E-05 0.808885 9.99821E-05 0.190915
9.9991E-05 0.401008 0.221773 0.377119
0.9997 9.998E-05 9.998E-05 9.998E-05
0.490299 0.461795 9.99911E-05 0.0478059
0.225692 0.493789 0.0845385 0.195981
0.470007 0.185413 0.26 0.0845794
0.9997 9.998E-05 9.998E-05 9.998E-05
0.222307 0.0682203 9.9991E-05 0.709373
0.159748 0.506735 0.195828 0.137689
9.99822E-05 0.935579 0.0642215 9.99822E-05
0.514887 0.265024 9.99911E-05 0.219989
0.253803 0.0930384 0.177375 0.475784
9.99821E-05 0.885938 9.99821E-05 0.113862
0.127746 0.802078 0.0671605 0.00301578
0.0965334 0.50813 0.395237 9.99911E-05
0.214118 0.0216984 0.0573066 0.706877
9.99911E-05 0.52011 0.0263377 0.453452
0.365557 0.634243 9.99822E-05 9.99822E-05
0.346447 0.182732 0.00710293 0.463718
9.99911E-05 0.014784 0.83302 0.152097
0.0414069 0.0737663 0.34797 0.536857
0.277123 0.0520694 0.650092 0.0207151
0.702925 9.99911E-05 0.277654 0.0193211
0.174745 0.0851468 0.352942 0.387167
0.244846 0.224456 0.0140613 0.516636
0.2462 0.547906 9.99911E-05 0.205795
9.99821E-05 0.253094 0.746706 9.99821E-05
0.379109 0.609827 9.99911E-05 0.0109643
0.377427 0.468962 0.0947297 0.0588806
0.0136011 0.358155 0.239593 0.388651
9.99821E-05 9.99821E-05 0.335654 0.664146
