0.00752246 0.0666883 9.9991E-05 0.0455125 0.16166 0.578557 0.139959
0.261496 9.99731E-05 9.99731E-05 0.37113 0.199231 0.167843 9.99731E-05
9.99731E-05 9.99731E-05 0.199266 9.99731E-05 0.250471 0.392837 0.157126
0.35436 9.99731E-05 0.0173118 0.340273 9.99731E-05 9.99731E-05 0.287755
9.99821E-05 0.242581 9.99821E-05 0.251726 0.0238488 0.27307 0.208574
0.0642965 0.0160947 0.204107 0.685924 9.99821E-05 0.0293785 9.99821E-05
9.99732E-05 0.0110212 9.99732E-05 0.413954 9.99732E-05 0.498673 0.0760522
0.190862 9.99731E-05 9.99731E-05 0.167574 0.110829 0.530435 9.99731E-05
0.266168 0.393659 0.211868 9.99731E-05 9.99731E-05 9.99731E-05 0.128005
9.99731E-05 9.99731E-05 0.407213 0.206851 0.28546 0.100177 9.99731E-05
9.9973E-05 9.9973E-05 0.42262 9.9973E-05 0.199542 0.179173 0.198365
0.76042 9.99732E-05 9.99732E-05 9.99732E-05 0.160213 0.0460822 0.0329853
0.518473 9.99642E-05 9.99642E-05 0.350642 9.99642E-05 9.99642E-05 0.130485
9.99732E-05 0.109535 9.99732E-05 0.654819 0.0703079 0.165038 9.99732E-05
0.694235 0.0908248 9.99732E-05 0.125033 0.0896066 9.99732E-05 9.99732E-05
0.00697075 0.100447 9.9991E-05 0.243571 0.0255797 0.31577 0.307561
0.226043 0.0114116 0.0263585 0.274103 0.17587 0.192481 0.0937333
9.99821E-05 9.99821E-05 0.185898 0.2687 0.374804 0.0983448 0.0720526
0.570407 0.117608 0.0289157 9.99821E-05 0.184945 0.0979254 9.99821E-05
0.200911 9.99821E-05 9.99821E-05 0.389641 0.0971209 0.264358 0.047769
9.99642E-05 9.99642E-05 0.408663 0.501981 0.0889569 9.99642E-05 9.99642E-05
0.337007 0.156838 0.0853414 9.9991E-05 0.039847 0.160164 0.220704
0.295979 9.99731E-05 0.0549978 0.392956 9.99731E-05 9.99731E-05 0.255767
9.99641E-05 0.264872 9.99641E-05 0.0216035 9.99641E-05 9.99641E-05 0.713125
9.99642E-05 9.99642E-05 0.378168 0.0768156 9.99642E-05 9.99642E-05 0.544616
9.9982E-05 0.147423 9.9982E-05 0.0607955 0.146042 0.335924 0.309616
9.9982E-05 0.0013187 0.0698142 9.9982E-05 0.734365 0.127253 0.0670493
9.99732E-05 0.626057 0.0270987 9.99732E-05 0.0176579 0.328886 9.99732E-05
0.186952 0.00942686 0.2655 9.9973E-05 9.9973E-05 0.537821 9.9973E-05
9.99552E-05 0.0501467 9.99552E-05 9.99552E-05 9.99552E-05 9.99552E-05 0.949354
9.99641E-05 0.778675 0.120354 9.99641E-05 9.99641E-05 0.100571 9.99641E-05
0.383571 9.99732E-05 9.99732E-05 0.394375 0.070961 0.150794 9.99732E-05
9.99732E-05 0.0409503 0.608243 9.99732E-05 0.0606001 0.289907 9.99732E-05
0.251224 0.0632193 9.9991E-05 0.219914 0.0428508 0.353157 0.0695348
9.9982E-05 0.0244364 9.9982E-05 0.322235 0.00704156 0.318244 0.327842
9.99643E-05 9.99643E-05 9.99643E-05 0.788676 0.161726 0.0491983 9.99643E-05
9.99642E-05 0.399701 9.99642E-05 0.143819 9.99642E-05 0.45608 9.99642E-05
9.99731E-05 9.99731E-05 0.720584 0.0105843 9.99731E-05 0.165474 0.103058
0.130796 0.17759 0.0963632 0.029448 0.132393 0.319046 0.114363
0.222441 9.9991E-05 0.13794 0.291345 0.115908 0.224577 0.00768866
9.99821E-05 0.152801 0.0694977 0.00899071 0.461617 9.99821E-05 0.306894
9.99732E-05 9.99732E-05 0.0148066 0.43149 0.497662 9.99732E-05 0.0557416
9.9973E-05 9.9973E-05 0.100685 0.700229 0.151929 9.9973E-05 0.0468567
0.355219 0.154565 0.0437785 0.100649 0.14648 0.016551 0.182757
0.282275 9.99821E-05 0.0731012 0.180768 0.220266 0.243391 9.99821E-05
0.259274 9.99821E-05 9.99821E-05 0.166394 0.24226 0.285307 0.0465652
0.296031 9.99732E-05 9.99732E-05 0.537055 0.031632 0.134982 9.99732E-05
0.05576 0.109577 0.143041 0.265516 0.209279 0.216727 9.9991E-05
0.639638 9.99733E-05 9.99733E-05 0.00279013 0.0536324 0.30364 9.99733E-05
9.9964E-05 9.9964E-05 9.9964E-05 0.408114 0.170296 0.42119 9.9964E-05
0.02908 9.9982E-05 0.00811602 0.101897 9.9982E-05 0.483468 0.377239
9.99731E-05 0.14141 0.546832 0.202004 0.109454 9.99731E-05 9.99731E-05
9.9982E-05 0.185556 0.0393307 9.9982E-05 0.192109 0.226406 0.356397
0.171412 9.99731E-05 0.129828 9.99731E-05 9.99731E-05 0.550586 0.147873
0.0250937 0.740915 9.99731E-05 0.176107 9.99731E-05 0.0575846 9.99731E-05
0.0229142 0.636857 9.99731E-05 9.99731E-05 0.138579 0.20135 9.99731E-05
0.119102 0.387241 9.9973E-05 0.097416 9.9973E-05 9.9973E-05 0.395942
9.99553E-05 0.785716 9.99553E-05 0.213785 9.99553E-05 9.99553E-05 9.99553E-05
9.9982E-05 0.366908 0.231998 0.0117164 0.177437 0.21174 9.9982E-05
9.99731E-05 9.99731E-05 0.067905 0.650947 0.150407 0.130441 9.99731E-05
0.181901 0.15897 9.99731E-05 9.99731E-05 9.99731E-05 0.412088 0.246742
9.99641E-05 9.99641E-05 9.99641E-05 0.236581 0.674092 9.99641E-05 0.0889278
0.244801 0.315806 0.102681 9.9982E-05 0.300077 9.9982E-05 0.0364355
9.99732E-05 9.99732E-05 0.0526816 9.99732E-05 0.182272 0.217873 0.546873
9.99732E-05 0.0418507 9.99732E-05 0.439946 9.99732E-05 0.354749 0.163154
0.126892 9.99821E-05 0.18016 9.99821E-05 0.43476 0.0700187 0.187969
9.99731E-05 9.99731E-05 9.99731E-05 0.528575 0.0859898 0.276211 0.108924
0.267743 0.0927205 9.99731E-05 9.99731E-05 0.386726 0.25251 9.99731E-05
0.221272 0.0195451 0.00509035 9.9982E-05 0.129757 0.624135 9.9982E-05
9.99911E-05 0.143421 0.123745 0.282777 0.12999 0.279018 0.0409485
0.191706 0.0436571 0.216511 0.3297 0.218225 9.99821E-05 9.99821E-05
0.282302 9.99641E-05 9.99641E-05 9.99641E-05 0.543554 9.99641E-05 0.173744
9.99643E-05 0.336839 9.99643E-05 0.420382 9.99643E-05 0.242379 9.99643E-05
0.116664 0.0567103 9.99821E-05 0.0711697 0.393145 0.362111 9.99821E-05
0.068623 0.0436835 9.99821E-05 0.31738 9.99821E-05 0.425873 0.14424
0.0732488 0.234683 9.9982E-05 0.147027 0.23323 0.311611 9.9982E-05
0.663155 9.99555E-05 9.99555E-05 9.99555E-05 9.99555E-05 9.99555E-05 0.336345
0.074991 0.342307 0.188133 9.9982E-05 0.260594 9.9982E-05 0.133776
0.403541 0.301225 0.109231 9.9973E-05 9.9973E-05 9.9973E-05 0.185703
0.49901 0.228469 0.0501755 0.109563 9.9991E-05 0.103009 0.00967337
9.99642E-05 9.99642E-05 9.99642E-05 0.0153492 0.37995 0.604301 9.99642E-05
0.106612 0.0174062 0.166534 0.122087 0.011044 0.277521 0.298795
9.99732E-05 0.136776 0.122049 0.634374 9.99732E-05 0.106501 9.99732E-05
0.540612 9.99821E-05 0.213878 0.0671792 9.99821E-05 0.00817198 0.169958
0.20495 9.99731E-05 9.99731E-05 0.566643 0.220437 9.99731E-05 0.00767024
0.228195 9.9973E-05 9.9973E-05 0.48291 0.259865 9.9973E-05 0.0287307
0.0292766 0.0189738 0.286417 0.207743 0.45739 9.99821E-05 9.99821E-05
0.170357 0.123189 9.99731E-05 0.110793 9.99731E-05 9.99731E-05 0.595361
9.99642E-05 9.99642E-05 0.583494 9.99642E-05 9.99642E-05 0.292767 0.123339
0.246395 9.99641E-05 0.40504 9.99641E-05 9.99641E-05 0.348165 9.99641E-05
9.99553E-05 9.99553E-05 9.99553E-05 9.99553E-05 9.99553E-05 0.173073 0.826427
9.99554E-05 0.0632727 9.99554E-05 0.936227 9.99554E-05 9.99554E-05 9.99554E-05
9.99732E-05 9.99732E-05 9.99732E-05 0.299892 0.224982 0.352305 0.122521
9.99642E-05 9.99642E-05 0.553779 0.40037 9.99642E-05 9.99642E-05 0.0454507
0.272829 9.99731E-05 0.0517099 9.99731E-05 0.558646 9.99731E-05 0.116515
0.369877 0.0162403 0.168203 0.394734 0.0507453 9.9982E-05 9.9982E-05
9.99642E-05 0.0606959 0.199475 0.739429 9.99642E-05 9.99642E-05 9.99642E-05
0.517892 0.000217935 0.0152356 0.180488 0.285967 9.99821E-05 9.99821E-05
9.99731E-05 9.99731E-05 9.99731E-05 0.282481 0.0528142 0.190314 0.474091
9.99641E-05 9.99641E-05 0.0732118 0.536665 9.99641E-05 9.99641E-05 0.389724
9.99732E-05 0.66779 0.083791 0.204373 9.99732E-05 9.99732E-05 0.0437463
9.99552E-05 9.99552E-05 0.158879 9.99552E-05 9.99552E-05 9.99552E-05 0.840622
0.0131559 0.232098 0.754346 9.99642E-05 9.99642E-05 9.99642E-05 9.99642E-05
9.99552E-05 9.99552E-05 0.93465 9.99552E-05 9.99552E-05 9.99552E-05 0.0648506
0.323639 9.9982E-05 0.0738209 0.306836 0.078986 0.216518 9.9982E-05
0.458156 9.99821E-05 0.0222443 0.296889 9.99821E-05 0.10376 0.11875
0.101984 0.190615 0.00082434 0.385456 9.99821E-05 0.32092 9.99821E-05
9.99731E-05 0.0799288 0.150547 0.00652025 9.99731E-05 0.762704 9.99731E-05
0.426984 9.99732E-05 0.0230164 9.99732E-05 9.99732E-05 0.537045 0.0126547
9.99642E-05 9.99642E-05 0.471853 9.99642E-05 0.0396335 0.488113 9.99642E-05
9.99822E-05 0.144901 9.99822E-05 0.131951 0.20489 0.28885 0.229208
0.205621 0.0305289 9.9991E-05 0.408338 0.00206229 0.28451 0.0688392
9.99642E-05 9.99642E-05 9.99642E-05 0.185994 9.99642E-05 0.208608 0.604999
0.137692 9.99731E-05 9.99731E-05 9.99731E-05 0.0930544 0.731648 0.0373057
9.99552E-05 9.99552E-05 9.99552E-05 0.179382 9.99552E-05 9.99552E-05 0.820118
0.177276 0.24096 0.36828 9.99821E-05 0.129676 0.0836081 9.99821E-05
0.483934 9.9973E-05 9.9973E-05 0.171484 0.143206 9.9973E-05 0.201076
0.41947 9.99731E-05 0.0984044 9.99731E-05 0.32942 0.152406 9.99731E-05
0.0249247 0.0890421 0.182019 9.9991E-05 0.0906631 0.366301 0.246951
0.140111 9.99731E-05 0.132005 0.661908 9.99731E-05 0.0656769 9.99731E-05
0.309383 9.99821E-05 0.0445346 0.0250688 0.0584505 9.99821E-05 0.562363
0.169291 0.0142576 9.99732E-05 0.764401 9.99732E-05 9.99732E-05 0.051751
0.134116 9.99641E-05 9.99641E-05 0.403725 9.99641E-05 0.461759 9.99641E-05
0.0512868 9.99732E-05 0.00475097 0.815216 0.128446 9.99732E-05 9.99732E-05
0.498136 9.99732E-05 0.20114 0.158909 9.99732E-05 9.99732E-05 0.141516
0.173958 0.0236956 0.0932333 0.356468 0.128849 0.143241 0.0805546
0.00734787 9.99911E-05 0.00973297 0.0766774 0.455855 0.342615 0.107671
0.0127797 0.278756 0.0722402 9.99821E-05 9.99821E-05 0.635571 0.000452825
9.99821E-05 9.99821E-05 0.320561 0.246884 0.0909537 0.306056 0.0353445
9.99821E-05 9.99821E-05 0.137214 0.366346 0.112749 0.342609 0.0408812
0.271279 0.344451 0.235015 9.99731E-05 0.148955 9.99731E-05 9.99731E-05
9.9982E-05 0.0798321 0.00225938 0.671691 9.9982E-05 0.199842 0.0461753
0.104181 0.0616202 0.220897 0.0551946 0.119556 0.438451 9.9991E-05
0.140949 0.203634 0.432774 9.9982E-05 0.187294 0.0351488 9.9982E-05
0.012798 9.99731E-05 0.382061 0.138286 0.466555 9.99731E-05 9.99731E-05
0.114571 9.99642E-05 9.99642E-05 0.426062 9.99642E-05 0.458967 9.99642E-05
0.0397426 0.0162287 9.99642E-05 9.99642E-05 9.99642E-05 0.943629 9.99642E-05
9.99554E-05 9.99554E-05 0.0494289 9.99554E-05 9.99554E-05 0.950071 9.99554E-05
0.285093 0.11556 0.296047 9.99821E-05 0.264226 0.0388737 9.99821E-05
0.212477 9.99731E-05 9.99731E-05 0.235533 9.99731E-05 0.514879 0.0368115
9.99642E-05 0.654938 0.156447 9.99642E-05 9.99642E-05 0.188215 9.99642E-05
9.99732E-05 9.99732E-05 0.417344 0.535132 9.99732E-05 0.0355194 0.0117046
0.0657306 0.150055 0.192576 0.213509 0.232476 0.145553 9.9991E-05
0.101514 9.99732E-05 0.47741 9.99732E-05 0.226532 9.99732E-05 0.194244
9.99552E-05 9.99552E-05 9.99552E-05 0.172046 9.99552E-05 9.99552E-05 0.827454
0.265551 0.0178625 9.9973E-05 0.359938 9.9973E-05 0.356349 9.9973E-05
9.995E-05 9.995E-05 9.995E-05 9.995E-05 0.9994 9.995E-05 9.995E-05
0.143602 9.9991E-05 0.148489 0.384631 0.0735103 0.0247181 0.224949
0.0224122 0.0851777 9.99731E-05 0.725484 9.99731E-05 9.99731E-05 0.166626
0.131252 0.61093 9.99731E-05 9.99731E-05 0.211702 9.99731E-05 0.0458158
0.191609 0.320102 0.282724 0.0139793 0.191385 9.99821E-05 9.99821E-05
0.484188 0.0265037 9.99641E-05 9.99641E-05 0.488909 9.99641E-05 9.99641E-05
0.0758251 0.285809 9.9982E-05 0.280711 0.00374521 0.35371 9.9982E-05
0.377617 0.347413 9.9991E-05 0.147522 0.0455747 0.0810018 0.000771993
9.99643E-05 0.196386 9.99643E-05 0.417454 9.99643E-05 9.99643E-05 0.38576
0.357509 0.0993431 0.313438 0.0701818 0.124615 0.0348133 9.99911E-05
0.0523727 0.0123815 0.368429 0.526866 9.99821E-05 9.99821E-05 0.0397513
9.99821E-05 0.0776506 0.0507025 9.99821E-05 0.528574 0.207565 0.135308
0.0637272 0.00905622 9.99732E-05 9.99732E-05 9.99732E-05 0.752274 0.174643
9.9982E-05 9.9982E-05 0.264241 0.101895 0.0331013 0.435683 0.16488
9.995E-05 9.995E-05 9.995E-05 9.995E-05 0.9994 9.995E-05 9.995E-05
0.0225312 9.99731E-05 9.99731E-05 0.0606162 0.511151 0.405402 9.99731E-05
0.384308 9.9991E-05 0.177327 0.190822 0.0816355 0.00794463 0.157862
0.124994 0.475738 9.99821E-05 0.0719366 0.225483 0.101648 9.99821E-05
0.35661 9.99643E-05 9.99643E-05 0.051955 0.591036 9.99643E-05 9.99643E-05
0.130102 9.99731E-05 9.99731E-05 0.788908 0.00469111 9.99731E-05 0.0759993
9.9991E-05 0.26417 0.00909653 0.130289 0.000586093 0.57522 0.0205378
0.473825 0.0986778 0.0633996 9.99732E-05 9.99732E-05 0.363798 9.99732E-05
9.99554E-05 0.393647 9.99554E-05 0.605853 9.99554E-05 9.99554E-05 9.99554E-05
0.0665085 0.0477039 0.167229 0.56129 0.141518 9.9991E-05 0.0156511
0.220422 9.99642E-05 9.99642E-05 9.99642E-05 9.99642E-05 0.676125 0.103053
0.0653297 0.0742175 0.00467636 0.00916788 9.99821E-05 0.846409 9.99821E-05
0.502656 0.22326 0.198578 9.9973E-05 0.0752059 9.9973E-05 9.9973E-05
0.0677634 9.9991E-05 0.00759375 0.408132 0.0679998 0.115833 0.332577
9.99731E-05 0.00624516 0.0039673 9.99731E-05 9.99731E-05 0.786607 0.202881
0.0378564 0.325698 9.99642E-05 9.99642E-05 9.99642E-05 0.636046 9.99642E-05
0.441654 9.99821E-05 9.99821E-05 0.220496 0.107906 0.0348596 0.194885
9.99821E-05 0.120107 0.794907 0.0244621 0.0359941 9.99821E-05 0.0243296
9.99731E-05 9.99731E-05 0.229089 0.379858 0.193255 0.197499 9.99731E-05
0.327649 0.0632714 0.200294 0.0265417 0.382044 9.99821E-05 9.99821E-05
9.99553E-05 9.99553E-05 9.99553E-05 0.498103 0.501398 9.99553E-05 9.99553E-05
0.0700327 0.0954592 0.207787 0.132362 0.408621 9.9991E-05 0.085638
0.0179862 0.10001 9.9991E-05 0.324397 0.182395 0.28123 0.0938817
0.486323 9.99821E-05 9.99821E-05 0.270108 0.00189806 0.160103 0.0813682
9.995E-05 9.995E-05 0.9994 9.995E-05 9.995E-05 9.995E-05 9.995E-05
0.449443 9.99643E-05 9.99643E-05 9.99643E-05 0.390731 0.159426 9.99643E-05
0.370103 9.99821E-05 0.105265 0.376989 0.0094983 0.137945 9.99821E-05
9.99821E-05 0.342382 0.182354 0.00217331 9.99821E-05 0.240182 0.232709
9.99821E-05 0.0425531 0.0957842 0.735975 9.99821E-05 0.00669323 0.118795
