0.291682 9.9991E-05 0.0775107 0.556003 0.0747047
0.119051 0.0174906 0.0353451 0.404789 0.423324
9.99821E-05 0.223817 0.288391 0.487592 9.99821E-05
0.20781 0.165918 0.119953 0.259659 0.24666
0.0188694 9.9991E-05 0.18897 0.391007 0.401053
9.999E-05 0.184952 0.117877 0.58839 0.108681
0.182841 9.99911E-05 0.12151 0.169945 0.525604
0.275925 9.99731E-05 9.99731E-05 0.723775 9.99731E-05
0.556866 0.214826 0.128732 9.99911E-05 0.0994756
9.999E-05 0.474537 0.0180979 0.233144 0.27412
0.140595 0.38918 0.17137 0.235643 0.0632124
0.710985 9.99821E-05 0.0255296 9.99821E-05 0.263286
0.623945 9.99911E-05 0.11592 0.0467991 0.213236
9.99821E-05 9.99821E-05 0.0198093 0.333367 0.646624
0.638138 0.209908 9.99911E-05 0.021763 0.130091
0.204372 9.99821E-05 0.415683 0.379746 9.99821E-05
0.216846 0.244622 0.191929 0.0090452 0.337558
9.999E-05 0.141896 0.00937004 0.410168 0.438466
0.543024 9.99731E-05 9.99731E-05 0.456677 9.99731E-05
0.0381978 0.190942 0.00963693 0.429502 0.331721
9.99732E-05 0.520604 9.99732E-05 9.99732E-05 0.479096
0.539703 0.107787 0.151808 0.200602 9.9991E-05
0.148967 0.190099 0.310305 0.113416 0.237212
9.99821E-05 9.99821E-05 0.779829 0.00820933 0.211762
0.043558 0.315489 0.48962 0.151232 9.9991E-05
0.34549 9.9991E-05 0.179009 0.271258 0.204144
0.0290571 0.0979532 0.00790261 0.322755 0.542332
9.99822E-05 0.193431 9.99822E-05 0.708704 0.0976648
0.309609 0.248386 9.9991E-05 0.365078 0.0768278
0.253221 0.00408571 0.742493 9.99821E-05 9.99821E-05
9.99821E-05 0.227959 9.99821E-05 0.406275 0.365566
0.274402 9.99821E-05 9.99821E-05 0.356467 0.368931
0.257899 0.464005 0.153456 9.99911E-05 0.12454
0.325727 9.99911E-05 0.08508 0.522967 0.0661263
9.9982E-05 9.9982E-05 0.322727 0.567482 0.109591
9.99732E-05 9.99732E-05 9.99732E-05 0.254108 0.745592
0.0173722 0.0430584 9.99911E-05 0.735019 0.20445
0.00240206 0.53862 0.282793 0.176085 9.9991E-05
0.191964 0.0225279 0.0588485 0.468503 0.258156
9.9991E-05 0.176364 0.122904 0.622381 0.0782507
0.235985 0.0795204 0.229051 9.99911E-05 0.455344
0.296526 0.27494 0.0345972 9.9991E-05 0.393837
9.9991E-05 0.074713 0.0647834 0.186102 0.674302
0.0819178 0.164734 0.00174986 0.513257 0.238342
0.405016 0.0446352 0.0742598 0.28392 0.192169
0.269704 9.99911E-05 0.0741021 0.44836 0.207733
0.361605 9.9991E-05 0.0467168 0.250834 0.340745
0.275053 0.131975 9.99821E-05 9.99821E-05 0.592773
0.548602 9.99822E-05 9.99822E-05 0.387038 0.0641593
9.99731E-05 9.99731E-05 9.99731E-05 0.75235 0.24735
0.145566 0.0554868 0.272614 0.526233 9.9991E-05
9.99821E-05 0.468853 0.0409298 9.99821E-05 0.490017
0.469027 0.032944 0.308183 0.125575 0.0642711
0.419259 9.99821E-05 0.0618665 0.518674 9.99821E-05
0.0019832 0.0607772 9.99911E-05 0.264999 0.672141
0.381721 0.0834153 9.99911E-05 0.1803 0.354464
0.0971186 0.054299 0.115493 0.106322 0.626768
0.127903 9.99733E-05 9.99733E-05 9.99733E-05 0.871797
9.9982E-05 0.14109 9.9982E-05 0.482092 0.376618
0.0508091 0.108175 0.018293 0.348867 0.473856
0.215493 0.0754142 0.111351 0.540793 0.0569489
0.0312875 9.99821E-05 0.141241 9.99821E-05 0.827271
0.601402 0.0119982 9.99821E-05 9.99821E-05 0.3864
0.100109 9.99911E-05 0.515154 0.371216 0.0134214
9.99911E-05 0.0663536 0.137087 0.776668 0.0197919
0.670487 0.031861 0.0554709 9.9991E-05 0.242081
9.9982E-05 9.9982E-05 0.0352756 0.658228 0.306296
0.253043 9.99821E-05 9.99821E-05 0.391326 0.35543
0.625488 9.99731E-05 9.99731E-05 0.374212 9.99731E-05
0.204909 0.329861 0.0639762 0.25802 0.143233
0.320237 0.16788 9.9991E-05 0.0988505 0.412932
0.635852 9.99731E-05 9.99731E-05 9.99731E-05 0.363848
9.99733E-05 9.99733E-05 9.99733E-05 0.442444 0.557256
0.379487 9.99821E-05 9.99821E-05 0.372059 0.248254
9.99732E-05 9.99732E-05 0.256238 0.743462 9.99732E-05
0.35002 9.99821E-05 9.99821E-05 0.254753 0.395027
0.891609 9.99733E-05 0.108091 9.99733E-05 9.99733E-05
0.179765 0.333744 0.0824543 0.0233118 0.380725
0.275644 0.382772 0.0291872 0.269757 0.0426394
0.151094 0.107824 9.9991E-05 0.493245 0.247737
9.99732E-05 9.99732E-05 9.99732E-05 0.628173 0.371527
0.321574 0.116044 0.161397 0.166781 0.234204
9.99822E-05 0.16982 9.99822E-05 0.429731 0.400249
0.696992 0.0446128 0.213557 0.0447378 9.9991E-05
0.0900127 9.9991E-05 0.192208 0.131564 0.586116
0.359751 0.0185375 9.9991E-05 0.208473 0.413139
0.134012 0.258653 9.99821E-05 9.99821E-05 0.607136
0.150615 9.99821E-05 0.59133 9.99821E-05 0.257855
0.228916 0.392526 0.0994147 0.279044 9.99911E-05
0.613766 0.385926 0.000107498 9.9982E-05 9.9982E-05
0.0428024 9.99822E-05 0.911635 0.0453628 9.99822E-05
0.0468298 0.0778645 0.188074 9.99911E-05 0.687132
0.47298 0.048045 0.176439 9.99911E-05 0.302436
9.9991E-05 0.487546 0.0583139 0.000648815 0.453391
0.472157 0.137712 0.0309377 9.9991E-05 0.359093
0.313015 0.127421 0.0307222 0.225006 0.303836
9.9991E-05 0.297639 0.217774 0.178013 0.306474
0.295165 0.168347 9.9991E-05 0.115269 0.421118
9.99731E-05 9.99731E-05 0.449631 0.550069 9.99731E-05
0.0706929 0.0504148 0.469839 0.0277956 0.381257
9.99911E-05 0.448327 0.151702 0.0322661 0.367605
9.99732E-05 0.094062 0.905638 9.99732E-05 9.99732E-05
0.147341 0.622535 0.121692 9.99911E-05 0.108332
9.99731E-05 0.968069 0.0316306 9.99731E-05 9.99731E-05
0.0820999 0.0417471 9.99821E-05 0.875953 9.99821E-05
0.534979 9.9991E-05 0.108409 0.147599 0.208914
0.180919 9.99821E-05 9.99821E-05 0.506319 0.312562
9.99821E-05 0.252247 0.0268677 0.720686 9.99821E-05
0.581547 9.99732E-05 9.99732E-05 0.418153 9.99732E-05
0.159429 0.473197 0.112451 0.254823 9.99911E-05
0.00930413 9.99911E-05 0.381139 0.209358 0.400099
0.160405 9.99821E-05 0.13952 0.699874 9.99821E-05
9.99732E-05 9.99732E-05 0.628276 0.371425 9.99732E-05
0.10948 9.99911E-05 0.0620491 0.805113 0.0232575
9.997E-05 9.997E-05 0.9996 9.997E-05 9.997E-05
0.272338 0.369238 9.99911E-05 0.011255 0.347069
0.525695 0.00791621 9.9991E-05 0.309894 0.156395
0.477122 9.99821E-05 9.99821E-05 0.417444 0.105234
0.369592 0.0231969 0.19944 0.407671 9.9991E-05
9.9991E-05 0.142974 0.0767431 0.557289 0.222893
0.258946 9.9991E-05 0.526192 0.0935734 0.121189
9.9991E-05 0.139479 0.141619 0.217883 0.50092
9.9991E-05 0.0326009 0.160302 0.764898 0.0420989
0.0601885 0.0851017 9.99911E-05 0.348548 0.506061
0.348225 0.217477 0.142933 9.9991E-05 0.291265
0.362893 0.141085 9.9991E-05 0.247668 0.248254
0.291626 9.99822E-05 0.0370751 9.99822E-05 0.671099
0.155127 0.0563708 9.9991E-05 0.535089 0.253313
9.99911E-05 0.358247 0.209658 0.304409 0.127586
0.0938402 0.176274 0.280439 0.312925 0.136522
0.378314 0.149729 9.99821E-05 9.99821E-05 0.471757
9.9991E-05 0.00309104 0.144963 0.408657 0.443189
0.363727 0.159209 9.99911E-05 0.2856 0.191363
0.19624 0.558411 9.99821E-05 0.245148 9.99821E-05
0.157634 0.486013 9.9982E-05 9.9982E-05 0.356153
9.99821E-05 0.136261 9.99821E-05 0.840876 0.0226626
9.99732E-05 0.00314733 9.99732E-05 0.996553 9.99732E-05
9.99821E-05 0.0976742 0.0247093 0.877417 9.99821E-05
0.516703 0.116859 9.99821E-05 9.99821E-05 0.366238
0.24927 9.99821E-05 0.0160045 0.734526 9.99821E-05
9.99822E-05 0.270251 0.016052 0.713497 9.99822E-05
0.174501 0.256701 0.360431 0.0431596 0.165208
0.230898 0.398252 0.03815 9.9991E-05 0.3326
0.208609 0.483304 0.116062 9.99911E-05 0.191925
9.9991E-05 0.028899 0.616523 0.336694 0.0177842
0.371057 0.143175 0.0150093 0.457837 0.0129221
9.997E-05 9.997E-05 9.997E-05 9.997E-05 0.9996
9.99911E-05 0.295768 0.125123 0.575527 0.00348196
9.99821E-05 9.99821E-05 0.283634 0.212019 0.504147
0.078415 0.253105 9.99911E-05 0.153969 0.51441
0.508073 0.189754 9.99911E-05 0.138126 0.163947
0.610521 9.99821E-05 9.99821E-05 0.071903 0.317376
0.0234535 0.0836341 9.9991E-05 0.790052 0.102761
0.260172 0.0688091 9.9991E-05 0.521127 0.149793
9.99821E-05 9.99821E-05 0.320804 0.058539 0.620457
0.0115536 0.448953 9.9991E-05 0.319651 0.219742
9.9991E-05 0.206876 0.0717561 0.488947 0.232321
0.104738 0.203769 9.99911E-05 0.337366 0.354027
0.0788948 9.99732E-05 9.99732E-05 0.920805 9.99732E-05
0.431495 0.234245 0.23529 0.0748891 0.0240808
9.997E-05 9.997E-05 9.997E-05 9.997E-05 0.9996
0.547586 9.99821E-05 9.99821E-05 0.255831 0.196384
0.2245 9.9991E-05 0.0602368 0.700438 0.0147255
0.34746 0.116844 9.99911E-05 0.0881471 0.447449
0.620631 0.0682241 9.99822E-05 9.99822E-05 0.310945
0.511824 9.9991E-05 0.221159 0.0872072 0.17971
9.99911E-05 0.0177727 0.109156 0.705183 0.167788
0.142348 0.128213 9.99822E-05 0.729239 9.99822E-05
9.99733E-05 0.0969151 9.99733E-05 9.99733E-05 0.902785
9.9991E-05 0.121394 0.138531 0.492544 0.24743
0.295085 0.0925638 0.0692684 0.542983 9.99911E-05
0.380456 9.99821E-05 9.99821E-05 0.494238 0.125106
0.204974 0.335505 9.9991E-05 0.290637 0.168783
0.104299 9.9991E-05 0.182194 0.523839 0.189568
0.671012 9.99821E-05 0.0808017 0.247987 9.99821E-05
0.269295 9.99822E-05 0.0108013 0.719704 9.99822E-05
0.184767 0.0142839 0.360642 0.22819 0.212117
9.99821E-05 0.889349 0.0157723 9.99821E-05 0.0946789
9.99911E-05 0.110371 0.0638853 0.439417 0.386226
0.174675 0.362029 9.99821E-05 9.99821E-05 0.463096
9.997E-05 9.997E-05 9.997E-05 9.997E-05 0.9996
0.300571 0.0592967 9.9991E-05 0.342219 0.297813
0.259158 9.9991E-05 0.191121 0.274922 0.274699
0.261277 0.0388547 0.0764836 0.4884 0.134984
9.99731E-05 0.923059 9.99731E-05 0.0766407 9.99731E-05
0.730417 9.99821E-05 9.99821E-05 0.206205 0.0631772
0.054523 0.073932 9.99911E-05 0.750138 0.121307
0.0201227 0.283554 0.262379 0.412675 0.02127
9.9991E-05 0.139727 0.10356 0.361012 0.3956
