0.412614 0.100016 0.307371 0.179899 9.9991E-05
0.28132 0.263418 0.09116 0.355895 0.00820656
0.218001 9.99911E-05 0.316446 0.202235 0.263217
0.234239 9.9991E-05 0.404565 0.313758 0.0473381
0.342095 0.441622 0.214382 0.00180035 9.9991E-05
0.354455 0.331381 0.154647 9.9991E-05 0.159418
0.285766 0.410187 0.188057 0.115891 9.99911E-05
0.820182 0.0879893 9.99821E-05 0.0916284 9.99821E-05
9.99821E-05 0.307319 9.99821E-05 0.39499 0.297491
9.99821E-05 9.99821E-05 0.0239766 0.496237 0.479587
0.212341 9.9991E-05 0.162397 0.225832 0.39933
0.33432 0.0533106 9.99821E-05 0.612169 9.99821E-05
0.461304 0.139319 0.0345028 0.364774 9.9991E-05
0.227856 0.496213 0.0761223 0.199709 9.9991E-05
0.458023 0.0658871 9.99911E-05 0.404464 0.0715262
0.536074 9.99822E-05 0.360277 0.103449 9.99822E-05
0.338589 9.9991E-05 0.228224 0.372121 0.0609655
0.114211 0.0427688 0.298626 0.308462 0.235932
0.44361 9.99821E-05 9.99821E-05 0.505248 0.0509415
0.615707 0.202015 9.9991E-05 0.0363691 0.145809
9.99821E-05 0.302522 9.99821E-05 0.119173 0.578106
0.448236 9.99821E-05 9.99821E-05 0.264975 0.28659
0.033874 9.9991E-05 0.428423 0.322265 0.215338
0.0167386 0.423701 0.559361 9.99821E-05 9.99821E-05
0.30156 0.208422 0.349602 9.9991E-05 0.140316
0.355891 9.9991E-05 0.344167 0.129588 0.170254
9.99821E-05 9.99821E-05 0.114785 0.692696 0.192319
0.227931 0.292764 9.99911E-05 0.219618 0.259587
0.740062 9.99821E-05 9.99821E-05 0.150451 0.109287
9.99821E-05 9.99821E-05 0.981154 0.0126647 0.00598121
0.0954857 0.822257 9.99821E-05 9.99821E-05 0.0820574
0.306882 0.0704524 0.158146 0.390141 0.0743784
0.0561538 0.0695158 0.0699094 0.0583214 0.7461
0.695319 0.00650617 0.0623672 0.235708 9.99911E-05
0.226914 0.0932315 0.590126 0.0896278 9.9991E-05
0.0573598 0.265345 0.198533 0.475483 0.00327894
0.306363 0.43025 0.0443769 0.157522 0.0614878
9.99731E-05 9.99731E-05 0.241809 9.99731E-05 0.757891
0.411807 0.320873 0.10713 0.139637 0.0205531
0.607043 0.0412309 0.281685 9.9991E-05 0.0699412
9.99822E-05 9.99822E-05 0.275504 0.720782 0.00351324
9.99821E-05 9.99821E-05 0.133862 0.731417 0.134522
0.202215 0.305168 9.9991E-05 0.304006 0.188511
0.327706 0.0444466 0.114771 0.337101 0.175976
0.534779 9.99732E-05 9.99732E-05 0.464921 9.99732E-05
0.618575 9.99821E-05 0.0689052 0.31232 9.99821E-05
0.193599 9.99821E-05 0.122607 0.683594 9.99821E-05
9.9982E-05 0.18212 9.9982E-05 0.627317 0.190362
0.565543 9.99733E-05 9.99733E-05 0.434157 9.99733E-05
0.755422 0.0151938 0.0913318 0.137953 9.9991E-05
0.525512 9.99731E-05 0.474188 9.99731E-05 9.99731E-05
9.9991E-05 0.407577 0.0151129 0.107408 0.469803
0.0842326 9.9991E-05 0.390986 0.427019 0.0976623
0.719804 9.99731E-05 0.279897 9.99731E-05 9.99731E-05
0.195513 0.786926 9.9991E-05 0.0106432 0.00681774
0.169615 0.234246 9.99911E-05 0.408942 0.187096
0.237528 0.378938 0.363649 9.9991E-05 0.0197848
0.0570646 0.753966 9.99822E-05 0.188769 9.99822E-05
0.294683 0.423897 9.9991E-05 0.13958 0.14174
0.182806 0.281729 0.0676932 0.37941 0.0883616
0.651842 9.99911E-05 0.127531 0.191931 0.0285956
9.99821E-05 0.000171937 0.177055 0.822573 9.99821E-05
0.0409768 9.9982E-05 9.9982E-05 0.750973 0.20785
0.0571926 0.125499 0.817108 9.99821E-05 9.99821E-05
0.581423 9.99911E-05 0.0987919 0.0604438 0.259241
0.152678 9.99821E-05 0.201653 0.64547 9.99821E-05
0.411547 0.251477 0.288749 9.9991E-05 0.0481263
0.293199 9.99911E-05 0.029206 0.629395 0.0480995
0.901254 9.99731E-05 9.99731E-05 0.0984459 9.99731E-05
0.469942 9.99911E-05 0.0460116 0.246735 0.237211
0.0927528 0.306287 9.9991E-05 0.423226 0.177633
9.99732E-05 0.0159189 9.99732E-05 0.983781 9.99732E-05
0.265644 0.734056 9.99732E-05 9.99732E-05 9.99732E-05
0.542271 0.0949184 9.99821E-05 0.362611 9.99821E-05
0.42301 0.257879 0.318911 9.99821E-05 9.99821E-05
0.21695 0.337388 9.99821E-05 0.445462 9.99821E-05
0.330141 9.99822E-05 0.198612 0.471047 9.99822E-05
9.9991E-05 0.202272 0.0717235 0.38519 0.340714
0.572451 0.132207 0.030095 0.110128 0.155119
0.459275 0.338787 9.9991E-05 0.196552 0.00528581
0.726628 9.99821E-05 0.024105 0.249067 9.99821E-05
0.36169 0.207292 0.198763 0.0783773 0.153878
0.171274 0.680491 9.99911E-05 0.00556637 0.142569
0.610112 9.99911E-05 0.186235 0.0219529 0.181599
9.99821E-05 0.25291 0.140723 0.606167 9.99821E-05
0.0599993 9.9982E-05 0.0848236 0.854977 9.9982E-05
0.0138434 0.371117 0.0953117 0.140904 0.378825
0.0335161 0.34993 0.567171 0.0492837 9.9991E-05
0.585785 9.99821E-05 0.177043 9.99821E-05 0.236972
0.383532 9.99821E-05 9.99821E-05 0.0578081 0.55846
9.997E-05 9.997E-05 0.9996 9.997E-05 9.997E-05
0.117709 0.574755 0.140046 0.133359 0.0341301
0.239525 0.0356613 0.253943 0.470771 9.99911E-05
9.9991E-05 0.181609 0.11228 0.327401 0.37861
0.156125 9.9991E-05 0.152114 0.627993 0.0636679
0.297818 0.250478 0.000629485 0.295183 0.155891
0.130384 0.164152 0.171799 0.177102 0.356562
0.0953779 9.9991E-05 0.0280872 0.733857 0.142578
0.259251 0.063642 0.666315 0.0106916 9.9991E-05
9.9991E-05 0.102423 0.422345 0.13716 0.337973
9.99732E-05 0.669927 9.99732E-05 9.99732E-05 0.329773
9.99732E-05 9.99732E-05 0.822792 9.99732E-05 0.176908
9.99732E-05 0.111842 9.99732E-05 9.99732E-05 0.887858
9.997E-05 9.997E-05 9.997E-05 9.997E-05 0.9996
0.646831 9.9991E-05 0.0535857 0.253481 0.0460022
0.211126 9.9991E-05 0.213138 0.517773 0.0578624
0.305447 0.523095 9.99821E-05 0.171258 9.99821E-05
0.712592 9.99821E-05 9.99821E-05 0.0837603 0.203448
0.943939 0.0392043 9.99821E-05 9.99821E-05 0.0166567
0.420358 9.99821E-05 0.166894 9.99821E-05 0.412548
0.0463142 0.589724 0.30262 0.0612416 9.99911E-05
0.537507 0.144047 0.298989 0.0193565 9.99911E-05
0.348076 9.99732E-05 0.651624 9.99732E-05 9.99732E-05
0.713588 0.140506 0.0827328 9.9991E-05 0.0630733
9.997E-05 9.997E-05 0.9996 9.997E-05 9.997E-05
0.283403 0.0881403 9.99911E-05 0.287205 0.341151
0.217822 9.99821E-05 0.154486 0.627492 9.99821E-05
0.533255 0.0561476 9.99911E-05 0.297815 0.112683
0.457812 9.9991E-05 0.277679 0.0569848 0.207423
0.545651 0.279284 0.0331164 0.0508601 0.0910884
0.0337444 9.9991E-05 0.598991 0.16286 0.204304
0.164684 0.539899 0.295217 9.99821E-05 9.99821E-05
0.787007 0.0589861 0.153807 9.99821E-05 9.99821E-05
0.170069 0.468218 9.99911E-05 0.136767 0.224846
0.0904048 9.99911E-05 0.30242 0.360842 0.246233
9.9991E-05 0.129757 0.00374289 0.500255 0.366144
9.99732E-05 9.99732E-05 0.243938 0.755762 9.99732E-05
0.855063 0.0494774 0.0186551 0.0767045 9.9991E-05
0.245917 9.99822E-05 0.364241 9.99822E-05 0.389642
0.457498 9.99911E-05 0.185022 0.0755195 0.281861
9.99821E-05 0.122669 9.99821E-05 0.57592 0.30121
0.245741 0.190754 0.00794585 0.347773 0.207786
0.256029 9.99821E-05 9.99821E-05 0.585035 0.158736
0.39501 9.99821E-05 9.99821E-05 0.154037 0.450753
9.99821E-05 0.0360849 9.99821E-05 0.654708 0.309007
0.799708 9.99821E-05 0.18272 9.99821E-05 0.0173726
0.933787 9.99732E-05 9.99732E-05 9.99732E-05 0.0659126
0.903811 9.99733E-05 9.99733E-05 9.99733E-05 0.0958888
0.193958 0.484493 9.99911E-05 0.247779 0.0736692
0.833395 9.99821E-05 0.142723 0.023682 9.99821E-05
0.318571 0.443436 0.0830268 0.00292519 0.152042
0.0495354 0.141534 0.214496 0.0393752 0.55506
0.261244 0.033322 0.0448546 0.384016 0.276564
9.99732E-05 9.99732E-05 9.99732E-05 0.244518 0.755182
0.103631 9.99821E-05 0.649367 0.246802 9.99821E-05
0.835757 0.107703 9.9982E-05 9.9982E-05 0.0563403
9.99731E-05 0.421999 9.99731E-05 0.577701 9.99731E-05
0.224303 9.99911E-05 0.257141 0.218101 0.300354
0.0900687 0.597359 0.312372 9.99821E-05 9.99821E-05
0.0445262 0.396119 9.99911E-05 0.417302 0.141953
0.601934 0.245566 9.99911E-05 0.00644753 0.145952
0.0549577 9.99732E-05 9.99732E-05 0.944742 9.99732E-05
0.815072 0.0525484 9.9991E-05 0.0923784 0.0399012
0.444836 0.251075 9.99911E-05 0.0395117 0.264477
9.99732E-05 0.664121 0.335579 9.99732E-05 9.99732E-05
0.232991 9.99821E-05 9.99821E-05 0.498369 0.26844
0.223386 0.249723 0.115981 9.9991E-05 0.41081
0.357782 9.99911E-05 0.0594062 0.37985 0.202862
0.907459 0.0885784 0.00376231 9.99822E-05 9.99822E-05
0.369344 0.110987 0.135953 0.106749 0.276968
9.99731E-05 0.319458 9.99731E-05 0.680242 9.99731E-05
0.57641 9.99732E-05 9.99732E-05 0.42329 9.99732E-05
0.25709 0.408101 0.0726794 0.0135486 0.248581
0.128426 0.093156 9.99911E-05 0.705261 0.0730564
9.997E-05 9.997E-05 9.997E-05 0.9996 9.997E-05
0.311944 0.0330686 0.234533 0.420355 9.9991E-05
0.541582 0.139827 0.0854972 0.106071 0.127023
0.929589 9.99733E-05 9.99733E-05 9.99733E-05 0.0701108
0.0875029 0.912197 9.99732E-05 9.99732E-05 9.99732E-05
0.230953 0.253357 0.217693 0.227053 0.0709429
0.798929 9.99732E-05 0.200771 9.99732E-05 9.99732E-05
0.808433 0.0573087 9.99821E-05 9.99821E-05 0.134058
0.285312 0.0624812 9.9991E-05 0.205289 0.446818
0.260193 0.158758 0.341636 0.215406 0.0240078
0.747661 9.99821E-05 0.132716 9.99821E-05 0.119424
0.728846 0.270854 9.99732E-05 9.99732E-05 9.99732E-05
0.442408 0.140932 0.355584 9.99911E-05 0.0609762
0.103394 0.158158 9.99821E-05 9.99821E-05 0.738248
0.165404 0.18145 0.159602 0.366535 0.12701
9.99732E-05 9.99732E-05 9.99732E-05 0.631314 0.368387
9.99732E-05 0.213826 9.99732E-05 0.785874 9.99732E-05
0.333138 0.0691383 0.0485455 0.309637 0.239541
0.342699 0.0947825 0.125078 0.43734 9.9991E-05
0.722902 0.0674954 0.0388381 0.139599 0.0311648
0.228932 9.99731E-05 9.99731E-05 9.99731E-05 0.770768
0.489536 9.99733E-05 9.99733E-05 0.510164 9.99733E-05
0.548951 0.187359 9.9991E-05 0.175103 0.0884873
0.431135 0.345394 0.211637 9.99911E-05 0.011734
0.0827771 0.527833 0.172717 9.9991E-05 0.216573
