0.0833204 0.0126165 9.99821E-05 9.99821E-05 0.815423 0.08844
0.0748436 0.0820669 0.105338 9.9991E-05 0.391607 0.346044
0.163451 0.242112 0.0472094 0.28401 0.263118 9.99911E-05
9.99732E-05 0.154087 9.99732E-05 0.0853412 0.760272 9.99732E-05
0.195207 0.207671 9.99821E-05 9.99821E-05 0.458672 0.13825
9.9973E-05 9.9973E-05 9.9973E-05 0.149478 0.743061 0.107162
0.108085 0.394346 0.180361 9.99911E-05 0.251811 0.0652973
9.99731E-05 0.0575728 0.228922 9.99731E-05 0.713205 9.99731E-05
0.177065 0.022057 9.99911E-05 0.110928 0.364945 0.324905
0.137443 0.443744 9.99821E-05 0.325112 9.99821E-05 0.0935017
9.9973E-05 0.315442 9.9973E-05 0.614777 0.0694804 9.9973E-05
0.0584225 0.516765 9.99821E-05 9.99821E-05 0.265419 0.159194
9.99821E-05 0.0633073 9.99821E-05 0.0279249 0.786735 0.121833
0.102054 0.334458 0.0405595 0.00317909 0.519649 9.9991E-05
9.99822E-05 0.352339 0.170188 9.99822E-05 0.462649 0.0146227
0.180706 0.30483 0.188226 9.99821E-05 0.326038 9.99821E-05
0.0878811 0.238201 0.0544459 0.0333974 0.491763 0.0943115
0.174218 0.494304 0.275458 0.0558208 9.99821E-05 9.99821E-05
9.99731E-05 9.99731E-05 0.0325398 9.99731E-05 0.567005 0.400156
0.0130523 0.198599 0.178987 0.0102443 0.599017 9.9991E-05
0.0173551 0.237709 9.99821E-05 0.650066 0.09467 9.99821E-05
0.155998 0.0669514 0.247619 0.0551747 9.9991E-05 0.474157
0.143188 9.99821E-05 9.99821E-05 0.00791297 0.637355 0.211344
0.572365 9.99642E-05 9.99642E-05 9.99642E-05 0.427235 9.99642E-05
0.175735 0.159462 9.99821E-05 0.574666 0.0899365 9.99821E-05
0.451824 0.138218 0.0652314 0.0416336 0.302993 9.9991E-05
0.098671 0.534584 0.131751 9.9982E-05 9.9982E-05 0.234794
9.99821E-05 9.99821E-05 0.173649 0.174339 0.400619 0.251193
9.9991E-05 0.00504344 0.377517 0.389741 0.0597104 0.167888
0.860489 0.112988 0.00506761 9.99821E-05 0.0212557 9.99821E-05
9.99821E-05 0.188048 0.165036 0.349204 9.99821E-05 0.297512
9.99821E-05 0.402866 0.326427 9.99821E-05 0.150912 0.119595
0.26972 0.148137 0.0915487 0.105822 9.9991E-05 0.384673
9.99732E-05 0.281289 0.122188 9.99732E-05 0.596224 9.99732E-05
0.0698769 0.0638852 9.99731E-05 9.99731E-05 0.865938 9.99731E-05
9.99732E-05 0.123876 9.99732E-05 9.99732E-05 0.773165 0.102658
0.049791 0.00597074 0.524215 9.99821E-05 9.99821E-05 0.419824
0.210905 9.99821E-05 0.0923307 0.308155 9.99821E-05 0.388409
0.0675849 0.361919 0.14683 0.034901 0.388665 9.9991E-05
9.99731E-05 9.99731E-05 0.127846 0.121479 0.750375 9.99731E-05
0.322963 0.223466 9.99911E-05 0.00881322 0.0755132 0.369144
0.090306 0.790517 9.99732E-05 0.118877 9.99732E-05 9.99732E-05
0.0605481 0.0775146 0.0167089 9.9991E-05 0.484722 0.360407
9.99821E-05 0.210507 0.210385 0.192602 0.386307 9.99821E-05
9.9991E-05 0.299451 0.296113 0.0415581 0.323367 0.0394108
0.00232068 0.299112 0.20126 9.99821E-05 0.497107 9.99821E-05
0.119665 0.528628 0.0157804 9.99821E-05 0.335726 9.99821E-05
9.9991E-05 0.594765 0.0326338 0.120733 0.135177 0.116592
9.99643E-05 0.544197 0.455403 9.99643E-05 9.99643E-05 9.99643E-05
9.99731E-05 0.136081 0.053856 9.99731E-05 0.809763 9.99731E-05
0.120452 9.99821E-05 0.181673 0.0186888 0.678986 9.99821E-05
0.0295963 0.182394 9.9991E-05 0.400986 0.000942001 0.385982
0.221453 9.9973E-05 9.9973E-05 9.9973E-05 0.320702 0.457545
9.99731E-05 9.99731E-05 0.117977 0.150724 0.730999 9.99731E-05
9.99821E-05 0.272861 0.292309 0.056271 9.99821E-05 0.378359
9.99821E-05 0.0568565 0.313307 0.00332926 9.99821E-05 0.626307
0.00190223 9.99821E-05 9.99821E-05 0.153501 0.734323 0.110073
9.99821E-05 0.0660198 9.99821E-05 0.0301128 0.0479111 0.855756
9.9991E-05 0.450778 0.232383 0.0955166 0.185783 0.0354399
9.99731E-05 0.130644 9.99731E-05 0.236559 0.632497 9.99731E-05
9.99732E-05 9.99732E-05 0.109247 0.295605 0.594849 9.99732E-05
0.164825 0.659279 9.9982E-05 9.9982E-05 0.0397261 0.13597
9.9982E-05 0.391271 0.0343419 9.9982E-05 0.0565063 0.517681
0.53604 9.99821E-05 0.04376 0.254349 0.165652 9.99821E-05
0.183055 0.0436429 0.250358 9.9991E-05 0.257273 0.265572
0.084782 0.446344 0.0301514 0.135946 0.302677 9.99911E-05
0.157038 9.99731E-05 9.99731E-05 0.319327 0.523336 9.99731E-05
9.99821E-05 0.634759 0.103537 0.00740693 0.254097 9.99821E-05
9.99821E-05 0.239291 0.397163 9.99821E-05 0.264608 0.0987377
0.112566 0.265661 0.322339 0.232716 0.0666177 9.9991E-05
0.0306646 0.642966 9.99821E-05 0.0835751 0.242594 9.99821E-05
0.073633 0.925967 9.99642E-05 9.99642E-05 9.99642E-05 9.99642E-05
9.99732E-05 9.99732E-05 0.202547 9.99732E-05 0.0368486 0.760304
9.99731E-05 0.34056 0.522692 9.99731E-05 0.136447 9.99731E-05
0.0579145 9.99644E-05 9.99644E-05 9.99644E-05 0.941686 9.99644E-05
9.99821E-05 0.610352 0.0984484 9.99821E-05 0.198371 0.0926286
0.222738 0.246829 0.277904 9.99822E-05 0.252329 9.99822E-05
9.99821E-05 0.291657 9.99821E-05 0.355928 0.135559 0.216655
9.99731E-05 9.99731E-05 0.00147474 0.296072 0.702154 9.99731E-05
9.99821E-05 9.99821E-05 0.162287 0.103615 0.570065 0.163833
9.99821E-05 0.280173 0.234745 9.99821E-05 0.413492 0.0713899
0.0991524 0.131243 0.0566994 0.204457 0.508348 9.99911E-05
9.99821E-05 9.99821E-05 0.176064 0.260641 0.272109 0.290986
0.354292 9.9991E-05 0.156192 0.105277 0.257089 0.127049
0.112585 0.613009 9.99731E-05 9.99731E-05 0.274106 9.99731E-05
9.99731E-05 0.367066 9.99731E-05 9.99731E-05 0.538143 0.0944915
9.99821E-05 0.0306614 9.99821E-05 0.0485744 0.263319 0.657246
0.241619 9.99731E-05 9.99731E-05 9.99731E-05 0.666791 0.0912898
0.238737 0.0212491 0.0585412 0.397214 0.284159 9.99911E-05
0.0472787 9.9991E-05 0.235429 0.194672 0.127655 0.394865
0.870875 9.99642E-05 0.128725 9.99642E-05 9.99642E-05 9.99642E-05
0.212953 0.520204 9.99911E-05 0.127387 0.138053 0.00130378
0.172099 0.827501 9.99643E-05 9.99643E-05 9.99643E-05 9.99643E-05
0.0158496 9.99821E-05 9.99821E-05 0.243369 0.426441 0.31414
0.0689143 0.667495 9.9973E-05 9.9973E-05 9.9973E-05 0.263291
9.99821E-05 0.0805134 9.99821E-05 0.0201393 0.621801 0.277346
0.303599 0.188754 9.9991E-05 0.00295002 0.0447748 0.459821
9.99821E-05 0.618203 0.0148477 0.0173327 0.349417 9.99821E-05
0.457739 0.117561 0.135088 9.9982E-05 0.289412 9.9982E-05
0.503231 0.134955 9.9973E-05 9.9973E-05 9.9973E-05 0.361514
0.176085 9.99731E-05 9.99731E-05 0.0649317 9.99731E-05 0.758683
0.901443 9.99642E-05 9.99642E-05 0.098157 9.99642E-05 9.99642E-05
0.143663 9.99731E-05 9.99731E-05 0.177889 9.99731E-05 0.678148
0.00171578 9.99731E-05 9.99731E-05 0.938246 9.99731E-05 0.0597381
9.9982E-05 0.108828 0.125142 9.9982E-05 0.604705 0.161125
0.0546649 0.38794 0.0834189 9.9991E-05 0.453022 0.0208545
9.99821E-05 0.217807 0.166515 9.99821E-05 0.272056 0.343422
9.99821E-05 9.99821E-05 0.347519 0.110643 0.211646 0.329992
9.99731E-05 9.99731E-05 0.537949 0.194433 0.267318 9.99731E-05
0.167615 0.164793 0.28244 0.378184 0.00686831 9.9991E-05
0.477732 0.167982 0.0517546 9.99911E-05 0.0347757 0.267656
9.99642E-05 9.99642E-05 0.110057 9.99642E-05 0.889543 9.99642E-05
0.60771 9.99731E-05 0.223516 0.168474 9.99731E-05 9.99731E-05
9.99642E-05 9.99642E-05 0.438725 9.99642E-05 0.560875 9.99642E-05
0.918752 9.99641E-05 9.99641E-05 9.99641E-05 9.99641E-05 0.0808478
9.99821E-05 0.346349 9.99821E-05 0.535729 0.0823562 0.0353656
9.99732E-05 0.0352091 9.99732E-05 9.99732E-05 0.954359 0.0101316
9.99821E-05 0.284115 0.12091 9.99821E-05 0.1976 0.397175
0.186285 0.186135 0.435388 0.168035 9.9991E-05 0.0240573
9.99821E-05 9.99821E-05 0.172968 0.019024 0.689441 0.118367
0.522221 0.191899 9.9982E-05 9.9982E-05 0.157426 0.128254
0.0185975 9.99821E-05 9.99821E-05 0.0203141 0.780543 0.180346
9.99731E-05 9.99731E-05 0.330482 0.00626938 0.662949 9.99731E-05
9.99821E-05 0.382325 0.312607 9.99821E-05 0.195582 0.109286
0.0304818 9.99911E-05 0.0633704 0.0944834 0.607599 0.203966
9.9973E-05 0.1245 9.9973E-05 9.9973E-05 0.46908 0.406121
0.277256 0.535975 0.186469 9.99732E-05 9.99732E-05 9.99732E-05
9.99821E-05 0.183982 0.357732 0.201193 0.256893 9.99821E-05
0.188724 9.99821E-05 0.205215 0.518832 0.0870294 9.99821E-05
0.283443 0.299776 0.208823 0.0753226 9.9991E-05 0.132535
9.99732E-05 0.547432 9.99732E-05 0.238125 9.99732E-05 0.214142
9.9982E-05 0.146187 9.9982E-05 0.196029 0.49727 0.160314
9.9991E-05 0.479693 0.0361633 0.155849 0.0801258 0.248068
9.9991E-05 0.139215 0.173802 0.193236 0.110982 0.382664
9.99821E-05 0.359316 9.99821E-05 0.188954 0.267672 0.183857
0.0585316 9.99732E-05 0.666099 9.99732E-05 0.27507 9.99732E-05
9.996E-05 9.996E-05 0.9995 9.996E-05 9.996E-05 9.996E-05
0.195215 9.99732E-05 0.74271 0.0617753 9.99732E-05 9.99732E-05
9.99822E-05 0.311135 9.99822E-05 0.257399 0.356582 0.0746844
9.99641E-05 9.99641E-05 0.433081 9.99641E-05 0.566519 9.99641E-05
9.99821E-05 0.119253 9.99821E-05 0.368843 0.232789 0.278915
0.215482 9.99821E-05 9.99821E-05 0.192958 0.0539689 0.537391
0.0964086 0.351528 9.99821E-05 9.99821E-05 0.314376 0.237487
0.191466 0.142986 9.99821E-05 0.244365 9.99821E-05 0.420983
0.391664 0.219961 9.99731E-05 9.99731E-05 0.388075 9.99731E-05
0.0246443 9.9991E-05 0.257024 0.0973011 0.571608 0.049322
9.99642E-05 0.994174 9.99642E-05 0.00542609 9.99642E-05 9.99642E-05
9.99732E-05 9.99732E-05 9.99732E-05 0.084124 0.847115 0.068461
0.138673 0.18953 9.99821E-05 0.229062 0.442536 9.99821E-05
0.0473167 0.443759 9.99911E-05 0.182826 0.102568 0.22343
9.99911E-05 0.156762 0.0497482 0.216557 0.363643 0.21319
9.99731E-05 0.38037 9.99731E-05 9.99731E-05 0.172053 0.447277
9.9991E-05 0.12724 0.58167 0.0178064 0.132265 0.140918
0.00226303 9.99821E-05 0.197472 9.99821E-05 0.32549 0.474575
0.338955 0.0334416 9.99822E-05 9.99822E-05 0.429955 0.197449
9.9991E-05 0.245028 0.375001 0.241872 0.11936 0.0186396
9.99911E-05 0.0196834 0.0568703 0.25873 0.392992 0.271624
0.0298369 0.479614 0.0839945 0.216689 0.189765 9.99911E-05
0.0349239 9.99732E-05 0.286943 9.99732E-05 0.677833 9.99732E-05
0.220204 0.193737 0.0580043 0.165498 0.346705 0.0158527
9.996E-05 0.9995 9.996E-05 9.996E-05 9.996E-05 9.996E-05
9.99641E-05 0.655395 9.99641E-05 9.99641E-05 0.344205 9.99641E-05
9.99731E-05 9.99731E-05 0.113571 9.99731E-05 0.750619 0.13551
9.99821E-05 0.577759 9.99821E-05 0.156166 0.05685 0.209026
9.99733E-05 0.535546 9.99733E-05 9.99733E-05 0.184589 0.279565
0.0561007 0.0243767 9.99821E-05 9.99821E-05 0.715798 0.203524
0.0539119 0.302325 0.410015 0.148047 0.0856015 9.9991E-05
9.996E-05 9.996E-05 0.9995 9.996E-05 9.996E-05 9.996E-05
9.99644E-05 9.99644E-05 9.99644E-05 9.99644E-05 0.369893 0.629707
0.0392801 0.228214 9.9991E-05 0.0307266 0.563 0.138679
9.99732E-05 9.99732E-05 0.242954 0.0618509 0.694895 9.99732E-05
9.99731E-05 9.99731E-05 0.662662 9.99731E-05 0.159616 0.177422
9.9991E-05 0.227696 0.194514 0.130167 0.0463981 0.401125
0.0698431 0.335598 9.99821E-05 0.0967935 0.497566 9.99821E-05
0.186794 9.99821E-05 0.330813 9.99821E-05 0.444333 0.0378596
9.99821E-05 0.139942 0.443179 9.99821E-05 0.280024 0.136655
0.145222 0.244941 0.0115462 0.042108 0.352471 0.203711
9.99641E-05 0.0310072 9.99641E-05 0.968593 9.99641E-05 9.99641E-05
0.00843331 0.0841989 0.111217 0.256864 0.539187 9.99911E-05
9.99821E-05 0.218142 9.99821E-05 0.117639 0.229731 0.434288
9.99821E-05 0.779202 0.0640557 0.0924373 9.99821E-05 0.0641052
0.0850998 0.627594 0.0205071 0.0295379 0.210029 0.0272317
0.0870071 0.318083 9.99821E-05 0.02044 0.57427 9.99821E-05
9.99732E-05 9.99732E-05 0.2507 9.99732E-05 0.511511 0.237489
9.996E-05 9.996E-05 9.996E-05 0.9995 9.996E-05 9.996E-05
9.99822E-05 0.368503 0.111863 9.99822E-05 0.46925 0.0501848
9.99731E-05 9.99731E-05 0.187755 9.99731E-05 0.55153 0.260415
0.0465012 9.99821E-05 9.99821E-05 0.226806 0.468849 0.257644
0.198656 9.99821E-05 9.99821E-05 0.0207261 0.487916 0.292502
