0.0763747 9.99552E-05 9.99552E-05 0.0246583 9.99552E-05 9.99552E-05 0.202008 0.380513 0.315946 9.99552E-05
0.0728658 0.147243 0.0744964 0.143837 9.9982E-05 9.9982E-05 0.133607 0.0868606 0.119393 0.221497
9.99731E-05 0.127053 0.267812 0.0673512 0.0186636 9.99731E-05 0.00225743 0.0262085 0.490355 9.99731E-05
9.99464E-05 9.99464E-05 9.99464E-05 0.059431 0.0374166 9.99464E-05 9.99464E-05 0.667723 0.23483 9.99464E-05
9.99641E-05 0.0776227 9.99641E-05 9.99641E-05 9.99641E-05 0.143825 0.0110029 0.261413 0.251877 0.25386
0.0390826 9.99641E-05 9.99641E-05 9.99641E-05 0.136015 0.0510233 9.99641E-05 0.618399 0.0606398 0.0944397
9.99821E-05 0.133828 0.302702 0.119442 9.99821E-05 0.197183 0.052846 0.0164234 0.0273164 0.15006
9.99374E-05 0.00332832 9.99374E-05 9.99374E-05 9.99374E-05 9.99374E-05 9.99374E-05 0.0574681 0.938504 9.99374E-05
9.99642E-05 0.0501307 9.99642E-05 0.314997 0.0119127 0.484393 0.12581 9.99642E-05 0.012357 9.99642E-05
9.99641E-05 9.99641E-05 0.328733 0.0647114 0.204139 0.107788 0.233607 0.060622 9.99641E-05 9.99641E-05
9.99731E-05 0.00306924 0.0257761 9.99731E-05 0.263091 0.192384 0.298312 0.179325 0.0377437 9.99731E-05
0.355068 9.99552E-05 0.0766024 9.99552E-05 9.99552E-05 0.0585926 0.219582 9.99552E-05 0.289655 9.99552E-05
0.0638047 0.0127448 9.99731E-05 0.185357 9.99731E-05 0.00715644 9.99731E-05 0.0843831 0.450773 0.195481
9.99372E-05 9.99372E-05 0.0989448 9.99372E-05 9.99372E-05 9.99372E-05 9.99372E-05 0.496673 9.99372E-05 0.403682
0.713204 9.99373E-05 9.99373E-05 9.99373E-05 9.99373E-05 9.99373E-05 9.99373E-05 0.122636 9.99373E-05 0.163461
0.138826 0.0633171 0.0312211 9.99732E-05 9.99732E-05 0.0404095 0.154353 0.469556 0.102018 9.99732E-05
0.240738 0.115987 9.99641E-05 9.99641E-05 0.102995 9.99641E-05 0.2645 0.120221 9.99641E-05 0.15516
9.99551E-05 0.00797187 0.270233 9.99551E-05 0.208409 9.99551E-05 0.356642 0.156245 9.99551E-05 9.99551E-05
0.0844816 9.99552E-05 9.99552E-05 0.304 9.99552E-05 0.124926 0.0577036 9.99552E-05 0.428389 9.99552E-05
9.99551E-05 0.0695339 0.367687 0.105707 9.99551E-05 9.99551E-05 9.99551E-05 0.0131004 0.443471 9.99551E-05
9.99553E-05 9.99553E-05 0.321796 0.0209174 0.168551 9.99553E-05 0.032467 0.455769 9.99553E-05 9.99553E-05
0.0493015 9.99461E-05 9.99461E-05 0.0851378 9.99461E-05 0.469835 9.99461E-05 9.99461E-05 0.395127 9.99461E-05
0.0947267 0.137527 0.0949877 0.299963 0.0365031 9.99731E-05 9.99731E-05 0.27 0.0659927 9.99731E-05
9.99372E-05 0.453072 9.99372E-05 9.99372E-05 9.99372E-05 0.0710269 9.99372E-05 0.475201 9.99372E-05 9.99372E-05
0.085589 0.247056 9.99731E-05 0.0683294 0.218809 0.0418263 0.0661464 0.271944 9.99731E-05 9.99731E-05
0.122081 0.060384 9.99462E-05 9.99462E-05 9.99462E-05 9.99462E-05 0.135005 0.68193 9.99462E-05 9.99462E-05
9.9973E-05 0.114197 9.9973E-05 0.000962374 0.00763337 0.0020758 0.658512 0.0538848 0.162435 9.9973E-05
0.0370561 9.99463E-05 9.99463E-05 9.99463E-05 9.99463E-05 0.505483 9.99463E-05 9.99463E-05 0.193114 0.263747
9.99461E-05 9.99461E-05 9.99461E-05 0.370042 0.163408 9.99461E-05 9.99461E-05 9.99461E-05 0.307787 0.158163
9.99551E-05 0.699074 9.99551E-05 9.99551E-05 0.0995822 0.00273881 0.0126697 9.99551E-05 0.185435 9.99551E-05
0.0128292 9.99463E-05 9.99463E-05 9.99463E-05 0.0548976 0.603176 9.99463E-05 0.328498 9.99463E-05 9.99463E-05
9.99462E-05 9.99462E-05 0.552559 9.99462E-05 9.99462E-05 9.99462E-05 0.010901 9.99462E-05 0.241986 0.193954
9.99552E-05 9.99552E-05 0.0821022 0.593689 9.99552E-05 0.190788 9.99552E-05 9.99552E-05 0.0835549 0.049366
9.99462E-05 9.99462E-05 0.284958 9.99462E-05 9.99462E-05 0.0967344 9.99462E-05 9.99462E-05 0.506998 0.11071
9.99373E-05 0.00238805 9.99373E-05 9.99373E-05 9.99373E-05 9.99373E-05 9.99373E-05 0.984768 0.0121441 9.99373E-05
9.99374E-05 9.99374E-05 9.99374E-05 9.99374E-05 9.99374E-05 9.99374E-05 0.114789 0.79331 9.99374E-05 0.0912012
0.0945461 9.99642E-05 9.99642E-05 0.0713639 9.99642E-05 0.457736 0.160047 0.168303 9.99642E-05 0.0476034
9.99201E-05 9.99201E-05 9.99201E-05 0.999101 9.99201E-05 9.99201E-05 9.99201E-05 9.99201E-05 9.99201E-05 9.99201E-05
0.14713 0.0998207 0.129825 0.0167538 0.0475931 0.212239 0.0423563 0.208868 0.0953136 9.9991E-05
0.0726679 9.99641E-05 9.99641E-05 0.178879 0.149719 9.99641E-05 0.0709653 0.294657 0.232712 9.99641E-05
9.99642E-05 0.298728 0.119057 9.99642E-05 0.018596 9.99642E-05 0.432107 9.99642E-05 0.00904242 0.12207
9.99462E-05 9.99462E-05 0.640547 9.99462E-05 0.000401835 0.124516 0.233936 9.99462E-05 9.99462E-05 9.99462E-05
9.9973E-05 9.9973E-05 0.0920692 9.9973E-05 0.101371 0.0841491 0.163325 0.448203 0.0496429 0.0609399
0.119455 9.99732E-05 9.99732E-05 0.0221293 0.0349683 0.136431 0.168934 0.419186 0.0985972 9.99732E-05
9.99551E-05 0.0782006 0.224686 0.271889 9.99551E-05 9.99551E-05 0.139946 9.99551E-05 0.284779 9.99551E-05
0.213515 0.0434978 0.124649 9.99731E-05 0.0663484 9.99731E-05 0.211719 0.259468 0.0805028 9.99731E-05
9.99282E-05 9.99282E-05 0.897258 9.99282E-05 9.99282E-05 9.99282E-05 9.99282E-05 0.101942 9.99282E-05 9.99282E-05
0.0552853 9.99641E-05 0.0404899 0.141494 9.99641E-05 0.155163 0.364528 0.24264 9.99641E-05 9.99641E-05
0.301199 0.0267221 0.33336 9.99553E-05 9.99553E-05 9.99553E-05 0.18085 9.99553E-05 0.15737 9.99553E-05
9.99283E-05 9.99283E-05 9.99283E-05 9.99283E-05 9.99283E-05 9.99283E-05 9.99283E-05 0.709582 0.289619 9.99283E-05
0.0454226 0.122808 9.9946E-05 9.9946E-05 9.9946E-05 9.9946E-05 9.9946E-05 0.445714 0.385455 9.9946E-05
9.99641E-05 9.99641E-05 9.99641E-05 0.144417 0.363444 9.99641E-05 0.123396 0.106571 0.0220744 0.239697
0.0351265 0.192888 9.99731E-05 0.0163714 9.99731E-05 0.112384 0.311856 0.212499 0.118575 9.99731E-05
0.144411 0.0738461 9.99462E-05 9.99462E-05 0.227098 9.99462E-05 9.99462E-05 9.99462E-05 0.554045 9.99462E-05
9.99462E-05 9.99462E-05 9.99462E-05 9.99462E-05 0.0128895 0.0270454 0.0931906 9.99462E-05 9.99462E-05 0.866275
0.353783 9.99462E-05 9.99462E-05 9.99462E-05 0.0900322 0.389815 0.16577 9.99462E-05 9.99462E-05 9.99462E-05
9.99462E-05 0.143371 9.99462E-05 9.99462E-05 0.0312242 9.99462E-05 9.99462E-05 0.532123 9.99462E-05 0.292682
9.99373E-05 9.99373E-05 9.99373E-05 9.99373E-05 9.99373E-05 0.37683 9.99373E-05 0.100707 9.99373E-05 0.521764
9.9955E-05 9.9955E-05 9.9955E-05 9.9955E-05 9.9955E-05 0.174059 0.306215 0.216258 0.146695 0.156273
9.993E-05 9.993E-05 9.993E-05 0.100935 9.993E-05 9.993E-05 0.0549935 0.843372 9.993E-05 9.993E-05
9.99552E-05 9.99552E-05 9.99552E-05 9.99552E-05 0.273788 0.0724542 0.0412523 0.17115 0.440856 9.99552E-05
9.99461E-05 0.0690492 0.141135 9.99461E-05 9.99461E-05 9.99461E-05 0.584267 0.204949 9.99461E-05 9.99461E-05
9.99371E-05 9.99371E-05 9.99371E-05 9.99371E-05 9.99371E-05 0.492921 0.148316 9.99371E-05 0.358064 9.99371E-05
9.99642E-05 0.584071 0.0173009 9.99642E-05 9.99642E-05 9.99642E-05 0.0792877 0.257892 0.0515086 0.0095392
9.99552E-05 0.0247303 0.201671 9.99552E-05 9.99552E-05 0.202477 9.99552E-05 0.0588233 0.511799 9.99552E-05
0.070498 0.0909075 9.99552E-05 0.114148 9.99552E-05 9.99552E-05 0.418912 9.99552E-05 0.305035 9.99552E-05
0.0575492 0.0341739 9.99462E-05 9.99462E-05 9.99462E-05 0.0316184 9.99462E-05 0.876059 9.99462E-05 9.99462E-05
0.0641599 9.99642E-05 9.99642E-05 0.103315 9.99642E-05 0.135789 0.34708 0.212585 0.136671 9.99642E-05
0.411682 9.99641E-05 9.99641E-05 0.0577804 9.99641E-05 0.00663659 0.204054 0.129907 0.18954 9.99641E-05
0.0986849 0.00487618 0.171754 9.99732E-05 0.12861 0.0578929 9.99732E-05 0.322463 0.215419 9.99732E-05
9.9982E-05 9.9982E-05 0.281615 0.00921338 0.025229 0.281517 0.0650183 0.0823957 0.0148888 0.239923
9.99552E-05 0.161461 0.0477003 9.99552E-05 0.0503521 9.99552E-05 0.619972 9.99552E-05 0.120015 9.99552E-05
9.99463E-05 9.99463E-05 9.99463E-05 0.211023 9.99463E-05 9.99463E-05 0.138723 9.99463E-05 0.00113681 0.648517
0.521157 0.0792619 9.99552E-05 9.99552E-05 9.99552E-05 9.99552E-05 0.187965 9.99552E-05 0.146655 0.064462
9.99643E-05 0.111911 0.115409 9.99643E-05 0.0218287 9.99643E-05 9.99643E-05 0.307619 0.274392 0.16844
0.00563522 9.99641E-05 0.0505637 9.99641E-05 9.99641E-05 0.0274317 0.453253 9.99641E-05 0.050939 0.411778
0.747055 0.217382 9.99373E-05 9.99373E-05 9.99373E-05 9.99373E-05 0.0348634 9.99373E-05 9.99373E-05 9.99373E-05
9.99641E-05 0.0826507 9.99641E-05 9.99641E-05 0.294329 0.0171717 0.485785 9.99641E-05 0.0692652 0.0503979
0.127868 9.99551E-05 9.99551E-05 9.99551E-05 0.310159 9.99551E-05 0.0138885 0.283486 0.264098 9.99551E-05
0.179747 9.99461E-05 9.99461E-05 9.99461E-05 0.0878414 9.99461E-05 9.99461E-05 9.99461E-05 0.0969916 0.63482
0.134868 9.99463E-05 9.99463E-05 9.99463E-05 9.99463E-05 9.99463E-05 0.284969 0.286594 0.292969 9.99463E-05
0.0571532 0.000372971 9.99642E-05 0.245542 0.108768 9.99642E-05 9.99642E-05 0.540177 0.0475866 9.99642E-05
0.017761 9.99463E-05 0.185053 0.264239 9.99463E-05 9.99463E-05 9.99463E-05 0.532347 9.99463E-05 9.99463E-05
0.0602068 0.0816214 0.254634 0.0415552 0.193137 9.99641E-05 9.99641E-05 9.99641E-05 0.368445 9.99641E-05
0.00183967 0.120046 0.204443 9.99731E-05 9.99731E-05 0.0550924 0.287289 0.316431 9.99731E-05 0.0145584
9.99551E-05 9.99551E-05 0.0399349 9.99551E-05 9.99551E-05 9.99551E-05 0.254812 0.397484 0.286495 0.0207732
9.99552E-05 9.99552E-05 9.99552E-05 0.297944 9.99552E-05 9.99552E-05 0.179185 0.16509 0.157062 0.200219
9.99641E-05 0.429125 9.99641E-05 9.99641E-05 9.99641E-05 0.0771195 0.0721018 0.182555 0.0912184 0.147481
0.223663 0.0127839 0.109144 0.337249 0.0801976 9.99642E-05 9.99642E-05 0.236562 9.99642E-05 9.99642E-05
9.99372E-05 9.99372E-05 0.159478 0.405561 9.99372E-05 9.99372E-05 9.99372E-05 9.99372E-05 0.434262 9.99372E-05
0.268136 0.731065 9.99284E-05 9.99284E-05 9.99284E-05 9.99284E-05 9.99284E-05 9.99284E-05 9.99284E-05 9.99284E-05
9.99553E-05 0.0347793 0.212184 9.99553E-05 9.99553E-05 9.99553E-05 0.0203934 0.456934 9.99553E-05 0.275209
9.99463E-05 9.99463E-05 0.338113 0.292404 9.99463E-05 9.99463E-05 0.229791 0.139092 9.99463E-05 9.99463E-05
9.99463E-05 9.99463E-05 9.99463E-05 0.0414194 0.226957 9.99463E-05 9.99463E-05 0.539464 0.19156 9.99463E-05
9.99641E-05 0.0163891 0.0626222 0.0276786 9.99641E-05 9.99641E-05 0.522223 9.99641E-05 0.33182 0.0388668
9.99821E-05 9.99821E-05 0.0430724 0.142198 0.0012618 0.00993196 0.0132009 0.201229 0.429436 0.15947
9.99373E-05 9.99373E-05 0.214914 9.99373E-05 9.99373E-05 0.304879 9.99373E-05 0.479507 9.99373E-05 9.99373E-05
0.179416 9.99461E-05 0.455843 9.99461E-05 9.99461E-05 9.99461E-05 0.177191 9.99461E-05 0.186951 9.99461E-05
9.99462E-05 0.340659 9.99462E-05 9.99462E-05 9.99462E-05 0.0724619 9.99462E-05 0.516022 0.0702579 9.99462E-05
9.9964E-05 0.368405 0.153655 0.224916 9.9964E-05 0.0955756 0.0313167 0.125732 9.9964E-05 9.9964E-05
9.99371E-05 9.99371E-05 9.99371E-05 9.99371E-05 9.99371E-05 0.961456 9.99371E-05 0.0251866 9.99371E-05 0.0126579
9.99372E-05 0.773891 9.99372E-05 9.99372E-05 0.103112 0.122298 9.99372E-05 9.99372E-05 9.99372E-05 9.99372E-05
9.99374E-05 9.99374E-05 9.99374E-05 0.83632 9.99374E-05 0.149592 9.99374E-05 9.99374E-05 9.99374E-05 0.0133885
9.99372E-05 9.99372E-05 9.99372E-05 0.0660006 0.890407 0.0428933 9.99372E-05 9.99372E-05 9.99372E-05 9.99372E-05
0.114812 9.99551E-05 9.99551E-05 0.00997517 9.99551E-05 9.99551E-05 0.0270666 0.412784 0.434862 9.99551E-05
0.268793 0.0981579 9.99731E-05 0.135128 9.99731E-05 0.120506 0.118793 0.135682 0.122641 9.99731E-05
9.99641E-05 9.99641E-05 0.151788 0.0687171 9.99641E-05 9.99641E-05 0.0726806 0.207075 0.33025 0.16909
9.99552E-05 9.99552E-05 0.13246 9.99552E-05 0.102285 0.433924 9.99552E-05 0.00775427 0.323077 9.99552E-05
0.397641 9.99552E-05 9.99552E-05 9.99552E-05 0.133001 0.182055 9.99552E-05 0.0838622 0.202941 9.99552E-05
0.0272634 9.99641E-05 0.180918 0.463608 0.210687 9.99641E-05 9.99641E-05 0.0323375 0.0847864 9.99641E-05
9.99552E-05 0.265278 0.255122 9.99552E-05 9.99552E-05 0.389517 9.99552E-05 9.99552E-05 0.0396436 0.0499397
0.0264573 0.0920427 9.99553E-05 9.99553E-05 9.99553E-05 9.99553E-05 0.0408894 0.649457 0.190654 9.99553E-05
0.222154 0.452204 0.103919 9.99462E-05 9.99462E-05 9.99462E-05 9.99462E-05 9.99462E-05 9.99462E-05 0.221123
9.99374E-05 9.99374E-05 9.99374E-05 9.99374E-05 0.00947589 9.99374E-05 9.99374E-05 9.99374E-05 0.768356 0.221469
9.99282E-05 0.996923 9.99282E-05 0.00227783 9.99282E-05 9.99282E-05 9.99282E-05 9.99282E-05 9.99282E-05 9.99282E-05
0.00595639 9.99642E-05 9.99642E-05 9.99642E-05 0.191392 0.0725094 0.123831 9.99642E-05 0.258257 0.347655
0.042812 0.0265385 9.99552E-05 9.99552E-05 9.99552E-05 9.99552E-05 0.108108 0.482552 0.33949 9.99552E-05
9.99372E-05 0.00217955 9.99372E-05 9.99372E-05 9.99372E-05 0.241407 9.99372E-05 9.99372E-05 0.755714 9.99372E-05
0.00756909 0.140635 9.9973E-05 0.145897 0.106303 0.219555 0.0979619 9.9973E-05 0.281778 9.9973E-05
0.116043 0.0293492 0.0315629 0.17644 9.9973E-05 9.9973E-05 9.9973E-05 0.177339 0.320665 0.148302
9.99551E-05 0.305582 9.99551E-05 0.118775 9.99551E-05 0.317303 9.99551E-05 0.119213 0.138628 9.99551E-05
9.99551E-05 0.141238 0.0806921 0.187913 9.99551E-05 9.99551E-05 9.99551E-05 0.231553 9.99551E-05 0.358104
0.0237224 9.99551E-05 9.99551E-05 9.99551E-05 0.0416528 9.99551E-05 9.99551E-05 0.290905 0.406099 0.237121
9.99462E-05 9.99462E-05 0.578885 9.99462E-05 9.99462E-05 0.0771084 9.99462E-05 0.186554 0.156853 9.99462E-05
0.258489 0.147455 9.99642E-05 9.99642E-05 0.00958114 9.99642E-05 0.0701666 0.274931 0.238977 9.99642E-05
9.99641E-05 9.99641E-05 0.00278015 0.04109 9.99641E-05 0.216606 0.167078 0.280195 0.291851 9.99641E-05
9.99553E-05 0.110082 0.212537 0.0571153 9.99553E-05 9.99553E-05 0.458844 9.99553E-05 9.99553E-05 0.160921
0.321701 9.99461E-05 9.99461E-05 0.359615 9.99461E-05 9.99461E-05 0.0935472 0.224538 9.99461E-05 9.99461E-05
9.99642E-05 0.27116 0.171871 0.053264 0.281036 9.99642E-05 9.99642E-05 0.087613 9.99642E-05 0.134656
9.99641E-05 0.0485346 0.363118 0.260117 9.99641E-05 9.99641E-05 0.0376776 0.21712 0.0730319 9.99641E-05
0.300603 9.99552E-05 9.99552E-05 0.0787759 9.99552E-05 0.226558 0.321523 0.0720401 9.99552E-05 9.99552E-05
9.9946E-05 9.9946E-05 0.0484667 9.9946E-05 9.9946E-05 9.9946E-05 9.9946E-05 0.441624 0.331653 0.177657
9.99641E-05 9.99641E-05 0.0432908 0.162221 0.0671613 0.0859167 0.262807 9.99641E-05 0.378203 9.99641E-05
0.273495 9.9973E-05 9.9973E-05 0.355065 0.1829 0.0263506 0.119265 0.0420588 0.000566216 9.9973E-05
9.99552E-05 9.99552E-05 9.99552E-05 0.0143646 0.204802 9.99552E-05 0.405706 0.113103 0.261525 9.99552E-05
0.519466 9.99372E-05 0.150538 9.99372E-05 9.99372E-05 9.99372E-05 9.99372E-05 0.329296 9.99372E-05 9.99372E-05
0.568895 9.99551E-05 0.149362 9.99551E-05 0.0574059 9.99551E-05 9.99551E-05 0.169599 0.0542383 9.99551E-05
0.211002 9.99372E-05 0.470371 9.99372E-05 9.99372E-05 9.99372E-05 9.99372E-05 9.99372E-05 0.317927 9.99372E-05
9.99642E-05 9.99642E-05 0.217914 0.319895 0.0833674 0.128738 0.239595 9.99642E-05 9.99642E-05 0.0100914
0.580429 0.076972 9.99372E-05 9.99372E-05 9.99372E-05 9.99372E-05 9.99372E-05 0.341899 9.99372E-05 9.99372E-05
9.99375E-05 9.99375E-05 9.99375E-05 9.99375E-05 0.182855 0.510305 9.99375E-05 0.306141 9.99375E-05 9.99375E-05
9.99374E-05 9.99374E-05 9.99374E-05 0.795805 9.99374E-05 9.99374E-05 0.0652082 0.138287 9.99374E-05 9.99374E-05
0.0547135 9.9991E-05 0.216499 0.0468869 0.0248858 0.112835 0.124938 0.166311 0.210126 0.0427056
9.99642E-05 0.0676702 0.0426458 9.99642E-05 0.0594783 0.482424 0.0619487 9.99642E-05 0.285433 9.99642E-05
0.0678335 0.468019 9.99642E-05 9.99642E-05 9.99642E-05 9.99642E-05 0.0621187 0.366752 0.00354602 0.0313315
9.9964E-05 9.9964E-05 0.0673573 0.119734 9.9964E-05 0.0753741 9.9964E-05 0.158741 0.396796 0.181597
9.99201E-05 9.99201E-05 9.99201E-05 9.99201E-05 9.99201E-05 9.99201E-05 0.999101 9.99201E-05 9.99201E-05 9.99201E-05
9.99463E-05 0.0238443 9.99463E-05 9.99463E-05 0.0158243 9.99463E-05 9.99463E-05 0.6339 0.325832 9.99463E-05
9.99463E-05 9.99463E-05 9.99463E-05 9.99463E-05 0.129157 9.99463E-05 0.00658608 0.466803 9.99463E-05 0.396853
0.256312 9.99731E-05 0.015709 0.053165 9.99731E-05 0.088657 0.367617 0.109144 9.99731E-05 0.109097
0.0478642 9.99643E-05 9.99643E-05 0.00349429 0.0538229 0.17783 0.132519 9.99643E-05 0.58407 9.99643E-05
9.99463E-05 9.99463E-05 9.99463E-05 9.99463E-05 9.99463E-05 0.110262 0.319386 0.00194254 0.567809 9.99463E-05
0.235779 9.9973E-05 0.258583 9.9973E-05 0.00372306 0.205343 9.9973E-05 0.151349 0.137363 0.00756009
9.99462E-05 9.99462E-05 9.99462E-05 9.99462E-05 9.99462E-05 0.400136 9.99462E-05 0.213482 0.297694 0.0880878
9.99644E-05 0.264265 0.038751 0.0721662 9.99644E-05 0.0356866 0.054044 0.534688 9.99644E-05 9.99644E-05
0.213648 9.99731E-05 0.383904 9.99731E-05 0.113143 0.0923982 0.0210191 0.0788543 9.99731E-05 0.0967333
9.99551E-05 0.0455068 9.99551E-05 0.295744 0.0999147 9.99551E-05 9.99551E-05 0.169782 9.99551E-05 0.388552
9.99554E-05 9.99554E-05 9.99554E-05 9.99554E-05 0.19249 0.0650416 0.3631 0.250031 0.128838 9.99554E-05
0.361706 9.99373E-05 9.99373E-05 9.99373E-05 9.99373E-05 9.99373E-05 9.99373E-05 0.25241 0.385185 9.99373E-05
9.99641E-05 0.0875603 0.0664189 0.500045 0.0128403 9.99641E-05 9.99641E-05 0.0714359 0.2613 9.99641E-05
9.99201E-05 9.99201E-05 9.99201E-05 9.99201E-05 9.99201E-05 9.99201E-05 0.999101 9.99201E-05 9.99201E-05 9.99201E-05
9.99462E-05 9.99462E-05 9.99462E-05 9.99462E-05 9.99462E-05 0.0815232 0.427603 0.000952524 0.489322 9.99462E-05
9.99462E-05 9.99462E-05 0.00562515 9.99462E-05 9.99462E-05 9.99462E-05 9.99462E-05 0.187842 0.785761 0.0201714
0.088327 9.99731E-05 0.0182214 0.0920972 9.99731E-05 0.128513 0.325414 0.0474895 9.99731E-05 0.299638
9.99287E-05 9.99287E-05 9.99287E-05 9.99287E-05 9.99287E-05 9.99287E-05 0.53916 9.99287E-05 0.46004 9.99287E-05
9.99551E-05 9.99551E-05 9.99551E-05 0.107908 9.99551E-05 0.167255 0.0264107 0.593479 0.104448 9.99551E-05
0.155435 9.99731E-05 0.0675443 9.99731E-05 0.0883924 0.289309 9.99731E-05 0.17998 0.114697 0.104342
0.710472 9.99462E-05 0.135152 9.99462E-05 0.0934522 9.99462E-05 9.99462E-05 9.99462E-05 0.0603249 9.99462E-05
9.99284E-05 9.99284E-05 0.217863 9.99284E-05 9.99284E-05 9.99284E-05 9.99284E-05 9.99284E-05 9.99284E-05 0.781338
9.9964E-05 9.9964E-05 9.9964E-05 0.162705 9.9964E-05 0.0449771 0.13484 0.438779 0.074397 0.143901
0.4942 0.0821736 9.99641E-05 0.188814 0.0232256 9.99641E-05 0.0536971 0.15749 9.99641E-05 9.99641E-05
0.145709 9.99641E-05 9.99641E-05 0.0296545 0.0192644 9.99641E-05 0.0681499 9.99641E-05 0.490208 0.246614
0.298904 9.99641E-05 9.99641E-05 0.20846 0.00917326 9.99641E-05 0.202867 9.99641E-05 0.0515058 0.22869
0.0704537 0.186504 9.99642E-05 9.99642E-05 9.99642E-05 0.0010792 0.0199672 0.687735 0.0338612 9.99642E-05
0.261624 0.0408385 9.99641E-05 0.0528036 9.99641E-05 0.120426 9.99641E-05 0.124484 0.399424 9.99641E-05
0.151645 9.99373E-05 9.99373E-05 9.99373E-05 9.99373E-05 9.99373E-05 9.99373E-05 9.99373E-05 0.31504 0.532615
0.194096 0.169468 9.99642E-05 0.293242 9.99642E-05 9.99642E-05 0.274325 9.99642E-05 0.00827296 0.0601969
9.99282E-05 9.99282E-05 0.0917373 9.99282E-05 0.907463 9.99282E-05 9.99282E-05 9.99282E-05 9.99282E-05 9.99282E-05
9.99463E-05 9.99463E-05 0.110565 0.246839 9.99463E-05 0.050526 9.99463E-05 0.59147 9.99463E-05 9.99463E-05
9.99552E-05 9.99552E-05 0.231833 9.99552E-05 0.0921799 0.0993666 0.212796 9.99552E-05 0.363325 9.99552E-05
9.99463E-05 9.99463E-05 0.288306 9.99463E-05 9.99463E-05 0.0194316 0.315915 0.375748 9.99463E-05 9.99463E-05
9.99552E-05 9.99552E-05 0.28196 9.99552E-05 0.141404 9.99552E-05 0.230919 0.24614 0.0990773 9.99552E-05
9.99461E-05 9.99461E-05 0.0901063 9.99461E-05 9.99461E-05 0.227589 9.99461E-05 0.52261 0.159095 9.99461E-05
9.99553E-05 0.0530571 9.99553E-05 9.99553E-05 0.0284533 9.99553E-05 9.99553E-05 0.174758 0.727972 0.0152602
9.99201E-05 9.99201E-05 9.99201E-05 9.99201E-05 0.999101 9.99201E-05 9.99201E-05 9.99201E-05 9.99201E-05 9.99201E-05
0.231445 9.99553E-05 9.99553E-05 9.99553E-05 9.99553E-05 9.99553E-05 0.249198 0.015035 0.353831 0.149992
9.99463E-05 9.99463E-05 9.99463E-05 0.171759 9.99463E-05 9.99463E-05 9.99463E-05 0.15959 0.526213 0.141837
9.99641E-05 0.196179 9.99641E-05 9.99641E-05 0.110362 0.181446 9.99641E-05 0.203476 0.167721 0.140417
9.99551E-05 0.00789708 9.99551E-05 0.324756 0.0248966 9.99551E-05 9.99551E-05 0.490149 9.99551E-05 0.151802
