0.1184 9.9964E-05 0.482242 9.9964E-05 9.9964E-05 0.0519011 9.9964E-05 0.152624 0.0278344 0.166598
0.0793338 0.116025 0.199787 9.9982E-05 9.9982E-05 0.126912 0.207155 0.0989904 0.0987542 0.0728438
9.99642E-05 0.270795 0.382109 9.99642E-05 9.99642E-05 0.00246685 9.99642E-05 0.0484861 0.207097 0.0886458
0.054014 0.695545 9.99552E-05 0.0581479 9.99552E-05 0.0263563 9.99552E-05 9.99552E-05 9.99552E-05 0.165437
9.9964E-05 0.174838 0.327799 9.9964E-05 0.272738 0.0146573 0.017402 9.9964E-05 9.9964E-05 0.192166
9.99641E-05 0.62772 0.0839294 0.0131526 0.119715 9.99641E-05 0.0650428 9.99641E-05 9.99641E-05 0.09004
0.0631275 0.175267 0.132971 9.9991E-05 0.380006 0.0328465 0.0415281 0.0500775 0.00561281 0.118465
0.261933 0.369878 0.343148 9.99552E-05 9.99552E-05 0.00917632 9.99552E-05 9.99552E-05 9.99552E-05 0.0153656
0.018483 9.99462E-05 9.99462E-05 9.99462E-05 0.186572 9.99462E-05 0.408992 0.385353 9.99462E-05 9.99462E-05
9.99462E-05 0.0631053 9.99462E-05 0.326684 9.99462E-05 0.0134248 9.99462E-05 9.99462E-05 0.596186 9.99462E-05
9.9946E-05 9.9946E-05 0.276093 0.265671 9.9946E-05 9.9946E-05 9.9946E-05 9.9946E-05 0.432536 0.0251015
0.370266 0.213305 9.99642E-05 9.99642E-05 9.99642E-05 0.143395 0.170665 0.060864 9.99642E-05 0.041105
0.333897 0.427461 9.99551E-05 9.99551E-05 0.0377095 9.99551E-05 0.113363 9.99551E-05 9.99551E-05 0.0870692
9.99463E-05 0.590514 9.99463E-05 9.99463E-05 9.99463E-05 0.0386577 9.99463E-05 9.99463E-05 0.261881 0.108347
0.0187647 0.0734759 9.99462E-05 9.99462E-05 0.0575643 9.99462E-05 0.849595 9.99462E-05 9.99462E-05 9.99462E-05
0.158012 9.99552E-05 0.295218 9.99552E-05 9.99552E-05 0.0833765 0.131076 9.99552E-05 9.99552E-05 0.331818
9.99731E-05 0.297406 0.0699828 9.99731E-05 0.0562291 9.99731E-05 0.217285 0.0194622 0.310662 0.0286724
9.99642E-05 0.309126 0.144451 0.107679 9.99642E-05 0.184559 9.99642E-05 0.0124073 0.241378 9.99642E-05
0.468494 0.19508 9.99551E-05 0.0574969 0.071356 9.99551E-05 0.207073 9.99551E-05 9.99551E-05 9.99551E-05
9.99461E-05 0.560525 9.99461E-05 0.110855 9.99461E-05 0.0921798 0.235841 9.99461E-05 9.99461E-05 9.99461E-05
9.99552E-05 9.99552E-05 9.99552E-05 0.297441 9.99552E-05 0.2771 9.99552E-05 0.287548 0.0143874 0.123024
0.404667 9.9964E-05 0.102371 0.0302289 0.187995 9.9964E-05 0.137225 9.9964E-05 9.9964E-05 0.137114
9.99463E-05 0.658457 9.99463E-05 9.99463E-05 9.99463E-05 9.99463E-05 0.00279354 0.21526 9.99463E-05 0.12289
9.99371E-05 0.148596 9.99371E-05 9.99371E-05 0.447934 9.99371E-05 9.99371E-05 9.99371E-05 9.99371E-05 0.402771
0.155717 9.99641E-05 0.163113 0.226064 9.99641E-05 0.0119819 9.99641E-05 9.99641E-05 0.0656265 0.377098
9.9964E-05 9.9964E-05 0.207757 0.0304073 9.9964E-05 0.0783038 0.235356 9.9964E-05 0.262588 0.185188
0.0536687 9.9964E-05 0.0906427 0.0835205 9.9964E-05 0.179452 9.9964E-05 0.0929722 0.499344 9.9964E-05
9.99462E-05 0.185761 0.339471 0.0375679 0.436601 9.99462E-05 9.99462E-05 9.99462E-05 9.99462E-05 9.99462E-05
0.187945 0.354271 0.152622 0.258613 9.99551E-05 9.99551E-05 9.99551E-05 9.99551E-05 0.0460496 9.99551E-05
9.99462E-05 9.99462E-05 9.99462E-05 0.0143594 9.99462E-05 9.99462E-05 0.0095943 9.99462E-05 0.158931 0.816516
9.99372E-05 9.99372E-05 0.29794 0.0259372 0.675424 9.99372E-05 9.99372E-05 9.99372E-05 9.99372E-05 9.99372E-05
0.321305 0.572279 9.99373E-05 9.99373E-05 9.99373E-05 9.99373E-05 9.99373E-05 9.99373E-05 0.105717 9.99373E-05
9.99642E-05 0.0745951 0.0571733 0.216897 9.99642E-05 9.99642E-05 9.99642E-05 0.324457 0.242437 0.0840417
0.369726 0.448027 0.0131374 9.99552E-05 9.99552E-05 9.99552E-05 9.99552E-05 9.99552E-05 0.0371884 0.131422
9.9955E-05 0.237953 0.342563 9.9955E-05 9.9955E-05 0.0552489 9.9955E-05 0.185983 9.9955E-05 0.177753
9.99373E-05 0.246518 9.99373E-05 9.99373E-05 9.99373E-05 0.157696 9.99373E-05 0.595086 9.99373E-05 9.99373E-05
9.99461E-05 0.0234268 0.375339 9.99461E-05 0.438057 0.162577 9.99461E-05 9.99461E-05 9.99461E-05 9.99461E-05
0.0530736 0.0757574 9.99551E-05 0.441617 9.99551E-05 9.99551E-05 9.99551E-05 0.291815 9.99551E-05 0.137237
0.396788 0.286581 0.0450851 0.060412 0.16876 0.00855951 9.9973E-05 9.9973E-05 9.9973E-05 0.0335147
0.2275 0.394421 0.293753 0.0837263 9.99462E-05 9.99462E-05 9.99462E-05 9.99462E-05 9.99462E-05 9.99462E-05
9.99552E-05 9.99552E-05 9.99552E-05 0.0227755 0.127101 9.99552E-05 0.0185915 9.99552E-05 0.673872 0.157161
0.081676 9.99552E-05 9.99552E-05 9.99552E-05 0.00408762 0.00171365 9.99552E-05 0.194892 0.717131 9.99552E-05
0.109008 0.414061 0.0397285 0.0975808 0.122976 0.000884758 9.9982E-05 9.9982E-05 0.125483 0.0900774
9.99731E-05 0.167689 0.384519 0.021126 9.99731E-05 0.115098 0.146327 0.162503 9.99731E-05 0.00243718
0.36756 0.4117 9.99641E-05 0.036389 9.99641E-05 0.0241516 9.99641E-05 9.99641E-05 0.0941851 0.0656142
0.268113 0.441179 0.0766075 0.00268323 9.99731E-05 0.0884486 0.0579233 0.064745 9.99731E-05 9.99731E-05
9.99373E-05 0.542279 9.99373E-05 9.99373E-05 9.99373E-05 9.99373E-05 9.99373E-05 9.99373E-05 0.446769 0.0102519
9.9955E-05 0.176024 9.9955E-05 0.0326909 9.9955E-05 0.0648067 9.9955E-05 0.352813 0.373166 9.9955E-05
0.0989755 0.103143 0.0914189 9.99554E-05 9.99554E-05 9.99554E-05 0.138452 9.99554E-05 0.567511 9.99554E-05
9.99371E-05 0.405354 0.482633 9.99371E-05 9.99371E-05 0.111313 9.99371E-05 9.99371E-05 9.99371E-05 9.99371E-05
9.9937E-05 0.205073 0.559019 9.9937E-05 9.9937E-05 9.9937E-05 9.9937E-05 9.9937E-05 9.9937E-05 0.235208
9.99552E-05 0.360878 9.99552E-05 0.30111 0.0414987 0.0346365 9.99552E-05 0.261377 9.99552E-05 9.99552E-05
9.9955E-05 9.9955E-05 0.190714 9.9955E-05 9.9955E-05 9.9955E-05 0.205268 0.159329 0.305843 0.138346
0.427091 0.159307 0.105199 0.153121 9.99552E-05 9.99552E-05 9.99552E-05 9.99552E-05 9.99552E-05 0.154782
9.99552E-05 0.296153 9.99552E-05 0.109414 0.270446 0.0659633 0.257525 9.99552E-05 9.99552E-05 9.99552E-05
9.99641E-05 9.99641E-05 0.0841615 0.0288859 0.383117 0.0437962 0.318551 9.99641E-05 0.141089 9.99641E-05
9.9973E-05 0.211789 0.0909895 9.9973E-05 0.120402 0.021794 0.101555 9.9973E-05 0.174204 0.278966
0.123849 0.19678 9.99642E-05 9.99642E-05 0.550553 9.99642E-05 9.99642E-05 0.0978504 0.00927702 0.0212911
0.283275 0.112011 0.189969 0.0569687 0.0305893 0.0558396 9.9982E-05 0.0319446 0.239202 9.9982E-05
9.9955E-05 0.14323 0.145604 0.0937751 9.9955E-05 0.183404 9.9955E-05 0.433487 9.9955E-05 9.9955E-05
9.99731E-05 0.0626885 0.609664 0.059315 0.0586258 9.99731E-05 9.99731E-05 0.0562612 0.144181 0.00896405
0.0349818 9.9973E-05 0.0973763 9.9973E-05 9.9973E-05 0.115551 0.0569238 0.062924 0.562057 0.0698859
0.194738 0.037009 0.0627967 9.9964E-05 0.104073 9.9964E-05 9.9964E-05 0.190742 0.410241 9.9964E-05
9.99552E-05 0.0422511 9.99552E-05 9.99552E-05 9.99552E-05 0.145895 0.103879 9.99552E-05 0.0266625 0.680812
0.0475892 0.17293 0.43234 9.99642E-05 0.0679713 9.99642E-05 9.99642E-05 9.99642E-05 0.21592 0.0628497
0.144934 9.99462E-05 9.99462E-05 9.99462E-05 9.99462E-05 9.99462E-05 0.207373 9.99462E-05 0.53921 0.107883
9.99461E-05 0.470068 0.17107 9.99461E-05 9.99461E-05 9.99461E-05 9.99461E-05 0.174113 9.99461E-05 0.18415
0.627776 0.0182435 0.0525627 9.99731E-05 0.0630265 0.159945 0.000164195 0.0779828 9.99731E-05 9.99731E-05
0.560625 0.0739393 0.170695 9.99551E-05 9.99551E-05 9.99551E-05 0.0700871 0.124154 9.99551E-05 9.99551E-05
0.107131 9.99731E-05 0.0809545 0.109503 0.0278109 9.99731E-05 9.99731E-05 0.220089 0.398738 0.0554739
0.00870826 0.703157 9.99552E-05 9.99552E-05 0.190329 9.99552E-05 0.0505326 9.99552E-05 0.0467735 9.99552E-05
0.457962 9.99372E-05 9.99372E-05 9.99372E-05 9.99372E-05 9.99372E-05 9.99372E-05 9.99372E-05 0.50653 0.0348085
9.99374E-05 0.528032 9.99374E-05 9.99374E-05 0.370497 0.100772 9.99374E-05 9.99374E-05 9.99374E-05 9.99374E-05
0.490259 0.0685797 0.271578 9.99642E-05 9.99642E-05 0.00681287 0.0425898 9.99642E-05 0.119781 9.99642E-05
9.99554E-05 0.373875 0.283243 9.99554E-05 0.1886 9.99554E-05 9.99554E-05 9.99554E-05 0.0501107 0.103672
0.262469 0.0378659 0.0882693 9.99552E-05 0.101997 9.99552E-05 9.99552E-05 9.99552E-05 0.5089 9.99552E-05
9.99201E-05 9.99201E-05 9.99201E-05 9.99201E-05 9.99201E-05 9.99201E-05 0.999101 9.99201E-05 9.99201E-05 9.99201E-05
9.99551E-05 0.0909817 9.99551E-05 0.211796 0.186352 0.0381096 9.99551E-05 9.99551E-05 0.472261 9.99551E-05
0.0260666 0.21008 0.258622 0.0887559 0.0871732 9.9982E-05 0.0377624 9.9982E-05 0.236717 0.0546228
9.99641E-05 0.523164 0.173498 0.0380906 0.0839611 0.0200966 0.16079 9.99641E-05 9.99641E-05 9.99641E-05
9.99374E-05 0.438044 0.341664 9.99374E-05 9.99374E-05 0.219593 9.99374E-05 9.99374E-05 9.99374E-05 9.99374E-05
0.0573986 0.152544 0.155503 0.0857084 9.9991E-05 0.000603708 0.0856426 0.306661 0.0650249 0.0908138
0.02072 0.106472 0.133652 9.99552E-05 0.372321 9.99552E-05 9.99552E-05 0.366335 9.99552E-05 9.99552E-05
0.121187 0.179073 9.99731E-05 0.0828918 9.99731E-05 9.99731E-05 0.318252 0.0984259 0.0437207 0.15615
9.99373E-05 0.554721 9.99373E-05 9.99373E-05 9.99373E-05 9.99373E-05 9.99373E-05 9.99373E-05 0.40885 0.0357297
0.0321469 0.543145 9.99551E-05 9.99551E-05 9.99551E-05 0.0758856 0.209263 9.99551E-05 0.13906 9.99551E-05
0.0160716 0.310821 9.99552E-05 9.99552E-05 0.0695476 0.10273 9.99552E-05 0.50033 9.99552E-05 9.99552E-05
0.152292 0.213478 9.99463E-05 9.99463E-05 9.99463E-05 9.99463E-05 9.99463E-05 9.99463E-05 0.00337483 0.630255
0.265986 9.99553E-05 0.376203 0.2415 9.99553E-05 9.99553E-05 0.089717 9.99553E-05 9.99553E-05 0.0260938
0.338181 9.99641E-05 9.99641E-05 0.19323 9.99641E-05 9.99641E-05 0.121737 0.165147 0.096216 0.0850891
9.99284E-05 9.99284E-05 0.252442 9.99284E-05 9.99284E-05 9.99284E-05 9.99284E-05 9.99284E-05 9.99284E-05 0.746759
9.99731E-05 0.275329 9.99731E-05 0.032665 0.183087 0.181449 0.0413689 9.99731E-05 0.17042 0.115382
0.221921 0.0630837 9.99642E-05 9.99642E-05 9.99642E-05 0.0961332 9.99642E-05 0.15231 0.280467 0.185686
9.99641E-05 0.112136 0.136104 0.205024 0.0926551 9.99641E-05 0.0678175 0.385864 9.99641E-05 9.99641E-05
0.438843 9.9964E-05 9.9964E-05 9.9964E-05 0.0150805 0.0927162 9.9964E-05 0.321758 0.0232839 0.107919
0.0493573 0.724593 9.99551E-05 0.00955833 9.99551E-05 0.000194521 9.99551E-05 0.215797 9.99551E-05 9.99551E-05
9.9973E-05 0.149806 9.9973E-05 0.0668677 0.174187 9.9973E-05 0.119527 0.171984 0.139762 0.177566
9.99461E-05 0.258407 9.99461E-05 9.99461E-05 9.99461E-05 9.99461E-05 0.282143 0.329716 0.129134 9.99461E-05
0.231536 0.124768 0.200847 9.99551E-05 9.99551E-05 0.0137192 9.99551E-05 9.99551E-05 9.99551E-05 0.428631
9.9973E-05 0.287334 9.9973E-05 0.0569565 0.147926 0.0481466 0.0598415 9.9973E-05 0.12541 0.274086
9.99371E-05 9.99371E-05 9.99371E-05 9.99371E-05 0.797447 9.99371E-05 9.99371E-05 0.123093 9.99371E-05 0.0787605
9.99463E-05 9.99463E-05 9.99463E-05 0.0946447 0.0179815 0.0956765 9.99463E-05 9.99463E-05 9.99463E-05 0.791098
9.99553E-05 9.99553E-05 9.99553E-05 0.37296 0.189467 9.99553E-05 0.0775037 0.313852 9.99553E-05 0.0457173
9.99371E-05 9.99371E-05 9.99371E-05 0.879094 9.99371E-05 9.99371E-05 9.99371E-05 0.0947419 9.99371E-05 0.0254646
0.168688 0.718487 0.0951745 9.99462E-05 9.99462E-05 9.99462E-05 0.0170507 9.99462E-05 9.99462E-05 9.99462E-05
0.558558 0.00748943 0.0196104 9.9973E-05 9.9973E-05 9.9973E-05 0.0235701 0.185899 0.0525845 0.151989
9.99373E-05 0.599812 9.99373E-05 9.99373E-05 0.0707609 9.99373E-05 9.99373E-05 9.99373E-05 0.328728 9.99373E-05
9.99462E-05 0.33115 0.36626 0.0564177 0.245573 9.99462E-05 9.99462E-05 9.99462E-05 9.99462E-05 9.99462E-05
0.432981 9.99372E-05 0.428138 9.99372E-05 9.99372E-05 9.99372E-05 9.99372E-05 0.138181 9.99372E-05 9.99372E-05
0.281509 9.99463E-05 9.99463E-05 0.540428 9.99463E-05 0.0694028 9.99463E-05 9.99463E-05 9.99463E-05 0.108061
9.99462E-05 9.99462E-05 9.99462E-05 9.99462E-05 0.165494 0.0222013 9.99462E-05 0.452197 9.99462E-05 0.359508
9.99641E-05 0.0972395 0.28387 9.99641E-05 9.99641E-05 0.162592 0.351168 0.0518283 9.99641E-05 0.0529019
0.112866 0.0480029 0.159005 9.99553E-05 9.99553E-05 9.99553E-05 9.99553E-05 0.00210113 9.99553E-05 0.677525
0.0983659 0.209827 0.495418 0.0665381 9.99641E-05 0.0774255 0.0520262 9.99641E-05 9.99641E-05 9.99641E-05
9.99282E-05 9.99282E-05 9.99282E-05 9.99282E-05 9.99282E-05 9.99282E-05 9.99282E-05 0.0132099 9.99282E-05 0.985991
0.154001 0.0364863 0.0218171 0.186206 0.00682766 9.99821E-05 0.0506579 0.328434 0.21537 9.99821E-05
9.99461E-05 0.393781 0.0298765 9.99461E-05 9.99461E-05 9.99461E-05 0.431617 9.99461E-05 0.144126 9.99461E-05
0.441404 0.267329 0.0123473 9.99731E-05 0.00279722 9.99731E-05 0.00642503 9.99731E-05 0.152602 0.116796
0.0239379 9.9973E-05 0.261962 0.202988 0.0471034 0.136652 0.182975 9.9973E-05 9.9973E-05 0.144082
9.99551E-05 0.674742 0.0521864 0.0499219 9.99551E-05 9.99551E-05 0.193979 9.99551E-05 9.99551E-05 0.0286711
0.0972226 0.0826522 9.99731E-05 0.0764045 0.10536 0.090485 0.201444 9.99731E-05 9.99731E-05 0.346132
9.99464E-05 0.742792 9.99464E-05 9.99464E-05 0.0018393 9.99464E-05 9.99464E-05 0.00492718 9.99464E-05 0.249841
9.99462E-05 0.525801 0.15202 9.99462E-05 9.99462E-05 9.99462E-05 0.207177 0.114402 9.99462E-05 9.99462E-05
9.99463E-05 0.446255 0.0244393 9.99463E-05 9.99463E-05 9.99463E-05 9.99463E-05 0.383994 0.144712 9.99463E-05
9.99551E-05 0.127855 0.0853678 9.99551E-05 9.99551E-05 9.99551E-05 0.246134 0.505784 0.0343595 9.99551E-05
0.3182 0.0526481 0.077126 9.9973E-05 0.0409415 9.9973E-05 9.9973E-05 0.368092 0.102967 0.0397251
9.99374E-05 9.99374E-05 9.99374E-05 9.99374E-05 9.99374E-05 9.99374E-05 9.99374E-05 0.322658 0.50048 0.176163
0.252195 9.99641E-05 0.399158 0.0192866 0.186005 0.133291 9.99641E-05 9.99641E-05 9.99641E-05 0.0096654
9.99554E-05 0.381611 0.00674735 0.361423 9.99554E-05 9.99554E-05 9.99554E-05 9.99554E-05 0.0721705 0.177548
0.133561 0.245479 0.200949 0.0879871 9.997E-05 0.0571772 9.997E-05 0.181288 9.997E-05 0.0932587
9.99462E-05 9.99462E-05 9.99462E-05 9.99462E-05 0.026406 9.99462E-05 0.232124 0.650784 0.0900864 9.99462E-05
9.9973E-05 0.458278 0.142308 0.0542264 9.9973E-05 0.0535662 9.9973E-05 0.11796 0.145221 0.0281405
0.193764 0.0402014 0.132443 9.99641E-05 0.0300782 9.99641E-05 9.99641E-05 0.323498 0.279615 9.99641E-05
0.439738 0.163959 9.99461E-05 0.38301 0.0126939 9.99461E-05 9.99461E-05 9.99461E-05 9.99461E-05 9.99461E-05
0.138337 0.116439 9.996E-05 0.223036 9.996E-05 0.00702502 0.0564852 9.996E-05 0.458277 9.996E-05
0.0854455 0.303505 0.45805 9.99553E-05 9.99553E-05 9.99553E-05 0.0224095 0.130091 9.99553E-05 9.99553E-05
9.99373E-05 9.99373E-05 0.69674 0.0773154 9.99373E-05 9.99373E-05 9.99373E-05 9.99373E-05 0.225245 9.99373E-05
0.0449044 0.0486129 0.881717 0.0241664 9.99464E-05 9.99464E-05 9.99464E-05 9.99464E-05 9.99464E-05 9.99464E-05
0.520614 9.99375E-05 9.99375E-05 9.99375E-05 9.99375E-05 0.0433848 9.99375E-05 0.435302 9.99375E-05 9.99375E-05
9.99371E-05 0.240079 0.282271 9.99371E-05 9.99371E-05 9.99371E-05 0.47695 9.99371E-05 9.99371E-05 9.99371E-05
9.99552E-05 0.230223 0.200007 0.174283 0.307281 9.99552E-05 9.99552E-05 9.99552E-05 0.0877061 9.99552E-05
0.11194 0.00304107 9.99641E-05 0.238991 9.99641E-05 0.035422 9.99641E-05 0.567085 9.99641E-05 0.0431207
0.0742011 0.103071 0.000603793 9.9991E-05 0.122819 0.0476658 0.122551 0.410442 0.0911072 0.0274389
9.99463E-05 9.99463E-05 0.106954 0.202572 9.99463E-05 9.99463E-05 9.99463E-05 0.50706 0.182814 9.99463E-05
0.14431 0.139106 9.99731E-05 0.0852953 0.0265177 0.0296828 0.0857351 9.99731E-05 9.99731E-05 0.489053
0.307304 0.327169 0.0465749 0.0289438 0.0188317 9.9982E-05 0.143403 0.00148155 9.9982E-05 0.126092
9.99201E-05 9.99201E-05 9.99201E-05 9.99201E-05 9.99201E-05 0.999101 9.99201E-05 9.99201E-05 9.99201E-05 9.99201E-05
9.99552E-05 0.712038 0.0204779 0.0317163 9.99552E-05 9.99552E-05 9.99552E-05 9.99552E-05 0.108507 0.126761
0.049889 0.42531 9.99642E-05 9.99642E-05 0.074306 0.0940144 9.99642E-05 0.068972 9.99642E-05 0.287109
0.189798 9.99641E-05 0.100644 0.0606081 0.433156 0.195331 0.0200636 9.99641E-05 9.99641E-05 9.99641E-05
0.758284 0.0564866 9.99553E-05 0.114594 0.0291195 0.0410161 9.99553E-05 9.99553E-05 9.99553E-05 9.99553E-05
9.99461E-05 0.267552 9.99461E-05 9.99461E-05 9.99461E-05 9.99461E-05 0.323486 0.143009 0.265353 9.99461E-05
0.198447 0.171931 0.331672 9.9955E-05 0.237009 9.9955E-05 9.9955E-05 9.9955E-05 0.0604409 9.9955E-05
0.0327012 0.133567 0.318758 9.99731E-05 0.134855 0.0531947 9.99731E-05 0.176196 9.99731E-05 0.150428
9.99642E-05 0.0820002 0.00499948 9.99642E-05 0.247623 0.0900487 9.99642E-05 9.99642E-05 0.210372 0.364557
9.99553E-05 0.571407 0.0318763 0.128248 0.000679864 9.99553E-05 9.99553E-05 9.99553E-05 0.267289 9.99553E-05
9.99463E-05 0.673535 9.99463E-05 0.164559 0.00900462 9.99463E-05 9.99463E-05 0.152301 9.99463E-05 9.99463E-05
9.99464E-05 9.99464E-05 0.447084 0.0679445 9.99464E-05 0.109563 9.99464E-05 9.99464E-05 0.374809 9.99464E-05
9.99282E-05 9.99282E-05 0.77168 9.99282E-05 9.99282E-05 9.99282E-05 0.227521 9.99282E-05 9.99282E-05 9.99282E-05
0.260218 0.208201 0.0350863 9.9964E-05 9.9964E-05 9.9964E-05 9.9964E-05 0.219663 0.103003 0.173429
9.99201E-05 9.99201E-05 9.99201E-05 9.99201E-05 9.99201E-05 0.999101 9.99201E-05 9.99201E-05 9.99201E-05 9.99201E-05
0.600485 0.15219 9.99462E-05 9.99462E-05 9.99462E-05 0.188509 9.99462E-05 0.0582152 9.99462E-05 9.99462E-05
0.131931 0.671848 9.99463E-05 9.99463E-05 0.00457097 9.99463E-05 9.99463E-05 0.19105 9.99463E-05 9.99463E-05
9.99462E-05 9.99462E-05 9.99462E-05 9.99462E-05 0.0940795 0.0326534 0.413119 9.99462E-05 0.459548 9.99462E-05
0.294382 9.99464E-05 9.99464E-05 9.99464E-05 9.99464E-05 0.0683912 0.201697 9.99464E-05 0.43493 9.99464E-05
0.0286013 0.447764 9.99641E-05 9.99641E-05 9.99641E-05 9.99641E-05 0.221634 0.101467 0.0598865 0.140247
9.99462E-05 9.99462E-05 0.64726 9.99462E-05 0.116751 9.99462E-05 9.99462E-05 0.159838 0.0755518 9.99462E-05
0.479217 9.99463E-05 0.371585 0.0539978 0.0945999 9.99463E-05 9.99463E-05 9.99463E-05 9.99463E-05 9.99463E-05
9.99284E-05 0.467662 9.99284E-05 9.99284E-05 0.531538 9.99284E-05 9.99284E-05 9.99284E-05 9.99284E-05 9.99284E-05
0.278518 0.324369 0.0691013 0.0635131 9.9973E-05 0.0193582 9.9973E-05 0.130125 9.9973E-05 0.114715
0.349298 9.99462E-05 0.39717 9.99462E-05 9.99462E-05 9.99462E-05 9.99462E-05 0.0844757 9.99462E-05 0.168457
0.213859 0.143683 0.422287 9.99551E-05 9.99551E-05 0.0106682 9.99551E-05 0.209004 9.99551E-05 9.99551E-05
0.220244 0.328868 9.99641E-05 0.0673593 0.139134 9.99641E-05 0.0425475 0.201448 9.99641E-05 9.99641E-05
9.99642E-05 0.28801 0.401433 9.99642E-05 9.99642E-05 0.0162802 9.99642E-05 0.0224022 0.102323 0.169152
0.0820554 9.995E-05 0.593493 9.995E-05 9.995E-05 9.995E-05 0.0713538 0.098115 9.995E-05 0.154483
0.241594 0.08264 0.437941 9.99464E-05 9.99464E-05 9.99464E-05 0.237225 9.99464E-05 9.99464E-05 9.99464E-05
0.491723 9.99374E-05 9.99374E-05 9.99374E-05 9.99374E-05 0.0992762 9.99374E-05 9.99374E-05 9.99374E-05 0.408301
9.99373E-05 9.99373E-05 9.99373E-05 0.830816 0.0598565 0.108628 9.99373E-05 9.99373E-05 9.99373E-05 9.99373E-05
0.13174 9.99731E-05 0.192933 0.0417278 9.99731E-05 0.00602095 9.99731E-05 0.377322 0.235753 0.0142034
9.99552E-05 0.322885 9.99552E-05 0.0252813 0.0585629 9.99552E-05 0.154398 9.99552E-05 0.438374 9.99552E-05
0.0420797 0.26141 9.99552E-05 9.99552E-05 9.99552E-05 0.211682 9.99552E-05 0.133944 0.350385 9.99552E-05
0.437537 0.149523 9.99641E-05 0.0564352 9.99641E-05 0.0156564 0.0131371 9.99641E-05 0.327311 9.99641E-05
0.107944 0.211781 0.112618 9.9991E-05 0.0342455 0.0480609 0.130474 0.0267799 0.180233 0.147763
0.126279 0.439902 0.314194 9.99732E-05 0.0369373 0.0165667 0.0129629 9.99732E-05 9.99732E-05 0.0528583
9.9928E-05 9.9928E-05 9.9928E-05 0.996997 9.9928E-05 9.9928E-05 0.00220406 9.9928E-05 9.9928E-05 9.9928E-05
0.227627 0.00453355 9.99552E-05 9.99552E-05 9.99552E-05 0.212468 0.478893 0.0759782 9.99552E-05 9.99552E-05
0.0479066 0.832507 9.99463E-05 9.99463E-05 9.99463E-05 0.00952753 9.99463E-05 0.109459 9.99463E-05 9.99463E-05
9.99551E-05 0.177361 0.242662 0.107053 0.316813 9.99551E-05 9.99551E-05 9.99551E-05 9.99551E-05 0.155612
9.99641E-05 0.647898 0.0100264 0.0507562 0.0276011 9.99641E-05 9.99641E-05 0.133782 9.99641E-05 0.129536
